{
  "metadata": {
    "armature_name": "KIM_caucasian_male",
    "export_time": "PREDICTED",
    "blender_version": "4.x",
    "bone_count": 46,
    "end_bone_count": 0,
    "spaces_included": [
      "LOCAL_CHANNELS"
    ],
    "note": "Predicted pose. Contains local.matrix_basis for Blender import (Use Matrix Basis).",
    "source_file": "pose_0001_seed1000_open_hand_20260113_202427.json",
    "frame_index": 0
  },
  "bones": {
    "Root": {
      "name": "Root",
      "local": {
        "location": {
          "x": 0.0,
          "y": 0.0,
          "z": 0.0
        },
        "rotation_quaternion": {
          "w": 1.0,
          "x": 0.0,
          "y": 0.0,
          "z": 0.0
        },
        "scale": {
          "x": 1.0,
          "y": 1.0,
          "z": 1.0
        },
        "matrix_basis": [
          [
            1.0,
            0.0,
            0.0,
            0.0
          ],
          [
            0.0,
            1.0,
            0.0,
            0.0
          ],
          [
            0.0,
            0.0,
            1.0,
            0.0
          ],
          [
            0.0,
            0.0,
            0.0,
            1.0
          ]
        ],
        "rotation_mode": "QUATERNION"
      }
    },
    "head": {
      "name": "head",
      "local": {
        "location": {
          "x": 0.0,
          "y": 0.0,
          "z": 0.0
        },
        "rotation_quaternion": {
          "w": 0.9997754096984863,
          "x": -0.020641695708036423,
          "y": 0.004488630685955286,
          "z": -0.001700367545709014
        },
        "scale": {
          "x": 1.0,
          "y": 1.0,
          "z": 1.0
        },
        "matrix_basis": [
          [
            0.9999539256095886,
            0.0032146654557436705,
            0.009045442566275597,
            0.0
          ],
          [
            -0.003585277358070016,
            0.999142050743103,
            0.041258856654167175,
            0.0
          ],
          [
            -0.008905048482120037,
            -0.04128938540816307,
            0.9991075396537781,
            0.0
          ],
          [
            0.0,
            0.0,
            0.0,
            1.0
          ]
        ],
        "rotation_mode": "QUATERNION"
      }
    },
    "upperarm_l": {
      "name": "upperarm_l",
      "local": {
        "location": {
          "x": 0.0,
          "y": 0.0,
          "z": 0.0
        },
        "rotation_quaternion": {
          "w": 0.9679161310195923,
          "x": -0.10074381530284882,
          "y": 0.09226097911596298,
          "z": -0.21089565753936768
        },
        "scale": {
          "x": 1.0,
          "y": 1.0,
          "z": 1.0
        },
        "matrix_basis": [
          [
            0.8940218687057495,
            0.38966915011405945,
            0.22109463810920715,
            0.0
          ],
          [
            -0.42684805393218994,
            0.8907474279403687,
            0.15610824525356293,
            0.0
          ],
          [
            -0.1361089050769806,
            -0.23393800854682922,
            0.9626771807670593,
            0.0
          ],
          [
            0.0,
            0.0,
            0.0,
            1.0
          ]
        ],
        "rotation_mode": "QUATERNION"
      }
    },
    "lowerarm_l": {
      "name": "lowerarm_l",
      "local": {
        "location": {
          "x": 0.0,
          "y": 0.0,
          "z": 0.0
        },
        "rotation_quaternion": {
          "w": 0.8622931838035583,
          "x": 0.5036712884902954,
          "y": 0.02054131217300892,
          "z": -0.04841239005327225
        },
        "scale": {
          "x": 1.0,
          "y": 1.0,
          "z": 1.0
        },
        "matrix_basis": [
          [
            0.9944685697555542,
            0.10418348759412766,
            -0.013342594727873802,
            0.0
          ],
          [
            -0.06279920786619186,
            0.48794296383857727,
            -0.8706135153770447,
            0.0
          ],
          [
            -0.08419312536716461,
            0.8666357398033142,
            0.49178656935691833,
            0.0
          ],
          [
            0.0,
            0.0,
            0.0,
            1.0
          ]
        ],
        "rotation_mode": "QUATERNION"
      }
    },
    "upperarm_r": {
      "name": "upperarm_r",
      "local": {
        "location": {
          "x": 0.0,
          "y": 0.0,
          "z": 0.0
        },
        "rotation_quaternion": {
          "w": 0.9709516167640686,
          "x": -0.08049733936786652,
          "y": 0.15202035009860992,
          "z": 0.16632191836833954
        },
        "scale": {
          "x": 1.0,
          "y": 1.0,
          "z": 1.0
        },
        "matrix_basis": [
          [
            0.8984536528587341,
            -0.34745553135871887,
            0.2684318721294403,
            0.0
          ],
          [
            0.29850658774375916,
            0.9317144155502319,
            0.2068866640329361,
            0.0
          ],
          [
            -0.32198575139045715,
            -0.10574940592050552,
            0.9408199787139893,
            0.0
          ],
          [
            0.0,
            0.0,
            0.0,
            1.0
          ]
        ],
        "rotation_mode": "QUATERNION"
      }
    },
    "lowerarm_r": {
      "name": "lowerarm_r",
      "local": {
        "location": {
          "x": 0.0,
          "y": 0.0,
          "z": 0.0
        },
        "rotation_quaternion": {
          "w": 0.8680385947227478,
          "x": 0.47293904423713684,
          "y": -0.05097063258290291,
          "z": 0.1422661393880844
        },
        "scale": {
          "x": 1.0,
          "y": 1.0,
          "z": 1.0
        },
        "matrix_basis": [
          [
            0.9543246626853943,
            -0.2951970100402832,
            0.04607747122645378,
            0.0
          ],
          [
            0.19877299666404724,
            0.5121780037879944,
            -0.8355614542961121,
            0.0
          ],
          [
            0.2230553776025772,
            0.8065558671951294,
            0.5474613308906555,
            0.0
          ],
          [
            0.0,
            0.0,
            0.0,
            1.0
          ]
        ],
        "rotation_mode": "QUATERNION"
      }
    },
    "metacarpal_thumb_l": {
      "name": "metacarpal_thumb_l",
      "local": {
        "location": {
          "x": 0.0,
          "y": 0.0,
          "z": 0.0
        },
        "rotation_quaternion": {
          "w": 0.9997913837432861,
          "x": -0.018579848110675812,
          "y": 0.0038873914163559675,
          "z": 0.0075374143198132515
        },
        "scale": {
          "x": 1.0,
          "y": 1.0,
          "z": 1.0
        },
        "matrix_basis": [
          [
            0.999856173992157,
            -0.015216139145195484,
            0.007493073120713234,
            0.0
          ],
          [
            0.014927229844033718,
            0.99919593334198,
            0.03721054643392563,
            0.0
          ],
          [
            -0.008053249679505825,
            -0.03709334507584572,
            0.9992793798446655,
            0.0
          ],
          [
            0.0,
            0.0,
            0.0,
            1.0
          ]
        ],
        "rotation_mode": "QUATERNION"
      }
    },
    "thumb_01_l": {
      "name": "thumb_01_l",
      "local": {
        "location": {
          "x": 0.0,
          "y": 0.0,
          "z": 0.0
        },
        "rotation_quaternion": {
          "w": 0.998515248298645,
          "x": -0.05429140478372574,
          "y": 0.002225433010607958,
          "z": 0.0038389251567423344
        },
        "scale": {
          "x": 1.0,
          "y": 1.0,
          "z": 1.0
        },
        "matrix_basis": [
          [
            0.9999606013298035,
            -0.007908094674348831,
            0.004027416463941336,
            0.0
          ],
          [
            0.007424807175993919,
            0.9940754175186157,
            0.10843868553638458,
            0.0
          ],
          [
            -0.004861099179834127,
            -0.10840450972318649,
            0.994094967842102,
            0.0
          ],
          [
            0.0,
            0.0,
            0.0,
            1.0
          ]
        ],
        "rotation_mode": "QUATERNION"
      }
    },
    "thumb_02_l": {
      "name": "thumb_02_l",
      "local": {
        "location": {
          "x": 0.0,
          "y": 0.0,
          "z": 0.0
        },
        "rotation_quaternion": {
          "w": 0.9952291250228882,
          "x": 0.09752891212701797,
          "y": 0.0013406594516709447,
          "z": 0.0023079209495335817
        },
        "scale": {
          "x": 1.0,
          "y": 1.0,
          "z": 1.0
        },
        "matrix_basis": [
          [
            0.9999857544898987,
            -0.004332314245402813,
            0.0031187045387923717,
            0.0
          ],
          [
            0.004855326376855373,
            0.9809655547142029,
            -0.19412103295326233,
            0.0
          ],
          [
            -0.0022183486726135015,
            0.19413341581821442,
            0.9809726476669312,
            0.0
          ],
          [
            0.0,
            0.0,
            0.0,
            1.0
          ]
        ],
        "rotation_mode": "QUATERNION"
      }
    },
    "thumb_03_l": {
      "name": "thumb_03_l",
      "local": {
        "location": {
          "x": 0.0,
          "y": 0.0,
          "z": 0.0
        },
        "rotation_quaternion": {
          "w": 0.9982520341873169,
          "x": 0.059009503573179245,
          "y": 0.0014989743940532207,
          "z": 0.002906068228185177
        },
        "scale": {
          "x": 1.0,
          "y": 1.0,
          "z": 1.0
        },
        "matrix_basis": [
          [
            0.9999786019325256,
            -0.005625070072710514,
            0.0033356798812747,
            0.0
          ],
          [
            0.005978885106742382,
            0.9930188655853271,
            -0.11780400574207306,
            0.0
          ],
          [
            -0.002649737289175391,
            0.11782143265008926,
            0.9930312633514404,
            0.0
          ],
          [
            0.0,
            0.0,
            0.0,
            1.0
          ]
        ],
        "rotation_mode": "QUATERNION"
      }
    },
    "metacarpal_index_l": {
      "name": "metacarpal_index_l",
      "local": {
        "location": {
          "x": 0.0,
          "y": 0.0,
          "z": 0.0
        },
        "rotation_quaternion": {
          "w": 0.9995732307434082,
          "x": -0.02847297303378582,
          "y": 0.0038808092940598726,
          "z": 0.005247246008366346
        },
        "scale": {
          "x": 1.0,
          "y": 1.0,
          "z": 1.0
        },
        "matrix_basis": [
          [
            0.999914824962616,
            -0.010711010545492172,
            0.007459497079253197,
            0.0
          ],
          [
            0.01026901789009571,
            0.9983235001564026,
            0.05696237459778786,
            0.0
          ],
          [
            -0.008057115599513054,
            -0.05688091740012169,
            0.9983484745025635,
            0.0
          ],
          [
            0.0,
            0.0,
            0.0,
            1.0
          ]
        ],
        "rotation_mode": "QUATERNION"
      }
    },
    "index_01_l": {
      "name": "index_01_l",
      "local": {
        "location": {
          "x": 0.0,
          "y": 0.0,
          "z": 0.0
        },
        "rotation_quaternion": {
          "w": 0.9944871664047241,
          "x": -0.10485290735960007,
          "y": -0.0010143779218196869,
          "z": -0.00038516364293172956
        },
        "scale": {
          "x": 1.0,
          "y": 1.0,
          "z": 1.0
        },
        "matrix_basis": [
          [
            0.999997615814209,
            0.0009788015158846974,
            -0.0019368005450814962,
            0.0
          ],
          [
            -0.0005533596267923713,
            0.978011429309845,
            0.20855051279067993,
            0.0
          ],
          [
            0.0020983426366001368,
            -0.20854894816875458,
            0.9780097007751465,
            0.0
          ],
          [
            0.0,
            0.0,
            0.0,
            1.0
          ]
        ],
        "rotation_mode": "QUATERNION"
      }
    },
    "index_02_l": {
      "name": "index_02_l",
      "local": {
        "location": {
          "x": 0.0,
          "y": 0.0,
          "z": 0.0
        },
        "rotation_quaternion": {
          "w": 0.9984450340270996,
          "x": 0.05573124811053276,
          "y": -0.0010027415119111538,
          "z": 0.0007131395977921784
        },
        "scale": {
          "x": 1.0,
          "y": 1.0,
          "z": 1.0
        },
        "matrix_basis": [
          [
            0.9999969601631165,
            -0.0015358295058831573,
            -0.0019228763412684202,
            0.0
          ],
          [
            0.0013122933451086283,
            0.9937870502471924,
            -0.11129061132669449,
            0.0
          ],
          [
            0.0020818528719246387,
            0.11128775030374527,
            0.9937860369682312,
            0.0
          ],
          [
            0.0,
            0.0,
            0.0,
            1.0
          ]
        ],
        "rotation_mode": "QUATERNION"
      }
    },
    "index_03_l": {
      "name": "index_03_l",
      "local": {
        "location": {
          "x": 0.0,
          "y": 0.0,
          "z": 0.0
        },
        "rotation_quaternion": {
          "w": 0.9966074824333191,
          "x": 0.08220656216144562,
          "y": -0.0026429351419210434,
          "z": 0.002938684541732073
        },
        "scale": {
          "x": 1.0,
          "y": 1.0,
          "z": 1.0
        },
        "matrix_basis": [
          [
            0.9999687671661377,
            -0.006291963160037994,
            -0.0047847796231508255,
            0.0
          ],
          [
            0.005422896705567837,
            0.9864668846130371,
            -0.1638708859682083,
            0.0
          ],
          [
            0.005751096177846193,
            0.16383981704711914,
            0.9864701628684998,
            0.0
          ],
          [
            0.0,
            0.0,
            0.0,
            1.0
          ]
        ],
        "rotation_mode": "QUATERNION"
      }
    },
    "metacarpal_mid_l": {
      "name": "metacarpal_mid_l",
      "local": {
        "location": {
          "x": 0.0,
          "y": 0.0,
          "z": 0.0
        },
        "rotation_quaternion": {
          "w": 0.9995672702789307,
          "x": -0.029038023203611374,
          "y": 0.004326139576733112,
          "z": 0.001819237950257957
        },
        "scale": {
          "x": 1.0,
          "y": 1.0,
          "z": 1.0
        },
        "matrix_basis": [
          [
            0.999955952167511,
            -0.0038881467189639807,
            0.008542881347239017,
            0.0
          ],
          [
            0.003385656513273716,
            0.9983069896697998,
            0.058066658675670624,
            0.0
          ],
          [
            -0.008754189126193523,
            -0.05803517624735832,
            0.9982761740684509,
            0.0
          ],
          [
            0.0,
            0.0,
            0.0,
            1.0
          ]
        ],
        "rotation_mode": "QUATERNION"
      }
    },
    "middle_01_l": {
      "name": "middle_01_l",
      "local": {
        "location": {
          "x": 0.0,
          "y": 0.0,
          "z": 0.0
        },
        "rotation_quaternion": {
          "w": 0.984951376914978,
          "x": -0.17282718420028687,
          "y": 0.0011289543472230434,
          "z": 0.0005701431655324996
        },
        "scale": {
          "x": 1.0,
          "y": 1.0,
          "z": 1.0
        },
        "matrix_basis": [
          [
            0.9999967813491821,
            -0.001513354480266571,
            0.0020268578082323074,
            0.0
          ],
          [
            0.0007328985375352204,
            0.9402608871459961,
            0.34045401215553284,
            0.0
          ],
          [
            -0.0024210026022046804,
            -0.3404514491558075,
            0.9402589797973633,
            0.0
          ],
          [
            0.0,
            0.0,
            0.0,
            1.0
          ]
        ],
        "rotation_mode": "QUATERNION"
      }
    },
    "middle_02_l": {
      "name": "middle_02_l",
      "local": {
        "location": {
          "x": 0.0,
          "y": 0.0,
          "z": 0.0
        },
        "rotation_quaternion": {
          "w": 0.9999946355819702,
          "x": -0.0013883962528780103,
          "y": -0.0019263004651293159,
          "z": -0.0022669751197099686
        },
        "scale": {
          "x": 1.0,
          "y": 1.0,
          "z": 1.0
        },
        "matrix_basis": [
          [
            0.9999822974205017,
            0.004539274610579014,
            -0.003846285166218877,
            0.0
          ],
          [
            -0.004528576973825693,
            0.9999858736991882,
            0.002785511314868927,
            0.0
          ],
          [
            0.0038588750176131725,
            -0.0027680436614900827,
            0.9999887347221375,
            0.0
          ],
          [
            0.0,
            0.0,
            0.0,
            1.0
          ]
        ],
        "rotation_mode": "QUATERNION"
      }
    },
    "middle_03_l": {
      "name": "middle_03_l",
      "local": {
        "location": {
          "x": 0.0,
          "y": 0.0,
          "z": 0.0
        },
        "rotation_quaternion": {
          "w": 0.9987835884094238,
          "x": 0.04924989119172096,
          "y": -0.0015030906070023775,
          "z": -0.0018697823397815228
        },
        "scale": {
          "x": 1.0,
          "y": 1.0,
          "z": 1.0
        },
        "matrix_basis": [
          [
            0.9999884963035583,
            0.0035869618877768517,
            -0.0031866978388279676,
            0.0
          ],
          [
            -0.0038830700796097517,
            0.9951419234275818,
            -0.09837435185909271,
            0.0
          ],
          [
            0.0028183513786643744,
            0.09838558733463287,
            0.9951443672180176,
            0.0
          ],
          [
            0.0,
            0.0,
            0.0,
            1.0
          ]
        ],
        "rotation_mode": "QUATERNION"
      }
    },
    "metacarpal_ring_l": {
      "name": "metacarpal_ring_l",
      "local": {
        "location": {
          "x": 0.0,
          "y": 0.0,
          "z": 0.0
        },
        "rotation_quaternion": {
          "w": 0.9997192025184631,
          "x": -0.023628035560250282,
          "y": -0.0017973388312384486,
          "z": -0.00010375450074207038
        },
        "scale": {
          "x": 1.0,
          "y": 1.0,
          "z": 1.0
        },
        "matrix_basis": [
          [
            0.9999935030937195,
            0.0002923858992289752,
            -0.003588765161111951,
            0.0
          ],
          [
            -0.00012251555745024234,
            0.9988834261894226,
            0.04724317416548729,
            0.0
          ],
          [
            0.003598571289330721,
            -0.0472424291074276,
            0.9988769888877869,
            0.0
          ],
          [
            0.0,
            0.0,
            0.0,
            1.0
          ]
        ],
        "rotation_mode": "QUATERNION"
      }
    },
    "ring_01_l": {
      "name": "ring_01_l",
      "local": {
        "location": {
          "x": 0.0,
          "y": 0.0,
          "z": 0.0
        },
        "rotation_quaternion": {
          "w": 0.9847545027732849,
          "x": -0.17387884855270386,
          "y": -0.004943838343024254,
          "z": -0.0005487301968969405
        },
        "scale": {
          "x": 1.0,
          "y": 1.0,
          "z": 1.0
        },
        "matrix_basis": [
          [
            0.9999505281448364,
            0.0027999868616461754,
            -0.009546108543872833,
            0.0
          ],
          [
            0.0006385287269949913,
            0.939531683921814,
            0.34246137738227844,
            0.0
          ],
          [
            0.009927758947014809,
            -0.3424505293369293,
            0.9394834041595459,
            0.0
          ],
          [
            0.0,
            0.0,
            0.0,
            1.0
          ]
        ],
        "rotation_mode": "QUATERNION"
      }
    },
    "ring_02_l": {
      "name": "ring_02_l",
      "local": {
        "location": {
          "x": 0.0,
          "y": 0.0,
          "z": 0.0
        },
        "rotation_quaternion": {
          "w": 0.9999945759773254,
          "x": -0.0029120412655174732,
          "y": 0.0009146869997493923,
          "z": 0.001234582276083529
        },
        "scale": {
          "x": 1.0,
          "y": 1.0,
          "z": 1.0
        },
        "matrix_basis": [
          [
            0.9999952912330627,
            -0.0024744784459471703,
            0.0018221738282591105,
            0.0
          ],
          [
            0.0024638238828629255,
            0.9999799728393555,
            0.005826309323310852,
            0.0
          ],
          [
            -0.001836554380133748,
            -0.005821792408823967,
            0.9999813437461853,
            0.0
          ],
          [
            0.0,
            0.0,
            0.0,
            1.0
          ]
        ],
        "rotation_mode": "QUATERNION"
      }
    },
    "ring_03_l": {
      "name": "ring_03_l",
      "local": {
        "location": {
          "x": 0.0,
          "y": 0.0,
          "z": 0.0
        },
        "rotation_quaternion": {
          "w": 0.9994612336158752,
          "x": 0.03256530687212944,
          "y": 0.004061328247189522,
          "z": 0.0005276949377730489
        },
        "scale": {
          "x": 1.0,
          "y": 1.0,
          "z": 1.0
        },
        "matrix_basis": [
          [
            0.9999664425849915,
            -0.0007903044461272657,
            0.00815264880657196,
            0.0
          ],
          [
            0.0013193379854783416,
            0.9978784322738647,
            -0.06509123742580414,
            0.0
          ],
          [
            -0.008083910681307316,
            0.0650998055934906,
            0.9978460073471069,
            0.0
          ],
          [
            0.0,
            0.0,
            0.0,
            1.0
          ]
        ],
        "rotation_mode": "QUATERNION"
      }
    },
    "metacarpal_pinky_l": {
      "name": "metacarpal_pinky_l",
      "local": {
        "location": {
          "x": 0.0,
          "y": 0.0,
          "z": 0.0
        },
        "rotation_quaternion": {
          "w": 0.9998101592063904,
          "x": -0.017816949635744095,
          "y": 0.00747111439704895,
          "z": -0.002535575767979026
        },
        "scale": {
          "x": 1.0,
          "y": 1.0,
          "z": 1.0
        },
        "matrix_basis": [
          [
            0.9998754858970642,
            0.0048039634712040424,
            0.015029744245111942,
            0.0
          ],
          [
            -0.005336413625627756,
            0.9993522763252258,
            0.03558924421668053,
            0.0
          ],
          [
            -0.014849038794636726,
            -0.03566502034664154,
            0.9992534518241882,
            0.0
          ],
          [
            0.0,
            0.0,
            0.0,
            1.0
          ]
        ],
        "rotation_mode": "QUATERNION"
      }
    },
    "pinky_01_l": {
      "name": "pinky_01_l",
      "local": {
        "location": {
          "x": 0.0,
          "y": 0.0,
          "z": 0.0
        },
        "rotation_quaternion": {
          "w": 0.9854605197906494,
          "x": -0.1698501706123352,
          "y": -3.304243364254944e-05,
          "z": -0.004296472761780024
        },
        "scale": {
          "x": 1.0,
          "y": 1.0,
          "z": 1.0
        },
        "matrix_basis": [
          [
            0.999963104724884,
            0.008479232899844646,
            0.0013943893136456609,
            0.0
          ],
          [
            -0.008456784300506115,
            0.9422649145126343,
            0.3347615599632263,
            0.0
          ],
          [
            0.0015246373368427157,
            -0.33476099371910095,
            0.9423018097877502,
            0.0
          ],
          [
            0.0,
            0.0,
            0.0,
            1.0
          ]
        ],
        "rotation_mode": "QUATERNION"
      }
    },
    "pinky_02_l": {
      "name": "pinky_02_l",
      "local": {
        "location": {
          "x": 0.0,
          "y": 0.0,
          "z": 0.0
        },
        "rotation_quaternion": {
          "w": 0.9999434947967529,
          "x": -0.009622542187571526,
          "y": -0.004220458213239908,
          "z": 0.0016313593368977308
        },
        "scale": {
          "x": 1.0,
          "y": 1.0,
          "z": 1.0
        },
        "matrix_basis": [
          [
            0.9999590516090393,
            -0.0031813110690563917,
            -0.008471834473311901,
            0.0
          ],
          [
            0.00334375724196434,
            0.9998095035552979,
            0.019230226054787636,
            0.0
          ],
          [
            0.008409043774008751,
            -0.019257765263319016,
            0.9997791647911072,
            0.0
          ],
          [
            0.0,
            0.0,
            0.0,
            1.0
          ]
        ],
        "rotation_mode": "QUATERNION"
      }
    },
    "pinky_03_l": {
      "name": "pinky_03_l",
      "local": {
        "location": {
          "x": 0.0,
          "y": 0.0,
          "z": 0.0
        },
        "rotation_quaternion": {
          "w": 0.9992404580116272,
          "x": 0.038856327533721924,
          "y": 0.002306441543623805,
          "z": 0.0018277064664289355
        },
        "scale": {
          "x": 1.0,
          "y": 1.0,
          "z": 1.0
        },
        "matrix_basis": [
          [
            0.9999826550483704,
            -0.0034733968786895275,
            0.004751415457576513,
            0.0
          ],
          [
            0.0038318762090057135,
            0.9969736933708191,
            -0.0776451975107193,
            0.0
          ],
          [
            -0.0044673434458673,
            0.07766206562519073,
            0.9969697594642639,
            0.0
          ],
          [
            0.0,
            0.0,
            0.0,
            1.0
          ]
        ],
        "rotation_mode": "QUATERNION"
      }
    },
    "metacarpal_thumb_r": {
      "name": "metacarpal_thumb_r",
      "local": {
        "location": {
          "x": 0.0,
          "y": 0.0,
          "z": 0.0
        },
        "rotation_quaternion": {
          "w": 0.9998435974121094,
          "x": -0.017619380727410316,
          "y": -0.0004580879467539489,
          "z": 0.0014629523502662778
        },
        "scale": {
          "x": 1.0,
          "y": 1.0,
          "z": 1.0
        },
        "matrix_basis": [
          [
            0.9999952912330627,
            -0.0029093045741319656,
            -0.0009675851906649768,
            0.0
          ],
          [
            0.002941589569672942,
            0.9993748068809509,
            0.03523191064596176,
            0.0
          ],
          [
            0.000864479981828481,
            -0.035234589129686356,
            0.9993786811828613,
            0.0
          ],
          [
            0.0,
            0.0,
            0.0,
            1.0
          ]
        ],
        "rotation_mode": "QUATERNION"
      }
    },
    "thumb_01_r": {
      "name": "thumb_01_r",
      "local": {
        "location": {
          "x": 0.0,
          "y": 0.0,
          "z": 0.0
        },
        "rotation_quaternion": {
          "w": 0.9989044666290283,
          "x": -0.046537697315216064,
          "y": 0.004810539074242115,
          "z": 0.001004871679469943
        },
        "scale": {
          "x": 1.0,
          "y": 1.0,
          "z": 1.0
        },
        "matrix_basis": [
          [
            0.9999517202377319,
            -0.0024552843533456326,
            0.009517008438706398,
            0.0
          ],
          [
            0.0015597987221553922,
            0.9956664443016052,
            0.09298308938741684,
            0.0
          ],
          [
            -0.009704066440463066,
            -0.09296375513076782,
            0.9956222176551819,
            0.0
          ],
          [
            0.0,
            0.0,
            0.0,
            1.0
          ]
        ],
        "rotation_mode": "QUATERNION"
      }
    },
    "thumb_02_r": {
      "name": "thumb_02_r",
      "local": {
        "location": {
          "x": 0.0,
          "y": 0.0,
          "z": 0.0
        },
        "rotation_quaternion": {
          "w": 0.9961061477661133,
          "x": 0.0880991667509079,
          "y": 0.000371768168406561,
          "z": 0.0033006472513079643
        },
        "scale": {
          "x": 1.0,
          "y": 1.0,
          "z": 1.0
        },
        "matrix_basis": [
          [
            0.9999779462814331,
            -0.006510085426270962,
            0.0013222097186371684,
            0.0
          ],
          [
            0.006641095504164696,
            0.9844552874565125,
            -0.17550979554653168,
            0.0
          ],
          [
            -0.00015907257329672575,
            0.17551471292972565,
            0.9844768047332764,
            0.0
          ],
          [
            0.0,
            0.0,
            0.0,
            1.0
          ]
        ],
        "rotation_mode": "QUATERNION"
      }
    },
    "thumb_03_r": {
      "name": "thumb_03_r",
      "local": {
        "location": {
          "x": 0.0,
          "y": 0.0,
          "z": 0.0
        },
        "rotation_quaternion": {
          "w": 0.9976319074630737,
          "x": 0.06866815686225891,
          "y": 0.0012019966961815953,
          "z": -0.003709385171532631
        },
        "scale": {
          "x": 1.0,
          "y": 1.0,
          "z": 1.0
        },
        "matrix_basis": [
          [
            0.9999696016311646,
            0.007566280197352171,
            0.0018888673512265086,
            0.0
          ],
          [
            -0.007236124482005835,
            0.9905418753623962,
            -0.13702000677585602,
            0.0
          ],
          [
            -0.0029077338986098766,
            0.13700218498706818,
            0.9905664920806885,
            0.0
          ],
          [
            0.0,
            0.0,
            0.0,
            1.0
          ]
        ],
        "rotation_mode": "QUATERNION"
      }
    },
    "metacarpal_index_r": {
      "name": "metacarpal_index_r",
      "local": {
        "location": {
          "x": 0.0,
          "y": 0.0,
          "z": 0.0
        },
        "rotation_quaternion": {
          "w": 0.9999557733535767,
          "x": -0.008778511546552181,
          "y": 0.0012084684567525983,
          "z": -0.003155577229335904
        },
        "scale": {
          "x": 1.0,
          "y": 1.0,
          "z": 1.0
        },
        "matrix_basis": [
          [
            0.999977171421051,
            0.006289658136665821,
            0.002472232561558485,
            0.0
          ],
          [
            -0.006332092452794313,
            0.9998259544372559,
            0.017548618838191032,
            0.0
          ],
          [
            -0.00236142729409039,
            -0.017563872039318085,
            0.9998429417610168,
            0.0
          ],
          [
            0.0,
            0.0,
            0.0,
            1.0
          ]
        ],
        "rotation_mode": "QUATERNION"
      }
    },
    "index_01_r": {
      "name": "index_01_r",
      "local": {
        "location": {
          "x": 0.0,
          "y": 0.0,
          "z": 0.0
        },
        "rotation_quaternion": {
          "w": 0.9940381050109863,
          "x": -0.10892541706562042,
          "y": 0.0011233214754611254,
          "z": -0.004715194460004568
        },
        "scale": {
          "x": 1.0,
          "y": 1.0,
          "z": 1.0
        },
        "matrix_basis": [
          [
            0.999953031539917,
            0.009129449725151062,
            0.003260457655414939,
            0.0
          ],
          [
            -0.009618882089853287,
            0.9762260317802429,
            0.21654143929481506,
            0.0
          ],
          [
            -0.001206039683893323,
            -0.21656262874603271,
            0.9762679934501648,
            0.0
          ],
          [
            0.0,
            0.0,
            0.0,
            1.0
          ]
        ],
        "rotation_mode": "QUATERNION"
      }
    },
    "index_02_r": {
      "name": "index_02_r",
      "local": {
        "location": {
          "x": 0.0,
          "y": 0.0,
          "z": 0.0
        },
        "rotation_quaternion": {
          "w": 0.997169554233551,
          "x": 0.07513769716024399,
          "y": 0.0025817272253334522,
          "z": 0.0007459170883521438
        },
        "scale": {
          "x": 1.0,
          "y": 1.0,
          "z": 1.0
        },
        "matrix_basis": [
          [
            0.9999855756759644,
            -0.0010996415512636304,
            0.005260932259261608,
            0.0
          ],
          [
            0.0018755816854536533,
            0.9887075424194336,
            -0.14984619617462158,
            0.0
          ],
          [
            -0.005036746617406607,
            0.1498539000749588,
            0.9886953234672546,
            0.0
          ],
          [
            0.0,
            0.0,
            0.0,
            1.0
          ]
        ],
        "rotation_mode": "QUATERNION"
      }
    },
    "index_03_r": {
      "name": "index_03_r",
      "local": {
        "location": {
          "x": 0.0,
          "y": 0.0,
          "z": 0.0
        },
        "rotation_quaternion": {
          "w": 0.9975778460502625,
          "x": 0.0693846046924591,
          "y": 0.0007690545753575861,
          "z": -0.004863298498094082
        },
        "scale": {
          "x": 1.0,
          "y": 1.0,
          "z": 1.0
        },
        "matrix_basis": [
          [
            0.9999515414237976,
            0.009809758514165878,
            0.0008595074759796262,
            0.0
          ],
          [
            -0.009596316143870354,
            0.9903242588043213,
            -0.1384405642747879,
            0.0
          ],
          [
            -0.0022092596627771854,
            0.13842560350894928,
            0.9903703927993774,
            0.0
          ],
          [
            0.0,
            0.0,
            0.0,
            1.0
          ]
        ],
        "rotation_mode": "QUATERNION"
      }
    },
    "metacarpal_mid_r": {
      "name": "metacarpal_mid_r",
      "local": {
        "location": {
          "x": 0.0,
          "y": 0.0,
          "z": 0.0
        },
        "rotation_quaternion": {
          "w": 0.9990347027778625,
          "x": -0.043773725628852844,
          "y": 0.0002760287025012076,
          "z": 0.003664525458589196
        },
        "scale": {
          "x": 1.0,
          "y": 1.0,
          "z": 1.0
        },
        "matrix_basis": [
          [
            0.9999729990959167,
            -0.007346142083406448,
            0.00023070465249475092,
            0.0
          ],
          [
            0.007297810632735491,
            0.9961408376693726,
            0.08746496587991714,
            0.0
          ],
          [
            -0.0008723443606868386,
            -0.08746092021465302,
            0.9961675405502319,
            0.0
          ],
          [
            0.0,
            0.0,
            0.0,
            1.0
          ]
        ],
        "rotation_mode": "QUATERNION"
      }
    },
    "middle_01_r": {
      "name": "middle_01_r",
      "local": {
        "location": {
          "x": 0.0,
          "y": 0.0,
          "z": 0.0
        },
        "rotation_quaternion": {
          "w": 0.9866921901702881,
          "x": -0.16228681802749634,
          "y": -0.010065393522381783,
          "z": 0.00043946097139269114
        },
        "scale": {
          "x": 1.0,
          "y": 1.0,
          "z": 1.0
        },
        "matrix_basis": [
          [
            0.999796986579895,
            0.0023997360840439796,
            -0.02000552788376808,
            0.0
          ],
          [
            0.004134187009185553,
            0.947325587272644,
            0.3202454149723053,
            0.0
          ],
          [
            0.019720252603292465,
            -0.3202631175518036,
            0.9471233487129211,
            0.0
          ],
          [
            0.0,
            0.0,
            0.0,
            1.0
          ]
        ],
        "rotation_mode": "QUATERNION"
      }
    },
    "middle_02_r": {
      "name": "middle_02_r",
      "local": {
        "location": {
          "x": 0.0,
          "y": 0.0,
          "z": 0.0
        },
        "rotation_quaternion": {
          "w": 0.9999964237213135,
          "x": 0.0007575475610792637,
          "y": -0.00021850438497494906,
          "z": 0.0025597207713872194
        },
        "scale": {
          "x": 1.0,
          "y": 1.0,
          "z": 1.0
        },
        "matrix_basis": [
          [
            0.9999868273735046,
            -0.005119754001498222,
            -0.0004331289674155414,
            0.0
          ],
          [
            0.005119092296808958,
            0.9999857544898987,
            -0.0015162082854658365,
            0.0
          ],
          [
            0.0004408854292705655,
            0.0015139710158109665,
            0.9999987483024597,
            0.0
          ],
          [
            0.0,
            0.0,
            0.0,
            1.0
          ]
        ],
        "rotation_mode": "QUATERNION"
      }
    },
    "middle_03_r": {
      "name": "middle_03_r",
      "local": {
        "location": {
          "x": 0.0,
          "y": 0.0,
          "z": 0.0
        },
        "rotation_quaternion": {
          "w": 0.9991426467895508,
          "x": 0.041393548250198364,
          "y": 0.0006688522407785058,
          "z": -0.0003476750571280718
        },
        "scale": {
          "x": 1.0,
          "y": 1.0,
          "z": 1.0
        },
        "matrix_basis": [
          [
            0.9999988675117493,
            0.0007501262589357793,
            0.001307774567976594,
            0.0
          ],
          [
            -0.0006393815856426954,
            0.9965729117393494,
            -0.08271658420562744,
            0.0
          ],
          [
            -0.0013653405476361513,
            0.08271565288305283,
            0.9965722560882568,
            0.0
          ],
          [
            0.0,
            0.0,
            0.0,
            1.0
          ]
        ],
        "rotation_mode": "QUATERNION"
      }
    },
    "metacarpal_ring_r": {
      "name": "metacarpal_ring_r",
      "local": {
