{
  "metadata": {
    "armature_name": "KIM_caucasian_male",
    "export_time": "2026-01-13T21:12:31.893153",
    "blender_version": "4.4.1",
    "bone_count": 56,
    "end_bone_count": 13,
    "spaces_included": [
      "LOCAL_CHANNELS",
      "ARMATURE_SPACE",
      "WORLD_SPACE"
    ],
    "note": "LOCAL matches Transform panel; replay pose via local.matrix_basis for best fidelity."
  },
  "bones": {
    "Root": {
      "name": "Root",
      "local": {
        "location": {
          "x": 0.0,
          "y": 0.0,
          "z": 0.0
        },
        "rotation_quaternion": {
          "w": 0.9996833801269531,
          "x": 0.0027661556378006935,
          "y": 0.001751841395162046,
          "z": 0.02495270036160946
        },
        "scale": {
          "x": 1.0,
          "y": 1.0,
          "z": 1.0
        },
        "matrix_basis": [
          [
            0.9987486004829407,
            -0.04987990856170654,
            0.003640619572252035,
            0.0
          ],
          [
            0.04989929124712944,
            0.9987394213676453,
            -0.0054431334137916565,
            0.0
          ],
          [
            -0.003364527365192771,
            0.005617985967546701,
            0.9999785423278809,
            0.0
          ],
          [
            0.0,
            0.0,
            0.0,
            1.0
          ]
        ],
        "rotation_mode": "QUATERNION"
      },
      "armature_space": {
        "head": {
          "x": 0.0,
          "y": 0.07072800397872925,
          "z": -0.009595036506652832
        },
        "tail": {
          "x": -0.003560221754014492,
          "y": 3.5256147384643555e-05,
          "z": -0.000409446656703949
        }
      },
      "world_space": {
        "head": {
          "x": 0.0,
          "y": 0.13397200405597687,
          "z": 0.9402589797973633
        },
        "tail": {
          "x": -0.003560221754014492,
          "y": 0.06327925622463226,
          "z": 0.949444591999054
        },
        "rotation_quaternion": {
          "w": 0.06458644568920135,
          "x": 0.9975985884666443,
          "y": -0.02477799728512764,
          "z": 0.003428871976211667
        },
        "matrix": [
          [
            0.9987486004829407,
            -0.04987990856170654,
            0.003640619572252035,
            0.0
          ],
          [
            -0.048994071781635284,
            -0.9904292821884155,
            -0.12903307378292084,
            0.13397200405597687
          ],
          [
            0.010041957721114159,
            0.12869320809841156,
            -0.9916406273841858,
            0.9402589797973633
          ],
          [
            0.0,
            0.0,
            0.0,
            1.0
          ]
        ]
      },
      "bone_length_armature_space": 0.07137587174856205,
      "parent": null,
      "has_children": true,
      "is_end_bone": false
    },
    "spine_01": {
      "name": "spine_01",
      "local": {
        "location": {
          "x": 0.0,
          "y": 0.0,
          "z": 0.0
        },
        "rotation_quaternion": {
          "w": 0.9985087513923645,
          "x": 0.03813096508383751,
          "y": -0.013245676644146442,
          "z": -0.03675517439842224
        },
        "scale": {
          "x": 1.0,
          "y": 1.0,
          "z": 1.0
        },
        "matrix_basis": [
          [
            0.9969472289085388,
            0.0723905861377716,
            -0.029254868626594543,
            0.0
          ],
          [
            -0.07441087067127228,
            0.9943901896476746,
            -0.07517451047897339,
            0.0
          ],
          [
            0.023648828268051147,
            0.07712189853191376,
            0.9967411756515503,
            0.0
          ],
          [
            0.0,
            0.0,
            0.0,
            1.0
          ]
        ],
        "rotation_mode": "QUATERNION"
      },
      "armature_space": {
        "head": {
          "x": -0.003560221754014492,
          "y": 3.5256147384643555e-05,
          "z": -0.000409446656703949
        },
        "tail": {
          "x": 0.025975242257118225,
          "y": -0.019160861149430275,
          "z": 0.48632216453552246
        }
      },
      "world_space": {
        "head": {
          "x": -0.003560221754014492,
          "y": 0.06327925622463226,
          "z": 0.949444591999054
        },
        "tail": {
          "x": 0.025975242257118225,
          "y": 0.044083140790462494,
          "z": 1.4361761808395386
        },
        "rotation_quaternion": {
          "w": 0.6930400133132935,
          "x": 0.719207763671875,
          "y": -0.005215025041252375,
          "z": -0.049077048897743225
        },
        "matrix": [
          [
            0.9951285123825073,
            0.060523342341184616,
            -0.07782118022441864,
            -0.003560221754014492
          ],
          [
            -0.0755256712436676,
            -0.03933620825409889,
            -0.9963677525520325,
            0.06327925622463226
          ],
          [
            -0.06336521357297897,
            0.9973983764648438,
            -0.034574635326862335,
            0.949444591999054
          ],
          [
            0.0,
            0.0,
            0.0,
            1.0
          ]
        ]
      },
      "bone_length_armature_space": 0.48800462134705774,
      "parent": "Root",
      "has_children": true,
      "is_end_bone": false
    },
    "neck_01": {
      "name": "neck_01",
      "local": {
        "location": {
          "x": 0.0,
          "y": 0.0,
          "z": 0.0
        },
        "rotation_quaternion": {
          "w": 0.9984596967697144,
          "x": -0.0022490627598017454,
          "y": -0.03521395102143288,
          "z": -0.04281547665596008
        },
        "scale": {
          "x": 1.0,
          "y": 1.0,
          "z": 1.0
        },
        "matrix_basis": [
          [
            0.9938536286354065,
            0.08565745502710342,
            -0.07012683153152466,
            0.0
          ],
          [
            -0.08534065634012222,
            0.9963235259056091,
            0.007506601046770811,
            0.0
          ],
          [
            0.07051201164722443,
            -0.0014757928438484669,
            0.9975098371505737,
            0.0
          ],
          [
            0.0,
            0.0,
            0.0,
            1.0
          ]
        ],
        "rotation_mode": "QUATERNION"
      },
      "armature_space": {
        "head": {
          "x": 0.027707796543836594,
          "y": -0.05659547448158264,
          "z": 0.558151125907898
        },
        "tail": {
          "x": 0.039158694446086884,
          "y": -0.09951598197221756,
          "z": 0.6505494117736816
        }
      },
      "world_space": {
        "head": {
          "x": 0.027707796543836594,
          "y": 0.006648525595664978,
          "z": 1.508005142211914
        },
        "tail": {
          "x": 0.039158694446086884,
          "y": -0.03627198189496994,
          "z": 1.6004034280776978
        },
        "rotation_quaternion": {
          "w": 0.539139449596405,
          "x": 0.8361905217170715,
          "y": 0.0019561583176255226,
          "z": -0.10055043548345566
        },
        "matrix": [
          [
            0.979771614074707,
            0.11169284582138062,
            -0.16604864597320557,
            0.027707796543836594
          ],
          [
            -0.10514938831329346,
            -0.41864949464797974,
            -0.9020401835441589,
            0.006648525595664978
          ],
          [
            -0.17026889324188232,
            0.9012590646743774,
            -0.39844009280204773,
            1.508005142211914
          ],
          [
            0.0,
            0.0,
            0.0,
            1.0
          ]
        ]
      },
      "bone_length_armature_space": 0.10252188215060294,
      "parent": "spine_01",
      "has_children": true,
      "is_end_bone": false
    },
    "head": {
      "name": "head",
      "local": {
        "location": {
          "x": 0.0,
          "y": 0.0,
          "z": 0.0
        },
        "rotation_quaternion": {
          "w": 0.9997075796127319,
          "x": 0.008460166864097118,
          "y": -0.0038900249637663364,
          "z": 0.022321734577417374
        },
        "scale": {
          "x": 1.0,
          "y": 1.0,
          "z": 1.0
        },
        "matrix_basis": [
          [
            0.9989731907844543,
            -0.04469623416662216,
            -0.00740008382126689,
            0.0
          ],
          [
            0.04456459358334541,
            0.9988603591918945,
            -0.017089050263166428,
            0.0
          ],
          [
            0.008155466057360172,
            0.016741720959544182,
            0.9998266100883484,
            0.0
          ],
          [
            0.0,
            0.0,
            0.0,
            1.0
          ]
        ],
        "rotation_mode": "QUATERNION"
      },
      "armature_space": {
        "head": {
          "x": 0.0391586609184742,
          "y": -0.09951609373092651,
          "z": 0.6505492925643921
        },
        "tail": {
          "x": 0.0573996901512146,
          "y": -0.11128479242324829,
          "z": 0.8041138052940369
        }
      },
      "world_space": {
        "head": {
          "x": 0.0391586609184742,
          "y": -0.036272093653678894,
          "z": 1.6004033088684082
        },
        "tail": {
          "x": 0.0573996901512146,
          "y": -0.04804079234600067,
          "z": 1.7539677619934082
        },
        "rotation_quaternion": {
          "w": 0.6797485947608948,
          "x": 0.7282631993293762,
          "y": -0.0004822915652766824,
          "z": -0.08703073859214783
        },
        "matrix": [
          [
            0.9848508238792419,
            0.11761560291051865,
            -0.1274174153804779,
            0.0391586609184742
          ],
          [
            -0.11901974678039551,
            -0.0758829265832901,
            -0.9899880886077881,
            -0.036272093653678894
          ],
          [
            -0.12610778212547302,
            0.9901626110076904,
            -0.06073613464832306,
            1.6004033088684082
          ],
          [
            0.0,
            0.0,
            0.0,
            1.0
          ]
        ]
      },
      "bone_length_armature_space": 0.1550912547862838,
      "parent": "neck_01",
      "has_children": false,
      "is_end_bone": true
    },
    "upperarm_l": {
      "name": "upperarm_l",
      "local": {
        "location": {
          "x": 0.0,
          "y": 0.0,
          "z": 0.0
        },
        "rotation_quaternion": {
          "w": 0.8052712678909302,
          "x": 0.2820492386817932,
          "y": 0.5210171341896057,
          "z": 0.022972041741013527
        },
        "scale": {
          "x": 1.0,
          "y": 1.0,
          "z": 1.0
        },
        "matrix_basis": [
          [
            0.4560268521308899,
            0.25690752267837524,
            0.8520787358283997,
            0.0
          ],
          [
            0.33090242743492126,
            0.8398410081863403,
            -0.4303146302700043,
            0.0
          ],
          [
            -0.8261617422103882,
            0.47818994522094727,
            0.2979787588119507,
            0.0
          ],
          [
            0.0,
            0.0,
            0.0,
            1.0
          ]
        ],
        "rotation_mode": "QUATERNION"
      },
      "armature_space": {
        "head": {
          "x": 0.17266125977039337,
          "y": -0.06845816969871521,
          "z": 0.4815031588077545
        },
        "tail": {
          "x": 0.3859434127807617,
          "y": -0.1997881680727005,
          "z": 0.3862617015838623
        }
      },
      "world_space": {
        "head": {
          "x": 0.17266125977039337,
          "y": -0.00521416962146759,
          "z": 1.4313571453094482
        },
        "tail": {
          "x": 0.3859434127807617,
          "y": -0.13654416799545288,
          "z": 1.3361157178878784
        },
        "rotation_quaternion": {
          "w": 0.039606157690286636,
          "x": -0.8133275508880615,
          "y": -0.5033730268478394,
          "z": 0.28904199600219727
        },
        "matrix": [
          [
            0.3261393904685974,
            0.79591965675354,
            -0.5100440979003906,
            0.17266125977039337
          ],
          [
            0.8417099714279175,
            -0.4900932013988495,
            -0.2265687882900238,
            -0.00521416962146759
          ],
          [
            -0.4303019046783447,
            -0.3554190695285797,
            -0.8297781944274902,
            1.4313571453094482
          ],
          [
            0.0,
            0.0,
            0.0,
            1.0
          ]
        ]
      },
      "bone_length_armature_space": 0.2679697394005218,
      "parent": "spine_01",
      "has_children": true,
      "is_end_bone": false
    },
    "lowerarm_l": {
      "name": "lowerarm_l",
      "local": {
        "location": {
          "x": 0.0,
          "y": 0.0,
          "z": 0.0
        },
        "rotation_quaternion": {
          "w": 0.8467532396316528,
          "x": 0.46958640217781067,
          "y": 0.22735798358917236,
          "z": -0.10395212471485138
        },
        "scale": {
          "x": 1.0,
          "y": 1.0,
          "z": 1.0
        },
        "matrix_basis": [
          [
            0.8750045895576477,
            0.38957202434539795,
            0.2874031960964203,
            0.0
          ],
          [
            0.03748483955860138,
            0.5373651385307312,
            -0.842516303062439,
            0.0
          ],
          [
            -0.4826612174510956,
            0.747978925704956,
            0.45559391379356384,
            0.0
          ],
          [
            0.0,
            0.0,
            0.0,
            1.0
          ]
        ],
        "rotation_mode": "QUATERNION"
      },
      "armature_space": {
        "head": {
          "x": 0.3859434127807617,
          "y": -0.19978833198547363,
          "z": 0.3862617015838623
        },
        "tail": {
          "x": 0.38891252875328064,
          "y": -0.25675687193870544,
          "z": 0.12488815188407898
        }
      },
      "world_space": {
        "head": {
          "x": 0.3859434127807617,
          "y": -0.136544331908226,
          "z": 1.3361157178878784
        },
        "tail": {
          "x": 0.38891252875328064,
          "y": -0.19351287186145782,
          "z": 1.0747421979904175
        },
        "rotation_quaternion": {
          "w": 0.5579171180725098,
          "x": -0.6966087818145752,
          "y": -0.28680190443992615,
          "z": 0.34815147519111633
        },
        "matrix": [
          [
            0.5930706858634949,
            0.011098504066467285,
            -0.8050738573074341,
            0.3859434127807617
          ],
          [
            0.7880567312240601,
            -0.21294699609279633,
            0.5775989890098572,
            -0.136544331908226
          ],
          [
            -0.16502785682678223,
            -0.9770079851150513,
            -0.13503946363925934,
            1.3361157178878784
          ],
          [
            0.0,
            0.0,
            0.0,
            1.0
          ]
        ]
      },
      "bone_length_armature_space": 0.2675263761708819,
      "parent": "upperarm_l",
      "has_children": true,
      "is_end_bone": false
    },
    "metacarpal_thumb_l": {
      "name": "metacarpal_thumb_l",
      "local": {
        "location": {
          "x": 0.0,
          "y": 0.0,
          "z": 0.0
        },
        "rotation_quaternion": {
          "w": 0.9999176859855652,
          "x": 0.009298662655055523,
          "y": 0.002619093982502818,
          "z": 0.008451354689896107
        },
        "scale": {
          "x": 1.0,
          "y": 1.0,
          "z": 1.0
        },
        "matrix_basis": [
          [
            0.999843418598175,
            -0.01685260981321335,
            0.005394929554313421,
            0.0
          ],
          [
            0.016950026154518127,
            0.99968421459198,
            -0.018551524728536606,
            0.0
          ],
          [
            -0.005080583970993757,
            0.01864006370306015,
            0.9998133778572083,
            0.0
          ],
          [
            0.0,
            0.0,
            0.0,
            1.0
          ]
        ],
        "rotation_mode": "QUATERNION"
      },
      "armature_space": {
        "head": {
          "x": 0.38891252875328064,
          "y": -0.25675687193870544,
          "z": 0.12488815188407898
        },
        "tail": {
          "x": 0.371255099773407,
          "y": -0.23995931446552277,
          "z": 0.08176429569721222
        }
      },
      "world_space": {
        "head": {
          "x": 0.38891252875328064,
          "y": -0.19351287186145782,
          "z": 1.0747421979904175
        },
        "tail": {
          "x": 0.371255099773407,
          "y": -0.17671531438827515,
          "z": 1.031618356704712
        },
        "rotation_quaternion": {
          "w": 0.7193840146064758,
          "x": -0.5714887976646423,
          "y": 0.38992729783058167,
          "z": -0.062000345438718796
        },
        "matrix": [
          [
            0.6882266998291016,
            -0.35647305846214294,
            0.6318787932395935,
            0.38891252875328064
          ],
          [
            -0.5348806381225586,
            0.33911392092704773,
            0.7738894820213318,
            -0.19351287186145782
          ],
          [
            -0.4901534616947174,
            -0.8705968856811523,
            0.042717888951301575,
            1.0747421979904175
          ],
          [
            0.0,
            0.0,
            0.0,
            1.0
          ]
        ]
      },
      "bone_length_armature_space": 0.049533925223476716,
      "parent": "lowerarm_l",
      "has_children": true,
      "is_end_bone": false
    },
    "thumb_01_l": {
      "name": "thumb_01_l",
      "local": {
        "location": {
          "x": 0.0,
          "y": 0.0,
          "z": 0.0
        },
        "rotation_quaternion": {
          "w": 0.9995241165161133,
          "x": -0.019984859973192215,
          "y": 0.020865876227617264,
          "z": -0.010810965672135353
        },
        "scale": {
          "x": 1.0,
          "y": 1.0,
          "z": 1.0
        },
        "matrix_basis": [
          [
            0.9988954663276672,
            0.020777639001607895,
            0.04214400425553322,
            0.0
          ],
          [
            -0.022445645183324814,
            0.9989674687385559,
            0.039499539881944656,
            0.0
          ],
          [
            -0.041279781609773636,
            -0.04040186107158661,
            0.9983304142951965,
            0.0
          ],
          [
            0.0,
            0.0,
            0.0,
            1.0
          ]
        ],
        "rotation_mode": "QUATERNION"
      },
      "armature_space": {
        "head": {
          "x": 0.371255099773407,
          "y": -0.23995931446552277,
          "z": 0.08176429569721222
        },
        "tail": {
          "x": 0.3748864531517029,
          "y": -0.2102232426404953,
          "z": 0.0656023696064949
        }
      },
      "world_space": {
        "head": {
          "x": 0.371255099773407,
          "y": -0.17671531438827515,
          "z": 1.031618356704712
        },
        "tail": {
          "x": 0.3748864531517029,
          "y": -0.14697924256324768,
          "z": 1.0154564380645752
        },
        "rotation_quaternion": {
          "w": 0.3708513677120209,
          "x": -0.04307569935917854,
          "y": 0.8940181732177734,
          "z": -0.2476796656847
        },
        "matrix": [
          [
            -0.721227765083313,
            0.10668332874774933,
            0.6844333410263062,
            0.371255099773407
          ],
          [
            -0.26072585582733154,
            0.8735989928245544,
            -0.41091054677963257,
            -0.17671531438827515
          ],
          [
            -0.6417622566223145,
            -0.47481203079223633,
            -0.602253258228302,
            1.031618356704712
          ],
          [
            0.0,
            0.0,
            0.0,
            1.0
          ]
        ]
      },
      "bone_length_armature_space": 0.03403863347875445,
      "parent": "metacarpal_thumb_l",
      "has_children": true,
      "is_end_bone": false
    },
    "thumb_02_l": {
      "name": "thumb_02_l",
      "local": {
        "location": {
          "x": 0.0,
          "y": 0.0,
          "z": 0.0
        },
        "rotation_quaternion": {
          "w": 0.9970417022705078,
          "x": 0.07684508711099625,
          "y": 0.0009456680854782462,
          "z": -0.0013468594988808036
        },
        "scale": {
          "x": 1.0,
          "y": 1.0,
          "z": 1.0
        },
        "matrix_basis": [
          [
            0.9999945759773254,
            0.002831090008839965,
            0.0016787420026957989,
            0.0
          ],
          [
            -0.002540410263463855,
            0.9881860613822937,
            -0.15323805809020996,
            0.0
          ],
          [
            -0.0020927400328218937,
            0.15323296189308167,
            0.988187849521637,
            0.0
          ],
          [
            0.0,
            0.0,
            0.0,
            1.0
          ]
        ],
        "rotation_mode": "QUATERNION"
      },
      "armature_space": {
        "head": {
          "x": 0.3748864531517029,
          "y": -0.2102232426404953,
          "z": 0.06560242921113968
        },
        "tail": {
          "x": 0.37513628602027893,
          "y": -0.21575577557086945,
          "z": 0.025821387767791748
        }
      },
      "world_space": {
        "head": {
          "x": 0.3748864531517029,
          "y": -0.14697924256324768,
          "z": 1.0154564380645752
        },
        "tail": {
          "x": 0.37513628602027893,
          "y": -0.15251177549362183,
          "z": 0.9756754040718079
        },
        "rotation_quaternion": {
          "w": 0.0006547924131155014,
          "x": 0.003984582610428333,
          "y": 0.6566020846366882,
          "z": -0.7542263865470886
        },
        "matrix": [
          [
            -0.9999672770500183,
            0.006220144685357809,
            -0.005150725599378347,
            0.3748864531517029
          ],
          [
            0.004244652576744556,
            -0.1377471387386322,
            -0.9904585480690002,
            -0.14697924256324768
          ],
          [
            -0.006870382931083441,
            -0.990455150604248,
            0.13771624863147736,
            1.0154564380645752
          ],
          [
            0.0,
            0.0,
            0.0,
            1.0
          ]
        ]
      },
      "bone_length_armature_space": 0.04016469339385128,
      "parent": "thumb_01_l",
      "has_children": true,
      "is_end_bone": false
    },
    "thumb_03_l": {
      "name": "thumb_03_l",
      "local": {
        "location": {
          "x": 0.0,
          "y": 0.0,
          "z": 0.0
        },
        "rotation_quaternion": {
          "w": 0.9978832602500916,
          "x": 0.06497614830732346,
          "y": -0.0025723769795149565,
          "z": -0.000759382382966578
        },
        "scale": {
          "x": 1.0,
          "y": 1.0,
          "z": 1.0
        },
        "matrix_basis": [
          [
            0.9999856352806091,
            0.0011812635930255055,
            -0.005232547409832478,
            0.0
          ],
          [
            -0.001849836204200983,
            0.9915550351142883,
            -0.1296733170747757,
            0.0
          ],
          [
            0.005035180598497391,
            0.12968112528324127,
            0.9915429949760437,
            0.0
          ],
          [
            0.0,
            0.0,
            0.0,
            1.0
          ]
        ],
        "rotation_mode": "QUATERNION"
      },
      "armature_space": {
        "head": {
          "x": 0.37513622641563416,
          "y": -0.21575570106506348,
          "z": 0.025821425020694733
        },
        "tail": {
          "x": 0.3785555064678192,
          "y": -0.2312227338552475,
          "z": -0.00017820857465267181
        }
      },
      "world_space": {
        "head": {
          "x": 0.37513622641563416,
          "y": -0.15251170098781586,
          "z": 0.9756754636764526
        },
        "tail": {
          "x": 0.3785555064678192,
          "y": -0.16797873377799988,
          "z": 0.9496757984161377
        },
        "rotation_quaternion": {
          "w": 0.05502874776721001,
          "x": -0.2080473005771637,
          "y": -0.49290499091148376,
          "z": 0.8430497050285339
        },
        "matrix": [
          [
            -0.9073765873908997,
            0.1123107373714447,
            -0.4050355851650238,
            0.37513622641563416
          ],
          [
            0.2978781461715698,
            -0.5080338716506958,
            -0.8081897497177124,
            -0.15251170098781586
          ],
          [
            -0.29654204845428467,
            -0.8539901971817017,
            0.4275254011154175,
            0.9756754636764526
          ],
          [
            0.0,
            0.0,
            0.0,
            1.0
          ]
        ]
      },
      "bone_length_armature_space": 0.03044505732320424,
      "parent": "thumb_02_l",
      "has_children": false,
      "is_end_bone": true
    },
    "metacarpal_index_l": {
      "name": "metacarpal_index_l",
      "local": {
        "location": {
          "x": 0.0,
          "y": 0.0,
          "z": 0.0
        },
        "rotation_quaternion": {
          "w": 0.9989746809005737,
          "x": -0.04340340569615364,
          "y": -0.006587431766092777,
          "z": -0.011060940101742744
        },
        "scale": {
          "x": 1.0,
          "y": 1.0,
          "z": 1.0
        },
        "matrix_basis": [
          [
            0.999668538570404,
            0.022671032696962357,
            -0.012201189994812012,
            0.0
          ],
          [
            -0.02152736485004425,
            0.995987594127655,
            0.08686353266239166,
            0.0
          ],
          [
            0.014121520332992077,
            -0.0865720808506012,
            0.996145486831665,
            0.0
          ],
          [
            0.0,
            0.0,
            0.0,
            1.0
          ]
        ],
        "rotation_mode": "QUATERNION"
      },
      "armature_space": {
        "head": {
          "x": 0.38891252875328064,
          "y": -0.25675687193870544,
          "z": 0.12488815188407898
        },
        "tail": {
          "x": 0.36716243624687195,
          "y": -0.2654130458831787,
          "z": 0.010077811777591705
        }
      },
      "world_space": {
        "head": {
          "x": 0.38891252875328064,
          "y": -0.19351287186145782,
          "z": 1.0747421979904175
        },
        "tail": {
          "x": 0.36716243624687195,
          "y": -0.2021690458059311,
          "z": 0.9599318504333496
        },
        "rotation_quaternion": {
          "w": 0.6766871213912964,
          "x": -0.7303281426429749,
          "y": 0.0718119665980339,
          "z": 0.059653155505657196
        },
        "matrix": [
          [
            0.9825690388679504,
            -0.18562577664852142,
            0.010056808590888977,
            0.38891252875328064
          ],
          [
            -0.024160735309123993,
            -0.0738760232925415,
            0.9969749450683594,
            -0.19351287186145782
          ],
          [
            -0.18432235717773438,
            -0.979846715927124,
            -0.07707275450229645,
            1.0747421979904175
          ],
          [
            0.0,
            0.0,
            0.0,
            1.0
          ]
        ]
      },
      "bone_length_armature_space": 0.11717256643963266,
      "parent": "lowerarm_l",
      "has_children": true,
      "is_end_bone": false
    },
    "index_01_l": {
      "name": "index_01_l",
      "local": {
        "location": {
          "x": 0.0,
          "y": 0.0,
          "z": 0.0
        },
        "rotation_quaternion": {
          "w": 0.9916889667510986,
          "x": -0.12528769671916962,
          "y": -0.01667051948606968,
          "z": 0.024046599864959717
        },
        "scale": {
          "x": 1.0,
          "y": 1.0,
          "z": 1.0
        },
        "matrix_basis": [
          [
            0.9982877373695374,
            -0.04351627454161644,
            -0.03908942639827728,
            0.0
          ],
          [
            0.051870718598365784,
            0.9674494862556458,
            0.2476911097764969,
            0.0
          ],
          [
            0.02703845500946045,
            -0.24929459393024445,
            0.9680501818656921,
            0.0
          ],
          [
            0.0,
            0.0,
            0.0,
            1.0
          ]
        ],
        "rotation_mode": "QUATERNION"
      },
      "armature_space": {
        "head": {
          "x": 0.36716243624687195,
          "y": -0.2654130458831787,
          "z": 0.010077811777591705
        },
        "tail": {
          "x": 0.3701639175415039,
          "y": -0.27813881635665894,
          "z": -0.015262367203831673
        }
      },
      "world_space": {
        "head": {
          "x": 0.36716243624687195,
          "y": -0.2021690458059311,
          "z": 0.9599318504333496
        },
        "tail": {
          "x": 0.3701639175415039,
          "y": -0.21489481627941132,
          "z": 0.9345916509628296
        },
        "rotation_quaternion": {
          "w": 0.5251091122627258,
          "x": -0.8491210341453552,
          "y": -0.03337439149618149,
          "z": -0.04626120254397392
        },
        "matrix": [
          [
            0.9934921860694885,
            0.10526208579540253,
            0.04351165518164635,
            0.36716243624687195
          ],
          [
            0.00809415802359581,
            -0.4462937116622925,
            0.8948501944541931,
            -0.2021690458059311
          ],
          [
            0.11361385881900787,
            -0.8886810541152954,
            -0.44424355030059814,
            0.9599318504333496
          ],
          [
            0.0,
            0.0,
            0.0,
            1.0
          ]
        ]
      },
      "bone_length_armature_space": 0.028514536772821394,
      "parent": "metacarpal_index_l",
      "has_children": true,
      "is_end_bone": false
    },
    "index_02_l": {
      "name": "index_02_l",
      "local": {
        "location": {
          "x": 0.0,
          "y": 0.0,
          "z": 0.0
        },
        "rotation_quaternion": {
          "w": 0.9997199177742004,
          "x": 0.021341660991311073,
          "y": -0.01016734354197979,
          "z": -0.0011372414883226156
        },
        "scale": {
          "x": 1.0,
          "y": 1.0,
          "z": 1.0
        },
        "matrix_basis": [
          [
            0.9997906684875488,
            0.0018398698884993792,
            -0.02037753351032734,
            0.0
          ],
          [
            -0.0027078220155090094,
            0.9990864992141724,
            -0.04264824092388153,
            0.0
          ],
          [
            0.020280450582504272,
            0.042694494128227234,
            0.9988822937011719,
            0.0
          ],
          [
            0.0,
            0.0,
            0.0,
            1.0
          ]
        ],
        "rotation_mode": "QUATERNION"
      },
      "armature_space": {
        "head": {
          "x": 0.3701637089252472,
          "y": -0.2781386971473694,
          "z": -0.015262874774634838
        },
        "tail": {
          "x": 0.373639851808548,
          "y": -0.2893882393836975,
          "z": -0.038054581731557846
        }
      },
      "world_space": {
        "head": {
          "x": 0.3701637089252472,
          "y": -0.21489469707012177,
          "z": 0.9345911145210266
        },
        "tail": {
          "x": 0.373639851808548,
          "y": -0.2261442393064499,
          "z": 0.911799430847168
        },
        "rotation_quaternion": {
          "w": 0.5253194570541382,
          "x": -0.8479143381118774,
          "y": -0.06912419945001602,
          "z": -0.017401427030563354
        },
        "matrix": [
          [
            0.9898380637168884,
            0.13550537824630737,
            -0.04311548173427582,
            0.3701637089252472
          ],
          [
            0.09894098341464996,
            -0.43852320313453674,
            0.8932573199272156,
            -0.21489469707012177
          ],
          [
            0.10213510692119598,
            -0.8884524703025818,
            -0.447476327419281,
            0.9345911145210266
          ],
          [
            0.0,
            0.0,
            0.0,
            1.0
          ]
        ]
      },
      "bone_length_armature_space": 0.02565341383641792,
      "parent": "index_01_l",
      "has_children": true,
      "is_end_bone": false
    },
    "index_03_l": {
      "name": "index_03_l",
      "local": {
        "location": {
          "x": 0.0,
          "y": 0.0,
          "z": 0.0
        },
        "rotation_quaternion": {
          "w": 0.9986507892608643,
          "x": 0.051833074539899826,
          "y": -0.0008230289095081389,
          "z": 0.0030464266892522573
        },
        "scale": {
          "x": 1.0,
          "y": 1.0,
          "z": 1.0
        },
        "matrix_basis": [
          [
            0.999980092048645,
            -0.006169952917844057,
            -0.0013280255952849984,
            0.0
          ],
          [
            0.005999312736093998,
            0.9946081042289734,
            -0.10353129357099533,
            0.0
          ],
          [
            0.0019596482161432505,
            0.10352126508951187,
            0.9946253299713135,
            0.0
          ],
          [
            0.0,
            0.0,
            0.0,
            1.0
          ]
        ],
        "rotation_mode": "QUATERNION"
      },
      "armature_space": {
        "head": {
          "x": 0.373639851808548,
          "y": -0.28938835859298706,
          "z": -0.038054510951042175
        },
        "tail": {
          "x": 0.37990278005599976,
          "y": -0.2966667413711548,
          "z": -0.06565059721469879
        }
      },
      "world_space": {
        "head": {
          "x": 0.373639851808548,
          "y": -0.22614435851573944,
          "z": 0.9117994904518127
        },
        "tail": {
          "x": 0.37990278005599976,
          "y": -0.23342274129390717,
          "z": 0.8842034339904785
        },
        "rotation_quaternion": {
          "w": 0.6061612367630005,
          "x": -0.787973165512085,
          "y": -0.08954840153455734,
          "z": -0.0603988878428936
        },
        "matrix": [
          [
            0.9766660928726196,
            0.21434636414051056,
            -0.013377439230680466,
            0.373639851808548
          ],
          [
            0.06790202111005783,
            -0.24909992516040802,
            0.9660947322845459,
            -0.22614435851573944
          ],
          [
            0.20374831557273865,
            -0.9444670677185059,
            -0.2578429579734802,
            0.9117994904518127
          ],
          [
            0.0,
            0.0,
            0.0,
            1.0
          ]
        ]
      },
      "bone_length_armature_space": 0.029218882755398533,
      "parent": "index_02_l",
      "has_children": false,
      "is_end_bone": true
    },
    "metacarpal_pinky_l": {
      "name": "metacarpal_pinky_l",
      "local": {
        "location": {
          "x": 0.0,
          "y": 0.0,
          "z": 0.0
        },
        "rotation_quaternion": {
          "w": 0.9998337030410767,
          "x": -0.005101217422634363,
          "y": 0.016990892589092255,
          "z": -0.004245822783559561
        },
        "scale": {
          "x": 1.0,
          "y": 1.0,
          "z": 1.0
        },
        "matrix_basis": [
          [
            0.9993865489959717,
            0.008316884748637676,
            0.03401945158839226,
            0.0
          ],
          [
            -0.008663581684231758,
            0.999911904335022,
            0.010056457482278347,
            0.0
          ],
          [
            -0.03393281623721123,
            -0.010345018468797207,
            0.9993705749511719,
            0.0
          ],
          [
            0.0,
            0.0,
            0.0,
            1.0
          ]
        ],
        "rotation_mode": "QUATERNION"
      },
      "armature_space": {
        "head": {
          "x": 0.38891252875328064,
          "y": -0.25675687193870544,
          "z": 0.12488815188407898
        },
        "tail": {
          "x": 0.41613468527793884,
          "y": -0.2944399416446686,
          "z": 0.03170934319496155
        }
      },
      "world_space": {
        "head": {
          "x": 0.38891252875328064,
          "y": -0.19351287186145782,
          "z": 1.0747421979904175
        },
        "tail": {
          "x": 0.41613468527793884,
          "y": -0.23119594156742096,
          "z": 0.9815633296966553
        },
        "rotation_quaternion": {
          "w": 0.1593230962753296,
          "x": -0.44542738795280457,
          "y": -0.5419186949729919,
          "z": 0.6946471929550171
        },
        "matrix": [
          [
            -0.5524229407310486,
            0.2614228427410126,
            -0.7915093302726746,
            0.38891252875328064
          ],
          [
            0.7041161060333252,
            -0.36188215017318726,
            -0.6109519004821777,
            -0.19351287186145782
          ],
          [
            -0.44615253806114197,
            -0.8948249816894531,
            0.015839315950870514,
            1.0747421979904175
          ],
          [
            0.0,
            0.0,
            0.0,
            1.0
          ]
        ]
      },
      "bone_length_armature_space": 0.10413140554462848,
      "parent": "lowerarm_l",
      "has_children": true,
      "is_end_bone": false
    },
    "pinky_01_l": {
      "name": "pinky_01_l",
      "local": {
        "location": {
          "x": 0.0,
          "y": 0.0,
          "z": 0.0
        },
        "rotation_quaternion": {
          "w": 0.9589986801147461,
          "x": 0.28214144706726074,
          "y": 0.020769745111465454,
          "z": 0.016928326338529587
        },
        "scale": {
          "x": 1.0,
          "y": 1.0,
          "z": 1.0
        },
        "matrix_basis": [
          [
            0.9985641241073608,
            -0.020748473703861237,
            0.04938868060708046,
            0.0
          ],
          [
            0.044188495725393295,
            0.840219259262085,
            -0.5404433608055115,
            0.0
          ],
          [
            -0.03028395213186741,
            0.5418497323989868,
            0.8399296402931213,
            0.0
          ],
          [
            0.0,
            0.0,
            0.0,
            1.0
          ]
        ],
        "rotation_mode": "QUATERNION"
      },
      "armature_space": {
        "head": {
