{
  "metadata": {
    "armature_name": "KIM_caucasian_male",
    "export_time": "2026-01-13T21:04:01.947623",
    "blender_version": "4.4.1",
    "bone_count": 56,
    "end_bone_count": 13,
    "spaces_included": [
      "LOCAL_CHANNELS",
      "ARMATURE_SPACE",
      "WORLD_SPACE"
    ],
    "note": "LOCAL matches Transform panel; replay pose via local.matrix_basis for best fidelity."
  },
  "bones": {
    "Root": {
      "name": "Root",
      "local": {
        "location": {
          "x": 0.0,
          "y": 0.0,
          "z": 0.0
        },
        "rotation_quaternion": {
          "w": 0.9995924830436707,
          "x": -0.013806727714836597,
          "y": 0.007880661636590958,
          "z": 0.023712893947958946
        },
        "scale": {
          "x": 1.0,
          "y": 1.0,
          "z": 1.0
        },
        "matrix_basis": [
          [
            0.998751163482666,
            -0.047624073922634125,
            0.015100105665624142,
            0.0
          ],
          [
            0.04718884825706482,
            0.9984941482543945,
            0.02797594852745533,
            0.0
          ],
          [
            -0.016409695148468018,
            -0.027228455990552902,
            0.9994945526123047,
            0.0
          ],
          [
            0.0,
            0.0,
            0.0,
            1.0
          ]
        ],
        "rotation_mode": "QUATERNION"
      },
      "armature_space": {
        "head": {
          "x": 0.0,
          "y": 0.07072800397872925,
          "z": -0.009595036506652832
        },
        "tail": {
          "x": -0.0033992095850408077,
          "y": 0.0003677681088447571,
          "z": 0.0019113793969154358
        }
      },
      "world_space": {
        "head": {
          "x": 0.0,
          "y": 0.13397200405597687,
          "z": 0.9402589797973633
        },
        "tail": {
          "x": -0.0033992095850408077,
          "y": 0.06361176818609238,
          "z": 0.9517654180526733
        },
        "rotation_quaternion": {
          "w": 0.08111558109521866,
          "x": 0.9963915348052979,
          "y": -0.023128123953938484,
          "z": 0.009460250847041607
        },
        "matrix": [
          [
            0.998751163482666,
            -0.047624073922634125,
            0.015100105665624142,
            0.0
          ],
          [
            -0.04455457255244255,
            -0.9857706427574158,
            -0.16208375990390778,
            0.13397200405597687
          ],
          [
            0.0226044449955225,
            0.16120876371860504,
            -0.9866685271263123,
            0.9402589797973633
          ],
          [
            0.0,
            0.0,
            0.0,
            1.0
          ]
        ]
      },
      "bone_length_armature_space": 0.0713758725768133,
      "parent": null,
      "has_children": true,
      "is_end_bone": false
    },
    "spine_01": {
      "name": "spine_01",
      "local": {
        "location": {
          "x": 0.0,
          "y": 0.0,
          "z": 0.0
        },
        "rotation_quaternion": {
          "w": 0.9956499338150024,
          "x": 0.07651446759700775,
          "y": -0.002574930666014552,
          "z": -0.0531051941215992
        },
        "scale": {
          "x": 1.0,
          "y": 1.0,
          "z": 1.0
        },
        "matrix_basis": [
          [
            0.9943464398384094,
            0.10535432398319244,
            -0.013254090212285519,
            0.0
          ],
          [
            -0.10614240169525146,
            0.9826507568359375,
            -0.15208975970745087,
            0.0
          ],
          [
            -0.0029991723131388426,
            0.15263673663139343,
            0.988277792930603,
            0.0
          ],
          [
            0.0,
            0.0,
            0.0,
            1.0
          ]
        ],
        "rotation_mode": "QUATERNION"
      },
      "armature_space": {
        "head": {
          "x": -0.0033992095850408077,
          "y": 0.0003677681088447571,
          "z": 0.0019113793969154358
        },
        "tail": {
          "x": 0.035293012857437134,
          "y": -0.040287747979164124,
          "z": 0.4866778552532196
        }
      },
      "world_space": {
        "head": {
          "x": -0.0033992095850408077,
          "y": 0.06361176818609238,
          "z": 0.9517654180526733
        },
        "tail": {
          "x": 0.035293012857437134,
          "y": 0.022956252098083496,
          "z": 1.436531901359558
        },
        "rotation_quaternion": {
          "w": 0.6769343614578247,
          "x": 0.7344399094581604,
          "y": 0.010225076228380203,
          "z": -0.047469690442085266
        },
        "matrix": [
          [
            0.9952841401100159,
            0.07928714156150818,
            -0.05588328465819359,
            -0.0033992095850408077
          ],
          [
            -0.049247775226831436,
            -0.08331027626991272,
            -0.9953060150146484,
            0.06361176818609238
          ],
          [
            -0.08357126265764236,
            0.9933714270591736,
            -0.07901416718959808,
            0.9517654180526733
          ],
          [
            0.0,
            0.0,
            0.0,
            1.0
          ]
        ]
      },
      "bone_length_armature_space": 0.48800460870371,
      "parent": "Root",
      "has_children": true,
      "is_end_bone": false
    },
    "neck_01": {
      "name": "neck_01",
      "local": {
        "location": {
          "x": 0.0,
          "y": 0.0,
          "z": 0.0
        },
        "rotation_quaternion": {
          "w": 0.9971215724945068,
          "x": 0.023071112111210823,
          "y": -0.0515144057571888,
          "z": 0.050623878836631775
        },
        "scale": {
          "x": 1.0,
          "y": 1.0,
          "z": 1.0
        },
        "matrix_basis": [
          [
            0.98956698179245,
            -0.10333330929279327,
            -0.10039635002613068,
            0.0
          ],
          [
            0.09857933223247528,
            0.9938098788261414,
            -0.051225125789642334,
            0.0
          ],
          [
            0.1050681471824646,
            0.04079369083046913,
            0.9936279654502869,
            0.0
          ],
          [
            0.0,
            0.0,
            0.0,
            1.0
          ]
        ],
        "rotation_mode": "QUATERNION"
      },
      "armature_space": {
        "head": {
          "x": 0.03916023671627045,
          "y": -0.0809052512049675,
          "z": 0.5566707253456116
        },
        "tail": {
          "x": 0.033578015863895416,
          "y": -0.1304618865251541,
          "z": 0.6462458968162537
        }
      },
      "world_space": {
        "head": {
          "x": 0.03916023671627045,
          "y": -0.01766125112771988,
          "z": 1.5065248012542725
        },
        "tail": {
          "x": 0.033578015863895416,
          "y": -0.0672178864479065,
          "z": 1.596099853515625
        },
        "rotation_quaternion": {
          "w": 0.5032942891120911,
          "x": 0.8586345911026001,
          "y": -0.07074851542711258,
          "z": -0.06660616397857666
        },
        "matrix": [
          [
            0.9811164736747742,
            -0.054449357092380524,
            -0.18559537827968597,
            0.03916023671627045
          ],
          [
            -0.18853934109210968,
            -0.4833787679672241,
            -0.8548672795295715,
            -0.01766125112771988
          ],
          [
            -0.0431663803756237,
            0.8737220168113708,
            -0.48452094197273254,
            1.5065248012542725
          ],
          [
            0.0,
            0.0,
            0.0,
            1.0
          ]
        ]
      },
      "bone_length_armature_space": 0.102521862332284,
      "parent": "spine_01",
      "has_children": true,
      "is_end_bone": false
    },
    "head": {
      "name": "head",
      "local": {
        "location": {
          "x": 0.0,
          "y": 0.0,
          "z": 0.0
        },
        "rotation_quaternion": {
          "w": 0.9942464828491211,
          "x": -0.09660632163286209,
          "y": 0.03878317028284073,
          "z": -0.025242045521736145
        },
        "scale": {
          "x": 1.0,
          "y": 1.0,
          "z": 1.0
        },
        "matrix_basis": [
          [
            0.9957174062728882,
            0.042700231075286865,
            0.08199714124202728,
            0.0
          ],
          [
            -0.057687029242515564,
            0.9800601005554199,
            0.19014306366443634,
            0.0
          ],
          [
            -0.07224297523498535,
            -0.19405892491340637,
            0.978326141834259,
            0.0
          ],
          [
            0.0,
            0.0,
            0.0,
            1.0
          ]
        ],
        "rotation_mode": "QUATERNION"
      },
      "armature_space": {
        "head": {
          "x": 0.03357798978686333,
          "y": -0.13046199083328247,
          "z": 0.6462457180023193
        },
        "tail": {
          "x": 0.04834841936826706,
          "y": -0.12401296198368073,
          "z": 0.8004973530769348
        }
      },
      "world_space": {
        "head": {
          "x": 0.03357798978686333,
          "y": -0.06721799075603485,
          "z": 1.5960997343063354
        },
        "tail": {
          "x": 0.04834841936826706,
          "y": -0.060768961906433105,
          "z": 1.7503514289855957
        },
        "rotation_quaternion": {
          "w": 0.7216315865516663,
          "x": 0.6885014772415161,
          "y": -0.006234069354832172,
          "z": -0.07193560898303986
        },
        "matrix": [
          [
            0.9895727038383484,
            0.09523767232894897,
            -0.10805360972881317,
            0.03357798978686333
          ],
          [
            -0.11240705102682114,
            0.04158245027065277,
            -0.9927918910980225,
            -0.06721799075603485
          ],
          [
            -0.09005880355834961,
            0.9945928454399109,
            0.051853716373443604,
            1.5960997343063354
          ],
          [
            0.0,
            0.0,
            0.0,
            1.0
          ]
        ]
      },
      "bone_length_armature_space": 0.15509133610002548,
      "parent": "neck_01",
      "has_children": false,
      "is_end_bone": true
    },
    "upperarm_l": {
      "name": "upperarm_l",
      "local": {
        "location": {
          "x": 0.0,
          "y": 0.0,
          "z": 0.0
        },
        "rotation_quaternion": {
          "w": 0.9331706166267395,
          "x": 0.1502847820520401,
          "y": 0.1845262497663498,
          "z": 0.26936450600624084
        },
        "scale": {
          "x": 1.0,
          "y": 1.0,
          "z": 1.0
        },
        "matrix_basis": [
          [
            0.7867856621742249,
            -0.44726312160491943,
            0.42535170912742615,
            0.0
          ],
          [
            0.5581890344619751,
            0.8097144961357117,
            -0.18107303977012634,
            0.0
          ],
          [
            -0.26342618465423584,
            0.3798923194408417,
            0.8867291212081909,
            0.0
          ],
          [
            0.0,
            0.0,
            0.0,
            1.0
          ]
        ],
        "rotation_mode": "QUATERNION"
      },
      "armature_space": {
        "head": {
          "x": 0.18294593691825867,
          "y": -0.08586747944355011,
          "z": 0.4771208167076111
        },
        "tail": {
          "x": 0.40887555480003357,
          "y": -0.20185816287994385,
          "z": 0.5626174211502075
        }
      },
      "world_space": {
        "head": {
          "x": 0.18294593691825867,
          "y": -0.02262347936630249,
          "z": 1.4269747734069824
        },
        "tail": {
          "x": 0.40887555480003357,
          "y": -0.13861416280269623,
          "z": 1.5124714374542236
        },
        "rotation_quaternion": {
          "w": 0.37128880620002747,
          "x": 0.7763478755950928,
          "y": 0.38173148036003113,
          "z": -0.33720898628234863
        },
        "matrix": [
          [
            0.48114198446273804,
            0.8431171178817749,
            -0.24011635780334473,
            0.18294593691825867
          ],
          [
            0.3423101305961609,
            -0.4328504502773285,
            -0.833945095539093,
            -0.02262347936630249
          ],
          [
            -0.8070533275604248,
            0.31905362010002136,
            -0.4968743622303009,
            1.4269747734069824
          ],
          [
            0.0,
            0.0,
            0.0,
            1.0
          ]
        ]
      },
      "bone_length_armature_space": 0.26796958734837484,
      "parent": "spine_01",
      "has_children": true,
      "is_end_bone": false
    },
    "lowerarm_l": {
      "name": "lowerarm_l",
      "local": {
        "location": {
          "x": 0.0,
          "y": 0.0,
          "z": 0.0
        },
        "rotation_quaternion": {
          "w": 0.8993513584136963,
          "x": 0.3946235179901123,
          "y": 0.17374467849731445,
          "z": -0.07247341424226761
        },
        "scale": {
          "x": 1.0,
          "y": 1.0,
          "z": 1.0
        },
        "matrix_basis": [
          [
            0.9291207790374756,
            0.2674855887889862,
            0.2553156018257141,
            0.0
          ],
          [
            0.006769345607608557,
            0.6780397891998291,
            -0.734994113445282,
            0.0
          ],
          [
            -0.3697144389152527,
            0.6846266388893127,
            0.6281701326370239,
            0.0
          ],
          [
            0.0,
            0.0,
            0.0,
            1.0
          ]
        ],
        "rotation_mode": "QUATERNION"
      },
      "armature_space": {
        "head": {
          "x": 0.40887555480003357,
          "y": -0.2018582969903946,
          "z": 0.5626175403594971
        },
        "tail": {
          "x": 0.5095332264900208,
          "y": -0.4363989233970642,
          "z": 0.48244136571884155
        }
      },
      "world_space": {
        "head": {
          "x": 0.40887555480003357,
          "y": -0.13861429691314697,
          "z": 1.5124715566635132
        },
        "tail": {
          "x": 0.5095332264900208,
          "y": -0.3731549382209778,
          "z": 1.432295322418213
        },
        "rotation_quaternion": {
          "w": 0.06794414669275284,
          "x": -0.8939346671104431,
          "y": -0.2388095259666443,
          "z": 0.37314146757125854
        },
        "matrix": [
          [
            0.6074704527854919,
            0.37625592947006226,
            -0.6995791792869568,
            0.40887555480003357
          ],
          [
            0.4776659607887268,
            -0.876707136631012,
            -0.056746065616607666,
            -0.13861429691314697
          ],
          [
            -0.6346811652183533,
            -0.2996966242790222,
            -0.7123034596443176,
            1.5124715566635132
          ],
          [
            0.0,
            0.0,
            0.0,
            1.0
          ]
        ]
      },
      "bone_length_armature_space": 0.2675247495904979,
      "parent": "upperarm_l",
      "has_children": true,
      "is_end_bone": false
    },
    "metacarpal_thumb_l": {
      "name": "metacarpal_thumb_l",
      "local": {
        "location": {
          "x": 0.0,
          "y": 0.0,
          "z": 0.0
        },
        "rotation_quaternion": {
          "w": 0.9981434345245361,
          "x": -0.06053992360830307,
          "y": 0.004636956844478846,
          "z": -0.004819523077458143
        },
        "scale": {
          "x": 1.0,
          "y": 1.0,
          "z": 1.0
        },
        "matrix_basis": [
          [
            0.9999105334281921,
            0.009059708565473557,
            0.009840243496000767,
            0.0
          ],
          [
            -0.010182593017816544,
            0.9926233887672424,
            0.1208103597164154,
            0.0
          ],
          [
            -0.008673149161040783,
            -0.1208997517824173,
            0.9926268458366394,
            0.0
          ],
          [
            0.0,
            0.0,
            0.0,
            1.0
          ]
        ],
        "rotation_mode": "QUATERNION"
      },
      "armature_space": {
        "head": {
          "x": 0.5095332264900208,
          "y": -0.4363989233970642,
          "z": 0.48244136571884155
        },
        "tail": {
          "x": 0.5063446760177612,
          "y": -0.4717296063899994,
          "z": 0.4478699862957001
        }
      },
      "world_space": {
        "head": {
          "x": 0.5095332264900208,
          "y": -0.3731549382209778,
          "z": 1.432295322418213
        },
        "tail": {
          "x": 0.5063446760177612,
          "y": -0.4084855914115906,
          "z": 1.3977240324020386
        },
        "rotation_quaternion": {
          "w": 0.3516567051410675,
          "x": -0.8874701261520386,
          "y": 0.14037387073040009,
          "z": -0.262734979391098
        },
        "matrix": [
          [
            0.8225311040878296,
            -0.06437090784311295,
            0.5650653839111328,
            0.5095332264900208
          ],
          [
            -0.43394017219543457,
            -0.713266134262085,
            0.5504066348075867,
            -0.3731549382209778
          ],
          [
            0.36761409044265747,
            -0.6979367733001709,
            -0.6146206855773926,
            1.432295322418213
          ],
          [
            0.0,
            0.0,
            0.0,
            1.0
          ]
        ]
      },
      "bone_length_armature_space": 0.04953386924061446,
      "parent": "lowerarm_l",
      "has_children": true,
      "is_end_bone": false
    },
    "thumb_01_l": {
      "name": "thumb_01_l",
      "local": {
        "location": {
          "x": 0.0,
          "y": 0.0,
          "z": 0.0
        },
        "rotation_quaternion": {
          "w": 0.9996907711029053,
          "x": -0.011247614398598671,
          "y": -0.016537560150027275,
          "z": 0.014780042693018913
        },
        "scale": {
          "x": 1.0,
          "y": 1.0,
          "z": 1.0
        },
        "matrix_basis": [
          [
            0.9990161061286926,
            -0.029178928583860397,
            -0.0333973728120327,
            0.0
          ],
          [
            0.029922960326075554,
            0.9993100762367249,
            0.0219994205981493,
            0.0
          ],
          [
            0.032732412219047546,
            -0.022977124899625778,
            0.9991999864578247,
            0.0
          ],
          [
            0.0,
            0.0,
            0.0,
            1.0
          ]
        ],
        "rotation_mode": "QUATERNION"
      },
      "armature_space": {
        "head": {
          "x": 0.5063446760177612,
          "y": -0.4717296063899994,
          "z": 0.4478699862957001
        },
        "tail": {
          "x": 0.5155125856399536,
          "y": -0.4708429276943207,
          "z": 0.4151010513305664
        }
      },
      "world_space": {
        "head": {
          "x": 0.5063446760177612,
          "y": -0.4084855914115906,
          "z": 1.3977240324020386
        },
        "tail": {
          "x": 0.5155125856399536,
          "y": -0.40759891271591187,
          "z": 1.3649550676345825
        },
        "rotation_quaternion": {
          "w": 0.4665423035621643,
          "x": -0.2950720191001892,
          "y": 0.5434727668762207,
          "z": -0.632382869720459
        },
        "matrix": [
          [
            -0.39053934812545776,
            0.2693392336368561,
            0.8803040981292725,
            0.5063446760177612
          ],
          [
            -0.9107948541641235,
            0.02604946866631508,
            -0.41203656792640686,
            -0.4084855914115906
          ],
          [
            -0.13391081988811493,
            -0.9626999497413635,
            0.23514077067375183,
            1.3977240324020386
          ],
          [
            0.0,
            0.0,
            0.0,
            1.0
          ]
        ]
      },
      "bone_length_armature_space": 0.03403879875255269,
      "parent": "metacarpal_thumb_l",
      "has_children": true,
      "is_end_bone": false
    },
    "thumb_02_l": {
      "name": "thumb_02_l",
      "local": {
        "location": {
          "x": 0.0,
          "y": 0.0,
          "z": 0.0
        },
        "rotation_quaternion": {
          "w": 0.9969762563705444,
          "x": 0.07666221261024475,
          "y": -0.012253141030669212,
          "z": 0.0033512162044644356
        },
        "scale": {
          "x": 1.0,
          "y": 1.0,
          "z": 1.0
        },
        "matrix_basis": [
          [
            0.9996772408485413,
            -0.008560871705412865,
            -0.023918358609080315,
            0.0
          ],
          [
            0.004803460091352463,
            0.9882233738899231,
            -0.1529429405927658,
            0.0
          ],
          [
            0.024946004152297974,
            0.15277868509292603,
            0.987945556640625,
            0.0
          ],
          [
            0.0,
            0.0,
            0.0,
            1.0
          ]
        ],
        "rotation_mode": "QUATERNION"
      },
      "armature_space": {
        "head": {
          "x": 0.5155125260353088,
          "y": -0.4708428680896759,
          "z": 0.4151010513305664
        },
        "tail": {
          "x": 0.5325000882148743,
          "y": -0.5055738687515259,
          "z": 0.40422162413597107
        }
      },
      "world_space": {
        "head": {
          "x": 0.5155125260353088,
          "y": -0.4075988531112671,
          "z": 1.3649550676345825
        },
        "tail": {
          "x": 0.5325000882148743,
          "y": -0.44232988357543945,
          "z": 1.3540756702423096
        },
        "rotation_quaternion": {
          "w": 0.21305932104587555,
          "x": 0.039701852947473526,
          "y": 0.14914818108081818,
          "z": -0.9647717475891113
        },
        "matrix": [
          [
            -0.9060589075088501,
            0.4229500889778137,
            -0.013051042333245277,
            0.5155125260353088
          ],
          [
            -0.39926445484161377,
            -0.8647211790084839,
            -0.30470508337020874,
            -0.4075988531112671
          ],
          [
            -0.1401619166135788,
            -0.27087265253067017,
            0.952363908290863,
            1.3649550676345825
          ],
          [
            0.0,
            0.0,
            0.0,
            1.0
          ]
        ]
      },
      "bone_length_armature_space": 0.04016443149518863,
      "parent": "thumb_01_l",
      "has_children": true,
      "is_end_bone": false
    },
    "thumb_03_l": {
      "name": "thumb_03_l",
      "local": {
        "location": {
          "x": 0.0,
          "y": 0.0,
          "z": 0.0
        },
        "rotation_quaternion": {
          "w": 0.9982718825340271,
          "x": 0.0586104691028595,
          "y": -0.00397030683234334,
          "z": 0.0015839549014344811
        },
        "scale": {
          "x": 1.0,
          "y": 1.0,
          "z": 1.0
        },
        "matrix_basis": [
          [
            0.9999634623527527,
            -0.003627838334068656,
            -0.007741218898445368,
            0.0
          ],
          [
            0.0026970321778208017,
            0.9931246042251587,
            -0.11703094094991684,
            0.0
          ],
          [
            0.008112563751637936,
            0.11700578778982162,
            0.9930980801582336,
            0.0
          ],
          [
            0.0,
            0.0,
            0.0,
            1.0
          ]
        ],
        "rotation_mode": "QUATERNION"
      },
      "armature_space": {
        "head": {
          "x": 0.5324999690055847,
          "y": -0.5055738091468811,
          "z": 0.4042215645313263
        },
        "tail": {
          "x": 0.5474452972412109,
          "y": -0.5318223237991333,
          "z": 0.4080353379249573
        }
      },
      "world_space": {
        "head": {
          "x": 0.5324999690055847,
          "y": -0.4423298239707947,
          "z": 1.35407555103302
        },
        "tail": {
          "x": 0.5474452972412109,
          "y": -0.4685783386230469,
          "z": 1.3578894138336182
        },
        "rotation_quaternion": {
          "w": 0.2623597979545593,
          "x": 0.2712602913379669,
          "y": 0.009215413592755795,
          "z": -0.9260131120681763
        },
        "matrix": [
          [
            -0.71517014503479,
            0.49089735746383667,
            -0.4975452125072479,
            0.5324999690055847
          ],
          [
            -0.48089802265167236,
            -0.8621645569801331,
            -0.15940338373184204,
            -0.4423298239707947
          ],
          [
            -0.5072206854820251,
            0.12526819109916687,
            0.8526721000671387,
            1.35407555103302
          ],
          [
            0.0,
            0.0,
            0.0,
            1.0
          ]
        ]
      },
      "bone_length_armature_space": 0.030444904744879948,
      "parent": "thumb_02_l",
      "has_children": false,
      "is_end_bone": true
    },
    "metacarpal_index_l": {
      "name": "metacarpal_index_l",
      "local": {
        "location": {
          "x": 0.0,
          "y": 0.0,
          "z": 0.0
        },
        "rotation_quaternion": {
          "w": 0.9998985528945923,
          "x": -0.0033069332130253315,
          "y": -0.00746832974255085,
          "z": 0.011675332672894001
        },
        "scale": {
          "x": 1.0,
          "y": 1.0,
          "z": 1.0
        },
        "matrix_basis": [
          [
            0.9996158480644226,
            -0.023298902437090874,
            -0.015012362971901894,
            0.0
          ],
          [
            0.023397691547870636,
            0.9997054934501648,
            0.006438804790377617,
            0.0
          ],
          [
            0.014857925474643707,
            -0.006787586025893688,
            0.9998666048049927,
            0.0
          ],
          [
            0.0,
            0.0,
            0.0,
            1.0
          ]
        ],
        "rotation_mode": "QUATERNION"
      },
      "armature_space": {
        "head": {
          "x": 0.5095332264900208,
          "y": -0.4363989233970642,
          "z": 0.48244136571884155
        },
        "tail": {
          "x": 0.5273234248161316,
          "y": -0.534052848815918,
          "z": 0.42017972469329834
        }
      },
      "world_space": {
        "head": {
          "x": 0.5095332264900208,
          "y": -0.3731549382209778,
          "z": 1.432295322418213
        },
        "tail": {
          "x": 0.5273234248161316,
          "y": -0.47080886363983154,
          "z": 1.3700337409973145
        },
        "rotation_quaternion": {
          "w": 0.27976617217063904,
          "x": -0.9570111632347107,
          "y": -0.07084048539400101,
          "z": -0.02902369573712349
        },
        "matrix": [
          [
            0.9882784485816956,
            0.15182995796203613,
            0.015914101153612137,
            0.5095332264900208
          ],
          [
            0.11935091763734818,
            -0.8334254026412964,
            0.5395902991294861,
            -0.3731549382209778
          ],
          [
            0.09518995881080627,
            -0.5313706994056702,
            -0.8417829871177673,
            1.432295322418213
          ],
          [
            0.0,
            0.0,
            0.0,
            1.0
          ]
        ]
      },
      "bone_length_armature_space": 0.11717206448485655,
      "parent": "lowerarm_l",
      "has_children": true,
      "is_end_bone": false
    },
    "index_01_l": {
      "name": "index_01_l",
      "local": {
        "location": {
          "x": 0.0,
          "y": 0.0,
          "z": 0.0
        },
        "rotation_quaternion": {
          "w": 0.9954477548599243,
          "x": -0.09504436701536179,
          "y": 0.006221415940672159,
          "z": -0.0034348717890679836
        },
        "scale": {
          "x": 1.0,
          "y": 1.0,
          "z": 1.0
        },
        "matrix_basis": [
          [
            0.9998989701271057,
            0.005655849818140268,
            0.01303911954164505,
            0.0
          ],
          [
            -0.008021092042326927,
            0.9819095134735107,
            0.1891806572675705,
            0.0
          ],
          [
            -0.011733259074389935,
            -0.1892661452293396,
            0.9818557500839233,
            0.0
          ],
          [
            0.0,
            0.0,
            0.0,
            1.0
          ]
        ],
        "rotation_mode": "QUATERNION"
      },
      "armature_space": {
        "head": {
          "x": 0.5273234248161316,
          "y": -0.534052848815918,
          "z": 0.42017972469329834
        },
        "tail": {
          "x": 0.5403909087181091,
          "y": -0.5589170455932617,
          "z": 0.41527217626571655
        }
      },
      "world_space": {
        "head": {
          "x": 0.5273234248161316,
          "y": -0.47080886363983154,
          "z": 1.3700337409973145
        },
        "tail": {
          "x": 0.5403909087181091,
          "y": -0.4956730604171753,
          "z": 1.365126132965088
        },
        "rotation_quaternion": {
          "w": 0.11923275887966156,
          "x": -0.9591156244277954,
          "y": -0.22313648462295532,
          "z": -0.12684999406337738
        },
        "matrix": [
          [
            0.8682384490966797,
            0.45827680826187134,
            0.19011671841144562,
            0.5273234248161316
          ],
          [
            0.3977784514427185,
            -0.8719874024391174,
            0.2853254973888397,
            -0.47080886363983154
          ],
          [
            0.29653993248939514,
            -0.17210830748081207,
            -0.9393919706344604,
            1.3700337409973145
          ],
          [
            0.0,
            0.0,
            0.0,
            1.0
          ]
        ]
      },
      "bone_length_armature_space": 0.028514407610381702,
      "parent": "metacarpal_index_l",
      "has_children": true,
      "is_end_bone": false
    },
    "index_02_l": {
      "name": "index_02_l",
      "local": {
        "location": {
          "x": 0.0,
          "y": 0.0,
          "z": 0.0
        },
        "rotation_quaternion": {
          "w": 0.9991812705993652,
          "x": 0.04022413119673729,
          "y": 0.0006303732516244054,
          "z": -0.004291518125683069
        },
        "scale": {
          "x": 1.0,
          "y": 1.0,
          "z": 1.0
        },
        "matrix_basis": [
          [
            0.9999623894691467,
            0.008626721799373627,
            0.0009144691284745932,
            0.0
          ],
          [
            -0.008525297045707703,
            0.9967272281646729,
            -0.08038780838251114,
            0.0
          ],
          [
            -0.0016049594851210713,
            0.0803769901394844,
            0.9967632293701172,
            0.0
          ],
          [
            0.0,
            0.0,
            0.0,
            1.0
          ]
        ],
        "rotation_mode": "QUATERNION"
      },
      "armature_space": {
        "head": {
          "x": 0.5403909087181091,
          "y": -0.5589173436164856,
          "z": 0.41527172923088074
        },
        "tail": {
          "x": 0.5531192421913147,
          "y": -0.5805598497390747,
          "z": 0.41001036763191223
        }
      },
      "world_space": {
        "head": {
          "x": 0.5403909087181091,
          "y": -0.49567335844039917,
          "z": 1.3651257753372192
        },
        "tail": {
          "x": 0.5531192421913147,
          "y": -0.5173158645629883,
          "z": 1.359864354133606
        },
        "rotation_quaternion": {
          "w": 0.1311834156513214,
          "x": -0.9556596279144287,
          "y": -0.24690750241279602,
          "z": -0.09242436289787292
        },
        "matrix": [
          [
            0.8609888553619385,
            0.49616822600364685,
            0.11187149584293365,
            0.5403909087181091
          ],
          [
            0.44767048954963684,
            -0.8436552882194519,
            0.2963736057281494,
            -0.49567335844039917
          ],
          [
            0.2414342761039734,
            -0.2050950825214386,
            -0.9485040903091431,
            1.3651257753372192
          ],
          [
            0.0,
            0.0,
            0.0,
            1.0
          ]
        ]
      },
      "bone_length_armature_space": 0.025653273991029218,
      "parent": "index_01_l",
      "has_children": true,
      "is_end_bone": false
    },
    "index_03_l": {
      "name": "index_03_l",
      "local": {
        "location": {
          "x": 0.0,
          "y": 0.0,
          "z": 0.0
        },
        "rotation_quaternion": {
          "w": 0.9998624324798584,
          "x": 0.014357490465044975,
          "y": 0.0046458481810987,
          "z": -0.006886481307446957
        },
        "scale": {
          "x": 1.0,
          "y": 1.0,
          "z": 1.0
        },
        "matrix_basis": [
          [
            0.9998619556427002,
            0.01390447374433279,
            0.009092672728002071,
            0.0
          ],
          [
            -0.0136376628652215,
            0.999492883682251,
            -0.028775017708539963,
            0.0
          ],
          [
            -0.009488163515925407,
            0.0286470428109169,
            0.9995445609092712,
            0.0
          ],
          [
            0.0,
            0.0,
            0.0,
            1.0
          ]
        ],
        "rotation_mode": "QUATERNION"
      },
      "armature_space": {
        "head": {
          "x": 0.5531192421913147,
          "y": -0.5805599093437195,
          "z": 0.41001051664352417
        },
        "tail": {
          "x": 0.5704914927482605,
          "y": -0.6025130748748779,
          "z": 0.401644229888916
        }
      },
      "world_space": {
        "head": {
          "x": 0.5531192421913147,
          "y": -0.5173159241676331,
          "z": 1.3598644733428955
        },
        "tail": {
          "x": 0.5704914927482605,
          "y": -0.5392690896987915,
          "z": 1.3514982461929321
        },
        "rotation_quaternion": {
          "w": 0.19314439594745636,
          "x": -0.9277689456939697,
          "y": -0.29499953985214233,
          "z": -0.12212907522916794
        },
        "matrix": [
          [
            0.7961195707321167,
            0.594559907913208,
            0.11265905946493149,
            0.5531192421913147
          ],
          [
            0.5002064108848572,
            -0.7513409852981567,
            0.43044233322143555,
            -0.5173159241676331
          ],
          [
            0.3405720293521881,
            -0.28633353114128113,
            -0.895565927028656,
            1.3598644733428955
          ],
          [
            0.0,
            0.0,
            0.0,
            1.0
          ]
        ]
      },
      "bone_length_armature_space": 0.029218680865303527,
      "parent": "index_02_l",
      "has_children": false,
      "is_end_bone": true
    },
    "metacarpal_pinky_l": {
      "name": "metacarpal_pinky_l",
      "local": {
        "location": {
          "x": 0.0,
          "y": 0.0,
          "z": 0.0
        },
        "rotation_quaternion": {
          "w": 0.99981689453125,
          "x": -0.003370655467733741,
          "y": -0.017857354134321213,
          "z": -0.0059931338764727116
        },
        "scale": {
          "x": 1.0,
          "y": 1.0,
          "z": 1.0
        },
        "matrix_basis": [
          [
            0.999290406703949,
            0.012104455381631851,
            -0.03566776588559151,
            0.0
          ],
          [
            -0.011863690800964832,
            0.9999054670333862,
            0.00695411954075098,
            0.0
          ],
          [
            0.035748571157455444,
            -0.006526033394038677,
            0.9993395209312439,
            0.0
          ],
          [
            0.0,
            0.0,
            0.0,
            1.0
          ]
        ],
        "rotation_mode": "QUATERNION"
      },
      "armature_space": {
        "head": {
          "x": 0.5095332264900208,
          "y": -0.4363989233970642,
          "z": 0.48244136571884155
        },
        "tail": {
          "x": 0.5693468451499939,
          "y": -0.5211623907089233,
          "z": 0.4734577238559723
        }
      },
      "world_space": {
        "head": {
          "x": 0.5095332264900208,
          "y": -0.3731549382209778,
          "z": 1.432295322418213
        },
        "tail": {
          "x": 0.5693468451499939,
          "y": -0.4579184055328369,
          "z": 1.423311710357666
        },
        "rotation_quaternion": {
          "w": 0.2343781292438507,
          "x": 0.49381014704704285,
          "y": 0.1950947791337967,
          "z": -0.8143442273139954
        },
        "matrix": [
          [
            -0.4024370014667511,
            0.5744087100028992,
            -0.712810754776001,
            0.5095332264900208
          ],
          [
            -0.1890503615140915,
            -0.8140098452568054,
            -0.5492250919342041,
            -0.3731549382209778
          ],
          [
            -0.8957211971282959,
            -0.08627279102802277,
            0.43618232011795044,
            1.432295322418213
          ],
          [
            0.0,
            0.0,
            0.0,
            1.0
          ]
        ]
      },
      "bone_length_armature_space": 0.10413078381419291,
      "parent": "lowerarm_l",
      "has_children": true,
      "is_end_bone": false
    },
    "pinky_01_l": {
      "name": "pinky_01_l",
      "local": {
        "location": {
          "x": 0.0,
          "y": 0.0,
          "z": 0.0
        },
        "rotation_quaternion": {
          "w": 0.9619579315185547,
          "x": 0.2730315029621124,
          "y": -0.008479475043714046,
          "z": 0.004362789914011955
        },
        "scale": {
          "x": 1.0,
          "y": 1.0,
          "z": 1.0
        },
        "matrix_basis": [
          [
            0.9998181462287903,
            -0.013023968786001205,
            -0.013931438326835632,
            0.0
          ],
          [
            0.0037633131723850965,
            0.8508695363998413,
            -0.5253636240959167,
            0.0
          ],
          [
            0.01869615539908409,
            0.5252156257629395,
            0.8507637977600098,
            0.0
          ],
          [
            0.0,
            0.0,
            0.0,
            1.0
          ]
        ],
        "rotation_mode": "QUATERNION"
      },
      "armature_space": {
        "head": {
          "x": 0.5693468451499939,
          "y": -0.5211623907089233,
          "z": 0.4734577238559723
        },
        "tail": {
