{
  "metadata": {
    "armature_name": "KIM_caucasian_male",
    "export_time": "2026-01-13T20:56:07.404121",
    "blender_version": "4.4.1",
    "bone_count": 56,
    "end_bone_count": 13,
    "spaces_included": [
      "LOCAL_CHANNELS",
      "ARMATURE_SPACE",
      "WORLD_SPACE"
    ],
    "note": "LOCAL matches Transform panel; replay pose via local.matrix_basis for best fidelity."
  },
  "bones": {
    "Root": {
      "name": "Root",
      "local": {
        "location": {
          "x": 0.0,
          "y": 0.0,
          "z": 0.0
        },
        "rotation_quaternion": {
          "w": 0.9995449781417847,
          "x": 0.00860642921179533,
          "y": -0.018773287534713745,
          "z": -0.021988719701766968
        },
        "scale": {
          "x": 1.0,
          "y": 1.0,
          "z": 1.0
        },
        "matrix_basis": [
          [
            0.9983281493186951,
            0.043634288012981415,
            -0.037907980382442474,
            0.0
          ],
          [
            -0.04428057000041008,
            0.9988848567008972,
            -0.016379425302147865,
            0.0
          ],
          [
            0.03715100139379501,
            0.018030626699328423,
            0.9991469979286194,
            0.0
          ],
          [
            0.0,
            0.0,
            0.0,
            1.0
          ]
        ],
        "rotation_mode": "QUATERNION"
      },
      "armature_space": {
        "head": {
          "x": 0.0,
          "y": 0.07072800397872925,
          "z": -0.009595036506652832
        },
        "tail": {
          "x": 0.0031144351232796907,
          "y": -9.413063526153564e-05,
          "z": -0.0012859785929322243
        }
      },
      "world_space": {
        "head": {
          "x": 0.0,
          "y": 0.13397200405597687,
          "z": 0.9402589797973633
        },
        "tail": {
          "x": 0.0031144351232796907,
          "y": 0.06314986944198608,
          "z": 0.9485680460929871
        },
        "rotation_quaternion": {
          "w": 0.05875011533498764,
          "x": 0.9978539347648621,
          "y": 0.020674049854278564,
          "z": -0.020211974158883095
        },
        "matrix": [
          [
            0.9983281493186951,
            0.043634288012981415,
            -0.037907980382442474,
            0.0
          ],
          [
            0.038884442299604416,
            -0.9922419786453247,
            -0.11808427423238754,
            0.13397200405597687
          ],
          [
            -0.042766671627759933,
            0.1164126992225647,
            -0.9922868013381958,
            0.9402589797973633
          ],
          [
            0.0,
            0.0,
            0.0,
            1.0
          ]
        ]
      },
      "bone_length_armature_space": 0.07137586971616085,
      "parent": null,
      "has_children": true,
      "is_end_bone": false
    },
    "spine_01": {
      "name": "spine_01",
      "local": {
        "location": {
          "x": 0.0,
          "y": 0.0,
          "z": 0.0
        },
        "rotation_quaternion": {
          "w": 0.997207522392273,
          "x": 0.06945688277482986,
          "y": 0.018069829791784286,
          "z": -0.020648468285799026
        },
        "scale": {
          "x": 1.0,
          "y": 1.0,
          "z": 1.0
        },
        "matrix_basis": [
          [
            0.9984942674636841,
            0.043691765516996384,
            0.03317038342356682,
            0.0
          ],
          [
            -0.03867146745324135,
            0.9894987940788269,
            -0.139272078871727,
            0.0
          ],
          [
            -0.03890709578990936,
            0.1377796232700348,
            0.9896984696388245,
            0.0
          ],
          [
            0.0,
            0.0,
            0.0,
            1.0
          ]
        ],
        "rotation_mode": "QUATERNION"
      },
      "armature_space": {
        "head": {
          "x": 0.0031144351232796907,
          "y": -9.413063526153564e-05,
          "z": -0.0012859785929322243
        },
        "tail": {
          "x": 0.047186072915792465,
          "y": -0.051769357174634933,
          "z": 0.4819694459438324
        }
      },
      "world_space": {
        "head": {
          "x": 0.0031144351232796907,
          "y": 0.06314986944198608,
          "z": 0.9485680460929871
        },
        "tail": {
          "x": 0.047186072915792465,
          "y": 0.011474642902612686,
          "z": 1.431823492050171
        },
        "rotation_quaternion": {
          "w": 0.6662644147872925,
          "x": 0.7435853481292725,
          "y": 0.05608711764216423,
          "z": -0.005177604034543037
        },
        "matrix": [
          [
            0.9936548471450806,
            0.09031050652265549,
            0.06703828275203705,
            0.0031144351232796907
          ],
          [
            0.07651234418153763,
            -0.10589159280061722,
            -0.9914297461509705,
            0.06314986944198608
          ],
          [
            -0.08243823051452637,
            0.9902750253677368,
            -0.11213124543428421,
            0.9485680460929871
          ],
          [
            0.0,
            0.0,
            0.0,
            1.0
          ]
        ]
      },
      "bone_length_armature_space": 0.48800454369781304,
      "parent": "Root",
      "has_children": true,
      "is_end_bone": false
    },
    "neck_01": {
      "name": "neck_01",
      "local": {
        "location": {
          "x": 0.0,
          "y": 0.0,
          "z": 0.0
        },
        "rotation_quaternion": {
          "w": 0.9954013824462891,
          "x": -0.08311925828456879,
          "y": -0.0018978245789185166,
          "z": 0.047579266130924225
        },
        "scale": {
          "x": 1.0,
          "y": 1.0,
          "z": 1.0
        },
        "matrix_basis": [
          [
            0.9954652190208435,
            -0.09440544247627258,
            -0.011687700636684895,
            0.0
          ],
          [
            0.09503642469644547,
            0.9816548228263855,
            0.16529345512390137,
            0.0
          ],
          [
            -0.004131312016397715,
            -0.16565464437007904,
            0.9861751794815063,
            0.0
          ],
          [
            0.0,
            0.0,
            0.0,
            1.0
          ]
        ],
        "rotation_mode": "QUATERNION"
      },
      "armature_space": {
        "head": {
          "x": 0.056123387068510056,
          "y": -0.09390579909086227,
          "z": 0.5505871176719666
        },
        "tail": {
          "x": 0.05703529343008995,
          "y": -0.12750105559825897,
          "z": 0.6474441289901733
        }
      },
      "world_space": {
        "head": {
          "x": 0.056123387068510056,
          "y": -0.030661799013614655,
          "z": 1.500441074371338
        },
        "tail": {
          "x": 0.05703529343008995,
          "y": -0.06425705552101135,
          "z": 1.5972981452941895
        },
        "rotation_quaternion": {
          "w": 0.5796447396278381,
          "x": 0.8146998882293701,
          "y": 0.012905768118798733,
          "z": 0.01046666782349348
        },
        "matrix": [
          [
            0.9994478225708008,
            0.008894785307347775,
            0.03201594576239586,
            0.056123387068510056
          ],
          [
            0.03316257894039154,
            -0.32769033312797546,
            -0.9442031979560852,
            -0.030661799013614655
          ],
          [
            0.0020928632002323866,
            0.944749653339386,
            -0.32780754566192627,
            1.500441074371338
          ],
          [
            0.0,
            0.0,
            0.0,
            1.0
          ]
        ]
      },
      "bone_length_armature_space": 0.10252196428231328,
      "parent": "spine_01",
      "has_children": true,
      "is_end_bone": false
    },
    "head": {
      "name": "head",
      "local": {
        "location": {
          "x": 0.0,
          "y": 0.0,
          "z": 0.0
        },
        "rotation_quaternion": {
          "w": 0.9907849431037903,
          "x": -0.01474806759506464,
          "y": 0.09208670258522034,
          "z": 0.09822352975606918
        },
        "scale": {
          "x": 1.0,
          "y": 1.0,
          "z": 1.0
        },
        "matrix_basis": [
          [
            0.9637443423271179,
            -0.19735299050807953,
            0.1795790195465088,
            0.0
          ],
          [
            0.19192059338092804,
            0.9802692532539368,
            0.047314487397670746,
            0.0
          ],
          [
            -0.185373455286026,
            -0.011134164407849312,
            0.9826050400733948,
            0.0
          ],
          [
            0.0,
            0.0,
            0.0,
            1.0
          ]
        ],
        "rotation_mode": "QUATERNION"
      },
      "armature_space": {
        "head": {
          "x": 0.05703529715538025,
          "y": -0.12750117480754852,
          "z": 0.6474440097808838
        },
        "tail": {
          "x": 0.025795437395572662,
          "y": -0.12126021087169647,
          "z": 0.7992281913757324
        }
      },
      "world_space": {
        "head": {
          "x": 0.05703529715538025,
          "y": -0.0642571747303009,
          "z": 1.5972980260849
        },
        "tail": {
          "x": 0.025795437395572662,
          "y": -0.05801621079444885,
          "z": 1.7490822076797485
        },
        "rotation_quaternion": {
          "w": 0.7211570143699646,
          "x": 0.6770692467689514,
          "y": 0.007269090041518211,
          "z": 0.14648239314556122
        },
        "matrix": [
          [
            0.9569799304008484,
            -0.20143024623394012,
            0.20884303748607635,
            0.05703529715538025
          ],
          [
            0.22111834585666656,
            0.04024086147546768,
            -0.9744166135787964,
            -0.0642571747303009
          ],
          [
            0.1878744661808014,
            0.9786829352378845,
            0.08304918557405472,
            1.5972980260849
          ],
          [
            0.0,
            0.0,
            0.0,
            1.0
          ]
        ]
      },
      "bone_length_armature_space": 0.15509131527020042,
      "parent": "neck_01",
      "has_children": false,
      "is_end_bone": true
    },
    "upperarm_l": {
      "name": "upperarm_l",
      "local": {
        "location": {
          "x": 0.0,
          "y": 0.0,
          "z": 0.0
        },
        "rotation_quaternion": {
          "w": -0.6810123920440674,
          "x": 0.41507428884506226,
          "y": 0.14767582714557648,
          "z": 0.5849165320396423
        },
        "scale": {
          "x": 1.0,
          "y": 1.0,
          "z": 1.0
        },
        "matrix_basis": [
          [
            0.27212899923324585,
            0.9192637205123901,
            0.28442949056625366,
            0.0
          ],
          [
            -0.6740779280662537,
            -0.028828028589487076,
            0.7380975484848022,
            0.0
          ],
          [
            0.6867057681083679,
            -0.3925853967666626,
            0.6118103861808777,
            0.0
          ],
          [
            0.0,
            0.0,
            0.0,
            1.0
          ]
        ],
        "rotation_mode": "QUATERNION"
      },
      "armature_space": {
        "head": {
          "x": 0.1993158459663391,
          "y": -0.0784740075469017,
          "z": 0.4713096022605896
        },
        "tail": {
          "x": 0.15260985493659973,
          "y": 0.05570239573717117,
          "z": 0.24410144984722137
        }
      },
      "world_space": {
        "head": {
          "x": 0.1993158459663391,
          "y": -0.015230007469654083,
          "z": 1.421163558959961
        },
        "tail": {
          "x": 0.15260985493659973,
          "y": 0.11894639581441879,
          "z": 1.193955421447754
        },
        "rotation_quaternion": {
          "w": 0.329780250787735,
          "x": -0.27935028076171875,
          "y": 0.8010011315345764,
          "z": -0.41425323486328125
        },
        "matrix": [
          [
            -0.6264168620109558,
            -0.17429596185684204,
            0.7597519159317017,
            0.1993158459663391
          ],
          [
            -0.7207452058792114,
            0.5007153153419495,
            -0.4793858528137207,
            -0.015230007469654083
          ],
          [
            -0.2968670725822449,
            -0.8478883504867554,
            -0.43928298354148865,
            1.421163558959961
          ],
          [
            0.0,
            0.0,
            0.0,
            1.0
          ]
        ]
      },
      "bone_length_armature_space": 0.2679707120977864,
      "parent": "spine_01",
      "has_children": true,
      "is_end_bone": false
    },
    "lowerarm_l": {
      "name": "lowerarm_l",
      "local": {
        "location": {
          "x": 0.0,
          "y": 0.0,
          "z": 0.0
        },
        "rotation_quaternion": {
          "w": 0.9177433848381042,
          "x": 0.35238033533096313,
          "y": -0.13446995615959167,
          "z": 0.12447181344032288
        },
        "scale": {
          "x": 1.0,
          "y": 1.0,
          "z": 1.0
        },
        "matrix_basis": [
          [
            0.9328491687774658,
            -0.32323551177978516,
            -0.15909498929977417,
            0.0
          ],
          [
            0.13369722664356232,
            0.7206697463989258,
            -0.6802648901939392,
            0.0
          ],
          [
            0.3345406651496887,
            0.6133140325546265,
            0.7154918313026428,
            0.0
          ],
          [
            0.0,
            0.0,
            0.0,
            1.0
          ]
        ],
        "rotation_mode": "QUATERNION"
      },
      "armature_space": {
        "head": {
          "x": 0.1526099592447281,
          "y": 0.05570250749588013,
          "z": 0.2441013753414154
        },
        "tail": {
          "x": 0.3297863006591797,
          "y": 0.1443530023097992,
          "z": 0.06432536244392395
        }
      },
      "world_space": {
        "head": {
          "x": 0.1526099592447281,
          "y": 0.11894650757312775,
          "z": 1.193955421447754
        },
        "tail": {
          "x": 0.3297863006591797,
          "y": 0.20759700238704681,
          "z": 1.0141793489456177
        },
        "rotation_quaternion": {
          "w": 0.6282047033309937,
          "x": -0.0581006295979023,
          "y": 0.5206220149993896,
          "z": -0.5752702951431274
        },
        "matrix": [
          [
            -0.2039680778980255,
            0.6622809171676636,
            0.7209585905075073,
            0.1526099592447281
          ],
          [
            -0.7832719087600708,
            0.3313733637332916,
            -0.5260007977485657,
            0.11894650757312775
          ],
          [
            -0.5872715711593628,
            -0.6719983816146851,
            0.4511590003967285,
            1.193955421447754
          ],
          [
            0.0,
            0.0,
            0.0,
            1.0
          ]
        ]
      },
      "bone_length_armature_space": 0.26752529353644894,
      "parent": "upperarm_l",
      "has_children": true,
      "is_end_bone": false
    },
    "metacarpal_thumb_l": {
      "name": "metacarpal_thumb_l",
      "local": {
        "location": {
          "x": 0.0,
          "y": 0.0,
          "z": 0.0
        },
        "rotation_quaternion": {
          "w": 0.9995309114456177,
          "x": -0.02761094644665718,
          "y": 0.00332083972170949,
          "z": -0.01283387653529644
        },
        "scale": {
          "x": 1.0,
          "y": 1.0,
          "z": 1.0
        },
        "matrix_basis": [
          [
            0.9996485114097595,
            0.025472329929471016,
            0.007347275037318468,
            0.0
          ],
          [
            -0.025839095935225487,
            0.9981458783149719,
            0.05511074885725975,
            0.0
          ],
          [
            -0.005929852835834026,
            -0.055281225591897964,
            0.9984531998634338,
            0.0
          ],
          [
            0.0,
            0.0,
            0.0,
            1.0
          ]
        ],
        "rotation_mode": "QUATERNION"
      },
      "armature_space": {
        "head": {
          "x": 0.3297863006591797,
          "y": 0.1443530023097992,
          "z": 0.06432536244392395
        },
        "tail": {
          "x": 0.37543854117393494,
          "y": 0.13781841099262238,
          "z": 0.04624882712960243
        }
      },
      "world_space": {
        "head": {
          "x": 0.3297863006591797,
          "y": 0.20759700238704681,
          "z": 1.0141793489456177
        },
        "tail": {
          "x": 0.37543854117393494,
          "y": 0.20106241106987,
          "z": 0.9961028695106506
        },
        "rotation_quaternion": {
          "w": 0.18721504509449005,
          "x": 0.5919269919395447,
          "y": 0.6316571831703186,
          "z": -0.4643082022666931
        },
        "matrix": [
          [
            -0.229143425822258,
            0.9216405749320984,
            -0.31316429376602173,
            0.3297863006591797
          ],
          [
            0.573940634727478,
            -0.13192231953144073,
            -0.8082007765769958,
            0.20759700238704681
          ],
          [
            -0.7861891388893127,
            -0.3649342954158783,
            -0.49874210357666016,
            1.0141793489456177
          ],
          [
            0.0,
            0.0,
            0.0,
            1.0
          ]
        ]
      },
      "bone_length_armature_space": 0.04953371759632833,
      "parent": "lowerarm_l",
      "has_children": true,
      "is_end_bone": false
    },
    "thumb_01_l": {
      "name": "thumb_01_l",
      "local": {
        "location": {
          "x": 0.0,
          "y": 0.0,
          "z": 0.0
        },
        "rotation_quaternion": {
          "w": 0.9997257590293884,
          "x": 0.01480482704937458,
          "y": -0.0033439709804952145,
          "z": -0.017836306244134903
        },
        "scale": {
          "x": 1.0,
          "y": 1.0,
          "z": 1.0
        },
        "matrix_basis": [
          [
            0.9993413686752319,
            0.035563815385103226,
            -0.007214234676212072,
            0.0
          ],
          [
            -0.035761844366788864,
            0.9989253878593445,
            -0.029482245445251465,
            0.0
          ],
          [
            0.006157980766147375,
            0.029720822349190712,
            0.9995392560958862,
            0.0
          ],
          [
            0.0,
            0.0,
            0.0,
            1.0
          ]
        ],
        "rotation_mode": "QUATERNION"
      },
      "armature_space": {
        "head": {
          "x": 0.37543854117393494,
          "y": 0.13781841099262238,
          "z": 0.04624882712960243
        },
        "tail": {
          "x": 0.3900811970233917,
          "y": 0.11314526200294495,
          "z": 0.027933284640312195
        }
      },
      "world_space": {
        "head": {
          "x": 0.37543854117393494,
          "y": 0.20106241106987,
          "z": 0.9961028695106506
        },
        "tail": {
          "x": 0.3900811970233917,
          "y": 0.17638926208019257,
          "z": 0.9777873158454895
        },
        "rotation_quaternion": {
          "w": 0.28143972158432007,
          "x": -0.9281045198440552,
          "y": -0.24158334732055664,
          "z": 0.0324249304831028
        },
        "matrix": [
          [
            0.8811718225479126,
            0.43017807602882385,
            -0.19617070257663727,
            0.37543854117393494
          ],
          [
            0.4666811227798462,
            -0.7248583436012268,
            0.5067435503005981,
            0.20106241106987
          ],
          [
            0.07579492777585983,
            -0.5380818843841553,
            -0.839486300945282,
            0.9961028695106506
          ],
          [
            0.0,
            0.0,
            0.0,
            1.0
          ]
        ]
      },
      "bone_length_armature_space": 0.03403866575587508,
      "parent": "metacarpal_thumb_l",
      "has_children": true,
      "is_end_bone": false
    },
    "thumb_02_l": {
      "name": "thumb_02_l",
      "local": {
        "location": {
          "x": 0.0,
          "y": 0.0,
          "z": 0.0
        },
        "rotation_quaternion": {
          "w": 0.9941887855529785,
          "x": 0.10695071518421173,
          "y": 0.007281719706952572,
          "z": -0.00986578781157732
        },
        "scale": {
          "x": 1.0,
          "y": 1.0,
          "z": 1.0
        },
        "matrix_basis": [
          [
            0.9996992945671082,
            0.021174481138586998,
            0.012368502095341682,
            0.0
          ],
          [
            -0.018059341236948967,
            0.9769284129142761,
            -0.21280208230018616,
            0.0
          ],
          [
            -0.01658911444246769,
            0.212514728307724,
            0.9770170450210571,
            0.0
          ],
          [
            0.0,
            0.0,
            0.0,
            1.0
          ]
        ],
        "rotation_mode": "QUATERNION"
      },
      "armature_space": {
        "head": {
          "x": 0.39008116722106934,
          "y": 0.11314523220062256,
          "z": 0.027933329343795776
        },
        "tail": {
          "x": 0.4143010377883911,
          "y": 0.13106243312358856,
          "z": 0.0013709478080272675
        }
      },
      "world_space": {
        "head": {
          "x": 0.39008116722106934,
          "y": 0.17638923227787018,
          "z": 0.9777873754501343
        },
        "tail": {
          "x": 0.4143010377883911,
          "y": 0.19430643320083618,
          "z": 0.9512249827384949
        },
        "rotation_quaternion": {
          "w": 0.7845529317855835,
          "x": -0.4955339729785919,
          "y": -0.32790952920913696,
          "z": -0.1771949976682663
        },
        "matrix": [
          [
            0.7221551537513733,
            0.6030181646347046,
            -0.33891138434410095,
            0.39008116722106934
          ],
          [
            0.04694084823131561,
            0.4460965394973755,
            0.893752932548523,
            0.17638923227787018
          ],
          [
            0.6901415586471558,
            -0.6613413691520691,
            0.29384762048721313,
            0.9777873754501343
          ],
          [
            0.0,
            0.0,
            0.0,
            1.0
          ]
        ]
      },
      "bone_length_armature_space": 0.040164515460097465,
      "parent": "thumb_01_l",
      "has_children": true,
      "is_end_bone": false
    },
    "thumb_03_l": {
      "name": "thumb_03_l",
      "local": {
        "location": {
          "x": 0.0,
          "y": 0.0,
          "z": 0.0
        },
        "rotation_quaternion": {
          "w": 0.9982887506484985,
          "x": 0.05824848264455795,
          "y": -0.004846857860684395,
          "z": 0.0018443026347085834
        },
        "scale": {
          "x": 1.0,
          "y": 1.0,
          "z": 1.0
        },
        "matrix_basis": [
          [
            0.9999462366104126,
            -0.0042469375766813755,
            -0.009462271817028522,
            0.0
          ],
          [
            0.003117648884654045,
            0.9932074546813965,
            -0.11631549149751663,
            0.0
          ],
          [
            0.00989198312163353,
            0.1162797287106514,
            0.9931672215461731,
            0.0
          ],
          [
            0.0,
            0.0,
            0.0,
            1.0
          ]
        ],
        "rotation_mode": "QUATERNION"
      },
      "armature_space": {
        "head": {
          "x": 0.4143010675907135,
          "y": 0.1310623586177826,
          "z": 0.0013709962368011475
        },
        "tail": {
          "x": 0.42469149827957153,
          "y": 0.15358608961105347,
          "z": -0.016281608492136
        }
      },
      "world_space": {
        "head": {
          "x": 0.4143010675907135,
          "y": 0.1943063586950302,
          "z": 0.9512250423431396
        },
        "tail": {
          "x": 0.42469149827957153,
          "y": 0.2168300896883011,
          "z": 0.9335724115371704
        },
        "rotation_quaternion": {
          "w": 0.9201633334159851,
          "x": -0.3365412950515747,
          "y": -0.15234746038913727,
          "z": -0.12972934544086456
        },
        "matrix": [
          [
            0.9199212193489075,
            0.34128692746162415,
            -0.19304963946342468,
            0.4143010675907135
          ],
          [
            -0.1362026333808899,
            0.739820122718811,
            0.6588740348815918,
            0.1943063586950302
          ],
          [
            0.36768966913223267,
            -0.5798217058181763,
            0.727066159248352,
            0.9512250423431396
          ],
          [
            0.0,
            0.0,
            0.0,
            1.0
          ]
        ]
      },
      "bone_length_armature_space": 0.03044493349807344,
      "parent": "thumb_02_l",
      "has_children": false,
      "is_end_bone": true
    },
    "metacarpal_index_l": {
      "name": "metacarpal_index_l",
      "local": {
        "location": {
          "x": 0.0,
          "y": 0.0,
          "z": 0.0
        },
        "rotation_quaternion": {
          "w": 0.9995964169502258,
          "x": 0.023011021316051483,
          "y": 0.012913212180137634,
          "z": -0.010524439625442028
        },
        "scale": {
          "x": 1.0,
          "y": 1.0,
          "z": 1.0
        },
        "matrix_basis": [
          [
            0.9994449615478516,
            0.021634677425026894,
            0.025331644341349602,
            0.0
          ],
          [
            -0.020446091890335083,
            0.9987194538116455,
            -0.04627527669072151,
            0.0
          ],
          [
            -0.026300357654690742,
            0.04573165997862816,
            0.9986074566841125,
            0.0
          ],
          [
            0.0,
            0.0,
            0.0,
            1.0
          ]
        ],
        "rotation_mode": "QUATERNION"
      },
      "armature_space": {
        "head": {
          "x": 0.3297863006591797,
          "y": 0.1443530023097992,
          "z": 0.06432536244392395
        },
        "tail": {
          "x": 0.42710959911346436,
          "y": 0.15256424248218536,
          "z": -0.0004050731658935547
        }
      },
      "world_space": {
        "head": {
          "x": 0.3297863006591797,
          "y": 0.20759700238704681,
          "z": 1.0141793489456177
        },
        "tail": {
          "x": 0.42710959911346436,
          "y": 0.21580824255943298,
          "z": 0.9494489431381226
        },
        "rotation_quaternion": {
          "w": 0.32914799451828003,
          "x": 0.33711180090904236,
          "y": 0.6532231569290161,
          "z": -0.5927197933197021
        },
        "matrix": [
          [
            -0.5560342073440552,
            0.8306038975715637,
            0.03038778156042099,
            0.3297863006591797
          ],
          [
            0.05023622512817383,
            0.07007863372564316,
            -0.9962756633758545,
            0.20759700238704681
          ],
          [
            -0.829645574092865,
            -0.5524407029151917,
            -0.0806940495967865,
            1.0141793489456177
          ],
          [
            0.0,
            0.0,
            0.0,
            1.0
          ]
        ]
      },
      "bone_length_armature_space": 0.11717200164333273,
      "parent": "lowerarm_l",
      "has_children": true,
      "is_end_bone": false
    },
    "index_01_l": {
      "name": "index_01_l",
      "local": {
        "location": {
          "x": 0.0,
          "y": 0.0,
          "z": 0.0
        },
        "rotation_quaternion": {
          "w": 0.9959796667098999,
          "x": -0.08879899233579636,
          "y": 0.011701872572302818,
          "z": 0.00152792246080935
        },
        "scale": {
          "x": 1.0,
          "y": 1.0,
          "z": 1.0
        },
        "matrix_basis": [
          [
            0.9997214674949646,
            -0.00512178847566247,
            0.02303829789161682,
            0.0
          ],
          [
            0.0009653304005041718,
            0.984224796295166,
            0.17691974341869354,
            0.0
          ],
          [
            -0.02358100935816765,
            -0.17684821784496307,
            0.9839556217193604,
            0.0
          ],
          [
            0.0,
            0.0,
            0.0,
            1.0
          ]
        ],
        "rotation_mode": "QUATERNION"
      },
      "armature_space": {
        "head": {
          "x": 0.42710959911346436,
          "y": 0.15256424248218536,
          "z": -0.0004050731658935547
        },
        "tail": {
          "x": 0.4429112672805786,
          "y": 0.16351649165153503,
          "z": -0.021462855860590935
        }
      },
      "world_space": {
        "head": {
          "x": 0.42710959911346436,
          "y": 0.21580824255943298,
          "z": 0.9494489431381226
        },
        "tail": {
          "x": 0.4429112672805786,
          "y": 0.22676049172878265,
          "z": 0.92839115858078
        },
        "rotation_quaternion": {
          "w": 0.2389116883277893,
          "x": 0.19157032668590546,
          "y": 0.7968495488166809,
          "z": -0.520819365978241
        },
        "matrix": [
          [
            -0.8124443292617798,
            0.5541655421257019,
            0.18120473623275757,
            0.42710959911346436
          ],
          [
            0.056447792798280716,
            0.3840959370136261,
            -0.9215660095214844,
            0.21580824255943298
          ],
          [
            -0.5803039073944092,
            -0.738497257232666,
            -0.34334129095077515,
            0.9494489431381226
          ],
          [
            0.0,
            0.0,
            0.0,
            1.0
          ]
        ]
      },
      "bone_length_armature_space": 0.02851446438515253,
      "parent": "metacarpal_index_l",
      "has_children": true,
      "is_end_bone": false
    },
    "index_02_l": {
      "name": "index_02_l",
      "local": {
        "location": {
          "x": 0.0,
          "y": 0.0,
          "z": 0.0
        },
        "rotation_quaternion": {
          "w": 0.9806051850318909,
          "x": 0.19569534063339233,
          "y": 0.010237091220915318,
          "z": -0.0034926156513392925
        },
        "scale": {
          "x": 1.0,
          "y": 1.0,
          "z": 1.0
        },
        "matrix_basis": [
          [
            0.9997659921646118,
            0.010856456123292446,
            0.01871011219918728,
            0.0
          ],
          [
            -0.002843051915988326,
            0.9233822822570801,
            -0.3838712275028229,
            0.0
          ],
          [
            -0.021444067358970642,
            0.3837282359600067,
            0.9231970906257629,
            0.0
          ],
          [
            0.0,
            0.0,
            0.0,
            1.0
          ]
        ],
        "rotation_mode": "QUATERNION"
      },
      "armature_space": {
        "head": {
          "x": 0.4429117441177368,
          "y": 0.1635163277387619,
          "z": -0.02146310918033123
        },
        "tail": {
          "x": 0.457547664642334,
          "y": 0.16445201635360718,
          "z": -0.042510922998189926
        }
      },
      "world_space": {
        "head": {
          "x": 0.4429117441177368,
          "y": 0.22676032781600952,
          "z": 0.9283909201622009
        },
        "tail": {
          "x": 0.457547664642334,
          "y": 0.2276960164308548,
          "z": 0.9073430895805359
        },
        "rotation_quaternion": {
          "w": 0.21439769864082336,
          "x": 0.20856496691703796,
          "y": 0.6872195601463318,
          "z": -0.6620148420333862
        },
        "matrix": [
          [
            -0.8210686445236206,
            0.570529043674469,
            0.018528267741203308,
            0.4429117441177368
          ],
          [
            0.0027939695864915848,
            0.0364745557308197,
            -0.9993306994438171,
            0.22676032781600952
          ],
          [
            -0.5708267092704773,
            -0.8204730153083801,
            -0.03154343366622925,
            0.9283909201622009
          ],
          [
            0.0,
            0.0,
            0.0,
            1.0
          ]
        ]
      },
      "bone_length_armature_space": 0.025653384976417837,
      "parent": "index_01_l",
      "has_children": true,
      "is_end_bone": false
    },
    "index_03_l": {
      "name": "index_03_l",
      "local": {
        "location": {
          "x": 0.0,
          "y": 0.0,
          "z": 0.0
        },
        "rotation_quaternion": {
          "w": 0.9754101634025574,
          "x": 0.22030892968177795,
          "y": 0.0007425964577123523,
          "z": -0.0062015000730752945
        },
        "scale": {
          "x": 1.0,
          "y": 1.0,
          "z": 1.0
        },
        "matrix_basis": [
          [
            0.999921977519989,
            0.012425214052200317,
            -0.0012838194379583001,
            0.0
          ],
          [
            -0.011770810931921005,
            0.9028510451316833,
            -0.4297923445701599,
            0.0
          ],
          [
            -0.004181163851171732,
            0.4297739267349243,
            0.9029268622398376,
            0.0
          ],
          [
            0.0,
            0.0,
            0.0,
            1.0
          ]
        ],
        "rotation_mode": "QUATERNION"
      },
      "armature_space": {
        "head": {
          "x": 0.45754769444465637,
          "y": 0.16445216536521912,
          "z": -0.04251089692115784
        },
        "tail": {
          "x": 0.4691048860549927,
          "y": 0.15061359107494354,
          "z": -0.06550361216068268
        }
      },
      "world_space": {
        "head": {
          "x": 0.45754769444465637,
          "y": 0.22769616544246674,
          "z": 0.9073431491851807
        },
        "tail": {
          "x": 0.4691048860549927,
          "y": 0.21385759115219116,
          "z": 0.8843504190444946
        },
        "rotation_quaternion": {
          "w": 0.09571656584739685,
          "x": 0.23564159870147705,
          "y": 0.5040122866630554,
          "z": -0.8253986835479736
        },
        "matrix": [
          [
            -0.8706233501434326,
            0.3955412805080414,
            -0.29251059889793396,
            0.45754769444465637
          ],
          [
            0.07952200621366501,
            -0.4736209213733673,
            -0.8771314024925232,
            0.22769616544246674
          ],
          [
            -0.4854837954044342,
            -0.7869181632995605,
            0.38089296221733093,
            0.9073431491851807
          ],
          [
            0.0,
            0.0,
            0.0,
            1.0
          ]
        ]
      },
      "bone_length_armature_space": 0.029218826042040645,
      "parent": "index_02_l",
      "has_children": false,
      "is_end_bone": true
    },
    "metacarpal_pinky_l": {
      "name": "metacarpal_pinky_l",
      "local": {
        "location": {
          "x": 0.0,
          "y": 0.0,
          "z": 0.0
        },
        "rotation_quaternion": {
          "w": 0.9985076785087585,
          "x": -0.04950110241770744,
          "y": -0.022462736815214157,
          "z": 0.005261534359306097
        },
        "scale": {
          "x": 1.0,
          "y": 1.0,
          "z": 1.0
        },
        "matrix_basis": [
          [
            0.9989354610443115,
            -0.008283504284918308,
            -0.045379333198070526,
            0.0
          ],
          [
            0.012731225229799747,
            0.995043933391571,
            0.09861808270215988,
            0.0
          ],
          [
            0.044337525963783264,
            -0.09909083694219589,
            0.9940901398658752,
            0.0
          ],
          [
            0.0,
            0.0,
            0.0,
            1.0
          ]
        ],
        "rotation_mode": "QUATERNION"
      },
      "armature_space": {
        "head": {
          "x": 0.3297863006591797,
          "y": 0.1443530023097992,
          "z": 0.06432536244392395
        },
        "tail": {
          "x": 0.36716896295547485,
          "y": 0.18699811398983002,
          "z": -0.02300874888896942
        }
      },
      "world_space": {
        "head": {
          "x": 0.3297863006591797,
          "y": 0.20759700238704681,
          "z": 1.0141793489456177
        },
        "tail": {
          "x": 0.36716896295547485,
          "y": 0.25024211406707764,
          "z": 0.9268452525138855
        },
        "rotation_quaternion": {
          "w": 0.8325133919715881,
          "x": -0.46781978011131287,
          "y": 0.10811540484428406,
          "z": -0.2763642370700836
        },
        "matrix": [
          [
            0.82386714220047,
            0.35899725556373596,
            0.43859338760375977,
            0.3297863006591797
          ],
          [
            -0.5613119006156921,
            0.4095342457294464,
            0.7191735506057739,
            0.20759700238704681
          ],
          [
            0.07856233417987823,
            -0.8386965990066528,
            0.5389156341552734,
            1.0141793489456177
          ],
          [
            0.0,
            0.0,
            0.0,
            1.0
          ]
        ]
      },
      "bone_length_armature_space": 0.10413124399848431,
      "parent": "lowerarm_l",
      "has_children": true,
      "is_end_bone": false
    },
    "pinky_01_l": {
      "name": "pinky_01_l",
      "local": {
        "location": {
          "x": 0.0,
          "y": 0.0,
          "z": 0.0
        },
        "rotation_quaternion": {
          "w": 0.9996680021286011,
          "x": 0.017876219004392624,
          "y": -0.017107555642724037,
          "z": 0.007191778160631657
        },
        "scale": {
          "x": 1.0,
          "y": 1.0,
          "z": 1.0
        },
        "matrix_basis": [
          [
            0.9993112087249756,
            -0.014990418218076229,
            -0.033946629613637924,
            0.0
          ],
          [
            0.01376714464277029,
            0.9992574453353882,
            -0.03598663583397865,
            0.0
          ],
          [
            0.034460876137018204,
            0.03549450263381004,
            0.9987755417823792,
            0.0
          ],
          [
            0.0,
            0.0,
            0.0,
            1.0
          ]
        ],
        "rotation_mode": "QUATERNION"
      },
      "armature_space": {
        "head": {
          "x": 0.36716896295547485,
          "y": 0.18699811398983002,
          "z": -0.02300874888896942
        },
