{
  "metadata": {
    "armature_name": "KIM_caucasian_male",
    "export_time": "2026-01-13T21:12:54.350793",
    "blender_version": "4.4.1",
    "bone_count": 56,
    "end_bone_count": 13,
    "spaces_included": [
      "LOCAL_CHANNELS",
      "ARMATURE_SPACE",
      "WORLD_SPACE"
    ],
    "note": "LOCAL matches Transform panel; replay pose via local.matrix_basis for best fidelity."
  },
  "bones": {
    "Root": {
      "name": "Root",
      "local": {
        "location": {
          "x": 0.0,
          "y": 0.0,
          "z": 0.0
        },
        "rotation_quaternion": {
          "w": 0.9999815225601196,
          "x": -0.002680425299331546,
          "y": -0.0029306868091225624,
          "z": -0.004605180583894253
        },
        "scale": {
          "x": 1.0,
          "y": 1.0,
          "z": 1.0
        },
        "matrix_basis": [
          [
            0.9999403953552246,
            0.009225902147591114,
            -0.005836577620357275,
            0.0
          ],
          [
            -0.009194480255246162,
            0.999943196773529,
            0.005387744400650263,
            0.0
          ],
          [
            0.0058859530836343765,
            -0.005333758890628815,
            0.9999684691429138,
            0.0
          ],
          [
            0.0,
            0.0,
            0.0,
            1.0
          ]
        ],
        "rotation_mode": "QUATERNION"
      },
      "armature_space": {
        "head": {
          "x": 0.0,
          "y": 0.07072800397872925,
          "z": -0.009595036506652832
        },
        "tail": {
          "x": 0.0006585067603737116,
          "y": 5.519390106201172e-05,
          "z": 0.0003767041489481926
        }
      },
      "world_space": {
        "head": {
          "x": 0.0,
          "y": 0.13397200405597687,
          "z": 0.9402589797973633
        },
        "tail": {
          "x": 0.0006585067603737116,
          "y": 0.06329919397830963,
          "z": 0.9502307176589966
        },
        "rotation_quaternion": {
          "w": 0.0700407549738884,
          "x": 0.9975293278694153,
          "y": 0.004397285170853138,
          "z": -0.0032342709600925446
        },
        "matrix": [
          [
            0.9999403953552246,
            0.009225902147591114,
            -0.005836577620357275,
            0.0
          ],
          [
            0.008319776505231857,
            -0.9901498556137085,
            -0.13976430892944336,
            0.13397200405597687
          ],
          [
            -0.007068580016493797,
            0.13970744609832764,
            -0.9901747107505798,
            0.9402589797973633
          ],
          [
            0.0,
            0.0,
            0.0,
            1.0
          ]
        ]
      },
      "bone_length_armature_space": 0.07137587421738788,
      "parent": null,
      "has_children": true,
      "is_end_bone": false
    },
    "spine_01": {
      "name": "spine_01",
      "local": {
        "location": {
          "x": 0.0,
          "y": 0.0,
          "z": 0.0
        },
        "rotation_quaternion": {
          "w": 0.9981865882873535,
          "x": 0.03573881834745407,
          "y": -0.02904665656387806,
          "z": -0.038762759417295456
        },
        "scale": {
          "x": 1.0,
          "y": 1.0,
          "z": 1.0
        },
        "matrix_basis": [
          [
            0.9953075051307678,
            0.07530874758958817,
            -0.06075863540172577,
            0.0
          ],
          [
            -0.07946112006902695,
            0.9944403767585754,
            -0.0690961629152298,
            0.0
          ],
          [
            0.05521729588508606,
            0.07359987497329712,
            0.995758056640625,
            0.0
          ],
          [
            0.0,
            0.0,
            0.0,
            1.0
          ]
        ],
        "rotation_mode": "QUATERNION"
      },
      "armature_space": {
        "head": {
          "x": 0.0006585067603737116,
          "y": 5.519390106201172e-05,
          "z": 0.0003767041489481926
        },
        "tail": {
          "x": 0.040934015065431595,
          "y": -0.010212568566203117,
          "z": 0.4866081178188324
        }
      },
      "world_space": {
        "head": {
          "x": 0.0006585067603737116,
          "y": 0.06329919397830963,
          "z": 0.9502307176589966
        },
        "tail": {
          "x": 0.040934015065431595,
          "y": 0.05303142964839935,
          "z": 1.436462163925171
        },
        "rotation_quaternion": {
          "w": 0.6995408535003662,
          "x": 0.7129117250442505,
          "y": 0.01105672586709261,
          "z": -0.04772176593542099
        },
        "matrix": [
          [
            0.9952008128166199,
            0.08253157138824463,
            -0.05257292091846466,
            0.0006585067603737116
          ],
          [
            -0.05100111663341522,
            -0.02104044333100319,
            -0.9984769821166992,
            0.06329919397830963
          ],
          [
            -0.08351267129182816,
            0.9963733553886414,
            -0.016731329262256622,
            0.9502307176589966
          ],
          [
            0.0,
            0.0,
            0.0,
            1.0
          ]
        ]
      },
      "bone_length_armature_space": 0.4880046438382009,
      "parent": "Root",
      "has_children": true,
      "is_end_bone": false
    },
    "neck_01": {
      "name": "neck_01",
      "local": {
        "location": {
          "x": 0.0,
          "y": 0.0,
          "z": 0.0
        },
        "rotation_quaternion": {
          "w": 0.9881961345672607,
          "x": -0.0049552456475794315,
          "y": 0.09574318677186966,
          "z": 0.11948654055595398
        },
        "scale": {
          "x": 1.0,
          "y": 1.0,
          "z": 1.0
        },
        "matrix_basis": [
          [
            0.9531124234199524,
            -0.23710113763809204,
            0.18804192543029785,
            0.0
          ],
          [
            0.23520341515541077,
            0.971396803855896,
            0.03267355263233185,
            0.0
          ],
          [
            -0.19041027128696442,
            0.013086535036563873,
            0.9816173911094666,
            0.0
          ],
          [
            0.0,
            0.0,
            0.0,
            1.0
          ]
        ],
        "rotation_mode": "QUATERNION"
      },
      "armature_space": {
        "head": {
          "x": 0.045153599232435226,
          "y": -0.04638074338436127,
          "z": 0.5589808225631714
        },
        "tail": {
          "x": 0.026470087468624115,
          "y": -0.08604513108730316,
          "z": 0.6516544818878174
        }
      },
      "world_space": {
        "head": {
          "x": 0.045153599232435226,
          "y": 0.016863256692886353,
          "z": 1.5088348388671875
        },
        "tail": {
          "x": 0.026470087468624115,
          "y": -0.022801131010055542,
          "z": 1.6015084981918335
        },
        "rotation_quaternion": {
          "w": 0.5517691373825073,
          "x": 0.8271409869194031,
          "y": -0.045892663300037384,
          "z": 0.09634526073932648
        },
        "matrix": [
          [
            0.9772230386734009,
            -0.18224021792411804,
            0.10873697698116302,
            0.045153599232435226
          ],
          [
            0.030400395393371582,
            -0.38688912987709045,
            -0.9216251969337463,
            0.016863256692886353
          ],
          [
            0.210027813911438,
            0.9039447903633118,
            -0.37254029512405396,
            1.5088348388671875
          ],
          [
            0.0,
            0.0,
            0.0,
            1.0
          ]
        ]
      },
      "bone_length_armature_space": 0.10252192189368402,
      "parent": "spine_01",
      "has_children": true,
      "is_end_bone": false
    },
    "head": {
      "name": "head",
      "local": {
        "location": {
          "x": 0.0,
          "y": 0.0,
          "z": 0.0
        },
        "rotation_quaternion": {
          "w": 0.982324481010437,
          "x": 0.07738237082958221,
          "y": 0.16620682179927826,
          "z": 0.03775954619050026
        },
        "scale": {
          "x": 1.0,
          "y": 1.0,
          "z": 1.0
        },
        "matrix_basis": [
          [
            0.9418990015983582,
            -0.048461295664310455,
            0.3323819041252136,
            0.0
          ],
          [
            0.09990721195936203,
            0.9851723909378052,
            -0.13947740197181702,
            0.0
          ],
          [
            -0.3206942081451416,
            0.16458098590373993,
            0.932774543762207,
            0.0
          ],
          [
            0.0,
            0.0,
            0.0,
            1.0
          ]
        ],
        "rotation_mode": "QUATERNION"
      },
      "armature_space": {
        "head": {
          "x": 0.0264701209962368,
          "y": -0.08604525029659271,
          "z": 0.6516543030738831
        },
        "tail": {
          "x": -0.012104861438274384,
          "y": -0.11596988141536713,
          "z": 0.7988608479499817
        }
      },
      "world_space": {
        "head": {
          "x": 0.0264701209962368,
          "y": -0.022801250219345093,
          "z": 1.601508378982544
        },
        "tail": {
          "x": -0.012104861438274384,
          "y": -0.05272588133811951,
          "z": 1.7487149238586426
        },
        "rotation_quaternion": {
          "w": 0.6344209313392639,
          "x": 0.7362171411514282,
          "y": 0.032175932079553604,
          "z": 0.2333650141954422
        },
        "matrix": [
          [
            0.8890117406845093,
            -0.24872609972953796,
            0.3844393789768219,
            0.0264701209962368
          ],
          [
            0.3434787690639496,
            -0.1929498314857483,
            -0.9191262722015381,
            -0.022801250219345093
          ],
          [
            0.3027906119823456,
            0.9491671919822693,
            -0.08610407263040543,
            1.601508378982544
          ],
          [
            0.0,
            0.0,
            0.0,
            1.0
          ]
        ]
      },
      "bone_length_armature_space": 0.15509119487704082,
      "parent": "neck_01",
      "has_children": false,
      "is_end_bone": true
    },
    "upperarm_l": {
      "name": "upperarm_l",
      "local": {
        "location": {
          "x": 0.0,
          "y": 0.0,
          "z": 0.0
        },
        "rotation_quaternion": {
          "w": 0.8433151245117188,
          "x": 0.5220341682434082,
          "y": 0.07516143471002579,
          "z": -0.10320241004228592
        },
        "scale": {
          "x": 1.0,
          "y": 1.0,
          "z": 1.0
        },
        "matrix_basis": [
          [
            0.9674000144004822,
            0.25253796577453613,
            0.01901918090879917,
            0.0
          ],
          [
            -0.09559063613414764,
            0.433659166097641,
            -0.8959922790527344,
            0.0
          ],
          [
            -0.23451991379261017,
            0.8649649620056152,
            0.443662166595459,
            0.0
          ],
          [
            0.0,
            0.0,
            0.0,
            1.0
          ]
        ],
        "rotation_mode": "QUATERNION"
      },
      "armature_space": {
        "head": {
          "x": 0.18871930241584778,
          "y": -0.05580109730362892,
          "z": 0.4794365465641022
        },
        "tail": {
          "x": 0.2935013771057129,
          "y": -0.28553012013435364,
          "z": 0.3896975815296173
        }
      },
      "world_space": {
        "head": {
          "x": 0.18871930241584778,
          "y": 0.007442902773618698,
          "z": 1.429290533065796
        },
        "tail": {
          "x": 0.2935013771057129,
          "y": -0.22228612005710602,
          "z": 1.339551568031311
        },
        "rotation_quaternion": {
          "w": 0.03829400986433029,
          "x": 0.6345043778419495,
          "y": 0.26436036825180054,
          "z": -0.7252940535545349
        },
        "matrix": [
          [
            -0.19187632203102112,
            0.3910224735736847,
            -0.9001582860946655,
            0.18871930241584778
          ],
          [
            0.2799259126186371,
            -0.8572956323623657,
            -0.4320718050003052,
            0.007442902773618698
          ],
          [
            -0.9406576752662659,
            -0.3348850905895233,
            0.05503740906715393,
            1.429290533065796
          ],
          [
            0.0,
            0.0,
            0.0,
            1.0
          ]
        ]
      },
      "bone_length_armature_space": 0.26796975504016635,
      "parent": "spine_01",
      "has_children": true,
      "is_end_bone": false
    },
    "lowerarm_l": {
      "name": "lowerarm_l",
      "local": {
        "location": {
          "x": 0.0,
          "y": 0.0,
          "z": 0.0
        },
        "rotation_quaternion": {
          "w": 0.9021238088607788,
          "x": 0.423613041639328,
          "y": -0.0546284019947052,
          "z": -0.06116001680493355
        },
        "scale": {
          "x": 1.0,
          "y": 1.0,
          "z": 1.0
        },
        "matrix_basis": [
          [
            0.9865503907203674,
            0.06406521052122116,
            -0.15037952363491058,
            0.0
          ],
          [
            -0.15663042664527893,
            0.6336228847503662,
            -0.7576206922531128,
            0.0
          ],
          [
            0.04674680158495903,
            0.770984947681427,
            0.6351354718208313,
            0.0
          ],
          [
            0.0,
            0.0,
            0.0,
            1.0
          ]
        ],
        "rotation_mode": "QUATERNION"
      },
      "armature_space": {
        "head": {
          "x": 0.2935013771057129,
          "y": -0.2855302393436432,
          "z": 0.3896976709365845
        },
        "tail": {
          "x": 0.15163859724998474,
          "y": -0.5119270086288452,
          "z": 0.3759562373161316
        }
      },
      "world_space": {
        "head": {
          "x": 0.2935013771057129,
          "y": -0.22228623926639557,
          "z": 1.3395516872406006
        },
        "tail": {
          "x": 0.15163859724998474,
          "y": -0.4486830234527588,
          "z": 1.325810194015503
        },
        "rotation_quaternion": {
          "w": 0.2501501739025116,
          "x": -0.4959392249584198,
          "y": 0.11954807490110397,
          "z": 0.8229079246520996
        },
        "matrix": [
          [
            -0.38293787837028503,
            -0.5302796363830566,
            -0.7564141154289246,
            0.2935013771057129
          ],
          [
            0.2931240499019623,
            -0.8462656736373901,
            0.4448740780353546,
            -0.22228623926639557
          ],
          [
            -0.8760405778884888,
            -0.05136515200138092,
            0.47950857877731323,
            1.3395516872406006
          ],
          [
            0.0,
            0.0,
            0.0,
            1.0
          ]
        ]
      },
      "bone_length_armature_space": 0.26752452842175795,
      "parent": "upperarm_l",
      "has_children": true,
      "is_end_bone": false
    },
    "metacarpal_thumb_l": {
      "name": "metacarpal_thumb_l",
      "local": {
        "location": {
          "x": 0.0,
          "y": 0.0,
          "z": 0.0
        },
        "rotation_quaternion": {
          "w": 0.9976228475570679,
          "x": -0.06698824465274811,
          "y": -0.014601659961044788,
          "z": -0.006926625035703182
        },
        "scale": {
          "x": 1.0,
          "y": 1.0,
          "z": 1.0
        },
        "matrix_basis": [
          [
            0.9994776248931885,
            0.01577659882605076,
            -0.02820589393377304,
            0.0
          ],
          [
            -0.011864040046930313,
            0.9909291863441467,
            0.1338602900505066,
            0.0
          ],
          [
            0.030061904340982437,
            -0.13345572352409363,
            0.990598738193512,
            0.0
          ],
          [
            0.0,
            0.0,
            0.0,
            1.0
          ]
        ],
        "rotation_mode": "QUATERNION"
      },
      "armature_space": {
        "head": {
          "x": 0.15163859724998474,
          "y": -0.5119270086288452,
          "z": 0.3759562373161316
        },
        "tail": {
          "x": 0.10764320194721222,
          "y": -0.5326477885246277,
          "z": 0.38537102937698364
        }
      },
      "world_space": {
        "head": {
          "x": 0.15163859724998474,
          "y": -0.4486830234527588,
          "z": 1.325810194015503
        },
        "tail": {
          "x": 0.10764320194721222,
          "y": -0.46940380334854126,
          "z": 1.3352251052856445
        },
        "rotation_quaternion": {
          "w": 0.06461028009653091,
          "x": -0.7964289784431458,
          "y": 0.5354120135307312,
          "z": 0.2736062705516815
        },
        "matrix": [
          [
            0.276946485042572,
            -0.8881917595863342,
            -0.3666277527809143,
            0.15163859724998474
          ],
          [
            -0.8174800276756287,
            -0.418317586183548,
            0.39590030908584595,
            -0.4486830234527588
          ],
          [
            -0.5050065517425537,
            0.1900685727596283,
            -0.8419360518455505,
            1.325810194015503
          ],
          [
            0.0,
            0.0,
            0.0,
            1.0
          ]
        ]
      },
      "bone_length_armature_space": 0.04953366383492981,
      "parent": "lowerarm_l",
      "has_children": true,
      "is_end_bone": false
    },
    "thumb_01_l": {
      "name": "thumb_01_l",
      "local": {
        "location": {
          "x": 0.0,
          "y": 0.0,
          "z": 0.0
        },
        "rotation_quaternion": {
          "w": 0.9669833183288574,
          "x": 0.2546326220035553,
          "y": 4.160078606219031e-05,
          "z": 0.010277213528752327
        },
        "scale": {
          "x": 1.0,
          "y": 1.0,
          "z": 1.0
        },
        "matrix_basis": [
          [
            0.999788761138916,
            -0.019854601472616196,
            0.005314282141625881,
            0.0
          ],
          [
            0.01989697478711605,
            0.8701131939888,
            -0.49245014786720276,
            0.0
          ],
          [
            0.005153373349457979,
            0.49245184659957886,
            0.870324432849884,
            0.0
          ],
          [
            0.0,
            0.0,
            0.0,
            1.0
          ]
        ],
        "rotation_mode": "QUATERNION"
      },
      "armature_space": {
        "head": {
          "x": 0.10764320194721222,
          "y": -0.5326477885246277,
          "z": 0.38537102937698364
        },
        "tail": {
          "x": 0.08434390276670456,
          "y": -0.5424226522445679,
          "z": 0.36256253719329834
        }
      },
      "world_space": {
        "head": {
          "x": 0.10764320194721222,
          "y": -0.46940380334854126,
          "z": 1.3352251052856445
        },
        "tail": {
          "x": 0.08434390276670456,
          "y": -0.47917866706848145,
          "z": 1.3124165534973145
        },
        "rotation_quaternion": {
          "w": 0.045738931745290756,
          "x": 0.5285943746566772,
          "y": -0.5952513813972473,
          "z": 0.6034664511680603
        },
        "matrix": [
          [
            -0.4369881749153137,
            -0.6844968795776367,
            0.5835283398628235,
            0.10764320194721222
          ],
          [
            -0.5740921497344971,
            -0.2871694564819336,
            -0.766780436038971,
            -0.46940380334854126
          ],
          [
            0.6924343705177307,
            -0.6700780391693115,
            -0.26747727394104004,
            1.3352251052856445
          ],
          [
            0.0,
            0.0,
            0.0,
            1.0
          ]
        ]
      },
      "bone_length_armature_space": 0.034038692689078144,
      "parent": "metacarpal_thumb_l",
      "has_children": true,
      "is_end_bone": false
    },
    "thumb_02_l": {
      "name": "thumb_02_l",
      "local": {
        "location": {
          "x": 0.0,
          "y": 0.0,
          "z": 0.0
        },
        "rotation_quaternion": {
          "w": 0.8976615071296692,
          "x": 0.4405611455440521,
          "y": 0.00945392344146967,
          "z": -0.004509182646870613
        },
        "scale": {
          "x": 1.0,
          "y": 1.0,
          "z": 1.0
        },
        "matrix_basis": [
          [
            0.9997805953025818,
            0.01642550155520439,
            0.012999705038964748,
            0.0
          ],
          [
            0.00023462329409085214,
            0.6117711067199707,
            -0.7910348176956177,
            0.0
          ],
          [
            -0.020945988595485687,
            0.7908642888069153,
            0.6116330027580261,
            0.0
          ],
          [
            0.0,
            0.0,
            0.0,
            1.0
          ]
        ],
        "rotation_mode": "QUATERNION"
      },
      "armature_space": {
        "head": {
          "x": 0.08434389531612396,
          "y": -0.5424225330352783,
          "z": 0.36256250739097595
        },
        "tail": {
          "x": 0.10036957263946533,
          "y": -0.5732967257499695,
          "z": 0.3826410174369812
        }
      },
      "world_space": {
        "head": {
          "x": 0.08434389531612396,
          "y": -0.4791785478591919,
          "z": 1.3124165534973145
        },
        "tail": {
          "x": 0.10036957263946533,
          "y": -0.5100527405738831,
          "z": 1.3324949741363525
        },
        "rotation_quaternion": {
          "w": 0.07708730548620224,
          "x": -0.4047609567642212,
          "y": -0.33122518658638,
          "z": -0.8488321900367737
        },
        "matrix": [
          [
            -0.6604528427124023,
            0.39900198578834534,
            0.6360812783241272,
            0.08434389531612396
          ],
          [
            0.1372651606798172,
            -0.7686953544616699,
            0.6247127056121826,
            -0.4791785478591919
          ],
          [
            0.7382196187973022,
            0.49990779161453247,
            0.4529218375682831,
            1.3124165534973145
          ],
          [
            0.0,
            0.0,
            0.0,
            1.0
          ]
        ]
      },
      "bone_length_armature_space": 0.04016447017160318,
      "parent": "thumb_01_l",
      "has_children": true,
      "is_end_bone": false
    },
    "thumb_03_l": {
      "name": "thumb_03_l",
      "local": {
        "location": {
          "x": 0.0,
          "y": 0.0,
          "z": 0.0
        },
        "rotation_quaternion": {
          "w": 0.9903517365455627,
          "x": 0.13833346962928772,
          "y": 0.008074616082012653,
          "z": -0.0014707172522321343
        },
        "scale": {
          "x": 1.0,
          "y": 1.0,
          "z": 1.0
        },
        "matrix_basis": [
          [
            0.9998652935028076,
            0.005147034302353859,
            0.015586521476507187,
            0.0
          ],
          [
            -0.0006790754268877208,
            0.9617233872413635,
            -0.27402132749557495,
            0.0
          ],
          [
            -0.01640031859278679,
            0.27397382259368896,
            0.9615973234176636,
            0.0
          ],
          [
            0.0,
            0.0,
            0.0,
            1.0
          ]
        ],
        "rotation_mode": "QUATERNION"
      },
      "armature_space": {
        "head": {
          "x": 0.10036948323249817,
          "y": -0.5732967257499695,
          "z": 0.3826409876346588
        },
        "tail": {
          "x": 0.12152501195669174,
          "y": -0.5840241312980652,
          "z": 0.4017266631126404
        }
      },
      "world_space": {
        "head": {
          "x": 0.10036948323249817,
          "y": -0.5100527405738831,
          "z": 1.3324949741363525
        },
        "tail": {
          "x": 0.12152501195669174,
          "y": -0.5207801461219788,
          "z": 1.3515806198120117
        },
        "rotation_quaternion": {
          "w": 0.30959823727607727,
          "x": -0.21261005103588104,
          "y": -0.47746363282203674,
          "z": -0.7943389415740967
        },
        "matrix": [
          [
            -0.717891275882721,
            0.6948795318603516,
            0.04212327301502228,
            0.10036948323249817
          ],
          [
            -0.2888268530368805,
            -0.3523542284965515,
            0.8901830911636353,
            -0.5100527405738831
          ],
          [
            0.6334163546562195,
            0.6268923878669739,
            0.45365604758262634,
            1.3324949741363525
          ],
          [
            0.0,
            0.0,
            0.0,
            1.0
          ]
        ]
      },
      "bone_length_armature_space": 0.030444977471736065,
      "parent": "thumb_02_l",
      "has_children": false,
      "is_end_bone": true
    },
    "metacarpal_index_l": {
      "name": "metacarpal_index_l",
      "local": {
        "location": {
          "x": 0.0,
          "y": 0.0,
          "z": 0.0
        },
        "rotation_quaternion": {
          "w": 0.9993190765380859,
          "x": -0.03126859292387962,
          "y": -0.019436467438936234,
          "z": 0.002470184350386262
        },
        "scale": {
          "x": 1.0,
          "y": 1.0,
          "z": 1.0
        },
        "matrix_basis": [
          [
            0.9992322325706482,
            -0.003721502609550953,
            -0.039000943303108215,
            0.0
          ],
          [
            0.006152506452053785,
            0.9980323314666748,
            0.062398578971624374,
            0.0
          ],
          [
            0.038691986352205276,
            -0.06259062886238098,
            0.9972890019416809,
            0.0
          ],
          [
            0.0,
            0.0,
            0.0,
            1.0
          ]
        ],
        "rotation_mode": "QUATERNION"
      },
      "armature_space": {
        "head": {
          "x": 0.15163859724998474,
          "y": -0.5119270086288452,
          "z": 0.3759562373161316
        },
        "tail": {
          "x": 0.06775308400392532,
          "y": -0.5931420922279358,
          "z": 0.3857824504375458
        }
      },
      "world_space": {
        "head": {
          "x": 0.15163859724998474,
          "y": -0.4486830234527588,
          "z": 1.325810194015503
        },
        "tail": {
          "x": 0.06775308400392532,
          "y": -0.5298981070518494,
          "z": 1.3356364965438843
        },
        "rotation_quaternion": {
          "w": 0.18125876784324646,
          "x": -0.7605811953544617,
          "y": 0.3472471833229065,
          "z": 0.5177654027938843
        },
        "matrix": [
          [
            0.22267624735832214,
            -0.7159193754196167,
            -0.6617212295532227,
            0.15163859724998474
          ],
          [
            -0.3405210077762604,
            -0.6931284070014954,
            0.6353099346160889,
            -0.4486830234527588
          ],
          [
            -0.913494884967804,
            0.08386152237653732,
            -0.39813098311424255,
            1.325810194015503
          ],
          [
            0.0,
            0.0,
            0.0,
            1.0
          ]
        ]
      },
      "bone_length_armature_space": 0.1171717695578675,
      "parent": "lowerarm_l",
      "has_children": true,
      "is_end_bone": false
    },
    "index_01_l": {
      "name": "index_01_l",
      "local": {
        "location": {
          "x": 0.0,
          "y": 0.0,
          "z": 0.0
        },
        "rotation_quaternion": {
          "w": 0.947352945804596,
          "x": 0.319581538438797,
          "y": 0.017705846577882767,
          "z": 0.008743289858102798
        },
        "scale": {
          "x": 1.0,
          "y": 1.0,
          "z": 1.0
        },
        "matrix_basis": [
          [
            0.9992201328277588,
            -0.0052490392699837685,
            0.03913576155900955,
            0.0
          ],
          [
            0.027882887050509453,
            0.7955824136734009,
            -0.60520339012146,
            0.0
          ],
          [
            -0.027958983555436134,
            0.6058226227760315,
            0.7951082587242126,
            0.0
          ],
          [
            0.0,
            0.0,
            0.0,
            1.0
          ]
        ],
        "rotation_mode": "QUATERNION"
      },
      "armature_space": {
        "head": {
          "x": 0.06775308400392532,
          "y": -0.5931420922279358,
          "z": 0.3857824504375458
        },
        "tail": {
          "x": 0.043713729828596115,
          "y": -0.6032254099845886,
          "z": 0.3742278814315796
        }
      },
      "world_space": {
        "head": {
          "x": 0.06775308400392532,
          "y": -0.5298981070518494,
          "z": 1.3356364965438843
        },
        "tail": {
          "x": 0.043713729828596115,
          "y": -0.5399814248085022,
          "z": 1.3240818977355957
        },
        "rotation_quaternion": {
          "w": 0.46032461524009705,
          "x": -0.7236907482147217,
          "y": 0.3336024880409241,
          "z": 0.3912574350833893
        },
        "matrix": [
          [
            0.4712541401386261,
            -0.843061089515686,
            -0.2591676115989685,
            0.06775308400392532
          ],
          [
            -0.12264148145914078,
            -0.3536221981048584,
            0.9273136258125305,
            -0.5298981070518494
          ],
          [
            -0.8734354376792908,
            -0.4052187204360962,
            -0.27004116773605347,
            1.3356364965438843
          ],
          [
            0.0,
            0.0,
            0.0,
            1.0
          ]
        ]
      },
      "bone_length_armature_space": 0.02851441577574896,
      "parent": "metacarpal_index_l",
      "has_children": true,
      "is_end_bone": false
    },
    "index_02_l": {
      "name": "index_02_l",
      "local": {
        "location": {
          "x": 0.0,
          "y": 0.0,
          "z": 0.0
        },
        "rotation_quaternion": {
          "w": 0.8968642950057983,
          "x": 0.4423051178455353,
          "y": 4.755408735945821e-05,
          "z": -0.0008301913621835411
        },
        "scale": {
          "x": 1.0,
          "y": 1.0,
          "z": 1.0
        },
        "matrix_basis": [
          [
            0.9999986290931702,
            0.0015312047908082604,
            -0.0006490966770797968,
            0.0
          ],
          [
            -0.001447071204893291,
            0.6087309718132019,
            -0.7933754324913025,
            0.0
          ],
          [
            -0.0008196948911063373,
            0.7933752536773682,
            0.6087323427200317,
            0.0
          ],
          [
            0.0,
            0.0,
            0.0,
            1.0
          ]
        ],
        "rotation_mode": "QUATERNION"
      },
      "armature_space": {
        "head": {
          "x": 0.04371321201324463,
          "y": -0.6032252311706543,
          "z": 0.3742278516292572
        },
        "tail": {
          "x": 0.024440811946988106,
          "y": -0.5905834436416626,
          "z": 0.36296501755714417
        }
      },
      "world_space": {
        "head": {
          "x": 0.04371321201324463,
          "y": -0.5399812459945679,
          "z": 1.3240818977355957
        },
        "tail": {
          "x": 0.024440811946988106,
          "y": -0.5273394584655762,
          "z": 1.312819004058838
        },
        "rotation_quaternion": {
          "w": 0.7363502979278564,
          "x": -0.44397246837615967,
          "y": 0.4518686532974243,
          "z": 0.23767943680286407
        },
        "matrix": [
          [
            0.47864699363708496,
            -0.7512649297714233,
            0.45442092418670654,
            0.04371321201324463
          ],
          [
            -0.05120250582695007,
            0.4927945137023926,
            0.8686379790306091,
            -0.5399812459945679
          ],
          [
            -0.8765193223953247,
            -0.4390409290790558,
            0.19741003215312958,
            1.3240818977355957
          ],
          [
            0.0,
            0.0,
            0.0,
            1.0
          ]
        ]
      },
      "bone_length_armature_space": 0.025653296822981484,
      "parent": "index_01_l",
      "has_children": true,
      "is_end_bone": false
    },
    "index_03_l": {
      "name": "index_03_l",
      "local": {
        "location": {
          "x": 0.0,
          "y": 0.0,
          "z": 0.0
        },
        "rotation_quaternion": {
          "w": 0.9325520992279053,
          "x": 0.36099541187286377,
          "y": 0.0020195089746266603,
          "z": 0.0049986341036856174
        },
        "scale": {
          "x": 1.0,
          "y": 1.0,
          "z": 1.0
        },
        "matrix_basis": [
          [
            0.999941885471344,
            -0.007864906452596188,
            0.007375562563538551,
            0.0
          ],
          [
            0.010781040415167809,
            0.7393146753311157,
            -0.6732738614082336,
            0.0
          ],
          [
            -0.00015762670955155045,
            0.6733142733573914,
            0.7393564581871033,
            0.0
          ],
          [
            0.0,
            0.0,
            0.0,
            1.0
          ]
        ],
        "rotation_mode": "QUATERNION"
      },
      "armature_space": {
        "head": {
          "x": 0.024440746754407883,
          "y": -0.5905835628509521,
          "z": 0.36296501755714417
        },
        "tail": {
          "x": 0.020934345200657845,
          "y": -0.5624433159828186,
          "z": 0.35592496395111084
        }
      },
      "world_space": {
        "head": {
          "x": 0.024440746754407883,
          "y": -0.5273395776748657,
          "z": 1.312819004058838
        },
        "tail": {
          "x": 0.020934345200657845,
          "y": -0.4991993308067322,
          "z": 1.305778980255127
        },
        "rotation_quaternion": {
          "w": 0.8546178936958313,
          "x": -0.13552986085414886,
          "y": 0.5011725425720215,
          "z": -0.009268287569284439
        },
        "matrix": [
          [
            0.497480571269989,
            -0.12000548839569092,
            0.8591344952583313,
            0.024440746754407883
          ],
          [
            -0.15168963372707367,
            0.9630916118621826,
            0.22236210107803345,
            -0.5273395776748657
          ],
          [
            -0.8541157841682434,
            -0.24094341695308685,
            0.4609190821647644,
            1.312819004058838
          ],
          [
            0.0,
            0.0,
            0.0,
            1.0
          ]
        ]
      },
      "bone_length_armature_space": 0.029218670359883434,
      "parent": "index_02_l",
      "has_children": false,
      "is_end_bone": true
    },
    "metacarpal_pinky_l": {
      "name": "metacarpal_pinky_l",
      "local": {
        "location": {
          "x": 0.0,
          "y": 0.0,
          "z": 0.0
        },
        "rotation_quaternion": {
          "w": 0.9990450143814087,
          "x": -0.0435946062207222,
          "y": 0.0015656466130167246,
          "z": -0.002489220816642046
        },
        "scale": {
          "x": 1.0,
          "y": 1.0,
          "z": 1.0
        },
        "matrix_basis": [
          [
            0.9999827146530151,
            0.004837180022150278,
            0.003345336066558957,
            0.0
          ],
          [
            -0.005110194906592369,
            0.9961866140365601,
            0.0870981514453888,
            0.0
          ],
          [
            -0.0029112696647644043,
            -0.08711374551057816,
            0.9961941242218018,
            0.0
          ],
          [
            0.0,
            0.0,
            0.0,
            1.0
          ]
        ],
        "rotation_mode": "QUATERNION"
      },
      "armature_space": {
        "head": {
          "x": 0.15163859724998474,
          "y": -0.5119270086288452,
          "z": 0.3759562373161316
        },
        "tail": {
          "x": 0.12118074297904968,
          "y": -0.6070982813835144,
          "z": 0.3466649055480957
        }
      },
      "world_space": {
        "head": {
          "x": 0.15163859724998474,
          "y": -0.4486830234527588,
          "z": 1.325810194015503
        },
        "tail": {
          "x": 0.12118074297904968,
          "y": -0.543854296207428,
          "z": 1.2965189218521118
        },
        "rotation_quaternion": {
          "w": 0.13808737695217133,
          "x": 0.07467971742153168,
          "y": -0.15476535260677338,
          "z": 0.9753986597061157
        },
        "matrix": [
          [
            -0.9507098197937012,
            -0.2924962639808655,
            0.10294223576784134,
            0.15163859724998474
          ],
          [
            0.24626505374908447,
            -0.913959264755249,
            -0.3225401043891907,
            -0.4486830234527588
          ],
          [
            0.18842843174934387,
            -0.28129369020462036,
            0.9409476518630981,
            1.325810194015503
          ],
          [
            0.0,
            0.0,
            0.0,
            1.0
          ]
        ]
      },
      "bone_length_armature_space": 0.10413085131174282,
      "parent": "lowerarm_l",
      "has_children": true,
      "is_end_bone": false
    },
    "pinky_01_l": {
      "name": "pinky_01_l",
      "local": {
        "location": {
          "x": 0.0,
          "y": 0.0,
          "z": 0.0
        },
        "rotation_quaternion": {
          "w": 0.9410412311553955,
          "x": 0.3375837802886963,
          "y": -0.0043358574621379375,
          "z": 0.02144651859998703
        },
        "scale": {
          "x": 1.0,
          "y": 1.0,
          "z": 1.0
        },
        "matrix_basis": [
          [
            0.9990425109863281,
            -0.043291546404361725,
            0.006319552194327116,
            0.0
          ],
          [
            0.03743668645620346,
            0.7711544632911682,
            -0.6355465054512024,
            0.0
          ],
          [
            0.02264043502509594,
            0.6351745128631592,
            0.7720367908477783,
            0.0
          ],
          [
            0.0,
            0.0,
            0.0,
            1.0
          ]
        ],
        "rotation_mode": "QUATERNION"
      },
      "armature_space": {
        "head": {
          "x": 0.12118074297904968,
          "y": -0.6070982813835144,
          "z": 0.3466649055480957
        },
