{
  "metadata": {
    "armature_name": "KIM_caucasian_male",
    "export_time": "2026-01-13T21:01:10.428896",
    "blender_version": "4.4.1",
    "bone_count": 56,
    "end_bone_count": 13,
    "spaces_included": [
      "LOCAL_CHANNELS",
      "ARMATURE_SPACE",
      "WORLD_SPACE"
    ],
    "note": "LOCAL matches Transform panel; replay pose via local.matrix_basis for best fidelity."
  },
  "bones": {
    "Root": {
      "name": "Root",
      "local": {
        "location": {
          "x": 0.0,
          "y": 0.0,
          "z": 0.0
        },
        "rotation_quaternion": {
          "w": 0.999604344367981,
          "x": 0.001956348307430744,
          "y": -0.01299460232257843,
          "z": 0.024870453402400017
        },
        "scale": {
          "x": 1.0,
          "y": 1.0,
          "z": 1.0
        },
        "matrix_basis": [
          [
            0.9984251856803894,
            -0.04977206885814667,
            -0.025881610810756683,
            0.0
          ],
          [
            0.04967038333415985,
            0.9987552762031555,
            -0.004557511769235134,
            0.0
          ],
          [
            0.02607623301446438,
            0.0032647852785885334,
            0.9996546506881714,
            0.0
          ],
          [
            0.0,
            0.0,
            0.0,
            1.0
          ]
        ],
        "rotation_mode": "QUATERNION"
      },
      "armature_space": {
        "head": {
          "x": 0.0,
          "y": 0.07072800397872925,
          "z": -0.009595036506652832
        },
        "tail": {
          "x": -0.0035525246057659388,
          "y": 5.671381950378418e-05,
          "z": -0.00024285633116960526
        }
      },
      "world_space": {
        "head": {
          "x": 0.0,
          "y": 0.13397200405597687,
          "z": 0.9402589797973633
        },
        "tail": {
          "x": -0.0035525246057659388,
          "y": 0.0633007138967514,
          "z": 0.9496111869812012
        },
        "rotation_quaternion": {
          "w": 0.06538909673690796,
          "x": 0.9974652528762817,
          "y": -0.025689372792840004,
          "z": -0.011289611458778381
        },
        "matrix": [
          [
            0.9984251856803894,
            -0.04977206885814667,
            -0.025881610810756683,
            0.0
          ],
          [
            -0.05272495374083519,
            -0.9901286363601685,
            -0.12986712157726288,
            0.13397200405597687
          ],
          [
            -0.019162552431225777,
            0.1310271918773651,
            -0.9912006855010986,
            0.9402589797973633
          ],
          [
            0.0,
            0.0,
            0.0,
            1.0
          ]
        ]
      },
      "bone_length_armature_space": 0.0713758695313971,
      "parent": null,
      "has_children": true,
      "is_end_bone": false
    },
    "spine_01": {
      "name": "spine_01",
      "local": {
        "location": {
          "x": 0.0,
          "y": 0.0,
          "z": 0.0
        },
        "rotation_quaternion": {
          "w": 0.9981274604797363,
          "x": -0.029606522992253304,
          "y": -0.05313890427350998,
          "z": 0.00643459428101778
        },
        "scale": {
          "x": 1.0,
          "y": 1.0,
          "z": 1.0
        },
        "matrix_basis": [
          [
            0.9942697286605835,
            -0.009698574431240559,
            -0.10645981132984161,
            0.0
          ],
          [
            0.015991607680916786,
            0.9981641173362732,
            0.058418311178684235,
            0.0
          ],
          [
            0.10569778829813004,
            -0.05978602170944214,
            0.9925994277000427,
            0.0
          ],
          [
            0.0,
            0.0,
            0.0,
            1.0
          ]
        ],
        "rotation_mode": "QUATERNION"
      },
      "armature_space": {
        "head": {
          "x": -0.0035525246057659388,
          "y": 5.671381950378418e-05,
          "z": -0.00024285633116960526
        },
        "tail": {
          "x": 0.0036603983025997877,
          "y": 0.05000181123614311,
          "z": 0.4851457178592682
        }
      },
      "world_space": {
        "head": {
          "x": -0.0035525246057659388,
          "y": 0.0633007138967514,
          "z": 0.9496111869812012
        },
        "tail": {
          "x": 0.0036603983025997877,
          "y": 0.11324581503868103,
          "z": 1.434999704360962
        },
        "rotation_quaternion": {
          "w": 0.7404909729957581,
          "x": 0.667424738407135,
          "y": -0.05334780365228653,
          "z": -0.0580640509724617
        },
        "matrix": [
          [
            0.9875651001930237,
            0.014780542813241482,
            -0.15651395916938782,
            -0.0035525246057659388
          ],
          [
            -0.15720316767692566,
            0.1023462563753128,
            -0.9822487235069275,
            0.0633007138967514
          ],
          [
            0.0015003150328993797,
            0.9946461915969849,
            0.1033969521522522,
            0.9496111869812012
          ],
          [
            0.0,
            0.0,
            0.0,
            1.0
          ]
        ]
      },
      "bone_length_armature_space": 0.48800471821849883,
      "parent": "Root",
      "has_children": true,
      "is_end_bone": false
    },
    "neck_01": {
      "name": "neck_01",
      "local": {
        "location": {
          "x": 0.0,
          "y": 0.0,
          "z": 0.0
        },
        "rotation_quaternion": {
          "w": 0.9919381141662598,
          "x": -0.01084691472351551,
          "y": 0.09704456478357315,
          "z": -0.0807691141963005
        },
        "scale": {
          "x": 1.0,
          "y": 1.0,
          "z": 1.0
        },
        "matrix_basis": [
          [
            0.9681174159049988,
            0.15813066065311432,
            0.1942766010761261,
            0.0
          ],
          [
            -0.1623411923646927,
            0.9867174029350281,
            0.005842529237270355,
            0.0
          ],
          [
            -0.19077222049236298,
            -0.037195343524217606,
            0.9809293746948242,
            0.0
          ],
          [
            0.0,
            0.0,
            0.0,
            1.0
          ]
        ],
        "rotation_mode": "QUATERNION"
      },
      "armature_space": {
        "head": {
          "x": -0.0006853658705949783,
          "y": 0.023430630564689636,
          "z": 0.5615580081939697
        },
        "tail": {
          "x": 0.011268767528235912,
          "y": -0.003704005852341652,
          "z": 0.6596985459327698
        }
      },
      "world_space": {
        "head": {
          "x": -0.0006853658705949783,
          "y": 0.08667463064193726,
          "z": 1.5114120244979858
        },
        "tail": {
          "x": 0.011268767528235912,
          "y": 0.05953999608755112,
          "z": 1.6095526218414307
        },
        "rotation_quaternion": {
          "w": 0.6034411191940308,
          "x": 0.7949824929237366,
          "y": 0.05934784561395645,
          "z": -0.018427928909659386
        },
        "matrix": [
          [
            0.9922764301300049,
            0.11660141497850418,
            0.042326703667640686,
            -0.0006853658705949783
          ],
          [
            0.07212129235267639,
            -0.26467305421829224,
            -0.9616376757621765,
            0.08667463064193726
          ],
          [
            -0.10092619061470032,
            0.9572694301605225,
            -0.2710410952568054,
            1.5114120244979858
          ],
          [
            0.0,
            0.0,
            0.0,
            1.0
          ]
        ]
      },
      "bone_length_armature_space": 0.10252197150154396,
      "parent": "spine_01",
      "has_children": true,
      "is_end_bone": false
    },
    "head": {
      "name": "head",
      "local": {
        "location": {
          "x": 0.0,
          "y": 0.0,
          "z": 0.0
        },
        "rotation_quaternion": {
          "w": 0.9870144724845886,
          "x": -0.0289470124989748,
          "y": 0.14932562410831451,
          "z": 0.051638491451740265
        },
        "scale": {
          "x": 1.0,
          "y": 1.0,
          "z": 1.0
        },
        "matrix_basis": [
          [
            0.9500706195831299,
            -0.1105809360742569,
            0.29178354144096375,
            0.0
          ],
          [
            0.09329081326723099,
            0.9929910898208618,
            0.07256413996219635,
            0.0
          ],
          [
            -0.2977626621723175,
            -0.04172034189105034,
            0.9537278413772583,
            0.0
          ],
          [
            0.0,
            0.0,
            0.0,
            1.0
          ]
        ],
        "rotation_mode": "QUATERNION"
      },
      "armature_space": {
        "head": {
          "x": 0.011268764734268188,
          "y": -0.003704134374856949,
          "z": 0.6596984267234802
        },
        "tail": {
          "x": 0.00802717823535204,
          "y": 0.017056657001376152,
          "z": 0.8133597373962402
        }
      },
      "world_space": {
        "head": {
          "x": 0.011268764734268188,
          "y": 0.05953986570239067,
          "z": 1.6095523834228516
        },
        "tail": {
          "x": 0.00802717823535204,
          "y": 0.08030065894126892,
          "z": 1.7632137537002563
        },
        "rotation_quaternion": {
          "w": 0.7406300902366638,
          "x": 0.6446692943572998,
          "y": 0.13563986122608185,
          "z": 0.1321759670972824
        },
        "matrix": [
          [
            0.9282626509666443,
            -0.02090129442512989,
            0.37133753299713135,
            0.011268764734268188
          ],
          [
            0.3706728518009186,
            0.1338626742362976,
            -0.9190662503242493,
            0.05953986570239067
          ],
          [
            -0.03049837052822113,
            0.9907867312431335,
            0.13200728595256805,
            1.6095523834228516
          ],
          [
            0.0,
            0.0,
            0.0,
            1.0
          ]
        ]
      },
      "bone_length_armature_space": 0.15509131902332227,
      "parent": "neck_01",
      "has_children": false,
      "is_end_bone": true
    },
    "upperarm_l": {
      "name": "upperarm_l",
      "local": {
        "location": {
          "x": 0.0,
          "y": 0.0,
          "z": 0.0
        },
        "rotation_quaternion": {
          "w": 0.9124572277069092,
          "x": 0.17899459600448608,
          "y": 0.20220302045345306,
          "z": 0.3074032664299011
        },
        "scale": {
          "x": 1.0,
          "y": 1.0,
          "z": 1.0
        },
        "matrix_basis": [
          [
            0.7292343378067017,
            -0.48859816789627075,
            0.47905024886131287,
            0.0
          ],
          [
            0.6333711743354797,
            0.746928334236145,
            -0.20233409106731415,
            0.0
          ],
          [
            -0.2589561641216278,
            0.45096555352211,
            0.8541497588157654,
            0.0
          ],
          [
            0.0,
            0.0,
            0.0,
            1.0
          ]
        ],
        "rotation_mode": "QUATERNION"
      },
      "armature_space": {
        "head": {
          "x": 0.145956888794899,
          "y": -0.01016082614660263,
          "z": 0.4952648878097534
        },
        "tail": {
          "x": 0.33465462923049927,
          "y": -0.1441161036491394,
          "z": 0.630383312702179
        }
      },
      "world_space": {
        "head": {
          "x": 0.145956888794899,
          "y": 0.05308317393064499,
          "z": 1.4451189041137695
        },
        "tail": {
          "x": 0.33465462923049927,
          "y": -0.08087210357189178,
          "z": 1.5802373886108398
        },
        "rotation_quaternion": {
          "w": 0.42707157135009766,
          "x": 0.7968548536300659,
          "y": 0.2601245939731598,
          "z": -0.33906838297843933
        },
        "matrix": [
          [
            0.6347357630729675,
            0.7041763663291931,
            -0.3181920349597931,
            0.145956888794899
          ],
          [
            0.12495177984237671,
            -0.49989014863967896,
            -0.8570281267166138,
            0.05308317393064499
          ],
          [
            -0.7625652551651001,
            0.5042307376861572,
            -0.40528982877731323,
            1.4451189041137695
          ],
          [
            0.0,
            0.0,
            0.0,
            1.0
          ]
        ]
      },
      "bone_length_armature_space": 0.26796985061575185,
      "parent": "spine_01",
      "has_children": true,
      "is_end_bone": false
    },
    "lowerarm_l": {
      "name": "lowerarm_l",
      "local": {
        "location": {
          "x": 0.0,
          "y": 0.0,
          "z": 0.0
        },
        "rotation_quaternion": {
          "w": 0.9602608680725098,
          "x": 0.24894168972969055,
          "y": 0.06030718982219696,
          "z": -0.11086106300354004
        },
        "scale": {
          "x": 1.0,
          "y": 1.0,
          "z": 1.0
        },
        "matrix_basis": [
          [
            0.9681457281112671,
            0.24293702840805054,
            0.06062538921833038,
            0.0
          ],
          [
            -0.18288514018058777,
            0.851475715637207,
            -0.4914693534374237,
            0.0
          ],
          [
            -0.17101715505123138,
            0.4647264778614044,
            0.8687821626663208,
            0.0
          ],
          [
            0.0,
            0.0,
            0.0,
            1.0
          ]
        ],
        "rotation_mode": "QUATERNION"
      },
      "armature_space": {
        "head": {
          "x": 0.3346545994281769,
          "y": -0.14411620795726776,
          "z": 0.6303834319114685
        },
        "tail": {
          "x": 0.45466673374176025,
          "y": -0.38236576318740845,
          "z": 0.6504731178283691
        }
      },
      "world_space": {
        "head": {
          "x": 0.3346545994281769,
          "y": -0.08087220788002014,
          "z": 1.5802373886108398
        },
        "tail": {
          "x": 0.45466673374176025,
          "y": -0.319121778011322,
          "z": 1.6003271341323853
        },
        "rotation_quaternion": {
          "w": 0.13498742878437042,
          "x": 0.8757626414299011,
          "y": 0.19103072583675385,
          "z": -0.42228612303733826
        },
        "matrix": [
          [
            0.5703632831573486,
            0.4486023783683777,
            -0.6880708932876587,
            0.3346545994281769
          ],
          [
            0.22058863937854767,
            -0.8905709981918335,
            -0.3977741003036499,
            -0.08087220788002014
          ],
          [
            -0.7912236452102661,
            0.07509468495845795,
            -0.6069101095199585,
            1.5802373886108398
          ],
          [
            0.0,
            0.0,
            0.0,
            1.0
          ]
        ]
      },
      "bone_length_armature_space": 0.26752450214911877,
      "parent": "upperarm_l",
      "has_children": true,
      "is_end_bone": false
    },
    "metacarpal_thumb_l": {
      "name": "metacarpal_thumb_l",
      "local": {
        "location": {
          "x": 0.0,
          "y": 0.0,
          "z": 0.0
        },
        "rotation_quaternion": {
          "w": 0.999374508857727,
          "x": -0.028952518478035927,
          "y": -0.01412242092192173,
          "z": 0.01459156721830368
        },
        "scale": {
          "x": 1.0,
          "y": 1.0,
          "z": 1.0
        },
        "matrix_basis": [
          [
            0.9991753101348877,
            -0.02834712155163288,
            -0.029072100296616554,
            0.0
          ],
          [
            0.029982639476656914,
            0.9978976845741272,
            0.05745667964220047,
            0.0
          ],
          [
            0.027382249012589455,
            -0.058280956000089645,
            0.9979246258735657,
            0.0
          ],
          [
            0.0,
            0.0,
            0.0,
            1.0
          ]
        ],
        "rotation_mode": "QUATERNION"
      },
      "armature_space": {
        "head": {
          "x": 0.45466673374176025,
          "y": -0.38236576318740845,
          "z": 0.6504731178283691
        },
        "tail": {
          "x": 0.4546068608760834,
          "y": -0.42753419280052185,
          "z": 0.6301408410072327
        }
      },
      "world_space": {
        "head": {
          "x": 0.45466673374176025,
          "y": -0.319121778011322,
          "z": 1.6003271341323853
        },
        "tail": {
          "x": 0.4546068608760834,
          "y": -0.36429017782211304,
          "z": 1.5799949169158936
        },
        "rotation_quaternion": {
          "w": 0.20298142731189728,
          "x": -0.9461625814437866,
          "y": 0.053498994559049606,
          "z": -0.2463996857404709
        },
        "matrix": [
          [
            0.8728501200675964,
            -0.0012088436633348465,
            0.4879867136478424,
            0.45466673374176025
          ],
          [
            -0.20126637816429138,
            -0.9118731617927551,
            0.3577417731285095,
            -0.319121778011322
          ],
          [
            0.4445524513721466,
            -0.41047403216362,
            -0.7961772084236145,
            1.6003271341323853
          ],
          [
            0.0,
            0.0,
            0.0,
            1.0
          ]
        ]
      },
      "bone_length_armature_space": 0.0495337481261424,
      "parent": "lowerarm_l",
      "has_children": true,
      "is_end_bone": false
    },
    "thumb_01_l": {
      "name": "thumb_01_l",
      "local": {
        "location": {
          "x": 0.0,
          "y": 0.0,
          "z": 0.0
        },
        "rotation_quaternion": {
          "w": 0.9993445873260498,
          "x": -0.035763826221227646,
          "y": -0.0046700467355549335,
          "z": -0.003079684916883707
        },
        "scale": {
          "x": 1.0,
          "y": 1.0,
          "z": 1.0
        },
        "matrix_basis": [
          [
            0.9999374151229858,
            0.006489370483905077,
            -0.009113688953220844,
            0.0
          ],
          [
            -0.00582129554823041,
            0.9974229335784912,
            0.07150954008102417,
            0.0
          ],
          [
            0.009554254822432995,
            -0.07145200669765472,
            0.9973982572555542,
            0.0
          ],
          [
            0.0,
            0.0,
            0.0,
            1.0
          ]
        ],
        "rotation_mode": "QUATERNION"
      },
      "armature_space": {
        "head": {
          "x": 0.4546068608760834,
          "y": -0.42753419280052185,
          "z": 0.6301408410072327
        },
        "tail": {
          "x": 0.46099063754081726,
          "y": -0.4377478063106537,
          "z": 0.598304271697998
        }
      },
      "world_space": {
        "head": {
          "x": 0.4546068608760834,
          "y": -0.36429017782211304,
          "z": 1.5799949169158936
        },
        "tail": {
          "x": 0.46099063754081726,
          "y": -0.3745037913322449,
          "z": 1.5481582880020142
        },
        "rotation_quaternion": {
          "w": 0.40212583541870117,
          "x": -0.42108556628227234,
          "y": 0.4338950216770172,
          "z": -0.6875441074371338
        },
        "matrix": [
          [
            -0.32196319103240967,
            0.18754570186138153,
            0.9279903769493103,
            0.4546068608760834
          ],
          [
            -0.9183725714683533,
            -0.3000597655773163,
            -0.25798454880714417,
            -0.36429017782211304
          ],
          [
            0.23006942868232727,
            -0.9353093504905701,
            0.2688466012477875,
            1.5799949169158936
          ],
          [
            0.0,
            0.0,
            0.0,
            1.0
          ]
        ]
      },
      "bone_length_armature_space": 0.034038766060572816,
      "parent": "metacarpal_thumb_l",
      "has_children": true,
      "is_end_bone": false
    },
    "thumb_02_l": {
      "name": "thumb_02_l",
      "local": {
        "location": {
          "x": 0.0,
          "y": 0.0,
          "z": 0.0
        },
        "rotation_quaternion": {
          "w": 0.9983043670654297,
          "x": 0.058188546448946,
          "y": 0.0015539256855845451,
          "z": 0.00020372809376567602
        },
        "scale": {
          "x": 1.0,
          "y": 1.0,
          "z": 1.0
        },
        "matrix_basis": [
          [
            0.9999951124191284,
            -0.000225923940888606,
            0.003126290859654546,
            0.0
          ],
          [
            0.000587606627959758,
            0.9932280778884888,
            -0.11617912352085114,
            0.0
          ],
          [
            -0.003078872337937355,
            0.11618039011955261,
            0.9932233691215515,
            0.0
          ],
          [
            0.0,
            0.0,
            0.0,
            1.0
          ]
        ],
        "rotation_mode": "QUATERNION"
      },
      "armature_space": {
        "head": {
          "x": 0.46099063754081726,
          "y": -0.4377477765083313,
          "z": 0.598304271697998
        },
        "tail": {
          "x": 0.4794994592666626,
          "y": -0.4733651876449585,
          "z": 0.5968889594078064
        }
      },
      "world_space": {
        "head": {
          "x": 0.46099063754081726,
          "y": -0.3745037913322449,
          "z": 1.5481582880020142
        },
        "tail": {
          "x": 0.4794994592666626,
          "y": -0.41012120246887207,
          "z": 1.5467429161071777
        },
        "rotation_quaternion": {
          "w": 0.23777715861797333,
          "x": -0.040720678865909576,
          "y": 0.00817826297134161,
          "z": -0.9704313278198242
        },
        "matrix": [
          [
            -0.8836076855659485,
            0.46082666516304016,
            0.08292253315448761,
            0.46099063754081726
          ],
          [
            -0.4621589183807373,
            -0.8867903351783752,
            0.0034926459193229675,
            -0.3745037913322449
          ],
          [
            0.07514452189207077,
            -0.035238392651081085,
            0.99655681848526,
            1.5481582880020142
          ],
          [
            0.0,
            0.0,
            0.0,
            1.0
          ]
        ]
      },
      "bone_length_armature_space": 0.040164406875185785,
      "parent": "thumb_01_l",
      "has_children": true,
      "is_end_bone": false
    },
    "thumb_03_l": {
      "name": "thumb_03_l",
      "local": {
        "location": {
          "x": 0.0,
          "y": 0.0,
          "z": 0.0
        },
        "rotation_quaternion": {
          "w": 0.9969364404678345,
          "x": 0.07804036885499954,
          "y": -0.005215097684413195,
          "z": -0.0006048094946891069
        },
        "scale": {
          "x": 1.0,
          "y": 1.0,
          "z": 1.0
        },
        "matrix_basis": [
          [
            0.9999448657035828,
            0.00039193694829009473,
            -0.010492640547454357,
            0.0
          ],
          [
            -0.0020198896527290344,
            0.9878186583518982,
            -0.1555962711572647,
            0.0
          ],
          [
            0.010303842835128307,
            0.1556088775396347,
            0.9877650141716003,
            0.0
          ],
          [
            0.0,
            0.0,
            0.0,
            1.0
          ]
        ],
        "rotation_mode": "QUATERNION"
      },
      "armature_space": {
        "head": {
          "x": 0.4794993996620178,
          "y": -0.4733651578426361,
          "z": 0.5968888998031616
        },
        "tail": {
          "x": 0.4959200322628021,
          "y": -0.4964415729045868,
          "z": 0.6080573201179504
        }
      },
      "world_space": {
        "head": {
          "x": 0.4794993996620178,
          "y": -0.4101211428642273,
          "z": 1.5467429161071777
        },
        "tail": {
          "x": 0.4959200322628021,
          "y": -0.433197557926178,
          "z": 1.5579113960266113
        },
        "rotation_quaternion": {
          "w": 0.32148751616477966,
          "x": 0.1911398321390152,
          "y": -0.1328873336315155,
          "z": -0.9178521037101746
        },
        "matrix": [
          [
            -0.7202224135398865,
            0.5393561124801636,
            -0.4363193213939667,
            0.4794993996620178
          ],
          [
            -0.6409564018249512,
            -0.7579733729362488,
            0.12104310095310211,
            -0.4101211428642273
          ],
          [
            -0.2654355466365814,
            0.3668413758277893,
            0.8916195631027222,
            1.5467429161071777
          ],
          [
            0.0,
            0.0,
            0.0,
            1.0
          ]
        ]
      },
      "bone_length_armature_space": 0.030444896693980903,
      "parent": "thumb_02_l",
      "has_children": false,
      "is_end_bone": true
    },
    "metacarpal_index_l": {
      "name": "metacarpal_index_l",
      "local": {
        "location": {
          "x": 0.0,
          "y": 0.0,
          "z": 0.0
        },
        "rotation_quaternion": {
          "w": 0.9993290901184082,
          "x": -0.03331099450588226,
          "y": 0.011628730222582817,
          "z": -0.009824019856750965
        },
        "scale": {
          "x": 1.0,
          "y": 1.0,
          "z": 1.0
        },
        "matrix_basis": [
          [
            0.9995365142822266,
            0.01886012777686119,
            0.0238963533192873,
            0.0
          ],
          [
            -0.020409585908055305,
            0.9975877404212952,
            0.06634881347417831,
            0.0
          ],
          [
            -0.022587360814213753,
            -0.06680577248334885,
            0.9975103139877319,
            0.0
          ],
          [
            0.0,
            0.0,
            0.0,
            1.0
          ]
        ],
        "rotation_mode": "QUATERNION"
      },
      "armature_space": {
        "head": {
          "x": 0.45466673374176025,
          "y": -0.38236576318740845,
          "z": 0.6504731178283691
        },
        "tail": {
          "x": 0.48557722568511963,
          "y": -0.49492785334587097,
          "z": 0.6402978301048279
        }
      },
      "world_space": {
        "head": {
          "x": 0.45466673374176025,
          "y": -0.319121778011322,
          "z": 1.6003271341323853
        },
        "tail": {
          "x": 0.48557722568511963,
          "y": -0.43168383836746216,
          "z": 1.5901517868041992
        },
        "rotation_quaternion": {
          "w": 0.04668688401579857,
          "x": -0.9898902773857117,
          "y": -0.13225293159484863,
          "z": -0.021133750677108765
        },
        "matrix": [
          [
            0.9641250371932983,
            0.2638050317764282,
            0.029491133987903595,
            0.45466673374176025
          ],
          [
            0.2598586678504944,
            -0.9606591463088989,
            0.0980193242430687,
            -0.319121778011322
          ],
          [
            0.05418946221470833,
            -0.08684096485376358,
            -0.9947543740272522,
            1.6003271341323853
          ],
          [
            0.0,
            0.0,
            0.0,
            1.0
          ]
        ]
      },
      "bone_length_armature_space": 0.11717175217084423,
      "parent": "lowerarm_l",
      "has_children": true,
      "is_end_bone": false
    },
    "index_01_l": {
      "name": "index_01_l",
      "local": {
        "location": {
          "x": 0.0,
          "y": 0.0,
          "z": 0.0
        },
        "rotation_quaternion": {
          "w": 0.9966428279876709,
          "x": -0.08016056567430496,
          "y": -0.016429850831627846,
          "z": 0.0027546833734959364
        },
        "scale": {
          "x": 1.0,
          "y": 1.0,
          "z": 1.0
        },
        "matrix_basis": [
          [
            0.9994449615478516,
            -0.0028568184934556484,
            -0.0331910215318203,
            0.0
          ],
          [
            0.008124923333525658,
            0.9871333837509155,
            0.15969239175319672,
            0.0
          ],
          [
            0.03230775147676468,
            -0.15987342596054077,
            0.9866086840629578,
            0.0
          ],
          [
            0.0,
            0.0,
            0.0,
            1.0
          ]
        ],
        "rotation_mode": "QUATERNION"
      },
      "armature_space": {
        "head": {
          "x": 0.48557722568511963,
          "y": -0.49492785334587097,
          "z": 0.6402978301048279
        },
        "tail": {
          "x": 0.501112163066864,
          "y": -0.5179381370544434,
          "z": 0.6467987895011902
        }
      },
      "world_space": {
        "head": {
          "x": 0.48557722568511963,
          "y": -0.43168383836746216,
          "z": 1.5901517868041992
        },
        "tail": {
          "x": 0.501112163066864,
          "y": -0.45469415187835693,
          "z": 1.5966527462005615
        },
        "rotation_quaternion": {
          "w": 0.10071591287851334,
          "x": 0.9484384059906006,
          "y": 0.2938888967037201,
          "z": 0.06285252422094345
        },
        "matrix": [
          [
            0.8193578124046326,
            0.5448102951049805,
            0.1784222424030304,
            0.48557722568511963
          ],
          [
            0.5701317191123962,
            -0.8069712519645691,
            -0.15410244464874268,
            -0.43168383836746216
          ],
          [
            0.06002593785524368,
            0.22798991203308105,
            -0.9718186855316162,
            1.5901517868041992
          ],
          [
            0.0,
            0.0,
            0.0,
            1.0
          ]
        ]
      },
      "bone_length_armature_space": 0.02851438107292196,
      "parent": "metacarpal_index_l",
      "has_children": true,
      "is_end_bone": false
    },
    "index_02_l": {
      "name": "index_02_l",
      "local": {
        "location": {
          "x": 0.0,
          "y": 0.0,
          "z": 0.0
        },
        "rotation_quaternion": {
          "w": 0.9985721111297607,
          "x": 0.05323943868279457,
          "y": 0.003950782585889101,
          "z": -0.001945361727848649
        },
        "scale": {
          "x": 1.0,
          "y": 1.0,
          "z": 1.0
        },
        "matrix_basis": [
          [
            0.9999611973762512,
            0.00430584279820323,
            0.007683142554014921,
            0.0
          ],
          [
            -0.0034644929692149162,
            0.9943235516548157,
            -0.10634221136569977,
            0.0
          ],
          [
            -0.008097422309219837,
            0.10631146281957626,
            0.9942998886108398,
            0.0
          ],
          [
            0.0,
            0.0,
            0.0,
            1.0
          ]
        ],
        "rotation_mode": "QUATERNION"
      },
      "armature_space": {
        "head": {
          "x": 0.5011122226715088,
          "y": -0.5179386138916016,
          "z": 0.6467986106872559
        },
        "tail": {
          "x": 0.5159710645675659,
          "y": -0.5384482741355896,
          "z": 0.6508800387382507
        }
      },
      "world_space": {
        "head": {
          "x": 0.5011122226715088,
          "y": -0.45469462871551514,
          "z": 1.596652626991272
        },
        "tail": {
          "x": 0.5159710645675659,
          "y": -0.4752042889595032,
          "z": 1.600733995437622
        },
        "rotation_quaternion": {
          "w": 0.07651567459106445,
          "x": 0.9482773542404175,
          "y": 0.30724212527275085,
          "z": 0.022754859179258347
        },
        "matrix": [
          [
            0.8101690411567688,
            0.5792191028594971,
            0.09017367660999298,
            0.5011122226715088
          ],
          [
            0.5861838459968567,
            -0.7994952201843262,
            -0.13113397359848022,
            -0.45469462871551514
          ],
          [
            -0.003861373756080866,
            0.15909922122955322,
            -0.9872621893882751,
            1.596652626991272
          ],
          [
            0.0,
            0.0,
            0.0,
            1.0
          ]
        ]
      },
      "bone_length_armature_space": 0.02565325310899297,
      "parent": "index_01_l",
      "has_children": true,
      "is_end_bone": false
    },
    "index_03_l": {
      "name": "index_03_l",
      "local": {
        "location": {
          "x": 0.0,
          "y": 0.0,
          "z": 0.0
        },
        "rotation_quaternion": {
          "w": 0.9993704557418823,
          "x": 0.035451099276542664,
          "y": -0.0013111255830153823,
          "z": -0.0004524799296632409
        },
        "scale": {
          "x": 1.0,
          "y": 1.0,
          "z": 1.0
        },
        "matrix_basis": [
          [
            0.9999961256980896,
            0.0008114284719340503,
            -0.0026526821311563253,
            0.0
          ],
          [
            -0.0009973518317565322,
            0.9974860548973083,
            -0.07085637748241425,
            0.0
          ],
          [
            0.0025885184295475483,
            0.07085874676704407,
            0.9974830150604248,
            0.0
          ],
          [
            0.0,
            0.0,
            0.0,
            1.0
          ]
        ],
        "rotation_mode": "QUATERNION"
      },
      "armature_space": {
        "head": {
          "x": 0.5159710645675659,
          "y": -0.5384482741355896,
          "z": 0.6508801579475403
        },
        "tail": {
          "x": 0.5352936387062073,
          "y": -0.560365617275238,
          "z": 0.650875449180603
        }
      },
      "world_space": {
        "head": {
          "x": 0.5159710645675659,
          "y": -0.4752042889595032,
          "z": 1.6007342338562012
        },
        "tail": {
          "x": 0.5352936387062073,
          "y": -0.4971216320991516,
          "z": 1.6007294654846191
        },
        "rotation_quaternion": {
          "w": 0.009668111801147461,
          "x": -0.9351010918617249,
          "y": -0.3533403277397156,
          "z": -0.025360511615872383
        },
        "matrix": [
          [
            0.7490149140357971,
            0.6613081693649292,
            0.04059678316116333,
            0.5159710645675659
          ],
          [
            0.6603276133537292,
            -0.7501142621040344,
            0.03600265830755234,
            -0.4752042889595032
          ],
          [
            0.054262079298496246,
            -0.00016023963689804077,
            -0.9985337853431702,
            1.6007342338562012
          ],
          [
            0.0,
            0.0,
            0.0,
            1.0
          ]
        ]
      },
      "bone_length_armature_space": 0.029218689462296953,
      "parent": "index_02_l",
      "has_children": false,
      "is_end_bone": true
    },
    "metacarpal_pinky_l": {
      "name": "metacarpal_pinky_l",
      "local": {
        "location": {
          "x": 0.0,
          "y": 0.0,
          "z": 0.0
        },
        "rotation_quaternion": {
          "w": 0.9995300769805908,
          "x": -0.03048502281308174,
          "y": -0.0009638704941608012,
          "z": -0.0030764155089855194
        },
        "scale": {
          "x": 1.0,
          "y": 1.0,
          "z": 1.0
        },
        "matrix_basis": [
          [
            0.9999791979789734,
            0.006208707112818956,
            -0.001739265862852335,
            0.0
          ],
          [
            -0.006091172341257334,
            0.9981223940849304,
            0.06094732508063316,
            0.0
          ],
          [
            0.0021144042257219553,
            -0.06093546375632286,
            0.9981394410133362,
            0.0
          ],
          [
            0.0,
            0.0,
            0.0,
            1.0
          ]
        ],
        "rotation_mode": "QUATERNION"
      },
      "armature_space": {
        "head": {
          "x": 0.45466673374176025,
          "y": -0.38236576318740845,
          "z": 0.6504731178283691
        },
        "tail": {
          "x": 0.525248646736145,
          "y": -0.4557645320892334,
          "z": 0.6722452640533447
        }
      },
      "world_space": {
        "head": {
          "x": 0.45466673374176025,
          "y": -0.319121778011322,
          "z": 1.6003271341323853
        },
        "tail": {
          "x": 0.525248646736145,
          "y": -0.392520546913147,
          "z": 1.6220992803573608
        },
        "rotation_quaternion": {
          "w": 0.37801608443260193,
          "x": 0.4247171878814697,
          "y": 0.06831982731819153,
          "z": -0.8197875022888184
        },
        "matrix": [
          [
            -0.35343751311302185,
            0.6778203248977661,
            -0.6447025537490845,
            0.45466673374176025
          ],
          [
            -0.5617533326148987,
            -0.7048711776733398,
            -0.43311676383018494,
            -0.319121778011322
          ],
          [
            -0.7480133175849915,
            0.20908480882644653,
            0.6298996806144714,
            1.6003271341323853
          ],
          [
            0.0,
            0.0,
            0.0,
            1.0
          ]
        ]
      },
      "bone_length_armature_space": 0.10413074552363791,
      "parent": "lowerarm_l",
      "has_children": true,
      "is_end_bone": false
    },
    "pinky_01_l": {
      "name": "pinky_01_l",
      "local": {
        "location": {
          "x": 0.0,
          "y": 0.0,
          "z": 0.0
        },
        "rotation_quaternion": {
          "w": 0.9614847302436829,
          "x": 0.2747868299484253,
          "y": -0.0024988199584186077,
          "z": -0.0057576680555939674
        },
        "scale": {
          "x": 1.0,
          "y": 1.0,
          "z": 1.0
        },
        "matrix_basis": [
          [
            0.9999212026596069,
            0.00969853438436985,
            -0.007969417609274387,
            0.0
          ],
          [
            -0.012445105239748955,
            0.848918080329895,
            -0.528377890586853,
            0.0
          ],
          [
            0.0016408917726948857,
            0.528435468673706,
            0.8489719033241272,
            0.0
          ],
          [
            0.0,
            0.0,
            0.0,
            1.0
          ]
        ],
        "rotation_mode": "QUATERNION"
      },
      "armature_space": {
        "head": {
          "x": 0.525248646736145,
          "y": -0.4557645320892334,
