{
  "metadata": {
    "armature_name": "KIM_caucasian_male",
    "export_time": "2026-01-13T21:01:17.772345",
    "blender_version": "4.4.1",
    "bone_count": 56,
    "end_bone_count": 13,
    "spaces_included": [
      "LOCAL_CHANNELS",
      "ARMATURE_SPACE",
      "WORLD_SPACE"
    ],
    "note": "LOCAL matches Transform panel; replay pose via local.matrix_basis for best fidelity."
  },
  "bones": {
    "Root": {
      "name": "Root",
      "local": {
        "location": {
          "x": 0.0,
          "y": 0.0,
          "z": 0.0
        },
        "rotation_quaternion": {
          "w": 0.9998327493667603,
          "x": -0.007156693376600742,
          "y": 0.016818374395370483,
          "z": -0.0006836323300376534
        },
        "scale": {
          "x": 1.0,
          "y": 1.0,
          "z": 1.0
        },
        "matrix_basis": [
          [
            0.9994333386421204,
            0.0011263081105425954,
            0.03364090994000435,
            0.0
          ],
          [
            -0.0016077639302238822,
            0.9998966455459595,
            0.014287997968494892,
            0.0
          ],
          [
            -0.03362133726477623,
            -0.014333987608551979,
            0.9993318319320679,
            0.0
          ],
          [
            0.0,
            0.0,
            0.0,
            1.0
          ]
        ],
        "rotation_mode": "QUATERNION"
      },
      "armature_space": {
        "head": {
          "x": 0.0,
          "y": 0.07072800397872925,
          "z": -0.009595036506652832
        },
        "tail": {
          "x": 8.039121894398704e-05,
          "y": 0.00014484673738479614,
          "z": 0.001012830063700676
        }
      },
      "world_space": {
        "head": {
          "x": 0.0,
          "y": 0.13397200405597687,
          "z": 0.9402589797973633
        },
        "tail": {
          "x": 8.039121894398704e-05,
          "y": 0.06338884681463242,
          "z": 0.9508668184280396
        },
        "rotation_quaternion": {
          "w": 0.07449683547019958,
          "x": 0.9970792531967163,
          "y": 0.0018150981049984694,
          "z": 0.016734115779399872
        },
        "matrix": [
          [
            0.9994333386421204,
            0.0011263081105425954,
            0.03364090994000435,
            0.0
          ],
          [
            0.0061128768138587475,
            -0.9888938665390015,
            -0.14849817752838135,
            0.13397200405597687
          ],
          [
            0.03310026973485947,
            0.14861978590488434,
            -0.9883473515510559,
            0.9402589797973633
          ],
          [
            0.0,
            0.0,
            0.0,
            1.0
          ]
        ]
      },
      "bone_length_armature_space": 0.0713758737291446,
      "parent": null,
      "has_children": true,
      "is_end_bone": false
    },
    "spine_01": {
      "name": "spine_01",
      "local": {
        "location": {
          "x": 0.0,
          "y": 0.0,
          "z": 0.0
        },
        "rotation_quaternion": {
          "w": 0.9976831674575806,
          "x": -0.03545089066028595,
          "y": 0.029260430485010147,
          "z": 0.050154514610767365
        },
        "scale": {
          "x": 1.0,
          "y": 1.0,
          "z": 1.0
        },
        "matrix_basis": [
          [
            0.993256688117981,
            -0.10215124487876892,
            0.05482923239469528,
            0.0
          ],
          [
            0.09800201654434204,
            0.9924555420875549,
            0.07367260009050369,
            0.0
          ],
          [
            -0.061941321939229965,
            -0.06780242919921875,
            0.9957741498947144,
            0.0
          ],
          [
            0.0,
            0.0,
            0.0,
            1.0
          ]
        ],
        "rotation_mode": "QUATERNION"
      },
      "armature_space": {
        "head": {
          "x": 8.039121894398704e-05,
          "y": 0.00014484673738479614,
          "z": 0.001012830063700676
        },
        "tail": {
          "x": -0.06605812907218933,
          "y": 0.06237556040287018,
          "z": 0.48049330711364746
        }
      },
      "world_space": {
        "head": {
          "x": 8.039121894398704e-05,
          "y": 0.06338884681463242,
          "z": 0.9508668184280396
        },
        "tail": {
          "x": -0.06605812907218933,
          "y": 0.1256195604801178,
          "z": 1.4303473234176636
        },
        "rotation_quaternion": {
          "w": 0.7504729628562927,
          "x": 0.6567904949188232,
          "y": -0.02347104623913765,
          "z": 0.06975484639406204
        },
        "matrix": [
          [
            0.9891666769981384,
            -0.13552941381931305,
            0.056400708854198456,
            8.039121894398704e-05
          ],
          [
            0.0738680511713028,
            0.12752163410186768,
            -0.9890813231468201,
            0.06338884681463242
          ],
          [
            0.12685826420783997,
            0.9825394749641418,
            0.1361514925956726,
            0.9508668184280396
          ],
          [
            0.0,
            0.0,
            0.0,
            1.0
          ]
        ]
      },
      "bone_length_armature_space": 0.48800459820734554,
      "parent": "Root",
      "has_children": true,
      "is_end_bone": false
    },
    "neck_01": {
      "name": "neck_01",
      "local": {
        "location": {
          "x": 0.0,
          "y": 0.0,
          "z": 0.0
        },
        "rotation_quaternion": {
          "w": 0.9966849088668823,
          "x": -0.046932652592659,
          "y": -0.040798597037792206,
          "z": 0.0524599626660347
        },
        "scale": {
          "x": 1.0,
          "y": 1.0,
          "z": 1.0
        },
        "matrix_basis": [
          [
            0.9911668300628662,
            -0.10074253380298615,
            -0.08625086396932602,
            0.0
          ],
          [
            0.10840167850255966,
            0.990090548992157,
            0.08927354961633682,
            0.0
          ],
          [
            0.07640252262353897,
            -0.09783472120761871,
            0.9922655820846558,
            0.0
          ],
          [
            0.0,
            0.0,
            0.0,
            1.0
          ]
        ],
        "rotation_mode": "QUATERNION"
      },
      "armature_space": {
        "head": {
          "x": -0.07402538508176804,
          "y": 0.03741072490811348,
          "z": 0.5571551322937012
        },
        "tail": {
          "x": -0.09581667184829712,
          "y": 0.020161908119916916,
          "z": 0.6558383107185364
        }
      },
      "world_space": {
        "head": {
          "x": -0.07402538508176804,
          "y": 0.1006547212600708,
          "z": 1.5070091485977173
        },
        "tail": {
          "x": -0.09581667184829712,
          "y": 0.08340591192245483,
          "z": 1.6056923866271973
        },
        "rotation_quaternion": {
          "w": 0.6399423480033875,
          "x": 0.7609451413154602,
          "y": -0.07969053834676743,
          "z": 0.07131372392177582
        },
        "matrix": [
          [
            0.9771274924278259,
            -0.2125537097454071,
            0.0065357014536857605,
            -0.07402538508176804
          ],
          [
            -0.030008167028427124,
            -0.16824612021446228,
            -0.9852883219718933,
            0.1006547212600708
          ],
          [
            0.21052773296833038,
            0.9625625610351562,
            -0.1707783043384552,
            1.5070091485977173
          ],
          [
            0.0,
            0.0,
            0.0,
            1.0
          ]
        ]
      },
      "bone_length_armature_space": 0.10252195723662531,
      "parent": "spine_01",
      "has_children": true,
      "is_end_bone": false
    },
    "head": {
      "name": "head",
      "local": {
        "location": {
          "x": 0.0,
          "y": 0.0,
          "z": 0.0
        },
        "rotation_quaternion": {
          "w": 0.9965487122535706,
          "x": -0.06924867630004883,
          "y": -0.009990500286221504,
          "z": 0.04467212036252022
        },
        "scale": {
          "x": 1.0,
          "y": 1.0,
          "z": 1.0
        },
        "matrix_basis": [
          [
            0.9958091974258423,
            -0.08765222877264023,
            -0.026099011301994324,
            0.0
          ],
          [
            0.09041954576969147,
            0.9864180684089661,
            0.13712675869464874,
            0.0
          ],
          [
            0.013725070282816887,
            -0.13891194760799408,
            0.9902096390724182,
            0.0
          ],
          [
            0.0,
            0.0,
            0.0,
            1.0
          ]
        ],
        "rotation_mode": "QUATERNION"
      },
      "armature_space": {
        "head": {
          "x": -0.09581665694713593,
          "y": 0.020161766558885574,
          "z": 0.6558382511138916
        },
        "tail": {
          "x": -0.13828136026859283,
          "y": 0.07220257818698883,
          "z": 0.7956300973892212
        }
      },
      "world_space": {
        "head": {
          "x": -0.09581665694713593,
          "y": 0.0834057629108429,
          "z": 1.6056922674179077
        },
        "tail": {
          "x": -0.13828136026859283,
          "y": 0.13544657826423645,
          "z": 1.7454841136932373
        },
        "rotation_quaternion": {
          "w": 0.8064252138137817,
          "x": 0.5713346004486084,
          "y": -0.1321129947900772,
          "z": 0.07616636902093887
        },
        "matrix": [
          [
            0.9534898400306702,
            -0.27380645275115967,
            -0.1260441690683365,
            -0.09581665694713593
          ],
          [
            -0.028114862740039825,
            0.3355518579483032,
            -0.941602349281311,
            0.0834057629108429
          ],
          [
            0.3001132011413574,
            0.901358425617218,
            0.3122485280036926,
            1.6056922674179077
          ],
          [
            0.0,
            0.0,
            0.0,
            1.0
          ]
        ]
      },
      "bone_length_armature_space": 0.1550911276960924,
      "parent": "neck_01",
      "has_children": false,
      "is_end_bone": true
    },
    "upperarm_l": {
      "name": "upperarm_l",
      "local": {
        "location": {
          "x": 0.0,
          "y": 0.0,
          "z": 0.0
        },
        "rotation_quaternion": {
          "w": 0.8062495589256287,
          "x": 0.0032527863513678312,
          "y": 0.5391684174537659,
          "z": 0.24341033399105072
        },
        "scale": {
          "x": 1.0,
          "y": 1.0,
          "z": 1.0
        },
        "matrix_basis": [
          [
            0.30009764432907104,
            -0.3889913558959961,
            0.870992124080658,
            0.0
          ],
          [
            0.3960065543651581,
            0.8814816474914551,
            0.257233202457428,
            0.0
          ],
          [
            -0.8678250908851624,
            0.2677234411239624,
            0.41857367753982544,
            0.0
          ],
          [
            0.0,
            0.0,
            0.0,
            1.0
          ]
        ],
        "rotation_mode": "QUATERNION"
      },
      "armature_space": {
        "head": {
          "x": 0.08363812416791916,
          "y": 0.0367661751806736,
          "z": 0.5105838179588318
        },
        "tail": {
          "x": 0.3126365840435028,
          "y": 0.002771783620119095,
          "z": 0.6455354690551758
        }
      },
      "world_space": {
        "head": {
          "x": 0.08363812416791916,
          "y": 0.10001017153263092,
          "z": 1.4604377746582031
        },
        "tail": {
          "x": 0.3126365840435028,
          "y": 0.06601577997207642,
          "z": 1.595389485359192
        },
        "rotation_quaternion": {
          "w": 0.32675155997276306,
          "x": 0.7505330443382263,
          "y": 0.5742848515510559,
          "z": 0.011430343613028526
        },
        "matrix": [
          [
            0.34013092517852783,
            0.8545693159103394,
            0.39245665073394775,
            0.08363812416791916
          ],
          [
            0.8695105314254761,
            -0.12685921788215637,
            -0.47734534740448,
            0.10001017153263092
          ],
          [
            -0.35813963413238525,
            0.5036084651947021,
            -0.7862117290496826,
            1.4604377746582031
          ],
          [
            0.0,
            0.0,
            0.0,
            1.0
          ]
        ]
      },
      "bone_length_armature_space": 0.2679698786367693,
      "parent": "spine_01",
      "has_children": true,
      "is_end_bone": false
    },
    "lowerarm_l": {
      "name": "lowerarm_l",
      "local": {
        "location": {
          "x": 0.0,
          "y": 0.0,
          "z": 0.0
        },
        "rotation_quaternion": {
          "w": 0.9765743017196655,
          "x": 0.18246838450431824,
          "y": 0.09070364385843277,
          "z": -0.0691436231136322
        },
        "scale": {
          "x": 1.0,
          "y": 1.0,
          "z": 1.0
        },
        "matrix_basis": [
          [
            0.9739840030670166,
            0.16814886033535004,
            0.15192463994026184,
            0.0
          ],
          [
            -0.10194667428731918,
            0.9238488674163818,
            -0.36893102526664734,
            0.0
          ],
          [
            -0.20239074528217316,
            0.3438447117805481,
            0.9169562458992004,
            0.0
          ],
          [
            0.0,
            0.0,
            0.0,
            1.0
          ]
        ],
        "rotation_mode": "QUATERNION"
      },
      "armature_space": {
        "head": {
          "x": 0.3126366138458252,
          "y": 0.0027716457843780518,
          "z": 0.6455355286598206
        },
        "tail": {
          "x": 0.5683037042617798,
          "y": -0.07454513758420944,
          "z": 0.6605620980262756
        }
      },
      "world_space": {
        "head": {
          "x": 0.3126366138458252,
          "y": 0.06601564586162567,
          "z": 1.5953896045684814
        },
        "tail": {
          "x": 0.5683037042617798,
          "y": -0.011301137506961823,
          "z": 1.6104161739349365
        },
        "rotation_quaternion": {
          "w": 0.11698318272829056,
          "x": 0.7950918078422546,
          "y": 0.5846456289291382,
          "z": -0.11105629801750183
        },
        "matrix": [
          [
            0.29171183705329895,
            0.9556772708892822,
            -0.03981117904186249,
            0.3126366138458252
          ],
          [
            0.9037105441093445,
            -0.2890082597732544,
            -0.3158826231956482,
            0.06601564586162567
          ],
          [
            -0.31338897347450256,
            0.05616888403892517,
            -0.9479696750640869,
            1.5953896045684814
          ],
          [
            0.0,
            0.0,
            0.0,
            1.0
          ]
        ]
      },
      "bone_length_armature_space": 0.26752447984729055,
      "parent": "upperarm_l",
      "has_children": true,
      "is_end_bone": false
    },
    "metacarpal_thumb_l": {
      "name": "metacarpal_thumb_l",
      "local": {
        "location": {
          "x": 0.0,
          "y": 0.0,
          "z": 0.0
        },
        "rotation_quaternion": {
          "w": 0.998751699924469,
          "x": -0.04991157352924347,
          "y": -0.0007466351380571723,
          "z": 0.0018744450062513351
        },
        "scale": {
          "x": 1.0,
          "y": 1.0,
          "z": 1.0
        },
        "matrix_basis": [
          [
            0.9999918341636658,
            -0.0036696786992251873,
            -0.0016785191837698221,
            0.0
          ],
          [
            0.0038187417667359114,
            0.9950106143951416,
            0.09969574213027954,
            0.0
          ],
          [
            0.0013042932841926813,
            -0.09970133751630783,
            0.9950165748596191,
            0.0
          ],
          [
            0.0,
            0.0,
            0.0,
            1.0
          ]
        ],
        "rotation_mode": "QUATERNION"
      },
      "armature_space": {
        "head": {
          "x": 0.5683037042617798,
          "y": -0.07454513758420944,
          "z": 0.6605620980262756
        },
        "tail": {
          "x": 0.6062442064285278,
          "y": -0.09155197441577911,
          "z": 0.6336385011672974
        }
      },
      "world_space": {
        "head": {
          "x": 0.5683037042617798,
          "y": -0.011301137506961823,
          "z": 1.6104161739349365
        },
        "tail": {
          "x": 0.6062442064285278,
          "y": -0.028307974338531494,
          "z": 1.5834925174713135
        },
        "rotation_quaternion": {
          "w": 0.4866107702255249,
          "x": -0.7556953430175781,
          "y": -0.3025573194026947,
          "z": -0.3171647787094116
        },
        "matrix": [
          [
            0.6157310605049133,
            0.7659538984298706,
            0.18490366637706757,
            0.5683037042617798
          ],
          [
            0.14861364662647247,
            -0.34333884716033936,
            0.9273794889450073,
            -0.011301137506961823
          ],
          [
            0.773820161819458,
            -0.5435413122177124,
            -0.32523712515830994,
            1.6104161739349365
          ],
          [
            0.0,
            0.0,
            0.0,
            1.0
          ]
        ]
      },
      "bone_length_armature_space": 0.04953376952155812,
      "parent": "lowerarm_l",
      "has_children": true,
      "is_end_bone": false
    },
    "thumb_01_l": {
      "name": "thumb_01_l",
      "local": {
        "location": {
          "x": 0.0,
          "y": 0.0,
          "z": 0.0
        },
        "rotation_quaternion": {
          "w": 0.9985569715499878,
          "x": -0.05234093219041824,
          "y": -0.011906929314136505,
          "z": -0.0016311799408867955
        },
        "scale": {
          "x": 1.0,
          "y": 1.0,
          "z": 1.0
        },
        "matrix_basis": [
          [
            0.9997111558914185,
            0.004504091572016478,
            -0.0236087404191494,
            0.0
          ],
          [
            -0.0020112127531319857,
            0.9945155382156372,
            0.10456965118646622,
            0.0
          ],
          [
            0.023950248956680298,
            -0.10449196398258209,
            0.9942373037338257,
            0.0
          ],
          [
            0.0,
            0.0,
            0.0,
            1.0
          ]
        ],
        "rotation_mode": "QUATERNION"
      },
      "armature_space": {
        "head": {
          "x": 0.6062442064285278,
          "y": -0.09155197441577911,
          "z": 0.6336385011672974
        },
        "tail": {
          "x": 0.6230869293212891,
          "y": -0.07740628719329834,
          "z": 0.6076605319976807
        }
      },
      "world_space": {
        "head": {
          "x": 0.6062442064285278,
          "y": -0.028307974338531494,
          "z": 1.5834925174713135
        },
        "tail": {
          "x": 0.6230869293212891,
          "y": -0.01416228711605072,
          "z": 1.5575145483016968
        },
        "rotation_quaternion": {
          "w": 0.7904541492462158,
          "x": -0.32547512650489807,
          "y": 0.2880479395389557,
          "z": -0.4315977692604065
        },
        "matrix": [
          [
            0.4615020453929901,
            0.49481263756752014,
            0.7363260388374329,
            0.6062442064285278
          ],
          [
            -0.869822084903717,
            0.415578156709671,
            0.26590344309806824,
            -0.028307974338531494
          ],
          [
            -0.17443056404590607,
            -0.7631926536560059,
            0.6221936345100403,
            1.5834925174713135
          ],
          [
            0.0,
            0.0,
            0.0,
            1.0
          ]
        ]
      },
      "bone_length_armature_space": 0.0340386937578556,
      "parent": "metacarpal_thumb_l",
      "has_children": true,
      "is_end_bone": false
    },
    "thumb_02_l": {
      "name": "thumb_02_l",
      "local": {
        "location": {
          "x": 0.0,
          "y": 0.0,
          "z": 0.0
        },
        "rotation_quaternion": {
          "w": 0.997665286064148,
          "x": 0.06817816942930222,
          "y": -0.001514137489721179,
          "z": 0.003672268008813262
        },
        "scale": {
          "x": 1.0,
          "y": 1.0,
          "z": 1.0
        },
        "matrix_basis": [
          [
            0.9999684691429138,
            -0.007533851079642773,
            -0.0025204678531736135,
            0.0
          ],
          [
            0.007120926398783922,
            0.9906765222549438,
            -0.13604910671710968,
            0.0
          ],
          [
            0.0035219418350607157,
            0.13602685928344727,
            0.9906988739967346,
            0.0
          ],
          [
            0.0,
            0.0,
            0.0,
            1.0
          ]
        ],
        "rotation_mode": "QUATERNION"
      },
      "armature_space": {
        "head": {
          "x": 0.6230868697166443,
          "y": -0.07740627229213715,
          "z": 0.6076605319976807
        },
        "tail": {
          "x": 0.6620431542396545,
          "y": -0.08716528862714767,
          "z": 0.608249306678772
        }
      },
      "world_space": {
        "head": {
          "x": 0.6230868697166443,
          "y": -0.014162272214889526,
          "z": 1.5575145483016968
        },
        "tail": {
          "x": 0.6620431542396545,
          "y": -0.023921288549900055,
          "z": 1.558103322982788
        },
        "rotation_quaternion": {
          "w": 0.5982208847999573,
          "x": 0.1956673413515091,
          "y": 0.14367514848709106,
          "z": -0.7636775970458984
        },
        "matrix": [
          [
            -0.20769153535366058,
            0.9699211120605469,
            -0.12695229053497314,
            0.6230868697166443
          ],
          [
            -0.8574712872505188,
            -0.24297668039798737,
            -0.453547865152359,
            -0.014162272214889526
          ],
          [
            -0.4707561433315277,
            0.014659717679023743,
            0.8821494579315186,
            1.5575145483016968
          ],
          [
            0.0,
            0.0,
            0.0,
            1.0
          ]
        ]
      },
      "bone_length_armature_space": 0.04016437687572872,
      "parent": "thumb_01_l",
      "has_children": true,
      "is_end_bone": false
    },
    "thumb_03_l": {
      "name": "thumb_03_l",
      "local": {
        "location": {
          "x": 0.0,
          "y": 0.0,
          "z": 0.0
        },
        "rotation_quaternion": {
          "w": 0.9966515302658081,
          "x": 0.0813291072845459,
          "y": -0.005811777897179127,
          "z": -0.00613346928730607
        },
        "scale": {
          "x": 1.0,
          "y": 1.0,
          "z": 1.0
        },
        "matrix_basis": [
          [
            0.9998571872711182,
            0.011280530132353306,
            -0.012582293711602688,
            0.0
          ],
          [
            -0.013171196915209293,
            0.9866958856582642,
            -0.1620422601699829,
            0.0
          ],
          [
            0.010586975142359734,
            0.16218484938144684,
            0.9867035746574402,
            0.0
          ],
          [
            0.0,
            0.0,
            0.0,
            1.0
          ]
        ],
        "rotation_mode": "QUATERNION"
      },
      "armature_space": {
        "head": {
          "x": 0.6620430946350098,
          "y": -0.08716529607772827,
          "z": 0.6082492470741272
        },
        "tail": {
          "x": 0.6878219842910767,
          "y": -0.09729203581809998,
          "z": 0.6208900213241577
        }
      },
      "world_space": {
        "head": {
          "x": 0.6620430946350098,
          "y": -0.023921296000480652,
          "z": 1.558103322982788
        },
        "tail": {
          "x": 0.6878219842910767,
          "y": -0.034048035740852356,
          "z": 1.5707440376281738
        },
        "rotation_quaternion": {
          "w": 0.5715497136116028,
          "x": 0.46186357736587524,
          "y": 0.08376462012529373,
          "z": -0.6730502247810364
        },
        "matrix": [
          [
            0.07997578382492065,
            0.8467404246330261,
            -0.5259601473808289,
            0.6620430946350098
          ],
          [
            -0.6919874548912048,
            -0.3326253890991211,
            -0.6407137513160706,
            -0.023921296000480652
          ],
          [
            -0.7174715995788574,
            0.415201872587204,
            0.5593351721763611,
            1.558103322982788
          ],
          [
            0.0,
            0.0,
            0.0,
            1.0
          ]
        ]
      },
      "bone_length_armature_space": 0.030444887731938645,
      "parent": "thumb_02_l",
      "has_children": false,
      "is_end_bone": true
    },
    "metacarpal_index_l": {
      "name": "metacarpal_index_l",
      "local": {
        "location": {
          "x": 0.0,
          "y": 0.0,
          "z": 0.0
        },
        "rotation_quaternion": {
          "w": 0.9980692863464355,
          "x": -0.05828677490353584,
          "y": 0.017359545454382896,
          "z": 0.01261422410607338
        },
        "scale": {
          "x": 1.0,
          "y": 1.0,
          "z": 1.0
        },
        "matrix_basis": [
          [
            0.9990790486335754,
            -0.027203403413295746,
            0.0331815741956234,
            0.0
          ],
          [
            0.023156074807047844,
            0.9928870797157288,
            0.11678643524646759,
            0.0
          ],
          [
            -0.03612254187464714,
            -0.11591052263975143,
            0.9926025867462158,
            0.0
          ],
          [
            0.0,
            0.0,
            0.0,
            1.0
          ]
        ],
        "rotation_mode": "QUATERNION"
      },
      "armature_space": {
        "head": {
          "x": 0.5683037042617798,
          "y": -0.07454513758420944,
          "z": 0.6605620980262756
        },
        "tail": {
          "x": 0.6729322075843811,
          "y": -0.1231541708111763,
          "z": 0.6400861740112305
        }
      },
      "world_space": {
        "head": {
          "x": 0.5683037042617798,
          "y": -0.011301137506961823,
          "z": 1.6104161739349365
        },
        "tail": {
          "x": 0.6729322075843811,
          "y": -0.05991017073392868,
          "z": 1.5899401903152466
        },
        "rotation_quaternion": {
          "w": 0.23998549580574036,
          "x": -0.8114080429077148,
          "y": -0.4847470819950104,
          "z": -0.22145923972129822
        },
        "matrix": [
          [
            0.4319514036178589,
            0.8929498195648193,
            0.12672115862369537,
            0.5683037042617798
          ],
          [
            0.6803627014160156,
            -0.41485288739204407,
            0.6041556000709534,
            -0.011301137506961823
          ],
          [
            0.5920560359954834,
            -0.17475126683712006,
            -0.7867310047149658,
            1.6104161739349365
          ],
          [
            0.0,
            0.0,
            0.0,
            1.0
          ]
        ]
      },
      "bone_length_armature_space": 0.1171717780961369,
      "parent": "lowerarm_l",
      "has_children": true,
      "is_end_bone": false
    },
    "index_01_l": {
      "name": "index_01_l",
      "local": {
        "location": {
          "x": 0.0,
          "y": 0.0,
          "z": 0.0
        },
        "rotation_quaternion": {
          "w": 0.9960438013076782,
          "x": -0.08811160176992416,
          "y": -0.0004459219053387642,
          "z": -0.01152665913105011
        },
        "scale": {
          "x": 1.0,
          "y": 1.0,
          "z": 1.0
        },
        "matrix_basis": [
          [
            0.9997338652610779,
            0.02304069697856903,
            0.0011429493315517902,
            0.0
          ],
          [
            -0.02288353256881237,
            0.9842069745063782,
            0.17553630471229553,
            0.0
          ],
          [
            0.0029195803217589855,
            -0.17551575601100922,
            0.9844722747802734,
            0.0
          ],
          [
            0.0,
            0.0,
            0.0,
            1.0
          ]
        ],
        "rotation_mode": "QUATERNION"
      },
      "armature_space": {
        "head": {
          "x": 0.6729322075843811,
          "y": -0.1231541708111763,
          "z": 0.6400861740112305
        },
        "tail": {
          "x": 0.6986908316612244,
          "y": -0.1320910006761551,
          "z": 0.6484345197677612
        }
      },
      "world_space": {
        "head": {
          "x": 0.6729322075843811,
          "y": -0.05991017073392868,
          "z": 1.5899401903152466
        },
        "tail": {
          "x": 0.6986908316612244,
          "y": -0.06884700059890747,
          "z": 1.5982885360717773
        },
        "rotation_quaternion": {
          "w": 0.08426881581544876,
          "x": -0.7269496321678162,
          "y": -0.5798189043998718,
          "z": -0.3581245243549347
        },
        "matrix": [
          [
            0.07111241668462753,
            0.9033567905426025,
            0.4229528307914734,
            0.6729322075843811
          ],
          [
            0.782640814781189,
            -0.3134150803089142,
            0.537814736366272,
            -0.05991017073392868
          ],
          [
            0.6184035539627075,
            0.292776495218277,
            -0.7292962074279785,
            1.5899401903152466
          ],
          [
            0.0,
            0.0,
            0.0,
            1.0
          ]
        ]
      },
      "bone_length_armature_space": 0.028514356831951575,
      "parent": "metacarpal_index_l",
      "has_children": true,
      "is_end_bone": false
    },
    "index_02_l": {
      "name": "index_02_l",
      "local": {
        "location": {
          "x": 0.0,
          "y": 0.0,
          "z": 0.0
        },
        "rotation_quaternion": {
          "w": 0.9999625086784363,
          "x": 0.00420365110039711,
          "y": -0.0009837179677560925,
          "z": -0.007507406175136566
        },
        "scale": {
          "x": 1.0,
          "y": 1.0,
          "z": 1.0
        },
        "matrix_basis": [
          [
            0.9998853206634521,
            0.015005978755652905,
            -0.0020304792560636997,
            0.0
          ],
          [
            -0.01502251997590065,
            0.9998519420623779,
            -0.008392216637730598,
            0.0
          ],
          [
            0.0019042451167479157,
            0.008421757258474827,
            0.9999627470970154,
            0.0
          ],
          [
            0.0,
            0.0,
            0.0,
            1.0
          ]
        ],
        "rotation_mode": "QUATERNION"
      },
      "armature_space": {
        "head": {
          "x": 0.6986913084983826,
          "y": -0.13209113478660583,
          "z": 0.6484342217445374
        },
        "tail": {
          "x": 0.7216439247131348,
          "y": -0.13955381512641907,
          "z": 0.6571276187896729
        }
      },
      "world_space": {
        "head": {
          "x": 0.6986913084983826,
          "y": -0.06884713470935822,
          "z": 1.5982882976531982
        },
        "tail": {
          "x": 0.7216439247131348,
          "y": -0.07630981504917145,
          "z": 1.606981635093689
        },
        "rotation_quaternion": {
          "w": 0.046831730753183365,
          "x": -0.726608157157898,
          "y": -0.593593180179596,
          "z": -0.34277498722076416
        },
        "matrix": [
          [
            0.06030343845486641,
            0.8947257995605469,
            0.4425254166126251,
            0.6986913084983826
          ],
          [
            0.8305136561393738,
            -0.2909054160118103,
            0.4749962091445923,
            -0.06884713470935822
          ],
          [
            0.5537291765213013,
            0.3388814330101013,
            -0.7606295943260193,
            1.5982882976531982
          ],
          [
            0.0,
            0.0,
            0.0,
            1.0
          ]
        ]
      },
      "bone_length_armature_space": 0.025653251868124404,
      "parent": "index_01_l",
      "has_children": true,
      "is_end_bone": false
    },
    "index_03_l": {
      "name": "index_03_l",
      "local": {
        "location": {
          "x": 0.0,
          "y": 0.0,
          "z": 0.0
        },
        "rotation_quaternion": {
          "w": 0.9997516870498657,
          "x": 0.020695466548204422,
          "y": -0.008255962282419205,
          "z": 0.00019595795311033726
        },
        "scale": {
          "x": 1.0,
          "y": 1.0,
          "z": 1.0
        },
        "matrix_basis": [
          [
            0.9998636245727539,
            -0.0007335405680350959,
            -0.01649971306324005,
            0.0
          ],
          [
            5.009660526411608e-05,
            0.9991433024406433,
            -0.04138389229774475,
            0.0
          ],
          [
            0.016515934839844704,
            0.041377417743206024,
            0.9990070462226868,
            0.0
          ],
          [
            0.0,
            0.0,
            0.0,
            1.0
          ]
        ],
        "rotation_mode": "QUATERNION"
      },
      "armature_space": {
        "head": {
          "x": 0.72164386510849,
          "y": -0.13955390453338623,
          "z": 0.6571277379989624
        },
        "tail": {
          "x": 0.7492871880531311,
          "y": -0.14390385150909424,
          "z": 0.6655334234237671
        }
      },
      "world_space": {
        "head": {
          "x": 0.72164386510849,
          "y": -0.07630990445613861,
          "z": 1.6069817543029785
        },
        "tail": {
          "x": 0.7492871880531311,
          "y": -0.08065985143184662,
          "z": 1.6153874397277832
        },
        "rotation_quaternion": {
          "w": 0.09498739242553711,
          "x": -0.685300350189209,
          "y": -0.6453976631164551,
          "z": -0.32373255491256714
        },
        "matrix": [
          [
            -0.042683303356170654,
            0.946084201335907,
            0.32109534740448,
            0.72164386510849
          ],
          [
            0.8230811357498169,
            -0.14887546002864838,
            0.5480636358261108,
            -0.07630990445613861
          ],
          [
            0.5663225054740906,
            0.2876824140548706,
            -0.7723544836044312,
            1.6069817543029785
          ],
          [
            0.0,
            0.0,
            0.0,
            1.0
          ]
        ]
      },
      "bone_length_armature_space": 0.029218673799436205,
      "parent": "index_02_l",
      "has_children": false,
      "is_end_bone": true
    },
    "metacarpal_pinky_l": {
      "name": "metacarpal_pinky_l",
      "local": {
        "location": {
          "x": 0.0,
          "y": 0.0,
          "z": 0.0
        },
        "rotation_quaternion": {
          "w": 0.9999054670333862,
          "x": -0.00811757892370224,
          "y": -0.010828864760696888,
          "z": 0.002456260146573186
        },
        "scale": {
          "x": 1.0,
          "y": 1.0,
          "z": 1.0
        },
        "matrix_basis": [
          [
            0.9997534155845642,
            -0.004736247472465038,
            -0.021695559844374657,
            0.0
          ],
          [
            0.0050878641195595264,
            0.9998561143875122,
            0.016180425882339478,
            0.0
          ],
          [
            0.021615805104374886,
            -0.01628682017326355,
            0.9996336698532104,
            0.0
          ],
          [
            0.0,
            0.0,
            0.0,
            1.0
          ]
        ],
        "rotation_mode": "QUATERNION"
      },
      "armature_space": {
        "head": {
          "x": 0.5683037042617798,
          "y": -0.07454513758420944,
          "z": 0.6605620980262756
        },
        "tail": {
          "x": 0.6647205948829651,
          "y": -0.09100469946861267,
          "z": 0.6962845325469971
        }
      },
      "world_space": {
        "head": {
          "x": 0.5683037042617798,
          "y": -0.011301137506961823,
          "z": 1.6104161739349365
        },
        "tail": {
          "x": 0.6647205948829651,
          "y": -0.02776069939136505,
          "z": 1.6461385488510132
        },
        "rotation_quaternion": {
          "w": 0.5598392486572266,
          "x": 0.5887676477432251,
          "y": 0.32794246077537537,
          "z": -0.4820648431777954
        },
        "matrix": [
          [
            0.32013389468193054,
            0.9259213805198669,
            -0.20045794546604156,
            0.5683037042617798
          ],
          [
            -0.1535966843366623,
            -0.1580662876367569,
            -0.9754093885421753,
            -0.011301137506961823
          ],
          [
            -0.934844970703125,
            0.3430534303188324,
            0.09161579608917236,
            1.6104161739349365
          ],
          [
            0.0,
            0.0,
            0.0,
            1.0
          ]
        ]
      },
      "bone_length_armature_space": 0.10413081455842396,
      "parent": "lowerarm_l",
      "has_children": true,
      "is_end_bone": false
    },
    "pinky_01_l": {
      "name": "pinky_01_l",
      "local": {
        "location": {
          "x": 0.0,
          "y": 0.0,
          "z": 0.0
        },
        "rotation_quaternion": {
          "w": 0.9959951639175415,
          "x": -0.0860995203256607,
          "y": -0.021403444930911064,
          "z": -0.011067203246057034
        },
        "scale": {
          "x": 1.0,
          "y": 1.0,
          "z": 1.0
        },
        "matrix_basis": [
          [
            0.9988388419151306,
            0.025731414556503296,
            -0.040729694068431854,
            0.0
          ],
          [
            -0.018360109999775887,
            0.9849287867546082,
            0.17198316752910614,
            0.0
          ],
          [
            0.044541217386722565,
            -0.17103566229343414,
            0.9842575192451477,
            0.0
          ],
          [
            0.0,
            0.0,
            0.0,
            1.0
          ]
        ],
        "rotation_mode": "QUATERNION"
      },
      "armature_space": {
        "head": {
          "x": 0.6647205948829651,
          "y": -0.09100469946861267,
          "z": 0.6962845325469971
        },
