{
  "metadata": {
    "armature_name": "KIM_caucasian_male",
    "export_time": "2026-01-13T21:00:27.316140",
    "blender_version": "4.4.1",
    "bone_count": 56,
    "end_bone_count": 13,
    "spaces_included": [
      "LOCAL_CHANNELS",
      "ARMATURE_SPACE",
      "WORLD_SPACE"
    ],
    "note": "LOCAL matches Transform panel; replay pose via local.matrix_basis for best fidelity."
  },
  "bones": {
    "Root": {
      "name": "Root",
      "local": {
        "location": {
          "x": 0.0,
          "y": 0.0,
          "z": 0.0
        },
        "rotation_quaternion": {
          "w": 0.9994476437568665,
          "x": -2.4417429813183844e-05,
          "y": 0.012779426760971546,
          "z": -0.03067987971007824
        },
        "scale": {
          "x": 1.0,
          "y": 1.0,
          "z": 1.0
        },
        "matrix_basis": [
          [
            0.9977908730506897,
            0.06132524460554123,
            0.025546234101057053,
            0.0
          ],
          [
            -0.061326492577791214,
            0.9981175065040588,
            -0.0007353346445597708,
            0.0
          ],
          [
            -0.02554323710501194,
            -0.0008329504635185003,
            0.9996733665466309,
            0.0
          ],
          [
            0.0,
            0.0,
            0.0,
            1.0
          ]
        ],
        "rotation_mode": "QUATERNION"
      },
      "armature_space": {
        "head": {
          "x": 0.0,
          "y": 0.07072800397872925,
          "z": -0.009595036506652832
        },
        "tail": {
          "x": 0.004377142526209354,
          "y": 0.00014113634824752808,
          "z": 4.084967076778412e-05
        }
      },
      "world_space": {
        "head": {
          "x": 0.0,
          "y": 0.13397200405597687,
          "z": 0.9402589797973633
        },
        "tail": {
          "x": 0.004377142526209354,
          "y": 0.06338513642549515,
          "z": 0.9498948454856873
        },
        "rotation_quaternion": {
          "w": 0.06735480576753616,
          "x": 0.997175395488739,
          "y": 0.03147111088037491,
          "z": 0.010683557949960232
        },
        "matrix": [
          [
            0.9977908730506897,
            0.06132524460554123,
            0.025546234101057053,
            0.0
          ],
          [
            0.06420361250638962,
            -0.9889457821846008,
            -0.13365711271762848,
            0.13397200405597687
          ],
          [
            0.01706746220588684,
            0.1350020170211792,
            -0.9907053709030151,
            0.9402589797973633
          ],
          [
            0.0,
            0.0,
            0.0,
            1.0
          ]
        ]
      },
      "bone_length_armature_space": 0.07137587548843494,
      "parent": null,
      "has_children": true,
      "is_end_bone": false
    },
    "spine_01": {
      "name": "spine_01",
      "local": {
        "location": {
          "x": 0.0,
          "y": 0.0,
          "z": 0.0
        },
        "rotation_quaternion": {
          "w": 0.9961531162261963,
          "x": -0.051620952785015106,
          "y": -0.060946982353925705,
          "z": -0.03605140745639801
        },
        "scale": {
          "x": 1.0,
          "y": 1.0,
          "z": 1.0
        },
        "matrix_basis": [
          [
            0.9899715185165405,
            0.0781177282333374,
            -0.11770303547382355,
            0.0
          ],
          [
            -0.06553316116333008,
            0.9920711517333984,
            0.10723919421434402,
            0.0
          ],
          [
            0.12514707446098328,
            -0.09845029562711716,
            0.9872415065765381,
            0.0
          ],
          [
            0.0,
            0.0,
            0.0,
            1.0
          ]
        ],
        "rotation_mode": "QUATERNION"
      },
      "armature_space": {
        "head": {
          "x": 0.004377142526209354,
          "y": 0.00014113634824752808,
          "z": 4.084967076778412e-05
        },
        "tail": {
          "x": 0.029663581401109695,
          "y": 0.07282118499279022,
          "z": 0.48193997144699097
        }
      },
      "world_space": {
        "head": {
          "x": 0.004377142526209354,
          "y": 0.06338513642549515,
          "z": 0.9498948454856873
        },
        "tail": {
          "x": 0.029663581401109695,
          "y": 0.13606518507003784,
          "z": 1.4317939281463623
        },
        "rotation_quaternion": {
          "w": 0.7579210996627808,
          "x": 0.6512052416801453,
          "y": -0.004761462099850178,
          "z": -0.03827424347400665
        },
        "matrix": [
          [
            0.9970248341560364,
            0.051816340535879135,
            -0.05706670135259628,
            0.004377142526209354
          ],
          [
            -0.06421942263841629,
            0.14893415570259094,
            -0.9867596626281738,
            0.06338513642549515
          ],
          [
            -0.042631447315216064,
            0.9874957203865051,
            0.15181882679462433,
            0.9498948454856873
          ],
          [
            0.0,
            0.0,
            0.0,
            1.0
          ]
        ]
      },
      "bone_length_armature_space": 0.4880046646445575,
      "parent": "Root",
      "has_children": true,
      "is_end_bone": false
    },
    "neck_01": {
      "name": "neck_01",
      "local": {
        "location": {
          "x": 0.0,
          "y": 0.0,
          "z": 0.0
        },
        "rotation_quaternion": {
          "w": 0.990187406539917,
          "x": -0.06553531438112259,
          "y": 0.09126971662044525,
          "z": -0.08308955281972885
        },
        "scale": {
          "x": 1.0,
          "y": 1.0,
          "z": 1.0
        },
        "matrix_basis": [
          [
            0.9695319533348083,
            0.1525856852531433,
            0.19163884222507477,
            0.0
          ],
          [
            -0.1765112429857254,
            0.977602481842041,
            0.11461736261844635,
            0.0
          ],
          [
            -0.16985765099525452,
            -0.14495161175727844,
            0.9747499227523804,
            0.0
          ],
          [
            0.0,
            0.0,
            0.0,
            1.0
          ]
        ],
        "rotation_mode": "QUATERNION"
      },
      "armature_space": {
        "head": {
          "x": 0.0314783938229084,
          "y": 0.04950465261936188,
          "z": 0.5595080256462097
        },
        "tail": {
          "x": 0.05080706253647804,
          "y": 0.03911357372999191,
          "z": 0.659653902053833
        }
      },
      "world_space": {
        "head": {
          "x": 0.0314783938229084,
          "y": 0.1127486526966095,
          "z": 1.509361982345581
        },
        "tail": {
          "x": 0.05080706253647804,
          "y": 0.10235757380723953,
          "z": 1.6095079183578491
        },
        "rotation_quaternion": {
          "w": 0.6609627604484558,
          "x": 0.7418732047080994,
          "y": 0.11158102750778198,
          "z": -0.017379965633153915
        },
        "matrix": [
          [
            0.9744951128959656,
            0.18853312730789185,
            0.12171552330255508,
            0.0314783938229084
          ],
          [
            0.14258407056331635,
            -0.10135528445243835,
            -0.9845797419548035,
            0.1127486526966095
          ],
          [
            -0.1732904464006424,
            0.9768294095993042,
            -0.12565383315086365,
            1.509361982345581
          ],
          [
            0.0,
            0.0,
            0.0,
            1.0
          ]
        ]
      },
      "bone_length_armature_space": 0.10252204002280459,
      "parent": "spine_01",
      "has_children": true,
      "is_end_bone": false
    },
    "head": {
      "name": "head",
      "local": {
        "location": {
          "x": 0.0,
          "y": 0.0,
          "z": 0.0
        },
        "rotation_quaternion": {
          "w": 0.9661926031112671,
          "x": -0.10012128949165344,
          "y": 0.05020523443818092,
          "z": -0.2322220802307129
        },
        "scale": {
          "x": 1.0,
          "y": 1.0,
          "z": 1.0
        },
        "matrix_basis": [
          [
            0.8871046900749207,
            0.43868929147720337,
            0.14351660013198853,
            0.0
          ],
          [
            -0.4587957262992859,
            0.8720972537994385,
            0.1701553761959076,
            0.0
          ],
          [
            -0.050515104085206985,
            -0.21679042279720306,
            0.974910318851471,
            0.0
          ],
          [
            0.0,
            0.0,
            0.0,
            1.0
          ]
        ],
        "rotation_mode": "QUATERNION"
      },
      "armature_space": {
        "head": {
          "x": 0.05080706626176834,
          "y": 0.03911342844367027,
          "z": 0.6596537828445435
        },
        "tail": {
          "x": 0.12888352572917938,
          "y": 0.11608749628067017,
          "z": 0.7693452835083008
        }
      },
      "world_space": {
        "head": {
          "x": 0.05080706626176834,
          "y": 0.10235743224620819,
          "z": 1.6095077991485596
        },
        "tail": {
          "x": 0.12888352572917938,
          "y": 0.17933149635791779,
          "z": 1.719199299812317
        },
        "rotation_quaternion": {
          "w": 0.8155876398086548,
          "x": 0.4824213981628418,
          "y": 0.28805434703826904,
          "z": -0.13824330270290375
        },
        "matrix": [
          [
            0.7958276271820068,
            0.5034260749816895,
            0.33648282289505005,
            0.05080706626176834
          ],
          [
            0.05242589861154556,
            0.4963180422782898,
            -0.8665565848350525,
            0.10235743224620819
          ],
          [
            -0.6032537817955017,
            0.7072754502296448,
            0.368592768907547,
            1.6095077991485596
          ],
          [
            0.0,
            0.0,
            0.0,
            1.0
          ]
        ]
      },
      "bone_length_armature_space": 0.1550908319494484,
      "parent": "neck_01",
      "has_children": false,
      "is_end_bone": true
    },
    "upperarm_l": {
      "name": "upperarm_l",
      "local": {
        "location": {
          "x": 0.0,
          "y": 0.0,
          "z": 0.0
        },
        "rotation_quaternion": {
          "w": 0.7953071594238281,
          "x": 0.0355234295129776,
          "y": 0.6007677912712097,
          "z": 0.07282078266143799
        },
        "scale": {
          "x": 1.0,
          "y": 1.0,
          "z": 1.0
        },
        "matrix_basis": [
          [
            0.26755037903785706,
            -0.07314711809158325,
            0.9607635140419006,
            0.0
          ],
          [
            0.1585124433040619,
            0.9868704676628113,
            0.03099268674850464,
            0.0
          ],
          [
            -0.9504161477088928,
            0.144000843167305,
            0.2756322920322418,
            0.0
          ],
          [
            0.0,
            0.0,
            0.0,
            1.0
          ]
        ],
        "rotation_mode": "QUATERNION"
      },
      "armature_space": {
        "head": {
          "x": 0.1773676723241806,
          "y": 0.02671530842781067,
          "z": 0.487230122089386
        },
        "tail": {
          "x": 0.44172799587249756,
          "y": -0.016747083514928818,
          "z": 0.49291107058525085
        }
      },
      "world_space": {
        "head": {
          "x": 0.1773676723241806,
          "y": 0.08995930850505829,
          "z": 1.4370841979980469
        },
        "tail": {
          "x": 0.44172799587249756,
          "y": 0.0464969165623188,
          "z": 1.4427651166915894
        },
        "rotation_quaternion": {
          "w": 0.13851092755794525,
          "x": 0.7479689121246338,
          "y": 0.6322329044342041,
          "z": -0.14710189402103424
        },
        "matrix": [
          [
            0.1572849154472351,
            0.9865316152572632,
            -0.04491109773516655,
            0.1773676723241806
          ],
          [
            0.9050306081771851,
            -0.16219159960746765,
            -0.3932097554206848,
            0.08995930850505829
          ],
          [
            -0.3951999545097351,
            0.0212000273168087,
            -0.9183582663536072,
            1.4370841979980469
          ],
          [
            0.0,
            0.0,
            0.0,
            1.0
          ]
        ]
      },
      "bone_length_armature_space": 0.267969446258839,
      "parent": "spine_01",
      "has_children": true,
      "is_end_bone": false
    },
    "lowerarm_l": {
      "name": "lowerarm_l",
      "local": {
        "location": {
          "x": 0.0,
          "y": 0.0,
          "z": 0.0
        },
        "rotation_quaternion": {
          "w": 0.8572760820388794,
          "x": 0.46771830320358276,
          "y": 0.18109488487243652,
          "z": -0.11628420650959015
        },
        "scale": {
          "x": 1.0,
          "y": 1.0,
          "z": 1.0
        },
        "matrix_basis": [
          [
            0.9073652625083923,
            0.3687781095504761,
            0.20172011852264404,
            0.0
          ],
          [
            -0.029972553253173828,
            0.535435140132904,
            -0.8440443873405457,
            0.0
          ],
          [
            -0.41927313804626465,
            0.7598105072975159,
            0.4968884587287903,
            0.0
          ],
          [
            0.0,
            0.0,
            0.0,
            1.0
          ]
        ],
        "rotation_mode": "QUATERNION"
      },
      "armature_space": {
        "head": {
          "x": 0.44172805547714233,
          "y": -0.01674722321331501,
          "z": 0.49291107058525085
        },
        "tail": {
          "x": 0.5610783100128174,
          "y": -0.07323957979679108,
          "z": 0.26024329662323
        }
      },
      "world_space": {
        "head": {
          "x": 0.44172805547714233,
          "y": 0.04649677872657776,
          "z": 1.4427651166915894
        },
        "tail": {
          "x": 0.5610783100128174,
          "y": -0.009995579719543457,
          "z": 1.210097312927246
        },
        "rotation_quaternion": {
          "w": 0.3682437241077423,
          "x": -0.6937128901481628,
          "y": -0.5087363123893738,
          "z": 0.3526279032230377
        },
        "matrix": [
          [
            0.23367951810359955,
            0.44612836837768555,
            -0.8639233112335205,
            0.44172805547714233
          ],
          [
            0.9655405879020691,
            -0.21116705238819122,
            0.15211933851242065,
            0.04649677872657776
          ],
          [
            -0.11456725001335144,
            -0.8697064518928528,
            -0.48010364174842834,
            1.4427651166915894
          ],
          [
            0.0,
            0.0,
            0.0,
            1.0
          ]
        ]
      },
      "bone_length_armature_space": 0.26752600588639386,
      "parent": "upperarm_l",
      "has_children": true,
      "is_end_bone": false
    },
    "metacarpal_thumb_l": {
      "name": "metacarpal_thumb_l",
      "local": {
        "location": {
          "x": 0.0,
          "y": 0.0,
          "z": 0.0
        },
        "rotation_quaternion": {
          "w": 0.9995081424713135,
          "x": -0.02924172580242157,
          "y": 0.00823140423744917,
          "z": 0.007794098928570747
        },
        "scale": {
          "x": 1.0,
          "y": 1.0,
          "z": 1.0
        },
        "matrix_basis": [
          [
            0.9997429847717285,
            -0.016061931848526,
            0.01599888503551483,
            0.0
          ],
          [
            0.015099129639565945,
            0.9981683492660522,
            0.05858299881219864,
            0.0
          ],
          [
            -0.016910536214709282,
            -0.05832637473940849,
            0.99815434217453,
            0.0
          ],
          [
            0.0,
            0.0,
            0.0,
            1.0
          ]
        ],
        "rotation_mode": "QUATERNION"
      },
      "armature_space": {
        "head": {
          "x": 0.5610783100128174,
          "y": -0.07323957979679108,
          "z": 0.26024329662323
        },
        "tail": {
          "x": 0.5541272759437561,
          "y": -0.0710199698805809,
          "z": 0.2112496793270111
        }
      },
      "world_space": {
        "head": {
          "x": 0.5610783100128174,
          "y": -0.009995579719543457,
          "z": 1.210097312927246
        },
        "tail": {
          "x": 0.5541272759437561,
          "y": -0.0077759698033332825,
          "z": 1.1611037254333496
        },
        "rotation_quaternion": {
          "w": 0.7125445604324341,
          "x": -0.6908206939697266,
          "y": 0.12118338793516159,
          "z": -0.01901816390454769
        },
        "matrix": [
          [
            0.9699060320854187,
            -0.14032936096191406,
            0.19897237420082092,
            0.5610783100128174
          ],
          [
            -0.19453361630439758,
            0.044810064136981964,
            0.979871928691864,
            -0.009995579719543457
          ],
          [
            -0.14642199873924255,
            -0.9890972971916199,
            0.01616385579109192,
            1.210097312927246
          ],
          [
            0.0,
            0.0,
            0.0,
            1.0
          ]
        ]
      },
      "bone_length_armature_space": 0.04953400899568029,
      "parent": "lowerarm_l",
      "has_children": true,
      "is_end_bone": false
    },
    "thumb_01_l": {
      "name": "thumb_01_l",
      "local": {
        "location": {
          "x": 0.0,
          "y": 0.0,
          "z": 0.0
        },
        "rotation_quaternion": {
          "w": 0.9576764106750488,
          "x": 0.28772225975990295,
          "y": -0.002665936481207609,
          "z": -0.008055487647652626
        },
        "scale": {
          "x": 1.0,
          "y": 1.0,
          "z": 1.0
        },
        "matrix_basis": [
          [
            0.9998559951782227,
            0.013895002193748951,
            -0.00974169559776783,
            0.0
          ],
          [
            -0.01696319878101349,
            0.8343020081520081,
            -0.5510466694831848,
            0.0
          ],
          [
            0.0004707227344624698,
            0.5511326193809509,
            0.8344175815582275,
            0.0
          ],
          [
            0.0,
            0.0,
            0.0,
            1.0
          ]
        ],
        "rotation_mode": "QUATERNION"
      },
      "armature_space": {
        "head": {
          "x": 0.5541272759437561,
          "y": -0.0710199698805809,
          "z": 0.2112496793270111
        },
        "tail": {
          "x": 0.5704054236412048,
          "y": -0.051115356385707855,
          "z": 0.18894588947296143
        }
      },
      "world_space": {
        "head": {
          "x": 0.5541272759437561,
          "y": -0.0077759698033332825,
          "z": 1.1611037254333496
        },
        "tail": {
          "x": 0.5704054236412048,
          "y": 0.012128643691539764,
          "z": 1.1387999057769775
        },
        "rotation_quaternion": {
          "w": 0.613764762878418,
          "x": -0.0592147558927536,
          "y": 0.6447304487228394,
          "z": -0.4517843723297119
        },
        "matrix": [
          [
            -0.23957306146621704,
            0.4782268702983856,
            0.8449283242225647,
            0.5541272759437561
          ],
          [
            -0.630934476852417,
            0.5847663879394531,
            -0.5098727941513062,
            -0.0077759698033332825
          ],
          [
            -0.7379262447357178,
            -0.6552502512931824,
            0.16163600981235504,
            1.1611037254333496
          ],
          [
            0.0,
            0.0,
            0.0,
            1.0
          ]
        ]
      },
      "bone_length_armature_space": 0.03403866575587508,
      "parent": "metacarpal_thumb_l",
      "has_children": true,
      "is_end_bone": false
    },
    "thumb_02_l": {
      "name": "thumb_02_l",
      "local": {
        "location": {
          "x": 0.0,
          "y": 0.0,
          "z": 0.0
        },
        "rotation_quaternion": {
          "w": 0.8900375962257385,
          "x": 0.4558509886264801,
          "y": -0.0015527016948908567,
          "z": -0.005526089575141668
        },
        "scale": {
          "x": 1.0,
          "y": 1.0,
          "z": 1.0
        },
        "matrix_basis": [
          [
            0.9999340772628784,
            0.00842125341296196,
            -0.007802072446793318,
            0.0
          ],
          [
            -0.011252456344664097,
            0.5843386650085449,
            -0.811431884765625,
            0.0
          ],
          [
            -0.0022742210421711206,
            0.8114662170410156,
            0.5843949317932129,
            0.0
          ],
          [
            0.0,
            0.0,
            0.0,
            1.0
          ]
        ],
        "rotation_mode": "QUATERNION"
      },
      "armature_space": {
        "head": {
          "x": 0.5704053640365601,
          "y": -0.05111531913280487,
          "z": 0.1889459192752838
        },
        "tail": {
          "x": 0.5799323916435242,
          "y": -0.09007128328084946,
          "z": 0.1867438405752182
        }
      },
      "world_space": {
        "head": {
          "x": 0.5704053640365601,
          "y": 0.012128680944442749,
          "z": 1.1387999057769775
        },
        "tail": {
          "x": 0.5799323916435242,
          "y": -0.026827283203601837,
          "z": 1.1365978717803955
        },
        "rotation_quaternion": {
          "w": 0.10583812743425369,
          "x": 0.2958039939403534,
          "y": 0.061984166502952576,
          "z": -0.9473416805267334
        },
        "matrix": [
          [
            -0.8025965690612793,
            0.23720020055770874,
            -0.5473341941833496,
            0.5704053640365601
          ],
          [
            -0.16385972499847412,
            -0.9699126482009888,
            -0.18005484342575073,
            0.012128680944442749
          ],
          [
            -0.5735795497894287,
            -0.05482673645019531,
            0.8173217177391052,
            1.1387999057769775
          ],
          [
            0.0,
            0.0,
            0.0,
            1.0
          ]
        ]
      },
      "bone_length_armature_space": 0.040164418197331984,
      "parent": "thumb_01_l",
      "has_children": true,
      "is_end_bone": false
    },
    "thumb_03_l": {
      "name": "thumb_03_l",
      "local": {
        "location": {
          "x": 0.0,
          "y": 0.0,
          "z": 0.0
        },
        "rotation_quaternion": {
          "w": 0.9919809103012085,
          "x": 0.1262328028678894,
          "y": -0.005789353512227535,
          "z": 0.002377062803134322
        },
        "scale": {
          "x": 1.0,
          "y": 1.0,
          "z": 1.0
        },
        "matrix_basis": [
          [
            0.9999216794967651,
            -0.006177614443004131,
            -0.01088572945445776,
            0.0
          ],
          [
            0.0032543891575187445,
            0.9681192636489868,
            -0.25046858191490173,
            0.0
          ],
          [
            0.012085982598364353,
            0.25041353702545166,
            0.9680635333061218,
            0.0
          ],
          [
            0.0,
            0.0,
            0.0,
            1.0
          ]
        ],
        "rotation_mode": "QUATERNION"
      },
      "armature_space": {
        "head": {
          "x": 0.5799323916435242,
          "y": -0.09007123112678528,
          "z": 0.18674376606941223
        },
        "tail": {
          "x": 0.5796299576759338,
          "y": -0.11810201406478882,
          "z": 0.19862133264541626
        }
      },
      "world_space": {
        "head": {
          "x": 0.5799323916435242,
          "y": -0.02682723104953766,
          "z": 1.136597752571106
        },
        "tail": {
          "x": 0.5796299576759338,
          "y": -0.0548580139875412,
          "z": 1.1484754085540771
        },
        "rotation_quaternion": {
          "w": 0.0957215204834938,
          "x": 0.4928295910358429,
          "y": -0.17459841072559357,
          "z": -0.8470370173454285
        },
        "matrix": [
          [
            -0.49591293931007385,
            -0.009933948516845703,
            -0.8683153986930847,
            0.5799323916435242
          ],
          [
            -0.33425432443618774,
            -0.9207059144973755,
            0.2014329433441162,
            -0.02682723104953766
          ],
          [
            -0.8014699220657349,
            0.39013317227363586,
            0.45327290892601013,
            1.136597752571106
          ],
          [
            0.0,
            0.0,
            0.0,
            1.0
          ]
        ]
      },
      "bone_length_armature_space": 0.030444914741518878,
      "parent": "thumb_02_l",
      "has_children": false,
      "is_end_bone": true
    },
    "metacarpal_index_l": {
      "name": "metacarpal_index_l",
      "local": {
        "location": {
          "x": 0.0,
          "y": 0.0,
          "z": 0.0
        },
        "rotation_quaternion": {
          "w": 0.9999468326568604,
          "x": -0.0035224868915975094,
          "y": -0.006638573482632637,
          "z": -0.007066953461617231
        },
        "scale": {
          "x": 1.0,
          "y": 1.0,
          "z": 1.0
        },
        "matrix_basis": [
          [
            0.9998119473457336,
            0.014179923571646214,
            -0.013226654380559921,
            0.0
          ],
          [
            -0.014086387120187283,
            0.9998753070831299,
            0.007138428278267384,
            0.0
          ],
          [
            0.01332622766494751,
            -0.006950770039111376,
            0.9998870491981506,
            0.0
          ],
          [
            0.0,
            0.0,
            0.0,
            1.0
          ]
        ],
        "rotation_mode": "QUATERNION"
      },
      "armature_space": {
        "head": {
          "x": 0.5610783100128174,
          "y": -0.07323957979679108,
          "z": 0.26024329662323
        },
        "tail": {
          "x": 0.5830991864204407,
          "y": -0.08569537103176117,
          "z": 0.14583462476730347
        }
      },
      "world_space": {
        "head": {
          "x": 0.5610783100128174,
          "y": -0.009995579719543457,
          "z": 1.210097312927246
        },
        "tail": {
          "x": 0.5830991864204407,
          "y": -0.02245137095451355,
          "z": 1.0956885814666748
        },
        "rotation_quaternion": {
          "w": 0.6368595957756042,
          "x": -0.7385178804397583,
          "y": -0.20312123000621796,
          "z": 0.08799470216035843
        },
        "matrix": [
          [
            0.9019969701766968,
            0.18793682754039764,
            -0.38869181275367737,
            0.5610783100128174
          ],
          [
            0.41209906339645386,
            -0.10630369931459427,
            0.9049168229103088,
            -0.009995579719543457
          ],
          [
            0.12874911725521088,
            -0.9764186143875122,
            -0.17333456873893738,
            1.210097312927246
          ],
          [
            0.0,
            0.0,
            0.0,
            1.0
          ]
        ]
      },
      "bone_length_armature_space": 0.11717256349006859,
      "parent": "lowerarm_l",
      "has_children": true,
      "is_end_bone": false
    },
    "index_01_l": {
      "name": "index_01_l",
      "local": {
        "location": {
          "x": 0.0,
          "y": 0.0,
          "z": 0.0
        },
        "rotation_quaternion": {
          "w": 0.9544112086296082,
          "x": 0.2981646955013275,
          "y": -0.0015584183856844902,
          "z": 0.013952244073152542
        },
        "scale": {
          "x": 1.0,
          "y": 1.0,
          "z": 1.0
        },
        "matrix_basis": [
          [
            0.9996058344841003,
            -0.02756168693304062,
            0.005345389246940613,
            0.0
          ],
          [
            0.025703025981783867,
            0.8218063116073608,
            -0.5691869258880615,
            0.0
          ],
          [
            0.011294877156615257,
            0.5690999627113342,
            0.8221907615661621,
            0.0
          ],
          [
            0.0,
            0.0,
            0.0,
            1.0
          ]
        ],
        "rotation_mode": "QUATERNION"
      },
      "armature_space": {
        "head": {
          "x": 0.5830991864204407,
          "y": -0.08569537103176117,
          "z": 0.14583462476730347
        },
        "tail": {
          "x": 0.5900019407272339,
          "y": -0.07311651855707169,
          "z": 0.12119315564632416
        }
      },
      "world_space": {
        "head": {
          "x": 0.5830991864204407,
          "y": -0.02245137095451355,
          "z": 1.0956885814666748
        },
        "tail": {
          "x": 0.5900019407272339,
          "y": -0.009872518479824066,
          "z": 1.0710471868515015
        },
        "rotation_quaternion": {
          "w": 0.7879305481910706,
          "x": -0.52552729845047,
          "y": -0.3158092796802521,
          "z": 0.05701787397265434
        },
        "matrix": [
          [
            0.7940279841423035,
            0.24207991361618042,
            -0.5575994253158569,
            0.5830991864204407
          ],
          [
            0.42178401350975037,
            0.4411407709121704,
            0.7921449542045593,
            -0.02245137095451355
          ],
          [
            0.4377456605434418,
            -0.8641773462295532,
            0.24817511439323425,
            1.0956885814666748
          ],
          [
            0.0,
            0.0,
            0.0,
            1.0
          ]
        ]
      },
      "bone_length_armature_space": 0.028514514716849224,
      "parent": "metacarpal_index_l",
      "has_children": true,
      "is_end_bone": false
    },
    "index_02_l": {
      "name": "index_02_l",
      "local": {
        "location": {
          "x": 0.0,
          "y": 0.0,
          "z": 0.0
        },
        "rotation_quaternion": {
          "w": 0.8951265215873718,
          "x": 0.44576704502105713,
          "y": -0.003586461069062352,
          "z": -0.0052335807122290134
        },
        "scale": {
          "x": 1.0,
          "y": 1.0,
          "z": 1.0
        },
        "matrix_basis": [
          [
            0.9999194741249084,
            0.00617198133841157,
            -0.011086588725447655,
            0.0
          ],
          [
            -0.01256688591092825,
            0.6025286912918091,
            -0.7979982495307922,
            0.0
          ],
          [
            0.0017547572497278452,
            0.7980733513832092,
            0.6025577783584595,
            0.0
          ],
          [
            0.0,
            0.0,
            0.0,
            1.0
          ]
        ],
        "rotation_mode": "QUATERNION"
      },
      "armature_space": {
        "head": {
          "x": 0.59000164270401,
          "y": -0.07311619818210602,
          "z": 0.12119279056787491
        },
        "tail": {
          "x": 0.5822798013687134,
          "y": -0.05051003023982048,
          "z": 0.11184263974428177
        }
      },
      "world_space": {
        "head": {
          "x": 0.59000164270401,
          "y": -0.009872198104858398,
          "z": 1.0710468292236328
        },
        "tail": {
          "x": 0.5822798013687134,
          "y": 0.01273396983742714,
          "z": 1.0616966485977173
        },
        "rotation_quaternion": {
          "w": 0.9242974519729614,
          "x": -0.13207899034023285,
          "y": -0.29374146461486816,
          "z": 0.20480558276176453
        },
        "matrix": [
          [
            0.7435411214828491,
            -0.3010091185569763,
            -0.5971099138259888,
            0.59000164270401
          ],
          [
            0.45619717240333557,
            0.8812198042869568,
            0.12384018301963806,
            -0.009872198104858398
          ],
          [
            0.48891186714172363,
            -0.3644818067550659,
            0.7925481796264648,
            1.0710468292236328
          ],
          [
            0.0,
            0.0,
            0.0,
            1.0
          ]
        ]
      },
      "bone_length_armature_space": 0.025653283847060795,
      "parent": "index_01_l",
      "has_children": true,
      "is_end_bone": false
    },
    "index_03_l": {
      "name": "index_03_l",
      "local": {
        "location": {
          "x": 0.0,
          "y": 0.0,
          "z": 0.0
        },
        "rotation_quaternion": {
          "w": 0.9355318546295166,
          "x": 0.35315632820129395,
          "y": -0.0049645546823740005,
          "z": 0.0060175019316375256
        },
        "scale": {
          "x": 1.0,
          "y": 1.0,
          "z": 1.0
        },
        "matrix_basis": [
          [
            0.9998782873153687,
            -0.014765657484531403,
            -0.005038760136812925,
            0.0
          ],
          [
            0.007752601522952318,
            0.750488817691803,
            -0.660837709903717,
            0.0
          ],
          [
            0.013539236038923264,
            0.6607182621955872,
            0.7505119442939758,
            0.0
          ],
          [
            0.0,
            0.0,
            0.0,
            1.0
          ]
        ],
        "rotation_mode": "QUATERNION"
      },
      "armature_space": {
        "head": {
          "x": 0.5822798013687134,
          "y": -0.050510067492723465,
          "z": 0.11184252053499222
        },
        "tail": {
          "x": 0.5657706260681152,
          "y": -0.02899307571351528,
          "z": 0.12271450459957123
        }
      },
      "world_space": {
        "head": {
          "x": 0.5822798013687134,
          "y": 0.012733932584524155,
          "z": 1.0616965293884277
        },
        "tail": {
          "x": 0.5657706260681152,
          "y": 0.03425092250108719,
          "z": 1.0725685358047485
        },
        "rotation_quaternion": {
          "w": 0.9135851860046387,
          "x": 0.25538527965545654,
          "y": -0.18321602046489716,
          "z": 0.2580161690711975
        },
        "matrix": [
          [
            0.7997190952301025,
            -0.565021276473999,
            -0.2029786854982376,
            0.5822798013687134
          ],
          [
            0.37785935401916504,
            0.7364121079444885,
            -0.5611775517463684,
            0.012733932584524155
          ],
          [
            0.4665567874908447,
            0.37209028005599976,
            0.8024263381958008,
            1.0616965293884277
          ],
          [
            0.0,
            0.0,
            0.0,
            1.0
          ]
        ]
      },
      "bone_length_armature_space": 0.02921872406977667,
      "parent": "index_02_l",
      "has_children": false,
      "is_end_bone": true
    },
    "metacarpal_pinky_l": {
      "name": "metacarpal_pinky_l",
      "local": {
        "location": {
          "x": 0.0,
          "y": 0.0,
          "z": 0.0
        },
        "rotation_quaternion": {
          "w": 0.9996492862701416,
          "x": -0.023118214681744576,
          "y": -0.011298715136945248,
          "z": -0.006265231408178806
        },
        "scale": {
          "x": 1.0,
          "y": 1.0,
          "z": 1.0
        },
        "matrix_basis": [
          [
            0.999666154384613,
            0.01304848026484251,
            -0.02229982241988182,
            0.0
          ],
          [
            -0.012003655545413494,
            0.9988526105880737,
            0.04636179283261299,
            0.0
          ],
          [
            0.022879187017679214,
            -0.0460786372423172,
            0.9986757636070251,
            0.0
          ],
          [
            0.0,
            0.0,
            0.0,
            1.0
          ]
        ],
        "rotation_mode": "QUATERNION"
      },
      "armature_space": {
        "head": {
          "x": 0.5610783100128174,
          "y": -0.07323957979679108,
          "z": 0.26024329662323
        },
        "tail": {
          "x": 0.6338392496109009,
          "y": -0.09361208230257034,
          "z": 0.18859067559242249
        }
      },
      "world_space": {
        "head": {
          "x": 0.5610783100128174,
          "y": -0.009995579719543457,
          "z": 1.210097312927246
        },
        "tail": {
          "x": 0.6338392496109009,
          "y": -0.030368082225322723,
          "z": 1.1384446620941162
        },
        "rotation_quaternion": {
          "w": 0.1450110226869583,
          "x": 0.41226139664649963,
          "y": 0.6173737645149231,
          "z": -0.6541117429733276
        },
        "matrix": [
          [
            -0.6180227994918823,
            0.6987460255622864,
            -0.36028051376342773,
            0.5610783100128174
          ],
          [
            0.31933537125587463,
            -0.19564345479011536,
            -0.9272264838218689,
            -0.009995579719543457
          ],
          [
            -0.7183870077133179,
            -0.6881023645401001,
            -0.10222391784191132,
            1.210097312927246
          ],
          [
            0.0,
            0.0,
            0.0,
            1.0
          ]
        ]
      },
      "bone_length_armature_space": 0.10413112647210948,
      "parent": "lowerarm_l",
      "has_children": true,
      "is_end_bone": false
    },
    "pinky_01_l": {
      "name": "pinky_01_l",
      "local": {
        "location": {
          "x": 0.0,
          "y": 0.0,
          "z": 0.0
        },
        "rotation_quaternion": {
          "w": 0.9405611753463745,
          "x": 0.3390780985355377,
          "y": -0.007311522029340267,
          "z": -0.01781192421913147
        },
        "scale": {
          "x": 1.0,
          "y": 1.0,
          "z": 1.0
        },
        "matrix_basis": [
          [
            0.9992585778236389,
            0.02854805439710617,
            -0.0258331336081028,
            0.0
          ],
          [
            -0.03846476227045059,
            0.7694175839424133,
            -0.6375869512557983,
            0.0
          ],
          [
            0.0016746007604524493,
            0.6381078362464905,
            0.7699451446533203,
            0.0
          ],
          [
            0.0,
            0.0,
            0.0,
            1.0
          ]
        ],
        "rotation_mode": "QUATERNION"
      },
      "armature_space": {
        "head": {
          "x": 0.6338392496109009,
          "y": -0.09361208230257034,
          "z": 0.18859067559242249
        },
        "tail": {
