{
  "metadata": {
    "armature_name": "KIM_caucasian_male",
    "export_time": "2026-01-13T20:25:19.579366",
    "blender_version": "4.4.1",
    "bone_count": 56,
    "end_bone_count": 13,
    "spaces_included": [
      "LOCAL_CHANNELS",
      "ARMATURE_SPACE",
      "WORLD_SPACE"
    ],
    "note": "LOCAL matches Transform panel; replay pose via local.matrix_basis for best fidelity."
  },
  "bones": {
    "Root": {
      "name": "Root",
      "local": {
        "location": {
          "x": 0.0,
          "y": 0.0,
          "z": 0.0
        },
        "rotation_quaternion": {
          "w": 0.9996864199638367,
          "x": 0.010119693353772163,
          "y": 0.01309649832546711,
          "z": -0.018793001770973206
        },
        "scale": {
          "x": 1.0,
          "y": 1.0,
          "z": 1.0
        },
        "matrix_basis": [
          [
            0.9989506006240845,
            0.03783928230404854,
            0.0258044246584177,
            0.0
          ],
          [
            -0.03730915114283562,
            0.9990888237953186,
            -0.02072528563439846,
            0.0
          ],
          [
            -0.02656514197587967,
            0.019740795716643333,
            0.9994521737098694,
            0.0
          ],
          [
            0.0,
            0.0,
            0.0,
            1.0
          ]
        ],
        "rotation_mode": "QUATERNION"
      },
      "armature_space": {
        "head": {
          "x": 0.0,
          "y": 0.07072800397872925,
          "z": -0.009595036506652832
        },
        "tail": {
          "x": 0.002700811717659235,
          "y": -0.00012496858835220337,
          "z": -0.0014049801975488663
        }
      },
      "world_space": {
        "head": {
          "x": 0.0,
          "y": 0.13397200405597687,
          "z": 0.9402589797973633
        },
        "tail": {
          "x": 0.002700811717659235,
          "y": 0.06311903148889542,
          "z": 0.9484490156173706
        },
        "rotation_quaternion": {
          "w": 0.057249825447797775,
          "x": 0.9980971217155457,
          "y": 0.019632592797279358,
          "z": 0.011800702661275864
        },
        "matrix": [
          [
            0.9989506006240845,
            0.03783928230404854,
            0.0258044246584177,
            0.0
          ],
          [
            0.040541648864746094,
            -0.9926740527153015,
            -0.11381888389587402,
            0.13397200405597687
          ],
          [
            0.021308744326233864,
            0.11474545300006866,
            -0.9931734204292297,
            0.9402589797973633
          ],
          [
            0.0,
            0.0,
            0.0,
            1.0
          ]
        ]
      },
      "bone_length_armature_space": 0.07137587364079759,
      "parent": null,
      "has_children": true,
      "is_end_bone": false
    },
    "spine_01": {
      "name": "spine_01",
      "local": {
        "location": {
          "x": 0.0,
          "y": 0.0,
          "z": 0.0
        },
        "rotation_quaternion": {
          "w": 0.9965982437133789,
          "x": 0.005502779968082905,
          "y": -0.055345676839351654,
          "z": -0.060816265642642975
        },
        "scale": {
          "x": 1.0,
          "y": 1.0,
          "z": 1.0
        },
        "matrix_basis": [
          [
            0.986476480960846,
            0.12060965597629547,
            -0.11098412424325943,
            0.0
          ],
          [
            -0.1218278780579567,
            0.9925422072410583,
            -0.004236286971718073,
            0.0
          ],
          [
            0.10964549332857132,
            0.0176999568939209,
            0.993813157081604,
            0.0
          ],
          [
            0.0,
            0.0,
            0.0,
            1.0
          ]
        ],
        "rotation_mode": "QUATERNION"
      },
      "armature_space": {
        "head": {
          "x": 0.002700811717659235,
          "y": -0.00012496858835220337,
          "z": -0.0014049801975488663
        },
        "tail": {
          "x": 0.05100395157933235,
          "y": 0.006252815946936607,
          "z": 0.484161376953125
        }
      },
      "world_space": {
        "head": {
          "x": 0.002700811717659235,
          "y": 0.06311903148889542,
          "z": 0.9484490156173706
        },
        "tail": {
          "x": 0.05100395157933235,
          "y": 0.06949681788682938,
          "z": 1.4340153932571411
        },
        "rotation_quaternion": {
          "w": 0.7116504311561584,
          "x": 0.6998773813247681,
          "y": 0.009388654492795467,
          "z": -0.06031038612127304
        },
        "matrix": [
          [
            0.992548942565918,
            0.0989815890789032,
            -0.07105754315853119,
            0.002700811717659235
          ],
          [
            -0.07269872725009918,
            0.013069197535514832,
            -0.9972683787345886,
            0.06311903148889542
          ],
          [
            -0.09778329730033875,
            0.995010495185852,
            0.020166879519820213,
            0.9484490156173706
          ],
          [
            0.0,
            0.0,
            0.0,
            1.0
          ]
        ]
      },
      "bone_length_armature_space": 0.48800466206146814,
      "parent": "Root",
      "has_children": true,
      "is_end_bone": false
    },
    "neck_01": {
      "name": "neck_01",
      "local": {
        "location": {
          "x": 0.0,
          "y": 0.0,
          "z": 0.0
        },
        "rotation_quaternion": {
          "w": 0.9998407363891602,
          "x": -0.0075216940604150295,
          "y": -0.01044180616736412,
          "z": 0.012370672076940536
        },
        "scale": {
          "x": 1.0,
          "y": 1.0,
          "z": 1.0
        },
        "matrix_basis": [
          [
            0.99947589635849,
            -0.024580324068665504,
            -0.02106638252735138,
            0.0
          ],
          [
            0.024894483387470245,
            0.9995808005332947,
            0.014782647602260113,
            0.0
          ],
          [
            0.02069418877363205,
            -0.015299336984753609,
            0.9996687769889832,
            0.0
          ],
          [
            0.0,
            0.0,
            0.0,
            1.0
          ]
        ],
        "rotation_mode": "QUATERNION"
      },
      "armature_space": {
        "head": {
          "x": 0.055786922574043274,
          "y": -0.02737598493695259,
          "z": 0.5577138662338257
        },
        "tail": {
          "x": 0.060067541897296906,
          "y": -0.06332055479288101,
          "z": 0.653632640838623
        }
      },
      "world_space": {
        "head": {
          "x": 0.055786922574043274,
          "y": 0.03586801514029503,
          "z": 1.5075678825378418
        },
        "tail": {
          "x": 0.060067541897296906,
          "y": -7.655471563339233e-05,
          "z": 1.6034866571426392
        },
        "rotation_quaternion": {
          "w": 0.5695193409919739,
          "x": 0.8193216323852539,
          "y": -0.018565518781542778,
          "z": -0.06336549669504166
        },
        "matrix": [
          [
            0.9912803173065186,
            0.04175344854593277,
            -0.12497993558645248,
            0.055786922574043274
          ],
          [
            -0.10259772837162018,
            -0.3506057560443878,
            -0.930886447429657,
            0.03586801514029503
          ],
          [
            -0.08268707990646362,
            0.9355981945991516,
            -0.3432680368423462,
            1.5075678825378418
          ],
          [
            0.0,
            0.0,
            0.0,
            1.0
          ]
        ]
      },
      "bone_length_armature_space": 0.10252193262786176,
      "parent": "spine_01",
      "has_children": true,
      "is_end_bone": false
    },
    "head": {
      "name": "head",
      "local": {
        "location": {
          "x": 0.0,
          "y": 0.0,
          "z": 0.0
        },
        "rotation_quaternion": {
          "w": 0.9885975122451782,
          "x": 0.010935548692941666,
          "y": -0.0869980975985527,
          "z": -0.12242068350315094
        },
        "scale": {
          "x": 1.0,
          "y": 1.0,
          "z": 1.0
        },
        "matrix_basis": [
          [
            0.9548889994621277,
            0.24014681577682495,
            -0.17468968033790588,
            0.0
          ],
          [
            -0.24395230412483215,
            0.9697871804237366,
            -0.00032097933581098914,
            0.0
          ],
          [
            0.16933472454547882,
            0.04292244464159012,
            0.9846234917640686,
            0.0
          ],
          [
            0.0,
            0.0,
            0.0,
            1.0
          ]
        ],
        "rotation_mode": "QUATERNION"
      },
      "armature_space": {
        "head": {
          "x": 0.060067519545555115,
          "y": -0.06332067400217056,
          "z": 0.6536325216293335
        },
        "tail": {
          "x": 0.10883904993534088,
          "y": -0.072415791451931,
          "z": 0.8005743026733398
        }
      },
      "world_space": {
        "head": {
          "x": 0.060067519545555115,
          "y": -7.667392492294312e-05,
          "z": 1.6034865379333496
        },
        "tail": {
          "x": 0.10883904993534088,
          "y": -0.00917179137468338,
          "z": 1.750428318977356
        },
        "rotation_quaternion": {
          "w": 0.6858862042427063,
          "x": 0.6954816579818726,
          "y": 0.015423087403178215,
          "z": -0.21360620856285095
        },
        "matrix": [
          [
            0.9082684516906738,
            0.3144720196723938,
            -0.2759633958339691,
            0.060067519545555115
          ],
          [
            -0.2715684175491333,
            -0.05864403769373894,
            -0.9606308341026306,
            -7.667392492294312e-05
          ],
          [
            -0.31827759742736816,
            0.9474602341651917,
            0.0321354866027832,
            1.6034865379333496
          ],
          [
            0.0,
            0.0,
            0.0,
            1.0
          ]
        ]
      },
      "bone_length_armature_space": 0.15509116724465705,
      "parent": "neck_01",
      "has_children": false,
      "is_end_bone": true
    },
    "upperarm_l": {
      "name": "upperarm_l",
      "local": {
        "location": {
          "x": 0.0,
          "y": 0.0,
          "z": 0.0
        },
        "rotation_quaternion": {
          "w": 0.8080585598945618,
          "x": 0.4422222375869751,
          "y": 0.1778734028339386,
          "z": -0.3461821973323822
        },
        "scale": {
          "x": 1.0,
          "y": 1.0,
          "z": 1.0
        },
        "matrix_basis": [
          [
            0.6970378756523132,
            0.7167901396751404,
            -0.018714681267738342,
            0.0
          ],
          [
            -0.40215182304382324,
            0.36919474601745605,
            -0.8378361463546753,
            0.0
          ],
          [
            -0.5936431884765625,
            0.5915297269821167,
            0.5456010699272156,
            0.0
          ],
          [
            0.0,
            0.0,
            0.0,
            1.0
          ]
        ],
        "rotation_mode": "QUATERNION"
      },
      "armature_space": {
        "head": {
          "x": 0.19779032468795776,
          "y": -0.04233956336975098,
          "z": 0.47623834013938904
        },
        "tail": {
          "x": 0.26734423637390137,
          "y": -0.2017059177160263,
          "z": 0.2723439931869507
        }
      },
      "world_space": {
        "head": {
          "x": 0.19779032468795776,
          "y": 0.020904436707496643,
          "z": 1.4260923862457275
        },
        "tail": {
          "x": 0.26734423637390137,
          "y": -0.1384619176387787,
          "z": 1.2221980094909668
        },
        "rotation_quaternion": {
          "w": 0.12079910933971405,
          "x": -0.5045150518417358,
          "y": -0.43364647030830383,
          "z": 0.7367652654647827
        },
        "matrix": [
          [
            -0.4617460370063782,
            0.2595590651035309,
            -0.848186194896698,
            0.19779032468795776
          ],
          [
            0.6155622601509094,
            -0.5947183966636658,
            -0.5171010494232178,
            0.020904436707496643
          ],
          [
            -0.6386539936065674,
            -0.7608866691589355,
            0.11483435332775116,
            1.4260923862457275
          ],
          [
            0.0,
            0.0,
            0.0,
            1.0
          ]
        ]
      },
      "bone_length_armature_space": 0.2679706829907734,
      "parent": "spine_01",
      "has_children": true,
      "is_end_bone": false
    },
    "lowerarm_l": {
      "name": "lowerarm_l",
      "local": {
        "location": {
          "x": 0.0,
          "y": 0.0,
          "z": 0.0
        },
        "rotation_quaternion": {
          "w": 0.9422143697738647,
          "x": 0.2356504201889038,
          "y": 0.009829840622842312,
          "z": -0.23791666328907013
        },
        "scale": {
          "x": 1.0,
          "y": 1.0,
          "z": 1.0
        },
        "matrix_basis": [
          [
            0.8865980505943298,
            0.45296981930732727,
            -0.09360668808221817,
            0.0
          ],
          [
            -0.44370418787002563,
            0.7757290601730347,
            -0.4487437903881073,
            0.0
          ],
          [
            -0.1306539624929428,
            0.43938905000686646,
            0.8887445330619812,
            0.0
          ],
          [
            0.0,
            0.0,
            0.0,
            1.0
          ]
        ],
        "rotation_mode": "QUATERNION"
      },
      "armature_space": {
        "head": {
          "x": 0.26734423637390137,
          "y": -0.20170606672763824,
          "z": 0.2723439931869507
        },
        "tail": {
          "x": 0.14442016184329987,
          "y": -0.3455752730369568,
          "z": 0.08323755860328674
        }
      },
      "world_space": {
        "head": {
          "x": 0.26734423637390137,
          "y": -0.13846206665039062,
          "z": 1.2221980094909668
        },
        "tail": {
          "x": 0.14442016184329987,
          "y": -0.28233128786087036,
          "z": 1.0330915451049805
        },
        "rotation_quaternion": {
          "w": 0.39267805218696594,
          "x": -0.3248264491558075,
          "y": -0.27733397483825684,
          "z": 0.8144799470901489
        },
        "matrix": [
          [
            -0.48058220744132996,
            -0.4594871997833252,
            -0.7469353675842285,
            0.26734423637390137
          ],
          [
            0.8198282718658447,
            -0.5377795100212097,
            -0.19665977358818054,
            -0.13846206665039062
          ],
          [
            -0.31132522225379944,
            -0.7068752646446228,
            0.6351521015167236,
            1.2221980094909668
          ],
          [
            0.0,
            0.0,
            0.0,
            1.0
          ]
        ]
      },
      "bone_length_armature_space": 0.26752555114886545,
      "parent": "upperarm_l",
      "has_children": true,
      "is_end_bone": false
    },
    "metacarpal_thumb_l": {
      "name": "metacarpal_thumb_l",
      "local": {
        "location": {
          "x": 0.0,
          "y": 0.0,
          "z": 0.0
        },
        "rotation_quaternion": {
          "w": 0.9999558925628662,
          "x": -0.007954040542244911,
          "y": 0.0015089644584804773,
          "z": 0.004785977303981781
        },
        "scale": {
          "x": 1.0,
          "y": 1.0,
          "z": 1.0
        },
        "matrix_basis": [
          [
            0.9999496340751648,
            -0.009595537558197975,
            0.0029416601173579693,
            0.0
          ],
          [
            0.009547527879476547,
            0.9998276829719543,
            0.01592182368040085,
            0.0
          ],
          [
            -0.0030939315911382437,
            -0.015892935916781425,
            0.9998689293861389,
            0.0
          ],
          [
            0.0,
            0.0,
            0.0,
            1.0
          ]
        ],
        "rotation_mode": "QUATERNION"
      },
      "armature_space": {
        "head": {
          "x": 0.14442016184329987,
          "y": -0.3455752730369568,
          "z": 0.08323755860328674
        },
        "tail": {
          "x": 0.10052429139614105,
          "y": -0.3655557930469513,
          "z": 0.07194521278142929
        }
      },
      "world_space": {
        "head": {
          "x": 0.14442016184329987,
          "y": -0.28233128786087036,
          "z": 1.0330915451049805
        },
        "tail": {
          "x": 0.10052429139614105,
          "y": -0.3023117780685425,
          "z": 1.0217992067337036
        },
        "rotation_quaternion": {
          "w": 0.4114781618118286,
          "x": -0.6907010674476624,
          "y": 0.3591652810573578,
          "z": 0.47393888235092163
        },
        "matrix": [
          [
            0.2927645146846771,
            -0.8861825466156006,
            -0.3591231405735016,
            0.14442016184329987
          ],
          [
            -0.10612235218286514,
            -0.40337273478507996,
            0.9088612198829651,
            -0.28233128786087036
          ],
          [
            -0.9502842426300049,
            -0.22797317802906036,
            -0.2121376097202301,
            1.0330915451049805
          ],
          [
            0.0,
            0.0,
            0.0,
            1.0
          ]
        ]
      },
      "bone_length_armature_space": 0.049533681828847015,
      "parent": "lowerarm_l",
      "has_children": true,
      "is_end_bone": false
    },
    "thumb_01_l": {
      "name": "thumb_01_l",
      "local": {
        "location": {
          "x": 0.0,
          "y": 0.0,
          "z": 0.0
        },
        "rotation_quaternion": {
          "w": 0.981827974319458,
          "x": 0.18960148096084595,
          "y": 0.0010391202522441745,
          "z": -0.00800328329205513
        },
        "scale": {
          "x": 1.0,
          "y": 1.0,
          "z": 1.0
        },
        "matrix_basis": [
          [
            0.9998697638511658,
            0.016109732910990715,
            -0.0009943940676748753,
            0.0
          ],
          [
            -0.015321657061576843,
            0.9279744625091553,
            -0.3723286986351013,
            0.0
          ],
          [
            -0.005075343418866396,
            0.37229543924331665,
            0.9281004071235657,
            0.0
          ],
          [
            0.0,
            0.0,
            0.0,
            1.0
          ]
        ],
        "rotation_mode": "QUATERNION"
      },
      "armature_space": {
        "head": {
          "x": 0.10052429139614105,
          "y": -0.3655557930469513,
          "z": 0.07194521278142929
        },
        "tail": {
          "x": 0.07462985813617706,
          "y": -0.35352784395217896,
          "z": 0.053413182497024536
        }
      },
      "world_space": {
        "head": {
          "x": 0.10052429139614105,
          "y": -0.3023117780685425,
          "z": 1.0217992067337036
        },
        "tail": {
          "x": 0.07462985813617706,
          "y": -0.29028385877609253,
          "z": 1.0032671689987183
        },
        "rotation_quaternion": {
          "w": 0.16099292039871216,
          "x": -0.5182178616523743,
          "y": 0.8066986203193665,
          "z": -0.23402780294418335
        },
        "matrix": [
          [
            -0.41106170415878296,
            -0.7607378959655762,
            0.5023007988929749,
            0.10052429139614105
          ],
          [
            -0.9114454984664917,
            0.3533620238304138,
            -0.21071945130825043,
            -0.3023117780685425
          ],
          [
            -0.017192691564559937,
            -0.5444419384002686,
            -0.8386308550834656,
            1.0217992067337036
          ],
          [
            0.0,
            0.0,
            0.0,
            1.0
          ]
        ]
      },
      "bone_length_armature_space": 0.034038645662836695,
      "parent": "metacarpal_thumb_l",
      "has_children": true,
      "is_end_bone": false
    },
    "thumb_02_l": {
      "name": "thumb_02_l",
      "local": {
        "location": {
          "x": 0.0,
          "y": 0.0,
          "z": 0.0
        },
        "rotation_quaternion": {
          "w": 0.9248408079147339,
          "x": 0.38009148836135864,
          "y": 0.01412549801170826,
          "z": 0.0006381720886565745
        },
        "scale": {
          "x": 1.0,
          "y": 1.0,
          "z": 1.0
        },
        "matrix_basis": [
          [
            0.9996001124382019,
            0.009557547979056835,
            0.02661280147731304,
            0.0
          ],
          [
            0.011918378062546253,
            0.711060106754303,
            -0.7030302286148071,
            0.0
          ],
          [
            -0.025642545893788338,
            0.7030662894248962,
            0.7106618881225586,
            0.0
          ],
          [
            0.0,
            0.0,
            0.0,
            1.0
          ]
        ],
        "rotation_mode": "QUATERNION"
      },
      "armature_space": {
        "head": {
          "x": 0.07462985813617706,
          "y": -0.35352781414985657,
          "z": 0.05341322720050812
        },
        "tail": {
          "x": 0.08640561252832413,
          "y": -0.38698679208755493,
          "z": 0.03457137942314148
        }
      },
      "world_space": {
        "head": {
          "x": 0.07462985813617706,
          "y": -0.29028379917144775,
          "z": 1.0032672882080078
        },
        "tail": {
          "x": 0.08640561252832413,
          "y": -0.3237428069114685,
          "z": 0.98442542552948
        },
        "rotation_quaternion": {
          "w": 0.2390114814043045,
          "x": -0.38654181361198425,
          "y": 0.16232213377952576,
          "z": -0.8758484721183777
        },
        "matrix": [
          [
            -0.586917519569397,
            0.29318875074386597,
            0.7546973824501038,
            0.07462985813617706
          ],
          [
            -0.5441644787788391,
            -0.8330502510070801,
            -0.09956154227256775,
            -0.29028379917144775
          ],
          [
            0.5995143055915833,
            -0.4691180884838104,
            0.6484791040420532,
            1.0032672882080078
          ],
          [
            0.0,
            0.0,
            0.0,
            1.0
          ]
        ]
      },
      "bone_length_armature_space": 0.04016449643893608,
      "parent": "thumb_01_l",
      "has_children": true,
      "is_end_bone": false
    },
    "thumb_03_l": {
      "name": "thumb_03_l",
      "local": {
        "location": {
          "x": 0.0,
          "y": 0.0,
          "z": 0.0
        },
        "rotation_quaternion": {
          "w": 0.9737889170646667,
          "x": 0.22737404704093933,
          "y": -0.005145813338458538,
          "z": 0.003126423805952072
        },
        "scale": {
          "x": 1.0,
          "y": 1.0,
          "z": 1.0
        },
        "matrix_basis": [
          [
            0.9999275207519531,
            -0.008429002948105335,
            -0.008600136265158653,
            0.0
          ],
          [
            0.003748904913663864,
            0.8965825438499451,
            -0.44286084175109863,
            0.0
          ],
          [
            0.0114436075091362,
            0.4427964687347412,
            0.8965491056442261,
            0.0
          ],
          [
            0.0,
            0.0,
            0.0,
            1.0
          ]
        ],
        "rotation_mode": "QUATERNION"
      },
      "armature_space": {
        "head": {
          "x": 0.08640551567077637,
          "y": -0.38698676228523254,
          "z": 0.03457139432430267
        },
        "tail": {
          "x": 0.10771048069000244,
          "y": -0.4086267352104187,
          "z": 0.03673955798149109
        }
      },
      "world_space": {
        "head": {
          "x": 0.08640551567077637,
          "y": -0.32374274730682373,
          "z": 0.98442542552948
        },
        "tail": {
          "x": 0.10771048069000244,
          "y": -0.3453827500343323,
          "z": 0.9865936040878296
        },
        "rotation_quaternion": {
          "w": 0.3728753328323364,
          "x": -0.08873528987169266,
          "y": -0.07461893558502197,
          "z": -0.920609712600708
        },
        "matrix": [
          [
            -0.7061800956726074,
            0.699787974357605,
            0.10773354768753052,
            0.08640551567077637
          ],
          [
            -0.6733024716377258,
            -0.7107920050621033,
            0.20356500148773193,
            -0.32374274730682373
          ],
          [
            0.2190294712781906,
            0.07121601700782776,
            0.9731232523918152,
            0.98442542552948
          ],
          [
            0.0,
            0.0,
            0.0,
            1.0
          ]
        ]
      },
      "bone_length_armature_space": 0.03044488299699192,
      "parent": "thumb_02_l",
      "has_children": false,
      "is_end_bone": true
    },
    "metacarpal_index_l": {
      "name": "metacarpal_index_l",
      "local": {
        "location": {
          "x": 0.0,
          "y": 0.0,
          "z": 0.0
        },
        "rotation_quaternion": {
          "w": 0.9996569752693176,
          "x": -0.015960372984409332,
          "y": 0.006561437621712685,
          "z": 0.019702745601534843
        },
        "scale": {
          "x": 1.0,
          "y": 1.0,
          "z": 1.0
        },
        "matrix_basis": [
          [
            0.9991375207901001,
            -0.03960141912102699,
            0.012489447370171547,
            0.0
          ],
          [
            0.03918252885341644,
            0.9987141489982605,
            0.03216835483908653,
            0.0
          ],
          [
            -0.013747300021350384,
            -0.03165123984217644,
            0.9994044303894043,
            0.0
          ],
          [
            0.0,
            0.0,
            0.0,
            1.0
          ]
        ],
        "rotation_mode": "QUATERNION"
      },
      "armature_space": {
        "head": {
          "x": 0.14442016184329987,
          "y": -0.3455752730369568,
          "z": 0.08323755860328674
        },
        "tail": {
          "x": 0.06541817635297775,
          "y": -0.4124854803085327,
          "z": 0.02836519479751587
        }
      },
      "world_space": {
        "head": {
          "x": 0.14442016184329987,
          "y": -0.28233128786087036,
          "z": 1.0330915451049805
        },
        "tail": {
          "x": 0.06541817635297775,
          "y": -0.3492414951324463,
          "z": 0.978219211101532
        },
        "rotation_quaternion": {
          "w": 0.45669126510620117,
          "x": -0.6194195747375488,
          "y": 0.07687471061944962,
          "z": 0.6339107155799866
        },
        "matrix": [
          [
            0.18449653685092926,
            -0.6742410063743591,
            -0.7150945663452148,
            0.14442016184329987
          ],
          [
            0.48376715183258057,
            -0.5710439085960388,
            0.6632333397865295,
            -0.28233128786087036
          ],
          [
            -0.855535089969635,
            -0.46830716729164124,
            0.22082222998142242,
            1.0330915451049805
          ],
          [
            0.0,
            0.0,
            0.0,
            1.0
          ]
        ]
      },
      "bone_length_armature_space": 0.11717194910978004,
      "parent": "lowerarm_l",
      "has_children": true,
      "is_end_bone": false
    },
    "index_01_l": {
      "name": "index_01_l",
      "local": {
        "location": {
          "x": 0.0,
          "y": 0.0,
          "z": 0.0
        },
        "rotation_quaternion": {
          "w": 0.9725059270858765,
          "x": 0.2321818470954895,
          "y": 0.011251972988247871,
          "z": 0.014043103903532028
        },
        "scale": {
          "x": 1.0,
          "y": 1.0,
          "z": 1.0
        },
        "matrix_basis": [
          [
            0.9993523955345154,
            -0.022088995203375816,
            0.028406327590346336,
            0.0
          ],
          [
            0.0325390100479126,
            0.8917887806892395,
            -0.451280415058136,
            0.0
          ],
          [
            -0.015364113263785839,
            0.45191246271133423,
            0.8919299840927124,
            0.0
          ],
          [
            0.0,
            0.0,
            0.0,
            1.0
          ]
        ],
        "rotation_mode": "QUATERNION"
      },
      "armature_space": {
        "head": {
          "x": 0.06541817635297775,
          "y": -0.4124854803085327,
          "z": 0.02836519479751587
        },
        "tail": {
          "x": 0.043204352259635925,
          "y": -0.4164729416370392,
          "z": 0.010937634855508804
        }
      },
      "world_space": {
        "head": {
          "x": 0.06541817635297775,
          "y": -0.3492414951324463,
          "z": 0.978219211101532
        },
        "tail": {
          "x": 0.043204352259635925,
          "y": -0.35322892665863037,
          "z": 0.9607916474342346
        },
        "rotation_quaternion": {
          "w": 0.651549756526947,
          "x": -0.5305107235908508,
          "y": 0.07459212094545364,
          "z": 0.5371010303497314
        },
        "matrix": [
          [
            0.4119141101837158,
            -0.779039740562439,
            -0.4726775884628296,
            0.06541817635297775
          ],
          [
            0.6207547783851624,
            -0.13984054327011108,
            0.7714327573776245,
            -0.3492414951324463
          ],
          [
            -0.6670804023742676,
            -0.6111851930618286,
            0.42599406838417053,
            0.978219211101532
          ],
          [
            0.0,
            0.0,
            0.0,
            1.0
          ]
        ]
      },
      "bone_length_armature_space": 0.028514446714814626,
      "parent": "metacarpal_index_l",
      "has_children": true,
      "is_end_bone": false
    },
    "index_02_l": {
      "name": "index_02_l",
      "local": {
        "location": {
          "x": 0.0,
          "y": 0.0,
          "z": 0.0
        },
        "rotation_quaternion": {
          "w": 0.9213292598724365,
          "x": 0.3886021375656128,
          "y": -0.0017284126952290535,
          "z": -0.011742868460714817
        },
        "scale": {
          "x": 1.0,
          "y": 1.0,
          "z": 1.0
        },
        "matrix_basis": [
          [
            0.9997182488441467,
            0.02029476687312126,
            -0.01231148187071085,
            0.0
          ],
          [
            -0.022981425747275352,
            0.6977009773254395,
            -0.7160204648971558,
            0.0
          ],
          [
            -0.005941733252257109,
            0.7161016464233398,
            0.6979708075523376,
            0.0
          ],
          [
            0.0,
            0.0,
            0.0,
            1.0
          ]
        ],
        "rotation_mode": "QUATERNION"
      },
      "armature_space": {
        "head": {
          "x": 0.04320380464196205,
          "y": -0.4164729118347168,
          "z": 0.01093769259750843
        },
        "tail": {
          "x": 0.020333729684352875,
          "y": -0.40545523166656494,
          "z": 0.007241684943437576
        }
      },
      "world_space": {
        "head": {
          "x": 0.04320380464196205,
          "y": -0.35322892665863037,
          "z": 0.9607917070388794
        },
        "tail": {
          "x": 0.020333729684352875,
          "y": -0.3422112464904785,
          "z": 0.9570956826210022
        },
        "rotation_quaternion": {
          "w": 0.8113425970077515,
          "x": -0.2299700230360031,
          "y": 0.23762677609920502,
          "z": 0.48204830288887024
        },
        "matrix": [
          [
            0.4223254919052124,
            -0.8915073275566101,
            0.16387823224067688,
            0.04320380464196205
          ],
          [
            0.6729190349578857,
            0.4294849932193756,
            0.6022650003433228,
            -0.35322892665863037
          ],
          [
            -0.6073106527328491,
            -0.14407551288604736,
            0.7813006043434143,
            0.9607917070388794
          ],
          [
            0.0,
            0.0,
            0.0,
            1.0
          ]
        ]
      },
      "bone_length_armature_space": 0.025653265907662363,
      "parent": "index_01_l",
      "has_children": true,
      "is_end_bone": false
    },
    "index_03_l": {
      "name": "index_03_l",
      "local": {
        "location": {
          "x": 0.0,
          "y": 0.0,
          "z": 0.0
        },
        "rotation_quaternion": {
          "w": 0.9593546986579895,
          "x": 0.2821282148361206,
          "y": 0.0026688461657613516,
          "z": -0.005929967388510704
        },
        "scale": {
          "x": 1.0,
          "y": 1.0,
          "z": 1.0
        },
        "matrix_basis": [
          [
            0.9999154210090637,
            0.012883798219263554,
            0.0017747179372236133,
            0.0
          ],
          [
            -0.009871970862150192,
            0.840736985206604,
            -0.541353702545166,
            0.0
          ],
          [
            -0.008466762490570545,
            0.5412904024124146,
            0.8407930731773376,
            0.0
          ],
          [
            0.0,
            0.0,
            0.0,
            1.0
          ]
        ],
        "rotation_mode": "QUATERNION"
      },
      "armature_space": {
        "head": {
          "x": 0.020333705469965935,
          "y": -0.4054553210735321,
          "z": 0.00724159087985754
        },
        "tail": {
          "x": 0.0044390615075826645,
          "y": -0.3824312388896942,
          "z": 0.01566682942211628
        }
      },
      "world_space": {
        "head": {
          "x": 0.020333705469965935,
          "y": -0.3422113060951233,
          "z": 0.9570956230163574
        },
        "tail": {
          "x": 0.0044390615075826645,
          "y": -0.3191872239112854,
          "z": 0.9655208587646484
        },
        "rotation_quaternion": {
          "w": 0.8623659610748291,
          "x": 0.02111402340233326,
          "y": 0.38771292567253113,
          "z": 0.3248966932296753
        },
        "matrix": [
          [
            0.4882408380508423,
            -0.5439890623092651,
            0.6824198961257935,
            0.020333705469965935
          ],
          [
            0.5767323970794678,
            0.7879921793937683,
            0.2155194878578186,
            -0.3422113060951233
          ],
          [
            -0.6549859642982483,
            0.28835105895996094,
            0.6984708905220032,
            0.9570956230163574
          ],
          [
            0.0,
            0.0,
            0.0,
            1.0
          ]
        ]
      },
      "bone_length_armature_space": 0.029218704397430826,
      "parent": "index_02_l",
      "has_children": false,
      "is_end_bone": true
    },
    "metacarpal_pinky_l": {
      "name": "metacarpal_pinky_l",
      "local": {
        "location": {
          "x": 0.0,
          "y": 0.0,
          "z": 0.0
        },
        "rotation_quaternion": {
          "w": 0.9988728761672974,
          "x": -0.04716717451810837,
          "y": 0.003942284267395735,
          "z": 0.0035869628190994263
        },
        "scale": {
          "x": 1.0,
          "y": 1.0,
          "z": 1.0
        },
        "matrix_basis": [
          [
            0.999943196773529,
            -0.007537732366472483,
            0.007537307683378458,
            0.0
          ],
          [
            0.006793946959078312,
            0.9955247640609741,
            0.09425630420446396,
            0.0
          ],
          [
            -0.008214055560529232,
            -0.09419973939657211,
            0.9955194592475891,
            0.0
          ],
          [
            0.0,
            0.0,
            0.0,
            1.0
          ]
        ],
        "rotation_mode": "QUATERNION"
      },
      "armature_space": {
        "head": {
          "x": 0.14442016184329987,
          "y": -0.3455752730369568,
          "z": 0.08323755860328674
        },
        "tail": {
          "x": 0.12074226140975952,
          "y": -0.38326147198677063,
          "z": -0.010903067886829376
        }
      },
      "world_space": {
        "head": {
          "x": 0.14442016184329987,
          "y": -0.28233128786087036,
          "z": 1.0330915451049805
        },
        "tail": {
          "x": 0.12074226140975952,
          "y": -0.3200174570083618,
          "z": 0.9389509558677673
        },
        "rotation_quaternion": {
          "w": 0.03528342396020889,
          "x": 0.15090040862560272,
          "y": -0.5637369751930237,
          "z": 0.8112858533859253
        },
        "matrix": [
          [
            -0.9519686698913574,
            -0.2273862063884735,
            0.2050643414258957,
            0.14442016184329987
          ],
          [
            -0.11288506537675858,
            -0.36191216111183167,
            -0.9253523349761963,
            -0.28233128786087036
          ],
          [
            0.28462958335876465,
            -0.9040616750717163,
            0.31886178255081177,
            1.0330915451049805
          ],
          [
            0.0,
            0.0,
            0.0,
            1.0
          ]
        ]
      },
      "bone_length_armature_space": 0.10413140638310261,
      "parent": "lowerarm_l",
      "has_children": true,
      "is_end_bone": false
    },
    "pinky_01_l": {
      "name": "pinky_01_l",
      "local": {
        "location": {
          "x": 0.0,
          "y": 0.0,
          "z": 0.0
        },
        "rotation_quaternion": {
          "w": 0.9439533948898315,
          "x": 0.32976973056793213,
          "y": 0.004915166180580854,
          "z": 0.01341031864285469
        },
        "scale": {
          "x": 1.0,
          "y": 1.0,
          "z": 1.0
        },
        "matrix_basis": [
          [
            0.9995920062065125,
            -0.022075684741139412,
            0.018124010413885117,
            0.0
          ],
          [
            0.028559178113937378,
            0.7821441888809204,
            -0.6224426627159119,
            0.0
          ],
          [
            -0.00043474126141518354,
            0.6227063536643982,
            0.7824555039405823,
            0.0
          ],
          [
            0.0,
            0.0,
            0.0,
            1.0
          ]
        ],
        "rotation_mode": "QUATERNION"
      },
      "armature_space": {
        "head": {
          "x": 0.12074226140975952,
