{
  "metadata": {
    "armature_name": "KIM_caucasian_male",
    "export_time": "2026-01-13T21:15:55.665809",
    "blender_version": "4.4.1",
    "bone_count": 56,
    "end_bone_count": 13,
    "spaces_included": [
      "LOCAL_CHANNELS",
      "ARMATURE_SPACE",
      "WORLD_SPACE"
    ],
    "note": "LOCAL matches Transform panel; replay pose via local.matrix_basis for best fidelity."
  },
  "bones": {
    "Root": {
      "name": "Root",
      "local": {
        "location": {
          "x": 0.0,
          "y": 0.0,
          "z": 0.0
        },
        "rotation_quaternion": {
          "w": 0.9998518228530884,
          "x": 0.0037179680075496435,
          "y": 0.010252304375171661,
          "z": -0.013320977799594402
        },
        "scale": {
          "x": 1.0,
          "y": 1.0,
          "z": 1.0
        },
        "matrix_basis": [
          [
            0.9994348883628845,
            0.02671424299478531,
            0.020402517169713974,
            0.0
          ],
          [
            -0.02656177245080471,
            0.9996174573898315,
            -0.007707975804805756,
            0.0
          ],
          [
            -0.02060062438249588,
            0.007161692716181278,
            0.9997621178627014,
            0.0
          ],
          [
            0.0,
            0.0,
            0.0,
            1.0
          ]
        ],
        "rotation_mode": "QUATERNION"
      },
      "armature_space": {
        "head": {
          "x": 0.0,
          "y": 0.07072800397872925,
          "z": -0.009595036506652832
        },
        "tail": {
          "x": 0.0019067523535341024,
          "y": -4.165619611740112e-05,
          "z": -0.0005102064460515976
        }
      },
      "world_space": {
        "head": {
          "x": 0.0,
          "y": 0.13397200405597687,
          "z": 0.9402589797973633
        },
        "tail": {
          "x": 0.0019067523535341024,
          "y": 0.06320234388113022,
          "z": 0.9493438005447388
        },
        "rotation_quaternion": {
          "w": 0.06364815682172775,
          "x": 0.997830867767334,
          "y": 0.013981391675770283,
          "z": 0.00933160912245512
        },
        "matrix": [
          [
            0.9994348883628845,
            0.02671424299478531,
            0.020402517169713974,
            0.0
          ],
          [
            0.02909001149237156,
            -0.991506814956665,
            -0.12675970792770386,
            0.13397200405597687
          ],
          [
            0.01684308983385563,
            0.1272815316915512,
            -0.9917306303977966,
            0.9402589797973633
          ],
          [
            0.0,
            0.0,
            0.0,
            1.0
          ]
        ]
      },
      "bone_length_armature_space": 0.07137587017169905,
      "parent": null,
      "has_children": true,
      "is_end_bone": false
    },
    "spine_01": {
      "name": "spine_01",
      "local": {
        "location": {
          "x": 0.0,
          "y": 0.0,
          "z": 0.0
        },
        "rotation_quaternion": {
          "w": 0.9942954778671265,
          "x": 0.10348884016275406,
          "y": 0.022597195580601692,
          "z": 0.0124913789331913
        },
        "scale": {
          "x": 1.0,
          "y": 1.0,
          "z": 1.0
        },
        "matrix_basis": [
          [
            0.9986666440963745,
            -0.020163128152489662,
            0.04752201586961746,
            0.0
          ],
          [
            0.029517358168959618,
            0.978268027305603,
            -0.2052324265241623,
            0.0
          ],
          [
            -0.042351141571998596,
            0.20636151731014252,
            0.9775588512420654,
            0.0
          ],
          [
            0.0,
            0.0,
            0.0,
            1.0
          ]
        ],
        "rotation_mode": "QUATERNION"
      },
      "armature_space": {
        "head": {
          "x": 0.0019067523535341024,
          "y": -4.165619611740112e-05,
          "z": -0.0005102064460515976
        },
        "tail": {
          "x": -0.013647184707224369,
          "y": -0.082272469997406,
          "z": 0.48026466369628906
        }
      },
      "world_space": {
        "head": {
          "x": 0.0019067523535341024,
          "y": 0.06320234388113022,
          "z": 0.9493438005447388
        },
        "tail": {
          "x": -0.013647184707224369,
          "y": -0.019028469920158386,
          "z": 1.4301186800003052
        },
        "rotation_quaternion": {
          "w": 0.6446471810340881,
          "x": 0.7632918357849121,
          "y": 0.01330819632858038,
          "z": 0.040478598326444626
        },
        "matrix": [
          [
            0.9963687658309937,
            -0.031872741878032684,
            0.078951895236969,
            0.0019067523535341024
          ],
          [
            0.0725046843290329,
            -0.16850534081459045,
            -0.9830305576324463,
            0.06320234388113022
          ],
          [
            0.044636070728302,
            0.9851919412612915,
            -0.16558457911014557,
            0.9493438005447388
          ],
          [
            0.0,
            0.0,
            0.0,
            1.0
          ]
        ]
      },
      "bone_length_armature_space": 0.48800442568823255,
      "parent": "Root",
      "has_children": true,
      "is_end_bone": false
    },
    "neck_01": {
      "name": "neck_01",
      "local": {
        "location": {
          "x": 0.0,
          "y": 0.0,
          "z": 0.0
        },
        "rotation_quaternion": {
          "w": 0.9933043718338013,
          "x": -0.10477635264396667,
          "y": 0.04644415155053139,
          "z": -0.014539738185703754
        },
        "scale": {
          "x": 1.0,
          "y": 1.0,
          "z": 1.0
        },
        "matrix_basis": [
          [
            0.9952630996704102,
            0.01915227249264717,
            0.09531319886445999,
            0.0
          ],
          [
            -0.038617268204689026,
            0.9776210188865662,
            0.20679904520511627,
            0.0
          ],
          [
            -0.08921951800584793,
            -0.20950019359588623,
            0.9737297296524048,
            0.0
          ],
          [
            0.0,
            0.0,
            0.0,
            1.0
          ]
        ],
        "rotation_mode": "QUATERNION"
      },
      "armature_space": {
        "head": {
          "x": -0.013242771849036217,
          "y": -0.1287021040916443,
          "z": 0.5466563701629639
        },
        "tail": {
          "x": -0.013026275672018528,
          "y": -0.16345687210559845,
          "z": 0.6431074142456055
        }
      },
      "world_space": {
        "head": {
          "x": -0.013242771849036217,
          "y": -0.06545810401439667,
          "z": 1.49651038646698
        },
        "tail": {
          "x": -0.013026275672018528,
          "y": -0.10021287202835083,
          "z": 1.5929614305496216
        },
        "rotation_quaternion": {
          "w": 0.5725582838058472,
          "x": 0.8150731325149536,
          "y": 0.05173676088452339,
          "z": 0.07180654257535934
        },
        "matrix": [
          [
            0.9843342900276184,
            0.002111714333295822,
            0.17629963159561157,
            -0.013242771849036217
          ],
          [
            0.16656526923179626,
            -0.33900028467178345,
            -0.9259238839149475,
            -0.06545810401439667
          ],
          [
            0.057810910046100616,
            0.940790057182312,
            -0.3340446352958679,
            1.49651038646698
          ],
          [
            0.0,
            0.0,
            0.0,
            1.0
          ]
        ]
      },
      "bone_length_armature_space": 0.1025219247979695,
      "parent": "spine_01",
      "has_children": true,
      "is_end_bone": false
    },
    "head": {
      "name": "head",
      "local": {
        "location": {
          "x": 0.0,
          "y": 0.0,
          "z": 0.0
        },
        "rotation_quaternion": {
          "w": 0.97125244140625,
          "x": 0.010535217821598053,
          "y": 0.17111676931381226,
          "z": 0.16515687108039856
        },
        "scale": {
          "x": 1.0,
          "y": 1.0,
          "z": 1.0
        },
        "matrix_basis": [
          [
            0.8868845105171204,
            -0.3172125220298767,
            0.33587509393692017,
            0.0
          ],
          [
            0.32442352175712585,
            0.9452244639396667,
            0.03605750948190689,
            0.0
          ],
          [
            -0.32891523838043213,
            0.07698693126440048,
            0.9412161111831665,
            0.0
          ],
          [
            0.0,
            0.0,
            0.0,
            1.0
          ]
        ],
        "rotation_mode": "QUATERNION"
      },
      "armature_space": {
        "head": {
          "x": -0.01302624773234129,
          "y": -0.163456991314888,
          "z": 0.6431072950363159
        },
        "tail": {
          "x": -0.06868327409029007,
          "y": -0.18056447803974152,
          "z": 0.7868531942367554
        }
      },
      "world_space": {
        "head": {
          "x": -0.01302624773234129,
          "y": -0.10021299123764038,
          "z": 1.592961311340332
        },
        "tail": {
          "x": -0.06868327409029007,
          "y": -0.1173204779624939,
          "z": 1.7367072105407715
        },
        "rotation_quaternion": {
          "w": 0.665570855140686,
          "x": 0.6759606599807739,
          "y": 0.04314953461289406,
          "z": 0.31341785192489624
        },
        "matrix": [
          [
            0.799813449382782,
            -0.3588687479496002,
            0.481156587600708,
            -0.01302624773234129
          ],
          [
            0.4755409359931946,
            -0.11030671000480652,
            -0.872750461101532,
            -0.10021299123764038
          ],
          [
            0.3662807047367096,
            0.926853597164154,
            0.0824315994977951,
            1.592961311340332
          ],
          [
            0.0,
            0.0,
            0.0,
            1.0
          ]
        ]
      },
      "bone_length_armature_space": 0.1550911144663212,
      "parent": "neck_01",
      "has_children": false,
      "is_end_bone": true
    },
    "upperarm_l": {
      "name": "upperarm_l",
      "local": {
        "location": {
          "x": 0.0,
          "y": 0.0,
          "z": 0.0
        },
        "rotation_quaternion": {
          "w": 0.950224757194519,
          "x": 0.1498497873544693,
          "y": 0.19954673945903778,
          "z": -0.1865455061197281
        },
        "scale": {
          "x": 1.0,
          "y": 1.0,
          "z": 1.0
        },
        "matrix_basis": [
          [
            0.850763738155365,
            0.41432440280914307,
            0.3233208954334259,
            0.0
          ],
          [
            -0.2947162389755249,
            0.8854916095733643,
            -0.35923105478286743,
            0.0
          ],
          [
            -0.4351361095905304,
            0.21033285558223724,
            0.8754522800445557,
            0.0
          ],
          [
            0.0,
            0.0,
            0.0,
            1.0
          ]
        ],
        "rotation_mode": "QUATERNION"
      },
      "armature_space": {
        "head": {
          "x": 0.13860642910003662,
          "y": -0.10963655263185501,
          "z": 0.48661115765571594
        },
        "tail": {
          "x": 0.3816779851913452,
          "y": -0.11627067625522614,
          "z": 0.3740057349205017
        }
      },
      "world_space": {
        "head": {
          "x": 0.13860642910003662,
          "y": -0.04639255255460739,
          "z": 1.4364651441574097
        },
        "tail": {
          "x": 0.3816779851913452,
          "y": -0.053026676177978516,
          "z": 1.323859691619873
        },
        "rotation_quaternion": {
          "w": 0.1901497095823288,
          "x": 0.5430212020874023,
          "y": 0.6719120144844055,
          "z": -0.46637463569641113
        },
        "matrix": [
          [
            -0.3379400968551636,
            0.907086968421936,
            -0.2509773075580597,
            0.13860642910003662
          ],
          [
            0.5523649454116821,
            -0.024757012724876404,
            -0.8332348465919495,
            -0.04639255255460739
          ],
          [
            -0.7620345950126648,
            -0.4202174246311188,
            -0.4926808476448059,
            1.4364651441574097
          ],
          [
            0.0,
            0.0,
            0.0,
            1.0
          ]
        ]
      },
      "bone_length_armature_space": 0.2679697273924782,
      "parent": "spine_01",
      "has_children": true,
      "is_end_bone": false
    },
    "lowerarm_l": {
      "name": "lowerarm_l",
      "local": {
        "location": {
          "x": 0.0,
          "y": 0.0,
          "z": 0.0
        },
        "rotation_quaternion": {
          "w": 0.9943028688430786,
          "x": 0.007466120645403862,
          "y": -0.009600077755749226,
          "z": 0.10589667409658432
        },
        "scale": {
          "x": 1.0,
          "y": 1.0,
          "z": 1.0
        },
        "matrix_basis": [
          [
            0.9773874878883362,
            -0.21073009073734283,
            -0.017509495839476585,
            0.0
          ],
          [
            0.210443377494812,
            0.9774603247642517,
            -0.016880402341485023,
            0.0
          ],
          [
            0.020672043785452843,
            0.012813937850296497,
            0.9997041821479797,
            0.0
          ],
          [
            0.0,
            0.0,
            0.0,
            1.0
          ]
        ],
        "rotation_mode": "QUATERNION"
      },
      "armature_space": {
        "head": {
          "x": 0.38167810440063477,
          "y": -0.11627078801393509,
          "z": 0.3740057647228241
        },
        "tail": {
          "x": 0.6324036717414856,
          "y": -0.18510237336158752,
          "z": 0.31101131439208984
        }
      },
      "world_space": {
        "head": {
          "x": 0.38167810440063477,
          "y": -0.05302678793668747,
          "z": 1.3238598108291626
        },
        "tail": {
          "x": 0.6324036717414856,
          "y": -0.1218583732843399,
          "z": 1.260865330696106
        },
        "rotation_quaternion": {
          "w": 0.27590906620025635,
          "x": 0.5981649160385132,
          "y": 0.5433480143547058,
          "z": -0.5204285979270935
        },
        "matrix": [
          [
            -0.13214798271656036,
            0.9372060298919678,
            -0.3227715790271759,
            0.38167810440063477
          ],
          [
            0.3628402352333069,
            -0.2572907507419586,
            -0.8956275582313538,
            -0.05302678793668747
          ],
          [
            -0.922439694404602,
            -0.235471710562706,
            -0.3060586750507355,
            1.3238598108291626
          ],
          [
            0.0,
            0.0,
            0.0,
            1.0
          ]
        ]
      },
      "bone_length_armature_space": 0.2675245790088199,
      "parent": "upperarm_l",
      "has_children": true,
      "is_end_bone": false
    },
    "metacarpal_thumb_l": {
      "name": "metacarpal_thumb_l",
      "local": {
        "location": {
          "x": 0.0,
          "y": 0.0,
          "z": 0.0
        },
        "rotation_quaternion": {
          "w": 0.9986158013343811,
          "x": -0.05149523913860321,
          "y": -0.009274083189666271,
          "z": -0.005368424113839865
        },
        "scale": {
          "x": 1.0,
          "y": 1.0,
          "z": 1.0
        },
        "matrix_basis": [
          [
            0.9997703433036804,
            0.01167712826281786,
            -0.01796959526836872,
            0.0
          ],
          [
            -0.009766844101250172,
            0.9946388602256775,
            0.10294749587774277,
            0.0
          ],
          [
            0.019075388088822365,
            -0.102748341858387,
            0.9945244789123535,
            0.0
          ],
          [
            0.0,
            0.0,
            0.0,
            1.0
          ]
        ],
        "rotation_mode": "QUATERNION"
      },
      "armature_space": {
        "head": {
          "x": 0.6324036717414856,
          "y": -0.18510237336158752,
          "z": 0.31101131439208984
        },
        "tail": {
          "x": 0.6601867079734802,
          "y": -0.21972528100013733,
          "z": 0.2890351712703705
        }
      },
      "world_space": {
        "head": {
          "x": 0.6324036717414856,
          "y": -0.1218583732843399,
          "z": 1.260865330696106
        },
        "tail": {
          "x": 0.6601867079734802,
          "y": -0.1564812809228897,
          "z": 1.238889217376709
        },
        "rotation_quaternion": {
          "w": 0.22101977467536926,
          "x": -0.9198440909385681,
          "y": -0.3188442289829254,
          "z": 0.058099862188100815
        },
        "matrix": [
          [
            0.7899250388145447,
            0.5608915090560913,
            -0.24782833456993103,
            0.6324036717414856
          ],
          [
            0.6122570633888245,
            -0.6989772319793701,
            0.36955681443214417,
            -0.1218583732843399
          ],
          [
            0.03405584767460823,
            -0.44366052746772766,
            -0.895555317401886,
            1.260865330696106
          ],
          [
            0.0,
            0.0,
            0.0,
            1.0
          ]
        ]
      },
      "bone_length_armature_space": 0.049533762470893625,
      "parent": "lowerarm_l",
      "has_children": true,
      "is_end_bone": false
    },
    "thumb_01_l": {
      "name": "thumb_01_l",
      "local": {
        "location": {
          "x": 0.0,
          "y": 0.0,
          "z": 0.0
        },
        "rotation_quaternion": {
          "w": 0.9775494337081909,
          "x": 0.2089392989873886,
          "y": 0.021807976067066193,
          "z": 0.016306065022945404
        },
        "scale": {
          "x": 1.0,
          "y": 1.0,
          "z": 1.0
        },
        "matrix_basis": [
          [
            0.9985170364379883,
            -0.022766882553696632,
            0.04945070669054985,
            0.0
          ],
          [
            0.04099305719137192,
            0.9121569395065308,
            -0.4077857732772827,
            0.0
          ],
          [
            -0.035822793841362,
            0.40920817852020264,
            0.9117375612258911,
            0.0
          ],
          [
            0.0,
            0.0,
            0.0,
            1.0
          ]
        ],
        "rotation_mode": "QUATERNION"
      },
      "armature_space": {
        "head": {
          "x": 0.6601867079734802,
          "y": -0.21972528100013733,
          "z": 0.2890351712703705
        },
        "tail": {
          "x": 0.6738319396972656,
          "y": -0.2191472053527832,
          "z": 0.25785645842552185
        }
      },
      "world_space": {
        "head": {
          "x": 0.6601867079734802,
          "y": -0.1564812809228897,
          "z": 1.238889217376709
        },
        "tail": {
          "x": 0.6738319396972656,
          "y": -0.15590320527553558,
          "z": 1.2077105045318604
        },
        "rotation_quaternion": {
          "w": 0.6894887089729309,
          "x": -0.5492947101593018,
          "y": 0.18192768096923828,
          "z": -0.4356411099433899
        },
        "matrix": [
          [
            0.5542362332344055,
            0.40087538957595825,
            0.7294662594795227,
            0.6601867079734802
          ],
          [
            -0.8006041646003723,
            0.016983047127723694,
            0.5989528894424438,
            -0.1564812809228897
          ],
          [
            0.22771774232387543,
            -0.9159814715385437,
            0.3303580582141876,
            1.238889217376709
          ],
          [
            0.0,
            0.0,
            0.0,
            1.0
          ]
        ]
      },
      "bone_length_armature_space": 0.03403878141628014,
      "parent": "metacarpal_thumb_l",
      "has_children": true,
      "is_end_bone": false
    },
    "thumb_02_l": {
      "name": "thumb_02_l",
      "local": {
        "location": {
          "x": 0.0,
          "y": 0.0,
          "z": 0.0
        },
        "rotation_quaternion": {
          "w": 0.9212486743927002,
          "x": 0.3889522850513458,
          "y": 0.001175738638266921,
          "z": -0.003981092944741249
        },
        "scale": {
          "x": 1.0,
          "y": 1.0,
          "z": 1.0
        },
        "matrix_basis": [
          [
            0.9999655485153198,
            0.008249765262007713,
            -0.0009306150604970753,
            0.0
          ],
          [
            -0.006420540623366833,
            0.6974005699157715,
            -0.7166529297828674,
            0.0
          ],
          [
            -0.0052632056176662445,
            0.716634213924408,
            0.6974294781684875,
            0.0
          ],
          [
            0.0,
            0.0,
            0.0,
            1.0
          ]
        ],
        "rotation_mode": "QUATERNION"
      },
      "armature_space": {
        "head": {
          "x": 0.6738318204879761,
          "y": -0.2191472053527832,
          "z": 0.25785642862319946
        },
        "tail": {
          "x": 0.7045223116874695,
          "y": -0.22275876998901367,
          "z": 0.2835126221179962
        }
      },
      "world_space": {
        "head": {
          "x": 0.6738318204879761,
          "y": -0.15590320527553558,
          "z": 1.2077105045318604
        },
        "tail": {
          "x": 0.7045223116874695,
          "y": -0.15951476991176605,
          "z": 1.23336660861969
        },
        "rotation_quaternion": {
          "w": 0.6202529072761536,
          "x": 0.21268968284130096,
          "y": -0.26519063115119934,
          "z": -0.7069112658500671
        },
        "matrix": [
          [
            -0.14009657502174377,
            0.7641211152076721,
            -0.629676103591919,
            0.6738318204879761
          ],
          [
            -0.989734411239624,
            -0.08991938829421997,
            0.11108717322349548,
            -0.15590320527553558
          ],
          [
            0.028263138607144356,
            0.6387794017791748,
            0.768879771232605,
            1.2077105045318604
          ],
          [
            0.0,
            0.0,
            0.0,
            1.0
          ]
        ]
      },
      "bone_length_armature_space": 0.04016453567007156,
      "parent": "thumb_01_l",
      "has_children": true,
      "is_end_bone": false
    },
    "thumb_03_l": {
      "name": "thumb_03_l",
      "local": {
        "location": {
          "x": 0.0,
          "y": 0.0,
          "z": 0.0
        },
        "rotation_quaternion": {
          "w": 0.9797603487968445,
          "x": 0.2000344693660736,
          "y": -0.001202302984893322,
          "z": -0.007385171018540859
        },
        "scale": {
          "x": 1.0,
          "y": 1.0,
          "z": 1.0
        },
        "matrix_basis": [
          [
            0.999888002872467,
            0.013990391045808792,
            -0.005310514941811562,
            0.0
          ],
          [
            -0.014952399767935276,
            0.9198633432388306,
            -0.3919539153575897,
            0.0
          ],
          [
            -0.0005986399482935667,
            0.39198943972587585,
            0.9199695587158203,
            0.0
          ],
          [
            0.0,
            0.0,
            0.0,
            1.0
          ]
        ],
        "rotation_mode": "QUATERNION"
      },
      "armature_space": {
        "head": {
          "x": 0.7045223116874695,
          "y": -0.22275881469249725,
          "z": 0.28351253271102905
        },
        "tail": {
          "x": 0.7116326689720154,
          "y": -0.22340553998947144,
          "z": 0.3131086230278015
        }
      },
      "world_space": {
        "head": {
          "x": 0.7045223116874695,
          "y": -0.15951481461524963,
          "z": 1.2333664894104004
        },
        "tail": {
          "x": 0.7116326689720154,
          "y": -0.16016153991222382,
          "z": 1.2629625797271729
        },
        "rotation_quaternion": {
          "w": 0.6049379110336304,
          "x": 0.5169985890388489,
          "y": -0.35132503509521484,
          "z": -0.4932883679866791
        },
        "matrix": [
          [
            0.26647254824638367,
            0.23354804515838623,
            -0.9351192712783813,
            0.7045223116874695
          ],
          [
            -0.9600871801376343,
            -0.021242380142211914,
            -0.27889296412467957,
            -0.15951481461524963
          ],
          [
            -0.08500061184167862,
            0.9721201062202454,
            0.21856722235679626,
            1.2333664894104004
          ],
          [
            0.0,
            0.0,
            0.0,
            1.0
          ]
        ]
      },
      "bone_length_armature_space": 0.030445097961617405,
      "parent": "thumb_02_l",
      "has_children": false,
      "is_end_bone": true
    },
    "metacarpal_index_l": {
      "name": "metacarpal_index_l",
      "local": {
        "location": {
          "x": 0.0,
          "y": 0.0,
          "z": 0.0
        },
        "rotation_quaternion": {
          "w": 0.9998531341552734,
          "x": -0.01457549724727869,
          "y": -0.0009244725806638598,
          "z": -0.008974597789347172
        },
        "scale": {
          "x": 1.0,
          "y": 1.0,
          "z": 1.0
        },
        "matrix_basis": [
          [
            0.9998372197151184,
            0.017973508685827255,
            -0.0015870551578700542,
            0.0
          ],
          [
            -0.01791960932314396,
            0.9994140267372131,
            0.029163306578993797,
            0.0
          ],
          [
            0.0021102919708937407,
            -0.02913011983036995,
            0.9995734095573425,
            0.0
          ],
          [
            0.0,
            0.0,
            0.0,
            1.0
          ]
        ],
        "rotation_mode": "QUATERNION"
      },
      "armature_space": {
        "head": {
          "x": 0.6324036717414856,
          "y": -0.18510237336158752,
          "z": 0.31101131439208984
        },
        "tail": {
          "x": 0.726920485496521,
          "y": -0.24134230613708496,
          "z": 0.27060240507125854
        }
      },
      "world_space": {
        "head": {
          "x": 0.6324036717414856,
          "y": -0.1218583732843399,
          "z": 1.260865330696106
        },
        "tail": {
          "x": 0.726920485496521,
          "y": -0.17809830605983734,
          "z": 1.2204563617706299
        },
        "rotation_quaternion": {
          "w": 0.05809466168284416,
          "x": -0.8243479132652283,
          "y": -0.5065920352935791,
          "z": 0.2458457201719284
        },
        "matrix": [
          [
            0.3658476769924164,
            0.8066520690917969,
            -0.46418482065200806,
            0.6324036717414856
          ],
          [
            0.8637807965278625,
            -0.47997862100601196,
            -0.15330883860588074,
            -0.1218583732843399
          ],
          [
            -0.34646713733673096,
            -0.34486907720565796,
            -0.8723759055137634,
            1.260865330696106
          ],
          [
            0.0,
            0.0,
            0.0,
            1.0
          ]
        ]
      },
      "bone_length_armature_space": 0.11717182988460856,
      "parent": "lowerarm_l",
      "has_children": true,
      "is_end_bone": false
    },
    "index_01_l": {
      "name": "index_01_l",
      "local": {
        "location": {
          "x": 0.0,
          "y": 0.0,
          "z": 0.0
        },
        "rotation_quaternion": {
          "w": 0.9714120626449585,
          "x": 0.23709283769130707,
          "y": 0.01206121128052473,
          "z": -0.0002880692481994629
        },
        "scale": {
          "x": 1.0,
          "y": 1.0,
          "z": 1.0
        },
        "matrix_basis": [
          [
            0.999708890914917,
            0.0062789213843643665,
            0.023296214640140533,
            0.0
          ],
          [
            0.005159585736691952,
            0.887573778629303,
            -0.4606366455554962,
            0.0
          ],
          [
            -0.023569410666823387,
            0.46062272787094116,
            0.8872830271720886,
            0.0
          ],
          [
            0.0,
            0.0,
            0.0,
            1.0
          ]
        ],
        "rotation_mode": "QUATERNION"
      },
      "armature_space": {
        "head": {
          "x": 0.726920485496521,
          "y": -0.24134230613708496,
          "z": 0.27060240507125854
        },
        "tail": {
          "x": 0.7461686134338379,
          "y": -0.2465420663356781,
          "z": 0.25021740794181824
        }
      },
      "world_space": {
        "head": {
          "x": 0.726920485496521,
          "y": -0.17809830605983734,
          "z": 1.2204563617706299
        },
        "tail": {
          "x": 0.7461686134338379,
          "y": -0.18329806625843048,
          "z": 1.2000714540481567
        },
        "rotation_quaternion": {
          "w": 0.23470184206962585,
          "x": -0.6962302327156067,
          "y": -0.5947577357292175,
          "z": 0.32625436782836914
        },
        "matrix": [
          [
            0.07963971793651581,
            0.6750319600105286,
            -0.7334773540496826,
            0.726920485496521
          ],
          [
            0.9813216924667358,
            -0.18235552310943604,
            -0.06127485632896423,
            -0.17809830605983734
          ],
          [
            -0.17511630058288574,
            -0.714902400970459,
            -0.6769510507583618,
            1.2204563617706299
          ],
          [
            0.0,
            0.0,
            0.0,
            1.0
          ]
        ]
      },
      "bone_length_armature_space": 0.02851448805190564,
      "parent": "metacarpal_index_l",
      "has_children": true,
      "is_end_bone": false
    },
    "index_02_l": {
      "name": "index_02_l",
      "local": {
        "location": {
          "x": 0.0,
          "y": 0.0,
          "z": 0.0
        },
        "rotation_quaternion": {
          "w": 0.9005406498908997,
          "x": 0.43474483489990234,
          "y": -0.004688533954322338,
          "z": -0.0012770770117640495
        },
        "scale": {
          "x": 1.0,
          "y": 1.0,
          "z": 1.0
        },
        "matrix_basis": [
          [
            0.9999527931213379,
            -0.0017765123629942536,
            -0.009554835967719555,
            0.0
          ],
          [
            -0.006376751232892275,
            0.6219906210899353,
            -0.78299880027771,
            0.0
          ],
          [
            0.007334025576710701,
            0.7830227613449097,
            0.6219499111175537,
            0.0
          ],
          [
            0.0,
            0.0,
            0.0,
            1.0
          ]
        ],
        "rotation_mode": "QUATERNION"
      },
      "armature_space": {
        "head": {
          "x": 0.7461686134338379,
          "y": -0.24654237926006317,
          "z": 0.2502169609069824
        },
        "tail": {
          "x": 0.7430701851844788,
          "y": -0.25161266326904297,
          "z": 0.22526118159294128
        }
      },
      "world_space": {
        "head": {
          "x": 0.7461686134338379,
          "y": -0.18329837918281555,
          "z": 1.2000709772109985
        },
        "tail": {
          "x": 0.7430701851844788,
          "y": -0.18836866319179535,
          "z": 1.1751152276992798
        },
        "rotation_quaternion": {
          "w": 0.48017627000808716,
          "x": -0.520007848739624,
          "y": -0.41304662823677063,
          "z": 0.5730752348899841
        },
        "matrix": [
          [
            0.00195480277761817,
            -0.12078025937080383,
            -0.9926772117614746,
            0.7461686134338379
          ],
          [
            0.9799293279647827,
            -0.1976466178894043,
            0.025977492332458496,
            -0.18329837918281555
          ],
          [
            -0.1993371844291687,
            -0.972811222076416,
            0.11797046661376953,
            1.2000709772109985
          ],
          [
            0.0,
            0.0,
            0.0,
            1.0
          ]
        ]
      },
      "bone_length_armature_space": 0.025653440000840008,
      "parent": "index_01_l",
      "has_children": true,
      "is_end_bone": false
    },
    "index_03_l": {
      "name": "index_03_l",
      "local": {
        "location": {
          "x": 0.0,
          "y": 0.0,
          "z": 0.0
        },
        "rotation_quaternion": {
          "w": 0.9576388597488403,
          "x": 0.2879650592803955,
          "y": 0.00015235110186040401,
          "z": -0.0019973316229879856
        },
        "scale": {
          "x": 1.0,
          "y": 1.0,
          "z": 1.0
        },
        "matrix_basis": [
          [
            0.9999919533729553,
            0.003913188353180885,
            -0.0008585287723690271,
            0.0
          ],
          [
            -0.00373770110309124,
            0.8341442942619324,
            -0.5515336990356445,
            0.0
          ],
          [
            -0.0014421180821955204,
            0.5515324473381042,
            0.8341522216796875,
            0.0
          ],
          [
            0.0,
            0.0,
            0.0,
            1.0
          ]
        ],
        "rotation_mode": "QUATERNION"
      },
      "armature_space": {
        "head": {
          "x": 0.7430703043937683,
          "y": -0.25161269307136536,
          "z": 0.2252611666917801
        },
        "tail": {
          "x": 0.7223301529884338,
          "y": -0.25227978825569153,
          "z": 0.2046908438205719
        }
      },
      "world_space": {
        "head": {
          "x": 0.7430703043937683,
          "y": -0.18836869299411774,
          "z": 1.1751152276992798
        },
        "tail": {
          "x": 0.7223301529884338,
          "y": -0.1890357881784439,
          "z": 1.1545448303222656
        },
        "rotation_quaternion": {
          "w": 0.6644014716148376,
          "x": -0.32092878222465515,
          "y": -0.21715402603149414,
          "z": 0.6390771269798279
        },
        "matrix": [
          [
            0.08884584903717041,
            -0.7098255157470703,
            -0.69875168800354,
            0.7430703043937683
          ],
          [
            0.9885901212692261,
            -0.022831354290246964,
            0.1488916277885437,
            -0.18836869299411774
          ],
          [
            -0.12164029479026794,
            -0.7040124535560608,
            0.6997029185295105,
            1.1751152276992798
          ],
          [
            0.0,
            0.0,
            0.0,
            1.0
          ]
        ]
      },
      "bone_length_armature_space": 0.029218779542141,
      "parent": "index_02_l",
      "has_children": false,
      "is_end_bone": true
    },
    "metacarpal_pinky_l": {
      "name": "metacarpal_pinky_l",
      "local": {
        "location": {
          "x": 0.0,
          "y": 0.0,
          "z": 0.0
        },
        "rotation_quaternion": {
          "w": 0.9998281002044678,
          "x": 0.00848172977566719,
          "y": -0.012127595022320747,
          "z": -0.01117104571312666
        },
        "scale": {
          "x": 1.0,
          "y": 1.0,
          "z": 1.0
        },
        "matrix_basis": [
          [
            0.9994562864303589,
            0.022132525220513344,
            -0.024440519511699677,
            0.0
          ],
          [
            -0.022543976083397865,
            0.9996065497398376,
            -0.016689587384462357,
            0.0
          ],
          [
            0.024061521515250206,
            0.017231499776244164,
            0.9995619654655457,
            0.0
          ],
          [
            0.0,
            0.0,
            0.0,
            1.0
          ]
        ],
        "rotation_mode": "QUATERNION"
      },
      "armature_space": {
        "head": {
          "x": 0.6324036717414856,
          "y": -0.18510237336158752,
          "z": 0.31101131439208984
        },
        "tail": {
          "x": 0.7355688810348511,
          "y": -0.18502487242221832,
          "z": 0.296863853931427
        }
      },
      "world_space": {
        "head": {
          "x": 0.6324036717414856,
          "y": -0.1218583732843399,
          "z": 1.260865330696106
        },
        "tail": {
          "x": 0.7355688810348511,
          "y": -0.1217808723449707,
          "z": 1.246717929840088
        },
        "rotation_quaternion": {
          "w": 0.6575503945350647,
          "x": 0.16888710856437683,
          "y": 0.2607648968696594,
          "z": -0.6863718032836914
        },
        "matrix": [
          [
            -0.07820810377597809,
            0.9907273650169373,
            0.11109645664691925,
            0.6324036717414856
          ],
          [
            -0.8145694732666016,
            0.0007443130016326904,
            -0.5800658464431763,
            -0.1218583732843399
          ],
          [
            -0.5747746825218201,
            -0.13586248457431793,
            0.8069629669189453,
            1.260865330696106
          ],
          [
            0.0,
            0.0,
            0.0,
            1.0
          ]
        ]
      },
      "bone_length_armature_space": 0.10413076856479574,
      "parent": "lowerarm_l",
      "has_children": true,
      "is_end_bone": false
    },
    "pinky_01_l": {
      "name": "pinky_01_l",
      "local": {
        "location": {
          "x": 0.0,
          "y": 0.0,
          "z": 0.0
        },
        "rotation_quaternion": {
          "w": 0.9520582556724548,
          "x": 0.3054227828979492,
          "y": -0.003264317288994789,
          "z": -0.017071964219212532
        },
        "scale": {
          "x": 1.0,
          "y": 1.0,
          "z": 1.0
        },
        "matrix_basis": [
          [
            0.9993957877159119,
            0.030513014644384384,
            -0.01664397493004799,
            0.0
          ],
          [
            -0.03450100123882294,
            0.8128509521484375,
            -0.5814490914344788,
            0.0
          ],
          [
            -0.004212693311274052,
            0.5816720128059387,
            0.8134125471115112,
            0.0
          ],
          [
            0.0,
            0.0,
            0.0,
            1.0
          ]
        ],
        "rotation_mode": "QUATERNION"
      },
      "armature_space": {
        "head": {
          "x": 0.7355688810348511,
          "y": -0.18502487242221832,
          "z": 0.296863853931427
        },
        "tail": {
