{
  "metadata": {
    "armature_name": "KIM_caucasian_male",
    "export_time": "2026-01-13T21:04:02.823643",
    "blender_version": "4.4.1",
    "bone_count": 56,
    "end_bone_count": 13,
    "spaces_included": [
      "LOCAL_CHANNELS",
      "ARMATURE_SPACE",
      "WORLD_SPACE"
    ],
    "note": "LOCAL matches Transform panel; replay pose via local.matrix_basis for best fidelity."
  },
  "bones": {
    "Root": {
      "name": "Root",
      "local": {
        "location": {
          "x": 0.0,
          "y": 0.0,
          "z": 0.0
        },
        "rotation_quaternion": {
          "w": 0.9995537996292114,
          "x": -0.0012105564819648862,
          "y": -0.010176420211791992,
          "z": 0.02805999480187893
        },
        "scale": {
          "x": 1.0,
          "y": 1.0,
          "z": 1.0
        },
        "matrix_basis": [
          [
            0.9982181787490845,
            -0.05607030913233757,
            -0.020411696285009384,
            0.0
          ],
          [
            0.056119587272405624,
            0.9984223246574402,
            0.001848932122811675,
            0.0
          ],
          [
            0.020275821909308434,
            -0.0029911333695054054,
            0.9997899532318115,
            0.0
          ],
          [
            0.0,
            0.0,
            0.0,
            1.0
          ]
        ],
        "rotation_mode": "QUATERNION"
      },
      "armature_space": {
        "head": {
          "x": 0.0,
          "y": 0.07072800397872925,
          "z": -0.009595036506652832
        },
        "tail": {
          "x": -0.004002067260444164,
          "y": 0.00014028698205947876,
          "z": 0.0001964205875992775
        }
      },
      "world_space": {
        "head": {
          "x": 0.0,
          "y": 0.13397200405597687,
          "z": 0.9402589797973633
        },
        "tail": {
          "x": -0.004002067260444164,
          "y": 0.0633842870593071,
          "z": 0.950050413608551
        },
        "rotation_quaternion": {
          "w": 0.068545401096344,
          "x": 0.9972015023231506,
          "y": -0.028681818395853043,
          "z": -0.008262960240244865
        },
        "matrix": [
          [
            0.9982181787490845,
            -0.05607030913233757,
            -0.020411696285009384,
            0.0
          ],
          [
            -0.05833587050437927,
            -0.9889577031135559,
            -0.1362335979938507,
            0.13397200405597687
          ],
          [
            -0.01254778541624546,
            0.1371816098690033,
            -0.9904735088348389,
            0.9402589797973633
          ],
          [
            0.0,
            0.0,
            0.0,
            1.0
          ]
        ]
      },
      "bone_length_armature_space": 0.07137586967793387,
      "parent": null,
      "has_children": true,
      "is_end_bone": false
    },
    "spine_01": {
      "name": "spine_01",
      "local": {
        "location": {
          "x": 0.0,
          "y": 0.0,
          "z": 0.0
        },
        "rotation_quaternion": {
          "w": 0.9974713325500488,
          "x": -0.04062367230653763,
          "y": -0.011324368417263031,
          "z": -0.057206422090530396
        },
        "scale": {
          "x": 1.0,
          "y": 1.0,
          "z": 1.0
        },
        "matrix_basis": [
          [
            0.9931983947753906,
            0.11504361033439636,
            -0.017943596467375755,
            0.0
          ],
          [
            -0.11320345848798752,
            0.9901542663574219,
            0.08233755081892014,
            0.0
          ],
          [
            0.02723933570086956,
            -0.07974624633789062,
            0.996442973613739,
            0.0
          ],
          [
            0.0,
            0.0,
            0.0,
            1.0
          ]
        ],
        "rotation_mode": "QUATERNION"
      },
      "armature_space": {
        "head": {
          "x": -0.004002067260444164,
          "y": 0.00014028698205947876,
          "z": 0.0001964205875992775
        },
        "tail": {
          "x": 0.06172407791018486,
          "y": 0.05920444428920746,
          "z": 0.48013392090797424
        }
      },
      "world_space": {
        "head": {
          "x": -0.004002067260444164,
          "y": 0.0633842870593071,
          "z": 0.950050413608551
        },
        "tail": {
          "x": 0.06172407791018486,
          "y": 0.12244844436645508,
          "z": 1.429987907409668
        },
        "rotation_quaternion": {
          "w": 0.7484894394874573,
          "x": 0.6586510539054871,
          "y": 0.016728006303310394,
          "z": -0.07525057345628738
        },
        "matrix": [
          [
            0.9881150126457214,
            0.13468438386917114,
            -0.07408709079027176,
            -0.004002067260444164
          ],
          [
            -0.09061355888843536,
            0.12103280425071716,
            -0.9885040521621704,
            0.0633842870593071
          ],
          [
            -0.12417004257440567,
            0.9834759831428528,
            0.13179858028888702,
            0.950050413608551
          ],
          [
            0.0,
            0.0,
            0.0,
            1.0
          ]
        ]
      },
      "bone_length_armature_space": 0.4880046156217682,
      "parent": "Root",
      "has_children": true,
      "is_end_bone": false
    },
    "neck_01": {
      "name": "neck_01",
      "local": {
        "location": {
          "x": 0.0,
          "y": 0.0,
          "z": 0.0
        },
        "rotation_quaternion": {
          "w": 0.9938230514526367,
          "x": 0.002371647162362933,
          "y": 0.057326383888721466,
          "z": 0.09499429911375046
        },
        "scale": {
          "x": 1.0,
          "y": 1.0,
          "z": 1.0
        },
        "matrix_basis": [
          [
            0.9753795266151428,
            -0.18854312598705292,
            0.1143951490521431,
            0.0
          ],
          [
            0.18908695876598358,
            0.9819409251213074,
            0.00617736391723156,
            0.0
          ],
          [
            -0.11349397897720337,
            0.015605354681611061,
            0.9934161305427551,
            0.0
          ],
          [
            0.0,
            0.0,
            0.0,
            1.0
          ]
        ],
        "rotation_mode": "QUATERNION"
      },
      "armature_space": {
        "head": {
          "x": 0.06901608407497406,
          "y": 0.033784519881010056,
          "z": 0.556713342666626
        },
        "tail": {
          "x": 0.05943462997674942,
          "y": 0.007498113438487053,
          "z": 0.6553438305854797
        }
      },
      "world_space": {
        "head": {
          "x": 0.06901608407497406,
          "y": 0.09702852368354797,
          "z": 1.506567358970642
        },
        "tail": {
          "x": 0.05943462997674942,
          "y": 0.07074211537837982,
          "z": 1.6051979064941406
        },
        "rotation_quaternion": {
          "w": 0.6084904074668884,
          "x": 0.792173445224762,
          "y": -0.03923799470067024,
          "z": 0.02571239322423935
        },
        "matrix": [
          [
            0.9955984950065613,
            -0.0934581607580185,
            -0.00701509416103363,
            0.06901608407497406
          ],
          [
            -0.030875608325004578,
            -0.25639936327934265,
            -0.9660778045654297,
            0.09702852368354797
          ],
          [
            0.08848978579044342,
            0.9620485901832581,
            -0.2581591010093689,
            1.506567358970642
          ],
          [
            0.0,
            0.0,
            0.0,
            1.0
          ]
        ]
      },
      "bone_length_armature_space": 0.10252196312711435,
      "parent": "spine_01",
      "has_children": true,
      "is_end_bone": false
    },
    "head": {
      "name": "head",
      "local": {
        "location": {
          "x": 0.0,
          "y": 0.0,
          "z": 0.0
        },
        "rotation_quaternion": {
          "w": 0.9811191558837891,
          "x": -0.03682245314121246,
          "y": 0.15875515341758728,
          "z": -0.10414490848779678
        },
        "scale": {
          "x": 1.0,
          "y": 1.0,
          "z": 1.0
        },
        "matrix_basis": [
          [
            0.9279012680053711,
            0.19266562163829803,
            0.31918519735336304,
            0.0
          ],
          [
            -0.21604864299297333,
            0.9755958914756775,
            0.039187345653772354,
            0.0
          ],
          [
            -0.30384570360183716,
            -0.10532151162624359,
            0.9468818306922913,
            0.0
          ],
          [
            0.0,
            0.0,
            0.0,
            1.0
          ]
        ],
        "rotation_mode": "QUATERNION"
      },
      "armature_space": {
        "head": {
          "x": 0.05943463742733002,
          "y": 0.007497984915971756,
          "z": 0.6553437113761902
        },
        "tail": {
          "x": 0.07699035853147507,
          "y": 0.03938700631260872,
          "z": 0.806102454662323
        }
      },
      "world_space": {
        "head": {
          "x": 0.05943463742733002,
          "y": 0.07074198126792908,
          "z": 1.6051976680755615
        },
        "tail": {
          "x": 0.07699035853147507,
          "y": 0.10263100266456604,
          "z": 1.7559564113616943
        },
        "rotation_quaternion": {
          "w": 0.7631076574325562,
          "x": 0.6287137269973755,
          "y": 0.14308877289295197,
          "z": 0.04372044652700424
        },
        "matrix": [
          [
            0.9552285075187683,
            0.11319684237241745,
            0.2733587622642517,
            0.05943463742733002
          ],
          [
            0.24664971232414246,
            0.20561593770980835,
            -0.947040855884552,
            0.07074198126792908
          ],
          [
            -0.16340984404087067,
            0.9720712304115295,
            0.16849055886268616,
            1.6051976680755615
          ],
          [
            0.0,
            0.0,
            0.0,
            1.0
          ]
        ]
      },
      "bone_length_armature_space": 0.15509130277934116,
      "parent": "neck_01",
      "has_children": false,
      "is_end_bone": true
    },
    "upperarm_l": {
      "name": "upperarm_l",
      "local": {
        "location": {
          "x": 0.0,
          "y": 0.0,
          "z": 0.0
        },
        "rotation_quaternion": {
          "w": 0.9630635976791382,
          "x": -0.2171633094549179,
          "y": 0.020750651136040688,
          "z": -0.15785488486289978
        },
        "scale": {
          "x": 1.0,
          "y": 1.0,
          "z": 1.0
        },
        "matrix_basis": [
          [
            0.9493024945259094,
            0.2950360178947449,
            0.1085289716720581,
            0.0
          ],
          [
            -0.3130611479282379,
            0.8558438420295715,
            0.4117329716682434,
            0.0
          ],
          [
            0.02859218418598175,
            -0.42483535408973694,
            0.9048190116882324,
            0.0
          ],
          [
            0.0,
            0.0,
            0.0,
            1.0
          ]
        ],
        "rotation_mode": "QUATERNION"
      },
      "armature_space": {
        "head": {
          "x": 0.20794524252414703,
          "y": 0.008905678987503052,
          "z": 0.4724109470844269
        },
        "tail": {
          "x": 0.4264931082725525,
          "y": 0.10203718394041061,
          "z": 0.3484303951263428
        }
      },
      "world_space": {
        "head": {
          "x": 0.20794524252414703,
          "y": 0.07214967906475067,
          "z": 1.4222649335861206
        },
        "tail": {
          "x": 0.4264931082725525,
          "y": 0.16528117656707764,
          "z": 1.2982844114303589
        },
        "rotation_quaternion": {
          "w": 0.4510524272918701,
          "x": 0.26020199060440063,
          "y": 0.6858015060424805,
          "z": -0.5084514617919922
        },
        "matrix": [
          [
            -0.4576936662197113,
            0.8155701160430908,
            0.3540649116039276,
            0.20794524252414703
          ],
          [
            -0.10178092867136002,
            0.3475452661514282,
            -0.9321229457855225,
            0.07214967906475067
          ],
          [
            -0.8832713961601257,
            -0.46266672015190125,
            -0.07606113702058792,
            1.4222649335861206
          ],
          [
            0.0,
            0.0,
            0.0,
            1.0
          ]
        ]
      },
      "bone_length_armature_space": 0.2679698175987352,
      "parent": "spine_01",
      "has_children": true,
      "is_end_bone": false
    },
    "lowerarm_l": {
      "name": "lowerarm_l",
      "local": {
        "location": {
          "x": 0.0,
          "y": 0.0,
          "z": 0.0
        },
        "rotation_quaternion": {
          "w": 0.9346723556518555,
          "x": 0.15654921531677246,
          "y": -0.07155151665210724,
          "z": 0.31106337904930115
        },
        "scale": {
          "x": 1.0,
          "y": 1.0,
          "z": 1.0
        },
        "matrix_basis": [
          [
            0.7962399125099182,
            -0.6038873791694641,
            -0.03636099398136139,
            0.0
          ],
          [
            0.55908203125,
            0.757463812828064,
            -0.33715856075286865,
            0.0
          ],
          [
            0.231147900223732,
            0.24813033640384674,
            0.94074547290802,
            0.0
          ],
          [
            0.0,
            0.0,
            0.0,
            1.0
          ]
        ],
        "rotation_mode": "QUATERNION"
      },
      "armature_space": {
        "head": {
          "x": 0.42649322748184204,
          "y": 0.10203718394041061,
          "z": 0.34843045473098755
        },
        "tail": {
          "x": 0.6833266019821167,
          "y": 0.12358439713716507,
          "z": 0.4201362431049347
        }
      },
      "world_space": {
        "head": {
          "x": 0.42649322748184204,
          "y": 0.16528117656707764,
          "z": 1.2982845306396484
        },
        "tail": {
          "x": 0.6833266019821167,
          "y": 0.1868284046649933,
          "z": 1.3699902296066284
        },
        "rotation_quaternion": {
          "w": 0.6377390027046204,
          "x": 0.4828958511352539,
          "y": 0.36545929312705994,
          "z": -0.4759623408317566
        },
        "matrix": [
          [
            0.2797980010509491,
            0.9600370526313782,
            0.006454497575759888,
            0.42649322748184204
          ],
          [
            -0.25412410497665405,
            0.08054295182228088,
            -0.9638122320175171,
            0.16528117656707764
          ],
          [
            -0.9258221387863159,
            0.26803451776504517,
            0.2665053606033325,
            1.2982845306396484
          ],
          [
            0.0,
            0.0,
            0.0,
            1.0
          ]
        ]
      },
      "bone_length_armature_space": 0.2675245458280599,
      "parent": "upperarm_l",
      "has_children": true,
      "is_end_bone": false
    },
    "metacarpal_thumb_l": {
      "name": "metacarpal_thumb_l",
      "local": {
        "location": {
          "x": 0.0,
          "y": 0.0,
          "z": 0.0
        },
        "rotation_quaternion": {
          "w": 0.9990854263305664,
          "x": -0.04188486933708191,
          "y": -0.006296901032328606,
          "z": 0.0058670975267887115
        },
        "scale": {
          "x": 1.0,
          "y": 1.0,
          "z": 1.0
        },
        "matrix_basis": [
          [
            0.9998518228530884,
            -0.011195973493158817,
            -0.013073769398033619,
            0.0
          ],
          [
            0.01225095335394144,
            0.9964224696159363,
            0.08361923694610596,
            0.0
          ],
          [
            0.01209079846739769,
            -0.08376701176166534,
            0.9964120388031006,
            0.0
          ],
          [
            0.0,
            0.0,
            0.0,
            1.0
          ]
        ],
        "rotation_mode": "QUATERNION"
      },
      "armature_space": {
        "head": {
          "x": 0.6833266019821167,
          "y": 0.12358439713716507,
          "z": 0.4201362431049347
        },
        "tail": {
          "x": 0.7226656675338745,
          "y": 0.09689867496490479,
          "z": 0.4340609014034271
        }
      },
      "world_space": {
        "head": {
          "x": 0.6833266019821167,
          "y": 0.1868284046649933,
          "z": 1.3699902296066284
        },
        "tail": {
          "x": 0.7226656675338745,
          "y": 0.1601426750421524,
          "z": 1.3839149475097656
        },
        "rotation_quaternion": {
          "w": 0.157022625207901,
          "x": 0.8771150708198547,
          "y": 0.4538438022136688,
          "z": 0.006235097069293261
        },
        "matrix": [
          [
            0.5879734754562378,
            0.7941881418228149,
            0.15346601605415344,
            0.6833266019821167
          ],
          [
            0.7981048822402954,
            -0.5387390851974487,
            -0.26979413628578186,
            0.1868284046649933
          ],
          [
            -0.1315893977880478,
            0.28111526370048523,
            -0.9506170153617859,
            1.3699902296066284
          ],
          [
            0.0,
            0.0,
            0.0,
            1.0
          ]
        ]
      },
      "bone_length_armature_space": 0.049533685060406965,
      "parent": "lowerarm_l",
      "has_children": true,
      "is_end_bone": false
    },
    "thumb_01_l": {
      "name": "thumb_01_l",
      "local": {
        "location": {
          "x": 0.0,
          "y": 0.0,
          "z": 0.0
        },
        "rotation_quaternion": {
          "w": 0.9995837211608887,
          "x": 0.01655522547662258,
          "y": 0.014953427016735077,
          "z": -0.01830015517771244
        },
        "scale": {
          "x": 1.0,
          "y": 1.0,
          "z": 1.0
        },
        "matrix_basis": [
          [
            0.9988830089569092,
            0.03708018735051155,
            0.029288478195667267,
            0.0
          ],
          [
            -0.03608996048569679,
            0.9987820386886597,
            -0.033643968403339386,
            0.0
          ],
          [
            -0.03050033003091812,
            0.03254936635494232,
            0.9990046620368958,
            0.0
          ],
          [
            0.0,
            0.0,
            0.0,
            1.0
          ]
        ],
        "rotation_mode": "QUATERNION"
      },
      "armature_space": {
        "head": {
          "x": 0.7226656675338745,
          "y": 0.09689867496490479,
          "z": 0.4340609014034271
        },
        "tail": {
          "x": 0.7432887554168701,
          "y": 0.07524015754461288,
          "z": 0.41780585050582886
        }
      },
      "world_space": {
        "head": {
          "x": 0.7226656675338745,
          "y": 0.1601426750421524,
          "z": 1.3839149475097656
        },
        "tail": {
          "x": 0.7432887554168701,
          "y": 0.1384841501712799,
          "z": 1.3676598072052002
        },
        "rotation_quaternion": {
          "w": 0.4068622589111328,
          "x": -0.7469965815544128,
          "y": -0.12773962318897247,
          "z": -0.5100410580635071
        },
        "matrix": [
          [
            0.44708237051963806,
            0.6058735251426697,
            0.6580533385276794,
            0.7226656675338745
          ],
          [
            -0.224188894033432,
            -0.6362932920455933,
            0.7381533980369568,
            0.1601426750421524
          ],
          [
            0.8659485578536987,
            -0.477547824382782,
            -0.1486457884311676,
            1.3839149475097656
          ],
          [
            0.0,
            0.0,
            0.0,
            1.0
          ]
        ]
      },
      "bone_length_armature_space": 0.03403865207550981,
      "parent": "metacarpal_thumb_l",
      "has_children": true,
      "is_end_bone": false
    },
    "thumb_02_l": {
      "name": "thumb_02_l",
      "local": {
        "location": {
          "x": 0.0,
          "y": 0.0,
          "z": 0.0
        },
        "rotation_quaternion": {
          "w": 0.9880489110946655,
          "x": 0.15398792922496796,
          "y": -0.005146171431988478,
          "z": 0.004539021756500006
        },
        "scale": {
          "x": 1.0,
          "y": 1.0,
          "z": 1.0
        },
        "matrix_basis": [
          [
            0.9999058246612549,
            -0.010554447770118713,
            -0.00877142883837223,
            0.0
          ],
          [
            0.007384654600173235,
            0.9525342583656311,
            -0.3043419420719147,
            0.0
          ],
          [
            0.011567247100174427,
            0.30424848198890686,
            0.9525224566459656,
            0.0
          ],
          [
            0.0,
            0.0,
            0.0,
            1.0
          ]
        ],
        "rotation_mode": "QUATERNION"
      },
      "armature_space": {
        "head": {
          "x": 0.7432886362075806,
          "y": 0.0752401351928711,
          "z": 0.41780582070350647
        },
        "tail": {
          "x": 0.7791019678115845,
          "y": 0.08494597673416138,
          "z": 0.43318063020706177
        }
      },
      "world_space": {
        "head": {
          "x": 0.7432886362075806,
          "y": 0.1384841352701187,
          "z": 1.3676598072052002
        },
        "tail": {
          "x": 0.7791019678115845,
          "y": 0.148189976811409,
          "z": 1.3830347061157227
        },
        "rotation_quaternion": {
          "w": 0.6222731471061707,
          "x": -0.1552472561597824,
          "y": -0.4833267629146576,
          "z": -0.5958773493766785
        },
        "matrix": [
          [
            -0.17735154926776886,
            0.8916683793067932,
            -0.4165014624595642,
            0.7432886362075806
          ],
          [
            -0.591525137424469,
            0.24165284633636475,
            0.7692217826843262,
            0.1384841352701187
          ],
          [
            0.7865447402000427,
            0.3827967047691345,
            0.48459097743034363,
            1.3676598072052002
          ],
          [
            0.0,
            0.0,
            0.0,
            1.0
          ]
        ]
      },
      "bone_length_armature_space": 0.04016444798022233,
      "parent": "thumb_01_l",
      "has_children": true,
      "is_end_bone": false
    },
    "thumb_03_l": {
      "name": "thumb_03_l",
      "local": {
        "location": {
          "x": 0.0,
          "y": 0.0,
          "z": 0.0
        },
        "rotation_quaternion": {
          "w": 0.9986566305160522,
          "x": 0.051695872098207474,
          "y": 0.0018338203663006425,
          "z": -0.0030287322588264942
        },
        "scale": {
          "x": 1.0,
          "y": 1.0,
          "z": 1.0
        },
        "matrix_basis": [
          [
            0.9999749064445496,
            0.006238928996026516,
            0.003349567763507366,
            0.0
          ],
          [
            -0.005859725177288055,
            0.9946367144584656,
            -0.1032639592885971,
            0.0
          ],
          [
            -0.003975859843194485,
            0.10324174165725708,
            0.9946483373641968,
            0.0
          ],
          [
            0.0,
            0.0,
            0.0,
            1.0
          ]
        ],
        "rotation_mode": "QUATERNION"
      },
      "armature_space": {
        "head": {
          "x": 0.7791019082069397,
          "y": 0.08494587987661362,
          "z": 0.43318063020706177
        },
        "tail": {
          "x": 0.8002842664718628,
          "y": 0.10225976258516312,
          "z": 0.44653841853141785
        }
      },
      "world_space": {
        "head": {
          "x": 0.7791019082069397,
          "y": 0.14818987250328064,
          "z": 1.3830347061157227
        },
        "tail": {
          "x": 0.8002842664718628,
          "y": 0.16550377011299133,
          "z": 1.3963924646377563
        },
        "rotation_quaternion": {
          "w": 0.7739189863204956,
          "x": 0.025484880432486534,
          "y": -0.4305790960788727,
          "z": -0.4636828601360321
        },
        "matrix": [
          [
            0.19919785857200623,
            0.6957612037658691,
            -0.6900985240936279,
            0.7791019082069397
          ],
          [
            -0.7396522760391235,
            0.5686959028244019,
            0.35986071825027466,
            0.14818987250328064
          ],
          [
            0.6428372859954834,
            0.4387531280517578,
            0.6279093623161316,
            1.3830347061157227
          ],
          [
            0.0,
            0.0,
            0.0,
            1.0
          ]
        ]
      },
      "bone_length_armature_space": 0.030444922982622972,
      "parent": "thumb_02_l",
      "has_children": false,
      "is_end_bone": true
    },
    "metacarpal_index_l": {
      "name": "metacarpal_index_l",
      "local": {
        "location": {
          "x": 0.0,
          "y": 0.0,
          "z": 0.0
        },
        "rotation_quaternion": {
          "w": 0.9995417594909668,
          "x": -0.02568114548921585,
          "y": 0.015224951319396496,
          "z": -0.004991031251847744
        },
        "scale": {
          "x": 1.0,
          "y": 1.0,
          "z": 1.0
        },
        "matrix_basis": [
          [
            0.9994865655899048,
            0.009195500053465366,
            0.03069229982793331,
            0.0
          ],
          [
            -0.010759476572275162,
            0.9986311197280884,
            0.05118677765130997,
            0.0
          ],
          [
            -0.030179599300026894,
            -0.05149073153734207,
            0.9982173442840576,
            0.0
          ],
          [
            0.0,
            0.0,
            0.0,
            1.0
          ]
        ],
        "rotation_mode": "QUATERNION"
      },
      "armature_space": {
        "head": {
          "x": 0.6833266019821167,
          "y": 0.12358439713716507,
          "z": 0.4201362431049347
        },
        "tail": {
          "x": 0.7923070788383484,
          "y": 0.10181523859500885,
          "z": 0.45726561546325684
        }
      },
      "world_space": {
        "head": {
          "x": 0.6833266019821167,
          "y": 0.1868284046649933,
          "z": 1.3699902296066284
        },
        "tail": {
          "x": 0.7923070788383484,
          "y": 0.16505923867225647,
          "z": 1.407119631767273
        },
        "rotation_quaternion": {
          "w": 0.3550017178058624,
          "x": 0.743785560131073,
          "y": 0.5301684141159058,
          "z": -0.1991942673921585
        },
        "matrix": [
          [
            0.35848504304885864,
            0.9300918579101562,
            0.08010813593864441,
            0.6833266019821167
          ],
          [
            0.6472358703613281,
            -0.18578848242759705,
            -0.7393028140068054,
            0.1868284046649933
          ],
          [
            -0.6727405786514282,
            0.3168799877166748,
            -0.668596625328064,
            1.3699902296066284
          ],
          [
            0.0,
            0.0,
            0.0,
            1.0
          ]
        ]
      },
      "bone_length_armature_space": 0.11717180007829674,
      "parent": "lowerarm_l",
      "has_children": true,
      "is_end_bone": false
    },
    "index_01_l": {
      "name": "index_01_l",
      "local": {
        "location": {
          "x": 0.0,
          "y": 0.0,
          "z": 0.0
        },
        "rotation_quaternion": {
          "w": 0.9964575171470642,
          "x": -0.08217272162437439,
          "y": 0.009181620553135872,
          "z": -0.01535851415246725
        },
        "scale": {
          "x": 1.0,
          "y": 1.0,
          "z": 1.0
        },
        "matrix_basis": [
          [
            0.9993596076965332,
            0.029099255800247192,
            0.02082229219377041,
            0.0
          ],
          [
            -0.032117173075675964,
            0.9860235452651978,
            0.1634812206029892,
            0.0
          ],
          [
            -0.015774087980389595,
            -0.1640452891588211,
            0.9863266944885254,
            0.0
          ],
          [
            0.0,
            0.0,
            0.0,
            1.0
          ]
        ],
        "rotation_mode": "QUATERNION"
      },
      "armature_space": {
        "head": {
          "x": 0.7923070788383484,
          "y": 0.10181523859500885,
          "z": 0.45726561546325684
        },
        "tail": {
          "x": 0.8187973499298096,
          "y": 0.10991323739290237,
          "z": 0.4640301764011383
        }
      },
      "world_space": {
        "head": {
          "x": 0.7923070788383484,
          "y": 0.16505923867225647,
          "z": 1.407119631767273
        },
        "tail": {
          "x": 0.8187973499298096,
          "y": 0.1731572449207306,
          "z": 1.413884162902832
        },
        "rotation_quaternion": {
          "w": 0.39272406697273254,
          "x": 0.5778759717941284,
          "y": 0.6984038949012756,
          "z": -0.15511023998260498
        },
        "matrix": [
          [
            -0.023652495816349983,
            0.9290138483047485,
            0.36928790807724,
            0.7923070788383484
          ],
          [
            0.6853498816490173,
            0.283997118473053,
            -0.6705530881881714,
            0.16505923867225647
          ],
          [
            -0.7278343439102173,
            0.23723313212394714,
            -0.6434218883514404,
            1.407119631767273
          ],
          [
            0.0,
            0.0,
            0.0,
            1.0
          ]
        ]
      },
      "bone_length_armature_space": 0.02851440544145563,
      "parent": "metacarpal_index_l",
      "has_children": true,
      "is_end_bone": false
    },
    "index_02_l": {
      "name": "index_02_l",
      "local": {
        "location": {
          "x": 0.0,
          "y": 0.0,
          "z": 0.0
        },
        "rotation_quaternion": {
          "w": 0.9815524816513062,
          "x": 0.1911049336194992,
          "y": -0.001350938342511654,
          "z": 0.005643237382173538
        },
        "scale": {
          "x": 1.0,
          "y": 1.0,
          "z": 1.0
        },
        "matrix_basis": [
          [
            0.9999326467514038,
            -0.01159460935741663,
            -0.0004951327573508024,
            0.0
          ],
          [
            0.010561925359070301,
            0.9268941283226013,
            -0.37517428398132324,
            0.0
          ],
          [
            0.00480893487110734,
            0.37514379620552063,
            0.9269541501998901,
            0.0
          ],
          [
            0.0,
            0.0,
            0.0,
            1.0
          ]
        ],
        "rotation_mode": "QUATERNION"
      },
      "armature_space": {
        "head": {
          "x": 0.8187978267669678,
          "y": 0.10991296917200089,
          "z": 0.4640302360057831
        },
        "tail": {
          "x": 0.84443598985672,
          "y": 0.11076532304286957,
          "z": 0.46424898505210876
        }
      },
      "world_space": {
        "head": {
          "x": 0.8187978267669678,
          "y": 0.1731569766998291,
          "z": 1.4138842821121216
        },
        "tail": {
          "x": 0.84443598985672,
          "y": 0.1740093231201172,
          "z": 1.4141030311584473
        },
        "rotation_quaternion": {
          "w": 0.3112534284591675,
          "x": 0.6292344331741333,
          "y": 0.6478704810142517,
          "z": -0.2957182228565216
        },
        "matrix": [
          [
            -0.014369256794452667,
            0.999411404132843,
            0.031148254871368408,
            0.8187978267669678
          ],
          [
            0.6312378644943237,
            0.0332258939743042,
            -0.7748774290084839,
            0.1731569766998291
          ],
          [
            -0.7754611372947693,
            0.008527636528015137,
            -0.6313489079475403,
            1.4138842821121216
          ],
          [
            0.0,
            0.0,
            0.0,
            1.0
          ]
        ]
      },
      "bone_length_armature_space": 0.02565326065862436,
      "parent": "index_01_l",
      "has_children": true,
      "is_end_bone": false
    },
    "index_03_l": {
      "name": "index_03_l",
      "local": {
        "location": {
          "x": 0.0,
          "y": 0.0,
          "z": 0.0
        },
        "rotation_quaternion": {
          "w": 0.9768818020820618,
          "x": 0.21354340016841888,
          "y": -0.007134424988180399,
          "z": -0.007097505033016205
        },
        "scale": {
          "x": 1.0,
          "y": 1.0,
          "z": 1.0
        },
        "matrix_basis": [
          [
            0.9997974634170532,
            0.010819828137755394,
            -0.016970230266451836,
            0.0
          ],
          [
            -0.016913866624236107,
            0.9086976647377014,
            -0.4171120524406433,
            0.0
          ],
          [
            0.010907729156315327,
            0.4173145890235901,
            0.9086966514587402,
            0.0
          ],
          [
            0.0,
            0.0,
            0.0,
            1.0
          ]
        ],
        "rotation_mode": "QUATERNION"
      },
      "armature_space": {
        "head": {
          "x": 0.84443598985672,
          "y": 0.11076541990041733,
          "z": 0.4642491042613983
        },
        "tail": {
          "x": 0.8699809312820435,
          "y": 0.10265867412090302,
          "z": 0.45260995626449585
        }
      },
      "world_space": {
        "head": {
          "x": 0.84443598985672,
          "y": 0.17400941252708435,
          "z": 1.4141031503677368
        },
        "tail": {
          "x": 0.8699809312820435,
          "y": 0.16590267419815063,
          "z": 1.4024639129638672
        },
        "rotation_quaternion": {
          "w": 0.10923999547958374,
          "x": 0.654933750629425,
          "y": 0.5910494327545166,
          "z": -0.45802733302116394
        },
        "matrix": [
          [
            -0.11825931817293167,
            0.8742678761482239,
            -0.4708188474178314,
            0.84443598985672
          ],
          [
            0.6741254329681396,
            -0.2774508595466614,
            -0.6845261454582214,
            0.17400941252708435
          ],
          [
            -0.7290927171707153,
            -0.3983456492424011,
            -0.5565595626831055,
            1.4141031503677368
          ],
          [
            0.0,
            0.0,
            0.0,
            1.0
          ]
        ]
      },
      "bone_length_armature_space": 0.029218711743434937,
      "parent": "index_02_l",
      "has_children": false,
      "is_end_bone": true
    },
    "metacarpal_pinky_l": {
      "name": "metacarpal_pinky_l",
      "local": {
        "location": {
          "x": 0.0,
          "y": 0.0,
          "z": 0.0
        },
        "rotation_quaternion": {
          "w": 0.9992223381996155,
          "x": -0.03577320650219917,
          "y": -0.01524939015507698,
          "z": -0.006529970560222864
        },
        "scale": {
          "x": 1.0,
          "y": 1.0,
          "z": 1.0
        },
        "matrix_basis": [
          [
            0.999449610710144,
            0.014140823855996132,
            -0.030007867142558098,
            0.0
          ],
          [
            -0.011958745308220387,
            0.9973552823066711,
            0.07168993353843689,
            0.0
          ],
          [
            0.03094225935637951,
            -0.07129161804914474,
            0.9969754815101624,
            0.0
          ],
          [
            0.0,
            0.0,
            0.0,
            1.0
          ]
        ],
        "rotation_mode": "QUATERNION"
      },
      "armature_space": {
        "head": {
          "x": 0.6833266019821167,
          "y": 0.12358439713716507,
          "z": 0.4201362431049347
        },
        "tail": {
          "x": 0.7801764011383057,
          "y": 0.16039206087589264,
          "z": 0.4305538237094879
        }
      },
      "world_space": {
        "head": {
          "x": 0.6833266019821167,
          "y": 0.1868284046649933,
          "z": 1.3699902296066284
        },
        "tail": {
          "x": 0.7801764011383057,
          "y": 0.22363606095314026,
          "z": 1.3804078102111816
        },
        "rotation_quaternion": {
          "w": 0.8195843696594238,
          "x": 0.011895802803337574,
          "y": -0.07084620743989944,
          "z": -0.5684370994567871
        },
        "matrix": [
          [
            0.3437199592590332,
            0.9300787448883057,
            -0.12965285778045654,
            0.6833266019821167
          ],
          [
            -0.9334499835968018,
            0.3534754514694214,
            0.06104510650038719,
            0.1868284046649933
          ],
          [
            0.10260583460330963,
            0.10004313290119171,
            0.9896856546401978,
            1.3699902296066284
          ],
          [
            0.0,
            0.0,
            0.0,
            1.0
          ]
        ]
      },
      "bone_length_armature_space": 0.10413075160261381,
      "parent": "lowerarm_l",
      "has_children": true,
      "is_end_bone": false
    },
    "pinky_01_l": {
      "name": "pinky_01_l",
      "local": {
        "location": {
          "x": 0.0,
          "y": 0.0,
          "z": 0.0
        },
        "rotation_quaternion": {
          "w": 0.9985561966896057,
          "x": 0.0517287403345108,
          "y": -0.005711518228054047,
          "z": 0.013308475725352764
        },
        "scale": {
          "x": 1.0,
          "y": 1.0,
          "z": 1.0
        },
        "matrix_basis": [
          [
            0.9995805025100708,
            -0.027169421315193176,
            -0.010029682889580727,
            0.0
          ],
          [
            0.025987623259425163,
            0.9942940473556519,
            -0.10346013307571411,
            0.0
          ],
          [
            0.012783405371010303,
            0.10315608233213425,
            0.994583010673523,
            0.0
          ],
          [
            0.0,
            0.0,
            0.0,
            1.0
          ]
        ],
        "rotation_mode": "QUATERNION"
      },
      "armature_space": {
        "head": {
          "x": 0.7801764011383057,
          "y": 0.16039206087589264,
          "z": 0.4305538237094879
        },
        "tail": {
          "x": 0.8035163879394531,
          "y": 0.16149911284446716,
          "z": 0.43111464381217957
