{
  "metadata": {
    "armature_name": "KIM_caucasian_male",
    "export_time": "2026-01-13T21:07:29.976148",
    "blender_version": "4.4.1",
    "bone_count": 56,
    "end_bone_count": 13,
    "spaces_included": [
      "LOCAL_CHANNELS",
      "ARMATURE_SPACE",
      "WORLD_SPACE"
    ],
    "note": "LOCAL matches Transform panel; replay pose via local.matrix_basis for best fidelity."
  },
  "bones": {
    "Root": {
      "name": "Root",
      "local": {
        "location": {
          "x": 0.0,
          "y": 0.0,
          "z": 0.0
        },
        "rotation_quaternion": {
          "w": 0.9998196363449097,
          "x": 0.0016184976557269692,
          "y": 0.006580093409866095,
          "z": 0.01774745248258114
        },
        "scale": {
          "x": 1.0,
          "y": 1.0,
          "z": 1.0
        },
        "matrix_basis": [
          [
            0.9992834329605103,
            -0.035467203706502914,
            0.01321526151150465,
            0.0
          ],
          [
            0.035509802401065826,
            0.9993647933006287,
            -0.0030028517358005047,
            0.0
          ],
          [
            -0.013100365176796913,
            0.003469971241429448,
            0.9999081492424011,
            0.0
          ],
          [
            0.0,
            0.0,
            0.0,
            1.0
          ]
        ],
        "rotation_mode": "QUATERNION"
      },
      "armature_space": {
        "head": {
          "x": 0.0,
          "y": 0.07072800397872925,
          "z": -0.009595036506652832
        },
        "tail": {
          "x": -0.0025315023958683014,
          "y": 1.1630356311798096e-05,
          "z": -0.00025152042508125305
        }
      },
      "world_space": {
        "head": {
          "x": 0.0,
          "y": 0.13397200405597687,
          "z": 0.9402589797973633
        },
        "tail": {
          "x": -0.0025315023958683014,
          "y": 0.06325563043355942,
          "z": 0.949602484703064
        },
        "rotation_quaternion": {
          "w": 0.0657406821846962,
          "x": 0.997657299041748,
          "y": -0.017263850197196007,
          "z": 0.007760755252093077
        },
        "matrix": [
          [
            0.9992834329605103,
            -0.035467203706502914,
            0.01321526151150465,
            0.0
          ],
          [
            -0.03342640772461891,
            -0.9907602071762085,
            -0.13144174218177795,
            0.13397200405597687
          ],
          [
            0.017755119130015373,
            0.13090580701828003,
            -0.9912428259849548,
            0.9402589797973633
          ],
          [
            0.0,
            0.0,
            0.0,
            1.0
          ]
        ]
      },
      "bone_length_armature_space": 0.07137587321392964,
      "parent": null,
      "has_children": true,
      "is_end_bone": false
    },
    "spine_01": {
      "name": "spine_01",
      "local": {
        "location": {
          "x": 0.0,
          "y": 0.0,
          "z": 0.0
        },
        "rotation_quaternion": {
          "w": 0.9943729639053345,
          "x": 0.10111478716135025,
          "y": 0.026948759332299232,
          "z": -0.016493787989020348
        },
        "scale": {
          "x": 1.0,
          "y": 1.0,
          "z": 1.0
        },
        "matrix_basis": [
          [
            0.9980034232139587,
            0.03825179114937782,
            0.05025870352983475,
            0.0
          ],
          [
            -0.027352117002010345,
            0.9790074825286865,
            -0.2019805908203125,
            0.0
          ],
          [
            -0.05692976713180542,
            0.20020264387130737,
            0.9780991077423096,
            0.0
          ],
          [
            0.0,
            0.0,
            0.0,
            1.0
          ]
        ],
        "rotation_mode": "QUATERNION"
      },
      "armature_space": {
        "head": {
          "x": -0.0025315023958683014,
          "y": 1.1630356311798096e-05,
          "z": -0.00025152042508125305
        },
        "tail": {
          "x": 0.0050041270442306995,
          "y": -0.07724884897470474,
          "z": 0.4815392792224884
        }
      },
      "world_space": {
        "head": {
          "x": -0.0025315023958683014,
          "y": 0.06325563043355942,
          "z": 0.949602484703064
        },
        "tail": {
          "x": 0.0050041270442306995,
          "y": -0.014004848897457123,
          "z": 1.4313932657241821
        },
        "rotation_quaternion": {
          "w": 0.6486031413078308,
          "x": 0.7610214352607727,
          "y": 0.012393885292112827,
          "z": 0.002638137899339199
        },
        "matrix": [
          [
            0.9996788501739502,
            0.015441824682056904,
            0.02009286731481552,
            -0.0025315023958683014
          ],
          [
            0.022286314517259598,
            -0.15832026302814484,
            -0.9871363043785095,
            0.06325563043355942
          ],
          [
            -0.01206214353442192,
            0.9872737526893616,
            -0.15861554443836212,
            0.949602484703064
          ],
          [
            0.0,
            0.0,
            0.0,
            1.0
          ]
        ]
      },
      "bone_length_armature_space": 0.4880044659926449,
      "parent": "Root",
      "has_children": true,
      "is_end_bone": false
    },
    "neck_01": {
      "name": "neck_01",
      "local": {
        "location": {
          "x": 0.0,
          "y": 0.0,
          "z": 0.0
        },
        "rotation_quaternion": {
          "w": 0.9978632926940918,
          "x": -0.007001393940299749,
          "y": -0.008849160745739937,
          "z": -0.06435459852218628
        },
        "scale": {
          "x": 1.0,
          "y": 1.0,
          "z": 1.0
        },
        "matrix_basis": [
          [
            0.9915603399276733,
            0.12855809926986694,
            -0.016759362071752548,
            0.0
          ],
          [
            -0.12831026315689087,
            0.9916189312934875,
            0.015111836604773998,
            0.0
          ],
          [
            0.018561650067567825,
            -0.012833899818360806,
            0.9997453689575195,
            0.0
          ],
          [
            0.0,
            0.0,
            0.0,
            1.0
          ]
        ],
        "rotation_mode": "QUATERNION"
      },
      "armature_space": {
        "head": {
          "x": 0.006831583566963673,
          "y": -0.12307514250278473,
          "z": 0.5483250617980957
        },
        "tail": {
          "x": 0.02222129888832569,
          "y": -0.1746918261051178,
          "z": 0.6355580687522888
        }
      },
      "world_space": {
        "head": {
          "x": 0.006831583566963673,
          "y": -0.05983114242553711,
          "z": 1.4981790781021118
        },
        "tail": {
          "x": 0.02222129888832569,
          "y": -0.11144782602787018,
          "z": 1.5854120254516602
        },
        "rotation_quaternion": {
          "w": 0.4941299259662628,
          "x": 0.8661192655563354,
          "y": 0.06402440369129181,
          "z": -0.03967238962650299
        },
        "matrix": [
          [
            0.9886539578437805,
            0.1501123160123825,
            -0.005448662675917149,
            0.006831583566963673
          ],
          [
            0.07169948518276215,
            -0.503472626209259,
            -0.8610312938690186,
            -0.05983114242553711
          ],
          [
            -0.13199545443058014,
            0.85087651014328,
            -0.5085274577140808,
            1.4981790781021118
          ],
          [
            0.0,
            0.0,
            0.0,
            1.0
          ]
        ]
      },
      "bone_length_armature_space": 0.10252181586478702,
      "parent": "spine_01",
      "has_children": true,
      "is_end_bone": false
    },
    "head": {
      "name": "head",
      "local": {
        "location": {
          "x": 0.0,
          "y": 0.0,
          "z": 0.0
        },
        "rotation_quaternion": {
          "w": 0.9929288625717163,
          "x": 0.06627576053142548,
          "y": 0.08535894751548767,
          "z": -0.04913003370165825
        },
        "scale": {
          "x": 1.0,
          "y": 1.0,
          "z": 1.0
        },
        "matrix_basis": [
          [
            0.9806001782417297,
            0.10887971520423889,
            0.16299846768379211,
            0.0
          ],
          [
            -0.08625079691410065,
            0.9863875508308411,
            -0.14000160992145538,
            0.0
          ],
          [
            -0.1760229915380478,
            0.12322685867547989,
            0.9766427278518677,
            0.0
          ],
          [
            0.0,
            0.0,
            0.0,
            1.0
          ]
        ],
        "rotation_mode": "QUATERNION"
      },
      "armature_space": {
        "head": {
          "x": 0.022221285849809647,
          "y": -0.17469193041324615,
          "z": 0.6355579495429993
        },
        "tail": {
          "x": 0.061419885605573654,
          "y": -0.21656008064746857,
          "z": 0.7796543836593628
        }
      },
      "world_space": {
        "head": {
          "x": 0.022221285849809647,
          "y": -0.11144793033599854,
          "z": 1.5854120254516602
        },
        "tail": {
          "x": 0.061419885605573654,
          "y": -0.15331608057022095,
          "z": 1.729508399963379
        },
        "rotation_quaternion": {
          "w": 0.5828474760055542,
          "x": 0.7968562841415405,
          "y": 0.15908677875995636,
          "z": 0.0006792378844693303
        },
        "matrix": [
          [
            0.9493815898895264,
            0.2527470886707306,
            0.18653036653995514,
            0.022221285849809647
          ],
          [
            0.2543315887451172,
            -0.2699599862098694,
            -0.9286751747131348,
            -0.11144793033599854
          ],
          [
            -0.1843651682138443,
            0.9291136860847473,
            -0.3205796480178833,
            1.5854120254516602
          ],
          [
            0.0,
            0.0,
            0.0,
            1.0
          ]
        ]
      },
      "bone_length_armature_space": 0.15509111831327607,
      "parent": "neck_01",
      "has_children": false,
      "is_end_bone": true
    },
    "upperarm_l": {
      "name": "upperarm_l",
      "local": {
        "location": {
          "x": 0.0,
          "y": 0.0,
          "z": 0.0
        },
        "rotation_quaternion": {
          "w": 0.9676527976989746,
          "x": 0.14890699088573456,
          "y": 0.07183073461055756,
          "z": -0.1905653178691864
        },
        "scale": {
          "x": 1.0,
          "y": 1.0,
          "z": 1.0
        },
        "matrix_basis": [
          [
            0.9170504212379456,
            0.3901943266391754,
            0.08226140588521957,
            0.0
          ],
          [
            -0.3474099338054657,
            0.8830231428146362,
            -0.31555742025375366,
            0.0
          ],
          [
            -0.19576743245124817,
            0.2608036398887634,
            0.9453341364860535,
            0.0
          ],
          [
            0.0,
            0.0,
            0.0,
            1.0
          ]
        ],
        "rotation_mode": "QUATERNION"
      },
      "armature_space": {
        "head": {
          "x": 0.1558096706867218,
          "y": -0.11223994195461273,
          "z": 0.47965747117996216
        },
        "tail": {
          "x": 0.391870379447937,
          "y": -0.14662639796733856,
          "z": 0.35758885741233826
        }
      },
      "world_space": {
        "head": {
          "x": 0.1558096706867218,
          "y": -0.04899594187736511,
          "z": 1.429511547088623
        },
        "tail": {
          "x": 0.391870379447937,
          "y": -0.08338239789009094,
          "z": 1.3074429035186768
        },
        "rotation_quaternion": {
          "w": 0.24115386605262756,
          "x": 0.49505379796028137,
          "y": 0.6145601272583008,
          "z": -0.5648738741874695
        },
        "matrix": [
          [
            -0.3935311734676361,
            0.8809239864349365,
            -0.2628803253173828,
            0.1558096706867218
          ],
          [
            0.3360401391983032,
            -0.1283223032951355,
            -0.9330651760101318,
            -0.04899594187736511
          ],
          [
            -0.8556984066963196,
            -0.45553189516067505,
            -0.24552953243255615,
            1.429511547088623
          ],
          [
            0.0,
            0.0,
            0.0,
            1.0
          ]
        ]
      },
      "bone_length_armature_space": 0.2679698362794162,
      "parent": "spine_01",
      "has_children": true,
      "is_end_bone": false
    },
    "lowerarm_l": {
      "name": "lowerarm_l",
      "local": {
        "location": {
          "x": 0.0,
          "y": 0.0,
          "z": 0.0
        },
        "rotation_quaternion": {
          "w": 0.992423415184021,
          "x": 0.06302999705076218,
          "y": -0.08804173022508621,
          "z": 0.058066315948963165
        },
        "scale": {
          "x": 1.0,
          "y": 1.0,
          "z": 1.0
        },
        "matrix_basis": [
          [
            0.9777539372444153,
            -0.1263512820005417,
            -0.16742950677871704,
            0.0
          ],
          [
            0.10415420681238174,
            0.9853110313415527,
            -0.13532941043376923,
            0.0
          ],
          [
            0.18206918239593506,
            0.11488037556409836,
            0.9765517711639404,
            0.0
          ],
          [
            0.0,
            0.0,
            0.0,
            1.0
          ]
        ],
        "rotation_mode": "QUATERNION"
      },
      "armature_space": {
        "head": {
          "x": 0.39187049865722656,
          "y": -0.14662650227546692,
          "z": 0.35758891701698303
        },
        "tail": {
          "x": 0.6244510412216187,
          "y": -0.2503935694694519,
          "z": 0.2756858766078949
        }
      },
      "world_space": {
        "head": {
          "x": 0.39187049865722656,
          "y": -0.0833825021982193,
          "z": 1.3074429035186768
        },
        "tail": {
          "x": 0.6244510412216187,
          "y": -0.18714956939220428,
          "z": 1.2255399227142334
        },
        "rotation_quaternion": {
          "w": 0.3228117823600769,
          "x": 0.47664976119995117,
          "y": 0.4492814838886261,
          "z": -0.6831865310668945
        },
        "matrix": [
          [
            -0.3371954560279846,
            0.8693804740905762,
            -0.3612152636051178,
            0.39187049865722656
          ],
          [
            -0.012783423066139221,
            -0.38787880539894104,
            -0.9216219186782837,
            -0.0833825021982193
          ],
          [
            -0.9413543343544006,
            -0.30615153908729553,
            0.14190474152565002,
            1.3074429035186768
          ],
          [
            0.0,
            0.0,
            0.0,
            1.0
          ]
        ]
      },
      "bone_length_armature_space": 0.2675246146917309,
      "parent": "upperarm_l",
      "has_children": true,
      "is_end_bone": false
    },
    "metacarpal_thumb_l": {
      "name": "metacarpal_thumb_l",
      "local": {
        "location": {
          "x": 0.0,
          "y": 0.0,
          "z": 0.0
        },
        "rotation_quaternion": {
          "w": 0.9997154474258423,
          "x": -0.008400870487093925,
          "y": -0.016268692910671234,
          "z": 0.015293154865503311
        },
        "scale": {
          "x": 1.0,
          "y": 1.0,
          "z": 1.0
        },
        "matrix_basis": [
          [
            0.9990028738975525,
            -0.030304264277219772,
            -0.0327850803732872,
            0.0
          ],
          [
            0.03085094876587391,
            0.9993910789489746,
            0.016299361363053322,
            0.0
          ],
          [
            0.03227117657661438,
            -0.017294559627771378,
            0.9993295073509216,
            0.0
          ],
          [
            0.0,
            0.0,
            0.0,
            1.0
          ]
        ],
        "rotation_mode": "QUATERNION"
      },
      "armature_space": {
        "head": {
          "x": 0.6244510412216187,
          "y": -0.2503935694694519,
          "z": 0.2756858766078949
        },
        "tail": {
          "x": 0.6440462470054626,
          "y": -0.2933330237865448,
          "z": 0.2606585919857025
        }
      },
      "world_space": {
        "head": {
          "x": 0.6244510412216187,
          "y": -0.18714956939220428,
          "z": 1.2255399227142334
        },
        "tail": {
          "x": 0.6440462470054626,
          "y": -0.23008902370929718,
          "z": 1.210512638092041
        },
        "rotation_quaternion": {
          "w": 0.10174679756164551,
          "x": -0.9363881349563599,
          "y": -0.2370878905057907,
          "z": 0.23793740570545197
        },
        "matrix": [
          [
            0.7743498086929321,
            0.39559420943260193,
            -0.4938494563102722,
            0.6244510412216187
          ],
          [
            0.4924316108226776,
            -0.8668738603591919,
            0.07772351801395416,
            -0.18714956939220428
          ],
          [
            -0.3973604738712311,
            -0.3033750653266907,
            -0.8660726547241211,
            1.2255399227142334
          ],
          [
            0.0,
            0.0,
            0.0,
            1.0
          ]
        ]
      },
      "bone_length_armature_space": 0.04953370650620855,
      "parent": "lowerarm_l",
      "has_children": true,
      "is_end_bone": false
    },
    "thumb_01_l": {
      "name": "thumb_01_l",
      "local": {
        "location": {
          "x": 0.0,
          "y": 0.0,
          "z": 0.0
        },
        "rotation_quaternion": {
          "w": 0.9995085000991821,
          "x": -0.031095445156097412,
          "y": -0.003989749122411013,
          "z": -1.7477083019912243e-05
        },
        "scale": {
          "x": 1.0,
          "y": 1.0,
          "z": 1.0
        },
        "matrix_basis": [
          [
            0.9999681711196899,
            0.0002830630401149392,
            -0.007974489592015743,
            0.0
          ],
          [
            0.00021318906510714442,
            0.9980661273002625,
            0.06216046214103699,
            0.0
          ],
          [
            0.007976663298904896,
            -0.0621601827442646,
            0.9980342984199524,
            0.0
          ],
          [
            0.0,
            0.0,
            0.0,
            1.0
          ]
        ],
        "rotation_mode": "QUATERNION"
      },
      "armature_space": {
        "head": {
          "x": 0.6440462470054626,
          "y": -0.2933330237865448,
          "z": 0.2606585919857025
        },
        "tail": {
          "x": 0.6356971263885498,
          "y": -0.31374382972717285,
          "z": 0.2347293198108673
        }
      },
      "world_space": {
        "head": {
          "x": 0.6440462470054626,
          "y": -0.23008902370929718,
          "z": 1.210512638092041
        },
        "tail": {
          "x": 0.6356971263885498,
          "y": -0.2504998445510864,
          "z": 1.184583306312561
        },
        "rotation_quaternion": {
          "w": 0.3464745283126831,
          "x": -0.8326559662818909,
          "y": 0.28308501839637756,
          "z": -0.3263470530509949
        },
        "matrix": [
          [
            0.6267204880714417,
            -0.24528425931930542,
            0.7396329045295715,
            0.6440462470054626
          ],
          [
            -0.69756680727005,
            -0.5996370315551758,
            0.39221933484077454,
            -0.23008902370929718
          ],
          [
            0.34730789065361023,
            -0.7617611885070801,
            -0.5469104051589966,
            1.210512638092041
          ],
          [
            0.0,
            0.0,
            0.0,
            1.0
          ]
        ]
      },
      "bone_length_armature_space": 0.03403874238719451,
      "parent": "metacarpal_thumb_l",
      "has_children": true,
      "is_end_bone": false
    },
    "thumb_02_l": {
      "name": "thumb_02_l",
      "local": {
        "location": {
          "x": 0.0,
          "y": 0.0,
          "z": 0.0
        },
        "rotation_quaternion": {
          "w": 0.9961515665054321,
          "x": 0.08755584806203842,
          "y": -0.0020637866109609604,
          "z": -0.0034552104771137238
        },
        "scale": {
          "x": 1.0,
          "y": 1.0,
          "z": 1.0
        },
        "matrix_basis": [
          [
            0.9999675750732422,
            0.006522433366626501,
            -0.004716736264526844,
            0.0
          ],
          [
            -0.007245219778269529,
            0.9846440553665161,
            -0.17442353069782257,
            0.0
          ],
          [
            0.0035066406708210707,
            0.1744520515203476,
            0.9846594333648682,
            0.0
          ],
          [
            0.0,
            0.0,
            0.0,
            1.0
          ]
        ],
        "rotation_mode": "QUATERNION"
      },
      "armature_space": {
        "head": {
          "x": 0.635697066783905,
          "y": -0.31374379992485046,
          "z": 0.2347293496131897
        },
        "tail": {
          "x": 0.6690467000007629,
          "y": -0.3301354944705963,
          "z": 0.21948809921741486
        }
      },
      "world_space": {
        "head": {
          "x": 0.635697066783905,
          "y": -0.25049978494644165,
          "z": 1.1845834255218506
        },
        "tail": {
          "x": 0.6690467000007629,
          "y": -0.2668914794921875,
          "z": 1.1693421602249146
        },
        "rotation_quaternion": {
          "w": 0.5396021604537964,
          "x": -0.4428457021713257,
          "y": -0.06906872987747192,
          "z": -0.7127038240432739
        },
        "matrix": [
          [
            -0.02543252520263195,
            0.8303282856941223,
            0.5566936135292053,
            0.635697066783905
          ],
          [
            -0.7079789042472839,
            -0.40811508893966675,
            0.576374888420105,
            -0.25049978494644165
          ],
          [
            0.7057797908782959,
            -0.3794716000556946,
            0.5982390642166138,
            1.1845834255218506
          ],
          [
            0.0,
            0.0,
            0.0,
            1.0
          ]
        ]
      },
      "bone_length_armature_space": 0.04016442886845186,
      "parent": "thumb_01_l",
      "has_children": true,
      "is_end_bone": false
    },
    "thumb_03_l": {
      "name": "thumb_03_l",
      "local": {
        "location": {
          "x": 0.0,
          "y": 0.0,
          "z": 0.0
        },
        "rotation_quaternion": {
          "w": 0.9968680143356323,
          "x": 0.07880593091249466,
          "y": 0.0005665652570314705,
          "z": 0.006600359920412302
        },
        "scale": {
          "x": 1.0,
          "y": 1.0,
          "z": 1.0
        },
        "matrix_basis": [
          [
            0.9999122023582458,
            -0.013070077635347843,
            0.002169876592233777,
            0.0
          ],
          [
            0.01324867270886898,
            0.9874921441078186,
            -0.15711075067520142,
            0.0
          ],
          [
            -8.92865500645712e-05,
            0.15712569653987885,
            0.9875786304473877,
            0.0
          ],
          [
            0.0,
            0.0,
            0.0,
            1.0
          ]
        ],
        "rotation_mode": "QUATERNION"
      },
      "armature_space": {
        "head": {
          "x": 0.6690466403961182,
          "y": -0.3301355540752411,
          "z": 0.21948811411857605
        },
        "tail": {
          "x": 0.6989873051643372,
          "y": -0.3317331373691559,
          "z": 0.21420639753341675
        }
      },
      "world_space": {
        "head": {
          "x": 0.6690466403961182,
          "y": -0.2668915390968323,
          "z": 1.1693421602249146
        },
        "tail": {
          "x": 0.6989873051643372,
          "y": -0.26848912239074707,
          "z": 1.164060354232788
        },
        "rotation_quaternion": {
          "w": 0.6858096718788147,
          "x": -0.1863299161195755,
          "y": -0.05854421854019165,
          "z": -0.7010840773582458
        },
        "matrix": [
          [
            0.0101079186424613,
            0.9834376573562622,
            0.1809636950492859,
            0.6690466403961182
          ],
          [
            -0.939802885055542,
            -0.05247417837381363,
            0.33766409754753113,
            -0.2668915390968323
          ],
          [
            0.34156906604766846,
            -0.1734844148159027,
            0.9237140417098999,
            1.1693421602249146
          ],
          [
            0.0,
            0.0,
            0.0,
            1.0
          ]
        ]
      },
      "bone_length_armature_space": 0.0304449040615245,
      "parent": "thumb_02_l",
      "has_children": false,
      "is_end_bone": true
    },
    "metacarpal_index_l": {
      "name": "metacarpal_index_l",
      "local": {
        "location": {
          "x": 0.0,
          "y": 0.0,
          "z": 0.0
        },
        "rotation_quaternion": {
          "w": 0.9982000589370728,
          "x": -0.057194825261831284,
          "y": 0.007467831484973431,
          "z": 0.01642657071352005
        },
        "scale": {
          "x": 1.0,
          "y": 1.0,
          "z": 1.0
        },
        "matrix_basis": [
          [
            0.9993488192558289,
            -0.03364824876189232,
            0.013029750436544418,
            0.0
          ],
          [
            0.03193976357579231,
            0.9929178357124329,
            0.11442909389734268,
            0.0
          ],
          [
            -0.016787810251116753,
            -0.11393841356039047,
            0.9933459758758545,
            0.0
          ],
          [
            0.0,
            0.0,
            0.0,
            1.0
          ]
        ],
        "rotation_mode": "QUATERNION"
      },
      "armature_space": {
        "head": {
          "x": 0.6244510412216187,
          "y": -0.2503935694694519,
          "z": 0.2756858766078949
        },
        "tail": {
          "x": 0.7135404348373413,
          "y": -0.32286787033081055,
          "z": 0.2524527609348297
        }
      },
      "world_space": {
        "head": {
          "x": 0.6244510412216187,
          "y": -0.18714956939220428,
          "z": 1.2255399227142334
        },
        "tail": {
          "x": 0.7135404348373413,
          "y": -0.2596238851547241,
          "z": 1.2023067474365234
        },
        "rotation_quaternion": {
          "w": 0.09099116921424866,
          "x": 0.8040806651115417,
          "y": 0.4271470308303833,
          "z": -0.4033859670162201
        },
        "matrix": [
          [
            0.30964916944503784,
            0.7603318691253662,
            -0.5709750056266785,
            0.6244510412216187
          ],
          [
            0.6135122776031494,
            -0.6185304522514343,
            -0.4909409284591675,
            -0.18714956939220428
          ],
          [
            -0.7264479398727417,
            -0.19828258454799652,
            -0.65800541639328,
            1.2255399227142334
          ],
          [
            0.0,
            0.0,
            0.0,
            1.0
          ]
        ]
      },
      "bone_length_armature_space": 0.11717176282039628,
      "parent": "lowerarm_l",
      "has_children": true,
      "is_end_bone": false
    },
    "index_01_l": {
      "name": "index_01_l",
      "local": {
        "location": {
          "x": 0.0,
          "y": 0.0,
          "z": 0.0
        },
        "rotation_quaternion": {
          "w": 0.9947751760482788,
          "x": -0.10022030770778656,
          "y": 0.01391802728176117,
          "z": -0.013589544221758842
        },
        "scale": {
          "x": 1.0,
          "y": 1.0,
          "z": 1.0
        },
        "matrix_basis": [
          [
            0.9992431998252869,
            0.024247344583272934,
            0.030414512380957603,
            0.0
          ],
          [
            -0.029826819896697998,
            0.9795424342155457,
            0.1990150660276413,
            0.0
          ],
          [
            -0.02496671862900257,
            -0.19977162778377533,
            0.9795243740081787,
            0.0
          ],
          [
            0.0,
            0.0,
            0.0,
            1.0
          ]
        ],
        "rotation_mode": "QUATERNION"
      },
      "armature_space": {
        "head": {
          "x": 0.7135404348373413,
          "y": -0.32286787033081055,
          "z": 0.2524527609348297
        },
        "tail": {
          "x": 0.7409992814064026,
          "y": -0.3276532292366028,
          "z": 0.24643754959106445
        }
      },
      "world_space": {
        "head": {
          "x": 0.7135404348373413,
          "y": -0.2596238851547241,
          "z": 1.2023067474365234
        },
        "tail": {
          "x": 0.7409992814064026,
          "y": -0.26440924406051636,
          "z": 1.1962915658950806
        },
        "rotation_quaternion": {
          "w": 0.1211542934179306,
          "x": 0.7024444937705994,
          "y": 0.6335685849189758,
          "z": -0.30080607533454895
        },
        "matrix": [
          [
            0.01621200144290924,
            0.9629819989204407,
            -0.2690771818161011,
            0.7135404348373413
          ],
          [
            0.8172048330307007,
            -0.16782265901565552,
            -0.5513728260993958,
            -0.2596238851547241
          ],
          [
            -0.5761225819587708,
            -0.21095392107963562,
            -0.7896803021430969,
            1.2023067474365234
          ],
          [
            0.0,
            0.0,
            0.0,
            1.0
          ]
        ]
      },
      "bone_length_armature_space": 0.028514394692510752,
      "parent": "metacarpal_index_l",
      "has_children": true,
      "is_end_bone": false
    },
    "index_02_l": {
      "name": "index_02_l",
      "local": {
        "location": {
          "x": 0.0,
          "y": 0.0,
          "z": 0.0
        },
        "rotation_quaternion": {
          "w": 0.9994550943374634,
          "x": 0.032997019588947296,
          "y": -7.28768136468716e-05,
          "z": 0.0009279415244236588
        },
        "scale": {
          "x": 1.0,
          "y": 1.0,
          "z": 1.0
        },
        "matrix_basis": [
          [
            0.9999982714653015,
            -0.0018596812151372433,
            -8.443559636361897e-05,
            0.0
          ],
          [
            0.001850062282755971,
            0.9978206753730774,
            -0.06595821678638458,
            0.0
          ],
          [
            0.00020691280951723456,
            0.0659579411149025,
            0.9978224039077759,
            0.0
          ],
          [
            0.0,
            0.0,
            0.0,
            1.0
          ]
        ],
        "rotation_mode": "QUATERNION"
      },
      "armature_space": {
        "head": {
          "x": 0.7409995794296265,
          "y": -0.3276536762714386,
          "z": 0.24643735587596893
        },
        "tail": {
          "x": 0.765478789806366,
          "y": -0.3318743407726288,
          "z": 0.2400306761264801
        }
      },
      "world_space": {
        "head": {
          "x": 0.7409995794296265,
          "y": -0.2644096612930298,
          "z": 1.1962913274765015
        },
        "tail": {
          "x": 0.765478789806366,
          "y": -0.26863032579421997,
          "z": 1.1898846626281738
        },
        "rotation_quaternion": {
          "w": 0.1275835633277893,
          "x": 0.6855365037918091,
          "y": 0.6336066126823425,
          "z": -0.335119366645813
        },
        "matrix": [
          [
            -0.027525978162884712,
            0.9542328715324402,
            -0.297794371843338,
            0.7409995794296265
          ],
          [
            0.783208429813385,
            -0.1645275205373764,
            -0.5995962023735046,
            -0.2644096612930298
          ],
          [
            -0.6211532950401306,
            -0.24974139034748077,
            -0.7428402900695801,
            1.1962913274765015
          ],
          [
            0.0,
            0.0,
            0.0,
            1.0
          ]
        ]
      },
      "bone_length_armature_space": 0.02565329026411529,
      "parent": "index_01_l",
      "has_children": true,
      "is_end_bone": false
    },
    "index_03_l": {
      "name": "index_03_l",
      "local": {
        "location": {
          "x": 0.0,
          "y": 0.0,
          "z": 0.0
        },
        "rotation_quaternion": {
          "w": 0.9992479681968689,
          "x": 0.037703633308410645,
          "y": 0.00605448242276907,
          "z": -0.006730887573212385
        },
        "scale": {
          "x": 1.0,
          "y": 1.0,
          "z": 1.0
        },
        "matrix_basis": [
          [
            0.9998360872268677,
            0.013908203691244125,
            0.011592300608754158,
            0.0
          ],
          [
            -0.012995099648833275,
            0.9970662593841553,
            -0.07543206214904785,
            0.0
          ],
          [
            -0.01260741613805294,
            0.07526905089616776,
            0.9970835447311401,
            0.0
          ],
          [
            0.0,
            0.0,
            0.0,
            1.0
          ]
        ],
        "rotation_mode": "QUATERNION"
      },
      "armature_space": {
        "head": {
          "x": 0.7654788494110107,
          "y": -0.331874281167984,
          "z": 0.24003079533576965
        },
        "tail": {
          "x": 0.7913314700126648,
          "y": -0.3369167447090149,
          "z": 0.22738374769687653
        }
      },
      "world_space": {
        "head": {
          "x": 0.7654788494110107,
          "y": -0.2686302661895752,
          "z": 1.1898847818374634
        },
        "tail": {
          "x": 0.7913314700126648,
          "y": -0.27367275953292847,
          "z": 1.1772377490997314
        },
        "rotation_quaternion": {
          "w": 0.026923958212137222,
          "x": 0.6731183528900146,
          "y": 0.6426393389701843,
          "z": -0.36496788263320923
        },
        "matrix": [
          [
            -0.09237584471702576,
            0.8847983479499817,
            -0.45672541856765747,
            0.7654788494110107
          ],
          [
            0.8454906940460205,
            -0.1725771725177765,
            -0.5053345561027527,
            -0.2686302661895752
          ],
          [
            -0.5259422659873962,
            -0.4328410029411316,
            -0.7321524024009705,
            1.1898847818374634
          ],
          [
            0.0,
            0.0,
            0.0,
            1.0
          ]
        ]
      },
      "bone_length_armature_space": 0.029218696926916275,
      "parent": "index_02_l",
      "has_children": false,
      "is_end_bone": true
    },
    "metacarpal_pinky_l": {
      "name": "metacarpal_pinky_l",
      "local": {
        "location": {
          "x": 0.0,
          "y": 0.0,
          "z": 0.0
        },
        "rotation_quaternion": {
          "w": 0.9992433786392212,
          "x": -0.03623075783252716,
          "y": -0.010695794597268105,
          "z": -0.009253980591893196
        },
        "scale": {
          "x": 1.0,
          "y": 1.0,
          "z": 1.0
        },
        "matrix_basis": [
          [
            0.9995999336242676,
            0.01926899142563343,
            -0.02070484682917595,
            0.0
          ],
          [
            -0.017718924209475517,
            0.9972034096717834,
            0.07260464876890182,
            0.0
          ],
          [
            0.022045960649847984,
            -0.07220873236656189,
            0.9971458911895752,
            0.0
          ],
          [
            0.0,
            0.0,
            0.0,
            1.0
          ]
        ],
        "rotation_mode": "QUATERNION"
      },
      "armature_space": {
        "head": {
          "x": 0.6244510412216187,
          "y": -0.2503935694694519,
          "z": 0.2756858766078949
        },
        "tail": {
          "x": 0.7190103530883789,
          "y": -0.2597227096557617,
          "z": 0.23308603465557098
        }
      },
      "world_space": {
        "head": {
          "x": 0.6244510412216187,
          "y": -0.18714956939220428,
          "z": 1.2255399227142334
        },
        "tail": {
          "x": 0.7190103530883789,
          "y": -0.1964787095785141,
          "z": 1.1829400062561035
        },
        "rotation_quaternion": {
          "w": 0.6374045610427856,
          "x": -0.06580720096826553,
          "y": 0.22117802500724792,
          "z": -0.7351633906364441
        },
        "matrix": [
          [
            -0.17876823246479034,
            0.908082127571106,
            0.3787194490432739,
            0.6244510412216187
          ],
          [
            -0.9663040637969971,
            -0.08959058672189713,
            -0.2413097620010376,
            -0.18714956939220428
          ],
          [
            -0.185201495885849,
            -0.4090994596481323,
            0.893505334854126,
            1.2255399227142334
          ],
          [
            0.0,
            0.0,
            0.0,
            1.0
          ]
        ]
      },
      "bone_length_armature_space": 0.10413089159364487,
      "parent": "lowerarm_l",
      "has_children": true,
      "is_end_bone": false
    },
    "pinky_01_l": {
      "name": "pinky_01_l",
      "local": {
        "location": {
          "x": 0.0,
          "y": 0.0,
          "z": 0.0
        },
        "rotation_quaternion": {
          "w": 0.9958046674728394,
          "x": -0.09005841612815857,
          "y": -0.007048233412206173,
          "z": -0.014592288061976433
        },
        "scale": {
          "x": 1.0,
          "y": 1.0,
          "z": 1.0
        },
        "matrix_basis": [
          [
            0.9994747638702393,
            0.030331643298268318,
            -0.011409010738134384,
            0.0
          ],
          [
            -0.027792630717158318,
            0.9833530783653259,
            0.1795668751001358,
            0.0
          ],
          [
            0.016665644943714142,
            -0.17915548384189606,
            0.9836795926094055,
            0.0
          ],
          [
            0.0,
            0.0,
            0.0,
            1.0
          ]
        ],
        "rotation_mode": "QUATERNION"
      },
      "armature_space": {
        "head": {
          "x": 0.7190103530883789,
          "y": -0.2597227096557617,
          "z": 0.23308603465557098
        },
