{
  "metadata": {
    "armature_name": "KIM_caucasian_male",
    "export_time": "2026-01-13T21:04:03.804112",
    "blender_version": "4.4.1",
    "bone_count": 56,
    "end_bone_count": 13,
    "spaces_included": [
      "LOCAL_CHANNELS",
      "ARMATURE_SPACE",
      "WORLD_SPACE"
    ],
    "note": "LOCAL matches Transform panel; replay pose via local.matrix_basis for best fidelity."
  },
  "bones": {
    "Root": {
      "name": "Root",
      "local": {
        "location": {
          "x": 0.0,
          "y": 0.0,
          "z": 0.0
        },
        "rotation_quaternion": {
          "w": 0.9999006986618042,
          "x": 0.0018086552154272795,
          "y": -0.009518438950181007,
          "z": 0.010235325433313847
        },
        "scale": {
          "x": 1.0,
          "y": 1.0,
          "z": 1.0
        },
        "matrix_basis": [
          [
            0.9996092915534973,
            -0.020503049716353416,
            -0.01899796351790428,
            0.0
          ],
          [
            0.020434187725186348,
            0.9997839331626892,
            -0.0038117999210953712,
            0.0
          ],
          [
            0.01907201111316681,
            0.0034221026580780745,
            0.9998122453689575,
            0.0
          ],
          [
            0.0,
            0.0,
            0.0,
            1.0
          ]
        ],
        "rotation_mode": "QUATERNION"
      },
      "armature_space": {
        "head": {
          "x": 0.0,
          "y": 0.07072800397872925,
          "z": -0.009595036506652832
        },
        "tail": {
          "x": -0.001463423017412424,
          "y": -1.755356788635254e-05,
          "z": -0.00024411361664533615
        }
      },
      "world_space": {
        "head": {
          "x": 0.0,
          "y": 0.13397200405597687,
          "z": 0.9402589797973633
        },
        "tail": {
          "x": -0.001463423017412424,
          "y": 0.06322644650936127,
          "z": 0.9496098756790161
        },
        "rotation_quaternion": {
          "w": 0.06555641442537308,
          "x": 0.997750997543335,
          "y": -0.01085331104695797,
          "z": -0.008807282894849777
        },
        "matrix": [
          [
            0.9996092915534973,
            -0.020503049716353416,
            -0.01899796351790428,
            0.0
          ],
          [
            -0.022812554612755775,
            -0.9911690950393677,
            -0.13062724471092224,
            0.13397200405597687
          ],
          [
            -0.016152068972587585,
            0.13100957870483398,
            -0.991256594657898,
            0.9402589797973633
          ],
          [
            0.0,
            0.0,
            0.0,
            1.0
          ]
        ]
      },
      "bone_length_armature_space": 0.07137587408518624,
      "parent": null,
      "has_children": true,
      "is_end_bone": false
    },
    "spine_01": {
      "name": "spine_01",
      "local": {
        "location": {
          "x": 0.0,
          "y": 0.0,
          "z": 0.0
        },
        "rotation_quaternion": {
          "w": 0.9903430938720703,
          "x": 0.112665094435215,
          "y": -0.01550436019897461,
          "z": -0.07928938418626785
        },
        "scale": {
          "x": 1.0,
          "y": 1.0,
          "z": 1.0
        },
        "matrix_basis": [
          [
            0.986945629119873,
            0.1535537838935852,
            -0.048575565218925476,
            0.0
          ],
          [
            -0.16054098308086395,
            0.9620395302772522,
            -0.22069554030895233,
            0.0
          ],
          [
            0.012842980213463306,
            0.22561286389827728,
            0.9741323590278625,
            0.0
          ],
          [
            0.0,
            0.0,
            0.0,
            1.0
          ]
        ],
        "rotation_mode": "QUATERNION"
      },
      "armature_space": {
        "head": {
          "x": -0.001463423017412424,
          "y": -1.755356788635254e-05,
          "z": -0.00024411361664533615
        },
        "tail": {
          "x": 0.07904687523841858,
          "y": -0.09154214709997177,
          "z": 0.4722912311553955
        }
      },
      "world_space": {
        "head": {
          "x": -0.001463423017412424,
          "y": 0.06322644650936127,
          "z": 0.9496098756790161
        },
        "tail": {
          "x": 0.07904687523841858,
          "y": -0.02829814702272415,
          "z": 1.4221452474594116
        },
        "rotation_quaternion": {
          "w": 0.636098325252533,
          "x": 0.7662522792816162,
          "y": 0.04004694148898125,
          "z": -0.08143983036279678
        },
        "matrix": [
          [
            0.9835277199745178,
            0.1649796962738037,
            -0.07385829836130142,
            -0.001463423017412424
          ],
          [
            -0.04223437234759331,
            -0.1875499188899994,
            -0.9813466668128967,
            0.06322644650936127
          ],
          [
            -0.17575566470623016,
            0.9683076739311218,
            -0.1774948537349701,
            0.9496098756790161
          ],
          [
            0.0,
            0.0,
            0.0,
            1.0
          ]
        ]
      },
      "bone_length_armature_space": 0.4880044185763466,
      "parent": "Root",
      "has_children": true,
      "is_end_bone": false
    },
    "neck_01": {
      "name": "neck_01",
      "local": {
        "location": {
          "x": 0.0,
          "y": 0.0,
          "z": 0.0
        },
        "rotation_quaternion": {
          "w": 0.9868358969688416,
          "x": -0.04052833467721939,
          "y": 0.046651098877191544,
          "z": -0.1494530439376831
        },
        "scale": {
          "x": 1.0,
          "y": 1.0,
          "z": 1.0
        },
        "matrix_basis": [
          [
            0.9509749412536621,
            0.29118987917900085,
            0.10418812185525894,
            0.0
          ],
          [
            -0.29875263571739197,
            0.9520424604415894,
            0.06604533642530441,
            0.0
          ],
          [
            -0.07995979487895966,
            -0.09393392503261566,
            0.9923622608184814,
            0.0
          ],
          [
            0.0,
            0.0,
            0.0,
            1.0
          ]
        ],
        "rotation_mode": "QUATERNION"
      },
      "armature_space": {
        "head": {
          "x": 0.08856499195098877,
          "y": -0.13930779695510864,
          "z": 0.5370336174964905
        },
        "tail": {
          "x": 0.1313544362783432,
          "y": -0.185878723859787,
          "z": 0.6177238821983337
        }
      },
      "world_space": {
        "head": {
          "x": 0.08856499195098877,
          "y": -0.07606379687786102,
          "z": 1.4868876934051514
        },
        "tail": {
          "x": 0.1313544362783432,
          "y": -0.12263472378253937,
          "z": 1.567577838897705
        },
        "rotation_quaternion": {
          "w": 0.49062636494636536,
          "x": 0.8447084426879883,
          "y": 0.17932525277137756,
          "z": -0.11660157889127731
        },
        "matrix": [
          [
            0.9084931015968323,
            0.41737112402915955,
            -0.0210237056016922,
            0.08856499195098877
          ],
          [
            0.18854102492332458,
            -0.4542560279369354,
            -0.8706915974617004,
            -0.07606379687786102
          ],
          [
            -0.3729541003704071,
            0.7870584726333618,
            -0.4913842976093292,
            1.4868876934051514
          ],
          [
            0.0,
            0.0,
            0.0,
            1.0
          ]
        ]
      },
      "bone_length_armature_space": 0.10252173765598549,
      "parent": "spine_01",
      "has_children": true,
      "is_end_bone": false
    },
    "head": {
      "name": "head",
      "local": {
        "location": {
          "x": 0.0,
          "y": 0.0,
          "z": 0.0
        },
        "rotation_quaternion": {
          "w": 0.9884337186813354,
          "x": 0.026167208328843117,
          "y": -0.11691286414861679,
          "z": 0.09298186004161835
        },
        "scale": {
          "x": 1.0,
          "y": 1.0,
          "z": 1.0
        },
        "matrix_basis": [
          [
            0.9553714990615845,
            -0.18993137776851654,
            -0.22625508904457092,
            0.0
          ],
          [
            0.17769424617290497,
            0.9813392758369446,
            -0.07347065210342407,
            0.0
          ],
          [
            0.23598738014698029,
            0.029987551271915436,
            0.9712933301925659,
            0.0
          ],
          [
            0.0,
            0.0,
            0.0,
            1.0
          ]
        ],
        "rotation_mode": "QUATERNION"
      },
      "armature_space": {
        "head": {
          "x": 0.1313544064760208,
          "y": -0.18587882816791534,
          "z": 0.6177237629890442
        },
        "tail": {
          "x": 0.165468230843544,
          "y": -0.2124597430229187,
          "z": 0.7666633129119873
        }
      },
      "world_space": {
        "head": {
          "x": 0.1313544064760208,
          "y": -0.12263482809066772,
          "z": 1.567577838897705
        },
        "tail": {
          "x": 0.165468230843544,
          "y": -0.14921574294567108,
          "z": 1.7165173292160034
        },
        "rotation_quaternion": {
          "w": 0.6418207287788391,
          "x": 0.7567774057388306,
          "y": 0.04869251325726509,
          "z": -0.11394321173429489
        },
        "matrix": [
          [
            0.9692923426628113,
            0.21996115148067474,
            -0.10995428264141083,
            0.1313544064760208
          ],
          [
            -0.07256215810775757,
            -0.17139002680778503,
            -0.9825275540351868,
            -0.12263482809066772
          ],
          [
            -0.23496459424495697,
            0.9603413343429565,
            -0.15016813576221466,
            1.567577838897705
          ],
          [
            0.0,
            0.0,
            0.0,
            1.0
          ]
        ]
      },
      "bone_length_armature_space": 0.15509122433906766,
      "parent": "neck_01",
      "has_children": false,
      "is_end_bone": true
    },
    "upperarm_l": {
      "name": "upperarm_l",
      "local": {
        "location": {
          "x": 0.0,
          "y": 0.0,
          "z": 0.0
        },
        "rotation_quaternion": {
          "w": 0.9368287324905396,
          "x": 0.11892896145582199,
          "y": 0.26301294565200806,
          "z": 0.19756528735160828
        },
        "scale": {
          "x": 1.0,
          "y": 1.0,
          "z": 1.0
        },
        "matrix_basis": [
          [
            0.7835842967033386,
            -0.3076099753379822,
            0.5397886633872986,
            0.0
          ],
          [
            0.4327293932437897,
            0.8936477303504944,
            -0.11890768259763718,
            0.0
          ],
          [
            -0.445803701877594,
            0.3267565965652466,
            0.8333601951599121,
            0.0
          ],
          [
            0.0,
            0.0,
            0.0,
            1.0
          ]
        ],
        "rotation_mode": "QUATERNION"
      },
      "armature_space": {
        "head": {
          "x": 0.2247707098722458,
          "y": -0.13616777956485748,
          "z": 0.4450264573097229
        },
        "tail": {
          "x": 0.4716918468475342,
          "y": -0.23912537097930908,
          "z": 0.4604310691356659
        }
      },
      "world_space": {
        "head": {
          "x": 0.2247707098722458,
          "y": -0.07292377948760986,
          "z": 1.3948805332183838
        },
        "tail": {
          "x": 0.4716918468475342,
          "y": -0.17588137090206146,
          "z": 1.4102851152420044
        },
        "rotation_quaternion": {
          "w": 0.24708716571331024,
          "x": 0.7665168046951294,
          "y": 0.4968298375606537,
          "z": -0.32335758209228516
        },
        "matrix": [
          [
            0.2971990704536438,
            0.9214527010917664,
            -0.25019532442092896,
            0.2247707098722458
          ],
          [
            0.6018620729446411,
            -0.384213924407959,
            -0.700101375579834,
            -0.07292377948760986
          ],
          [
            -0.7412435412406921,
            0.057486437261104584,
            -0.6687807440757751,
            1.3948805332183838
          ],
          [
            0.0,
            0.0,
            0.0,
            1.0
          ]
        ]
      },
      "bone_length_armature_space": 0.2679694338299232,
      "parent": "spine_01",
      "has_children": true,
      "is_end_bone": false
    },
    "lowerarm_l": {
      "name": "lowerarm_l",
      "local": {
        "location": {
          "x": 0.0,
          "y": 0.0,
          "z": 0.0
        },
        "rotation_quaternion": {
          "w": 0.8620882034301758,
          "x": 0.37092918157577515,
          "y": -0.28318461775779724,
          "z": 0.19753986597061157
        },
        "scale": {
          "x": 1.0,
          "y": 1.0,
          "z": 1.0
        },
        "matrix_basis": [
          [
            0.7615689635276794,
            -0.5506764650344849,
            -0.34171363711357117,
            0.0
          ],
          [
            0.13051070272922516,
            0.6467790603637695,
            -0.7514278292655945,
            0.0
          ],
          [
            0.6348068118095398,
            0.5276668667793274,
            0.5644360184669495,
            0.0
          ],
          [
            0.0,
            0.0,
            0.0,
            1.0
          ]
        ],
        "rotation_mode": "QUATERNION"
      },
      "armature_space": {
        "head": {
          "x": 0.47169190645217896,
          "y": -0.23912550508975983,
          "z": 0.46043112874031067
        },
        "tail": {
          "x": 0.5190980434417725,
          "y": -0.49806052446365356,
          "z": 0.508124589920044
        }
      },
      "world_space": {
        "head": {
          "x": 0.47169190645217896,
          "y": -0.1758815050125122,
          "z": 1.4102851152420044
        },
        "tail": {
          "x": 0.5190980434417725,
          "y": -0.43481653928756714,
          "z": 1.45797860622406
        },
        "rotation_quaternion": {
          "w": 0.1266220360994339,
          "x": 0.7280613780021667,
          "y": 0.004527835641056299,
          "z": -0.6737009882926941
        },
        "matrix": [
          [
            0.09221312403678894,
            0.17720304429531097,
            -0.9798446893692017,
            0.47169190645217896
          ],
          [
            -0.16401800513267517,
            -0.9678928852081299,
            -0.19047744572162628,
            -0.1758815050125122
          ],
          [
            -0.9821450710296631,
            0.17827707529067993,
            -0.060188472270965576,
            1.4102851152420044
          ],
          [
            0.0,
            0.0,
            0.0,
            1.0
          ]
        ]
      },
      "bone_length_armature_space": 0.2675245002453042,
      "parent": "upperarm_l",
      "has_children": true,
      "is_end_bone": false
    },
    "metacarpal_thumb_l": {
      "name": "metacarpal_thumb_l",
      "local": {
        "location": {
          "x": 0.0,
          "y": 0.0,
          "z": 0.0
        },
        "rotation_quaternion": {
          "w": 0.9995471835136414,
          "x": -0.02507827803492546,
          "y": 0.01095807459205389,
          "z": 0.012514118105173111
        },
        "scale": {
          "x": 1.0,
          "y": 1.0,
          "z": 1.0
        },
        "matrix_basis": [
          [
            0.9994466304779053,
            -0.025566522032022476,
            0.021278560161590576,
            0.0
          ],
          [
            0.024467283859848976,
            0.9984289407730103,
            0.05040810629725456,
            0.0
          ],
          [
            -0.02253388985991478,
            -0.049859583377838135,
            0.9985020160675049,
            0.0
          ],
          [
            0.0,
            0.0,
            0.0,
            1.0
          ]
        ],
        "rotation_mode": "QUATERNION"
      },
      "armature_space": {
        "head": {
          "x": 0.5190980434417725,
          "y": -0.49806052446365356,
          "z": 0.508124589920044
        },
        "tail": {
          "x": 0.49693459272384644,
          "y": -0.5423395037651062,
          "z": 0.5068069696426392
        }
      },
      "world_space": {
        "head": {
          "x": 0.5190980434417725,
          "y": -0.43481653928756714,
          "z": 1.45797860622406
        },
        "tail": {
          "x": 0.49693459272384644,
          "y": -0.4790955185890198,
          "z": 1.4566609859466553
        },
        "rotation_quaternion": {
          "w": 0.0007852900307625532,
          "x": -0.9715942144393921,
          "y": 0.23030591011047363,
          "z": -0.05443623661994934
        },
        "matrix": [
          [
            0.8879916071891785,
            -0.4474422037601471,
            0.10614164173603058,
            0.5190980434417725
          ],
          [
            -0.4476132094860077,
            -0.8939170837402344,
            -0.023548612371087074,
            -0.43481653928756714
          ],
          [
            0.10541879385709763,
            -0.026600375771522522,
            -0.9940792322158813,
            1.45797860622406
          ],
          [
            0.0,
            0.0,
            0.0,
            1.0
          ]
        ]
      },
      "bone_length_armature_space": 0.04953365134590806,
      "parent": "lowerarm_l",
      "has_children": true,
      "is_end_bone": false
    },
    "thumb_01_l": {
      "name": "thumb_01_l",
      "local": {
        "location": {
          "x": 0.0,
          "y": 0.0,
          "z": 0.0
        },
        "rotation_quaternion": {
          "w": 0.9478564262390137,
          "x": 0.3179910480976105,
          "y": -0.01568865031003952,
          "z": -0.014277550391852856
        },
        "scale": {
          "x": 1.0,
          "y": 1.0,
          "z": 1.0
        },
        "matrix_basis": [
          [
            0.9991000294685364,
            0.01708843559026718,
            -0.038821443915367126,
            0.0
          ],
          [
            -0.03704383596777916,
            0.7973557114601135,
            -0.6023717522621155,
            0.0
          ],
          [
            0.02066090889275074,
            0.6032677292823792,
            0.7972711324691772,
            0.0
          ],
          [
            0.0,
            0.0,
            0.0,
            1.0
          ]
        ],
        "rotation_mode": "QUATERNION"
      },
      "armature_space": {
        "head": {
          "x": 0.49693459272384644,
          "y": -0.5423395037651062,
          "z": 0.5068069696426392
        },
        "tail": {
          "x": 0.5054216384887695,
          "y": -0.5684370994567871,
          "z": 0.48666951060295105
        }
      },
      "world_space": {
        "head": {
          "x": 0.49693459272384644,
          "y": -0.4790955185890198,
          "z": 1.4566609859466553
        },
        "tail": {
          "x": 0.5054216384887695,
          "y": -0.5051931142807007,
          "z": 1.4365235567092896
        },
        "rotation_quaternion": {
          "w": 0.27590256929397583,
          "x": -0.4845040738582611,
          "y": 0.20130778849124908,
          "z": -0.8053624629974365
        },
        "matrix": [
          [
            -0.37826699018478394,
            0.24933671951293945,
            0.8914848566055298,
            0.49693459272384644
          ],
          [
            -0.639472246170044,
            -0.7667059898376465,
            -0.056897640228271484,
            -0.4790955185890198
          ],
          [
            0.6693241596221924,
            -0.5916073322296143,
            0.44946664571762085,
            1.4566609859466553
          ],
          [
            0.0,
            0.0,
            0.0,
            1.0
          ]
        ]
      },
      "bone_length_armature_space": 0.03403867986374601,
      "parent": "metacarpal_thumb_l",
      "has_children": true,
      "is_end_bone": false
    },
    "thumb_02_l": {
      "name": "thumb_02_l",
      "local": {
        "location": {
          "x": 0.0,
          "y": 0.0,
          "z": 0.0
        },
        "rotation_quaternion": {
          "w": 0.8893299102783203,
          "x": 0.45714324712753296,
          "y": -0.008184265345335007,
          "z": -0.006730006076395512
        },
        "scale": {
          "x": 1.0,
          "y": 1.0,
          "z": 1.0
        },
        "matrix_basis": [
          [
            0.9997754693031311,
            0.0044876281172037125,
            -0.020710177719593048,
            0.0
          ],
          [
            -0.019453154876828194,
            0.5819495320320129,
            -0.8129921555519104,
            0.0
          ],
          [
            0.008403870277106762,
            0.813212513923645,
            0.5819061398506165,
            0.0
          ],
          [
            0.0,
            0.0,
            0.0,
            1.0
          ]
        ],
        "rotation_mode": "QUATERNION"
      },
      "armature_space": {
        "head": {
          "x": 0.5054216384887695,
          "y": -0.5684370398521423,
          "z": 0.48666948080062866
        },
        "tail": {
          "x": 0.5168614983558655,
          "y": -0.5722697377204895,
          "z": 0.524979293346405
        }
      },
      "world_space": {
        "head": {
          "x": 0.5054216384887695,
          "y": -0.5051930546760559,
          "z": 1.4365234375
        },
        "tail": {
          "x": 0.5168614983558655,
          "y": -0.5090257525444031,
          "z": 1.4748332500457764
        },
        "rotation_quaternion": {
          "w": 0.20752063393592834,
          "x": 0.01739245094358921,
          "y": -0.6397047638893127,
          "z": -0.7398719787597656
        },
        "matrix": [
          [
            -0.913264811038971,
            0.2848256528377533,
            -0.29124176502227783,
            0.5054216384887695
          ],
          [
            -0.3293309807777405,
            -0.09542533755302429,
            0.9393802285194397,
            -0.5051930546760559
          ],
          [
            0.23976902663707733,
            0.953824520111084,
            0.18095272779464722,
            1.4365234375
          ],
          [
            0.0,
            0.0,
            0.0,
            1.0
          ]
        ]
      },
      "bone_length_armature_space": 0.040164682981794035,
      "parent": "thumb_01_l",
      "has_children": true,
      "is_end_bone": false
    },
    "thumb_03_l": {
      "name": "thumb_03_l",
      "local": {
        "location": {
          "x": 0.0,
          "y": 0.0,
          "z": 0.0
        },
        "rotation_quaternion": {
          "w": 0.9922879338264465,
          "x": 0.12381858378648758,
          "y": -0.00558864139020443,
          "z": 0.0015665785176679492
        },
        "scale": {
          "x": 1.0,
          "y": 1.0,
          "z": 1.0
        },
        "matrix_basis": [
          [
            0.9999326467514038,
            -0.004492949228733778,
            -0.010703139938414097,
            0.0
          ],
          [
            0.0017250386299565434,
            0.9693329930305481,
            -0.24574488401412964,
            0.0
          ],
          [
            0.011479025706648827,
            0.2457098662853241,
            0.9692754745483398,
            0.0
          ],
          [
            0.0,
            0.0,
            0.0,
            1.0
          ]
        ],
        "rotation_mode": "QUATERNION"
      },
      "armature_space": {
        "head": {
          "x": 0.5168614387512207,
          "y": -0.5722697973251343,
          "z": 0.5249792337417603
        },
        "tail": {
          "x": 0.5219336748123169,
          "y": -0.5602588653564453,
          "z": 0.552491307258606
        }
      },
      "world_space": {
        "head": {
          "x": 0.5168614387512207,
          "y": -0.5090258121490479,
          "z": 1.4748332500457764
        },
        "tail": {
          "x": 0.5219336748123169,
          "y": -0.4970148801803589,
          "z": 1.502345323562622
        },
        "rotation_quaternion": {
          "w": 0.37679556012153625,
          "x": 0.15514135360717773,
          "y": -0.7451720833778381,
          "z": -0.5278967618942261
        },
        "matrix": [
          [
            -0.6679137349128723,
            0.16660329699516296,
            -0.7253514528274536,
            0.5168614387512207
          ],
          [
            -0.6290311217308044,
            0.39451372623443604,
            0.669835090637207,
            -0.5090258121490479
          ],
          [
            0.39775991439819336,
            0.9036673903465271,
            -0.15870296955108643,
            1.4748332500457764
          ],
          [
            0.0,
            0.0,
            0.0,
            1.0
          ]
        ]
      },
      "bone_length_armature_space": 0.03044510264098509,
      "parent": "thumb_02_l",
      "has_children": false,
      "is_end_bone": true
    },
    "metacarpal_index_l": {
      "name": "metacarpal_index_l",
      "local": {
        "location": {
          "x": 0.0,
          "y": 0.0,
          "z": 0.0
        },
        "rotation_quaternion": {
          "w": 0.9995146989822388,
          "x": -0.029906464740633965,
          "y": -0.007843650877475739,
          "z": 0.0038111265748739243
        },
        "scale": {
          "x": 1.0,
          "y": 1.0,
          "z": 1.0
        },
        "matrix_basis": [
          [
            0.9998478889465332,
            -0.007149402517825365,
            -0.015907643362879753,
            0.0
          ],
          [
            0.008087705820798874,
            0.9981821775436401,
            0.0597241148352623,
            0.0
          ],
          [
            0.015451733954250813,
            -0.05984368920326233,
            0.9980881810188293,
            0.0
          ],
          [
            0.0,
            0.0,
            0.0,
            1.0
          ]
        ],
        "rotation_mode": "QUATERNION"
      },
      "armature_space": {
        "head": {
          "x": 0.5190980434417725,
          "y": -0.49806052446365356,
          "z": 0.508124589920044
        },
        "tail": {
          "x": 0.5071485042572021,
          "y": -0.6131647825241089,
          "z": 0.5264941453933716
        }
      },
      "world_space": {
        "head": {
          "x": 0.5190980434417725,
          "y": -0.43481653928756714,
          "z": 1.45797860622406
        },
        "tail": {
          "x": 0.5071485042572021,
          "y": -0.5499207973480225,
          "z": 1.4763481616973877
        },
        "rotation_quaternion": {
          "w": 0.06226377934217453,
          "x": 0.9596705436706543,
          "y": -0.07032579928636551,
          "z": -0.2649715542793274
        },
        "matrix": [
          [
            0.8496885895729065,
            -0.10198312997817993,
            -0.5173282027244568,
            0.5190980434417725
          ],
          [
            -0.16797557473182678,
            -0.9823550581932068,
            -0.0822368636727333,
            -0.43481653928756714
          ],
          [
            -0.49981698393821716,
            0.15677444636821747,
            -0.8518328070640564,
            1.45797860622406
          ],
          [
            0.0,
            0.0,
            0.0,
            1.0
          ]
        ]
      },
      "bone_length_armature_space": 0.11717176431071252,
      "parent": "lowerarm_l",
      "has_children": true,
      "is_end_bone": false
    },
    "index_01_l": {
      "name": "index_01_l",
      "local": {
        "location": {
          "x": 0.0,
          "y": 0.0,
          "z": 0.0
        },
        "rotation_quaternion": {
          "w": 0.9493486285209656,
          "x": 0.31373491883277893,
          "y": 0.006319972686469555,
          "z": -0.016358884051442146
        },
        "scale": {
          "x": 1.0,
          "y": 1.0,
          "z": 1.0
        },
        "matrix_basis": [
          [
            0.999384880065918,
            0.03502615913748741,
            0.0017350084381178021,
            0.0
          ],
          [
            -0.027094975113868713,
            0.8026055693626404,
            -0.5958943963050842,
            0.0
          ],
          [
            -0.022264420986175537,
            0.5954808592796326,
            0.8030608892440796,
            0.0
          ],
          [
            0.0,
            0.0,
            0.0,
            1.0
          ]
        ],
        "rotation_mode": "QUATERNION"
      },
      "armature_space": {
        "head": {
          "x": 0.5071485042572021,
          "y": -0.6131647825241089,
          "z": 0.5264941453933716
        },
        "tail": {
          "x": 0.5059775710105896,
          "y": -0.6385124325752258,
          "z": 0.5134865641593933
        }
      },
      "world_space": {
        "head": {
          "x": 0.5071485042572021,
          "y": -0.5499207973480225,
          "z": 1.4763481616973877
        },
        "tail": {
          "x": 0.5059775710105896,
          "y": -0.5752684473991394,
          "z": 1.4633405208587646
        },
        "rotation_quaternion": {
          "w": 0.23090103268623352,
          "x": -0.931041419506073,
          "y": -0.047046761959791183,
          "z": 0.2786276638507843
        },
        "matrix": [
          [
            0.8403065204620361,
            -0.04106543958187103,
            -0.5405536890029907,
            0.5071485042572021
          ],
          [
            0.2162756323814392,
            -0.8889431953430176,
            0.4037388563156128,
            -0.5499207973480225
          ],
          [
            -0.4971046447753906,
            -0.45617711544036865,
            -0.7381082773208618,
            1.4763481616973877
          ],
          [
            0.0,
            0.0,
            0.0,
            1.0
          ]
        ]
      },
      "bone_length_armature_space": 0.028514410983380374,
      "parent": "metacarpal_index_l",
      "has_children": true,
      "is_end_bone": false
    },
    "index_02_l": {
      "name": "index_02_l",
      "local": {
        "location": {
          "x": 0.0,
          "y": 0.0,
          "z": 0.0
        },
        "rotation_quaternion": {
          "w": 0.9095746278762817,
          "x": 0.415517121553421,
          "y": 0.0016565484693273902,
          "z": -0.004101904574781656
        },
        "scale": {
          "x": 1.0,
          "y": 1.0,
          "z": 1.0
        },
        "matrix_basis": [
          [
            0.9999608397483826,
            0.008838624693453312,
            -0.0003953142440877855,
            0.0
          ],
          [
            -0.006085328292101622,
            0.6546573638916016,
            -0.7559012770652771,
            0.0
          ],
          [
            -0.006422332022339106,
            0.7558740973472595,
            0.6546855568885803,
            0.0
          ],
          [
            0.0,
            0.0,
            0.0,
            1.0
          ]
        ],
        "rotation_mode": "QUATERNION"
      },
      "armature_space": {
        "head": {
          "x": 0.5059771537780762,
          "y": -0.6385127305984497,
          "z": 0.5134862661361694
        },
        "tail": {
          "x": 0.49468448758125305,
          "y": -0.6465807557106018,
          "z": 0.49191129207611084
        }
      },
      "world_space": {
        "head": {
          "x": 0.5059771537780762,
          "y": -0.5752687454223633,
          "z": 1.4633402824401855
        },
        "tail": {
          "x": 0.49468448758125305,
          "y": -0.5833367705345154,
          "z": 1.441765308380127
        },
        "rotation_quaternion": {
          "w": 0.5827348232269287,
          "x": -0.7510920763015747,
          "y": 0.05629909783601761,
          "z": 0.3051413893699646
        },
        "matrix": [
          [
            0.8074390888214111,
            -0.4402042031288147,
            -0.39276212453842163,
            0.5059771537780762
          ],
          [
            0.27105894684791565,
            -0.3145027160644531,
            0.9097336530685425,
            -0.5752687454223633
          ],
          [
            -0.5239968299865723,
            -0.8410226106643677,
            -0.1346207559108734,
            1.4633402824401855
          ],
          [
            0.0,
            0.0,
            0.0,
            1.0
          ]
        ]
      },
      "bone_length_armature_space": 0.02565339836110693,
      "parent": "index_01_l",
      "has_children": true,
      "is_end_bone": false
    },
    "index_03_l": {
      "name": "index_03_l",
      "local": {
        "location": {
          "x": 0.0,
          "y": 0.0,
          "z": 0.0
        },
        "rotation_quaternion": {
          "w": 0.9280146360397339,
          "x": 0.37244027853012085,
          "y": 0.0071969591081142426,
          "z": 0.005047659855335951
        },
        "scale": {
          "x": 1.0,
          "y": 1.0,
          "z": 1.0
        },
        "matrix_basis": [
          [
            0.9998454451560974,
            -0.004007729701697826,
            0.01711766980588436,
            0.0
          ],
          [
            0.01472947932779789,
            0.7225255370140076,
            -0.6911873817443848,
            0.0
          ],
          [
            -0.00959786307066679,
            0.6913326978683472,
            0.7224729061126709,
            0.0
          ],
          [
            0.0,
            0.0,
            0.0,
            1.0
          ]
        ],
        "rotation_mode": "QUATERNION"
      },
      "armature_space": {
        "head": {
          "x": 0.49468451738357544,
          "y": -0.6465808749198914,
          "z": 0.4919113218784332
        },
        "tail": {
          "x": 0.48023298382759094,
          "y": -0.6317639946937561,
          "z": 0.4712873101234436
        }
      },
      "world_space": {
        "head": {
          "x": 0.49468451738357544,
          "y": -0.5833368897438049,
          "z": 1.441765308380127
        },
        "tail": {
          "x": 0.48023298382759094,
          "y": -0.5685200095176697,
          "z": 1.4211413860321045
        },
        "rotation_quaternion": {
          "w": 0.854144275188446,
          "x": -0.4508647620677948,
          "y": 0.15488563477993011,
          "z": 0.20777170360088348
        },
        "matrix": [
          [
            0.8656825423240662,
            -0.49459922313690186,
            0.07723385095596313,
            0.49468451738357544
          ],
          [
            0.21527068316936493,
            0.507103443145752,
            0.8345686197280884,
            -0.5833368897438049
          ],
          [
            -0.45194554328918457,
            -0.7058501839637756,
            0.5454680919647217,
            1.441765308380127
          ],
          [
            0.0,
            0.0,
            0.0,
            1.0
          ]
        ]
      },
      "bone_length_armature_space": 0.029218771756484095,
      "parent": "index_02_l",
      "has_children": false,
      "is_end_bone": true
    },
    "metacarpal_pinky_l": {
      "name": "metacarpal_pinky_l",
      "local": {
        "location": {
          "x": 0.0,
          "y": 0.0,
          "z": 0.0
        },
        "rotation_quaternion": {
          "w": 0.9977771639823914,
          "x": -0.0657842829823494,
          "y": 0.008241710253059864,
          "z": 0.006728643085807562
        },
        "scale": {
          "x": 1.0,
          "y": 1.0,
          "z": 1.0
        },
        "matrix_basis": [
          [
            0.9997736215591431,
            -0.014511723071336746,
            0.015561502426862717,
            0.0
          ],
          [
            0.012343022972345352,
            0.9912543296813965,
            0.13138702511787415,
            0.0
          ],
          [
            -0.017332058399915695,
            -0.13116520643234253,
            0.9912090301513672,
            0.0
          ],
          [
            0.0,
            0.0,
            0.0,
            1.0
          ]
        ],
        "rotation_mode": "QUATERNION"
      },
      "armature_space": {
        "head": {
          "x": 0.5190980434417725,
          "y": -0.49806052446365356,
          "z": 0.508124589920044
        },
        "tail": {
          "x": 0.5729402899742126,
          "y": -0.5869638323783875,
          "z": 0.5144832134246826
        }
      },
      "world_space": {
        "head": {
          "x": 0.5190980434417725,
          "y": -0.43481653928756714,
          "z": 1.45797860622406
        },
        "tail": {
          "x": 0.5729402899742126,
          "y": -0.523719847202301,
          "z": 1.4643372297286987
        },
        "rotation_quaternion": {
          "w": 0.270248144865036,
          "x": 0.14506195485591888,
          "y": 0.009110132232308388,
          "z": -0.9517562985420227
        },
        "matrix": [
          [
            -0.8118458390235901,
            0.5170638561248779,
            -0.27120304107666016,
            0.5190980434417725
          ],
          [
            -0.5117779970169067,
            -0.8537658452987671,
            -0.09574683755636215,
            -0.43481653928756714
          ],
          [
            -0.2810535132884979,
            0.06106370687484741,
            0.957754909992218,
            1.45797860622406
          ],
          [
            0.0,
            0.0,
            0.0,
            1.0
          ]
        ]
      },
      "bone_length_armature_space": 0.1041307744686436,
      "parent": "lowerarm_l",
      "has_children": true,
      "is_end_bone": false
    },
    "pinky_01_l": {
      "name": "pinky_01_l",
      "local": {
        "location": {
          "x": 0.0,
          "y": 0.0,
          "z": 0.0
        },
        "rotation_quaternion": {
          "w": 0.9529244899749756,
          "x": 0.3030362129211426,
          "y": -0.0007134168990887702,
          "z": -0.010181291960179806
        },
        "scale": {
          "x": 1.0,
          "y": 1.0,
          "z": 1.0
        },
        "matrix_basis": [
          [
            0.99979168176651,
            0.018971621990203857,
            -0.007530265022069216,
            0.0
          ],
          [
            -0.019836386665701866,
            0.8161308169364929,
            -0.5775267481803894,
            0.0
          ],
          [
            -0.004810935351997614,
            0.577555775642395,
            0.8163371086120605,
            0.0
          ],
          [
            0.0,
            0.0,
            0.0,
            1.0
          ]
        ],
        "rotation_mode": "QUATERNION"
      },
      "armature_space": {
        "head": {
          "x": 0.5729402899742126,
          "y": -0.5869638323783875,
          "z": 0.5144832134246826
        },
        "tail": {
          "x": 0.5775786638259888,
