{
  "metadata": {
    "armature_name": "KIM_caucasian_male",
    "export_time": "2026-01-13T21:04:27.760951",
    "blender_version": "4.4.1",
    "bone_count": 56,
    "end_bone_count": 13,
    "spaces_included": [
      "LOCAL_CHANNELS",
      "ARMATURE_SPACE",
      "WORLD_SPACE"
    ],
    "note": "LOCAL matches Transform panel; replay pose via local.matrix_basis for best fidelity."
  },
  "bones": {
    "Root": {
      "name": "Root",
      "local": {
        "location": {
          "x": 0.0,
          "y": 0.0,
          "z": 0.0
        },
        "rotation_quaternion": {
          "w": 0.999931812286377,
          "x": -0.003073266474530101,
          "y": 0.009046746417880058,
          "z": -0.006725138518959284
        },
        "scale": {
          "x": 1.0,
          "y": 1.0,
          "z": 1.0
        },
        "matrix_basis": [
          [
            0.9997458457946777,
            0.01339375413954258,
            0.01813359558582306,
            0.0
          ],
          [
            -0.013504966162145138,
            0.9998906254768372,
            0.006024432368576527,
            0.0
          ],
          [
            -0.018050922080874443,
            -0.006267794873565435,
            0.999817430973053,
            0.0
          ],
          [
            0.0,
            0.0,
            0.0,
            1.0
          ]
        ],
        "rotation_mode": "QUATERNION"
      },
      "armature_space": {
        "head": {
          "x": 0.0,
          "y": 0.07072800397872925,
          "z": -0.009595036506652832
        },
        "tail": {
          "x": 0.0009559908648952842,
          "y": 6.787478923797607e-05,
          "z": 0.00044226180762052536
        }
      },
      "world_space": {
        "head": {
          "x": 0.0,
          "y": 0.13397200405597687,
          "z": 0.9402589797973633
        },
        "tail": {
          "x": 0.0009559908648952842,
          "y": 0.0633118748664856,
          "z": 0.9502962827682495
        },
        "rotation_quaternion": {
          "w": 0.07042934000492096,
          "x": 0.9974530935287476,
          "y": 0.0073193213902413845,
          "z": 0.00857313722372055
        },
        "matrix": [
          [
            0.9997458457946777,
            0.01339375413954258,
            0.01813359558582306,
            0.0
          ],
          [
            0.015808964148163795,
            -0.9899722337722778,
            -0.14037489891052246,
            0.13397200405597687
          ],
          [
            0.016071734949946404,
            0.1406259387731552,
            -0.9899394512176514,
            0.9402589797973633
          ],
          [
            0.0,
            0.0,
            0.0,
            1.0
          ]
        ]
      },
      "bone_length_armature_space": 0.07137587213760122,
      "parent": null,
      "has_children": true,
      "is_end_bone": false
    },
    "spine_01": {
      "name": "spine_01",
      "local": {
        "location": {
          "x": 0.0,
          "y": 0.0,
          "z": 0.0
        },
        "rotation_quaternion": {
          "w": 0.9996914863586426,
          "x": 0.013879083096981049,
          "y": 0.019616762176156044,
          "z": 0.0062888748943805695
        },
        "scale": {
          "x": 1.0,
          "y": 1.0,
          "z": 1.0
        },
        "matrix_basis": [
          [
            0.9991512894630432,
            -0.012029344215989113,
            0.03939598798751831,
            0.0
          ],
          [
            0.013118394650518894,
            0.9995356202125549,
            -0.027502868324518204,
            0.0
          ],
          [
            -0.03904685378074646,
            0.027996337041258812,
            0.998845100402832,
            0.0
          ],
          [
            0.0,
            0.0,
            0.0,
            1.0
          ]
        ],
        "rotation_mode": "QUATERNION"
      },
      "armature_space": {
        "head": {
          "x": 0.0009559908648952842,
          "y": 6.787478923797607e-05,
          "z": 0.00044226180762052536
        },
        "tail": {
          "x": -0.012944882735610008,
          "y": 0.012060697190463543,
          "z": 0.48810145258903503
        }
      },
      "world_space": {
        "head": {
          "x": 0.0009559908648952842,
          "y": 0.0633118748664856,
          "z": 0.9502962827682495
        },
        "tail": {
          "x": -0.012944882735610008,
          "y": 0.07530469447374344,
          "z": 1.4379554986953735
        },
        "rotation_quaternion": {
          "w": 0.7156773209571838,
          "x": 0.697748064994812,
          "y": 0.009670227766036987,
          "z": 0.029328936710953712
        },
        "matrix": [
          [
            0.9980926513671875,
            -0.02848532423377037,
            0.05477013438940048,
            0.0009559908648952842
          ],
          [
            0.05547507852315903,
            0.02457539364695549,
            -0.9981576204299927,
            0.0633118748664856
          ],
          [
            0.02708708867430687,
            0.9992991089820862,
            0.026107996702194214,
            0.9502962827682495
          ],
          [
            0.0,
            0.0,
            0.0,
            1.0
          ]
        ]
      },
      "bone_length_armature_space": 0.48800464961567375,
      "parent": "Root",
      "has_children": true,
      "is_end_bone": false
    },
    "neck_01": {
      "name": "neck_01",
      "local": {
        "location": {
          "x": 0.0,
          "y": 0.0,
          "z": 0.0
        },
        "rotation_quaternion": {
          "w": 0.9894980788230896,
          "x": 0.06144293025135994,
          "y": 0.025241829454898834,
          "z": -0.1283792406320572
        },
        "scale": {
          "x": 1.0,
          "y": 1.0,
          "z": 1.0
        },
        "matrix_basis": [
          [
            0.96576327085495,
            0.2571638822555542,
            0.03417748957872391,
            0.0
          ],
          [
            -0.25096017122268677,
            0.9594870805740356,
            -0.12807637453079224,
            0.0
          ],
          [
            -0.06572947651147842,
            0.11511427164077759,
            0.9911752343177795,
            0.0
          ],
          [
            0.0,
            0.0,
            0.0,
            1.0
          ]
        ],
        "rotation_mode": "QUATERNION"
      },
      "armature_space": {
        "head": {
          "x": -0.013131081126630306,
          "y": -0.020756475627422333,
          "z": 0.5621740818023682
        },
        "tail": {
          "x": 0.01334609929472208,
          "y": -0.0654098391532898,
          "z": 0.650580883026123
        }
      },
      "world_space": {
        "head": {
          "x": -0.013131081126630306,
          "y": 0.04248752444982529,
          "z": 1.5120280981063843
        },
        "tail": {
          "x": 0.01334609929472208,
          "y": -0.0021658390760421753,
          "z": 1.6004348993301392
        },
        "rotation_quaternion": {
          "w": 0.513514518737793,
          "x": 0.8467859625816345,
          "y": 0.13611263036727905,
          "z": -0.027013223618268967
        },
        "matrix": [
          [
            0.9614872336387634,
            0.25826019048690796,
            0.09404385089874268,
            -0.013131081126630306
          ],
          [
            0.20277416706085205,
            -0.43555188179016113,
            -0.8770276308059692,
            0.04248752444982529
          ],
          [
            -0.18554139137268066,
            0.86232590675354,
            -0.47115015983581543,
            1.5120280981063843
          ],
          [
            0.0,
            0.0,
            0.0,
            1.0
          ]
        ]
      },
      "bone_length_armature_space": 0.10252183417500597,
      "parent": "spine_01",
      "has_children": true,
      "is_end_bone": false
    },
    "head": {
      "name": "head",
      "local": {
        "location": {
          "x": 0.0,
          "y": 0.0,
          "z": 0.0
        },
        "rotation_quaternion": {
          "w": 0.9805011749267578,
          "x": -0.0995088666677475,
          "y": -0.1636417657136917,
          "z": -0.04401099309325218
        },
        "scale": {
          "x": 1.0,
          "y": 1.0,
          "z": 1.0
        },
        "matrix_basis": [
          [
            0.942568838596344,
            0.11887327581644058,
            -0.31214290857315063,
            0.0
          ],
          [
            -0.05373804643750191,
            0.9763220548629761,
            0.2095412015914917,
            0.0
          ],
          [
            0.3296608626842499,
            -0.18073305487632751,
            0.9266387224197388,
            0.0
          ],
          [
            0.0,
            0.0,
            0.0,
            1.0
          ]
        ],
        "rotation_mode": "QUATERNION"
      },
      "armature_space": {
        "head": {
          "x": 0.013346095569431782,
          "y": -0.06540994346141815,
          "z": 0.6505807638168335
        },
        "tail": {
          "x": 0.057312216609716415,
          "y": -0.047879066318273544,
          "z": 0.7982727885246277
        }
      },
      "world_space": {
        "head": {
          "x": 0.013346095569431782,
          "y": -0.0021659433841705322,
          "z": 1.6004347801208496
        },
        "tail": {
          "x": 0.057312216609716415,
          "y": 0.015364933758974075,
          "z": 1.748126745223999
        },
        "rotation_quaternion": {
          "w": 0.7436283826828003,
          "x": 0.6513763070106506,
          "y": 0.059455495327711105,
          "z": -0.13853120803833008
        },
        "matrix": [
          [
            0.9545482993125916,
            0.2834874093532562,
            -0.09204791486263275,
            0.013346095569431782
          ],
          [
            -0.12857750058174133,
            0.11303664743900299,
            -0.9852365255355835,
            -0.0021659433841705322
          ],
          [
            -0.26889926195144653,
            0.9522976279258728,
            0.14434903860092163,
            1.6004347801208496
          ],
          [
            0.0,
            0.0,
            0.0,
            1.0
          ]
        ]
      },
      "bone_length_armature_space": 0.1550912180525847,
      "parent": "neck_01",
      "has_children": false,
      "is_end_bone": true
    },
    "upperarm_l": {
      "name": "upperarm_l",
      "local": {
        "location": {
          "x": 0.0,
          "y": 0.0,
          "z": 0.0
        },
        "rotation_quaternion": {
          "w": 0.9649640321731567,
          "x": 0.24519328773021698,
          "y": 0.053115114569664,
          "z": -0.07683447748422623
        },
        "scale": {
          "x": 1.0,
          "y": 1.0,
          "z": 1.0
        },
        "matrix_basis": [
          [
            0.9825505018234253,
            0.17433194816112518,
            0.0648297518491745,
            0.0
          ],
          [
            -0.12223807722330093,
            0.8679534196853638,
            -0.4813675582408905,
            0.0
          ],
          [
            -0.14018695056438446,
            0.4650432765483856,
            0.8741180896759033,
            0.0
          ],
          [
            0.0,
            0.0,
            0.0,
            1.0
          ]
        ],
        "rotation_mode": "QUATERNION"
      },
      "armature_space": {
        "head": {
          "x": 0.13867191970348358,
          "y": -0.017270123586058617,
          "z": 0.49915972352027893
        },
        "tail": {
          "x": 0.3821357786655426,
          "y": -0.11957421153783798,
          "z": 0.4536965787410736
        }
      },
      "world_space": {
        "head": {
          "x": 0.13867191970348358,
          "y": 0.045973874628543854,
          "z": 1.4490137100219727
        },
        "tail": {
          "x": 0.3821357786655426,
          "y": -0.05633021146059036,
          "z": 1.403550624847412
        },
        "rotation_quaternion": {
          "w": 0.32513368129730225,
          "x": 0.5735692977905273,
          "y": 0.4509984254837036,
          "z": -0.6015868782997131
        },
        "matrix": [
          [
            -0.13061361014842987,
            0.9085508584976196,
            -0.39683201909065247,
            0.13867191970348358
          ],
          [
            0.12616440653800964,
            -0.3817752003669739,
            -0.9156038761138916,
            0.045973874628543854
          ],
          [
            -0.9833798408508301,
            -0.16965794563293457,
            -0.06476301699876785,
            1.4490137100219727
          ],
          [
            0.0,
            0.0,
            0.0,
            1.0
          ]
        ]
      },
      "bone_length_armature_space": 0.2679695399949743,
      "parent": "spine_01",
      "has_children": true,
      "is_end_bone": false
    },
    "lowerarm_l": {
      "name": "lowerarm_l",
      "local": {
        "location": {
          "x": 0.0,
          "y": 0.0,
          "z": 0.0
        },
        "rotation_quaternion": {
          "w": 0.8498940467834473,
          "x": 0.4864339828491211,
          "y": 0.12906622886657715,
          "z": -0.1562182754278183
        },
        "scale": {
          "x": 1.0,
          "y": 1.0,
          "z": 1.0
        },
        "matrix_basis": [
          [
            0.9178755283355713,
            0.3911023736000061,
            0.06740548461675644,
            0.0
          ],
          [
            -0.13997356593608856,
            0.4779556691646576,
            -0.8671597242355347,
            0.0
          ],
          [
            -0.3713649809360504,
            0.7865096926689148,
            0.49344778060913086,
            0.0
          ],
          [
            0.0,
            0.0,
            0.0,
            1.0
          ]
        ],
        "rotation_mode": "QUATERNION"
      },
      "armature_space": {
        "head": {
          "x": 0.38213586807250977,
          "y": -0.11957430094480515,
          "z": 0.45369666814804077
        },
        "tail": {
          "x": 0.3761281371116638,
          "y": -0.3684854805469513,
          "z": 0.3558361232280731
        }
      },
      "world_space": {
        "head": {
          "x": 0.38213586807250977,
          "y": -0.056330300867557526,
          "z": 1.403550624847412
        },
        "tail": {
          "x": 0.3761281371116638,
          "y": -0.3052414655685425,
          "z": 1.3056901693344116
        },
        "rotation_quaternion": {
          "w": 0.1352577656507492,
          "x": -0.6696697473526001,
          "y": -0.128427192568779,
          "z": 0.718856155872345
        },
        "matrix": [
          [
            -0.06649598479270935,
            -0.022456735372543335,
            -0.9975340962409973,
            0.38213586807250977
          ],
          [
            0.3664690852165222,
            -0.9304239749908447,
            -0.0034830868244171143,
            -0.056330300867557526
          ],
          [
            -0.9280571937561035,
            -0.3658003509044647,
            0.0700995922088623,
            1.403550624847412
          ],
          [
            0.0,
            0.0,
            0.0,
            1.0
          ]
        ]
      },
      "bone_length_armature_space": 0.2675248590461108,
      "parent": "upperarm_l",
      "has_children": true,
      "is_end_bone": false
    },
    "metacarpal_thumb_l": {
      "name": "metacarpal_thumb_l",
      "local": {
        "location": {
          "x": 0.0,
          "y": 0.0,
          "z": 0.0
        },
        "rotation_quaternion": {
          "w": 0.9998724460601807,
          "x": 0.011629428714513779,
          "y": -0.010280384682118893,
          "z": -0.0037807398475706577
        },
        "scale": {
          "x": 1.0,
          "y": 1.0,
          "z": 1.0
        },
        "matrix_basis": [
          [
            0.9997600317001343,
            0.007321405224502087,
            -0.02064608223736286,
            0.0
          ],
          [
            -0.007799625396728516,
            0.9997009038925171,
            -0.023178156465291977,
            0.0
          ],
          [
            0.020470211282372475,
            0.023333625867962837,
            0.9995181560516357,
            0.0
          ],
          [
            0.0,
            0.0,
            0.0,
            1.0
          ]
        ],
        "rotation_mode": "QUATERNION"
      },
      "armature_space": {
        "head": {
          "x": 0.3761281371116638,
          "y": -0.3684854805469513,
          "z": 0.3558361232280731
        },
        "tail": {
          "x": 0.3458821177482605,
          "y": -0.4011531174182892,
          "z": 0.33411985635757446
        }
      },
      "world_space": {
        "head": {
          "x": 0.3761281371116638,
          "y": -0.3052414655685425,
          "z": 1.3056901693344116
        },
        "tail": {
          "x": 0.3458821177482605,
          "y": -0.33790910243988037,
          "z": 1.2839739322662354
        },
        "rotation_quaternion": {
          "w": 0.2758086323738098,
          "x": -0.9054591655731201,
          "y": 0.3068840205669403,
          "z": 0.0994771420955658
        },
        "matrix": [
          [
            0.7918529510498047,
            -0.6106153130531311,
            -0.01086113229393959,
            0.3761281371116638
          ],
          [
            -0.5008696913719177,
            -0.6595034599304199,
            0.5605220794677734,
            -0.3052414655685425
          ],
          [
            -0.3494291305541992,
            -0.4384145736694336,
            -0.8280736207962036,
            1.3056901693344116
          ],
          [
            0.0,
            0.0,
            0.0,
            1.0
          ]
        ]
      },
      "bone_length_armature_space": 0.049533750426006114,
      "parent": "lowerarm_l",
      "has_children": true,
      "is_end_bone": false
    },
    "thumb_01_l": {
      "name": "thumb_01_l",
      "local": {
        "location": {
          "x": 0.0,
          "y": 0.0,
          "z": 0.0
        },
        "rotation_quaternion": {
          "w": 0.9982013702392578,
          "x": -0.059707414358854294,
          "y": -0.0019158287905156612,
          "z": 0.005039836745709181
        },
        "scale": {
          "x": 1.0,
          "y": 1.0,
          "z": 1.0
        },
        "matrix_basis": [
          [
            0.999941885471344,
            -0.009832765907049179,
            -0.004426597151905298,
            0.0
          ],
          [
            0.01029032189399004,
            0.9928192496299744,
            0.11918073147535324,
            0.0
          ],
          [
            0.0032229346688836813,
            -0.1192193552851677,
            0.9928627014160156,
            0.0
          ],
          [
            0.0,
            0.0,
            0.0,
            1.0
          ]
        ],
        "rotation_mode": "QUATERNION"
      },
      "armature_space": {
        "head": {
          "x": 0.3458821177482605,
          "y": -0.4011531174182892,
          "z": 0.33411985635757446
        },
        "tail": {
          "x": 0.32592102885246277,
          "y": -0.39744332432746887,
          "z": 0.3067990243434906
        }
      },
      "world_space": {
        "head": {
          "x": 0.3458821177482605,
          "y": -0.33790910243988037,
          "z": 1.2839739322662354
        },
        "tail": {
          "x": 0.32592102885246277,
          "y": -0.33419930934906006,
          "z": 1.256653070449829
        },
        "rotation_quaternion": {
          "w": 0.15643338859081268,
          "x": -0.49819469451904297,
          "y": 0.7280270457267761,
          "z": -0.44419294595718384
        },
        "matrix": [
          [
            -0.45465877652168274,
            -0.586425244808197,
            0.6703663468360901,
            0.3458821177482605
          ],
          [
            -0.864372968673706,
            0.10898785293102264,
            -0.49089840054512024,
            -0.33790910243988037
          ],
          [
            0.21481415629386902,
            -0.8026431798934937,
            -0.5564466714859009,
            1.2839739322662354
          ],
          [
            0.0,
            0.0,
            0.0,
            1.0
          ]
        ]
      },
      "bone_length_armature_space": 0.0340387350660787,
      "parent": "metacarpal_thumb_l",
      "has_children": true,
      "is_end_bone": false
    },
    "thumb_02_l": {
      "name": "thumb_02_l",
      "local": {
        "location": {
          "x": 0.0,
          "y": 0.0,
          "z": 0.0
        },
        "rotation_quaternion": {
          "w": 0.9945228695869446,
          "x": 0.10397513210773468,
          "y": -0.010344065725803375,
          "z": 0.002569862874224782
        },
        "scale": {
          "x": 1.0,
          "y": 1.0,
          "z": 1.0
        },
        "matrix_basis": [
          [
            0.9997727870941162,
            -0.007262626197189093,
            -0.020040417090058327,
            0.0
          ],
          [
            0.0029605235904455185,
            0.9783651232719421,
            -0.20686446130275726,
            0.0
          ],
          [
            0.02110922336578369,
            0.20675812661647797,
            0.9781643152236938,
            0.0
          ],
          [
            0.0,
            0.0,
            0.0,
            1.0
          ]
        ],
        "rotation_mode": "QUATERNION"
      },
      "armature_space": {
        "head": {
          "x": 0.32592102885246277,
          "y": -0.3974432647228241,
          "z": 0.306799054145813
        },
        "tail": {
          "x": 0.32497280836105347,
          "y": -0.43274399638175964,
          "z": 0.28766411542892456
        }
      },
      "world_space": {
        "head": {
          "x": 0.32592102885246277,
          "y": -0.3341992497444153,
          "z": 1.256653070449829
        },
        "tail": {
          "x": 0.32497280836105347,
          "y": -0.36949998140335083,
          "z": 1.237518072128296
        },
        "rotation_quaternion": {
          "w": 0.08240919560194016,
          "x": -0.3694190979003906,
          "y": 0.23185387253761292,
          "z": -0.8960926532745361
        },
        "matrix": [
          [
            -0.713476836681366,
            -0.023608848452568054,
            0.7002810835838318,
            0.32592102885246277
          ],
          [
            -0.31899482011795044,
            -0.8789055943489075,
            -0.35463693737983704,
            -0.3341992497444153
          ],
          [
            0.6238576173782349,
            -0.4764153063297272,
            0.6195515394210815,
            1.256653070449829
          ],
          [
            0.0,
            0.0,
            0.0,
            1.0
          ]
        ]
      },
      "bone_length_armature_space": 0.0401644946634857,
      "parent": "thumb_01_l",
      "has_children": true,
      "is_end_bone": false
    },
    "thumb_03_l": {
      "name": "thumb_03_l",
      "local": {
        "location": {
          "x": 0.0,
          "y": 0.0,
          "z": 0.0
        },
        "rotation_quaternion": {
          "w": 0.9954027533531189,
          "x": 0.09540016949176788,
          "y": -0.006966060493141413,
          "z": 0.004858494270592928
        },
        "scale": {
          "x": 1.0,
          "y": 1.0,
          "z": 1.0
        },
        "matrix_basis": [
          [
            0.9998557567596436,
            -0.01100144349038601,
            -0.012941068969666958,
            0.0
          ],
          [
            0.008343190886080265,
            0.9817504286766052,
            -0.18999087810516357,
            0.0
          ],
          [
            0.014795074239373207,
            0.18985550105571747,
            0.9817005395889282,
            0.0
          ],
          [
            0.0,
            0.0,
            0.0,
            1.0
          ]
        ],
        "rotation_mode": "QUATERNION"
      },
      "armature_space": {
        "head": {
          "x": 0.3249727189540863,
          "y": -0.43274393677711487,
          "z": 0.28766414523124695
        },
        "tail": {
          "x": 0.3357883095741272,
          "y": -0.46046575903892517,
          "z": 0.2812286615371704
        }
      },
      "world_space": {
        "head": {
          "x": 0.3249727189540863,
          "y": -0.36949992179870605,
          "z": 1.2375181913375854
        },
        "tail": {
          "x": 0.3357883095741272,
          "y": -0.39722174406051636,
          "z": 1.2310826778411865
        },
        "rotation_quaternion": {
          "w": 0.1958085298538208,
          "x": -0.1455010175704956,
          "y": 0.07987622916698456,
          "z": -0.966492772102356
        },
        "matrix": [
          [
            -0.8809768557548523,
            0.355251282453537,
            0.31253236532211304,
            0.3249727189540863
          ],
          [
            -0.4017391800880432,
            -0.9105578064918518,
            -0.09741808474063873,
            -0.36949992179870605
          ],
          [
            0.24997232854366302,
            -0.21138182282447815,
            0.9449051022529602,
            1.2375181913375854
          ],
          [
            0.0,
            0.0,
            0.0,
            1.0
          ]
        ]
      },
      "bone_length_armature_space": 0.03044489944234,
      "parent": "thumb_02_l",
      "has_children": false,
      "is_end_bone": true
    },
    "metacarpal_index_l": {
      "name": "metacarpal_index_l",
      "local": {
        "location": {
          "x": 0.0,
          "y": 0.0,
          "z": 0.0
        },
        "rotation_quaternion": {
          "w": 0.9970395565032959,
          "x": -0.07482817769050598,
          "y": -0.017638787627220154,
          "z": 0.0013127271085977554
        },
        "scale": {
          "x": 1.0,
          "y": 1.0,
          "z": 1.0
        },
        "matrix_basis": [
          [
            0.999374270439148,
            2.207496072514914e-05,
            -0.035369597375392914,
            0.0
          ],
          [
            0.005257438402622938,
            0.9887980222702026,
            0.149167001247406,
            0.0
          ],
          [
            0.03497667983174324,
            -0.14925961196422577,
            0.9881792068481445,
            0.0
          ],
          [
            0.0,
            0.0,
            0.0,
            1.0
          ]
        ],
        "rotation_mode": "QUATERNION"
      },
      "armature_space": {
        "head": {
          "x": 0.3761281371116638,
          "y": -0.3684854805469513,
          "z": 0.3558361232280731
        },
        "tail": {
          "x": 0.3483513593673706,
          "y": -0.47767823934555054,
          "z": 0.3236704468727112
        }
      },
      "world_space": {
        "head": {
          "x": 0.3761281371116638,
          "y": -0.3052414655685425,
          "z": 1.3056901693344116
        },
        "tail": {
          "x": 0.3483513593673706,
          "y": -0.4144342541694641,
          "z": 1.273524522781372
        },
        "rotation_quaternion": {
          "w": 0.17506559193134308,
          "x": -0.908735454082489,
          "y": 0.05831319838762283,
          "z": 0.374368280172348
        },
        "matrix": [
          [
            0.7128962874412537,
            -0.23706026375293732,
            -0.6599860191345215,
            0.3761281371116638
          ],
          [
            0.02509504184126854,
            -0.9319037199020386,
            0.36183708906173706,
            -0.3052414655685425
          ],
          [
            -0.7008252739906311,
            -0.2745174765586853,
            -0.6584057807922363,
            1.3056901693344116
          ],
          [
            0.0,
            0.0,
            0.0,
            1.0
          ]
        ]
      },
      "bone_length_armature_space": 0.11717183510071234,
      "parent": "lowerarm_l",
      "has_children": true,
      "is_end_bone": false
    },
    "index_01_l": {
      "name": "index_01_l",
      "local": {
        "location": {
          "x": 0.0,
          "y": 0.0,
          "z": 0.0
        },
        "rotation_quaternion": {
          "w": 0.9933697581291199,
          "x": -0.11405885219573975,
          "y": -0.010573888197541237,
          "z": -0.009760268963873386
        },
        "scale": {
          "x": 1.0,
          "y": 1.0,
          "z": 1.0
        },
        "matrix_basis": [
          [
            0.9995858669281006,
            0.021803203970193863,
            -0.01878107152879238,
            0.0
          ],
          [
            -0.016979020088911057,
            0.9737906455993652,
            0.22681163251399994,
            0.0
          ],
          [
            0.02323405258357525,
            -0.22639882564544678,
            0.9737575650215149,
            0.0
          ],
          [
            0.0,
            0.0,
            0.0,
            1.0
          ]
        ],
        "rotation_mode": "QUATERNION"
      },
      "armature_space": {
        "head": {
          "x": 0.3483513593673706,
          "y": -0.47767823934555054,
          "z": 0.3236704468727112
        },
        "tail": {
          "x": 0.35610267519950867,
          "y": -0.5042086839675903,
          "z": 0.31666162610054016
        }
      },
      "world_space": {
        "head": {
          "x": 0.3483513593673706,
          "y": -0.4144342541694641,
          "z": 1.273524522781372
        },
        "tail": {
          "x": 0.35610267519950867,
          "y": -0.4409646987915039,
          "z": 1.2665156126022339
        },
        "rotation_quaternion": {
          "w": 0.07380456477403641,
          "x": -0.9299793243408203,
          "y": -0.17129279673099518,
          "z": 0.3167811334133148
        },
        "matrix": [
          [
            0.7406169176101685,
            0.271838515996933,
            -0.6144841313362122,
            0.3483513593673706
          ],
          [
            0.3653574287891388,
            -0.9304235577583313,
            0.028747454285621643,
            -0.4144342541694641
          ],
          [
            -0.563919186592102,
            -0.245799720287323,
            -0.7884109020233154,
            1.273524522781372
          ],
          [
            0.0,
            0.0,
            0.0,
            1.0
          ]
        ]
      },
      "bone_length_armature_space": 0.028514399253636226,
      "parent": "metacarpal_index_l",
      "has_children": true,
      "is_end_bone": false
    },
    "index_02_l": {
      "name": "index_02_l",
      "local": {
        "location": {
          "x": 0.0,
          "y": 0.0,
          "z": 0.0
        },
        "rotation_quaternion": {
          "w": 0.9999134540557861,
          "x": 0.006406502332538366,
          "y": -0.009505546651780605,
          "z": 0.006456619594246149
        },
        "scale": {
          "x": 1.0,
          "y": 1.0,
          "z": 1.0
        },
        "matrix_basis": [
          [
            0.9997358918190002,
            -0.013033916242420673,
            -0.018926719203591347,
            0.0
          ],
          [
            0.012790326960384846,
            0.9998345375061035,
            -0.012934642843902111,
            0.0
          ],
          [
            0.019092176109552383,
            0.01268914807587862,
            0.9997372031211853,
            0.0
          ],
          [
            0.0,
            0.0,
            0.0,
            1.0
          ]
        ],
        "rotation_mode": "QUATERNION"
      },
      "armature_space": {
        "head": {
          "x": 0.3561023771762848,
          "y": -0.5042091012001038,
          "z": 0.31666141748428345
        },
        "tail": {
          "x": 0.36375996470451355,
          "y": -0.5279226899147034,
          "z": 0.3105689287185669
        }
      },
      "world_space": {
        "head": {
          "x": 0.3561023771762848,
          "y": -0.44096511602401733,
          "z": 1.2665154933929443
        },
        "tail": {
          "x": 0.36375996470451355,
          "y": -0.46467870473861694,
          "z": 1.260422945022583
        },
        "rotation_quaternion": {
          "w": 0.058169424533843994,
          "x": -0.9151577353477478,
          "y": -0.1855321079492569,
          "z": 0.3531014919281006
        },
        "matrix": [
          [
            0.6817942261695862,
            0.2985038161277771,
            -0.6678715348243713,
            0.3561023771762848
          ],
          [
            0.38066181540489197,
            -0.9243884086608887,
            -0.02455642819404602,
            -0.44096511602401733
          ],
          [
            -0.6247066855430603,
            -0.23749321699142456,
            -0.7438768148422241,
            1.2665154933929443
          ],
          [
            0.0,
            0.0,
            0.0,
            1.0
          ]
        ]
      },
      "bone_length_armature_space": 0.025653291788608663,
      "parent": "index_01_l",
      "has_children": true,
      "is_end_bone": false
    },
    "index_03_l": {
      "name": "index_03_l",
      "local": {
        "location": {
          "x": 0.0,
          "y": 0.0,
          "z": 0.0
        },
        "rotation_quaternion": {
          "w": 0.9996423721313477,
          "x": 0.025553973391652107,
          "y": 0.0073826429434120655,
          "z": -0.002773833926767111
        },
        "scale": {
          "x": 1.0,
          "y": 1.0,
          "z": 1.0
        },
        "matrix_basis": [
          [
            0.9998756051063538,
            0.005922995507717133,
            0.014618240296840668,
            0.0
          ],
          [
            -0.0051683722995221615,
            0.9986786246299744,
            -0.05113062635064125,
            0.0
          ],
          [
            -0.014901770278811455,
            0.05104871094226837,
            0.9985849857330322,
            0.0
          ],
          [
            0.0,
            0.0,
            0.0,
            1.0
          ]
        ],
        "rotation_mode": "QUATERNION"
      },
      "armature_space": {
        "head": {
          "x": 0.3637600541114807,
          "y": -0.5279226899147034,
          "z": 0.31056907773017883
        },
        "tail": {
          "x": 0.3716479241847992,
          "y": -0.5535241961479187,
          "z": 0.29890376329421997
        }
      },
      "world_space": {
        "head": {
          "x": 0.3637600541114807,
          "y": -0.46467870473861694,
          "z": 1.2604230642318726
        },
        "tail": {
          "x": 0.3716479241847992,
          "y": -0.4902802109718323,
          "z": 1.2487578392028809
        },
        "rotation_quaternion": {
          "w": 0.1477034091949463,
          "x": -0.9129120111465454,
          "y": -0.20020635426044464,
          "z": 0.3235625922679901
        },
        "matrix": [
          [
            0.7104490399360657,
            0.2699599862098694,
            -0.6499106884002686,
            0.3637600541114807
          ],
          [
            0.461124449968338,
            -0.8762025833129883,
            0.14012038707733154,
            -0.46467870473861694
          ],
          [
            -0.5316295623779297,
            -0.39924168586730957,
            -0.7469874024391174,
            1.2604230642318726
          ],
          [
            0.0,
            0.0,
            0.0,
            1.0
          ]
        ]
      },
      "bone_length_armature_space": 0.029218746979327286,
      "parent": "index_02_l",
      "has_children": false,
      "is_end_bone": true
    },
    "metacarpal_pinky_l": {
      "name": "metacarpal_pinky_l",
      "local": {
        "location": {
          "x": 0.0,
          "y": 0.0,
          "z": 0.0
        },
        "rotation_quaternion": {
          "w": 0.9987357258796692,
          "x": -0.04921678081154823,
          "y": 0.00860774889588356,
          "z": -0.0055431192740798
        },
        "scale": {
          "x": 1.0,
          "y": 1.0,
          "z": 1.0
        },
        "matrix_basis": [
          [
            0.999790370464325,
            0.010224930942058563,
            0.01773936115205288,
            0.0
          ],
          [
            -0.011919514276087284,
            0.9950939416885376,
            0.09821368753910065,
            0.0
          ],
          [
            -0.016648104414343834,
            -0.09840454161167145,
            0.9950072169303894,
            0.0
          ],
          [
            0.0,
            0.0,
            0.0,
            1.0
          ]
        ],
        "rotation_mode": "QUATERNION"
      },
      "armature_space": {
        "head": {
          "x": 0.3761281371116638,
          "y": -0.3684854805469513,
          "z": 0.3558361232280731
        },
        "tail": {
          "x": 0.4062251150608063,
          "y": -0.45576608180999756,
          "z": 0.3076746165752411
        }
      },
      "world_space": {
        "head": {
          "x": 0.3761281371116638,
          "y": -0.3052414655685425,
          "z": 1.3056901693344116
        },
        "tail": {
          "x": 0.4062251150608063,
          "y": -0.39252209663391113,
          "z": 1.2575286626815796
        },
        "rotation_quaternion": {
          "w": 0.11759117245674133,
          "x": 0.12651486694812775,
          "y": 0.25900036096572876,
          "z": -0.9503079652786255
        },
        "matrix": [
          [
            -0.9403328895568848,
            0.289030522108078,
            -0.17954325675964355,
            0.3761281371116638
          ],
          [
            -0.15796151757240295,
            -0.8381826877593994,
            -0.5220139026641846,
            -0.3052414655685425
          ],
          [
            -0.30137011408805847,
            -0.46250978112220764,
            0.8338313102722168,
            1.3056901693344116
          ],
          [
            0.0,
            0.0,
            0.0,
            1.0
          ]
        ]
      },
      "bone_length_armature_space": 0.10413098630671137,
      "parent": "lowerarm_l",
      "has_children": true,
      "is_end_bone": false
    },
    "pinky_01_l": {
      "name": "pinky_01_l",
      "local": {
        "location": {
          "x": 0.0,
          "y": 0.0,
          "z": 0.0
        },
        "rotation_quaternion": {
          "w": 0.997853696346283,
          "x": -0.063465915620327,
          "y": 0.014886122196912766,
          "z": -0.0062062605284154415
        },
        "scale": {
          "x": 1.0,
          "y": 1.0,
          "z": 1.0
        },
        "matrix_basis": [
          [
            0.9994797706604004,
            0.010496357455849648,
            0.03049611672759056,
            0.0
          ],
          [
            -0.014275402761995792,
            0.9918671250343323,
            0.12647461891174316,
            0.0
          ],
          [
            -0.028920572251081467,
            -0.12684416770935059,
            0.991500973701477,
            0.0
          ],
          [
            0.0,
            0.0,
            0.0,
            1.0
          ]
        ],
        "rotation_mode": "QUATERNION"
      },
      "armature_space": {
        "head": {
          "x": 0.4062251150608063,
          "y": -0.45576608180999756,
          "z": 0.3076746165752411
