{
  "metadata": {
    "armature_name": "KIM_caucasian_male",
    "export_time": "2026-01-13T21:12:22.443742",
    "blender_version": "4.4.1",
    "bone_count": 56,
    "end_bone_count": 13,
    "spaces_included": [
      "LOCAL_CHANNELS",
      "ARMATURE_SPACE",
      "WORLD_SPACE"
    ],
    "note": "LOCAL matches Transform panel; replay pose via local.matrix_basis for best fidelity."
  },
  "bones": {
    "Root": {
      "name": "Root",
      "local": {
        "location": {
          "x": 0.0,
          "y": 0.0,
          "z": 0.0
        },
        "rotation_quaternion": {
          "w": 0.9999568462371826,
          "x": 0.003791949013248086,
          "y": -0.00019342104496899992,
          "z": -0.008487701416015625
        },
        "scale": {
          "x": 1.0,
          "y": 1.0,
          "z": 1.0
        },
        "matrix_basis": [
          [
            0.9998558163642883,
            0.016973203048110008,
            -0.00045119525748305023,
            0.0
          ],
          [
            -0.016976136714220047,
            0.9998271465301514,
            -0.007580287288874388,
            0.0
          ],
          [
            0.0003224555402994156,
            0.0075868540443480015,
            0.9999711513519287,
            0.0
          ],
          [
            0.0,
            0.0,
            0.0,
            1.0
          ]
        ],
        "rotation_mode": "QUATERNION"
      },
      "armature_space": {
        "head": {
          "x": 0.0,
          "y": 0.07072800397872925,
          "z": -0.009595036506652832
        },
        "tail": {
          "x": 0.0012114770943298936,
          "y": -6.05657696723938e-05,
          "z": -0.0005382653325796127
        }
      },
      "world_space": {
        "head": {
          "x": 0.0,
          "y": 0.13397200405597687,
          "z": 0.9402589797973633
        },
        "tail": {
          "x": 0.0012114770943298936,
          "y": 0.06318343430757523,
          "z": 0.9493157267570496
        },
        "rotation_quaternion": {
          "w": 0.06358140707015991,
          "x": 0.9979405999183655,
          "y": 0.008455389179289341,
          "z": -0.0007647799793630838
        },
        "matrix": [
          [
            0.9998558163642883,
            0.016973203048110008,
            -0.00045119525748305023,
            0.0
          ],
          [
            0.016778700053691864,
            -0.9917717576026917,
            -0.12691433727741241,
            0.13397200405597687
          ],
          [
            -0.0026016277261078358,
            0.1268884241580963,
            -0.9919205904006958,
            0.9402589797973633
          ],
          [
            0.0,
            0.0,
            0.0,
            1.0
          ]
        ]
      },
      "bone_length_armature_space": 0.07137586708885217,
      "parent": null,
      "has_children": true,
      "is_end_bone": false
    },
    "spine_01": {
      "name": "spine_01",
      "local": {
        "location": {
          "x": 0.0,
          "y": 0.0,
          "z": 0.0
        },
        "rotation_quaternion": {
          "w": 0.9940172433853149,
          "x": 0.08776722848415375,
          "y": -0.04887600615620613,
          "z": 0.04286932945251465
        },
        "scale": {
          "x": 1.0,
          "y": 1.0,
          "z": 1.0
        },
        "matrix_basis": [
          [
            0.9915466904640198,
            -0.09380512684583664,
            -0.08964214473962784,
            0.0
          ],
          [
            0.07664628326892853,
            0.980918288230896,
            -0.1786748468875885,
            0.0
          ],
          [
            0.10469222813844681,
            0.17029371857643127,
            0.9798160791397095,
            0.0
          ],
          [
            0.0,
            0.0,
            0.0,
            1.0
          ]
        ],
        "rotation_mode": "QUATERNION"
      },
      "armature_space": {
        "head": {
          "x": 0.0012114770943298936,
          "y": -6.05657696723938e-05,
          "z": -0.0005382653325796127
        },
        "tail": {
          "x": -0.04222729057073593,
          "y": -0.0651029571890831,
          "z": 0.4811576008796692
        }
      },
      "world_space": {
        "head": {
          "x": 0.0012114770943298936,
          "y": 0.06318343430757523,
          "z": 0.9493157267570496
        },
        "tail": {
          "x": -0.04222729057073593,
          "y": -0.0018589571118354797,
          "z": 1.43101167678833
        },
        "rotation_quaternion": {
          "w": 0.6557590365409851,
          "x": 0.7527546882629395,
          "y": -0.05777797847986221,
          "z": 0.0015465369215235114
        },
        "matrix": [
          [
            0.993318498134613,
            -0.08901364356279373,
            -0.073449045419693,
            0.0012114770943298936
          ],
          [
            -0.08495745062828064,
            -0.13328325748443604,
            -0.9874299168586731,
            0.06318343430757523
          ],
          [
            0.07810567319393158,
            0.9870792031288147,
            -0.13995696604251862,
            0.9493157267570496
          ],
          [
            0.0,
            0.0,
            0.0,
            1.0
          ]
        ]
      },
      "bone_length_armature_space": 0.4880044441016055,
      "parent": "Root",
      "has_children": true,
      "is_end_bone": false
    },
    "neck_01": {
      "name": "neck_01",
      "local": {
        "location": {
          "x": 0.0,
          "y": 0.0,
          "z": 0.0
        },
        "rotation_quaternion": {
          "w": 0.985427975654602,
          "x": -0.12994126975536346,
          "y": 0.0905684307217598,
          "z": 0.062003955245018005
        },
        "scale": {
          "x": 1.0,
          "y": 1.0,
          "z": 1.0
        },
        "matrix_basis": [
          [
            0.97590571641922,
            -0.14573802053928375,
            0.16238358616828918,
            0.0
          ],
          [
            0.09866371005773544,
            0.9585415720939636,
            0.2673267126083374,
            0.0
          ],
          [
            -0.1946110725402832,
            -0.2448643296957016,
            0.9498252272605896,
            0.0
          ],
          [
            0.0,
            0.0,
            0.0,
            1.0
          ]
        ],
        "rotation_mode": "QUATERNION"
      },
      "armature_space": {
        "head": {
          "x": -0.05129197984933853,
          "y": -0.10910625755786896,
          "z": 0.548576295375824
        },
        "tail": {
          "x": -0.07606605440378189,
          "y": -0.1351393163204193,
          "z": 0.644593358039856
        }
      },
      "world_space": {
        "head": {
          "x": -0.05129197984933853,
          "y": -0.04586225748062134,
          "z": 1.4984302520751953
        },
        "tail": {
          "x": -0.07606605440378189,
          "y": -0.07189531624317169,
          "z": 1.594447374343872
        },
        "rotation_quaternion": {
          "w": 0.6071745157241821,
          "x": 0.7836151719093323,
          "y": -0.06614401936531067,
          "z": 0.1136288046836853
        },
        "matrix": [
          [
            0.9654269814491272,
            -0.24164798855781555,
            0.0977591872215271,
            -0.05129197984933853
          ],
          [
            0.034320756793022156,
            -0.25392812490463257,
            -0.9666140079498291,
            -0.04586225748062134
          ],
          [
            0.25840598344802856,
            0.9365566968917847,
            -0.2368580847978592,
            1.4984302520751953
          ],
          [
            0.0,
            0.0,
            0.0,
            1.0
          ]
        ]
      },
      "bone_length_armature_space": 0.10252195681080682,
      "parent": "spine_01",
      "has_children": true,
      "is_end_bone": false
    },
    "head": {
      "name": "head",
      "local": {
        "location": {
          "x": 0.0,
          "y": 0.0,
          "z": 0.0
        },
        "rotation_quaternion": {
          "w": 0.9859464168548584,
          "x": 0.042911119759082794,
          "y": -0.07683650404214859,
          "z": -0.14200152456760406
        },
        "scale": {
          "x": 1.0,
          "y": 1.0,
          "z": 1.0
        },
        "matrix_basis": [
          [
            0.9478634595870972,
            0.27341750264167786,
            -0.16370023787021637,
            0.0
          ],
          [
            -0.2866060733795166,
            0.9559884071350098,
            -0.06279432773590088,
            0.0
          ],
          [
            0.13932646811008453,
            0.10643792897462845,
            0.9845095872879028,
            0.0
          ],
          [
            0.0,
            0.0,
            0.0,
            1.0
          ]
        ],
        "rotation_mode": "QUATERNION"
      },
      "armature_space": {
        "head": {
          "x": -0.0760660246014595,
          "y": -0.13513943552970886,
          "z": 0.6445932388305664
        },
        "tail": {
          "x": -0.0738544911146164,
          "y": -0.13349951803684235,
          "z": 0.7996600866317749
        }
      },
      "world_space": {
        "head": {
          "x": -0.0760660246014595,
          "y": -0.07189543545246124,
          "z": 1.5944472551345825
        },
        "tail": {
          "x": -0.0738544911146164,
          "y": -0.07025551795959473,
          "z": 1.749514102935791
        },
        "rotation_quaternion": {
          "w": 0.7094000577926636,
          "x": 0.7012300491333008,
          "y": -0.04514782130718231,
          "z": -0.05467837303876877
        },
        "matrix": [
          [
            0.9899438619613647,
            0.014259644784033298,
            -0.1407400667667389,
            -0.0760660246014595
          ],
          [
            -0.140895813703537,
            0.010574005544185638,
            -0.9899680018424988,
            -0.07189543545246124
          ],
          [
            -0.012628594413399696,
            0.9998494982719421,
            0.012475945055484772,
            1.5944472551345825
          ],
          [
            0.0,
            0.0,
            0.0,
            1.0
          ]
        ]
      },
      "bone_length_armature_space": 0.1550912903969696,
      "parent": "neck_01",
      "has_children": false,
      "is_end_bone": true
    },
    "upperarm_l": {
      "name": "upperarm_l",
      "local": {
        "location": {
          "x": 0.0,
          "y": 0.0,
          "z": 0.0
        },
        "rotation_quaternion": {
          "w": 0.9689093232154846,
          "x": 0.12545903027057648,
          "y": 0.12208621948957443,
          "z": -0.1748422086238861
        },
        "scale": {
          "x": 1.0,
          "y": 1.0,
          "z": 1.0
        },
        "matrix_basis": [
          [
            0.9090502858161926,
            0.36944612860679626,
            0.19270987808704376,
            0.0
          ],
          [
            -0.3081788420677185,
            0.9073804616928101,
            -0.2858085036277771,
            0.0
          ],
          [
            -0.28045201301574707,
            0.2004251927137375,
            0.9387099742889404,
            0.0
          ],
          [
            0.0,
            0.0,
            0.0,
            1.0
          ]
        ],
        "rotation_mode": "QUATERNION"
      },
      "armature_space": {
        "head": {
          "x": 0.10345397144556046,
          "y": -0.11604125797748566,
          "z": 0.49350640177726746
        },
        "tail": {
          "x": 0.3508794605731964,
          "y": -0.16382449865341187,
          "z": 0.40237388014793396
        }
      },
      "world_space": {
        "head": {
          "x": 0.10345397144556046,
          "y": -0.05279725790023804,
          "z": 1.443360447883606
        },
        "tail": {
          "x": 0.3508794605731964,
          "y": -0.10058049857616425,
          "z": 1.3522279262542725
        },
        "rotation_quaternion": {
          "w": 0.23797525465488434,
          "x": 0.5702869892120361,
          "y": 0.595156192779541,
          "z": -0.5137410163879395
        },
        "matrix": [
          [
            -0.2362789511680603,
            0.9233347177505493,
            -0.30269667506217957,
            0.10345397144556046
          ],
          [
            0.4343060255050659,
            -0.17831602692604065,
            -0.882939338684082,
            -0.05279725790023804
          ],
          [
            -0.8692296743392944,
            -0.34008553624153137,
            -0.35888078808784485,
            1.443360447883606
          ],
          [
            0.0,
            0.0,
            0.0,
            1.0
          ]
        ]
      },
      "bone_length_armature_space": 0.2679696807518468,
      "parent": "spine_01",
      "has_children": true,
      "is_end_bone": false
    },
    "lowerarm_l": {
      "name": "lowerarm_l",
      "local": {
        "location": {
          "x": 0.0,
          "y": 0.0,
          "z": 0.0
        },
        "rotation_quaternion": {
          "w": 0.8553324937820435,
          "x": 0.4364519417285919,
          "y": 0.16718412935733795,
          "z": -0.22352997958660126
        },
        "scale": {
          "x": 1.0,
          "y": 1.0,
          "z": 1.0
        },
        "matrix_basis": [
          [
            0.8441676497459412,
            0.5283206105232239,
            0.09087584912776947,
            0.0
          ],
          [
            -0.2364492267370224,
            0.519088089466095,
            -0.8213644027709961,
            0.0
          ],
          [
            -0.48111623525619507,
            0.6718817353248596,
            0.5631183385848999,
            0.0
          ],
          [
            0.0,
            0.0,
            0.0,
            1.0
          ]
        ],
        "rotation_mode": "QUATERNION"
      },
      "armature_space": {
        "head": {
          "x": 0.3508795499801636,
          "y": -0.16382461786270142,
          "z": 0.40237390995025635
        },
        "tail": {
          "x": 0.37496867775917053,
          "y": -0.32811081409454346,
          "z": 0.19261261820793152
        }
      },
      "world_space": {
        "head": {
          "x": 0.3508795499801636,
          "y": -0.1005806177854538,
          "z": 1.3522279262542725
        },
        "tail": {
          "x": 0.37496867775917053,
          "y": -0.26486682891845703,
          "z": 1.14246666431427
        },
        "rotation_quaternion": {
          "w": 0.24117286503314972,
          "x": -0.575681746006012,
          "y": -0.3671339154243469,
          "z": 0.6896657943725586
        },
        "matrix": [
          [
            -0.22085388004779816,
            0.0900445282459259,
            -0.9711413383483887,
            0.3508795499801636
          ],
          [
            0.7553613185882568,
            -0.6140978336334229,
            -0.22872138023376465,
            -0.1005806177854538
          ],
          [
            -0.6169742941856384,
            -0.7840825915336609,
            0.06760996580123901,
            1.3522279262542725
          ],
          [
            0.0,
            0.0,
            0.0,
            1.0
          ]
        ]
      },
      "bone_length_armature_space": 0.26752577122887106,
      "parent": "upperarm_l",
      "has_children": true,
      "is_end_bone": false
    },
    "metacarpal_thumb_l": {
      "name": "metacarpal_thumb_l",
      "local": {
        "location": {
          "x": 0.0,
          "y": 0.0,
          "z": 0.0
        },
        "rotation_quaternion": {
          "w": 0.9996441602706909,
          "x": -0.026068223640322685,
          "y": -0.0019817734137177467,
          "z": 0.00530146574601531
        },
        "scale": {
          "x": 1.0,
          "y": 1.0,
          "z": 1.0
        },
        "matrix_basis": [
          [
            0.9999359250068665,
            -0.010495835915207863,
            -0.004238536115735769,
            0.0
          ],
          [
            0.010702481493353844,
            0.9985846877098083,
            0.052096880972385406,
            0.0
          ],
          [
            0.003685736795887351,
            -0.052138905972242355,
            0.9986330270767212,
            0.0
          ],
          [
            0.0,
            0.0,
            0.0,
            1.0
          ]
        ],
        "rotation_mode": "QUATERNION"
      },
      "armature_space": {
        "head": {
          "x": 0.37496867775917053,
          "y": -0.32811081409454346,
          "z": 0.19261261820793152
        },
        "tail": {
          "x": 0.34828639030456543,
          "y": -0.3540615737438202,
          "z": 0.1599290668964386
        }
      },
      "world_space": {
        "head": {
          "x": 0.37496867775917053,
          "y": -0.26486682891845703,
          "z": 1.14246666431427
        },
        "tail": {
          "x": 0.34828639030456543,
          "y": -0.2908175587654114,
          "z": 1.1097830533981323
        },
        "rotation_quaternion": {
          "w": 0.4463161528110504,
          "x": -0.8415568470954895,
          "y": 0.19710791110992432,
          "z": 0.23180262744426727
        },
        "matrix": [
          [
            0.8148322105407715,
            -0.5386697053909302,
            -0.2142038345336914,
            0.37496867775917053
          ],
          [
            -0.12484260648488998,
            -0.5239014029502869,
            0.8425804376602173,
            -0.26486682891845703
          ],
          [
            -0.5660983324050903,
            -0.6598249077796936,
            -0.49414315819740295,
            1.14246666431427
          ],
          [
            0.0,
            0.0,
            0.0,
            1.0
          ]
        ]
      },
      "bone_length_armature_space": 0.04953383620904355,
      "parent": "lowerarm_l",
      "has_children": true,
      "is_end_bone": false
    },
    "thumb_01_l": {
      "name": "thumb_01_l",
      "local": {
        "location": {
          "x": 0.0,
          "y": 0.0,
          "z": 0.0
        },
        "rotation_quaternion": {
          "w": 0.9972215890884399,
          "x": -0.07345985621213913,
          "y": 0.012268977239727974,
          "z": 0.00150366744492203
        },
        "scale": {
          "x": 1.0,
          "y": 1.0,
          "z": 1.0
        },
        "matrix_basis": [
          [
            0.9996944069862366,
            -0.004801534116268158,
            0.02424885891377926,
            0.0
          ],
          [
            0.0011964247096329927,
            0.9892027974128723,
            0.14654840528964996,
            0.0
          ],
          [
            -0.024690696969628334,
            -0.14647461473941803,
            0.9889062643051147,
            0.0
          ],
          [
            0.0,
            0.0,
            0.0,
            1.0
          ]
        ],
        "rotation_mode": "QUATERNION"
      },
      "armature_space": {
        "head": {
          "x": 0.34828639030456543,
          "y": -0.3540615737438202,
          "z": 0.1599290668964386
        },
        "tail": {
          "x": 0.3239734470844269,
          "y": -0.34354230761528015,
          "z": 0.1385548859834671
        }
      },
      "world_space": {
        "head": {
          "x": 0.34828639030456543,
          "y": -0.2908175587654114,
          "z": 1.1097830533981323
        },
        "tail": {
          "x": 0.3239734470844269,
          "y": -0.28029829263687134,
          "z": 1.0884089469909668
        },
        "rotation_quaternion": {
          "w": 0.25622934103012085,
          "x": -0.541628897190094,
          "y": 0.7673765420913696,
          "z": -0.2282934933900833
        },
        "matrix": [
          [
            -0.281967431306839,
            -0.7142764925956726,
            0.6405493021011353,
            0.34828639030456543
          ],
          [
            -0.948258101940155,
            0.30903947353363037,
            -0.07280983775854111,
            -0.2908175587654114
          ],
          [
            -0.1459505707025528,
            -0.6279399991035461,
            -0.7644630670547485,
            1.1097830533981323
          ],
          [
            0.0,
            0.0,
            0.0,
            1.0
          ]
        ]
      },
      "bone_length_armature_space": 0.034038651434242555,
      "parent": "metacarpal_thumb_l",
      "has_children": true,
      "is_end_bone": false
    },
    "thumb_02_l": {
      "name": "thumb_02_l",
      "local": {
        "location": {
          "x": 0.0,
          "y": 0.0,
          "z": 0.0
        },
        "rotation_quaternion": {
          "w": 0.9973878264427185,
          "x": 0.07094109058380127,
          "y": -0.013373508118093014,
          "z": -0.002492313040420413
        },
        "scale": {
          "x": 1.0,
          "y": 1.0,
          "z": 1.0
        },
        "matrix_basis": [
          [
            0.9996298551559448,
            0.003074142849072814,
            -0.027030762284994125,
            0.0
          ],
          [
            -0.006869067903608084,
            0.989922285079956,
            -0.14144489169120789,
            0.0
          ],
          [
            0.026323532685637474,
            0.14157822728157043,
            0.9895769953727722,
            0.0
          ],
          [
            0.0,
            0.0,
            0.0,
            1.0
          ]
        ],
        "rotation_mode": "QUATERNION"
      },
      "armature_space": {
        "head": {
          "x": 0.3239734172821045,
          "y": -0.34354227781295776,
          "z": 0.13855493068695068
        },
        "tail": {
          "x": 0.3228779435157776,
          "y": -0.36629876494407654,
          "z": 0.10547716915607452
        }
      },
      "world_space": {
        "head": {
          "x": 0.3239734172821045,
          "y": -0.28029829263687134,
          "z": 1.0884089469909668
        },
        "tail": {
          "x": 0.3228779435157776,
          "y": -0.3030547499656677,
          "z": 1.0553312301635742
        },
        "rotation_quaternion": {
          "w": 0.2110346406698227,
          "x": -0.4271085560321808,
          "y": 0.41493740677833557,
          "z": -0.7751577496528625
        },
        "matrix": [
          [
            -0.5460861921310425,
            -0.027274690568447113,
            0.8372848033905029,
            0.3239734172821045
          ],
          [
            -0.681616485118866,
            -0.5665835738182068,
            -0.4630140960216522,
            -0.28029829263687134
          ],
          [
            0.4870232045650482,
            -0.8235591053962708,
            0.29081398248672485,
            1.0884089469909668
          ],
          [
            0.0,
            0.0,
            0.0,
            1.0
          ]
        ]
      },
      "bone_length_armature_space": 0.040164611777232906,
      "parent": "thumb_01_l",
      "has_children": true,
      "is_end_bone": false
    },
    "thumb_03_l": {
      "name": "thumb_03_l",
      "local": {
        "location": {
          "x": 0.0,
          "y": 0.0,
          "z": 0.0
        },
        "rotation_quaternion": {
          "w": 0.9978277683258057,
          "x": 0.06520581990480423,
          "y": 0.009060864336788654,
          "z": 0.0024458845146000385
        },
        "scale": {
          "x": 1.0,
          "y": 1.0,
          "z": 1.0
        },
        "matrix_basis": [
          [
            0.999823808670044,
            -0.003699500812217593,
            0.018401335924863815,
            0.0
          ],
          [
            0.006062785163521767,
            0.9914844632148743,
            -0.13008403778076172,
            0.0
          ],
          [
            -0.017763392999768257,
            0.13017268478870392,
            0.9913322329521179,
            0.0
          ],
          [
            0.0,
            0.0,
            0.0,
            1.0
          ]
        ],
        "rotation_mode": "QUATERNION"
      },
      "armature_space": {
        "head": {
          "x": 0.3228778541088104,
          "y": -0.36629876494407654,
          "z": 0.1054772138595581
        },
        "tail": {
          "x": 0.3338603973388672,
          "y": -0.38519904017448425,
          "z": 0.08428613841533661
        }
      },
      "world_space": {
        "head": {
          "x": 0.3228778541088104,
          "y": -0.3030547499656677,
          "z": 1.0553312301635742
        },
        "tail": {
          "x": 0.3338603973388672,
          "y": -0.32195502519607544,
          "z": 1.0341401100158691
        },
        "rotation_quaternion": {
          "w": 0.27156761288642883,
          "x": -0.17468562722206116,
          "y": 0.3403668701648712,
          "z": -0.883111834526062
        },
        "matrix": [
          [
            -0.7914713025093079,
            0.3607352375984192,
            0.49339962005615234,
            0.3228778541088104
          ],
          [
            -0.5985642075538635,
            -0.6208031177520752,
            -0.5062849521636963,
            -0.3030547499656677
          ],
          [
            0.12366952002048492,
            -0.6960470080375671,
            0.7072754502296448,
            1.0553312301635742
          ],
          [
            0.0,
            0.0,
            0.0,
            1.0
          ]
        ]
      },
      "bone_length_armature_space": 0.030445005433216762,
      "parent": "thumb_02_l",
      "has_children": false,
      "is_end_bone": true
    },
    "metacarpal_index_l": {
      "name": "metacarpal_index_l",
      "local": {
        "location": {
          "x": 0.0,
          "y": 0.0,
          "z": 0.0
        },
        "rotation_quaternion": {
          "w": 0.9996187090873718,
          "x": -0.02006196230649948,
          "y": -0.018119489774107933,
          "z": 0.005641174968332052
        },
        "scale": {
          "x": 1.0,
          "y": 1.0,
          "z": 1.0
        },
        "matrix_basis": [
          [
            0.9992797374725342,
            -0.010551023297011852,
            -0.03645150735974312,
            0.0
          ],
          [
            0.012005073018372059,
            0.9991313815116882,
            0.03990419581532478,
            0.0
          ],
          [
            0.03599881753325462,
            -0.040313057601451874,
            0.9985383749008179,
            0.0
          ],
          [
            0.0,
            0.0,
            0.0,
            1.0
          ]
        ],
        "rotation_mode": "QUATERNION"
      },
      "armature_space": {
        "head": {
          "x": 0.37496867775917053,
          "y": -0.32811081409454346,
          "z": 0.19261261820793152
        },
        "tail": {
          "x": 0.3516263961791992,
          "y": -0.4037168025970459,
          "z": 0.10619382560253143
        }
      },
      "world_space": {
        "head": {
          "x": 0.37496867775917053,
          "y": -0.26486682891845703,
          "z": 1.14246666431427
        },
        "tail": {
          "x": 0.3516263961791992,
          "y": -0.3404728174209595,
          "z": 1.056047797203064
        },
        "rotation_quaternion": {
          "w": 0.4105946123600006,
          "x": -0.8010201454162598,
          "y": -0.09372232854366302,
          "z": 0.4254350960254669
        },
        "matrix": [
          [
            0.6204434037208557,
            -0.19921433925628662,
            -0.7585271596908569,
            0.37496867775917053
          ],
          [
            0.49950870871543884,
            -0.6452577710151672,
            0.5780429840087891,
            -0.26486682891845703
          ],
          [
            -0.6046037673950195,
            -0.7375395894050598,
            -0.3008381128311157,
            1.14246666431427
          ],
          [
            0.0,
            0.0,
            0.0,
            1.0
          ]
        ]
      },
      "bone_length_armature_space": 0.11717224717217803,
      "parent": "lowerarm_l",
      "has_children": true,
      "is_end_bone": false
    },
    "index_01_l": {
      "name": "index_01_l",
      "local": {
        "location": {
          "x": 0.0,
          "y": 0.0,
          "z": 0.0
        },
        "rotation_quaternion": {
          "w": 0.9955595135688782,
          "x": -0.09363146871328354,
          "y": 0.009607081301510334,
          "z": -0.0014818990603089333
        },
        "scale": {
          "x": 1.0,
          "y": 1.0,
          "z": 1.0
        },
        "matrix_basis": [
          [
            0.9998109936714172,
            0.0011515871156007051,
            0.01940634660422802,
            0.0
          ],
          [
            -0.004749687854200602,
            0.9824619293212891,
            0.18640293180942535,
            0.0
          ],
          [
            -0.01885133795440197,
            -0.18645986914634705,
            0.9822816848754883,
            0.0
          ],
          [
            0.0,
            0.0,
            0.0,
            1.0
          ]
        ],
        "rotation_mode": "QUATERNION"
      },
      "armature_space": {
        "head": {
          "x": 0.3516263961791992,
          "y": -0.4037168025970459,
          "z": 0.10619382560253143
        },
        "tail": {
          "x": 0.3592086434364319,
          "y": -0.42061731219291687,
          "z": 0.0845152884721756
        }
      },
      "world_space": {
        "head": {
          "x": 0.3516263961791992,
          "y": -0.3404728174209595,
          "z": 1.056047797203064
        },
        "tail": {
          "x": 0.3592086434364319,
          "y": -0.35737329721450806,
          "z": 1.0343693494796753
        },
        "rotation_quaternion": {
          "w": 0.3537170886993408,
          "x": -0.8432026505470276,
          "y": -0.2802385687828064,
          "z": 0.29216447472572327
        },
        "matrix": [
          [
            0.6722121834754944,
            0.2659095525741577,
            -0.69095778465271,
            0.3516263961791992
          ],
          [
            0.6792833209037781,
            -0.5927015542984009,
            0.432757705450058,
            -0.3404728174209595
          ],
          [
            -0.29445889592170715,
            -0.7602670192718506,
            -0.5790526866912842,
            1.056047797203064
          ],
          [
            0.0,
            0.0,
            0.0,
            1.0
          ]
        ]
      },
      "bone_length_armature_space": 0.02851449927925335,
      "parent": "metacarpal_index_l",
      "has_children": true,
      "is_end_bone": false
    },
    "index_02_l": {
      "name": "index_02_l",
      "local": {
        "location": {
          "x": 0.0,
          "y": 0.0,
          "z": 0.0
        },
        "rotation_quaternion": {
          "w": 0.9995755553245544,
          "x": 0.028204990550875664,
          "y": -0.0072785294614732265,
          "z": -0.0005533465882763267
        },
        "scale": {
          "x": 1.0,
          "y": 1.0,
          "z": 1.0
        },
        "matrix_basis": [
          [
            0.9998934268951416,
            0.00069564173463732,
            -0.014582094736397266,
            0.0
          ],
          [
            -0.0015168051468208432,
            0.998408317565918,
            -0.05637798458337784,
            0.0
          ],
          [
            0.014519666321575642,
            0.05639409273862839,
            0.9983029961585999,
            0.0
          ],
          [
            0.0,
            0.0,
            0.0,
            1.0
          ]
        ],
        "rotation_mode": "QUATERNION"
      },
      "armature_space": {
        "head": {
          "x": 0.3592083752155304,
          "y": -0.42061755061149597,
          "z": 0.08451488614082336
        },
        "tail": {
          "x": 0.3661237955093384,
          "y": -0.43508151173591614,
          "z": 0.0644882321357727
        }
      },
      "world_space": {
        "head": {
          "x": 0.3592083752155304,
          "y": -0.35737353563308716,
          "z": 1.034368872642517
        },
        "tail": {
          "x": 0.3661237955093384,
          "y": -0.3718374967575073,
          "z": 1.0143423080444336
        },
        "rotation_quaternion": {
          "w": 0.3549710810184479,
          "x": -0.8228679895401001,
          "y": -0.3034515976905823,
          "z": 0.3237297236919403
        },
        "matrix": [
          [
            0.6062318682670593,
            0.269572913646698,
            -0.7482065558433533,
            0.3592083752155304
          ],
          [
            0.7292311787605286,
            -0.5638255476951599,
            0.3877149522304535,
            -0.35737353563308716
          ],
          [
            -0.3173421621322632,
            -0.7806666493415833,
            -0.5383933782577515,
            1.034368872642517
          ],
          [
            0.0,
            0.0,
            0.0,
            1.0
          ]
        ]
      },
      "bone_length_armature_space": 0.025653383683483758,
      "parent": "index_01_l",
      "has_children": true,
      "is_end_bone": false
    },
    "index_03_l": {
      "name": "index_03_l",
      "local": {
        "location": {
          "x": 0.0,
          "y": 0.0,
          "z": 0.0
        },
        "rotation_quaternion": {
          "w": 0.998735785484314,
          "x": 0.0500306636095047,
          "y": 0.004267556127160788,
          "z": 0.0023400336503982544
        },
        "scale": {
          "x": 1.0,
          "y": 1.0,
          "z": 1.0
        },
        "matrix_basis": [
          [
            0.9999526143074036,
            -0.004247133154422045,
            0.008758468553423882,
            0.0
          ],
          [
            0.0051011680625379086,
            0.994982898235321,
            -0.09991485625505447,
            0.0
          ],
          [
            -0.008290175348520279,
            0.09995479881763458,
            0.994957447052002,
            0.0
          ],
          [
            0.0,
            0.0,
            0.0,
            1.0
          ]
        ],
        "rotation_mode": "QUATERNION"
      },
      "armature_space": {
        "head": {
          "x": 0.36612391471862793,
          "y": -0.4350816011428833,
          "z": 0.06448832899332047
        },
        "tail": {
          "x": 0.37137699127197266,
          "y": -0.44709479808807373,
          "z": 0.03837645798921585
        }
      },
      "world_space": {
        "head": {
          "x": 0.36612391471862793,
          "y": -0.3718376159667969,
          "z": 1.0143423080444336
        },
        "tail": {
          "x": 0.37137699127197266,
          "y": -0.3838508129119873,
          "z": 0.9882304668426514
        },
        "rotation_quaternion": {
          "w": 0.45693710446357727,
          "x": -0.7828090190887451,
          "y": -0.2926345467567444,
          "z": 0.30460405349731445
        },
        "matrix": [
          [
            0.6431624293327332,
            0.17978492379188538,
            -0.7443245649337769,
            0.36612391471862793
          ],
          [
            0.7365240454673767,
            -0.4111472964286804,
            0.5371129512786865,
            -0.3718376159667969
          ],
          [
            -0.20946313440799713,
            -0.8936704397201538,
            -0.3968527913093567,
            1.0143423080444336
          ],
          [
            0.0,
            0.0,
            0.0,
            1.0
          ]
        ]
      },
      "bone_length_armature_space": 0.02921885570606649,
      "parent": "index_02_l",
      "has_children": false,
      "is_end_bone": true
    },
    "metacarpal_pinky_l": {
      "name": "metacarpal_pinky_l",
      "local": {
        "location": {
          "x": 0.0,
          "y": 0.0,
          "z": 0.0
        },
        "rotation_quaternion": {
          "w": 0.9997162818908691,
          "x": -0.011257913894951344,
          "y": 0.014915619976818562,
          "z": -0.014769056811928749
        },
        "scale": {
          "x": 1.0,
          "y": 1.0,
          "z": 1.0
        },
        "matrix_basis": [
          [
            0.9991188049316406,
            0.029193894937634468,
            0.03015531413257122,
            0.0
          ],
          [
            -0.0298655703663826,
            0.9993102550506592,
            0.02206886000931263,
            0.0
          ],
          [
            -0.029490238055586815,
            -0.02295001968741417,
            0.999301552772522,
            0.0
          ],
          [
            0.0,
            0.0,
            0.0,
            1.0
          ]
        ],
        "rotation_mode": "QUATERNION"
      },
      "armature_space": {
        "head": {
          "x": 0.37496867775917053,
          "y": -0.32811081409454346,
          "z": 0.19261261820793152
        },
        "tail": {
          "x": 0.41171425580978394,
          "y": -0.37990841269493103,
          "z": 0.11008932441473007
        }
      },
      "world_space": {
        "head": {
          "x": 0.37496867775917053,
          "y": -0.26486682891845703,
          "z": 1.14246666431427
        },
        "tail": {
          "x": 0.41171425580978394,
          "y": -0.3166643977165222,
          "z": 1.0599433183670044
        },
        "rotation_quaternion": {
          "w": 0.14524394273757935,
          "x": 0.10784567147493362,
          "y": 0.47978147864341736,
          "z": -0.8585354685783386
        },
        "matrix": [
          [
            -0.9345470070838928,
            0.3528790771961212,
            -0.04580662399530411,
            0.37496867775917053
          ],
          [
            -0.14591120183467865,
            -0.497428297996521,
            -0.8551465272903442,
            -0.26486682891845703
          ],
          [
            -0.32455113530158997,
            -0.7924968004226685,
            0.516361653804779,
            1.14246666431427
          ],
          [
            0.0,
            0.0,
            0.0,
            1.0
          ]
        ]
      },
      "bone_length_armature_space": 0.10413127809648025,
      "parent": "lowerarm_l",
      "has_children": true,
      "is_end_bone": false
    },
    "pinky_01_l": {
      "name": "pinky_01_l",
      "local": {
        "location": {
          "x": 0.0,
          "y": 0.0,
          "z": 0.0
        },
        "rotation_quaternion": {
          "w": 0.9953011870384216,
          "x": -0.09451037645339966,
          "y": -0.014118000864982605,
          "z": -0.015625249594449997
        },
        "scale": {
          "x": 1.0,
          "y": 1.0,
          "z": 1.0
        },
        "matrix_basis": [
          [
            0.9991130828857422,
            0.03377225250005722,
            -0.02514982968568802,
            0.0
          ],
          [
            -0.02843506447970867,
            0.981647253036499,
            0.18857377767562866,
            0.0
          ],
          [
            0.031056823208928108,
            -0.18769139051437378,
            0.981736958026886,
            0.0
          ],
          [
            0.0,
            0.0,
            0.0,
            1.0
          ]
        ],
        "rotation_mode": "QUATERNION"
      },
      "armature_space": {
        "head": {
          "x": 0.41171425580978394,
          "y": -0.37990841269493103,
          "z": 0.11008932441473007
