{
  "metadata": {
    "armature_name": "KIM_caucasian_male",
    "export_time": "2026-01-13T21:16:32.645914",
    "blender_version": "4.4.1",
    "bone_count": 56,
    "end_bone_count": 13,
    "spaces_included": [
      "LOCAL_CHANNELS",
      "ARMATURE_SPACE",
      "WORLD_SPACE"
    ],
    "note": "LOCAL matches Transform panel; replay pose via local.matrix_basis for best fidelity."
  },
  "bones": {
    "Root": {
      "name": "Root",
      "local": {
        "location": {
          "x": 0.0,
          "y": 0.0,
          "z": 0.0
        },
        "rotation_quaternion": {
          "w": 0.9995123147964478,
          "x": 0.01649838127195835,
          "y": -0.002814800478518009,
          "z": 0.02636505290865898
        },
        "scale": {
          "x": 1.0,
          "y": 1.0,
          "z": 1.0
        },
        "matrix_basis": [
          [
            0.9985939264297485,
            -0.05279726907610893,
            -0.004756893962621689,
            0.0
          ],
          [
            0.05261151120066643,
            0.9980653524398804,
            -0.033129096031188965,
            0.0
          ],
          [
            0.006496816873550415,
            0.03283224627375603,
            0.9994397759437561,
            0.0
          ],
          [
            0.0,
            0.0,
            0.0,
            1.0
          ]
        ],
        "rotation_mode": "QUATERNION"
      },
      "armature_space": {
        "head": {
          "x": 0.0,
          "y": 0.07072800397872925,
          "z": -0.009595036506652832
        },
        "tail": {
          "x": -0.0037684510461986065,
          "y": -0.00017818808555603027,
          "z": -0.0023407386615872383
        }
      },
      "world_space": {
        "head": {
          "x": 0.0,
          "y": 0.13397200405597687,
          "z": 0.9402589797973633
        },
        "tail": {
          "x": -0.0037684510461986065,
          "y": 0.06306581199169159,
          "z": 0.9475132822990417
        },
        "rotation_quaternion": {
          "w": 0.05087389796972275,
          "x": 0.9983530640602112,
          "y": -0.026494786143302917,
          "z": -0.0010322508169338107
        },
        "matrix": [
          [
            0.9985939264297485,
            -0.05279726907610893,
            -0.004756893962621689,
            0.0
          ],
          [
            -0.0530073307454586,
            -0.9934197068214417,
            -0.10152599215507507,
            0.13397200405597687
          ],
          [
            0.0006346572190523148,
            0.1016351580619812,
            -0.9948285818099976,
            0.9402589797973633
          ],
          [
            0.0,
            0.0,
            0.0,
            1.0
          ]
        ]
      },
      "bone_length_armature_space": 0.07137586544748104,
      "parent": null,
      "has_children": true,
      "is_end_bone": false
    },
    "spine_01": {
      "name": "spine_01",
      "local": {
        "location": {
          "x": 0.0,
          "y": 0.0,
          "z": 0.0
        },
        "rotation_quaternion": {
          "w": 0.9976340532302856,
          "x": -0.016540000215172768,
          "y": -0.019081518054008484,
          "z": 0.06394253671169281
        },
        "scale": {
          "x": 1.0,
          "y": 1.0,
          "z": 1.0
        },
        "matrix_basis": [
          [
            0.9910944700241089,
            -0.12695129215717316,
            -0.04018796235322952,
            0.0
          ],
          [
            0.12821371853351593,
            0.9912755489349365,
            0.03056149370968342,
            0.0
          ],
          [
            0.03595752641558647,
            -0.03544197604060173,
            0.998724639415741,
            0.0
          ],
          [
            0.0,
            0.0,
            0.0,
            1.0
          ]
        ],
        "rotation_mode": "QUATERNION"
      },
      "armature_space": {
        "head": {
          "x": -0.0037684510461986065,
          "y": -0.00017818808555603027,
          "z": -0.0023407386615872383
        },
        "tail": {
          "x": -0.06467141956090927,
          "y": 0.02702329121530056,
          "z": 0.4810839593410492
        }
      },
      "world_space": {
        "head": {
          "x": -0.0037684510461986065,
          "y": 0.06306581199169159,
          "z": 0.9475132822990417
        },
        "tail": {
          "x": -0.06467141956090927,
          "y": 0.09026729315519333,
          "z": 1.4309380054473877
        },
        "rotation_quaternion": {
          "w": 0.7224593162536621,
          "x": 0.6869906187057495,
          "y": -0.07695836573839188,
          "z": 0.013192130252718925
        },
        "matrix": [
          [
            0.9878067970275879,
            -0.12480086088180542,
            -0.09307201951742172,
            -0.0037684510461986065
          ],
          [
            -0.08667688816785812,
            0.0557405948638916,
            -0.994675874710083,
            0.06306581199169159
          ],
          [
            0.12932512164115906,
            0.9906218647956848,
            0.044242992997169495,
            0.9475132822990417
          ],
          [
            0.0,
            0.0,
            0.0,
            1.0
          ]
        ]
      },
      "bone_length_armature_space": 0.48800464430785356,
      "parent": "Root",
      "has_children": true,
      "is_end_bone": false
    },
    "neck_01": {
      "name": "neck_01",
      "local": {
        "location": {
          "x": 0.0,
          "y": 0.0,
          "z": 0.0
        },
        "rotation_quaternion": {
          "w": 0.9981539249420166,
          "x": -0.00785571988672018,
          "y": -0.0366504080593586,
          "z": 0.04779132083058357
        },
        "scale": {
          "x": 1.0,
          "y": 1.0,
          "z": 1.0
        },
        "matrix_basis": [
          [
            0.9927454590797424,
            -0.09483035653829575,
            -0.07391636818647385,
            0.0
          ],
          [
            0.09598202258348465,
            0.9953085780143738,
            0.012179292738437653,
            0.0
          ],
          [
            0.07241462916135788,
            -0.01918557845056057,
            0.9971900582313538,
            0.0
          ],
          [
            0.0,
            0.0,
            0.0,
            1.0
          ]
        ],
        "rotation_mode": "QUATERNION"
      },
      "armature_space": {
        "head": {
          "x": -0.07703693211078644,
          "y": -0.003391265869140625,
          "z": 0.5551500916481018
        },
        "tail": {
          "x": -0.10194830596446991,
          "y": -0.033978983759880066,
          "z": 0.6497786045074463
        }
      },
      "world_space": {
        "head": {
          "x": -0.07703693211078644,
          "y": 0.059852734208106995,
          "z": 1.5050041675567627
        },
        "tail": {
          "x": -0.10194830596446991,
          "y": 0.029265016317367554,
          "z": 1.5996326208114624
        },
        "rotation_quaternion": {
          "w": 0.5770561695098877,
          "x": 0.8053523302078247,
          "y": -0.13352376222610474,
          "z": 0.02419142797589302
        },
        "matrix": [
          [
            0.9631720781326294,
            -0.24298721551895142,
            -0.11513738334178925,
            -0.07703693211078644
          ],
          [
            -0.18714886903762817,
            -0.2983546257019043,
            -0.9359273910522461,
            0.059852734208106995
          ],
          [
            0.1930677741765976,
            0.9230131506919861,
            -0.3328448235988617,
            1.5050041675567627
          ],
          [
            0.0,
            0.0,
            0.0,
            1.0
          ]
        ]
      },
      "bone_length_armature_space": 0.10252190372542029,
      "parent": "spine_01",
      "has_children": true,
      "is_end_bone": false
    },
    "head": {
      "name": "head",
      "local": {
        "location": {
          "x": 0.0,
          "y": 0.0,
          "z": 0.0
        },
        "rotation_quaternion": {
          "w": 0.9876184463500977,
          "x": -0.06290940940380096,
          "y": 0.022814929485321045,
          "z": -0.14188620448112488
        },
        "scale": {
          "x": 1.0,
          "y": 1.0,
          "z": 1.0
        },
        "matrix_basis": [
          [
            0.9586955904960632,
            0.2773883044719696,
            0.0629168450832367,
            0.0
          ],
          [
            -0.28312942385673523,
            0.9518214464187622,
            0.11778673529624939,
            0.0
          ],
          [
            -0.02721293643116951,
            -0.13073523342609406,
            0.991043746471405,
            0.0
          ],
          [
            0.0,
            0.0,
            0.0,
            1.0
          ]
        ],
        "rotation_mode": "QUATERNION"
      },
      "armature_space": {
        "head": {
          "x": -0.10194830596446991,
          "y": -0.033979106694459915,
          "z": 0.6497784852981567
        },
        "tail": {
          "x": -0.08391544222831726,
          "y": -0.01338886097073555,
          "z": 0.8024355173110962
        }
      },
      "world_space": {
        "head": {
          "x": -0.10194830596446991,
          "y": 0.029264893382787704,
          "z": 1.5996325016021729
        },
        "tail": {
          "x": -0.08391544222831726,
          "y": 0.04985513910651207,
          "z": 1.7522895336151123
        },
        "rotation_quaternion": {
          "w": 0.7522724866867065,
          "x": 0.6514612436294556,
          "y": -0.021620742976665497,
          "z": -0.09600477665662766
        },
        "matrix": [
          [
            0.9806311130523682,
            0.11627338826656342,
            -0.15761691331863403,
            -0.10194830596446991
          ],
          [
            -0.1726144552230835,
            0.13276302814483643,
            -0.9760012030601501,
            0.029264893382787704
          ],
          [
            -0.09255813807249069,
            0.9843112230300903,
            0.15026220679283142,
            1.5996325016021729
          ],
          [
            0.0,
            0.0,
            0.0,
            1.0
          ]
        ]
      },
      "bone_length_armature_space": 0.1550913033423095,
      "parent": "neck_01",
      "has_children": false,
      "is_end_bone": true
    },
    "upperarm_l": {
      "name": "upperarm_l",
      "local": {
        "location": {
          "x": 0.0,
          "y": 0.0,
          "z": 0.0
        },
        "rotation_quaternion": {
          "w": 0.7482782602310181,
          "x": 0.5939486622810364,
          "y": 0.2323332130908966,
          "z": -0.18255382776260376
        },
        "scale": {
          "x": 1.0,
          "y": 1.0,
          "z": 1.0
        },
        "matrix_basis": [
          [
            0.8253907561302185,
            0.549190104007721,
            0.1308445781469345,
            0.0
          ],
          [
            0.0027858810499310493,
            0.22779817879199982,
            -0.9737043976783752,
            0.0
          ],
          [
            -0.5645549893379211,
            0.8040511012077332,
            0.18649253249168396,
            0.0
          ],
          [
            0.0,
            0.0,
            0.0,
            1.0
          ]
        ],
        "rotation_mode": "QUATERNION"
      },
      "armature_space": {
        "head": {
          "x": 0.07922486215829849,
          "y": -0.023311149328947067,
          "z": 0.5081125497817993
        },
        "tail": {
          "x": 0.1440613865852356,
          "y": -0.2458062618970871,
          "z": 0.37357598543167114
        }
      },
      "world_space": {
        "head": {
          "x": 0.07922486215829849,
          "y": 0.03993285074830055,
          "z": 1.4579665660858154
        },
        "tail": {
          "x": 0.1440613865852356,
          "y": -0.18256226181983948,
          "z": 1.323430061340332
        },
        "rotation_quaternion": {
          "w": 0.12184420973062515,
          "x": -0.7377092838287354,
          "y": -0.26458197832107544,
          "z": 0.6090447306632996
        },
        "matrix": [
          [
            0.11812193691730499,
            0.2419549524784088,
            -0.9630705714225769,
            0.07922486215829849
          ],
          [
            0.5387864112854004,
            -0.8303003311157227,
            -0.14251582324504852,
            0.03993285074830055
          ],
          [
            -0.8341255187988281,
            -0.5020593404769897,
            -0.22844038903713226,
            1.4579665660858154
          ],
          [
            0.0,
            0.0,
            0.0,
            1.0
          ]
        ]
      },
      "bone_length_armature_space": 0.26797002960266575,
      "parent": "spine_01",
      "has_children": true,
      "is_end_bone": false
    },
    "lowerarm_l": {
      "name": "lowerarm_l",
      "local": {
        "location": {
          "x": 0.0,
          "y": 0.0,
          "z": 0.0
        },
        "rotation_quaternion": {
          "w": 0.8771194815635681,
          "x": 0.4186190366744995,
          "y": 0.16096651554107666,
          "z": -0.17178340256214142
        },
        "scale": {
          "x": 1.0,
          "y": 1.0,
          "z": 1.0
        },
        "matrix_basis": [
          [
            0.8891605138778687,
            0.43611642718315125,
            0.13855013251304626,
            0.0
          ],
          [
            -0.16658183932304382,
            0.5904971361160278,
            -0.7896605730056763,
            0.0
          ],
          [
            -0.426197350025177,
            0.6790550947189331,
            0.5976957678794861,
            0.0
          ],
          [
            0.0,
            0.0,
            0.0,
            1.0
          ]
        ],
        "rotation_mode": "QUATERNION"
      },
      "armature_space": {
        "head": {
          "x": 0.1440613567829132,
          "y": -0.24580639600753784,
          "z": 0.3735760450363159
        },
        "tail": {
          "x": -0.018339693546295166,
          "y": -0.3499543368816376,
          "z": 0.18824127316474915
        }
      },
      "world_space": {
        "head": {
          "x": 0.1440613567829132,
          "y": -0.18256239593029022,
          "z": 1.323430061340332
        },
        "tail": {
          "x": -0.018339693546295166,
          "y": -0.28671032190322876,
          "z": 1.1380952596664429
        },
        "rotation_quaternion": {
          "w": 0.5525844097137451,
          "x": -0.6263242363929749,
          "y": -0.0005260594771243632,
          "z": 0.5498802661895752
        },
        "matrix": [
          [
            0.3952588737010956,
            -0.6070511937141418,
            -0.6893906593322754,
            0.1440613567829132
          ],
          [
            0.6083719730377197,
            -0.38930246233940125,
            0.6916120052337646,
            -0.18256239593029022
          ],
          [
            -0.688229501247406,
            -0.6927768588066101,
            0.21543970704078674,
            1.323430061340332
          ],
          [
            0.0,
            0.0,
            0.0,
            1.0
          ]
        ]
      },
      "bone_length_armature_space": 0.2675254588957989,
      "parent": "upperarm_l",
      "has_children": true,
      "is_end_bone": false
    },
    "metacarpal_thumb_l": {
      "name": "metacarpal_thumb_l",
      "local": {
        "location": {
          "x": 0.0,
          "y": 0.0,
          "z": 0.0
        },
        "rotation_quaternion": {
          "w": 0.9998917579650879,
          "x": -0.002265936229377985,
          "y": -0.009088221937417984,
          "z": 0.011352230794727802
        },
        "scale": {
          "x": 1.0,
          "y": 1.0,
          "z": 1.0
        },
        "matrix_basis": [
          [
            0.9995770454406738,
            -0.022660817950963974,
            -0.01822592318058014,
            0.0
          ],
          [
            0.022743191570043564,
            0.9997319579124451,
            0.004325038753449917,
            0.0
          ],
          [
            0.018123028799891472,
            -0.004737725015729666,
            0.9998245239257812,
            0.0
          ],
          [
            0.0,
            0.0,
            0.0,
            1.0
          ]
        ],
        "rotation_mode": "QUATERNION"
      },
      "armature_space": {
        "head": {
          "x": -0.018339693546295166,
          "y": -0.3499543368816376,
          "z": 0.18824127316474915
        },
        "tail": {
          "x": -0.05891314148902893,
          "y": -0.33882561326026917,
          "z": 0.16209669411182404
        }
      },
      "world_space": {
        "head": {
          "x": -0.018339693546295166,
          "y": -0.28671032190322876,
          "z": 1.1380952596664429
        },
        "tail": {
          "x": -0.05891314148902893,
          "y": -0.27558159828186035,
          "z": 1.1119507551193237
        },
        "rotation_quaternion": {
          "w": 0.4735995829105377,
          "x": -0.6207504272460938,
          "y": 0.6229290962219238,
          "z": 0.048289526253938675
        },
        "matrix": [
          [
            0.2192572057247162,
            -0.8191084861755371,
            0.5300825238227844,
            -0.018339693546295166
          ],
          [
            -0.7276265025138855,
            0.22467011213302612,
            0.6481381058692932,
            -0.28671032190322876
          ],
          [
            -0.6499943733215332,
            -0.5278143286705017,
            -0.546747624874115,
            1.1380952596664429
          ],
          [
            0.0,
            0.0,
            0.0,
            1.0
          ]
        ]
      },
      "bone_length_armature_space": 0.04953374851645051,
      "parent": "lowerarm_l",
      "has_children": true,
      "is_end_bone": false
    },
    "thumb_01_l": {
      "name": "thumb_01_l",
      "local": {
        "location": {
          "x": 0.0,
          "y": 0.0,
          "z": 0.0
        },
        "rotation_quaternion": {
          "w": 0.9969792366027832,
          "x": -0.07597443461418152,
          "y": -0.005488159600645304,
          "z": 0.0151726845651865
        },
        "scale": {
          "x": 1.0,
          "y": 1.0,
          "z": 1.0
        },
        "matrix_basis": [
          [
            0.999479353427887,
            -0.029419783502817154,
            -0.013248634524643421,
            0.0
          ],
          [
            0.031087622046470642,
            0.9879953265190125,
            0.1513233333826065,
            0.0
          ],
          [
            0.008637689985334873,
            -0.1516564041376114,
            0.9883955121040344,
            0.0
          ],
          [
            0.0,
            0.0,
            0.0,
            1.0
          ]
        ],
        "rotation_mode": "QUATERNION"
      },
      "armature_space": {
        "head": {
          "x": -0.05891314148902893,
          "y": -0.33882561326026917,
          "z": 0.16209669411182404
        },
        "tail": {
          "x": -0.06481827050447464,
          "y": -0.3111177980899811,
          "z": 0.14322781562805176
        }
      },
      "world_space": {
        "head": {
          "x": -0.05891314148902893,
          "y": -0.27558159828186035,
          "z": 1.1119507551193237
        },
        "tail": {
          "x": -0.06481827050447464,
          "y": -0.24787379801273346,
          "z": 1.0930818319320679
        },
        "rotation_quaternion": {
          "w": 0.061728399246931076,
          "x": -0.10975168645381927,
          "y": 0.950366199016571,
          "z": -0.2845141589641571
        },
        "matrix": [
          [
            -0.9682881832122803,
            -0.17348332703113556,
            0.17978128790855408,
            -0.05891314148902893
          ],
          [
            -0.24373410642147064,
            0.8140122294425964,
            -0.5272360444068909,
            -0.27558159828186035
          ],
          [
            -0.05487798526883125,
            -0.5543382167816162,
            -0.8304886221885681,
            1.1119507551193237
          ],
          [
            0.0,
            0.0,
            0.0,
            1.0
          ]
        ]
      },
      "bone_length_armature_space": 0.034038627226394766,
      "parent": "metacarpal_thumb_l",
      "has_children": true,
      "is_end_bone": false
    },
    "thumb_02_l": {
      "name": "thumb_02_l",
      "local": {
        "location": {
          "x": 0.0,
          "y": 0.0,
          "z": 0.0
        },
        "rotation_quaternion": {
          "w": 0.9933655858039856,
          "x": 0.11460310220718384,
          "y": 0.008507981896400452,
          "z": 0.0043091196566820145
        },
        "scale": {
          "x": 1.0,
          "y": 1.0,
          "z": 1.0
        },
        "matrix_basis": [
          [
            0.9998180866241455,
            -0.00661098025739193,
            0.017890749499201775,
            0.0
          ],
          [
            0.010511144995689392,
            0.9736950993537903,
            -0.2276122272014618,
            0.0
          ],
          [
            -0.015915395691990852,
            0.22775888442993164,
            0.9735875129699707,
            0.0
          ],
          [
            0.0,
            0.0,
            0.0,
            1.0
          ]
        ],
        "rotation_mode": "QUATERNION"
      },
      "armature_space": {
        "head": {
          "x": -0.06481824070215225,
          "y": -0.3111177682876587,
          "z": 0.14322786033153534
        },
        "tail": {
          "x": -0.0879220962524414,
          "y": -0.3230711817741394,
          "z": 0.11262524127960205
        }
      },
      "world_space": {
        "head": {
          "x": -0.06481824070215225,
          "y": -0.24787376821041107,
          "z": 1.0930818319320679
        },
        "tail": {
          "x": -0.0879220962524414,
          "y": -0.259827196598053,
          "z": 1.0624792575836182
        },
        "rotation_quaternion": {
          "w": 0.2217329442501068,
          "x": 0.209551140666008,
          "y": -0.5495716333389282,
          "z": 0.777749240398407
        },
        "matrix": [
          [
            -0.813845694065094,
            -0.5752321481704712,
            0.08223837614059448,
            -0.06481824070215225
          ],
          [
            0.11458134651184082,
            -0.2976120710372925,
            -0.9477859735488892,
            -0.24787376821041107
          ],
          [
            0.5696762800216675,
            -0.7619339227676392,
            0.3081221878528595,
            1.0930818319320679
          ],
          [
            0.0,
            0.0,
            0.0,
            1.0
          ]
        ]
      },
      "bone_length_armature_space": 0.040164567632379584,
      "parent": "thumb_01_l",
      "has_children": true,
      "is_end_bone": false
    },
    "thumb_03_l": {
      "name": "thumb_03_l",
      "local": {
        "location": {
          "x": 0.0,
          "y": 0.0,
          "z": 0.0
        },
        "rotation_quaternion": {
          "w": 0.9987189173698425,
          "x": 0.04999552294611931,
          "y": -0.006862964015454054,
          "z": 0.003758705221116543
        },
        "scale": {
          "x": 1.0,
          "y": 1.0,
          "z": 1.0
        },
        "matrix_basis": [
          [
            0.9998775720596313,
            -0.008194015361368656,
            -0.013332507573068142,
            0.0
          ],
          [
            0.006821544840931892,
            0.9949726462364197,
            -0.0999145433306694,
            0.0
          ],
          [
            0.014084180817008018,
            0.0998113602399826,
            0.9949067234992981,
            0.0
          ],
          [
            0.0,
            0.0,
            0.0,
            1.0
          ]
        ],
        "rotation_mode": "QUATERNION"
      },
      "armature_space": {
        "head": {
          "x": -0.0879221260547638,
          "y": -0.32307109236717224,
          "z": 0.11262528598308563
        },
        "tail": {
          "x": -0.09998137503862381,
          "y": -0.34233495593070984,
          "z": 0.09236755967140198
        }
      },
      "world_space": {
        "head": {
          "x": -0.0879221260547638,
          "y": -0.2598270773887634,
          "z": 1.0624792575836182
        },
        "tail": {
          "x": -0.09998137503862381,
          "y": -0.279090940952301,
          "z": 1.0422215461730957
        },
        "rotation_quaternion": {
          "w": 0.2019612044095993,
          "x": 0.041716139763593674,
          "y": -0.37794029712677,
          "z": 0.9025699496269226
        },
        "matrix": [
          [
            -0.9149426221847534,
            -0.3961009681224823,
            -0.07735645771026611,
            -0.0879221260547638
          ],
          [
            0.33303701877593994,
            -0.6327456831932068,
            -0.6990846991539001,
            -0.2598270773887634
          ],
          [
            0.22796323895454407,
            -0.6653900146484375,
            0.710846483707428,
            1.0624792575836182
          ],
          [
            0.0,
            0.0,
            0.0,
            1.0
          ]
        ]
      },
      "bone_length_armature_space": 0.03044498989906399,
      "parent": "thumb_02_l",
      "has_children": false,
      "is_end_bone": true
    },
    "metacarpal_index_l": {
      "name": "metacarpal_index_l",
      "local": {
        "location": {
          "x": 0.0,
          "y": 0.0,
          "z": 0.0
        },
        "rotation_quaternion": {
          "w": 0.9999546408653259,
          "x": -0.002982772421091795,
          "y": 0.006860189605504274,
          "z": 0.005907723680138588
        },
        "scale": {
          "x": 1.0,
          "y": 1.0,
          "z": 1.0
        },
        "matrix_basis": [
          [
            0.9998360872268677,
            -0.011855836026370525,
            0.013684513978660107,
            0.0
          ],
          [
            0.011773986741900444,
            0.9999123811721802,
            0.00604633055627346,
            0.0
          ],
          [
            -0.01375499926507473,
            -0.005884218029677868,
            0.9998880624771118,
            0.0
          ],
          [
            0.0,
            0.0,
            0.0,
            1.0
          ]
        ],
        "rotation_mode": "QUATERNION"
      },
      "armature_space": {
        "head": {
          "x": -0.018339693546295166,
          "y": -0.3499543368816376,
          "z": 0.18824127316474915
        },
        "tail": {
          "x": -0.10922013968229294,
          "y": -0.36528539657592773,
          "z": 0.11588801443576813
        }
      },
      "world_space": {
        "head": {
          "x": -0.018339693546295166,
          "y": -0.28671032190322876,
          "z": 1.1380952596664429
        },
        "tail": {
          "x": -0.10922013968229294,
          "y": -0.3020414113998413,
          "z": 1.065742015838623
        },
        "rotation_quaternion": {
          "w": 0.5458663702011108,
          "x": -0.717639684677124,
          "y": 0.3696063160896301,
          "z": 0.2245318740606308
        },
        "matrix": [
          [
            0.6259525418281555,
            -0.7756174802780151,
            0.08124702423810959,
            -0.018339693546295166
          ],
          [
            -0.2853626310825348,
            -0.13084261119365692,
            0.9494463205337524,
            -0.28671032190322876
          ],
          [
            -0.7257817983627319,
            -0.6174975633621216,
            -0.3032348155975342,
            1.1380952596664429
          ],
          [
            0.0,
            0.0,
            0.0,
            1.0
          ]
        ]
      },
      "bone_length_armature_space": 0.11717205647442702,
      "parent": "lowerarm_l",
      "has_children": true,
      "is_end_bone": false
    },
    "index_01_l": {
      "name": "index_01_l",
      "local": {
        "location": {
          "x": 0.0,
          "y": 0.0,
          "z": 0.0
        },
        "rotation_quaternion": {
          "w": 0.9918349981307983,
          "x": -0.12684234976768494,
          "y": -0.005967203062027693,
          "z": 0.011788241565227509
        },
        "scale": {
          "x": 1.0,
          "y": 1.0,
          "z": 1.0
        },
        "matrix_basis": [
          [
            0.9996508359909058,
            -0.021870192140340805,
            -0.014827458187937737,
            0.0
          ],
          [
            0.02489776909351349,
            0.9675441384315491,
            0.25147268176078796,
            0.0
          ],
          [
            0.008846465498209,
            -0.2517540454864502,
            0.9677508473396301,
            0.0
          ],
          [
            0.0,
            0.0,
            0.0,
            1.0
          ]
        ],
        "rotation_mode": "QUATERNION"
      },
      "armature_space": {
        "head": {
          "x": -0.10922013968229294,
          "y": -0.36528539657592773,
          "z": 0.11588801443576813
        },
        "tail": {
          "x": -0.12415715306997299,
          "y": -0.3812171518802643,
          "z": 0.09755392372608185
        }
      },
      "world_space": {
        "head": {
          "x": -0.10922013968229294,
          "y": -0.3020414113998413,
          "z": 1.065742015838623
        },
        "tail": {
          "x": -0.12415715306997299,
          "y": -0.31797313690185547,
          "z": 1.0474079847335815
        },
        "rotation_quaternion": {
          "w": 0.41579824686050415,
          "x": -0.8652550578117371,
          "y": 0.2185136377811432,
          "z": 0.17520684003829956
        },
        "matrix": [
          [
            0.8431088328361511,
            -0.5238417387008667,
            -0.1214805394411087,
            -0.10922013968229294
          ],
          [
            -0.23244038224220276,
            -0.5587274432182312,
            0.7961124777793884,
            -0.3020414113998413
          ],
          [
            -0.4849148988723755,
            -0.6429773569107056,
            -0.592833399772644,
            1.065742015838623
          ],
          [
            0.0,
            0.0,
            0.0,
            1.0
          ]
        ]
      },
      "bone_length_armature_space": 0.02851445379570947,
      "parent": "metacarpal_index_l",
      "has_children": true,
      "is_end_bone": false
    },
    "index_02_l": {
      "name": "index_02_l",
      "local": {
        "location": {
          "x": 0.0,
          "y": 0.0,
          "z": 0.0
        },
        "rotation_quaternion": {
          "w": 0.9992996454238892,
          "x": 0.037287477403879166,
          "y": -0.001339117530733347,
          "z": 0.0028512654826045036
        },
        "scale": {
          "x": 1.0,
          "y": 1.0,
          "z": 1.0
        },
        "matrix_basis": [
          [
            0.9999801516532898,
            -0.005798401776701212,
            -0.0024637263268232346,
            0.0
          ],
          [
            0.005598672665655613,
            0.9972030520439148,
            -0.07453036308288574,
            0.0
          ],
          [
            0.002888992428779602,
            0.07451508939266205,
            0.9972156882286072,
            0.0
          ],
          [
            0.0,
            0.0,
            0.0,
            1.0
          ]
        ],
        "rotation_mode": "QUATERNION"
      },
      "armature_space": {
        "head": {
          "x": -0.12415759265422821,
          "y": -0.3812170624732971,
          "z": 0.09755360335111618
        },
        "tail": {
          "x": -0.1372644603252411,
          "y": -0.39485177397727966,
          "z": 0.08022157847881317
        }
      },
      "world_space": {
        "head": {
          "x": -0.12415759265422821,
          "y": -0.3179730772972107,
          "z": 1.047407627105713
        },
        "tail": {
          "x": -0.1372644603252411,
          "y": -0.33160775899887085,
          "z": 1.0300755500793457
        },
        "rotation_quaternion": {
          "w": 0.44166335463523865,
          "x": -0.8527935147285461,
          "y": 0.19794796407222748,
          "z": 0.1961970180273056
        },
        "matrix": [
          [
            0.8446468114852905,
            -0.5109239220619202,
            -0.1597769409418106,
            -0.12415759265422821
          ],
          [
            -0.16431328654289246,
            -0.5315004587173462,
            0.8309683203697205,
            -0.3179730772972107
          ],
          [
            -0.5094866752624512,
            -0.675626277923584,
            -0.5328847765922546,
            1.047407627105713
          ],
          [
            0.0,
            0.0,
            0.0,
            1.0
          ]
        ]
      },
      "bone_length_armature_space": 0.025653351279232812,
      "parent": "index_01_l",
      "has_children": true,
      "is_end_bone": false
    },
    "index_03_l": {
      "name": "index_03_l",
      "local": {
        "location": {
          "x": 0.0,
          "y": 0.0,
          "z": 0.0
        },
        "rotation_quaternion": {
          "w": 0.9998941421508789,
          "x": 0.014438096433877945,
          "y": 0.001772040850482881,
          "z": -0.0003547436208464205
        },
        "scale": {
          "x": 1.0,
          "y": 1.0,
          "z": 1.0
        },
        "matrix_basis": [
          [
            0.9999934434890747,
            0.0007605819264426827,
            0.00353346299380064,
            0.0
          ],
          [
            -0.0006582423229701817,
            0.999582827091217,
            -0.028874393552541733,
            0.0
          ],
          [
            -0.0035539502277970314,
            0.02887187898159027,
            0.9995768070220947,
            0.0
          ],
          [
            0.0,
            0.0,
            0.0,
            1.0
          ]
        ],
        "rotation_mode": "QUATERNION"
      },
      "armature_space": {
        "head": {
          "x": -0.1372644603252411,
          "y": -0.3948518931865692,
          "z": 0.08022167533636093
        },
        "tail": {
          "x": -0.15026509761810303,
          "y": -0.40782368183135986,
          "z": 0.05749602988362312
        }
      },
      "world_space": {
        "head": {
          "x": -0.1372644603252411,
          "y": -0.3316078782081604,
          "z": 1.0300756692886353
        },
        "tail": {
          "x": -0.15026509761810303,
          "y": -0.34457969665527344,
          "z": 1.0073500871658325
        },
        "rotation_quaternion": {
          "w": 0.49291184544563293,
          "x": -0.8392959237098694,
          "y": 0.1872440129518509,
          "z": 0.13251455128192902
        },
        "matrix": [
          [
            0.8947590589523315,
            -0.44494250416755676,
            -0.03784662485122681,
            -0.1372644603252411
          ],
          [
            -0.18367217481136322,
            -0.44395560026168823,
            0.8770221471786499,
            -0.3316078782081604
          ],
          [
            -0.40702953934669495,
            -0.777777910232544,
            -0.47895947098731995,
            1.0300756692886353
          ],
          [
            0.0,
            0.0,
            0.0,
            1.0
          ]
        ]
      },
      "bone_length_armature_space": 0.02921880985599076,
      "parent": "index_02_l",
      "has_children": false,
      "is_end_bone": true
    },
    "metacarpal_pinky_l": {
      "name": "metacarpal_pinky_l",
      "local": {
        "location": {
          "x": 0.0,
          "y": 0.0,
          "z": 0.0
        },
        "rotation_quaternion": {
          "w": 0.9993888139724731,
          "x": -0.028911728411912918,
          "y": 0.018524708226323128,
          "z": -0.006556740961968899
        },
        "scale": {
          "x": 1.0,
          "y": 1.0,
          "z": 1.0
        },
        "matrix_basis": [
          [
            0.9992277026176453,
            0.012034304440021515,
            0.03740590438246727,
            0.0
          ],
          [
            -0.014176629483699799,
            0.9982422590255737,
            0.057545192539691925,
            0.0
          ],
          [
            -0.03664764016866684,
            -0.05803104117512703,
            0.997641921043396,
            0.0
          ],
          [
            0.0,
            0.0,
            0.0,
            1.0
          ]
        ],
        "rotation_mode": "QUATERNION"
      },
      "armature_space": {
        "head": {
          "x": -0.018339693546295166,
          "y": -0.3499543368816376,
          "z": 0.18824127316474915
        },
        "tail": {
          "x": -0.05368401110172272,
          "y": -0.40646427869796753,
          "z": 0.10823676735162735
        }
      },
      "world_space": {
        "head": {
          "x": -0.018339693546295166,
          "y": -0.28671032190322876,
          "z": 1.1380952596664429
        },
        "tail": {
          "x": -0.05368401110172272,
          "y": -0.3432202935218811,
          "z": 1.0580908060073853
        },
        "rotation_quaternion": {
          "w": 0.3118303716182709,
          "x": -0.2548185884952545,
          "y": -0.36251991987228394,
          "z": 0.8404812812805176
        },
        "matrix": [
          [
            -0.6756579279899597,
            -0.33942243456840515,
            -0.6544303297996521,
            -0.018339693546295166
          ],
          [
            0.7089294195175171,
            -0.542682409286499,
            -0.45046094059944153,
            -0.28671032190322876
          ],
          [
            -0.20225204527378082,
            -0.7683081030845642,
            0.6072978377342224,
            1.1380952596664429
          ],
          [
            0.0,
            0.0,
            0.0,
            1.0
          ]
        ]
      },
      "bone_length_armature_space": 0.10413124176254976,
      "parent": "lowerarm_l",
      "has_children": true,
      "is_end_bone": false
    },
    "pinky_01_l": {
      "name": "pinky_01_l",
      "local": {
        "location": {
          "x": 0.0,
          "y": 0.0,
          "z": 0.0
        },
        "rotation_quaternion": {
          "w": 0.9928690195083618,
          "x": -0.11822650581598282,
          "y": -0.0146870082244277,
          "z": 0.0042318059131503105
        },
        "scale": {
          "x": 1.0,
          "y": 1.0,
          "z": 1.0
        },
        "matrix_basis": [
          [
            0.9995327591896057,
            -0.004930470604449511,
            -0.03016517497599125,
            0.0
          ],
          [
            0.011876045726239681,
            0.9720091819763184,
            0.23464256525039673,
            0.0
          ],
          [
            0.028163928538560867,
            -0.23489117622375488,
            0.9716135859489441,
            0.0
          ],
          [
            0.0,
            0.0,
            0.0,
            1.0
          ]
        ],
        "rotation_mode": "QUATERNION"
      },
      "armature_space": {
        "head": {
