{
  "metadata": {
    "armature_name": "KIM_caucasian_male",
    "export_time": "2026-01-13T21:02:59.068282",
    "blender_version": "4.4.1",
    "bone_count": 56,
    "end_bone_count": 13,
    "spaces_included": [
      "LOCAL_CHANNELS",
      "ARMATURE_SPACE",
      "WORLD_SPACE"
    ],
    "note": "LOCAL matches Transform panel; replay pose via local.matrix_basis for best fidelity."
  },
  "bones": {
    "Root": {
      "name": "Root",
      "local": {
        "location": {
          "x": 0.0,
          "y": 0.0,
          "z": 0.0
        },
        "rotation_quaternion": {
          "w": 0.999449610710144,
          "x": -0.006706919055432081,
          "y": 0.018797889351844788,
          "z": 0.026501892134547234
        },
        "scale": {
          "x": 1.0,
          "y": 1.0,
          "z": 1.0
        },
        "matrix_basis": [
          [
            0.9978885650634766,
            -0.053226765245199203,
            0.03721959516406059,
            0.0
          ],
          [
            0.05272246152162552,
            0.9985053539276123,
            0.014402814209461212,
            0.0
          ],
          [
            -0.037930577993392944,
            -0.012410095892846584,
            0.9992033243179321,
            0.0
          ],
          [
            0.0,
            0.0,
            0.0,
            1.0
          ]
        ],
        "rotation_mode": "QUATERNION"
      },
      "armature_space": {
        "head": {
          "x": 0.0,
          "y": 0.07072800397872925,
          "z": -0.009595036506652832
        },
        "tail": {
          "x": -0.0037991066928952932,
          "y": 0.00022479146718978882,
          "z": 0.0008634058758616447
        }
      },
      "world_space": {
        "head": {
          "x": 0.0,
          "y": 0.13397200405597687,
          "z": 0.9402589797973633
        },
        "tail": {
          "x": -0.0037991066928952932,
          "y": 0.06346879154443741,
          "z": 0.9507174491882324
        },
        "rotation_quaternion": {
          "w": 0.07402224838733673,
          "x": 0.9967271685600281,
          "y": -0.025175314396619797,
          "z": 0.020540565252304077
        },
        "matrix": [
          [
            0.9978885650634766,
            -0.053226765245199203,
            0.03721959516406059,
            0.0
          ],
          [
            -0.04714491218328476,
            -0.9877738356590271,
            -0.1485946774482727,
            0.13397200405597687
          ],
          [
            0.044674020260572433,
            0.1465263068675995,
            -0.9882045984268188,
            0.9402589797973633
          ],
          [
            0.0,
            0.0,
            0.0,
            1.0
          ]
        ]
      },
      "bone_length_armature_space": 0.07137587155105597,
      "parent": null,
      "has_children": true,
      "is_end_bone": false
    },
    "spine_01": {
      "name": "spine_01",
      "local": {
        "location": {
          "x": 0.0,
          "y": 0.0,
          "z": 0.0
        },
        "rotation_quaternion": {
          "w": 0.9989080429077148,
          "x": -0.010030352510511875,
          "y": 0.041617896407842636,
          "z": -0.018714353442192078
        },
        "scale": {
          "x": 1.0,
          "y": 1.0,
          "z": 1.0
        },
        "matrix_basis": [
          [
            0.9958354234695435,
            0.036552950739860535,
            0.0835203230381012,
            0.0
          ],
          [
            -0.038222718983888626,
            0.9990983009338379,
            0.018481096252799034,
            0.0
          ],
          [
            -0.0827694833278656,
            -0.021596504375338554,
            0.9963346719741821,
            0.0
          ],
          [
            0.0,
            0.0,
            0.0,
            1.0
          ]
        ],
        "rotation_mode": "QUATERNION"
      },
      "armature_space": {
        "head": {
          "x": -0.0037991066928952932,
          "y": 0.00022479146718978882,
          "z": 0.0008634058758616447
        },
        "tail": {
          "x": -0.005833993200212717,
          "y": 0.039693787693977356,
          "z": 0.48726511001586914
        }
      },
      "world_space": {
        "head": {
          "x": -0.0037991066928952932,
          "y": 0.06346879154443741,
          "z": 0.9507174491882324
        },
        "tail": {
          "x": -0.005833993200212717,
          "y": 0.10293778777122498,
          "z": 1.4371191263198853
        },
        "rotation_quaternion": {
          "w": 0.7350675463676453,
          "x": 0.6777896881103516,
          "y": 0.010721501894295216,
          "z": 0.01272242795675993
        },
        "matrix": [
          [
            0.9994463920593262,
            -0.004169838968664408,
            0.03300833702087402,
            -0.0037991066928952932
          ],
          [
            0.03323756530880928,
            0.08087888360023499,
            -0.9961696863174438,
            0.06346879154443741
          ],
          [
            0.0014842208474874496,
            0.9967222809791565,
            0.08097235858440399,
            0.9507174491882324
          ],
          [
            0.0,
            0.0,
            0.0,
            1.0
          ]
        ]
      },
      "bone_length_armature_space": 0.4880046698787613,
      "parent": "Root",
      "has_children": true,
      "is_end_bone": false
    },
    "neck_01": {
      "name": "neck_01",
      "local": {
        "location": {
          "x": 0.0,
          "y": 0.0,
          "z": 0.0
        },
        "rotation_quaternion": {
          "w": 0.9919228553771973,
          "x": -0.10172723233699799,
          "y": 0.07523556798696518,
          "z": 0.008956781588494778
        },
        "scale": {
          "x": 1.0,
          "y": 1.0,
          "z": 1.0
        },
        "matrix_basis": [
          [
            0.9885187745094299,
            -0.033075883984565735,
            0.14743345975875854,
            0.0
          ],
          [
            0.0024618604220449924,
            0.9791426658630371,
            0.20315887033939362,
            0.0
          ],
          [
            -0.15107806026935577,
            -0.2004633992910385,
            0.9679823517799377,
            0.0
          ],
          [
            0.0,
            0.0,
            0.0,
            1.0
          ]
        ],
        "rotation_mode": "QUATERNION"
      },
      "armature_space": {
        "head": {
          "x": -0.0049945586360991,
          "y": 0.011068008840084076,
          "z": 0.5630517601966858
        },
        "tail": {
          "x": -0.008136522024869919,
          "y": 5.2337534725666046e-05,
          "z": 0.6649318337440491
        }
      },
      "world_space": {
        "head": {
          "x": -0.0049945586360991,
          "y": 0.0743120089173317,
          "z": 1.5129058361053467
        },
        "tail": {
          "x": -0.008136522024869919,
          "y": 0.06329634040594101,
          "z": 1.61478590965271
        },
        "rotation_quaternion": {
          "w": 0.6662735939025879,
          "x": 0.7401407957077026,
          "y": 0.04853377491235733,
          "z": 0.07691329717636108
        },
        "matrix": [
          [
            0.9834577441215515,
            -0.0306469164788723,
            0.17852658033370972,
            -0.0049945586360991
          ],
          [
            0.17433401942253113,
            -0.10744759440422058,
            -0.9788069725036621,
            0.0743120089173317
          ],
          [
            0.04918016120791435,
            0.9937450885772705,
            -0.10032899677753448,
            1.5129058361053467
          ],
          [
            0.0,
            0.0,
            0.0,
            1.0
          ]
        ]
      },
      "bone_length_armature_space": 0.10252202722164556,
      "parent": "spine_01",
      "has_children": true,
      "is_end_bone": false
    },
    "head": {
      "name": "head",
      "local": {
        "location": {
          "x": 0.0,
          "y": 0.0,
          "z": 0.0
        },
        "rotation_quaternion": {
          "w": 0.985662579536438,
          "x": -0.10708387196063995,
          "y": 0.08754312992095947,
          "z": 0.09663628041744232
        },
        "scale": {
          "x": 1.0,
          "y": 1.0,
          "z": 1.0
        },
        "matrix_basis": [
          [
            0.9659952521324158,
            -0.20925045013427734,
            0.15187959372997284,
            0.0
          ],
          [
            0.17175261676311493,
            0.9583889245986938,
            0.22801680862903595,
            0.0
          ],
          [
            -0.19327235221862793,
            -0.19417744874954224,
            0.9617384672164917,
            0.0
          ],
          [
            0.0,
            0.0,
            0.0,
            1.0
          ]
        ],
        "rotation_mode": "QUATERNION"
      },
      "armature_space": {
        "head": {
          "x": -0.008136491291224957,
          "y": 5.219317972660065e-05,
          "z": 0.6649317741394043
        },
        "tail": {
          "x": -0.05858727917075157,
          "y": 0.06083784997463226,
          "z": 0.7983973622322083
        }
      },
      "world_space": {
        "head": {
          "x": -0.008136491291224957,
          "y": 0.06329619139432907,
          "z": 1.6147857904434204
        },
        "tail": {
          "x": -0.05858727917075157,
          "y": 0.12408185005187988,
          "z": 1.7482514381408691
        },
        "rotation_quaternion": {
          "w": 0.8335741758346558,
          "x": 0.5075235962867737,
          "y": 0.033509403467178345,
          "z": 0.21552550792694092
        },
        "matrix": [
          [
            0.9048512578010559,
            -0.32529962062835693,
            0.2746349573135376,
            -0.008136491291224957
          ],
          [
            0.3933280110359192,
            0.3919374346733093,
            -0.8316721320152283,
            0.06329619139432907
          ],
          [
            0.16290438175201416,
            0.8605674505233765,
            0.4825969934463501,
            1.6147857904434204
          ],
          [
            0.0,
            0.0,
            0.0,
            1.0
          ]
        ]
      },
      "bone_length_armature_space": 0.1550910721498114,
      "parent": "neck_01",
      "has_children": false,
      "is_end_bone": true
    },
    "upperarm_l": {
      "name": "upperarm_l",
      "local": {
        "location": {
          "x": 0.0,
          "y": 0.0,
          "z": 0.0
        },
        "rotation_quaternion": {
          "w": 0.8795100450515747,
          "x": -0.2076694369316101,
          "y": 0.3735218048095703,
          "z": -0.20932497084140778
        },
        "scale": {
          "x": 1.0,
          "y": 1.0,
          "z": 1.0
        },
        "matrix_basis": [
          [
            0.6333290338516235,
            0.21306870877742767,
            0.7439731359481812,
            0.0
          ],
          [
            -0.5233449339866638,
            0.8261129260063171,
            0.20891982316970825,
            0.0
          ],
          [
            -0.5700915455818176,
            -0.5216695666313171,
            0.6347097158432007,
            0.0
          ],
          [
            0.0,
            0.0,
            0.0,
            1.0
          ]
        ],
        "rotation_mode": "QUATERNION"
      },
      "armature_space": {
        "head": {
          "x": 0.14530791342258453,
          "y": 0.007441043853759766,
          "z": 0.49654513597488403
        },
        "tail": {
          "x": 0.3549400269985199,
          "y": 0.15894459187984467,
          "z": 0.4264828562736511
        }
      },
      "world_space": {
        "head": {
          "x": 0.14530791342258453,
          "y": 0.07068504393100739,
          "z": 1.446399211883545
        },
        "tail": {
          "x": 0.3549400269985199,
          "y": 0.22218859195709229,
          "z": 1.3763368129730225
        },
        "rotation_quaternion": {
          "w": 0.26385027170181274,
          "x": 0.37793803215026855,
          "y": 0.8444357514381409,
          "z": -0.2728996276855469
        },
        "matrix": [
          [
            -0.5750914812088013,
            0.7822986245155334,
            0.2393295168876648,
            0.14530791342258453
          ],
          [
            0.4942801594734192,
            0.5653762221336365,
            -0.6603310704231262,
            0.07068504393100739
          ],
          [
            -0.6518913507461548,
            -0.26145628094673157,
            -0.7118232250213623,
            1.446399211883545
          ],
          [
            0.0,
            0.0,
            0.0,
            1.0
          ]
        ]
      },
      "bone_length_armature_space": 0.26796953260958084,
      "parent": "spine_01",
      "has_children": true,
      "is_end_bone": false
    },
    "lowerarm_l": {
      "name": "lowerarm_l",
      "local": {
        "location": {
          "x": 0.0,
          "y": 0.0,
          "z": 0.0
        },
        "rotation_quaternion": {
          "w": 0.9478558897972107,
          "x": 0.1158527135848999,
          "y": 0.011821000836789608,
          "z": -0.2966609299182892
        },
        "scale": {
          "x": 1.0,
          "y": 1.0,
          "z": 1.0
        },
        "matrix_basis": [
          [
            0.8237051367759705,
            0.5651226043701172,
            -0.04632873833179474,
            0.0
          ],
          [
            -0.5596446394920349,
            0.797140896320343,
            -0.22663700580596924,
            0.0
          ],
          [
            -0.09114715456962585,
            0.2126096934080124,
            0.9728768467903137,
            0.0
          ],
          [
            0.0,
            0.0,
            0.0,
            1.0
          ]
        ],
        "rotation_mode": "QUATERNION"
      },
      "armature_space": {
        "head": {
          "x": 0.35494017601013184,
          "y": 0.15894454717636108,
          "z": 0.4264828562736511
        },
        "tail": {
          "x": 0.47283071279525757,
          "y": 0.2739914357662201,
          "z": 0.21568448841571808
        }
      },
      "world_space": {
        "head": {
          "x": 0.35494017601013184,
          "y": 0.2221885472536087,
          "z": 1.3763368129730225
        },
        "tail": {
          "x": 0.47283071279525757,
          "y": 0.3372354507446289,
          "z": 1.1655385494232178
        },
        "rotation_quaternion": {
          "w": 0.13504204154014587,
          "x": 0.1828181892633438,
          "y": 0.8347365856170654,
          "z": -0.5015537142753601
        },
        "matrix": [
          [
            -0.8966821432113647,
            0.44067198038101196,
            0.04206113517284393,
            0.35494017601013184
          ],
          [
            0.16975006461143494,
            0.43004247546195984,
            -0.8867067098617554,
            0.2221885472536087
          ],
          [
            -0.4088374972343445,
            -0.7879591584205627,
            -0.46041953563690186,
            1.3763368129730225
          ],
          [
            0.0,
            0.0,
            0.0,
            1.0
          ]
        ]
      },
      "bone_length_armature_space": 0.26752554592699457,
      "parent": "upperarm_l",
      "has_children": true,
      "is_end_bone": false
    },
    "metacarpal_thumb_l": {
      "name": "metacarpal_thumb_l",
      "local": {
        "location": {
          "x": 0.0,
          "y": 0.0,
          "z": 0.0
        },
        "rotation_quaternion": {
          "w": 0.9992972612380981,
          "x": -0.03530162200331688,
          "y": -0.0035580135881900787,
          "z": 0.012090644799172878
        },
        "scale": {
          "x": 1.0,
          "y": 1.0,
          "z": 1.0
        },
        "matrix_basis": [
          [
            0.9996823072433472,
            -0.02391308918595314,
            -0.007964665070176125,
            0.0
          ],
          [
            0.024415504187345505,
            0.997215211391449,
            0.07046759128570557,
            0.0
          ],
          [
            0.006257387809455395,
            -0.07063966244459152,
            0.9974822998046875,
            0.0
          ],
          [
            0.0,
            0.0,
            0.0,
            1.0
          ]
        ],
        "rotation_mode": "QUATERNION"
      },
      "armature_space": {
        "head": {
          "x": 0.47283071279525757,
          "y": 0.2739914357662201,
          "z": 0.21568448841571808
        },
        "tail": {
          "x": 0.48630762100219727,
          "y": 0.26488572359085083,
          "z": 0.16889695823192596
        }
      },
      "world_space": {
        "head": {
          "x": 0.47283071279525757,
          "y": 0.3372354507446289,
          "z": 1.1655385494232178
        },
        "tail": {
          "x": 0.48630762100219727,
          "y": 0.32812970876693726,
          "z": 1.1187509298324585
        },
        "rotation_quaternion": {
          "w": 0.41291576623916626,
          "x": -0.6403540968894958,
          "y": -0.4874279797077179,
          "z": 0.42645207047462463
        },
        "matrix": [
          [
            0.1611037403345108,
            0.27207595109939575,
            -0.9486939311027527,
            0.47283071279525757
          ],
          [
            0.9764308929443359,
            -0.18382856249809265,
            0.1130937710404396,
            0.3372354507446289
          ],
          [
            -0.14362694323062897,
            -0.9445602297782898,
            -0.295280784368515,
            1.1655385494232178
          ],
          [
            0.0,
            0.0,
            0.0,
            1.0
          ]
        ]
      },
      "bone_length_armature_space": 0.04953396877585974,
      "parent": "lowerarm_l",
      "has_children": true,
      "is_end_bone": false
    },
    "thumb_01_l": {
      "name": "thumb_01_l",
      "local": {
        "location": {
          "x": 0.0,
          "y": 0.0,
          "z": 0.0
        },
        "rotation_quaternion": {
          "w": 0.9966002702713013,
          "x": -0.08177679032087326,
          "y": 0.009776965714991093,
          "z": -0.0022130822762846947
        },
        "scale": {
          "x": 1.0,
          "y": 1.0,
          "z": 1.0
        },
        "matrix_basis": [
          [
            0.9997990131378174,
            0.0028120591305196285,
            0.01984941028058529,
            0.0
          ],
          [
            -0.006010174751281738,
            0.9866153001785278,
            0.16295427083969116,
            0.0
          ],
          [
            -0.019125495105981827,
            -0.16304081678390503,
            0.9864339232444763,
            0.0
          ],
          [
            0.0,
            0.0,
            0.0,
            1.0
          ]
        ],
        "rotation_mode": "QUATERNION"
      },
      "armature_space": {
        "head": {
          "x": 0.48630762100219727,
          "y": 0.26488572359085083,
          "z": 0.16889695823192596
        },
        "tail": {
          "x": 0.467593252658844,
          "y": 0.25428691506385803,
          "z": 0.14251376688480377
        }
      },
      "world_space": {
        "head": {
          "x": 0.48630762100219727,
          "y": 0.32812970876693726,
          "z": 1.1187509298324585
        },
        "tail": {
          "x": 0.467593252658844,
          "y": 0.31753093004226685,
          "z": 1.0923677682876587
        },
        "rotation_quaternion": {
          "w": 0.5326660871505737,
          "x": -0.7960593104362488,
          "y": 0.24612769484519958,
          "z": 0.14824821054935455
        },
        "matrix": [
          [
            0.834886908531189,
            -0.5497984886169434,
            0.026180848479270935,
            0.48630762100219727
          ],
          [
            -0.2339334636926651,
            -0.3113764524459839,
            0.9210430383682251,
            0.32812970876693726
          ],
          [
            -0.4982392191886902,
            -0.7750968933105469,
            -0.38858217000961304,
            1.1187509298324585
          ],
          [
            0.0,
            0.0,
            0.0,
            1.0
          ]
        ]
      },
      "bone_length_armature_space": 0.034038729134370574,
      "parent": "metacarpal_thumb_l",
      "has_children": true,
      "is_end_bone": false
    },
    "thumb_02_l": {
      "name": "thumb_02_l",
      "local": {
        "location": {
          "x": 0.0,
          "y": 0.0,
          "z": 0.0
        },
        "rotation_quaternion": {
          "w": 0.9965444803237915,
          "x": 0.08282138407230377,
          "y": 0.0008549277554266155,
          "z": -0.00625180546194315
        },
        "scale": {
          "x": 1.0,
          "y": 1.0,
          "z": 1.0
        },
        "matrix_basis": [
          [
            0.9999203681945801,
            0.012602017261087894,
            0.0006683807005174458,
            0.0
          ],
          [
            -0.012318791821599007,
            0.9862030744552612,
            -0.16508106887340546,
            0.0
          ],
          [
            -0.002739513525739312,
            0.16505970060825348,
            0.9862797856330872,
            0.0
          ],
          [
            0.0,
            0.0,
            0.0,
            1.0
          ]
        ],
        "rotation_mode": "QUATERNION"
      },
      "armature_space": {
        "head": {
          "x": 0.467593252658844,
          "y": 0.25428688526153564,
          "z": 0.14251381158828735
        },
        "tail": {
          "x": 0.48348096013069153,
          "y": 0.26791301369667053,
          "z": 0.10823403298854828
        }
      },
      "world_space": {
        "head": {
          "x": 0.467593252658844,
          "y": 0.31753087043762207,
          "z": 1.0923678874969482
        },
        "tail": {
          "x": 0.48348096013069153,
          "y": 0.33115702867507935,
          "z": 1.0580880641937256
        },
        "rotation_quaternion": {
          "w": 0.790404200553894,
          "x": -0.4411274492740631,
          "y": 0.21187539398670197,
          "z": -0.36847877502441406
        },
        "matrix": [
          [
            0.6386632323265076,
            0.39556679129600525,
            0.6600274443626404,
            0.467593252658844
          ],
          [
            -0.7694236040115356,
            0.3392591178417206,
            0.541193962097168,
            0.31753087043762207
          ],
          [
            -0.009842567145824432,
            -0.8534866571426392,
            0.521034836769104,
            1.0923678874969482
          ],
          [
            0.0,
            0.0,
            0.0,
            1.0
          ]
        ]
      },
      "bone_length_armature_space": 0.04016458466081811,
      "parent": "thumb_01_l",
      "has_children": true,
      "is_end_bone": false
    },
    "thumb_03_l": {
      "name": "thumb_03_l",
      "local": {
        "location": {
          "x": 0.0,
          "y": 0.0,
          "z": 0.0
        },
        "rotation_quaternion": {
          "w": 0.9980580806732178,
          "x": 0.06150274723768234,
          "y": -0.008196055889129639,
          "z": 0.005523336585611105
        },
        "scale": {
          "x": 1.0,
          "y": 1.0,
          "z": 1.0
        },
        "matrix_basis": [
          [
            0.9998046159744263,
            -0.012033381499350071,
            -0.01568087935447693,
            0.0
          ],
          [
            0.010017061606049538,
            0.9923738241195679,
            -0.12285716831684113,
            0.0
          ],
          [
            0.01703968085348606,
            0.12267608940601349,
            0.9923004508018494,
            0.0
          ],
          [
            0.0,
            0.0,
            0.0,
            1.0
          ]
        ],
        "rotation_mode": "QUATERNION"
      },
      "armature_space": {
        "head": {
          "x": 0.48348093032836914,
          "y": 0.26791292428970337,
          "z": 0.10823403298854828
        },
        "tail": {
          "x": 0.4998069405555725,
          "y": 0.28657451272010803,
          "z": 0.09056763350963593
        }
      },
      "world_space": {
        "head": {
          "x": 0.48348093032836914,
          "y": 0.3311569094657898,
          "z": 1.0580880641937256
        },
        "tail": {
          "x": 0.4998069405555725,
          "y": 0.34981852769851685,
          "z": 1.0404216051101685
        },
        "rotation_quaternion": {
          "w": 0.8369089961051941,
          "x": -0.19280792772769928,
          "y": 0.3256762623786926,
          "z": -0.39540278911590576
        },
        "matrix": [
          [
            0.47518226504325867,
            0.5362477898597717,
            0.6975960731506348,
            0.48348093032836914
          ],
          [
            -0.7874189615249634,
            0.6129630208015442,
            0.06517741084098816,
            0.3311569094657898
          ],
          [
            -0.3926525115966797,
            -0.5802747011184692,
            0.7135257124900818,
            1.0580880641937256
          ],
          [
            0.0,
            0.0,
            0.0,
            1.0
          ]
        ]
      },
      "bone_length_armature_space": 0.030444953334026945,
      "parent": "thumb_02_l",
      "has_children": false,
      "is_end_bone": true
    },
    "metacarpal_index_l": {
      "name": "metacarpal_index_l",
      "local": {
        "location": {
          "x": 0.0,
          "y": 0.0,
          "z": 0.0
        },
        "rotation_quaternion": {
          "w": 0.9997690916061401,
          "x": 0.016990862786769867,
          "y": 0.007195136975497007,
          "z": -0.011018992401659489
        },
        "scale": {
          "x": 1.0,
          "y": 1.0,
          "z": 1.0
        },
        "matrix_basis": [
          [
            0.9996536374092102,
            0.02227739989757538,
            0.014012507162988186,
            0.0
          ],
          [
            -0.02178839221596718,
            0.9991797804832458,
            -0.034132443368434906,
            0.0
          ],
          [
            -0.014761395752429962,
            0.03381531313061714,
            0.9993190765380859,
            0.0
          ],
          [
            0.0,
            0.0,
            0.0,
            1.0
          ]
        ],
        "rotation_mode": "QUATERNION"
      },
      "armature_space": {
        "head": {
          "x": 0.47283071279525757,
          "y": 0.2739914357662201,
          "z": 0.21568448841571808
        },
        "tail": {
          "x": 0.5137264728546143,
          "y": 0.2917725741863251,
          "z": 0.10732978582382202
        }
      },
      "world_space": {
        "head": {
          "x": 0.47283071279525757,
          "y": 0.3372354507446289,
          "z": 1.1655385494232178
        },
        "tail": {
          "x": 0.5137264728546143,
          "y": 0.3550165891647339,
          "z": 1.0571837425231934
        },
        "rotation_quaternion": {
          "w": 0.28104886412620544,
          "x": -0.43926605582237244,
          "y": -0.7049031853675842,
          "z": 0.48079970479011536
        },
        "matrix": [
          [
            -0.45611220598220825,
            0.3490242063999176,
            -0.8186230063438416,
            0.47283071279525757
          ],
          [
            0.8895375728607178,
            0.1517527848482132,
            -0.4309229254722595,
            0.3372354507446289
          ],
          [
            -0.026173550635576248,
            -0.9247512221336365,
            -0.37968942523002625,
            1.1655385494232178
          ],
          [
            0.0,
            0.0,
            0.0,
            1.0
          ]
        ]
      },
      "bone_length_armature_space": 0.11717240862232703,
      "parent": "lowerarm_l",
      "has_children": true,
      "is_end_bone": false
    },
    "index_01_l": {
      "name": "index_01_l",
      "local": {
        "location": {
          "x": 0.0,
          "y": 0.0,
          "z": 0.0
        },
        "rotation_quaternion": {
          "w": 0.9973691701889038,
          "x": -0.07139516621828079,
          "y": -0.008161313831806183,
          "z": 0.009540625847876072
        },
        "scale": {
          "x": 1.0,
          "y": 1.0,
          "z": 1.0
        },
        "matrix_basis": [
          [
            0.999684751033783,
            -0.01786569505929947,
            -0.01764199510216713,
            0.0
          ],
          [
            0.02019640803337097,
            0.9896234273910522,
            0.14225894212722778,
            0.0
          ],
          [
            0.014917376451194286,
            -0.1425704061985016,
            0.9896722435951233,
            0.0
          ],
          [
            0.0,
            0.0,
            0.0,
            1.0
          ]
        ],
        "rotation_mode": "QUATERNION"
      },
      "armature_space": {
        "head": {
          "x": 0.5137264728546143,
          "y": 0.2917725741863251,
          "z": 0.10732978582382202
        },
        "tail": {
          "x": 0.5250341892242432,
          "y": 0.30706483125686646,
          "z": 0.08608461171388626
        }
      },
      "world_space": {
        "head": {
          "x": 0.5137264728546143,
          "y": 0.3550165891647339,
          "z": 1.0571837425231934
        },
        "tail": {
          "x": 0.5250341892242432,
          "y": 0.3703088164329529,
          "z": 1.0359386205673218
        },
        "rotation_quaternion": {
          "w": 0.30958452820777893,
          "x": -0.3617897033691406,
          "y": -0.8199437260627747,
          "z": 0.31773877143859863
        },
        "matrix": [
          [
            -0.546530544757843,
            0.3965615928173065,
            -0.7375928163528442,
            0.5137264728546143
          ],
          [
            0.7900293469429016,
            0.5363002419471741,
            -0.29704591631889343,
            0.3550165891647339
          ],
          [
            0.2777768671512604,
            -0.745069146156311,
            -0.6064040660858154,
            1.0571837425231934
          ],
          [
            0.0,
            0.0,
            0.0,
            1.0
          ]
        ]
      },
      "bone_length_armature_space": 0.028514469871247995,
      "parent": "metacarpal_index_l",
      "has_children": true,
      "is_end_bone": false
    },
    "index_02_l": {
      "name": "index_02_l",
      "local": {
        "location": {
          "x": 0.0,
          "y": 0.0,
          "z": 0.0
        },
        "rotation_quaternion": {
          "w": 0.9990352392196655,
          "x": 0.04387516900897026,
          "y": -0.0015190981794148684,
          "z": 0.0011435175547376275
        },
        "scale": {
          "x": 1.0,
          "y": 1.0,
          "z": 1.0
        },
        "matrix_basis": [
          [
            0.9999927878379822,
            -0.002418129937723279,
            -0.0029349210672080517,
            0.0
          ],
          [
            0.0021515272092074156,
            0.9961473345756531,
            -0.08766915649175644,
            0.0
          ],
          [
            0.003135609207674861,
            0.08766220510005951,
            0.9961453080177307,
            0.0
          ],
          [
            0.0,
            0.0,
            0.0,
            1.0
          ]
        ],
        "rotation_mode": "QUATERNION"
      },
      "armature_space": {
        "head": {
          "x": 0.5250341892242432,
          "y": 0.3070647716522217,
          "z": 0.08608406782150269
        },
        "tail": {
          "x": 0.5338699817657471,
          "y": 0.32086092233657837,
          "z": 0.06634349375963211
        }
      },
      "world_space": {
        "head": {
          "x": 0.5250341892242432,
          "y": 0.3703087568283081,
          "z": 1.035938024520874
        },
        "tail": {
          "x": 0.5338699817657471,
          "y": 0.3841049075126648,
          "z": 1.0161975622177124
        },
        "rotation_quaternion": {
          "w": 0.2940319776535034,
          "x": -0.3321605324745178,
          "y": -0.8261004686355591,
          "z": 0.34752359986305237
        },
        "matrix": [
          [
            -0.6064285635948181,
            0.3444308638572693,
            -0.716667115688324,
            0.5250341892242432
          ],
          [
            0.7531629204750061,
            0.5377931594848633,
            -0.3788464367389679,
            0.3703087568283081
          ],
          [
            0.254934698343277,
            -0.7695149779319763,
            -0.5855500102043152,
            1.035938024520874
          ],
          [
            0.0,
            0.0,
            0.0,
            1.0
          ]
        ]
      },
      "bone_length_armature_space": 0.025653367729536,
      "parent": "index_01_l",
      "has_children": true,
      "is_end_bone": false
    },
    "index_03_l": {
      "name": "index_03_l",
      "local": {
        "location": {
          "x": 0.0,
          "y": 0.0,
          "z": 0.0
        },
        "rotation_quaternion": {
          "w": 0.9998718500137329,
          "x": 0.015119285322725773,
          "y": -0.002180700423195958,
          "z": 0.004799969028681517
        },
        "scale": {
          "x": 1.0,
          "y": 1.0,
          "z": 1.0
        },
        "matrix_basis": [
          [
            0.9999443888664246,
            -0.00966464914381504,
            -0.004215697757899761,
            0.0
          ],
          [
            0.009532766416668892,
            0.9994967579841614,
            -0.030255630612373352,
            0.0
          ],
          [
            0.004505986347794533,
            0.03021376021206379,
            0.9995332956314087,
            0.0
          ],
          [
            0.0,
            0.0,
            0.0,
            1.0
          ]
        ],
        "rotation_mode": "QUATERNION"
      },
      "armature_space": {
        "head": {
          "x": 0.5338701009750366,
          "y": 0.32086095213890076,
          "z": 0.06634357571601868
        },
        "tail": {
          "x": 0.5398683547973633,
          "y": 0.336923211812973,
          "z": 0.04268425330519676
        }
      },
      "world_space": {
        "head": {
          "x": 0.5338701009750366,
          "y": 0.38410496711730957,
          "z": 1.0161975622177124
        },
        "tail": {
          "x": 0.5398683547973633,
          "y": 0.40016722679138184,
          "z": 0.9925382733345032
        },
        "rotation_quaternion": {
          "w": 0.35402432084083557,
          "x": -0.2917363941669464,
          "y": -0.805933952331543,
          "z": 0.37420204281806946
        },
        "matrix": [
          [
            -0.5791131854057312,
            0.20528864860534668,
            -0.7889767289161682,
            0.5338701009750366
          ],
          [
            0.7351943850517273,
            0.549725353717804,
            -0.3966000974178314,
            0.38410496711730957
          ],
          [
            0.3523060381412506,
            -0.8097326755523682,
            -0.46928372979164124,
            1.0161975622177124
          ],
          [
            0.0,
            0.0,
            0.0,
            1.0
          ]
        ]
      },
      "bone_length_armature_space": 0.029218807988369042,
      "parent": "index_02_l",
      "has_children": false,
      "is_end_bone": true
    },
    "metacarpal_pinky_l": {
      "name": "metacarpal_pinky_l",
      "local": {
        "location": {
          "x": 0.0,
          "y": 0.0,
          "z": 0.0
        },
        "rotation_quaternion": {
          "w": 0.9994806051254272,
          "x": -0.026966650038957596,
          "y": 0.010341782122850418,
          "z": -0.014296500012278557
        },
        "scale": {
          "x": 1.0,
          "y": 1.0,
          "z": 1.0
        },
        "matrix_basis": [
          [
            0.9993773102760315,
            0.028020381927490234,
            0.02144387923181057,
            0.0
          ],
          [
            -0.029135914519429207,
            0.9981368184089661,
            0.05360958352684975,
            0.0
          ],
          [
            -0.019901763647794724,
            -0.05420098826289177,
            0.9983316659927368,
            0.0
          ],
          [
            0.0,
            0.0,
            0.0,
            1.0
          ]
        ],
        "rotation_mode": "QUATERNION"
      },
      "armature_space": {
        "head": {
          "x": 0.47283071279525757,
          "y": 0.2739914357662201,
          "z": 0.21568448841571808
        },
        "tail": {
          "x": 0.5092789530754089,
          "y": 0.34476709365844727,
          "z": 0.14856070280075073
        }
      },
      "world_space": {
        "head": {
          "x": 0.47283071279525757,
          "y": 0.3372354507446289,
          "z": 1.1655385494232178
        },
        "tail": {
          "x": 0.5092789530754089,
          "y": 0.4080110788345337,
          "z": 1.098414659500122
        },
        "rotation_quaternion": {
          "w": 0.6586474776268005,
          "x": -0.11998417973518372,
          "y": 0.6372007131576538,
          "z": -0.38178882002830505
        },
        "matrix": [
          [
            -0.1035744920372963,
            0.35002362728118896,
            0.9309971332550049,
            0.47283071279525757
          ],
          [
            -0.6558374166488647,
            0.6796805262565613,
            -0.32849982380867004,
            0.3372354507446289
          ],
          [
            -0.7477690577507019,
            -0.644610583782196,
            0.1591617614030838,
            1.1655385494232178
          ],
          [
            0.0,
            0.0,
            0.0,
            1.0
          ]
        ]
      },
      "bone_length_armature_space": 0.10413102711260945,
      "parent": "lowerarm_l",
      "has_children": true,
      "is_end_bone": false
    },
    "pinky_01_l": {
      "name": "pinky_01_l",
      "local": {
        "location": {
          "x": 0.0,
          "y": 0.0,
          "z": 0.0
        },
        "rotation_quaternion": {
          "w": 0.9897916316986084,
          "x": -0.14188827574253082,
          "y": -0.008050551638007164,
          "z": 0.010744184255599976
        },
        "scale": {
          "x": 1.0,
          "y": 1.0,
          "z": 1.0
        },
        "matrix_basis": [
          [
            0.9996395111083984,
            -0.01898445002734661,
            -0.01898568496108055,
            0.0
          ],
          [
            0.02355356514453888,
            0.9595045447349548,
            0.2807066738605499,
            0.0
          ],
          [
            0.012887789867818356,
            -0.2810526490211487,
            0.9596058130264282,
            0.0
          ],
          [
            0.0,
            0.0,
            0.0,
            1.0
          ]
        ],
        "rotation_mode": "QUATERNION"
      },
      "armature_space": {
        "head": {
          "x": 0.5092789530754089,
          "y": 0.34476709365844727,
          "z": 0.14856070280075073
        },
        "tail": {
