{
  "metadata": {
    "armature_name": "KIM_caucasian_male",
    "export_time": "2026-01-13T21:16:36.148331",
    "blender_version": "4.4.1",
    "bone_count": 56,
    "end_bone_count": 13,
    "spaces_included": [
      "LOCAL_CHANNELS",
      "ARMATURE_SPACE",
      "WORLD_SPACE"
    ],
    "note": "LOCAL matches Transform panel; replay pose via local.matrix_basis for best fidelity."
  },
  "bones": {
    "Root": {
      "name": "Root",
      "local": {
        "location": {
          "x": 0.0,
          "y": 0.0,
          "z": 0.0
        },
        "rotation_quaternion": {
          "w": 0.9999203681945801,
          "x": 0.008049476891756058,
          "y": -0.006495221983641386,
          "z": 0.007243878673762083
        },
        "scale": {
          "x": 1.0,
          "y": 1.0,
          "z": 1.0
        },
        "matrix_basis": [
          [
            0.9998106956481934,
            -0.01459116954356432,
            -0.012872790917754173,
            0.0
          ],
          [
            0.014382037334144115,
            0.9997654557228088,
            -0.016191773116588593,
            0.0
          ],
          [
            0.01310602854937315,
            0.016003571450710297,
            0.9997860193252563,
            0.0
          ],
          [
            0.0,
            0.0,
            0.0,
            1.0
          ]
        ],
        "rotation_mode": "QUATERNION"
      },
      "armature_space": {
        "head": {
          "x": 0.0,
          "y": 0.07072800397872925,
          "z": -0.009595036506652832
        },
        "tail": {
          "x": -0.001041457406245172,
          "y": -0.00013696402311325073,
          "z": -0.0011341599747538567
        }
      },
      "world_space": {
        "head": {
          "x": 0.0,
          "y": 0.13397200405597687,
          "z": 0.9402589797973633
        },
        "tail": {
          "x": -0.001041457406245172,
          "y": 0.06310703605413437,
          "z": 0.94871985912323
        },
        "rotation_quaternion": {
          "w": 0.05933108925819397,
          "x": 0.9981909990310669,
          "y": -0.0076649924740195274,
          "z": -0.005992462392896414
        },
        "matrix": [
          [
            0.9998106956481934,
            -0.01459116954356432,
            -0.012872790917754173,
            0.0
          ],
          [
            -0.016013333573937416,
            -0.9928421378135681,
            -0.1183561310172081,
            0.13397200405597687
          ],
          [
            -0.011053786613047123,
            0.1185397356748581,
            -0.9928948283195496,
            0.9402589797973633
          ],
          [
            0.0,
            0.0,
            0.0,
            1.0
          ]
        ]
      },
      "bone_length_armature_space": 0.07137586886959248,
      "parent": null,
      "has_children": true,
      "is_end_bone": false
    },
    "spine_01": {
      "name": "spine_01",
      "local": {
        "location": {
          "x": 0.0,
          "y": 0.0,
          "z": 0.0
        },
        "rotation_quaternion": {
          "w": 0.9977616667747498,
          "x": 0.06025473773479462,
          "y": -0.024160008877515793,
          "z": 0.01604536920785904
        },
        "scale": {
          "x": 1.0,
          "y": 1.0,
          "z": 1.0
        },
        "matrix_basis": [
          [
            0.9983176589012146,
            -0.03493041917681694,
            -0.04627824202179909,
            0.0
          ],
          [
            0.02910739928483963,
            0.9922237992286682,
            -0.1210150495171547,
            0.0
          ],
          [
            0.050145480781793594,
            0.11946441978216171,
            0.991571307182312,
            0.0
          ],
          [
            0.0,
            0.0,
            0.0,
            1.0
          ]
        ],
        "rotation_mode": "QUATERNION"
      },
      "armature_space": {
        "head": {
          "x": -0.001041457406245172,
          "y": -0.00013696402311325073,
          "z": -0.0011341599747538567
        },
        "tail": {
          "x": -0.013410273008048534,
          "y": -0.043331678956747055,
          "z": 0.4847976267337799
        }
      },
      "world_space": {
        "head": {
          "x": -0.001041457406245172,
          "y": 0.06310703605413437,
          "z": 0.94871985912323
        },
        "tail": {
          "x": -0.013410273008048534,
          "y": 0.019912321120500565,
          "z": 1.4346516132354736
        },
        "rotation_quaternion": {
          "w": 0.6743893027305603,
          "x": 0.7375897765159607,
          "y": -0.030693987384438515,
          "z": -0.014778773300349712
        },
        "matrix": [
          [
            0.9976788759231567,
            -0.025345871224999428,
            -0.06320086866617203,
            -0.001041457406245172
          ],
          [
            -0.06521256268024445,
            -0.08851353824138641,
            -0.9939380884170532,
            0.06310703605413437
          ],
          [
            0.01959817297756672,
            0.9957593679428101,
            -0.08996251225471497,
            0.94871985912323
          ],
          [
            0.0,
            0.0,
            0.0,
            1.0
          ]
        ]
      },
      "bone_length_armature_space": 0.4880045820453294,
      "parent": "Root",
      "has_children": true,
      "is_end_bone": false
    },
    "neck_01": {
      "name": "neck_01",
      "local": {
        "location": {
          "x": 0.0,
          "y": 0.0,
          "z": 0.0
        },
        "rotation_quaternion": {
          "w": 0.9845710396766663,
          "x": -0.1001381203532219,
          "y": -0.08243604004383087,
          "z": -0.11745928227901459
        },
        "scale": {
          "x": 1.0,
          "y": 1.0,
          "z": 1.0
        },
        "matrix_basis": [
          [
            0.9588152170181274,
            0.24780400097370148,
            -0.13880397379398346,
            0.0
          ],
          [
            -0.21478404104709625,
            0.9523513317108154,
            0.21655194461345673,
            0.0
          ],
          [
            0.18585257232189178,
            -0.17782042920589447,
            0.9663532972335815,
            0.0
          ],
          [
            0.0,
            0.0,
            0.0,
            1.0
          ]
        ],
        "rotation_mode": "QUATERNION"
      },
      "armature_space": {
        "head": {
          "x": -0.01745789311826229,
          "y": -0.08428271114826202,
          "z": 0.5545856356620789
        },
        "tail": {
          "x": 0.004174700006842613,
          "y": -0.11469391733407974,
          "z": 0.6500735282897949
        }
      },
      "world_space": {
        "head": {
          "x": -0.01745789311826229,
          "y": -0.021038711071014404,
          "z": 1.5044395923614502
        },
        "tail": {
          "x": 0.004174700006842613,
          "y": -0.05144991725683212,
          "z": 1.599927544593811
        },
        "rotation_quaternion": {
          "w": 0.5924768447875977,
          "x": 0.7922254204750061,
          "y": 0.025586022064089775,
          "z": -0.14385873079299927
        },
        "matrix": [
          [
            0.9573003053665161,
            0.21100576221942902,
            -0.19761765003204346,
            -0.01745789311826229
          ],
          [
            -0.12992499768733978,
            -0.29663294553756714,
            -0.9461124539375305,
            -0.021038711071014404
          ],
          [
            -0.2582569420337677,
            0.9313951730728149,
            -0.25655457377433777,
            1.5044395923614502
          ],
          [
            0.0,
            0.0,
            0.0,
            1.0
          ]
        ]
      },
      "bone_length_armature_space": 0.102521939920005,
      "parent": "spine_01",
      "has_children": true,
      "is_end_bone": false
    },
    "head": {
      "name": "head",
      "local": {
        "location": {
          "x": 0.0,
          "y": 0.0,
          "z": 0.0
        },
        "rotation_quaternion": {
          "w": 0.9893164038658142,
          "x": -0.1047634482383728,
          "y": 0.06893574446439743,
          "z": 0.07433519512414932
        },
        "scale": {
          "x": 1.0,
          "y": 1.0,
          "z": 1.0
        },
        "matrix_basis": [
          [
            0.9794442653656006,
            -0.16152594983577728,
            0.12082330137491226,
            0.0
          ],
          [
            0.13263815641403198,
            0.9669978022575378,
            0.21753710508346558,
            0.0
          ],
          [
            -0.15197375416755676,
            -0.19703969359397888,
            0.9685449600219727,
            0.0
          ],
          [
            0.0,
            0.0,
            0.0,
            1.0
          ]
        ],
        "rotation_mode": "QUATERNION"
      },
      "armature_space": {
        "head": {
          "x": 0.004174651578068733,
          "y": -0.11469404399394989,
          "z": 0.6500734090805054
        },
        "tail": {
          "x": 0.023713190108537674,
          "y": -0.07131624966859818,
          "z": 0.7976874709129333
        }
      },
      "world_space": {
        "head": {
          "x": 0.004174651578068733,
          "y": -0.05145004391670227,
          "z": 1.5999274253845215
        },
        "tail": {
          "x": 0.023713190108537674,
          "y": -0.008072249591350555,
          "z": 1.7475414276123047
        },
        "rotation_quaternion": {
          "w": 0.7972925901412964,
          "x": 0.5993545055389404,
          "y": 0.06458517909049988,
          "z": -0.030454855412244797
        },
        "matrix": [
          [
            0.9898025393486023,
            0.12598176300525665,
            0.06647936254739761,
            0.004174651578068733
          ],
          [
            0.028855212032794952,
            0.27969396114349365,
            -0.9596557021141052,
            -0.05145004391670227
          ],
          [
            -0.13949383795261383,
            0.9517947435379028,
            0.27320748567581177,
            1.5999274253845215
          ],
          [
            0.0,
            0.0,
            0.0,
            1.0
          ]
        ]
      },
      "bone_length_armature_space": 0.15509126243327243,
      "parent": "neck_01",
      "has_children": false,
      "is_end_bone": true
    },
    "upperarm_l": {
      "name": "upperarm_l",
      "local": {
        "location": {
          "x": 0.0,
          "y": 0.0,
          "z": 0.0
        },
        "rotation_quaternion": {
          "w": 0.7322371602058411,
          "x": 0.5408306121826172,
          "y": 0.017252087593078613,
          "z": 0.4135618805885315
        },
        "scale": {
          "x": 1.0,
          "y": 1.0,
          "z": 1.0
        },
        "matrix_basis": [
          [
            0.6573378443717957,
            -0.5869898200035095,
            0.4725990891456604,
            0.0
          ],
          [
            0.6243116855621338,
            0.07293763756752014,
            -0.7777629494667053,
            0.0
          ],
          [
            0.42206862568855286,
            0.8063021302223206,
            0.41440922021865845,
            0.0
          ],
          [
            0.0,
            0.0,
            0.0,
            1.0
          ]
        ],
        "rotation_mode": "QUATERNION"
      },
      "armature_space": {
        "head": {
          "x": 0.1336958259344101,
          "y": -0.0912856012582779,
          "z": 0.4903157353401184
        },
        "tail": {
          "x": 0.14741837978363037,
          "y": -0.32424867153167725,
          "z": 0.6220265030860901
        }
      },
      "world_space": {
        "head": {
          "x": 0.1336958259344101,
          "y": -0.028041601181030273,
          "z": 1.4401698112487793
        },
        "tail": {
          "x": 0.14741837978363037,
          "y": -0.2610046863555908,
          "z": 1.571880578994751
        },
        "rotation_quaternion": {
          "w": 0.23958705365657806,
          "x": 0.8665564656257629,
          "y": -0.08897244930267334,
          "z": -0.4286746382713318
        },
        "matrix": [
          [
            0.6166443824768066,
            0.05120937526226044,
            -0.7855746150016785,
            0.1336958259344101
          ],
          [
            -0.35960930585861206,
            -0.869364321231842,
            -0.3389502167701721,
            -0.028041601181030273
          ],
          [
            -0.7003129720687866,
            0.4915142059326172,
            -0.5176770091056824,
            1.4401698112487793
          ],
          [
            0.0,
            0.0,
            0.0,
            1.0
          ]
        ]
      },
      "bone_length_armature_space": 0.2679698240066434,
      "parent": "spine_01",
      "has_children": true,
      "is_end_bone": false
    },
    "lowerarm_l": {
      "name": "lowerarm_l",
      "local": {
        "location": {
          "x": 0.0,
          "y": 0.0,
          "z": 0.0
        },
        "rotation_quaternion": {
          "w": 0.9850617051124573,
          "x": 0.157827228307724,
          "y": 0.006938427686691284,
          "z": -0.06852758675813675
        },
        "scale": {
          "x": 1.0,
          "y": 1.0,
          "z": 1.0
        },
        "matrix_basis": [
          [
            0.9905116558074951,
            0.13719794154167175,
            -0.007961479015648365,
            0.0
          ],
          [
            -0.13281765580177307,
            0.9407890439033508,
            -0.3118900656700134,
            0.0
          ],
          [
            -0.0353005975484848,
            0.3099881708621979,
            0.9500848650932312,
            0.0
          ],
          [
            0.0,
            0.0,
            0.0,
            1.0
          ]
        ],
        "rotation_mode": "QUATERNION"
      },
      "armature_space": {
        "head": {
          "x": 0.14741826057434082,
          "y": -0.324248731136322,
          "z": 0.6220266222953796
        },
        "tail": {
          "x": 0.07311106473207474,
          "y": -0.5756095051765442,
          "z": 0.6755577325820923
        }
      },
      "world_space": {
        "head": {
          "x": 0.14741826057434082,
          "y": -0.2610047459602356,
          "z": 1.571880578994751
        },
        "tail": {
          "x": 0.07311106473207474,
          "y": -0.5123655200004578,
          "z": 1.6254117488861084
        },
        "rotation_quaternion": {
          "w": 0.025918934494256973,
          "x": 0.8759335875511169,
          "y": -0.17186599969863892,
          "z": -0.4500342905521393
        },
        "matrix": [
          [
            0.5358625650405884,
            -0.27775847911834717,
            -0.7973091006278992,
            0.14741826057434082
          ],
          [
            -0.3244157135486603,
            -0.9395804405212402,
            0.10928528010845184,
            -0.2610047459602356
          ],
          [
            -0.7794964909553528,
            0.20009809732437134,
            -0.5935990810394287,
            1.571880578994751
          ],
          [
            0.0,
            0.0,
            0.0,
            1.0
          ]
        ]
      },
      "bone_length_armature_space": 0.2675245428907465,
      "parent": "upperarm_l",
      "has_children": true,
      "is_end_bone": false
    },
    "metacarpal_thumb_l": {
      "name": "metacarpal_thumb_l",
      "local": {
        "location": {
          "x": 0.0,
          "y": 0.0,
          "z": 0.0
        },
        "rotation_quaternion": {
          "w": 0.9994258880615234,
          "x": 0.03216233476996422,
          "y": 0.007403341121971607,
          "z": 0.0076553551480174065
        },
        "scale": {
          "x": 1.0,
          "y": 1.0,
          "z": 1.0
        },
        "matrix_basis": [
          [
            0.9997731447219849,
            -0.014825702644884586,
            0.015290609560906887,
            0.0
          ],
          [
            0.015778137370944023,
            0.9978139400482178,
            -0.06417439132928848,
            0.0
          ],
          [
            -0.014305753633379936,
            0.06440109014511108,
            0.997821569442749,
            0.0
          ],
          [
            0.0,
            0.0,
            0.0,
            1.0
          ]
        ],
        "rotation_mode": "QUATERNION"
      },
      "armature_space": {
        "head": {
          "x": 0.07311106473207474,
          "y": -0.5756095051765442,
          "z": 0.6755577325820923
        },
        "tail": {
          "x": 0.045549795031547546,
          "y": -0.6119380593299866,
          "z": 0.6562134623527527
        }
      },
      "world_space": {
        "head": {
          "x": 0.07311106473207474,
          "y": -0.5123655200004578,
          "z": 1.6254117488861084
        },
        "tail": {
          "x": 0.045549795031547546,
          "y": -0.5486940741539001,
          "z": 1.606067419052124
        },
        "rotation_quaternion": {
          "w": 0.08142199367284775,
          "x": -0.8620973825454712,
          "y": 0.3558993339538574,
          "z": -0.3514176905155182
        },
        "matrix": [
          [
            0.4996819496154785,
            -0.5564148426055908,
            0.6638678908348083,
            0.07311106473207474
          ],
          [
            -0.6708661317825317,
            -0.7334118485450745,
            -0.10975334793329239,
            -0.5123655200004578
          ],
          [
            0.5479601621627808,
            -0.39052802324295044,
            -0.7397577166557312,
            1.6254117488861084
          ],
          [
            0.0,
            0.0,
            0.0,
            1.0
          ]
        ]
      },
      "bone_length_armature_space": 0.04953370782820972,
      "parent": "lowerarm_l",
      "has_children": true,
      "is_end_bone": false
    },
    "thumb_01_l": {
      "name": "thumb_01_l",
      "local": {
        "location": {
          "x": 0.0,
          "y": 0.0,
          "z": 0.0
        },
        "rotation_quaternion": {
          "w": 0.9575400352478027,
          "x": 0.2873021960258484,
          "y": 0.019810346886515617,
          "z": 0.013501509092748165
        },
        "scale": {
          "x": 1.0,
          "y": 1.0,
          "z": 1.0
        },
        "matrix_basis": [
          [
            0.9988505244255066,
            -0.01447335910052061,
            0.045696426182985306,
            0.0
          ],
          [
            0.03723958507180214,
            0.8345503211021423,
            -0.5496717691421509,
            0.0
          ],
          [
            -0.030180374160408974,
            0.5507416725158691,
            0.8341299891471863,
            0.0
          ],
          [
            0.0,
            0.0,
            0.0,
            1.0
          ]
        ],
        "rotation_mode": "QUATERNION"
      },
      "armature_space": {
        "head": {
          "x": 0.045549795031547546,
          "y": -0.6119380593299866,
          "z": 0.6562134623527527
        },
        "tail": {
          "x": 0.05731829255819321,
          "y": -0.6392765641212463,
          "z": 0.6396986246109009
        }
      },
      "world_space": {
        "head": {
          "x": 0.045549795031547546,
          "y": -0.5486940741539001,
          "z": 1.606067419052124
        },
        "tail": {
          "x": 0.05731829255819321,
          "y": -0.5760325789451599,
          "z": 1.589552640914917
        },
        "rotation_quaternion": {
          "w": 0.21611467003822327,
          "x": -0.13325738906860352,
          "y": 0.22740674018859863,
          "z": -0.940118670463562
        },
        "matrix": [
          [
            -0.8710735440254211,
            0.34574002027511597,
            0.3488478660583496,
            0.045549795031547546
          ],
          [
            -0.46695441007614136,
            -0.80316162109375,
            -0.3699801564216614,
            -0.5486940741539001
          ],
          [
            0.15226490795612335,
            -0.4851800203323364,
            0.8610632419586182,
            1.606067419052124
          ],
          [
            0.0,
            0.0,
            0.0,
            1.0
          ]
        ]
      },
      "bone_length_armature_space": 0.03403867216854441,
      "parent": "metacarpal_thumb_l",
      "has_children": true,
      "is_end_bone": false
    },
    "thumb_02_l": {
      "name": "thumb_02_l",
      "local": {
        "location": {
          "x": 0.0,
          "y": 0.0,
          "z": 0.0
        },
        "rotation_quaternion": {
          "w": 0.8935073614120483,
          "x": 0.4489660859107971,
          "y": -0.004030113108456135,
          "z": -0.00760399317368865
        },
        "scale": {
          "x": 1.0,
          "y": 1.0,
          "z": 1.0
        },
        "matrix_basis": [
          [
            0.9998518824577332,
            0.0099696796387434,
            -0.014029741287231445,
            0.0
          ],
          [
            -0.01720721647143364,
            0.5967432856559753,
            -0.8022477030754089,
            0.0
          ],
          [
            0.0003740013635251671,
            0.8023703098297119,
            0.596826434135437,
            0.0
          ],
          [
            0.0,
            0.0,
            0.0,
            1.0
          ]
        ],
        "rotation_mode": "QUATERNION"
      },
      "armature_space": {
        "head": {
          "x": 0.0573183037340641,
          "y": -0.6392765045166016,
          "z": 0.6396985650062561
        },
        "tail": {
          "x": 0.0402938649058342,
          "y": -0.647769033908844,
          "z": 0.6750714778900146
        }
      },
      "world_space": {
        "head": {
          "x": 0.0573183037340641,
          "y": -0.5760325193405151,
          "z": 1.589552640914917
        },
        "tail": {
          "x": 0.0402938649058342,
          "y": -0.5845250487327576,
          "z": 1.6249254941940308
        },
        "rotation_quaternion": {
          "w": 0.14230628311634064,
          "x": -0.16980376839637756,
          "y": 0.6115773916244507,
          "z": 0.7595319151878357
        },
        "matrix": [
          [
            -0.9018314480781555,
            -0.4238687753677368,
            -0.08387826383113861,
            0.0573183037340641
          ],
          [
            0.008478366769850254,
            -0.21144407987594604,
            0.9773533940315247,
            -0.5760325193405151
          ],
          [
            -0.43200817704200745,
            0.8807027339935303,
            0.19428279995918274,
            1.589552640914917
          ],
          [
            0.0,
            0.0,
            0.0,
            1.0
          ]
        ]
      },
      "bone_length_armature_space": 0.04016463003975999,
      "parent": "thumb_01_l",
      "has_children": true,
      "is_end_bone": false
    },
    "thumb_03_l": {
      "name": "thumb_03_l",
      "local": {
        "location": {
          "x": 0.0,
          "y": 0.0,
          "z": 0.0
        },
        "rotation_quaternion": {
          "w": 0.9866838455200195,
          "x": 0.16226278245449066,
          "y": 0.009965040720999241,
          "z": -0.005156038794666529
        },
        "scale": {
          "x": 1.0,
          "y": 1.0,
          "z": 1.0
        },
        "matrix_basis": [
          [
            0.9997482299804688,
            0.013408671133220196,
            0.01799142360687256,
            0.0
          ],
          [
            -0.006940850056707859,
            0.9472883939743042,
            -0.3203068971633911,
            0.0
          ],
          [
            -0.021337956190109253,
            0.32010138034820557,
            0.9471429586410522,
            0.0
          ],
          [
            0.0,
            0.0,
            0.0,
            1.0
          ]
        ],
        "rotation_mode": "QUATERNION"
      },
      "armature_space": {
        "head": {
          "x": 0.04029383882880211,
          "y": -0.6477690935134888,
          "z": 0.6750714182853699
        },
        "tail": {
          "x": 0.028523972257971764,
          "y": -0.6370968818664551,
          "z": 0.7010420560836792
        }
      },
      "world_space": {
        "head": {
          "x": 0.04029383882880211,
          "y": -0.5845251083374023,
          "z": 1.6249253749847412
        },
        "tail": {
          "x": 0.028523972257971764,
          "y": -0.5738528966903687,
          "z": 1.6508960723876953
        },
        "rotation_quaternion": {
          "w": 0.00302128866314888,
          "x": 0.2371339201927185,
          "y": -0.8217434287071228,
          "z": -0.5181662440299988
        },
        "matrix": [
          [
            -0.8875161409378052,
            -0.38659587502479553,
            -0.25071677565574646,
            0.04029383882880211
          ],
          [
            -0.39285916090011597,
            0.3505426049232483,
            0.8501657843589783,
            -0.5845251083374023
          ],
          [
            -0.24078567326068878,
            0.8530384302139282,
            -0.4629923701286316,
            1.6249253749847412
          ],
          [
            0.0,
            0.0,
            0.0,
            1.0
          ]
        ]
      },
      "bone_length_armature_space": 0.030445031124298184,
      "parent": "thumb_02_l",
      "has_children": false,
      "is_end_bone": true
    },
    "metacarpal_index_l": {
      "name": "metacarpal_index_l",
      "local": {
        "location": {
          "x": 0.0,
          "y": 0.0,
          "z": 0.0
        },
        "rotation_quaternion": {
          "w": 0.9989804029464722,
          "x": -0.04261765629053116,
          "y": 0.0009612413123250008,
          "z": 0.014863711781799793
        },
        "scale": {
          "x": 1.0,
          "y": 1.0,
          "z": 1.0
        },
        "matrix_basis": [
          [
            0.999556303024292,
            -0.029779044911265373,
            0.0006536093424074352,
            0.0
          ],
          [
            0.029615182429552078,
            0.9959256052970886,
            0.085176981985569,
            0.0
          ],
          [
            -0.0031874356791377068,
            -0.08511982858181,
            0.9963656067848206,
            0.0
          ],
          [
            0.0,
            0.0,
            0.0,
            1.0
          ]
        ],
        "rotation_mode": "QUATERNION"
      },
      "armature_space": {
        "head": {
          "x": 0.07311106473207474,
          "y": -0.5756095051765442,
          "z": 0.6755577325820923
        },
        "tail": {
          "x": 0.013395879417657852,
          "y": -0.6762290596961975,
          "z": 0.6818038821220398
        }
      },
      "world_space": {
        "head": {
          "x": 0.07311106473207474,
          "y": -0.5123655200004578,
          "z": 1.6254117488861084
        },
        "tail": {
          "x": 0.013395879417657852,
          "y": -0.6129850745201111,
          "z": 1.6316578388214111
        },
        "rotation_quaternion": {
          "w": 0.03298192098736763,
          "x": 0.9638407230377197,
          "y": -0.26371249556541443,
          "z": 0.019473496824502945
        },
        "matrix": [
          [
            0.8601531982421875,
            -0.5096381306648254,
            0.020143218338489532,
            0.07311106473207474
          ],
          [
            -0.5070689916610718,
            -0.8587359189987183,
            -0.07384998351335526,
            -0.5123655200004578
          ],
          [
            0.0549343042075634,
            0.05330776423215866,
            -0.9970728754997253,
            1.6254117488861084
          ],
          [
            0.0,
            0.0,
            0.0,
            1.0
          ]
        ]
      },
      "bone_length_armature_space": 0.11717172307862275,
      "parent": "lowerarm_l",
      "has_children": true,
      "is_end_bone": false
    },
    "index_01_l": {
      "name": "index_01_l",
      "local": {
        "location": {
          "x": 0.0,
          "y": 0.0,
          "z": 0.0
        },
        "rotation_quaternion": {
          "w": 0.9312393665313721,
          "x": 0.36433345079421997,
          "y": -0.007375222630798817,
          "z": -0.00012010929640382528
        },
        "scale": {
          "x": 1.0,
          "y": 1.0,
          "z": 1.0
        },
        "matrix_basis": [
          [
            0.9998911619186401,
            -0.005150379613041878,
            -0.013823715038597584,
            0.0
          ],
          [
            -0.005597781855612993,
            0.7345222234725952,
            -0.6785615086555481,
            0.0
          ],
          [
            0.013648675754666328,
            0.6785650849342346,
            0.7344135046005249,
            0.0
          ],
          [
            0.0,
            0.0,
            0.0,
            1.0
          ]
        ],
        "rotation_mode": "QUATERNION"
      },
      "armature_space": {
        "head": {
          "x": 0.013395879417657852,
          "y": -0.6762290596961975,
          "z": 0.6818038821220398
        },
        "tail": {
          "x": 0.009599395096302032,
          "y": -0.7003487944602966,
          "z": 0.6670764684677124
        }
      },
      "world_space": {
        "head": {
          "x": 0.013395879417657852,
          "y": -0.6129850745201111,
          "z": 1.6316578388214111
        },
        "tail": {
          "x": 0.009599395096302032,
          "y": -0.6371048092842102,
          "z": 1.6169304847717285
        },
        "rotation_quaternion": {
          "w": 0.26592645049095154,
          "x": -0.9599785804748535,
          "y": 0.07964248955249786,
          "z": -0.0371670201420784
        },
        "matrix": [
          [
            0.9845514893531799,
            -0.1331428438425064,
            0.11371742933988571,
            0.013395879417657852
          ],
          [
            -0.17267780005931854,
            -0.8458806872367859,
            0.5046467781066895,
            -0.6129850745201111
          ],
          [
            0.029001273214817047,
            -0.5164915323257446,
            -0.8558090925216675,
            1.6316578388214111
          ],
          [
            0.0,
            0.0,
            0.0,
            1.0
          ]
        ]
      },
      "bone_length_armature_space": 0.028514410401278976,
      "parent": "metacarpal_index_l",
      "has_children": true,
      "is_end_bone": false
    },
    "index_02_l": {
      "name": "index_02_l",
      "local": {
        "location": {
          "x": 0.0,
          "y": 0.0,
          "z": 0.0
        },
        "rotation_quaternion": {
          "w": 0.9039238691329956,
          "x": 0.4275773763656616,
          "y": 0.009320314973592758,
          "z": -0.003541656769812107
        },
        "scale": {
          "x": 1.0,
          "y": 1.0,
          "z": 1.0
        },
        "matrix_basis": [
          [
            0.9998011589050293,
            0.014373088255524635,
            0.013821045868098736,
            0.0
          ],
          [
            0.0015675354516133666,
            0.6343300938606262,
            -0.7730607986450195,
            0.0
          ],
          [
            -0.01987837441265583,
            0.772928774356842,
            0.6341814398765564,
            0.0
          ],
          [
            0.0,
            0.0,
            0.0,
            1.0
          ]
        ],
        "rotation_mode": "QUATERNION"
      },
      "armature_space": {
        "head": {
          "x": 0.009599147364497185,
          "y": -0.7003489136695862,
          "z": 0.6670759320259094
        },
        "tail": {
          "x": 0.009121285751461983,
          "y": -0.7049242258071899,
          "z": 0.6418383121490479
        }
      },
      "world_space": {
        "head": {
          "x": 0.009599147364497185,
          "y": -0.6371049284934998,
          "z": 1.6169300079345703
        },
        "tail": {
          "x": 0.009121285751461983,
          "y": -0.6416802406311035,
          "z": 1.591692328453064
        },
        "rotation_quaternion": {
          "w": 0.6392277479171753,
          "x": -0.7664374709129333,
          "y": 0.047035880386829376,
          "z": -0.041825760155916214
        },
        "matrix": [
          [
            0.9920765161514282,
            -0.018627725541591644,
            0.12424696981906891,
            0.009599147364497185
          ],
          [
            -0.12557260692119598,
            -0.17835158109664917,
            0.9759213924407959,
            -0.6371049284934998
          ],
          [
            0.0039803385734558105,
            -0.9837974905967712,
            -0.17927783727645874,
            1.6169300079345703
          ],
          [
            0.0,
            0.0,
            0.0,
            1.0
          ]
        ]
      },
      "bone_length_armature_space": 0.025653445750893622,
      "parent": "index_01_l",
      "has_children": true,
      "is_end_bone": false
    },
    "index_03_l": {
      "name": "index_03_l",
      "local": {
        "location": {
          "x": 0.0,
          "y": 0.0,
          "z": 0.0
        },
        "rotation_quaternion": {
          "w": 0.9293707609176636,
          "x": 0.3691367208957672,
          "y": -0.002598584396764636,
          "z": -0.001133643789216876
        },
        "scale": {
          "x": 1.0,
          "y": 1.0,
          "z": 1.0
        },
        "matrix_basis": [
          [
            0.9999839067459106,
            0.00018868493498302996,
            -0.005667035933583975,
            0.0
          ],
          [
            -0.004025616683065891,
            0.7274736166000366,
            -0.6861238479614258,
            0.0
          ],
          [
            0.003993157763034105,
            0.6861356496810913,
            0.727462649345398,
            0.0
          ],
          [
            0.0,
            0.0,
            0.0,
            1.0
          ]
        ],
        "rotation_mode": "QUATERNION"
      },
      "armature_space": {
        "head": {
          "x": 0.00912124291062355,
          "y": -0.7049243450164795,
          "z": 0.6418383121490479
        },
        "tail": {
          "x": 0.014723426662385464,
          "y": -0.6874994039535522,
          "z": 0.6190627813339233
        }
      },
      "world_space": {
        "head": {
          "x": 0.00912124291062355,
          "y": -0.6416803598403931,
          "z": 1.591692328453064
        },
        "tail": {
          "x": 0.014723426662385464,
          "y": -0.6242554187774658,
          "z": 1.5689167976379395
        },
        "rotation_quaternion": {
          "w": 0.8933790922164917,
          "x": -0.43711724877357483,
          "y": -0.00743973208591342,
          "z": -0.1036674752831459
        },
        "matrix": [
          [
            0.9783952832221985,
            0.19173292815685272,
            0.07733726501464844,
            0.00912124291062355
          ],
          [
            -0.1787252426147461,
            0.596362829208374,
            0.7825655937194824,
            -0.6416803598403931
          ],
          [
            0.1039230227470398,
            -0.7794855237007141,
            0.6177511215209961,
            1.591692328453064
          ],
          [
            0.0,
            0.0,
            0.0,
            1.0
          ]
        ]
      },
      "bone_length_armature_space": 0.029218792113579622,
      "parent": "index_02_l",
      "has_children": false,
      "is_end_bone": true
    },
    "metacarpal_pinky_l": {
      "name": "metacarpal_pinky_l",
      "local": {
        "location": {
          "x": 0.0,
          "y": 0.0,
          "z": 0.0
        },
        "rotation_quaternion": {
          "w": 0.9992031455039978,
          "x": -0.03969443216919899,
          "y": 0.003486943431198597,
          "z": -0.002319852588698268
        },
        "scale": {
          "x": 1.0,
          "y": 1.0,
          "z": 1.0
        },
        "matrix_basis": [
          [
            0.9999648928642273,
            0.004359183367341757,
            0.007152500096708536,
            0.0
          ],
          [
            -0.004912832286208868,
            0.9968379139900208,
            0.07930942624807358,
            0.0
          ],
          [
            -0.0067841592244803905,
            -0.07934178411960602,
            0.9968243837356567,
            0.0
          ],
          [
            0.0,
            0.0,
            0.0,
            1.0
          ]
        ],
        "rotation_mode": "QUATERNION"
      },
      "armature_space": {
        "head": {
          "x": 0.07311106473207474,
          "y": -0.5756095051765442,
          "z": 0.6755577325820923
        },
        "tail": {
          "x": 0.07690521329641342,
          "y": -0.674415111541748,
          "z": 0.7082117199897766
        }
      },
      "world_space": {
        "head": {
          "x": 0.07311106473207474,
          "y": -0.5123655200004578,
          "z": 1.6254117488861084
        },
        "tail": {
          "x": 0.07690521329641342,
          "y": -0.6111711263656616,
          "z": 1.6580657958984375
        },
        "rotation_quaternion": {
          "w": 0.08149253576993942,
          "x": 0.40168753266334534,
          "y": -0.13758111000061035,
          "z": -0.90170818567276
        },
        "matrix": [
          [
            -0.6640124917030334,
            0.036436352878808975,
            -0.7468335032463074,
            0.07311106473207474
          ],
          [
            -0.25749456882476807,
            -0.9488609433174133,
            0.1826464831829071,
            -0.5123655200004578
          ],
          [
            -0.7019910216331482,
            0.3135862350463867,
            0.6394420862197876,
            1.6254117488861084
          ],
          [
            0.0,
            0.0,
            0.0,
            1.0
          ]
        ]
      },
      "bone_length_armature_space": 0.10413081354962903,
      "parent": "lowerarm_l",
      "has_children": true,
      "is_end_bone": false
    },
    "pinky_01_l": {
      "name": "pinky_01_l",
      "local": {
        "location": {
          "x": 0.0,
          "y": 0.0,
          "z": 0.0
        },
        "rotation_quaternion": {
          "w": 0.9370446801185608,
          "x": 0.3489396572113037,
          "y": 0.01191042922437191,
          "z": 0.0068208095617592335
        },
        "scale": {
          "x": 1.0,
          "y": 1.0,
          "z": 1.0
        },
        "matrix_basis": [
          [
            0.9996232390403748,
            -0.00447076465934515,
            0.027081310749053955,
            0.0
          ],
          [
            0.021094849333167076,
            0.7563892006874084,
            -0.6537815928459167,
            0.0
          ],
          [
            -0.017561106011271477,
            0.6541065573692322,
            0.756198525428772,
            0.0
          ],
          [
            0.0,
            0.0,
            0.0,
            1.0
          ]
        ],
        "rotation_mode": "QUATERNION"
      },
      "armature_space": {
        "head": {
          "x": 0.07690521329641342,
          "y": -0.674415111541748,
