{
  "metadata": {
    "armature_name": "KIM_caucasian_male",
    "export_time": "2026-01-13T21:02:43.998531",
    "blender_version": "4.4.1",
    "bone_count": 56,
    "end_bone_count": 13,
    "spaces_included": [
      "LOCAL_CHANNELS",
      "ARMATURE_SPACE",
      "WORLD_SPACE"
    ],
    "note": "LOCAL matches Transform panel; replay pose via local.matrix_basis for best fidelity."
  },
  "bones": {
    "Root": {
      "name": "Root",
      "local": {
        "location": {
          "x": 0.0,
          "y": 0.0,
          "z": 0.0
        },
        "rotation_quaternion": {
          "w": 0.9996840953826904,
          "x": -0.010470700450241566,
          "y": -0.0021021030843257904,
          "z": 0.02275649644434452
        },
        "scale": {
          "x": 1.0,
          "y": 1.0,
          "z": 1.0
        },
        "matrix_basis": [
          [
            0.9989554286003113,
            -0.04545459523797035,
            -0.004679430741816759,
            0.0
          ],
          [
            0.0455426350235939,
            0.9987450242042542,
            0.020839111879467964,
            0.0
          ],
          [
            0.0037263252306729555,
            -0.021030457690358162,
            0.9997718930244446,
            0.0
          ],
          [
            0.0,
            0.0,
            0.0,
            1.0
          ]
        ],
        "rotation_mode": "QUATERNION"
      },
      "armature_space": {
        "head": {
          "x": 0.0,
          "y": 0.07072800397872925,
          "z": -0.009595036506652832
        },
        "tail": {
          "x": -0.0032443611416965723,
          "y": 0.0002905502915382385,
          "z": 0.0014754114672541618
        }
      },
      "world_space": {
        "head": {
          "x": 0.0,
          "y": 0.13397200405597687,
          "z": 0.9402589797973633
        },
        "tail": {
          "x": -0.0032443611416965723,
          "y": 0.06353455036878586,
          "z": 0.9513294100761414
        },
        "rotation_quaternion": {
          "w": 0.07779327780008316,
          "x": 0.996707558631897,
          "y": -0.022846413776278496,
          "z": -0.0005642689066007733
        },
        "matrix": [
          [
            0.9989554286003113,
            -0.04545459523797035,
            -0.004679430741816759,
            0.0
          ],
          [
            -0.04563017934560776,
            -0.9868524670600891,
            -0.15504898130893707,
            0.13397200405597687
          ],
          [
            0.0024297540076076984,
            0.15510070323944092,
            -0.9879027605056763,
            0.9402589797973633
          ],
          [
            0.0,
            0.0,
            0.0,
            1.0
          ]
        ]
      },
      "bone_length_armature_space": 0.07137587442445067,
      "parent": null,
      "has_children": true,
      "is_end_bone": false
    },
    "spine_01": {
      "name": "spine_01",
      "local": {
        "location": {
          "x": 0.0,
          "y": 0.0,
          "z": 0.0
        },
        "rotation_quaternion": {
          "w": 0.994043231010437,
          "x": 0.08275090903043747,
          "y": 0.007579615339636803,
          "z": -0.07051981985569
        },
        "scale": {
          "x": 1.0,
          "y": 1.0,
          "z": 1.0
        },
        "matrix_basis": [
          [
            0.9899390339851379,
            0.14145393669605255,
            0.0033977723214775324,
            0.0
          ],
          [
            -0.1389450579881668,
            0.9763584733009338,
            -0.1655849814414978,
            0.0
          ],
          [
            -0.026740089058876038,
            0.16344693303108215,
            0.9861896634101868,
            0.0
          ],
          [
            0.0,
            0.0,
            0.0,
            1.0
          ]
        ],
        "rotation_mode": "QUATERNION"
      },
      "armature_space": {
        "head": {
          "x": -0.0032443611416965723,
          "y": 0.0002905502915382385,
          "z": 0.0014754114672541618
        },
        "tail": {
          "x": 0.06238463521003723,
          "y": -0.050129760056734085,
          "z": 0.4824109971523285
        }
      },
      "world_space": {
        "head": {
          "x": -0.0032443611416965723,
          "y": 0.06353455036878586,
          "z": 0.9513294100761414
        },
        "tail": {
          "x": 0.06238463521003723,
          "y": 0.013114240020513535,
          "z": 1.432265043258667
        },
        "rotation_quaternion": {
          "w": 0.6686139106750488,
          "x": 0.740251898765564,
          "y": 0.035989996045827866,
          "z": -0.06072410196065903
        },
        "matrix": [
          [
            0.9900346398353577,
            0.13448531925678253,
            -0.04177453741431236,
            -0.0032443611416965723
          ],
          [
            -0.027917779982089996,
            -0.10332004725933075,
            -0.994256317615509,
            0.06353455036878586
          ],
          [
            -0.1380300223827362,
            0.9855212569236755,
            -0.09853748232126236,
            0.9513294100761414
          ],
          [
            0.0,
            0.0,
            0.0,
            1.0
          ]
        ]
      },
      "bone_length_armature_space": 0.4880045089882388,
      "parent": "Root",
      "has_children": true,
      "is_end_bone": false
    },
    "neck_01": {
      "name": "neck_01",
      "local": {
        "location": {
          "x": 0.0,
          "y": 0.0,
          "z": 0.0
        },
        "rotation_quaternion": {
          "w": 0.9946779012680054,
          "x": -0.004354562610387802,
          "y": 0.003171737538650632,
          "z": -0.10289285331964493
        },
        "scale": {
          "x": 1.0,
          "y": 1.0,
          "z": 1.0
        },
        "matrix_basis": [
          [
            0.9788060188293457,
            0.20466287434101105,
            0.007205821108072996,
            0.0
          ],
          [
            -0.20471811294555664,
            0.9787881970405579,
            0.008010076358914375,
            0.0
          ],
          [
            -0.005413607694208622,
            -0.009315473027527332,
            0.9999419450759888,
            0.0
          ],
          [
            0.0,
            0.0,
            0.0,
            1.0
          ]
        ],
        "rotation_mode": "QUATERNION"
      },
      "armature_space": {
        "head": {
          "x": 0.07078269124031067,
          "y": -0.09217594563961029,
          "z": 0.5511519908905029
        },
        "tail": {
          "x": 0.10253080725669861,
          "y": -0.1394464671611786,
          "z": 0.6364061832427979
        }
      },
      "world_space": {
        "head": {
          "x": 0.07078269124031067,
          "y": -0.02893194556236267,
          "z": 1.501006007194519
        },
        "tail": {
          "x": 0.10253080725669861,
          "y": -0.07620246708393097,
          "z": 1.586260199546814
        },
        "rotation_quaternion": {
          "w": 0.5066601037979126,
          "x": 0.8466891646385193,
          "y": 0.1129402294754982,
          "z": -0.11686576902866364
        },
        "matrix": [
          [
            0.9471739530563354,
            0.3096732199192047,
            -0.0834520161151886,
            0.07078269124031067
          ],
          [
            0.07282932102680206,
            -0.46107980608940125,
            -0.8843650221824646,
            -0.02893194556236267
          ],
          [
            -0.3123442828655243,
            0.8315749764442444,
            -0.4592800736427307,
            1.501006007194519
          ],
          [
            0.0,
            0.0,
            0.0,
            1.0
          ]
        ]
      },
      "bone_length_armature_space": 0.10252181487120915,
      "parent": "spine_01",
      "has_children": true,
      "is_end_bone": false
    },
    "head": {
      "name": "head",
      "local": {
        "location": {
          "x": 0.0,
          "y": 0.0,
          "z": 0.0
        },
        "rotation_quaternion": {
          "w": 0.9916231036186218,
          "x": -0.012578362599015236,
          "y": -0.1230543851852417,
          "z": -0.03718966618180275
        },
        "scale": {
          "x": 1.0,
          "y": 1.0,
          "z": 1.0
        },
        "matrix_basis": [
          [
            0.9669491052627563,
            0.07685191184282303,
            -0.24311156570911407,
            0.0
          ],
          [
            -0.07066062092781067,
            0.9969174265861511,
            0.03409869223833084,
            0.0
          ],
          [
            0.24498271942138672,
            -0.01579328626394272,
            0.9693987965583801,
            0.0
          ],
          [
            0.0,
            0.0,
            0.0,
            1.0
          ]
        ],
        "rotation_mode": "QUATERNION"
      },
      "armature_space": {
        "head": {
          "x": 0.10253076255321503,
          "y": -0.13944657146930695,
          "z": 0.6364060640335083
        },
        "tail": {
          "x": 0.16296033561229706,
          "y": -0.15323173999786377,
          "z": 0.778573215007782
        }
      },
      "world_space": {
        "head": {
          "x": 0.10253076255321503,
          "y": -0.07620257139205933,
          "z": 1.5862600803375244
        },
        "tail": {
          "x": 0.16296033561229706,
          "y": -0.08998773992061615,
          "z": 1.7284271717071533
        },
        "rotation_quaternion": {
          "w": 0.6703821420669556,
          "x": 0.7079922556877136,
          "y": 0.07839313894510269,
          "z": -0.20782026648521423
        },
        "matrix": [
          [
            0.9013310670852661,
            0.3896414637565613,
            -0.18916162848472595,
            0.10253076255321503
          ],
          [
            -0.1676323115825653,
            -0.08888483047485352,
            -0.9818345904350281,
            -0.07620257139205933
          ],
          [
            -0.3993799090385437,
            0.9166737794876099,
            -0.014799199998378754,
            1.5862600803375244
          ],
          [
            0.0,
            0.0,
            0.0,
            1.0
          ]
        ]
      },
      "bone_length_armature_space": 0.15509114524195744,
      "parent": "neck_01",
      "has_children": false,
      "is_end_bone": true
    },
    "upperarm_l": {
      "name": "upperarm_l",
      "local": {
        "location": {
          "x": 0.0,
          "y": 0.0,
          "z": 0.0
        },
        "rotation_quaternion": {
          "w": 0.9702450633049011,
          "x": -0.12566857039928436,
          "y": -0.18337328732013702,
          "z": 0.09594876319169998
        },
        "scale": {
          "x": 1.0,
          "y": 1.0,
          "z": 1.0
        },
        "matrix_basis": [
          [
            0.9143361449241638,
            -0.14009910821914673,
            -0.37994953989982605,
            0.0
          ],
          [
            0.23227614164352417,
            0.9500024914741516,
            0.2086697369813919,
            0.0
          ],
          [
            0.3317185640335083,
            -0.27904748916625977,
            0.9011632800102234,
            0.0
          ],
          [
            0.0,
            0.0,
            0.0,
            1.0
          ]
        ],
        "rotation_mode": "QUATERNION"
      },
      "armature_space": {
        "head": {
          "x": 0.2101161926984787,
          "y": -0.09259051084518433,
          "z": 0.46389859914779663
        },
        "tail": {
          "x": 0.4679334759712219,
          "y": -0.019841082394123077,
          "z": 0.47063392400741577
        }
      },
      "world_space": {
        "head": {
          "x": 0.2101161926984787,
          "y": -0.029346510767936707,
          "z": 1.413752555847168
        },
        "tail": {
          "x": 0.4679334759712219,
          "y": 0.04340291768312454,
          "z": 1.420487880706787
        },
        "rotation_quaternion": {
          "w": 0.6285080909729004,
          "x": 0.38367894291877747,
          "y": 0.4906323254108429,
          "z": -0.4658842980861664
        },
        "matrix": [
          [
            0.08446311205625534,
            0.9621146321296692,
            0.2592321038246155,
            0.2101161926984787
          ],
          [
            -0.20913425087928772,
            0.27148404717445374,
            -0.9394462704658508,
            -0.029346510767936707
          ],
          [
            -0.9742394685745239,
            0.02513463795185089,
            0.22414222359657288,
            1.413752555847168
          ],
          [
            0.0,
            0.0,
            0.0,
            1.0
          ]
        ]
      },
      "bone_length_armature_space": 0.26796937859557024,
      "parent": "spine_01",
      "has_children": true,
      "is_end_bone": false
    },
    "lowerarm_l": {
      "name": "lowerarm_l",
      "local": {
        "location": {
          "x": 0.0,
          "y": 0.0,
          "z": 0.0
        },
        "rotation_quaternion": {
          "w": 0.9795164465904236,
          "x": 0.1517852395772934,
          "y": -0.07463172823190689,
          "z": 0.10926613211631775
        },
        "scale": {
          "x": 1.0,
          "y": 1.0,
          "z": 1.0
        },
        "matrix_basis": [
          [
            0.9649820327758789,
            -0.23671193420886993,
            -0.11303603649139404,
            0.0
          ],
          [
            0.1913999617099762,
            0.9300442934036255,
            -0.31366172432899475,
            0.0
          ],
          [
            0.17937597632408142,
            0.28104284405708313,
            0.9427827000617981,
            0.0
          ],
          [
            0.0,
            0.0,
            0.0,
            1.0
          ]
        ],
        "rotation_mode": "QUATERNION"
      },
      "armature_space": {
        "head": {
          "x": 0.4679335951805115,
          "y": -0.019841082394123077,
          "z": 0.4706340432167053
        },
        "tail": {
          "x": 0.7094155550003052,
          "y": -0.025317378342151642,
          "z": 0.585638165473938
        }
      },
      "world_space": {
        "head": {
          "x": 0.4679335951805115,
          "y": 0.04340291768312454,
          "z": 1.4204881191253662
        },
        "tail": {
          "x": 0.7094155550003052,
          "y": 0.03792662173509598,
          "z": 1.535492181777954
        },
        "rotation_quaternion": {
          "w": 0.6619700789451599,
          "x": 0.49976396560668945,
          "y": 0.22707071900367737,
          "z": -0.5103633403778076
        },
        "matrix": [
          [
            0.3759348690509796,
            0.9026538133621216,
            -0.20949596166610718,
            0.4679335951805115
          ],
          [
            -0.44872966408729553,
            -0.020470261573791504,
            -0.8934330940246582,
            0.04340291768312454
          ],
          [
            -0.8107554912567139,
            0.4298827052116394,
            0.39735421538352966,
            1.4204881191253662
          ],
          [
            0.0,
            0.0,
            0.0,
            1.0
          ]
        ]
      },
      "bone_length_armature_space": 0.26752471968703717,
      "parent": "upperarm_l",
      "has_children": true,
      "is_end_bone": false
    },
    "metacarpal_thumb_l": {
      "name": "metacarpal_thumb_l",
      "local": {
        "location": {
          "x": 0.0,
          "y": 0.0,
          "z": 0.0
        },
        "rotation_quaternion": {
          "w": 0.9987778663635254,
          "x": -0.04329860582947731,
          "y": -0.015405423007905483,
          "z": -0.018184134736657143
        },
        "scale": {
          "x": 1.0,
          "y": 1.0,
          "z": 1.0
        },
        "matrix_basis": [
          [
            0.9988639950752258,
            0.03765789046883583,
            -0.02919849567115307,
            0.0
          ],
          [
            -0.03498975560069084,
            0.9955891370773315,
            0.0870516449213028,
            0.0
          ],
          [
            0.03234788775444031,
            -0.08593110740184784,
            0.9957758188247681,
            0.0
          ],
          [
            0.0,
            0.0,
            0.0,
            1.0
          ]
        ],
        "rotation_mode": "QUATERNION"
      },
      "armature_space": {
        "head": {
          "x": 0.7094155550003052,
          "y": -0.025317378342151642,
          "z": 0.585638165473938
        },
        "tail": {
          "x": 0.7422600984573364,
          "y": -0.05313350260257721,
          "z": 0.6101552248001099
        }
      },
      "world_space": {
        "head": {
          "x": 0.7094155550003052,
          "y": 0.03792662173509598,
          "z": 1.535492181777954
        },
        "tail": {
          "x": 0.7422600984573364,
          "y": 0.01011049747467041,
          "z": 1.560009241104126
        },
        "rotation_quaternion": {
          "w": 0.2708290219306946,
          "x": 0.8833544254302979,
          "y": 0.3819310963153839,
          "z": 0.021572880446910858
        },
        "matrix": [
          [
            0.70732581615448,
            0.6630755662918091,
            0.24499019980430603,
            0.7094155550003052
          ],
          [
            0.6864468455314636,
            -0.5615599751472473,
            -0.461996853351593,
            0.03792662173509598
          ],
          [
            -0.1687629073858261,
            0.4949580132961273,
            -0.8523786664009094,
            1.535492181777954
          ],
          [
            0.0,
            0.0,
            0.0,
            1.0
          ]
        ]
      },
      "bone_length_armature_space": 0.04953369460819649,
      "parent": "lowerarm_l",
      "has_children": true,
      "is_end_bone": false
    },
    "thumb_01_l": {
      "name": "thumb_01_l",
      "local": {
        "location": {
          "x": 0.0,
          "y": 0.0,
          "z": 0.0
        },
        "rotation_quaternion": {
          "w": 0.9999467134475708,
          "x": -0.009253576397895813,
          "y": 0.0029495907947421074,
          "z": 0.003513820469379425
        },
        "scale": {
          "x": 1.0,
          "y": 1.0,
          "z": 1.0
        },
        "matrix_basis": [
          [
            0.9999579191207886,
            -0.007081855088472366,
            0.005833836272358894,
            0.0
          ],
          [
            0.006972678005695343,
            0.9998040199279785,
            0.018526894971728325,
            0.0
          ],
          [
            -0.00596389826387167,
            -0.01848543807864189,
            0.9998113512992859,
            0.0
          ],
          [
            0.0,
            0.0,
            0.0,
            1.0
          ]
        ],
        "rotation_mode": "QUATERNION"
      },
      "armature_space": {
        "head": {
          "x": 0.7422600984573364,
          "y": -0.05313350260257721,
          "z": 0.6101552248001099
        },
        "tail": {
          "x": 0.7598537802696228,
          "y": -0.08057904988527298,
          "z": 0.600365936756134
        }
      },
      "world_space": {
        "head": {
          "x": 0.7422600984573364,
          "y": 0.01011049747467041,
          "z": 1.560009241104126
        },
        "tail": {
          "x": 0.7598537802696228,
          "y": -0.01733504980802536,
          "z": 1.550220012664795
        },
        "rotation_quaternion": {
          "w": 0.2833647131919861,
          "x": -0.7640451788902283,
          "y": -0.12865233421325684,
          "z": -0.5651441216468811
        },
        "matrix": [
          [
            0.3281216621398926,
            0.5168748497962952,
            0.7906805872917175,
            0.7422600984573364
          ],
          [
            -0.12369021773338318,
            -0.8063070774078369,
            0.5784199833869934,
            0.01011049747467041
          ],
          [
            0.9365085959434509,
            -0.28759458661079407,
            -0.20063559710979462,
            1.560009241104126
          ],
          [
            0.0,
            0.0,
            0.0,
            1.0
          ]
        ]
      },
      "bone_length_armature_space": 0.03403859361326189,
      "parent": "metacarpal_thumb_l",
      "has_children": true,
      "is_end_bone": false
    },
    "thumb_02_l": {
      "name": "thumb_02_l",
      "local": {
        "location": {
          "x": 0.0,
          "y": 0.0,
          "z": 0.0
        },
        "rotation_quaternion": {
          "w": 0.9942116737365723,
          "x": 0.10743552446365356,
          "y": 0.0008732940768823028,
          "z": -0.0003538358141668141
        },
        "scale": {
          "x": 1.0,
          "y": 1.0,
          "z": 1.0
        },
        "matrix_basis": [
          [
            0.9999982118606567,
            0.0008912209887057543,
            0.0016604493139311671,
            0.0
          ],
          [
            -0.0005159297725185752,
            0.9769149422645569,
            -0.2136279195547104,
            0.0
          ],
          [
            -0.0018125073984265327,
            0.2136266827583313,
            0.9769136905670166,
            0.0
          ],
          [
            0.0,
            0.0,
            0.0,
            1.0
          ]
        ],
        "rotation_mode": "QUATERNION"
      },
      "armature_space": {
        "head": {
          "x": 0.759853720664978,
          "y": -0.08057905733585358,
          "z": 0.6003658771514893
        },
        "tail": {
          "x": 0.7963365316390991,
          "y": -0.0776875913143158,
          "z": 0.6169136166572571
        }
      },
      "world_space": {
        "head": {
          "x": 0.759853720664978,
          "y": -0.017335057258605957,
          "z": 1.5502198934555054
        },
        "tail": {
          "x": 0.7963365316390991,
          "y": -0.014443591237068176,
          "z": 1.566767692565918
        },
        "rotation_quaternion": {
          "w": 0.5153214931488037,
          "x": -0.24259299039840698,
          "y": -0.5200368762016296,
          "z": -0.6365172266960144
        },
        "matrix": [
          [
            -0.3511829972267151,
            0.9083364009857178,
            -0.22714485228061676,
            0.759853720664978
          ],
          [
            -0.40370962023735046,
            0.07199075073003769,
            0.9120503664016724,
            -0.017335057258605957
          ],
          [
            0.8448066115379333,
            0.4119998812675476,
            0.3414255678653717,
            1.5502198934555054
          ],
          [
            0.0,
            0.0,
            0.0,
            1.0
          ]
        ]
      },
      "bone_length_armature_space": 0.04016445864567322,
      "parent": "thumb_01_l",
      "has_children": true,
      "is_end_bone": false
    },
    "thumb_03_l": {
      "name": "thumb_03_l",
      "local": {
        "location": {
          "x": 0.0,
          "y": 0.0,
          "z": 0.0
        },
        "rotation_quaternion": {
          "w": 0.995740532875061,
          "x": 0.09214290976524353,
          "y": -0.0019687386229634285,
          "z": -0.0025742705911397934
        },
        "scale": {
          "x": 1.0,
          "y": 1.0,
          "z": 1.0
        },
        "matrix_basis": [
          [
            0.9999790191650391,
            0.004763800650835037,
            -0.0043951072730124,
            0.0
          ],
          [
            -0.005489421542733908,
            0.9830061197280884,
            -0.18349072337150574,
            0.0
          ],
          [
            0.003446304239332676,
            0.18351098895072937,
            0.9830116033554077,
            0.0
          ],
          [
            0.0,
            0.0,
            0.0,
            1.0
          ]
        ],
        "rotation_mode": "QUATERNION"
      },
      "armature_space": {
        "head": {
          "x": 0.7963364720344543,
          "y": -0.07768767327070236,
          "z": 0.6169136166572571
        },
        "tail": {
          "x": 0.8191118836402893,
          "y": -0.06275314092636108,
          "z": 0.6305199861526489
        }
      },
      "world_space": {
        "head": {
          "x": 0.7963364720344543,
          "y": -0.014443673193454742,
          "z": 1.566767692565918
        },
        "tail": {
          "x": 0.8191118836402893,
          "y": 0.0004908591508865356,
          "z": 1.580374002456665
        },
        "rotation_quaternion": {
          "w": 0.6975914835929871,
          "x": -0.04608123004436493,
          "y": -0.5085658431053162,
          "z": -0.5025968551635742
        },
        "matrix": [
          [
            -0.022487804293632507,
            0.7480870485305786,
            -0.6632189750671387,
            0.7963364720344543
          ],
          [
            -0.65434330701828,
            0.49054327607154846,
            0.5755017995834351,
            -0.014443673193454742
          ],
          [
            0.7558677196502686,
            0.4469180703163147,
            0.47847869992256165,
            1.566767692565918
          ],
          [
            0.0,
            0.0,
            0.0,
            1.0
          ]
        ]
      },
      "bone_length_armature_space": 0.03044491629097078,
      "parent": "thumb_02_l",
      "has_children": false,
      "is_end_bone": true
    },
    "metacarpal_index_l": {
      "name": "metacarpal_index_l",
      "local": {
        "location": {
          "x": 0.0,
          "y": 0.0,
          "z": 0.0
        },
        "rotation_quaternion": {
          "w": 0.9981443881988525,
          "x": -0.0586068332195282,
          "y": -0.01360541395843029,
          "z": -0.009384176693856716
        },
        "scale": {
          "x": 1.0,
          "y": 1.0,
          "z": 1.0
        },
        "matrix_basis": [
          [
            0.9994536638259888,
            0.02032826654613018,
            -0.026060381904244423,
            0.0
          ],
          [
            -0.017138786613941193,
            0.9929543733596802,
            0.11725151538848877,
            0.0
          ],
          [
            0.028260288760066032,
            -0.11674081534147263,
            0.9927602410316467,
            0.0
          ],
          [
            0.0,
            0.0,
            0.0,
            1.0
          ]
        ],
        "rotation_mode": "QUATERNION"
      },
      "armature_space": {
        "head": {
          "x": 0.7094155550003052,
          "y": -0.025317378342151642,
          "z": 0.585638165473938
        },
        "tail": {
          "x": 0.8055233955383301,
          "y": -0.04934630170464516,
          "z": 0.6482093930244446
        }
      },
      "world_space": {
        "head": {
          "x": 0.7094155550003052,
          "y": 0.03792662173509598,
          "z": 1.535492181777954
        },
        "tail": {
          "x": 0.8055233955383301,
          "y": 0.013897698372602463,
          "z": 1.5980634689331055
        },
        "rotation_quaternion": {
          "w": 0.4762057065963745,
          "x": 0.7462018132209778,
          "y": 0.41314682364463806,
          "z": -0.2138238400220871
        },
        "matrix": [
          [
            0.5671769380569458,
            0.8202304840087891,
            0.07437638938426971,
            0.7094155550003052
          ],
          [
            0.41293588280677795,
            -0.20507439970970154,
            -0.8873717188835144,
            0.03792662173509598
          ],
          [
            -0.7126014828681946,
            0.534013032913208,
            -0.4550200402736664,
            1.535492181777954
          ],
          [
            0.0,
            0.0,
            0.0,
            1.0
          ]
        ]
      },
      "bone_length_armature_space": 0.11717194364529568,
      "parent": "lowerarm_l",
      "has_children": true,
      "is_end_bone": false
    },
    "index_01_l": {
      "name": "index_01_l",
      "local": {
        "location": {
          "x": 0.0,
          "y": 0.0,
          "z": 0.0
        },
        "rotation_quaternion": {
          "w": 0.9961965084075928,
          "x": -0.0844421461224556,
          "y": 0.009497092105448246,
          "z": -0.019284669309854507
        },
        "scale": {
          "x": 1.0,
          "y": 1.0,
          "z": 1.0
        },
        "matrix_basis": [
          [
            0.9990758299827576,
            0.0368187315762043,
            0.02217881754040718,
            0.0
          ],
          [
            -0.040026549249887466,
            0.9849952459335327,
            0.16787564754486084,
            0.0
          ],
          [
            -0.01566506177186966,
            -0.16860823333263397,
            0.9855586290359497,
            0.0
          ],
          [
            0.0,
            0.0,
            0.0,
            1.0
          ]
        ],
        "rotation_mode": "QUATERNION"
      },
      "armature_space": {
        "head": {
          "x": 0.8055233955383301,
          "y": -0.04934630170464516,
          "z": 0.6482093930244446
        },
        "tail": {
          "x": 0.8314101099967957,
          "y": -0.04266509786248207,
          "z": 0.6581245064735413
        }
      },
      "world_space": {
        "head": {
          "x": 0.8055233955383301,
          "y": 0.013897698372602463,
          "z": 1.5980634689331055
        },
        "tail": {
          "x": 0.8314101099967957,
          "y": 0.02057890221476555,
          "z": 1.6079785823822021
        },
        "rotation_quaternion": {
          "w": 0.5126650929450989,
          "x": 0.5822401642799377,
          "y": 0.5952577590942383,
          "z": -0.20937815308570862
        },
        "matrix": [
          [
            0.20366039872169495,
            0.9078485369682312,
            0.3665146827697754,
            0.8055233955383301
          ],
          [
            0.47848260402679443,
            0.234310120344162,
            -0.8462583422660828,
            0.013897698372602463
          ],
          [
            -0.8541584014892578,
            0.3477228283882141,
            -0.3866735100746155,
            1.5980634689331055
          ],
          [
            0.0,
            0.0,
            0.0,
            1.0
          ]
        ]
      },
      "bone_length_armature_space": 0.02851438126429796,
      "parent": "metacarpal_index_l",
      "has_children": true,
      "is_end_bone": false
    },
    "index_02_l": {
      "name": "index_02_l",
      "local": {
        "location": {
          "x": 0.0,
          "y": 0.0,
          "z": 0.0
        },
        "rotation_quaternion": {
          "w": 0.9998287558555603,
          "x": 0.016038639470934868,
          "y": -0.006342183332890272,
          "z": -0.006711314432322979
        },
        "scale": {
          "x": 1.0,
          "y": 1.0,
          "z": 1.0
        },
        "matrix_basis": [
          [
            0.9998294711112976,
            0.013216890394687653,
            -0.012897475622594357,
            0.0
          ],
          [
            -0.013623770326375961,
            0.9993954300880432,
            -0.03198665753006935,
            0.0
          ],
          [
            0.012466914020478725,
            0.032156914472579956,
            0.9994050860404968,
            0.0
          ],
          [
            0.0,
            0.0,
            0.0,
            1.0
          ]
        ],
        "rotation_mode": "QUATERNION"
      },
      "armature_space": {
        "head": {
          "x": 0.8314105272293091,
          "y": -0.04266538843512535,
          "z": 0.6581246852874756
        },
        "tail": {
          "x": 0.8548843264579773,
          "y": -0.036107469350099564,
          "z": 0.6661286950111389
        }
      },
      "world_space": {
        "head": {
          "x": 0.8314105272293091,
          "y": 0.02057861164212227,
          "z": 1.6079787015914917
        },
        "tail": {
          "x": 0.8548843264579773,
          "y": 0.027136530727148056,
          "z": 1.6159827709197998
        },
        "rotation_quaternion": {
          "w": 0.5321588516235352,
          "x": 0.5600413680076599,
          "y": 0.5870497822761536,
          "z": -0.24193641543388367
        },
        "matrix": [
          [
            0.19368091225624084,
            0.9150422811508179,
            0.35381463170051575,
            0.8314105272293091
          ],
          [
            0.4000457227230072,
            0.2556367516517639,
            -0.8801212310791016,
            0.02057861164212227
          ],
          [
            -0.8958024382591248,
            0.31200703978538513,
            -0.31654980778694153,
            1.6079787015914917
          ],
          [
            0.0,
            0.0,
            0.0,
            1.0
          ]
        ]
      },
      "bone_length_armature_space": 0.025653259951495682,
      "parent": "index_01_l",
      "has_children": true,
      "is_end_bone": false
    },
    "index_03_l": {
      "name": "index_03_l",
      "local": {
        "location": {
          "x": 0.0,
          "y": 0.0,
          "z": 0.0
        },
        "rotation_quaternion": {
          "w": 0.9996453523635864,
          "x": 0.026241162791848183,
          "y": 5.652523395838216e-05,
          "z": 0.0045469035394489765
        },
        "scale": {
          "x": 1.0,
          "y": 1.0,
          "z": 1.0
        },
        "matrix_basis": [
          [
            0.9999586343765259,
            -0.00908761564642191,
            0.0003516424330882728,
            0.0
          ],
          [
            0.00909354817122221,
            0.9985814690589905,
            -0.05246319994330406,
            0.0
          ],
          [
            0.0001256216928595677,
            0.05246422812342644,
            0.9986227750778198,
            0.0
          ],
          [
            0.0,
            0.0,
            0.0,
            1.0
          ]
        ],
        "rotation_mode": "QUATERNION"
      },
      "armature_space": {
        "head": {
          "x": 0.8548842668533325,
          "y": -0.03610735759139061,
          "z": 0.6661287546157837
        },
        "tail": {
          "x": 0.8831929564476013,
          "y": -0.031363870948553085,
          "z": 0.671592116355896
        }
      },
      "world_space": {
        "head": {
          "x": 0.8548842668533325,
          "y": 0.02713664248585701,
          "z": 1.6159827709197998
        },
        "tail": {
          "x": 0.8831929564476013,
          "y": 0.031880129128694534,
          "z": 1.621446132659912
        },
        "rotation_quaternion": {
          "w": 0.45980304479599,
          "x": 0.5808168649673462,
          "y": 0.6080751419067383,
          "z": -0.28544285893440247
        },
        "matrix": [
          [
            0.09753614664077759,
            0.9688558578491211,
            0.2276059091091156,
            0.8548842668533325
          ],
          [
            0.4438645839691162,
            0.16234435141086578,
            -0.8812653422355652,
            0.02713664248585701
          ],
          [
            -0.8907758593559265,
            0.18698275089263916,
            -0.4142100214958191,
            1.6159827709197998
          ],
          [
            0.0,
            0.0,
            0.0,
            1.0
          ]
        ]
      },
      "bone_length_armature_space": 0.02921867339478296,
      "parent": "index_02_l",
      "has_children": false,
      "is_end_bone": true
    },
    "metacarpal_pinky_l": {
      "name": "metacarpal_pinky_l",
      "local": {
        "location": {
          "x": 0.0,
          "y": 0.0,
          "z": 0.0
        },
        "rotation_quaternion": {
          "w": 0.9989468455314636,
          "x": -0.04227188602089882,
          "y": 0.01733223907649517,
          "z": -0.004231993108987808
        },
        "scale": {
          "x": 1.0,
          "y": 1.0,
          "z": 1.0
        },
        "matrix_basis": [
          [
            0.999363362789154,
            0.006989739369601011,
            0.03498575836420059,
            0.0
          ],
          [
            -0.009920405223965645,
            0.9963903427124023,
            0.08430803567171097,
            0.0
          ],
          [
            -0.03427018225193024,
            -0.08460143208503723,
            0.9958253502845764,
            0.0
          ],
          [
            0.0,
            0.0,
            0.0,
            1.0
          ]
        ],
        "rotation_mode": "QUATERNION"
      },
      "armature_space": {
        "head": {
          "x": 0.7094155550003052,
          "y": -0.025317378342151642,
          "z": 0.585638165473938
        },
        "tail": {
          "x": 0.8085517287254333,
          "y": -0.0019189920276403427,
          "z": 0.607265830039978
        }
      },
      "world_space": {
        "head": {
          "x": 0.7094155550003052,
          "y": 0.03792662173509598,
          "z": 1.535492181777954
        },
        "tail": {
          "x": 0.8085517287254333,
          "y": 0.06132500618696213,
          "z": 1.5571198463439941
        },
        "rotation_quaternion": {
          "w": 0.7660226225852966,
          "x": 0.0056275478564202785,
          "y": -0.1598767191171646,
          "z": -0.6225890517234802
        },
        "matrix": [
          [
            0.17364400625228882,
            0.9520353078842163,
            -0.25194481015205383,
            0.7094155550003052
          ],
          [
            -0.9556337594985962,
            0.22470197081565857,
            0.1904550939798355,
            0.03792662173509598
          ],
          [
            0.2379334568977356,
            0.20769721269607544,
            0.9488222002983093,
            1.535492181777954
          ],
          [
            0.0,
            0.0,
            0.0,
            1.0
          ]
        ]
      },
      "bone_length_armature_space": 0.10413078856557467,
      "parent": "lowerarm_l",
      "has_children": true,
      "is_end_bone": false
    },
    "pinky_01_l": {
      "name": "pinky_01_l",
      "local": {
        "location": {
          "x": 0.0,
          "y": 0.0,
          "z": 0.0
        },
        "rotation_quaternion": {
          "w": 0.9943592548370361,
          "x": -0.1048906147480011,
          "y": 0.012560883536934853,
          "z": -0.009477129206061363
        },
        "scale": {
          "x": 1.0,
          "y": 1.0,
          "z": 1.0
        },
        "matrix_basis": [
          [
            0.999504804611206,
            0.016212305054068565,
            0.026968184858560562,
            0.0
          ],
          [
            -0.021482380107045174,
            0.9778162837028503,
            0.20835982263088226,
            0.0
          ],
          [
            -0.022991938516497612,
            -0.20883598923683167,
            0.9776803851127625,
            0.0
          ],
          [
            0.0,
            0.0,
            0.0,
            1.0
          ]
        ],
        "rotation_mode": "QUATERNION"
      },
      "armature_space": {
        "head": {
          "x": 0.8085517287254333,
          "y": -0.0019189920276403427,
          "z": 0.607265830039978
        },
        "tail": {
