{
  "metadata": {
    "armature_name": "KIM_caucasian_male",
    "export_time": "2026-01-13T21:08:31.245597",
    "blender_version": "4.4.1",
    "bone_count": 56,
    "end_bone_count": 13,
    "spaces_included": [
      "LOCAL_CHANNELS",
      "ARMATURE_SPACE",
      "WORLD_SPACE"
    ],
    "note": "LOCAL matches Transform panel; replay pose via local.matrix_basis for best fidelity."
  },
  "bones": {
    "Root": {
      "name": "Root",
      "local": {
        "location": {
          "x": 0.0,
          "y": 0.0,
          "z": 0.0
        },
        "rotation_quaternion": {
          "w": 0.9999175667762756,
          "x": 0.003494878765195608,
          "y": 0.012332885526120663,
          "z": -0.0007446930976584554
        },
        "scale": {
          "x": 1.0,
          "y": 1.0,
          "z": 1.0
        },
        "matrix_basis": [
          [
            0.9996947050094604,
            0.001575467293150723,
            0.024658532813191414,
            0.0
          ],
          [
            -0.0014030595775693655,
            0.9999744892120361,
            -0.007007549982517958,
            0.0
          ],
          [
            -0.024668943136930466,
            0.0069708130322396755,
            0.9996713995933533,
            0.0
          ],
          [
            0.0,
            0.0,
            0.0,
            1.0
          ]
        ],
        "rotation_mode": "QUATERNION"
      },
      "armature_space": {
        "head": {
          "x": 0.0,
          "y": 0.07072800397872925,
          "z": -0.009595036506652832
        },
        "tail": {
          "x": 0.00011245034693274647,
          "y": -6.508082151412964e-05,
          "z": -0.0004932796582579613
        }
      },
      "world_space": {
        "head": {
          "x": 0.0,
          "y": 0.13397200405597687,
          "z": 0.9402589797973633
        },
        "tail": {
          "x": 0.00011245034693274647,
          "y": 0.06317891925573349,
          "z": 0.949360728263855
        },
        "rotation_quaternion": {
          "w": 0.06387516856193542,
          "x": 0.9978814125061035,
          "y": 0.0015738417860120535,
          "z": 0.012254700064659119
        },
        "matrix": [
          [
            0.9996947050094604,
            0.001575467293150723,
            0.024658532813191414,
            0.0
          ],
          [
            0.0047065624967217445,
            -0.9918349981307983,
            -0.12744158506393433,
            0.13397200405597687
          ],
          [
            0.024256587028503418,
            0.1275186836719513,
            -0.991546630859375,
            0.9402589797973633
          ],
          [
            0.0,
            0.0,
            0.0,
            1.0
          ]
        ]
      },
      "bone_length_armature_space": 0.07137587549743794,
      "parent": null,
      "has_children": true,
      "is_end_bone": false
    },
    "spine_01": {
      "name": "spine_01",
      "local": {
        "location": {
          "x": 0.0,
          "y": 0.0,
          "z": 0.0
        },
        "rotation_quaternion": {
          "w": 0.9986537098884583,
          "x": -0.04050471633672714,
          "y": -0.019401894882321358,
          "z": 0.025958368554711342
        },
        "scale": {
          "x": 1.0,
          "y": 1.0,
          "z": 1.0
        },
        "matrix_basis": [
          [
            0.9978994727134705,
            -0.050275105983018875,
            -0.04085442051291466,
            0.0
          ],
          [
            0.05341858044266701,
            0.9953710436820984,
            0.0798930898308754,
            0.0
          ],
          [
            0.03664867579936981,
            -0.08190765231847763,
            0.9959658980369568,
            0.0
          ],
          [
            0.0,
            0.0,
            0.0,
            1.0
          ]
        ],
        "rotation_mode": "QUATERNION"
      },
      "armature_space": {
        "head": {
          "x": 0.00011245034693274647,
          "y": -6.508082151412964e-05,
          "z": -0.0004932796582579613
        },
        "tail": {
          "x": -0.03642774373292923,
          "y": 0.05904098600149155,
          "z": 0.482538640499115
        }
      },
      "world_space": {
        "head": {
          "x": 0.00011245034693274647,
          "y": 0.06317891925573349,
          "z": 0.949360728263855
        },
        "tail": {
          "x": -0.03642774373292923,
          "y": 0.12228498607873917,
          "z": 1.4323925971984863
        },
        "rotation_quaternion": {
          "w": 0.7476629018783569,
          "x": 0.6627320051193237,
          "y": -0.03948802873492241,
          "z": 0.015071824193000793
        },
        "matrix": [
          [
            0.9964271783828735,
            -0.07487726211547852,
            -0.039069823920726776,
            0.00011245034693274647
          ],
          [
            -0.02980216220021248,
            0.1211186870932579,
            -0.9921907186508179,
            0.06317891925573349
          ],
          [
            0.07902512699365616,
            0.9898170232772827,
            0.11845436692237854,
            0.949360728263855
          ],
          [
            0.0,
            0.0,
            0.0,
            1.0
          ]
        ]
      },
      "bone_length_armature_space": 0.488004673948152,
      "parent": "Root",
      "has_children": true,
      "is_end_bone": false
    },
    "neck_01": {
      "name": "neck_01",
      "local": {
        "location": {
          "x": 0.0,
          "y": 0.0,
          "z": 0.0
        },
        "rotation_quaternion": {
          "w": 0.988737940788269,
          "x": -0.038585253059864044,
          "y": -0.06644173711538315,
          "z": 0.12842896580696106
        },
        "scale": {
          "x": 1.0,
          "y": 1.0,
          "z": 1.0
        },
        "matrix_basis": [
          [
            0.9581829905509949,
            -0.24883784353733063,
            -0.1412978619337082,
            0.0
          ],
          [
            0.2590925395488739,
            0.964034378528595,
            0.05923531949520111,
            0.0
          ],
          [
            0.12147600203752518,
            -0.09336749464273453,
            0.9881933331489563,
            0.0
          ],
          [
            0.0,
            0.0,
            0.0,
            1.0
          ]
        ],
        "rotation_mode": "QUATERNION"
      },
      "armature_space": {
        "head": {
          "x": -0.043265100568532944,
          "y": 0.03349950164556503,
          "z": 0.5591195821762085
        },
        "tail": {
          "x": -0.07690703868865967,
          "y": 0.0173471812158823,
          "z": 0.6546081900596619
        }
      },
      "world_space": {
        "head": {
          "x": -0.043265100568532944,
          "y": 0.09674350172281265,
          "z": 1.5089735984802246
        },
        "tail": {
          "x": -0.07690703868865967,
          "y": 0.08059117943048477,
          "z": 1.6044621467590332
        },
        "rotation_quaternion": {
          "w": 0.6238213777542114,
          "x": 0.7594413757324219,
          "y": -0.17908431589603424,
          "z": 0.04499465599656105
        },
        "matrix": [
          [
            0.9318082928657532,
            -0.32814568281173706,
            -0.1550934612751007,
            -0.043265100568532944
          ],
          [
            -0.2158726155757904,
            -0.15755081176757812,
            -0.9636271595954895,
            0.09674350172281265
          ],
          [
            0.29177677631378174,
            0.9314022660255432,
            -0.21764716506004333,
            1.5089735984802246
          ],
          [
            0.0,
            0.0,
            0.0,
            1.0
          ]
        ]
      },
      "bone_length_armature_space": 0.1025219585140808,
      "parent": "spine_01",
      "has_children": true,
      "is_end_bone": false
    },
    "head": {
      "name": "head",
      "local": {
        "location": {
          "x": 0.0,
          "y": 0.0,
          "z": 0.0
        },
        "rotation_quaternion": {
          "w": 0.9869357347488403,
          "x": -0.0011105602607131004,
          "y": 0.02607407048344612,
          "z": -0.15898670256137848
        },
        "scale": {
          "x": 1.0,
          "y": 1.0,
          "z": 1.0
        },
        "matrix_basis": [
          [
            0.9480867385864258,
            0.3137614130973816,
            0.05181999132037163,
            0.0
          ],
          [
            -0.3138772249221802,
            0.9494439959526062,
            -0.006098757963627577,
            0.0
          ],
          [
            -0.051113735884428024,
            -0.010482964105904102,
            0.9986377954483032,
            0.0
          ],
          [
            0.0,
            0.0,
            0.0,
            1.0
          ]
        ],
        "rotation_mode": "QUATERNION"
      },
      "armature_space": {
        "head": {
          "x": -0.07690703123807907,
          "y": 0.017347045242786407,
          "z": 0.6546080708503723
        },
        "tail": {
          "x": -0.06806021928787231,
          "y": 0.03794509172439575,
          "z": 0.8080706596374512
        }
      },
      "world_space": {
        "head": {
          "x": -0.07690703123807907,
          "y": 0.08059104532003403,
          "z": 1.6044621467590332
        },
        "tail": {
          "x": -0.06806021928787231,
          "y": 0.10118909180164337,
          "z": 1.7579246759414673
        },
        "rotation_quaternion": {
          "w": 0.7499444484710693,
          "x": 0.6518867611885071,
          "y": -0.06316464394330978,
          "z": -0.09293711930513382
        },
        "matrix": [
          [
            0.9747459292411804,
            0.05704300478100777,
            -0.2159091830253601,
            -0.07690703123807907
          ],
          [
            -0.22174808382987976,
            0.13281331956386566,
            -0.9660170078277588,
            0.08059104532003403
          ],
          [
            -0.026429282501339912,
            0.989505410194397,
            0.1421085149049759,
            1.6044621467590332
          ],
          [
            0.0,
            0.0,
            0.0,
            1.0
          ]
        ]
      },
      "bone_length_armature_space": 0.15509129949535921,
      "parent": "neck_01",
      "has_children": false,
      "is_end_bone": true
    },
    "upperarm_l": {
      "name": "upperarm_l",
      "local": {
        "location": {
          "x": 0.0,
          "y": 0.0,
          "z": 0.0
        },
        "rotation_quaternion": {
          "w": 0.9620307683944702,
          "x": 0.1888863891363144,
          "y": 0.19186396896839142,
          "z": -0.044798653572797775
        },
        "scale": {
          "x": 1.0,
          "y": 1.0,
          "z": 1.0
        },
        "matrix_basis": [
          [
            0.9223626255989075,
            0.1586763560771942,
            0.3522343635559082,
            0.0
          ],
          [
            -0.013714381493628025,
            0.9246300458908081,
            -0.38061952590942383,
            0.0
          ],
          [
            -0.3860817849636078,
            0.34623855352401733,
            0.85502028465271,
            0.0
          ],
          [
            0.0,
            0.0,
            0.0,
            1.0
          ]
        ],
        "rotation_mode": "QUATERNION"
      },
      "armature_space": {
        "head": {
          "x": 0.11110671609640121,
          "y": 0.017724838107824326,
          "z": 0.5048277378082275
        },
        "tail": {
          "x": 0.3609037399291992,
          "y": -0.07713983952999115,
          "z": 0.48458465933799744
        }
      },
      "world_space": {
        "head": {
          "x": 0.11110671609640121,
          "y": 0.08096884191036224,
          "z": 1.4546817541122437
        },
        "tail": {
          "x": 0.3609037399291992,
          "y": -0.01389583945274353,
          "z": 1.434438705444336
        },
        "rotation_quaternion": {
          "w": 0.31358540058135986,
          "x": 0.6473022699356079,
          "y": 0.47397950291633606,
          "z": -0.5079442858695984
        },
        "matrix": [
          [
            0.03467084467411041,
            0.9321847558021545,
            -0.3603188395500183,
            0.11110671609640121
          ],
          [
            0.2950478792190552,
            -0.354013055562973,
            -0.887480616569519,
            0.08096884191036224
          ],
          [
            -0.9548597931861877,
            -0.07554250210523605,
            -0.2873157858848572,
            1.4546817541122437
          ],
          [
            0.0,
            0.0,
            0.0,
            1.0
          ]
        ]
      },
      "bone_length_armature_space": 0.2679694740694693,
      "parent": "spine_01",
      "has_children": true,
      "is_end_bone": false
    },
    "lowerarm_l": {
      "name": "lowerarm_l",
      "local": {
        "location": {
          "x": 0.0,
          "y": 0.0,
          "z": 0.0
        },
        "rotation_quaternion": {
          "w": 0.9167892336845398,
          "x": 0.27314966917037964,
          "y": 0.0877818614244461,
          "z": -0.27781522274017334
        },
        "scale": {
          "x": 1.0,
          "y": 1.0,
          "z": 1.0
        },
        "matrix_basis": [
          [
            0.8302261233329773,
            0.5573511719703674,
            0.009184658527374268,
            0.0
          ],
          [
            -0.4614408314228058,
            0.696415901184082,
            -0.5496156215667725,
            0.0
          ],
          [
            -0.3127252161502838,
            0.4520670771598816,
            0.8353672027587891,
            0.0
          ],
          [
            0.0,
            0.0,
            0.0,
            1.0
          ]
        ],
        "rotation_mode": "QUATERNION"
      },
      "armature_space": {
        "head": {
          "x": 0.360903799533844,
          "y": -0.0771399587392807,
          "z": 0.484584778547287
        },
        "tail": {
          "x": 0.4722292423248291,
          "y": -0.24894781410694122,
          "z": 0.3123682141304016
        }
      },
      "world_space": {
        "head": {
          "x": 0.360903799533844,
          "y": -0.013895958662033081,
          "z": 1.4344388246536255
        },
        "tail": {
          "x": 0.4722292423248291,
          "y": -0.1857038140296936,
          "z": 1.2622222900390625
        },
        "rotation_quaternion": {
          "w": 0.07313664257526398,
          "x": -0.6161072254180908,
          "y": -0.416585236787796,
          "z": 0.6644694805145264
        },
        "matrix": [
          [
            -0.23012614250183105,
            0.41613173484802246,
            -0.8797024488449097,
            0.360903799533844
          ],
          [
            0.6105166673660278,
            -0.6422135829925537,
            -0.46349915862083435,
            -0.013895958662033081
          ],
          [
            -0.7578383088111877,
            -0.6437413096427917,
            -0.10626640170812607,
            1.4344388246536255
          ],
          [
            0.0,
            0.0,
            0.0,
            1.0
          ]
        ]
      },
      "bone_length_armature_space": 0.267525397973945,
      "parent": "upperarm_l",
      "has_children": true,
      "is_end_bone": false
    },
    "metacarpal_thumb_l": {
      "name": "metacarpal_thumb_l",
      "local": {
        "location": {
          "x": 0.0,
          "y": 0.0,
          "z": 0.0
        },
        "rotation_quaternion": {
          "w": 0.9991468191146851,
          "x": -0.039649106562137604,
          "y": 0.00023039989173412323,
          "z": -0.011560754850506783
        },
        "scale": {
          "x": 1.0,
          "y": 1.0,
          "z": 1.0
        },
        "matrix_basis": [
          [
            0.9997326135635376,
            0.023083511739969254,
            0.0013771537924185395,
            0.0
          ],
          [
            -0.023120053112506866,
            0.9965885877609253,
            0.07922522723674774,
            0.0
          ],
          [
            0.00045634055277332664,
            -0.07923588156700134,
            0.9968557953834534,
            0.0
          ],
          [
            0.0,
            0.0,
            0.0,
            1.0
          ]
        ],
        "rotation_mode": "QUATERNION"
      },
      "armature_space": {
        "head": {
          "x": 0.4722292423248291,
          "y": -0.24894781410694122,
          "z": 0.3123682141304016
        },
        "tail": {
          "x": 0.4628961682319641,
          "y": -0.28475865721702576,
          "z": 0.27944284677505493
        }
      },
      "world_space": {
        "head": {
          "x": 0.4722292423248291,
          "y": -0.1857038140296936,
          "z": 1.2622222900390625
        },
        "tail": {
          "x": 0.4628961682319641,
          "y": -0.22151465713977814,
          "z": 1.2292969226837158
        },
        "rotation_quaternion": {
          "w": 0.37040963768959045,
          "x": -0.9134037494659424,
          "y": 0.036292798817157745,
          "z": 0.16484329104423523
        },
        "matrix": [
          [
            0.9430193305015564,
            -0.18841895461082458,
            -0.2742498517036438,
            0.4722292423248291
          ],
          [
            0.055818431079387665,
            -0.722959578037262,
            0.6886318922042847,
            -0.1857038140296936
          ],
          [
            -0.32802510261535645,
            -0.6647065281867981,
            -0.6712517738342285,
            1.2622222900390625
          ],
          [
            0.0,
            0.0,
            0.0,
            1.0
          ]
        ]
      },
      "bone_length_armature_space": 0.04953385346845522,
      "parent": "lowerarm_l",
      "has_children": true,
      "is_end_bone": false
    },
    "thumb_01_l": {
      "name": "thumb_01_l",
      "local": {
        "location": {
          "x": 0.0,
          "y": 0.0,
          "z": 0.0
        },
        "rotation_quaternion": {
          "w": 0.9998184442520142,
          "x": 0.004502083640545607,
          "y": 0.01784558966755867,
          "z": -0.0049459123983979225
        },
        "scale": {
          "x": 1.0,
          "y": 1.0,
          "z": 1.0
        },
        "matrix_basis": [
          [
            0.9993141293525696,
            0.010050714015960693,
            0.0356401652097702,
            0.0
          ],
          [
            -0.00972934439778328,
            0.9999105334281921,
            -0.00917905755341053,
            0.0
          ],
          [
            -0.03572923317551613,
            0.008826007135212421,
            0.9993225336074829,
            0.0
          ],
          [
            0.0,
            0.0,
            0.0,
            1.0
          ]
        ],
        "rotation_mode": "QUATERNION"
      },
      "armature_space": {
        "head": {
          "x": 0.4628961682319641,
          "y": -0.28475865721702576,
          "z": 0.27944284677505493
        },
        "tail": {
          "x": 0.44813981652259827,
          "y": -0.2841816842556,
          "z": 0.24877436459064484
        }
      },
      "world_space": {
        "head": {
          "x": 0.4628961682319641,
          "y": -0.22151465713977814,
          "z": 1.2292969226837158
        },
        "tail": {
          "x": 0.44813981652259827,
          "y": -0.22093768417835236,
          "z": 1.1986284255981445
        },
        "rotation_quaternion": {
          "w": 0.38534554839134216,
          "x": -0.5971723794937134,
          "y": 0.5999875664710999,
          "z": -0.36729949712753296
        },
        "matrix": [
          [
            0.010214991867542267,
            -0.43351805210113525,
            0.9010871648788452,
            0.4628961682319641
          ],
          [
            -0.9996664524078369,
            0.016950614750385284,
            0.019487448036670685,
            -0.22151465713977814
          ],
          [
            -0.02372298762202263,
            -0.9009919166564941,
            -0.4332033693790436,
            1.2292969226837158
          ],
          [
            0.0,
            0.0,
            0.0,
            1.0
          ]
        ]
      },
      "bone_length_armature_space": 0.0340387813039753,
      "parent": "metacarpal_thumb_l",
      "has_children": true,
      "is_end_bone": false
    },
    "thumb_02_l": {
      "name": "thumb_02_l",
      "local": {
        "location": {
          "x": 0.0,
          "y": 0.0,
          "z": 0.0
        },
        "rotation_quaternion": {
          "w": 0.9870074987411499,
          "x": 0.16038420796394348,
          "y": -0.00951148010790348,
          "z": -0.0016474196454510093
        },
        "scale": {
          "x": 1.0,
          "y": 1.0,
          "z": 1.0
        },
        "matrix_basis": [
          [
            0.9998136162757874,
            0.0002010486787185073,
            -0.019304243847727776,
            0.0
          ],
          [
            -0.006303013302385807,
            0.9485483765602112,
            -0.3165695071220398,
            0.0
          ],
          [
            0.018247364088892937,
            0.3166321814060211,
            0.9483729004859924,
            0.0
          ],
          [
            0.0,
            0.0,
            0.0,
            1.0
          ]
        ],
        "rotation_mode": "QUATERNION"
      },
      "armature_space": {
        "head": {
          "x": 0.44813981652259827,
          "y": -0.2841816544532776,
          "z": 0.24877440929412842
        },
        "tail": {
          "x": 0.4705825746059418,
          "y": -0.3109898865222931,
          "z": 0.22900508344173431
        }
      },
      "world_space": {
        "head": {
          "x": 0.44813981652259827,
          "y": -0.22093765437602997,
          "z": 1.1986284255981445
        },
        "tail": {
          "x": 0.4705825746059418,
          "y": -0.24774588644504547,
          "z": 1.1788591146469116
        },
        "rotation_quaternion": {
          "w": 0.3757030665874481,
          "x": -0.2898012399673462,
          "y": 0.1584799438714981,
          "z": -0.8658791184425354
        },
        "matrix": [
          [
            -0.5497241020202637,
            0.5587726831436157,
            0.620948314666748,
            0.44813981652259827
          ],
          [
            -0.7424824833869934,
            -0.6674625873565674,
            -0.056688711047172546,
            -0.22093765437602997
          ],
          [
            0.3827858865261078,
            -0.4922102391719818,
            0.7818045616149902,
            1.1986284255981445
          ],
          [
            0.0,
            0.0,
            0.0,
            1.0
          ]
        ]
      },
      "bone_length_armature_space": 0.04016447415699272,
      "parent": "thumb_01_l",
      "has_children": true,
      "is_end_bone": false
    },
    "thumb_03_l": {
      "name": "thumb_03_l",
      "local": {
        "location": {
          "x": 0.0,
          "y": 0.0,
          "z": 0.0
        },
        "rotation_quaternion": {
          "w": 0.9991374015808105,
          "x": 0.0413367822766304,
          "y": 0.003873784327879548,
          "z": -0.0009183504735119641
        },
        "scale": {
          "x": 1.0,
          "y": 1.0,
          "z": 1.0
        },
        "matrix_basis": [
          [
            0.9999682903289795,
            0.0021553761325776577,
            0.007664962206035852,
            0.0
          ],
          [
            -0.0015148570528253913,
            0.9965808391571045,
            -0.08260936290025711,
            0.0
          ],
          [
            -0.007816809229552746,
            0.08259513229131699,
            0.9965525269508362,
            0.0
          ],
          [
            0.0,
            0.0,
            0.0,
            1.0
          ]
        ],
        "rotation_mode": "QUATERNION"
      },
      "armature_space": {
        "head": {
          "x": 0.470582515001297,
          "y": -0.3109899163246155,
          "z": 0.22900506854057312
        },
        "tail": {
          "x": 0.49502769112586975,
          "y": -0.3276287317276001,
          "z": 0.2217610776424408
        }
      },
      "world_space": {
        "head": {
          "x": 0.470582515001297,
          "y": -0.24774591624736786,
          "z": 1.1788591146469116
        },
        "tail": {
          "x": 0.49502769112586975,
          "y": -0.26438474655151367,
          "z": 1.1716151237487793
        },
        "rotation_quaternion": {
          "w": 0.4617079794406891,
          "x": -0.0360347181558609,
          "y": 0.1164679229259491,
          "z": -0.878614068031311
        },
        "matrix": [
          [
            -0.5710543394088745,
            0.8029325604438782,
            0.1708703637123108,
            0.470582515001297
          ],
          [
            -0.8197201490402222,
            -0.5465220212936401,
            -0.1713847666978836,
            -0.24774591624736786
          ],
          [
            -0.044226810336112976,
            -0.23793786764144897,
            0.9702804088592529,
            1.1788591146469116
          ],
          [
            0.0,
            0.0,
            0.0,
            1.0
          ]
        ]
      },
      "bone_length_armature_space": 0.03044490511829822,
      "parent": "thumb_02_l",
      "has_children": false,
      "is_end_bone": true
    },
    "metacarpal_index_l": {
      "name": "metacarpal_index_l",
      "local": {
        "location": {
          "x": 0.0,
          "y": 0.0,
          "z": 0.0
        },
        "rotation_quaternion": {
          "w": 0.9993554353713989,
          "x": -0.03247326985001564,
          "y": -0.013719439506530762,
          "z": 0.006789138074964285
        },
        "scale": {
          "x": 1.0,
          "y": 1.0,
          "z": 1.0
        },
        "matrix_basis": [
          [
            0.9995313882827759,
            -0.012678493745625019,
            -0.027862124145030975,
            0.0
          ],
          [
            0.014460554346442223,
            0.9977988004684448,
            0.06471838802099228,
            0.0
          ],
          [
            0.026980262249708176,
            -0.06509096175432205,
            0.997514545917511,
            0.0
          ],
          [
            0.0,
            0.0,
            0.0,
            1.0
          ]
        ],
        "rotation_mode": "QUATERNION"
      },
      "armature_space": {
        "head": {
          "x": 0.4722292423248291,
          "y": -0.24894781410694122,
          "z": 0.3123682141304016
        },
        "tail": {
          "x": 0.4905593991279602,
          "y": -0.3370538353919983,
          "z": 0.2373305857181549
        }
      },
      "world_space": {
        "head": {
          "x": 0.4722292423248291,
          "y": -0.1857038140296936,
          "z": 1.2622222900390625
        },
        "tail": {
          "x": 0.4905593991279602,
          "y": -0.27380985021591187,
          "z": 1.1871845722198486
        },
        "rotation_quaternion": {
          "w": 0.2797008454799652,
          "x": -0.8570436835289001,
          "y": -0.21400511264801025,
          "z": 0.3760921359062195
        },
        "matrix": [
          [
            0.625512957572937,
            0.15643835067749023,
            -0.7643694281578064,
            0.4722292423248291
          ],
          [
            0.5772103667259216,
            -0.751939058303833,
            0.31845909357070923,
            -0.1857038140296936
          ],
          [
            -0.5249431729316711,
            -0.6404073238372803,
            -0.5606492161750793,
            1.2622222900390625
          ],
          [
            0.0,
            0.0,
            0.0,
            1.0
          ]
        ]
      },
      "bone_length_armature_space": 0.11717214483750686,
      "parent": "lowerarm_l",
      "has_children": true,
      "is_end_bone": false
    },
    "index_01_l": {
      "name": "index_01_l",
      "local": {
        "location": {
          "x": 0.0,
          "y": 0.0,
          "z": 0.0
        },
        "rotation_quaternion": {
          "w": 0.9989651441574097,
          "x": -0.04493473842740059,
          "y": 0.0018392918864265084,
          "z": -0.006798412650823593
        },
        "scale": {
          "x": 1.0,
          "y": 1.0,
          "z": 1.0
        },
        "matrix_basis": [
          [
            0.9999008178710938,
            0.013417458161711693,
            0.004285746719688177,
            0.0
          ],
          [
            -0.013748050667345524,
            0.9958692789077759,
            0.0897514671087265,
            0.0
          ],
          [
            -0.003063807263970375,
            -0.08980148285627365,
            0.9959549903869629,
            0.0
          ],
          [
            0.0,
            0.0,
            0.0,
            1.0
          ]
        ],
        "rotation_mode": "QUATERNION"
      },
      "armature_space": {
        "head": {
          "x": 0.4905593991279602,
          "y": -0.3370538353919983,
          "z": 0.2373305857181549
        },
        "tail": {
          "x": 0.5056962370872498,
          "y": -0.3528178036212921,
          "z": 0.21901535987854004
        }
      },
      "world_space": {
        "head": {
          "x": 0.4905593991279602,
          "y": -0.27380985021591187,
          "z": 1.1871845722198486
        },
        "tail": {
          "x": 0.5056962370872498,
          "y": -0.2895737886428833,
          "z": 1.1688693761825562
        },
        "rotation_quaternion": {
          "w": 0.2543061077594757,
          "x": -0.8385350108146667,
          "y": -0.39863112568855286,
          "z": 0.2707041800022125
        },
        "matrix": [
          [
            0.5356237292289734,
            0.5308496952056885,
            -0.6567388772964478,
            0.4905593991279602
          ],
          [
            0.8062164783477783,
            -0.5528431534767151,
            0.21066509187221527,
            -0.27380985021591187
          ],
          [
            -0.25124311447143555,
            -0.6423158049583435,
            -0.724100649356842,
            1.1871845722198486
          ],
          [
            0.0,
            0.0,
            0.0,
            1.0
          ]
        ]
      },
      "bone_length_armature_space": 0.02851445354054212,
      "parent": "metacarpal_index_l",
      "has_children": true,
      "is_end_bone": false
    },
    "index_02_l": {
      "name": "index_02_l",
      "local": {
        "location": {
          "x": 0.0,
          "y": 0.0,
          "z": 0.0
        },
        "rotation_quaternion": {
          "w": 0.9839285612106323,
          "x": 0.1782393604516983,
          "y": -0.00948869064450264,
          "z": 0.005032935179769993
        },
        "scale": {
          "x": 1.0,
          "y": 1.0,
          "z": 1.0
        },
        "matrix_basis": [
          [
            0.9997692704200745,
            -0.01328661385923624,
            -0.01687825284898281,
            0.0
          ],
          [
            0.006521581206470728,
            0.9364107847213745,
            -0.3508450984954834,
            0.0
          ],
          [
            0.020466521382331848,
            0.35065409541130066,
            0.9362813830375671,
            0.0
          ],
          [
            0.0,
            0.0,
            0.0,
            1.0
          ]
        ],
        "rotation_mode": "QUATERNION"
      },
      "armature_space": {
        "head": {
          "x": 0.5056961178779602,
          "y": -0.35281816124916077,
          "z": 0.2190149426460266
        },
        "tail": {
          "x": 0.5131882429122925,
          "y": -0.36470332741737366,
          "z": 0.19755084812641144
        }
      },
      "world_space": {
        "head": {
          "x": 0.5056961178779602,
          "y": -0.28957414627075195,
          "z": 1.1688690185546875
        },
        "tail": {
          "x": 0.5131882429122925,
          "y": -0.30145931243896484,
          "z": 1.1474049091339111
        },
        "rotation_quaternion": {
          "w": 0.3685319423675537,
          "x": -0.7726321220397949,
          "y": -0.3640519380569458,
          "z": 0.36700156331062317
        },
        "matrix": [
          [
            0.4655514061450958,
            0.29205405712127686,
            -0.835443913936615,
            0.5056961178779602
          ],
          [
            0.8330605626106262,
            -0.46330079436302185,
            0.30226272344589233,
            -0.28957414627075195
          ],
          [
            -0.29878610372543335,
            -0.8367003202438354,
            -0.45899221301078796,
            1.1688690185546875
          ],
          [
            0.0,
            0.0,
            0.0,
            1.0
          ]
        ]
      },
      "bone_length_armature_space": 0.025653390845030412,
      "parent": "index_01_l",
      "has_children": true,
      "is_end_bone": false
    },
    "index_03_l": {
      "name": "index_03_l",
      "local": {
        "location": {
          "x": 0.0,
          "y": 0.0,
          "z": 0.0
        },
        "rotation_quaternion": {
          "w": 0.9784746170043945,
          "x": 0.2063262164592743,
          "y": -0.003596449736505747,
          "z": -0.0020497222431004047
        },
        "scale": {
          "x": 1.0,
          "y": 1.0,
          "z": 1.0
        },
        "matrix_basis": [
          [
            0.9999657273292542,
            0.0025271186605095863,
            -0.007883892394602299,
            0.0
          ],
          [
            -0.005495286080986261,
            0.9148505926132202,
            -0.40375518798828125,
            0.0
          ],
          [
            0.006192246917635202,
            0.4037846624851227,
            0.914833128452301,
            0.0
          ],
          [
            0.0,
            0.0,
            0.0,
            1.0
          ]
        ],
        "rotation_mode": "QUATERNION"
      },
      "armature_space": {
        "head": {
          "x": 0.513188362121582,
          "y": -0.36470338702201843,
          "z": 0.1975509226322174
        },
        "tail": {
          "x": 0.5103853344917297,
          "y": -0.3694770634174347,
          "z": 0.16886122524738312
        }
      },
      "world_space": {
        "head": {
          "x": 0.513188362121582,
          "y": -0.3014593720436096,
          "z": 1.1474049091339111
        },
        "tail": {
          "x": 0.5103853344917297,
          "y": -0.3062330484390259,
          "z": 1.1187152862548828
        },
        "rotation_quaternion": {
          "w": 0.576943576335907,
          "x": -0.6436017155647278,
          "y": -0.2923140525817871,
          "z": 0.40922561287879944
        },
        "matrix": [
          [
            0.4941730797290802,
            -0.0959322452545166,
            -0.8640545010566711,
            0.513188362121582
          ],
          [
            0.8484683036804199,
            -0.16337794065475464,
            0.5033980011940002,
            -0.3014593720436096
          ],
          [
            -0.18946008384227753,
            -0.9818955659866333,
            0.0006587505340576172,
            1.1474049091339111
          ],
          [
            0.0,
            0.0,
            0.0,
            1.0
          ]
        ]
      },
      "bone_length_armature_space": 0.029218893011726747,
      "parent": "index_02_l",
      "has_children": false,
      "is_end_bone": true
    },
    "metacarpal_pinky_l": {
      "name": "metacarpal_pinky_l",
      "local": {
        "location": {
          "x": 0.0,
          "y": 0.0,
          "z": 0.0
        },
        "rotation_quaternion": {
          "w": 0.9996554255485535,
          "x": -0.023999078199267387,
          "y": 0.010311555117368698,
          "z": 0.0026123318821191788
        },
        "scale": {
          "x": 1.0,
          "y": 1.0,
          "z": 1.0
        },
        "matrix_basis": [
          [
            0.9997736811637878,
            -0.005717799067497253,
            0.0204906165599823,
            0.0
          ],
          [
            0.004727927967905998,
            0.9988344311714172,
            0.04803549125790596,
            0.0
          ],
          [
            -0.02074139192700386,
            -0.047927744686603546,
            0.9986354112625122,
            0.0
          ],
          [
            0.0,
            0.0,
            0.0,
            1.0
          ]
        ],
        "rotation_mode": "QUATERNION"
      },
      "armature_space": {
        "head": {
          "x": 0.4722292423248291,
          "y": -0.24894781410694122,
          "z": 0.3123682141304016
        },
        "tail": {
          "x": 0.5414007306098938,
          "y": -0.2935425043106079,
          "z": 0.2485724538564682
        }
      },
      "world_space": {
        "head": {
          "x": 0.4722292423248291,
          "y": -0.1857038140296936,
          "z": 1.2622222900390625
        },
        "tail": {
          "x": 0.5414007306098938,
          "y": -0.2302985042333603,
          "z": 1.1984264850616455
        },
        "rotation_quaternion": {
          "w": 0.32952335476875305,
          "x": 0.13609929382801056,
          "y": 0.4210532605648041,
          "z": -0.8340296745300293
        },
        "matrix": [
          [
            -0.745782196521759,
            0.664275050163269,
            0.05047398805618286,
            0.4722292423248291
          ],
          [
            -0.43505680561065674,
            -0.4282567501068115,
            -0.7920367121696472,
            -0.1857038140296936
          ],
          [
            -0.5045182704925537,
            -0.6126505136489868,
            0.6083871126174927,
            1.2622222900390625
          ],
          [
            0.0,
            0.0,
            0.0,
            1.0
          ]
        ]
      },
      "bone_length_armature_space": 0.10413107350833715,
      "parent": "lowerarm_l",
      "has_children": true,
      "is_end_bone": false
    },
    "pinky_01_l": {
      "name": "pinky_01_l",
      "local": {
        "location": {
          "x": 0.0,
          "y": 0.0,
          "z": 0.0
        },
        "rotation_quaternion": {
          "w": 0.9987626671791077,
          "x": 0.047472599893808365,
          "y": -0.010957024060189724,
          "z": 0.009980796836316586
        },
        "scale": {
          "x": 1.0,
          "y": 1.0,
          "z": 1.0
        },
        "matrix_basis": [
          [
            0.9995606541633606,
            -0.020977212116122246,
            -0.020939303562045097,
            0.0
          ],
          [
            0.01889657787978649,
            0.9952934980392456,
            -0.09504643827676773,
            0.0
          ],
          [
            0.02283456176519394,
            0.09460899978876114,
            0.9952526092529297,
            0.0
          ],
          [
            0.0,
            0.0,
            0.0,
            1.0
          ]
        ],
        "rotation_mode": "QUATERNION"
      },
      "armature_space": {
        "head": {
          "x": 0.5414007306098938,
          "y": -0.2935425043106079,
          "z": 0.2485724538564682
        },
