{
  "metadata": {
    "armature_name": "KIM_caucasian_male",
    "export_time": "2026-01-13T21:16:26.548961",
    "blender_version": "4.4.1",
    "bone_count": 56,
    "end_bone_count": 13,
    "spaces_included": [
      "LOCAL_CHANNELS",
      "ARMATURE_SPACE",
      "WORLD_SPACE"
    ],
    "note": "LOCAL matches Transform panel; replay pose via local.matrix_basis for best fidelity."
  },
  "bones": {
    "Root": {
      "name": "Root",
      "local": {
        "location": {
          "x": 0.0,
          "y": 0.0,
          "z": 0.0
        },
        "rotation_quaternion": {
          "w": 0.9998573064804077,
          "x": 0.00020322362252045423,
          "y": 0.016442453488707542,
          "z": 0.0038830481935292482
        },
        "scale": {
          "x": 1.0,
          "y": 1.0,
          "z": 1.0
        },
        "matrix_basis": [
          [
            0.9994291067123413,
            -0.007758305408060551,
            0.03288179263472557,
            0.0
          ],
          [
            0.007771671283990145,
            0.9999697804450989,
            -0.00027869557379744947,
            0.0
          ],
          [
            -0.03287863731384277,
            0.0005340829375199974,
            0.9994592070579529,
            0.0
          ],
          [
            0.0,
            0.0,
            0.0,
            1.0
          ]
        ],
        "rotation_mode": "QUATERNION"
      },
      "armature_space": {
        "head": {
          "x": 0.0,
          "y": 0.07072800397872925,
          "z": -0.009595036506652832
        },
        "tail": {
          "x": -0.0005537557881325483,
          "y": -2.987682819366455e-06,
          "z": -3.806594759225845e-05
        }
      },
      "world_space": {
        "head": {
          "x": 0.0,
          "y": 0.13397200405597687,
          "z": 0.9402589797973633
        },
        "tail": {
          "x": -0.0005537557881325483,
          "y": 0.06324101239442825,
          "z": 0.9498159289360046
        },
        "rotation_quaternion": {
          "w": 0.06715527921915054,
          "x": 0.9975996017456055,
          "y": -0.0027665335219353437,
          "z": 0.016666695475578308
        },
        "matrix": [
          [
            0.9994291067123413,
            -0.007758305408060551,
            0.03288179263472557,
            0.0
          ],
          [
            -0.0032812641002237797,
            -0.9909650683403015,
            -0.13408082723617554,
            0.13397200405597687
          ],
          [
            0.033625178039073944,
            0.1338963806629181,
            -0.9904317855834961,
            0.9402589797973633
          ],
          [
            0.0,
            0.0,
            0.0,
            1.0
          ]
        ]
      },
      "bone_length_armature_space": 0.07137587371884434,
      "parent": null,
      "has_children": true,
      "is_end_bone": false
    },
    "spine_01": {
      "name": "spine_01",
      "local": {
        "location": {
          "x": 0.0,
          "y": 0.0,
          "z": 0.0
        },
        "rotation_quaternion": {
          "w": 0.993388295173645,
          "x": 0.11132889986038208,
          "y": 0.025342866778373718,
          "z": 0.011978397145867348
        },
        "scale": {
          "x": 1.0,
          "y": 1.0,
          "z": 1.0
        },
        "matrix_basis": [
          [
            0.9984285235404968,
            -0.01815561205148697,
            0.05301769822835922,
            0.0
          ],
          [
            0.029441185295581818,
            0.9749248027801514,
            -0.22057852149009705,
            0.0
          ],
          [
            -0.04768352955579758,
            0.2217927873134613,
            0.9739272594451904,
            0.0
          ],
          [
            0.0,
            0.0,
            0.0,
            1.0
          ]
        ],
        "rotation_mode": "QUATERNION"
      },
      "armature_space": {
        "head": {
          "x": -0.0005537557881325483,
          "y": -2.987682819366455e-06,
          "z": -3.806594759225845e-05
        },
        "tail": {
          "x": -0.025840090587735176,
          "y": -0.08602274954319,
          "z": 0.4796593189239502
        }
      },
      "world_space": {
        "head": {
          "x": -0.0005537557881325483,
          "y": 0.06324101239442825,
          "z": 0.9498159289360046
        },
        "tail": {
          "x": -0.025840090587735176,
          "y": -0.022778749465942383,
          "z": 1.4295133352279663
        },
        "rotation_quaternion": {
          "w": 0.6417641639709473,
          "x": 0.7659578323364258,
          "y": -0.00198909780010581,
          "z": 0.03799604997038841
        },
        "matrix": [
          [
            0.9971047043800354,
            -0.05181613191962242,
            0.055653296411037445,
            -0.0005537557881325483
          ],
          [
            0.04572152718901634,
            -0.1762695610523224,
            -0.9832796454429626,
            0.06324101239442825
          ],
          [
            0.06076018884778023,
            0.9829839468002319,
            -0.1733921766281128,
            0.9498159289360046
          ],
          [
            0.0,
            0.0,
            0.0,
            1.0
          ]
        ]
      },
      "bone_length_armature_space": 0.48800447791660756,
      "parent": "Root",
      "has_children": true,
      "is_end_bone": false
    },
    "neck_01": {
      "name": "neck_01",
      "local": {
        "location": {
          "x": 0.0,
          "y": 0.0,
          "z": 0.0
        },
        "rotation_quaternion": {
          "w": 0.9983001351356506,
          "x": 0.024659965187311172,
          "y": 0.052631452679634094,
          "z": -0.004332622978836298
        },
        "scale": {
          "x": 1.0,
          "y": 1.0,
          "z": 1.0
        },
        "matrix_basis": [
          [
            0.9944223165512085,
            0.011246295645833015,
            0.10487028956413269,
            0.0
          ],
          [
            -0.00605473667383194,
            0.9987462162971497,
            -0.04969215765595436,
            0.0
          ],
          [
            -0.10529765486717224,
            0.04878002777695656,
            0.9932436347007751,
            0.0
          ],
          [
            0.0,
            0.0,
            0.0,
            1.0
          ]
        ],
        "rotation_mode": "QUATERNION"
      },
      "armature_space": {
        "head": {
          "x": -0.02770390920341015,
          "y": -0.133029505610466,
          "z": 0.5456185936927795
        },
        "tail": {
          "x": -0.02894987352192402,
          "y": -0.1921369731426239,
          "z": 0.629377007484436
        }
      },
      "world_space": {
        "head": {
          "x": -0.02770390920341015,
          "y": -0.06978550553321838,
          "z": 1.4954726696014404
        },
        "tail": {
          "x": -0.02894987352192402,
          "y": -0.12889297306537628,
          "z": 1.5792310237884521
        },
        "rotation_quaternion": {
          "w": 0.458808034658432,
          "x": 0.884168267250061,
          "y": 0.03501400351524353,
          "z": 0.08071981370449066
        },
        "matrix": [
          [
            0.9845166802406311,
            -0.012153216637670994,
            0.17486900091171265,
            -0.02770390920341015
          ],
          [
            0.13598625361919403,
            -0.5765382051467896,
            -0.8056747913360596,
            -0.06978550553321838
          ],
          [
            0.11061108857393265,
            0.8169850707054138,
            -0.5659635066986084,
            1.4954726696014404
          ],
          [
            0.0,
            0.0,
            0.0,
            1.0
          ]
        ]
      },
      "bone_length_armature_space": 0.10252178775906029,
      "parent": "spine_01",
      "has_children": true,
      "is_end_bone": false
    },
    "head": {
      "name": "head",
      "local": {
        "location": {
          "x": 0.0,
          "y": 0.0,
          "z": 0.0
        },
        "rotation_quaternion": {
          "w": 0.9779499769210815,
          "x": -0.11931993067264557,
          "y": 0.15056580305099487,
          "z": -0.0818941593170166
        },
        "scale": {
          "x": 1.0,
          "y": 1.0,
          "z": 1.0
        },
        "matrix_basis": [
          [
            0.9412465691566467,
            0.1242457777261734,
            0.3140348494052887,
            0.0
          ],
          [
            -0.19610778987407684,
            0.9581121802330017,
            0.20871692895889282,
            0.0
          ],
          [
            -0.27494844794273376,
            -0.2580387592315674,
            0.9261853694915771,
            0.0
          ],
          [
            0.0,
            0.0,
            0.0,
            1.0
          ]
        ],
        "rotation_mode": "QUATERNION"
      },
      "armature_space": {
        "head": {
          "x": -0.02894984371960163,
          "y": -0.19213704764842987,
          "z": 0.6293768882751465
        },
        "tail": {
          "x": -0.02737032249569893,
          "y": -0.18776719272136688,
          "z": 0.7843985557556152
        }
      },
      "world_space": {
        "head": {
          "x": -0.02894984371960163,
          "y": -0.12889304757118225,
          "z": 1.5792309045791626
        },
        "tail": {
          "x": -0.02737032249569893,
          "y": -0.12452319264411926,
          "z": 1.7342525720596313
        },
        "rotation_quaternion": {
          "w": 0.6978649497032166,
          "x": 0.6800661087036133,
          "y": 0.16453684866428375,
          "z": 0.15304353833198547
        },
        "matrix": [
          [
            0.8990106582641602,
            0.010184526443481445,
            0.43780839443206787,
            -0.02894984371960163
          ],
          [
            0.43739932775497437,
            0.028176218271255493,
            -0.8988261222839355,
            -0.12889304757118225
          ],
          [
            -0.021489642560482025,
            0.99955815076828,
            0.020875349640846252,
            1.5792309045791626
          ],
          [
            0.0,
            0.0,
            0.0,
            1.0
          ]
        ]
      },
      "bone_length_armature_space": 0.1550912887623088,
      "parent": "neck_01",
      "has_children": false,
      "is_end_bone": true
    },
    "upperarm_l": {
      "name": "upperarm_l",
      "local": {
        "location": {
          "x": 0.0,
          "y": 0.0,
          "z": 0.0
        },
        "rotation_quaternion": {
          "w": 0.8210594654083252,
          "x": 0.5219905376434326,
          "y": 0.2008148431777954,
          "z": -0.11428315937519073
        },
        "scale": {
          "x": 1.0,
          "y": 1.0,
          "z": 1.0
        },
        "matrix_basis": [
          [
            0.8932254910469055,
            0.3973134458065033,
            0.2104523926973343,
            0.0
          ],
          [
            0.02198035642504692,
            0.42893046140670776,
            -0.9030700325965881,
            0.0
          ],
          [
            -0.44907131791114807,
            0.8112710118293762,
            0.3743985593318939,
            0.0
          ],
          [
            0.0,
            0.0,
            0.0,
            1.0
          ]
        ],
        "rotation_mode": "QUATERNION"
      },
      "armature_space": {
        "head": {
          "x": 0.1255217343568802,
          "y": -0.11746039986610413,
          "z": 0.48811548948287964
        },
        "tail": {
          "x": 0.2635706663131714,
          "y": -0.2983936667442322,
          "z": 0.3466460704803467
        }
      },
      "world_space": {
        "head": {
          "x": 0.1255217343568802,
          "y": -0.054216399788856506,
          "z": 1.437969446182251
        },
        "tail": {
          "x": 0.2635706663131714,
          "y": -0.23514966666698456,
          "z": 1.2965000867843628
        },
        "rotation_quaternion": {
          "w": 0.0441204234957695,
          "x": -0.7070528268814087,
          "y": -0.4005645513534546,
          "z": 0.5811004638671875
        },
        "matrix": [
          [
            0.003739498555660248,
            0.515166699886322,
            -0.8570818305015564,
            0.1255217343568802
          ],
          [
            0.6177175641059875,
            -0.6752011775970459,
            -0.40314847230911255,
            -0.054216399788856506
          ],
          [
            -0.7863960862159729,
            -0.5279311537742615,
            -0.3207549452781677,
            1.437969446182251
          ],
          [
            0.0,
            0.0,
            0.0,
            1.0
          ]
        ]
      },
      "bone_length_armature_space": 0.2679700521932386,
      "parent": "spine_01",
      "has_children": true,
      "is_end_bone": false
    },
    "lowerarm_l": {
      "name": "lowerarm_l",
      "local": {
        "location": {
          "x": 0.0,
          "y": 0.0,
          "z": 0.0
        },
        "rotation_quaternion": {
          "w": 0.9645953178405762,
          "x": 0.19151413440704346,
          "y": 0.13010276854038239,
          "z": -0.126299649477005
        },
        "scale": {
          "x": 1.0,
          "y": 1.0,
          "z": 1.0
        },
        "matrix_basis": [
          [
            0.9342433214187622,
            0.29348912835121155,
            0.20261670649051666,
            0.0
          ],
          [
            -0.19382306933403015,
            0.8947414755821228,
            -0.40233114361763,
            0.0
          ],
          [
            -0.29936936497688293,
            0.33660340309143066,
            0.892791211605072,
            0.0
          ],
          [
            0.0,
            0.0,
            0.0,
            1.0
          ]
        ],
        "rotation_mode": "QUATERNION"
      },
      "armature_space": {
        "head": {
          "x": 0.2635706663131714,
          "y": -0.2983938455581665,
          "z": 0.3466460704803467
        },
        "tail": {
          "x": 0.2731042802333832,
          "y": -0.47537121176719666,
          "z": 0.14625126123428345
        }
      },
      "world_space": {
        "head": {
          "x": 0.2635706663131714,
          "y": -0.23514984548091888,
          "z": 1.2965000867843628
        },
        "tail": {
          "x": 0.2731042802333832,
          "y": -0.41212719678878784,
          "z": 1.0961053371429443
        },
        "rotation_quaternion": {
          "w": 0.29483455419540405,
          "x": -0.6827129125595093,
          "y": -0.2868870794773102,
          "z": 0.6038804650306702
        },
        "matrix": [
          [
            0.10604974627494812,
            0.03563642501831055,
            -0.9937220215797424,
            0.2635706663131714
          ],
          [
            0.7478125691413879,
            -0.6615371108055115,
            0.05608248710632324,
            -0.23514984548091888
          ],
          [
            -0.6553892493247986,
            -0.749070942401886,
            -0.0968058705329895,
            1.2965000867843628
          ],
          [
            0.0,
            0.0,
            0.0,
            1.0
          ]
        ]
      },
      "bone_length_armature_space": 0.26752561933234675,
      "parent": "upperarm_l",
      "has_children": true,
      "is_end_bone": false
    },
    "metacarpal_thumb_l": {
      "name": "metacarpal_thumb_l",
      "local": {
        "location": {
          "x": 0.0,
          "y": 0.0,
          "z": 0.0
        },
        "rotation_quaternion": {
          "w": 0.9997448921203613,
          "x": -0.009342689998447895,
          "y": 0.015050634741783142,
          "z": -0.014015862718224525
        },
        "scale": {
          "x": 1.0,
          "y": 1.0,
          "z": 1.0
        },
        "matrix_basis": [
          [
            0.9991540908813477,
            0.027743346989154816,
            0.030355481430888176,
            0.0
          ],
          [
            -0.02830580063164234,
            0.9994325637817383,
            0.01825871877372265,
            0.0
          ],
          [
            -0.029831698164343834,
            -0.019102508202195168,
            0.9993723630905151,
            0.0
          ],
          [
            0.0,
            0.0,
            0.0,
            1.0
          ]
        ],
        "rotation_mode": "QUATERNION"
      },
      "armature_space": {
        "head": {
          "x": 0.2731042802333832,
          "y": -0.47537121176719666,
          "z": 0.14625126123428345
        },
        "tail": {
          "x": 0.2475268542766571,
          "y": -0.4941250681877136,
          "z": 0.10820269584655762
        }
      },
      "world_space": {
        "head": {
          "x": 0.2731042802333832,
          "y": -0.41212719678878784,
          "z": 1.0961053371429443
        },
        "tail": {
          "x": 0.2475268542766571,
          "y": -0.4308810830116272,
          "z": 1.0580567121505737
        },
        "rotation_quaternion": {
          "w": 0.4844999313354492,
          "x": -0.8279305696487427,
          "y": 0.27560076117515564,
          "z": 0.06192731484770775
        },
        "matrix": [
          [
            0.8404178023338318,
            -0.5163645148277283,
            0.16451594233512878,
            0.2731042802333832
          ],
          [
            -0.396351158618927,
            -0.37860801815986633,
            0.836398184299469,
            -0.41212719678878784
          ],
          [
            -0.36960211396217346,
            -0.7681354284286499,
            -0.522853434085846,
            1.0961053371429443
          ],
          [
            0.0,
            0.0,
            0.0,
            1.0
          ]
        ]
      },
      "bone_length_armature_space": 0.04953387880672955,
      "parent": "lowerarm_l",
      "has_children": true,
      "is_end_bone": false
    },
    "thumb_01_l": {
      "name": "thumb_01_l",
      "local": {
        "location": {
          "x": 0.0,
          "y": 0.0,
          "z": 0.0
        },
        "rotation_quaternion": {
          "w": 0.9999773502349854,
          "x": -0.00012237766350153834,
          "y": -0.0034239059314131737,
          "z": -0.005808121524751186
        },
        "scale": {
          "x": 1.0,
          "y": 1.0,
          "z": 1.0
        },
        "matrix_basis": [
          [
            0.9999091029167175,
            0.01161681767553091,
            -0.006846235133707523,
            0.0
          ],
          [
            -0.011615142226219177,
            0.9999325275421143,
            0.00028452271362766623,
            0.0
          ],
          [
            0.006849078461527824,
            -0.00020497686637099832,
            0.9999765157699585,
            0.0
          ],
          [
            0.0,
            0.0,
            0.0,
            1.0
          ]
        ],
        "rotation_mode": "QUATERNION"
      },
      "armature_space": {
        "head": {
          "x": 0.2475268542766571,
          "y": -0.4941250681877136,
          "z": 0.10820269584655762
        },
        "tail": {
          "x": 0.23641054332256317,
          "y": -0.4802233576774597,
          "z": 0.07918880134820938
        }
      },
      "world_space": {
        "head": {
          "x": 0.2475268542766571,
          "y": -0.4308810830116272,
          "z": 1.0580567121505737
        },
        "tail": {
          "x": 0.23641054332256317,
          "y": -0.4169793725013733,
          "z": 1.0290428400039673
        },
        "rotation_quaternion": {
          "w": 0.33305808901786804,
          "x": -0.38017094135284424,
          "y": 0.7702453136444092,
          "z": -0.38892772793769836
        },
        "matrix": [
          [
            -0.48908403515815735,
            -0.32657989859580994,
            0.8087906837463379,
            0.2475268542766571
          ],
          [
            -0.844721257686615,
            0.4084102213382721,
            -0.34590065479278564,
            -0.4308810830116272
          ],
          [
            -0.21735630929470062,
            -0.8523826599121094,
            -0.47561943531036377,
            1.0580567121505737
          ],
          [
            0.0,
            0.0,
            0.0,
            1.0
          ]
        ]
      },
      "bone_length_armature_space": 0.0340387424940721,
      "parent": "metacarpal_thumb_l",
      "has_children": true,
      "is_end_bone": false
    },
    "thumb_02_l": {
      "name": "thumb_02_l",
      "local": {
        "location": {
          "x": 0.0,
          "y": 0.0,
          "z": 0.0
        },
        "rotation_quaternion": {
          "w": 0.9905391335487366,
          "x": 0.13722968101501465,
          "y": 0.000100761724752374,
          "z": 0.0005550782079808414
        },
        "scale": {
          "x": 1.0,
          "y": 1.0,
          "z": 1.0
        },
        "matrix_basis": [
          [
            0.9999993443489075,
            -0.0010719983838498592,
            0.00035196327371522784,
            0.0
          ],
          [
            0.0011273083509877324,
            0.9623354077339172,
            -0.27186262607574463,
            0.0
          ],
          [
            -4.72704523417633e-05,
            0.27186286449432373,
            0.962336003780365,
            0.0
          ],
          [
            0.0,
            0.0,
            0.0,
            1.0
          ]
        ],
        "rotation_mode": "QUATERNION"
      },
      "armature_space": {
        "head": {
          "x": 0.23641051352024078,
          "y": -0.48022329807281494,
          "z": 0.07918884605169296
        },
        "tail": {
          "x": 0.24250729382038116,
          "y": -0.5090804100036621,
          "z": 0.05192556977272034
        }
      },
      "world_space": {
        "head": {
          "x": 0.23641051352024078,
          "y": -0.4169793128967285,
          "z": 1.0290428400039673
        },
        "tail": {
          "x": 0.24250729382038116,
          "y": -0.4458364248275757,
          "z": 1.001779556274414
        },
        "rotation_quaternion": {
          "w": 0.15790966153144836,
          "x": -0.19723306596279144,
          "y": 0.34033381938934326,
          "z": -0.9057243466377258
        },
        "matrix": [
          [
            -0.8723271489143372,
            0.15179556608200073,
            0.4647616147994995,
            0.23641051352024078
          ],
          [
            -0.4202955365180969,
            -0.7184752225875854,
            -0.5542067289352417,
            -0.4169793128967285
          ],
          [
            0.24979496002197266,
            -0.6787919998168945,
            0.6905487775802612,
            1.0290428400039673
          ],
          [
            0.0,
            0.0,
            0.0,
            1.0
          ]
        ]
      },
      "bone_length_armature_space": 0.04016453448124984,
      "parent": "thumb_01_l",
      "has_children": true,
      "is_end_bone": false
    },
    "thumb_03_l": {
      "name": "thumb_03_l",
      "local": {
        "location": {
          "x": 0.0,
          "y": 0.0,
          "z": 0.0
        },
        "rotation_quaternion": {
          "w": 0.9969021081924438,
          "x": 0.0782121866941452,
          "y": -0.006068412214517593,
          "z": 0.00568564934656024
        },
        "scale": {
          "x": 1.0,
          "y": 1.0,
          "z": 1.0
        },
        "matrix_basis": [
          [
            0.9998617172241211,
            -0.012285319156944752,
            -0.011209852062165737,
            0.0
          ],
          [
            0.010386823676526546,
            0.9877010583877563,
            -0.1560087949037552,
            0.0
          ],
          [
            0.012988599948585033,
            0.15587078034877777,
            0.9876920580863953,
            0.0
          ],
          [
            0.0,
            0.0,
            0.0,
            1.0
          ]
        ],
        "rotation_mode": "QUATERNION"
      },
      "armature_space": {
        "head": {
          "x": 0.242507204413414,
          "y": -0.5090804100036621,
          "z": 0.05192556977272034
        },
        "tail": {
          "x": 0.25544238090515137,
          "y": -0.5344089269638062,
          "z": 0.04106089100241661
        }
      },
      "world_space": {
        "head": {
          "x": 0.242507204413414,
          "y": -0.4458364248275757,
          "z": 1.001779556274414
        },
        "tail": {
          "x": 0.25544238090515137,
          "y": -0.4711649417877197,
          "z": 0.9909148812294006
        },
        "rotation_quaternion": {
          "w": 0.21312323212623596,
          "x": 0.0441797599196434,
          "y": 0.19648265838623047,
          "z": -0.956044614315033
        },
        "matrix": [
          [
            -0.9052531719207764,
            0.42487189173698425,
            -0.0007248371839523315,
            0.242507204413414
          ],
          [
            -0.39014992117881775,
            -0.8319461941719055,
            -0.3945235013961792,
            -0.4458364248275757
          ],
          [
            -0.1682264655828476,
            -0.3568638563156128,
            0.9188916683197021,
            1.001779556274414
          ],
          [
            0.0,
            0.0,
            0.0,
            1.0
          ]
        ]
      },
      "bone_length_armature_space": 0.03044493051072993,
      "parent": "thumb_02_l",
      "has_children": false,
      "is_end_bone": true
    },
    "metacarpal_index_l": {
      "name": "metacarpal_index_l",
      "local": {
        "location": {
          "x": 0.0,
          "y": 0.0,
          "z": 0.0
        },
        "rotation_quaternion": {
          "w": 0.9994103908538818,
          "x": -0.031490590423345566,
          "y": 0.013380894437432289,
          "z": -0.0028647950384765863
        },
        "scale": {
          "x": 1.0,
          "y": 1.0,
          "z": 1.0
        },
        "matrix_basis": [
          [
            0.9996255040168762,
            0.004883467219769955,
            0.02692643739283085,
            0.0
          ],
          [
            -0.006568956188857555,
            0.9980002641677856,
            0.06286738067865372,
            0.0
          ],
          [
            -0.026565581560134888,
            -0.06302071362733841,
            0.9976586103439331,
            0.0
          ],
          [
            0.0,
            0.0,
            0.0,
            1.0
          ]
        ],
        "rotation_mode": "QUATERNION"
      },
      "armature_space": {
        "head": {
          "x": 0.2731042802333832,
          "y": -0.47537121176719666,
          "z": 0.14625126123428345
        },
        "tail": {
          "x": 0.24613521993160248,
          "y": -0.5481403470039368,
          "z": 0.058463722467422485
        }
      },
      "world_space": {
        "head": {
          "x": 0.2731042802333832,
          "y": -0.41212719678878784,
          "z": 1.0961053371429443
        },
        "tail": {
          "x": 0.24613521993160248,
          "y": -0.48489636182785034,
          "z": 1.0083177089691162
        },
        "rotation_quaternion": {
          "w": 0.43528956174850464,
          "x": -0.860548198223114,
          "y": -7.733707752777264e-05,
          "z": 0.2645370662212372
        },
        "matrix": [
          [
            0.8600407838821411,
            -0.23016700148582458,
            -0.45536017417907715,
            0.2731042802333832
          ],
          [
            0.23043255507946014,
            -0.6210469007492065,
            0.7491340041160583,
            -0.41212719678878784
          ],
          [
            -0.45522889494895935,
            -0.74922114610672,
            -0.4810904860496521,
            1.0961053371429443
          ],
          [
            0.0,
            0.0,
            0.0,
            1.0
          ]
        ]
      },
      "bone_length_armature_space": 0.11717221984982311,
      "parent": "lowerarm_l",
      "has_children": true,
      "is_end_bone": false
    },
    "index_01_l": {
      "name": "index_01_l",
      "local": {
        "location": {
          "x": 0.0,
          "y": 0.0,
          "z": 0.0
        },
        "rotation_quaternion": {
          "w": 0.9962657690048218,
          "x": -0.08616406470537186,
          "y": -0.0016580842202529311,
          "z": -0.005259971600025892
        },
        "scale": {
          "x": 1.0,
          "y": 1.0,
          "z": 1.0
        },
        "matrix_basis": [
          [
            0.9999391436576843,
            0.010766393505036831,
            -0.00239734398201108,
            0.0
          ],
          [
            -0.010194924660027027,
            0.9850961565971375,
            0.1717020571231842,
            0.0
          ],
          [
            0.004210226237773895,
            -0.1716671735048294,
            0.9851459860801697,
            0.0
          ],
          [
            0.0,
            0.0,
            0.0,
            1.0
          ]
        ],
        "rotation_mode": "QUATERNION"
      },
      "armature_space": {
        "head": {
          "x": 0.24613521993160248,
          "y": -0.5481403470039368,
          "z": 0.058463722467422485
        },
        "tail": {
          "x": 0.2525217533111572,
          "y": -0.5681285858154297,
          "z": 0.03915680572390556
        }
      },
      "world_space": {
        "head": {
          "x": 0.24613521993160248,
          "y": -0.48489636182785034,
          "z": 1.0083177089691162
        },
        "tail": {
          "x": 0.2525217533111572,
          "y": -0.5048846006393433,
          "z": 0.9890108108520508
        },
        "rotation_quaternion": {
          "w": 0.34183835983276367,
          "x": -0.9094210267066956,
          "y": -0.18069948256015778,
          "z": 0.15312592685222626
        },
        "matrix": [
          [
            0.8877999782562256,
            0.2239755094051361,
            -0.4020521938800812,
            0.24613521993160248
          ],
          [
            0.4333529472351074,
            -0.70098876953125,
            0.5664098858833313,
            -0.48489636182785034
          ],
          [
            -0.1549728661775589,
            -0.6770943403244019,
            -0.7194028496742249,
            1.0083177089691162
          ],
          [
            0.0,
            0.0,
            0.0,
            1.0
          ]
        ]
      },
      "bone_length_armature_space": 0.028514461897271685,
      "parent": "metacarpal_index_l",
      "has_children": true,
      "is_end_bone": false
    },
    "index_02_l": {
      "name": "index_02_l",
      "local": {
        "location": {
          "x": 0.0,
          "y": 0.0,
          "z": 0.0
        },
        "rotation_quaternion": {
          "w": 0.9846980571746826,
          "x": 0.1742498129606247,
          "y": 0.002614375902339816,
          "z": 5.0485839892644435e-05
        },
        "scale": {
          "x": 1.0,
          "y": 1.0,
          "z": 1.0
        },
        "matrix_basis": [
          [
            0.9999863505363464,
            0.0008116824319586158,
            0.005166335962712765,
            0.0
          ],
          [
            0.001010535634122789,
            0.93927401304245,
            -0.34316664934158325,
            0.0
          ],
          [
            -0.005131147336214781,
            0.34316715598106384,
            0.9392603635787964,
            0.0
          ],
          [
            0.0,
            0.0,
            0.0,
            1.0
          ]
        ],
        "rotation_mode": "QUATERNION"
      },
      "armature_space": {
        "head": {
          "x": 0.25252148509025574,
          "y": -0.568128764629364,
          "z": 0.03915635496377945
        },
        "tail": {
          "x": 0.25496572256088257,
          "y": -0.5806382894515991,
          "z": 0.016893483698368073
        }
      },
      "world_space": {
        "head": {
          "x": 0.25252148509025574,
          "y": -0.5048847794532776,
          "z": 0.9890103936195374
        },
        "tail": {
          "x": 0.25496572256088257,
          "y": -0.5173943042755127,
          "z": 0.966747522354126
        },
        "rotation_quaternion": {
          "w": 0.47543367743492126,
          "x": -0.8375684022903442,
          "y": -0.17362080514431,
          "z": 0.20566441118717194
        },
        "matrix": [
          [
            0.8551158905029297,
            0.09527944028377533,
            -0.5096062421798706,
            0.25252148509025574
          ],
          [
            0.4863983392715454,
            -0.4876377582550049,
            0.7250009179115295,
            -0.5048847794532776
          ],
          [
            -0.1794264316558838,
            -0.86783766746521,
            -0.46333324909210205,
            0.9890103936195374
          ],
          [
            0.0,
            0.0,
            0.0,
            1.0
          ]
        ]
      },
      "bone_length_armature_space": 0.02565341979254887,
      "parent": "index_01_l",
      "has_children": true,
      "is_end_bone": false
    },
    "index_03_l": {
      "name": "index_03_l",
      "local": {
        "location": {
          "x": 0.0,
          "y": 0.0,
          "z": 0.0
        },
        "rotation_quaternion": {
          "w": 0.9793209433555603,
          "x": 0.20215532183647156,
          "y": -0.007895163260400295,
          "z": -0.0011942473938688636
        },
        "scale": {
          "x": 1.0,
          "y": 1.0,
          "z": 1.0
        },
        "matrix_basis": [
          [
            0.9998725056648254,
            -0.0008529955521225929,
            -0.0159466452896595,
            0.0
          ],
          [
            -0.005531201604753733,
            0.9182636141777039,
            -0.39593103528022766,
            0.0
          ],
          [
            0.014980950392782688,
            0.3959687352180481,
            0.918141782283783,
            0.0
          ],
          [
            0.0,
            0.0,
            0.0,
            1.0
          ]
        ],
        "rotation_mode": "QUATERNION"
      },
      "armature_space": {
        "head": {
          "x": 0.25496575236320496,
          "y": -0.5806384086608887,
          "z": 0.01689356379210949
        },
        "tail": {
          "x": 0.25306084752082825,
          "y": -0.5814904570579529,
          "z": -0.012250706553459167
        }
      },
      "world_space": {
        "head": {
          "x": 0.25496575236320496,
          "y": -0.5173944234848022,
          "z": 0.9667475819587708
        },
        "tail": {
          "x": 0.25306084752082825,
          "y": -0.5182464718818665,
          "z": 0.9376032948493958
        },
        "rotation_quaternion": {
          "w": 0.6799231767654419,
          "x": -0.6883450150489807,
          "y": -0.15206748247146606,
          "z": 0.2018936574459076
        },
        "matrix": [
          [
            0.8722286224365234,
            -0.06519456207752228,
            -0.4847336709499359,
            0.25496575236320496
          ],
          [
            0.48389461636543274,
            -0.02916017174720764,
            0.8746404647827148,
            -0.5173944234848022
          ],
          [
            -0.07115685194730759,
            -0.9974532723426819,
            0.006113648414611816,
            0.9667475819587708
          ],
          [
            0.0,
            0.0,
            0.0,
            1.0
          ]
        ]
      },
      "bone_length_armature_space": 0.029218883114331174,
      "parent": "index_02_l",
      "has_children": false,
      "is_end_bone": true
    },
    "metacarpal_pinky_l": {
      "name": "metacarpal_pinky_l",
      "local": {
        "location": {
          "x": 0.0,
          "y": 0.0,
          "z": 0.0
        },
        "rotation_quaternion": {
          "w": 0.9994525909423828,
          "x": -0.03139417991042137,
          "y": 0.009278162382543087,
          "z": 0.00479859160259366
        },
        "scale": {
          "x": 1.0,
          "y": 1.0,
          "z": 1.0
        },
        "matrix_basis": [
          [
            0.9997817873954773,
            -0.010174490511417389,
            0.018244871869683266,
            0.0
          ],
          [
            0.00900936871767044,
            0.9979827404022217,
            0.06284303218126297,
            0.0
          ],
          [
            -0.01884746178984642,
            -0.0626649484038353,
            0.997856616973877,
            0.0
          ],
          [
            0.0,
            0.0,
            0.0,
            1.0
          ]
        ],
        "rotation_mode": "QUATERNION"
      },
      "armature_space": {
        "head": {
          "x": 0.2731042802333832,
          "y": -0.47537121176719666,
          "z": 0.14625126123428345
        },
        "tail": {
          "x": 0.31127291917800903,
          "y": -0.537308931350708,
          "z": 0.07175178825855255
        }
      },
      "world_space": {
        "head": {
          "x": 0.2731042802333832,
          "y": -0.41212719678878784,
          "z": 1.0961053371429443
        },
        "tail": {
          "x": 0.31127291917800903,
          "y": -0.4740649461746216,
          "z": 1.0216058492660522
        },
        "rotation_quaternion": {
          "w": 0.08689995855093002,
          "x": 0.2460782378911972,
          "y": 0.4416390657424927,
          "z": -0.858398973941803
        },
        "matrix": [
          [
            -0.8637883067131042,
            0.3665451407432556,
            -0.3457087576389313,
            0.2731042802333832
          ],
          [
            0.06816432625055313,
            -0.5948073863983154,
            -0.8009731769561768,
            -0.41212719678878784
          ],
          [
            -0.49922624230384827,
            -0.7154415845870972,
            0.48880502581596375,
            1.0961053371429443
          ],
          [
            0.0,
            0.0,
            0.0,
            1.0
          ]
        ]
      },
      "bone_length_armature_space": 0.10413115456106488,
      "parent": "lowerarm_l",
      "has_children": true,
      "is_end_bone": false
    },
    "pinky_01_l": {
      "name": "pinky_01_l",
      "local": {
        "location": {
          "x": 0.0,
          "y": 0.0,
          "z": 0.0
        },
        "rotation_quaternion": {
          "w": 0.9991854429244995,
          "x": 0.03232777863740921,
          "y": -0.02050206810235977,
          "z": -0.012766878120601177
        },
        "scale": {
          "x": 1.0,
          "y": 1.0,
          "z": 1.0
        },
        "matrix_basis": [
          [
            0.9988333582878113,
            0.02418738417327404,
            -0.041796185076236725,
            0.0
          ],
          [
            -0.026838529855012894,
            0.9975838661193848,
            -0.0640793964266777,
            0.0
          ],
          [
            0.04014528542757034,
            0.06512638926506042,
            0.9970691800117493,
            0.0
          ],
          [
            0.0,
            0.0,
            0.0,
            1.0
          ]
        ],
        "rotation_mode": "QUATERNION"
      },
      "armature_space": {
        "head": {
          "x": 0.31127291917800903,
          "y": -0.537308931350708,
