{
  "metadata": {
    "armature_name": "KIM_caucasian_male",
    "export_time": "2026-01-13T21:02:36.343174",
    "blender_version": "4.4.1",
    "bone_count": 56,
    "end_bone_count": 13,
    "spaces_included": [
      "LOCAL_CHANNELS",
      "ARMATURE_SPACE",
      "WORLD_SPACE"
    ],
    "note": "LOCAL matches Transform panel; replay pose via local.matrix_basis for best fidelity."
  },
  "bones": {
    "Root": {
      "name": "Root",
      "local": {
        "location": {
          "x": 0.0,
          "y": 0.0,
          "z": 0.0
        },
        "rotation_quaternion": {
          "w": 0.9996482133865356,
          "x": -0.01866818219423294,
          "y": -0.007796379271894693,
          "z": -0.01715410128235817
        },
        "scale": {
          "x": 1.0,
          "y": 1.0,
          "z": 1.0
        },
        "matrix_basis": [
          [
            0.9992899298667908,
            0.03458722308278084,
            -0.014946801587939262,
            0.0
          ],
          [
            -0.034005045890808105,
            0.9987144470214844,
            0.03759070858359337,
            0.0
          ],
          [
            0.01622774451971054,
            -0.03705574944615364,
            0.9991814494132996,
            0.0
          ],
          [
            0.0,
            0.0,
            0.0,
            1.0
          ]
        ],
        "rotation_mode": "QUATERNION"
      },
      "armature_space": {
        "head": {
          "x": 0.0,
          "y": 0.07072800397872925,
          "z": -0.009595036506652832
        },
        "tail": {
          "x": 0.002468693070113659,
          "y": 0.0004464760422706604,
          "z": 0.0026085618883371353
        }
      },
      "world_space": {
        "head": {
          "x": 0.0,
          "y": 0.13397200405597687,
          "z": 0.9402589797973633
        },
        "tail": {
          "x": 0.002468693070113659,
          "y": 0.06369047611951828,
          "z": 0.9524625539779663
        },
        "rotation_quaternion": {
          "w": 0.0859697237610817,
          "x": 0.9961195588111877,
          "y": 0.016589904204010963,
          "z": -0.008934305049479008
        },
        "matrix": [
          [
            0.9992899298667908,
            0.03458722308278084,
            -0.014946801587939262,
            0.0
          ],
          [
            0.03151489794254303,
            -0.9846678972244263,
            -0.17156916856765747,
            0.13397200405597687
          ],
          [
            -0.02065185084939003,
            0.17097653448581696,
            -0.9850658178329468,
            0.9402589797973633
          ],
          [
            0.0,
            0.0,
            0.0,
            1.0
          ]
        ]
      },
      "bone_length_armature_space": 0.07137587484813304,
      "parent": null,
      "has_children": true,
      "is_end_bone": false
    },
    "spine_01": {
      "name": "spine_01",
      "local": {
        "location": {
          "x": 0.0,
          "y": 0.0,
          "z": 0.0
        },
        "rotation_quaternion": {
          "w": 0.9991542100906372,
          "x": -0.018429968506097794,
          "y": 0.036511100828647614,
          "z": -0.004271852783858776
        },
        "scale": {
          "x": 1.0,
          "y": 1.0,
          "z": 1.0
        },
        "matrix_basis": [
          [
            0.9972974061965942,
            0.0071906824596226215,
            0.07311789691448212,
            0.0
          ],
          [
            -0.009882275946438313,
            0.9992841482162476,
            0.03651682287454605,
            0.0
          ],
          [
            -0.07280298322439194,
            -0.037140700966119766,
            0.9966545701026917,
            0.0
          ],
          [
            0.0,
            0.0,
            0.0,
            1.0
          ]
        ],
        "rotation_mode": "QUATERNION"
      },
      "armature_space": {
        "head": {
          "x": 0.002468693070113659,
          "y": 0.0004464760422706604,
          "z": 0.0026085618883371353
        },
        "tail": {
          "x": 0.014118950814008713,
          "y": 0.05970943719148636,
          "z": 0.48686137795448303
        }
      },
      "world_space": {
        "head": {
          "x": 0.002468693070113659,
          "y": 0.06369047611951828,
          "z": 0.9524625539779663
        },
        "tail": {
          "x": 0.014118950814008713,
          "y": 0.12295343726873398,
          "z": 1.4367153644561768
        },
        "rotation_quaternion": {
          "w": 0.7472764849662781,
          "x": 0.662251889705658,
          "y": 0.047934211790561676,
          "z": 0.026506656780838966
        },
        "matrix": [
          [
            0.9939994812011719,
            0.02387341856956482,
            0.10674820840358734,
            0.002468693070113659
          ],
          [
            0.10310444980859756,
            0.12144018709659576,
            -0.9872294068336487,
            0.06369047611951828
          ],
          [
            -0.036532219499349594,
            0.9923188090324402,
            0.11824992299079895,
            0.9524625539779663
          ],
          [
            0.0,
            0.0,
            0.0,
            1.0
          ]
        ]
      },
      "bone_length_armature_space": 0.4880047209432291,
      "parent": "Root",
      "has_children": true,
      "is_end_bone": false
    },
    "neck_01": {
      "name": "neck_01",
      "local": {
        "location": {
          "x": 0.0,
          "y": 0.0,
          "z": 0.0
        },
        "rotation_quaternion": {
          "w": 0.9874476194381714,
          "x": -0.06468427926301956,
          "y": -0.10452676564455032,
          "z": -0.0991838127374649
        },
        "scale": {
          "x": 1.0,
          "y": 1.0,
          "z": 1.0
        },
        "matrix_basis": [
          [
            0.9584734439849854,
            0.20940011739730835,
            -0.19359815120697021,
            0.0
          ],
          [
            -0.18235516548156738,
            0.9719570279121399,
            0.1484794020652771,
            0.0
          ],
          [
            0.21926067769527435,
            -0.10700994729995728,
            0.9697802066802979,
            0.0
          ],
          [
            0.0,
            0.0,
            0.0,
            1.0
          ]
        ],
        "rotation_mode": "QUATERNION"
      },
      "armature_space": {
        "head": {
          "x": 0.019569002091884613,
          "y": 0.03436354920268059,
          "z": 0.5636183619499207
        },
        "tail": {
          "x": 0.04618826508522034,
          "y": 0.020889393985271454,
          "z": 0.6617031097412109
        }
      },
      "world_space": {
        "head": {
          "x": 0.019569002091884613,
          "y": 0.0976075530052185,
          "z": 1.513472318649292
        },
        "tail": {
          "x": 0.04618826508522034,
          "y": 0.08413339406251907,
          "z": 1.611557126045227
        },
        "rotation_quaternion": {
          "w": 0.6557402014732361,
          "x": 0.7418693900108337,
          "y": 0.0655050203204155,
          "z": -0.12387046217918396
        },
        "matrix": [
          [
            0.9607306718826294,
            0.25964608788490295,
            -0.0978812724351883,
            0.019569002091884613
          ],
          [
            -0.06525976955890656,
            -0.1314278095960617,
            -0.9891756176948547,
            0.0976075530052185
          ],
          [
            -0.2697018086910248,
            0.9567253589630127,
            -0.10932399332523346,
            1.513472318649292
          ],
          [
            0.0,
            0.0,
            0.0,
            1.0
          ]
        ]
      },
      "bone_length_armature_space": 0.10252197845657819,
      "parent": "spine_01",
      "has_children": true,
      "is_end_bone": false
    },
    "head": {
      "name": "head",
      "local": {
        "location": {
          "x": 0.0,
          "y": 0.0,
          "z": 0.0
        },
        "rotation_quaternion": {
          "w": 0.9828459024429321,
          "x": 0.0157601460814476,
          "y": 0.05171339213848114,
          "z": -0.17632712423801422
        },
        "scale": {
          "x": 1.0,
          "y": 1.0,
          "z": 1.0
        },
        "matrix_basis": [
          [
            0.9324689507484436,
            0.34823480248451233,
            0.09609470516443253,
            0.0
          ],
          [
            -0.3449747562408447,
            0.9373207092285156,
            -0.04921653866767883,
            0.0
          ],
          [
            -0.10721047222614288,
            0.012742642313241959,
            0.994154691696167,
            0.0
          ],
          [
            0.0,
            0.0,
            0.0,
            1.0
          ]
        ],
        "rotation_mode": "QUATERNION"
      },
      "armature_space": {
        "head": {
          "x": 0.04618823155760765,
          "y": 0.020889252424240112,
          "z": 0.6617030501365662
        },
        "tail": {
          "x": 0.13833194971084595,
          "y": 0.049473486840724945,
          "z": 0.7831348180770874
        }
      },
      "world_space": {
        "head": {
          "x": 0.04618823155760765,
          "y": 0.08413325250148773,
          "z": 1.6115570068359375
        },
        "tail": {
          "x": 0.13833194971084595,
          "y": 0.11271748691797256,
          "z": 1.7329888343811035
        },
        "rotation_quaternion": {
          "w": 0.7342514395713806,
          "x": 0.6009523272514343,
          "y": 0.23027771711349487,
          "z": -0.2161097377538681
        },
        "matrix": [
          [
            0.8005377650260925,
            0.5941298007965088,
            0.07841848582029343,
            0.04618823155760765
          ],
          [
            -0.04058898985385895,
            0.18430714309215546,
            -0.9820305109024048,
            0.08413325250148773
          ],
          [
            -0.5979107022285461,
            0.7829750180244446,
            0.1716601401567459,
            1.6115570068359375
          ],
          [
            0.0,
            0.0,
            0.0,
            1.0
          ]
        ]
      },
      "bone_length_armature_space": 0.15509092896792107,
      "parent": "neck_01",
      "has_children": false,
      "is_end_bone": true
    },
    "upperarm_l": {
      "name": "upperarm_l",
      "local": {
        "location": {
          "x": 0.0,
          "y": 0.0,
          "z": 0.0
        },
        "rotation_quaternion": {
          "w": 0.9314547777175903,
          "x": 0.343881219625473,
          "y": -0.05704980343580246,
          "z": 0.10432198643684387
        },
        "scale": {
          "x": 1.0,
          "y": 1.0,
          "z": 1.0
        },
        "matrix_basis": [
          [
            0.9717245101928711,
            -0.2335791438817978,
            -0.034529879689216614,
            0.0
          ],
          [
            0.15510571002960205,
            0.7417252659797668,
            -0.6525226831436157,
            0.0
          ],
          [
            0.17802736163139343,
            0.6287165284156799,
            0.7569820284843445,
            0.0
          ],
          [
            0.0,
            0.0,
            0.0,
            1.0
          ]
        ],
        "rotation_mode": "QUATERNION"
      },
      "armature_space": {
        "head": {
          "x": 0.1674048751592636,
          "y": 0.03851909562945366,
          "z": 0.49182412028312683
        },
        "tail": {
          "x": 0.3912453055381775,
          "y": -0.09357655048370361,
          "z": 0.5570459365844727
        }
      },
      "world_space": {
        "head": {
          "x": 0.1674048751592636,
          "y": 0.10176309943199158,
          "z": 1.4416781663894653
        },
        "tail": {
          "x": 0.3912453055381775,
          "y": -0.030332550406455994,
          "z": 1.5068999528884888
        },
        "rotation_quaternion": {
          "w": 0.44253772497177124,
          "x": 0.6080948114395142,
          "y": 0.24017566442489624,
          "z": -0.6137563586235046
        },
        "matrix": [
          [
            0.1312384009361267,
            0.8353207111358643,
            -0.5338687896728516,
            0.1674048751592636
          ],
          [
            -0.2511216998100281,
            -0.492950439453125,
            -0.8330295085906982,
            0.10176309943199158
          ],
          [
            -0.9590246081352234,
            0.2433927059173584,
            0.14507336914539337,
            1.4416781663894653
          ],
          [
            0.0,
            0.0,
            0.0,
            1.0
          ]
        ]
      },
      "bone_length_armature_space": 0.26796956302002334,
      "parent": "spine_01",
      "has_children": true,
      "is_end_bone": false
    },
    "lowerarm_l": {
      "name": "lowerarm_l",
      "local": {
        "location": {
          "x": 0.0,
          "y": 0.0,
          "z": 0.0
        },
        "rotation_quaternion": {
          "w": 0.8201730847358704,
          "x": 0.4989830553531647,
          "y": 0.18058058619499207,
          "z": -0.21382908523082733
        },
        "scale": {
          "x": 1.0,
          "y": 1.0,
          "z": 1.0
        },
        "matrix_basis": [
          [
            0.8433355689048767,
            0.5309669971466064,
            0.08282049000263214,
            0.0
          ],
          [
            -0.17054042220115662,
            0.41058605909347534,
            -0.8957316875457764,
            0.0
          ],
          [
            -0.5096088647842407,
            0.7412781715393066,
            0.4368131160736084,
            0.0
          ],
          [
            0.0,
            0.0,
            0.0,
            1.0
          ]
        ],
        "rotation_mode": "QUATERNION"
      },
      "armature_space": {
        "head": {
          "x": 0.3912453055381775,
          "y": -0.09357661008834839,
          "z": 0.5570460557937622
        },
        "tail": {
          "x": 0.3600703775882721,
          "y": -0.3553091287612915,
          "z": 0.511289656162262
        }
      },
      "world_space": {
        "head": {
          "x": 0.3912453055381775,
          "y": -0.03033261001110077,
          "z": 1.5069000720977783
        },
        "tail": {
          "x": 0.3600703775882721,
          "y": -0.2920651435852051,
          "z": 1.4611437320709229
        },
        "rotation_quaternion": {
          "w": 0.10392576456069946,
          "x": -0.7941862344741821,
          "y": -0.0049791112542152405,
          "z": 0.5987010598182678
        },
        "matrix": [
          [
            0.2830648422241211,
            -0.11653116345405579,
            -0.9519951939582825,
            0.3912453055381775
          ],
          [
            0.13234931230545044,
            -0.9783498048782349,
            0.15910959243774414,
            -0.03033261001110077
          ],
          [
            -0.9499320387840271,
            -0.1710362583398819,
            -0.2615152895450592,
            1.5069000720977783
          ],
          [
            0.0,
            0.0,
            0.0,
            1.0
          ]
        ]
      },
      "bone_length_armature_space": 0.26752464003964954,
      "parent": "upperarm_l",
      "has_children": true,
      "is_end_bone": false
    },
    "metacarpal_thumb_l": {
      "name": "metacarpal_thumb_l",
      "local": {
        "location": {
          "x": 0.0,
          "y": 0.0,
          "z": 0.0
        },
        "rotation_quaternion": {
          "w": 0.9995651245117188,
          "x": -0.028176963329315186,
          "y": 0.00816221535205841,
          "z": 0.003018091432750225
        },
        "scale": {
          "x": 1.0,
          "y": 1.0,
          "z": 1.0
        },
        "matrix_basis": [
          [
            0.9998485445976257,
            -0.006493530701845884,
            0.016147250309586525,
            0.0
          ],
          [
            0.0055735851638019085,
            0.9983938932418823,
            0.05637868866324425,
            0.0
          ],
          [
            -0.01648741215467453,
            -0.05628015100955963,
            0.9982788562774658,
            0.0
          ],
          [
            0.0,
            0.0,
            0.0,
            1.0
          ]
        ],
        "rotation_mode": "QUATERNION"
      },
      "armature_space": {
        "head": {
          "x": 0.3600703775882721,
          "y": -0.3553091287612915,
          "z": 0.511289656162262
        },
        "tail": {
          "x": 0.3291957378387451,
          "y": -0.38824498653411865,
          "z": 0.49090391397476196
        }
      },
      "world_space": {
        "head": {
          "x": 0.3600703775882721,
          "y": -0.2920651435852051,
          "z": 1.4611437320709229
        },
        "tail": {
          "x": 0.3291957378387451,
          "y": -0.3250010013580322,
          "z": 1.4407579898834229
        },
        "rotation_quaternion": {
          "w": 0.1844225823879242,
          "x": -0.906242847442627,
          "y": 0.3654162585735321,
          "z": -0.10575135797262192
        },
        "matrix": [
          [
            0.7105746865272522,
            -0.6233059763908386,
            0.32645559310913086,
            0.3600703775882721
          ],
          [
            -0.7013181447982788,
            -0.6649186015129089,
            0.25697559118270874,
            -0.2920651435852051
          ],
          [
            0.056891828775405884,
            -0.41155293583869934,
            -0.9096163511276245,
            1.4611437320709229
          ],
          [
            0.0,
            0.0,
            0.0,
            1.0
          ]
        ]
      },
      "bone_length_armature_space": 0.0495337527762283,
      "parent": "lowerarm_l",
      "has_children": true,
      "is_end_bone": false
    },
    "thumb_01_l": {
      "name": "thumb_01_l",
      "local": {
        "location": {
          "x": 0.0,
          "y": 0.0,
          "z": 0.0
        },
        "rotation_quaternion": {
          "w": 0.9578201174736023,
          "x": 0.286790132522583,
          "y": 0.014893599785864353,
          "z": 0.010501177981495857
        },
        "scale": {
          "x": 1.0,
          "y": 1.0,
          "z": 1.0
        },
        "matrix_basis": [
          [
            0.9993358254432678,
            -0.011573804542422295,
            0.034554045647382736,
            0.0
          ],
          [
            0.0286591537296772,
            0.8352822661399841,
            -0.5490739345550537,
            0.0
          ],
          [
            -0.02250751107931137,
            0.5496995449066162,
            0.8350592255592346,
            0.0
          ],
          [
            0.0,
            0.0,
            0.0,
            1.0
          ]
        ],
        "rotation_mode": "QUATERNION"
      },
      "armature_space": {
        "head": {
          "x": 0.3291957378387451,
          "y": -0.38824498653411865,
          "z": 0.49090391397476196
        },
        "tail": {
          "x": 0.3349604308605194,
          "y": -0.4062769412994385,
          "z": 0.46261513233184814
        }
      },
      "world_space": {
        "head": {
          "x": 0.3291957378387451,
          "y": -0.3250010013580322,
          "z": 1.4407579898834229
        },
        "tail": {
          "x": 0.3349604308605194,
          "y": -0.34303295612335205,
          "z": 1.4124691486358643
        },
        "rotation_quaternion": {
          "w": 0.24897561967372894,
          "x": -0.2901613712310791,
          "y": 0.41609635949134827,
          "z": -0.8250342011451721
        },
        "matrix": [
          [
            -0.7076348066329956,
            0.16935758292675018,
            0.6859817504882812,
            0.3291957378387451
          ],
          [
            -0.6522971987724304,
            -0.5297505855560303,
            -0.5421006679534912,
            -0.3250010013580322
          ],
          [
            0.27159175276756287,
            -0.8310796022415161,
            0.48534438014030457,
            1.4407579898834229
          ],
          [
            0.0,
            0.0,
            0.0,
            1.0
          ]
        ]
      },
      "bone_length_armature_space": 0.03403877562610927,
      "parent": "metacarpal_thumb_l",
      "has_children": true,
      "is_end_bone": false
    },
    "thumb_02_l": {
      "name": "thumb_02_l",
      "local": {
        "location": {
          "x": 0.0,
          "y": 0.0,
          "z": 0.0
        },
        "rotation_quaternion": {
          "w": 0.8937097191810608,
          "x": 0.44843724370002747,
          "y": 0.013470465317368507,
          "z": 0.0023866533301770687
        },
        "scale": {
          "x": 1.0,
          "y": 1.0,
          "z": 1.0
        },
        "matrix_basis": [
          [
            0.9996256828308105,
            0.007815365679562092,
            0.026217900216579437,
            0.0
          ],
          [
            0.016347266733646393,
            0.5977966785430908,
            -0.8014811277389526,
            0.0
          ],
          [
            -0.021936843171715736,
            0.8016097545623779,
            0.5974451899528503,
            0.0
          ],
          [
            0.0,
            0.0,
            0.0,
            1.0
          ]
        ],
        "rotation_mode": "QUATERNION"
      },
      "armature_space": {
        "head": {
          "x": 0.3349604308605194,
          "y": -0.4062768816947937,
          "z": 0.46261513233184814
        },
        "tail": {
          "x": 0.3341657817363739,
          "y": -0.42848822474479675,
          "z": 0.49606987833976746
        }
      },
      "world_space": {
        "head": {
          "x": 0.3349604308605194,
          "y": -0.3430328965187073,
          "z": 1.4124691486358643
        },
        "tail": {
          "x": 0.3341657817363739,
          "y": -0.36524420976638794,
          "z": 1.445923924446106
        },
        "rotation_quaternion": {
          "w": 0.014250291511416435,
          "x": 0.047470808029174805,
          "y": -0.47253742814064026,
          "z": -0.8799158334732056
        },
        "matrix": [
          [
            -0.9950868487358093,
            -0.019785232841968536,
            -0.09700808674097061,
            0.3349604308605194
          ],
          [
            -0.06994135677814484,
            -0.5530104637145996,
            0.8302337527275085,
            -0.3430328965187073
          ],
          [
            -0.0700734332203865,
            0.8329451084136963,
            0.5489142537117004,
            1.4124691486358643
          ],
          [
            0.0,
            0.0,
            0.0,
            1.0
          ]
        ]
      },
      "bone_length_armature_space": 0.04016460206924716,
      "parent": "thumb_01_l",
      "has_children": true,
      "is_end_bone": false
    },
    "thumb_03_l": {
      "name": "thumb_03_l",
      "local": {
        "location": {
          "x": 0.0,
          "y": 0.0,
          "z": 0.0
        },
        "rotation_quaternion": {
          "w": 0.9906742572784424,
          "x": 0.13611069321632385,
          "y": -0.004743936471641064,
          "z": -0.003985168412327766
        },
        "scale": {
          "x": 1.0,
          "y": 1.0,
          "z": 1.0
        },
        "matrix_basis": [
          [
            0.9999232292175293,
            0.006604606751352549,
            -0.010484239086508751,
            0.0
          ],
          [
            -0.009187408722937107,
            0.9629160165786743,
            -0.26964491605758667,
            0.0
          ],
          [
            0.008314543403685093,
            0.26972052454948425,
            0.9629027247428894,
            0.0
          ],
          [
            0.0,
            0.0,
            0.0,
            1.0
          ]
        ],
        "rotation_mode": "QUATERNION"
      },
      "armature_space": {
        "head": {
          "x": 0.3341657221317291,
          "y": -0.42848825454711914,
          "z": 0.4960697889328003
        },
        "tail": {
          "x": 0.3335276246070862,
          "y": -0.43025192618370056,
          "z": 0.5264570713043213
        }
      },
      "world_space": {
        "head": {
          "x": 0.3341657221317291,
          "y": -0.3652442693710327,
          "z": 1.4459238052368164
        },
        "tail": {
          "x": 0.3335276246070862,
          "y": -0.36700791120529175,
          "z": 1.4763110876083374
        },
        "rotation_quaternion": {
          "w": 0.15969060361385345,
          "x": 0.18403849005699158,
          "y": -0.6674832105636597,
          "z": -0.7036299109458923
        },
        "matrix": [
          [
            -0.8812575936317444,
            -0.02095889300107956,
            -0.47217127680778503,
            0.3341657221317291
          ],
          [
            -0.4704110622406006,
            -0.057930052280426025,
            0.8805442452430725,
            -0.3652442693710327
          ],
          [
            -0.0458088256418705,
            0.9981080293655396,
            0.04119300842285156,
            1.4459238052368164
          ],
          [
            0.0,
            0.0,
            0.0,
            1.0
          ]
        ]
      },
      "bone_length_armature_space": 0.030445108894766336,
      "parent": "thumb_02_l",
      "has_children": false,
      "is_end_bone": true
    },
    "metacarpal_index_l": {
      "name": "metacarpal_index_l",
      "local": {
        "location": {
          "x": 0.0,
          "y": 0.0,
          "z": 0.0
        },
        "rotation_quaternion": {
          "w": 0.998954176902771,
          "x": -0.04506378620862961,
          "y": -0.006431022193282843,
          "z": 0.004305033944547176
        },
        "scale": {
          "x": 1.0,
          "y": 1.0,
          "z": 1.0
        },
        "matrix_basis": [
          [
            0.9998801946640015,
            -0.008021450601518154,
            -0.013236595317721367,
            0.0
          ],
          [
            0.009180675260722637,
            0.9959014654159546,
            0.0899779424071312,
            0.0
          ],
          [
            0.012460590340197086,
            -0.09008868783712387,
            0.9958558082580566,
            0.0
          ],
          [
            0.0,
            0.0,
            0.0,
            1.0
          ]
        ],
        "rotation_mode": "QUATERNION"
      },
      "armature_space": {
        "head": {
          "x": 0.3600703775882721,
          "y": -0.3553091287612915,
          "z": 0.511289656162262
        },
        "tail": {
          "x": 0.3168583810329437,
          "y": -0.4614782929420471,
          "z": 0.48699840903282166
        }
      },
      "world_space": {
        "head": {
          "x": 0.3600703775882721,
          "y": -0.2920651435852051,
          "z": 1.4611437320709229
        },
        "tail": {
          "x": 0.3168583810329437,
          "y": -0.3982343077659607,
          "z": 1.4368524551391602
        },
        "rotation_quaternion": {
          "w": 0.14009149372577667,
          "x": -0.9585044980049133,
          "y": 0.16530285775661469,
          "z": 0.1852525919675827
        },
        "matrix": [
          [
            0.8767130374908447,
            -0.3687918782234192,
            -0.3088153600692749,
            0.3600703775882721
          ],
          [
            -0.26498278975486755,
            -0.9060988426208496,
            0.3298020660877228,
            -0.2920651435852051
          ],
          [
            -0.40144866704940796,
            -0.20731320977210999,
            -0.8921182155609131,
            1.4611437320709229
          ],
          [
            0.0,
            0.0,
            0.0,
            1.0
          ]
        ]
      },
      "bone_length_armature_space": 0.1171718075298754,
      "parent": "lowerarm_l",
      "has_children": true,
      "is_end_bone": false
    },
    "index_01_l": {
      "name": "index_01_l",
      "local": {
        "location": {
          "x": 0.0,
          "y": 0.0,
          "z": 0.0
        },
        "rotation_quaternion": {
          "w": 0.9453849196434021,
          "x": 0.3254531919956207,
          "y": -0.016629857942461967,
          "z": 0.007151601370424032
        },
        "scale": {
          "x": 1.0,
          "y": 1.0,
          "z": 1.0
        },
        "matrix_basis": [
          [
            0.9993445873260498,
            -0.02434651367366314,
            -0.02678821049630642,
            0.0
          ],
          [
            0.00269755139015615,
            0.7880581617355347,
            -0.6155949234962463,
            0.0
          ],
          [
            0.03609825670719147,
            0.615119218826294,
            0.7876073122024536,
            0.0
          ],
          [
            0.0,
            0.0,
            0.0,
            1.0
          ]
        ],
        "rotation_mode": "QUATERNION"
      },
      "armature_space": {
        "head": {
          "x": 0.3168583810329437,
          "y": -0.4614782929420471,
          "z": 0.48699840903282166
        },
        "tail": {
          "x": 0.3109081983566284,
          "y": -0.47993627190589905,
          "z": 0.4660944640636444
        }
      },
      "world_space": {
        "head": {
          "x": 0.3168583810329437,
          "y": -0.3982343077659607,
          "z": 1.4368524551391602
        },
        "tail": {
          "x": 0.3109081983566284,
          "y": -0.41669225692749023,
          "z": 1.415948510169983
        },
        "rotation_quaternion": {
          "w": 0.4180862307548523,
          "x": -0.8922991156578064,
          "y": 0.03928238898515701,
          "z": 0.16571950912475586
        },
        "matrix": [
          [
            0.9419881701469421,
            -0.20867343246936798,
            -0.26289501786231995,
            0.3168583810329437
          ],
          [
            0.0684659406542778,
            -0.6473222374916077,
            0.7591356039047241,
            -0.3982343077659607
          ],
          [
            -0.328591525554657,
            -0.7331018447875977,
            -0.5954864025115967,
            1.4368524551391602
          ],
          [
            0.0,
            0.0,
            0.0,
            1.0
          ]
        ]
      },
      "bone_length_armature_space": 0.02851449762066817,
      "parent": "metacarpal_index_l",
      "has_children": true,
      "is_end_bone": false
    },
    "index_02_l": {
      "name": "index_02_l",
      "local": {
        "location": {
          "x": 0.0,
          "y": 0.0,
          "z": 0.0
        },
        "rotation_quaternion": {
          "w": 0.9059939384460449,
          "x": 0.42326119542121887,
          "y": -0.0045384736731648445,
          "z": 0.0020593199878931046
        },
        "scale": {
          "x": 1.0,
          "y": 1.0,
          "z": 1.0
        },
        "matrix_basis": [
          [
            0.9999503493309021,
            -0.007573382463306189,
            -0.006480398587882519,
            0.0
          ],
          [
            -0.00011045673454646021,
            0.6416914463043213,
            -0.7669628262519836,
            0.0
          ],
          [
            0.009966920129954815,
            0.7669254541397095,
            0.6416587233543396,
            0.0
          ],
          [
            0.0,
            0.0,
            0.0,
            1.0
          ]
        ],
        "rotation_mode": "QUATERNION"
      },
      "armature_space": {
        "head": {
          "x": 0.3109078109264374,
          "y": -0.47993630170822144,
          "z": 0.46609407663345337
        },
        "tail": {
          "x": 0.3014179468154907,
          "y": -0.47666269540786743,
          "z": 0.44248634576797485
        }
      },
      "world_space": {
        "head": {
          "x": 0.3109078109264374,
          "y": -0.416692316532135,
          "z": 1.4159481525421143
        },
        "tail": {
          "x": 0.3014179468154907,
          "y": -0.413418710231781,
          "z": 1.3923404216766357
        },
        "rotation_quaternion": {
          "w": 0.745638370513916,
          "x": -0.6375501751899719,
          "y": 0.08847736567258835,
          "z": 0.17240945994853973
        },
        "matrix": [
          [
            0.9248932003974915,
            -0.36992794275283813,
            -0.08789722621440887,
            0.3109078109264374
          ],
          [
            0.14429493248462677,
            0.1276092529296875,
            0.9812723398208618,
            -0.416692316532135
          ],
          [
            -0.3517859876155853,
            -0.920261561870575,
            0.1714056134223938,
            1.4159481525421143
          ],
          [
            0.0,
            0.0,
            0.0,
            1.0
          ]
        ]
      },
      "bone_length_armature_space": 0.025653439947660315,
      "parent": "index_01_l",
      "has_children": true,
      "is_end_bone": false
    },
    "index_03_l": {
      "name": "index_03_l",
      "local": {
        "location": {
          "x": 0.0,
          "y": 0.0,
          "z": 0.0
        },
        "rotation_quaternion": {
          "w": 0.9335004091262817,
          "x": 0.35853129625320435,
          "y": 0.0008473992347717285,
          "z": 0.005627806764096022
        },
        "scale": {
          "x": 1.0,
          "y": 1.0,
          "z": 1.0
        },
        "matrix_basis": [
          [
            0.9999352097511292,
            -0.009899481199681759,
            0.005617584567517042,
            0.0
          ],
          [
            0.011114758439362049,
            0.7428472638130188,
            -0.6693686842918396,
            0.0
          ],
          [
            0.0024533946998417377,
            0.6693877577781677,
            0.7429091930389404,
            0.0
          ],
          [
            0.0,
            0.0,
            0.0,
            1.0
          ]
        ],
        "rotation_mode": "QUATERNION"
      },
      "armature_space": {
        "head": {
          "x": 0.30141791701316833,
          "y": -0.47666287422180176,
          "z": 0.44248634576797485
        },
        "tail": {
          "x": 0.29501810669898987,
          "y": -0.4527554512023926,
          "z": 0.42695534229278564
        }
      },
      "world_space": {
        "head": {
          "x": 0.30141791701316833,
          "y": -0.41341888904571533,
          "z": 1.3923404216766357
        },
        "tail": {
          "x": 0.29501810669898987,
          "y": -0.38951146602630615,
          "z": 1.3768093585968018
        },
        "rotation_quaternion": {
          "w": 0.9441701173782349,
          "x": -0.292025089263916,
          "y": 0.132871612906456,
          "z": 0.07489515841007233
        },
        "matrix": [
          [
            0.9534717202186584,
            -0.21903131902217865,
            0.2071637213230133,
            0.30141791701316833
          ],
          [
            0.06382422149181366,
            0.8182241320610046,
            0.5713459253311157,
            -0.41341888904571533
          ],
          [
            -0.2946511209011078,
            -0.5315433740615845,
            0.7941391468048096,
            1.3923404216766357
          ],
          [
            0.0,
            0.0,
            0.0,
            1.0
          ]
        ]
      },
      "bone_length_armature_space": 0.029218735898079502,
      "parent": "index_02_l",
      "has_children": false,
      "is_end_bone": true
    },
    "metacarpal_pinky_l": {
      "name": "metacarpal_pinky_l",
      "local": {
        "location": {
          "x": 0.0,
          "y": 0.0,
          "z": 0.0
        },
        "rotation_quaternion": {
          "w": 0.9986778497695923,
          "x": -0.050974290817976,
          "y": 0.005472211167216301,
          "z": 0.003785556647926569
        },
        "scale": {
          "x": 1.0,
          "y": 1.0,
          "z": 1.0
        },
        "matrix_basis": [
          [
            0.9999114274978638,
            -0.008118987083435059,
            0.010544019751250744,
            0.0
          ],
          [
            0.007003218866884708,
            0.994774580001831,
            0.10185521841049194,
            0.0
          ],
          [
            -0.011315884068608284,
            -0.10177236050367355,
            0.9947433471679688,
            0.0
          ],
          [
            0.0,
            0.0,
            0.0,
            1.0
          ]
        ],
        "rotation_mode": "QUATERNION"
      },
      "armature_space": {
        "head": {
          "x": 0.3600703775882721,
          "y": -0.3553091287612915,
          "z": 0.511289656162262
        },
        "tail": {
          "x": 0.3849378824234009,
          "y": -0.45489177107810974,
          "z": 0.4937359690666199
        }
      },
      "world_space": {
        "head": {
          "x": 0.3600703775882721,
          "y": -0.2920651435852051,
          "z": 1.4611437320709229
        },
        "tail": {
          "x": 0.3849378824234009,
          "y": -0.3916477560997009,
          "z": 1.4435899257659912
        },
        "rotation_quaternion": {
          "w": 0.09148897230625153,
          "x": 0.2814348340034485,
          "y": 0.1160534918308258,
          "z": -0.9481328129768372
        },
        "matrix": [
          [
            -0.8248485326766968,
            0.23881034553050995,
            -0.5124397873878479,
            0.3600703775882721
          ],
          [
            -0.10816481709480286,
            -0.956322968006134,
            -0.2715643346309662,
            -0.2920651435852051
          ],
          [
            -0.5549142360687256,
            -0.16857348382472992,
            0.814657986164093,
            1.4611437320709229
          ],
          [
            0.0,
            0.0,
            0.0,
            1.0
          ]
        ]
      },
      "bone_length_armature_space": 0.10413081679436768,
      "parent": "lowerarm_l",
      "has_children": true,
      "is_end_bone": false
    },
    "pinky_01_l": {
      "name": "pinky_01_l",
      "local": {
        "location": {
          "x": 0.0,
          "y": 0.0,
          "z": 0.0
        },
        "rotation_quaternion": {
          "w": 0.9552392959594727,
          "x": 0.29561132192611694,
          "y": 0.010483836755156517,
          "z": 0.004705417435616255
        },
        "scale": {
          "x": 1.0,
          "y": 1.0,
          "z": 1.0
        },
        "matrix_basis": [
          [
            0.9997358918190002,
            -0.002791317645460367,
            0.02281109429895878,
            0.0
          ],
          [
            0.015187880955636501,
            0.825183629989624,
            -0.5646604299545288,
            0.0
          ],
          [
            -0.017247196286916733,
            0.5648577809333801,
            0.8250080943107605,
            0.0
          ],
          [
            0.0,
            0.0,
            0.0,
            1.0
          ]
        ],
        "rotation_mode": "QUATERNION"
      },
      "armature_space": {
        "head": {
          "x": 0.3849378824234009,
          "y": -0.45489177107810974,
          "z": 0.4937359690666199
        },
        "tail": {
          "x": 0.3872830271720886,
