{
  "metadata": {
    "armature_name": "KIM_caucasian_male",
    "export_time": "2026-01-13T21:02:13.127059",
    "blender_version": "4.4.1",
    "bone_count": 56,
    "end_bone_count": 13,
    "spaces_included": [
      "LOCAL_CHANNELS",
      "ARMATURE_SPACE",
      "WORLD_SPACE"
    ],
    "note": "LOCAL matches Transform panel; replay pose via local.matrix_basis for best fidelity."
  },
  "bones": {
    "Root": {
      "name": "Root",
      "local": {
        "location": {
          "x": 0.0,
          "y": 0.0,
          "z": 0.0
        },
        "rotation_quaternion": {
          "w": 0.9998126029968262,
          "x": 0.006622155662626028,
          "y": -0.009186644107103348,
          "z": 0.015705294907093048
        },
        "scale": {
          "x": 1.0,
          "y": 1.0,
          "z": 1.0
        },
        "matrix_basis": [
          [
            0.999337911605835,
            -0.03152637556195259,
            -0.018161838874220848,
            0.0
          ],
          [
            0.03128303214907646,
            0.9994189739227295,
            -0.013530387543141842,
            0.0
          ],
          [
            0.018577851355075836,
            0.01295327115803957,
            0.9997435212135315,
            0.0
          ],
          [
            0.0,
            0.0,
            0.0,
            1.0
          ]
        ],
        "rotation_mode": "QUATERNION"
      },
      "armature_space": {
        "head": {
          "x": 0.0,
          "y": 0.07072800397872925,
          "z": -0.009595036506652832
        },
        "tail": {
          "x": -0.0022502224892377853,
          "y": -8.318573236465454e-05,
          "z": -0.0009217411279678345
        }
      },
      "world_space": {
        "head": {
          "x": 0.0,
          "y": 0.13397200405597687,
          "z": 0.9402589797973633
        },
        "tail": {
          "x": -0.0022502224892377853,
          "y": 0.06316081434488297,
          "z": 0.9489322900772095
        },
        "rotation_quaternion": {
          "w": 0.060747917741537094,
          "x": 0.9979873299598694,
          "y": -0.016288502141833305,
          "z": -0.008107742294669151
        },
        "matrix": [
          [
            0.999337911605835,
            -0.03152637556195259,
            -0.018161838874220848,
            0.0
          ],
          [
            -0.033496495336294174,
            -0.9920886754989624,
            -0.12098763883113861,
            0.13397200405597687
          ],
          [
            -0.014203986153006554,
            0.12151579558849335,
            -0.9924949407577515,
            0.9402589797973633
          ],
          [
            0.0,
            0.0,
            0.0,
            1.0
          ]
        ]
      },
      "bone_length_armature_space": 0.07137586425288776,
      "parent": null,
      "has_children": true,
      "is_end_bone": false
    },
    "spine_01": {
      "name": "spine_01",
      "local": {
        "location": {
          "x": 0.0,
          "y": 0.0,
          "z": 0.0
        },
        "rotation_quaternion": {
          "w": 0.9954445362091064,
          "x": -0.04090924561023712,
          "y": 0.03713631257414818,
          "z": -0.07770227640867233
        },
        "scale": {
          "x": 1.0,
          "y": 1.0,
          "z": 1.0
        },
        "matrix_basis": [
          [
            0.9851664900779724,
            0.15165817737579346,
            0.0802917629480362,
            0.0
          ],
          [
            -0.15773504972457886,
            0.9845775961875916,
            0.0756746158003807,
            0.0
          ],
          [
            -0.06757679581642151,
            -0.08721692115068436,
            0.993894636631012,
            0.0
          ],
          [
            0.0,
            0.0,
            0.0,
            1.0
          ]
        ],
        "rotation_mode": "QUATERNION"
      },
      "armature_space": {
        "head": {
          "x": -0.0022502224892377853,
          "y": -8.318573236465454e-05,
          "z": -0.0009217411279678345
        },
        "tail": {
          "x": 0.08047474175691605,
          "y": 0.05592599883675575,
          "z": 0.47674763202667236
        }
      },
      "world_space": {
        "head": {
          "x": -0.0022502224892377853,
          "y": 0.06316081434488297,
          "z": 0.9489322900772095
        },
        "tail": {
          "x": 0.08047474175691605,
          "y": 0.11916999518871307,
          "z": 1.4266016483306885
        },
        "rotation_quaternion": {
          "w": 0.7428179383277893,
          "x": 0.6636156439781189,
          "y": 0.0748840719461441,
          "z": -0.04720500856637955
        },
        "matrix": [
          [
            0.9843282103538513,
            0.16951794922351837,
            0.04859745129942894,
            -0.0022502224892377853
          ],
          [
            0.029257874935865402,
            0.11477263271808624,
            -0.9929608106613159,
            0.06316081434488297
          ],
          [
            -0.17390352487564087,
            0.9788282513618469,
            0.10801403969526291,
            0.9489322900772095
          ],
          [
            0.0,
            0.0,
            0.0,
            1.0
          ]
        ]
      },
      "bone_length_armature_space": 0.4880045693423422,
      "parent": "Root",
      "has_children": true,
      "is_end_bone": false
    },
    "neck_01": {
      "name": "neck_01",
      "local": {
        "location": {
          "x": 0.0,
          "y": 0.0,
          "z": 0.0
        },
        "rotation_quaternion": {
          "w": 0.9914531707763672,
          "x": 0.07286515831947327,
          "y": 0.03105274960398674,
          "z": 0.10366745293140411
        },
        "scale": {
          "x": 1.0,
          "y": 1.0,
          "z": 1.0
        },
        "matrix_basis": [
          [
            0.9765775799751282,
            -0.20103752613067627,
            0.0766821876168251,
            0.0
          ],
          [
            0.21008817851543427,
            0.9678874611854553,
            -0.13804645836353302,
            0.0
          ],
          [
            -0.04646720364689827,
            0.15092310309410095,
            0.9874528050422668,
            0.0
          ],
          [
            0.0,
            0.0,
            0.0,
            1.0
          ]
        ],
        "rotation_mode": "QUATERNION"
      },
      "armature_space": {
        "head": {
          "x": 0.09457197040319443,
          "y": 0.02989315614104271,
          "z": 0.5521619319915771
        },
        "tail": {
          "x": 0.09134960919618607,
          "y": -0.012459702789783478,
          "z": 0.6454710364341736
        }
      },
      "world_space": {
        "head": {
          "x": 0.09457197040319443,
          "y": 0.09313715994358063,
          "z": 1.5020159482955933
        },
        "tail": {
          "x": 0.09134960919618607,
          "y": 0.05078429728746414,
          "z": 1.595324993133545
        },
        "rotation_quaternion": {
          "w": 0.5416814088821411,
          "x": 0.8402994871139526,
          "y": -0.004978432320058346,
          "z": 0.021289590746164322
        },
        "matrix": [
          [
            0.9990439414978027,
            -0.03143111616373062,
            0.030385633930563927,
            0.09457197040319443
          ],
          [
            0.014697449281811714,
            -0.4131126403808594,
            -0.9105614423751831,
            0.09313715994358063
          ],
          [
            0.04117294028401375,
            0.9101434946060181,
            -0.41225945949554443,
            1.5020159482955933
          ],
          [
            0.0,
            0.0,
            0.0,
            1.0
          ]
        ]
      },
      "bone_length_armature_space": 0.10252188785480057,
      "parent": "spine_01",
      "has_children": true,
      "is_end_bone": false
    },
    "head": {
      "name": "head",
      "local": {
        "location": {
          "x": 0.0,
          "y": 0.0,
          "z": 0.0
        },
        "rotation_quaternion": {
          "w": 0.9825890064239502,
          "x": -0.07272069156169891,
          "y": 0.14367492496967316,
          "z": 0.09267176687717438
        },
        "scale": {
          "x": 1.0,
          "y": 1.0,
          "z": 1.0
        },
        "matrix_basis": [
          [
            0.94153892993927,
            -0.20301279425621033,
            0.26886850595474243,
            0.0
          ],
          [
            0.1612202376127243,
            0.972247302532196,
            0.16953831911087036,
            0.0
          ],
          [
            -0.29582512378692627,
            -0.11627988517284393,
            0.948138415813446,
            0.0
          ],
          [
            0.0,
            0.0,
            0.0,
            1.0
          ]
        ],
        "rotation_mode": "QUATERNION"
      },
      "armature_space": {
        "head": {
          "x": 0.09134961664676666,
          "y": -0.012459814548492432,
          "z": 0.645470917224884
        },
        "tail": {
          "x": 0.05347195267677307,
          "y": -0.0032687149941921234,
          "z": 0.7955845594406128
        }
      },
      "world_space": {
        "head": {
          "x": 0.09134961664676666,
          "y": 0.05078418552875519,
          "z": 1.595324993133545
        },
        "tail": {
          "x": 0.05347195267677307,
          "y": 0.059975285083055496,
          "z": 1.745438575744629
        },
        "rotation_quaternion": {
          "w": 0.7274802923202515,
          "x": 0.6601051688194275,
          "y": 0.02009177953004837,
          "z": 0.18609105050563812
        },
        "matrix": [
          [
            0.9299324750900269,
            -0.24422988295555115,
            0.27491357922554016,
            0.09134961664676666
          ],
          [
            0.2972821891307831,
            0.059262923896312714,
            -0.9529487490653992,
            0.05078418552875519
          ],
          [
            0.21644818782806396,
            0.9679117798805237,
            0.12771576642990112,
            1.595324993133545
          ],
          [
            0.0,
            0.0,
            0.0,
            1.0
          ]
        ]
      },
      "bone_length_armature_space": 0.15509126243327243,
      "parent": "neck_01",
      "has_children": false,
      "is_end_bone": true
    },
    "upperarm_l": {
      "name": "upperarm_l",
      "local": {
        "location": {
          "x": 0.0,
          "y": 0.0,
          "z": 0.0
        },
        "rotation_quaternion": {
          "w": 0.8168010711669922,
          "x": -0.15394042432308197,
          "y": 0.553665280342102,
          "z": 0.050922930240631104
        },
        "scale": {
          "x": 1.0,
          "y": 1.0,
          "z": 1.0
        },
        "matrix_basis": [
          [
            0.38172322511672974,
            -0.2536507546901703,
            0.8887906074523926,
            0.0
          ],
          [
            -0.08727512508630753,
            0.9474183917045593,
            0.3078659176826477,
            0.0
          ],
          [
            -0.9201470017433167,
            -0.19508889317512512,
            0.33951419591903687,
            0.0
          ],
          [
            0.0,
            0.0,
            0.0,
            1.0
          ]
        ],
        "rotation_mode": "QUATERNION"
      },
      "armature_space": {
        "head": {
          "x": 0.23098327219486237,
          "y": 0.023401550948619843,
          "z": 0.4606360197067261
        },
        "tail": {
          "x": 0.48802608251571655,
          "y": 0.09822481870651245,
          "z": 0.47238683700561523
        }
      },
      "world_space": {
        "head": {
          "x": 0.23098327219486237,
          "y": 0.08664555102586746,
          "z": 1.4104900360107422
        },
        "tail": {
          "x": 0.48802608251571655,
          "y": 0.16146881878376007,
          "z": 1.4222408533096313
        },
        "rotation_quaternion": {
          "w": 0.18767280876636505,
          "x": 0.5893850326538086,
          "y": 0.7774259448051453,
          "z": -0.11407554894685745
        },
        "matrix": [
          [
            -0.23480811715126038,
            0.9592244625091553,
            0.15733283758163452,
            0.23098327219486237
          ],
          [
            0.8735883831977844,
            0.27922314405441284,
            -0.39859482645988464,
            0.08664555102586746
          ],
          [
            -0.4262751042842865,
            0.04385136067867279,
            -0.9035380482673645,
            1.4104900360107422
          ],
          [
            0.0,
            0.0,
            0.0,
            1.0
          ]
        ]
      },
      "bone_length_armature_space": 0.2679694276663755,
      "parent": "spine_01",
      "has_children": true,
      "is_end_bone": false
    },
    "lowerarm_l": {
      "name": "lowerarm_l",
      "local": {
        "location": {
          "x": 0.0,
          "y": 0.0,
          "z": 0.0
        },
        "rotation_quaternion": {
          "w": 0.8480926752090454,
          "x": 0.4770621061325073,
          "y": -0.18855030834674835,
          "z": 0.1326625794172287
        },
        "scale": {
          "x": 1.0,
          "y": 1.0,
          "z": 1.0
        },
        "matrix_basis": [
          [
            0.8936988711357117,
            -0.4049207270145416,
            -0.19323968887329102,
            0.0
          ],
          [
            0.04511990770697594,
            0.5096247792243958,
            -0.8592128753662109,
            0.0
          ],
          [
            0.44639286398887634,
            0.7591586112976074,
            0.47372105717658997,
            0.0
          ],
          [
            0.0,
            0.0,
            0.0,
            1.0
          ]
        ],
        "rotation_mode": "QUATERNION"
      },
      "armature_space": {
        "head": {
          "x": 0.4880262315273285,
          "y": 0.0982247143983841,
          "z": 0.47238683700561523
        },
        "tail": {
          "x": 0.6530896425247192,
          "y": -0.07852965593338013,
          "z": 0.35801228880882263
        }
      },
      "world_space": {
        "head": {
          "x": 0.4880262315273285,
          "y": 0.1614687144756317,
          "z": 1.4222408533096313
        },
        "tail": {
          "x": 0.6530896425247192,
          "y": -0.015285655856132507,
          "z": 1.3078663349151611
        },
        "rotation_quaternion": {
          "w": 0.049296267330646515,
          "x": 0.6815013289451599,
          "y": 0.4089217185974121,
          "z": -0.604904055595398
        },
        "matrix": [
          [
            -0.06625300645828247,
            0.6170030832290649,
            -0.784166693687439,
            0.4880262315273285
          ],
          [
            0.49772220849990845,
            -0.6607035398483276,
            -0.5619105696678162,
            0.1614687144756317
          ],
          [
            -0.864808201789856,
            -0.4275292754173279,
            -0.2633250057697296,
            1.4222408533096313
          ],
          [
            0.0,
            0.0,
            0.0,
            1.0
          ]
        ]
      },
      "bone_length_armature_space": 0.2675249053767313,
      "parent": "upperarm_l",
      "has_children": true,
      "is_end_bone": false
    },
    "metacarpal_thumb_l": {
      "name": "metacarpal_thumb_l",
      "local": {
        "location": {
          "x": 0.0,
          "y": 0.0,
          "z": 0.0
        },
        "rotation_quaternion": {
          "w": 0.9995955228805542,
          "x": -0.020725971087813377,
          "y": -0.0029690475203096867,
          "z": -0.019244341179728508
        },
        "scale": {
          "x": 1.0,
          "y": 1.0,
          "z": 1.0
        },
        "matrix_basis": [
          [
            0.9992417097091675,
            0.03859618678689003,
            -0.005137978121638298,
            0.0
          ],
          [
            -0.03835004195570946,
            0.9984001517295837,
            0.041549451649188995,
            0.0
          ],
          [
            0.006733408663421869,
            -0.04132090136408806,
            0.999123215675354,
            0.0
          ],
          [
            0.0,
            0.0,
            0.0,
            1.0
          ]
        ],
        "rotation_mode": "QUATERNION"
      },
      "armature_space": {
        "head": {
          "x": 0.6530896425247192,
          "y": -0.07852965593338013,
          "z": 0.35801228880882263
        },
        "tail": {
          "x": 0.6559149026870728,
          "y": -0.11724768579006195,
          "z": 0.3272465467453003
        }
      },
      "world_space": {
        "head": {
          "x": 0.6530896425247192,
          "y": -0.015285655856132507,
          "z": 1.3078663349151611
        },
        "tail": {
          "x": 0.6559149026870728,
          "y": -0.05400368571281433,
          "z": 1.2771005630493164
        },
        "rotation_quaternion": {
          "w": 0.32649359107017517,
          "x": -0.9419829249382019,
          "y": -0.050761524587869644,
          "z": 0.05910671129822731
        },
        "matrix": [
          [
            0.9878591895103455,
            0.05703721195459366,
            -0.1445016711950302,
            0.6530896425247192
          ],
          [
            0.13422884047031403,
            -0.781650722026825,
            0.6091014742851257,
            -0.015285655856132507
          ],
          [
            -0.07820886373519897,
            -0.6211079955101013,
            -0.7798221707344055,
            1.3078663349151611
          ],
          [
            0.0,
            0.0,
            0.0,
            1.0
          ]
        ]
      },
      "bone_length_armature_space": 0.04953381467149268,
      "parent": "lowerarm_l",
      "has_children": true,
      "is_end_bone": false
    },
    "thumb_01_l": {
      "name": "thumb_01_l",
      "local": {
        "location": {
          "x": 0.0,
          "y": 0.0,
          "z": 0.0
        },
        "rotation_quaternion": {
          "w": 0.9998631477355957,
          "x": 0.014519323594868183,
          "y": -0.004515671171247959,
          "z": 0.006525236181914806
        },
        "scale": {
          "x": 1.0,
          "y": 1.0,
          "z": 1.0
        },
        "matrix_basis": [
          [
            0.9998740553855896,
            -0.013179815374314785,
            -0.008840622380375862,
            0.0
          ],
          [
            0.01291755773127079,
            0.9994932413101196,
            -0.029093604534864426,
            0.0
          ],
          [
            0.009219590574502945,
            0.02897574193775654,
            0.9995375871658325,
            0.0
          ],
          [
            0.0,
            0.0,
            0.0,
            1.0
          ]
        ],
        "rotation_mode": "QUATERNION"
      },
      "armature_space": {
        "head": {
          "x": 0.6559149026870728,
          "y": -0.11724768579006195,
          "z": 0.3272465467453003
        },
        "tail": {
          "x": 0.6503818035125732,
          "y": -0.11942967027425766,
          "z": 0.2937313914299011
        }
      },
      "world_space": {
        "head": {
          "x": 0.6559149026870728,
          "y": -0.05400368571281433,
          "z": 1.2771005630493164
        },
        "tail": {
          "x": 0.6503818035125732,
          "y": -0.05618567019701004,
          "z": 1.2435853481292725
        },
        "rotation_quaternion": {
          "w": 0.47624748945236206,
          "x": -0.5863292217254639,
          "y": 0.4910564124584198,
          "z": -0.43390098214149475
        },
        "matrix": [
          [
            0.14118599891662598,
            -0.16255289316177368,
            0.9765464663505554,
            0.6559149026870728
          ],
          [
            -0.9891299605369568,
            -0.06410329043865204,
            0.1323346495628357,
            -0.05400368571281433
          ],
          [
            0.041087955236434937,
            -0.984622597694397,
            -0.1698375940322876,
            1.2771005630493164
          ],
          [
            0.0,
            0.0,
            0.0,
            1.0
          ]
        ]
      },
      "bone_length_armature_space": 0.034038828383468014,
      "parent": "metacarpal_thumb_l",
      "has_children": true,
      "is_end_bone": false
    },
    "thumb_02_l": {
      "name": "thumb_02_l",
      "local": {
        "location": {
          "x": 0.0,
          "y": 0.0,
          "z": 0.0
        },
        "rotation_quaternion": {
          "w": 0.9878981709480286,
          "x": 0.15480203926563263,
          "y": -0.00919443927705288,
          "z": -0.003025888931006193
        },
        "scale": {
          "x": 1.0,
          "y": 1.0,
          "z": 1.0
        },
        "matrix_basis": [
          [
            0.9998126029968262,
            0.0031319044064730406,
            -0.019103167578577995,
            0.0
          ],
          [
            -0.008825176395475864,
            0.9520543217658997,
            -0.305801659822464,
            0.0
          ],
          [
            0.017229512333869934,
            0.30591294169425964,
            0.9519035816192627,
            0.0
          ],
          [
            0.0,
            0.0,
            0.0,
            1.0
          ]
        ],
        "rotation_mode": "QUATERNION"
      },
      "armature_space": {
        "head": {
          "x": 0.6503817439079285,
          "y": -0.11942964047193527,
          "z": 0.2937314212322235
        },
        "tail": {
          "x": 0.680392324924469,
          "y": -0.1434841901063919,
          "z": 0.28215891122817993
        }
      },
      "world_space": {
        "head": {
          "x": 0.6503817439079285,
          "y": -0.05618564039468765,
          "z": 1.243585467338562
        },
        "tail": {
          "x": 0.680392324924469,
          "y": -0.08024019002914429,
          "z": 1.2320129871368408
        },
        "rotation_quaternion": {
          "w": 0.44220396876335144,
          "x": -0.18587353825569153,
          "y": 0.07074152678251266,
          "z": -0.8745869994163513
        },
        "matrix": [
          [
            -0.5398126244544983,
            0.7471941709518433,
            0.38768941164016724,
            0.6503817439079285
          ],
          [
            -0.799789547920227,
            -0.5989023447036743,
            0.04065050184726715,
            -0.05618564039468765
          ],
          [
            0.26256322860717773,
            -0.28812888264656067,
            0.9209000468254089,
            1.243585467338562
          ],
          [
            0.0,
            0.0,
            0.0,
            1.0
          ]
        ]
      },
      "bone_length_armature_space": 0.04016440350684667,
      "parent": "thumb_01_l",
      "has_children": true,
      "is_end_bone": false
    },
    "thumb_03_l": {
      "name": "thumb_03_l",
      "local": {
        "location": {
          "x": 0.0,
          "y": 0.0,
          "z": 0.0
        },
        "rotation_quaternion": {
          "w": 0.997122585773468,
          "x": 0.0754142627120018,
          "y": -0.007489414885640144,
          "z": -0.0018247496336698532
        },
        "scale": {
          "x": 1.0,
          "y": 1.0,
          "z": 1.0
        },
        "matrix_basis": [
          [
            0.9998811483383179,
            0.00250938069075346,
            -0.015210953541100025,
            0.0
          ],
          [
            -0.004768615588545799,
            0.9886187314987183,
            -0.15036720037460327,
            0.0
          ],
          [
            0.014660505577921867,
            0.1504218578338623,
            0.988513171672821,
            0.0
          ],
          [
            0.0,
            0.0,
            0.0,
            1.0
          ]
        ],
        "rotation_mode": "QUATERNION"
      },
      "armature_space": {
        "head": {
          "x": 0.6803922653198242,
          "y": -0.1434842199087143,
          "z": 0.28215885162353516
        },
        "tail": {
          "x": 0.7074708938598633,
          "y": -0.1571713387966156,
          "z": 0.28466910123825073
        }
      },
      "world_space": {
        "head": {
          "x": 0.6803922653198242,
          "y": -0.08024021983146667,
          "z": 1.2320128679275513
        },
        "tail": {
          "x": 0.7074708938598633,
          "y": -0.09392733871936798,
          "z": 1.234523057937622
        },
        "rotation_quaternion": {
          "w": 0.5246067643165588,
          "x": 0.07606469094753265,
          "y": -0.0015593341086059809,
          "z": -0.8479383587837219
        },
        "matrix": [
          [
            -0.4380037486553192,
            0.8894312381744385,
            -0.13063177466392517,
            0.6803922653198242
          ],
          [
            -0.889905571937561,
            -0.44957059621810913,
            -0.07716386020183563,
            -0.08024021983146667
          ],
          [
            -0.12736181914806366,
            0.082452192902565,
            0.9884306788444519,
            1.2320128679275513
          ],
          [
            0.0,
            0.0,
            0.0,
            1.0
          ]
        ]
      },
      "bone_length_armature_space": 0.030444880129137396,
      "parent": "thumb_02_l",
      "has_children": false,
      "is_end_bone": true
    },
    "metacarpal_index_l": {
      "name": "metacarpal_index_l",
      "local": {
        "location": {
          "x": 0.0,
          "y": 0.0,
          "z": 0.0
        },
        "rotation_quaternion": {
          "w": 0.9984918236732483,
          "x": -0.0534040667116642,
          "y": 0.006379511673003435,
          "z": -0.011023152619600296
        },
        "scale": {
          "x": 1.0,
          "y": 1.0,
          "z": 1.0
        },
        "matrix_basis": [
          [
            0.9996755719184875,
            0.021331671625375748,
            0.013917142525315285,
            0.0
          ],
          [
            -0.022694438695907593,
            0.9940530061721802,
            0.10650639981031418,
            0.0
          ],
          [
            -0.011562418192625046,
            -0.10678768903017044,
            0.9942145943641663,
            0.0
          ],
          [
            0.0,
            0.0,
            0.0,
            1.0
          ]
        ],
        "rotation_mode": "QUATERNION"
      },
      "armature_space": {
        "head": {
          "x": 0.6530896425247192,
          "y": -0.07852965593338013,
          "z": 0.35801228880882263
        },
        "tail": {
          "x": 0.70263671875,
          "y": -0.1703130006790161,
          "z": 0.3046252727508545
        }
      },
      "world_space": {
        "head": {
          "x": 0.6530896425247192,
          "y": -0.015285655856132507,
          "z": 1.3078663349151611
        },
        "tail": {
          "x": 0.70263671875,
          "y": -0.1070690006017685,
          "z": 1.2544792890548706
        },
        "rotation_quaternion": {
          "w": 0.17094288766384125,
          "x": -0.908387303352356,
          "y": -0.2812774181365967,
          "z": 0.2578643560409546
        },
        "matrix": [
          [
            0.7087772488594055,
            0.4228583872318268,
            -0.5646461248397827,
            0.6530896425247192
          ],
          [
            0.5991780757904053,
            -0.7833231687545776,
            0.16550034284591675,
            -0.015285655856132507
          ],
          [
            -0.37231943011283875,
            -0.4556306004524231,
            -0.8085750341415405,
            1.3078663349151611
          ],
          [
            0.0,
            0.0,
            0.0,
            1.0
          ]
        ]
      },
      "bone_length_armature_space": 0.117171962025833,
      "parent": "lowerarm_l",
      "has_children": true,
      "is_end_bone": false
    },
    "index_01_l": {
      "name": "index_01_l",
      "local": {
        "location": {
          "x": 0.0,
          "y": 0.0,
          "z": 0.0
        },
        "rotation_quaternion": {
          "w": 0.9967430830001831,
          "x": -0.07949186861515045,
          "y": 0.002190542407333851,
          "z": 0.013399351388216019
        },
        "scale": {
          "x": 1.0,
          "y": 1.0,
          "z": 1.0
        },
        "matrix_basis": [
          [
            0.9996313452720642,
            -0.027059681713581085,
            0.0022365369368344545,
            0.0
          ],
          [
            0.026363160461187363,
            0.9870030283927917,
            0.15852464735507965,
            0.0
          ],
          [
            -0.006497094873338938,
            -0.15840724110603333,
            0.9873524904251099,
            0.0
          ],
          [
            0.0,
            0.0,
            0.0,
            1.0
          ]
        ],
        "rotation_mode": "QUATERNION"
      },
      "armature_space": {
        "head": {
          "x": 0.70263671875,
          "y": -0.1703130006790161,
          "z": 0.3046252727508545
        },
        "tail": {
          "x": 0.724388837814331,
          "y": -0.18672987818717957,
          "z": 0.2962346374988556
        }
      },
      "world_space": {
        "head": {
          "x": 0.70263671875,
          "y": -0.1070690006017685,
          "z": 1.2544792890548706
        },
        "tail": {
          "x": 0.724388837814331,
          "y": -0.12348587810993195,
          "z": 1.2460886240005493
        },
        "rotation_quaternion": {
          "w": 0.08905044198036194,
          "x": -0.8742823600769043,
          "y": -0.45188450813293457,
          "z": 0.1532999724149704
        },
        "matrix": [
          [
            0.5445983409881592,
            0.7628466486930847,
            -0.34853607416152954,
            0.70263671875
          ],
          [
            0.8174521327018738,
            -0.5757407546043396,
            0.017160989344120026,
            -0.1070690006017685
          ],
          [
            -0.18757590651512146,
            -0.294260174036026,
            -0.9371451139450073,
            1.2544792890548706
          ],
          [
            0.0,
            0.0,
            0.0,
            1.0
          ]
        ]
      },
      "bone_length_armature_space": 0.028514405313871737,
      "parent": "metacarpal_index_l",
      "has_children": true,
      "is_end_bone": false
    },
    "index_02_l": {
      "name": "index_02_l",
      "local": {
        "location": {
          "x": 0.0,
          "y": 0.0,
          "z": 0.0
        },
        "rotation_quaternion": {
          "w": 0.9830063581466675,
          "x": 0.18325918912887573,
          "y": -0.007419958245009184,
          "z": -0.007719389628618956
        },
        "scale": {
          "x": 1.0,
          "y": 1.0,
          "z": 1.0
        },
        "matrix_basis": [
          [
            0.9997707009315491,
            0.012456866912543774,
            -0.017417030408978462,
            0.0
          ],
          [
            -0.01789596863090992,
            0.932712972164154,
            -0.36017534136772156,
            0.0
          ],
          [
            0.011758433654904366,
            0.36040446162223816,
            0.9327220320701599,
            0.0
          ],
          [
            0.0,
            0.0,
            0.0,
            1.0
          ]
        ],
        "rotation_mode": "QUATERNION"
      },
      "armature_space": {
        "head": {
          "x": 0.724388837814331,
          "y": -0.186730295419693,
          "z": 0.29623425006866455
        },
        "tail": {
          "x": 0.7401919960975647,
          "y": -0.20015737414360046,
          "z": 0.28113237023353577
        }
      },
      "world_space": {
        "head": {
          "x": 0.724388837814331,
          "y": -0.12348629534244537,
          "z": 1.2460882663726807
        },
        "tail": {
          "x": 0.7401919960975647,
          "y": -0.13691337406635284,
          "z": 1.2309863567352295
        },
        "rotation_quaternion": {
          "w": 0.21596549451351166,
          "x": -0.8326271772384644,
          "y": -0.4377848207950592,
          "z": 0.26160159707069397
        },
        "matrix": [
          [
            0.47981658577919006,
            0.6160301566123962,
            -0.6247261166572571,
            0.724388837814331
          ],
          [
            0.8420172929763794,
            -0.523406445980072,
            0.13058489561080933,
            -0.12348629534244537
          ],
          [
            -0.2465425282716751,
            -0.5886919498443604,
            -0.7698528170585632,
            1.2460882663726807
          ],
          [
            0.0,
            0.0,
            0.0,
            1.0
          ]
        ]
      },
      "bone_length_armature_space": 0.025653324051121598,
      "parent": "index_01_l",
      "has_children": true,
      "is_end_bone": false
    },
    "index_03_l": {
      "name": "index_03_l",
      "local": {
        "location": {
          "x": 0.0,
          "y": 0.0,
          "z": 0.0
        },
        "rotation_quaternion": {
          "w": 0.9719304442405701,
          "x": 0.23526443541049957,
          "y": 0.001281995209865272,
          "z": -0.00043149071279913187
        },
        "scale": {
          "x": 1.0,
          "y": 1.0,
          "z": 1.0
        },
        "matrix_basis": [
          [
            0.9999963641166687,
            0.001441973727196455,
            0.0022889915853738785,
            0.0
          ],
          [
            -0.00023554216022603214,
            0.8893009424209595,
            -0.45732244849205017,
            0.0
          ],
          [
            -0.0026950491592288017,
            0.4573202133178711,
            0.8892980217933655,
            0.0
          ],
          [
            0.0,
            0.0,
            0.0,
            1.0
          ]
        ],
        "rotation_mode": "QUATERNION"
      },
      "armature_space": {
        "head": {
          "x": 0.7401920557022095,
          "y": -0.20015740394592285,
          "z": 0.2811325192451477
        },
        "tail": {
          "x": 0.7471545338630676,
          "y": -0.20818030834197998,
          "z": 0.2539130449295044
        }
      },
      "world_space": {
        "head": {
          "x": 0.7401920557022095,
          "y": -0.13691340386867523,
          "z": 1.2309865951538086
        },
        "tail": {
          "x": 0.7471545338630676,
          "y": -0.14493630826473236,
          "z": 1.2037670612335205
        },
        "rotation_quaternion": {
          "w": 0.46406492590904236,
          "x": -0.7220379114151001,
          "y": -0.38386595249176025,
          "z": 0.34051749110221863
        },
        "matrix": [
          [
            0.4733887314796448,
            0.23828789591789246,
            -0.8480105400085449,
            0.7401920557022095
          ],
          [
            0.8703761696815491,
            -0.2745812237262726,
            0.4087177515029907,
            -0.13691340386867523
          ],
          [
            -0.13545556366443634,
            -0.9315779209136963,
            -0.33738577365875244,
            1.2309865951538086
          ],
          [
            0.0,
            0.0,
            0.0,
            1.0
          ]
        ]
      },
      "bone_length_armature_space": 0.02921887839762521,
      "parent": "index_02_l",
      "has_children": false,
      "is_end_bone": true
    },
    "metacarpal_pinky_l": {
      "name": "metacarpal_pinky_l",
      "local": {
        "location": {
          "x": 0.0,
          "y": 0.0,
          "z": 0.0
        },
        "rotation_quaternion": {
          "w": 0.9992648363113403,
          "x": -0.03787774592638016,
          "y": -0.004218121059238911,
          "z": 0.0041486038826406
        },
        "scale": {
          "x": 1.0,
          "y": 1.0,
          "z": 1.0
        },
        "matrix_basis": [
          [
            0.9999299645423889,
            -0.007971562445163727,
            -0.008744319900870323,
            0.0
          ],
          [
            0.008610653690993786,
            0.9970961213111877,
            0.07566480338573456,
            0.0
          ],
          [
            0.00811576098203659,
            -0.07573479413986206,
            0.997094988822937,
            0.0
          ],
          [
            0.0,
            0.0,
            0.0,
            1.0
          ]
        ],
        "rotation_mode": "QUATERNION"
      },
      "armature_space": {
        "head": {
          "x": 0.6530896425247192,
          "y": -0.07852965593338013,
          "z": 0.35801228880882263
        },
        "tail": {
          "x": 0.7399260997772217,
          "y": -0.12006053328514099,
          "z": 0.318290114402771
        }
      },
      "world_space": {
        "head": {
          "x": 0.6530896425247192,
          "y": -0.015285655856132507,
          "z": 1.3078663349151611
        },
        "tail": {
          "x": 0.7399260997772217,
          "y": -0.05681653320789337,
          "z": 1.268144130706787
        },
        "rotation_quaternion": {
          "w": 0.4349275827407837,
          "x": 0.18705549836158752,
          "y": 0.3337971270084381,
          "z": -0.8151243925094604
        },
        "matrix": [
          [
            -0.551695704460144,
            0.8339176177978516,
            -0.014589771628379822,
            0.6530896425247192
          ],
          [
            -0.5841648578643799,
            -0.39883390069007874,
            -0.706882655620575,
            -0.015285655856132507
          ],
          [
            -0.5953057408332825,
            -0.38146448135375977,
            0.707184910774231,
            1.3078663349151611
          ],
          [
            0.0,
            0.0,
            0.0,
            1.0
          ]
        ]
      },
      "bone_length_armature_space": 0.10413085494515006,
      "parent": "lowerarm_l",
      "has_children": true,
      "is_end_bone": false
    },
    "pinky_01_l": {
      "name": "pinky_01_l",
      "local": {
        "location": {
          "x": 0.0,
          "y": 0.0,
          "z": 0.0
        },
        "rotation_quaternion": {
          "w": 0.999932050704956,
          "x": 0.009540963917970657,
          "y": -0.0038149510510265827,
          "z": -0.005515392869710922
        },
        "scale": {
          "x": 1.0,
          "y": 1.0,
          "z": 1.0
        },
        "matrix_basis": [
          [
            0.9999100565910339,
            0.01095723919570446,
            -0.007734627928584814,
            0.0
          ],
          [
            -0.011102832853794098,
            0.9997571110725403,
            -0.019038548693060875,
            0.0
          ],
          [
            0.0075241392478346825,
            0.019122712314128876,
            0.9997888207435608,
            0.0
          ],
          [
            0.0,
            0.0,
            0.0,
            1.0
          ]
        ],
        "rotation_mode": "QUATERNION"
      },
      "armature_space": {
        "head": {
          "x": 0.7399260997772217,
          "y": -0.12006053328514099,
          "z": 0.318290114402771
        },
        "tail": {
