{
  "metadata": {
    "armature_name": "KIM_caucasian_male",
    "export_time": "2026-01-13T21:07:44.363550",
    "blender_version": "4.4.1",
    "bone_count": 56,
    "end_bone_count": 13,
    "spaces_included": [
      "LOCAL_CHANNELS",
      "ARMATURE_SPACE",
      "WORLD_SPACE"
    ],
    "note": "LOCAL matches Transform panel; replay pose via local.matrix_basis for best fidelity."
  },
  "bones": {
    "Root": {
      "name": "Root",
      "local": {
        "location": {
          "x": 0.0,
          "y": 0.0,
          "z": 0.0
        },
        "rotation_quaternion": {
          "w": 0.9998779296875,
          "x": 0.012847756035625935,
          "y": -0.0022399004083126783,
          "z": -0.00861427653580904
        },
        "scale": {
          "x": 1.0,
          "y": 1.0,
          "z": 1.0
        },
        "matrix_basis": [
          [
            0.999841570854187,
            0.017168894410133362,
            -0.0047006020322442055,
            0.0
          ],
          [
            -0.017284005880355835,
            0.9995214343070984,
            -0.025653785094618797,
            0.0
          ],
          [
            0.004257905762642622,
            0.02573096565902233,
            0.9996598362922668,
            0.0
          ],
          [
            0.0,
            0.0,
            0.0,
            1.0
          ]
        ],
        "rotation_mode": "QUATERNION"
      },
      "armature_space": {
        "head": {
          "x": 0.0,
          "y": 0.07072800397872925,
          "z": -0.009595036506652832
        },
        "tail": {
          "x": 0.001225444721058011,
          "y": -0.00021304190158843994,
          "z": -0.0018245046958327293
        }
      },
      "world_space": {
        "head": {
          "x": 0.0,
          "y": 0.13397200405597687,
          "z": 0.9402589797973633
        },
        "tail": {
          "x": 0.001225444721058011,
          "y": 0.06303095817565918,
          "z": 0.9480295181274414
        },
        "rotation_quaternion": {
          "w": 0.05454086884856224,
          "x": 0.9984719753265381,
          "y": 0.008443811908364296,
          "z": -0.0028151371516287327
        },
        "matrix": [
          [
            0.999841570854187,
            0.017168894410133362,
            -0.0047006020322442055,
            0.0
          ],
          [
            0.016554733738303185,
            -0.9939079284667969,
            -0.1089630275964737,
            0.13397200405597687
          ],
          [
            -0.006542771123349667,
            0.10886777192354202,
            -0.9940417408943176,
            0.9402589797973633
          ],
          [
            0.0,
            0.0,
            0.0,
            1.0
          ]
        ]
      },
      "bone_length_armature_space": 0.07137587066466784,
      "parent": null,
      "has_children": true,
      "is_end_bone": false
    },
    "spine_01": {
      "name": "spine_01",
      "local": {
        "location": {
          "x": 0.0,
          "y": 0.0,
          "z": 0.0
        },
        "rotation_quaternion": {
          "w": 0.9977011680603027,
          "x": 0.03743736818432808,
          "y": -0.04888003319501877,
          "z": -0.02831435203552246
        },
        "scale": {
          "x": 1.0,
          "y": 1.0,
          "z": 1.0
        },
        "matrix_basis": [
          [
            0.9936180710792542,
            0.05283864587545395,
            -0.09965535998344421,
            0.0
          ],
          [
            -0.06015840545296669,
            0.9955934882164001,
            -0.07193459570407867,
            0.0
          ],
          [
            0.09541530162096024,
            0.07747062295675278,
            0.9924183487892151,
            0.0
          ],
          [
            0.0,
            0.0,
            0.0,
            1.0
          ]
        ],
        "rotation_mode": "QUATERNION"
      },
      "armature_space": {
        "head": {
          "x": 0.001225444721058011,
          "y": -0.00021304190158843994,
          "z": -0.0018245046958327293
        },
        "tail": {
          "x": 0.030646350234746933,
          "y": -0.027323180809617043,
          "z": 0.4845374524593353
        }
      },
      "world_space": {
        "head": {
          "x": 0.001225444721058011,
          "y": 0.06303095817565918,
          "z": 0.9480295181274414
        },
        "tail": {
          "x": 0.030646350234746933,
          "y": 0.035920821130275726,
          "z": 1.4343914985656738
        },
        "rotation_quaternion": {
          "w": 0.6871505379676819,
          "x": 0.7246822714805603,
          "y": -0.0068697393871843815,
          "z": -0.051113516092300415
        },
        "matrix": [
          [
            0.9946805238723755,
            0.06028858944773674,
            -0.0835227444767952,
            0.001225444721058011
          ],
          [
            -0.08020168542861938,
            -0.05555342510342598,
            -0.9952293634414673,
            0.06303095817565918
          ],
          [
            -0.06464148312807083,
            0.9966408610343933,
            -0.05042392387986183,
            0.9480295181274414
          ],
          [
            0.0,
            0.0,
            0.0,
            1.0
          ]
        ]
      },
      "bone_length_armature_space": 0.48800460673564167,
      "parent": "Root",
      "has_children": true,
      "is_end_bone": false
    },
    "neck_01": {
      "name": "neck_01",
      "local": {
        "location": {
          "x": 0.0,
          "y": 0.0,
          "z": 0.0
        },
        "rotation_quaternion": {
          "w": 0.9744501113891602,
          "x": -0.13419890403747559,
          "y": 0.07388730347156525,
          "z": -0.16425128281116486
        },
        "scale": {
          "x": 1.0,
          "y": 1.0,
          "z": 1.0
        },
        "matrix_basis": [
          [
            0.9351243376731873,
            0.3002781569957733,
            0.18808366358280182,
            0.0
          ],
          [
            -0.33994054794311523,
            0.9100243449211121,
            0.2372681051492691,
            0.0
          ],
          [
            -0.0999142974615097,
            -0.2858124375343323,
            0.9530626535415649,
            0.0
          ],
          [
            0.0,
            0.0,
            0.0,
            1.0
          ]
        ],
        "rotation_mode": "QUATERNION"
      },
      "armature_space": {
        "head": {
          "x": 0.03216398134827614,
          "y": -0.06590571254491806,
          "z": 0.5557612180709839
        },
        "tail": {
          "x": 0.06800822168588638,
          "y": -0.08213868737220764,
          "z": 0.6504313349723816
        }
      },
      "world_space": {
        "head": {
          "x": 0.03216398134827614,
          "y": -0.0026617124676704407,
          "z": 1.505615234375
        },
        "tail": {
          "x": 0.06800822168588638,
          "y": -0.018894687294960022,
          "z": 1.600285291671753
        },
        "rotation_quaternion": {
          "w": 0.6265699863433838,
          "x": 0.7572367191314697,
          "y": 0.1680506020784378,
          "z": -0.07590421289205551
        },
        "matrix": [
          [
            0.9319948554039001,
            0.34962713718414307,
            0.09563790261745453,
            0.03216398134827614
          ],
          [
            0.15939150750637054,
            -0.1583375632762909,
            -0.9744350910186768,
            -0.0026617124676704407
          ],
          [
            -0.3255479633808136,
            0.9234185218811035,
            -0.20329977571964264,
            1.505615234375
          ],
          [
            0.0,
            0.0,
            0.0,
            1.0
          ]
        ]
      },
      "bone_length_armature_space": 0.10252194900413406,
      "parent": "spine_01",
      "has_children": true,
      "is_end_bone": false
    },
    "head": {
      "name": "head",
      "local": {
        "location": {
          "x": 0.0,
          "y": 0.0,
          "z": 0.0
        },
        "rotation_quaternion": {
          "w": 0.9819471836090088,
          "x": -0.1095571368932724,
          "y": 0.08058641105890274,
          "z": 0.13146381080150604
        },
        "scale": {
          "x": 1.0,
          "y": 1.0,
          "z": 1.0
        },
        "matrix_basis": [
          [
            0.9524462223052979,
            -0.2758386731147766,
            0.12945760786533356,
            0.0
          ],
          [
            0.24052339792251587,
            0.9414290189743042,
            0.236347034573555,
            0.0
          ],
          [
            -0.18706879019737244,
            -0.19397024810314178,
            0.9630061388015747,
            0.0
          ],
          [
            0.0,
            0.0,
            0.0,
            1.0
          ]
        ],
        "rotation_mode": "QUATERNION"
      },
      "armature_space": {
        "head": {
          "x": 0.06800821423530579,
          "y": -0.08213882893323898,
          "z": 0.650431215763092
        },
        "tail": {
          "x": 0.06416384875774384,
          "y": -0.029908377677202225,
          "z": 0.7964123487472534
        }
      },
      "world_space": {
        "head": {
          "x": 0.06800821423530579,
          "y": -0.018894828855991364,
          "z": 1.600285291671753
        },
        "tail": {
          "x": 0.06416384875774384,
          "y": 0.033335622400045395,
          "z": 1.7462663650512695
        },
        "rotation_quaternion": {
          "w": 0.8022081851959229,
          "x": 0.561933696269989,
          "y": 0.15763601660728455,
          "z": 0.12587109208106995
        },
        "matrix": [
          [
            0.91861492395401,
            -0.02478795498609543,
            0.39437606930732727,
            0.06800821423530579
          ],
          [
            0.37911152839660645,
            0.33677464723587036,
            -0.8618918061256409,
            -0.018894828855991364
          ],
          [
            -0.11145171523094177,
            0.9412660002708435,
            0.31876492500305176,
            1.600285291671753
          ],
          [
            0.0,
            0.0,
            0.0,
            1.0
          ]
        ]
      },
      "bone_length_armature_space": 0.15509123349610374,
      "parent": "neck_01",
      "has_children": false,
      "is_end_bone": true
    },
    "upperarm_l": {
      "name": "upperarm_l",
      "local": {
        "location": {
          "x": 0.0,
          "y": 0.0,
          "z": 0.0
        },
        "rotation_quaternion": {
          "w": 0.9730938673019409,
          "x": -0.20758259296417236,
          "y": -0.09998743236064911,
          "z": -0.0005361915100365877
        },
        "scale": {
          "x": 1.0,
          "y": 1.0,
          "z": 1.0
        },
        "matrix_basis": [
          [
            0.9800044298171997,
            0.0425548292696476,
            -0.19437170028686523,
            0.0
          ],
          [
            0.040467772632837296,
            0.913818359375,
            0.4041019082069397,
            0.0
          ],
          [
            0.19481691718101501,
            -0.40388748049736023,
            0.8938239812850952,
            0.0
          ],
          [
            0.0,
            0.0,
            0.0,
            1.0
          ]
        ],
        "rotation_mode": "QUATERNION"
      },
      "armature_space": {
        "head": {
          "x": 0.17704783380031586,
          "y": -0.07737626135349274,
          "z": 0.4789222478866577
        },
        "tail": {
          "x": 0.42496466636657715,
          "y": 0.021554522216320038,
          "z": 0.455309122800827
        }
      },
      "world_space": {
        "head": {
          "x": 0.17704783380031586,
          "y": -0.014132261276245117,
          "z": 1.4287762641906738
        },
        "tail": {
          "x": 0.42496466636657715,
          "y": 0.08479852229356766,
          "z": 1.4051631689071655
        },
        "rotation_quaternion": {
          "w": 0.5938525795936584,
          "x": 0.35107943415641785,
          "y": 0.5761361122131348,
          "z": -0.4383486807346344
        },
        "matrix": [
          [
            -0.048164937645196915,
            0.9251683354377747,
            0.37648889422416687,
            0.17704783380031586
          ],
          [
            -0.11609014123678207,
            0.3691868185997009,
            -0.9220761060714722,
            -0.014132261276245117
          ],
          [
            -0.9920772314071655,
            -0.08811871707439423,
            0.08962079882621765,
            1.4287762641906738
          ],
          [
            0.0,
            0.0,
            0.0,
            1.0
          ]
        ]
      },
      "bone_length_armature_space": 0.2679694676615528,
      "parent": "spine_01",
      "has_children": true,
      "is_end_bone": false
    },
    "lowerarm_l": {
      "name": "lowerarm_l",
      "local": {
        "location": {
          "x": 0.0,
          "y": 0.0,
          "z": 0.0
        },
        "rotation_quaternion": {
          "w": 0.9765401482582092,
          "x": 0.19015030562877655,
          "y": 0.06383419036865234,
          "z": 0.07834262400865555
        },
        "scale": {
          "x": 1.0,
          "y": 1.0,
          "z": 1.0
        },
        "matrix_basis": [
          [
            0.9795752763748169,
            -0.12873324751853943,
            0.15446704626083374,
            0.0
          ],
          [
            0.17728561162948608,
            0.915410578250885,
            -0.36137694120407104,
            0.0
          ],
          [
            -0.09487955272197723,
            0.38138067722320557,
            0.9195361137390137,
            0.0
          ],
          [
            0.0,
            0.0,
            0.0,
            1.0
          ]
        ],
        "rotation_mode": "QUATERNION"
      },
      "armature_space": {
        "head": {
          "x": 0.4249647557735443,
          "y": 0.021554522216320038,
          "z": 0.4553092420101166
        },
        "tail": {
          "x": 0.685663104057312,
          "y": -0.0006323270499706268,
          "z": 0.5111080408096313
        }
      },
      "world_space": {
        "head": {
          "x": 0.4249647557735443,
          "y": 0.08479852229356766,
          "z": 1.405163288116455
        },
        "tail": {
          "x": 0.685663104057312,
          "y": 0.0626116693019867,
          "z": 1.4609620571136475
        },
        "rotation_quaternion": {
          "w": 0.5445544719696045,
          "x": 0.5515346527099609,
          "y": 0.4024834632873535,
          "z": -0.48711079359054565
        },
        "matrix": [
          [
            0.2014600932598114,
            0.9744839668273926,
            -0.09896793961524963,
            0.4249647557735443
          ],
          [
            -0.08655146509408951,
            -0.08293390274047852,
            -0.9927895069122314,
            0.08479852229356766
          ],
          [
            -0.9756721258163452,
            0.20857462286949158,
            0.06763473153114319,
            1.405163288116455
          ],
          [
            0.0,
            0.0,
            0.0,
            1.0
          ]
        ]
      },
      "bone_length_armature_space": 0.2675245636695182,
      "parent": "upperarm_l",
      "has_children": true,
      "is_end_bone": false
    },
    "metacarpal_thumb_l": {
      "name": "metacarpal_thumb_l",
      "local": {
        "location": {
          "x": 0.0,
          "y": 0.0,
          "z": 0.0
        },
        "rotation_quaternion": {
          "w": 0.9995646476745605,
          "x": -0.026077134534716606,
          "y": 0.008384153246879578,
          "z": 0.010967601090669632
        },
        "scale": {
          "x": 1.0,
          "y": 1.0,
          "z": 1.0
        },
        "matrix_basis": [
          [
            0.9996188282966614,
            -0.02236292138695717,
            0.016188999637961388,
            0.0
          ],
          [
            0.021488383412361145,
            0.9983993768692017,
            0.052315469831228256,
            0.0
          ],
          [
            -0.01733301393687725,
            -0.05194765701889992,
            0.9984993934631348,
            0.0
          ],
          [
            0.0,
            0.0,
            0.0,
            1.0
          ]
        ],
        "rotation_mode": "QUATERNION"
      },
      "armature_space": {
        "head": {
          "x": 0.685663104057312,
          "y": -0.0006323270499706268,
          "z": 0.5111080408096313
        },
        "tail": {
          "x": 0.7217934727668762,
          "y": -0.03429609164595604,
          "z": 0.5149723887443542
        }
      },
      "world_space": {
        "head": {
          "x": 0.685663104057312,
          "y": 0.0626116693019867,
          "z": 1.4609620571136475
        },
        "tail": {
          "x": 0.7217934727668762,
          "y": 0.02894790843129158,
          "z": 1.4648263454437256
        },
        "rotation_quaternion": {
          "w": 0.03223428130149841,
          "x": 0.9161018133163452,
          "y": 0.39894115924835205,
          "z": 0.023756928741931915
        },
        "matrix": [
          [
            0.6805630326271057,
            0.7294097542762756,
            0.06924662739038467,
            0.685663104057312
          ],
          [
            0.7324730753898621,
            -0.6796137690544128,
            -0.04010477662086487,
            0.0626116693019867
          ],
          [
            0.017808912321925163,
            0.0780150294303894,
            -0.9968000650405884,
            1.4609620571136475
          ],
          [
            0.0,
            0.0,
            0.0,
            1.0
          ]
        ]
      },
      "bone_length_armature_space": 0.04953368295805691,
      "parent": "lowerarm_l",
      "has_children": true,
      "is_end_bone": false
    },
    "thumb_01_l": {
      "name": "thumb_01_l",
      "local": {
        "location": {
          "x": 0.0,
          "y": 0.0,
          "z": 0.0
        },
        "rotation_quaternion": {
          "w": 0.9873026013374329,
          "x": 0.15865831077098846,
          "y": -0.007671079598367214,
          "z": -0.0014968826435506344
        },
        "scale": {
          "x": 1.0,
          "y": 1.0,
          "z": 1.0
        },
        "matrix_basis": [
          [
            0.9998778104782104,
            0.0005215911660343409,
            -0.015622339211404324,
            0.0
          ],
          [
            -0.005389913450926542,
            0.9496505856513977,
            -0.31326454877853394,
            0.0
          ],
          [
            0.014672367833554745,
            0.31331050395965576,
            0.9495373964309692,
            0.0
          ],
          [
            0.0,
            0.0,
            0.0,
            1.0
          ]
        ],
        "rotation_mode": "QUATERNION"
      },
      "armature_space": {
        "head": {
          "x": 0.7217934727668762,
          "y": -0.03429609164595604,
          "z": 0.5149723887443542
        },
        "tail": {
          "x": 0.744282603263855,
          "y": -0.045523300766944885,
          "z": 0.4920198321342468
        }
      },
      "world_space": {
        "head": {
          "x": 0.7217934727668762,
          "y": 0.02894790843129158,
          "z": 1.4648263454437256
        },
        "tail": {
          "x": 0.744282603263855,
          "y": 0.017720699310302734,
          "z": 1.4418737888336182
        },
        "rotation_quaternion": {
          "w": 0.5742306709289551,
          "x": -0.6498286724090576,
          "y": -0.07308066636323929,
          "z": -0.49258625507354736
        },
        "matrix": [
          [
            0.5040326714515686,
            0.660696268081665,
            0.5562654733657837,
            0.7217934727668762
          ],
          [
            -0.47073957324028015,
            -0.329837828874588,
            0.8182978630065918,
            0.02894790843129158
          ],
          [
            0.724128246307373,
            -0.6743101477622986,
            0.1447685956954956,
            1.4648263454437256
          ],
          [
            0.0,
            0.0,
            0.0,
            1.0
          ]
        ]
      },
      "bone_length_armature_space": 0.03403867024474374,
      "parent": "metacarpal_thumb_l",
      "has_children": true,
      "is_end_bone": false
    },
    "thumb_02_l": {
      "name": "thumb_02_l",
      "local": {
        "location": {
          "x": 0.0,
          "y": 0.0,
          "z": 0.0
        },
        "rotation_quaternion": {
          "w": 0.933777928352356,
          "x": 0.3577553629875183,
          "y": -7.29978273739107e-05,
          "z": -0.00836928654462099
        },
        "scale": {
          "x": 1.0,
          "y": 1.0,
          "z": 1.0
        },
        "matrix_basis": [
          [
            0.9998599290847778,
            0.01557787973433733,
            -0.0061246417462825775,
            0.0
          ],
          [
            -0.015682341530919075,
            0.7438821196556091,
            -0.6681268811225891,
            0.0
          ],
          [
            -0.005851986818015575,
            0.6681293249130249,
            0.7440221905708313,
            0.0
          ],
          [
            0.0,
            0.0,
            0.0,
            1.0
          ]
        ],
        "rotation_mode": "QUATERNION"
      },
      "armature_space": {
        "head": {
          "x": 0.744282603263855,
          "y": -0.04552331566810608,
          "z": 0.49201980233192444
        },
        "tail": {
          "x": 0.7679778933525085,
          "y": -0.03160819783806801,
          "z": 0.5213130116462708
        }
      },
      "world_space": {
        "head": {
          "x": 0.744282603263855,
          "y": 0.01772068440914154,
          "z": 1.4418737888336182
        },
        "tail": {
          "x": 0.7679778933525085,
          "y": 0.03163580223917961,
          "z": 1.4711670875549316
        },
        "rotation_quaternion": {
          "w": 0.6585501432418823,
          "x": 0.14226867258548737,
          "y": -0.4894278943538666,
          "z": -0.5536530017852783
        },
        "matrix": [
          [
            -0.09214500337839127,
            0.589958131313324,
            -0.8021586537361145,
            0.744282603263855
          ],
          [
            -0.868476927280426,
            0.3464539647102356,
            0.3545670509338379,
            0.01772068440914154
          ],
          [
            0.4870932996273041,
            0.7293331027030945,
            0.4804447293281555,
            1.4418737888336182
          ],
          [
            0.0,
            0.0,
            0.0,
            1.0
          ]
        ]
      },
      "bone_length_armature_space": 0.0401645290466358,
      "parent": "thumb_01_l",
      "has_children": true,
      "is_end_bone": false
    },
    "thumb_03_l": {
      "name": "thumb_03_l",
      "local": {
        "location": {
          "x": 0.0,
          "y": 0.0,
          "z": 0.0
        },
        "rotation_quaternion": {
          "w": 0.9835110306739807,
          "x": 0.18077656626701355,
          "y": 0.002576828468590975,
          "z": 0.004403641913086176
        },
        "scale": {
          "x": 1.0,
          "y": 1.0,
          "z": 1.0
        },
        "matrix_basis": [
          [
            0.9999479651451111,
            -0.007730400189757347,
            0.006660828832536936,
            0.0
          ],
          [
            0.009593721479177475,
            0.9346008896827698,
            -0.3555687963962555,
            0.0
          ],
          [
            -0.0034765279851853848,
            0.35561418533325195,
            0.9346264004707336,
            0.0
          ],
          [
            0.0,
            0.0,
            0.0,
            1.0
          ]
        ],
        "rotation_mode": "QUATERNION"
      },
      "armature_space": {
        "head": {
          "x": 0.7679779529571533,
          "y": -0.03160828351974487,
          "z": 0.5213130116462708
        },
        "tail": {
          "x": 0.7686290144920349,
          "y": -0.016231117770075798,
          "z": 0.5475812554359436
        }
      },
      "world_space": {
        "head": {
          "x": 0.7679779529571533,
          "y": 0.03163571655750275,
          "z": 1.4711670875549316
        },
        "tail": {
          "x": 0.7686290144920349,
          "y": 0.04701288044452667,
          "z": 1.4974353313446045
        },
        "rotation_quaternion": {
          "w": 0.7128738760948181,
          "x": 0.40164095163345337,
          "y": -0.4943191409111023,
          "z": -0.2935027480125427
        },
        "matrix": [
          [
            0.3390101492404938,
            0.021385282278060913,
            -0.9405395984649658,
            0.7679779529571533
          ],
          [
            -0.8155384659767151,
            0.5050820708274841,
            -0.2824704647064209,
            0.03163571655750275
          ],
          [
            0.4690113365650177,
            0.862812876701355,
            0.1886696219444275,
            1.4711670875549316
          ],
          [
            0.0,
            0.0,
            0.0,
            1.0
          ]
        ]
      },
      "bone_length_armature_space": 0.030445060851522265,
      "parent": "thumb_02_l",
      "has_children": false,
      "is_end_bone": true
    },
    "metacarpal_index_l": {
      "name": "metacarpal_index_l",
      "local": {
        "location": {
          "x": 0.0,
          "y": 0.0,
          "z": 0.0
        },
        "rotation_quaternion": {
          "w": 0.9999617338180542,
          "x": -0.005586409475654364,
          "y": -0.0062638684175908566,
          "z": 0.00250498135574162
        },
        "scale": {
          "x": 1.0,
          "y": 1.0,
          "z": 1.0
        },
        "matrix_basis": [
          [
            0.999908983707428,
            -0.004939786158502102,
            -0.01255524531006813,
            0.0
          ],
          [
            0.005079756025224924,
            0.9999250173568726,
            0.011141009628772736,
            0.0
          ],
          [
            0.012499270029366016,
            -0.011203773319721222,
            0.999859094619751,
            0.0
          ],
          [
            0.0,
            0.0,
            0.0,
            1.0
          ]
        ],
        "rotation_mode": "QUATERNION"
      },
      "armature_space": {
        "head": {
          "x": 0.685663104057312,
          "y": -0.0006323270499706268,
          "z": 0.5111080408096313
        },
        "tail": {
          "x": 0.7917899489402771,
          "y": -0.04551011696457863,
          "z": 0.5323752760887146
        }
      },
      "world_space": {
        "head": {
          "x": 0.685663104057312,
          "y": 0.0626116693019867,
          "z": 1.4609620571136475
        },
        "tail": {
          "x": 0.7917899489402771,
          "y": 0.01773388311266899,
          "z": 1.482229232788086
        },
        "rotation_quaternion": {
          "w": 0.2447230964899063,
          "x": 0.8039383292198181,
          "y": 0.49860355257987976,
          "z": -0.21257559955120087
        },
        "matrix": [
          [
            0.412411630153656,
            0.9057375192642212,
            -0.09775377064943314,
            0.685663104057312
          ],
          [
            0.6976491212844849,
            -0.3830086588859558,
            -0.6054670214653015,
            0.0626116693019867
          ],
          [
            -0.585838258266449,
            0.18150463700294495,
            -0.7898504137992859,
            1.4609620571136475
          ],
          [
            0.0,
            0.0,
            0.0,
            1.0
          ]
        ]
      },
      "bone_length_armature_space": 0.11717174990432136,
      "parent": "lowerarm_l",
      "has_children": true,
      "is_end_bone": false
    },
    "index_01_l": {
      "name": "index_01_l",
      "local": {
        "location": {
          "x": 0.0,
          "y": 0.0,
          "z": 0.0
        },
        "rotation_quaternion": {
          "w": 0.9694133996963501,
          "x": 0.2448868602514267,
          "y": -0.015040038153529167,
          "z": -0.006481482647359371
        },
        "scale": {
          "x": 1.0,
          "y": 1.0,
          "z": 1.0
        },
        "matrix_basis": [
          [
            0.9994635581970215,
            0.00520025659352541,
            -0.03233448788523674,
            0.0
          ],
          [
            -0.019932687282562256,
            0.8799768090248108,
            -0.4745982587337494,
            0.0
          ],
          [
            0.02598556876182556,
            0.4749881625175476,
            0.8796084523200989,
            0.0
          ],
          [
            0.0,
            0.0,
            0.0,
            1.0
          ]
        ],
        "rotation_mode": "QUATERNION"
      },
      "armature_space": {
        "head": {
          "x": 0.7917899489402771,
          "y": -0.04551011696457863,
          "z": 0.5323752760887146
        },
        "tail": {
          "x": 0.8172990679740906,
          "y": -0.0545043870806694,
          "z": 0.5233498811721802
        }
      },
      "world_space": {
        "head": {
          "x": 0.7917899489402771,
          "y": 0.01773388311266899,
          "z": 1.482229232788086
        },
        "tail": {
          "x": 0.8172990679740906,
          "y": 0.008739612996578217,
          "z": 1.4732038974761963
        },
        "rotation_quaternion": {
          "w": 0.07847839593887329,
          "x": 0.7213582396507263,
          "y": 0.5797630548477173,
          "z": -0.3706187903881073
        },
        "matrix": [
          [
            0.053031209856271744,
            0.8946060538291931,
            -0.44369733333587646,
            0.7917899489402771
          ],
          [
            0.7782617807388306,
            -0.3154294788837433,
            -0.5429669618606567,
            0.01773388311266899
          ],
          [
            -0.6257004141807556,
            -0.3165211081504822,
            -0.7129708528518677,
            1.482229232788086
          ],
          [
            0.0,
            0.0,
            0.0,
            1.0
          ]
        ]
      },
      "bone_length_armature_space": 0.028514378648825847,
      "parent": "metacarpal_index_l",
      "has_children": true,
      "is_end_bone": false
    },
    "index_02_l": {
      "name": "index_02_l",
      "local": {
        "location": {
          "x": 0.0,
          "y": 0.0,
          "z": 0.0
        },
        "rotation_quaternion": {
          "w": 0.9146035313606262,
          "x": 0.4043457508087158,
          "y": -0.0015368713065981865,
          "z": 0.001652801875025034
        },
        "scale": {
          "x": 1.0,
          "y": 1.0,
          "z": 1.0
        },
        "matrix_basis": [
          [
            0.9999898076057434,
            -0.004266171716153622,
            -0.0014746490633115172,
            0.0
          ],
          [
            0.0017804621020331979,
            0.6730035543441772,
            -0.7396371960639954,
            0.0
          ],
          [
            0.004147862549871206,
            0.7396270036697388,
            0.6730043292045593,
            0.0
          ],
          [
            0.0,
            0.0,
            0.0,
            1.0
          ]
        ],
        "rotation_mode": "QUATERNION"
      },
      "armature_space": {
        "head": {
          "x": 0.8172993063926697,
          "y": -0.054504863917827606,
          "z": 0.5233496427536011
        },
        "tail": {
          "x": 0.8251805901527405,
          "y": -0.07073499262332916,
          "z": 0.5051133036613464
        }
      },
      "world_space": {
        "head": {
          "x": 0.8172993063926697,
          "y": 0.008739136159420013,
          "z": 1.4732036590576172
        },
        "tail": {
          "x": 0.8251805901527405,
          "y": -0.007490992546081543,
          "z": 1.4549672603607178
        },
        "rotation_quaternion": {
          "w": 0.18518540263175964,
          "x": -0.681624174118042,
          "y": -0.38648349046707153,
          "z": 0.5930644869804382
        },
        "matrix": [
          [
            -0.0021898620761930943,
            0.3072223663330078,
            -0.9516350626945496,
            0.8172993063926697
          ],
          [
            0.7465270757675171,
            -0.6326728463172913,
            -0.20596781373023987,
            0.008739136159420013
          ],
          [
            -0.6653555035591125,
            -0.7108781337738037,
            -0.22796617448329926,
            1.4732036590576172
          ],
          [
            0.0,
            0.0,
            0.0,
            1.0
          ]
        ]
      },
      "bone_length_armature_space": 0.025653377372812276,
      "parent": "index_01_l",
      "has_children": true,
      "is_end_bone": false
    },
    "index_03_l": {
      "name": "index_03_l",
      "local": {
        "location": {
          "x": 0.0,
          "y": 0.0,
          "z": 0.0
        },
        "rotation_quaternion": {
          "w": 0.9647960662841797,
          "x": 0.26290589570999146,
          "y": 0.006779476068913937,
          "z": 0.0018125507049262524
        },
        "scale": {
          "x": 1.0,
          "y": 1.0,
          "z": 1.0
        },
        "matrix_basis": [
          [
            0.999901533126831,
            6.724487320752814e-05,
            0.01403468381613493,
            0.0
          ],
          [
            0.007062212098389864,
            0.8617544174194336,
            -0.5072765946388245,
            0.0
          ],
          [
            -0.012128563597798347,
            0.5073257088661194,
            0.8616690635681152,
            0.0
          ],
          [
            0.0,
            0.0,
            0.0,
            1.0
          ]
        ],
        "rotation_mode": "QUATERNION"
      },
      "armature_space": {
        "head": {
          "x": 0.8251806497573853,
          "y": -0.07073497027158737,
          "z": 0.5051133632659912
        },
        "tail": {
          "x": 0.8162960410118103,
          "y": -0.08669272810220718,
          "z": 0.48230648040771484
        }
      },
      "world_space": {
        "head": {
          "x": 0.8251806497573853,
          "y": -0.007490970194339752,
          "z": 1.4549673795700073
        },
        "tail": {
          "x": 0.8162960410118103,
          "y": -0.023448728024959564,
          "z": 1.432160496711731
        },
        "rotation_quaternion": {
          "w": 0.42578211426734924,
          "x": -0.589157223701477,
          "y": -0.21362259984016418,
          "z": 0.6526629328727722
        },
        "matrix": [
          [
            0.056793294847011566,
            -0.30407288670539856,
            -0.9509541988372803,
            0.8251806497573853
          ],
          [
            0.8074992299079895,
            -0.5461490750312805,
            0.22285982966423035,
            -0.007490970194339752
          ],
          [
            -0.5871317386627197,
            -0.7805578708648682,
            0.2145228385925293,
            1.4549673795700073
          ],
          [
            0.0,
            0.0,
            0.0,
            1.0
          ]
        ]
      },
      "bone_length_armature_space": 0.029218833388014172,
      "parent": "index_02_l",
      "has_children": false,
      "is_end_bone": true
    },
    "metacarpal_pinky_l": {
      "name": "metacarpal_pinky_l",
      "local": {
        "location": {
          "x": 0.0,
          "y": 0.0,
          "z": 0.0
        },
        "rotation_quaternion": {
          "w": 0.9997671246528625,
          "x": -0.012334438040852547,
          "y": 0.0120510533452034,
          "z": 0.012973669916391373
        },
        "scale": {
          "x": 1.0,
          "y": 1.0,
          "z": 1.0
        },
        "matrix_basis": [
          [
            0.9993728995323181,
            -0.026238583028316498,
            0.023776447400450706,
            0.0
          ],
          [
            0.025644011795520782,
            0.9993590712547302,
            0.024975823238492012,
            0.0
          ],
          [
            -0.024416539818048477,
            -0.02435043826699257,
            0.9994052648544312,
            0.0
          ],
          [
            0.0,
            0.0,
            0.0,
            1.0
          ]
        ],
        "rotation_mode": "QUATERNION"
      },
      "armature_space": {
        "head": {
          "x": 0.685663104057312,
          "y": -0.0006323270499706268,
          "z": 0.5111080408096313
        },
        "tail": {
          "x": 0.7851880192756653,
          "y": 0.025538746267557144,
          "z": 0.5270164608955383
        }
      },
      "world_space": {
        "head": {
          "x": 0.685663104057312,
          "y": 0.0626116693019867,
          "z": 1.4609620571136475
        },
        "tail": {
          "x": 0.7851880192756653,
          "y": 0.08878274261951447,
          "z": 1.4768705368041992
        },
        "rotation_quaternion": {
          "w": 0.790810763835907,
          "x": 0.10939999669790268,
          "y": 0.016826314851641655,
          "z": -0.6019692420959473
        },
        "matrix": [
          [
            0.27469944953918457,
            0.955768883228302,
            -0.10509926825761795,
            0.685663104057312
          ],
          [
            -0.9484062194824219,
            0.2513289451599121,
            -0.1932862401008606,
            0.0626116693019867
          ],
          [
            -0.15832436084747314,
            0.15277370810508728,
            0.9755037426948547,
            1.4609620571136475
          ],
          [
            0.0,
            0.0,
            0.0,
            1.0
          ]
        ]
      },
      "bone_length_armature_space": 0.10413074342743923,
      "parent": "lowerarm_l",
      "has_children": true,
      "is_end_bone": false
    },
    "pinky_01_l": {
      "name": "pinky_01_l",
      "local": {
        "location": {
          "x": 0.0,
          "y": 0.0,
          "z": 0.0
        },
        "rotation_quaternion": {
          "w": 0.9391568899154663,
          "x": 0.34327274560928345,
          "y": 0.011779840104281902,
          "z": -0.0030707363039255142
        },
        "scale": {
          "x": 1.0,
          "y": 1.0,
          "z": 1.0
        },
        "matrix_basis": [
          [
            0.999703586101532,
            0.013855202123522758,
            0.020018035545945168,
            0.0
          ],
          [
            0.0023195897229015827,
            0.7643088102340698,
            -0.6448462605476379,
            0.0
          ],
          [
            -0.024234436452388763,
            0.6447016000747681,
            0.7640501260757446,
            0.0
          ],
          [
            0.0,
            0.0,
            0.0,
            1.0
          ]
        ],
        "rotation_mode": "QUATERNION"
      },
      "armature_space": {
        "head": {
          "x": 0.7851880192756653,
          "y": 0.025538746267557144,
          "z": 0.5270164608955383
        },
        "tail": {
