{
  "metadata": {
    "armature_name": "KIM_caucasian_male",
    "export_time": "2026-01-13T21:16:29.730561",
    "blender_version": "4.4.1",
    "bone_count": 56,
    "end_bone_count": 13,
    "spaces_included": [
      "LOCAL_CHANNELS",
      "ARMATURE_SPACE",
      "WORLD_SPACE"
    ],
    "note": "LOCAL matches Transform panel; replay pose via local.matrix_basis for best fidelity."
  },
  "bones": {
    "Root": {
      "name": "Root",
      "local": {
        "location": {
          "x": 0.0,
          "y": 0.0,
          "z": 0.0
        },
        "rotation_quaternion": {
          "w": 0.9997984766960144,
          "x": -0.005230717360973358,
          "y": -0.01347263716161251,
          "z": 0.013932320289313793
        },
        "scale": {
          "x": 1.0,
          "y": 1.0,
          "z": 1.0
        },
        "matrix_basis": [
          [
            0.999248743057251,
            -0.027718082070350647,
            -0.027085596695542336,
            0.0
          ],
          [
            0.027999969199299812,
            0.9995570778846741,
            0.01008391659706831,
            0.0
          ],
          [
            0.02679409272968769,
            -0.010834736749529839,
            0.9995822310447693,
            0.0
          ],
          [
            0.0,
            0.0,
            0.0,
            1.0
          ]
        ],
        "rotation_mode": "QUATERNION"
      },
      "armature_space": {
        "head": {
          "x": 0.0,
          "y": 0.07072800397872925,
          "z": -0.009595036506652832
        },
        "tail": {
          "x": -0.0019784022588282824,
          "y": 0.00013528764247894287,
          "z": 0.0007620742544531822
        }
      },
      "world_space": {
        "head": {
          "x": 0.0,
          "y": 0.13397200405597687,
          "z": 0.9402589797973633
        },
        "tail": {
          "x": -0.0019784022588282824,
          "y": 0.06337928771972656,
          "z": 0.9506160616874695
        },
        "rotation_quaternion": {
          "w": 0.07257291674613953,
          "x": 0.9971747994422913,
          "y": -0.014808292500674725,
          "z": -0.01250343956053257
        },
        "matrix": [
          [
            0.999248743057251,
            -0.027718082070350647,
            -0.027085596695542336,
            0.0
          ],
          [
            -0.031347740441560745,
            -0.989027738571167,
            -0.14436592161655426,
            0.13397200405597687
          ],
          [
            -0.022787047550082207,
            0.14510661363601685,
            -0.9891606569290161,
            0.9402589797973633
          ],
          [
            0.0,
            0.0,
            0.0,
            1.0
          ]
        ]
      },
      "bone_length_armature_space": 0.07137587379051993,
      "parent": null,
      "has_children": true,
      "is_end_bone": false
    },
    "spine_01": {
      "name": "spine_01",
      "local": {
        "location": {
          "x": 0.0,
          "y": 0.0,
          "z": 0.0
        },
        "rotation_quaternion": {
          "w": 0.9991543292999268,
          "x": -0.0324624739587307,
          "y": -0.025226499885320663,
          "z": -0.0007135365740396082
        },
        "scale": {
          "x": 1.0,
          "y": 1.0,
          "z": 1.0
        },
        "matrix_basis": [
          [
            0.9987262487411499,
            0.003063695505261421,
            -0.05036400631070137,
            0.0
          ],
          [
            0.00021196287707425654,
            0.997891366481781,
            0.064906045794487,
            0.0
          ],
          [
            0.050456658005714417,
            -0.06483404338359833,
            0.9966196417808533,
            0.0
          ],
          [
            0.0,
            0.0,
            0.0,
            1.0
          ]
        ],
        "rotation_mode": "QUATERNION"
      },
      "armature_space": {
        "head": {
          "x": -0.0019784022588282824,
          "y": 0.00013528764247894287,
          "z": 0.0007620742544531822
        },
        "tail": {
          "x": 0.012415923178195953,
          "y": 0.05932211875915527,
          "z": 0.48495036363601685
        }
      },
      "world_space": {
        "head": {
          "x": -0.0019784022588282824,
          "y": 0.06337928771972656,
          "z": 0.9506160616874695
        },
        "tail": {
          "x": 0.012415923178195953,
          "y": 0.1225661188364029,
          "z": 1.4348044395446777
        },
        "rotation_quaternion": {
          "w": 0.7485010623931885,
          "x": 0.6618006229400635,
          "y": -0.019699836149811745,
          "z": -0.037121664732694626
        },
        "matrix": [
          [
            0.9964677691459656,
            0.02949649468064308,
            -0.0786251574754715,
            -0.0019784022588282824
          ],
          [
            -0.08164612948894501,
            0.12128418684005737,
            -0.989254355430603,
            0.06337928771972656
          ],
          [
            -0.01964375749230385,
            0.9921866059303284,
            0.12326401472091675,
            0.9506160616874695
          ],
          [
            0.0,
            0.0,
            0.0,
            1.0
          ]
        ]
      },
      "bone_length_armature_space": 0.4880046901996227,
      "parent": "Root",
      "has_children": true,
      "is_end_bone": false
    },
    "neck_01": {
      "name": "neck_01",
      "local": {
        "location": {
          "x": 0.0,
          "y": 0.0,
          "z": 0.0
        },
        "rotation_quaternion": {
          "w": 0.9813036918640137,
          "x": -0.14035208523273468,
          "y": 0.06083384528756142,
          "z": -0.11680615693330765
        },
        "scale": {
          "x": 1.0,
          "y": 1.0,
          "z": 1.0
        },
        "matrix_basis": [
          [
            0.9653111100196838,
            0.21216830611228943,
            0.15218092501163483,
            0.0
          ],
          [
            -0.2463209331035614,
            0.9333152174949646,
            0.2612445056438446,
            0.0
          ],
          [
            -0.08660497516393661,
            -0.2896675765514374,
            0.9532010555267334,
            0.0
          ],
          [
            0.0,
            0.0,
            0.0,
            1.0
          ]
        ],
        "rotation_mode": "QUATERNION"
      },
      "armature_space": {
        "head": {
          "x": 0.011848855763673782,
          "y": 0.03389458358287811,
          "z": 0.5618715882301331
        },
        "tail": {
          "x": 0.03581751883029938,
          "y": 0.03539656102657318,
          "z": 0.6615411043167114
        }
      },
      "world_space": {
        "head": {
          "x": 0.011848855763673782,
          "y": 0.09713858366012573,
          "z": 1.511725664138794
        },
        "tail": {
          "x": 0.03581751883029938,
          "y": 0.0986405611038208,
          "z": 1.6113951206207275
        },
        "rotation_quaternion": {
          "w": 0.7040663361549377,
          "x": 0.6994271278381348,
          "y": 0.10777571052312851,
          "z": -0.05896414816379547
        },
        "matrix": [
          [
            0.9698151350021362,
            0.23379193246364594,
            0.06928181648254395,
            0.011848855763673782
          ],
          [
            0.06773468852043152,
            0.0146503746509552,
            -0.9975959062576294,
            0.09713858366012573
          ],
          [
            -0.2342464029788971,
            0.972183108329773,
            -0.0016286373138427734,
            1.511725664138794
          ],
          [
            0.0,
            0.0,
            0.0,
            1.0
          ]
        ]
      },
      "bone_length_armature_space": 0.10252202457026185,
      "parent": "spine_01",
      "has_children": true,
      "is_end_bone": false
    },
    "head": {
      "name": "head",
      "local": {
        "location": {
          "x": 0.0,
          "y": 0.0,
          "z": 0.0
        },
        "rotation_quaternion": {
          "w": 0.9812209606170654,
          "x": 0.05462128669023514,
          "y": 0.005211031064391136,
          "z": -0.18491844832897186
        },
        "scale": {
          "x": 1.0,
          "y": 1.0,
          "z": 1.0
        },
        "matrix_basis": [
          [
            0.9315560460090637,
            0.3634609878063202,
            -0.00997462123632431,
            0.0
          ],
          [
            -0.36232244968414307,
            0.9256433844566345,
            -0.10911833494901657,
            0.0
          ],
          [
            -0.03042731247842312,
            0.10526387393474579,
            0.99397873878479,
            0.0
          ],
          [
            0.0,
            0.0,
            0.0,
            1.0
          ]
        ],
        "rotation_mode": "QUATERNION"
      },
      "armature_space": {
        "head": {
          "x": 0.03581751137971878,
          "y": 0.03539640083909035,
          "z": 0.6615410447120667
        },
        "tail": {
          "x": 0.12051352113485336,
          "y": 0.07769562304019928,
          "z": 0.7843847274780273
        }
      },
      "world_space": {
        "head": {
          "x": 0.03581751137971878,
          "y": 0.09864039719104767,
          "z": 1.6113951206207275
        },
        "tail": {
          "x": 0.12051352113485336,
          "y": 0.1409396231174469,
          "z": 1.7342387437820435
        },
        "rotation_quaternion": {
          "w": 0.7672054171562195,
          "x": 0.5712375044822693,
          "y": 0.21855197846889496,
          "z": -0.19318008422851562
        },
        "matrix": [
          [
            0.8298332095146179,
            0.5461080074310303,
            0.11464329808950424,
            0.03581751137971878
          ],
          [
            -0.04673038795590401,
            0.2727394998073578,
            -0.9609525203704834,
            0.09864039719104767
          ],
          [
            -0.55605548620224,
            0.7920787334442139,
            0.2518489360809326,
            1.6113951206207275
          ],
          [
            0.0,
            0.0,
            0.0,
            1.0
          ]
        ]
      },
      "bone_length_armature_space": 0.15509096968938957,
      "parent": "neck_01",
      "has_children": false,
      "is_end_bone": true
    },
    "upperarm_l": {
      "name": "upperarm_l",
      "local": {
        "location": {
          "x": 0.0,
          "y": 0.0,
          "z": 0.0
        },
        "rotation_quaternion": {
          "w": -0.7637221813201904,
          "x": 0.29433172941207886,
          "y": 0.08356744796037674,
          "z": 0.5684309601783752
        },
        "scale": {
          "x": 1.0,
          "y": 1.0,
          "z": 1.0
        },
        "matrix_basis": [
          [
            0.3398054540157318,
            0.9174397587776184,
            0.20696990191936493,
            0.0
          ],
          [
            -0.819053590297699,
            0.18051014840602875,
            0.5445799827575684,
            0.0
          ],
          [
            0.4622591733932495,
            -0.3545706868171692,
            0.8127706050872803,
            0.0
          ],
          [
            0.0,
            0.0,
            0.0,
            1.0
          ]
        ],
        "rotation_mode": "QUATERNION"
      },
      "armature_space": {
        "head": {
          "x": 0.15908588469028473,
          "y": 0.010341569781303406,
          "z": 0.4926355183124542
        },
        "tail": {
          "x": 0.19884364306926727,
          "y": 0.07909690588712692,
          "z": 0.23670479655265808
        }
      },
      "world_space": {
        "head": {
          "x": 0.15908588469028473,
          "y": 0.07358556985855103,
          "z": 1.442489504814148
        },
        "tail": {
          "x": 0.19884364306926727,
          "y": 0.14234089851379395,
          "z": 1.1865588426589966
        },
        "rotation_quaternion": {
          "w": 0.25090473890304565,
          "x": -0.10192395746707916,
          "y": 0.7518884539604187,
          "z": -0.601100742816925
        },
        "matrix": [
          [
            -0.8533173203468323,
            0.1483667641878128,
            0.49983686208724976,
            0.15908588469028473
          ],
          [
            -0.4549080431461334,
            0.25657904148101807,
            -0.8527755737304688,
            0.07358556985855103
          ],
          [
            -0.25477334856987,
            -0.9550743103027344,
            -0.1514519453048706,
            1.442489504814148
          ],
          [
            0.0,
            0.0,
            0.0,
            1.0
          ]
        ]
      },
      "bone_length_armature_space": 0.2679711000461794,
      "parent": "spine_01",
      "has_children": true,
      "is_end_bone": false
    },
    "lowerarm_l": {
      "name": "lowerarm_l",
      "local": {
        "location": {
          "x": 0.0,
          "y": 0.0,
          "z": 0.0
        },
        "rotation_quaternion": {
          "w": 0.9949724674224854,
          "x": 0.04931715130805969,
          "y": -0.038881465792655945,
          "z": 0.07801279425621033
        },
        "scale": {
          "x": 1.0,
          "y": 1.0,
          "z": 1.0
        },
        "matrix_basis": [
          [
            0.9848044514656067,
            -0.15907621383666992,
            -0.06967724114656448,
            0.0
          ],
          [
            0.15140612423419952,
            0.9829636216163635,
            -0.10420491546392441,
            0.0
          ],
          [
            0.08506671339273453,
            0.09207191318273544,
            0.9921121001243591,
            0.0
          ],
          [
            0.0,
            0.0,
            0.0,
            1.0
          ]
        ],
        "rotation_mode": "QUATERNION"
      },
      "armature_space": {
        "head": {
          "x": 0.1988437920808792,
          "y": 0.07909694314002991,
          "z": 0.2367047369480133
        },
        "tail": {
          "x": 0.3156130313873291,
          "y": 0.13239778578281403,
          "z": 0.0019834935665130615
        }
      },
      "world_space": {
        "head": {
          "x": 0.1988437920808792,
          "y": 0.14234094321727753,
          "z": 1.186558723449707
        },
        "tail": {
          "x": 0.3156130313873291,
          "y": 0.19564178586006165,
          "z": 0.9518375396728516
        },
        "rotation_quaternion": {
          "w": 0.4073508083820343,
          "x": -0.05833456665277481,
          "y": 0.6585469245910645,
          "z": -0.6300622820854187
        },
        "matrix": [
          [
            -0.6613225936889648,
            0.4364805519580841,
            0.6100304126739502,
            0.1988437920808792
          ],
          [
            -0.5901477336883545,
            0.19923725724220276,
            -0.7823236584663391,
            0.14234094321727753
          ],
          [
            -0.463013619184494,
            -0.8773822784423828,
            0.12582804262638092,
            1.186558723449707
          ],
          [
            0.0,
            0.0,
            0.0,
            1.0
          ]
        ]
      },
      "bone_length_armature_space": 0.26752588317261067,
      "parent": "upperarm_l",
      "has_children": true,
      "is_end_bone": false
    },
    "metacarpal_thumb_l": {
      "name": "metacarpal_thumb_l",
      "local": {
        "location": {
          "x": 0.0,
          "y": 0.0,
          "z": 0.0
        },
        "rotation_quaternion": {
          "w": 0.99988853931427,
          "x": -0.0077924542129039764,
          "y": -0.012547221034765244,
          "z": -0.002178239170461893
        },
        "scale": {
          "x": 1.0,
          "y": 1.0,
          "z": 1.0
        },
        "matrix_basis": [
          [
            0.9996756315231323,
            0.0045515401288867,
            -0.025057697668671608,
            0.0
          ],
          [
            -0.004160445649176836,
            0.9998690485954285,
            0.0156378336250782,
            0.0
          ],
          [
            0.025125592947006226,
            -0.015528509393334389,
            0.9995636940002441,
            0.0
          ],
          [
            0.0,
            0.0,
            0.0,
            1.0
          ]
        ],
        "rotation_mode": "QUATERNION"
      },
      "armature_space": {
        "head": {
          "x": 0.3156130313873291,
          "y": 0.13239778578281403,
          "z": 0.0019834935665130615
        },
        "tail": {
          "x": 0.3449602425098419,
          "y": 0.11266132444143295,
          "z": -0.032698120921850204
        }
      },
      "world_space": {
        "head": {
          "x": 0.3156130313873291,
          "y": 0.19564178586006165,
          "z": 0.9518375396728516
        },
        "tail": {
          "x": 0.3449602425098419,
          "y": 0.17590531706809998,
          "z": 0.917155921459198
        },
        "rotation_quaternion": {
          "w": 0.04285340756177902,
          "x": -0.5883749723434448,
          "y": -0.5467534065246582,
          "z": 0.5941711068153381
        },
        "matrix": [
          [
            -0.3039589524269104,
            0.5924699902534485,
            -0.7460482120513916,
            0.3156130313873291
          ],
          [
            0.6943160891532898,
            -0.39844533801078796,
            -0.5993050932884216,
            0.19564178586006165
          ],
          [
            -0.6523337364196777,
            -0.7001624703407288,
            -0.29025304317474365,
            0.9518375396728516
          ],
          [
            0.0,
            0.0,
            0.0,
            1.0
          ]
        ]
      },
      "bone_length_armature_space": 0.04953383826548441,
      "parent": "lowerarm_l",
      "has_children": true,
      "is_end_bone": false
    },
    "thumb_01_l": {
      "name": "thumb_01_l",
      "local": {
        "location": {
          "x": 0.0,
          "y": 0.0,
          "z": 0.0
        },
        "rotation_quaternion": {
          "w": 0.9987331628799438,
          "x": -0.04636360704898834,
          "y": 0.009851658716797829,
          "z": 0.01689932681620121
        },
        "scale": {
          "x": 1.0,
          "y": 1.0,
          "z": 1.0
        },
        "matrix_basis": [
          [
            0.9992347359657288,
            -0.03466935455799103,
            0.018111329525709152,
            0.0
          ],
          [
            0.03284231945872307,
            0.9951296448707581,
            0.09294271469116211,
            0.0
          ],
          [
            -0.021245384588837624,
            -0.09227677434682846,
            0.9955067038536072,
            0.0
          ],
          [
            0.0,
            0.0,
            0.0,
            1.0
          ]
        ],
        "rotation_mode": "QUATERNION"
      },
      "armature_space": {
        "head": {
          "x": 0.3449602425098419,
          "y": 0.11266132444143295,
          "z": -0.032698120921850204
        },
        "tail": {
          "x": 0.34060901403427124,
          "y": 0.08384433388710022,
          "z": -0.05028441548347473
        }
      },
      "world_space": {
        "head": {
          "x": 0.3449602425098419,
          "y": 0.17590531706809998,
          "z": 0.917155921459198
        },
        "tail": {
          "x": 0.34060901403427124,
          "y": 0.14708833396434784,
          "z": 0.8995696306228638
        },
        "rotation_quaternion": {
          "w": 0.2763621211051941,
          "x": -0.9458051919937134,
          "y": 0.018033109605312347,
          "z": 0.1695621907711029
        },
        "matrix": [
          [
            0.9418468475341797,
            -0.12783266603946686,
            -0.31077784299850464,
            0.3449602425098419
          ],
          [
            0.05960918217897415,
            -0.8465979695320129,
            0.5288845300674438,
            0.17590531706809998
          ],
          [
            -0.33071470260620117,
            -0.5166577100753784,
            -0.7897508144378662,
            0.917155921459198
          ],
          [
            0.0,
            0.0,
            0.0,
            1.0
          ]
        ]
      },
      "bone_length_armature_space": 0.034038653117569075,
      "parent": "metacarpal_thumb_l",
      "has_children": true,
      "is_end_bone": false
    },
    "thumb_02_l": {
      "name": "thumb_02_l",
      "local": {
        "location": {
          "x": 0.0,
          "y": 0.0,
          "z": 0.0
        },
        "rotation_quaternion": {
          "w": 0.995717465877533,
          "x": 0.09151909500360489,
          "y": -0.012035593390464783,
          "z": -0.00511011341586709
        },
        "scale": {
          "x": 1.0,
          "y": 1.0,
          "z": 1.0
        },
        "matrix_basis": [
          [
            0.9996580481529236,
            0.007973484694957733,
            -0.024903446435928345,
            0.0
          ],
          [
            -0.012379431165754795,
            0.9831962585449219,
            -0.1821313202381134,
            0.0
          ],
          [
            0.02303275465965271,
            0.18237732350826263,
            0.9829587936401367,
            0.0
          ],
          [
            0.0,
            0.0,
            0.0,
            1.0
          ]
        ],
        "rotation_mode": "QUATERNION"
      },
      "armature_space": {
        "head": {
          "x": 0.34060895442962646,
          "y": 0.08384431898593903,
          "z": -0.050284355878829956
        },
        "tail": {
          "x": 0.3562334477901459,
          "y": 0.08858427405357361,
          "z": -0.08698047697544098
        }
      },
      "world_space": {
        "head": {
          "x": 0.34060895442962646,
          "y": 0.14708831906318665,
          "z": 0.8995696306228638
        },
        "tail": {
          "x": 0.3562334477901459,
          "y": 0.15182827413082123,
          "z": 0.8628735542297363
        },
        "rotation_quaternion": {
          "w": 0.7442447543144226,
          "x": -0.633062481880188,
          "y": -0.07146190851926804,
          "z": -0.20056134462356567
        },
        "matrix": [
          [
            0.9093360900878906,
            0.38901329040527344,
            0.1475675106048584,
            0.34060895442962646
          ],
          [
            -0.20805606245994568,
            0.11801380664110184,
            0.970971405506134,
            0.14708831906318665
          ],
          [
            0.36030834913253784,
            -0.9136478900909424,
            0.18825282156467438,
            0.8995696306228638
          ],
          [
            0.0,
            0.0,
            0.0,
            1.0
          ]
        ]
      },
      "bone_length_armature_space": 0.040164626416692654,
      "parent": "thumb_01_l",
      "has_children": true,
      "is_end_bone": false
    },
    "thumb_03_l": {
      "name": "thumb_03_l",
      "local": {
        "location": {
          "x": 0.0,
          "y": 0.0,
          "z": 0.0
        },
        "rotation_quaternion": {
          "w": 0.9978028535842896,
          "x": 0.06581301987171173,
          "y": -0.001993761630728841,
          "z": 0.007358303293585777
        },
        "scale": {
          "x": 1.0,
          "y": 1.0,
          "z": 1.0
        },
        "matrix_basis": [
          [
            0.999883770942688,
            -0.014946702867746353,
            -0.003010217798873782,
            0.0
          ],
          [
            0.014421841129660606,
            0.9912289977073669,
            -0.13136617839336395,
            0.0
          ],
          [
            0.004947306588292122,
            0.13130749762058258,
            0.9913293719291687,
            0.0
          ],
          [
            0.0,
            0.0,
            0.0,
            1.0
          ]
        ],
        "rotation_mode": "QUATERNION"
      },
      "armature_space": {
        "head": {
          "x": 0.35623347759246826,
          "y": 0.08858419954776764,
          "z": -0.0869804322719574
        },
        "tail": {
          "x": 0.36539992690086365,
          "y": 0.10421844571828842,
          "z": -0.11144356429576874
        }
      },
      "world_space": {
        "head": {
          "x": 0.35623347759246826,
          "y": 0.15182819962501526,
          "z": 0.8628735542297363
        },
        "tail": {
          "x": 0.36539992690086365,
          "y": 0.16746243834495544,
          "z": 0.8384104371070862
        },
        "rotation_quaternion": {
          "w": 0.8642497658729553,
          "x": -0.4390929341316223,
          "y": 0.09917572885751724,
          "z": -0.22457531094551086
        },
        "matrix": [
          [
            0.8794596195220947,
            0.3010837435722351,
            0.3686448335647583,
            0.35623347759246826
          ],
          [
            -0.47527390718460083,
            0.513526201248169,
            0.7144267559051514,
            0.15182819962501526
          ],
          [
            0.02579350210726261,
            -0.803521990776062,
            0.594727635383606,
            0.8628735542297363
          ],
          [
            0.0,
            0.0,
            0.0,
            1.0
          ]
        ]
      },
      "bone_length_armature_space": 0.030445004238282215,
      "parent": "thumb_02_l",
      "has_children": false,
      "is_end_bone": true
    },
    "metacarpal_index_l": {
      "name": "metacarpal_index_l",
      "local": {
        "location": {
          "x": 0.0,
          "y": 0.0,
          "z": 0.0
        },
        "rotation_quaternion": {
          "w": 0.9995405673980713,
          "x": -0.030202897265553474,
          "y": -0.001904560485854745,
          "z": 0.0016959921922534704
        },
        "scale": {
          "x": 1.0,
          "y": 1.0,
          "z": 1.0
        },
        "matrix_basis": [
          [
            0.999987006187439,
            -0.0032753795385360718,
            -0.0039098188281059265,
            0.0
          ],
          [
            0.003505472559481859,
            0.9981698393821716,
            0.060371581465005875,
            0.0
          ],
          [
            0.003704923205077648,
            -0.06038450077176094,
            0.9981682896614075,
            0.0
          ],
          [
            0.0,
            0.0,
            0.0,
            1.0
          ]
        ],
        "rotation_mode": "QUATERNION"
      },
      "armature_space": {
        "head": {
          "x": 0.3156130313873291,
          "y": 0.13239778578281403,
          "z": 0.0019834935665130615
        },
        "tail": {
          "x": 0.38443344831466675,
          "y": 0.1297347992658615,
          "z": -0.09281101822853088
        }
      },
      "world_space": {
        "head": {
          "x": 0.3156130313873291,
          "y": 0.19564178586006165,
          "z": 0.9518375396728516
        },
        "tail": {
          "x": 0.38443344831466675,
          "y": 0.19297879934310913,
          "z": 0.8570430278778076
        },
        "rotation_quaternion": {
          "w": 0.11002550274133682,
          "x": 0.3237987160682678,
          "y": 0.6903123259544373,
          "z": -0.6375874876976013
        },
        "matrix": [
          [
            -0.7660963535308838,
            0.587346613407135,
            -0.2609986960887909,
            0.3156130313873291
          ],
          [
            0.3067457675933838,
            -0.022727161645889282,
            -0.9515201449394226,
            0.19564178586006165
          ],
          [
            -0.564807653427124,
            -0.8090220093727112,
            -0.16275694966316223,
            0.9518375396728516
          ],
          [
            0.0,
            0.0,
            0.0,
            1.0
          ]
        ]
      },
      "bone_length_armature_space": 0.11717226778619201,
      "parent": "lowerarm_l",
      "has_children": true,
      "is_end_bone": false
    },
    "index_01_l": {
      "name": "index_01_l",
      "local": {
        "location": {
          "x": 0.0,
          "y": 0.0,
          "z": 0.0
        },
        "rotation_quaternion": {
          "w": 0.9949568510055542,
          "x": -0.09999306499958038,
          "y": -0.007242260500788689,
          "z": 0.0031227837316691875
        },
        "scale": {
          "x": 1.0,
          "y": 1.0,
          "z": 1.0
        },
        "matrix_basis": [
          [
            0.9998756051063538,
            -0.004765718709677458,
            -0.01503598690032959,
            0.0
          ],
          [
            0.007662421558052301,
            0.9799832701683044,
            0.19893233478069305,
            0.0
          ],
          [
            0.013786960393190384,
            -0.1990227997303009,
            0.9798978567123413,
            0.0
          ],
          [
            0.0,
            0.0,
            0.0,
            1.0
          ]
        ],
        "rotation_mode": "QUATERNION"
      },
      "armature_space": {
        "head": {
          "x": 0.38443344831466675,
          "y": 0.1297347992658615,
          "z": -0.09281101822853088
        },
        "tail": {
          "x": 0.3947286605834961,
          "y": 0.1408606469631195,
          "z": -0.11696264892816544
        }
      },
      "world_space": {
        "head": {
          "x": 0.38443344831466675,
          "y": 0.19297879934310913,
          "z": 0.8570430278778076
        },
        "tail": {
          "x": 0.3947286605834961,
          "y": 0.20410464704036713,
          "z": 0.8328913450241089
        },
        "rotation_quaternion": {
          "w": 0.032346807420253754,
          "x": 0.19665980339050293,
          "y": 0.8330942988395691,
          "z": -0.5159773826599121
        },
        "matrix": [
          [
            -0.9205568432807922,
            0.3610529899597168,
            -0.14904969930648804,
            0.38443344831466675
          ],
          [
            0.2942933142185211,
            0.3901839256286621,
            -0.8724380135536194,
            0.19297879934310913
          ],
          [
            -0.256841242313385,
            -0.8469986915588379,
            -0.46544602513313293,
            0.8570430278778076
          ],
          [
            0.0,
            0.0,
            0.0,
            1.0
          ]
        ]
      },
      "bone_length_armature_space": 0.028514507125635767,
      "parent": "metacarpal_index_l",
      "has_children": true,
      "is_end_bone": false
    },
    "index_02_l": {
      "name": "index_02_l",
      "local": {
        "location": {
          "x": 0.0,
          "y": 0.0,
          "z": 0.0
        },
        "rotation_quaternion": {
          "w": 0.9994342923164368,
          "x": 0.03134334832429886,
          "y": -0.008684883825480938,
          "z": 0.008564931340515614
        },
        "scale": {
          "x": 1.0,
          "y": 1.0,
          "z": 1.0
        },
        "matrix_basis": [
          [
            0.9997024536132812,
            -0.017664598301053047,
            -0.01682303473353386,
            0.0
          ],
          [
            0.01657574623823166,
            0.997888445854187,
            -0.06280000507831573,
            0.0
          ],
          [
            0.017896847799420357,
            0.06250246614217758,
            0.9978843331336975,
            0.0
          ],
          [
            0.0,
            0.0,
            0.0,
            1.0
          ]
        ],
        "rotation_mode": "QUATERNION"
      },
      "armature_space": {
        "head": {
          "x": 0.3947289288043976,
          "y": 0.1408604383468628,
          "z": -0.11696306616067886
        },
        "tail": {
          "x": 0.40366438031196594,
          "y": 0.1503395438194275,
          "z": -0.13906285166740417
        }
      },
      "world_space": {
        "head": {
          "x": 0.3947289288043976,
          "y": 0.2041044384241104,
          "z": 0.8328909277915955
        },
        "tail": {
          "x": 0.40366438031196594,
          "y": 0.2135835438966751,
          "z": 0.8107911348342896
        },
        "rotation_quaternion": {
          "w": 0.06177451089024544,
          "x": 0.171017587184906,
          "y": 0.8251900672912598,
          "z": -0.5347881317138672
        },
        "matrix": [
          [
            -0.9338735938072205,
            0.34831684827804565,
            -0.08096645772457123,
            0.3947289288043976
          ],
          [
            0.21617300808429718,
            0.36950886249542236,
            -0.9037325978279114,
            0.2041044384241104
          ],
          [
            -0.28486934304237366,
            -0.8614803552627563,
            -0.4203750491142273,
            0.8328909277915955
          ],
          [
            0.0,
            0.0,
            0.0,
            1.0
          ]
        ]
      },
      "bone_length_armature_space": 0.02565338673245931,
      "parent": "index_01_l",
      "has_children": true,
      "is_end_bone": false
    },
    "index_03_l": {
      "name": "index_03_l",
      "local": {
        "location": {
          "x": 0.0,
          "y": 0.0,
          "z": 0.0
        },
        "rotation_quaternion": {
          "w": 0.9977896809577942,
          "x": 0.06622305512428284,
          "y": -0.005349318031221628,
          "z": 0.0013074905145913363
        },
        "scale": {
          "x": 1.0,
          "y": 1.0,
          "z": 1.0
        },
        "matrix_basis": [
          [
            0.9999393224716187,
            -0.003317697439342737,
            -0.010501816868782043,
            0.0
          ],
          [
            0.001900704693980515,
            0.9912256002426147,
            -0.13216735422611237,
            0.0
          ],
          [
            0.010848160833120346,
            0.13213936984539032,
            0.9911717772483826,
            0.0
          ],
          [
            0.0,
            0.0,
            0.0,
            1.0
          ]
        ],
        "rotation_mode": "QUATERNION"
      },
      "armature_space": {
        "head": {
          "x": 0.40366441011428833,
          "y": 0.15033967792987823,
          "z": -0.1390627771615982
        },
        "tail": {
          "x": 0.4104238748550415,
          "y": 0.15565018355846405,
          "z": -0.1669885814189911
        }
      },
      "world_space": {
        "head": {
          "x": 0.40366441011428833,
          "y": 0.21358367800712585,
          "z": 0.8107912540435791
        },
        "tail": {
          "x": 0.4104238748550415,
          "y": 0.21889418363571167,
          "z": 0.7828654050827026
        },
        "rotation_quaternion": {
          "w": 0.004354396834969521,
          "x": -0.1539972573518753,
          "y": -0.7686719298362732,
          "z": 0.6208134293556213
        },
        "matrix": [
          [
            -0.9525315165519714,
            0.23134037852287292,
            -0.1979026049375534,
            0.40366441011428833
          ],
          [
            0.2421545833349228,
            0.18175047636032104,
            -0.9530624151229858,
            0.21358367800712585
          ],
          [
            -0.184514120221138,
            -0.9557514786720276,
            -0.22914564609527588,
            0.8107912540435791
          ],
          [
            0.0,
            0.0,
            0.0,
            1.0
          ]
        ]
      },
      "bone_length_armature_space": 0.02921886993109233,
      "parent": "index_02_l",
      "has_children": false,
      "is_end_bone": true
    },
    "metacarpal_pinky_l": {
      "name": "metacarpal_pinky_l",
      "local": {
        "location": {
          "x": 0.0,
          "y": 0.0,
          "z": 0.0
        },
        "rotation_quaternion": {
          "w": 0.9979878664016724,
          "x": -0.06135954335331917,
          "y": -0.015555329620838165,
          "z": 0.0036646584048867226
        },
        "scale": {
          "x": 1.0,
          "y": 1.0,
          "z": 1.0
        },
        "matrix_basis": [
          [
            0.9994891881942749,
            -0.005405633244663477,
            -0.031497783958911896,
            0.0
          ],
          [
            0.009223504923284054,
            0.9924431443214417,
            0.12235815078020096,
            0.0
          ],
          [
            0.030598336830735207,
            -0.12258616834878922,
            0.991986095905304,
            0.0
          ],
          [
            0.0,
            0.0,
            0.0,
            1.0
          ]
        ],
        "rotation_mode": "QUATERNION"
      },
      "armature_space": {
        "head": {
          "x": 0.3156130313873291,
          "y": 0.13239778578281403,
          "z": 0.0019834935665130615
        },
        "tail": {
          "x": 0.32820045948028564,
          "y": 0.17176511883735657,
          "z": -0.0935942530632019
        }
      },
      "world_space": {
        "head": {
          "x": 0.3156130313873291,
          "y": 0.19564178586006165,
          "z": 0.9518375396728516
        },
        "tail": {
          "x": 0.32820045948028564,
          "y": 0.2350091189146042,
          "z": 0.8562597632408142
        },
        "rotation_quaternion": {
          "w": 0.7441523671150208,
          "x": -0.4633825719356537,
          "y": 0.36778488755226135,
          "z": -0.310238778591156
        },
        "matrix": [
          [
            0.5369725227355957,
            0.12088094651699066,
            0.8348941802978516,
            0.3156130313873291
          ],
          [
            -0.8025802969932556,
            0.37805667519569397,
            0.4614521861076355,
            0.19564178586006165
          ],
          [
            -0.2598590850830078,
            -0.9178627729415894,
            0.30002522468566895,
            0.9518375396728516
          ],
          [
            0.0,
            0.0,
            0.0,
            1.0
          ]
        ]
      },
      "bone_length_armature_space": 0.10413133958464141,
      "parent": "lowerarm_l",
      "has_children": true,
      "is_end_bone": false
    },
    "pinky_01_l": {
      "name": "pinky_01_l",
      "local": {
        "location": {
          "x": 0.0,
          "y": 0.0,
          "z": 0.0
        },
        "rotation_quaternion": {
          "w": 0.9962774515151978,
          "x": -0.08550845086574554,
          "y": -0.0097903897985816,
          "z": -0.0048786671832203865
        },
        "scale": {
          "x": 1.0,
          "y": 1.0,
          "z": 1.0
        },
        "matrix_basis": [
          [
            0.9997606873512268,
            0.011395334266126156,
            -0.018673554062843323,
            0.0
          ],
          [
            -0.008046690374612808,
            0.9853290319442749,
            0.1704758107662201,
            0.0
          ],
          [
            0.020342223346233368,
            -0.17028474807739258,
            0.985184907913208,
            0.0
          ],
          [
            0.0,
            0.0,
            0.0,
            1.0
          ]
        ],
        "rotation_mode": "QUATERNION"
      },
      "armature_space": {
        "head": {
          "x": 0.32820045948028564,
          "y": 0.17176511883735657,
          "z": -0.0935942530632019
        },
