{
  "metadata": {
    "armature_name": "KIM_caucasian_male",
    "export_time": "2026-01-13T21:02:44.339745",
    "blender_version": "4.4.1",
    "bone_count": 56,
    "end_bone_count": 13,
    "spaces_included": [
      "LOCAL_CHANNELS",
      "ARMATURE_SPACE",
      "WORLD_SPACE"
    ],
    "note": "LOCAL matches Transform panel; replay pose via local.matrix_basis for best fidelity."
  },
  "bones": {
    "Root": {
      "name": "Root",
      "local": {
        "location": {
          "x": 0.0,
          "y": 0.0,
          "z": 0.0
        },
        "rotation_quaternion": {
          "w": 0.999813437461853,
          "x": -0.016725899651646614,
          "y": -0.004928145557641983,
          "z": -0.008314658887684345
        },
        "scale": {
          "x": 1.0,
          "y": 1.0,
          "z": 1.0
        },
        "matrix_basis": [
          [
            0.9998131394386292,
            0.016791069880127907,
            -0.009576312266290188,
            0.0
          ],
          [
            -0.016461359336972237,
            0.9993022084236145,
            0.03352750837802887,
            0.0
          ],
          [
            0.010132592171430588,
            -0.03336360678076744,
            0.9993919134140015,
            0.0
          ],
          [
            0.0,
            0.0,
            0.0,
            1.0
          ]
        ],
        "rotation_mode": "QUATERNION"
      },
      "armature_space": {
        "head": {
          "x": 0.0,
          "y": 0.07072800397872925,
          "z": -0.009595036506652832
        },
        "tail": {
          "x": 0.0011984772281721234,
          "y": 0.00036948174238204956,
          "z": 0.002353062853217125
        }
      },
      "world_space": {
        "head": {
          "x": 0.0,
          "y": 0.13397200405597687,
          "z": 0.9402589797973633
        },
        "tail": {
          "x": 0.0011984772281721234,
          "y": 0.06361348181962967,
          "z": 0.952207088470459
        },
        "rotation_quaternion": {
          "w": 0.0840429812669754,
          "x": 0.9964152574539185,
          "y": 0.007963770069181919,
          "z": -0.005477091763168573
        },
        "matrix": [
          [
            0.9998131394386292,
            0.016791069880127907,
            -0.009576312266290188,
            0.0
          ],
          [
            0.014949820004403591,
            -0.9857466220855713,
            -0.16757112741470337,
            0.13397200405597687
          ],
          [
            -0.012253586202859879,
            0.1673969030380249,
            -0.9858205914497375,
            0.9402589797973633
          ],
          [
            0.0,
            0.0,
            0.0,
            1.0
          ]
        ]
      },
      "bone_length_armature_space": 0.07137587250035934,
      "parent": null,
      "has_children": true,
      "is_end_bone": false
    },
    "spine_01": {
      "name": "spine_01",
      "local": {
        "location": {
          "x": 0.0,
          "y": 0.0,
          "z": 0.0
        },
        "rotation_quaternion": {
          "w": 0.998155415058136,
          "x": 0.033443696796894073,
          "y": -0.03855706378817558,
          "z": -0.03287584334611893
        },
        "scale": {
          "x": 1.0,
          "y": 1.0,
          "z": 1.0
        },
        "matrix_basis": [
          [
            0.9948650598526001,
            0.06305141746997833,
            -0.07917086035013199,
            0.0
          ],
          [
            -0.06820937991142273,
            0.9956014156341553,
            -0.06422882527112961,
            0.0
          ],
          [
            0.0747729018330574,
            0.06929920613765717,
            0.994789719581604,
            0.0
          ],
          [
            0.0,
            0.0,
            0.0,
            1.0
          ]
        ],
        "rotation_mode": "QUATERNION"
      },
      "armature_space": {
        "head": {
          "x": 0.0011984772281721234,
          "y": 0.00036948174238204956,
          "z": 0.002353062853217125
        },
        "tail": {
          "x": 0.03785135969519615,
          "y": 0.006092794705182314,
          "z": 0.48894572257995605
        }
      },
      "world_space": {
        "head": {
          "x": 0.0011984772281721234,
          "y": 0.06361348181962967,
          "z": 0.952207088470459
        },
        "tail": {
          "x": 0.03785135969519615,
          "y": 0.06933679431676865,
          "z": 1.4387997388839722
        },
        "rotation_quaternion": {
          "w": 0.71123206615448,
          "x": 0.7012180685997009,
          "y": 0.003560720942914486,
          "z": -0.049290891736745834
        },
        "matrix": [
          [
            0.9951153993606567,
            0.07510817795991898,
            -0.06406281888484955,
            0.0011984772281721234
          ],
          [
            -0.06512139737606049,
            0.011728070676326752,
            -0.9978083968162537,
            0.06361348181962967
          ],
          [
            -0.0741928219795227,
            0.9971135854721069,
            0.016561128199100494,
            0.952207088470459
          ],
          [
            0.0,
            0.0,
            0.0,
            1.0
          ]
        ]
      },
      "bone_length_armature_space": 0.48800470610071717,
      "parent": "Root",
      "has_children": true,
      "is_end_bone": false
    },
    "neck_01": {
      "name": "neck_01",
      "local": {
        "location": {
          "x": 0.0,
          "y": 0.0,
          "z": 0.0
        },
        "rotation_quaternion": {
          "w": 0.9890793561935425,
          "x": 0.07873763144016266,
          "y": -0.012281364761292934,
          "z": -0.12398239970207214
        },
        "scale": {
          "x": 1.0,
          "y": 1.0,
          "z": 1.0
        },
        "matrix_basis": [
          [
            0.9689550399780273,
            0.24332284927368164,
            -0.043818648904561996,
            0.0
          ],
          [
            -0.24719087779521942,
            0.9568575024604797,
            -0.1527101844549179,
            0.0
          ],
          [
            0.00477032782509923,
            0.1588008850812912,
            0.9872990846633911,
            0.0
          ],
          [
            0.0,
            0.0,
            0.0,
            1.0
          ]
        ],
        "rotation_mode": "QUATERNION"
      },
      "armature_space": {
        "head": {
          "x": 0.041128940880298615,
          "y": -0.027652928605675697,
          "z": 0.5625271797180176
        },
        "tail": {
          "x": 0.06891956925392151,
          "y": -0.08053703606128693,
          "z": 0.6458438634872437
        }
      },
      "world_space": {
        "head": {
          "x": 0.041128940880298615,
          "y": 0.03559107333421707,
          "z": 1.5123811960220337
        },
        "tail": {
          "x": 0.06891956925392151,
          "y": -0.017293035984039307,
          "z": 1.5956978797912598
        },
        "rotation_quaternion": {
          "w": 0.4846082627773285,
          "x": 0.8610448837280273,
          "y": 0.08507131785154343,
          "z": -0.12852753698825836
        },
        "matrix": [
          [
            0.9524871706962585,
            0.2710716724395752,
            -0.13888227939605713,
            0.041128940880298615
          ],
          [
            0.021930482238531113,
            -0.5158351063728333,
            -0.8564072251319885,
            0.03559107333421707
          ],
          [
            -0.30379024147987366,
            0.8126764297485352,
            -0.4972754120826721,
            1.5123811960220337
          ],
          [
            0.0,
            0.0,
            0.0,
            1.0
          ]
        ]
      },
      "bone_length_armature_space": 0.10252179159309638,
      "parent": "spine_01",
      "has_children": true,
      "is_end_bone": false
    },
    "head": {
      "name": "head",
      "local": {
        "location": {
          "x": 0.0,
          "y": 0.0,
          "z": 0.0
        },
        "rotation_quaternion": {
          "w": 0.9840216636657715,
          "x": 0.062105581164360046,
          "y": -0.14658579230308533,
          "z": -0.0797303169965744
        },
        "scale": {
          "x": 1.0,
          "y": 1.0,
          "z": 1.0
        },
        "matrix_basis": [
          [
            0.9443113803863525,
            0.13870511949062347,
            -0.29839059710502625,
            0.0
          ],
          [
            -0.1751203089952469,
            0.9795719385147095,
            -0.09885181486606598,
            0.0
          ],
          [
            0.2785837948322296,
            0.14560113847255707,
            0.9493110179901123,
            0.0
          ],
          [
            0.0,
            0.0,
            0.0,
            1.0
          ]
        ],
        "rotation_mode": "QUATERNION"
      },
      "armature_space": {
        "head": {
          "x": 0.06891952455043793,
          "y": -0.08053713291883469,
          "z": 0.6458437442779541
        },
        "tail": {
          "x": 0.13456806540489197,
          "y": -0.12840992212295532,
          "z": 0.7779485583305359
        }
      },
      "world_space": {
        "head": {
          "x": 0.06891952455043793,
          "y": -0.017293132841587067,
          "z": 1.5956977605819702
        },
        "tail": {
          "x": 0.13456806540489197,
          "y": -0.0651659220457077,
          "z": 1.7278025150299072
        },
        "rotation_quaternion": {
          "w": 0.5843555927276611,
          "x": 0.7596269249916077,
          "y": 0.06473357230424881,
          "z": -0.27803802490234375
        },
        "matrix": [
          [
            0.8370097875595093,
            0.4232925474643707,
            -0.346753865480423,
            0.06891952455043793
          ],
          [
            -0.22659729421138763,
            -0.3086770474910736,
            -0.9237815737724304,
            -0.017293132841587067
          ],
          [
            -0.49806854128837585,
            0.8517934083938599,
            -0.16245073080062866,
            1.5956977605819702
          ],
          [
            0.0,
            0.0,
            0.0,
            1.0
          ]
        ]
      },
      "bone_length_armature_space": 0.1550909933341083,
      "parent": "neck_01",
      "has_children": false,
      "is_end_bone": true
    },
    "upperarm_l": {
      "name": "upperarm_l",
      "local": {
        "location": {
          "x": 0.0,
          "y": 0.0,
          "z": 0.0
        },
        "rotation_quaternion": {
          "w": 0.8280282616615295,
          "x": 0.1605904996395111,
          "y": 0.46233052015304565,
          "z": 0.27355173230171204
        },
        "scale": {
          "x": 1.0,
          "y": 1.0,
          "z": 1.0
        },
        "matrix_basis": [
          [
            0.422839879989624,
            -0.30452534556388855,
            0.8535050749778748,
            0.0
          ],
          [
            0.6015089154243469,
            0.7987602949142456,
            -0.013004315085709095,
            0.0
          ],
          [
            -0.6777858734130859,
            0.5188895463943481,
            0.5209223628044128,
            0.0
          ],
          [
            0.0,
            0.0,
            0.0,
            1.0
          ]
        ],
        "rotation_mode": "QUATERNION"
      },
      "armature_space": {
        "head": {
          "x": 0.1851440966129303,
          "y": -0.04139149561524391,
          "z": 0.48443731665611267
        },
        "tail": {
          "x": 0.40215396881103516,
          "y": -0.1871088743209839,
          "z": 0.54343581199646
        }
      },
      "world_space": {
        "head": {
          "x": 0.1851440966129303,
          "y": 0.021852504462003708,
          "z": 1.4342913627624512
        },
        "tail": {
          "x": 0.40215396881103516,
          "y": -0.12386487424373627,
          "z": 1.493289828300476
        },
        "rotation_quaternion": {
          "w": 0.21132276952266693,
          "x": 0.8622801899909973,
          "y": 0.4283111095428467,
          "z": -0.16841992735862732
        },
        "matrix": [
          [
            0.576368510723114,
            0.8098306655883789,
            -0.10942515730857849,
            0.1851440966129303
          ],
          [
            0.6674668788909912,
            -0.5437836050987244,
            -0.5087116956710815,
            0.021852504462003708
          ],
          [
            -0.4714767038822174,
            0.2201688140630722,
            -0.8539613485336304,
            1.4342913627624512
          ],
          [
            0.0,
            0.0,
            0.0,
            1.0
          ]
        ]
      },
      "bone_length_armature_space": 0.2679695147977486,
      "parent": "spine_01",
      "has_children": true,
      "is_end_bone": false
    },
    "lowerarm_l": {
      "name": "lowerarm_l",
      "local": {
        "location": {
          "x": 0.0,
          "y": 0.0,
          "z": 0.0
        },
        "rotation_quaternion": {
          "w": 0.897289514541626,
          "x": 0.4371599853038788,
          "y": -0.01727277971804142,
          "z": 0.05885915458202362
        },
        "scale": {
          "x": 1.0,
          "y": 1.0,
          "z": 1.0
        },
        "matrix_basis": [
          [
            0.9924744963645935,
            -0.12072934210300446,
            0.020464366301894188,
            0.0
          ],
          [
            0.09052547067403793,
            0.6108534932136536,
            -0.7865514755249023,
            0.0
          ],
          [
            0.08245909959077835,
            0.7824848294258118,
            0.6171855926513672,
            0.0
          ],
          [
            0.0,
            0.0,
            0.0,
            1.0
          ]
        ],
        "rotation_mode": "QUATERNION"
      },
      "armature_space": {
        "head": {
          "x": 0.40215396881103516,
          "y": -0.18710902333259583,
          "z": 0.5434358716011047
        },
        "tail": {
          "x": 0.44516974687576294,
          "y": -0.4200466275215149,
          "z": 0.41910022497177124
        }
      },
      "world_space": {
        "head": {
          "x": 0.40215396881103516,
          "y": -0.1238650232553482,
          "z": 1.4932899475097656
        },
        "tail": {
          "x": 0.44516974687576294,
          "y": -0.35680264234542847,
          "z": 1.3689541816711426
        },
        "rotation_quaternion": {
          "w": 0.18649165332317352,
          "x": -0.8853309750556946,
          "y": -0.17281056940555573,
          "z": 0.3892897665500641
        },
        "matrix": [
          [
            0.6371800899505615,
            0.16079188883304596,
            -0.7537556290626526,
            0.40215396881103516
          ],
          [
            0.4511878192424774,
            -0.8707150220870972,
            0.195665180683136,
            -0.1238650232553482
          ],
          [
            -0.6248491406440735,
            -0.4647635817527771,
            -0.6273540258407593,
            1.4932899475097656
          ],
          [
            0.0,
            0.0,
            0.0,
            1.0
          ]
        ]
      },
      "bone_length_armature_space": 0.267525020040563,
      "parent": "upperarm_l",
      "has_children": true,
      "is_end_bone": false
    },
    "metacarpal_thumb_l": {
      "name": "metacarpal_thumb_l",
      "local": {
        "location": {
          "x": 0.0,
          "y": 0.0,
          "z": 0.0
        },
        "rotation_quaternion": {
          "w": 0.9985862970352173,
          "x": -0.04934794083237648,
          "y": 0.0021790224127471447,
          "z": 0.019634418189525604
        },
        "scale": {
          "x": 1.0,
          "y": 1.0,
          "z": 1.0
        },
        "matrix_basis": [
          [
            0.9992194771766663,
            -0.039428383111953735,
            0.0024140477180480957,
            0.0
          ],
          [
            0.03899826109409332,
            0.9943585395812988,
            0.09864192456007004,
            0.0
          ],
          [
            -0.006289720069617033,
            -0.0984707847237587,
            0.9951200485229492,
            0.0
          ],
          [
            0.0,
            0.0,
            0.0,
            1.0
          ]
        ],
        "rotation_mode": "QUATERNION"
      },
      "armature_space": {
        "head": {
          "x": 0.44516974687576294,
          "y": -0.4200466275215149,
          "z": 0.41910022497177124
        },
        "tail": {
          "x": 0.4307560622692108,
          "y": -0.4457847476005554,
          "z": 0.37930822372436523
        }
      },
      "world_space": {
        "head": {
          "x": 0.44516974687576294,
          "y": -0.35680264234542847,
          "z": 1.3689541816711426
        },
        "tail": {
          "x": 0.4307560622692108,
          "y": -0.382540762424469,
          "z": 1.3291622400283813
        },
        "rotation_quaternion": {
          "w": 0.4004386067390442,
          "x": -0.8407863974571228,
          "y": 0.28256794810295105,
          "z": -0.22996225953102112
        },
        "matrix": [
          [
            0.7345447540283203,
            -0.2909877896308899,
            0.6130009293556213,
            0.44516974687576294
          ],
          [
            -0.6593304872512817,
            -0.519608736038208,
            0.5434057712554932,
            -0.35680264234542847
          ],
          [
            0.1603967398405075,
            -0.8033323884010315,
            -0.57353675365448,
            1.3689541816711426
          ],
          [
            0.0,
            0.0,
            0.0,
            1.0
          ]
        ]
      },
      "bone_length_armature_space": 0.049533912444186735,
      "parent": "lowerarm_l",
      "has_children": true,
      "is_end_bone": false
    },
    "thumb_01_l": {
      "name": "thumb_01_l",
      "local": {
        "location": {
          "x": 0.0,
          "y": 0.0,
          "z": 0.0
        },
        "rotation_quaternion": {
          "w": 0.9974972009658813,
          "x": -0.06979048252105713,
          "y": 0.010333124548196793,
          "z": 0.0046827481128275394
        },
        "scale": {
          "x": 1.0,
          "y": 1.0,
          "z": 1.0
        },
        "matrix_basis": [
          [
            0.9997425675392151,
            -0.010784363374114037,
            0.019960902631282806,
            0.0
          ],
          [
            0.007899749092757702,
            0.9902147054672241,
            0.13932839035987854,
            0.0
          ],
          [
            -0.021268147975206375,
            -0.13913485407829285,
            0.9900450110435486,
            0.0
          ],
          [
            0.0,
            0.0,
            0.0,
            1.0
          ]
        ],
        "rotation_mode": "QUATERNION"
      },
      "armature_space": {
        "head": {
          "x": 0.4307560622692108,
          "y": -0.4457847476005554,
          "z": 0.37930822372436523
        },
        "tail": {
          "x": 0.43323951959609985,
          "y": -0.4377240538597107,
          "z": 0.34633100032806396
        }
      },
      "world_space": {
        "head": {
          "x": 0.4307560622692108,
          "y": -0.382540762424469,
          "z": 1.3291622400283813
        },
        "tail": {
          "x": 0.43323951959609985,
          "y": -0.37448006868362427,
          "z": 1.29618501663208
        },
        "rotation_quaternion": {
          "w": 0.3518785238265991,
          "x": -0.23414523899555206,
          "y": 0.7032687067985535,
          "z": -0.5716387033462524
        },
        "matrix": [
          [
            -0.6427160501480103,
            0.07295981049537659,
            0.7626224160194397,
            0.4307560622692108
          ],
          [
            -0.7316280603408813,
            0.2368106245994568,
            -0.6392502784729004,
            -0.382540762424469
          ],
          [
            -0.22723884880542755,
            -0.968819260597229,
            -0.0988239198923111,
            1.3291622400283813
          ],
          [
            0.0,
            0.0,
            0.0,
            1.0
          ]
        ]
      },
      "bone_length_armature_space": 0.0340387949776088,
      "parent": "metacarpal_thumb_l",
      "has_children": true,
      "is_end_bone": false
    },
    "thumb_02_l": {
      "name": "thumb_02_l",
      "local": {
        "location": {
          "x": 0.0,
          "y": 0.0,
          "z": 0.0
        },
        "rotation_quaternion": {
          "w": 0.990674614906311,
          "x": 0.13600221276283264,
          "y": 0.0023383621592074633,
          "z": 0.007869990542531013
        },
        "scale": {
          "x": 1.0,
          "y": 1.0,
          "z": 1.0
        },
        "matrix_basis": [
          [
            0.9998651742935181,
            -0.014957155101001263,
            0.006773784290999174,
            0.0
          ],
          [
            0.01622924394905567,
            0.962882936000824,
            -0.26943108439445496,
            0.0
          ],
          [
            -0.0024924397002905607,
            0.26950469613075256,
            0.9629958868026733,
            0.0
          ],
          [
            0.0,
            0.0,
            0.0,
            1.0
          ]
        ],
        "rotation_mode": "QUATERNION"
      },
      "armature_space": {
        "head": {
          "x": 0.43323948979377747,
          "y": -0.4377239942550659,
          "z": 0.34633100032806396
        },
        "tail": {
          "x": 0.4381800889968872,
          "y": -0.4731784164905548,
          "z": 0.3281167447566986
        }
      },
      "world_space": {
        "head": {
          "x": 0.43323948979377747,
          "y": -0.3744800090789795,
          "z": 1.29618501663208
        },
        "tail": {
          "x": 0.4381800889968872,
          "y": -0.409934401512146,
          "z": 1.277970790863037
        },
        "rotation_quaternion": {
          "w": 0.06548602133989334,
          "x": -0.008707103319466114,
          "y": 0.23312093317508698,
          "z": -0.9702012538909912
        },
        "matrix": [
          [
            -0.9912716150283813,
            0.123009592294693,
            0.04742775112390518,
            0.43323948979377747
          ],
          [
            -0.13112907111644745,
            -0.8827325701713562,
            -0.4512075185775757,
            -0.3744800090789795
          ],
          [
            -0.013636932708323002,
            -0.4534924030303955,
            0.8911638259887695,
            1.29618501663208
          ],
          [
            0.0,
            0.0,
            0.0,
            1.0
          ]
        ]
      },
      "bone_length_armature_space": 0.04016447080564245,
      "parent": "thumb_01_l",
      "has_children": true,
      "is_end_bone": false
    },
    "thumb_03_l": {
      "name": "thumb_03_l",
      "local": {
        "location": {
          "x": 0.0,
          "y": 0.0,
          "z": 0.0
        },
        "rotation_quaternion": {
          "w": 0.9959132671356201,
          "x": 0.09008757025003433,
          "y": 0.004911561496555805,
          "z": 0.0041055395267903805
        },
        "scale": {
          "x": 1.0,
          "y": 1.0,
          "z": 1.0
        },
        "matrix_basis": [
          [
            0.9999180436134338,
            -0.007292581256479025,
            0.010522694326937199,
            0.0
          ],
          [
            0.009062463417649269,
            0.9837347269058228,
            -0.17939847707748413,
            0.0
          ],
          [
            -0.009043262340128422,
            0.17947913706302643,
            0.9837201833724976,
            0.0
          ],
          [
            0.0,
            0.0,
            0.0,
            1.0
          ]
        ],
        "rotation_mode": "QUATERNION"
      },
      "armature_space": {
        "head": {
          "x": 0.43818002939224243,
          "y": -0.47317835688591003,
          "z": 0.3281167149543762
        },
        "tail": {
          "x": 0.4450545608997345,
          "y": -0.5028294920921326,
          "z": 0.32745084166526794
        }
      },
      "world_space": {
        "head": {
          "x": 0.43818002939224243,
          "y": -0.4099343419075012,
          "z": 1.277970790863037
        },
        "tail": {
          "x": 0.4450545608997345,
          "y": -0.43958550691604614,
          "z": 1.2773048877716064
        },
        "rotation_quaternion": {
          "w": 0.1083848848938942,
          "x": 0.22001589834690094,
          "y": 0.03590194135904312,
          "z": -0.9687914252281189
        },
        "matrix": [
          [
            -0.8796915411949158,
            0.22580265998840332,
            -0.4185165762901306,
            0.43818002939224243
          ],
          [
            -0.19420695304870605,
            -0.9739274978637695,
            -0.11725564301013947,
            -0.4099343419075012
          ],
          [
            -0.43408459424972534,
            -0.021871015429496765,
            0.9006146192550659,
            1.277970790863037
          ],
          [
            0.0,
            0.0,
            0.0,
            1.0
          ]
        ]
      },
      "bone_length_armature_space": 0.03044490735040584,
      "parent": "thumb_02_l",
      "has_children": false,
      "is_end_bone": true
    },
    "metacarpal_index_l": {
      "name": "metacarpal_index_l",
      "local": {
        "location": {
          "x": 0.0,
          "y": 0.0,
          "z": 0.0
        },
        "rotation_quaternion": {
          "w": 0.99947190284729,
          "x": -0.02321181260049343,
          "y": 0.021377617493271828,
          "z": -0.007755141705274582
        },
        "scale": {
          "x": 1.0,
          "y": 1.0,
          "z": 1.0
        },
        "matrix_basis": [
          [
            0.9989657402038574,
            0.01450966577976942,
            0.04309267923235893,
            0.0
          ],
          [
            -0.016494518145918846,
            0.998802125453949,
            0.04606753587722778,
            0.0
          ],
          [
            -0.04237263277173042,
            -0.046730682253837585,
            0.9980084300041199,
            0.0
          ],
          [
            0.0,
            0.0,
            0.0,
            1.0
          ]
        ],
        "rotation_mode": "QUATERNION"
      },
      "armature_space": {
        "head": {
          "x": 0.44516974687576294,
          "y": -0.4200466275215149,
          "z": 0.41910022497177124
        },
        "tail": {
          "x": 0.4412178695201874,
          "y": -0.5110567808151245,
          "z": 0.3454059660434723
        }
      },
      "world_space": {
        "head": {
          "x": 0.44516974687576294,
          "y": -0.35680264234542847,
          "z": 1.3689541816711426
        },
        "tail": {
          "x": 0.4412178695201874,
          "y": -0.4478127956390381,
          "z": 1.295259952545166
        },
        "rotation_quaternion": {
          "w": 0.3323298990726471,
          "x": -0.9413486123085022,
          "y": 0.03456627205014229,
          "z": -0.04716813564300537
        },
        "matrix": [
          [
            0.9931607246398926,
            -0.03372727707028389,
            0.11177820712327957,
            0.44516974687576294
          ],
          [
            -0.09642848372459412,
            -0.7767243385314941,
            0.62241530418396,
            -0.35680264234542847
          ],
          [
            0.06582887470722198,
            -0.6289423704147339,
            -0.7746694087982178,
            1.3689541816711426
          ],
          [
            0.0,
            0.0,
            0.0,
            1.0
          ]
        ]
      },
      "bone_length_armature_space": 0.11717213286068082,
      "parent": "lowerarm_l",
      "has_children": true,
      "is_end_bone": false
    },
    "index_01_l": {
      "name": "index_01_l",
      "local": {
        "location": {
          "x": 0.0,
          "y": 0.0,
          "z": 0.0
        },
        "rotation_quaternion": {
          "w": 0.9945901036262512,
          "x": -0.10330435633659363,
          "y": 0.009159157052636147,
          "z": 0.005909844301640987
        },
        "scale": {
          "x": 1.0,
          "y": 1.0,
          "z": 1.0
        },
        "matrix_basis": [
          [
            0.9997623562812805,
            -0.013648106716573238,
            0.016998188570141792,
            0.0
          ],
          [
            0.009863384068012238,
            0.9785865545272827,
            0.20559923350811005,
            0.0
          ],
          [
            -0.019440239295363426,
            -0.20538271963596344,
            0.9784886240959167,
            0.0
          ],
          [
            0.0,
            0.0,
            0.0,
            1.0
          ]
        ],
        "rotation_mode": "QUATERNION"
      },
      "armature_space": {
        "head": {
          "x": 0.4412178695201874,
          "y": -0.5110567808151245,
          "z": 0.3454059660434723
        },
        "tail": {
          "x": 0.4481433033943176,
          "y": -0.5375368595123291,
          "z": 0.33741140365600586
        }
      },
      "world_space": {
        "head": {
          "x": 0.4412178695201874,
          "y": -0.4478127956390381,
          "z": 1.295259952545166
        },
        "tail": {
          "x": 0.4481433033943176,
          "y": -0.4742928743362427,
          "z": 1.287265419960022
        },
        "rotation_quaternion": {
          "w": 0.15871167182922363,
          "x": -0.9722614884376526,
          "y": -0.10237950831651688,
          "z": -0.1379735767841339
        },
        "matrix": [
          [
            0.9409637451171875,
            0.24287524819374084,
            0.2357948273420334,
            0.4412178695201874
          ],
          [
            0.15528367459774017,
            -0.928658127784729,
            0.33686935901641846,
            -0.4478127956390381
          ],
          [
            0.3007923662662506,
            -0.28036975860595703,
            -0.9115543365478516,
            1.295259952545166
          ],
          [
            0.0,
            0.0,
            0.0,
            1.0
          ]
        ]
      },
      "bone_length_armature_space": 0.028514368952439344,
      "parent": "metacarpal_index_l",
      "has_children": true,
      "is_end_bone": false
    },
    "index_02_l": {
      "name": "index_02_l",
      "local": {
        "location": {
          "x": 0.0,
          "y": 0.0,
          "z": 0.0
        },
        "rotation_quaternion": {
          "w": 0.9993499517440796,
          "x": 0.03564005345106125,
          "y": -0.004486050922423601,
          "z": 0.0030603641644120216
        },
        "scale": {
          "x": 1.0,
          "y": 1.0,
          "z": 1.0
        },
        "matrix_basis": [
          [
            0.9999409914016724,
            -0.006436515599489212,
            -0.008748126216232777,
            0.0
          ],
          [
            0.0057969833724200726,
            0.9974408149719238,
            -0.07126122713088989,
            0.0
          ],
          [
            0.009184412658214569,
            0.07120631635189056,
            0.9974192976951599,
            0.0
          ],
          [
            0.0,
            0.0,
            0.0,
            1.0
          ]
        ],
        "rotation_mode": "QUATERNION"
      },
      "armature_space": {
        "head": {
          "x": 0.44814327359199524,
          "y": -0.537537157535553,
          "z": 0.33741092681884766
        },
        "tail": {
          "x": 0.45506924390792847,
          "y": -0.5609483122825623,
          "z": 0.3295343816280365
        }
      },
      "world_space": {
        "head": {
          "x": 0.44814327359199524,
          "y": -0.47429317235946655,
          "z": 1.2872649431228638
        },
        "tail": {
          "x": 0.45506924390792847,
          "y": -0.49770432710647583,
          "z": 1.279388427734375
        },
        "rotation_quaternion": {
          "w": 0.17041777074337006,
          "x": -0.9726647734642029,
          "y": -0.12107055634260178,
          "z": -0.10110881924629211
        },
        "matrix": [
          [
            0.9502379894256592,
            0.2699835002422333,
            0.15542443096637726,
            0.44814327359199524
          ],
          [
            0.20106105506420135,
            -0.9125994443893433,
            0.3560008406639099,
            -0.47429317235946655
          ],
          [
            0.23795653879642487,
            -0.30703893303871155,
            -0.9214761853218079,
            1.2872649431228638
          ],
          [
            0.0,
            0.0,
            0.0,
            1.0
          ]
        ]
      },
      "bone_length_armature_space": 0.025653288314181774,
      "parent": "index_01_l",
      "has_children": true,
      "is_end_bone": false
    },
    "index_03_l": {
      "name": "index_03_l",
      "local": {
        "location": {
          "x": 0.0,
          "y": 0.0,
          "z": 0.0
        },
        "rotation_quaternion": {
          "w": 0.9985401630401611,
          "x": 0.05376136675477028,
          "y": -0.0009232185548171401,
          "z": -0.00514497235417366
        },
        "scale": {
          "x": 1.0,
          "y": 1.0,
          "z": 1.0
        },
        "matrix_basis": [
          [
            0.999945342540741,
            0.010175656527280807,
            -0.002396943047642708,
            0.0
          ],
          [
            -0.010374190285801888,
            0.9941664934158325,
            -0.10735626518726349,
            0.0
          ],
          [
            0.001290540094487369,
            0.10737526416778564,
            0.9942177534103394,
            0.0
          ],
          [
            0.0,
            0.0,
            0.0,
            1.0
          ]
        ],
        "rotation_mode": "QUATERNION"
      },
      "armature_space": {
        "head": {
          "x": 0.4550691843032837,
          "y": -0.560948371887207,
          "z": 0.32953450083732605
        },
        "tail": {
          "x": 0.466625839471817,
          "y": -0.5843084454536438,
          "z": 0.31632524728775024
        }
      },
      "world_space": {
        "head": {
          "x": 0.4550691843032837,
          "y": -0.4977043867111206,
          "z": 1.2793885469436646
        },
        "tail": {
          "x": 0.466625839471817,
          "y": -0.5210644602775574,
          "z": 1.2661793231964111
        },
        "rotation_quaternion": {
          "w": 0.26439595222473145,
          "x": -0.9397690892219543,
          "y": -0.17420987784862518,
          "z": -0.12876266241073608
        },
        "matrix": [
          [
            0.9061423540115356,
            0.3955228328704834,
            0.14989271759986877,
            0.4550691843032837
          ],
          [
            0.2593463361263275,
            -0.7994914054870605,
            0.5418051481246948,
            -0.4977043867111206
          ],
          [
            0.334136962890625,
            -0.45208266377449036,
            -0.8270359039306641,
            1.2793885469436646
          ],
          [
            0.0,
            0.0,
            0.0,
            1.0
          ]
        ]
      },
      "bone_length_armature_space": 0.02921872170411553,
      "parent": "index_02_l",
      "has_children": false,
      "is_end_bone": true
    },
    "metacarpal_pinky_l": {
      "name": "metacarpal_pinky_l",
      "local": {
        "location": {
          "x": 0.0,
          "y": 0.0,
          "z": 0.0
        },
        "rotation_quaternion": {
          "w": 0.9999260902404785,
          "x": 0.0022972337901592255,
          "y": 0.010159692727029324,
          "z": 0.006266804877668619
        },
        "scale": {
          "x": 1.0,
          "y": 1.0,
          "z": 1.0
        },
        "matrix_basis": [
          [
            0.9997150301933289,
            -0.012486005201935768,
            0.02034667693078518,
            0.0
          ],
          [
            0.012579361908137798,
            0.9999108910560608,
            -0.0044667902402579784,
            0.0
          ],
          [
            -0.020289091393351555,
            0.004721465520560741,
            0.9997829794883728,
            0.0
          ],
          [
            0.0,
            0.0,
            0.0,
            1.0
          ]
        ],
        "rotation_mode": "QUATERNION"
      },
      "armature_space": {
        "head": {
          "x": 0.44516974687576294,
          "y": -0.4200466275215149,
          "z": 0.41910022497177124
        },
        "tail": {
          "x": 0.4855358898639679,
          "y": -0.5126478672027588,
          "z": 0.39382556080818176
        }
      },
      "world_space": {
        "head": {
          "x": 0.44516974687576294,
          "y": -0.35680264234542847,
          "z": 1.3689541816711426
        },
        "tail": {
          "x": 0.4855358898639679,
          "y": -0.44940388202667236,
          "z": 1.3436795473098755
        },
        "rotation_quaternion": {
          "w": 0.10360678285360336,
          "x": 0.5124882459640503,
          "y": 0.21124999225139618,
          "z": -0.8258298635482788
        },
        "matrix": [
          [
            -0.45324352383613586,
            0.3876485526561737,
            -0.8026823401451111,
            0.44516974687576294
          ],
          [
            0.045402202755212784,
            -0.8892787098884583,
            -0.4551066756248474,
            -0.35680264234542847
          ],
          [
            -0.8902363181114197,
            -0.2427203357219696,
            0.3854619860649109,
            1.3689541816711426
          ],
          [
            0.0,
            0.0,
            0.0,
            1.0
          ]
        ]
      },
      "bone_length_armature_space": 0.10413080100301413,
      "parent": "lowerarm_l",
      "has_children": true,
      "is_end_bone": false
    },
    "pinky_01_l": {
      "name": "pinky_01_l",
      "local": {
        "location": {
          "x": 0.0,
          "y": 0.0,
          "z": 0.0
        },
        "rotation_quaternion": {
          "w": 0.9894710779190063,
          "x": -0.1433589607477188,
          "y": -0.011968488804996014,
          "z": 0.015872284770011902
        },
        "scale": {
          "x": 1.0,
          "y": 1.0,
          "z": 1.0
        },
        "matrix_basis": [
          [
            0.9992096424102783,
            -0.02797875367105007,
            -0.028235815465450287,
            0.0
          ],
          [
            0.03484191372990608,
            0.9583925604820251,
            0.2833191454410553,
            0.0
          ],
          [
            0.019134078174829483,
            -0.28407901525497437,
            0.958609938621521,
            0.0
          ],
          [
            0.0,
            0.0,
            0.0,
            1.0
          ]
        ],
        "rotation_mode": "QUATERNION"
      },
      "armature_space": {
        "head": {
          "x": 0.4855358898639679,
          "y": -0.5126478672027588,
          "z": 0.39382556080818176
        },
        "tail": {
