{
  "metadata": {
    "armature_name": "KIM_caucasian_male",
    "export_time": "2026-01-13T21:15:49.100402",
    "blender_version": "4.4.1",
    "bone_count": 56,
    "end_bone_count": 13,
    "spaces_included": [
      "LOCAL_CHANNELS",
      "ARMATURE_SPACE",
      "WORLD_SPACE"
    ],
    "note": "LOCAL matches Transform panel; replay pose via local.matrix_basis for best fidelity."
  },
  "bones": {
    "Root": {
      "name": "Root",
      "local": {
        "location": {
          "x": 0.0,
          "y": 0.0,
          "z": 0.0
        },
        "rotation_quaternion": {
          "w": 0.9999257922172546,
          "x": -0.0016815776471048594,
          "y": -0.011871022172272205,
          "z": 0.0021755655761808157
        },
        "scale": {
          "x": 1.0,
          "y": 1.0,
          "z": 1.0
        },
        "matrix_basis": [
          [
            0.9997087121009827,
            -0.0043108840472996235,
            -0.023747598752379417,
            0.0
          ],
          [
            0.0043907323852181435,
            0.999984860420227,
            0.003311253385618329,
            0.0
          ],
          [
            0.02373296581208706,
            -0.0034145580139011145,
            0.9997125267982483,
            0.0
          ],
          [
            0.0,
            0.0,
            0.0,
            1.0
          ]
        ],
        "rotation_mode": "QUATERNION"
      },
      "armature_space": {
        "head": {
          "x": 0.0,
          "y": 0.07072800397872925,
          "z": -0.009595036506652832
        },
        "tail": {
          "x": -0.0003076930879615247,
          "y": 3.3833086490631104e-05,
          "z": 0.0002413606271147728
        }
      },
      "world_space": {
        "head": {
          "x": 0.0,
          "y": 0.13397200405597687,
          "z": 0.9402589797973633
        },
        "tail": {
          "x": -0.0003076930879615247,
          "y": 0.06327783316373825,
          "z": 0.9500953555107117
        },
        "rotation_quaternion": {
          "w": 0.06904042512178421,
          "x": 0.9975409507751465,
          "y": -0.0029703492764383554,
          "z": -0.011697492562234402
        },
        "matrix": [
          [
            0.9997087121009827,
            -0.0043108840472996235,
            -0.023747598752379417,
            0.0
          ],
          [
            -0.007541293278336525,
            -0.9904491305351257,
            -0.13767224550247192,
            0.13397200405597687
          ],
          [
            -0.02292746864259243,
            0.13781124353408813,
            -0.9902002215385437,
            0.9402589797973633
          ],
          [
            0.0,
            0.0,
            0.0,
            1.0
          ]
        ]
      },
      "bone_length_armature_space": 0.07137587392306999,
      "parent": null,
      "has_children": true,
      "is_end_bone": false
    },
    "spine_01": {
      "name": "spine_01",
      "local": {
        "location": {
          "x": 0.0,
          "y": 0.0,
          "z": 0.0
        },
        "rotation_quaternion": {
          "w": 0.9997357130050659,
          "x": -0.010407057590782642,
          "y": -0.020317601040005684,
          "z": 0.0027295686304569244
        },
        "scale": {
          "x": 1.0,
          "y": 1.0,
          "z": 1.0
        },
        "matrix_basis": [
          [
            0.9991595149040222,
            -0.005034801550209522,
            -0.040681276470422745,
            0.0
          ],
          [
            0.0058805872686207294,
            0.9997684955596924,
            0.0206976979970932,
            0.0
          ],
          [
            0.04056764766573906,
            -0.02091953158378601,
            0.9989577531814575,
            0.0
          ],
          [
            0.0,
            0.0,
            0.0,
            1.0
          ]
        ],
        "rotation_mode": "QUATERNION"
      },
      "armature_space": {
        "head": {
          "x": -0.0003076930879615247,
          "y": 3.3833086490631104e-05,
          "z": 0.0002413606271147728
        },
        "tail": {
          "x": 0.00865743774920702,
          "y": 0.034647244960069656,
          "z": 0.4869344234466553
        }
      },
      "world_space": {
        "head": {
          "x": -0.0003076930879615247,
          "y": 0.06327783316373825,
          "z": 0.9500953555107117
        },
        "tail": {
          "x": 0.00865743774920702,
          "y": 0.09789124131202698,
          "z": 1.4367884397506714
        },
        "rotation_quaternion": {
          "w": 0.7316747307777405,
          "x": 0.681194007396698,
          "y": -0.010784504935145378,
          "z": -0.022594600915908813
        },
        "matrix": [
          [
            0.998746395111084,
            0.01837112382054329,
            -0.04656422883272171,
            -0.0003076930879615247
          ],
          [
            -0.04775660112500191,
            0.07092894613742828,
            -0.9963374733924866,
            0.06327783316373825
          ],
          [
            -0.015001235529780388,
            0.9973193407058716,
            0.07171693444252014,
            0.9500953555107117
          ],
          [
            0.0,
            0.0,
            0.0,
            1.0
          ]
        ]
      },
      "bone_length_armature_space": 0.48800469956285514,
      "parent": "Root",
      "has_children": true,
      "is_end_bone": false
    },
    "neck_01": {
      "name": "neck_01",
      "local": {
        "location": {
          "x": 0.0,
          "y": 0.0,
          "z": 0.0
        },
        "rotation_quaternion": {
          "w": 0.9988178014755249,
          "x": -0.04597093164920807,
          "y": -0.002922537736594677,
          "z": 0.015535085462033749
        },
        "scale": {
          "x": 1.0,
          "y": 1.0,
          "z": 1.0
        },
        "matrix_basis": [
          [
            0.9995002150535583,
            -0.030764736235141754,
            -0.007266490254551172,
            0.0
          ],
          [
            0.03130214288830757,
            0.9952906966209412,
            0.0917423665523529,
            0.0
          ],
          [
            0.0044098407961428165,
            -0.09192397445440292,
            0.9957562685012817,
            0.0
          ],
          [
            0.0,
            0.0,
            0.0,
            1.0
          ]
        ],
        "rotation_mode": "QUATERNION"
      },
      "armature_space": {
        "head": {
          "x": 0.008387675508856773,
          "y": 0.005287129431962967,
          "z": 0.5624437928199768
        },
        "tail": {
          "x": 0.005654958542436361,
          "y": -0.01754588447511196,
          "z": 0.662353515625
        }
      },
      "world_space": {
        "head": {
          "x": 0.008387675508856773,
          "y": 0.06853112578392029,
          "z": 1.5122978687286377
        },
        "tail": {
          "x": 0.005654958542436361,
          "y": 0.04569811373949051,
          "z": 1.6122075319290161
        },
        "rotation_quaternion": {
          "w": 0.6227468848228455,
          "x": 0.781754732131958,
          "y": -0.028787044808268547,
          "z": -0.014736136421561241
        },
        "matrix": [
          [
            0.9979082942008972,
            -0.026655104011297226,
            -0.05889429897069931,
            0.008387675508856773
          ],
          [
            -0.06336270272731781,
            -0.22271475195884705,
            -0.9728224873542786,
            0.06853112578392029
          ],
          [
            0.012814082205295563,
            0.9745259284973145,
            -0.2239403873682022,
            1.5122978687286377
          ],
          [
            0.0,
            0.0,
            0.0,
            1.0
          ]
        ]
      },
      "bone_length_armature_space": 0.10252203113828587,
      "parent": "spine_01",
      "has_children": true,
      "is_end_bone": false
    },
    "head": {
      "name": "head",
      "local": {
        "location": {
          "x": 0.0,
          "y": 0.0,
          "z": 0.0
        },
        "rotation_quaternion": {
          "w": 0.9892475605010986,
          "x": -0.07744672894477844,
          "y": -0.09997520595788956,
          "z": 0.073460154235363
        },
        "scale": {
          "x": 1.0,
          "y": 1.0,
          "z": 1.0
        },
        "matrix_basis": [
          [
            0.9692171216011047,
            -0.12985505163669586,
            -0.20917895436286926,
            0.0
          ],
          [
            0.16082605719566345,
            0.9772112369537354,
            0.13853958249092102,
            0.0
          ],
          [
            0.1864219605922699,
            -0.16791635751724243,
            0.9680139422416687,
            0.0
          ],
          [
            0.0,
            0.0,
            0.0,
            1.0
          ]
        ],
        "rotation_mode": "QUATERNION"
      },
      "armature_space": {
        "head": {
          "x": 0.005654951557517052,
          "y": -0.017546020448207855,
          "z": 0.6623533368110657
        },
        "tail": {
          "x": -0.013314034789800644,
          "y": 0.03133446350693703,
          "z": 0.8083128333091736
        }
      },
      "world_space": {
        "head": {
          "x": 0.005654951557517052,
          "y": 0.045697979629039764,
          "z": 1.6122074127197266
        },
        "tail": {
          "x": -0.013314034789800644,
          "y": 0.09457845985889435,
          "z": 1.758166790008545
        },
        "rotation_quaternion": {
          "w": 0.7971758842468262,
          "x": 0.5842720866203308,
          "y": -0.1486520618200302,
          "z": -0.032236937433481216
        },
        "matrix": [
          [
            0.9537269473075867,
            -0.1223093718290329,
            -0.2746731638908386,
            0.005654951557517052
          ],
          [
            -0.22510266304016113,
            0.31517452001571655,
            -0.9219512343406677,
            0.045697979629039764
          ],
          [
            0.19933445751667023,
            0.9411264657974243,
            0.27305930852890015,
            1.6122074127197266
          ],
          [
            0.0,
            0.0,
            0.0,
            1.0
          ]
        ]
      },
      "bone_length_armature_space": 0.15509126177647586,
      "parent": "neck_01",
      "has_children": false,
      "is_end_bone": true
    },
    "upperarm_l": {
      "name": "upperarm_l",
      "local": {
        "location": {
          "x": 0.0,
          "y": 0.0,
          "z": 0.0
        },
        "rotation_quaternion": {
          "w": 0.8340733051300049,
          "x": 0.35326871275901794,
          "y": 0.2934366762638092,
          "z": 0.3056434392929077
        },
        "scale": {
          "x": 1.0,
          "y": 1.0,
          "z": 1.0
        },
        "matrix_basis": [
          [
            0.6409540176391602,
            -0.3025340735912323,
            0.7054439187049866,
            0.0
          ],
          [
            0.7171820402145386,
            0.5635666251182556,
            -0.409930020570755,
            0.0
          ],
          [
            -0.27354687452316284,
            0.7686780095100403,
            0.5781922936439514,
            0.0
          ],
          [
            0.0,
            0.0,
            0.0,
            1.0
          ]
        ],
        "rotation_mode": "QUATERNION"
      },
      "armature_space": {
        "head": {
          "x": 0.15681645274162292,
          "y": -0.009820781648159027,
          "z": 0.49339473247528076
        },
        "tail": {
          "x": 0.3092249631881714,
          "y": -0.21339762210845947,
          "z": 0.5778684616088867
        }
      },
      "world_space": {
        "head": {
          "x": 0.15681645274162292,
          "y": 0.05342321842908859,
          "z": 1.4432487487792969
        },
        "tail": {
          "x": 0.3092249631881714,
          "y": -0.15015362203121185,
          "z": 1.5277224779129028
        },
        "rotation_quaternion": {
          "w": 0.2609599530696869,
          "x": 0.8823220729827881,
          "y": 0.2281421422958374,
          "z": -0.31836915016174316
        },
        "matrix": [
          [
            0.6931845545768738,
            0.5687534213066101,
            -0.44273561239242554,
            0.15681645274162292
          ],
          [
            0.23642702400684357,
            -0.7597017288208008,
            -0.6057687401771545,
            0.05342321842908859
          ],
          [
            -0.680884599685669,
            0.3152363896369934,
            -0.6610873341560364,
            1.4432487487792969
          ],
          [
            0.0,
            0.0,
            0.0,
            1.0
          ]
        ]
      },
      "bone_length_armature_space": 0.26796957344646,
      "parent": "spine_01",
      "has_children": true,
      "is_end_bone": false
    },
    "lowerarm_l": {
      "name": "lowerarm_l",
      "local": {
        "location": {
          "x": 0.0,
          "y": 0.0,
          "z": 0.0
        },
        "rotation_quaternion": {
          "w": 0.9891151189804077,
          "x": 0.13966594636440277,
          "y": -0.026227448135614395,
          "z": 0.03816767781972885
        },
        "scale": {
          "x": 1.0,
          "y": 1.0,
          "z": 1.0
        },
        "matrix_basis": [
          [
            0.9957106709480286,
            -0.08283061534166336,
            -0.04122248291969299,
            0.0
          ],
          [
            0.06817828863859177,
            0.9580733180046082,
            -0.2782934904098511,
            0.0
          ],
          [
            0.06254538148641586,
            0.2742893099784851,
            0.9596111178398132,
            0.0
          ],
          [
            0.0,
            0.0,
            0.0,
            1.0
          ]
        ],
        "rotation_mode": "QUATERNION"
      },
      "armature_space": {
        "head": {
          "x": 0.3092249035835266,
          "y": -0.21339775621891022,
          "z": 0.5778685212135315
        },
        "tail": {
          "x": 0.36942335963249207,
          "y": -0.47001105546951294,
          "z": 0.6236408948898315
        }
      },
      "world_space": {
        "head": {
          "x": 0.3092249035835266,
          "y": -0.1501537561416626,
          "z": 1.5277225971221924
        },
        "tail": {
          "x": 0.36942335963249207,
          "y": -0.4067670702934265,
          "z": 1.5734949111938477
        },
        "rotation_quaternion": {
          "w": 0.12628723680973053,
          "x": 0.8975802063941956,
          "y": 0.06666599214076996,
          "z": -0.41708147525787354
        },
        "matrix": [
          [
            0.6431973576545715,
            0.2250204086303711,
            -0.731890082359314,
            0.3092249035835266
          ],
          [
            0.014331962913274765,
            -0.9592142701148987,
            -0.2823164761066437,
            -0.1501537561416626
          ],
          [
            -0.7655717134475708,
            0.1710960566997528,
            -0.6201937198638916,
            1.5277225971221924
          ],
          [
            0.0,
            0.0,
            0.0,
            1.0
          ]
        ]
      },
      "bone_length_armature_space": 0.26752449676404333,
      "parent": "upperarm_l",
      "has_children": true,
      "is_end_bone": false
    },
    "metacarpal_thumb_l": {
      "name": "metacarpal_thumb_l",
      "local": {
        "location": {
          "x": 0.0,
          "y": 0.0,
          "z": 0.0
        },
        "rotation_quaternion": {
          "w": 0.9983212947845459,
          "x": -0.055852264165878296,
          "y": -0.006309929769486189,
          "z": -0.013977400958538055
        },
        "scale": {
          "x": 1.0,
          "y": 1.0,
          "z": 1.0
        },
        "matrix_basis": [
          [
            0.9995296597480774,
            0.02861272171139717,
            -0.011037335731089115,
            0.0
          ],
          [
            -0.0272030271589756,
            0.9933702945709229,
            0.11169340461492538,
            0.0
          ],
          [
            0.014160013757646084,
            -0.11134061962366104,
            0.9936814308166504,
            0.0
          ],
          [
            0.0,
            0.0,
            0.0,
            1.0
          ]
        ],
        "rotation_mode": "QUATERNION"
      },
      "armature_space": {
        "head": {
          "x": 0.36942335963249207,
          "y": -0.47001105546951294,
          "z": 0.6236408948898315
        },
        "tail": {
          "x": 0.36037907004356384,
          "y": -0.5168705582618713,
          "z": 0.6103754043579102
        }
      },
      "world_space": {
        "head": {
          "x": 0.36942335963249207,
          "y": -0.4067670702934265,
          "z": 1.5734949111938477
        },
        "tail": {
          "x": 0.36037907004356384,
          "y": -0.4536265730857849,
          "z": 1.5602294206619263
        },
        "rotation_quaternion": {
          "w": 0.10041241347789764,
          "x": -0.9379183650016785,
          "y": 0.13004066050052643,
          "z": -0.30547648668289185
        },
        "matrix": [
          [
            0.7795470356941223,
            -0.1825885772705078,
            0.599139392375946,
            0.36942335963249207
          ],
          [
            -0.30528226494789124,
            -0.9460134506225586,
            0.10890738666057587,
            -0.4067670702934265
          ],
          [
            0.5469123721122742,
            -0.2678077816963196,
            -0.7932087182998657,
            1.5734949111938477
          ],
          [
            0.0,
            0.0,
            0.0,
            1.0
          ]
        ]
      },
      "bone_length_armature_space": 0.049533679552066015,
      "parent": "lowerarm_l",
      "has_children": true,
      "is_end_bone": false
    },
    "thumb_01_l": {
      "name": "thumb_01_l",
      "local": {
        "location": {
          "x": 0.0,
          "y": 0.0,
          "z": 0.0
        },
        "rotation_quaternion": {
          "w": 0.9829202890396118,
          "x": 0.18376529216766357,
          "y": 0.0098886638879776,
          "z": -0.0006297074723988771
        },
        "scale": {
          "x": 1.0,
          "y": 1.0,
          "z": 1.0
        },
        "matrix_basis": [
          [
            0.9998036623001099,
            0.004872290883213282,
            0.01920809969305992,
            0.0
          ],
          [
            0.0023964818101376295,
            0.932459831237793,
            -0.36126571893692017,
            0.0
          ],
          [
            -0.019670972600579262,
            0.36124080419540405,
            0.932265043258667,
            0.0
          ],
          [
            0.0,
            0.0,
            0.0,
            1.0
          ]
        ],
        "rotation_mode": "QUATERNION"
      },
      "armature_space": {
        "head": {
          "x": 0.36037907004356384,
          "y": -0.5168705582618713,
          "z": 0.6103754043579102
        },
        "tail": {
          "x": 0.37753933668136597,
          "y": -0.5376662611961365,
          "z": 0.5895981192588806
        }
      },
      "world_space": {
        "head": {
          "x": 0.36037907004356384,
          "y": -0.4536265730857849,
          "z": 1.5602294206619263
        },
        "tail": {
          "x": 0.37753933668136597,
          "y": -0.47442227602005005,
          "z": 1.539452075958252
        },
        "rotation_quaternion": {
          "w": 0.37499552965164185,
          "x": -0.28748780488967896,
          "y": 0.23217500746250153,
          "z": -0.8501905202865601
        },
        "matrix": [
          [
            -0.5534571409225464,
            0.5041415095329285,
            0.6629681587219238,
            0.36037907004356384
          ],
          [
            -0.7711306214332581,
            -0.6109459400177002,
            -0.1791708767414093,
            -0.4536265730857849
          ],
          [
            0.31471189856529236,
            -0.6104033589363098,
            0.7268965244293213,
            1.5602294206619263
          ],
          [
            0.0,
            0.0,
            0.0,
            1.0
          ]
        ]
      },
      "bone_length_armature_space": 0.03403867772619018,
      "parent": "metacarpal_thumb_l",
      "has_children": true,
      "is_end_bone": false
    },
    "thumb_02_l": {
      "name": "thumb_02_l",
      "local": {
        "location": {
          "x": 0.0,
          "y": 0.0,
          "z": 0.0
        },
        "rotation_quaternion": {
          "w": 0.9274218082427979,
          "x": 0.37398797273635864,
          "y": 0.0043253242038190365,
          "z": 0.001774658216163516
        },
        "scale": {
          "x": 1.0,
          "y": 1.0,
          "z": 1.0
        },
        "matrix_basis": [
          [
            0.9999563097953796,
            -5.6475004384992644e-05,
            0.009350202046334743,
            0.0
          ],
          [
            0.006526952143758535,
            0.7202596664428711,
            -0.693673849105835,
            0.0
          ],
          [
            -0.0066953981295228004,
            0.6937045454978943,
            0.7202285528182983,
            0.0
          ],
          [
            0.0,
            0.0,
            0.0,
            1.0
          ]
        ],
        "rotation_mode": "QUATERNION"
      },
      "armature_space": {
        "head": {
          "x": 0.3775393068790436,
          "y": -0.5376662611961365,
          "z": 0.5895980596542358
        },
        "tail": {
          "x": 0.37750184535980225,
          "y": -0.5567009449005127,
          "z": 0.6249657869338989
        }
      },
      "world_space": {
        "head": {
          "x": 0.3775393068790436,
          "y": -0.47442227602005005,
          "z": 1.539452075958252
        },
        "tail": {
          "x": 0.37750184535980225,
          "y": -0.49345695972442627,
          "z": 1.574819803237915
        },
        "rotation_quaternion": {
          "w": 0.1147182285785675,
          "x": 0.19290494918823242,
          "y": -0.49987998604774475,
          "z": -0.8365091681480408
        },
        "matrix": [
          [
            -0.8992552161216736,
            -0.0009324848651885986,
            -0.4374237060546875,
            0.3775393068790436
          ],
          [
            -0.384784072637558,
            -0.4739192724227905,
            0.7920487523078918,
            -0.47442227602005005
          ],
          [
            -0.20804402232170105,
            0.8805736303329468,
            0.42581915855407715,
            1.539452075958252
          ],
          [
            0.0,
            0.0,
            0.0,
            1.0
          ]
        ]
      },
      "bone_length_armature_space": 0.040164619884036516,
      "parent": "thumb_01_l",
      "has_children": true,
      "is_end_bone": false
    },
    "thumb_03_l": {
      "name": "thumb_03_l",
      "local": {
        "location": {
          "x": 0.0,
          "y": 0.0,
          "z": 0.0
        },
        "rotation_quaternion": {
          "w": 0.9795547723770142,
          "x": 0.2011280357837677,
          "y": 0.0031357333064079285,
          "z": 0.0031927088275551796
        },
        "scale": {
          "x": 1.0,
          "y": 1.0,
          "z": 1.0
        },
        "matrix_basis": [
          [
            0.9999599456787109,
            -0.004993498791009188,
            0.007427531760185957,
            0.0
          ],
          [
            0.007516234181821346,
            0.9190746545791626,
            -0.39401182532310486,
            0.0
          ],
          [
            -0.004858958534896374,
            0.3940518796443939,
            0.9190753698348999,
            0.0
          ],
          [
            0.0,
            0.0,
            0.0,
            1.0
          ]
        ],
        "rotation_mode": "QUATERNION"
      },
      "armature_space": {
        "head": {
          "x": 0.37750184535980225,
          "y": -0.5567010045051575,
          "z": 0.6249657273292542
        },
        "tail": {
          "x": 0.3694234788417816,
          "y": -0.5535580515861511,
          "z": 0.6541507244110107
        }
      },
      "world_space": {
        "head": {
          "x": 0.37750184535980225,
          "y": -0.49345701932907104,
          "z": 1.574819803237915
        },
        "tail": {
          "x": 0.3694234788417816,
          "y": -0.4903140664100647,
          "z": 1.6040047407150269
        },
        "rotation_quaternion": {
          "w": 0.20732906460762024,
          "x": 0.3516817092895508,
          "y": -0.7131842374801636,
          "z": -0.5698270797729492
        },
        "matrix": [
          [
            -0.6666681170463562,
            -0.26534444093704224,
            -0.6965243816375732,
            0.37750184535980225
          ],
          [
            -0.737912118434906,
            0.10323359072208405,
            0.6669543981552124,
            -0.49345701932907104
          ],
          [
            -0.10506931692361832,
            0.9586179256439209,
            -0.2646248936653137,
            1.574819803237915
          ],
          [
            0.0,
            0.0,
            0.0,
            1.0
          ]
        ]
      },
      "bone_length_armature_space": 0.030445068764680654,
      "parent": "thumb_02_l",
      "has_children": false,
      "is_end_bone": true
    },
    "metacarpal_index_l": {
      "name": "metacarpal_index_l",
      "local": {
        "location": {
          "x": 0.0,
          "y": 0.0,
          "z": 0.0
        },
        "rotation_quaternion": {
          "w": 0.9998686909675598,
          "x": -0.014195188879966736,
          "y": 0.004973424132913351,
          "z": -0.006045194808393717
        },
        "scale": {
          "x": 1.0,
          "y": 1.0,
          "z": 1.0
        },
        "matrix_basis": [
          [
            0.9998774528503418,
            0.011947604827582836,
            0.010117167606949806,
            0.0
          ],
          [
            -0.012229999527335167,
            0.9995238780975342,
            0.028326518833637238,
            0.0
          ],
          [
            -0.009773916564881802,
            -0.028446780517697334,
            0.99954754114151,
            0.0
          ],
          [
            0.0,
            0.0,
            0.0,
            1.0
          ]
        ],
        "rotation_mode": "QUATERNION"
      },
      "armature_space": {
        "head": {
          "x": 0.36942335963249207,
          "y": -0.47001105546951294,
          "z": 0.6236408948898315
        },
        "tail": {
          "x": 0.3732825517654419,
          "y": -0.5870434045791626,
          "z": 0.6194266080856323
        }
      },
      "world_space": {
        "head": {
          "x": 0.36942335963249207,
          "y": -0.4067670702934265,
          "z": 1.5734949111938477
        },
        "tail": {
          "x": 0.3732825517654419,
          "y": -0.5237994194030762,
          "z": 1.5692806243896484
        },
        "rotation_quaternion": {
          "w": 0.0186743326485157,
          "x": -0.9987935423851013,
          "y": -0.015691090375185013,
          "z": -0.042621005326509476
        },
        "matrix": [
          [
            0.9958745241165161,
            0.03293607756495476,
            0.08455309271812439,
            0.36942335963249207
          ],
          [
            0.029752561822533607,
            -0.9988101720809937,
            0.03864066302776337,
            -0.4067670702934265
          ],
          [
            0.0857258290052414,
            -0.035966821014881134,
            -0.9956764578819275,
            1.5734949111938477
          ],
          [
            0.0,
            0.0,
            0.0,
            1.0
          ]
        ]
      },
      "bone_length_armature_space": 0.11717177329530096,
      "parent": "lowerarm_l",
      "has_children": true,
      "is_end_bone": false
    },
    "index_01_l": {
      "name": "index_01_l",
      "local": {
        "location": {
          "x": 0.0,
          "y": 0.0,
          "z": 0.0
        },
        "rotation_quaternion": {
          "w": 0.97542405128479,
          "x": 0.2193976193666458,
          "y": 0.019036710262298584,
          "z": -0.0070867049507796764
        },
        "scale": {
          "x": 1.0,
          "y": 1.0,
          "z": 1.0
        },
        "matrix_basis": [
          [
            0.9991747736930847,
            0.022178303450345993,
            0.03402811661362648,
            0.0
          ],
          [
            -0.0054718670435249805,
            0.903628945350647,
            -0.4282812476158142,
            0.0
          ],
          [
            -0.040247343480587006,
            0.4277416169643402,
            0.9030045866966248,
            0.0
          ],
          [
            0.0,
            0.0,
            0.0,
            1.0
          ]
        ],
        "rotation_mode": "QUATERNION"
      },
      "armature_space": {
        "head": {
          "x": 0.3732825517654419,
          "y": -0.5870434045791626,
          "z": 0.6194266080856323
        },
        "tail": {
          "x": 0.3849451243877411,
          "y": -0.6115837097167969,
          "z": 0.6107762455940247
        }
      },
      "world_space": {
        "head": {
          "x": 0.3732825517654419,
          "y": -0.5237994194030762,
          "z": 1.5692806243896484
        },
        "tail": {
          "x": 0.3849451243877411,
          "y": -0.5483397245407104,
          "z": 1.5606303215026855
        },
        "rotation_quaternion": {
          "w": 0.16560429334640503,
          "x": -0.9637585282325745,
          "y": -0.20557363331317902,
          "z": -0.03852495178580284
        },
        "matrix": [
          [
            0.9125106930732727,
            0.4090065360069275,
            0.006169125437736511,
            0.3732825517654419
          ],
          [
            0.3834873139858246,
            -0.8606295585632324,
            0.3350440561771393,
            -0.5237994194030762
          ],
          [
            0.14234595000743866,
            -0.3033684194087982,
            -0.9421886205673218,
            1.5692806243896484
          ],
          [
            0.0,
            0.0,
            0.0,
            1.0
          ]
        ]
      },
      "bone_length_armature_space": 0.028514399189844265,
      "parent": "metacarpal_index_l",
      "has_children": true,
      "is_end_bone": false
    },
    "index_02_l": {
      "name": "index_02_l",
      "local": {
        "location": {
          "x": 0.0,
          "y": 0.0,
          "z": 0.0
        },
        "rotation_quaternion": {
          "w": 0.9170886278152466,
          "x": 0.39855843782424927,
          "y": 0.009977933019399643,
          "z": -0.0004774882982019335
        },
        "scale": {
          "x": 1.0,
          "y": 1.0,
          "z": 1.0
        },
        "matrix_basis": [
          [
            0.999800443649292,
            0.00882937666028738,
            0.017920684069395065,
            0.0
          ],
          [
            0.007077780552208424,
            0.6823018789291382,
            -0.731036365032196,
            0.0
          ],
          [
            -0.018681911751627922,
            0.7310172915458679,
            0.6821032166481018,
            0.0
          ],
          [
            0.0,
            0.0,
            0.0,
            1.0
          ]
        ],
        "rotation_mode": "QUATERNION"
      },
      "armature_space": {
        "head": {
          "x": 0.3849450647830963,
          "y": -0.6115840077400208,
          "z": 0.6107758283615112
        },
        "tail": {
          "x": 0.39207831025123596,
          "y": -0.621318519115448,
          "z": 0.5881384015083313
        }
      },
      "world_space": {
        "head": {
          "x": 0.3849450647830963,
          "y": -0.5483400225639343,
          "z": 1.5606298446655273
        },
        "tail": {
          "x": 0.39207831025123596,
          "y": -0.5580745339393616,
          "z": 1.5379924774169922
        },
        "rotation_quaternion": {
          "w": 0.5158212780952454,
          "x": -0.8277280330657959,
          "y": -0.21022862195968628,
          "z": 0.06781443953514099
        },
        "matrix": [
          [
            0.9024099111557007,
            0.2780642807483673,
            -0.32914575934410095,
            0.3849450647830963
          ],
          [
            0.4179857671260834,
            -0.3794647455215454,
            0.8254057765007019,
            -0.5483400225639343
          ],
          [
            0.10461778193712234,
            -0.8824388980865479,
            -0.45866209268569946,
            1.5606298446655273
          ],
          [
            0.0,
            0.0,
            0.0,
            1.0
          ]
        ]
      },
      "bone_length_armature_space": 0.025653401126455283,
      "parent": "index_01_l",
      "has_children": true,
      "is_end_bone": false
    },
    "index_03_l": {
      "name": "index_03_l",
      "local": {
        "location": {
          "x": 0.0,
          "y": 0.0,
          "z": 0.0
        },
        "rotation_quaternion": {
          "w": 0.9656126499176025,
          "x": 0.25983670353889465,
          "y": 0.007339347153902054,
          "z": -0.0048384093679487705
        },
        "scale": {
          "x": 1.0,
          "y": 1.0,
          "z": 1.0
        },
        "matrix_basis": [
          [
            0.9998454451560974,
            0.013158122077584267,
            0.011659540235996246,
            0.0
          ],
          [
            -0.005529995076358318,
            0.8649229407310486,
            -0.5018742084503174,
            0.0
          ],
          [
            -0.016688326373696327,
            0.5017321705818176,
            0.8648620247840881,
            0.0
          ],
          [
            0.0,
            0.0,
            0.0,
            1.0
          ]
        ],
        "rotation_mode": "QUATERNION"
      },
      "armature_space": {
        "head": {
          "x": 0.39207836985588074,
          "y": -0.6213186383247375,
          "z": 0.5881384611129761
        },
        "tail": {
          "x": 0.3964414596557617,
          "y": -0.6149333119392395,
          "z": 0.5599616169929504
        }
      },
      "world_space": {
        "head": {
          "x": 0.39207836985588074,
          "y": -0.5580746531486511,
          "z": 1.5379924774169922
        },
        "tail": {
          "x": 0.3964414596557617,
          "y": -0.5516893267631531,
          "z": 1.5098156929016113
        },
        "rotation_quaternion": {
          "w": 0.751788318157196,
          "x": -0.6206861734390259,
          "y": -0.20995841920375824,
          "z": 0.07403096556663513
        },
        "matrix": [
          [
            0.9008744359016418,
            0.14932504296302795,
            -0.407587468624115,
            0.39207836985588074
          ],
          [
            0.3719468414783478,
            0.218536376953125,
            0.9021626710891724,
            -0.5580746531486511
          ],
          [
            0.22379007935523987,
            -0.9643425941467285,
            0.14133459329605103,
            1.5379924774169922
          ],
          [
            0.0,
            0.0,
            0.0,
            1.0
          ]
        ]
      },
      "bone_length_armature_space": 0.029218889634453668,
      "parent": "index_02_l",
      "has_children": false,
      "is_end_bone": true
    },
    "metacarpal_pinky_l": {
      "name": "metacarpal_pinky_l",
      "local": {
        "location": {
          "x": 0.0,
          "y": 0.0,
          "z": 0.0
        },
        "rotation_quaternion": {
          "w": 0.9996671676635742,
          "x": 0.014026124030351639,
          "y": 0.018117742612957954,
          "z": 0.011855789460241795
        },
        "scale": {
          "x": 1.0,
          "y": 1.0,
          "z": 1.0
        },
        "matrix_basis": [
          [
            0.9990623593330383,
            -0.02319544367492199,
            0.03655600547790527,
            0.0
          ],
          [
            0.024211930111050606,
            0.9993253946304321,
            -0.027613312005996704,
            0.0
          ],
          [
            -0.035890843719244,
            0.02847251109778881,
            0.9989500045776367,
            0.0
          ],
          [
            0.0,
            0.0,
            0.0,
            1.0
          ]
        ],
        "rotation_mode": "QUATERNION"
      },
      "armature_space": {
        "head": {
          "x": 0.36942335963249207,
          "y": -0.47001105546951294,
          "z": 0.6236408948898315
        },
        "tail": {
          "x": 0.4139358401298523,
          "y": -0.5553900599479675,
          "z": 0.6632930636405945
        }
      },
      "world_space": {
        "head": {
          "x": 0.36942335963249207,
          "y": -0.4067670702934265,
          "z": 1.5734949111938477
        },
        "tail": {
          "x": 0.4139358401298523,
          "y": -0.4921460747718811,
          "z": 1.6131470203399658
        },
        "rotation_quaternion": {
          "w": 0.2929813265800476,
          "x": 0.4656774401664734,
          "y": -0.06481517851352692,
          "z": -0.8325296640396118
        },
        "matrix": [
          [
            -0.39461275935173035,
            0.42746707797050476,
            -0.8133590221405029,
            0.36942335963249207
          ],
          [
            -0.548197865486145,
            -0.8199211359024048,
            -0.16495001316070557,
            -0.4067670702934265
          ],
          [
            -0.7374066114425659,
            0.38079211115837097,
            0.5578914880752563,
            1.5734949111938477
          ],
          [
            0.0,
            0.0,
            0.0,
            1.0
          ]
        ]
      },
      "bone_length_armature_space": 0.10413083034977548,
      "parent": "lowerarm_l",
      "has_children": true,
      "is_end_bone": false
    },
    "pinky_01_l": {
      "name": "pinky_01_l",
      "local": {
        "location": {
          "x": 0.0,
          "y": 0.0,
          "z": 0.0
        },
        "rotation_quaternion": {
          "w": 0.953636646270752,
          "x": 0.3000209331512451,
          "y": -0.023433318361639977,
          "z": 0.003929487429559231
        },
        "scale": {
          "x": 1.0,
          "y": 1.0,
          "z": 1.0
        },
        "matrix_basis": [
          [
            0.998870849609375,
            -0.021555578336119652,
            -0.042335886508226395,
            0.0
          ],
          [
            -0.0065663657151162624,
            0.8199440240859985,
            -0.5724060535430908,
            0.0
          ],
          [
            0.04705159738659859,
            0.5720377564430237,
            0.8188766241073608,
            0.0
          ],
          [
            0.0,
            0.0,
            0.0,
            1.0
          ]
        ],
        "rotation_mode": "QUATERNION"
      },
      "armature_space": {
        "head": {
          "x": 0.4139358401298523,
          "y": -0.5553900599479675,
          "z": 0.6632930636405945
