{
  "metadata": {
    "armature_name": "KIM_caucasian_male",
    "export_time": "2026-01-13T21:04:21.573650",
    "blender_version": "4.4.1",
    "bone_count": 56,
    "end_bone_count": 13,
    "spaces_included": [
      "LOCAL_CHANNELS",
      "ARMATURE_SPACE",
      "WORLD_SPACE"
    ],
    "note": "LOCAL matches Transform panel; replay pose via local.matrix_basis for best fidelity."
  },
  "bones": {
    "Root": {
      "name": "Root",
      "local": {
        "location": {
          "x": 0.0,
          "y": 0.0,
          "z": 0.0
        },
        "rotation_quaternion": {
          "w": 0.9997223615646362,
          "x": 0.016665678471326828,
          "y": -0.013154478743672371,
          "z": -0.010227891616523266
        },
        "scale": {
          "x": 1.0,
          "y": 1.0,
          "z": 1.0
        },
        "matrix_basis": [
          [
            0.9994447231292725,
            0.020011646673083305,
            -0.026642562821507454,
            0.0
          ],
          [
            -0.020888561382889748,
            0.9992352724075317,
            -0.033053018152713776,
            0.0
          ],
          [
            0.02596074342727661,
            0.03359118849039078,
            0.9990984201431274,
            0.0
          ],
          [
            0.0,
            0.0,
            0.0,
            1.0
          ]
        ],
        "rotation_mode": "QUATERNION"
      },
      "armature_space": {
        "head": {
          "x": 0.0,
          "y": 0.07072800397872925,
          "z": -0.009595036506652832
        },
        "tail": {
          "x": 0.0014283487107604742,
          "y": -0.0002682134509086609,
          "z": -0.0023831925354897976
        }
      },
      "world_space": {
        "head": {
          "x": 0.0,
          "y": 0.13397200405597687,
          "z": 0.9402589797973633
        },
        "tail": {
          "x": 0.0014283487107604742,
          "y": 0.06297578662633896,
          "z": 0.9474708437919617
        },
        "rotation_quaternion": {
          "w": 0.05072112753987312,
          "x": 0.9985738396644592,
          "y": 0.009318468160927296,
          "z": -0.013813627883791924
        },
        "matrix": [
          [
            0.9994447231292725,
            0.020011646673083305,
            -0.026642562821507454,
            0.0
          ],
          [
            0.017209064215421677,
            -0.9946810007095337,
            -0.1015554815530777,
            0.13397200405597687
          ],
          [
            -0.02853332832455635,
            0.10104036331176758,
            -0.9944800734519958,
            0.9402589797973633
          ],
          [
            0.0,
            0.0,
            0.0,
            1.0
          ]
        ]
      },
      "bone_length_armature_space": 0.07137586381487022,
      "parent": null,
      "has_children": true,
      "is_end_bone": false
    },
    "spine_01": {
      "name": "spine_01",
      "local": {
        "location": {
          "x": 0.0,
          "y": 0.0,
          "z": 0.0
        },
        "rotation_quaternion": {
          "w": 0.9966174364089966,
          "x": -0.042979877442121506,
          "y": 0.05733049288392067,
          "z": 0.04024484008550644
        },
        "scale": {
          "x": 1.0,
          "y": 1.0,
          "z": 1.0
        },
        "matrix_basis": [
          [
            0.9901871085166931,
            -0.08514553308486938,
            0.1108136996626854,
            0.0
          ],
          [
            0.0752893015742302,
            0.9930661916732788,
            0.09028350561857224,
            0.0
          ],
          [
            -0.11773257702589035,
            -0.08105447888374329,
            0.9897319078445435,
            0.0
          ],
          [
            0.0,
            0.0,
            0.0,
            1.0
          ]
        ],
        "rotation_mode": "QUATERNION"
      },
      "armature_space": {
        "head": {
          "x": 0.0014283487107604742,
          "y": -0.0002682134509086609,
          "z": -0.0023831925354897976
        },
        "tail": {
          "x": -0.02708096243441105,
          "y": 0.04518211632966995,
          "z": 0.48266324400901794
        }
      },
      "world_space": {
        "head": {
          "x": 0.0014283487107604742,
          "y": 0.06297578662633896,
          "z": 0.9474708437919617
        },
        "tail": {
          "x": -0.02708096243441105,
          "y": 0.10842611640691757,
          "z": 1.4325172901153564
        },
        "rotation_quaternion": {
          "w": 0.7387387752532959,
          "x": 0.6701593399047852,
          "y": 0.028855793178081512,
          "z": 0.06571775674819946
        },
        "matrix": [
          [
            0.9896969795227051,
            -0.0584205724298954,
            0.13071689009666443,
            0.0014283487107604742
          ],
          [
            0.13577285408973694,
            0.09313568472862244,
            -0.9863526821136475,
            0.06297578662633896
          ],
          [
            0.04544932022690773,
            0.9939451217651367,
            0.100107841193676,
            0.9474708437919617
          ],
          [
            0.0,
            0.0,
            0.0,
            1.0
          ]
        ]
      },
      "bone_length_armature_space": 0.48800467859994917,
      "parent": "Root",
      "has_children": true,
      "is_end_bone": false
    },
    "neck_01": {
      "name": "neck_01",
      "local": {
        "location": {
          "x": 0.0,
          "y": 0.0,
          "z": 0.0
        },
        "rotation_quaternion": {
          "w": 0.9909725189208984,
          "x": 0.009241505526006222,
          "y": -0.05006159096956253,
          "z": 0.12402400374412537
        },
        "scale": {
          "x": 1.0,
          "y": 1.0,
          "z": 1.0
        },
        "matrix_basis": [
          [
            0.9642237424850464,
            -0.24673405289649963,
            -0.0969269871711731,
            0.0
          ],
          [
            0.2448834627866745,
            0.9690653085708618,
            -0.030733833089470863,
            0.0
          ],
          [
            0.10151165723800659,
            0.005898477975279093,
            0.9948168396949768,
            0.0
          ],
          [
            0.0,
            0.0,
            0.0,
            1.0
          ]
        ],
        "rotation_mode": "QUATERNION"
      },
      "armature_space": {
        "head": {
          "x": -0.026825107634067535,
          "y": 0.01779422163963318,
          "z": 0.5589101910591125
        },
        "tail": {
          "x": -0.05221603438258171,
          "y": -0.01484043151140213,
          "z": 0.6527239680290222
        }
      },
      "world_space": {
        "head": {
          "x": -0.026825107634067535,
          "y": 0.0810382217168808,
          "z": 1.5087642669677734
        },
        "tail": {
          "x": -0.05221603438258171,
          "y": 0.04840356856584549,
          "z": 1.6025779247283936
        },
        "rotation_quaternion": {
          "w": 0.5770847797393799,
          "x": 0.806769609451294,
          "y": -0.08838984370231628,
          "z": 0.09101277589797974
        },
        "matrix": [
          [
            0.9678078293800354,
            -0.24766479432582855,
            0.04483453184366226,
            -0.026825107634067535
          ],
          [
            -0.03757756948471069,
            -0.3183206021785736,
            -0.9472381472587585,
            0.0810382217168808
          ],
          [
            0.24887098371982574,
            0.9150658249855042,
            -0.3173828721046448,
            1.5087642669677734
          ],
          [
            0.0,
            0.0,
            0.0,
            1.0
          ]
        ]
      },
      "bone_length_armature_space": 0.10252192019040943,
      "parent": "spine_01",
      "has_children": true,
      "is_end_bone": false
    },
    "head": {
      "name": "head",
      "local": {
        "location": {
          "x": 0.0,
          "y": 0.0,
          "z": 0.0
        },
        "rotation_quaternion": {
          "w": 0.9973869919776917,
          "x": 0.013116464950144291,
          "y": -0.04452534392476082,
          "z": 0.05535993352532387
        },
        "scale": {
          "x": 1.0,
          "y": 1.0,
          "z": 1.0
        },
        "matrix_basis": [
          [
            0.9899055361747742,
            -0.11159858852624893,
            -0.08736574649810791,
            0.0
          ],
          [
            0.10926252603530884,
            0.9935264587402344,
            -0.031094223260879517,
            0.0
          ],
          [
            0.09027025103569031,
            0.02123454213142395,
            0.9956908822059631,
            0.0
          ],
          [
            0.0,
            0.0,
            0.0,
            1.0
          ]
        ],
        "rotation_mode": "QUATERNION"
      },
      "armature_space": {
        "head": {
          "x": -0.05221600830554962,
          "y": -0.014840556308627129,
          "z": 0.6527238488197327
        },
        "tail": {
          "x": -0.10730049759149551,
          "y": -0.010390492156147957,
          "z": 0.7976347804069519
        }
      },
      "world_space": {
        "head": {
          "x": -0.05221600830554962,
          "y": 0.04840344190597534,
          "z": 1.6025779247283936
        },
        "tail": {
          "x": -0.10730049759149551,
          "y": 0.05285350978374481,
          "z": 1.7474887371063232
        },
        "rotation_quaternion": {
          "w": 0.6958582997322083,
          "x": 0.6919756531715393,
          "y": -0.17357371747493744,
          "z": 0.08260254561901093
        },
        "matrix": [
          [
            0.9260976314544678,
            -0.3551770746707916,
            -0.12724968791007996,
            -0.05221600830554962
          ],
          [
            -0.12526050209999084,
            0.028693387284874916,
            -0.9917089343070984,
            0.04840344190597534
          ],
          [
            0.3558858335018158,
            0.9343653917312622,
            -0.01791774109005928,
            1.6025779247283936
          ],
          [
            0.0,
            0.0,
            0.0,
            1.0
          ]
        ]
      },
      "bone_length_armature_space": 0.15509120616573607,
      "parent": "neck_01",
      "has_children": false,
      "is_end_bone": true
    },
    "upperarm_l": {
      "name": "upperarm_l",
      "local": {
        "location": {
          "x": 0.0,
          "y": 0.0,
          "z": 0.0
        },
        "rotation_quaternion": {
          "w": 0.9593752026557922,
          "x": 0.1784902811050415,
          "y": 0.12945054471492767,
          "z": -0.1760198175907135
        },
        "scale": {
          "x": 1.0,
          "y": 1.0,
          "z": 1.0
        },
        "matrix_basis": [
          [
            0.9045191407203674,
            0.3839494287967682,
            0.1855476349592209,
            0.0
          ],
          [
            -0.29152676463127136,
            0.8743165135383606,
            -0.38805001974105835,
            0.0
          ],
          [
            -0.3112189471721649,
            0.29690659046173096,
            0.902767539024353,
            0.0
          ],
          [
            0.0,
            0.0,
            0.0,
            1.0
          ]
        ],
        "rotation_mode": "QUATERNION"
      },
      "armature_space": {
        "head": {
          "x": 0.12597262859344482,
          "y": 0.028755102306604385,
          "z": 0.4992460310459137
        },
        "tail": {
          "x": 0.37361690402030945,
          "y": -0.016527242958545685,
          "z": 0.40743333101272583
        }
      },
      "world_space": {
        "head": {
          "x": 0.12597262859344482,
          "y": 0.0919990986585617,
          "z": 1.4491000175476074
        },
        "tail": {
          "x": 0.37361690402030945,
          "y": 0.046716757118701935,
          "z": 1.3572874069213867
        },
        "rotation_quaternion": {
          "w": 0.3152165710926056,
          "x": 0.4953228533267975,
          "y": 0.5622694492340088,
          "z": -0.5823633074760437
        },
        "matrix": [
          [
            -0.31058621406555176,
            0.9241512417793274,
            -0.2224428504705429,
            0.12597262859344482
          ],
          [
            0.1898709088563919,
            -0.16898325085639954,
            -0.9671577215194702,
            0.0919990986585617
          ],
          [
            -0.9313952922821045,
            -0.34262382984161377,
            -0.12298721820116043,
            1.4491000175476074
          ],
          [
            0.0,
            0.0,
            0.0,
            1.0
          ]
        ]
      },
      "bone_length_armature_space": 0.26796968335845484,
      "parent": "spine_01",
      "has_children": true,
      "is_end_bone": false
    },
    "lowerarm_l": {
      "name": "lowerarm_l",
      "local": {
        "location": {
          "x": 0.0,
          "y": 0.0,
          "z": 0.0
        },
        "rotation_quaternion": {
          "w": 0.8972481489181519,
          "x": 0.3440849781036377,
          "y": 0.23824602365493774,
          "z": -0.1406780332326889
        },
        "scale": {
          "x": 1.0,
          "y": 1.0,
          "z": 1.0
        },
        "matrix_basis": [
          [
            0.8468970656394958,
            0.4163999557495117,
            0.3307211995124817,
            0.0
          ],
          [
            -0.08849245309829712,
            0.723630428314209,
            -0.6844911575317383,
            0.0
          ],
          [
            -0.5243420004844666,
            0.550427258014679,
            0.649688720703125,
            0.0
          ],
          [
            0.0,
            0.0,
            0.0,
            1.0
          ]
        ],
        "rotation_mode": "QUATERNION"
      },
      "armature_space": {
        "head": {
          "x": 0.373617023229599,
          "y": -0.01652732864022255,
          "z": 0.4074333906173706
        },
        "tail": {
          "x": 0.4750973880290985,
          "y": -0.20948973298072815,
          "z": 0.2523946762084961
        }
      },
      "world_space": {
        "head": {
          "x": 0.373617023229599,
          "y": 0.04671667143702507,
          "z": 1.3572874069213867
        },
        "tail": {
          "x": 0.4750973880290985,
          "y": -0.14624573290348053,
          "z": 1.2022486925125122
        },
        "rotation_quaternion": {
          "w": 0.06726595759391785,
          "x": -0.6396210193634033,
          "y": -0.3671922981739044,
          "z": 0.6719598770141602
        },
        "matrix": [
          [
            -0.1727207750082016,
            0.379331111907959,
            -0.9089969992637634,
            0.373617023229599
          ],
          [
            0.5601280331611633,
            -0.721288800239563,
            -0.40743041038513184,
            0.04671667143702507
          ],
          [
            -0.810205340385437,
            -0.5795308947563171,
            -0.08789344131946564,
            1.3572874069213867
          ],
          [
            0.0,
            0.0,
            0.0,
            1.0
          ]
        ]
      },
      "bone_length_armature_space": 0.2675252517614391,
      "parent": "upperarm_l",
      "has_children": true,
      "is_end_bone": false
    },
    "metacarpal_thumb_l": {
      "name": "metacarpal_thumb_l",
      "local": {
        "location": {
          "x": 0.0,
          "y": 0.0,
          "z": 0.0
        },
        "rotation_quaternion": {
          "w": 0.9995489120483398,
          "x": -0.023562205955386162,
          "y": -0.01820126175880432,
          "z": 0.003954850137233734
        },
        "scale": {
          "x": 1.0,
          "y": 1.0,
          "z": 1.0
        },
        "matrix_basis": [
          [
            0.9993061423301697,
            -0.007048408500850201,
            -0.036572471261024475,
            0.0
          ],
          [
            0.008763856254518032,
            0.9988583922386169,
            0.04695918783545494,
            0.0
          ],
          [
            0.03619973361492157,
            -0.04724712297320366,
            0.998227059841156,
            0.0
          ],
          [
            0.0,
            0.0,
            0.0,
            1.0
          ]
        ],
        "rotation_mode": "QUATERNION"
      },
      "armature_space": {
        "head": {
          "x": 0.4750973880290985,
          "y": -0.20948973298072815,
          "z": 0.2523946762084961
        },
        "tail": {
          "x": 0.4620068669319153,
          "y": -0.24604278802871704,
          "z": 0.22163574397563934
        }
      },
      "world_space": {
        "head": {
          "x": 0.4750973880290985,
          "y": -0.14624573290348053,
          "z": 1.2022486925125122
        },
        "tail": {
          "x": 0.4620068669319153,
          "y": -0.18279878795146942,
          "z": 1.1714897155761719
        },
        "rotation_quaternion": {
          "w": 0.35264402627944946,
          "x": -0.9179849028587341,
          "y": 0.08167369663715363,
          "z": 0.16209694743156433
        },
        "matrix": [
          [
            0.9341082572937012,
            -0.26427552103996277,
            -0.2400008738040924,
            0.4750973880290985
          ],
          [
            -0.03562622144818306,
            -0.7379436492919922,
            0.6739215850830078,
            -0.14624573290348053
          ],
          [
            -0.35521045327186584,
            -0.6209700703620911,
            -0.6987385153770447,
            1.2022486925125122
          ],
          [
            0.0,
            0.0,
            0.0,
            1.0
          ]
        ]
      },
      "bone_length_armature_space": 0.04953382225462121,
      "parent": "lowerarm_l",
      "has_children": true,
      "is_end_bone": false
    },
    "thumb_01_l": {
      "name": "thumb_01_l",
      "local": {
        "location": {
          "x": 0.0,
          "y": 0.0,
          "z": 0.0
        },
        "rotation_quaternion": {
          "w": 0.9603432416915894,
          "x": 0.27852684259414673,
          "y": 0.012235790491104126,
          "z": 0.003751215059310198
        },
        "scale": {
          "x": 1.0,
          "y": 1.0,
          "z": 1.0
        },
        "matrix_basis": [
          [
            0.9996724128723145,
            -0.0003889158833771944,
            0.025590745732188225,
            0.0
          ],
          [
            0.01402090024203062,
            0.8448174595832825,
            -0.5348709225654602,
            0.0
          ],
          [
            -0.021411489695310593,
            0.5350545644760132,
            0.8445461392402649,
            0.0
          ],
          [
            0.0,
            0.0,
            0.0,
            1.0
          ]
        ],
        "rotation_mode": "QUATERNION"
      },
      "armature_space": {
        "head": {
          "x": 0.4620068669319153,
          "y": -0.24604278802871704,
          "z": 0.22163574397563934
        },
        "tail": {
          "x": 0.46472424268722534,
          "y": -0.24623890221118927,
          "z": 0.1877061426639557
        }
      },
      "world_space": {
        "head": {
          "x": 0.4620068669319153,
          "y": -0.18279878795146942,
          "z": 1.1714897155761719
        },
        "tail": {
          "x": 0.46472424268722534,
          "y": -0.18299490213394165,
          "z": 1.1375601291656494
        },
        "rotation_quaternion": {
          "w": 0.5018521547317505,
          "x": -0.46337515115737915,
          "y": 0.49524107575416565,
          "z": -0.5368092656135559
        },
        "matrix": [
          [
            -0.06685484945774078,
            0.07983264327049255,
            0.99456387758255,
            0.4620068669319153
          ],
          [
            -0.9977626800537109,
            -0.005761386826634407,
            -0.06660754233598709,
            -0.18279878795146942
          ],
          [
            0.0004118308424949646,
            -0.9967986941337585,
            0.08003973960876465,
            1.1714897155761719
          ],
          [
            0.0,
            0.0,
            0.0,
            1.0
          ]
        ]
      },
      "bone_length_armature_space": 0.03403880782382423,
      "parent": "metacarpal_thumb_l",
      "has_children": true,
      "is_end_bone": false
    },
    "thumb_02_l": {
      "name": "thumb_02_l",
      "local": {
        "location": {
          "x": 0.0,
          "y": 0.0,
          "z": 0.0
        },
        "rotation_quaternion": {
          "w": 0.8994561433792114,
          "x": 0.4369233250617981,
          "y": 0.0037285340949892998,
          "z": 0.007923457771539688
        },
        "scale": {
          "x": 1.0,
          "y": 1.0,
          "z": 1.0
        },
        "matrix_basis": [
          [
            0.9998466372489929,
            -0.010995438322424889,
            0.013631192967295647,
            0.0
          ],
          [
            0.017511771991848946,
            0.6180704832077026,
            -0.7859276533126831,
            0.0
          ],
          [
            0.00021658123296219856,
            0.7860458493232727,
            0.6181682348251343,
            0.0
          ],
          [
            0.0,
            0.0,
            0.0,
            1.0
          ]
        ],
        "rotation_mode": "QUATERNION"
      },
      "armature_space": {
        "head": {
          "x": 0.46472418308258057,
          "y": -0.2462388575077057,
          "z": 0.1877061426639557
        },
        "tail": {
          "x": 0.4902340769767761,
          "y": -0.2719256579875946,
          "z": 0.20510204136371613
        }
      },
      "world_space": {
        "head": {
          "x": 0.46472418308258057,
          "y": -0.18299485743045807,
          "z": 1.1375601291656494
        },
        "tail": {
          "x": 0.4902340769767761,
          "y": -0.20868165791034698,
          "z": 1.1549561023712158
        },
        "rotation_quaternion": {
          "w": 0.3671136796474457,
          "x": 0.06543764472007751,
          "y": -0.2132057547569275,
          "z": -0.9030441641807556
        },
        "matrix": [
          [
            -0.7218905687332153,
            0.635136604309082,
            -0.2747284173965454,
            0.46472418308258057
          ],
          [
            -0.6909435391426086,
            -0.639541506767273,
            0.33702197670936584,
            -0.18299485743045807
          ],
          [
            0.038354456424713135,
            0.4331173300743103,
            0.9005290269851685,
            1.1375601291656494
          ],
          [
            0.0,
            0.0,
            0.0,
            1.0
          ]
        ]
      },
      "bone_length_armature_space": 0.04016445785312389,
      "parent": "thumb_01_l",
      "has_children": true,
      "is_end_bone": false
    },
    "thumb_03_l": {
      "name": "thumb_03_l",
      "local": {
        "location": {
          "x": 0.0,
          "y": 0.0,
          "z": 0.0
        },
        "rotation_quaternion": {
          "w": 0.9871142506599426,
          "x": 0.15981779992580414,
          "y": 0.0071997870691120625,
          "z": -0.003449502168223262
        },
        "scale": {
          "x": 1.0,
          "y": 1.0,
          "z": 1.0
        },
        "matrix_basis": [
          [
            0.9998725056648254,
            0.009111413732171059,
            0.013111441396176815,
            0.0
          ],
          [
            -0.004508797079324722,
            0.9488927721977234,
            -0.3155665397644043,
            0.0
          ],
          [
            -0.015316608361899853,
            0.3154671788215637,
            0.9488128423690796,
            0.0
          ],
          [
            0.0,
            0.0,
            0.0,
            1.0
          ]
        ],
        "rotation_mode": "QUATERNION"
      },
      "armature_space": {
        "head": {
          "x": 0.49023401737213135,
          "y": -0.271925687789917,
          "z": 0.20510196685791016
        },
        "tail": {
          "x": 0.5025206804275513,
          "y": -0.28232136368751526,
          "z": 0.23094509541988373
        }
      },
      "world_space": {
        "head": {
          "x": 0.49023401737213135,
          "y": -0.20868168771266937,
          "z": 1.1549559831619263
        },
        "tail": {
          "x": 0.5025206804275513,
          "y": -0.21907736361026764,
          "z": 1.180799126625061
        },
        "rotation_quaternion": {
          "w": 0.43589943647384644,
          "x": 0.33317238092422485,
          "y": -0.3731778562068939,
          "z": -0.7481484413146973
        },
        "matrix": [
          [
            -0.39797449111938477,
            0.403571218252182,
            -0.8238609433174133,
            0.49023401737213135
          ],
          [
            -0.9009007215499878,
            -0.3414592444896698,
            0.26792457699775696,
            -0.20868168771266937
          ],
          [
            -0.17319022119045258,
            0.8488497138023376,
            0.4994732439517975,
            1.1549559831619263
          ],
          [
            0.0,
            0.0,
            0.0,
            1.0
          ]
        ]
      },
      "bone_length_armature_space": 0.030445023835202867,
      "parent": "thumb_02_l",
      "has_children": false,
      "is_end_bone": true
    },
    "metacarpal_index_l": {
      "name": "metacarpal_index_l",
      "local": {
        "location": {
          "x": 0.0,
          "y": 0.0,
          "z": 0.0
        },
        "rotation_quaternion": {
          "w": 0.9986605644226074,
          "x": -0.05148017033934593,
          "y": 0.0029588905163109303,
          "z": 0.004262523725628853
        },
        "scale": {
          "x": 1.0,
          "y": 1.0,
          "z": 1.0
        },
        "matrix_basis": [
          [
            0.9999461770057678,
            -0.008818277157843113,
            0.005470983684062958,
            0.0
          ],
          [
            0.008208980783820152,
            0.9946632385253906,
            0.10284765809774399,
            0.0
          ],
          [
            -0.006348725408315659,
            -0.10279721021652222,
            0.9946820735931396,
            0.0
          ],
          [
            0.0,
            0.0,
            0.0,
            1.0
          ]
        ],
        "rotation_mode": "QUATERNION"
      },
      "armature_space": {
        "head": {
          "x": 0.4750973880290985,
          "y": -0.20948973298072815,
          "z": 0.2523946762084961
        },
        "tail": {
          "x": 0.49171844124794006,
          "y": -0.30581408739089966,
          "z": 0.1877831518650055
        }
      },
      "world_space": {
        "head": {
          "x": 0.4750973880290985,
          "y": -0.14624573290348053,
          "z": 1.2022486925125122
        },
        "tail": {
          "x": 0.49171844124794006,
          "y": -0.24257008731365204,
          "z": 1.1376371383666992
        },
        "rotation_quaternion": {
          "w": 0.24202069640159607,
          "x": -0.8890563249588013,
          "y": -0.17431901395320892,
          "z": 0.34730085730552673
        },
        "matrix": [
          [
            0.6979901194572449,
            0.1418519914150238,
            -0.7019174098968506,
            0.4750973880290985
          ],
          [
            0.47806698083877563,
            -0.8220783472061157,
            0.30925655364990234,
            -0.14624573290348053
          ],
          [
            -0.5331655740737915,
            -0.5514258742332458,
            -0.6416214108467102,
            1.2022486925125122
          ],
          [
            0.0,
            0.0,
            0.0,
            1.0
          ]
        ]
      },
      "bone_length_armature_space": 0.11717205256235659,
      "parent": "lowerarm_l",
      "has_children": true,
      "is_end_bone": false
    },
    "index_01_l": {
      "name": "index_01_l",
      "local": {
        "location": {
          "x": 0.0,
          "y": 0.0,
          "z": 0.0
        },
        "rotation_quaternion": {
          "w": 0.9544844627380371,
          "x": 0.29748931527137756,
          "y": -0.019515855237841606,
          "z": -0.008879736065864563
        },
        "scale": {
          "x": 1.0,
          "y": 1.0,
          "z": 1.0
        },
        "matrix_basis": [
          [
            0.9990805387496948,
            0.005339623428881168,
            -0.042538415640592575,
            0.0
          ],
          [
            -0.02856265753507614,
            0.822842538356781,
            -0.5675512552261353,
            0.0
          ],
          [
            0.03197190910577774,
            0.568244457244873,
            0.8222385048866272,
            0.0
          ],
          [
            0.0,
            0.0,
            0.0,
            1.0
          ]
        ],
        "rotation_mode": "QUATERNION"
      },
      "armature_space": {
        "head": {
          "x": 0.49171844124794006,
          "y": -0.30581408739089966,
          "z": 0.1877831518650055
        },
        "tail": {
          "x": 0.49237459897994995,
          "y": -0.3169497549533844,
          "z": 0.16154108941555023
        }
      },
      "world_space": {
        "head": {
          "x": 0.49171844124794006,
          "y": -0.24257008731365204,
          "z": 1.1376371383666992
        },
        "tail": {
          "x": 0.49237459897994995,
          "y": -0.2537057399749756,
          "z": 1.1113951206207275
        },
        "rotation_quaternion": {
          "w": 0.4858768880367279,
          "x": -0.7435670495033264,
          "y": -0.26203060150146484,
          "z": 0.37732163071632385
        },
        "matrix": [
          [
            0.5779372453689575,
            0.023011982440948486,
            -0.8157569169998169,
            0.49171844124794006
          ],
          [
            0.7563382983207703,
            -0.3905278444290161,
            0.5248246192932129,
            -0.24257008731365204
          ],
          [
            -0.3064999580383301,
            -0.9203103184700012,
            -0.24310672283172607,
            1.1376371383666992
          ],
          [
            0.0,
            0.0,
            0.0,
            1.0
          ]
        ]
      },
      "bone_length_armature_space": 0.02851454812773317,
      "parent": "metacarpal_index_l",
      "has_children": true,
      "is_end_bone": false
    },
    "index_02_l": {
      "name": "index_02_l",
      "local": {
        "location": {
          "x": 0.0,
          "y": 0.0,
          "z": 0.0
        },
        "rotation_quaternion": {
          "w": 0.883216917514801,
          "x": 0.4688689708709717,
          "y": 0.009450120851397514,
          "z": 0.0007136005442589521
        },
        "scale": {
          "x": 1.0,
          "y": 1.0,
          "z": 1.0
        },
        "matrix_basis": [
          [
            0.999820351600647,
            0.00760120851919055,
            0.017362182959914207,
            0.0
          ],
          [
            0.010122264735400677,
            0.5603227615356445,
            -0.8282124996185303,
            0.0
          ],
          [
            -0.016023842617869377,
            0.8282395005226135,
            0.5601451396942139,
            0.0
          ],
          [
            0.0,
            0.0,
            0.0,
            1.0
          ]
        ],
        "rotation_mode": "QUATERNION"
      },
      "armature_space": {
        "head": {
          "x": 0.4923742115497589,
          "y": -0.31694990396499634,
          "z": 0.16154073178768158
        },
        "tail": {
          "x": 0.47540703415870667,
          "y": -0.31254929304122925,
          "z": 0.1428098827600479
        }
      },
      "world_space": {
        "head": {
          "x": 0.4923742115497589,
          "y": -0.2537059187889099,
          "z": 1.1113947629928589
        },
        "tail": {
          "x": 0.47540703415870667,
          "y": -0.24930529296398163,
          "z": 1.0926638841629028
        },
        "rotation_quaternion": {
          "w": 0.761819064617157,
          "x": -0.4332948923110962,
          "y": -0.07350686192512512,
          "z": 0.4759034514427185
        },
        "matrix": [
          [
            0.5362234115600586,
            -0.661404550075531,
            -0.524412989616394,
            0.4923742115497589
          ],
          [
            0.788806676864624,
            0.17154142260551453,
            0.5902186632156372,
            -0.2537059187889099
          ],
          [
            -0.30041608214378357,
            -0.730154275894165,
            0.6137092113494873,
            1.1113947629928589
          ],
          [
            0.0,
            0.0,
            0.0,
            1.0
          ]
        ]
      },
      "bone_length_armature_space": 0.025653365885968064,
      "parent": "index_01_l",
      "has_children": true,
      "is_end_bone": false
    },
    "index_03_l": {
      "name": "index_03_l",
      "local": {
        "location": {
          "x": 0.0,
          "y": 0.0,
          "z": 0.0
        },
        "rotation_quaternion": {
          "w": 0.9348063468933105,
          "x": 0.3551400303840637,
          "y": -0.0014606204349547625,
          "z": -0.0032486743293702602
        },
        "scale": {
          "x": 1.0,
          "y": 1.0,
          "z": 1.0
        },
        "matrix_basis": [
          [
            0.9999746084213257,
            0.005036313086748123,
            -0.005038263276219368,
            0.0
          ],
          [
            -0.0071112122386693954,
            0.747730016708374,
            -0.6639648079872131,
            0.0
          ],
          [
            0.00042332589509896934,
            0.6639838218688965,
            0.7477468252182007,
            0.0
          ],
          [
            0.0,
            0.0,
            0.0,
            1.0
          ]
        ],
        "rotation_mode": "QUATERNION"
      },
      "armature_space": {
        "head": {
          "x": 0.47540706396102905,
          "y": -0.3125494122505188,
          "z": 0.14280980825424194
        },
        "tail": {
          "x": 0.453021764755249,
          "y": -0.29393935203552246,
          "z": 0.1403004378080368
        }
      },
      "world_space": {
        "head": {
          "x": 0.47540706396102905,
          "y": -0.24930541217327118,
          "z": 1.0926637649536133
        },
        "tail": {
          "x": 0.453021764755249,
          "y": -0.23069535195827484,
          "z": 1.0901544094085693
        },
        "rotation_quaternion": {
          "w": 0.8980591297149658,
          "x": -0.0982828140258789,
          "y": 0.10932229459285736,
          "z": 0.4145827889442444
        },
        "matrix": [
          [
            0.6323394775390625,
            -0.7661292552947998,
            0.11486247181892395,
            0.47540706396102905
          ],
          [
            0.7231510281562805,
            0.6369229555130005,
            0.26717454195022583,
            -0.24930541217327118
          ],
          [
            -0.27785003185272217,
            -0.08588239550590515,
            0.9567850828170776,
            1.0926637649536133
          ],
          [
            0.0,
            0.0,
            0.0,
            1.0
          ]
        ]
      },
      "bone_length_armature_space": 0.029218707619089637,
      "parent": "index_02_l",
      "has_children": false,
      "is_end_bone": true
    },
    "metacarpal_pinky_l": {
      "name": "metacarpal_pinky_l",
      "local": {
        "location": {
          "x": 0.0,
          "y": 0.0,
          "z": 0.0
        },
        "rotation_quaternion": {
          "w": 0.9996932148933411,
          "x": 0.016699934378266335,
          "y": -0.01704256422817707,
          "z": -0.006644438952207565
        },
        "scale": {
          "x": 1.0,
          "y": 1.0,
          "z": 1.0
        },
        "matrix_basis": [
          [
            0.9993308186531067,
            0.012715581804513931,
            -0.03429659456014633,
            0.0
          ],
          [
            -0.013854020275175571,
            0.9993539452552795,
            -0.03316314518451691,
            0.0
          ],
          [
            0.033852748572826385,
            0.03361609950661659,
            0.9988613128662109,
            0.0
          ],
          [
            0.0,
            0.0,
            0.0,
            1.0
          ]
        ],
        "rotation_mode": "QUATERNION"
      },
      "armature_space": {
        "head": {
          "x": 0.4750973880290985,
          "y": -0.20948973298072815,
          "z": 0.2523946762084961
        },
        "tail": {
          "x": 0.5402060151100159,
          "y": -0.2708606719970703,
          "z": 0.19912423193454742
        }
      },
      "world_space": {
        "head": {
          "x": 0.4750973880290985,
          "y": -0.14624573290348053,
          "z": 1.2022486925125122
        },
        "tail": {
          "x": 0.5402060151100159,
          "y": -0.2076166719198227,
          "z": 1.1489782333374023
        },
        "rotation_quaternion": {
          "w": 0.3047487437725067,
          "x": 0.13093754649162292,
          "y": 0.3353298008441925,
          "z": -0.8817809820175171
        },
        "matrix": [
          [
            -0.7799670696258545,
            0.6252581477165222,
            -0.02653227373957634,
            0.4750973880290985
          ],
          [
            -0.4496303200721741,
            -0.5893642902374268,
            -0.671180248260498,
            -0.14624573290348053
          ],
          [
            -0.43530139327049255,
            -0.5115726590156555,
            0.7408238649368286,
            1.2022486925125122
          ],
          [
            0.0,
            0.0,
            0.0,
            1.0
          ]
        ]
      },
      "bone_length_armature_space": 0.10413100084032074,
      "parent": "lowerarm_l",
      "has_children": true,
      "is_end_bone": false
    },
    "pinky_01_l": {
      "name": "pinky_01_l",
      "local": {
        "location": {
          "x": 0.0,
          "y": 0.0,
          "z": 0.0
        },
        "rotation_quaternion": {
          "w": 0.9509227275848389,
          "x": 0.309230238199234,
          "y": -0.007581160869449377,
          "z": -0.008078905753791332
        },
        "scale": {
          "x": 1.0,
          "y": 1.0,
          "z": 1.0
        },
        "matrix_basis": [
          [
            0.9997544884681702,
            0.010676181875169277,
            -0.01941468007862568,
            0.0
          ],
          [
            -0.020053477957844734,
            0.8086227774620056,
            -0.587985634803772,
            0.0
          ],
          [
            0.009421712718904018,
            0.5882306098937988,
            0.8086383938789368,
            0.0
          ],
          [
            0.0,
            0.0,
            0.0,
            1.0
          ]
        ],
        "rotation_mode": "QUATERNION"
      },
      "armature_space": {
        "head": {
          "x": 0.5402060151100159,
          "y": -0.2708606719970703,
          "z": 0.19912423193454742
        },
