{
  "metadata": {
    "armature_name": "KIM_caucasian_male",
    "export_time": "2026-01-13T21:12:24.185135",
    "blender_version": "4.4.1",
    "bone_count": 56,
    "end_bone_count": 13,
    "spaces_included": [
      "LOCAL_CHANNELS",
      "ARMATURE_SPACE",
      "WORLD_SPACE"
    ],
    "note": "LOCAL matches Transform panel; replay pose via local.matrix_basis for best fidelity."
  },
  "bones": {
    "Root": {
      "name": "Root",
      "local": {
        "location": {
          "x": 0.0,
          "y": 0.0,
          "z": 0.0
        },
        "rotation_quaternion": {
          "w": 0.9997600317001343,
          "x": 0.015373149886727333,
          "y": 0.014930554665625095,
          "z": 0.004545354750007391
        },
        "scale": {
          "x": 1.0,
          "y": 1.0,
          "z": 1.0
        },
        "matrix_basis": [
          [
            0.9995128512382507,
            -0.008629468269646168,
            0.02999369613826275,
            0.0
          ],
          [
            0.009547587484121323,
            0.9994860291481018,
            -0.03060319274663925,
            0.0
          ],
          [
            -0.02971419133245945,
            0.030874650925397873,
            0.9990814924240112,
            0.0
          ],
          [
            0.0,
            0.0,
            0.0,
            1.0
          ]
        ],
        "rotation_mode": "QUATERNION"
      },
      "armature_space": {
        "head": {
          "x": 0.0,
          "y": 0.07072800397872925,
          "z": -0.009595036506652832
        },
        "tail": {
          "x": -0.0006159357726573944,
          "y": -0.00025988370180130005,
          "z": -0.002188649959862232
        }
      },
      "world_space": {
        "head": {
          "x": 0.0,
          "y": 0.13397200405597687,
          "z": 0.9402589797973633
        },
        "tail": {
          "x": -0.0006159357726573944,
          "y": 0.06298411637544632,
          "z": 0.9476653933525085
        },
        "rotation_quaternion": {
          "w": 0.05201326310634613,
          "x": 0.9985244274139404,
          "y": -0.0035291886888444424,
          "z": 0.015202846378087997
        },
        "matrix": [
          [
            0.9995128512382507,
            -0.008629468269646168,
            0.02999369613826275,
            0.0
          ],
          [
            -0.005466456525027752,
            -0.9945642948150635,
            -0.10398080945014954,
            0.13397200405597687
          ],
          [
            0.030728168785572052,
            0.10376597195863724,
            -0.9941340088844299,
            0.9402589797973633
          ],
          [
            0.0,
            0.0,
            0.0,
            1.0
          ]
        ]
      },
      "bone_length_armature_space": 0.07137586579968695,
      "parent": null,
      "has_children": true,
      "is_end_bone": false
    },
    "spine_01": {
      "name": "spine_01",
      "local": {
        "location": {
          "x": 0.0,
          "y": 0.0,
          "z": 0.0
        },
        "rotation_quaternion": {
          "w": 0.997898280620575,
          "x": 0.055653881281614304,
          "y": 0.032362282276153564,
          "z": 0.007375810761004686
        },
        "scale": {
          "x": 1.0,
          "y": 1.0,
          "z": 1.0
        },
        "matrix_basis": [
          [
            0.9977965354919434,
            -0.011118444614112377,
            0.06540951877832413,
            0.0
          ],
          [
            0.018322791904211044,
            0.9936965107917786,
            -0.1105964258313179,
            0.0
          ],
          [
            -0.06376754492521286,
            0.11155121773481369,
            0.9917106628417969,
            0.0
          ],
          [
            0.0,
            0.0,
            0.0,
            1.0
          ]
        ],
        "rotation_mode": "QUATERNION"
      },
      "armature_space": {
        "head": {
          "x": -0.0006159357726573944,
          "y": -0.00025988370180130005,
          "z": -0.002188649959862232
        },
        "tail": {
          "x": -0.021219845861196518,
          "y": -0.0468585304915905,
          "z": 0.4831489026546478
        }
      },
      "world_space": {
        "head": {
          "x": -0.0006159357726573944,
          "y": 0.06298411637544632,
          "z": 0.9476653933525085
        },
        "tail": {
          "x": -0.021219845861196518,
          "y": 0.01638546958565712,
          "z": 1.4330029487609863
        },
        "rotation_quaternion": {
          "w": 0.672476589679718,
          "x": 0.7391480207443237,
          "y": 0.0055394722148776054,
          "z": 0.03748086467385292
        },
        "matrix": [
          [
            0.9971290230751038,
            -0.04222102090716362,
            0.06285782903432846,
            -0.0006159357726573944
          ],
          [
            0.05859868973493576,
            -0.0954887866973877,
            -0.9937042593955994,
            0.06298411637544632
          ],
          [
            0.04795781150460243,
            0.9945416450500488,
            -0.09274210780858994,
            0.9476653933525085
          ],
          [
            0.0,
            0.0,
            0.0,
            1.0
          ]
        ]
      },
      "bone_length_armature_space": 0.4880046152042992,
      "parent": "Root",
      "has_children": true,
      "is_end_bone": false
    },
    "neck_01": {
      "name": "neck_01",
      "local": {
        "location": {
          "x": 0.0,
          "y": 0.0,
          "z": 0.0
        },
        "rotation_quaternion": {
          "w": 0.990490734577179,
          "x": -0.12974531948566437,
          "y": 0.04572855681180954,
          "z": 0.0018054659012705088
        },
        "scale": {
          "x": 1.0,
          "y": 1.0,
          "z": 1.0
        },
        "matrix_basis": [
          [
            0.9958112835884094,
            -0.015442727133631706,
            0.09011892229318619,
            0.0
          ],
          [
            -0.008289538323879242,
            0.9663257598876953,
            0.25718820095062256,
            0.0
          ],
          [
            -0.09105592221021652,
            -0.2568579614162445,
            0.9621500968933105,
            0.0
          ],
          [
            0.0,
            0.0,
            0.0,
            1.0
          ]
        ],
        "rotation_mode": "QUATERNION"
      },
      "armature_space": {
        "head": {
          "x": -0.022131266072392464,
          "y": -0.08831217139959335,
          "z": 0.552751362323761
        },
        "tail": {
          "x": -0.027121352031826973,
          "y": -0.1112995594739914,
          "z": 0.6525382995605469
        }
      },
      "world_space": {
        "head": {
          "x": -0.022131266072392464,
          "y": -0.025068171322345734,
          "z": 1.5026054382324219
        },
        "tail": {
          "x": -0.027121352031826973,
          "y": -0.048055559396743774,
          "z": 1.602392315864563
        },
        "rotation_quaternion": {
          "w": 0.6221006512641907,
          "x": 0.778649628162384,
          "y": 0.0296710804104805,
          "z": 0.0762581080198288
        },
        "matrix": [
          [
            0.9866088032722473,
            -0.048673637211322784,
            0.155673086643219,
            -0.022131266072392464
          ],
          [
            0.14108684659004211,
            -0.22422049939632416,
            -0.9642717242240906,
            -0.025068171322345734
          ],
          [
            0.0818404108285904,
            0.973328709602356,
            -0.21435312926769257,
            1.5026054382324219
          ],
          [
            0.0,
            0.0,
            0.0,
            1.0
          ]
        ]
      },
      "bone_length_armature_space": 0.10252196708367757,
      "parent": "spine_01",
      "has_children": true,
      "is_end_bone": false
    },
    "head": {
      "name": "head",
      "local": {
        "location": {
          "x": 0.0,
          "y": 0.0,
          "z": 0.0
        },
        "rotation_quaternion": {
          "w": 0.9656078815460205,
          "x": -0.14161835610866547,
          "y": -0.13931779563426971,
          "z": 0.16773879528045654
        },
        "scale": {
          "x": 1.0,
          "y": 1.0,
          "z": 1.0
        },
        "matrix_basis": [
          [
            0.9049084782600403,
            -0.28447988629341125,
            -0.3165625035762787,
            0.0
          ],
          [
            0.3633997142314911,
            0.9036158919334412,
            0.22675760090351105,
            0.0
          ],
          [
            0.22154293954372406,
            -0.32023361325263977,
            0.9210695624351501,
            0.0
          ],
          [
            0.0,
            0.0,
            0.0,
            1.0
          ]
        ],
        "rotation_mode": "QUATERNION"
      },
      "armature_space": {
        "head": {
          "x": -0.027121324092149734,
          "y": -0.11129969358444214,
          "z": 0.6525381803512573
        },
        "tail": {
          "x": -0.09118524193763733,
          "y": -0.04915826767683029,
          "z": 0.7793745994567871
        }
      },
      "world_space": {
        "head": {
          "x": -0.027121324092149734,
          "y": -0.04805569350719452,
          "z": 1.6023921966552734
        },
        "tail": {
          "x": -0.09118524193763733,
          "y": 0.014085732400417328,
          "z": 1.7292286157608032
        },
        "rotation_quaternion": {
          "w": 0.8094829320907593,
          "x": 0.5352482199668884,
          "y": -0.21231229603290558,
          "z": 0.11476186662912369
        },
        "matrix": [
          [
            0.8835068941116333,
            -0.41307517886161804,
            -0.2208726704120636,
            -0.027121324092149734
          ],
          [
            -0.041481852531433105,
            0.40067923069000244,
            -0.9152790307998657,
            -0.04805569350719452
          ],
          [
            0.46658122539520264,
            0.817823588848114,
            0.33686912059783936,
            1.6023921966552734
          ],
          [
            0.0,
            0.0,
            0.0,
            1.0
          ]
        ]
      },
      "bone_length_armature_space": 0.15509100759600042,
      "parent": "neck_01",
      "has_children": false,
      "is_end_bone": true
    },
    "upperarm_l": {
      "name": "upperarm_l",
      "local": {
        "location": {
          "x": 0.0,
          "y": 0.0,
          "z": 0.0
        },
        "rotation_quaternion": {
          "w": 0.9914889931678772,
          "x": 0.09035661816596985,
          "y": -0.037522092461586,
          "z": -0.08589198440313339
        },
        "scale": {
          "x": 1.0,
          "y": 1.0,
          "z": 1.0
        },
        "matrix_basis": [
          [
            0.9824293255805969,
            0.16354118287563324,
            -0.0899273008108139,
            0.0
          ],
          [
            -0.17710265517234802,
            0.9689164757728577,
            -0.1727294921875,
            0.0
          ],
          [
            0.0588836632668972,
            0.18562087416648865,
            0.9808555245399475,
            0.0
          ],
          [
            0.0,
            0.0,
            0.0,
            1.0
          ]
        ],
        "rotation_mode": "QUATERNION"
      },
      "armature_space": {
        "head": {
          "x": 0.13047613203525543,
          "y": -0.0762738287448883,
          "z": 0.49280837178230286
        },
        "tail": {
          "x": 0.39458519220352173,
          "y": -0.09441012144088745,
          "z": 0.45127370953559875
        }
      },
      "world_space": {
        "head": {
          "x": 0.13047613203525543,
          "y": -0.013029828667640686,
          "z": 1.4426623582839966
        },
        "tail": {
          "x": 0.39458519220352173,
          "y": -0.03116612136363983,
          "z": 1.4011276960372925
        },
        "rotation_quaternion": {
          "w": 0.4332091510295868,
          "x": 0.4858555197715759,
          "y": 0.5277210474014282,
          "z": -0.5456966757774353
        },
        "matrix": [
          [
            -0.15254797041416168,
            0.9855939745903015,
            -0.07303212583065033,
            0.13047613203525543
          ],
          [
            0.039991531521081924,
            -0.0676804706454277,
            -0.9969052672386169,
            -0.013029828667640686
          ],
          [
            -0.9874935746192932,
            -0.15499775111675262,
            -0.02909202128648758,
            1.4426623582839966
          ],
          [
            0.0,
            0.0,
            0.0,
            1.0
          ]
        ]
      },
      "bone_length_armature_space": 0.26796950464283154,
      "parent": "spine_01",
      "has_children": true,
      "is_end_bone": false
    },
    "lowerarm_l": {
      "name": "lowerarm_l",
      "local": {
        "location": {
          "x": 0.0,
          "y": 0.0,
          "z": 0.0
        },
        "rotation_quaternion": {
          "w": 0.995286226272583,
          "x": 0.07895921170711517,
          "y": -0.02089778520166874,
          "z": 0.05228846147656441
        },
        "scale": {
          "x": 1.0,
          "y": 1.0,
          "z": 1.0
        },
        "matrix_basis": [
          [
            0.9936584234237671,
            -0.10738411545753479,
            -0.033341243863105774,
            0.0
          ],
          [
            0.1007838249206543,
            0.9820626974105835,
            -0.15935945510864258,
            0.0
          ],
          [
            0.04985586553812027,
            0.1549886018037796,
            0.986657440662384,
            0.0
          ],
          [
            0.0,
            0.0,
            0.0,
            1.0
          ]
        ],
        "rotation_mode": "QUATERNION"
      },
      "armature_space": {
        "head": {
          "x": 0.3945853114128113,
          "y": -0.09441018849611282,
          "z": 0.4512738287448883
        },
        "tail": {
          "x": 0.6476702690124512,
          "y": -0.18043896555900574,
          "z": 0.4620625972747803
        }
      },
      "world_space": {
        "head": {
          "x": 0.3945853114128113,
          "y": -0.031166188418865204,
          "z": 1.401127815246582
        },
        "tail": {
          "x": 0.6476702690124512,
          "y": -0.11719496548175812,
          "z": 1.4119166135787964
        },
        "rotation_quaternion": {
          "w": 0.4559572637081146,
          "x": 0.5324146151542664,
          "y": 0.36237525939941406,
          "z": -0.6142652034759521
        },
        "matrix": [
          [
            -0.01727462001144886,
            0.9460252523422241,
            -0.3236316442489624,
            0.3945853114128113
          ],
          [
            -0.1742900311946869,
            -0.32157349586486816,
            -0.9307059645652771,
            -0.031166188418865204
          ],
          [
            -0.9845500588417053,
            0.04032815247774124,
            0.1704382300376892,
            1.401127815246582
          ],
          [
            0.0,
            0.0,
            0.0,
            1.0
          ]
        ]
      },
      "bone_length_armature_space": 0.2675244682884154,
      "parent": "upperarm_l",
      "has_children": true,
      "is_end_bone": false
    },
    "metacarpal_thumb_l": {
      "name": "metacarpal_thumb_l",
      "local": {
        "location": {
          "x": 0.0,
          "y": 0.0,
          "z": 0.0
        },
        "rotation_quaternion": {
          "w": 0.9991722106933594,
          "x": -0.03183579817414284,
          "y": -0.016585197299718857,
          "z": -0.019143499433994293
        },
        "scale": {
          "x": 1.0,
          "y": 1.0,
          "z": 1.0
        },
        "matrix_basis": [
          [
            0.9987168908119202,
            0.03931131213903427,
            -0.031924039125442505,
            0.0
          ],
          [
            -0.03719929978251457,
            0.9972400069236755,
            0.06425388902425766,
            0.0
          ],
          [
            0.034361831843853,
            -0.06298389285802841,
            0.9974228143692017,
            0.0
          ],
          [
            0.0,
            0.0,
            0.0,
            1.0
          ]
        ],
        "rotation_mode": "QUATERNION"
      },
      "armature_space": {
        "head": {
          "x": 0.6476702690124512,
          "y": -0.18043896555900574,
          "z": 0.4620625972747803
        },
        "tail": {
          "x": 0.6770817637443542,
          "y": -0.22029396891593933,
          "z": 0.46241867542266846
        }
      },
      "world_space": {
        "head": {
          "x": 0.6476702690124512,
          "y": -0.11719496548175812,
          "z": 1.4119166135787964
        },
        "tail": {
          "x": 0.6770817637443542,
          "y": -0.1570499688386917,
          "z": 1.4122726917266846
        },
        "rotation_quaternion": {
          "w": 0.03704007714986801,
          "x": 0.9444962739944458,
          "y": 0.3103637993335724,
          "z": -0.10113901644945145
        },
        "matrix": [
          [
            0.7868902087211609,
            0.5937671661376953,
            -0.16805888712406158,
            0.6476702690124512
          ],
          [
            0.5787824988365173,
            -0.8046044707298279,
            -0.13274908065795898,
            -0.11719496548175812
          ],
          [
            -0.2140440195798874,
            0.007188711315393448,
            -0.9768048524856567,
            1.4119166135787964
          ],
          [
            0.0,
            0.0,
            0.0,
            1.0
          ]
        ]
      },
      "bone_length_armature_space": 0.0495336665605554,
      "parent": "lowerarm_l",
      "has_children": true,
      "is_end_bone": false
    },
    "thumb_01_l": {
      "name": "thumb_01_l",
      "local": {
        "location": {
          "x": 0.0,
          "y": 0.0,
          "z": 0.0
        },
        "rotation_quaternion": {
          "w": 0.9701128005981445,
          "x": 0.24116827547550201,
          "y": 0.01200348511338234,
          "z": 0.023982767015695572
        },
        "scale": {
          "x": 1.0,
          "y": 1.0,
          "z": 1.0
        },
        "matrix_basis": [
          [
            0.9985615015029907,
            -0.040742259472608566,
            0.034857235848903656,
            0.0
          ],
          [
            0.052321698516607285,
            0.8825253844261169,
            -0.46734511852264404,
            0.0
          ],
          [
            -0.01172170415520668,
            0.4684966206550598,
            0.883387565612793,
            0.0
          ],
          [
            0.0,
            0.0,
            0.0,
            1.0
          ]
        ],
        "rotation_mode": "QUATERNION"
      },
      "armature_space": {
        "head": {
          "x": 0.6770817637443542,
          "y": -0.22029396891593933,
          "z": 0.46241867542266846
        },
        "tail": {
          "x": 0.6944996118545532,
          "y": -0.23269306123256683,
          "z": 0.4359325170516968
        }
      },
      "world_space": {
        "head": {
          "x": 0.6770817637443542,
          "y": -0.1570499688386917,
          "z": 1.4122726917266846
        },
        "tail": {
          "x": 0.6944996118545532,
          "y": -0.1694490611553192,
          "z": 1.385786533355713
        },
        "rotation_quaternion": {
          "w": 0.5635561943054199,
          "x": -0.6764966249465942,
          "y": 0.016492510214447975,
          "z": -0.4737982153892517
        },
        "matrix": [
          [
            0.5504827499389648,
            0.5117093920707703,
            0.6596376895904541,
            0.6770817637443542
          ],
          [
            -0.5563410520553589,
            -0.3642658591270447,
            0.7468567490577698,
            -0.1570499688386917
          ],
          [
            0.6224610209465027,
            -0.7781214118003845,
            0.08416417241096497,
            1.4122726917266846
          ],
          [
            0.0,
            0.0,
            0.0,
            1.0
          ]
        ]
      },
      "bone_length_armature_space": 0.03403873544015035,
      "parent": "metacarpal_thumb_l",
      "has_children": true,
      "is_end_bone": false
    },
    "thumb_02_l": {
      "name": "thumb_02_l",
      "local": {
        "location": {
          "x": 0.0,
          "y": 0.0,
          "z": 0.0
        },
        "rotation_quaternion": {
          "w": 0.8876859545707703,
          "x": 0.4603406488895416,
          "y": 0.006177888717502356,
          "z": 0.007881616242229939
        },
        "scale": {
          "x": 1.0,
          "y": 1.0,
          "z": 1.0
        },
        "matrix_basis": [
          [
            0.9997994303703308,
            -0.008304933086037636,
            0.018224507570266724,
            0.0
          ],
          [
            0.01968066580593586,
            0.576048731803894,
            -0.81717848777771,
            0.0
          ],
          [
            -0.0037115933373570442,
            0.8173732161521912,
            0.5760966539382935,
            0.0
          ],
          [
            0.0,
            0.0,
            0.0,
            1.0
          ]
        ],
        "rotation_mode": "QUATERNION"
      },
      "armature_space": {
        "head": {
          "x": 0.6944995522499084,
          "y": -0.23269306123256683,
          "z": 0.4359325170516968
        },
        "tail": {
          "x": 0.7169893980026245,
          "y": -0.21858032047748566,
          "z": 0.46606937050819397
        }
      },
      "world_space": {
        "head": {
          "x": 0.6944995522499084,
          "y": -0.1694490611553192,
          "z": 1.385786533355713
        },
        "tail": {
          "x": 0.7169893980026245,
          "y": -0.15533632040023804,
          "z": 1.4159233570098877
        },
        "rotation_quaternion": {
          "w": 0.6586491465568542,
          "x": 0.16192758083343506,
          "y": -0.4918021559715271,
          "z": -0.5459774732589722
        },
        "matrix": [
          [
            -0.07992397993803024,
            0.5599448084831238,
            -0.8246658444404602,
            0.6944995522499084
          ],
          [
            -0.8784877061843872,
            0.3513742983341217,
            0.32372137904167175,
            -0.1694490611553192
          ],
          [
            0.4710350036621094,
            0.7503376007080078,
            0.4638250768184662,
            1.385786533355713
          ],
          [
            0.0,
            0.0,
            0.0,
            1.0
          ]
        ]
      },
      "bone_length_armature_space": 0.040164567632379584,
      "parent": "thumb_01_l",
      "has_children": true,
      "is_end_bone": false
    },
    "thumb_03_l": {
      "name": "thumb_03_l",
      "local": {
        "location": {
          "x": 0.0,
          "y": 0.0,
          "z": 0.0
        },
        "rotation_quaternion": {
          "w": 0.9921166896820068,
          "x": 0.12529736757278442,
          "y": 0.0017947927117347717,
          "z": 0.0013808950316160917
        },
        "scale": {
          "x": 1.0,
          "y": 1.0,
          "z": 1.0
        },
        "matrix_basis": [
          [
            0.9999897480010986,
            -0.002290252363309264,
            0.0039073326624929905,
            0.0
          ],
          [
            0.0031897835433483124,
            0.9685973525047302,
            -0.24861426651477814,
            0.0
          ],
          [
            -0.0032152426429092884,
            0.24862417578697205,
            0.9685946702957153,
            0.0
          ],
          [
            0.0,
            0.0,
            0.0,
            1.0
          ]
        ],
        "rotation_mode": "QUATERNION"
      },
      "armature_space": {
        "head": {
          "x": 0.7169894576072693,
          "y": -0.21858039498329163,
          "z": 0.4660693407058716
        },
        "tail": {
          "x": 0.7197552919387817,
          "y": -0.20279735326766968,
          "z": 0.49195653200149536
        }
      },
      "world_space": {
        "head": {
          "x": 0.7169894576072693,
          "y": -0.155336394906044,
          "z": 1.4159233570098877
        },
        "tail": {
          "x": 0.7197552919387817,
          "y": -0.13955335319042206,
          "z": 1.4418106079101562
        },
        "rotation_quaternion": {
          "w": 0.7280722856521606,
          "x": 0.37907320261001587,
          "y": -0.4786619544029236,
          "z": -0.3116038739681244
        },
        "matrix": [
          [
            0.34757187962532043,
            0.09084662795066833,
            -0.9332419037818909,
            0.7169894576072693
          ],
          [
            -0.8166359066963196,
            0.5184135437011719,
            -0.25367915630340576,
            -0.155336394906044
          ],
          [
            0.4607619047164917,
            0.850297212600708,
            0.25437623262405396,
            1.4159233570098877
          ],
          [
            0.0,
            0.0,
            0.0,
            1.0
          ]
        ]
      },
      "bone_length_armature_space": 0.03044504725589637,
      "parent": "thumb_02_l",
      "has_children": false,
      "is_end_bone": true
    },
    "metacarpal_index_l": {
      "name": "metacarpal_index_l",
      "local": {
        "location": {
          "x": 0.0,
          "y": 0.0,
          "z": 0.0
        },
        "rotation_quaternion": {
          "w": 0.9989966750144958,
          "x": -0.04467638209462166,
          "y": 0.0008111040224321187,
          "z": -0.0030080839060246944
        },
        "scale": {
          "x": 1.0,
          "y": 1.0,
          "z": 1.0
        },
        "matrix_basis": [
          [
            0.9999805688858032,
            0.005937657319009304,
            0.0018893610686063766,
            0.0
          ],
          [
            -0.006082606036216021,
            0.9959899187088013,
            0.08925823122262955,
            0.0
          ],
          [
            -0.0013517998158931732,
            -0.08926799148321152,
            0.9960067272186279,
            0.0
          ],
          [
            0.0,
            0.0,
            0.0,
            1.0
          ]
        ],
        "rotation_mode": "QUATERNION"
      },
      "armature_space": {
        "head": {
          "x": 0.6476702690124512,
          "y": -0.18043896555900574,
          "z": 0.4620625972747803
        },
        "tail": {
          "x": 0.7454890012741089,
          "y": -0.24386849999427795,
          "z": 0.4737841784954071
        }
      },
      "world_space": {
        "head": {
          "x": 0.6476702690124512,
          "y": -0.11719496548175812,
          "z": 1.4119166135787964
        },
        "tail": {
          "x": 0.7454890012741089,
          "y": -0.18062449991703033,
          "z": 1.4236382246017456
        },
        "rotation_quaternion": {
          "w": 0.2216278314590454,
          "x": 0.821016788482666,
          "y": 0.42451292276382446,
          "z": -0.31080761551856995
        },
        "matrix": [
          [
            0.4463740587234497,
            0.8348323702812195,
            -0.3221871852874756,
            0.6476702690124512
          ],
          [
            0.559297502040863,
            -0.5413382053375244,
            -0.6278051733970642,
            -0.11719496548175812
          ],
          [
            -0.6985289454460144,
            0.10003769397735596,
            -0.708564817905426,
            1.4119166135787964
          ],
          [
            0.0,
            0.0,
            0.0,
            1.0
          ]
        ]
      },
      "bone_length_armature_space": 0.11717169085051837,
      "parent": "lowerarm_l",
      "has_children": true,
      "is_end_bone": false
    },
    "index_01_l": {
      "name": "index_01_l",
      "local": {
        "location": {
          "x": 0.0,
          "y": 0.0,
          "z": 0.0
        },
        "rotation_quaternion": {
          "w": 0.9407203197479248,
          "x": 0.33863556385040283,
          "y": -0.013170105405151844,
          "z": -0.01406476367264986
        },
        "scale": {
          "x": 1.0,
          "y": 1.0,
          "z": 1.0
        },
        "matrix_basis": [
          [
            0.9992574453353882,
            0.017542285844683647,
            -0.034304428845644,
            0.0
          ],
          [
            -0.0353817492723465,
            0.7702562808990479,
            -0.6367522478103638,
            0.0
          ],
          [
            0.015253113582730293,
            0.6374931931495667,
            0.7703049778938293,
            0.0
          ],
          [
            0.0,
            0.0,
            0.0,
            1.0
          ]
        ],
        "rotation_mode": "QUATERNION"
      },
      "armature_space": {
        "head": {
          "x": 0.7454890012741089,
          "y": -0.24386849999427795,
          "z": 0.4737841784954071
        },
        "tail": {
          "x": 0.7634022235870361,
          "y": -0.26042819023132324,
          "z": 0.4590204954147339
        }
      },
      "world_space": {
        "head": {
          "x": 0.7454890012741089,
          "y": -0.18062449991703033,
          "z": 1.4236382246017456
        },
        "tail": {
          "x": 0.7634022235870361,
          "y": -0.19718419015407562,
          "z": 1.40887451171875
        },
        "rotation_quaternion": {
          "w": 0.04477566480636597,
          "x": -0.7380592823028564,
          "y": -0.45565328001976013,
          "z": 0.4956245720386505
        },
        "matrix": [
          [
            0.09347105771303177,
            0.6282169222831726,
            -0.7724028825759888,
            0.7454890012741089
          ],
          [
            0.7169821262359619,
            -0.5807484984397888,
            -0.3855746388435364,
            -0.18062449991703033
          ],
          [
            -0.6908007264137268,
            -0.5177633762359619,
            -0.5047075152397156,
            1.4236382246017456
          ],
          [
            0.0,
            0.0,
            0.0,
            1.0
          ]
        ]
      },
      "bone_length_armature_space": 0.028514438485664356,
      "parent": "metacarpal_index_l",
      "has_children": true,
      "is_end_bone": false
    },
    "index_02_l": {
      "name": "index_02_l",
      "local": {
        "location": {
          "x": 0.0,
          "y": 0.0,
          "z": 0.0
        },
        "rotation_quaternion": {
          "w": 0.9063255190849304,
          "x": 0.42254552245140076,
          "y": -0.005341261625289917,
          "z": -0.0008888619486242533
        },
        "scale": {
          "x": 1.0,
          "y": 1.0,
          "z": 1.0
        },
        "matrix_basis": [
          [
            0.999941349029541,
            -0.0029026558622717857,
            -0.010433012619614601,
            0.0
          ],
          [
            -0.0061250487342476845,
            0.6429089903831482,
            -0.7659180760383606,
            0.0
          ],
          [
            0.008930673822760582,
            0.765937089920044,
            0.6428534984588623,
            0.0
          ],
          [
            0.0,
            0.0,
            0.0,
            1.0
          ]
        ],
        "rotation_mode": "QUATERNION"
      },
      "armature_space": {
        "head": {
          "x": 0.7634021639823914,
          "y": -0.26042869687080383,
          "z": 0.4590202867984772
        },
        "tail": {
          "x": 0.7594353556632996,
          "y": -0.2783471643924713,
          "z": 0.441095769405365
        }
      },
      "world_space": {
        "head": {
          "x": 0.7634021639823914,
          "y": -0.1971846967935562,
          "z": 1.408874273300171
        },
        "tail": {
          "x": 0.7594353556632996,
          "y": -0.2151031643152237,
          "z": 1.3909497261047363
        },
        "rotation_quaternion": {
          "w": 0.321982741355896,
          "x": -0.6348742842674255,
          "y": -0.2169877290725708,
          "z": 0.6679657697677612
        },
        "matrix": [
          [
            0.013475518673658371,
            -0.1546306312084198,
            -0.9878801703453064,
            0.7634021639823914
          ],
          [
            0.7056665420532227,
            -0.6984865665435791,
            0.11895826458930969,
            -0.1971846967935562
          ],
          [
            -0.7084201574325562,
            -0.6987228989601135,
            0.09970596432685852,
            1.408874273300171
          ],
          [
            0.0,
            0.0,
            0.0,
            1.0
          ]
        ]
      },
      "bone_length_armature_space": 0.025653369714916708,
      "parent": "index_01_l",
      "has_children": true,
      "is_end_bone": false
    },
    "index_03_l": {
      "name": "index_03_l",
      "local": {
        "location": {
          "x": 0.0,
          "y": 0.0,
          "z": 0.0
        },
        "rotation_quaternion": {
          "w": 0.9292010068893433,
          "x": 0.36956357955932617,
          "y": -0.0012947935611009598,
          "z": 0.0025567689444869757
        },
        "scale": {
          "x": 1.0,
          "y": 1.0,
          "z": 1.0
        },
        "matrix_basis": [
          [
            0.999983549118042,
            -0.005708521697670221,
            -0.0005164695903658867,
            0.0
          ],
          [
            0.003794487565755844,
            0.7268324494361877,
            -0.6868042945861816,
            0.0
          ],
          [
            0.004296024329960346,
            0.6867910623550415,
            0.7268421649932861,
            0.0
          ],
          [
            0.0,
            0.0,
            0.0,
            1.0
          ]
        ],
        "rotation_mode": "QUATERNION"
      },
      "armature_space": {
        "head": {
          "x": 0.7594354748725891,
          "y": -0.2783471941947937,
          "z": 0.4410957992076874
        },
        "tail": {
          "x": 0.7349597811698914,
          "y": -0.2869620621204376,
          "z": 0.4276622533798218
        }
      },
      "world_space": {
        "head": {
          "x": 0.7594354748725891,
          "y": -0.21510319411754608,
          "z": 1.3909498453140259
        },
        "tail": {
          "x": 0.7349597811698914,
          "y": -0.22371806204319,
          "z": 1.377516269683838
        },
        "rotation_quaternion": {
          "w": 0.5917179584503174,
          "x": -0.44456949830055237,
          "y": 0.04947638139128685,
          "z": 0.6706563234329224
        },
        "matrix": [
          [
            0.09554702043533325,
            -0.8376717567443848,
            -0.5377508997917175,
            0.7594354748725891
          ],
          [
            0.7496861815452576,
            -0.29484063386917114,
            0.592485785484314,
            -0.21510319411754608
          ],
          [
            -0.6548635959625244,
            -0.4597585201263428,
            0.599824845790863,
            1.3909498453140259
          ],
          [
            0.0,
            0.0,
            0.0,
            1.0
          ]
        ]
      },
      "bone_length_armature_space": 0.029218755321387454,
      "parent": "index_02_l",
      "has_children": false,
      "is_end_bone": true
    },
    "metacarpal_pinky_l": {
      "name": "metacarpal_pinky_l",
      "local": {
        "location": {
          "x": 0.0,
          "y": 0.0,
          "z": 0.0
        },
        "rotation_quaternion": {
          "w": 0.9986820816993713,
          "x": -0.050778139382600784,
          "y": 0.006674209609627724,
          "z": -0.0033404682762920856
        },
        "scale": {
          "x": 1.0,
          "y": 1.0,
          "z": 1.0
        },
        "matrix_basis": [
          [
            0.9998885989189148,
            0.005994323641061783,
            0.013670072890818119,
            0.0
          ],
          [
            -0.007349939551204443,
            0.9948208332061768,
            0.10137784481048584,
            0.0
          ],
          [
            -0.012991581112146378,
            -0.10146702826023102,
            0.9947540760040283,
            0.0
          ],
          [
            0.0,
            0.0,
            0.0,
            1.0
          ]
        ],
        "rotation_mode": "QUATERNION"
      },
      "armature_space": {
        "head": {
          "x": 0.6476702690124512,
          "y": -0.18043896555900574,
          "z": 0.4620625972747803
        },
        "tail": {
          "x": 0.7510254383087158,
          "y": -0.18259628117084503,
          "z": 0.44956207275390625
        }
      },
      "world_space": {
        "head": {
          "x": 0.6476702690124512,
          "y": -0.11719496548175812,
          "z": 1.4119166135787964
        },
        "tail": {
          "x": 0.7510254383087158,
          "y": -0.11935228109359741,
          "z": 1.3994160890579224
        },
        "rotation_quaternion": {
          "w": 0.695013701915741,
          "x": -0.002873806282877922,
          "y": 0.08122310787439346,
          "z": -0.7143882513046265
        },
        "matrix": [
          [
            -0.03389531373977661,
            0.9925519824028015,
            0.1170094832777977,
            0.6476702690124512
          ],
          [
            -0.993486225605011,
            -0.020717427134513855,
            -0.11205371469259262,
            -0.11719496548175812
          ],
          [
            -0.10879665613174438,
            -0.12004631757736206,
            0.9867960810661316,
            1.4119166135787964
          ],
          [
            0.0,
            0.0,
            0.0,
            1.0
          ]
        ]
      },
      "bone_length_armature_space": 0.10413072778892238,
      "parent": "lowerarm_l",
      "has_children": true,
      "is_end_bone": false
    },
    "pinky_01_l": {
      "name": "pinky_01_l",
      "local": {
        "location": {
          "x": 0.0,
          "y": 0.0,
          "z": 0.0
        },
        "rotation_quaternion": {
          "w": 0.950677752494812,
          "x": 0.30995801091194153,
          "y": 0.0065990593284368515,
          "z": -0.009716193191707134
        },
        "scale": {
          "x": 1.0,
          "y": 1.0,
          "z": 1.0
        },
        "matrix_basis": [
          [
            0.9997240900993347,
            0.022564800456166267,
            0.006523933727294207,
            0.0
          ],
          [
            -0.014383074827492237,
            0.8076632618904114,
            -0.5894685983657837,
            0.0
          ],
          [
            -0.01857038214802742,
            0.5892121195793152,
            0.8077649474143982,
            0.0
          ],
          [
            0.0,
            0.0,
            0.0,
            1.0
          ]
        ],
        "rotation_mode": "QUATERNION"
      },
      "armature_space": {
        "head": {
          "x": 0.7510254383087158,
          "y": -0.18259628117084503,
          "z": 0.44956207275390625
        },
