{
  "metadata": {
    "armature_name": "KIM_caucasian_male",
    "export_time": "2026-01-13T21:05:03.907136",
    "blender_version": "4.4.1",
    "bone_count": 56,
    "end_bone_count": 13,
    "spaces_included": [
      "LOCAL_CHANNELS",
      "ARMATURE_SPACE",
      "WORLD_SPACE"
    ],
    "note": "LOCAL matches Transform panel; replay pose via local.matrix_basis for best fidelity."
  },
  "bones": {
    "Root": {
      "name": "Root",
      "local": {
        "location": {
          "x": 0.0,
          "y": 0.0,
          "z": 0.0
        },
        "rotation_quaternion": {
          "w": 0.9998222589492798,
          "x": 0.0031619579531252384,
          "y": -0.015790903940796852,
          "z": -0.009806540794670582
        },
        "scale": {
          "x": 1.0,
          "y": 1.0,
          "z": 1.0
        },
        "matrix_basis": [
          [
            0.9993089437484741,
            0.019509734585881233,
            -0.03163820877671242,
            0.0
          ],
          [
            -0.019709456712007523,
            0.9997876882553101,
            -0.00601308373734355,
            0.0
          ],
          [
            0.03151417896151543,
            0.0066325003281235695,
            0.9994813203811646,
            0.0
          ],
          [
            0.0,
            0.0,
            0.0,
            1.0
          ]
        ],
        "rotation_mode": "QUATERNION"
      },
      "armature_space": {
        "head": {
          "x": 0.0,
          "y": 0.07072800397872925,
          "z": -0.009595036506652832
        },
        "tail": {
          "x": 0.0013925242237746716,
          "y": -4.86224889755249e-05,
          "z": -0.0004711439833045006
        }
      },
      "world_space": {
        "head": {
          "x": 0.0,
          "y": 0.13397200405597687,
          "z": 0.9402589797973633
        },
        "tail": {
          "x": 0.0013925242237746716,
          "y": 0.0631953775882721,
          "z": 0.9493829011917114
        },
        "rotation_quaternion": {
          "w": 0.06420090049505234,
          "x": 0.9977638721466064,
          "y": 0.008720463141798973,
          "z": -0.016415676102042198
        },
        "matrix": [
          [
            0.9993089437484741,
            0.019509734585881233,
            -0.03163820877671242,
            0.0
          ],
          [
            0.015294115990400314,
            -0.9916043877601624,
            -0.1284014731645584,
            0.13397200405597687
          ],
          [
            -0.033877886831760406,
            0.12782880663871765,
            -0.9912245869636536,
            0.9402589797973633
          ],
          [
            0.0,
            0.0,
            0.0,
            1.0
          ]
        ]
      },
      "bone_length_armature_space": 0.07137587372362271,
      "parent": null,
      "has_children": true,
      "is_end_bone": false
    },
    "spine_01": {
      "name": "spine_01",
      "local": {
        "location": {
          "x": 0.0,
          "y": 0.0,
          "z": 0.0
        },
        "rotation_quaternion": {
          "w": 0.9984076023101807,
          "x": -0.04639683663845062,
          "y": 0.03114529699087143,
          "z": 0.007720098830759525
        },
        "scale": {
          "x": 1.0,
          "y": 1.0,
          "z": 1.0
        },
        "matrix_basis": [
          [
            0.997940719127655,
            -0.018305696547031403,
            0.06147502735257149,
            0.0
          ],
          [
            0.012525524012744427,
            0.995575487613678,
            0.0931267961859703,
            0.0
          ],
          [
            -0.06290777772665024,
            -0.0921650156378746,
            0.9937546253204346,
            0.0
          ],
          [
            0.0,
            0.0,
            0.0,
            1.0
          ]
        ],
        "rotation_mode": "QUATERNION"
      },
      "armature_space": {
        "head": {
          "x": 0.0013925242237746716,
          "y": -4.86224889755249e-05,
          "z": -0.0004711439833045006
        },
        "tail": {
          "x": 0.007862002588808537,
          "y": 0.06450973451137543,
          "z": 0.48320120573043823
        }
      },
      "world_space": {
        "head": {
          "x": 0.0013925242237746716,
          "y": 0.0631953775882721,
          "z": 0.9493829011917114
        },
        "tail": {
          "x": 0.007862002588808537,
          "y": 0.12775373458862305,
          "z": 1.4330551624298096
        },
        "rotation_quaternion": {
          "w": 0.7516169548034668,
          "x": 0.658317506313324,
          "y": 0.03489108756184578,
          "z": 0.02174094133079052
        },
        "matrix": [
          [
            0.9966198205947876,
            0.013257094658911228,
            0.08107425272464752,
            0.0013925242237746716
          ],
          [
            0.07862043380737305,
            0.13229137659072876,
            -0.988088071346283,
            0.0631953775882721
          ],
          [
            -0.02382468432188034,
            0.9911293983459473,
            0.13080193102359772,
            0.9493829011917114
          ],
          [
            0.0,
            0.0,
            0.0,
            1.0
          ]
        ]
      },
      "bone_length_armature_space": 0.4880046958242715,
      "parent": "Root",
      "has_children": true,
      "is_end_bone": false
    },
    "neck_01": {
      "name": "neck_01",
      "local": {
        "location": {
          "x": 0.0,
          "y": 0.0,
          "z": 0.0
        },
        "rotation_quaternion": {
          "w": 0.9887987375259399,
          "x": -0.0312902070581913,
          "y": 0.11482325196266174,
          "z": 0.09007605165243149
        },
        "scale": {
          "x": 1.0,
          "y": 1.0,
          "z": 1.0
        },
        "matrix_basis": [
          [
            0.957403838634491,
            -0.18531985580921173,
            0.22143717110157013,
            0.0
          ],
          [
            0.17094849050045013,
            0.981814444065094,
            0.08256508409976959,
            0.0
          ],
          [
            -0.23271116614341736,
            -0.04119378328323364,
            0.9716730713844299,
            0.0
          ],
          [
            0.0,
            0.0,
            0.0,
            1.0
          ]
        ],
        "rotation_mode": "QUATERNION"
      },
      "armature_space": {
        "head": {
          "x": 0.011644357815384865,
          "y": 0.03992857784032822,
          "z": 0.5603064298629761
        },
        "tail": {
          "x": -0.0032464424148201942,
          "y": 0.017073238268494606,
          "z": 0.6591328382492065
        }
      },
      "world_space": {
        "head": {
          "x": 0.011644357815384865,
          "y": 0.10317257791757584,
          "z": 1.5101604461669922
        },
        "tail": {
          "x": -0.0032464424148201942,
          "y": 0.08031723648309708,
          "z": 1.6089868545532227
        },
        "rotation_quaternion": {
          "w": 0.6222956776618958,
          "x": 0.7652661204338074,
          "y": 0.03580242767930031,
          "z": 0.16072969138622284
        },
        "matrix": [
          [
            0.9457685947418213,
            -0.14524586498737335,
            0.2905603051185608,
            0.011644357815384865
          ],
          [
            0.2548385560512543,
            -0.22293251752853394,
            -0.9409350752830505,
            0.10317257791757584
          ],
          [
            0.20144391059875488,
            0.9639593362808228,
            -0.17383041977882385,
            1.5101604461669922
          ],
          [
            0.0,
            0.0,
            0.0,
            1.0
          ]
        ]
      },
      "bone_length_armature_space": 0.10252200372180065,
      "parent": "spine_01",
      "has_children": true,
      "is_end_bone": false
    },
    "head": {
      "name": "head",
      "local": {
        "location": {
          "x": 0.0,
          "y": 0.0,
          "z": 0.0
        },
        "rotation_quaternion": {
          "w": 0.9982320070266724,
          "x": -0.04721802473068237,
          "y": -0.014527954161167145,
          "z": -0.03305245190858841
        },
        "scale": {
          "x": 1.0,
          "y": 1.0,
          "z": 1.0
        },
        "matrix_basis": [
          [
            0.9973929524421692,
            0.06735999137163162,
            -0.02588319405913353,
            0.0
          ],
          [
            -0.06461606919765472,
            0.9933559894561768,
            0.09522945433855057,
            0.0
          ],
          [
            0.03212587907910347,
            -0.0933087170124054,
            0.9951187968254089,
            0.0
          ],
          [
            0.0,
            0.0,
            0.0,
            1.0
          ]
        ],
        "rotation_mode": "QUATERNION"
      },
      "armature_space": {
        "head": {
          "x": -0.0032463865354657173,
          "y": 0.01707310974597931,
          "z": 0.6591327786445618
        },
        "tail": {
          "x": -0.033617325127124786,
          "y": 0.05393528193235397,
          "z": 0.8066864609718323
        }
      },
      "world_space": {
        "head": {
          "x": -0.0032463865354657173,
          "y": 0.08031710982322693,
          "z": 1.6089868545532227
        },
        "tail": {
          "x": -0.033617325127124786,
          "y": 0.11717928200960159,
          "z": 1.7565405368804932
        },
        "rotation_quaternion": {
          "w": 0.78663569688797,
          "x": 0.6036197543144226,
          "y": 0.006714926566928625,
          "z": 0.1296241283416748
        },
        "matrix": [
          [
            0.9663047194480896,
            -0.19582755863666534,
            0.16705280542373657,
            -0.0032463865354657173
          ],
          [
            0.21204163134098053,
            0.23768211901187897,
            -0.9479166865348816,
            0.08031710982322693
          ],
          [
            0.1459239423274994,
            0.9514054656028748,
            0.27119800448417664,
            1.6089868545532227
          ],
          [
            0.0,
            0.0,
            0.0,
            1.0
          ]
        ]
      },
      "bone_length_armature_space": 0.15509127069014317,
      "parent": "neck_01",
      "has_children": false,
      "is_end_bone": true
    },
    "upperarm_l": {
      "name": "upperarm_l",
      "local": {
        "location": {
          "x": 0.0,
          "y": 0.0,
          "z": 0.0
        },
        "rotation_quaternion": {
          "w": 0.9812874794006348,
          "x": 0.03835412487387657,
          "y": -0.11369454115629196,
          "z": -0.15059058368206024
        },
        "scale": {
          "x": 1.0,
          "y": 1.0,
          "z": 1.0
        },
        "matrix_basis": [
          [
            0.9287920594215393,
            0.28682398796081543,
            -0.23468559980392456,
            0.0
          ],
          [
            -0.30426663160324097,
            0.951702892780304,
            -0.041030190885066986,
            0.0
          ],
          [
            0.21158252656459808,
            0.10951550304889679,
            0.9712049961090088,
            0.0
          ],
          [
            0.0,
            0.0,
            0.0,
            1.0
          ]
        ],
        "rotation_mode": "QUATERNION"
      },
      "armature_space": {
        "head": {
          "x": 0.16050490736961365,
          "y": 0.039679497480392456,
          "z": 0.4905382990837097
        },
        "tail": {
          "x": 0.414107084274292,
          "y": 0.031377341598272324,
          "z": 0.40437138080596924
        }
      },
      "world_space": {
        "head": {
          "x": 0.16050490736961365,
          "y": 0.10292349755764008,
          "z": 1.440392255783081
        },
        "tail": {
          "x": 0.414107084274292,
          "y": 0.09462134540081024,
          "z": 1.3542253971099854
        },
        "rotation_quaternion": {
          "w": 0.49858829379081726,
          "x": 0.30892103910446167,
          "y": 0.4857146441936493,
          "z": -0.6481195092201233
        },
        "matrix": [
          [
            -0.3119540214538574,
            0.9463847279548645,
            0.08390863984823227,
            0.16050490736961365
          ],
          [
            -0.34619709849357605,
            -0.030981726944446564,
            -0.9376502633094788,
            0.10292349755764008
          ],
          [
            -0.8847848176956177,
            -0.3215549886226654,
            0.33730199933052063,
            1.440392255783081
          ],
          [
            0.0,
            0.0,
            0.0,
            1.0
          ]
        ]
      },
      "bone_length_armature_space": 0.26796964557621167,
      "parent": "spine_01",
      "has_children": true,
      "is_end_bone": false
    },
    "lowerarm_l": {
      "name": "lowerarm_l",
      "local": {
        "location": {
          "x": 0.0,
          "y": 0.0,
          "z": 0.0
        },
        "rotation_quaternion": {
          "w": 0.8415769338607788,
          "x": 0.5156899094581604,
          "y": 0.12317473441362381,
          "z": -0.10315223783254623
        },
        "scale": {
          "x": 1.0,
          "y": 1.0,
          "z": 1.0
        },
        "matrix_basis": [
          [
            0.9483752250671387,
            0.30066102743148804,
            0.10093289613723755,
            0.0
          ],
          [
            -0.04658115282654762,
            0.4468470513820648,
            -0.8933969736099243,
            0.0
          ],
          [
            -0.31371116638183594,
            0.8425739407539368,
            0.437783807516098,
            0.0
          ],
          [
            0.0,
            0.0,
            0.0,
            1.0
          ]
        ],
        "rotation_mode": "QUATERNION"
      },
      "armature_space": {
        "head": {
          "x": 0.41410720348358154,
          "y": 0.03137733042240143,
          "z": 0.4043715000152588
        },
        "tail": {
          "x": 0.5119426846504211,
          "y": -0.21702073514461517,
          "z": 0.42157629132270813
        }
      },
      "world_space": {
        "head": {
          "x": 0.41410720348358154,
          "y": 0.09462133049964905,
          "z": 1.354225516319275
        },
        "tail": {
          "x": 0.5119426846504211,
          "y": -0.15377673506736755,
          "z": 1.3714302778244019
        },
        "rotation_quaternion": {
          "w": 0.17007406055927277,
          "x": 0.575473964214325,
          "y": 0.08259472250938416,
          "z": -0.7956650257110596
        },
        "matrix": [
          [
            -0.2798091471195221,
            0.36570659279823303,
            -0.8876742720603943,
            0.41410720348358154
          ],
          [
            -0.17558243870735168,
            -0.9285058975219727,
            -0.3271821439266205,
            0.09462133049964905
          ],
          [
            -0.9438701868057251,
            0.06431108713150024,
            0.3240179717540741,
            1.354225516319275
          ],
          [
            0.0,
            0.0,
            0.0,
            1.0
          ]
        ]
      },
      "bone_length_armature_space": 0.26752455164829186,
      "parent": "upperarm_l",
      "has_children": true,
      "is_end_bone": false
    },
    "metacarpal_thumb_l": {
      "name": "metacarpal_thumb_l",
      "local": {
        "location": {
          "x": 0.0,
          "y": 0.0,
          "z": 0.0
        },
        "rotation_quaternion": {
          "w": 0.9990251064300537,
          "x": -0.04216436669230461,
          "y": 0.01175948791205883,
          "z": 0.005717578809708357
        },
        "scale": {
          "x": 1.0,
          "y": 1.0,
          "z": 1.0
        },
        "matrix_basis": [
          [
            0.9996580481529236,
            -0.012415672652423382,
            0.023013891652226448,
            0.0
          ],
          [
            0.010432346723973751,
            0.9963789582252502,
            0.08438099175691605,
            0.0
          ],
          [
            -0.023978203535079956,
            -0.08411204814910889,
            0.996167778968811,
            0.0
          ],
          [
            0.0,
            0.0,
            0.0,
            1.0
          ]
        ],
        "rotation_mode": "QUATERNION"
      },
      "armature_space": {
        "head": {
          "x": 0.5119426846504211,
          "y": -0.21702073514461517,
          "z": 0.42157629132270813
        },
        "tail": {
          "x": 0.49856311082839966,
          "y": -0.26411008834838867,
          "z": 0.4291369915008545
        }
      },
      "world_space": {
        "head": {
          "x": 0.5119426846504211,
          "y": -0.15377673506736755,
          "z": 1.3714302778244019
        },
        "tail": {
          "x": 0.49856311082839966,
          "y": -0.20086608827114105,
          "z": 1.3789910078048706
        },
        "rotation_quaternion": {
          "w": 0.05644645914435387,
          "x": 0.976966917514801,
          "y": -0.14658476412296295,
          "z": -0.14443808794021606
        },
        "matrix": [
          [
            0.9153011441230774,
            -0.27011093497276306,
            -0.29877087473869324,
            0.5119426846504211
          ],
          [
            -0.30272310972213745,
            -0.9506534934043884,
            -0.06794795393943787,
            -0.15377673506736755
          ],
          [
            -0.26567620038986206,
            0.1526378095149994,
            -0.9519098401069641,
            1.3714302778244019
          ],
          [
            0.0,
            0.0,
            0.0,
            1.0
          ]
        ]
      },
      "bone_length_armature_space": 0.049533668168159455,
      "parent": "lowerarm_l",
      "has_children": true,
      "is_end_bone": false
    },
    "thumb_01_l": {
      "name": "thumb_01_l",
      "local": {
        "location": {
          "x": 0.0,
          "y": 0.0,
          "z": 0.0
        },
        "rotation_quaternion": {
          "w": 0.9756107330322266,
          "x": 0.2178289294242859,
          "y": 0.02512712962925434,
          "z": -0.010147561319172382
        },
        "scale": {
          "x": 1.0,
          "y": 1.0,
          "z": 1.0
        },
        "matrix_basis": [
          [
            0.9985312819480896,
            0.03074697032570839,
            0.044607728719711304,
            0.0
          ],
          [
            -0.0088533079251647,
            0.9048951864242554,
            -0.4255424439907074,
            0.0
          ],
          [
            -0.05344945937395096,
            0.4245225191116333,
            0.9038383960723877,
            0.0
          ],
          [
            0.0,
            0.0,
            0.0,
            1.0
          ]
        ],
        "rotation_mode": "QUATERNION"
      },
      "armature_space": {
        "head": {
          "x": 0.49856311082839966,
          "y": -0.26411008834838867,
          "z": 0.4291369915008545
        },
        "tail": {
          "x": 0.49525317549705505,
          "y": -0.2901330888271332,
          "z": 0.40744641423225403
        }
      },
      "world_space": {
        "head": {
          "x": 0.49856311082839966,
          "y": -0.20086608827114105,
          "z": 1.3789910078048706
        },
        "tail": {
          "x": 0.49525317549705505,
          "y": -0.22688908874988556,
          "z": 1.3573004007339478
        },
        "rotation_quaternion": {
          "w": 0.20145994424819946,
          "x": -0.6598542928695679,
          "y": 0.27777040004730225,
          "z": -0.6684683561325073
        },
        "matrix": [
          [
            -0.04801153764128685,
            -0.0972403883934021,
            0.994102418422699,
            0.49856311082839966
          ],
          [
            -0.6359149813652039,
            -0.7645149827003479,
            -0.10549528896808624,
            -0.20086608827114105
          ],
          [
            0.7702691555023193,
            -0.6372348666191101,
            -0.02513134479522705,
            1.3789910078048706
          ],
          [
            0.0,
            0.0,
            0.0,
            1.0
          ]
        ]
      },
      "bone_length_armature_space": 0.0340387038177218,
      "parent": "metacarpal_thumb_l",
      "has_children": true,
      "is_end_bone": false
    },
    "thumb_02_l": {
      "name": "thumb_02_l",
      "local": {
        "location": {
          "x": 0.0,
          "y": 0.0,
          "z": 0.0
        },
        "rotation_quaternion": {
          "w": 0.9388285279273987,
          "x": 0.3443203270435333,
          "y": 0.0022776478435844183,
          "z": -0.006271729711443186
        },
        "scale": {
          "x": 1.0,
          "y": 1.0,
          "z": 1.0
        },
        "matrix_basis": [
          [
            0.9999109506607056,
            0.013344638049602509,
            -4.2326508264523e-05,
            0.0
          ],
          [
            -0.010207676328718662,
            0.7628083825111389,
            -0.6465440392494202,
            0.0
          ],
          [
            -0.008595610037446022,
            0.6464869379997253,
            0.7628766298294067,
            0.0
          ],
          [
            0.0,
            0.0,
            0.0,
            1.0
          ]
        ],
        "rotation_mode": "QUATERNION"
      },
      "armature_space": {
        "head": {
          "x": 0.4952531158924103,
          "y": -0.2901330590248108,
          "z": 0.40744641423225403
        },
        "tail": {
          "x": 0.523493766784668,
          "y": -0.3044455647468567,
          "z": 0.4321609139442444
        }
      },
      "world_space": {
        "head": {
          "x": 0.4952531158924103,
          "y": -0.22688905894756317,
          "z": 1.3573004007339478
        },
        "tail": {
          "x": 0.523493766784668,
          "y": -0.24120156466960907,
          "z": 1.3820149898529053
        },
        "rotation_quaternion": {
          "w": 0.3177216053009033,
          "x": -0.2096618264913559,
          "y": -0.4699772298336029,
          "z": -0.7963770627975464
        },
        "matrix": [
          [
            -0.7101895213127136,
            0.7031255960464478,
            0.03529396653175354,
            0.4952531158924103
          ],
          [
            -0.30898183584213257,
            -0.3563481271266937,
            0.8817859888076782,
            -0.22688905894756317
          ],
          [
            0.6325873136520386,
            0.6153337955474854,
            0.47033190727233887,
            1.3573004007339478
          ],
          [
            0.0,
            0.0,
            0.0,
            1.0
          ]
        ]
      },
      "bone_length_armature_space": 0.040164520351251794,
      "parent": "thumb_01_l",
      "has_children": true,
      "is_end_bone": false
    },
    "thumb_03_l": {
      "name": "thumb_03_l",
      "local": {
        "location": {
          "x": 0.0,
          "y": 0.0,
          "z": 0.0
        },
        "rotation_quaternion": {
          "w": 0.9863937497138977,
          "x": 0.1642865389585495,
          "y": 0.003615308552980423,
          "z": -0.004922676831483841
        },
        "scale": {
          "x": 1.0,
          "y": 1.0,
          "z": 1.0
        },
        "matrix_basis": [
          [
            0.9999253749847412,
            0.010899288579821587,
            0.005514776334166527,
            0.0
          ],
          [
            -0.008523502387106419,
            0.9459714293479919,
            -0.32413801550865173,
            0.0
          ],
          [
            -0.008749694563448429,
            0.3240668475627899,
            0.9459937214851379,
            0.0
          ],
          [
            0.0,
            0.0,
            0.0,
            1.0
          ]
        ],
        "rotation_mode": "QUATERNION"
      },
      "armature_space": {
        "head": {
          "x": 0.5234936475753784,
          "y": -0.30444562435150146,
          "z": 0.4321609139442444
        },
        "tail": {
          "x": 0.5424026846885681,
          "y": -0.2987508475780487,
          "z": 0.45533236861228943
        }
      },
      "world_space": {
        "head": {
          "x": 0.5234936475753784,
          "y": -0.24120162427425385,
          "z": 1.3820149898529053
        },
        "tail": {
          "x": 0.5424026846885681,
          "y": -0.2355068475008011,
          "z": 1.405186414718628
        },
        "rotation_quaternion": {
          "w": 0.5070876479148865,
          "x": 0.021661462262272835,
          "y": -0.5799887776374817,
          "z": -0.6371859908103943
        },
        "matrix": [
          [
            -0.4847826361656189,
            0.6210914850234985,
            -0.6158179044723511,
            0.5234936475753784
          ],
          [
            -0.6713476777076721,
            0.18705163896083832,
            0.7171502709388733,
            -0.24120162427425385
          ],
          [
            0.5606087446212769,
            0.7610952854156494,
            0.32629191875457764,
            1.3820149898529053
          ],
          [
            0.0,
            0.0,
            0.0,
            1.0
          ]
        ]
      },
      "bone_length_armature_space": 0.030445007285365217,
      "parent": "thumb_02_l",
      "has_children": false,
      "is_end_bone": true
    },
    "metacarpal_index_l": {
      "name": "metacarpal_index_l",
      "local": {
        "location": {
          "x": 0.0,
          "y": 0.0,
          "z": 0.0
        },
        "rotation_quaternion": {
          "w": 0.9994341135025024,
          "x": -0.02865300141274929,
          "y": 0.014851290732622147,
          "z": 0.009490625001490116
        },
        "scale": {
          "x": 1.0,
          "y": 1.0,
          "z": 1.0
        },
        "matrix_basis": [
          [
            0.9993787407875061,
            -0.01982157677412033,
            0.029141902923583984,
            0.0
          ],
          [
            0.018119441345334053,
            0.9981778860092163,
            0.05755547061562538,
            0.0
          ],
          [
            -0.030229642987251282,
            -0.05699167773127556,
            0.9979168772697449,
            0.0
          ],
          [
            0.0,
            0.0,
            0.0,
            1.0
          ]
        ],
        "rotation_mode": "QUATERNION"
      },
      "armature_space": {
        "head": {
          "x": 0.5119426846504211,
          "y": -0.21702073514461517,
          "z": 0.42157629132270813
        },
        "tail": {
          "x": 0.5231380462646484,
          "y": -0.33209845423698425,
          "z": 0.440576434135437
        }
      },
      "world_space": {
        "head": {
          "x": 0.5119426846504211,
          "y": -0.15377673506736755,
          "z": 1.3714302778244019
        },
        "tail": {
          "x": 0.5231380462646484,
          "y": -0.26885443925857544,
          "z": 1.3904304504394531
        },
        "rotation_quaternion": {
          "w": 0.09415323287248611,
          "x": 0.8993223309516907,
          "y": 0.008422811515629292,
          "z": -0.4269467890262604
        },
        "matrix": [
          [
            0.6352910399436951,
            0.09554639458656311,
            -0.7663394808769226,
            0.5119426846504211
          ],
          [
            -0.06524736434221268,
            -0.9821286797523499,
            -0.17654050886631012,
            -0.15377673506736755
          ],
          [
            -0.769517183303833,
            0.16215647757053375,
            -0.6177079677581787,
            1.3714302778244019
          ],
          [
            0.0,
            0.0,
            0.0,
            1.0
          ]
        ]
      },
      "bone_length_armature_space": 0.1171717683469856,
      "parent": "lowerarm_l",
      "has_children": true,
      "is_end_bone": false
    },
    "index_01_l": {
      "name": "index_01_l",
      "local": {
        "location": {
          "x": 0.0,
          "y": 0.0,
          "z": 0.0
        },
        "rotation_quaternion": {
          "w": 0.9697323441505432,
          "x": 0.24401524662971497,
          "y": -0.005849598441272974,
          "z": -0.006460096687078476
        },
        "scale": {
          "x": 1.0,
          "y": 1.0,
          "z": 1.0
        },
        "matrix_basis": [
          [
            0.9998481273651123,
            0.009674347005784512,
            -0.014497813768684864,
            0.0
          ],
          [
            -0.01538391225039959,
            0.8808296322822571,
            -0.47318336367607117,
            0.0
          ],
          [
            0.008192365057766438,
            0.47333452105522156,
            0.8808447122573853,
            0.0
          ],
          [
            0.0,
            0.0,
            0.0,
            1.0
          ]
        ],
        "rotation_mode": "QUATERNION"
      },
      "armature_space": {
        "head": {
          "x": 0.5231380462646484,
          "y": -0.33209845423698425,
          "z": 0.440576434135437
        },
        "tail": {
          "x": 0.5239653587341309,
          "y": -0.3589382767677307,
          "z": 0.430984228849411
        }
      },
      "world_space": {
        "head": {
          "x": 0.5231380462646484,
          "y": -0.26885443925857544,
          "z": 1.3904304504394531
        },
        "tail": {
          "x": 0.5239653587341309,
          "y": -0.2956942915916443,
          "z": 1.3808382749557495
        },
        "rotation_quaternion": {
          "w": 0.1440112143754959,
          "x": -0.8707993030548096,
          "y": -0.09286625683307648,
          "z": 0.4608091413974762
        },
        "matrix": [
          [
            0.5580615401268005,
            0.02901369333267212,
            -0.8292922973632812,
            0.5231380462646484
          ],
          [
            0.29445913434028625,
            -0.9412738084793091,
            0.16522100567817688,
            -0.26885443925857544
          ],
          [
            -0.7758024334907532,
            -0.3363994061946869,
            -0.533835768699646,
            1.3904304504394531
          ],
          [
            0.0,
            0.0,
            0.0,
            1.0
          ]
        ]
      },
      "bone_length_armature_space": 0.02851439874728754,
      "parent": "metacarpal_index_l",
      "has_children": true,
      "is_end_bone": false
    },
    "index_02_l": {
      "name": "index_02_l",
      "local": {
        "location": {
          "x": 0.0,
          "y": 0.0,
          "z": 0.0
        },
        "rotation_quaternion": {
          "w": 0.9122037291526794,
          "x": 0.40959838032722473,
          "y": -0.003956423606723547,
          "z": -0.00989809911698103
        },
        "scale": {
          "x": 1.0,
          "y": 1.0,
          "z": 1.0
        },
        "matrix_basis": [
          [
            0.9997727274894714,
            0.014817076735198498,
            -0.015326619148254395,
            0.0
          ],
          [
            -0.02129925601184368,
            0.6642624139785767,
            -0.7471960186958313,
            0.0
          ],
          [
            -0.0008903620182536542,
            0.747352659702301,
            0.6644270420074463,
            0.0
          ],
          [
            0.0,
            0.0,
            0.0,
            1.0
          ]
        ],
        "rotation_mode": "QUATERNION"
      },
      "armature_space": {
        "head": {
          "x": 0.5239650011062622,
          "y": -0.35893866419792175,
          "z": 0.4309840798377991
        },
        "tail": {
          "x": 0.5089046955108643,
          "y": -0.37264272570610046,
          "z": 0.41538023948669434
        }
      },
      "world_space": {
        "head": {
          "x": 0.5239650011062622,
          "y": -0.29569464921951294,
          "z": 1.38083815574646
        },
        "tail": {
          "x": 0.5089046955108643,
          "y": -0.30939871072769165,
          "z": 1.3652342557907104
        },
        "rotation_quaternion": {
          "w": 0.47568389773368835,
          "x": -0.723743736743927,
          "y": 0.08139022439718246,
          "z": 0.4932499825954437
        },
        "matrix": [
          [
            0.5001615881919861,
            -0.5870721340179443,
            -0.6365413665771484,
            0.5239650011062622
          ],
          [
            0.3514486849308014,
            -0.5342031717300415,
            0.7688376307487488,
            -0.29569464921951294
          ],
          [
            -0.7914105653762817,
            -0.6082595586776733,
            -0.06086209416389465,
            1.38083815574646
          ],
          [
            0.0,
            0.0,
            0.0,
            1.0
          ]
        ]
      },
      "bone_length_armature_space": 0.02565334163594673,
      "parent": "index_01_l",
      "has_children": true,
      "is_end_bone": false
    },
    "index_03_l": {
      "name": "index_03_l",
      "local": {
        "location": {
          "x": 0.0,
          "y": 0.0,
          "z": 0.0
        },
        "rotation_quaternion": {
          "w": 0.9708561897277832,
          "x": 0.23965002596378326,
          "y": 0.0014028846053406596,
          "z": -0.002047172747552395
        },
        "scale": {
          "x": 1.0,
          "y": 1.0,
          "z": 1.0
        },
        "matrix_basis": [
          [
            0.9999876618385315,
            0.004647423513233662,
            0.0017427883576601744,
            0.0
          ],
          [
            -0.0033026179298758507,
            0.8851273655891418,
            -0.4653371572494507,
            0.0
          ],
          [
            -0.003705208422616124,
            0.4653256833553314,
            0.8851317763328552,
            0.0
          ],
          [
            0.0,
            0.0,
            0.0,
            1.0
          ]
        ],
        "rotation_mode": "QUATERNION"
      },
      "armature_space": {
        "head": {
          "x": 0.5089048147201538,
          "y": -0.37264284491539,
          "z": 0.4153802692890167
        },
        "tail": {
          "x": 0.4862610101699829,
          "y": -0.37233781814575195,
          "z": 0.3969167470932007
        }
      },
      "world_space": {
        "head": {
          "x": 0.5089048147201538,
          "y": -0.3093988299369812,
          "z": 1.3652342557907104
        },
        "tail": {
          "x": 0.4862610101699829,
          "y": -0.3090938329696655,
          "z": 1.3467707633972168
        },
        "rotation_quaternion": {
          "w": 0.684525191783905,
          "x": -0.5749053359031677,
          "y": 0.1914290189743042,
          "z": 0.40529507398605347
        },
        "matrix": [
          [
            0.5981801748275757,
            -0.7749772071838379,
            -0.20393875241279602,
            0.5089048147201538
          ],
          [
            0.33476537466049194,
            0.010438978672027588,
            0.9422439336776733,
            -0.3093988299369812
          ],
          [
            -0.7280932664871216,
            -0.6319079399108887,
            0.265682578086853,
            1.3652342557907104
          ],
          [
            0.0,
            0.0,
            0.0,
            1.0
          ]
        ]
      },
      "bone_length_armature_space": 0.02921877169459473,
      "parent": "index_02_l",
      "has_children": false,
      "is_end_bone": true
    },
    "metacarpal_pinky_l": {
      "name": "metacarpal_pinky_l",
      "local": {
        "location": {
          "x": 0.0,
          "y": 0.0,
          "z": 0.0
        },
        "rotation_quaternion": {
          "w": 0.9985876083374023,
          "x": -0.05251150205731392,
          "y": -0.008052106946706772,
          "z": 0.0008115090895444155
        },
        "scale": {
          "x": 1.0,
          "y": 1.0,
          "z": 1.0
        },
        "matrix_basis": [
          [
            0.9998689889907837,
            -0.0007750694057904184,
            -0.016166696324944496,
            0.0
          ],
          [
            0.0024663822259753942,
            0.9944837689399719,
            0.10486160218715668,
            0.0
          ],
          [
            0.015996241942048073,
            -0.10488773882389069,
            0.9943554401397705,
            0.0
          ],
          [
            0.0,
            0.0,
            0.0,
            1.0
          ]
        ],
        "rotation_mode": "QUATERNION"
      },
      "armature_space": {
        "head": {
          "x": 0.5119426846504211,
          "y": -0.21702073514461517,
          "z": 0.42157629132270813
        },
        "tail": {
          "x": 0.5750249624252319,
          "y": -0.2984512746334076,
          "z": 0.4063146412372589
        }
      },
      "world_space": {
        "head": {
          "x": 0.5119426846504211,
          "y": -0.15377673506736755,
          "z": 1.3714302778244019
        },
        "tail": {
          "x": 0.5750249624252319,
          "y": -0.23520727455615997,
          "z": 1.3561686277389526
        },
        "rotation_quaternion": {
          "w": 0.3252595067024231,
          "x": -0.061350706964731216,
          "y": 0.056613046675920486,
          "z": -0.941932737827301
        },
        "matrix": [
          [
            -0.7808845639228821,
            0.6057987809181213,
            0.15240468084812164,
            0.5119426846504211
          ],
          [
            -0.6196919083595276,
            -0.7820027470588684,
            -0.06674080342054367,
            -0.15377673506736755
          ],
          [
            0.07874933630228043,
            -0.14656245708465576,
            0.9860692024230957,
            1.3714302778244019
          ],
          [
            0.0,
            0.0,
            0.0,
            1.0
          ]
        ]
      },
      "bone_length_armature_space": 0.10413080526528236,
      "parent": "lowerarm_l",
      "has_children": true,
      "is_end_bone": false
    },
    "pinky_01_l": {
      "name": "pinky_01_l",
      "local": {
        "location": {
          "x": 0.0,
          "y": 0.0,
          "z": 0.0
        },
        "rotation_quaternion": {
          "w": 0.9555442929267883,
          "x": 0.2941083610057831,
          "y": 0.01768828183412552,
          "z": 0.011070138774812222
        },
        "scale": {
          "x": 1.0,
          "y": 1.0,
          "z": 1.0
        },
        "matrix_basis": [
          [
            0.9991291761398315,
            -0.010751472786068916,
            0.04031551256775856,
            0.0
          ],
          [
            0.03156055882573128,
            0.8267554640769958,
            -0.561675488948822,
            0.0
          ],
          [
            -0.02729223296046257,
            0.5624587535858154,
            0.8263747692108154,
            0.0
          ],
          [
            0.0,
            0.0,
            0.0,
            1.0
          ]
        ],
        "rotation_mode": "QUATERNION"
      },
      "armature_space": {
        "head": {
          "x": 0.5750249624252319,
          "y": -0.2984512746334076,
          "z": 0.4063146412372589
        },
        "tail": {
