{
  "metadata": {
    "armature_name": "KIM_caucasian_male",
    "export_time": "2026-01-13T21:05:05.483609",
    "blender_version": "4.4.1",
    "bone_count": 56,
    "end_bone_count": 13,
    "spaces_included": [
      "LOCAL_CHANNELS",
      "ARMATURE_SPACE",
      "WORLD_SPACE"
    ],
    "note": "LOCAL matches Transform panel; replay pose via local.matrix_basis for best fidelity."
  },
  "bones": {
    "Root": {
      "name": "Root",
      "local": {
        "location": {
          "x": 0.0,
          "y": 0.0,
          "z": 0.0
        },
        "rotation_quaternion": {
          "w": 0.9995421171188354,
          "x": 0.00980214960873127,
          "y": 0.00986833218485117,
          "z": 0.02687355875968933
        },
        "scale": {
          "x": 1.0,
          "y": 1.0,
          "z": 1.0
        },
        "matrix_basis": [
          [
            0.9983608722686768,
            -0.0535290464758873,
            0.02025446482002735,
            0.0
          ],
          [
            0.05391597002744675,
            0.9983634352684021,
            -0.019064927473664284,
            0.0
          ],
          [
            -0.01920079067349434,
            0.02012571692466736,
            0.9996130466461182,
            0.0
          ],
          [
            0.0,
            0.0,
            0.0,
            1.0
          ]
        ],
        "rotation_mode": "QUATERNION"
      },
      "armature_space": {
        "head": {
          "x": 0.0,
          "y": 0.07072800397872925,
          "z": -0.009595036506652832
        },
        "tail": {
          "x": -0.0038206821773201227,
          "y": -7.735192775726318e-05,
          "z": -0.0014391643926501274
        }
      },
      "world_space": {
        "head": {
          "x": 0.0,
          "y": 0.13397200405597687,
          "z": 0.9402589797973633
        },
        "tail": {
          "x": -0.0038206821773201227,
          "y": 0.06316664814949036,
          "z": 0.9484148621559143
        },
        "rotation_quaternion": {
          "w": 0.05755692347884178,
          "x": 0.997931718826294,
          "y": -0.026147697120904922,
          "z": 0.011656327173113823
        },
        "matrix": [
          [
            0.9983608722686768,
            -0.0535290464758873,
            0.02025446482002735,
            0.0
          ],
          [
            -0.0508454255759716,
            -0.9920069575309753,
            -0.1154857948422432,
            0.13397200405597687
          ],
          [
            0.026274550706148148,
            0.11426651477813721,
            -0.9931096434593201,
            0.9402589797973633
          ],
          [
            0.0,
            0.0,
            0.0,
            1.0
          ]
        ]
      },
      "bone_length_armature_space": 0.07137586584249321,
      "parent": null,
      "has_children": true,
      "is_end_bone": false
    },
    "spine_01": {
      "name": "spine_01",
      "local": {
        "location": {
          "x": 0.0,
          "y": 0.0,
          "z": 0.0
        },
        "rotation_quaternion": {
          "w": 0.995663046836853,
          "x": 0.09170553088188171,
          "y": 0.0032869428396224976,
          "z": -0.015311123803257942
        },
        "scale": {
          "x": 1.0,
          "y": 1.0,
          "z": 1.0
        },
        "matrix_basis": [
          [
            0.9995095133781433,
            0.03109230287373066,
            0.003737145569175482,
            0.0
          ],
          [
            -0.029886579141020775,
            0.9827113151550293,
            -0.1827162653207779,
            0.0
          ],
          [
            -0.009353604167699814,
            0.1825149655342102,
            0.9831585884094238,
            0.0
          ],
          [
            0.0,
            0.0,
            0.0,
            1.0
          ]
        ],
        "rotation_mode": "QUATERNION"
      },
      "armature_space": {
        "head": {
          "x": -0.0038206821773201227,
          "y": -7.735192775726318e-05,
          "z": -0.0014391643926501274
        },
        "tail": {
          "x": -0.005196869373321533,
          "y": -0.07644814997911453,
          "z": 0.48055046796798706
        }
      },
      "world_space": {
        "head": {
          "x": -0.0038206821773201227,
          "y": 0.06316664814949036,
          "z": 0.9484148621559143
        },
        "tail": {
          "x": -0.005196869373321533,
          "y": -0.013204149901866913,
          "z": 1.4304044246673584
        },
        "rotation_quaternion": {
          "w": 0.6492542028427124,
          "x": 0.7602747678756714,
          "y": -0.014840902760624886,
          "z": -0.015206909738481045
        },
        "matrix": [
          [
            0.9990969896316528,
            -0.0028200484812259674,
            -0.04239387810230255,
            -0.0038206821773201227
          ],
          [
            -0.042312610894441605,
            -0.15649713575839996,
            -0.9867717027664185,
            0.06316664814949036
          ],
          [
            -0.0038518430665135384,
            0.9876811504364014,
            -0.15647712349891663,
            0.9484148621559143
          ],
          [
            0.0,
            0.0,
            0.0,
            1.0
          ]
        ]
      },
      "bone_length_armature_space": 0.48800449114457856,
      "parent": "Root",
      "has_children": true,
      "is_end_bone": false
    },
    "neck_01": {
      "name": "neck_01",
      "local": {
        "location": {
          "x": 0.0,
          "y": 0.0,
          "z": 0.0
        },
        "rotation_quaternion": {
          "w": 0.9925737380981445,
          "x": 0.020799890160560608,
          "y": 0.10801603645086288,
          "z": -0.05193604901432991
        },
        "scale": {
          "x": 1.0,
          "y": 1.0,
          "z": 1.0
        },
        "matrix_basis": [
          [
            0.9712703824043274,
            0.10759416222572327,
            0.21226723492145538,
            0.0
          ],
          [
            -0.09860727190971375,
            0.9937400221824646,
            -0.05251070111989975,
            0.0
          ],
          [
            -0.21658828854560852,
            0.030070997774600983,
            0.9757997989654541,
            0.0
          ],
          [
            0.0,
            0.0,
            0.0,
            1.0
          ]
        ],
        "rotation_mode": "QUATERNION"
      },
      "armature_space": {
        "head": {
          "x": -0.006873587612062693,
          "y": -0.12212830781936646,
          "z": 0.547440230846405
        },
        "tail": {
          "x": 0.0021168491803109646,
          "y": -0.17818264663219452,
          "z": 0.6328088641166687
        }
      },
      "world_space": {
        "head": {
          "x": -0.006873587612062693,
          "y": -0.058884307742118835,
          "z": 1.4972941875457764
        },
        "tail": {
          "x": 0.0021168491803109646,
          "y": -0.1149386465549469,
          "z": 1.58266282081604
        },
        "rotation_quaternion": {
          "w": 0.4692594110965729,
          "x": 0.8776111602783203,
          "y": 0.08010321855545044,
          "z": 0.0563715361058712
        },
        "matrix": [
          [
            0.9808114171028137,
            0.08769332617521286,
            0.174123153090477,
            -0.006873587612062693
          ],
          [
            0.19350498914718628,
            -0.5467577576637268,
            -0.8146238327026367,
            -0.058884307742118835
          ],
          [
            0.023766472935676575,
            0.8326912522315979,
            -0.5532399415969849,
            1.4972941875457764
          ],
          [
            0.0,
            0.0,
            0.0,
            1.0
          ]
        ]
      },
      "bone_length_armature_space": 0.10252180454509575,
      "parent": "spine_01",
      "has_children": true,
      "is_end_bone": false
    },
    "head": {
      "name": "head",
      "local": {
        "location": {
          "x": 0.0,
          "y": 0.0,
          "z": 0.0
        },
        "rotation_quaternion": {
          "w": 0.98369961977005,
          "x": -0.007525844499468803,
          "y": -0.15333771705627441,
          "z": -0.09362797439098358
        },
        "scale": {
          "x": 1.0,
          "y": 1.0,
          "z": 1.0
        },
        "matrix_basis": [
          [
            0.9354426860809326,
            0.1865115910768509,
            -0.3002672493457794,
            0.0
          ],
          [
            -0.18189561367034912,
            0.9823543429374695,
            0.04351973906159401,
            0.0
          ],
          [
            0.3030857741832733,
            0.013907059095799923,
            0.9528617858886719,
            0.0
          ],
          [
            0.0,
            0.0,
            0.0,
            1.0
          ]
        ],
        "rotation_mode": "QUATERNION"
      },
      "armature_space": {
        "head": {
          "x": 0.002116869669407606,
          "y": -0.1781827211380005,
          "z": 0.6328087449073792
        },
        "tail": {
          "x": 0.03368990495800972,
          "y": -0.20755796134471893,
          "z": 0.7817836403846741
        }
      },
      "world_space": {
        "head": {
          "x": 0.002116869669407606,
          "y": -0.11493872106075287,
          "z": 1.58266282081604
        },
        "tail": {
          "x": 0.03368990495800972,
          "y": -0.1443139612674713,
          "z": 1.731637716293335
        },
        "rotation_quaternion": {
          "w": 0.6351893544197083,
          "x": 0.763453483581543,
          "y": 0.04278670251369476,
          "z": -0.10882353782653809
        },
        "matrix": [
          [
            0.9726536273956299,
            0.20357850193977356,
            -0.11180683970451355,
            0.002116869669407606
          ],
          [
            -0.07291455566883087,
            -0.18940742313861847,
            -0.9791876673698425,
            -0.11493872106075287
          ],
          [
            -0.22052019834518433,
            0.9605693817138672,
            -0.16938602924346924,
            1.58266282081604
          ],
          [
            0.0,
            0.0,
            0.0,
            1.0
          ]
        ]
      },
      "bone_length_armature_space": 0.1550912010696966,
      "parent": "neck_01",
      "has_children": false,
      "is_end_bone": true
    },
    "upperarm_l": {
      "name": "upperarm_l",
      "local": {
        "location": {
          "x": 0.0,
          "y": 0.0,
          "z": 0.0
        },
        "rotation_quaternion": {
          "w": 0.8227993249893188,
          "x": 0.06934528797864914,
          "y": 0.5606207847595215,
          "z": -0.062425918877124786
        },
        "scale": {
          "x": 1.0,
          "y": 1.0,
          "z": 1.0
        },
        "matrix_basis": [
          [
            0.36361467838287354,
            0.18048082292079926,
            0.9138989448547363,
            0.0
          ],
          [
            -0.024975188076496124,
            0.9825884699821472,
            -0.18410904705524445,
            0.0
          ],
          [
            -0.9312146902084351,
            0.044119976460933685,
            0.36179113388061523,
            0.0
          ],
          [
            0.0,
            0.0,
            0.0,
            1.0
          ]
        ],
        "rotation_mode": "QUATERNION"
      },
      "armature_space": {
        "head": {
          "x": 0.14304529130458832,
          "y": -0.12110431492328644,
          "z": 0.4799835979938507
        },
        "tail": {
          "x": 0.4053357243537903,
          "y": -0.12403344362974167,
          "z": 0.4251856207847595
        }
      },
      "world_space": {
        "head": {
          "x": 0.14304529130458832,
          "y": -0.05786031484603882,
          "z": 1.4298375844955444
        },
        "tail": {
          "x": 0.4053357243537903,
          "y": -0.06078944355249405,
          "z": 1.3750395774841309
        },
        "rotation_quaternion": {
          "w": 0.0050632525235414505,
          "x": -0.6969640254974365,
          "y": -0.7032134532928467,
          "z": 0.1403794139623642
        },
        "matrix": [
          [
            -0.028430607169866562,
            0.9788072109222412,
            -0.2028007209300995,
            0.14304529130458832
          ],
          [
            0.9816508889198303,
            -0.010930843651294708,
            -0.19037459790706635,
            -0.05786031484603882
          ],
          [
            -0.1885572075843811,
            -0.2044934332370758,
            -0.9605430364608765,
            1.4298375844955444
          ],
          [
            0.0,
            0.0,
            0.0,
            1.0
          ]
        ]
      },
      "bone_length_armature_space": 0.2679695134672916,
      "parent": "spine_01",
      "has_children": true,
      "is_end_bone": false
    },
    "lowerarm_l": {
      "name": "lowerarm_l",
      "local": {
        "location": {
          "x": 0.0,
          "y": 0.0,
          "z": 0.0
        },
        "rotation_quaternion": {
          "w": 0.9474849700927734,
          "x": 0.1846638321876526,
          "y": -0.07519029825925827,
          "z": 0.2500362694263458
        },
        "scale": {
          "x": 1.0,
          "y": 1.0,
          "z": 1.0
        },
        "matrix_basis": [
          [
            0.8636565804481506,
            -0.501581072807312,
            -0.050138045102357864,
            0.0
          ],
          [
            0.4460413455963135,
            0.8067622780799866,
            -0.3875330090522766,
            0.0
          ],
          [
            0.2348286658525467,
            0.31233179569244385,
            0.9204913973808289,
            0.0
          ],
          [
            0.0,
            0.0,
            0.0,
            1.0
          ]
        ],
        "rotation_mode": "QUATERNION"
      },
      "armature_space": {
        "head": {
          "x": 0.40533578395843506,
          "y": -0.12403357028961182,
          "z": 0.42518556118011475
        },
        "tail": {
          "x": 0.5841027498245239,
          "y": -0.2992718815803528,
          "z": 0.33082759380340576
        }
      },
      "world_space": {
        "head": {
          "x": 0.40533578395843506,
          "y": -0.0607895702123642,
          "z": 1.3750395774841309
        },
        "tail": {
          "x": 0.5841027498245239,
          "y": -0.23602788150310516,
          "z": 1.2806816101074219
        },
        "rotation_quaternion": {
          "w": 0.015563229098916054,
          "x": -0.8198394179344177,
          "y": -0.41501691937446594,
          "z": 0.394185334444046
        },
        "matrix": [
          [
            0.3447563946247101,
            0.6682265400886536,
            -0.6592541933059692,
            0.40533578395843506
          ],
          [
            0.692764163017273,
            -0.6550365090370178,
            -0.3016710877418518,
            -0.0607895702123642
          ],
          [
            -0.633423924446106,
            -0.35270774364471436,
            -0.6887567043304443,
            1.3750395774841309
          ],
          [
            0.0,
            0.0,
            0.0,
            1.0
          ]
        ]
      },
      "bone_length_armature_space": 0.2675247991984145,
      "parent": "upperarm_l",
      "has_children": true,
      "is_end_bone": false
    },
    "metacarpal_thumb_l": {
      "name": "metacarpal_thumb_l",
      "local": {
        "location": {
          "x": 0.0,
          "y": 0.0,
          "z": 0.0
        },
        "rotation_quaternion": {
          "w": 0.999015212059021,
          "x": -0.04301829636096954,
          "y": -0.008520440198481083,
          "z": -0.006746144033968449
        },
        "scale": {
          "x": 1.0,
          "y": 1.0,
          "z": 1.0
        },
        "matrix_basis": [
          [
            0.9997637867927551,
            0.01421207096427679,
            -0.016443682834506035,
            0.0
          ],
          [
            -0.0127459317445755,
            0.9962078332901001,
            0.0860668271780014,
            0.0
          ],
          [
            0.017604513093829155,
            -0.08583690226078033,
            0.9961536526679993,
            0.0
          ],
          [
            0.0,
            0.0,
            0.0,
            1.0
          ]
        ],
        "rotation_mode": "QUATERNION"
      },
      "armature_space": {
        "head": {
          "x": 0.5841027498245239,
          "y": -0.2992718815803528,
          "z": 0.33082759380340576
        },
        "tail": {
          "x": 0.5936810970306396,
          "y": -0.3308042883872986,
          "z": 0.2938469648361206
        }
      },
      "world_space": {
        "head": {
          "x": 0.5841027498245239,
          "y": -0.23602788150310516,
          "z": 1.2806816101074219
        },
        "tail": {
          "x": 0.5936810970306396,
          "y": -0.26756030321121216,
          "z": 1.2437009811401367
        },
        "rotation_quaternion": {
          "w": 0.4248804748058319,
          "x": -0.8911496996879578,
          "y": -0.03441073000431061,
          "z": -0.1553853303194046
        },
        "matrix": [
          [
            0.9493427872657776,
            0.1933704912662506,
            0.24770133197307587,
            0.5841027498245239
          ],
          [
            -0.0707092136144638,
            -0.6365856528282166,
            0.767957866191864,
            -0.23602788150310516
          ],
          [
            0.3061858117580414,
            -0.7465758323669434,
            -0.5906682014465332,
            1.2806816101074219
          ],
          [
            0.0,
            0.0,
            0.0,
            1.0
          ]
        ]
      },
      "bone_length_armature_space": 0.04953386999341821,
      "parent": "lowerarm_l",
      "has_children": true,
      "is_end_bone": false
    },
    "thumb_01_l": {
      "name": "thumb_01_l",
      "local": {
        "location": {
          "x": 0.0,
          "y": 0.0,
          "z": 0.0
        },
        "rotation_quaternion": {
          "w": 0.9611059427261353,
          "x": 0.2755013406276703,
          "y": 0.012519283220171928,
          "z": -0.01475478895008564
        },
        "scale": {
          "x": 1.0,
          "y": 1.0,
          "z": 1.0
        },
        "matrix_basis": [
          [
            0.999251127243042,
            0.03525998815894127,
            0.015934785827994347,
            0.0
          ],
          [
            -0.021463671699166298,
            0.8477626442909241,
            -0.5299413800239563,
            0.0
          ],
          [
            -0.03219464421272278,
            0.5292025208473206,
            0.8478845357894897,
            0.0
          ],
          [
            0.0,
            0.0,
            0.0,
            1.0
          ]
        ],
        "rotation_mode": "QUATERNION"
      },
      "armature_space": {
        "head": {
          "x": 0.5936810970306396,
          "y": -0.3308042883872986,
          "z": 0.2938469648361206
        },
        "tail": {
          "x": 0.6169751882553101,
          "y": -0.3284488618373871,
          "z": 0.26913926005363464
        }
      },
      "world_space": {
        "head": {
          "x": 0.5936810970306396,
          "y": -0.26756030321121216,
          "z": 1.2437009811401367
        },
        "tail": {
          "x": 0.6169751882553101,
          "y": -0.26520484685897827,
          "z": 1.2189933061599731
        },
        "rotation_quaternion": {
          "w": 0.6481119394302368,
          "x": -0.22336916625499725,
          "y": 0.33845409750938416,
          "z": -0.6445974707603455
        },
        "matrix": [
          [
            -0.06011734902858734,
            0.6843433380126953,
            0.7266775369644165,
            0.5936810970306396
          ],
          [
            -0.9867429733276367,
            0.06919857859611511,
            -0.14679956436157227,
            -0.26756030321121216
          ],
          [
            -0.1507483869791031,
            -0.7258740067481995,
            0.6711155772209167,
            1.2437009811401367
          ],
          [
            0.0,
            0.0,
            0.0,
            1.0
          ]
        ]
      },
      "bone_length_armature_space": 0.03403870380436208,
      "parent": "metacarpal_thumb_l",
      "has_children": true,
      "is_end_bone": false
    },
    "thumb_02_l": {
      "name": "thumb_02_l",
      "local": {
        "location": {
          "x": 0.0,
          "y": 0.0,
          "z": 0.0
        },
        "rotation_quaternion": {
          "w": 0.8996602296829224,
          "x": 0.43638867139816284,
          "y": -0.012171383947134018,
          "z": 0.005340005271136761
        },
        "scale": {
          "x": 1.0,
          "y": 1.0,
          "z": 1.0
        },
        "matrix_basis": [
          [
            0.9996466636657715,
            -0.02023128978908062,
            -0.017239583656191826,
            0.0
          ],
          [
            -0.0010145273990929127,
            0.6190727949142456,
            -0.7853330373764038,
            0.0
          ],
          [
            0.02656085602939129,
            0.7850731015205383,
            0.6188335418701172,
            0.0
          ],
          [
            0.0,
            0.0,
            0.0,
            1.0
          ]
        ],
        "rotation_mode": "QUATERNION"
      },
      "armature_space": {
        "head": {
          "x": 0.6169751286506653,
          "y": -0.3284488320350647,
          "z": 0.26913923025131226
        },
        "tail": {
          "x": 0.6261230111122131,
          "y": -0.3570718467235565,
          "z": 0.29578930139541626
        }
      },
      "world_space": {
        "head": {
          "x": 0.6169751286506653,
          "y": -0.26520484685897827,
          "z": 1.2189931869506836
        },
        "tail": {
          "x": 0.6261230111122131,
          "y": -0.2938278317451477,
          "z": 1.2456433773040771
        },
        "rotation_quaternion": {
          "w": 0.2524944841861725,
          "x": 0.35895243287086487,
          "y": -0.28270700573921204,
          "z": -0.852922260761261
        },
        "matrix": [
          [
            -0.6147993803024292,
            0.2277611792087555,
            -0.7550805807113647,
            0.6169751286506653
          ],
          [
            -0.6336737275123596,
            -0.7126466035842896,
            0.3009863495826721,
            -0.26520484685897827
          ],
          [
            -0.46955662965774536,
            0.6635249257087708,
            0.5824651718139648,
            1.2189931869506836
          ],
          [
            0.0,
            0.0,
            0.0,
            1.0
          ]
        ]
      },
      "bone_length_armature_space": 0.0401644995185533,
      "parent": "thumb_01_l",
      "has_children": true,
      "is_end_bone": false
    },
    "thumb_03_l": {
      "name": "thumb_03_l",
      "local": {
        "location": {
          "x": 0.0,
          "y": 0.0,
          "z": 0.0
        },
        "rotation_quaternion": {
          "w": 0.9903119206428528,
          "x": 0.13880974054336548,
          "y": -0.0037767577450722456,
          "z": 8.599727880209684e-05
        },
        "scale": {
          "x": 1.0,
          "y": 1.0,
          "z": 1.0
        },
        "matrix_basis": [
          [
            0.9999714493751526,
            -0.001218829769641161,
            -0.007456461898982525,
            0.0
          ],
          [
            -0.0008781732758507133,
            0.9614636898040771,
            -0.27493053674697876,
            0.0
          ],
          [
            0.0075042108073830605,
            0.2749292254447937,
            0.9614351987838745,
            0.0
          ],
          [
            0.0,
            0.0,
            0.0,
            1.0
          ]
        ],
        "rotation_mode": "QUATERNION"
      },
      "armature_space": {
        "head": {
          "x": 0.6261230111122131,
          "y": -0.3570718765258789,
          "z": 0.2957892417907715
        },
        "tail": {
          "x": 0.6213217377662659,
          "y": -0.37009507417678833,
          "z": 0.322886198759079
        }
      },
      "world_space": {
        "head": {
          "x": 0.6261230111122131,
          "y": -0.2938278913497925,
          "z": 1.2456432580947876
        },
        "tail": {
          "x": 0.6213217377662659,
          "y": -0.3068510890007019,
          "z": 1.2727402448654175
        },
        "rotation_quaternion": {
          "w": 0.2698940634727478,
          "x": 0.547050952911377,
          "y": -0.4618171155452728,
          "z": -0.6439080238342285
        },
        "matrix": [
          [
            -0.2557836174964905,
            -0.15770462155342102,
            -0.953784167766571,
            0.6261230111122131
          ],
          [
            -0.8528496026992798,
            -0.427762895822525,
            0.29944416880607605,
            -0.2938278913497925
          ],
          [
            -0.4552212357521057,
            0.8900331258773804,
            -0.025083675980567932,
            1.2456432580947876
          ],
          [
            0.0,
            0.0,
            0.0,
            1.0
          ]
        ]
      },
      "bone_length_armature_space": 0.03044504818196934,
      "parent": "thumb_02_l",
      "has_children": false,
      "is_end_bone": true
    },
    "metacarpal_index_l": {
      "name": "metacarpal_index_l",
      "local": {
        "location": {
          "x": 0.0,
          "y": 0.0,
          "z": 0.0
        },
        "rotation_quaternion": {
          "w": 0.9989277124404907,
          "x": -0.045634184032678604,
          "y": 0.006182425189763308,
          "z": 0.004791903309524059
        },
        "scale": {
          "x": 1.0,
          "y": 1.0,
          "z": 1.0
        },
        "matrix_basis": [
          [
            0.9998776316642761,
            -0.010137789882719517,
            0.011914242058992386,
            0.0
          ],
          [
            0.009009269997477531,
            0.995789110660553,
            0.09122975170612335,
            0.0
          ],
          [
            -0.012788941152393818,
            -0.09111125022172928,
            0.995758593082428,
            0.0
          ],
          [
            0.0,
            0.0,
            0.0,
            1.0
          ]
        ],
        "rotation_mode": "QUATERNION"
      },
      "armature_space": {
        "head": {
          "x": 0.5841027498245239,
          "y": -0.2992718815803528,
          "z": 0.33082759380340576
        },
        "tail": {
          "x": 0.6381821036338806,
          "y": -0.38496270775794983,
          "z": 0.27199068665504456
        }
      },
      "world_space": {
        "head": {
          "x": 0.5841027498245239,
          "y": -0.23602788150310516,
          "z": 1.2806816101074219
        },
        "tail": {
          "x": 0.6381821036338806,
          "y": -0.321718692779541,
          "z": 1.2218446731567383
        },
        "rotation_quaternion": {
          "w": 0.2643062472343445,
          "x": -0.9301835298538208,
          "y": -0.2539269030094147,
          "z": 0.020541049540042877
        },
        "matrix": [
          [
            0.8701980113983154,
            0.4615391194820404,
            -0.17244389653205872,
            0.5841027498245239
          ],
          [
            0.483256459236145,
            -0.7313267588615417,
            0.4812741279602051,
            -0.23602788150310516
          ],
          [
            0.09601528197526932,
            -0.5021425485610962,
            -0.8594464659690857,
            1.2806816101074219
          ],
          [
            0.0,
            0.0,
            0.0,
            1.0
          ]
        ]
      },
      "bone_length_armature_space": 0.11717199282564587,
      "parent": "lowerarm_l",
      "has_children": true,
      "is_end_bone": false
    },
    "index_01_l": {
      "name": "index_01_l",
      "local": {
        "location": {
          "x": 0.0,
          "y": 0.0,
          "z": 0.0
        },
        "rotation_quaternion": {
          "w": 0.9547134637832642,
          "x": 0.2971939146518707,
          "y": -0.00672910874709487,
          "z": 0.012354257516562939
        },
        "scale": {
          "x": 1.0,
          "y": 1.0,
          "z": 1.0
        },
        "matrix_basis": [
          [
            0.9996041655540466,
            -0.027589252218604088,
            -0.0055055213160812855,
            0.0
          ],
          [
            0.019589852541685104,
            0.8230463266372681,
            -0.5676363110542297,
            0.0
          ],
          [
            0.020191961899399757,
            0.5673037767410278,
            0.8232609629631042,
            0.0
          ],
          [
            0.0,
            0.0,
            0.0,
            1.0
          ]
        ],
        "rotation_mode": "QUATERNION"
      },
      "armature_space": {
        "head": {
          "x": 0.6381821036338806,
          "y": -0.38496270775794983,
          "z": 0.27199068665504456
        },
        "tail": {
          "x": 0.6542292833328247,
          "y": -0.39234814047813416,
          "z": 0.24960720539093018
        }
      },
      "world_space": {
        "head": {
          "x": 0.6381821036338806,
          "y": -0.321718692779541,
          "z": 1.2218446731567383
        },
        "tail": {
          "x": 0.6542292833328247,
          "y": -0.32910412549972534,
          "z": 1.1994612216949463
        },
        "rotation_quaternion": {
          "w": 0.4592514932155609,
          "x": -0.7899170517921448,
          "y": -0.3994795083999634,
          "z": 0.07440054416656494
        },
        "matrix": [
          [
            0.6697596907615662,
            0.5627743005752563,
            -0.4844655990600586,
            0.6381821036338806
          ],
          [
            0.6994506120681763,
            -0.2590078115463257,
            0.6660962104797363,
            -0.321718692779541
          ],
          [
            0.24938403069972992,
            -0.7849898338317871,
            -0.5671091675758362,
            1.2218446731567383
          ],
          [
            0.0,
            0.0,
            0.0,
            1.0
          ]
        ]
      },
      "bone_length_armature_space": 0.028514501894714394,
      "parent": "metacarpal_index_l",
      "has_children": true,
      "is_end_bone": false
    },
    "index_02_l": {
      "name": "index_02_l",
      "local": {
        "location": {
          "x": 0.0,
          "y": 0.0,
          "z": 0.0
        },
        "rotation_quaternion": {
          "w": 0.9009100198745728,
          "x": 0.4338991940021515,
          "y": 0.004494860768318176,
          "z": -0.008512143045663834
        },
        "scale": {
          "x": 1.0,
          "y": 1.0,
          "z": 1.0
        },
        "matrix_basis": [
          [
            0.9998146891593933,
            0.019237982109189034,
            0.0007121061789803207,
            0.0
          ],
          [
            -0.01143671665340662,
            0.623318076133728,
            -0.7818847894668579,
            0.0
          ],
          [
            -0.015485754236578941,
            0.7817317247390747,
            0.6234225630760193,
            0.0
          ],
          [
            0.0,
            0.0,
            0.0,
            1.0
          ]
        ],
        "rotation_mode": "QUATERNION"
      },
      "armature_space": {
        "head": {
          "x": 0.6542291641235352,
          "y": -0.39234820008277893,
          "z": 0.249606654047966
        },
        "tail": {
          "x": 0.6539774537086487,
          "y": -0.38391467928886414,
          "z": 0.22538042068481445
        }
      },
      "world_space": {
        "head": {
          "x": 0.6542291641235352,
          "y": -0.3291041851043701,
          "z": 1.1994606256484985
        },
        "tail": {
          "x": 0.6539774537086487,
          "y": -0.3206706643104553,
          "z": 1.1752344369888306
        },
        "rotation_quaternion": {
          "w": 0.7349934577941895,
          "x": -0.5197707414627075,
          "y": -0.3523632287979126,
          "z": 0.2558578848838806
        },
        "matrix": [
          [
            0.620754599571228,
            -0.009812742471694946,
            -0.7839434146881104,
            0.6542291641235352
          ],
          [
            0.7424037456512451,
            0.32875049114227295,
            0.5837466716766357,
            -0.3291041851043701
          ],
          [
            0.2519962191581726,
            -0.9443722367286682,
            0.21136033535003662,
            1.1994606256484985
          ],
          [
            0.0,
            0.0,
            0.0,
            1.0
          ]
        ]
      },
      "bone_length_armature_space": 0.025653421600659778,
      "parent": "index_01_l",
      "has_children": true,
      "is_end_bone": false
    },
    "index_03_l": {
      "name": "index_03_l",
      "local": {
        "location": {
          "x": 0.0,
          "y": 0.0,
          "z": 0.0
        },
        "rotation_quaternion": {
          "w": 0.9300479292869568,
          "x": 0.36731046438217163,
          "y": 0.008204993791878223,
          "z": -0.005172249861061573
        },
        "scale": {
          "x": 1.0,
          "y": 1.0,
          "z": 1.0
        },
        "matrix_basis": [
          [
            0.9998118281364441,
            0.01564844138920307,
            0.011462432332336903,
            0.0
          ],
          [
            -0.003593320492655039,
            0.7301125526428223,
            -0.6833175420761108,
            0.0
          ],
          [
            -0.01906171813607216,
            0.6831477880477905,
            0.730031430721283,
            0.0
          ],
          [
            0.0,
            0.0,
            0.0,
            1.0
          ]
        ],
        "rotation_mode": "QUATERNION"
      },
      "armature_space": {
        "head": {
          "x": 0.6539775133132935,
          "y": -0.3839147984981537,
          "z": 0.22538039088249207
        },
        "tail": {
          "x": 0.6391149163246155,
          "y": -0.3621707558631897,
          "z": 0.21272996068000793
        }
      },
      "world_space": {
        "head": {
          "x": 0.6539775133132935,
          "y": -0.3206707835197449,
          "z": 1.1752344369888306
        },
        "tail": {
          "x": 0.6391149163246155,
          "y": -0.29892677068710327,
          "z": 1.1625839471817017
        },
        "rotation_quaternion": {
          "w": 0.9056298136711121,
          "x": -0.15834671258926392,
          "y": -0.22787290811538696,
          "z": 0.3206788897514343
        },
        "matrix": [
          [
            0.6904775500297546,
            -0.5086674094200134,
            -0.5142937302589417,
            0.6539775133132935
          ],
          [
            0.6529991030693054,
            0.7441826462745667,
            0.14065811038017273,
            -0.3206707835197449
          ],
          [
            0.3111831545829773,
            -0.4329570531845093,
            0.8460068702697754,
            1.1752344369888306
          ],
          [
            0.0,
            0.0,
            0.0,
            1.0
          ]
        ]
      },
      "bone_length_armature_space": 0.02921871946296269,
      "parent": "index_02_l",
      "has_children": false,
      "is_end_bone": true
    },
    "metacarpal_pinky_l": {
      "name": "metacarpal_pinky_l",
      "local": {
        "location": {
          "x": 0.0,
          "y": 0.0,
          "z": 0.0
        },
        "rotation_quaternion": {
          "w": 0.999640703201294,
          "x": 0.007913063280284405,
          "y": 0.016978764906525612,
          "z": -0.019176235422492027
        },
        "scale": {
          "x": 1.0,
          "y": 1.0,
          "z": 1.0
        },
        "matrix_basis": [
          [
            0.9986879825592041,
            0.0386073999106884,
            0.03364184498786926,
            0.0
          ],
          [
            -0.03806998208165169,
            0.9991393089294434,
            -0.0164716187864542,
            0.0
          ],
          [
            -0.03424881398677826,
            0.015169262886047363,
            0.9992982149124146,
            0.0
          ],
          [
            0.0,
            0.0,
            0.0,
            1.0
          ]
        ],
        "rotation_mode": "QUATERNION"
      },
      "armature_space": {
        "head": {
          "x": 0.5841027498245239,
          "y": -0.2992718815803528,
          "z": 0.33082759380340576
        },
        "tail": {
          "x": 0.669384777545929,
          "y": -0.35668468475341797,
          "z": 0.3142758309841156
        }
      },
      "world_space": {
        "head": {
          "x": 0.5841027498245239,
          "y": -0.23602788150310516,
          "z": 1.2806816101074219
        },
        "tail": {
          "x": 0.669384777545929,
          "y": -0.29344069957733154,
          "z": 1.264129877090454
        },
        "rotation_quaternion": {
          "w": 0.3500228226184845,
          "x": 0.45844733715057373,
          "y": 0.31907281279563904,
          "z": -0.7519990801811218
        },
        "matrix": [
          [
            -0.3346199691295624,
            0.8189899921417236,
            -0.4661380648612976,
            0.5841027498245239
          ],
          [
            -0.23387902975082397,
            -0.5513530373573303,
            -0.8008188605308533,
            -0.23602788150310516
          ],
          [
            -0.9128760695457458,
            -0.15895164012908936,
            0.3760400116443634,
            1.2806816101074219
          ],
          [
            0.0,
            0.0,
            0.0,
            1.0
          ]
        ]
      },
      "bone_length_armature_space": 0.10413076033677399,
      "parent": "lowerarm_l",
      "has_children": true,
      "is_end_bone": false
    },
    "pinky_01_l": {
      "name": "pinky_01_l",
      "local": {
        "location": {
          "x": 0.0,
          "y": 0.0,
          "z": 0.0
        },
        "rotation_quaternion": {
          "w": 0.9494113922119141,
          "x": 0.31350913643836975,
          "y": 0.004374295938760042,
          "z": -0.017634466290473938
        },
        "scale": {
          "x": 1.0,
          "y": 1.0,
          "z": 1.0
        },
        "matrix_basis": [
          [
            0.999339759349823,
            0.03622749075293541,
            -0.002751119900494814,
            0.0
          ],
          [
            -0.030741963535547256,
            0.8028020858764648,
            -0.5954525470733643,
            0.0
          ],
          [
            -0.019363146275281906,
            0.5951440334320068,
            0.8033857941627502,
            0.0
          ],
          [
            0.0,
            0.0,
            0.0,
            1.0
          ]
        ],
        "rotation_mode": "QUATERNION"
      },
      "armature_space": {
        "head": {
          "x": 0.669384777545929,
          "y": -0.35668468475341797,
          "z": 0.3142758309841156
        },
        "tail": {
