{
  "metadata": {
    "armature_name": "KIM_caucasian_male",
    "export_time": "2026-01-13T21:05:10.988768",
    "blender_version": "4.4.1",
    "bone_count": 56,
    "end_bone_count": 13,
    "spaces_included": [
      "LOCAL_CHANNELS",
      "ARMATURE_SPACE",
      "WORLD_SPACE"
    ],
    "note": "LOCAL matches Transform panel; replay pose via local.matrix_basis for best fidelity."
  },
  "bones": {
    "Root": {
      "name": "Root",
      "local": {
        "location": {
          "x": 0.0,
          "y": 0.0,
          "z": 0.0
        },
        "rotation_quaternion": {
          "w": 0.9995482563972473,
          "x": -0.017322873696684837,
          "y": -0.015636220574378967,
          "z": 0.018939167261123657
        },
        "scale": {
          "x": 1.0,
          "y": 1.0,
          "z": 1.0
        },
        "matrix_basis": [
          [
            0.9987936615943909,
            -0.037319496273994446,
            -0.03191447630524635,
            0.0
          ],
          [
            0.03840295225381851,
            0.99868243932724,
            0.03403782099485397,
            0.0
          ],
          [
            0.03060215152800083,
            -0.0352223701775074,
            0.9989108443260193,
            0.0
          ],
          [
            0.0,
            0.0,
            0.0,
            1.0
          ]
        ],
        "rotation_mode": "QUATERNION"
      },
      "armature_space": {
        "head": {
          "x": 0.0,
          "y": 0.07072800397872925,
          "z": -0.009595036506652832
        },
        "tail": {
          "x": -0.002663711551576853,
          "y": 0.0004311501979827881,
          "z": 0.0024785837158560753
        }
      },
      "world_space": {
        "head": {
          "x": 0.0,
          "y": 0.13397200405597687,
          "z": 0.9402589797973633
        },
        "tail": {
          "x": -0.002663711551576853,
          "y": 0.06367515027523041,
          "z": 0.952332615852356
        },
        "rotation_quaternion": {
          "w": 0.08462075889110565,
          "x": 0.9961104989051819,
          "y": -0.019949521869421005,
          "z": -0.014324805699288845
        },
        "matrix": [
          [
            0.9987936615943909,
            -0.037319496273994446,
            -0.03191447630524635,
            0.0
          ],
          [
            -0.04216821491718292,
            -0.984882652759552,
            -0.16801214218139648,
            0.13397200405597687
          ],
          [
            -0.025162100791931152,
            0.16915549337863922,
            -0.9852752685546875,
            0.9402589797973633
          ],
          [
            0.0,
            0.0,
            0.0,
            1.0
          ]
        ]
      },
      "bone_length_armature_space": 0.0713758750806805,
      "parent": null,
      "has_children": true,
      "is_end_bone": false
    },
    "spine_01": {
      "name": "spine_01",
      "local": {
        "location": {
          "x": 0.0,
          "y": 0.0,
          "z": 0.0
        },
        "rotation_quaternion": {
          "w": 0.9937270283699036,
          "x": 0.09060967713594437,
          "y": 0.024939710274338722,
          "z": 0.06061754375696182
        },
        "scale": {
          "x": 1.0,
          "y": 1.0,
          "z": 1.0
        },
        "matrix_basis": [
          [
            0.991407036781311,
            -0.11595502495765686,
            0.06055159866809845,
            0.0
          ],
          [
            0.12499414384365082,
            0.976230800151825,
            -0.17705900967121124,
            0.0
          ],
          [
            -0.03858145698904991,
            0.18310613930225372,
            0.9823358058929443,
            0.0
          ],
          [
            0.0,
            0.0,
            0.0,
            1.0
          ]
        ],
        "rotation_mode": "QUATERNION"
      },
      "armature_space": {
        "head": {
          "x": -0.002663711551576853,
          "y": 0.0004311501979827881,
          "z": 0.0024785837158560753
        },
        "tail": {
          "x": -0.049173131585121155,
          "y": -0.047711413353681564,
          "z": 0.485870361328125
        }
      },
      "world_space": {
        "head": {
          "x": -0.002663711551576853,
          "y": 0.06367515027523041,
          "z": 0.952332615852356
        },
        "tail": {
          "x": -0.049173131585121155,
          "y": 0.015532586723566055,
          "z": 1.4357243776321411
        },
        "rotation_quaternion": {
          "w": 0.6706549525260925,
          "x": 0.7401894927024841,
          "y": -0.029924869537353516,
          "z": 0.0380268357694149
        },
        "matrix": [
          [
            0.9953169226646423,
            -0.09530594944953918,
            0.016154948621988297,
            -0.002663711551576853
          ],
          [
            0.006705008447170258,
            -0.09865254908800125,
            -0.9950994849205017,
            0.06367515027523041
          ],
          [
            0.09643331170082092,
            0.9905544519424438,
            -0.09755310416221619,
            0.952332615852356
          ],
          [
            0.0,
            0.0,
            0.0,
            1.0
          ]
        ]
      },
      "bone_length_armature_space": 0.4880045691037885,
      "parent": "Root",
      "has_children": true,
      "is_end_bone": false
    },
    "neck_01": {
      "name": "neck_01",
      "local": {
        "location": {
          "x": 0.0,
          "y": 0.0,
          "z": 0.0
        },
        "rotation_quaternion": {
          "w": 0.9950639009475708,
          "x": 0.06398581713438034,
          "y": -0.021074609830975533,
          "z": 0.0728665366768837
        },
        "scale": {
          "x": 1.0,
          "y": 1.0,
          "z": 1.0
        },
        "matrix_basis": [
          [
            0.9884926676750183,
            -0.1477106660604477,
            -0.03261631727218628,
            0.0
          ],
          [
            0.1423167735338211,
            0.9811925888061523,
            -0.13041122257709503,
            0.0
          ],
          [
            0.05126601830124855,
            0.12426868826150894,
            0.9909233450889587,
            0.0
          ],
          [
            0.0,
            0.0,
            0.0,
            1.0
          ]
        ],
        "rotation_mode": "QUATERNION"
      },
      "armature_space": {
        "head": {
          "x": -0.055591028183698654,
          "y": -0.0894450917840004,
          "z": 0.5550140738487244
        },
        "tail": {
          "x": -0.07828635722398758,
          "y": -0.1479811668395996,
          "z": 0.6360644102096558
        }
      },
      "world_space": {
        "head": {
          "x": -0.055591028183698654,
          "y": -0.026201091706752777,
          "z": 1.5048680305480957
        },
        "tail": {
          "x": -0.07828635722398758,
          "y": -0.08473716676235199,
          "z": 1.5859184265136719
        },
        "rotation_quaternion": {
          "w": 0.4537583589553833,
          "x": 0.8840296864509583,
          "y": -0.0928482934832573,
          "z": 0.06304049491882324
        },
        "matrix": [
          [
            0.9748101830482483,
            -0.22137176990509033,
            0.0271970983594656,
            -0.055591028183698654
          ],
          [
            -0.1069517433643341,
            -0.5709648132324219,
            -0.8139784336090088,
            -0.026201091706752777
          ],
          [
            0.19572170078754425,
            0.7905706167221069,
            -0.5802631378173828,
            1.5048680305480957
          ],
          [
            0.0,
            0.0,
            0.0,
            1.0
          ]
        ]
      },
      "bone_length_armature_space": 0.1025217393592631,
      "parent": "spine_01",
      "has_children": true,
      "is_end_bone": false
    },
    "head": {
      "name": "head",
      "local": {
        "location": {
          "x": 0.0,
          "y": 0.0,
          "z": 0.0
        },
        "rotation_quaternion": {
          "w": 0.9761770963668823,
          "x": -0.11044009774923325,
          "y": -0.14799059927463531,
          "z": 0.11393024772405624
        },
        "scale": {
          "x": 1.0,
          "y": 1.0,
          "z": 1.0
        },
        "matrix_basis": [
          [
            0.930237352848053,
            -0.1897440105676651,
            -0.31409499049186707,
            0.0
          ],
          [
            0.2551203966140747,
            0.9496457576751709,
            0.18189696967601776,
            0.0
          ],
          [
            0.2637651264667511,
            -0.24933940172195435,
            0.9318035244941711,
            0.0
          ],
          [
            0.0,
            0.0,
            0.0,
            1.0
          ]
        ],
        "rotation_mode": "QUATERNION"
      },
      "armature_space": {
        "head": {
          "x": -0.07828633487224579,
          "y": -0.14798125624656677,
          "z": 0.6360642313957214
        },
        "tail": {
          "x": -0.13667328655719757,
          "y": -0.14248427748680115,
          "z": 0.7796400785446167
        }
      },
      "world_space": {
        "head": {
          "x": -0.07828633487224579,
          "y": -0.08473725616931915,
          "z": 1.5859181880950928
        },
        "tail": {
          "x": -0.13667328655719757,
          "y": -0.07924027740955353,
          "z": 1.7294940948486328
        },
        "rotation_quaternion": {
          "w": 0.6602777242660522,
          "x": 0.6942881345748901,
          "y": -0.28592804074287415,
          "z": -0.015570919960737228
        },
        "matrix": [
          [
            0.8360042572021484,
            -0.3764709234237671,
            -0.3992074728012085,
            -0.07828633487224579
          ],
          [
            -0.4175974130630493,
            0.035443782806396484,
            -0.9079407453536987,
            -0.08473725616931915
          ],
          [
            0.35596486926078796,
            0.9257569313049316,
            -0.12758377194404602,
            1.5859181880950928
          ],
          [
            0.0,
            0.0,
            0.0,
            1.0
          ]
        ]
      },
      "bone_length_armature_space": 0.15509119004489255,
      "parent": "neck_01",
      "has_children": false,
      "is_end_bone": true
    },
    "upperarm_l": {
      "name": "upperarm_l",
      "local": {
        "location": {
          "x": 0.0,
          "y": 0.0,
          "z": 0.0
        },
        "rotation_quaternion": {
          "w": 0.7906026244163513,
          "x": 0.5461336970329285,
          "y": 0.22025159001350403,
          "z": -0.1678539365530014
        },
        "scale": {
          "x": 1.0,
          "y": 1.0,
          "z": 1.0
        },
        "matrix_basis": [
          [
            0.8466286063194275,
            0.5059851408004761,
            0.1649215817451477,
            0.0
          ],
          [
            -0.02483789436519146,
            0.3471260964870453,
            -0.9374896883964539,
            0.0
          ],
          [
            -0.5316043496131897,
            0.7896092534065247,
            0.30645444989204407,
            0.0
          ],
          [
            0.0,
            0.0,
            0.0,
            1.0
          ]
        ],
        "rotation_mode": "QUATERNION"
      },
      "armature_space": {
        "head": {
          "x": 0.10016334801912308,
          "y": -0.08498262614011765,
          "z": 0.5025950074195862
        },
        "tail": {
          "x": 0.21460950374603271,
          "y": -0.27371886372566223,
          "z": 0.3506452441215515
        }
      },
      "world_space": {
        "head": {
          "x": 0.10016334801912308,
          "y": -0.021738626062870026,
          "z": 1.452449083328247
        },
        "tail": {
          "x": 0.21460950374603271,
          "y": -0.2104748636484146,
          "z": 1.3004992008209229
        },
        "rotation_quaternion": {
          "w": 0.08469956368207932,
          "x": -0.7041665315628052,
          "y": -0.37505385279655457,
          "z": 0.5969171524047852
        },
        "matrix": [
          [
            0.006048401817679405,
            0.42708662152290344,
            -0.9041906595230103,
            0.10016334801912308
          ],
          [
            0.629318356513977,
            -0.7043200135231018,
            -0.32846972346305847,
            -0.021738626062870026
          ],
          [
            -0.7771291136741638,
            -0.5670414566993713,
            -0.2730356752872467,
            1.452449083328247
          ],
          [
            0.0,
            0.0,
            0.0,
            1.0
          ]
        ]
      },
      "bone_length_armature_space": 0.26797017904795856,
      "parent": "spine_01",
      "has_children": true,
      "is_end_bone": false
    },
    "lowerarm_l": {
      "name": "lowerarm_l",
      "local": {
        "location": {
          "x": 0.0,
          "y": 0.0,
          "z": 0.0
        },
        "rotation_quaternion": {
          "w": 0.8866060972213745,
          "x": 0.45713168382644653,
          "y": 0.07029607892036438,
          "z": 0.004356925841420889
        },
        "scale": {
          "x": 1.0,
          "y": 1.0,
          "z": 1.0
        },
        "matrix_basis": [
          [
            0.9900789856910706,
            0.05654337629675865,
            0.12863324582576752,
            0.0
          ],
          [
            0.07199488580226898,
            0.5820232629776001,
            -0.8099789023399353,
            0.0
          ],
          [
            -0.1206664890050888,
            0.8112040162086487,
            0.5721781849861145,
            0.0
          ],
          [
            0.0,
            0.0,
            0.0,
            1.0
          ]
        ],
        "rotation_mode": "QUATERNION"
      },
      "armature_space": {
        "head": {
          "x": 0.21460950374603271,
          "y": -0.27371901273727417,
          "z": 0.3506452739238739
        },
        "tail": {
          "x": 0.05807600915431976,
          "y": -0.4567970633506775,
          "z": 0.23424378037452698
        }
      },
      "world_space": {
        "head": {
          "x": 0.21460950374603271,
          "y": -0.21047501266002655,
          "z": 1.3004993200302124
        },
        "tail": {
          "x": 0.05807600915431976,
          "y": -0.39355307817459106,
          "z": 1.1840977668762207
        },
        "rotation_quaternion": {
          "w": 0.39616483449935913,
          "x": -0.6011207103729248,
          "y": 0.029695848003029823,
          "z": 0.6934158802032471
        },
        "matrix": [
          [
            0.03658632934093475,
            -0.5851184129714966,
            -0.8101224899291992,
            0.21460950374603271
          ],
          [
            0.5137124061584473,
            -0.6843413710594177,
            0.5174717307090759,
            -0.21047501266002655
          ],
          [
            -0.8571876883506775,
            -0.43510591983795166,
            0.27554717659950256,
            1.3004993200302124
          ],
          [
            0.0,
            0.0,
            0.0,
            1.0
          ]
        ]
      },
      "bone_length_armature_space": 0.2675249819643435,
      "parent": "upperarm_l",
      "has_children": true,
      "is_end_bone": false
    },
    "metacarpal_thumb_l": {
      "name": "metacarpal_thumb_l",
      "local": {
        "location": {
          "x": 0.0,
          "y": 0.0,
          "z": 0.0
        },
        "rotation_quaternion": {
          "w": 0.9996752142906189,
          "x": -0.00907156988978386,
          "y": 0.021023212000727654,
          "z": 0.011191282421350479
        },
        "scale": {
          "x": 1.0,
          "y": 1.0,
          "z": 1.0
        },
        "matrix_basis": [
          [
            0.99886554479599,
            -0.022756721824407578,
            0.04182972386479378,
            0.0
          ],
          [
            0.021993868052959442,
            0.9995849132537842,
            0.01860780082643032,
            0.0
          ],
          [
            -0.04223581403493881,
            -0.017666693776845932,
            0.9989514350891113,
            0.0
          ],
          [
            0.0,
            0.0,
            0.0,
            1.0
          ]
        ],
        "rotation_mode": "QUATERNION"
      },
      "armature_space": {
        "head": {
          "x": 0.05807600915431976,
          "y": -0.4567970633506775,
          "z": 0.23424378037452698
        },
        "tail": {
          "x": 0.011473506689071655,
          "y": -0.4634401500225067,
          "z": 0.21882739663124084
        }
      },
      "world_space": {
        "head": {
          "x": 0.05807600915431976,
          "y": -0.39355307817459106,
          "z": 1.1840977668762207
        },
        "tail": {
          "x": 0.011473506689071655,
          "y": -0.4001961350440979,
          "z": 1.1686813831329346
        },
        "rotation_quaternion": {
          "w": 0.2955552339553833,
          "x": -0.7449787855148315,
          "y": 0.5878690481185913,
          "z": 0.10983563959598541
        },
        "matrix": [
          [
            0.28469130396842957,
            -0.9408247470855713,
            0.18384745717048645,
            0.05807600915431976
          ],
          [
            -0.8109764456748962,
            -0.13411279022693634,
            0.5695011615753174,
            -0.39355307817459106
          ],
          [
            -0.5111485719680786,
            -0.31123030185699463,
            -0.801172137260437,
            1.1840977668762207
          ],
          [
            0.0,
            0.0,
            0.0,
            1.0
          ]
        ]
      },
      "bone_length_armature_space": 0.04953371322638077,
      "parent": "lowerarm_l",
      "has_children": true,
      "is_end_bone": false
    },
    "thumb_01_l": {
      "name": "thumb_01_l",
      "local": {
        "location": {
          "x": 0.0,
          "y": 0.0,
          "z": 0.0
        },
        "rotation_quaternion": {
          "w": 0.9982249736785889,
          "x": -0.05325103551149368,
          "y": -0.022134888917207718,
          "z": 0.014876080676913261
        },
        "scale": {
          "x": 1.0,
          "y": 1.0,
          "z": 1.0
        },
        "matrix_basis": [
          [
            0.9985774755477905,
            -0.027341939508914948,
            -0.045775532722473145,
            0.0
          ],
          [
            0.032056763768196106,
            0.9938860535621643,
            0.10565446317195892,
            0.0
          ],
          [
            0.042606864124536514,
            -0.10697158426046371,
            0.9933487772941589,
            0.0
          ],
          [
            0.0,
            0.0,
            0.0,
            1.0
          ]
        ],
        "rotation_mode": "QUATERNION"
      },
      "armature_space": {
        "head": {
          "x": 0.011473506689071655,
          "y": -0.4634401500225067,
          "z": 0.21882739663124084
        },
        "tail": {
          "x": -0.006125427782535553,
          "y": -0.44559818506240845,
          "z": 0.19579321146011353
        }
      },
      "world_space": {
        "head": {
          "x": 0.011473506689071655,
          "y": -0.4001961350440979,
          "z": 1.1686813831329346
        },
        "tail": {
          "x": -0.006125427782535553,
          "y": -0.382354199886322,
          "z": 1.1456472873687744
        },
        "rotation_quaternion": {
          "w": 0.014757375232875347,
          "x": 0.2895362079143524,
          "y": -0.8728498220443726,
          "z": 0.3925357460975647
        },
        "matrix": [
          [
            -0.8319015502929688,
            -0.5170291066169739,
            0.20154604315757751,
            0.011473506689071655
          ],
          [
            -0.4938589036464691,
            0.5241684913635254,
            -0.6937950849533081,
            -0.4001961350440979
          ],
          [
            0.2530691921710968,
            -0.676708459854126,
            -0.6914012432098389,
            1.1686813831329346
          ],
          [
            0.0,
            0.0,
            0.0,
            1.0
          ]
        ]
      },
      "bone_length_armature_space": 0.034038682856323936,
      "parent": "metacarpal_thumb_l",
      "has_children": true,
      "is_end_bone": false
    },
    "thumb_02_l": {
      "name": "thumb_02_l",
      "local": {
        "location": {
          "x": 0.0,
          "y": 0.0,
          "z": 0.0
        },
        "rotation_quaternion": {
          "w": 0.9960299730300903,
          "x": 0.08883518725633621,
          "y": -0.0005912400665692985,
          "z": -0.00569559819996357
        },
        "scale": {
          "x": 1.0,
          "y": 1.0,
          "z": 1.0
        },
        "matrix_basis": [
          [
            0.9999344348907471,
            0.011240927502512932,
            -0.0021897247061133385,
            0.0
          ],
          [
            -0.01145101897418499,
            0.9841517210006714,
            -0.17695827782154083,
            0.0
          ],
          [
            0.00016584659169893712,
            0.17697174847126007,
            0.9842159152030945,
            0.0
          ],
          [
            0.0,
            0.0,
            0.0,
            1.0
          ]
        ],
        "rotation_mode": "QUATERNION"
      },
      "armature_space": {
        "head": {
          "x": -0.0061253998428583145,
          "y": -0.44559815526008606,
          "z": 0.1957932412624359
        },
        "tail": {
          "x": -0.03020796738564968,
          "y": -0.4705074429512024,
          "z": 0.17547714710235596
        }
      },
      "world_space": {
        "head": {
          "x": -0.0061253998428583145,
          "y": -0.38235414028167725,
          "z": 1.1456472873687744
        },
        "tail": {
          "x": -0.03020796738564968,
          "y": -0.40726345777511597,
          "z": 1.125331163406372
        },
        "rotation_quaternion": {
          "w": 0.19996246695518494,
          "x": 0.34495508670806885,
          "y": -0.38719993829727173,
          "z": 0.8313226103782654
        },
        "matrix": [
          [
            -0.6820425391197205,
            -0.5995997786521912,
            0.41868627071380615,
            -0.0061253998428583145
          ],
          [
            0.06533541530370712,
            -0.6201834678649902,
            -0.7817317247390747,
            -0.38235414028167725
          ],
          [
            0.7283933162689209,
            -0.5058232545852661,
            0.4621688425540924,
            1.1456472873687744
          ],
          [
            0.0,
            0.0,
            0.0,
            1.0
          ]
        ]
      },
      "bone_length_armature_space": 0.04016449118547088,
      "parent": "thumb_01_l",
      "has_children": true,
      "is_end_bone": false
    },
    "thumb_03_l": {
      "name": "thumb_03_l",
      "local": {
        "location": {
          "x": 0.0,
          "y": 0.0,
          "z": 0.0
        },
        "rotation_quaternion": {
          "w": 0.9967398643493652,
          "x": 0.08053158223628998,
          "y": -0.004695067182183266,
          "z": 0.0015012951334938407
        },
        "scale": {
          "x": 1.0,
          "y": 1.0,
          "z": 1.0
        },
        "matrix_basis": [
          [
            0.9999514222145081,
            -0.003749003866687417,
            -0.00911771785467863,
            0.0
          ],
          [
            0.00223659910261631,
            0.9870248436927795,
            -0.16055217385292053,
            0.0
          ],
          [
            0.009601324796676636,
            0.16052398085594177,
            0.9869852662086487,
            0.0
          ],
          [
            0.0,
            0.0,
            0.0,
            1.0
          ]
        ],
        "rotation_mode": "QUATERNION"
      },
      "armature_space": {
        "head": {
          "x": -0.030208004638552666,
          "y": -0.47050735354423523,
          "z": 0.17547719180583954
        },
        "tail": {
          "x": -0.03937605023384094,
          "y": -0.49763137102127075,
          "z": 0.16512693464756012
        }
      },
      "world_space": {
        "head": {
          "x": -0.030208004638552666,
          "y": -0.4072633385658264,
          "z": 1.125331163406372
        },
        "tail": {
          "x": -0.03937605023384094,
          "y": -0.4343873858451843,
          "z": 1.114980936050415
        },
        "rotation_quaternion": {
          "w": 0.12040352076292038,
          "x": 0.17717531323432922,
          "y": -0.20010536909103394,
          "z": 0.9560699462890625
        },
        "matrix": [
          [
            -0.9082240462303162,
            -0.3011358976364136,
            0.29059678316116333,
            -0.030208004638552666
          ],
          [
            0.15932142734527588,
            -0.8909221291542053,
            -0.4252942204475403,
            -0.4072633385658264
          ],
          [
            0.386973112821579,
            -0.3399672508239746,
            0.8571395874023438,
            1.125331163406372
          ],
          [
            0.0,
            0.0,
            0.0,
            1.0
          ]
        ]
      },
      "bone_length_armature_space": 0.030444920473253572,
      "parent": "thumb_02_l",
      "has_children": false,
      "is_end_bone": true
    },
    "metacarpal_index_l": {
      "name": "metacarpal_index_l",
      "local": {
        "location": {
          "x": 0.0,
          "y": 0.0,
          "z": 0.0
        },
        "rotation_quaternion": {
          "w": 0.9985337257385254,
          "x": -0.05354269593954086,
          "y": 0.0014379877829924226,
          "z": -0.00785337295383215
        },
        "scale": {
          "x": 1.0,
          "y": 1.0,
          "z": 1.0
        },
        "matrix_basis": [
          [
            0.9998725056648254,
            0.015529727563261986,
            0.0037127400282770395,
            0.0
          ],
          [
            -0.01583770290017128,
            0.994143009185791,
            0.10690578818321228,
            0.0
          ],
          [
            -0.002030777046456933,
            -0.10695096105337143,
            0.9942622184753418,
            0.0
          ],
          [
            0.0,
            0.0,
            0.0,
            1.0
          ]
        ],
        "rotation_mode": "QUATERNION"
      },
      "armature_space": {
        "head": {
          "x": 0.05807600915431976,
          "y": -0.4567970633506775,
          "z": 0.23424378037452698
        },
        "tail": {
          "x": -0.03080567717552185,
          "y": -0.5222641229629517,
          "z": 0.19495810568332672
        }
      },
      "world_space": {
        "head": {
          "x": 0.05807600915431976,
          "y": -0.39355307817459106,
          "z": 1.1840977668762207
        },
        "tail": {
          "x": -0.03080567717552185,
          "y": -0.45902013778686523,
          "z": 1.1448121070861816
        },
        "rotation_quaternion": {
          "w": 0.35007554292678833,
          "x": -0.8043574094772339,
          "y": 0.31318309903144836,
          "z": 0.3638303875923157
        },
        "matrix": [
          [
            0.5390875935554504,
            -0.7585591077804565,
            -0.3660232424736023,
            0.05807600915431976
          ],
          [
            -0.249087855219841,
            -0.5587271451950073,
            0.7910624742507935,
            -0.39355307817459106
          ],
          [
            -0.8045800924301147,
            -0.3352828919887543,
            -0.49015334248542786,
            1.1840977668762207
          ],
          [
            0.0,
            0.0,
            0.0,
            1.0
          ]
        ]
      },
      "bone_length_armature_space": 0.11717189943264,
      "parent": "lowerarm_l",
      "has_children": true,
      "is_end_bone": false
    },
    "index_01_l": {
      "name": "index_01_l",
      "local": {
        "location": {
          "x": 0.0,
          "y": 0.0,
          "z": 0.0
        },
        "rotation_quaternion": {
          "w": 0.9920529127120972,
          "x": -0.12536190450191498,
          "y": 0.009645422920584679,
          "z": -0.004733001813292503
        },
        "scale": {
          "x": 1.0,
          "y": 1.0,
          "z": 1.0
        },
        "matrix_basis": [
          [
            0.9997691512107849,
            0.006972439121454954,
            0.020324215292930603,
            0.0
          ],
          [
            -0.011809113435447216,
            0.9685239791870117,
            0.24863998591899872,
            0.0
          ],
          [
            -0.017950862646102905,
            -0.24882258474826813,
            0.968382716178894,
            0.0
          ],
          [
            0.0,
            0.0,
            0.0,
            1.0
          ]
        ],
        "rotation_mode": "QUATERNION"
      },
      "armature_space": {
        "head": {
          "x": -0.03080567717552185,
          "y": -0.5222641229629517,
          "z": 0.19495810568332672
        },
        "tail": {
          "x": -0.04064571112394333,
          "y": -0.5468732118606567,
          "z": 0.18443965911865234
        }
      },
      "world_space": {
        "head": {
          "x": -0.03080567717552185,
          "y": -0.45902013778686523,
          "z": 1.1448121070861816
        },
        "tail": {
          "x": -0.04064571112394333,
          "y": -0.4836292266845703,
          "z": 1.1342936754226685
        },
        "rotation_quaternion": {
          "w": 0.2381894290447235,
          "x": -0.9145997762680054,
          "y": 0.10837461799383163,
          "z": 0.308266282081604
        },
        "matrix": [
          [
            0.7864541411399841,
            -0.345090389251709,
            -0.5122528076171875,
            -0.03080567717552185
          ],
          [
            -0.051387909799814224,
            -0.8630421161651611,
            0.5025119781494141,
            -0.45902013778686523
          ],
          [
            -0.6155116558074951,
            -0.3688822388648987,
            -0.6964807510375977,
            1.1448121070861816
          ],
          [
            0.0,
            0.0,
            0.0,
            1.0
          ]
        ]
      },
      "bone_length_armature_space": 0.028514403655281094,
      "parent": "metacarpal_index_l",
      "has_children": true,
      "is_end_bone": false
    },
    "index_02_l": {
      "name": "index_02_l",
      "local": {
        "location": {
          "x": 0.0,
          "y": 0.0,
          "z": 0.0
        },
        "rotation_quaternion": {
          "w": 0.9989349246025085,
          "x": 0.04602355882525444,
          "y": -0.00014717197336722165,
          "z": 0.0033093621022999287
        },
        "scale": {
          "x": 1.0,
          "y": 1.0,
          "z": 1.0
        },
        "matrix_basis": [
          [
            0.9999780654907227,
            -0.006625221576541662,
            1.0586794815026224e-05,
            0.0
          ],
          [
            0.006598128005862236,
            0.9957417845726013,
            -0.09195005148649216,
            0.0
          ],
          [
            0.0005986476899124682,
            0.09194810688495636,
            0.9957635998725891,
            0.0
          ],
          [
            0.0,
            0.0,
            0.0,
            1.0
          ]
        ],
        "rotation_mode": "QUATERNION"
      },
      "armature_space": {
        "head": {
          "x": -0.04064619168639183,
          "y": -0.5468733906745911,
          "z": 0.18443945050239563
        },
        "tail": {
          "x": -0.049858950078487396,
          "y": -0.5682651996612549,
          "z": 0.17368729412555695
        }
      },
      "world_space": {
        "head": {
          "x": -0.04064619168639183,
          "y": -0.48362940549850464,
          "z": 1.1342934370040894
        },
        "tail": {
          "x": -0.049858950078487396,
          "y": -0.5050212144851685,
          "z": 1.1235413551330566
        },
        "rotation_quaternion": {
          "w": 0.2704141438007355,
          "x": -0.8977658152580261,
          "y": 0.09967798739671707,
          "z": 0.33310219645500183
        },
        "matrix": [
          [
            0.7582149505615234,
            -0.3591260612010956,
            -0.5441865921020508,
            -0.04064619168639183
          ],
          [
            0.001175342476926744,
            -0.8338817358016968,
            0.5519425272941589,
            -0.48362940549850464
          ],
          [
            -0.6520082354545593,
            -0.4191341996192932,
            -0.6318432688713074,
            1.1342934370040894
          ],
          [
            0.0,
            0.0,
            0.0,
            1.0
          ]
        ]
      },
      "bone_length_armature_space": 0.02565332858914214,
      "parent": "index_01_l",
      "has_children": true,
      "is_end_bone": false
    },
    "index_03_l": {
      "name": "index_03_l",
      "local": {
        "location": {
          "x": 0.0,
          "y": 0.0,
          "z": 0.0
        },
        "rotation_quaternion": {
          "w": 0.999603271484375,
          "x": 0.02725517936050892,
          "y": 0.006899682804942131,
          "z": -0.0016717135440558195
        },
        "scale": {
          "x": 1.0,
          "y": 1.0,
          "z": 1.0
        },
        "matrix_basis": [
          [
            0.9998992085456848,
            0.0037182047963142395,
            0.013702765107154846,
            0.0
          ],
          [
            -0.0029659965075552464,
            0.9985086917877197,
            -0.05451180040836334,
            0.0
          ],
          [
            -0.013885016553103924,
            0.05446566268801689,
            0.9984191060066223,
            0.0
          ],
          [
            0.0,
            0.0,
            0.0,
            1.0
          ]
        ],
        "rotation_mode": "QUATERNION"
      },
      "armature_space": {
        "head": {
          "x": -0.04985888674855232,
          "y": -0.5682652592658997,
          "z": 0.1736873984336853
        },
        "tail": {
          "x": -0.060278989374637604,
          "y": -0.5899765491485596,
          "z": 0.15714116394519806
        }
      },
      "world_space": {
        "head": {
          "x": -0.04985888674855232,
          "y": -0.5050212740898132,
          "z": 1.1235413551330566
        },
        "tail": {
          "x": -0.060278989374637604,
          "y": -0.5267325639724731,
          "z": 1.1069952249526978
        },
        "rotation_quaternion": {
          "w": 0.3460633158683777,
          "x": -0.8922465443611145,
          "y": 0.09332600235939026,
          "z": 0.2746391296386719
        },
        "matrix": [
          [
            0.8317278027534485,
            -0.3566247224807739,
            -0.42549753189086914,
            -0.04985888674855232
          ],
          [
            0.02354447729885578,
            -0.7430616617202759,
            0.6688091158866882,
            -0.5050212740898132
          ],
          [
            -0.5546881556510925,
            -0.5662896037101746,
            -0.6096319556236267,
            1.1235413551330566
          ],
          [
            0.0,
            0.0,
            0.0,
            1.0
          ]
        ]
      },
      "bone_length_armature_space": 0.029218769888859943,
      "parent": "index_02_l",
      "has_children": false,
      "is_end_bone": true
    },
    "metacarpal_pinky_l": {
      "name": "metacarpal_pinky_l",
      "local": {
        "location": {
          "x": 0.0,
          "y": 0.0,
          "z": 0.0
        },
        "rotation_quaternion": {
          "w": 0.9998928308486938,
          "x": -0.005158789921551943,
          "y": -0.013539819978177547,
          "z": 0.0021460389252752066
        },
        "scale": {
          "x": 1.0,
          "y": 1.0,
          "z": 1.0
        },
        "matrix_basis": [
          [
            0.9996241331100464,
            -0.004151919856667519,
            -0.0270988792181015,
            0.0
          ],
          [
            0.004431316163390875,
            0.9999375343322754,
            0.010258359834551811,
            0.0
          ],
          [
            0.027054596692323685,
            -0.010374587960541248,
            0.9995801448822021,
            0.0
          ],
          [
            0.0,
            0.0,
            0.0,
            1.0
          ]
        ],
        "rotation_mode": "QUATERNION"
      },
      "armature_space": {
        "head": {
          "x": 0.05807600915431976,
          "y": -0.4567970633506775,
          "z": 0.23424378037452698
        },
        "tail": {
          "x": 0.026372727006673813,
          "y": -0.5404875874519348,
          "z": 0.18100786209106445
        }
      },
      "world_space": {
        "head": {
          "x": 0.05807600915431976,
          "y": -0.39355307817459106,
          "z": 1.1840977668762207
        },
        "tail": {
          "x": 0.026372727006673813,
          "y": -0.4772436022758484,
          "z": 1.1308618783950806
        },
        "rotation_quaternion": {
          "w": 0.18598806858062744,
          "x": -0.09338026493787766,
          "y": -0.2521020770072937,
          "z": 0.945057213306427
        },
        "matrix": [
          [
            -0.9133772253990173,
            -0.3044564723968506,
            -0.27027589082717896,
            0.05807600915431976
          ],
          [
            0.39862188696861267,
            -0.8037062883377075,
            -0.4417659640312195,
            -0.39355307817459106
          ],
          [
            -0.08272425085306168,
            -0.5112409591674805,
            0.855455219745636,
            1.1840977668762207
          ],
          [
            0.0,
            0.0,
            0.0,
            1.0
          ]
        ]
      },
      "bone_length_armature_space": 0.10413099804539602,
      "parent": "lowerarm_l",
      "has_children": true,
      "is_end_bone": false
    },
    "pinky_01_l": {
      "name": "pinky_01_l",
      "local": {
        "location": {
          "x": 0.0,
          "y": 0.0,
          "z": 0.0
        },
        "rotation_quaternion": {
          "w": 0.9935909509658813,
          "x": -0.11050047725439072,
          "y": -0.023140469565987587,
          "z": -0.005584904924035072
        },
        "scale": {
          "x": 1.0,
          "y": 1.0,
          "z": 1.0
        },
        "matrix_basis": [
          [
            0.9988666772842407,
            0.016212288290262222,
            -0.04475005343556404,
            0.0
          ],
          [
            -0.005984155926853418,
            0.9755169153213501,
            0.2198430299758911,
            0.0
          ],
          [
            0.04721859097480774,
            -0.21932607889175415,
            0.9745083451271057,
            0.0
          ],
          [
            0.0,
            0.0,
            0.0,
            1.0
          ]
        ],
        "rotation_mode": "QUATERNION"
      },
      "armature_space": {
        "head": {
