{
  "metadata": {
    "armature_name": "KIM_caucasian_male",
    "export_time": "2026-01-13T21:07:22.904260",
    "blender_version": "4.4.1",
    "bone_count": 56,
    "end_bone_count": 13,
    "spaces_included": [
      "LOCAL_CHANNELS",
      "ARMATURE_SPACE",
      "WORLD_SPACE"
    ],
    "note": "LOCAL matches Transform panel; replay pose via local.matrix_basis for best fidelity."
  },
  "bones": {
    "Root": {
      "name": "Root",
      "local": {
        "location": {
          "x": 0.0,
          "y": 0.0,
          "z": 0.0
        },
        "rotation_quaternion": {
          "w": 0.9998558163642883,
          "x": 0.008857375010848045,
          "y": 0.0015219025081023574,
          "z": 0.014413009397685528
        },
        "scale": {
          "x": 1.0,
          "y": 1.0,
          "z": 1.0
        },
        "matrix_basis": [
          [
            0.999579906463623,
            -0.028794903308153152,
            0.0032986889127641916,
            0.0
          ],
          [
            0.02884882315993309,
            0.9994276165962219,
            -0.01766832545399666,
            0.0
          ],
          [
            -0.002788043348118663,
            0.017756065353751183,
            0.9998384714126587,
            0.0
          ],
          [
            0.0,
            0.0,
            0.0,
            1.0
          ]
        ],
        "rotation_mode": "QUATERNION"
      },
      "armature_space": {
        "head": {
          "x": 0.0,
          "y": 0.07072800397872925,
          "z": -0.009595036506652832
        },
        "tail": {
          "x": -0.0020552612841129303,
          "y": -0.0001298859715461731,
          "z": -0.0012613525614142418
        }
      },
      "world_space": {
        "head": {
          "x": 0.0,
          "y": 0.13397200405597687,
          "z": 0.9402589797973633
        },
        "tail": {
          "x": -0.0020552612841129303,
          "y": 0.06311411410570145,
          "z": 0.9485926628112793
        },
        "rotation_quaternion": {
          "w": 0.05852068215608597,
          "x": 0.9981809854507446,
          "y": -0.014277740381658077,
          "z": 0.002489418489858508
        },
        "matrix": [
          [
            0.999579906463623,
            -0.028794903308153152,
            0.0032986889127641916,
            0.0
          ],
          [
            -0.02821217104792595,
            -0.9927428960800171,
            -0.11690002679824829,
            0.13397200405597687
          ],
          [
            0.006640894804149866,
            0.11675772070884705,
            -0.9931452870368958,
            0.9402589797973633
          ],
          [
            0.0,
            0.0,
            0.0,
            1.0
          ]
        ]
      },
      "bone_length_armature_space": 0.07137587090119729,
      "parent": null,
      "has_children": true,
      "is_end_bone": false
    },
    "spine_01": {
      "name": "spine_01",
      "local": {
        "location": {
          "x": 0.0,
          "y": 0.0,
          "z": 0.0
        },
        "rotation_quaternion": {
          "w": 0.9971362352371216,
          "x": -0.030118754133582115,
          "y": 0.0148297268897295,
          "z": -0.06776747107505798
        },
        "scale": {
          "x": 1.0,
          "y": 1.0,
          "z": 1.0
        },
        "matrix_basis": [
          [
            0.990375280380249,
            0.13425350189208984,
            0.033656660467386246,
            0.0
          ],
          [
            -0.1360401064157486,
            0.9890008568763733,
            0.058055054396390915,
            0.0
          ],
          [
            -0.02549237199127674,
            -0.062074948102235794,
            0.9977458715438843,
            0.0
          ],
          [
            0.0,
            0.0,
            0.0,
            1.0
          ]
        ],
        "rotation_mode": "QUATERNION"
      },
      "armature_space": {
        "head": {
          "x": -0.0020552612841129303,
          "y": -0.0001298859715461731,
          "z": -0.0012613525614142418
        },
        "tail": {
          "x": 0.06148476526141167,
          "y": 0.042342036962509155,
          "z": 0.4807213246822357
        }
      },
      "world_space": {
        "head": {
          "x": -0.0020552612841129303,
          "y": 0.06311411410570145,
          "z": 0.9485926628112793
        },
        "tail": {
          "x": 0.06148476526141167,
          "y": 0.10558603703975677,
          "z": 1.4305753707885742
        },
        "rotation_quaternion": {
          "w": 0.7358046174049377,
          "x": 0.6740393042564392,
          "y": 0.04590805992484093,
          "z": -0.04642331600189209
        },
        "matrix": [
          [
            0.9914746284484863,
            0.13020464777946472,
            0.004975613206624985,
            -0.0020552612841129303
          ],
          [
            -0.006430210545659065,
            0.08703240752220154,
            -0.996184766292572,
            0.06311411410570145
          ],
          [
            -0.13014183938503265,
            0.9876669645309448,
            0.08712734282016754,
            0.9485926628112793
          ],
          [
            0.0,
            0.0,
            0.0,
            1.0
          ]
        ]
      },
      "bone_length_armature_space": 0.48800460989647865,
      "parent": "Root",
      "has_children": true,
      "is_end_bone": false
    },
    "neck_01": {
      "name": "neck_01",
      "local": {
        "location": {
          "x": 0.0,
          "y": 0.0,
          "z": 0.0
        },
        "rotation_quaternion": {
          "w": 0.993075966835022,
          "x": 0.04781189188361168,
          "y": -0.10728797316551208,
          "z": -0.0019032940035685897
        },
        "scale": {
          "x": 1.0,
          "y": 1.0,
          "z": 1.0
        },
        "matrix_basis": [
          [
            0.9769713282585144,
            -0.00647905096411705,
            -0.21327221393585205,
            0.0
          ],
          [
            -0.014039512723684311,
            0.9954208135604858,
            -0.09455327689647675,
            0.0
          ],
          [
            0.21290820837020874,
            0.0953700840473175,
            0.9724066257476807,
            0.0
          ],
          [
            0.0,
            0.0,
            0.0,
            1.0
          ]
        ],
        "rotation_mode": "QUATERNION"
      },
      "armature_space": {
        "head": {
          "x": 0.07119070738554001,
          "y": 0.014166288077831268,
          "z": 0.556058406829834
        },
        "tail": {
          "x": 0.0825609639286995,
          "y": -0.025567173957824707,
          "z": 0.6498811841011047
        }
      },
      "world_space": {
        "head": {
          "x": 0.07119070738554001,
          "y": 0.07741028815507889,
          "z": 1.50591242313385
        },
        "tail": {
          "x": 0.0825609639286995,
          "y": 0.03767682611942291,
          "z": 1.5997352600097656
        },
        "rotation_quaternion": {
          "w": 0.5525955557823181,
          "x": 0.8204277157783508,
          "y": -0.029268451035022736,
          "z": -0.1438046395778656
        },
        "matrix": [
          [
            0.9569274187088013,
            0.11090622842311859,
            -0.2683091163635254,
            0.07119070738554001
          ],
          [
            -0.20695631206035614,
            -0.3875628411769867,
            -0.898311972618103,
            0.07741028815507889
          ],
          [
            -0.2036166489124298,
            0.9151535034179688,
            -0.3479200303554535,
            1.50591242313385
          ],
          [
            0.0,
            0.0,
            0.0,
            1.0
          ]
        ]
      },
      "bone_length_armature_space": 0.10252192231950266,
      "parent": "spine_01",
      "has_children": true,
      "is_end_bone": false
    },
    "head": {
      "name": "head",
      "local": {
        "location": {
          "x": 0.0,
          "y": 0.0,
          "z": 0.0
        },
        "rotation_quaternion": {
          "w": 0.9981898069381714,
          "x": 0.019122472032904625,
          "y": 0.03252854570746422,
          "z": -0.046832721680402756
        },
        "scale": {
          "x": 1.0,
          "y": 1.0,
          "z": 1.0
        },
        "matrix_basis": [
          [
            0.9934971928596497,
            0.09473994374275208,
            0.06314820796251297,
            0.0
          ],
          [
            -0.09225183725357056,
            0.9948820471763611,
            -0.04122251272201538,
            0.0
          ],
          [
            -0.06673043966293335,
            0.035128913819789886,
            0.9971524477005005,
            0.0
          ],
          [
            0.0,
            0.0,
            0.0,
            1.0
          ]
        ],
        "rotation_mode": "QUATERNION"
      },
      "armature_space": {
        "head": {
          "x": 0.08256091177463531,
          "y": -0.02556728385388851,
          "z": 0.6498810648918152
        },
        "tail": {
          "x": 0.1262814700603485,
          "y": -0.039603814482688904,
          "z": 0.798018753528595
        }
      },
      "world_space": {
        "head": {
          "x": 0.08256091177463531,
          "y": 0.03767671436071396,
          "z": 1.5997350215911865
        },
        "tail": {
          "x": 0.1262814700603485,
          "y": 0.023640185594558716,
          "z": 1.7478728294372559
        },
        "rotation_quaternion": {
          "w": 0.6725547909736633,
          "x": 0.7215663194656372,
          "y": 0.049166131764650345,
          "z": -0.15682801604270935
        },
        "matrix": [
          [
            0.945975661277771,
            0.28190407156944275,
            -0.1601880043745041,
            0.08256091177463531
          ],
          [
            -0.13999584317207336,
            -0.09050559997558594,
            -0.9860072135925293,
            0.03767671436071396
          ],
          [
            -0.29245954751968384,
            0.9551709890365601,
            -0.04615192860364914,
            1.5997350215911865
          ],
          [
            0.0,
            0.0,
            0.0,
            1.0
          ]
        ]
      },
      "bone_length_armature_space": 0.1550912173488739,
      "parent": "neck_01",
      "has_children": false,
      "is_end_bone": true
    },
    "upperarm_l": {
      "name": "upperarm_l",
      "local": {
        "location": {
          "x": 0.0,
          "y": 0.0,
          "z": 0.0
        },
        "rotation_quaternion": {
          "w": 0.928514838218689,
          "x": -0.17337064445018768,
          "y": 0.17213669419288635,
          "z": -0.2795924246311188
        },
        "scale": {
          "x": 1.0,
          "y": 1.0,
          "z": 1.0
        },
        "matrix_basis": [
          [
            0.7843940854072571,
            0.459524542093277,
            0.4166091978549957,
            0.0
          ],
          [
            -0.5788983106613159,
            0.7835413813591003,
            0.22569820284843445,
            0.0
          ],
          [
            -0.22271671891212463,
            -0.4182106554508209,
            0.8806231617927551,
            0.0
          ],
          [
            0.0,
            0.0,
            0.0,
            1.0
          ]
        ],
        "rotation_mode": "QUATERNION"
      },
      "armature_space": {
        "head": {
          "x": 0.2111770212650299,
          "y": 0.004175543785095215,
          "z": 0.47043612599372864
        },
        "tail": {
          "x": 0.3951858878135681,
          "y": 0.11464845389127731,
          "z": 0.3099853992462158
        }
      },
      "world_space": {
        "head": {
          "x": 0.2111770212650299,
          "y": 0.06741954386234283,
          "z": 1.4202901124954224
        },
        "tail": {
          "x": 0.3951858878135681,
          "y": 0.17789244651794434,
          "z": 1.259839415550232
        },
        "rotation_quaternion": {
          "w": 0.28131604194641113,
          "x": 0.26573696732521057,
          "y": 0.7918276786804199,
          "z": -0.47249776124954224
        },
        "matrix": [
          [
            -0.7004903554916382,
            0.6866785287857056,
            0.19438597559928894,
            0.2111770212650299
          ],
          [
            0.15499535202980042,
            0.41225937008857727,
            -0.8977855443954468,
            0.06741954386234283
          ],
          [
            -0.6966321468353271,
            -0.5987650156021118,
            -0.39521926641464233,
            1.4202901124954224
          ],
          [
            0.0,
            0.0,
            0.0,
            1.0
          ]
        ]
      },
      "bone_length_armature_space": 0.26797008173475406,
      "parent": "spine_01",
      "has_children": true,
      "is_end_bone": false
    },
    "lowerarm_l": {
      "name": "lowerarm_l",
      "local": {
        "location": {
          "x": 0.0,
          "y": 0.0,
          "z": 0.0
        },
        "rotation_quaternion": {
          "w": 0.9835605025291443,
          "x": 0.15184853971004486,
          "y": -0.004874121863394976,
          "z": -0.0976068377494812
        },
        "scale": {
          "x": 1.0,
          "y": 1.0,
          "z": 1.0
        },
        "matrix_basis": [
          [
            0.9808983206748962,
            0.19052420556545258,
            -0.03923089802265167,
            0.0
          ],
          [
            -0.19348472356796265,
            0.934829831123352,
            -0.2977529466152191,
            0.0
          ],
          [
            -0.020054923370480537,
            0.299655944108963,
            0.9538365006446838,
            0.0
          ],
          [
            0.0,
            0.0,
            0.0,
            1.0
          ]
        ],
        "rotation_mode": "QUATERNION"
      },
      "armature_space": {
        "head": {
          "x": 0.39518603682518005,
          "y": 0.11464843153953552,
          "z": 0.3099853992462158
        },
        "tail": {
          "x": 0.5675551891326904,
          "y": 0.11392492055892944,
          "z": 0.1053924709558487
        }
      },
      "world_space": {
        "head": {
          "x": 0.39518603682518005,
          "y": 0.17789243161678314,
          "z": 1.259839415550232
        },
        "tail": {
          "x": 0.5675551891326904,
          "y": 0.17716892063617706,
          "z": 1.0552464723587036
        },
        "rotation_quaternion": {
          "w": 0.2396383285522461,
          "x": 0.24537906050682068,
          "y": 0.664244532585144,
          "z": -0.6641850471496582
        },
        "matrix": [
          [
            -0.7647250294685364,
            0.644311785697937,
            -0.00759926438331604,
            0.39518603682518005
          ],
          [
            0.007658431306481361,
            -0.0027044713497161865,
            -0.999967098236084,
            0.17789243161678314
          ],
          [
            -0.6443157196044922,
            -0.7647634148597717,
            -0.0028672516345977783,
            1.259839415550232
          ],
          [
            0.0,
            0.0,
            0.0,
            1.0
          ]
        ]
      },
      "bone_length_armature_space": 0.26752554256696626,
      "parent": "upperarm_l",
      "has_children": true,
      "is_end_bone": false
    },
    "metacarpal_thumb_l": {
      "name": "metacarpal_thumb_l",
      "local": {
        "location": {
          "x": 0.0,
          "y": 0.0,
          "z": 0.0
        },
        "rotation_quaternion": {
          "w": 0.9998476505279541,
          "x": 0.0006910981610417366,
          "y": 0.009252536110579967,
          "z": -0.01478548999875784
        },
        "scale": {
          "x": 1.0,
          "y": 1.0,
          "z": 1.0
        },
        "matrix_basis": [
          [
            0.9993915557861328,
            0.02957926318049431,
            0.018481817096471786,
            0.0
          ],
          [
            -0.02955368533730507,
            0.9995618462562561,
            -0.0016555923502892256,
            0.0
          ],
          [
            -0.01852268911898136,
            0.0011083792196586728,
            0.9998278021812439,
            0.0
          ],
          [
            0.0,
            0.0,
            0.0,
            1.0
          ]
        ],
        "rotation_mode": "QUATERNION"
      },
      "armature_space": {
        "head": {
          "x": 0.5675551891326904,
          "y": 0.11392492055892944,
          "z": 0.1053924709558487
        },
        "tail": {
          "x": 0.5860019326210022,
          "y": 0.0859619602560997,
          "z": 0.06890419125556946
        }
      },
      "world_space": {
        "head": {
          "x": 0.5675551891326904,
          "y": 0.17716892063617706,
          "z": 1.0552464723587036
        },
        "tail": {
          "x": 0.5860019326210022,
          "y": 0.14920595288276672,
          "z": 1.0187581777572632
        },
        "rotation_quaternion": {
          "w": 0.26252251863479614,
          "x": -0.7739725708961487,
          "y": -0.3857714533805847,
          "z": 0.4280526041984558
        },
        "matrix": [
          [
            0.3359018564224243,
            0.3724079132080078,
            -0.8651484847068787,
            0.5675551891326904
          ],
          [
            0.8219001293182373,
            -0.5645243525505066,
            0.07610771059989929,
            0.17716892063617706
          ],
          [
            -0.46005675196647644,
            -0.7366359829902649,
            -0.49571046233177185,
            1.0552464723587036
          ],
          [
            0.0,
            0.0,
            0.0,
            1.0
          ]
        ]
      },
      "bone_length_armature_space": 0.0495338673494245,
      "parent": "lowerarm_l",
      "has_children": true,
      "is_end_bone": false
    },
    "thumb_01_l": {
      "name": "thumb_01_l",
      "local": {
        "location": {
          "x": 0.0,
          "y": 0.0,
          "z": 0.0
        },
        "rotation_quaternion": {
          "w": 0.9995170831680298,
          "x": -0.021576223894953728,
          "y": -0.0203184075653553,
          "z": 0.009341804310679436
        },
        "scale": {
          "x": 1.0,
          "y": 1.0,
          "z": 1.0
        },
        "matrix_basis": [
          [
            0.9989997744560242,
            -0.017797796055674553,
            -0.041020311415195465,
            0.0
          ],
          [
            0.01955137588083744,
            0.9988943934440613,
            0.0427519865334034,
            0.0
          ],
          [
            0.040214069187641144,
            -0.04351123049855232,
            0.9982432723045349,
            0.0
          ],
          [
            0.0,
            0.0,
            0.0,
            1.0
          ]
        ],
        "rotation_mode": "QUATERNION"
      },
      "armature_space": {
        "head": {
          "x": 0.5860019326210022,
          "y": 0.0859619602560997,
          "z": 0.06890419125556946
        },
        "tail": {
          "x": 0.570227324962616,
          "y": 0.0709662213921547,
          "z": 0.04273313283920288
        }
      },
      "world_space": {
        "head": {
          "x": 0.5860019326210022,
          "y": 0.14920595288276672,
          "z": 1.0187581777572632
        },
        "tail": {
          "x": 0.570227324962616,
          "y": 0.1342102289199829,
          "z": 0.992587149143219
        },
        "rotation_quaternion": {
          "w": 0.45499542355537415,
          "x": -0.8486669659614563,
          "y": 0.26963576674461365,
          "z": 0.0063419644720852375
        },
        "matrix": [
          [
            0.8545117974281311,
            -0.4634333848953247,
            0.23460324108600616,
            0.5860019326210022
          ],
          [
            -0.4518924653530121,
            -0.4405513405799866,
            0.775698184967041,
            0.14920595288276672
          ],
          [
            -0.25613170862197876,
            -0.768864631652832,
            -0.5858819484710693,
            1.0187581777572632
          ],
          [
            0.0,
            0.0,
            0.0,
            1.0
          ]
        ]
      },
      "bone_length_armature_space": 0.034038724111121445,
      "parent": "metacarpal_thumb_l",
      "has_children": true,
      "is_end_bone": false
    },
    "thumb_02_l": {
      "name": "thumb_02_l",
      "local": {
        "location": {
          "x": 0.0,
          "y": 0.0,
          "z": 0.0
        },
        "rotation_quaternion": {
          "w": 0.9937247633934021,
          "x": 0.11175638437271118,
          "y": 0.003973642364144325,
          "z": 0.0024349186569452286
        },
        "scale": {
          "x": 1.0,
          "y": 1.0,
          "z": 1.0
        },
        "matrix_basis": [
          [
            0.9999565482139587,
            -0.00395111832767725,
            0.008441649377346039,
            0.0
          ],
          [
            0.005727437790483236,
            0.9750091433525085,
            -0.22209082543849945,
            0.0
          ],
          [
            -0.007353178225457668,
            0.22212952375411987,
            0.9749894142150879,
            0.0
          ],
          [
            0.0,
            0.0,
            0.0,
            1.0
          ]
        ],
        "rotation_mode": "QUATERNION"
      },
      "armature_space": {
        "head": {
          "x": 0.570227324962616,
          "y": 0.0709662064909935,
          "z": 0.04273318499326706
        },
        "tail": {
          "x": 0.5944375991821289,
          "y": 0.0749891996383667,
          "z": 0.01093900203704834
        }
      },
      "world_space": {
        "head": {
          "x": 0.570227324962616,
          "y": 0.13421019911766052,
          "z": 0.9925872087478638
        },
        "tail": {
          "x": 0.5944375991821289,
          "y": 0.13823319971561432,
          "z": 0.9607930183410645
        },
        "rotation_quaternion": {
          "w": 0.7327541708946228,
          "x": -0.4643959403038025,
          "y": 0.11469005793333054,
          "z": -0.48399797081947327
        },
        "matrix": [
          [
            0.5051817297935486,
            0.6027795672416687,
            0.6176144480705261,
            0.570227324962616
          ],
          [
            -0.8158279061317444,
            0.10016313195228577,
            0.5695544481277466,
            0.13421019911766052
          ],
          [
            0.28145506978034973,
            -0.7916010618209839,
            0.5423693656921387,
            0.9925872087478638
          ],
          [
            0.0,
            0.0,
            0.0,
            1.0
          ]
        ]
      },
      "bone_length_armature_space": 0.04016456049945439,
      "parent": "thumb_01_l",
      "has_children": true,
      "is_end_bone": false
    },
    "thumb_03_l": {
      "name": "thumb_03_l",
      "local": {
        "location": {
          "x": 0.0,
          "y": 0.0,
          "z": 0.0
        },
        "rotation_quaternion": {
          "w": 0.9981465339660645,
          "x": 0.060241878032684326,
          "y": 0.007115818560123444,
          "z": -0.004880694672465324
        },
        "scale": {
          "x": 1.0,
          "y": 1.0,
          "z": 1.0
        },
        "matrix_basis": [
          [
            0.9998511075973511,
            0.010600637644529343,
            0.013617214746773243,
            0.0
          ],
          [
            -0.00888595636934042,
            0.9926941990852356,
            -0.12032990157604218,
            0.0
          ],
          [
            -0.014793303795158863,
            0.12019098550081253,
            0.9926405549049377,
            0.0
          ],
          [
            0.0,
            0.0,
            0.0,
            1.0
          ]
        ],
        "rotation_mode": "QUATERNION"
      },
      "armature_space": {
        "head": {
          "x": 0.5944375395774841,
          "y": 0.07498911023139954,
          "z": 0.010939016938209534
        },
        "tail": {
          "x": 0.6167801022529602,
          "y": 0.08685823529958725,
          "z": -0.005996944382786751
        }
      },
      "world_space": {
        "head": {
          "x": 0.5944375395774841,
          "y": 0.13823311030864716,
          "z": 0.9607930183410645
        },
        "tail": {
          "x": 0.6167801022529602,
          "y": 0.15010222792625427,
          "z": 0.9438570737838745
        },
        "rotation_quaternion": {
          "w": 0.8058915138244629,
          "x": -0.20996226370334625,
          "y": 0.21323071420192719,
          "z": -0.5108693838119507
        },
        "matrix": [
          [
            0.3870888650417328,
            0.7338700890541077,
            0.558208167552948,
            0.5944375395774841
          ],
          [
            -0.9129518270492554,
            0.389856219291687,
            0.12054583430290222,
            0.13823311030864716
          ],
          [
            -0.12915751338005066,
            -0.556282639503479,
            0.8209030628204346,
            0.9607930183410645
          ],
          [
            0.0,
            0.0,
            0.0,
            1.0
          ]
        ]
      },
      "bone_length_armature_space": 0.030444917963883964,
      "parent": "thumb_02_l",
      "has_children": false,
      "is_end_bone": true
    },
    "metacarpal_index_l": {
      "name": "metacarpal_index_l",
      "local": {
        "location": {
          "x": 0.0,
          "y": 0.0,
          "z": 0.0
        },
        "rotation_quaternion": {
          "w": 0.9993832111358643,
          "x": -0.031198887154459953,
          "y": -0.009039491415023804,
          "z": 0.013354185968637466
        },
        "scale": {
          "x": 1.0,
          "y": 1.0,
          "z": 1.0
        },
        "matrix_basis": [
          [
            0.9994798898696899,
            -0.026127854362130165,
            -0.018901104107499123,
            0.0
          ],
          [
            0.027255943045020103,
            0.997696578502655,
            0.06211785972118378,
            0.0
          ],
          [
            0.01723456010222435,
            -0.06260071694850922,
            0.9978898167610168,
            0.0
          ],
          [
            0.0,
            0.0,
            0.0,
            1.0
          ]
        ],
        "rotation_mode": "QUATERNION"
      },
      "armature_space": {
        "head": {
          "x": 0.5675551891326904,
          "y": 0.11392492055892944,
          "z": 0.1053924709558487
        },
        "tail": {
          "x": 0.6409167647361755,
          "y": 0.07953644543886185,
          "z": 0.020747140049934387
        }
      },
      "world_space": {
        "head": {
          "x": 0.5675551891326904,
          "y": 0.17716892063617706,
          "z": 1.0552464723587036
        },
        "tail": {
          "x": 0.6409167647361755,
          "y": 0.14278045296669006,
          "z": 0.9706011414527893
        },
        "rotation_quaternion": {
          "w": 0.06453217566013336,
          "x": -0.5895782709121704,
          "y": -0.5908409357070923,
          "z": 0.5469369292259216
        },
        "matrix": [
          [
            -0.2964614927768707,
            0.6261031031608582,
            -0.721183180809021,
            0.5675551891326904
          ],
          [
            0.7672861814498901,
            -0.2934878170490265,
            -0.5702078938484192,
            0.17716892063617706
          ],
          [
            -0.5686706900596619,
            -0.7224040031433105,
            -0.3933957815170288,
            1.0552464723587036
          ],
          [
            0.0,
            0.0,
            0.0,
            1.0
          ]
        ]
      },
      "bone_length_armature_space": 0.11717218209528583,
      "parent": "lowerarm_l",
      "has_children": true,
      "is_end_bone": false
    },
    "index_01_l": {
      "name": "index_01_l",
      "local": {
        "location": {
          "x": 0.0,
          "y": 0.0,
          "z": 0.0
        },
        "rotation_quaternion": {
          "w": 0.9922516345977783,
          "x": -0.12316318601369858,
          "y": 0.007749393582344055,
          "z": 0.014410204254090786
        },
        "scale": {
          "x": 1.0,
          "y": 1.0,
          "z": 1.0
        },
        "matrix_basis": [
          [
            0.9994645714759827,
            -0.03050597757101059,
            0.011829083785414696,
            0.0
          ],
          [
            0.026688218116760254,
            0.9692463278770447,
            0.24464108049869537,
            0.0
          ],
          [
            -0.01892830990254879,
            -0.2441944032907486,
            0.9695415496826172,
            0.0
          ],
          [
            0.0,
            0.0,
            0.0,
            1.0
          ]
        ],
        "rotation_mode": "QUATERNION"
      },
      "armature_space": {
        "head": {
          "x": 0.6409167647361755,
          "y": 0.07953644543886185,
          "z": 0.020747140049934387
        },
        "tail": {
          "x": 0.6618245840072632,
          "y": 0.08455240726470947,
          "z": 0.0020180903375148773
        }
      },
      "world_space": {
        "head": {
          "x": 0.6409167647361755,
          "y": 0.14278045296669006,
          "z": 0.9706011414527893
        },
        "tail": {
          "x": 0.6618245840072632,
          "y": 0.1477964073419571,
          "z": 0.9518721103668213
        },
        "rotation_quaternion": {
          "w": 0.06919955462217331,
          "x": -0.5148277878761292,
          "y": -0.7636538743972778,
          "z": 0.38340142369270325
        },
        "matrix": [
          [
            -0.4603254795074463,
            0.7332377433776855,
            -0.5004622340202332,
            0.6409167647361755
          ],
          [
            0.8393644094467163,
            0.17590995132923126,
            -0.5143182873725891,
            0.14278045296669006
          ],
          [
            -0.2890825867652893,
            -0.6568285226821899,
            -0.6964349746704102,
            0.9706011414527893
          ],
          [
            0.0,
            0.0,
            0.0,
            1.0
          ]
        ]
      },
      "bone_length_armature_space": 0.028514453859501306,
      "parent": "metacarpal_index_l",
      "has_children": true,
      "is_end_bone": false
    },
    "index_02_l": {
      "name": "index_02_l",
      "local": {
        "location": {
          "x": 0.0,
          "y": 0.0,
          "z": 0.0
        },
        "rotation_quaternion": {
          "w": 0.9999711513519287,
          "x": 0.004051586147397757,
          "y": -0.0016823417972773314,
          "z": 0.006207591388374567
        },
        "scale": {
          "x": 1.0,
          "y": 1.0,
          "z": 1.0
        },
        "matrix_basis": [
          [
            0.9999172687530518,
            -0.012428456917405128,
            -0.0033142853062599897,
            0.0
          ],
          [
            0.01240119244903326,
            0.9998900890350342,
            -0.008123825304210186,
            0.0
          ],
          [
            0.0034148877020925283,
            0.008082051761448383,
            0.9999614953994751,
            0.0
          ],
          [
            0.0,
            0.0,
            0.0,
            1.0
          ]
        ],
        "rotation_mode": "QUATERNION"
      },
      "armature_space": {
        "head": {
          "x": 0.6618247628211975,
          "y": 0.0845521092414856,
          "z": 0.002017686143517494
        },
        "tail": {
          "x": 0.6807606816291809,
          "y": 0.08981409668922424,
          "z": -0.014469772577285767
        }
      },
      "world_space": {
        "head": {
          "x": 0.6618247628211975,
          "y": 0.14779610931873322,
          "z": 0.9518716931343079
        },
        "tail": {
          "x": 0.6807606816291809,
          "y": 0.15305809676647186,
          "z": 0.9353842735290527
        },
        "rotation_quaternion": {
          "w": 0.039026711136102676,
          "x": -0.49567121267318726,
          "y": -0.7752661108970642,
          "z": 0.3895505368709564
        },
        "matrix": [
          [
            -0.5055721998214722,
            0.7381480932235718,
            -0.44669196009635925,
            0.6618247628211975
          ],
          [
            0.7989614605903625,
            0.20511958003044128,
            -0.5653201341629028,
            0.14779610931873322
          ],
          [
            -0.32566627860069275,
            -0.6427040696144104,
            -0.6934601068496704,
            0.9518716931343079
          ],
          [
            0.0,
            0.0,
            0.0,
            1.0
          ]
        ]
      },
      "bone_length_armature_space": 0.02565333965056385,
      "parent": "index_01_l",
      "has_children": true,
      "is_end_bone": false
    },
    "index_03_l": {
      "name": "index_03_l",
      "local": {
        "location": {
          "x": 0.0,
          "y": 0.0,
          "z": 0.0
        },
        "rotation_quaternion": {
          "w": 0.9996377229690552,
          "x": 0.02465052343904972,
          "y": 0.007817135192453861,
          "z": 0.007461294066160917
        },
        "scale": {
          "x": 1.0,
          "y": 1.0,
          "z": 1.0
        },
        "matrix_basis": [
          [
            0.99976646900177,
            -0.014531789347529411,
            0.015996456146240234,
            0.0
          ],
          [
            0.015302575193345547,
            0.9986733794212341,
            -0.04916653409600258,
            0.0
          ],
          [
            -0.015260756947100163,
            0.04939983785152435,
            0.9986624717712402,
            0.0
          ],
          [
            0.0,
            0.0,
            0.0,
            1.0
          ]
        ],
        "rotation_mode": "QUATERNION"
      },
      "armature_space": {
        "head": {
          "x": 0.6807607412338257,
          "y": 0.08981415629386902,
          "z": -0.014469658955931664
        },
        "tail": {
          "x": 0.699076235294342,
          "y": 0.09530549496412277,
          "z": -0.036563217639923096
        }
      },
      "world_space": {
        "head": {
          "x": 0.6807607412338257,
          "y": 0.15305815637111664,
          "z": 0.9353843331336975
        },
        "tail": {
          "x": 0.699076235294342,
          "y": 0.1585494875907898,
          "z": 0.913290798664093
        },
        "rotation_quaternion": {
          "w": 0.12094984203577042,
          "x": -0.47862040996551514,
          "y": -0.7611448764801025,
          "z": 0.42065688967704773
        },
        "matrix": [
          [
            -0.5125850439071655,
            0.6268420219421387,
            -0.5867921710014343,
            0.6807607412338257
          ],
          [
            0.8303573131561279,
            0.18793919682502747,
            -0.5245816707611084,
            0.15305815637111664
          ],
          [
            -0.21854940056800842,
            -0.7561450004577637,
            -0.6168426275253296,
            0.9353843331336975
          ],
          [
            0.0,
            0.0,
            0.0,
            1.0
          ]
        ]
      },
      "bone_length_armature_space": 0.029218786230567236,
      "parent": "index_02_l",
      "has_children": false,
      "is_end_bone": true
    },
    "metacarpal_pinky_l": {
      "name": "metacarpal_pinky_l",
      "local": {
        "location": {
          "x": 0.0,
          "y": 0.0,
          "z": 0.0
        },
        "rotation_quaternion": {
          "w": 0.999840259552002,
          "x": -0.01632409542798996,
          "y": -0.0026291674003005028,
          "z": 0.006789335981011391
        },
        "scale": {
          "x": 1.0,
          "y": 1.0,
          "z": 1.0
        },
        "matrix_basis": [
          [
            0.9998939633369446,
            -0.013490665704011917,
            -0.005479154177010059,
            0.0
          ],
          [
            0.013662340119481087,
            0.9993748664855957,
            0.03260727599263191,
            0.0
          ],
          [
            0.005035835318267345,
            -0.03267867490649223,
            0.9994532465934753,
            0.0
          ],
          [
            0.0,
            0.0,
            0.0,
            1.0
          ]
        ],
        "rotation_mode": "QUATERNION"
      },
      "armature_space": {
        "head": {
          "x": 0.5675551891326904,
          "y": 0.11392492055892944,
          "z": 0.1053924709558487
        },
        "tail": {
          "x": 0.6285991668701172,
          "y": 0.14744222164154053,
          "z": 0.027974657714366913
        }
      },
      "world_space": {
        "head": {
          "x": 0.5675551891326904,
          "y": 0.17716892063617706,
          "z": 1.0552464723587036
        },
        "tail": {
          "x": 0.6285991668701172,
          "y": 0.21068622171878815,
          "z": 0.9778286814689636
        },
        "rotation_quaternion": {
          "w": 0.678507387638092,
          "x": -0.1830025017261505,
          "y": 0.4478475749492645,
          "z": -0.5527842044830322
        },
        "matrix": [
          [
            -0.01227780431509018,
            0.5862240195274353,
            0.8100558519363403,
            0.5675551891326904
          ],
          [
            -0.9140511155128479,
            0.32187706232070923,
            -0.2467913180589676,
            0.17716892063617706
          ],
          [
            -0.40541714429855347,
            -0.7434672713279724,
            0.5318903923034668,
            1.0552464723587036
          ],
          [
            0.0,
            0.0,
            0.0,
            1.0
          ]
        ]
      },
      "bone_length_armature_space": 0.10413113946849277,
      "parent": "lowerarm_l",
      "has_children": true,
      "is_end_bone": false
    },
    "pinky_01_l": {
      "name": "pinky_01_l",
      "local": {
        "location": {
          "x": 0.0,
          "y": 0.0,
          "z": 0.0
        },
        "rotation_quaternion": {
          "w": 0.9662607908248901,
          "x": 0.2570924460887909,
          "y": -0.014471065253019333,
          "z": -0.0058489348739385605
        },
        "scale": {
          "x": 1.0,
          "y": 1.0,
          "z": 1.0
        },
        "matrix_basis": [
          [
            0.9995127320289612,
            0.0038623898290097713,
            -0.030973080545663834,
            0.0
          ],
          [
            -0.01874399557709694,
            0.8677385449409485,
            -0.49666741490364075,
            0.0
          ],
          [
            0.024958211928606033,
            0.49700596928596497,
            0.867388129234314,
            0.0
          ],
          [
            0.0,
            0.0,
            0.0,
            1.0
          ]
        ],
        "rotation_mode": "QUATERNION"
      },
      "armature_space": {
        "head": {
          "x": 0.6285991668701172,
          "y": 0.14744222164154053,
          "z": 0.027974657714366913
        },
        "tail": {
