{
  "metadata": {
    "armature_name": "KIM_caucasian_male",
    "export_time": "2026-01-13T21:12:57.371680",
    "blender_version": "4.4.1",
    "bone_count": 56,
    "end_bone_count": 13,
    "spaces_included": [
      "LOCAL_CHANNELS",
      "ARMATURE_SPACE",
      "WORLD_SPACE"
    ],
    "note": "LOCAL matches Transform panel; replay pose via local.matrix_basis for best fidelity."
  },
  "bones": {
    "Root": {
      "name": "Root",
      "local": {
        "location": {
          "x": 0.0,
          "y": 0.0,
          "z": 0.0
        },
        "rotation_quaternion": {
          "w": 0.9999212026596069,
          "x": -0.005274184979498386,
          "y": 0.011230587027966976,
          "z": -0.001929211663082242
        },
        "scale": {
          "x": 1.0,
          "y": 1.0,
          "z": 1.0
        },
        "matrix_basis": [
          [
            0.9997403025627136,
            0.003739655017852783,
            0.02247975394129753,
            0.0
          ],
          [
            -0.003976583480834961,
            0.9999369382858276,
            0.010504206642508507,
            0.0
          ],
          [
            -0.022439053282141685,
            -0.01059087086468935,
            0.9996921420097351,
            0.0
          ],
          [
            0.0,
            0.0,
            0.0,
            1.0
          ]
        ],
        "rotation_mode": "QUATERNION"
      },
      "armature_space": {
        "head": {
          "x": 0.0,
          "y": 0.07072800397872925,
          "z": -0.009595036506652832
        },
        "tail": {
          "x": 0.0002669211244210601,
          "y": 0.00010608136653900146,
          "z": 0.0007484713569283485
        }
      },
      "world_space": {
        "head": {
          "x": 0.0,
          "y": 0.13397200405597687,
          "z": 0.9402589797973633
        },
        "tail": {
          "x": 0.0002669211244210601,
          "y": 0.06335008144378662,
          "z": 0.9506024718284607
        },
        "rotation_quaternion": {
          "w": 0.07262454926967621,
          "x": 0.9972942471504211,
          "y": 0.0026814097072929144,
          "z": 0.011075105518102646
        },
        "matrix": [
          [
            0.9997403025627136,
            0.003739655017852783,
            0.02247975394129753,
            0.0
          ],
          [
            0.006956963799893856,
            -0.9894369840621948,
            -0.1447971761226654,
            0.13397200405597687
          ],
          [
            0.021700963377952576,
            0.14491602778434753,
            -0.9892130494117737,
            0.9402589797973633
          ],
          [
            0.0,
            0.0,
            0.0,
            1.0
          ]
        ]
      },
      "bone_length_armature_space": 0.07137587341641319,
      "parent": null,
      "has_children": true,
      "is_end_bone": false
    },
    "spine_01": {
      "name": "spine_01",
      "local": {
        "location": {
          "x": 0.0,
          "y": 0.0,
          "z": 0.0
        },
        "rotation_quaternion": {
          "w": 0.9984980225563049,
          "x": 0.0036405257415026426,
          "y": -0.049540724605321884,
          "z": -0.023116644471883774
        },
        "scale": {
          "x": 1.0,
          "y": 1.0,
          "z": 1.0
        },
        "matrix_basis": [
          [
            0.9940226674079895,
            0.045803140848875046,
            -0.09910094738006592,
            0.0
          ],
          [
            -0.04652455449104309,
            0.9989047050476074,
            -0.004979684948921204,
            0.0
          ],
          [
            0.0987643152475357,
            0.009560545906424522,
            0.995064914226532,
            0.0
          ],
          [
            0.0,
            0.0,
            0.0,
            1.0
          ]
        ],
        "rotation_mode": "QUATERNION"
      },
      "armature_space": {
        "head": {
          "x": 0.0002669211244210601,
          "y": 0.00010608136653900146,
          "z": 0.0007484713569283485
        },
        "tail": {
          "x": 0.011884424835443497,
          "y": 0.023484986275434494,
          "z": 0.4880543649196625
        }
      },
      "world_space": {
        "head": {
          "x": 0.0002669211244210601,
          "y": 0.06335008144378662,
          "z": 0.9506024718284607
        },
        "tail": {
          "x": 0.011884424835443497,
          "y": 0.08672899007797241,
          "z": 1.437908411026001
        },
        "rotation_quaternion": {
          "w": 0.7233933806419373,
          "x": 0.6887518763542175,
          "y": -0.025604071095585823,
          "z": -0.04083256796002388
        },
        "matrix": [
          [
            0.9953542351722717,
            0.02380630001425743,
            -0.09329081326723099,
            0.0002669211244210601
          ],
          [
            -0.09434589743614197,
            0.047907471656799316,
            -0.9943861961364746,
            0.06335008144378662
          ],
          [
            -0.0192035511136055,
            0.9985750913619995,
            0.04993036016821861,
            0.9506024718284607
          ],
          [
            0.0,
            0.0,
            0.0,
            1.0
          ]
        ]
      },
      "bone_length_armature_space": 0.48800467245719137,
      "parent": "Root",
      "has_children": true,
      "is_end_bone": false
    },
    "neck_01": {
      "name": "neck_01",
      "local": {
        "location": {
          "x": 0.0,
          "y": 0.0,
          "z": 0.0
        },
        "rotation_quaternion": {
          "w": 0.9785378575325012,
          "x": -0.14796125888824463,
          "y": -0.009043453261256218,
          "z": 0.14314119517803192
        },
        "scale": {
          "x": 1.0,
          "y": 1.0,
          "z": 1.0
        },
        "matrix_basis": [
          [
            0.9588576555252075,
            -0.2774620056152344,
            -0.06005742400884628,
            0.0
          ],
          [
            0.2828143239021301,
            0.9152361154556274,
            0.2869824171066284,
            0.0
          ],
          [
            -0.024659980088472366,
            -0.29216036200523376,
            0.9560513496398926,
            0.0
          ],
          [
            0.0,
            0.0,
            0.0,
            1.0
          ]
        ],
        "rotation_mode": "QUATERNION"
      },
      "armature_space": {
        "head": {
          "x": 0.01039211917668581,
          "y": -0.007493056356906891,
          "z": 0.5629000663757324
        },
        "tail": {
          "x": -0.016268253326416016,
          "y": -0.007959398441016674,
          "z": 0.6618938446044922
        }
      },
      "world_space": {
        "head": {
          "x": 0.01039211917668581,
          "y": 0.05575094372034073,
          "z": 1.5127540826797485
        },
        "tail": {
          "x": -0.016268253326416016,
          "y": 0.05528460070490837,
          "z": 1.6117478609085083
        },
        "rotation_quaternion": {
          "w": 0.689477264881134,
          "x": 0.7078429460525513,
          "y": -0.14948755502700806,
          "z": 0.03511318191885948
        },
        "matrix": [
          [
            0.9528408050537109,
            -0.260047048330307,
            -0.1564289629459381,
            0.01039211917668581
          ],
          [
            -0.16320955753326416,
            -0.0045487284660339355,
            -0.9865811467170715,
            0.05575094372034073
          ],
          [
            0.2558475136756897,
            0.9655919075012207,
            -0.04677766561508179,
            1.5127540826797485
          ],
          [
            0.0,
            0.0,
            0.0,
            1.0
          ]
        ]
      },
      "bone_length_armature_space": 0.10252200313727076,
      "parent": "spine_01",
      "has_children": true,
      "is_end_bone": false
    },
    "head": {
      "name": "head",
      "local": {
        "location": {
          "x": 0.0,
          "y": 0.0,
          "z": 0.0
        },
        "rotation_quaternion": {
          "w": 0.9988031983375549,
          "x": 0.02641518972814083,
          "y": 0.041001394391059875,
          "z": 0.003670990467071533
        },
        "scale": {
          "x": 1.0,
          "y": 1.0,
          "z": 1.0
        },
        "matrix_basis": [
          [
            0.9966108202934265,
            -0.005167074967175722,
            0.082098588347435,
            0.0
          ],
          [
            0.009499313309788704,
            0.9985775351524353,
            -0.052466120570898056,
            0.0
          ],
          [
            -0.08171071112155914,
            0.05306818336248398,
            0.9952422380447388,
            0.0
          ],
          [
            0.0,
            0.0,
            0.0,
            1.0
          ]
        ],
        "rotation_mode": "QUATERNION"
      },
      "armature_space": {
        "head": {
          "x": -0.016268257051706314,
          "y": -0.007959551177918911,
          "z": 0.6618937849998474
        },
        "tail": {
          "x": -0.04791390150785446,
          "y": 0.03918636962771416,
          "z": 0.8062166571617126
        }
      },
      "world_space": {
        "head": {
          "x": -0.016268257051706314,
          "y": 0.055284447968006134,
          "z": 1.6117477416992188
        },
        "tail": {
          "x": -0.04791390150785446,
          "y": 0.10243037343025208,
          "z": 1.756070613861084
        },
        "rotation_quaternion": {
          "w": 0.7979751229286194,
          "x": 0.5887709856033325,
          "y": -0.123411625623703,
          "z": 0.036795809864997864
        },
        "matrix": [
          [
            0.9668315649032593,
            -0.20404668152332306,
            -0.1536291241645813,
            -0.016268257051706314
          ],
          [
            -0.08659683912992477,
            0.30399030447006226,
            -0.9487314224243164,
            0.055284447968006134
          ],
          [
            0.24028877913951874,
            0.9305738210678101,
            0.27623850107192993,
            1.6117477416992188
          ],
          [
            0.0,
            0.0,
            0.0,
            1.0
          ]
        ]
      },
      "bone_length_armature_space": 0.15509118511891604,
      "parent": "neck_01",
      "has_children": false,
      "is_end_bone": true
    },
    "upperarm_l": {
      "name": "upperarm_l",
      "local": {
        "location": {
          "x": 0.0,
          "y": 0.0,
          "z": 0.0
        },
        "rotation_quaternion": {
          "w": 0.9221899509429932,
          "x": 0.28578704595565796,
          "y": 0.23689238727092743,
          "z": 0.10850638896226883
        },
        "scale": {
          "x": 1.0,
          "y": 1.0,
          "z": 1.0
        },
        "matrix_basis": [
          [
            0.8642167448997498,
            -0.06472545117139816,
            0.49893900752067566,
            0.0
          ],
          [
            0.33552855253219604,
            0.8131042718887329,
            -0.47569119930267334,
            0.0
          ],
          [
            -0.37490010261535645,
            0.5785085558891296,
            0.7244155406951904,
            0.0
          ],
          [
            0.0,
            0.0,
            0.0,
            1.0
          ]
        ],
        "rotation_mode": "QUATERNION"
      },
      "armature_space": {
        "head": {
          "x": 0.15779776871204376,
          "y": -0.02803592011332512,
          "z": 0.49306678771972656
        },
        "tail": {
          "x": 0.367323100566864,
          "y": -0.19467709958553314,
          "z": 0.504792332649231
        }
      },
      "world_space": {
        "head": {
          "x": 0.15779776871204376,
          "y": 0.0352080799639225,
          "z": 1.4429208040237427
        },
        "tail": {
          "x": 0.367323100566864,
          "y": -0.13143309950828552,
          "z": 1.454646348953247
        },
        "rotation_quaternion": {
          "w": 0.24241609871387482,
          "x": 0.7744666337966919,
          "y": 0.3609718680381775,
          "z": -0.45949456095695496
        },
        "matrix": [
          [
            0.317127525806427,
            0.7819001078605652,
            -0.5367145538330078,
            0.15779776871204376
          ],
          [
            0.33634379506111145,
            -0.6218663454055786,
            -0.707216739654541,
            0.0352080799639225
          ],
          [
            -0.8867432475090027,
            0.04375701770186424,
            -0.4602019488811493,
            1.4429208040237427
          ],
          [
            0.0,
            0.0,
            0.0,
            1.0
          ]
        ]
      },
      "bone_length_armature_space": 0.2679694666569218,
      "parent": "spine_01",
      "has_children": true,
      "is_end_bone": false
    },
    "lowerarm_l": {
      "name": "lowerarm_l",
      "local": {
        "location": {
          "x": 0.0,
          "y": 0.0,
          "z": 0.0
        },
        "rotation_quaternion": {
          "w": 0.858061671257019,
          "x": 0.4949486553668976,
          "y": -0.08365087956190109,
          "z": 0.10843705385923386
        },
        "scale": {
          "x": 1.0,
          "y": 1.0,
          "z": 1.0
        },
        "matrix_basis": [
          [
            0.9624878764152527,
            -0.268897145986557,
            -0.03621367737650871,
            0.0
          ],
          [
            0.10328558087348938,
            0.4865344762802124,
            -0.8675346374511719,
            0.0
          ],
          [
            0.25089678168296814,
            0.8312512040138245,
            0.4960567057132721,
            0.0
          ],
          [
            0.0,
            0.0,
            0.0,
            1.0
          ]
        ],
        "rotation_mode": "QUATERNION"
      },
      "armature_space": {
        "head": {
          "x": 0.367323100566864,
          "y": -0.1946772187948227,
          "z": 0.5047923922538757
        },
        "tail": {
          "x": 0.28858256340026855,
          "y": -0.45035117864608765,
          "z": 0.5044349431991577
        }
      },
      "world_space": {
        "head": {
          "x": 0.367323100566864,
          "y": -0.13143321871757507,
          "z": 1.454646348953247
        },
        "tail": {
          "x": 0.28858256340026855,
          "y": -0.3871071934700012,
          "z": 1.4542889595031738
        },
        "rotation_quaternion": {
          "w": 0.0958477333188057,
          "x": -0.7593597769737244,
          "y": 0.11384990811347961,
          "z": 0.6334226131439209
        },
        "matrix": [
          [
            0.17162802815437317,
            -0.2943302392959595,
            -0.9401668310165405,
            0.367323100566864
          ],
          [
            -0.05148230493068695,
            -0.9557030200958252,
            0.2897956371307373,
            -0.13143321871757507
          ],
          [
            -0.9838226437568665,
            -0.0013360381126403809,
            -0.17917919158935547,
            1.454646348953247
          ],
          [
            0.0,
            0.0,
            0.0,
            1.0
          ]
        ]
      },
      "bone_length_armature_space": 0.2675245158096782,
      "parent": "upperarm_l",
      "has_children": true,
      "is_end_bone": false
    },
    "metacarpal_thumb_l": {
      "name": "metacarpal_thumb_l",
      "local": {
        "location": {
          "x": 0.0,
          "y": 0.0,
          "z": 0.0
        },
        "rotation_quaternion": {
          "w": 0.9983631372451782,
          "x": -0.054930180311203,
          "y": 0.012412299402058125,
          "z": 0.009989280253648758
        },
        "scale": {
          "x": 1.0,
          "y": 1.0,
          "z": 1.0
        },
        "matrix_basis": [
          [
            0.9994922876358032,
            -0.02130947820842266,
            0.023686537519097328,
            0.0
          ],
          [
            0.018582237884402275,
            0.9937657713890076,
            0.10992851108312607,
            0.0
          ],
          [
            -0.025881391018629074,
            -0.10943255573511124,
            0.9936572313308716,
            0.0
          ],
          [
            0.0,
            0.0,
            0.0,
            1.0
          ]
        ],
        "rotation_mode": "QUATERNION"
      },
      "armature_space": {
        "head": {
          "x": 0.28858256340026855,
          "y": -0.45035117864608765,
          "z": 0.5044349431991577
        },
        "tail": {
          "x": 0.2493850290775299,
          "y": -0.47927504777908325,
          "z": 0.49546006321907043
        }
      },
      "world_space": {
        "head": {
          "x": 0.28858256340026855,
          "y": -0.3871071934700012,
          "z": 1.4542889595031738
        },
        "tail": {
          "x": 0.2493850290775299,
          "y": -0.4160310626029968,
          "z": 1.4453140497207642
        },
        "rotation_quaternion": {
          "w": 0.059431347995996475,
          "x": -0.8859590888023376,
          "y": 0.4522235691547394,
          "z": -0.08389537781476974
        },
        "matrix": [
          [
            0.576910674571991,
            -0.7913310527801514,
            0.20240852236747742,
            0.28858256340026855
          ],
          [
            -0.811275064945221,
            -0.5839236378669739,
            0.0294274240732193,
            -0.3871071934700012
          ],
          [
            0.09490423649549484,
            -0.18118774890899658,
            -0.9788657426834106,
            1.4542889595031738
          ],
          [
            0.0,
            0.0,
            0.0,
            1.0
          ]
        ]
      },
      "bone_length_armature_space": 0.049533679478621466,
      "parent": "lowerarm_l",
      "has_children": true,
      "is_end_bone": false
    },
    "thumb_01_l": {
      "name": "thumb_01_l",
      "local": {
        "location": {
          "x": 0.0,
          "y": 0.0,
          "z": 0.0
        },
        "rotation_quaternion": {
          "w": 0.9977699518203735,
          "x": -0.06614489108324051,
          "y": 0.002096397802233696,
          "z": -0.008701307699084282
        },
        "scale": {
          "x": 1.0,
          "y": 1.0,
          "z": 1.0
        },
        "matrix_basis": [
          [
            0.9998397827148438,
            0.01708647422492504,
            0.0053345393389463425,
            0.0
          ],
          [
            -0.017641138285398483,
            0.9910982847213745,
            0.13195829093456268,
            0.0
          ],
          [
            -0.00303235137835145,
            -0.13203124701976776,
            0.991240918636322,
            0.0
          ],
          [
            0.0,
            0.0,
            0.0,
            1.0
          ]
        ],
        "rotation_mode": "QUATERNION"
      },
      "armature_space": {
        "head": {
          "x": 0.2493850290775299,
          "y": -0.47927504777908325,
          "z": 0.49546006321907043
        },
        "tail": {
          "x": 0.2316887527704239,
          "y": -0.4846659302711487,
          "z": 0.46688705682754517
        }
      },
      "world_space": {
        "head": {
          "x": 0.2493850290775299,
          "y": -0.4160310626029968,
          "z": 1.4453140497207642
        },
        "tail": {
          "x": 0.2316887527704239,
          "y": -0.42142194509506226,
          "z": 1.416741132736206
        },
        "rotation_quaternion": {
          "w": 0.02827606163918972,
          "x": 0.37213218212127686,
          "y": -0.6480841040611267,
          "z": 0.6638562679290771
        },
        "matrix": [
          [
            -0.7214341759681702,
            -0.519888699054718,
            0.45743677020072937,
            0.2493850290775299
          ],
          [
            -0.4448063373565674,
            -0.15837571024894714,
            -0.8815127015113831,
            -0.4160310626029968
          ],
          [
            0.5307385921478271,
            -0.8394302129745483,
            -0.11699378490447998,
            1.4453140497207642
          ],
          [
            0.0,
            0.0,
            0.0,
            1.0
          ]
        ]
      },
      "bone_length_armature_space": 0.03403875016253841,
      "parent": "metacarpal_thumb_l",
      "has_children": true,
      "is_end_bone": false
    },
    "thumb_02_l": {
      "name": "thumb_02_l",
      "local": {
        "location": {
          "x": 0.0,
          "y": 0.0,
          "z": 0.0
        },
        "rotation_quaternion": {
          "w": 0.9974251985549927,
          "x": 0.07125821709632874,
          "y": -0.003293380606919527,
          "z": 0.007375661283731461
        },
        "scale": {
          "x": 1.0,
          "y": 1.0,
          "z": 1.0
        },
        "matrix_basis": [
          [
            0.9998695254325867,
            -0.015182701870799065,
            -0.005518648773431778,
            0.0
          ],
          [
            0.014243979938328266,
            0.9897357225418091,
            -0.14219807088375092,
            0.0
          ],
          [
            0.007620954420417547,
            0.14210090041160583,
            0.9898228645324707,
            0.0
          ],
          [
            0.0,
            0.0,
            0.0,
            1.0
          ]
        ],
        "rotation_mode": "QUATERNION"
      },
      "armature_space": {
        "head": {
          "x": 0.23168878257274628,
          "y": -0.4846658706665039,
          "z": 0.46688705682754517
        },
        "tail": {
          "x": 0.21745692193508148,
          "y": -0.5221956968307495,
          "z": 0.4654226005077362
        }
      },
      "world_space": {
        "head": {
          "x": 0.23168878257274628,
          "y": -0.4214218854904175,
          "z": 1.416741132736206
        },
        "tail": {
          "x": 0.21745692193508148,
          "y": -0.4589517116546631,
          "z": 1.4152766466140747
        },
        "rotation_quaternion": {
          "w": 0.16731597483158112,
          "x": 0.28135964274406433,
          "y": -0.06930065900087357,
          "z": 0.9423585534095764
        },
        "matrix": [
          [
            -0.7856842279434204,
            -0.3543403148651123,
            0.5070928335189819,
            0.23168878257274628
          ],
          [
            0.2763468623161316,
            -0.934405505657196,
            -0.22476409375667572,
            -0.4214218854904175
          ],
          [
            0.5534774661064148,
            -0.03646121919155121,
            0.8320741653442383,
            1.416741132736206
          ],
          [
            0.0,
            0.0,
            0.0,
            1.0
          ]
        ]
      },
      "bone_length_armature_space": 0.04016439209694965,
      "parent": "thumb_01_l",
      "has_children": true,
      "is_end_bone": false
    },
    "thumb_03_l": {
      "name": "thumb_03_l",
      "local": {
        "location": {
          "x": 0.0,
          "y": 0.0,
          "z": 0.0
        },
        "rotation_quaternion": {
          "w": 0.9965870380401611,
          "x": 0.0824039876461029,
          "y": -0.0021704842802137136,
          "z": 0.004401046317070723
        },
        "scale": {
          "x": 1.0,
          "y": 1.0,
          "z": 1.0
        },
        "matrix_basis": [
          [
            0.9999518394470215,
            -0.009129764512181282,
            -0.0036008255556225777,
            0.0
          ],
          [
            0.00841433834284544,
            0.986380398273468,
            -0.16426458954811096,
            0.0
          ],
          [
            0.005051480606198311,
            0.16422638297080994,
            0.9864097237586975,
            0.0
          ],
          [
            0.0,
            0.0,
            0.0,
            1.0
          ]
        ],
        "rotation_mode": "QUATERNION"
      },
      "armature_space": {
        "head": {
          "x": 0.2174568623304367,
          "y": -0.5221956372261047,
          "z": 0.4654226005077362
        },
        "tail": {
          "x": 0.21666179597377777,
          "y": -0.5516019463539124,
          "z": 0.4732665419578552
        }
      },
      "world_space": {
        "head": {
          "x": 0.2174568623304367,
          "y": -0.4589516520500183,
          "z": 1.4152766466140747
        },
        "tail": {
          "x": 0.21666179597377777,
          "y": -0.4883579611778259,
          "z": 1.4231204986572266
        },
        "rotation_quaternion": {
          "w": 0.028232391923666,
          "x": 0.11561282724142075,
          "y": 0.12751208245754242,
          "z": 0.9846711754798889
        },
        "matrix": [
          [
            -0.9716731905937195,
            -0.026115112006664276,
            0.2348811775445938,
            0.2174568623304367
          ],
          [
            0.08508341014385223,
            -0.965887188911438,
            0.24458728730678558,
            -0.4589516520500183
          ],
          [
            0.22048290073871613,
            0.25764432549476624,
            0.9407555460929871,
            1.4152766466140747
          ],
          [
            0.0,
            0.0,
            0.0,
            1.0
          ]
        ]
      },
      "bone_length_armature_space": 0.030444877737391324,
      "parent": "thumb_02_l",
      "has_children": false,
      "is_end_bone": true
    },
    "metacarpal_index_l": {
      "name": "metacarpal_index_l",
      "local": {
        "location": {
          "x": 0.0,
          "y": 0.0,
          "z": 0.0
        },
        "rotation_quaternion": {
          "w": 0.9997817277908325,
          "x": -0.01850956305861473,
          "y": -0.003366508986800909,
          "z": -0.009092452935874462
        },
        "scale": {
          "x": 1.0,
          "y": 1.0,
          "z": 1.0
        },
        "matrix_basis": [
          [
            0.9998120069503784,
            0.018305562436580658,
            -0.006394953466951847,
            0.0
          ],
          [
            -0.018056310713291168,
            0.9991494417190552,
            0.03707226365804672,
            0.0
          ],
          [
            0.007068143226206303,
            -0.036949824541807175,
            0.9992921352386475,
            0.0
          ],
          [
            0.0,
            0.0,
            0.0,
            1.0
          ]
        ],
        "rotation_mode": "QUATERNION"
      },
      "armature_space": {
        "head": {
          "x": 0.28858256340026855,
          "y": -0.45035117864608765,
          "z": 0.5044349431991577
        },
        "tail": {
          "x": 0.22623057663440704,
          "y": -0.5491064190864563,
          "z": 0.49500831961631775
        }
      },
      "world_space": {
        "head": {
          "x": 0.28858256340026855,
          "y": -0.3871071934700012,
          "z": 1.4542889595031738
        },
        "tail": {
          "x": 0.22623057663440704,
          "y": -0.4858624339103699,
          "z": 1.4448623657226562
        },
        "rotation_quaternion": {
          "w": 0.10045403987169266,
          "x": -0.9375061392784119,
          "y": 0.2617186903953552,
          "z": 0.20614255964756012
        },
        "matrix": [
          [
            0.7780172824859619,
            -0.5321418642997742,
            -0.33393773436546326,
            0.28858256340026855
          ],
          [
            -0.4493103325366974,
            -0.8428245782852173,
            0.2962552309036255,
            -0.3871071934700012
          ],
          [
            -0.4391041696071625,
            -0.08045140653848648,
            -0.8948346972465515,
            1.4542889595031738
          ],
          [
            0.0,
            0.0,
            0.0,
            1.0
          ]
        ]
      },
      "bone_length_armature_space": 0.11717179321663429,
      "parent": "lowerarm_l",
      "has_children": true,
      "is_end_bone": false
    },
    "index_01_l": {
      "name": "index_01_l",
      "local": {
        "location": {
          "x": 0.0,
          "y": 0.0,
          "z": 0.0
        },
        "rotation_quaternion": {
          "w": 0.9926234483718872,
          "x": -0.12096665054559708,
          "y": 0.0076657505705952644,
          "z": -0.002644686959683895
        },
        "scale": {
          "x": 1.0,
          "y": 1.0,
          "z": 1.0
        },
        "matrix_basis": [
          [
            0.9998685121536255,
            0.0033957562409341335,
            0.015858246013522148,
            0.0
          ],
          [
            -0.007104957010596991,
            0.9707201719284058,
            0.24010811746120453,
            0.0
          ],
          [
            -0.014578569680452347,
            -0.24018920958042145,
            0.9706166386604309,
            0.0
          ],
          [
            0.0,
            0.0,
            0.0,
            1.0
          ]
        ],
        "rotation_mode": "QUATERNION"
      },
      "armature_space": {
        "head": {
          "x": 0.22623057663440704,
          "y": -0.5491064190864563,
          "z": 0.49500831961631775
        },
        "tail": {
          "x": 0.2236761450767517,
          "y": -0.5773114562034607,
          "z": 0.49832794070243835
        }
      },
      "world_space": {
        "head": {
          "x": 0.22623057663440704,
          "y": -0.4858624339103699,
          "z": 1.4448623657226562
        },
        "tail": {
          "x": 0.2236761450767517,
          "y": -0.5140674710273743,
          "z": 1.4481819868087769
        },
        "rotation_quaternion": {
          "w": 0.048945922404527664,
          "x": 0.9797143936157227,
          "y": -0.055030692368745804,
          "z": -0.1863749474287033
        },
        "matrix": [
          [
            0.9244722127914429,
            -0.08958426862955093,
            -0.37057551741600037,
            0.22623057663440704
          ],
          [
            -0.12607333064079285,
            -0.9891519546508789,
            -0.07539370656013489,
            -0.4858624339103699
          ],
          [
            -0.35980403423309326,
            0.11641888320446014,
            -0.9257439374923706,
            1.4448623657226562
          ],
          [
            0.0,
            0.0,
            0.0,
            1.0
          ]
        ]
      },
      "bone_length_armature_space": 0.028514366671874274,
      "parent": "metacarpal_index_l",
      "has_children": true,
      "is_end_bone": false
    },
    "index_02_l": {
      "name": "index_02_l",
      "local": {
        "location": {
          "x": 0.0,
          "y": 0.0,
          "z": 0.0
        },
        "rotation_quaternion": {
          "w": 0.9994124174118042,
          "x": 0.03376612439751625,
          "y": 0.0006532481056638062,
          "z": -0.0058644721284508705
        },
        "scale": {
          "x": 1.0,
          "y": 1.0,
          "z": 1.0
        },
        "matrix_basis": [
          [
            0.9999303817749023,
            0.011766168288886547,
            0.0009096875437535346,
            0.0
          ],
          [
            -0.0116779375821352,
            0.9976509213447571,
            -0.06750023365020752,
            0.0
          ],
          [
            -0.0017017695354297757,
            0.06748490780591965,
            0.997718870639801,
            0.0
          ],
          [
            0.0,
            0.0,
            0.0,
            1.0
          ]
        ],
        "rotation_mode": "QUATERNION"
      },
      "armature_space": {
        "head": {
          "x": 0.22367575764656067,
          "y": -0.5773118138313293,
          "z": 0.49832776188850403
        },
        "tail": {
          "x": 0.2219715565443039,
          "y": -0.6028428673744202,
          "z": 0.5001583099365234
        }
      },
      "world_space": {
        "head": {
          "x": 0.22367575764656067,
          "y": -0.5140678286552429,
          "z": 1.4481817483901978
        },
        "tail": {
          "x": 0.2219715565443039,
          "y": -0.5395988821983337,
          "z": 1.4500123262405396
        },
        "rotation_quaternion": {
          "w": 0.027589891105890274,
          "x": 0.9746623039245605,
          "y": -0.04025883600115776,
          "z": -0.2182920277118683
        },
        "matrix": [
          [
            0.901455819606781,
            -0.06643234938383102,
            -0.4277435839176178,
            0.22367575764656067
          ],
          [
            -0.0905228778719902,
            -0.9952360987663269,
            -0.03620566427707672,
            -0.5140678286552429
          ],
          [
            -0.42330363392829895,
            0.071357861161232,
            -0.9031811952590942,
            1.4481817483901978
          ],
          [
            0.0,
            0.0,
            0.0,
            1.0
          ]
        ]
      },
      "bone_length_armature_space": 0.02565326323979621,
      "parent": "index_01_l",
      "has_children": true,
      "is_end_bone": false
    },
    "index_03_l": {
      "name": "index_03_l",
      "local": {
        "location": {
          "x": 0.0,
          "y": 0.0,
          "z": 0.0
        },
        "rotation_quaternion": {
          "w": 0.9993287920951843,
          "x": 0.03583163395524025,
          "y": 0.005908831022679806,
          "z": -0.004816986620426178
        },
        "scale": {
          "x": 1.0,
          "y": 1.0,
          "z": 1.0
        },
        "matrix_basis": [
          [
            0.999883770942688,
            0.01005095336586237,
            0.011464528739452362,
            0.0
          ],
          [
            -0.009204060770571232,
            0.9973857998847961,
            -0.07167208939790726,
            0.0
          ],
          [
            -0.012154931202530861,
            0.07155824452638626,
            0.9973623752593994,
            0.0
          ],
          [
            0.0,
            0.0,
            0.0,
            1.0
          ]
        ],
        "rotation_mode": "QUATERNION"
      },
      "armature_space": {
        "head": {
          "x": 0.22197158634662628,
          "y": -0.6028428673744202,
          "z": 0.500158429145813
        },
        "tail": {
          "x": 0.2208624929189682,
          "y": -0.6318385004997253,
          "z": 0.4967297613620758
        }
      },
      "world_space": {
        "head": {
          "x": 0.22197158634662628,
          "y": -0.5395988821983337,
          "z": 1.450012445449829
        },
        "tail": {
          "x": 0.2208624929189682,
          "y": -0.5685945153236389,
          "z": 1.4465837478637695
        },
        "rotation_quaternion": {
          "w": 0.06121689826250076,
          "x": -0.9824376702308655,
          "y": 0.008347705937922001,
          "z": 0.1760653853416443
        },
        "matrix": [
          [
            0.9378628134727478,
            -0.037958573549985886,
            -0.3449244797229767,
            0.22197158634662628
          ],
          [
            0.0051541682332754135,
            -0.9923657178878784,
            0.12322250008583069,
            -0.5395988821983337
          ],
          [
            -0.3469710052013397,
            -0.1173454225063324,
            -0.9305135011672974,
            1.450012445449829
          ],
          [
            0.0,
            0.0,
            0.0,
            1.0
          ]
        ]
      },
      "bone_length_armature_space": 0.0292187027535287,
      "parent": "index_02_l",
      "has_children": false,
      "is_end_bone": true
    },
    "metacarpal_pinky_l": {
      "name": "metacarpal_pinky_l",
      "local": {
        "location": {
          "x": 0.0,
          "y": 0.0,
          "z": 0.0
        },
        "rotation_quaternion": {
          "w": 0.996993899345398,
          "x": -0.07554259896278381,
          "y": 0.016941344365477562,
          "z": -0.0030950275249779224
        },
        "scale": {
          "x": 1.0,
          "y": 1.0,
          "z": 1.0
        },
        "matrix_basis": [
          [
            0.9994068145751953,
            0.0036118607968091965,
            0.03424844518303871,
            0.0
          ],
          [
            -0.008731033653020859,
            0.9885674715042114,
            0.15052615106105804,
            0.0
          ],
          [
            -0.03331322222948074,
            -0.15073588490486145,
            0.9880126118659973,
            0.0
          ],
          [
            0.0,
            0.0,
            0.0,
            1.0
          ]
        ],
        "rotation_mode": "QUATERNION"
      },
      "armature_space": {
        "head": {
          "x": 0.28858256340026855,
          "y": -0.45035117864608765,
          "z": 0.5044349431991577
        },
        "tail": {
          "x": 0.2956062853336334,
          "y": -0.5538196563720703,
          "z": 0.4950453042984009
        }
      },
      "world_space": {
        "head": {
          "x": 0.28858256340026855,
          "y": -0.3871071934700012,
          "z": 1.4542889595031738
        },
        "tail": {
          "x": 0.2956062853336334,
          "y": -0.4905756711959839,
          "z": 1.444899320602417
        },
        "rotation_quaternion": {
          "w": 0.022177280858159065,
          "x": 0.2354530543088913,
          "y": 0.051849644631147385,
          "z": -0.9702482223510742
        },
        "matrix": [
          [
            -0.8881402015686035,
            0.06745103001594543,
            -0.45459607243537903,
            0.28858256340026855
          ],
          [
            -0.018618887290358543,
            -0.9936398267745972,
            -0.11105702817440033,
            -0.3871071934700012
          ],
          [
            -0.4591987133026123,
            -0.0901716947555542,
            0.8837530612945557,
            1.4542889595031738
          ],
          [
            0.0,
            0.0,
            0.0,
            1.0
          ]
        ]
      },
      "bone_length_armature_space": 0.10413080336123633,
      "parent": "lowerarm_l",
      "has_children": true,
      "is_end_bone": false
    },
    "pinky_01_l": {
      "name": "pinky_01_l",
      "local": {
        "location": {
          "x": 0.0,
          "y": 0.0,
          "z": 0.0
        },
        "rotation_quaternion": {
          "w": 0.992802619934082,
          "x": -0.11774184554815292,
          "y": 0.021784121170639992,
          "z": 0.0023175107780843973
        },
        "scale": {
          "x": 1.0,
          "y": 1.0,
          "z": 1.0
        },
        "matrix_basis": [
          [
            0.9990401864051819,
            -0.009731466881930828,
            0.042708929628133774,
            0.0
          ],
          [
            -0.0005281437188386917,
            0.972262978553772,
            0.23388978838920593,
            0.0
          ],
          [
            -0.04380040243268013,
            -0.2336878627538681,
            0.971324622631073,
            0.0
          ],
          [
            0.0,
            0.0,
            0.0,
            1.0
          ]
        ],
        "rotation_mode": "QUATERNION"
      },
      "armature_space": {
        "head": {
          "x": 0.2956062853336334,
          "y": -0.5538196563720703,
