{
  "metadata": {
    "armature_name": "KIM_caucasian_male",
    "export_time": "2026-01-13T20:56:33.227145",
    "blender_version": "4.4.1",
    "bone_count": 56,
    "end_bone_count": 13,
    "spaces_included": [
      "LOCAL_CHANNELS",
      "ARMATURE_SPACE",
      "WORLD_SPACE"
    ],
    "note": "LOCAL matches Transform panel; replay pose via local.matrix_basis for best fidelity."
  },
  "bones": {
    "Root": {
      "name": "Root",
      "local": {
        "location": {
          "x": 0.0,
          "y": 0.0,
          "z": 0.0
        },
        "rotation_quaternion": {
          "w": 0.9994640350341797,
          "x": 0.0037864507175982,
          "y": 0.01599017158150673,
          "z": -0.028315238654613495
        },
        "scale": {
          "x": 1.0,
          "y": 1.0,
          "z": 1.0
        },
        "matrix_basis": [
          [
            0.9978851079940796,
            0.056721217930316925,
            0.03174877539277077,
            0.0
          ],
          [
            -0.05647903308272362,
            0.9983678460121155,
            -0.008474373258650303,
            0.0
          ],
          [
            -0.0321776308119297,
            0.006663311738520861,
            0.999459981918335,
            0.0
          ],
          [
            0.0,
            0.0,
            0.0,
            1.0
          ]
        ],
        "rotation_mode": "QUATERNION"
      },
      "armature_space": {
        "head": {
          "x": 0.0,
          "y": 0.07072800397872925,
          "z": -0.009595036506652832
        },
        "tail": {
          "x": 0.004048526287078857,
          "y": 5.1505863666534424e-05,
          "z": -0.000486946664750576
        }
      },
      "world_space": {
        "head": {
          "x": 0.0,
          "y": 0.13397200405597687,
          "z": 0.9402589797973633
        },
        "tail": {
          "x": 0.004048526287078857,
          "y": 0.06329550594091415,
          "z": 0.9493670463562012
        },
        "rotation_quaternion": {
          "w": 0.06355369091033936,
          "x": 0.9974485039710999,
          "y": 0.029328137636184692,
          "z": 0.014046309515833855
        },
        "matrix": [
          [
            0.9978851079940796,
            0.056721217930316925,
            0.03174877539277077,
            0.0
          ],
          [
            0.06029200926423073,
            -0.9902015924453735,
            -0.1259596347808838,
            0.13397200405597687
          ],
          [
            0.024293329566717148,
            0.12760740518569946,
            -0.9915342926979065,
            0.9402589797973633
          ],
          [
            0.0,
            0.0,
            0.0,
            1.0
          ]
        ]
      },
      "bone_length_armature_space": 0.07137587213720302,
      "parent": null,
      "has_children": true,
      "is_end_bone": false
    },
    "spine_01": {
      "name": "spine_01",
      "local": {
        "location": {
          "x": 0.0,
          "y": 0.0,
          "z": 0.0
        },
        "rotation_quaternion": {
          "w": 0.994854211807251,
          "x": 0.09675570577383041,
          "y": -0.014982160180807114,
          "z": -0.0260588638484478
        },
        "scale": {
          "x": 1.0,
          "y": 1.0,
          "z": 1.0
        },
        "matrix_basis": [
          [
            0.9981929659843445,
            0.04895032197237015,
            -0.03485281765460968,
            0.0
          ],
          [
            -0.05474875867366791,
            0.9799185395240784,
            -0.19173480570316315,
            0.0
          ],
          [
            0.024767443537712097,
            0.19329647719860077,
            0.9808277487754822,
            0.0
          ],
          [
            0.0,
            0.0,
            0.0,
            1.0
          ]
        ],
        "rotation_mode": "QUATERNION"
      },
      "armature_space": {
        "head": {
          "x": 0.004048526287078857,
          "y": 5.1505863666534424e-05,
          "z": -0.000486946664750576
        },
        "tail": {
          "x": 0.020741615444421768,
          "y": -0.07425010204315186,
          "z": 0.4815390408039093
        }
      },
      "world_space": {
        "head": {
          "x": 0.004048526287078857,
          "y": 0.06329550594091415,
          "z": 0.9493670463562012
        },
        "tail": {
          "x": 0.020741615444421768,
          "y": -0.011006101965904236,
          "z": 1.431393027305603
        },
        "rotation_quaternion": {
          "w": 0.6506732702255249,
          "x": 0.7590314149856567,
          "y": 0.022260403260588646,
          "z": -0.00031839299481362104
        },
        "matrix": [
          [
            0.9990087151527405,
            0.0342070646584034,
            0.028485365211963654,
            0.004048526287078857
          ],
          [
            0.033378537744283676,
            -0.1522570103406906,
            -0.9877771735191345,
            0.06329550594091415
          ],
          [
            -0.029452035203576088,
            0.9877556562423706,
            -0.1532498449087143,
            0.9493670463562012
          ],
          [
            0.0,
            0.0,
            0.0,
            1.0
          ]
        ]
      },
      "bone_length_armature_space": 0.48800455031768,
      "parent": "Root",
      "has_children": true,
      "is_end_bone": false
    },
    "neck_01": {
      "name": "neck_01",
      "local": {
        "location": {
          "x": 0.0,
          "y": 0.0,
          "z": 0.0
        },
        "rotation_quaternion": {
          "w": 0.986402690410614,
          "x": -0.06855738908052444,
          "y": -0.016347914934158325,
          "z": 0.14846716821193695
        },
        "scale": {
          "x": 1.0,
          "y": 1.0,
          "z": 1.0
        },
        "matrix_basis": [
          [
            0.9553804993629456,
            -0.2906552851200104,
            -0.052608296275138855,
            0.0
          ],
          [
            0.2951383590698242,
            0.9465147852897644,
            0.13039612770080566,
            0.0
          ],
          [
            0.01189421210438013,
            -0.14010463654994965,
            0.9900652766227722,
            0.0
          ],
          [
            0.0,
            0.0,
            0.0,
            1.0
          ]
        ],
        "rotation_mode": "QUATERNION"
      },
      "armature_space": {
        "head": {
          "x": 0.024234090000391006,
          "y": -0.11965467780828476,
          "z": 0.5485461950302124
        },
        "tail": {
          "x": -0.0015815645456314087,
          "y": -0.15839165449142456,
          "z": 0.6398902535438538
        }
      },
      "world_space": {
        "head": {
          "x": 0.024234090000391006,
          "y": -0.05641067773103714,
          "z": 1.4984002113342285
        },
        "tail": {
          "x": -0.0015815645456314087,
          "y": -0.09514765441417694,
          "z": 1.5897443294525146
        },
        "rotation_quaternion": {
          "w": 0.5455758571624756,
          "x": 0.82819664478302,
          "y": -0.11586742848157883,
          "z": 0.05488271266222
        },
        "matrix": [
          [
            0.9671251773834229,
            -0.25180763006210327,
            -0.035522740334272385,
            0.024234090000391006
          ],
          [
            -0.13203777372837067,
            -0.37784311175346375,
            -0.916406512260437,
            -0.05641067773103714
          ],
          [
            0.2173374593257904,
            0.8909759521484375,
            -0.3986733853816986,
            1.4984002113342285
          ],
          [
            0.0,
            0.0,
            0.0,
            1.0
          ]
        ]
      },
      "bone_length_armature_space": 0.10252189038309957,
      "parent": "spine_01",
      "has_children": true,
      "is_end_bone": false
    },
    "head": {
      "name": "head",
      "local": {
        "location": {
          "x": 0.0,
          "y": 0.0,
          "z": 0.0
        },
        "rotation_quaternion": {
          "w": 0.9910259246826172,
          "x": 0.013763791881501675,
          "y": 0.10612569004297256,
          "z": -0.08009747415781021
        },
        "scale": {
          "x": 1.0,
          "y": 1.0,
          "z": 1.0
        },
        "matrix_basis": [
          [
            0.9646434783935547,
            0.1616787314414978,
            0.2081417292356491,
            0.0
          ],
          [
            -0.15583595633506775,
            0.986789882183075,
            -0.04428134858608246,
            0.0
          ],
          [
            -0.21255150437355042,
            0.010279749520123005,
            0.9770957827568054,
            0.0
          ],
          [
            0.0,
            0.0,
            0.0,
            1.0
          ]
        ],
        "rotation_mode": "QUATERNION"
      },
      "armature_space": {
        "head": {
          "x": -0.001581551507115364,
          "y": -0.1583917737007141,
          "z": 0.6398901343345642
        },
        "tail": {
          "x": -0.011605484411120415,
          "y": -0.1665595918893814,
          "z": 0.7944414615631104
        }
      },
      "world_space": {
        "head": {
          "x": -0.001581551507115364,
          "y": -0.09514777362346649,
          "z": 1.5897440910339355
        },
        "tail": {
          "x": -0.011605484411120415,
          "y": -0.10331559181213379,
          "z": 1.7442954778671265
        },
        "rotation_quaternion": {
          "w": 0.6882039308547974,
          "x": 0.7234880328178406,
          "y": 0.006539101246744394,
          "z": 0.05383202061057091
        },
        "matrix": [
          [
            0.9941188097000122,
            -0.06463291496038437,
            0.08689365535974503,
            -0.001581551507115364
          ],
          [
            0.08355630934238434,
            -0.05266493186354637,
            -0.9951105713844299,
            -0.09514777362346649
          ],
          [
            0.06889362633228302,
            0.9965254664421082,
            -0.04695599153637886,
            1.5897440910339355
          ],
          [
            0.0,
            0.0,
            0.0,
            1.0
          ]
        ]
      },
      "bone_length_armature_space": 0.15509127950998186,
      "parent": "neck_01",
      "has_children": false,
      "is_end_bone": true
    },
    "upperarm_l": {
      "name": "upperarm_l",
      "local": {
        "location": {
          "x": 0.0,
          "y": 0.0,
          "z": 0.0
        },
        "rotation_quaternion": {
          "w": 0.983475387096405,
          "x": 0.17189422249794006,
          "y": -0.05575191602110863,
          "z": -0.01097435038536787
        },
        "scale": {
          "x": 1.0,
          "y": 1.0,
          "z": 1.0
        },
        "matrix_basis": [
          [
            0.9935425519943237,
            0.0024191425181925297,
            -0.11343412846326828,
            0.0
          ],
          [
            -0.040752872824668884,
            0.9406638741493225,
            -0.3368837833404541,
            0.0
          ],
          [
            0.10588841885328293,
            0.33933115005493164,
            0.9346882104873657,
            0.0
          ],
          [
            0.0,
            0.0,
            0.0,
            1.0
          ]
        ],
        "rotation_mode": "QUATERNION"
      },
      "armature_space": {
        "head": {
          "x": 0.17187726497650146,
          "y": -0.10756517946720123,
          "z": 0.47725480794906616
        },
        "tail": {
          "x": 0.42895233631134033,
          "y": -0.1777213215827942,
          "z": 0.4490032196044922
        }
      },
      "world_space": {
        "head": {
          "x": 0.17187726497650146,
          "y": -0.04432117938995361,
          "z": 1.4271087646484375
        },
        "tail": {
          "x": 0.42895233631134033,
          "y": -0.11447732150554657,
          "z": 1.3988572359085083
        },
        "rotation_quaternion": {
          "w": 0.3895154893398285,
          "x": 0.5502811074256897,
          "y": 0.4662335216999054,
          "z": -0.5727955102920532
        },
        "matrix": [
          [
            -0.09093762934207916,
            0.9593448042869568,
            -0.26718515157699585,
            0.17187726497650146
          ],
          [
            0.06689248979091644,
            -0.2618064880371094,
            -0.9627994894981384,
            -0.04432117938995361
          ],
          [
            -0.9936143755912781,
            -0.10542842745780945,
            -0.04036608338356018,
            1.4271087646484375
          ],
          [
            0.0,
            0.0,
            0.0,
            1.0
          ]
        ]
      },
      "bone_length_armature_space": 0.26796944822058477,
      "parent": "spine_01",
      "has_children": true,
      "is_end_bone": false
    },
    "lowerarm_l": {
      "name": "lowerarm_l",
      "local": {
        "location": {
          "x": 0.0,
          "y": 0.0,
          "z": 0.0
        },
        "rotation_quaternion": {
          "w": 0.845915675163269,
          "x": 0.4550398886203766,
          "y": 0.15045349299907684,
          "z": -0.2339426726102829
        },
        "scale": {
          "x": 1.0,
          "y": 1.0,
          "z": 1.0
        },
        "matrix_basis": [
          [
            0.8452691435813904,
            0.5327162146568298,
            0.04163544252514839,
            0.0
          ],
          [
            -0.2588668763637543,
            0.476419061422348,
            -0.8402457237243652,
            0.0
          ],
          [
            -0.4674484431743622,
            0.699455738067627,
            0.5406048893928528,
            0.0
          ],
          [
            0.0,
            0.0,
            0.0,
            1.0
          ]
        ],
        "rotation_mode": "QUATERNION"
      },
      "armature_space": {
        "head": {
          "x": 0.4289523959159851,
          "y": -0.17772139608860016,
          "z": 0.44900330901145935
        },
        "tail": {
          "x": 0.46694713830947876,
          "y": -0.4105878472328186,
          "z": 0.3229110836982727
        }
      },
      "world_space": {
        "head": {
          "x": 0.4289523959159851,
          "y": -0.11447739601135254,
          "z": 1.3988573551177979
        },
        "tail": {
          "x": 0.46694713830947876,
          "y": -0.3473438620567322,
          "z": 1.2727651596069336
        },
        "rotation_quaternion": {
          "w": 0.10935325920581818,
          "x": -0.6497922539710999,
          "y": -0.2298210710287094,
          "z": 0.7162361145019531
        },
        "matrix": [
          [
            -0.1316247135400772,
            0.1420234739780426,
            -0.9810729026794434,
            0.4289523959159851
          ],
          [
            0.45531684160232544,
            -0.8704490661621094,
            -0.18709638714790344,
            -0.11447739601135254
          ],
          [
            -0.8805519342422485,
            -0.4713296890258789,
            0.049907151609659195,
            1.3988573551177979
          ],
          [
            0.0,
            0.0,
            0.0,
            1.0
          ]
        ]
      },
      "bone_length_armature_space": 0.2675250169944656,
      "parent": "upperarm_l",
      "has_children": true,
      "is_end_bone": false
    },
    "metacarpal_thumb_l": {
      "name": "metacarpal_thumb_l",
      "local": {
        "location": {
          "x": 0.0,
          "y": 0.0,
          "z": 0.0
        },
        "rotation_quaternion": {
          "w": 0.9993512034416199,
          "x": -0.03424892947077751,
          "y": -0.008841929025948048,
          "z": 0.006792084779590368
        },
        "scale": {
          "x": 1.0,
          "y": 1.0,
          "z": 1.0
        },
        "matrix_basis": [
          [
            0.9997513890266418,
            -0.012969703413546085,
            -0.018137628212571144,
            0.0
          ],
          [
            0.014181009493768215,
            0.9975617527961731,
            0.06833330541849136,
            0.0
          ],
          [
            0.01720714196562767,
            -0.06857352703809738,
            0.9974976778030396,
            0.0
          ],
          [
            0.0,
            0.0,
            0.0,
            1.0
          ]
        ],
        "rotation_mode": "QUATERNION"
      },
      "armature_space": {
        "head": {
          "x": 0.46694713830947876,
          "y": -0.4105878472328186,
          "z": 0.3229110836982727
        },
        "tail": {
          "x": 0.4425857663154602,
          "y": -0.44770899415016174,
          "z": 0.3009535074234009
        }
      },
      "world_space": {
        "head": {
          "x": 0.46694713830947876,
          "y": -0.3473438620567322,
          "z": 1.2727651596069336
        },
        "tail": {
          "x": 0.4425857663154602,
          "y": -0.38446497917175293,
          "z": 1.250807523727417
        },
        "rotation_quaternion": {
          "w": 0.27593061327934265,
          "x": -0.9232552647590637,
          "y": 0.2217114418745041,
          "z": 0.14935214817523956
        },
        "matrix": [
          [
            0.8570758700370789,
            -0.4918143153190613,
            -0.15342524647712708,
            0.46694713830947876
          ],
          [
            -0.3269719183444977,
            -0.7494125366210938,
            0.5757344365119934,
            -0.3473438620567322
          ],
          [
            -0.3981364369392395,
            -0.44328612089157104,
            -0.8031181693077087,
            1.2727651596069336
          ],
          [
            0.0,
            0.0,
            0.0,
            1.0
          ]
        ]
      },
      "bone_length_armature_space": 0.04953373749978211,
      "parent": "lowerarm_l",
      "has_children": true,
      "is_end_bone": false
    },
    "thumb_01_l": {
      "name": "thumb_01_l",
      "local": {
        "location": {
          "x": 0.0,
          "y": 0.0,
          "z": 0.0
        },
        "rotation_quaternion": {
          "w": 0.9967970848083496,
          "x": -0.07670995593070984,
          "y": -0.013158028945326805,
          "z": 0.018389301374554634
        },
        "scale": {
          "x": 1.0,
          "y": 1.0,
          "z": 1.0
        },
        "matrix_basis": [
          [
            0.9989774227142334,
            -0.03464210033416748,
            -0.029053054749965668,
            0.0
          ],
          [
            0.03867950662970543,
            0.9875548481941223,
            0.15244458615779877,
            0.0
          ],
          [
            0.023410484194755554,
            -0.15341246128082275,
            0.9878848791122437,
            0.0
          ],
          [
            0.0,
            0.0,
            0.0,
            1.0
          ]
        ],
        "rotation_mode": "QUATERNION"
      },
      "armature_space": {
        "head": {
          "x": 0.4425857663154602,
          "y": -0.44770899415016174,
          "z": 0.3009535074234009
        },
        "tail": {
          "x": 0.4205201268196106,
          "y": -0.4457927942276001,
          "z": 0.2751064598560333
        }
      },
      "world_space": {
        "head": {
          "x": 0.4425857663154602,
          "y": -0.38446497917175293,
          "z": 1.250807523727417
        },
        "tail": {
          "x": 0.4205201268196106,
          "y": -0.38254880905151367,
          "z": 1.224960446357727
        },
        "rotation_quaternion": {
          "w": 0.19693364202976227,
          "x": -0.5708843469619751,
          "y": 0.699546754360199,
          "z": -0.3820243775844574
        },
        "matrix": [
          [
            -0.27061328291893005,
            -0.6482535004615784,
            0.7117131352424622,
            0.4425857663154602
          ],
          [
            -0.9491883516311646,
            0.05629538372159004,
            -0.30963239073753357,
            -0.38446497917175293
          ],
          [
            0.1606544852256775,
            -0.7593458890914917,
            -0.6305538415908813,
            1.250807523727417
          ],
          [
            0.0,
            0.0,
            0.0,
            1.0
          ]
        ]
      },
      "bone_length_armature_space": 0.03403871528369448,
      "parent": "metacarpal_thumb_l",
      "has_children": true,
      "is_end_bone": false
    },
    "thumb_02_l": {
      "name": "thumb_02_l",
      "local": {
        "location": {
          "x": 0.0,
          "y": 0.0,
          "z": 0.0
        },
        "rotation_quaternion": {
          "w": 0.9966681599617004,
          "x": 0.08066093921661377,
          "y": 0.012049460783600807,
          "z": 0.0011609725188463926
        },
        "scale": {
          "x": 1.0,
          "y": 1.0,
          "z": 1.0
        },
        "matrix_basis": [
          [
            0.9997069239616394,
            -0.00037036705180071294,
            0.024205917492508888,
            0.0
          ],
          [
            0.004258050117641687,
            0.98698490858078,
            -0.16075639426708221,
            0.0
          ],
          [
            -0.023831337690353394,
            0.1608123630285263,
            0.986697256565094,
            0.0
          ],
          [
            0.0,
            0.0,
            0.0,
            1.0
          ]
        ],
        "rotation_mode": "QUATERNION"
      },
      "armature_space": {
        "head": {
          "x": 0.4205201268196106,
          "y": -0.4457927346229553,
          "z": 0.2751064896583557
        },
        "tail": {
          "x": 0.42325347661972046,
          "y": -0.4786396026611328,
          "z": 0.2521543800830841
        }
      },
      "world_space": {
        "head": {
          "x": 0.4205201268196106,
          "y": -0.3825487494468689,
          "z": 1.2249605655670166
        },
        "tail": {
          "x": 0.42325347661972046,
          "y": -0.4153956174850464,
          "z": 1.2020083665847778
        },
        "rotation_quaternion": {
          "w": 0.15744934976100922,
          "x": -0.3976686894893646,
          "y": 0.25749677419662476,
          "z": -0.8664668202400208
        },
        "matrix": [
          [
            -0.634138822555542,
            0.06805401295423508,
            0.7702184319496155,
            0.4205201268196106
          ],
          [
            -0.47764596343040466,
            -0.8178108334541321,
            -0.32099810242652893,
            -0.3825487494468689
          ],
          [
            0.6080517768859863,
            -0.571453869342804,
            0.5511148571968079,
            1.2249605655670166
          ],
          [
            0.0,
            0.0,
            0.0,
            1.0
          ]
        ]
      },
      "bone_length_armature_space": 0.04016450260383134,
      "parent": "thumb_01_l",
      "has_children": true,
      "is_end_bone": false
    },
    "thumb_03_l": {
      "name": "thumb_03_l",
      "local": {
        "location": {
          "x": 0.0,
          "y": 0.0,
          "z": 0.0
        },
        "rotation_quaternion": {
          "w": 0.9966402649879456,
          "x": 0.08137647062540054,
          "y": 0.005620585288852453,
          "z": -0.007392438128590584
        },
        "scale": {
          "x": 1.0,
          "y": 1.0,
          "z": 1.0
        },
        "matrix_basis": [
          [
            0.99982750415802,
            0.01564997062087059,
            0.010000262409448624,
            0.0
          ],
          [
            -0.013820435851812363,
            0.9866464734077454,
            -0.16228923201560974,
            0.0
          ],
          [
            -0.012406543828547001,
            0.16212303936481476,
            0.9866925477981567,
            0.0
          ],
          [
            0.0,
            0.0,
            0.0,
            1.0
          ]
        ],
        "rotation_mode": "QUATERNION"
      },
      "armature_space": {
        "head": {
          "x": 0.4232533872127533,
          "y": -0.4786395728588104,
          "z": 0.2521544098854065
        },
        "tail": {
          "x": 0.43629273772239685,
          "y": -0.5040715336799622,
          "z": 0.24166229367256165
        }
      },
      "world_space": {
        "head": {
          "x": 0.4232533872127533,
          "y": -0.4153955578804016,
          "z": 1.2020084857940674
        },
        "tail": {
          "x": 0.43629273772239685,
          "y": -0.44082754850387573,
          "z": 1.1915162801742554
        },
        "rotation_quaternion": {
          "w": 0.24960598349571228,
          "x": -0.15433692932128906,
          "y": 0.14150989055633545,
          "z": -0.945437490940094
        },
        "matrix": [
          [
            -0.8277535438537598,
            0.4282935857772827,
            0.3624754548072815,
            0.4232533872127533
          ],
          [
            -0.5156542658805847,
            -0.8353438377380371,
            -0.19052964448928833,
            -0.4153955578804016
          ],
          [
            0.22119024395942688,
            -0.3446268141269684,
            0.9123165607452393,
            1.2020084857940674
          ],
          [
            0.0,
            0.0,
            0.0,
            1.0
          ]
        ]
      },
      "bone_length_armature_space": 0.030444930271742433,
      "parent": "thumb_02_l",
      "has_children": false,
      "is_end_bone": true
    },
    "metacarpal_index_l": {
      "name": "metacarpal_index_l",
      "local": {
        "location": {
          "x": 0.0,
          "y": 0.0,
          "z": 0.0
        },
        "rotation_quaternion": {
          "w": 0.9994574785232544,
          "x": 0.0299600288271904,
          "y": -0.013500841334462166,
          "z": -0.0022357662674039602
        },
        "scale": {
          "x": 1.0,
          "y": 1.0,
          "z": 1.0
        },
        "matrix_basis": [
          [
            0.9996254444122314,
            0.0036601354368031025,
            -0.02712099999189377,
            0.0
          ],
          [
            -0.005278077907860279,
            0.9981948137283325,
            -0.059827178716659546,
            0.0
          ],
          [
            0.026853065937757492,
            0.059947919100522995,
            0.9978402256965637,
            0.0
          ],
          [
            0.0,
            0.0,
            0.0,
            1.0
          ]
        ],
        "rotation_mode": "QUATERNION"
      },
      "armature_space": {
        "head": {
          "x": 0.46694713830947876,
          "y": -0.4105878472328186,
          "z": 0.3229110836982727
        },
        "tail": {
          "x": 0.4425447881221771,
          "y": -0.5080903768539429,
          "z": 0.26268601417541504
        }
      },
      "world_space": {
        "head": {
          "x": 0.46694713830947876,
          "y": -0.3473438620567322,
          "z": 1.2727651596069336
        },
        "tail": {
          "x": 0.4425447881221771,
          "y": -0.44484639167785645,
          "z": 1.2125400304794312
        },
        "rotation_quaternion": {
          "w": 0.2895926833152771,
          "x": -0.8763303756713867,
          "y": -0.008352210745215416,
          "z": 0.3848525583744049
        },
        "matrix": [
          [
            0.7036380171775818,
            -0.20826148986816406,
            -0.6793529391288757,
            0.46694713830947876
          ],
          [
            0.2375389188528061,
            -0.8321335315704346,
            0.5011279582977295,
            -0.3473438620567322
          ],
          [
            -0.6696825623512268,
            -0.5139898061752319,
            -0.5360539555549622,
            1.2727651596069336
          ],
          [
            0.0,
            0.0,
            0.0,
            1.0
          ]
        ]
      },
      "bone_length_armature_space": 0.1171719980417424,
      "parent": "lowerarm_l",
      "has_children": true,
      "is_end_bone": false
    },
    "index_01_l": {
      "name": "index_01_l",
      "local": {
        "location": {
          "x": 0.0,
          "y": 0.0,
          "z": 0.0
        },
        "rotation_quaternion": {
          "w": 0.9943679571151733,
          "x": -0.10477113723754883,
          "y": 0.0158617552369833,
          "z": 0.001959883840754628
        },
        "scale": {
          "x": 1.0,
          "y": 1.0,
          "z": 1.0
        },
        "matrix_basis": [
          [
            0.9994891285896301,
            -0.0072213998064398766,
            0.031134163960814476,
            0.0
          ],
          [
            0.000573983124922961,
            0.9780383110046387,
            0.20842429995536804,
            0.0
          ],
          [
            -0.031955521553754807,
            -0.20829994976520538,
            0.9775428175926208,
            0.0
          ],
          [
            0.0,
            0.0,
            0.0,
            1.0
          ]
        ],
        "rotation_mode": "QUATERNION"
      },
      "armature_space": {
        "head": {
          "x": 0.4425447881221771,
          "y": -0.5080903768539429,
          "z": 0.26268601417541504
        },
        "tail": {
          "x": 0.45018067955970764,
          "y": -0.5317769646644592,
          "z": 0.24876797199249268
        }
      },
      "world_space": {
        "head": {
          "x": 0.4425447881221771,
          "y": -0.44484639167785645,
          "z": 1.2125400304794312
        },
        "tail": {
          "x": 0.45018067955970764,
          "y": -0.4685329794883728,
          "z": 1.1986219882965088
        },
        "rotation_quaternion": {
          "w": 0.20361804962158203,
          "x": -0.915726363658905,
          "y": -0.20783473551273346,
          "z": 0.2771095633506775
        },
        "matrix": [
          [
            0.760029673576355,
            0.2677912414073944,
            -0.5921506881713867,
            0.4425447881221771
          ],
          [
            0.49348869919776917,
            -0.8306891918182373,
            0.2577296197414398,
            -0.44484639167785645
          ],
          [
            -0.4228780269622803,
            -0.48810601234436035,
            -0.7635055780410767,
            1.2125400304794312
          ],
          [
            0.0,
            0.0,
            0.0,
            1.0
          ]
        ]
      },
      "bone_length_armature_space": 0.028514438102913122,
      "parent": "metacarpal_index_l",
      "has_children": true,
      "is_end_bone": false
    },
    "index_02_l": {
      "name": "index_02_l",
      "local": {
        "location": {
          "x": 0.0,
          "y": 0.0,
          "z": 0.0
        },
        "rotation_quaternion": {
          "w": 0.9992431402206421,
          "x": 0.03753534331917763,
          "y": 0.009572366252541542,
          "z": 0.003558817319571972
        },
        "scale": {
          "x": 1.0,
          "y": 1.0,
          "z": 1.0
        },
        "matrix_basis": [
          [
            0.9997913837432861,
            -0.00639364356175065,
            0.01939740590751171,
            0.0
          ],
          [
            0.007830851711332798,
            0.9971568584442139,
            -0.07494573295116425,
            0.0
          ],
          [
            -0.018863080069422722,
            0.07508200407028198,
            0.9969989061355591,
            0.0
          ],
          [
            0.0,
            0.0,
            0.0,
            1.0
          ]
        ],
        "rotation_mode": "QUATERNION"
      },
      "armature_space": {
        "head": {
          "x": 0.45018044114112854,
          "y": -0.5317773222923279,
          "z": 0.2487676590681076
        },
        "tail": {
          "x": 0.45682117342948914,
          "y": -0.5525514483451843,
          "z": 0.2352609783411026
        }
      },
      "world_space": {
        "head": {
          "x": 0.45018044114112854,
          "y": -0.46853333711624146,
          "z": 1.1986216306686401
        },
        "tail": {
          "x": 0.45682117342948914,
          "y": -0.4893074631690979,
          "z": 1.1851149797439575
        },
        "rotation_quaternion": {
          "w": 0.2195625901222229,
          "x": -0.9025177359580994,
          "y": -0.21654267609119415,
          "z": 0.3006049692630768
        },
        "matrix": [
          [
            0.725491464138031,
            0.2588649392127991,
            -0.6376917362213135,
            0.45018044114112854
          ],
          [
            0.5228706002235413,
            -0.8098034262657166,
            0.26612937450408936,
            -0.46853333711624146
          ],
          [
            -0.4475161135196686,
            -0.5265092849731445,
            -0.7228633165359497,
            1.1986216306686401
          ],
          [
            0.0,
            0.0,
            0.0,
            1.0
          ]
        ]
      },
      "bone_length_armature_space": 0.02565334404676859,
      "parent": "index_01_l",
      "has_children": true,
      "is_end_bone": false
    },
    "index_03_l": {
      "name": "index_03_l",
      "local": {
        "location": {
          "x": 0.0,
          "y": 0.0,
          "z": 0.0
        },
        "rotation_quaternion": {
          "w": 0.9985954165458679,
          "x": 0.05285061150789261,
          "y": 0.0028043128550052643,
          "z": -0.0024993615224957466
        },
        "scale": {
          "x": 1.0,
          "y": 1.0,
          "z": 1.0
        },
        "matrix_basis": [
          [
            0.9999718070030212,
            0.005288121290504932,
            0.005336562171578407,
            0.0
          ],
          [
            -0.004695282783359289,
            0.9944011569023132,
            -0.10556677728891373,
            0.0
          ],
          [
            -0.0058649335987865925,
            0.1055387407541275,
            0.9943978786468506,
            0.0
          ],
          [
            0.0,
            0.0,
            0.0,
            1.0
          ]
        ],
        "rotation_mode": "QUATERNION"
      },
      "armature_space": {
        "head": {
          "x": 0.4568212330341339,
          "y": -0.5525515079498291,
          "z": 0.23526109755039215
        },
        "tail": {
          "x": 0.4628003239631653,
          "y": -0.5725857019424438,
          "z": 0.21484984457492828
        }
      },
      "world_space": {
        "head": {
          "x": 0.4568212330341339,
          "y": -0.4893075227737427,
          "z": 1.185115098953247
        },
        "tail": {
          "x": 0.4628003239631653,
          "y": -0.5093417167663574,
          "z": 1.1647038459777832
        },
        "rotation_quaternion": {
          "w": 0.3291751444339752,
          "x": -0.8753677606582642,
          "y": -0.22093424201011658,
          "z": 0.276700496673584
        },
        "matrix": [
          [
            0.7492495179176331,
            0.2046324908733368,
            -0.6298812627792358,
            0.4568212330341339
          ],
          [
            0.5689635276794434,
            -0.6856640577316284,
            0.45403236150741577,
            -0.4893075227737427
          ],
          [
            -0.33897915482521057,
            -0.6985686421394348,
            -0.6301658749580383,
            1.185115098953247
          ],
          [
            0.0,
            0.0,
            0.0,
            1.0
          ]
        ]
      },
      "bone_length_armature_space": 0.02921878993468628,
      "parent": "index_02_l",
      "has_children": false,
      "is_end_bone": true
    },
    "metacarpal_pinky_l": {
      "name": "metacarpal_pinky_l",
      "local": {
        "location": {
          "x": 0.0,
          "y": 0.0,
          "z": 0.0
        },
        "rotation_quaternion": {
          "w": 0.9992808699607849,
          "x": -0.03362005949020386,
          "y": 0.017468048259615898,
          "z": -0.001522909151390195
        },
        "scale": {
          "x": 1.0,
          "y": 1.0,
          "z": 1.0
        },
        "matrix_basis": [
          [
            0.9993851184844971,
            0.0018690743017941713,
            0.03501337394118309,
            0.0
          ],
          [
            -0.004218181595206261,
            0.9977347254753113,
            0.06713856011629105,
            0.0
          ],
          [
            -0.03480857238173485,
            -0.06724496930837631,
            0.9971291422843933,
            0.0
          ],
          [
            0.0,
            0.0,
            0.0,
            1.0
          ]
        ],
        "rotation_mode": "QUATERNION"
      },
      "armature_space": {
        "head": {
          "x": 0.46694713830947876,
          "y": -0.4105878472328186,
          "z": 0.3229110836982727
        },
        "tail": {
          "x": 0.512485146522522,
          "y": -0.486723393201828,
          "z": 0.26838645339012146
        }
      },
      "world_space": {
        "head": {
          "x": 0.46694713830947876,
          "y": -0.3473438620567322,
          "z": 1.2727651596069336
        },
        "tail": {
          "x": 0.512485146522522,
          "y": -0.4234793782234192,
          "z": 1.21824049949646
        },
        "rotation_quaternion": {
          "w": 0.19457808136940002,
          "x": 0.12650395929813385,
          "y": 0.31074556708335876,
          "z": -0.9217230081558228
        },
        "matrix": [
          [
            -0.8922722339630127,
            0.4373154640197754,
            -0.11227359622716904,
            0.46694713830947876
          ],
          [
            -0.28007417917251587,
            -0.7311531901359558,
            -0.6220721006393433,
            -0.3473438620567322
          ],
          [
            -0.35413363575935364,
            -0.5236170291900635,
            0.7748733758926392,
            1.2727651596069336
          ],
          [
            0.0,
            0.0,
            0.0,
            1.0
          ]
        ]
      },
      "bone_length_armature_space": 0.10413100866610957,
      "parent": "lowerarm_l",
      "has_children": true,
      "is_end_bone": false
    },
    "pinky_01_l": {
      "name": "pinky_01_l",
      "local": {
        "location": {
          "x": 0.0,
          "y": 0.0,
          "z": 0.0
        },
        "rotation_quaternion": {
          "w": 0.9917474389076233,
          "x": -0.12585297226905823,
          "y": 0.02350977063179016,
          "z": 0.006737435236573219
        },
        "scale": {
          "x": 1.0,
          "y": 1.0,
          "z": 1.0
        },
        "matrix_basis": [
          [
            0.9988037943840027,
            -0.019281217828392982,
            0.04493565857410431,
            0.0
          ],
          [
            0.007446119096130133,
            0.9682312607765198,
            0.2499455213546753,
            0.0
          ],
          [
            -0.048327360302209854,
            -0.24931193888187408,
            0.9672166109085083,
            0.0
          ],
          [
            0.0,
            0.0,
            0.0,
            1.0
          ]
        ],
        "rotation_mode": "QUATERNION"
      },
      "armature_space": {
        "head": {
          "x": 0.512485146522522,
          "y": -0.486723393201828,
          "z": 0.26838645339012146
        },
