{
  "metadata": {
    "armature_name": "KIM_caucasian_male",
    "export_time": "2026-01-13T20:55:00.418472",
    "blender_version": "4.4.1",
    "bone_count": 56,
    "end_bone_count": 13,
    "spaces_included": [
      "LOCAL_CHANNELS",
      "ARMATURE_SPACE",
      "WORLD_SPACE"
    ],
    "note": "LOCAL matches Transform panel; replay pose via local.matrix_basis for best fidelity."
  },
  "bones": {
    "Root": {
      "name": "Root",
      "local": {
        "location": {
          "x": 0.0,
          "y": 0.0,
          "z": 0.0
        },
        "rotation_quaternion": {
          "w": 0.9998013973236084,
          "x": 0.0026060189120471478,
          "y": -0.017942842096090317,
          "z": 0.008275279775261879
        },
        "scale": {
          "x": 1.0,
          "y": 1.0,
          "z": 1.0
        },
        "matrix_basis": [
          [
            0.9992191195487976,
            -0.016640791669487953,
            -0.035835426300764084,
            0.0
          ],
          [
            0.016453754156827927,
            0.9998494386672974,
            -0.005507966969162226,
            0.0
          ],
          [
            0.03592168912291527,
            0.004914038814604282,
            0.9993425011634827,
            0.0
          ],
          [
            0.0,
            0.0,
            0.0,
            1.0
          ]
        ],
        "rotation_mode": "QUATERNION"
      },
      "armature_space": {
        "head": {
          "x": 0.0,
          "y": 0.07072800397872925,
          "z": -0.009595036506652832
        },
        "tail": {
          "x": -0.0011877509532496333,
          "y": -3.6500394344329834e-05,
          "z": -0.0003490075469017029
        }
      },
      "world_space": {
        "head": {
          "x": 0.0,
          "y": 0.13397200405597687,
          "z": 0.9402589797973633
        },
        "tail": {
          "x": -0.0011877509532496333,
          "y": 0.06320749968290329,
          "z": 0.9495050311088562
        },
        "rotation_quaternion": {
          "w": 0.0647541806101799,
          "x": 0.9977056384086609,
          "y": -0.009465251117944717,
          "z": -0.01734459400177002
        },
        "matrix": [
          [
            0.9992191195487976,
            -0.016640791669487953,
            -0.035835426300764084,
            0.0
          ],
          [
            -0.02113334648311138,
            -0.9914345741271973,
            -0.12888333201408386,
            0.13397200405597687
          ],
          [
            -0.033384013921022415,
            0.12953998148441315,
            -0.991019070148468,
            0.9402589797973633
          ],
          [
            0.0,
            0.0,
            0.0,
            1.0
          ]
        ]
      },
      "bone_length_armature_space": 0.07137586884092223,
      "parent": null,
      "has_children": true,
      "is_end_bone": false
    },
    "spine_01": {
      "name": "spine_01",
      "local": {
        "location": {
          "x": 0.0,
          "y": 0.0,
          "z": 0.0
        },
        "rotation_quaternion": {
          "w": 0.9982380867004395,
          "x": -0.02101513184607029,
          "y": 0.04756258800625801,
          "z": -0.028583252802491188
        },
        "scale": {
          "x": 1.0,
          "y": 1.0,
          "z": 1.0
        },
        "matrix_basis": [
          [
            0.9938415884971619,
            0.05506671592593193,
            0.0961589366197586,
            0.0
          ],
          [
            -0.059064850211143494,
            0.9974827170372009,
            0.03923722356557846,
            0.0
          ],
          [
            -0.09375621378421783,
            -0.04467519745230675,
            0.9945923089981079,
            0.0
          ],
          [
            0.0,
            0.0,
            0.0,
            1.0
          ]
        ],
        "rotation_mode": "QUATERNION"
      },
      "armature_space": {
        "head": {
          "x": -0.0011877509532496333,
          "y": -3.6500394344329834e-05,
          "z": -0.0003490075469017029
        },
        "tail": {
          "x": 0.04275751858949661,
          "y": 0.041213374584913254,
          "z": 0.48391929268836975
        }
      },
      "world_space": {
        "head": {
          "x": -0.0011877509532496333,
          "y": 0.06320749968290329,
          "z": 0.9495050311088562
        },
        "tail": {
          "x": 0.04275751858949661,
          "y": 0.10445737838745117,
          "z": 1.4337732791900635
        },
        "rotation_quaternion": {
          "w": 0.7340000867843628,
          "x": 0.6765283346176147,
          "y": 0.05922633782029152,
          "z": -0.006754070054739714
        },
        "matrix": [
          [
            0.9928932785987854,
            0.0900515541434288,
            0.0778050422668457,
            -0.0011877509532496333
          ],
          [
            0.07022097706794739,
            0.08452822268009186,
            -0.9939436316490173,
            0.06320749968290329
          ],
          [
            -0.09608349949121475,
            0.9923505783081055,
            0.07760362327098846,
            0.9495050311088562
          ],
          [
            0.0,
            0.0,
            0.0,
            1.0
          ]
        ]
      },
      "bone_length_armature_space": 0.4880046514048266,
      "parent": "Root",
      "has_children": true,
      "is_end_bone": false
    },
    "neck_01": {
      "name": "neck_01",
      "local": {
        "location": {
          "x": 0.0,
          "y": 0.0,
          "z": 0.0
        },
        "rotation_quaternion": {
          "w": 0.9941678047180176,
          "x": -0.07710062712430954,
          "y": 0.04291669279336929,
          "z": -0.0620010644197464
        },
        "scale": {
          "x": 1.0,
          "y": 1.0,
          "z": 1.0
        },
        "matrix_basis": [
          [
            0.9886280298233032,
            0.11666111648082733,
            0.0948934331536293,
            0.0
          ],
          [
            -0.12989673018455505,
            0.9804227352142334,
            0.14798016846179962,
            0.0
          ],
          [
            -0.07577214390039444,
            -0.15862368047237396,
            0.984427273273468,
            0.0
          ],
          [
            0.0,
            0.0,
            0.0,
            1.0
          ]
        ],
        "rotation_mode": "QUATERNION"
      },
      "armature_space": {
        "head": {
          "x": 0.052049264311790466,
          "y": 0.012932002544403076,
          "z": 0.5592690110206604
        },
        "tail": {
          "x": 0.07468322664499283,
          "y": -0.0008667092770338058,
          "z": 0.6583046913146973
        }
      },
      "world_space": {
        "head": {
          "x": 0.052049264311790466,
          "y": 0.0761760026216507,
          "z": 1.5091230869293213
        },
        "tail": {
          "x": 0.07468322664499283,
          "y": 0.062377288937568665,
          "z": 1.6081587076187134
        },
        "rotation_quaternion": {
          "w": 0.6442875862121582,
          "x": 0.7530149817466736,
          "y": 0.1326519250869751,
          "z": -0.016293378546833992
        },
        "matrix": [
          [
            0.9642757177352905,
            0.22077320516109467,
            0.14639493823051453,
            0.052049264311790466
          ],
          [
            0.17878377437591553,
            -0.13459356129169464,
            -0.9746389389038086,
            0.0761760026216507
          ],
          [
            -0.19547154009342194,
            0.9660003781318665,
            -0.16925804316997528,
            1.5091230869293213
          ],
          [
            0.0,
            0.0,
            0.0,
            1.0
          ]
        ]
      },
      "bone_length_armature_space": 0.10252203189677452,
      "parent": "spine_01",
      "has_children": true,
      "is_end_bone": false
    },
    "head": {
      "name": "head",
      "local": {
        "location": {
          "x": 0.0,
          "y": 0.0,
          "z": 0.0
        },
        "rotation_quaternion": {
          "w": 0.9857717156410217,
          "x": 0.07878678292036057,
          "y": 0.04304986819624901,
          "z": 0.1421041488647461
        },
        "scale": {
          "x": 1.0,
          "y": 1.0,
          "z": 1.0
        },
        "matrix_basis": [
          [
            0.9559062123298645,
            -0.27338099479675293,
            0.10726654529571533,
            0.0
          ],
          [
            0.286948025226593,
            0.9471980929374695,
            -0.1430964320898056,
            0.0
          ],
          [
            -0.06248282641172409,
            0.1675666868686676,
            0.9838787317276001,
            0.0
          ],
          [
            0.0,
            0.0,
            0.0,
            1.0
          ]
        ],
        "rotation_mode": "QUATERNION"
      },
      "armature_space": {
        "head": {
          "x": 0.07468323409557343,
          "y": -0.0008668508380651474,
          "z": 0.6583045721054077
        },
        "tail": {
          "x": 0.0616883784532547,
          "y": 8.166744373738766e-05,
          "z": 0.8128476142883301
        }
      },
      "world_space": {
        "head": {
          "x": 0.07468323409557343,
          "y": 0.06237714737653732,
          "z": 1.6081585884094238
        },
        "tail": {
          "x": 0.0616883784532547,
          "y": 0.0633256658911705,
          "z": 1.7627016305923462
        },
        "rotation_quaternion": {
          "w": 0.7052214741706848,
          "x": 0.6921581625938416,
          "y": 0.07563353329896927,
          "z": 0.13363873958587646
        },
        "matrix": [
          [
            0.952840268611908,
            -0.08378899842500687,
            0.29167574644088745,
            0.07468323409557343
          ],
          [
            0.29319125413894653,
            0.006115913391113281,
            -0.9560343027114868,
            0.06237714737653732
          ],
          [
            0.07832218706607819,
            0.9964718222618103,
            0.030393049120903015,
            1.6081585884094238
          ],
          [
            0.0,
            0.0,
            0.0,
            1.0
          ]
        ]
      },
      "bone_length_armature_space": 0.15509131929381093,
      "parent": "neck_01",
      "has_children": false,
      "is_end_bone": true
    },
    "upperarm_l": {
      "name": "upperarm_l",
      "local": {
        "location": {
          "x": 0.0,
          "y": 0.0,
          "z": 0.0
        },
        "rotation_quaternion": {
          "w": 0.9746303558349609,
          "x": 0.04150593653321266,
          "y": 0.1872096210718155,
          "z": -0.11543698608875275
        },
        "scale": {
          "x": 1.0,
          "y": 1.0,
          "z": 1.0
        },
        "matrix_basis": [
          [
            0.9032537341117859,
            0.24055740237236023,
            0.3553377091884613,
            0.0
          ],
          [
            -0.20947615802288055,
            0.9699031114578247,
            -0.12412772327661514,
            0.0
          ],
          [
            -0.3745029866695404,
            0.037684064358472824,
            0.9264596104621887,
            0.0
          ],
          [
            0.0,
            0.0,
            0.0,
            1.0
          ]
        ],
        "rotation_mode": "QUATERNION"
      },
      "armature_space": {
        "head": {
          "x": 0.19517922401428223,
          "y": 0.014614380896091461,
          "z": 0.4784103333950043
        },
        "tail": {
          "x": 0.4454353451728821,
          "y": 0.028441475704312325,
          "z": 0.383603036403656
        }
      },
      "world_space": {
        "head": {
          "x": 0.19517922401428223,
          "y": 0.07785838097333908,
          "z": 1.4282643795013428
        },
        "tail": {
          "x": 0.4454353451728821,
          "y": 0.0916854739189148,
          "z": 1.3334569931030273
        },
        "rotation_quaternion": {
          "w": 0.3189973533153534,
          "x": 0.47097644209861755,
          "y": 0.6511843204498291,
          "z": -0.5023753046989441
        },
        "matrix": [
          [
            -0.3528425097465515,
            0.9338980317115784,
            -0.05776304751634598,
            0.19517922401428223
          ],
          [
            0.2928740382194519,
            0.05159952491521835,
            -0.9547576904296875,
            0.07785838097333908
          ],
          [
            -0.8886718153953552,
            -0.35379889607429504,
            -0.29172396659851074,
            1.4282643795013428
          ],
          [
            0.0,
            0.0,
            0.0,
            1.0
          ]
        ]
      },
      "bone_length_armature_space": 0.2679696614466551,
      "parent": "spine_01",
      "has_children": true,
      "is_end_bone": false
    },
    "lowerarm_l": {
      "name": "lowerarm_l",
      "local": {
        "location": {
          "x": 0.0,
          "y": 0.0,
          "z": 0.0
        },
        "rotation_quaternion": {
          "w": 0.9610521793365479,
          "x": 0.04293762892484665,
          "y": 0.021166661754250526,
          "z": 0.27218925952911377
        },
        "scale": {
          "x": 1.0,
          "y": 1.0,
          "z": 1.0
        },
        "matrix_basis": [
          [
            0.8509299755096436,
            -0.5213584899902344,
            0.06405885517597198,
            0.0
          ],
          [
            0.5249938368797302,
            0.8481387495994568,
            -0.07100792974233627,
            0.0
          ],
          [
            -0.017310209572315216,
            0.09405328333377838,
            0.9954166412353516,
            0.0
          ],
          [
            0.0,
            0.0,
            0.0,
            1.0
          ]
        ],
        "rotation_mode": "QUATERNION"
      },
      "armature_space": {
        "head": {
          "x": 0.44543546438217163,
          "y": 0.028441395610570908,
          "z": 0.38360312581062317
        },
        "tail": {
          "x": 0.6991556882858276,
          "y": -0.03606695309281349,
          "z": 0.4386855363845825
        }
      },
      "world_space": {
        "head": {
          "x": 0.44543546438217163,
          "y": 0.09168539941310883,
          "z": 1.333457112312317
        },
        "tail": {
          "x": 0.6991556882858276,
          "y": 0.027177046984434128,
          "z": 1.3885395526885986
        },
        "rotation_quaternion": {
          "w": 0.45752397179603577,
          "x": 0.6395835280418396,
          "y": 0.41243958473205566,
          "z": -0.45988965034484863
        },
        "matrix": [
          [
            0.23678968846797943,
            0.94840008020401,
            -0.21087324619293213,
            0.44543546438217163
          ],
          [
            0.10675886273384094,
            -0.24113065004348755,
            -0.9646027684211731,
            0.09168539941310883
          ],
          [
            -0.965684175491333,
            0.20589672029018402,
            -0.1583494395017624,
            1.333457112312317
          ],
          [
            0.0,
            0.0,
            0.0,
            1.0
          ]
        ]
      },
      "bone_length_armature_space": 0.2675244928476248,
      "parent": "upperarm_l",
      "has_children": true,
      "is_end_bone": false
    },
    "metacarpal_thumb_l": {
      "name": "metacarpal_thumb_l",
      "local": {
        "location": {
          "x": 0.0,
          "y": 0.0,
          "z": 0.0
        },
        "rotation_quaternion": {
          "w": 0.9997068643569946,
          "x": -0.013790718279778957,
          "y": 0.019806016236543655,
          "z": 0.0019320700084790587
        },
        "scale": {
          "x": 1.0,
          "y": 1.0,
          "z": 1.0
        },
        "matrix_basis": [
          [
            0.9992079734802246,
            -0.004409285727888346,
            0.03954713046550751,
            0.0
          ],
          [
            0.003316728863865137,
            0.9996121525764465,
            0.027649885043501854,
            0.0
          ],
          [
            -0.0396537110209465,
            -0.0274968184530735,
            0.9988350868225098,
            0.0
          ],
          [
            0.0,
            0.0,
            0.0,
            1.0
          ]
        ],
        "rotation_mode": "QUATERNION"
      },
      "armature_space": {
        "head": {
          "x": 0.6991556882858276,
          "y": -0.03606695309281349,
          "z": 0.4386855363845825
        },
        "tail": {
          "x": 0.7319105863571167,
          "y": -0.07300791144371033,
          "z": 0.43467748165130615
        }
      },
      "world_space": {
        "head": {
          "x": 0.6991556882858276,
          "y": 0.027177046984434128,
          "z": 1.3885395526885986
        },
        "tail": {
          "x": 0.7319105863571167,
          "y": -0.009763911366462708,
          "z": 1.3845314979553223
        },
        "rotation_quaternion": {
          "w": 0.07693995535373688,
          "x": -0.9300044775009155,
          "y": -0.34812745451927185,
          "z": -0.08932747691869736
        },
        "matrix": [
          [
            0.7416555285453796,
            0.6612657308578491,
            0.11257930099964142,
            0.6991556882858276
          ],
          [
            0.6337745785713196,
            -0.7457748055458069,
            0.20530346035957336,
            0.027177046984434128
          ],
          [
            0.2197212278842926,
            -0.08091577887535095,
            -0.9722083210945129,
            1.3885395526885986
          ],
          [
            0.0,
            0.0,
            0.0,
            1.0
          ]
        ]
      },
      "bone_length_armature_space": 0.04953364764039874,
      "parent": "lowerarm_l",
      "has_children": true,
      "is_end_bone": false
    },
    "thumb_01_l": {
      "name": "thumb_01_l",
      "local": {
        "location": {
          "x": 0.0,
          "y": 0.0,
          "z": 0.0
        },
        "rotation_quaternion": {
          "w": 0.9970710277557373,
          "x": -0.0729585662484169,
          "y": -0.01966233365237713,
          "z": 0.011824660934507847
        },
        "scale": {
          "x": 1.0,
          "y": 1.0,
          "z": 1.0
        },
        "matrix_basis": [
          [
            0.9989471435546875,
            -0.020710982382297516,
            -0.04093490540981293,
            0.0
          ],
          [
            0.02644912526011467,
            0.9890744686126709,
            0.14502474665641785,
            0.0
          ],
          [
            0.0374840646982193,
            -0.14595474302768707,
            0.9885808825492859,
            0.0
          ],
          [
            0.0,
            0.0,
            0.0,
            1.0
          ]
        ],
        "rotation_mode": "QUATERNION"
      },
      "armature_space": {
        "head": {
          "x": 0.7319105863571167,
          "y": -0.07300791144371033,
          "z": 0.43467748165130615
        },
        "tail": {
          "x": 0.7421198487281799,
          "y": -0.08945596218109131,
          "z": 0.40667980909347534
        }
      },
      "world_space": {
        "head": {
          "x": 0.7319105863571167,
          "y": -0.009763911366462708,
          "z": 1.3845314979553223
        },
        "tail": {
          "x": 0.7421198487281799,
          "y": -0.02621196210384369,
          "z": 1.3565337657928467
        },
        "rotation_quaternion": {
          "w": 0.48939087986946106,
          "x": -0.6991578340530396,
          "y": 0.13743498921394348,
          "z": -0.502778947353363
        },
        "matrix": [
          [
            0.4566516876220703,
            0.2999313771724701,
            0.8375619649887085,
            0.7319105863571167
          ],
          [
            -0.6842867136001587,
            -0.4832179844379425,
            0.5461243391036987,
            -0.009763911366462708
          ],
          [
            0.5685282945632935,
            -0.8225275874137878,
            -0.01542278379201889,
            1.3845314979553223
          ],
          [
            0.0,
            0.0,
            0.0,
            1.0
          ]
        ]
      },
      "bone_length_armature_space": 0.03403875831195193,
      "parent": "metacarpal_thumb_l",
      "has_children": true,
      "is_end_bone": false
    },
    "thumb_02_l": {
      "name": "thumb_02_l",
      "local": {
        "location": {
          "x": 0.0,
          "y": 0.0,
          "z": 0.0
        },
        "rotation_quaternion": {
          "w": 0.9977550506591797,
          "x": 0.06666909903287888,
          "y": -0.002831404097378254,
          "z": -0.00566066475585103
        },
        "scale": {
          "x": 1.0,
          "y": 1.0,
          "z": 1.0
        },
        "matrix_basis": [
          [
            0.9999198913574219,
            0.01091837976127863,
            -0.006404878105968237,
            0.0
          ],
          [
            -0.01167344767600298,
            0.9910463690757751,
            -0.13300681114196777,
            0.0
          ],
          [
            0.004895312711596489,
            0.1330709159374237,
            0.9910944104194641,
            0.0
          ],
          [
            0.0,
            0.0,
            0.0,
            1.0
          ]
        ],
        "rotation_mode": "QUATERNION"
      },
      "armature_space": {
        "head": {
          "x": 0.7421197295188904,
          "y": -0.08945595473051071,
          "z": 0.40667980909347534
        },
        "tail": {
          "x": 0.780538022518158,
          "y": -0.10085359960794449,
          "z": 0.4093831181526184
        }
      },
      "world_space": {
        "head": {
          "x": 0.7421197295188904,
          "y": -0.026211954653263092,
          "z": 1.3565337657928467
        },
        "tail": {
          "x": 0.780538022518158,
          "y": -0.03760959953069687,
          "z": 1.3592371940612793
        },
        "rotation_quaternion": {
          "w": 0.5691842436790466,
          "x": -0.1932797133922577,
          "y": -0.18477308750152588,
          "z": -0.7775160670280457
        },
        "matrix": [
          [
            -0.2773439288139343,
            0.9565255641937256,
            0.09021424502134323,
            0.7421197295188904
          ],
          [
            -0.8136739730834961,
            -0.283774733543396,
            0.5073522925376892,
            -0.026211954653263092
          ],
          [
            0.5108989477157593,
            0.06730633229017258,
            0.8570098280906677,
            1.3565337657928467
          ],
          [
            0.0,
            0.0,
            0.0,
            1.0
          ]
        ]
      },
      "bone_length_armature_space": 0.04016440526177969,
      "parent": "thumb_01_l",
      "has_children": true,
      "is_end_bone": false
    },
    "thumb_03_l": {
      "name": "thumb_03_l",
      "local": {
        "location": {
          "x": 0.0,
          "y": 0.0,
          "z": 0.0
        },
        "rotation_quaternion": {
          "w": 0.9977589845657349,
          "x": 0.06659819930791855,
          "y": -0.005251248832792044,
          "z": -0.0037817973643541336
        },
        "scale": {
          "x": 1.0,
          "y": 1.0,
          "z": 1.0
        },
        "matrix_basis": [
          [
            0.9999162554740906,
            0.006847197189927101,
            -0.010982682928442955,
            0.0
          ],
          [
            -0.00824609212577343,
            0.9911007285118103,
            -0.13285818696022034,
            0.0
          ],
          [
            0.009975239634513855,
            0.13293762505054474,
            0.9910742044448853,
            0.0
          ],
          [
            0.0,
            0.0,
            0.0,
            1.0
          ]
        ],
        "rotation_mode": "QUATERNION"
      },
      "armature_space": {
        "head": {
          "x": 0.7805379629135132,
          "y": -0.10085365921258926,
          "z": 0.409383088350296
        },
        "tail": {
          "x": 0.8091604709625244,
          "y": -0.10028418153524399,
          "z": 0.4197426438331604
        }
      },
      "world_space": {
        "head": {
          "x": 0.7805379629135132,
          "y": -0.037609659135341644,
          "z": 1.3592370748519897
        },
        "tail": {
          "x": 0.8091604709625244,
          "y": -0.03704018145799637,
          "z": 1.3695967197418213
        },
        "rotation_quaternion": {
          "w": 0.686255156993866,
          "x": 0.04836282134056091,
          "y": -0.19597460329532623,
          "z": -0.6987909078598022
        },
        "matrix": [
          [
            -0.053428590297698975,
            0.940141499042511,
            -0.33656907081604004,
            0.7805379629135132
          ],
          [
            -0.978053867816925,
            0.018705254420638084,
            0.20751012861728668,
            -0.037609659135341644
          ],
          [
            0.20138508081436157,
            0.3402721881866455,
            0.9185166358947754,
            1.3592370748519897
          ],
          [
            0.0,
            0.0,
            0.0,
            1.0
          ]
        ]
      },
      "bone_length_armature_space": 0.030444912003196777,
      "parent": "thumb_02_l",
      "has_children": false,
      "is_end_bone": true
    },
    "metacarpal_index_l": {
      "name": "metacarpal_index_l",
      "local": {
        "location": {
          "x": 0.0,
          "y": 0.0,
          "z": 0.0
        },
        "rotation_quaternion": {
          "w": 0.9996552467346191,
          "x": -0.01623387262225151,
          "y": -0.018392635509371758,
          "z": 0.009355893358588219
        },
        "scale": {
          "x": 1.0,
          "y": 1.0,
          "z": 1.0
        },
        "matrix_basis": [
          [
            0.9991483688354492,
            -0.018108168616890907,
            -0.037076354026794434,
            0.0
          ],
          [
            0.019302502274513245,
            0.9992978572845459,
            0.03211239352822304,
            0.0
          ],
          [
            0.03646882623434067,
            -0.03280071169137955,
            0.9987963438034058,
            0.0
          ],
          [
            0.0,
            0.0,
            0.0,
            1.0
          ]
        ],
        "rotation_mode": "QUATERNION"
      },
      "armature_space": {
        "head": {
          "x": 0.6991556882858276,
          "y": -0.03606695309281349,
          "z": 0.4386855363845825
        },
        "tail": {
          "x": 0.7980359196662903,
          "y": -0.09688539803028107,
          "z": 0.4545925259590149
        }
      },
      "world_space": {
        "head": {
          "x": 0.6991556882858276,
          "y": 0.027177046984434128,
          "z": 1.3885395526885986
        },
        "tail": {
          "x": 0.7980359196662903,
          "y": -0.03364139795303345,
          "z": 1.4044466018676758
        },
        "rotation_quaternion": {
          "w": 0.1652134656906128,
          "x": 0.856776773929596,
          "y": 0.4617111086845398,
          "z": -0.15956516563892365
        },
        "matrix": [
          [
            0.5227233171463013,
            0.843891441822052,
            -0.12086039036512375,
            0.6991556882858276
          ],
          [
            0.7384421229362488,
            -0.5190539360046387,
            -0.43044885993003845,
            0.027177046984434128
          ],
          [
            -0.42598751187324524,
            0.13575780391693115,
            -0.8944934010505676,
            1.3885395526885986
          ],
          [
            0.0,
            0.0,
            0.0,
            1.0
          ]
        ]
      },
      "bone_length_armature_space": 0.11717173599470063,
      "parent": "lowerarm_l",
      "has_children": true,
      "is_end_bone": false
    },
    "index_01_l": {
      "name": "index_01_l",
      "local": {
        "location": {
          "x": 0.0,
          "y": 0.0,
          "z": 0.0
        },
        "rotation_quaternion": {
          "w": 0.9943243265151978,
          "x": -0.1037190854549408,
          "y": -0.022236058488488197,
          "z": -0.008202667348086834
        },
        "scale": {
          "x": 1.0,
          "y": 1.0,
          "z": 1.0
        },
        "matrix_basis": [
          [
            0.9988765716552734,
            0.020924830809235573,
            -0.04251816123723984,
            0.0
          ],
          [
            -0.011699615977704525,
            0.9783501625061035,
            0.20662561058998108,
            0.0
          ],
          [
            0.04592125490307808,
            -0.2058960348367691,
            0.9774957895278931,
            0.0
          ],
          [
            0.0,
            0.0,
            0.0,
            1.0
          ]
        ],
        "rotation_mode": "QUATERNION"
      },
      "armature_space": {
        "head": {
          "x": 0.7980359196662903,
          "y": -0.09688539803028107,
          "z": 0.4545925259590149
        },
        "tail": {
          "x": 0.8254313468933105,
          "y": -0.0985054299235344,
          "z": 0.4623342752456665
        }
      },
      "world_space": {
        "head": {
          "x": 0.7980359196662903,
          "y": -0.03364139795303345,
          "z": 1.4044466018676758
        },
        "tail": {
          "x": 0.8254313468933105,
          "y": -0.035261429846286774,
          "z": 1.4121882915496826
        },
        "rotation_quaternion": {
          "w": 0.27126428484916687,
          "x": 0.7207196354866028,
          "y": 0.6308783888816833,
          "z": -0.09471777081489563
        },
        "matrix": [
          [
            0.1860409528017044,
            0.9607595205307007,
            0.20574194192886353,
            0.7980359196662903
          ],
          [
            0.8579865097999573,
            -0.05681455880403519,
            -0.5105207562446594,
            -0.03364139795303345
          ],
          [
            -0.4788011312484741,
            0.2715035080909729,
            -0.8348947763442993,
            1.4044466018676758
          ],
          [
            0.0,
            0.0,
            0.0,
            1.0
          ]
        ]
      },
      "bone_length_armature_space": 0.02851435823537674,
      "parent": "metacarpal_index_l",
      "has_children": true,
      "is_end_bone": false
    },
    "index_02_l": {
      "name": "index_02_l",
      "local": {
        "location": {
          "x": 0.0,
          "y": 0.0,
          "z": 0.0
        },
        "rotation_quaternion": {
          "w": 0.9981708526611328,
          "x": 0.05957964062690735,
          "y": 0.005444285459816456,
          "z": -0.008702553808689117
        },
        "scale": {
          "x": 1.0,
          "y": 1.0,
          "z": 1.0
        },
        "matrix_basis": [
          [
            0.9997892379760742,
            0.01802200824022293,
            0.009831664152443409,
            0.0
          ],
          [
            -0.016724534332752228,
            0.992749035358429,
            -0.11903607845306396,
            0.0
          ],
          [
            -0.011905644088983536,
            0.11884656548500061,
            0.9928412437438965,
            0.0
          ],
          [
            0.0,
            0.0,
            0.0,
            1.0
          ]
        ],
        "rotation_mode": "QUATERNION"
      },
      "armature_space": {
        "head": {
          "x": 0.825431764125824,
          "y": -0.09850581735372543,
          "z": 0.46233421564102173
        },
        "tail": {
          "x": 0.8506144285202026,
          "y": -0.10016963630914688,
          "z": 0.46693354845046997
        }
      },
      "world_space": {
        "head": {
          "x": 0.825431764125824,
          "y": -0.035261817276477814,
          "z": 1.4121882915496826
        },
        "tail": {
          "x": 0.8506144285202026,
          "y": -0.03692563623189926,
          "z": 1.4167876243591309
        },
        "rotation_quaternion": {
          "w": 0.256247341632843,
          "x": 0.7146245837211609,
          "y": 0.6339616775512695,
          "z": -0.1474505066871643
        },
        "matrix": [
          [
            0.15270106494426727,
            0.9816564321517944,
            0.11416102945804596,
            0.825431764125824
          ],
          [
            0.8305220007896423,
            -0.0648578554391861,
            -0.5531967282295227,
            -0.035261817276477814
          ],
          [
            -0.535647988319397,
            0.17928820848464966,
            -0.8251975178718567,
            1.4121882915496826
          ],
          [
            0.0,
            0.0,
            0.0,
            1.0
          ]
        ]
      },
      "bone_length_armature_space": 0.0256532403989507,
      "parent": "index_01_l",
      "has_children": true,
      "is_end_bone": false
    },
    "index_03_l": {
      "name": "index_03_l",
      "local": {
        "location": {
          "x": 0.0,
          "y": 0.0,
          "z": 0.0
        },
        "rotation_quaternion": {
          "w": 0.9987550377845764,
          "x": 0.04888570308685303,
          "y": -0.007538573816418648,
          "z": 0.006471006199717522
        },
        "scale": {
          "x": 1.0,
          "y": 1.0,
          "z": 1.0
        },
        "matrix_basis": [
          [
            0.9998025894165039,
            -0.013662956655025482,
            -0.014425697736442089,
            0.0
          ],
          [
            0.012188843451440334,
            0.9951366186141968,
            -0.09774725139141083,
            0.0
          ],
          [
            0.015691056847572327,
            0.09755212068557739,
            0.9951066970825195,
            0.0
          ],
          [
            0.0,
            0.0,
            0.0,
            1.0
          ]
        ],
        "rotation_mode": "QUATERNION"
      },
      "armature_space": {
        "head": {
          "x": 0.8506144285202026,
          "y": -0.10016956925392151,
          "z": 0.4669336676597595
        },
        "tail": {
          "x": 0.8796881437301636,
          "y": -0.10300366580486298,
          "z": 0.4662857949733734
        }
      },
      "world_space": {
        "head": {
          "x": 0.8506144285202026,
          "y": -0.03692556917667389,
          "z": 1.4167876243591309
        },
        "tail": {
          "x": 0.8796881437301636,
          "y": -0.039759665727615356,
          "z": 1.416139841079712
        },
        "rotation_quaternion": {
          "w": 0.16535471379756927,
          "x": 0.7135931849479675,
          "y": 0.6512748003005981,
          "z": -0.19820138812065125
        },
        "matrix": [
          [
            0.0731140598654747,
            0.9950376152992249,
            -0.0674850195646286,
            0.8506144285202026
          ],
          [
            0.8639430999755859,
            -0.09699614346027374,
            -0.49415984749794006,
            -0.03692556917667389
          ],
          [
            -0.49825623631477356,
            -0.02217341959476471,
            -0.8667542934417725,
            1.4167876243591309
          ],
          [
            0.0,
            0.0,
            0.0,
            1.0
          ]
        ]
      },
      "bone_length_armature_space": 0.029218706061760046,
      "parent": "index_02_l",
      "has_children": false,
      "is_end_bone": true
    },
    "metacarpal_pinky_l": {
      "name": "metacarpal_pinky_l",
      "local": {
        "location": {
          "x": 0.0,
          "y": 0.0,
          "z": 0.0
        },
        "rotation_quaternion": {
          "w": 0.9973251223564148,
          "x": -0.07302398979663849,
          "y": -0.0020184761378914118,
          "z": 0.0025044616777449846
        },
        "scale": {
          "x": 1.0,
          "y": 1.0,
          "z": 1.0
        },
        "matrix_basis": [
          [
            0.9999793171882629,
            -0.004700730554759502,
            -0.004391925409436226,
            0.0
          ],
          [
            0.005290319677442312,
            0.9893224239349365,
            0.14564721286296844,
            0.0
          ],
          [
            0.0036603824701160192,
            -0.1456674337387085,
            0.9893268346786499,
            0.0
          ],
          [
            0.0,
            0.0,
            0.0,
            1.0
          ]
        ],
        "rotation_mode": "QUATERNION"
      },
      "armature_space": {
        "head": {
          "x": 0.6991556882858276,
          "y": -0.03606695309281349,
          "z": 0.4386855363845825
        },
        "tail": {
          "x": 0.801928699016571,
          "y": -0.02344890683889389,
          "z": 0.4497174918651581
        }
      },
      "world_space": {
        "head": {
          "x": 0.6991556882858276,
          "y": 0.027177046984434128,
          "z": 1.3885395526885986
        },
        "tail": {
          "x": 0.801928699016571,
          "y": 0.03979509323835373,
          "z": 1.3995715379714966
        },
        "rotation_quaternion": {
          "w": 0.742642343044281,
          "x": 0.15401019155979156,
          "y": 0.09523831307888031,
          "z": -0.6447424292564392
        },
        "matrix": [
          [
            0.15047325193881989,
            0.9869611859321594,
            -0.05713999271392822,
            0.6991556882858276
          ],
          [
            -0.9282912611961365,
            0.12117500603199005,
            -0.3515565097332001,
            0.027177046984434128
          ],
          [
            -0.3400519788265228,
            0.10594335198402405,
            0.9344273805618286,
            1.3885395526885986
          ],
          [
            0.0,
            0.0,
            0.0,
            1.0
          ]
        ]
      },
      "bone_length_armature_space": 0.10413073755808272,
      "parent": "lowerarm_l",
      "has_children": true,
      "is_end_bone": false
    },
    "pinky_01_l": {
      "name": "pinky_01_l",
      "local": {
        "location": {
          "x": 0.0,
          "y": 0.0,
          "z": 0.0
        },
        "rotation_quaternion": {
          "w": 0.9936746954917908,
          "x": -0.11184626817703247,
          "y": -8.832198363961652e-05,
          "z": 0.010058115236461163
        },
        "scale": {
          "x": 1.0,
          "y": 1.0,
          "z": 1.0
        },
        "matrix_basis": [
          [
            0.9997976422309875,
            -0.019969232380390167,
            -0.002425451995804906,
            0.0
          ],
          [
            0.020008746534585953,
            0.9747784733772278,
            0.22227583825588226,
            0.0
          ],
          [
            -0.0020743985660374165,
            -0.2222793847322464,
            0.9749808311462402,
            0.0
          ],
          [
            0.0,
            0.0,
            0.0,
            1.0
          ]
        ],
        "rotation_mode": "QUATERNION"
      },
      "armature_space": {
        "head": {
          "x": 0.801928699016571,
          "y": -0.02344890683889389,
          "z": 0.4497174918651581
        },
