{
  "metadata": {
    "armature_name": "KIM_caucasian_male",
    "export_time": "2026-01-13T21:05:40.173048",
    "blender_version": "4.4.1",
    "bone_count": 56,
    "end_bone_count": 13,
    "spaces_included": [
      "LOCAL_CHANNELS",
      "ARMATURE_SPACE",
      "WORLD_SPACE"
    ],
    "note": "LOCAL matches Transform panel; replay pose via local.matrix_basis for best fidelity."
  },
  "bones": {
    "Root": {
      "name": "Root",
      "local": {
        "location": {
          "x": 0.0,
          "y": 0.0,
          "z": 0.0
        },
        "rotation_quaternion": {
          "w": 0.9999216794967651,
          "x": 0.010644106194376945,
          "y": -0.006088786758482456,
          "z": 0.0024973039980977774
        },
        "scale": {
          "x": 1.0,
          "y": 1.0,
          "z": 1.0
        },
        "matrix_basis": [
          [
            0.9999133944511414,
            -0.005123835988342762,
            -0.012123456224799156,
            0.0
          ],
          [
            0.004864597227424383,
            0.9997609257698059,
            -0.021316956728696823,
            0.0
          ],
          [
            0.012229782529175282,
            0.021256133913993835,
            0.9996992349624634,
            0.0
          ],
          [
            0.0,
            0.0,
            0.0,
            1.0
          ]
        ],
        "rotation_mode": "QUATERNION"
      },
      "armature_space": {
        "head": {
          "x": 0.0,
          "y": 0.07072800397872925,
          "z": -0.009595036506652832
        },
        "tail": {
          "x": -0.00036571823875419796,
          "y": -0.00018703937530517578,
          "z": -0.0015057092532515526
        }
      },
      "world_space": {
        "head": {
          "x": 0.0,
          "y": 0.13397200405597687,
          "z": 0.9402589797973633
        },
        "tail": {
          "x": -0.00036571823875419796,
          "y": 0.06305696070194244,
          "z": 0.9483482837677002
        },
        "rotation_quaternion": {
          "w": 0.056742459535598755,
          "x": 0.998367190361023,
          "y": -0.0029018190689384937,
          "z": -0.005906715989112854
        },
        "matrix": [
          [
            0.9999133944511414,
            -0.005123835988342762,
            -0.012123456224799156,
            0.0
          ],
          [
            -0.006464488338679075,
            -0.9935436844825745,
            -0.11326579749584198,
            0.13397200405597687
          ],
          [
            -0.011464914306998253,
            0.11333420872688293,
            -0.9934977889060974,
            0.9402589797973633
          ],
          [
            0.0,
            0.0,
            0.0,
            1.0
          ]
        ]
      },
      "bone_length_armature_space": 0.07137586772517217,
      "parent": null,
      "has_children": true,
      "is_end_bone": false
    },
    "spine_01": {
      "name": "spine_01",
      "local": {
        "location": {
          "x": 0.0,
          "y": 0.0,
          "z": 0.0
        },
        "rotation_quaternion": {
          "w": 0.9980433583259583,
          "x": -0.033319905400276184,
          "y": -0.02954225055873394,
          "z": 0.043894365429878235
        },
        "scale": {
          "x": 1.0,
          "y": 1.0,
          "z": 1.0
        },
        "matrix_basis": [
          [
            0.9944010972976685,
            -0.08564826846122742,
            -0.0618940070271492,
            0.0
          ],
          [
            0.08958564698696136,
            0.9939261078834534,
            0.06391594558954239,
            0.0
          ],
          [
            0.05604378134012222,
            -0.06910289824008942,
            0.9960340857505798,
            0.0
          ],
          [
            0.0,
            0.0,
            0.0,
            1.0
          ]
        ],
        "rotation_mode": "QUATERNION"
      },
      "armature_space": {
        "head": {
          "x": -0.00036571823875419796,
          "y": -0.00018703937530517578,
          "z": -0.0015057092532515526
        },
        "tail": {
          "x": -0.036311570554971695,
          "y": 0.04612627625465393,
          "z": 0.4829646050930023
        }
      },
      "world_space": {
        "head": {
          "x": -0.00036571823875419796,
          "y": 0.06305696070194244,
          "z": 0.9483482837677002
        },
        "tail": {
          "x": -0.036311570554971695,
          "y": 0.10937027633190155,
          "z": 1.4328186511993408
        },
        "rotation_quaternion": {
          "w": 0.7382262349128723,
          "x": 0.6727015376091003,
          "y": -0.0497378371655941,
          "z": 0.004566294606775045
        },
        "matrix": [
          [
            0.9950106143951416,
            -0.07365934550762177,
            -0.06729156523942947,
            -0.00036571823875419796
          ],
          [
            -0.060175005346536636,
            0.0949040949344635,
            -0.9936660528182983,
            0.06305696070194244
          ],
          [
            0.07957953959703445,
            0.9927645325660706,
            0.08999784290790558,
            0.9483482837677002
          ],
          [
            0.0,
            0.0,
            0.0,
            1.0
          ]
        ]
      },
      "bone_length_armature_space": 0.4880046214663346,
      "parent": "Root",
      "has_children": true,
      "is_end_bone": false
    },
    "neck_01": {
      "name": "neck_01",
      "local": {
        "location": {
          "x": 0.0,
          "y": 0.0,
          "z": 0.0
        },
        "rotation_quaternion": {
          "w": 0.9946674704551697,
          "x": -0.016200901940464973,
          "y": -0.09397600591182709,
          "z": -0.039278049021959305
        },
        "scale": {
          "x": 1.0,
          "y": 1.0,
          "z": 1.0
        },
        "matrix_basis": [
          [
            0.979251503944397,
            0.08118218928575516,
            -0.18567706644535065,
            0.0
          ],
          [
            -0.07509220391511917,
            0.9963895082473755,
            0.03961141034960747,
            0.0
          ],
          [
            0.18822243809700012,
            -0.024846632033586502,
            0.981812059879303,
            0.0
          ],
          [
            0.0,
            0.0,
            0.0,
            1.0
          ]
        ],
        "rotation_mode": "QUATERNION"
      },
      "armature_space": {
        "head": {
          "x": -0.044038496911525726,
          "y": 0.018614232540130615,
          "z": 0.558774471282959
        },
        "tail": {
          "x": -0.045237597078084946,
          "y": -0.00906127505004406,
          "z": 0.6574830412864685
        }
      },
      "world_space": {
        "head": {
          "x": -0.044038496911525726,
          "y": 0.08185823261737823,
          "z": 1.508628487586975
        },
        "tail": {
          "x": -0.045237597078084946,
          "y": 0.05418272316455841,
          "z": 1.6073369979858398
        },
        "rotation_quaternion": {
          "w": 0.5997869968414307,
          "x": 0.792173445224762,
          "y": -0.07267120480537415,
          "z": -0.08623095601797104
        },
        "matrix": [
          [
            0.9745662212371826,
            -0.01169611606746912,
            -0.22379407286643982,
            -0.044038496911525726
          ],
          [
            -0.21857674419879913,
            -0.2699487507343292,
            -0.9377377033233643,
            0.08185823261737823
          ],
          [
            -0.04944557696580887,
            0.9628100991249084,
            -0.2656421363353729,
            1.508628487586975
          ],
          [
            0.0,
            0.0,
            0.0,
            1.0
          ]
        ]
      },
      "bone_length_armature_space": 0.10252196729270564,
      "parent": "spine_01",
      "has_children": true,
      "is_end_bone": false
    },
    "head": {
      "name": "head",
      "local": {
        "location": {
          "x": 0.0,
          "y": 0.0,
          "z": 0.0
        },
        "rotation_quaternion": {
          "w": 0.9950851202011108,
          "x": 0.023390917107462883,
          "y": 0.060072194784879684,
          "z": -0.07516597211360931
        },
        "scale": {
          "x": 1.0,
          "y": 1.0,
          "z": 1.0
        },
        "matrix_basis": [
          [
            0.9814828038215637,
            0.15240336954593658,
            0.11603749543428421,
            0.0
          ],
          [
            -0.1467828005552292,
            0.98760586977005,
            -0.0555826760828495,
            0.0
          ],
          [
            -0.12307029962539673,
            0.03752113878726959,
            0.9916883707046509,
            0.0
          ],
          [
            0.0,
            0.0,
            0.0,
            1.0
          ]
        ],
        "rotation_mode": "QUATERNION"
      },
      "armature_space": {
        "head": {
          "x": -0.04523763060569763,
          "y": -0.009061399847269058,
          "z": 0.657482922077179
        },
        "tail": {
          "x": -0.01284550130367279,
          "y": -0.006554767489433289,
          "z": 0.8091330528259277
        }
      },
      "world_space": {
        "head": {
          "x": -0.04523763060569763,
          "y": 0.05418260022997856,
          "z": 1.6073369979858398
        },
        "tail": {
          "x": -0.01284550130367279,
          "y": 0.05668923258781433,
          "z": 1.7589870691299438
        },
        "rotation_quaternion": {
          "w": 0.7119152545928955,
          "x": 0.6923366785049438,
          "y": 0.03546306863427162,
          "z": -0.1122010126709938
        },
        "matrix": [
          [
            0.9723063707351685,
            0.20885992050170898,
            -0.10486967116594315,
            -0.04523763060569763
          ],
          [
            -0.11065196990966797,
            0.016162414103746414,
            -0.9937278628349304,
            0.05418260022997856
          ],
          [
            -0.20585651695728302,
            0.9778189063072205,
            0.03882501274347305,
            1.6073369979858398
          ],
          [
            0.0,
            0.0,
            0.0,
            1.0
          ]
        ]
      },
      "bone_length_armature_space": 0.1550912512970519,
      "parent": "neck_01",
      "has_children": false,
      "is_end_bone": true
    },
    "upperarm_l": {
      "name": "upperarm_l",
      "local": {
        "location": {
          "x": 0.0,
          "y": 0.0,
          "z": 0.0
        },
        "rotation_quaternion": {
          "w": 0.940562903881073,
          "x": 0.024068865925073624,
          "y": 0.22632457315921783,
          "z": -0.25207027792930603
        },
        "scale": {
          "x": 1.0,
          "y": 1.0,
          "z": 1.0
        },
        "matrix_basis": [
          [
            0.7704755067825317,
            0.4850706458091736,
            0.41361090540885925,
            0.0
          ],
          [
            -0.46328115463256836,
            0.8717625141143799,
            -0.15937596559524536,
            0.0
          ],
          [
            -0.4378790855407715,
            -0.06882283091545105,
            0.896395742893219,
            0.0
          ],
          [
            0.0,
            0.0,
            0.0,
            1.0
          ]
        ],
        "rotation_mode": "QUATERNION"
      },
      "armature_space": {
        "head": {
          "x": 0.10994898527860641,
          "y": 4.07584011554718e-05,
          "z": 0.5042769312858582
        },
        "tail": {
          "x": 0.35046544671058655,
          "y": 0.003931212238967419,
          "z": 0.3861900568008423
        }
      },
      "world_space": {
        "head": {
          "x": 0.10994898527860641,
          "y": 0.06328475475311279,
          "z": 1.4541308879852295
        },
        "tail": {
          "x": 0.35046544671058655,
          "y": 0.06717520952224731,
          "z": 1.3360440731048584
        },
        "rotation_quaternion": {
          "w": 0.24743235111236572,
          "x": 0.48338404297828674,
          "y": 0.6678600311279297,
          "z": -0.5089991092681885
        },
        "matrix": [
          [
            -0.4102325439453125,
            0.8975518345832825,
            -0.16158543527126312,
            0.10994898527860641
          ],
          [
            0.3937823474407196,
            0.01451827585697174,
            -0.919089138507843,
            0.06328475475311279
          ],
          [
            -0.8225895166397095,
            -0.440672904253006,
            -0.3593992590904236,
            1.4541308879852295
          ],
          [
            0.0,
            0.0,
            0.0,
            1.0
          ]
        ]
      },
      "bone_length_armature_space": 0.26796979111520225,
      "parent": "spine_01",
      "has_children": true,
      "is_end_bone": false
    },
    "lowerarm_l": {
      "name": "lowerarm_l",
      "local": {
        "location": {
          "x": 0.0,
          "y": 0.0,
          "z": 0.0
        },
        "rotation_quaternion": {
          "w": 0.9009642004966736,
          "x": 0.4289258122444153,
          "y": -0.0520411841571331,
          "z": -0.03972308710217476
        },
        "scale": {
          "x": 1.0,
          "y": 1.0,
          "z": 1.0
        },
        "matrix_basis": [
          [
            0.9914276003837585,
            0.026934543624520302,
            -0.12785100936889648,
            0.0
          ],
          [
            -0.11622177064418793,
            0.6288894414901733,
            -0.7687591314315796,
            0.0
          ],
          [
            0.05969797447323799,
            0.7770280838012695,
            0.6266286969184875,
            0.0
          ],
          [
            0.0,
            0.0,
            0.0,
            1.0
          ]
        ],
        "rotation_mode": "QUATERNION"
      },
      "armature_space": {
        "head": {
          "x": 0.3504655361175537,
          "y": 0.003931120038032532,
          "z": 0.38619011640548706
        },
        "tail": {
          "x": 0.4545122981071472,
          "y": -0.2136705070734024,
          "z": 0.2704602777957916
        }
      },
      "world_space": {
        "head": {
          "x": 0.3504655361175537,
          "y": 0.06717512011528015,
          "z": 1.3360440731048584
        },
        "tail": {
          "x": 0.4545122981071472,
          "y": -0.15042650699615479,
          "z": 1.2203142642974854
        },
        "rotation_quaternion": {
          "w": 0.05455445125699043,
          "x": 0.49992209672927856,
          "y": 0.30054888129234314,
          "z": -0.810414731502533
        },
        "matrix": [
          [
            -0.4942041337490082,
            0.3889242112636566,
            -0.7774958610534668,
            0.3504655361175537
          ],
          [
            0.2120775282382965,
            -0.8133895993232727,
            -0.5416831970214844,
            0.06717512011528015
          ],
          [
            -0.8430865406990051,
            -0.43259531259536743,
            0.3195001780986786,
            1.3360440731048584
          ],
          [
            0.0,
            0.0,
            0.0,
            1.0
          ]
        ]
      },
      "bone_length_armature_space": 0.2675249419299126,
      "parent": "upperarm_l",
      "has_children": true,
      "is_end_bone": false
    },
    "metacarpal_thumb_l": {
      "name": "metacarpal_thumb_l",
      "local": {
        "location": {
          "x": 0.0,
          "y": 0.0,
          "z": 0.0
        },
        "rotation_quaternion": {
          "w": 0.9986826777458191,
          "x": -0.0488264299929142,
          "y": -0.004789616912603378,
          "z": 0.015031510964035988
        },
        "scale": {
          "x": 1.0,
          "y": 1.0,
          "z": 1.0
        },
        "matrix_basis": [
          [
            0.9995022416114807,
            -0.029555698856711388,
            -0.011034484952688217,
            0.0
          ],
          [
            0.030491139739751816,
            0.9947800636291504,
            0.09738022834062576,
            0.0
          ],
          [
            0.008098744787275791,
            -0.09766820818185806,
            0.9951860904693604,
            0.0
          ],
          [
            0.0,
            0.0,
            0.0,
            1.0
          ]
        ],
        "rotation_mode": "QUATERNION"
      },
      "armature_space": {
        "head": {
          "x": 0.4545122981071472,
          "y": -0.2136705070734024,
          "z": 0.2704602777957916
        },
        "tail": {
          "x": 0.44394534826278687,
          "y": -0.26088911294937134,
          "z": 0.2598617374897003
        }
      },
      "world_space": {
        "head": {
          "x": 0.4545122981071472,
          "y": -0.15042650699615479,
          "z": 1.2203142642974854
        },
        "tail": {
          "x": 0.44394534826278687,
          "y": -0.19764511287212372,
          "z": 1.209715723991394
        },
        "rotation_quaternion": {
          "w": 0.13596820831298828,
          "x": -0.9413654804229736,
          "y": 0.0698656439781189,
          "z": 0.30076995491981506
        },
        "matrix": [
          [
            0.8093124628067017,
            -0.21332833170890808,
            -0.5472695827484131,
            0.4545122981071472
          ],
          [
            -0.04974828660488129,
            -0.953262984752655,
            0.29801806807518005,
            -0.15042650699615479
          ],
          [
            -0.5852718353271484,
            -0.21396633982658386,
            -0.7821056246757507,
            1.2203142642974854
          ],
          [
            0.0,
            0.0,
            0.0,
            1.0
          ]
        ]
      },
      "bone_length_armature_space": 0.04953368763096586,
      "parent": "lowerarm_l",
      "has_children": true,
      "is_end_bone": false
    },
    "thumb_01_l": {
      "name": "thumb_01_l",
      "local": {
        "location": {
          "x": 0.0,
          "y": 0.0,
          "z": 0.0
        },
        "rotation_quaternion": {
          "w": 0.9644109010696411,
          "x": 0.26372361183166504,
          "y": -0.016479700803756714,
          "z": -0.009480200707912445
        },
        "scale": {
          "x": 1.0,
          "y": 1.0,
          "z": 1.0
        },
        "matrix_basis": [
          [
            0.9992771148681641,
            0.009593445807695389,
            -0.03678671270608902,
            0.0
          ],
          [
            -0.026977790519595146,
            0.8607199788093567,
            -0.5083633661270142,
            0.0
          ],
          [
            0.02678610011935234,
            0.5089883208274841,
            0.8603565692901611,
            0.0
          ],
          [
            0.0,
            0.0,
            0.0,
            1.0
          ]
        ],
        "rotation_mode": "QUATERNION"
      },
      "armature_space": {
        "head": {
          "x": 0.44394534826278687,
          "y": -0.26088911294937134,
          "z": 0.2598617374897003
        },
        "tail": {
          "x": 0.4379068613052368,
          "y": -0.27475693821907043,
          "z": 0.2293681502342224
        }
      },
      "world_space": {
        "head": {
          "x": 0.44394534826278687,
          "y": -0.19764511287212372,
          "z": 1.209715723991394
        },
        "tail": {
          "x": 0.4379068613052368,
          "y": -0.21151293814182281,
          "z": 1.1792221069335938
        },
        "rotation_quaternion": {
          "w": 0.37886011600494385,
          "x": -0.6897508502006531,
          "y": 0.3908420503139496,
          "z": -0.47744259238243103
        },
        "matrix": [
          [
            0.23858222365379333,
            -0.17740097641944885,
            0.9547812938690186,
            0.44394534826278687
          ],
          [
            -0.9009352326393127,
            -0.40741485357284546,
            0.149428129196167,
            -0.19764511287212372
          ],
          [
            0.3624850809574127,
            -0.8958537578582764,
            -0.25703051686286926,
            1.209715723991394
          ],
          [
            0.0,
            0.0,
            0.0,
            1.0
          ]
        ]
      },
      "bone_length_armature_space": 0.03403878364191987,
      "parent": "metacarpal_thumb_l",
      "has_children": true,
      "is_end_bone": false
    },
    "thumb_02_l": {
      "name": "thumb_02_l",
      "local": {
        "location": {
          "x": 0.0,
          "y": 0.0,
          "z": 0.0
        },
        "rotation_quaternion": {
          "w": 0.9077310562133789,
          "x": 0.4194198250770569,
          "y": -0.010399281047284603,
          "z": 0.0017886748537421227
        },
        "scale": {
          "x": 1.0,
          "y": 1.0,
          "z": 1.0
        },
        "matrix_basis": [
          [
            0.9997773170471191,
            -0.011970601044595242,
            -0.017379090189933777,
            0.0
          ],
          [
            -0.00547605799511075,
            0.648167610168457,
            -0.7614780068397522,
            0.0
          ],
          [
            0.020379912108182907,
            0.7614036202430725,
            0.6479577422142029,
            0.0
          ],
          [
            0.0,
            0.0,
            0.0,
            1.0
          ]
        ],
        "rotation_mode": "QUATERNION"
      },
      "armature_space": {
        "head": {
          "x": 0.43790683150291443,
          "y": -0.27475690841674805,
          "z": 0.2293681502342224
        },
        "tail": {
          "x": 0.47366955876350403,
          "y": -0.28684747219085693,
          "z": 0.2430804818868637
        }
      },
      "world_space": {
        "head": {
          "x": 0.43790683150291443,
          "y": -0.21151290833950043,
          "z": 1.1792221069335938
        },
        "tail": {
          "x": 0.47366955876350403,
          "y": -0.22360347211360931,
          "z": 1.192934513092041
        },
        "rotation_quaternion": {
          "w": 0.5039668083190918,
          "x": -0.14752104878425598,
          "y": -0.30903613567352295,
          "z": -0.7929386496543884
        },
        "matrix": [
          [
            -0.448509156703949,
            0.8904083967208862,
            -0.0775398313999176,
            0.43790683150291443
          ],
          [
            -0.708051860332489,
            -0.3010265827178955,
            0.6387845277786255,
            -0.21151290833950043
          ],
          [
            0.5454407334327698,
            0.3414049744606018,
            0.7654743790626526,
            1.1792221069335938
          ],
          [
            0.0,
            0.0,
            0.0,
            1.0
          ]
        ]
      },
      "bone_length_armature_space": 0.04016444299848209,
      "parent": "thumb_01_l",
      "has_children": true,
      "is_end_bone": false
    },
    "thumb_03_l": {
      "name": "thumb_03_l",
      "local": {
        "location": {
          "x": 0.0,
          "y": 0.0,
          "z": 0.0
        },
        "rotation_quaternion": {
          "w": 0.99091637134552,
          "x": 0.13427190482616425,
          "y": -0.0037463195621967316,
          "z": 0.006466316059231758
        },
        "scale": {
          "x": 1.0,
          "y": 1.0,
          "z": 1.0
        },
        "matrix_basis": [
          [
            0.9998883008956909,
            -0.013821207918226719,
            -0.005688089411705732,
            0.0
          ],
          [
            0.011809105984866619,
            0.9638584852218628,
            -0.26615291833877563,
            0.0
          ],
          [
            0.009161068126559258,
            0.26605600118637085,
            0.9639140367507935,
            0.0
          ],
          [
            0.0,
            0.0,
            0.0,
            1.0
          ]
        ],
        "rotation_mode": "QUATERNION"
      },
      "armature_space": {
        "head": {
          "x": 0.47366949915885925,
          "y": -0.2868475317955017,
          "z": 0.24308045208454132
        },
        "tail": {
          "x": 0.49668702483177185,
          "y": -0.2834947109222412,
          "z": 0.26272347569465637
        }
      },
      "world_space": {
        "head": {
          "x": 0.47366949915885925,
          "y": -0.2236035317182541,
          "z": 1.192934513092041
        },
        "tail": {
          "x": 0.49668702483177185,
          "y": -0.2202507108449936,
          "z": 1.21257746219635
        },
        "rotation_quaternion": {
          "w": 0.6410076022148132,
          "x": 0.11395660787820816,
          "y": -0.3796996772289276,
          "z": -0.6572300791740417
        },
        "matrix": [
          [
            -0.15224291384220123,
            0.7560395002365112,
            -0.6365739703178406,
            0.47366949915885925
          ],
          [
            -0.9291185140609741,
            0.11012706905603409,
            0.3530026078224182,
            -0.2236035317182541
          ],
          [
            0.3369894325733185,
            0.6451993584632874,
            0.685689389705658,
            1.192934513092041
          ],
          [
            0.0,
            0.0,
            0.0,
            1.0
          ]
        ]
      },
      "bone_length_armature_space": 0.030444970944399533,
      "parent": "thumb_02_l",
      "has_children": false,
      "is_end_bone": true
    },
    "metacarpal_index_l": {
      "name": "metacarpal_index_l",
      "local": {
        "location": {
          "x": 0.0,
          "y": 0.0,
          "z": 0.0
        },
        "rotation_quaternion": {
          "w": 0.9998388290405273,
          "x": -0.0007530422881245613,
          "y": 0.009906839579343796,
          "z": -0.014951762743294239
        },
        "scale": {
          "x": 1.0,
          "y": 1.0,
          "z": 1.0
        },
        "matrix_basis": [
          [
            0.9993566274642944,
            0.02988378517329693,
            0.019833004102110863,
            0.0
          ],
          [
            -0.029913626611232758,
            0.9995517730712891,
            0.0012095924466848373,
            0.0
          ],
          [
            -0.019787967205047607,
            -0.0018020912539213896,
            0.9998025894165039,
            0.0
          ],
          [
            0.0,
            0.0,
            0.0,
            1.0
          ]
        ],
        "rotation_mode": "QUATERNION"
      },
      "armature_space": {
        "head": {
          "x": 0.4545122981071472,
          "y": -0.2136705070734024,
          "z": 0.2704602777957916
        },
        "tail": {
          "x": 0.46872812509536743,
          "y": -0.3210888206958771,
          "z": 0.22586798667907715
        }
      },
      "world_space": {
        "head": {
          "x": 0.4545122981071472,
          "y": -0.15042650699615479,
          "z": 1.2203142642974854
        },
        "tail": {
          "x": 0.46872812509536743,
          "y": -0.25784480571746826,
          "z": 1.1757220029830933
        },
        "rotation_quaternion": {
          "w": 0.13248468935489655,
          "x": -0.8318233489990234,
          "y": -0.15513910353183746,
          "z": 0.5161874294281006
        },
        "matrix": [
          [
            0.41896453499794006,
            0.12132468819618225,
            -0.8998603820800781,
            0.4545122981071472
          ],
          [
            0.3948706388473511,
            -0.9167595505714417,
            0.060244061052799225,
            -0.15042650699615479
          ],
          [
            -0.8176519870758057,
            -0.380572110414505,
            -0.4320003390312195,
            1.2203142642974854
          ],
          [
            0.0,
            0.0,
            0.0,
            1.0
          ]
        ]
      },
      "bone_length_armature_space": 0.11717190719469453,
      "parent": "lowerarm_l",
      "has_children": true,
      "is_end_bone": false
    },
    "index_01_l": {
      "name": "index_01_l",
      "local": {
        "location": {
          "x": 0.0,
          "y": 0.0,
          "z": 0.0
        },
        "rotation_quaternion": {
          "w": 0.9550734758377075,
          "x": 0.2953316271305084,
          "y": -0.019737282767891884,
          "z": 0.014983542263507843
        },
        "scale": {
          "x": 1.0,
          "y": 1.0,
          "z": 1.0
        },
        "matrix_basis": [
          [
            0.9987718462944031,
            -0.040278855711221695,
            -0.02885088324546814,
            0.0
          ],
          [
            0.016962679103016853,
            0.8251094222068787,
            -0.5647182464599609,
            0.0
          ],
          [
            0.04655133932828903,
            0.5635353326797485,
            0.8247793316841125,
            0.0
          ],
          [
            0.0,
            0.0,
            0.0,
            1.0
          ]
        ],
        "rotation_mode": "QUATERNION"
      },
      "armature_space": {
        "head": {
          "x": 0.46872812509536743,
          "y": -0.3210888206958771,
          "z": 0.22586798667907715
        },
        "tail": {
          "x": 0.4634619355201721,
          "y": -0.33938875794410706,
          "z": 0.20464405417442322
        }
      },
      "world_space": {
        "head": {
          "x": 0.46872812509536743,
          "y": -0.25784480571746826,
          "z": 1.1757220029830933
        },
        "tail": {
          "x": 0.4634619355201721,
          "y": -0.27614474296569824,
          "z": 1.1544981002807617
        },
        "rotation_quaternion": {
          "w": 0.3871743381023407,
          "x": -0.7163662314414978,
          "y": -0.17090019583702087,
          "z": 0.5547148585319519
        },
        "matrix": [
          [
            0.32617074251174927,
            -0.18468591570854187,
            -0.9270941019058228,
            0.46872812509536743
          ],
          [
            0.6743961572647095,
            -0.6417797207832336,
            0.3651150166988373,
            -0.25784480571746826
          ],
          [
            -0.6624259352684021,
            -0.7443243265151978,
            -0.08477860689163208,
            1.1757220029830933
          ],
          [
            0.0,
            0.0,
            0.0,
            1.0
          ]
        ]
      },
      "bone_length_armature_space": 0.02851448371406557,
      "parent": "metacarpal_index_l",
      "has_children": true,
      "is_end_bone": false
    },
    "index_02_l": {
      "name": "index_02_l",
      "local": {
        "location": {
          "x": 0.0,
          "y": 0.0,
          "z": 0.0
        },
        "rotation_quaternion": {
          "w": 0.8880484700202942,
          "x": 0.4596080482006073,
          "y": -0.00553434481844306,
          "z": -0.009980609640479088
        },
        "scale": {
          "x": 1.0,
          "y": 1.0,
          "z": 1.0
        },
        "matrix_basis": [
          [
            0.9997395277023315,
            0.012639271095395088,
            -0.019003869965672493,
            0.0
          ],
          [
            -0.022813789546489716,
            0.5773216485977173,
            -0.8161979913711548,
            0.0
          ],
          [
            0.0006551958504132926,
            0.8164189457893372,
            0.5774596333503723,
            0.0
          ],
          [
            0.0,
            0.0,
            0.0,
            1.0
          ]
        ],
        "rotation_mode": "QUATERNION"
      },
      "armature_space": {
        "head": {
          "x": 0.4634614884853363,
          "y": -0.33938905596733093,
          "z": 0.20464389026165009
        },
        "tail": {
          "x": 0.441493958234787,
          "y": -0.34230944514274597,
          "z": 0.1917213499546051
        }
      },
      "world_space": {
        "head": {
          "x": 0.4634614884853363,
          "y": -0.2761450409889221,
          "z": 1.1544978618621826
        },
        "tail": {
          "x": 0.441493958234787,
          "y": -0.27906543016433716,
          "z": 1.1415753364562988
        },
        "rotation_quaternion": {
          "w": 0.6618265509605408,
          "x": -0.44499531388282776,
          "y": 0.07117971777915955,
          "z": 0.59908127784729
        },
        "matrix": [
          [
            0.27206742763519287,
            -0.856324315071106,
            -0.43896201252937317,
            0.4634614884853363
          ],
          [
            0.7296285629272461,
            -0.11384077370166779,
            0.6743017435073853,
            -0.2761450409889221
          ],
          [
            -0.6273965835571289,
            -0.5037384033203125,
            0.5938310027122498,
            1.1544978618621826
          ],
          [
            0.0,
            0.0,
            0.0,
            1.0
          ]
        ]
      },
      "bone_length_armature_space": 0.025653325451526463,
      "parent": "index_01_l",
      "has_children": true,
      "is_end_bone": false
    },
    "index_03_l": {
      "name": "index_03_l",
      "local": {
        "location": {
          "x": 0.0,
          "y": 0.0,
          "z": 0.0
        },
        "rotation_quaternion": {
          "w": 0.928123414516449,
          "x": 0.3722456097602844,
          "y": 0.0028483883943408728,
          "z": 0.003498113714158535
        },
        "scale": {
          "x": 1.0,
          "y": 1.0,
          "z": 1.0
        },
        "matrix_basis": [
          [
            0.9999592900276184,
            -0.004372762516140938,
            0.00789162702858448,
            0.0
          ],
          [
            0.008613962680101395,
            0.7228419184684753,
            -0.6909598112106323,
            0.0
          ],
          [
            -0.002682996913790703,
            0.6909996867179871,
            0.7228502035140991,
            0.0
          ],
          [
            0.0,
            0.0,
            0.0,
            1.0
          ]
        ],
        "rotation_mode": "QUATERNION"
      },
      "armature_space": {
        "head": {
          "x": 0.44149404764175415,
          "y": -0.3423095643520355,
          "z": 0.19172129034996033
        },
        "tail": {
          "x": 0.41640612483024597,
          "y": -0.3274019956588745,
          "z": 0.1931677758693695
        }
      },
      "world_space": {
        "head": {
          "x": 0.44149404764175415,
          "y": -0.2790655493736267,
          "z": 1.1415753364562988
        },
        "tail": {
          "x": 0.41640612483024597,
          "y": -0.2641580104827881,
          "z": 1.143021821975708
        },
        "rotation_quaternion": {
          "w": 0.8143847584724426,
          "x": -0.1456414759159088,
          "y": 0.3031196594238281,
          "z": 0.4729529917240143
        },
        "matrix": [
          [
            0.3688671290874481,
            -0.8586258292198181,
            0.35594722628593445,
            0.44149404764175415
          ],
          [
            0.6820377707481384,
            0.5102067589759827,
            0.5239406824111938,
            -0.2790655493736267
          ],
          [
            -0.6314795017242432,
            0.04950571060180664,
            0.7738196849822998,
            1.1415753364562988
          ],
          [
            0.0,
            0.0,
            0.0,
            1.0
          ]
        ]
      },
      "bone_length_armature_space": 0.029218688872765637,
      "parent": "index_02_l",
      "has_children": false,
      "is_end_bone": true
    },
    "metacarpal_pinky_l": {
      "name": "metacarpal_pinky_l",
      "local": {
        "location": {
          "x": 0.0,
          "y": 0.0,
          "z": 0.0
        },
        "rotation_quaternion": {
          "w": 0.9997515678405762,
          "x": -0.019153958186507225,
          "y": -0.010813182219862938,
          "z": 0.0036219118628650904
        },
        "scale": {
          "x": 1.0,
          "y": 1.0,
          "z": 1.0
        },
        "matrix_basis": [
          [
            0.9997398853302002,
            -0.006827793549746275,
            -0.02175973914563656,
            0.0
          ],
          [
            0.007656254805624485,
            0.9992400407791138,
            0.03822007030248642,
            0.0
          ],
          [
            0.02148224413394928,
            -0.03837672993540764,
            0.9990323781967163,
            0.0
          ],
          [
            0.0,
            0.0,
            0.0,
            1.0
          ]
        ],
        "rotation_mode": "QUATERNION"
      },
      "armature_space": {
        "head": {
          "x": 0.4545122981071472,
          "y": -0.2136705070734024,
          "z": 0.2704602777957916
        },
        "tail": {
          "x": 0.5166370272636414,
          "y": -0.2749432921409607,
          "z": 0.21363219618797302
        }
      },
      "world_space": {
        "head": {
          "x": 0.4545122981071472,
          "y": -0.15042650699615479,
          "z": 1.2203142642974854
        },
        "tail": {
          "x": 0.5166370272636414,
          "y": -0.21169929206371307,
          "z": 1.1634862422943115
        },
        "rotation_quaternion": {
          "w": 0.36281806230545044,
          "x": -0.08635400235652924,
          "y": 0.27230918407440186,
          "z": -0.8869914412498474
        },
        "matrix": [
          [
            -0.7218111157417297,
            0.5966032147407532,
            0.35078901052474976,
            0.4545122981071472
          ],
          [
            -0.6906639933586121,
            -0.5884214639663696,
            -0.4204089641571045,
            -0.15042650699615479
          ],
          [
            -0.044406428933143616,
            -0.5457376837730408,
            0.8367869853973389,
            1.2203142642974854
          ],
          [
            0.0,
            0.0,
            0.0,
            1.0
          ]
        ]
      },
      "bone_length_armature_space": 0.10413100866610957,
      "parent": "lowerarm_l",
      "has_children": true,
      "is_end_bone": false
    },
    "pinky_01_l": {
      "name": "pinky_01_l",
      "local": {
        "location": {
          "x": 0.0,
          "y": 0.0,
          "z": 0.0
        },
        "rotation_quaternion": {
          "w": 0.9456591010093689,
          "x": 0.3248485028743744,
          "y": -0.007169417105615139,
          "z": 0.01228933222591877
        },
        "scale": {
          "x": 1.0,
          "y": 1.0,
          "z": 1.0
        },
        "matrix_basis": [
          [
            0.9995951652526855,
            -0.02790098637342453,
            -0.005575306713581085,
            0.0
          ],
          [
            0.018585089594125748,
            0.7886448502540588,
            -0.6145681142807007,
            0.0
          ],
          [
            0.021543990820646286,
            0.6142156720161438,
            0.788844108581543,
            0.0
          ],
          [
            0.0,
            0.0,
            0.0,
            1.0
          ]
        ],
        "rotation_mode": "QUATERNION"
      },
      "armature_space": {
        "head": {
          "x": 0.5166370272636414,
          "y": -0.2749432921409607,
