{
  "metadata": {
    "armature_name": "KIM_caucasian_male",
    "export_time": "2026-01-13T19:11:37.728834",
    "blender_version": "4.4.1",
    "bone_count": 56,
    "end_bone_count": 13,
    "spaces_included": [
      "LOCAL_CHANNELS",
      "ARMATURE_SPACE",
      "WORLD_SPACE"
    ],
    "note": "LOCAL matches Transform panel; replay pose via local.matrix_basis for best fidelity."
  },
  "bones": {
    "Root": {
      "name": "Root",
      "local": {
        "location": {
          "x": 0.0,
          "y": 0.0,
          "z": 0.0
        },
        "rotation_quaternion": {
          "w": 0.9998732805252075,
          "x": 0.013285121880471706,
          "y": 0.008054452948272228,
          "z": 0.0034906244836747646
        },
        "scale": {
          "x": 1.0,
          "y": 1.0,
          "z": 1.0
        },
        "matrix_basis": [
          [
            0.9998458623886108,
            -0.006766355596482754,
            0.016199611127376556,
            0.0
          ],
          [
            0.007194373290985823,
            0.999622642993927,
            -0.02651064656674862,
            0.0
          ],
          [
            -0.016014117747545242,
            0.026623107492923737,
            0.9995172619819641,
            0.0
          ],
          [
            0.0,
            0.0,
            0.0,
            1.0
          ]
        ],
        "rotation_mode": "QUATERNION"
      },
      "armature_space": {
        "head": {
          "x": 0.0,
          "y": 0.07072800397872925,
          "z": -0.009595036506652832
        },
        "tail": {
          "x": -0.0004829545214306563,
          "y": -0.0002287551760673523,
          "z": -0.001886633224785328
        }
      },
      "world_space": {
        "head": {
          "x": 0.0,
          "y": 0.13397200405597687,
          "z": 0.9402589797973633
        },
        "tail": {
          "x": -0.0004829545214306563,
          "y": 0.06301524490118027,
          "z": 0.9479674100875854
        },
        "rotation_quaternion": {
          "w": 0.05410417169332504,
          "x": 0.9984967708587646,
          "y": -0.0029400833882391453,
          "z": 0.008271311409771442
        },
        "matrix": [
          [
            0.9998458623886108,
            -0.006766355596482754,
            0.016199611127376556,
            0.0
          ],
          [
            -0.004976298660039902,
            -0.9941281676292419,
            -0.10809478163719177,
            0.13397200405597687
          ],
          [
            0.016836009919643402,
            0.10799732804298401,
            -0.994015634059906,
            0.9402589797973633
          ],
          [
            0.0,
            0.0,
            0.0,
            1.0
          ]
        ]
      },
      "bone_length_armature_space": 0.07137586670688098,
      "parent": null,
      "has_children": true,
      "is_end_bone": false
    },
    "spine_01": {
      "name": "spine_01",
      "local": {
        "location": {
          "x": 0.0,
          "y": 0.0,
          "z": 0.0
        },
        "rotation_quaternion": {
          "w": 0.9991917610168457,
          "x": 0.033234357833862305,
          "y": 0.003516348311677575,
          "z": 0.02233874425292015
        },
        "scale": {
          "x": 1.0,
          "y": 1.0,
          "z": 1.0
        },
        "matrix_basis": [
          [
            0.9989772439002991,
            -0.04440765082836151,
            0.008511840365827084,
            0.0
          ],
          [
            0.04487510398030281,
            0.9967929124832153,
            -0.06625789403915405,
            0.0
          ],
          [
            -0.005542184691876173,
            0.06657209247350693,
            0.9977661967277527,
            0.0
          ],
          [
            0.0,
            0.0,
            0.0,
            1.0
          ]
        ],
        "rotation_mode": "QUATERNION"
      },
      "armature_space": {
        "head": {
          "x": -0.0004829545214306563,
          "y": -0.0002287551760673523,
          "z": -0.001886633224785328
        },
        "tail": {
          "x": -0.030462343245744705,
          "y": -0.02276376262307167,
          "z": 0.4846746623516083
        }
      },
      "world_space": {
        "head": {
          "x": -0.0004829545214306563,
          "y": 0.06301524490118027,
          "z": 0.9479674100875854
        },
        "tail": {
          "x": -0.030462343245744705,
          "y": 0.04048023745417595,
          "z": 1.4345287084579468
        },
        "rotation_quaternion": {
          "w": 0.6902759075164795,
          "x": 0.7228901386260986,
          "y": -0.020734582096338272,
          "z": 0.022784622386097908
        },
        "matrix": [
          [
            0.9981018900871277,
            -0.06143302097916603,
            0.004315968602895737,
            -0.0004829545214306563
          ],
          [
            0.00147729879245162,
            -0.0461781769990921,
            -0.9989321231842041,
            0.06301524490118027
          ],
          [
            0.06156715005636215,
            0.9970493316650391,
            -0.04600100219249725,
            0.9479674100875854
          ],
          [
            0.0,
            0.0,
            0.0,
            1.0
          ]
        ]
      },
      "bone_length_armature_space": 0.4880046011892673,
      "parent": "Root",
      "has_children": true,
      "is_end_bone": false
    },
    "neck_01": {
      "name": "neck_01",
      "local": {
        "location": {
          "x": 0.0,
          "y": 0.0,
          "z": 0.0
        },
        "rotation_quaternion": {
          "w": 0.983379602432251,
          "x": -0.14962896704673767,
          "y": -0.028355365619063377,
          "z": 0.0988524779677391
        },
        "scale": {
          "x": 1.0,
          "y": 1.0,
          "z": 1.0
        },
        "matrix_basis": [
          [
            0.9788483381271362,
            -0.185933455824852,
            -0.08535056561231613,
            0.0
          ],
          [
            0.2029045820236206,
            0.9356787204742432,
            0.2886781394481659,
            0.0
          ],
          [
            0.026185788214206696,
            -0.2998901307582855,
            0.9536142945289612,
            0.0
          ],
          [
            0.0,
            0.0,
            0.0,
            1.0
          ]
        ],
        "rotation_mode": "QUATERNION"
      },
      "armature_space": {
        "head": {
          "x": -0.03481069579720497,
          "y": -0.060788266360759735,
          "z": 0.5560817122459412
        },
        "tail": {
          "x": -0.05991831049323082,
          "y": -0.07341739535331726,
          "z": 0.6546761989593506
        }
      },
      "world_space": {
        "head": {
          "x": -0.03481069579720497,
          "y": 0.0024557337164878845,
          "z": 1.5059356689453125
        },
        "tail": {
          "x": -0.05991831049323082,
          "y": -0.010173395276069641,
          "z": 1.6045302152633667
        },
        "rotation_quaternion": {
          "w": 0.6514300107955933,
          "x": 0.747591495513916,
          "y": -0.11851613968610764,
          "z": 0.05196096748113632
        },
        "matrix": [
          [
            0.9665079116821289,
            -0.2449013590812683,
            -0.07672024518251419,
            -0.03481069579720497
          ],
          [
            -0.10950684547424316,
            -0.12318533658981323,
            -0.9863234162330627,
            0.0024557337164878845
          ],
          [
            0.23210260272026062,
            0.9616971015930176,
            -0.14587998390197754,
            1.5059356689453125
          ],
          [
            0.0,
            0.0,
            0.0,
            1.0
          ]
        ]
      },
      "bone_length_armature_space": 0.10252199925070836,
      "parent": "spine_01",
      "has_children": true,
      "is_end_bone": false
    },
    "head": {
      "name": "head",
      "local": {
        "location": {
          "x": 0.0,
          "y": 0.0,
          "z": 0.0
        },
        "rotation_quaternion": {
          "w": 0.9902982711791992,
          "x": -0.03475609049201012,
          "y": 0.0741255059838295,
          "z": 0.11228049546480179
        },
        "scale": {
          "x": 1.0,
          "y": 1.0,
          "z": 1.0
        },
        "matrix_basis": [
          [
            0.9637969732284546,
            -0.22753497958183289,
            0.13900785148143768,
            0.0
          ],
          [
            0.21722973883152008,
            0.9723702073097229,
            0.08548349142074585,
            0.0
          ],
          [
            -0.154617577791214,
            -0.052192095667123795,
            0.9865948557853699,
            0.0
          ],
          [
            0.0,
            0.0,
            0.0,
            1.0
          ]
        ],
        "rotation_mode": "QUATERNION"
      },
      "armature_space": {
        "head": {
          "x": -0.05991830304265022,
          "y": -0.0734175369143486,
          "z": 0.6546761393547058
        },
        "tail": {
          "x": -0.12302808463573456,
          "y": -0.025194156914949417,
          "z": 0.7878861427307129
        }
      },
      "world_space": {
        "head": {
          "x": -0.05991830304265022,
          "y": -0.010173536837100983,
          "z": 1.6045300960540771
        },
        "tail": {
          "x": -0.12302808463573456,
          "y": 0.0380498431622982,
          "z": 1.737740159034729
        },
        "rotation_quaternion": {
          "w": 0.7976590991020203,
          "x": 0.5656391382217407,
          "y": -0.13859423995018005,
          "z": 0.15679265558719635
        },
        "matrix": [
          [
            0.9124155044555664,
            -0.4069230854511261,
            -0.04372403025627136,
            -0.05991830304265022
          ],
          [
            0.09334773570299149,
            0.3109376132488251,
            -0.9458351731300354,
            -0.010173536837100983
          ],
          [
            0.39848044514656067,
            0.8589193224906921,
            0.3216908574104309,
            1.6045300960540771
          ],
          [
            0.0,
            0.0,
            0.0,
            1.0
          ]
        ]
      },
      "bone_length_armature_space": 0.1550910826585688,
      "parent": "neck_01",
      "has_children": false,
      "is_end_bone": true
    },
    "upperarm_l": {
      "name": "upperarm_l",
      "local": {
        "location": {
          "x": 0.0,
          "y": 0.0,
          "z": 0.0
        },
        "rotation_quaternion": {
          "w": 0.8950690627098083,
          "x": -0.28174450993537903,
          "y": 0.08388248085975647,
          "z": -0.335313618183136
        },
        "scale": {
          "x": 1.0,
          "y": 1.0,
          "z": 1.0
        },
        "matrix_basis": [
          [
            0.7610570192337036,
            0.5529908537864685,
            0.3391067683696747,
            0.0
          ],
          [
            -0.6475245356559753,
            0.6163696050643921,
            0.4481077194213867,
            0.0
          ],
          [
            0.03878431394696236,
            -0.5606154799461365,
            0.8271675109863281,
            0.0
          ],
          [
            0.0,
            0.0,
            0.0,
            1.0
          ]
        ],
        "rotation_mode": "QUATERNION"
      },
      "armature_space": {
        "head": {
          "x": 0.1190471351146698,
          "y": -0.06064885854721069,
          "z": 0.4981606602668762
        },
        "tail": {
          "x": 0.28296560049057007,
          "y": 0.10632564127445221,
          "z": 0.36755406856536865
        }
      },
      "world_space": {
        "head": {
          "x": 0.1190471351146698,
          "y": 0.0025951415300369263,
          "z": 1.448014736175537
        },
        "tail": {
          "x": 0.28296560049057007,
          "y": 0.16956964135169983,
          "z": 1.3174080848693848
        },
        "rotation_quaternion": {
          "w": 0.39741483330726624,
          "x": 0.1853519231081009,
          "y": 0.8084654808044434,
          "z": -0.39254266023635864
        },
        "matrix": [
          [
            -0.6154127717018127,
            0.6117057800292969,
            0.49707478284835815,
            0.1190471351146698
          ],
          [
            -0.012302128598093987,
            0.6231102347373962,
            -0.7820373773574829,
            0.0025951415300369263
          ],
          [
            -0.7881145477294922,
            -0.48739367723464966,
            -0.3759480118751526,
            1.448014736175537
          ],
          [
            0.0,
            0.0,
            0.0,
            1.0
          ]
        ]
      },
      "bone_length_armature_space": 0.26796982976289974,
      "parent": "spine_01",
      "has_children": true,
      "is_end_bone": false
    },
    "lowerarm_l": {
      "name": "lowerarm_l",
      "local": {
        "location": {
          "x": 0.0,
          "y": 0.0,
          "z": 0.0
        },
        "rotation_quaternion": {
          "w": 0.9322525262832642,
          "x": 0.2963912785053253,
          "y": -0.05564948543906212,
          "z": 0.19990189373493195
        },
        "scale": {
          "x": 1.0,
          "y": 1.0,
          "z": 1.0
        },
        "matrix_basis": [
          [
            0.9138847589492798,
            -0.40570613741874695,
            0.014739609323441982,
            0.0
          ],
          [
            0.33973005414009094,
            0.7443828582763672,
            -0.5748718976974487,
            0.0
          ],
          [
            0.2222571074962616,
            0.5303741693496704,
            0.8181107044219971,
            0.0
          ],
          [
            0.0,
            0.0,
            0.0,
            1.0
          ]
        ],
        "rotation_mode": "QUATERNION"
      },
      "armature_space": {
        "head": {
          "x": 0.282965749502182,
          "y": 0.10632564127445221,
          "z": 0.36755406856536865
        },
        "tail": {
          "x": 0.5488716959953308,
          "y": 0.10151629149913788,
          "z": 0.33856678009033203
        }
      },
      "world_space": {
        "head": {
          "x": 0.282965749502182,
          "y": 0.16956964135169983,
          "z": 1.3174080848693848
        },
        "tail": {
          "x": 0.5488716959953308,
          "y": 0.1647602915763855,
          "z": 1.2884207963943481
        },
        "rotation_quaternion": {
          "w": 0.491276353597641,
          "x": 0.45152148604393005,
          "y": 0.49965906143188477,
          "z": -0.5523736476898193
        },
        "matrix": [
          [
            -0.10955154150724411,
            0.9939500093460083,
            -0.007876038551330566,
            0.282965749502182
          ],
          [
            -0.09152373671531677,
            -0.017977237701416016,
            -0.9956406354904175,
            0.16956964135169983
          ],
          [
            -0.9897655248641968,
            -0.10835383087396622,
            0.09293915331363678,
            1.3174080848693848
          ],
          [
            0.0,
            0.0,
            0.0,
            1.0
          ]
        ]
      },
      "bone_length_armature_space": 0.26752451359580337,
      "parent": "upperarm_l",
      "has_children": true,
      "is_end_bone": false
    },
    "metacarpal_thumb_l": {
      "name": "metacarpal_thumb_l",
      "local": {
        "location": {
          "x": 0.0,
          "y": 0.0,
          "z": 0.0
        },
        "rotation_quaternion": {
          "w": 0.9999150037765503,
          "x": 0.01145347859710455,
          "y": -0.001979421591386199,
          "z": 0.00590229919180274
        },
        "scale": {
          "x": 1.0,
          "y": 1.0,
          "z": 1.0
        },
        "matrix_basis": [
          [
            0.999922513961792,
            -0.011848937720060349,
            -0.0038233029190450907,
            0.0
          ],
          [
            0.011758252047002316,
            0.9996679425239563,
            -0.022928375750780106,
            0.0
          ],
          [
            0.004093710333108902,
            0.02288164384663105,
            0.9997298121452332,
            0.0
          ],
          [
            0.0,
            0.0,
            0.0,
            1.0
          ]
        ],
        "rotation_mode": "QUATERNION"
      },
      "armature_space": {
        "head": {
          "x": 0.5488716959953308,
          "y": 0.10151629149913788,
          "z": 0.33856678009033203
        },
        "tail": {
          "x": 0.5857633352279663,
          "y": 0.07049906998872757,
          "z": 0.3271419107913971
        }
      },
      "world_space": {
        "head": {
          "x": 0.5488716959953308,
          "y": 0.1647602915763855,
          "z": 1.2884207963943481
        },
        "tail": {
          "x": 0.5857633352279663,
          "y": 0.1337430775165558,
          "z": 1.2769958972930908
        },
        "rotation_quaternion": {
          "w": 0.05829324200749397,
          "x": -0.8894590735435486,
          "y": -0.42838022112846375,
          "z": 0.14817219972610474
        },
        "matrix": [
          [
            0.5890704393386841,
            0.7447786331176758,
            -0.3135296106338501,
            0.5488716959953308
          ],
          [
            0.7793281078338623,
            -0.6261845827102661,
            -0.023250576108694077,
            0.1647602915763855
          ],
          [
            -0.21364463865756989,
            -0.23064827919006348,
            -0.9493004679679871,
            1.2884207963943481
          ],
          [
            0.0,
            0.0,
            0.0,
            1.0
          ]
        ]
      },
      "bone_length_armature_space": 0.049533712675547015,
      "parent": "lowerarm_l",
      "has_children": true,
      "is_end_bone": false
    },
    "thumb_01_l": {
      "name": "thumb_01_l",
      "local": {
        "location": {
          "x": 0.0,
          "y": 0.0,
          "z": 0.0
        },
        "rotation_quaternion": {
          "w": 0.9655001163482666,
          "x": 0.2603885531425476,
          "y": 0.000129414489492774,
          "z": -0.0027069977950304747
        },
        "scale": {
          "x": 1.0,
          "y": 1.0,
          "z": 1.0
        },
        "matrix_basis": [
          [
            0.9999853372573853,
            0.005294609349220991,
            -0.0011598430573940277,
            0.0
          ],
          [
            -0.005159817170351744,
            0.864380955696106,
            -0.502811074256897,
            0.0
          ],
          [
            -0.0016596418572589755,
            0.5028096437454224,
            0.8643955588340759,
            0.0
          ],
          [
            0.0,
            0.0,
            0.0,
            1.0
          ]
        ],
        "rotation_mode": "QUATERNION"
      },
      "armature_space": {
        "head": {
          "x": 0.5857633352279663,
          "y": 0.07049906998872757,
          "z": 0.3271419107913971
        },
        "tail": {
          "x": 0.6020323038101196,
          "y": 0.06728118658065796,
          "z": 0.29741644859313965
        }
      },
      "world_space": {
        "head": {
          "x": 0.5857633352279663,
          "y": 0.1337430775165558,
          "z": 1.2769958972930908
        },
        "tail": {
          "x": 0.6020323038101196,
          "y": 0.13052518665790558,
          "z": 1.2472704648971558
        },
        "rotation_quaternion": {
          "w": 0.6727895140647888,
          "x": -0.6537854075431824,
          "y": -0.009299973025918007,
          "z": -0.34616819024086
        },
        "matrix": [
          [
            0.760160505771637,
            0.4779573678970337,
            0.4401282072067261,
            0.5857633352279663
          ],
          [
            -0.4536389708518982,
            -0.09453636407852173,
            0.8861572742462158,
            0.1337430775165558
          ],
          [
            0.4651564061641693,
            -0.8732872009277344,
            0.14495918154716492,
            1.2769958972930908
          ],
          [
            0.0,
            0.0,
            0.0,
            1.0
          ]
        ]
      },
      "bone_length_armature_space": 0.03403876079685469,
      "parent": "metacarpal_thumb_l",
      "has_children": true,
      "is_end_bone": false
    },
    "thumb_02_l": {
      "name": "thumb_02_l",
      "local": {
        "location": {
          "x": 0.0,
          "y": 0.0,
          "z": 0.0
        },
        "rotation_quaternion": {
          "w": 0.8977096080780029,
          "x": 0.44046273827552795,
          "y": -0.00964513048529625,
          "z": -0.004145636223256588
        },
        "scale": {
          "x": 1.0,
          "y": 1.0,
          "z": 1.0
        },
        "matrix_basis": [
          [
            0.9997795820236206,
            -0.0010534862522035837,
            -0.020969050005078316,
            0.0
          ],
          [
            -0.015939796343445778,
            0.6119507551193237,
            -0.7907353043556213,
            0.0
          ],
          [
            0.013665055856108665,
            0.7908952236175537,
            0.6117991209030151,
            0.0
          ],
          [
            0.0,
            0.0,
            0.0,
            1.0
          ]
        ],
        "rotation_mode": "QUATERNION"
      },
      "armature_space": {
        "head": {
          "x": 0.6020323038101196,
          "y": 0.06728115677833557,
          "z": 0.29741644859313965
        },
        "tail": {
          "x": 0.6253495812416077,
          "y": 0.08273711055517197,
          "z": 0.326236754655838
        }
      },
      "world_space": {
        "head": {
          "x": 0.6020323038101196,
          "y": 0.1305251568555832,
          "z": 1.2472704648971558
        },
        "tail": {
          "x": 0.6253495812416077,
          "y": 0.145981103181839,
          "z": 1.2760907411575317
        },
        "rotation_quaternion": {
          "w": 0.7385346293449402,
          "x": 0.22195911407470703,
          "y": -0.38337406516075134,
          "z": -0.5082570314407349
        },
        "matrix": [
          [
            0.1893964260816574,
            0.5805455446243286,
            -0.7918938994407654,
            0.6020323038101196
          ],
          [
            -0.9209177494049072,
            0.3848172426223755,
            0.061858564615249634,
            0.1305251568555832
          ],
          [
            0.3406476378440857,
            0.717558741569519,
            0.6075218915939331,
            1.2472704648971558
          ],
          [
            0.0,
            0.0,
            0.0,
            1.0
          ]
        ]
      },
      "bone_length_armature_space": 0.04016456111084803,
      "parent": "thumb_01_l",
      "has_children": true,
      "is_end_bone": false
    },
    "thumb_03_l": {
      "name": "thumb_03_l",
      "local": {
        "location": {
          "x": 0.0,
          "y": 0.0,
          "z": 0.0
        },
        "rotation_quaternion": {
          "w": 0.9925709366798401,
          "x": 0.1213870495557785,
          "y": -0.004698365461081266,
          "z": 0.006788037717342377
        },
        "scale": {
          "x": 1.0,
          "y": 1.0,
          "z": 1.0
        },
        "matrix_basis": [
          [
            0.9998636841773987,
            -0.014615858905017376,
            -0.00767896231263876,
            0.0
          ],
          [
            0.012334576807916164,
            0.9704382419586182,
            -0.24103429913520813,
            0.0
          ],
          [
            0.010974882170557976,
            0.2409067302942276,
            0.9704862236976624,
            0.0
          ],
          [
            0.0,
            0.0,
            0.0,
            1.0
          ]
        ],
        "rotation_mode": "QUATERNION"
      },
      "armature_space": {
        "head": {
          "x": 0.6253496408462524,
          "y": 0.082737036049366,
          "z": 0.3262367248535156
        },
        "tail": {
          "x": 0.6286137104034424,
          "y": 0.09600546956062317,
          "z": 0.35344329476356506
        }
      },
      "world_space": {
        "head": {
          "x": 0.6253496408462524,
          "y": 0.1459810435771942,
          "z": 1.2760907411575317
        },
        "tail": {
          "x": 0.6286137104034424,
          "y": 0.1592494696378708,
          "z": 1.3032972812652588
        },
        "rotation_quaternion": {
          "w": 0.7659963965415955,
          "x": 0.4497004747390747,
          "y": -0.3621579110622406,
          "z": -0.28259629011154175
        },
        "matrix": [
          [
            0.5779621601104736,
            0.10721148550510406,
            -0.8089904189109802,
            0.6253496408462524
          ],
          [
            -0.7586607336997986,
            0.4358181953430176,
            -0.4842485785484314,
            0.1459810435771942
          ],
          [
            0.30065712332725525,
            0.8936333060264587,
            0.33322542905807495,
            1.2760907411575317
          ],
          [
            0.0,
            0.0,
            0.0,
            1.0
          ]
        ]
      },
      "bone_length_armature_space": 0.030445080146406192,
      "parent": "thumb_02_l",
      "has_children": false,
      "is_end_bone": true
    },
    "metacarpal_index_l": {
      "name": "metacarpal_index_l",
      "local": {
        "location": {
          "x": 0.0,
          "y": 0.0,
          "z": 0.0
        },
        "rotation_quaternion": {
          "w": 0.9985729455947876,
          "x": -0.04872190207242966,
          "y": 0.012448014691472054,
          "z": -0.017985112965106964
        },
        "scale": {
          "x": 1.0,
          "y": 1.0,
          "z": 1.0
        },
        "matrix_basis": [
          [
            0.9990431666374207,
            0.034705910831689835,
            0.026613039895892143,
            0.0
          ],
          [
            -0.03713187575340271,
            0.9946054220199585,
            0.096856988966465,
            0.0
          ],
          [
            -0.02310796268284321,
            -0.09775250405073166,
            0.9949424266815186,
            0.0
          ],
          [
            0.0,
            0.0,
            0.0,
            1.0
          ]
        ],
        "rotation_mode": "QUATERNION"
      },
      "armature_space": {
        "head": {
          "x": 0.5488716959953308,
          "y": 0.10151629149913788,
          "z": 0.33856678009033203
        },
        "tail": {
          "x": 0.6622983813285828,
          "y": 0.07352044433355331,
          "z": 0.3296317160129547
        }
      },
      "world_space": {
        "head": {
          "x": 0.5488716959953308,
          "y": 0.1647602915763855,
          "z": 1.2884207963943481
        },
        "tail": {
          "x": 0.6622983813285828,
          "y": 0.13676443696022034,
          "z": 1.2794857025146484
        },
        "rotation_quaternion": {
          "w": 0.18692615628242493,
          "x": 0.7290111184120178,
          "y": 0.5878710746765137,
          "z": -0.2966633439064026
        },
        "matrix": [
          [
            0.13279575109481812,
            0.9680381417274475,
            -0.21276193857192993,
            0.5488716959953308
          ],
          [
            0.7462202906608582,
            -0.23893004655838013,
            -0.6213434934616089,
            0.1647602915763855
          ],
          [
            -0.652323305606842,
            -0.07625621557235718,
            -0.754104495048523,
            1.2884207963943481
          ],
          [
            0.0,
            0.0,
            0.0,
            1.0
          ]
        ]
      },
      "bone_length_armature_space": 0.11717173729872764,
      "parent": "lowerarm_l",
      "has_children": true,
      "is_end_bone": false
    },
    "index_01_l": {
      "name": "index_01_l",
      "local": {
        "location": {
          "x": 0.0,
          "y": 0.0,
          "z": 0.0
        },
        "rotation_quaternion": {
          "w": 0.9539272785186768,
          "x": 0.30000123381614685,
          "y": 0.0005997390253469348,
          "z": -0.004651888273656368
        },
        "scale": {
          "x": 1.0,
          "y": 1.0,
          "z": 1.0
        },
        "matrix_basis": [
          [
            0.9999560117721558,
            0.00923497136682272,
            -0.0016469296533614397,
            0.0
          ],
          [
            -0.008515281602740288,
            0.8199552297592163,
            -0.572364330291748,
            0.0
          ],
          [
            -0.003935359418392181,
            0.5723531246185303,
            0.8199977874755859,
            0.0
          ],
          [
            0.0,
            0.0,
            0.0,
            1.0
          ]
        ],
        "rotation_mode": "QUATERNION"
      },
      "armature_space": {
        "head": {
          "x": 0.6622983813285828,
          "y": 0.07352044433355331,
          "z": 0.3296317160129547
        },
        "tail": {
          "x": 0.6836046576499939,
          "y": 0.0666348785161972,
          "z": 0.3119765520095825
        }
      },
      "world_space": {
        "head": {
          "x": 0.6622983813285828,
          "y": 0.13676443696022034,
          "z": 1.2794857025146484
        },
        "tail": {
          "x": 0.6836046576499939,
          "y": 0.12987887859344482,
          "z": 1.2618305683135986
        },
        "rotation_quaternion": {
          "w": 0.02258993685245514,
          "x": -0.6246901154518127,
          "y": -0.6154263019561768,
          "z": 0.48010680079460144
        },
        "matrix": [
          [
            -0.21850715577602386,
            0.747212290763855,
            -0.6276373267173767,
            0.6622983813285828
          ],
          [
            0.7905913591384888,
            -0.24147707223892212,
            -0.5627202987670898,
            0.13676443696022034
          ],
          [
            -0.5720348358154297,
            -0.6191676259040833,
            -0.5379794239997864,
            1.2794857025146484
          ],
          [
            0.0,
            0.0,
            0.0,
            1.0
          ]
        ]
      },
      "bone_length_armature_space": 0.028514439314958676,
      "parent": "metacarpal_index_l",
      "has_children": true,
      "is_end_bone": false
    },
    "index_02_l": {
      "name": "index_02_l",
      "local": {
        "location": {
          "x": 0.0,
          "y": 0.0,
          "z": 0.0
        },
        "rotation_quaternion": {
          "w": 0.9087726473808289,
          "x": 0.4172327518463135,
          "y": -0.005060446914285421,
          "z": -0.004852563142776489
        },
        "scale": {
          "x": 1.0,
          "y": 1.0,
          "z": 1.0
        },
        "matrix_basis": [
          [
            0.9999017119407654,
            0.0045969849452376366,
            -0.013246888294816017,
            0.0
          ],
          [
            -0.01304252166301012,
            0.6517865657806396,
            -0.7582902908325195,
            0.0
          ],
          [
            0.005148294847458601,
            0.7583885192871094,
            0.6517824530601501,
            0.0
          ],
          [
            0.0,
            0.0,
            0.0,
            1.0
          ]
        ],
        "rotation_mode": "QUATERNION"
      },
      "armature_space": {
        "head": {
          "x": 0.6836048364639282,
          "y": 0.0666344165802002,
          "z": 0.31197625398635864
        },
        "tail": {
          "x": 0.6849308013916016,
          "y": 0.05134018138051033,
          "z": 0.2914232909679413
        }
      },
      "world_space": {
        "head": {
          "x": 0.6836048364639282,
          "y": 0.12987841665744781,
          "z": 1.2618303298950195
        },
        "tail": {
          "x": 0.6849308013916016,
          "y": 0.11458417773246765,
          "z": 1.2412773370742798
        },
        "rotation_quaternion": {
          "w": 0.24800951778888702,
          "x": -0.5400253534317017,
          "y": -0.3746950328350067,
          "z": 0.7116653323173523
        },
        "matrix": [
          [
            -0.29372936487197876,
            0.05168750882148743,
            -0.9544902443885803,
            0.6836048364639282
          ],
          [
            0.7576887607574463,
            -0.5961905717849731,
            -0.2654515206813812,
            0.12987841665744781
          ],
          [
            -0.5827820897102356,
            -0.8011835813522339,
            0.13595622777938843,
            1.2618303298950195
          ],
          [
            0.0,
            0.0,
            0.0,
            1.0
          ]
        ]
      },
      "bone_length_armature_space": 0.02565338373001609,
      "parent": "index_01_l",
      "has_children": true,
      "is_end_bone": false
    },
    "index_03_l": {
      "name": "index_03_l",
      "local": {
        "location": {
          "x": 0.0,
          "y": 0.0,
          "z": 0.0
        },
        "rotation_quaternion": {
          "w": 0.935667097568512,
          "x": 0.3527689576148987,
          "y": 0.00892625842243433,
          "z": 0.0012612835271283984
        },
        "scale": {
          "x": 1.0,
          "y": 1.0,
          "z": 1.0
        },
        "matrix_basis": [
          [
            0.9998374581336975,
            0.003937530796974897,
            0.01759389601647854,
            0.0
          ],
          [
            0.008658097125589848,
            0.7511049509048462,
            -0.6601260900497437,
            0.0
          ],
          [
            -0.015814129263162613,
            0.6601711511611938,
            0.7509487867355347,
            0.0
          ],
          [
            0.0,
            0.0,
            0.0,
            1.0
          ]
        ],
        "rotation_mode": "QUATERNION"
      },
      "armature_space": {
        "head": {
          "x": 0.6849309206008911,
          "y": 0.05134020373225212,
          "z": 0.2914232611656189
        },
        "tail": {
          "x": 0.6648390293121338,
          "y": 0.036430563777685165,
          "z": 0.2763317823410034
        }
      },
      "world_space": {
        "head": {
          "x": 0.6849309206008911,
          "y": 0.11458420753479004,
          "z": 1.2412772178649902
        },
        "tail": {
          "x": 0.6648390293121338,
          "y": 0.09967456758022308,
          "z": 1.2261857986450195
        },
        "rotation_quaternion": {
          "w": 0.48768556118011475,
          "x": -0.39667773246765137,
          "y": -0.0838051438331604,
          "z": 0.7731664776802063
        },
        "matrix": [
          [
            -0.20961758494377136,
            -0.6876388788223267,
            -0.6951355338096619,
            0.6849309206008911
          ],
          [
            0.8206113576889038,
            -0.5102776288986206,
            0.2573201060295105,
            0.11458420753479004
          ],
          [
            -0.5316584706306458,
            -0.5165014863014221,
            0.6712523102760315,
            1.2412772178649902
          ],
          [
            0.0,
            0.0,
            0.0,
            1.0
          ]
        ]
      },
      "bone_length_armature_space": 0.02921873041970826,
      "parent": "index_02_l",
      "has_children": false,
      "is_end_bone": true
    },
    "metacarpal_pinky_l": {
      "name": "metacarpal_pinky_l",
      "local": {
        "location": {
          "x": 0.0,
          "y": 0.0,
          "z": 0.0
        },
        "rotation_quaternion": {
          "w": 0.9967341423034668,
          "x": -0.07562284171581268,
          "y": 0.019303735345602036,
          "z": -0.020730439573526382
        },
        "scale": {
          "x": 1.0,
          "y": 1.0,
          "z": 1.0
        },
        "matrix_basis": [
          [
            0.9983952045440674,
            0.03840586543083191,
            0.0416167750954628,
            0.0
          ],
          [
            -0.04424507915973663,
            0.9877028465270996,
            0.14995138347148895,
            0.0
          ],
          [
            -0.03534599393606186,
            -0.15155208110809326,
            0.987817108631134,
            0.0
          ],
          [
            0.0,
            0.0,
            0.0,
            1.0
          ]
        ],
        "rotation_mode": "QUATERNION"
      },
      "armature_space": {
        "head": {
          "x": 0.5488716959953308,
          "y": 0.10151629149913788,
          "z": 0.33856678009033203
        },
        "tail": {
          "x": 0.6444778442382812,
          "y": 0.12965402007102966,
          "z": 0.3083847761154175
        }
      },
      "world_space": {
        "head": {
          "x": 0.5488716959953308,
          "y": 0.1647602915763855,
          "z": 1.2884207963943481
        },
        "tail": {
          "x": 0.6444778442382812,
          "y": 0.19289802014827728,
          "z": 1.2582387924194336
        },
        "rotation_quaternion": {
          "w": 0.7746767997741699,
          "x": -0.041575267910957336,
          "y": 0.18704000115394592,
          "z": -0.6026304960250854
        },
        "matrix": [
          [
            0.2037045955657959,
            0.9181357622146606,
            0.3398990035057068,
            0.5488716959953308
          ],
          [
            -0.9492401480674744,
            0.27021530270576477,
            -0.1610184907913208,
            0.1647602915763855
          ],
          [
            -0.23968520760536194,
            -0.2898472547531128,
            0.926581621170044,
            1.2884207963943481
          ],
          [
            0.0,
            0.0,
            0.0,
            1.0
          ]
        ]
      },
      "bone_length_armature_space": 0.10413078507191163,
      "parent": "lowerarm_l",
      "has_children": true,
      "is_end_bone": false
    },
    "pinky_01_l": {
      "name": "pinky_01_l",
      "local": {
        "location": {
          "x": 0.0,
          "y": 0.0,
          "z": 0.0
        },
        "rotation_quaternion": {
          "w": 0.9448082447052002,
          "x": 0.32706719636917114,
          "y": 0.0126496572047472,
          "z": 0.014296832494437695
        },
        "scale": {
          "x": 1.0,
          "y": 1.0,
          "z": 1.0
        },
        "matrix_basis": [
          [
            0.9992711544036865,
            -0.018740953877568245,
            0.03325505182147026,
            0.0
          ],
          [
            0.035290107131004333,
            0.7856453061103821,
            -0.6176698803901672,
            0.0
          ],
          [
            -0.014550951309502125,
            0.6183932423591614,
            0.7857340574264526,
            0.0
          ],
          [
            0.0,
            0.0,
            0.0,
            1.0
          ]
        ],
        "rotation_mode": "QUATERNION"
      },
      "armature_space": {
        "head": {
          "x": 0.6444778442382812,
          "y": 0.12965402007102966,
          "z": 0.3083847761154175
        },
        "tail": {
          "x": 0.6568183302879333,
