{
  "metadata": {
    "armature_name": "KIM_caucasian_male",
    "export_time": "2026-01-13T20:56:13.771079",
    "blender_version": "4.4.1",
    "bone_count": 56,
    "end_bone_count": 13,
    "spaces_included": [
      "LOCAL_CHANNELS",
      "ARMATURE_SPACE",
      "WORLD_SPACE"
    ],
    "note": "LOCAL matches Transform panel; replay pose via local.matrix_basis for best fidelity."
  },
  "bones": {
    "Root": {
      "name": "Root",
      "local": {
        "location": {
          "x": 0.0,
          "y": 0.0,
          "z": 0.0
        },
        "rotation_quaternion": {
          "w": 0.9994906783103943,
          "x": 0.013605302199721336,
          "y": 0.008334056474268436,
          "z": 0.027637116611003876
        },
        "scale": {
          "x": 1.0,
          "y": 1.0,
          "z": 1.0
        },
        "matrix_basis": [
          [
            0.9983334541320801,
            -0.055019307881593704,
            0.017411645501852036,
            0.0
          ],
          [
            0.055472854524850845,
            0.9981021881103516,
            -0.02673608623445034,
            0.0
          ],
          [
            -0.01590760052204132,
            0.0276574045419693,
            0.9994908571243286,
            0.0
          ],
          [
            0.0,
            0.0,
            0.0,
            1.0
          ]
        ],
        "rotation_mode": "QUATERNION"
      },
      "armature_space": {
        "head": {
          "x": 0.0,
          "y": 0.07072800397872925,
          "z": -0.009595036506652832
        },
        "tail": {
          "x": -0.003927051089704037,
          "y": -0.00013114511966705322,
          "z": -0.0019743768498301506
        }
      },
      "world_space": {
        "head": {
          "x": 0.0,
          "y": 0.13397200405597687,
          "z": 0.9402589797973633
        },
        "tail": {
          "x": -0.003927051089704037,
          "y": 0.06311285495758057,
          "z": 0.9478796124458313
        },
        "rotation_quaternion": {
          "w": 0.05375894531607628,
          "x": 0.9981366395950317,
          "y": -0.027012882754206657,
          "z": 0.010176975280046463
        },
        "matrix": [
          [
            0.9983334541320801,
            -0.055019307881593704,
            0.017411645501852036,
            0.0
          ],
          [
            -0.052830882370471954,
            -0.9927605390548706,
            -0.10786784440279007,
            0.13397200405597687
          ],
          [
            0.023220520466566086,
            0.10676801204681396,
            -0.9940197467803955,
            0.9402589797973633
          ],
          [
            0.0,
            0.0,
            0.0,
            1.0
          ]
        ]
      },
      "bone_length_armature_space": 0.07137587190784114,
      "parent": null,
      "has_children": true,
      "is_end_bone": false
    },
    "spine_01": {
      "name": "spine_01",
      "local": {
        "location": {
          "x": 0.0,
          "y": 0.0,
          "z": 0.0
        },
        "rotation_quaternion": {
          "w": 0.9976582527160645,
          "x": 0.04812750592827797,
          "y": -0.033289939165115356,
          "z": -0.03540709614753723
        },
        "scale": {
          "x": 1.0,
          "y": 1.0,
          "z": 1.0
        },
        "matrix_basis": [
          [
            0.9952762126922607,
            0.06744404137134552,
            -0.06983207911252975,
            0.0
          ],
          [
            -0.07385268807411194,
            0.9928601384162903,
            -0.09367220848798752,
            0.0
          ],
          [
            0.06301585584878922,
            0.09838701039552689,
            0.993151068687439,
            0.0
          ],
          [
            0.0,
            0.0,
            0.0,
            1.0
          ]
        ],
        "rotation_mode": "QUATERNION"
      },
      "armature_space": {
        "head": {
          "x": -0.003927051089704037,
          "y": -0.00013114511966705322,
          "z": -0.0019743768498301506
        },
        "tail": {
          "x": 0.015624423511326313,
          "y": -0.04005884379148483,
          "z": 0.48400089144706726
        }
      },
      "world_space": {
        "head": {
          "x": -0.003927051089704037,
          "y": 0.06311285495758057,
          "z": 0.9478796124458313
        },
        "tail": {
          "x": 0.015624423511326313,
          "y": 0.023185156285762787,
          "z": 1.4338549375534058
        },
        "rotation_quaternion": {
          "w": 0.6770542860031128,
          "x": 0.7331759333610535,
          "y": -0.026227682828903198,
          "z": -0.057989027351140976
        },
        "matrix": [
          [
            0.991898775100708,
            0.04006439819931984,
            -0.12054712325334549,
            -0.003927051089704037
          ],
          [
            -0.11698214709758759,
            -0.0818188488483429,
            -0.9897580742835999,
            0.06311285495758057
          ],
          [
            -0.04951753467321396,
            0.9958484768867493,
            -0.07647061347961426,
            0.9478796124458313
          ],
          [
            0.0,
            0.0,
            0.0,
            1.0
          ]
        ]
      },
      "bone_length_armature_space": 0.4880045513017143,
      "parent": "Root",
      "has_children": true,
      "is_end_bone": false
    },
    "neck_01": {
      "name": "neck_01",
      "local": {
        "location": {
          "x": 0.0,
          "y": 0.0,
          "z": 0.0
        },
        "rotation_quaternion": {
          "w": 0.990707278251648,
          "x": -0.09081126004457474,
          "y": -0.09011933952569962,
          "z": 0.046162139624357224
        },
        "scale": {
          "x": 1.0,
          "y": 1.0,
          "z": 1.0
        },
        "matrix_basis": [
          [
            0.979495108127594,
            -0.07509863376617432,
            -0.18694785237312317,
            0.0
          ],
          [
            0.10783403366804123,
            0.9792447686195374,
            0.17161454260349274,
            0.0
          ],
          [
            0.17017967998981476,
            -0.1882549524307251,
            0.9672636389732361,
            0.0
          ],
          [
            0.0,
            0.0,
            0.0,
            1.0
          ]
        ],
        "rotation_mode": "QUATERNION"
      },
      "armature_space": {
        "head": {
          "x": 0.014377249404788017,
          "y": -0.08037474006414413,
          "z": 0.5542633533477783
        },
        "tail": {
          "x": 0.008344430476427078,
          "y": -0.10774295032024384,
          "z": 0.6528804898262024
        }
      },
      "world_space": {
        "head": {
          "x": 0.014377249404788017,
          "y": -0.017130739986896515,
          "z": 1.5041173696517944
        },
        "tail": {
          "x": 0.008344430476427078,
          "y": -0.044498950242996216,
          "z": 1.6027345657348633
        },
        "rotation_quaternion": {
          "w": 0.5936793088912964,
          "x": 0.7885522842407227,
          "y": -0.11861290037631989,
          "z": -0.10798807442188263
        },
        "matrix": [
          [
            0.9485390186309814,
            -0.058844514191150665,
            -0.31114453077316284,
            0.014377249404788017
          ],
          [
            -0.3152856230735779,
            -0.26695138216018677,
            -0.910676896572113,
            -0.017130739986896515
          ],
          [
            -0.02947264537215233,
            0.9619182348251343,
            -0.2717694044113159,
            1.5041173696517944
          ],
          [
            0.0,
            0.0,
            0.0,
            1.0
          ]
        ]
      },
      "bone_length_armature_space": 0.10252196609010117,
      "parent": "spine_01",
      "has_children": true,
      "is_end_bone": false
    },
    "head": {
      "name": "head",
      "local": {
        "location": {
          "x": 0.0,
          "y": 0.0,
          "z": 0.0
        },
        "rotation_quaternion": {
          "w": 0.9987210035324097,
          "x": 0.029944635927677155,
          "y": -0.014705892652273178,
          "z": -0.03799200430512428
        },
        "scale": {
          "x": 1.0,
          "y": 1.0,
          "z": 1.0
        },
        "matrix_basis": [
          [
            0.9966806769371033,
            0.07500609755516052,
            -0.03164948150515556,
            0.0
          ],
          [
            -0.07676754891872406,
            0.9953198432922363,
            -0.05869526043534279,
            0.0
          ],
          [
            0.02709885500371456,
            0.06093008816242218,
            0.9977741241455078,
            0.0
          ],
          [
            0.0,
            0.0,
            0.0,
            1.0
          ]
        ],
        "rotation_mode": "QUATERNION"
      },
      "armature_space": {
        "head": {
          "x": 0.008344387635588646,
          "y": -0.10774307698011398,
          "z": 0.6528803706169128
        },
        "tail": {
          "x": 0.025199808180332184,
          "y": -0.10794170945882797,
          "z": 0.8070528507232666
        }
      },
      "world_space": {
        "head": {
          "x": 0.008344387635588646,
          "y": -0.044499076902866364,
          "z": 1.6027343273162842
        },
        "tail": {
          "x": 0.025199808180332184,
          "y": -0.04469770938158035,
          "z": 1.7569068670272827
        },
        "rotation_quaternion": {
          "w": 0.7012540698051453,
          "x": 0.6885058879852295,
          "y": -0.08719027042388916,
          "z": -0.163096085190773
        },
        "matrix": [
          [
            0.9315946698188782,
            0.10868139564990997,
            -0.3468710482120514,
            0.008344387635588646
          ],
          [
            -0.3488064706325531,
            -0.0012807771563529968,
            -0.9371941685676575,
            -0.044499076902866364
          ],
          [
            -0.10230088979005814,
            0.9940828084945679,
            0.03671491518616676,
            1.6027343273162842
          ],
          [
            0.0,
            0.0,
            0.0,
            1.0
          ]
        ]
      },
      "bone_length_armature_space": 0.15509125677156324,
      "parent": "neck_01",
      "has_children": false,
      "is_end_bone": true
    },
    "upperarm_l": {
      "name": "upperarm_l",
      "local": {
        "location": {
          "x": 0.0,
          "y": 0.0,
          "z": 0.0
        },
        "rotation_quaternion": {
          "w": 0.7957098484039307,
          "x": 0.32220515608787537,
          "y": 0.43507397174835205,
          "z": 0.2715519964694977
        },
        "scale": {
          "x": 1.0,
          "y": 1.0,
          "z": 1.0
        },
        "matrix_basis": [
          [
            0.47394031286239624,
            -0.15178704261779785,
            0.8673762083053589,
            0.0
          ],
          [
            0.7125193476676941,
            0.6448866724967957,
            -0.2764732241630554,
            0.0
          ],
          [
            -0.5173943638801575,
            0.7490540146827698,
            0.41378894448280334,
            0.0
          ],
          [
            0.0,
            0.0,
            0.0,
            1.0
          ]
        ],
        "rotation_mode": "QUATERNION"
      },
      "armature_space": {
        "head": {
          "x": 0.16008499264717102,
          "y": -0.09557966887950897,
          "z": 0.47966310381889343
        },
        "tail": {
          "x": 0.31773537397384644,
          "y": -0.3121248483657837,
          "z": 0.487547904253006
        }
      },
      "world_space": {
        "head": {
          "x": 0.16008499264717102,
          "y": -0.03233566880226135,
          "z": 1.429517149925232
        },
        "tail": {
          "x": 0.31773537397384644,
          "y": -0.24888084828853607,
          "z": 1.4374018907546997
        },
        "rotation_quaternion": {
          "w": 0.08783568441867828,
          "x": 0.9241172075271606,
          "y": 0.2970462739467621,
          "z": -0.22373150289058685
        },
        "matrix": [
          [
            0.7234153151512146,
            0.5883148312568665,
            -0.36132532358169556,
            0.16008499264717102
          ],
          [
            0.5097081065177917,
            -0.8080965280532837,
            -0.2952593266963959,
            -0.03233566880226135
          ],
          [
            -0.4656939208507538,
            0.02942425012588501,
            -0.8844645619392395,
            1.429517149925232
          ],
          [
            0.0,
            0.0,
            0.0,
            1.0
          ]
        ]
      },
      "bone_length_armature_space": 0.26796945547021966,
      "parent": "spine_01",
      "has_children": true,
      "is_end_bone": false
    },
    "lowerarm_l": {
      "name": "lowerarm_l",
      "local": {
        "location": {
          "x": 0.0,
          "y": 0.0,
          "z": 0.0
        },
        "rotation_quaternion": {
          "w": 0.874688982963562,
          "x": 0.46439823508262634,
          "y": 0.11298152804374695,
          "z": -0.08055242151021957
        },
        "scale": {
          "x": 1.0,
          "y": 1.0,
          "z": 1.0
        },
        "matrix_basis": [
          [
            0.9614929556846619,
            0.2458534687757492,
            0.1228305920958519,
            0.0
          ],
          [
            -0.03597978502511978,
            0.5556911826133728,
            -0.830609917640686,
            0.0
          ],
          [
            -0.27246418595314026,
            0.7942061424255371,
            0.5431389212608337,
            0.0
          ],
          [
            0.0,
            0.0,
            0.0,
            1.0
          ]
        ],
        "rotation_mode": "QUATERNION"
      },
      "armature_space": {
        "head": {
          "x": 0.31773531436920166,
          "y": -0.31212496757507324,
          "z": 0.487547904253006
        },
        "tail": {
          "x": 0.3242739737033844,
          "y": -0.46921229362487793,
          "z": 0.27109724283218384
        }
      },
      "world_space": {
        "head": {
          "x": 0.31773531436920166,
          "y": -0.24888096749782562,
          "z": 1.4374018907546997
        },
        "tail": {
          "x": 0.3242739737033844,
          "y": -0.4059683084487915,
          "z": 1.2209513187408447
        },
        "rotation_quaternion": {
          "w": 0.4266749322414398,
          "x": -0.8454914093017578,
          "y": -0.15605928003787994,
          "z": 0.2806033492088318
        },
        "matrix": [
          [
            0.7938147783279419,
            0.024441391229629517,
            -0.6076682806015015,
            0.31773531436920166
          ],
          [
            0.5033464431762695,
            -0.5871886014938354,
            0.633918046951294,
            -0.24888096749782562
          ],
          [
            -0.34132397174835205,
            -0.8090872764587402,
            -0.4784243702888489,
            1.4374018907546997
          ],
          [
            0.0,
            0.0,
            0.0,
            1.0
          ]
        ]
      },
      "bone_length_armature_space": 0.2675258328305703,
      "parent": "upperarm_l",
      "has_children": true,
      "is_end_bone": false
    },
    "metacarpal_thumb_l": {
      "name": "metacarpal_thumb_l",
      "local": {
        "location": {
          "x": 0.0,
          "y": 0.0,
          "z": 0.0
        },
        "rotation_quaternion": {
          "w": 0.9996734261512756,
          "x": -0.013186903670430183,
          "y": 0.018069513142108917,
          "z": -0.012357892468571663
        },
        "scale": {
          "x": 1.0,
          "y": 1.0,
          "z": 1.0
        },
        "matrix_basis": [
          [
            0.9990415573120117,
            0.02423115074634552,
            0.03645315021276474,
            0.0
          ],
          [
            -0.025184275582432747,
            0.9993467926979065,
            0.025918591767549515,
            0.0
          ],
          [
            -0.035801298916339874,
            -0.02681179717183113,
            0.9989991784095764,
            0.0
          ],
          [
            0.0,
            0.0,
            0.0,
            1.0
          ]
        ],
        "rotation_mode": "QUATERNION"
      },
      "armature_space": {
        "head": {
          "x": 0.3242739737033844,
          "y": -0.46921229362487793,
          "z": 0.27109724283218384
        },
        "tail": {
          "x": 0.31431201100349426,
          "y": -0.4708649218082428,
          "z": 0.2226034700870514
        }
      },
      "world_space": {
        "head": {
          "x": 0.3242739737033844,
          "y": -0.4059683084487915,
          "z": 1.2209513187408447
        },
        "tail": {
          "x": 0.31431201100349426,
          "y": -0.407620906829834,
          "z": 1.1724574565887451
        },
        "rotation_quaternion": {
          "w": 0.5733987092971802,
          "x": -0.6625206470489502,
          "y": 0.3931056559085846,
          "z": -0.27883395552635193
        },
        "matrix": [
          [
            0.5354378819465637,
            -0.20111501216888428,
            0.8202798366546631,
            0.3242739737033844
          ],
          [
            -0.8406479954719543,
            -0.03336356207728386,
            0.5405534505844116,
            -0.4059683084487915
          ],
          [
            -0.08134718239307404,
            -0.9790061116218567,
            -0.18693187832832336,
            1.2209513187408447
          ],
          [
            0.0,
            0.0,
            0.0,
            1.0
          ]
        ]
      },
      "bone_length_armature_space": 0.049534008105171036,
      "parent": "lowerarm_l",
      "has_children": true,
      "is_end_bone": false
    },
    "thumb_01_l": {
      "name": "thumb_01_l",
      "local": {
        "location": {
          "x": 0.0,
          "y": 0.0,
          "z": 0.0
        },
        "rotation_quaternion": {
          "w": 0.9953537583351135,
          "x": -0.09356962144374847,
          "y": 0.022102465853095055,
          "z": 0.005209758412092924
        },
        "scale": {
          "x": 1.0,
          "y": 1.0,
          "z": 1.0
        },
        "matrix_basis": [
          [
            0.9989686608314514,
            -0.014507343992590904,
            0.04302459582686424,
            0.0
          ],
          [
            0.006234866566956043,
            0.9824351668357849,
            0.18650004267692566,
            0.0
          ],
          [
            -0.044974494725465775,
            -0.18603944778442383,
            0.9815124273300171,
            0.0
          ],
          [
            0.0,
            0.0,
            0.0,
            1.0
          ]
        ],
        "rotation_mode": "QUATERNION"
      },
      "armature_space": {
        "head": {
          "x": 0.31431201100349426,
          "y": -0.4708649218082428,
          "z": 0.2226034700870514
        },
        "tail": {
          "x": 0.32467013597488403,
          "y": -0.44960764050483704,
          "z": 0.1981193721294403
        }
      },
      "world_space": {
        "head": {
          "x": 0.31431201100349426,
          "y": -0.407620906829834,
          "z": 1.1724574565887451
        },
        "tail": {
          "x": 0.32467013597488403,
          "y": -0.3863636255264282,
          "z": 1.1479734182357788
        },
        "rotation_quaternion": {
          "w": 0.37316223978996277,
          "x": -0.011556138284504414,
          "y": 0.820367157459259,
          "z": -0.43314462900161743
        },
        "matrix": [
          [
            -0.7212337255477905,
            0.30430516600608826,
            0.6222701668739319,
            0.31431201100349426
          ],
          [
            -0.34222614765167236,
            0.6245052814483643,
            -0.7020503878593445,
            -0.407620906829834
          ],
          [
            -0.6022528409957886,
            -0.7193041443824768,
            -0.34627610445022583,
            1.1724574565887451
          ],
          [
            0.0,
            0.0,
            0.0,
            1.0
          ]
        ]
      },
      "bone_length_armature_space": 0.03403871032390193,
      "parent": "metacarpal_thumb_l",
      "has_children": true,
      "is_end_bone": false
    },
    "thumb_02_l": {
      "name": "thumb_02_l",
      "local": {
        "location": {
          "x": 0.0,
          "y": 0.0,
          "z": 0.0
        },
        "rotation_quaternion": {
          "w": 0.9957861304283142,
          "x": 0.09139607846736908,
          "y": 0.0013548701535910368,
          "z": -0.00741066038608551
        },
        "scale": {
          "x": 1.0,
          "y": 1.0,
          "z": 1.0
        },
        "matrix_basis": [
          [
            0.9998865127563477,
            0.015006525442004204,
            0.001343711162917316,
            0.0
          ],
          [
            -0.014511206187307835,
            0.9831836819648743,
            -0.1820419728755951,
            0.0
          ],
          [
            -0.004052932374179363,
            0.18200181424617767,
            0.9832898378372192,
            0.0
          ],
          [
            0.0,
            0.0,
            0.0,
            1.0
          ]
        ],
        "rotation_mode": "QUATERNION"
      },
      "armature_space": {
        "head": {
          "x": 0.32467010617256165,
          "y": -0.44960761070251465,
          "z": 0.19811943173408508
        },
        "tail": {
          "x": 0.32533928751945496,
          "y": -0.4694426953792572,
          "z": 0.16320067644119263
        }
      },
      "world_space": {
        "head": {
          "x": 0.32467010617256165,
          "y": -0.3863636255264282,
          "z": 1.1479734182357788
        },
        "tail": {
          "x": 0.32533928751945496,
          "y": -0.4061986804008484,
          "z": 1.1130547523498535
        },
        "rotation_quaternion": {
          "w": 0.04590480402112007,
          "x": -0.09533809870481491,
          "y": -0.5009685754776001,
          "z": 0.8589726090431213
        },
        "matrix": [
          [
            -0.9776067733764648,
            0.016660690307617188,
            -0.20977920293807983,
            0.32467010617256165
          ],
          [
            0.1743844747543335,
            -0.4938470125198364,
            -0.8518835306167603,
            -0.3863636255264282
          ],
          [
            -0.11779236793518066,
            -0.8693957328796387,
            0.4798855185508728,
            1.1479734182357788
          ],
          [
            0.0,
            0.0,
            0.0,
            1.0
          ]
        ]
      },
      "bone_length_armature_space": 0.04016463517255608,
      "parent": "thumb_01_l",
      "has_children": true,
      "is_end_bone": false
    },
    "thumb_03_l": {
      "name": "thumb_03_l",
      "local": {
        "location": {
          "x": 0.0,
          "y": 0.0,
          "z": 0.0
        },
        "rotation_quaternion": {
          "w": 0.9957749247550964,
          "x": 0.09178590774536133,
          "y": -0.002424945356324315,
          "z": -0.0013432722771540284
        },
        "scale": {
          "x": 1.0,
          "y": 1.0,
          "z": 1.0
        },
        "matrix_basis": [
          [
            0.999984622001648,
            0.00223004212602973,
            -0.005075986497104168,
            0.0
          ],
          [
            -0.0031203452963382006,
            0.9831470847129822,
            -0.18278969824314117,
            0.0
          ],
          [
            0.0045828125439584255,
            0.1828027218580246,
            0.983138918876648,
            0.0
          ],
          [
            0.0,
            0.0,
            0.0,
            1.0
          ]
        ],
        "rotation_mode": "QUATERNION"
      },
      "armature_space": {
        "head": {
          "x": 0.3253392279148102,
          "y": -0.46944260597229004,
          "z": 0.16320067644119263
        },
        "tail": {
          "x": 0.3256003260612488,
          "y": -0.49456891417503357,
          "z": 0.1460106372833252
        }
      },
      "world_space": {
        "head": {
          "x": 0.3253392279148102,
          "y": -0.4061986207962036,
          "z": 1.1130547523498535
        },
        "tail": {
          "x": 0.3256003260612488,
          "y": -0.43132489919662476,
          "z": 1.0958646535873413
        },
        "rotation_quaternion": {
          "w": 0.08558928221464157,
          "x": -0.29051491618156433,
          "y": -0.28288277983665466,
          "z": 0.910084068775177
        },
        "matrix": [
          [
            -0.8165512681007385,
            0.008575722575187683,
            -0.5772091746330261,
            0.3253392279148102
          ],
          [
            0.3201499283313751,
            -0.825304388999939,
            -0.46516358852386475,
            -0.4061986207962036
          ],
          [
            -0.4803653359413147,
            -0.5646278858184814,
            0.6711621880531311,
            1.1130547523498535
          ],
          [
            0.0,
            0.0,
            0.0,
            1.0
          ]
        ]
      },
      "bone_length_armature_space": 0.030444982672272816,
      "parent": "thumb_02_l",
      "has_children": false,
      "is_end_bone": true
    },
    "metacarpal_index_l": {
      "name": "metacarpal_index_l",
      "local": {
        "location": {
          "x": 0.0,
          "y": 0.0,
          "z": 0.0
        },
        "rotation_quaternion": {
          "w": 0.9992488622665405,
          "x": 0.03487982973456383,
          "y": -0.008146470412611961,
          "z": -0.01479329913854599
        },
        "scale": {
          "x": 1.0,
          "y": 1.0,
          "z": 1.0
        },
        "matrix_basis": [
          [
            0.9994295835494995,
            0.02899608016014099,
            -0.017312677577137947,
            0.0
          ],
          [
            -0.03013266995549202,
            0.9971290826797485,
            -0.069466233253479,
            0.0
          ],
          [
            0.015248727053403854,
            0.06994828581809998,
            0.9974340796470642,
            0.0
          ],
          [
            0.0,
            0.0,
            0.0,
            1.0
          ]
        ],
        "rotation_mode": "QUATERNION"
      },
      "armature_space": {
        "head": {
          "x": 0.3242739737033844,
          "y": -0.46921229362487793,
          "z": 0.27109724283218384
        },
        "tail": {
          "x": 0.3157326579093933,
          "y": -0.5027881860733032,
          "z": 0.15916377305984497
        }
      },
      "world_space": {
        "head": {
          "x": 0.3242739737033844,
          "y": -0.4059683084487915,
          "z": 1.2209513187408447
        },
        "tail": {
          "x": 0.3157326579093933,
          "y": -0.4395442008972168,
          "z": 1.1090178489685059
        },
        "rotation_quaternion": {
          "w": 0.5852408409118652,
          "x": -0.7958049178123474,
          "y": 0.11923383176326752,
          "z": -0.0998549610376358
        },
        "matrix": [
          [
            0.9516244530677795,
            -0.07289565354585648,
            0.298491507768631,
            0.3242739737033844
          ],
          [
            -0.3066522777080536,
            -0.2865529954433441,
            0.9076628684997559,
            -0.4059683084487915
          ],
          [
            0.01936894655227661,
            -0.9552940726280212,
            -0.2950459420681,
            1.2209513187408447
          ],
          [
            0.0,
            0.0,
            0.0,
            1.0
          ]
        ]
      },
      "bone_length_armature_space": 0.11717250487134846,
      "parent": "lowerarm_l",
      "has_children": true,
      "is_end_bone": false
    },
    "index_01_l": {
      "name": "index_01_l",
      "local": {
        "location": {
          "x": 0.0,
          "y": 0.0,
          "z": 0.0
        },
        "rotation_quaternion": {
          "w": 0.9942975044250488,
          "x": -0.10586809366941452,
          "y": 0.006001709029078484,
          "z": 0.0113357650116086
        },
        "scale": {
          "x": 1.0,
          "y": 1.0,
          "z": 1.0
        },
        "matrix_basis": [
          [
            0.9996709823608398,
            -0.023813024163246155,
            0.009534777142107487,
            0.0
          ],
          [
            0.021271467208862305,
            0.9773268699645996,
            0.21066482365131378,
            0.0
          ],
          [
            -0.01433516014367342,
            -0.21039269864559174,
            0.9775118231773376,
            0.0
          ],
          [
            0.0,
            0.0,
            0.0,
            1.0
          ]
        ],
        "rotation_mode": "QUATERNION"
      },
      "armature_space": {
        "head": {
          "x": 0.3157326579093933,
          "y": -0.5027881860733032,
          "z": 0.15916377305984497
        },
        "tail": {
          "x": 0.31919682025909424,
          "y": -0.5214687585830688,
          "z": 0.13790085911750793
        }
      },
      "world_space": {
        "head": {
          "x": 0.3157326579093933,
          "y": -0.4395442008972168,
          "z": 1.1090178489685059
        },
        "tail": {
          "x": 0.31919682025909424,
          "y": -0.4582247734069824,
          "z": 1.0877548456192017
        },
        "rotation_quaternion": {
          "w": 0.4143272340297699,
          "x": -0.886095404624939,
          "y": 0.027728253975510597,
          "z": -0.20591017603874207
        },
        "matrix": [
          [
            0.9136646389961243,
            0.12148823589086533,
            0.38788869976997375,
            0.3157326579093933
          ],
          [
            -0.21976743638515472,
            -0.6551287770271301,
            0.7228476405143738,
            -0.4395442008972168
          ],
          [
            0.34193679690361023,
            -0.7456911206245422,
            -0.5718722343444824,
            1.1090178489685059
          ],
          [
            0.0,
            0.0,
            0.0,
            1.0
          ]
        ]
      },
      "bone_length_armature_space": 0.028514482278750697,
      "parent": "metacarpal_index_l",
      "has_children": true,
      "is_end_bone": false
    },
    "index_02_l": {
      "name": "index_02_l",
      "local": {
        "location": {
          "x": 0.0,
          "y": 0.0,
          "z": 0.0
        },
        "rotation_quaternion": {
          "w": 0.9993011951446533,
          "x": 0.03699051961302757,
          "y": 0.004151173867285252,
          "z": -0.003409059252589941
        },
        "scale": {
          "x": 1.0,
          "y": 1.0,
          "z": 1.0
        },
        "matrix_basis": [
          [
            0.9999423027038574,
            0.007120462134480476,
            0.008044340647757053,
            0.0
          ],
          [
            -0.006506245583295822,
            0.9972401857376099,
            -0.0739576444029808,
            0.0
          ],
          [
            -0.008548751473426819,
            0.07390103489160538,
            0.9972289204597473,
            0.0
          ],
          [
            0.0,
            0.0,
            0.0,
            1.0
          ]
        ],
        "rotation_mode": "QUATERNION"
      },
      "armature_space": {
        "head": {
          "x": 0.31919676065444946,
          "y": -0.5214687585830688,
          "z": 0.13790032267570496
        },
        "tail": {
          "x": 0.3234851658344269,
          "y": -0.5377040505409241,
          "z": 0.11850649118423462
        }
      },
      "world_space": {
        "head": {
          "x": 0.31919676065444946,
          "y": -0.4582247734069824,
          "z": 1.0877543687820435
        },
        "tail": {
          "x": 0.3234851658344269,
          "y": -0.47446006536483765,
          "z": 1.0683605670928955
        },
        "rotation_quaternion": {
          "w": 0.4284272789955139,
          "x": -0.8838825821876526,
          "y": -0.003639909904450178,
          "z": -0.18758568167686462
        },
        "matrix": [
          [
            0.9295969605445862,
            0.16716790199279785,
            0.3284878730773926,
            0.31919676065444946
          ],
          [
            -0.15429827570915222,
            -0.6328741312026978,
            0.7587243318557739,
            -0.4582247734069824
          ],
          [
            0.33472806215286255,
            -0.7559984922409058,
            -0.5625275373458862,
            1.0877543687820435
          ],
          [
            0.0,
            0.0,
            0.0,
            1.0
          ]
        ]
      },
      "bone_length_armature_space": 0.025653378790940835,
      "parent": "index_01_l",
      "has_children": true,
      "is_end_bone": false
    },
    "index_03_l": {
      "name": "index_03_l",
      "local": {
        "location": {
          "x": 0.0,
          "y": 0.0,
          "z": 0.0
        },
        "rotation_quaternion": {
          "w": 0.9987725615501404,
          "x": 0.04923555627465248,
          "y": 0.004707071930170059,
          "z": 0.0026584784500300884
        },
        "scale": {
          "x": 1.0,
          "y": 1.0,
          "z": 1.0
        },
        "matrix_basis": [
          [
            0.9999415278434753,
            -0.004846920259296894,
            0.009664371609687805,
            0.0
          ],
          [
            0.005773941054940224,
            0.9951375722885132,
            -0.098325215280056,
            0.0
          ],
          [
            -0.009140805341303349,
            0.09837527573108673,
            0.9951074123382568,
            0.0
          ],
          [
            0.0,
            0.0,
            0.0,
            1.0
          ]
        ],
        "rotation_mode": "QUATERNION"
      },
      "armature_space": {
        "head": {
          "x": 0.3234850764274597,
          "y": -0.5377041697502136,
          "z": 0.11850656569004059
        },
        "tail": {
          "x": 0.33254680037498474,
          "y": -0.5520925521850586,
          "z": 0.09474527090787888
        }
      },
      "world_space": {
        "head": {
          "x": 0.3234850764274597,
          "y": -0.4744601845741272,
          "z": 1.0683605670928955
        },
        "tail": {
          "x": 0.33254680037498474,
          "y": -0.48884856700897217,
          "z": 1.0445992946624756
        },
        "rotation_quaternion": {
          "w": 0.501937747001648,
          "x": -0.8304150700569153,
          "y": -0.04289643466472626,
          "z": -0.23796895146369934
        },
        "matrix": [
          [
            0.8830618262290955,
            0.31013455986976624,
            0.3521621525287628,
            0.3234850764274597
          ],
          [
            -0.16764581203460693,
            -0.4924376606941223,
            0.8540493249893188,
            -0.4744601845741272
          ],
          [
            0.438291072845459,
            -0.8132227063179016,
            -0.38286224007606506,
            1.0683605670928955
          ],
          [
            0.0,
            0.0,
            0.0,
            1.0
          ]
        ]
      },
      "bone_length_armature_space": 0.029218821061718556,
      "parent": "index_02_l",
      "has_children": false,
      "is_end_bone": true
    },
    "metacarpal_pinky_l": {
      "name": "metacarpal_pinky_l",
      "local": {
        "location": {
          "x": 0.0,
          "y": 0.0,
          "z": 0.0
        },
        "rotation_quaternion": {
          "w": 0.99966961145401,
          "x": 0.0041995965875685215,
          "y": 0.018537236377596855,
          "z": 0.017304476350545883
        },
        "scale": {
          "x": 1.0,
          "y": 1.0,
          "z": 1.0
        },
        "matrix_basis": [
          [
            0.9987138509750366,
            -0.03444182127714157,
            0.03720756620168686,
            0.0
          ],
          [
            0.034753214567899704,
            0.9993658661842346,
            -0.007754863705486059,
            0.0
          ],
          [
            -0.036916881799697876,
            0.009037972427904606,
            0.9992774724960327,
            0.0
          ],
          [
            0.0,
            0.0,
            0.0,
            1.0
          ]
        ],
        "rotation_mode": "QUATERNION"
      },
      "armature_space": {
        "head": {
          "x": 0.3242739737033844,
          "y": -0.46921229362487793,
          "z": 0.27109724283218384
        },
        "tail": {
          "x": 0.3466903567314148,
          "y": -0.5494970083236694,
          "z": 0.20868611335754395
        }
      },
      "world_space": {
        "head": {
          "x": 0.3242739737033844,
          "y": -0.4059683084487915,
          "z": 1.2209513187408447
        },
        "tail": {
          "x": 0.3466903567314148,
          "y": -0.486253023147583,
          "z": 1.15854012966156
        },
        "rotation_quaternion": {
          "w": 0.10767950117588043,
          "x": -0.5833804607391357,
          "y": -0.3207900822162628,
          "z": 0.7383536696434021
        },
        "matrix": [
          [
            -0.2961461544036865,
            0.21527144312858582,
            -0.9305674433708191,
            0.3242739737033844
          ],
          [
            0.5332956314086914,
            -0.7709989547729492,
            -0.3480755090713501,
            -0.4059683084487915
          ],
          [
            -0.7924023866653442,
            -0.5993534922599792,
            0.11352546513080597,
            1.2209513187408447
          ],
          [
            0.0,
            0.0,
            0.0,
            1.0
          ]
        ]
      },
      "bone_length_armature_space": 0.10413106596204551,
      "parent": "lowerarm_l",
      "has_children": true,
      "is_end_bone": false
    },
    "pinky_01_l": {
      "name": "pinky_01_l",
      "local": {
        "location": {
          "x": 0.0,
          "y": 0.0,
          "z": 0.0
        },
        "rotation_quaternion": {
          "w": 0.993811845779419,
          "x": -0.11045251786708832,
          "y": -0.010526195168495178,
          "z": 0.005246794316917658
        },
        "scale": {
          "x": 1.0,
          "y": 1.0,
          "z": 1.0
        },
        "matrix_basis": [
          [
            0.9997233152389526,
            -0.00810336321592331,
            -0.022081159055233,
            0.0
          ],
          [
            0.012753942050039768,
            0.9755454063415527,
            0.21942758560180664,
            0.0
          ],
          [
            0.019763071089982986,
            -0.21964849531650543,
            0.9753788709640503,
            0.0
          ],
          [
            0.0,
            0.0,
            0.0,
            1.0
          ]
        ],
        "rotation_mode": "QUATERNION"
      },
      "armature_space": {
        "head": {
          "x": 0.3466903567314148,
          "y": -0.5494970083236694,
