{
  "metadata": {
    "armature_name": "KIM_caucasian_male",
    "export_time": "2026-01-13T20:56:11.737990",
    "blender_version": "4.4.1",
    "bone_count": 56,
    "end_bone_count": 13,
    "spaces_included": [
      "LOCAL_CHANNELS",
      "ARMATURE_SPACE",
      "WORLD_SPACE"
    ],
    "note": "LOCAL matches Transform panel; replay pose via local.matrix_basis for best fidelity."
  },
  "bones": {
    "Root": {
      "name": "Root",
      "local": {
        "location": {
          "x": 0.0,
          "y": 0.0,
          "z": 0.0
        },
        "rotation_quaternion": {
          "w": 0.9997516870498657,
          "x": 0.014701035805046558,
          "y": 0.013314886018633842,
          "z": 0.0101627754047513
        },
        "scale": {
          "x": 1.0,
          "y": 1.0,
          "z": 1.0
        },
        "matrix_basis": [
          [
            0.9994388818740845,
            -0.01992901787161827,
            0.026921967044472694,
            0.0
          ],
          [
            0.0207119882106781,
            0.9993612170219421,
            -0.02912413887679577,
            0.0
          ],
          [
            -0.026324352249503136,
            0.029665403068065643,
            0.9992131590843201,
            0.0
          ],
          [
            0.0,
            0.0,
            0.0,
            1.0
          ]
        ],
        "rotation_mode": "QUATERNION"
      },
      "armature_space": {
        "head": {
          "x": 0.0,
          "y": 0.07072800397872925,
          "z": -0.009595036506652832
        },
        "tail": {
          "x": -0.0014224509941413999,
          "y": -0.0002394542098045349,
          "z": -0.002104319166392088
        }
      },
      "world_space": {
        "head": {
          "x": 0.0,
          "y": 0.13397200405597687,
          "z": 0.9402589797973633
        },
        "tail": {
          "x": -0.0014224509941413999,
          "y": 0.06300454586744308,
          "z": 0.947749674320221
        },
        "rotation_quaternion": {
          "w": 0.05268329009413719,
          "x": 0.9984707832336426,
          "y": -0.009242692962288857,
          "z": 0.013969283550977707
        },
        "matrix": [
          [
            0.9994388818740845,
            -0.01992901787161827,
            0.026921967044472694,
            0.0
          ],
          [
            -0.0169852152466774,
            -0.994278073310852,
            -0.1054641380906105,
            0.13397200405597687
          ],
          [
            0.028869902715086937,
            0.10494747757911682,
            -0.9940656423568726,
            0.9402589797973633
          ],
          [
            0.0,
            0.0,
            0.0,
            1.0
          ]
        ]
      },
      "bone_length_armature_space": 0.07137586675516246,
      "parent": null,
      "has_children": true,
      "is_end_bone": false
    },
    "spine_01": {
      "name": "spine_01",
      "local": {
        "location": {
          "x": 0.0,
          "y": 0.0,
          "z": 0.0
        },
        "rotation_quaternion": {
          "w": 0.9991782903671265,
          "x": -0.022717507556080818,
          "y": 0.0052742431871593,
          "z": 0.03314889594912529
        },
        "scale": {
          "x": 1.0,
          "y": 1.0,
          "z": 1.0
        },
        "matrix_basis": [
          [
            0.9977466464042664,
            -0.06648294627666473,
            0.00903369765728712,
            0.0
          ],
          [
            0.06600368022918701,
            0.9967701435089111,
            0.04574735090136528,
            0.0
          ],
          [
            -0.012045939452946186,
            -0.04504800960421562,
            0.9989122152328491,
            0.0
          ],
          [
            0.0,
            0.0,
            0.0,
            1.0
          ]
        ],
        "rotation_mode": "QUATERNION"
      },
      "armature_space": {
        "head": {
          "x": -0.0014224509941413999,
          "y": -0.0002394542098045349,
          "z": -0.002104319166392088
        },
        "tail": {
          "x": -0.04736117646098137,
          "y": 0.03084460087120533,
          "z": 0.48273786902427673
        }
      },
      "world_space": {
        "head": {
          "x": -0.0014224509941413999,
          "y": 0.06300454586744308,
          "z": 0.947749674320221
        },
        "tail": {
          "x": -0.04736117646098137,
          "y": 0.0940885990858078,
          "z": 1.4325919151306152
        },
        "rotation_quaternion": {
          "w": 0.7283998727798462,
          "x": 0.6835125684738159,
          "y": -0.03580065444111824,
          "z": 0.03102424554526806
        },
        "matrix": [
          [
            0.9955115914344788,
            -0.09413649886846542,
            -0.009742850437760353,
            -0.0014224509941413999
          ],
          [
            -0.003743615932762623,
            0.06369667500257492,
            -0.9979623556137085,
            0.06300454586744308
          ],
          [
            0.09456592053174973,
            0.9935265779495239,
            0.06305789947509766,
            0.947749674320221
          ],
          [
            0.0,
            0.0,
            0.0,
            1.0
          ]
        ]
      },
      "bone_length_armature_space": 0.4880046387018412,
      "parent": "Root",
      "has_children": true,
      "is_end_bone": false
    },
    "neck_01": {
      "name": "neck_01",
      "local": {
        "location": {
          "x": 0.0,
          "y": 0.0,
          "z": 0.0
        },
        "rotation_quaternion": {
          "w": 0.9909399747848511,
          "x": -0.012760350480675697,
          "y": -0.05137484148144722,
          "z": 0.12343393266201019
        },
        "scale": {
          "x": 1.0,
          "y": 1.0,
          "z": 1.0
        },
        "matrix_basis": [
          [
            0.9642493724822998,
            -0.24332010746002197,
            -0.10496889054775238,
            0.0
          ],
          [
            0.2459423542022705,
            0.96920245885849,
            0.012606685049831867,
            0.0
          ],
          [
            0.0986686497926712,
            -0.03797227889299393,
            0.9943956136703491,
            0.0
          ],
          [
            0.0,
            0.0,
            0.0,
            1.0
          ]
        ],
        "rotation_mode": "QUATERNION"
      },
      "armature_space": {
        "head": {
          "x": -0.054591596126556396,
          "y": 0.0008985996246337891,
          "z": 0.5576692223548889
        },
        "tail": {
          "x": -0.08854390680789948,
          "y": -0.027095772325992584,
          "z": 0.650266706943512
        }
      },
      "world_space": {
        "head": {
          "x": -0.054591596126556396,
          "y": 0.06414259970188141,
          "z": 1.5075232982635498
        },
        "tail": {
          "x": -0.08854390680789948,
          "y": 0.036148227751255035,
          "z": 1.6001207828521729
        },
        "rotation_quaternion": {
          "w": 0.5812882781028748,
          "x": 0.7950832843780518,
          "y": -0.1599196493625641,
          "z": 0.06612382084131241
        },
        "matrix": [
          [
            0.9401063919067383,
            -0.3311731517314911,
            -0.08077256381511688,
            -0.054591596126556396
          ],
          [
            -0.17742648720741272,
            -0.2730589807033539,
            -0.9454940557479858,
            0.06414259970188141
          ],
          [
            0.2910684049129486,
            0.9032021164894104,
            -0.3154665231704712,
            1.5075232982635498
          ],
          [
            0.0,
            0.0,
            0.0,
            1.0
          ]
        ]
      },
      "bone_length_armature_space": 0.10252189123473712,
      "parent": "spine_01",
      "has_children": true,
      "is_end_bone": false
    },
    "head": {
      "name": "head",
      "local": {
        "location": {
          "x": 0.0,
          "y": 0.0,
          "z": 0.0
        },
        "rotation_quaternion": {
          "w": 0.9806095361709595,
          "x": -0.10906717926263809,
          "y": 0.08935469388961792,
          "z": 0.13610653579235077
        },
        "scale": {
          "x": 1.0,
          "y": 1.0,
          "z": 1.0
        },
        "matrix_basis": [
          [
            0.9469814896583557,
            -0.2864260673522949,
            0.14555461704730988,
            0.0
          ],
          [
            0.24744340777397156,
            0.9391587376594543,
            0.23822814226150513,
            0.0
          ],
          [
            -0.20493364334106445,
            -0.18958111107349396,
            0.9602401852607727,
            0.0
          ],
          [
            0.0,
            0.0,
            0.0,
            1.0
          ]
        ],
        "rotation_mode": "QUATERNION"
      },
      "armature_space": {
        "head": {
          "x": -0.08854389190673828,
          "y": -0.027095898985862732,
          "z": 0.6502665877342224
        },
        "tail": {
          "x": -0.16526144742965698,
          "y": 0.022438447922468185,
          "z": 0.7756220102310181
        }
      },
      "world_space": {
        "head": {
          "x": -0.08854389190673828,
          "y": 0.03614810109138489,
          "z": 1.6001205444335938
        },
        "tail": {
          "x": -0.16526144742965698,
          "y": 0.0856824517250061,
          "z": 1.7254760265350342
        },
        "rotation_quaternion": {
          "w": 0.7874956727027893,
          "x": 0.5569825172424316,
          "y": -0.19886012375354767,
          "z": 0.17342358827590942
        },
        "matrix": [
          [
            0.8607579469680786,
            -0.4946640133857727,
            -0.12001334130764008,
            -0.08854389190673828
          ],
          [
            0.051620081067085266,
            0.31939053535461426,
            -0.946216344833374,
            0.03614810109138489
          ],
          [
            0.5063937902450562,
            0.8082740902900696,
            0.30045366287231445,
            1.6001205444335938
          ],
          [
            0.0,
            0.0,
            0.0,
            1.0
          ]
        ]
      },
      "bone_length_armature_space": 0.15509099633661202,
      "parent": "neck_01",
      "has_children": false,
      "is_end_bone": true
    },
    "upperarm_l": {
      "name": "upperarm_l",
      "local": {
        "location": {
          "x": 0.0,
          "y": 0.0,
          "z": 0.0
        },
        "rotation_quaternion": {
          "w": 0.7952191233634949,
          "x": 0.2944287955760956,
          "y": 0.5033359527587891,
          "z": 0.1661064624786377
        },
        "scale": {
          "x": 1.0,
          "y": 1.0,
          "z": 1.0
        },
        "matrix_basis": [
          [
            0.4381231367588043,
            0.032211124897003174,
            0.8983377814292908,
            0.0
          ],
          [
            0.5605752468109131,
            0.7714406251907349,
            -0.3010561168193817,
            0.0
          ],
          [
            -0.7027117013931274,
            0.6354855298995972,
            0.31992921233177185,
            0.0
          ],
          [
            0.0,
            0.0,
            0.0,
            1.0
          ]
        ],
        "rotation_mode": "QUATERNION"
      },
      "armature_space": {
        "head": {
          "x": 0.10103077441453934,
          "y": -0.00712648406624794,
          "z": 0.5052825212478638
        },
        "tail": {
          "x": 0.31302550435066223,
          "y": -0.17051289975643158,
          "z": 0.5183486938476562
        }
      },
      "world_space": {
        "head": {
          "x": 0.10103077441453934,
          "y": 0.05611751601099968,
          "z": 1.4551365375518799
        },
        "tail": {
          "x": 0.31302550435066223,
          "y": -0.10726889967918396,
          "z": 1.4682027101516724
        },
        "rotation_quaternion": {
          "w": 0.11796433478593826,
          "x": 0.8776609897613525,
          "y": 0.42570412158966064,
          "z": -0.18593494594097137
        },
        "matrix": [
          [
            0.5684082508087158,
            0.7911153435707092,
            -0.22593897581100464,
            0.10103077441453934
          ],
          [
            0.7033804655075073,
            -0.6097203493118286,
            -0.36537307500839233,
            0.05611751601099968
          ],
          [
            -0.4268141984939575,
            0.04875984042882919,
            -0.9030318260192871,
            1.4551365375518799
          ],
          [
            0.0,
            0.0,
            0.0,
            1.0
          ]
        ]
      },
      "bone_length_armature_space": 0.26796943081602986,
      "parent": "spine_01",
      "has_children": true,
      "is_end_bone": false
    },
    "lowerarm_l": {
      "name": "lowerarm_l",
      "local": {
        "location": {
          "x": 0.0,
          "y": 0.0,
          "z": 0.0
        },
        "rotation_quaternion": {
          "w": 0.969999372959137,
          "x": 0.1022709533572197,
          "y": -0.10832571983337402,
          "z": 0.1921132206916809
        },
        "scale": {
          "x": 1.0,
          "y": 1.0,
          "z": 1.0
        },
        "matrix_basis": [
          [
            0.9027161002159119,
            -0.3948565423488617,
            -0.1708565503358841,
            0.0
          ],
          [
            0.35054224729537964,
            0.9052663445472717,
            -0.24002712965011597,
            0.0
          ],
          [
            0.24944695830345154,
            0.15678390860557556,
            0.9556123614311218,
            0.0
          ],
          [
            0.0,
            0.0,
            0.0,
            1.0
          ]
        ],
        "rotation_mode": "QUATERNION"
      },
      "armature_space": {
        "head": {
          "x": 0.31302547454833984,
          "y": -0.1705130636692047,
          "z": 0.5183486938476562
        },
        "tail": {
          "x": 0.40964633226394653,
          "y": -0.41941767930984497,
          "z": 0.5350890755653381
        }
      },
      "world_space": {
        "head": {
          "x": 0.31302547454833984,
          "y": -0.10726906359195709,
          "z": 1.4682027101516724
        },
        "tail": {
          "x": 0.40964633226394653,
          "y": -0.35617369413375854,
          "z": 1.484943151473999
        },
        "rotation_quaternion": {
          "w": 0.09966054558753967,
          "x": 0.9079065918922424,
          "y": 0.15769578516483307,
          "z": -0.3753739595413208
        },
        "matrix": [
          [
            0.6684526801109314,
            0.36116644740104675,
            -0.6501765251159668,
            0.31302547454833984
          ],
          [
            0.2115263193845749,
            -0.930399477481842,
            -0.2993556261062622,
            -0.10726906359195709
          ],
          [
            -0.7130459547042847,
            0.06257522106170654,
            -0.698329508304596,
            1.4682027101516724
          ],
          [
            0.0,
            0.0,
            0.0,
            1.0
          ]
        ]
      },
      "bone_length_armature_space": 0.26752446293053667,
      "parent": "upperarm_l",
      "has_children": true,
      "is_end_bone": false
    },
    "metacarpal_thumb_l": {
      "name": "metacarpal_thumb_l",
      "local": {
        "location": {
          "x": 0.0,
          "y": 0.0,
          "z": 0.0
        },
        "rotation_quaternion": {
          "w": 0.9998275637626648,
          "x": -0.016499314457178116,
          "y": -0.0025670360773801804,
          "z": -0.008126395754516125
        },
        "scale": {
          "x": 1.0,
          "y": 1.0,
          "z": 1.0
        },
        "matrix_basis": [
          [
            0.9998547434806824,
            0.016334697604179382,
            -0.004865027032792568,
            0.0
          ],
          [
            -0.01616528071463108,
            0.9993234872817993,
            0.033034659922122955,
            0.0
          ],
          [
            0.005401346832513809,
            -0.03295121714472771,
            0.9994423389434814,
            0.0
          ],
          [
            0.0,
            0.0,
            0.0,
            1.0
          ]
        ],
        "rotation_mode": "QUATERNION"
      },
      "armature_space": {
        "head": {
          "x": 0.40964633226394653,
          "y": -0.41941767930984497,
          "z": 0.5350890755653381
        },
        "tail": {
          "x": 0.4104669392108917,
          "y": -0.4633965492248535,
          "z": 0.5123123526573181
        }
      },
      "world_space": {
        "head": {
          "x": 0.40964633226394653,
          "y": -0.35617369413375854,
          "z": 1.484943151473999
        },
        "tail": {
          "x": 0.4104669392108917,
          "y": -0.4001525640487671,
          "z": 1.4621663093566895
        },
        "rotation_quaternion": {
          "w": 0.22626495361328125,
          "x": -0.9174438118934631,
          "y": 0.06982377171516418,
          "z": -0.31972745060920715
        },
        "matrix": [
          [
            0.7857980728149414,
            0.01656660996377468,
            0.61826092004776,
            0.40964633226394653
          ],
          [
            -0.2728046774864197,
            -0.8878582119941711,
            0.3705207109451294,
            -0.35617369413375854
          ],
          [
            0.555070161819458,
            -0.45982301235198975,
            -0.6931623816490173,
            1.484943151473999
          ],
          [
            0.0,
            0.0,
            0.0,
            1.0
          ]
        ]
      },
      "bone_length_armature_space": 0.04953376150234523,
      "parent": "lowerarm_l",
      "has_children": true,
      "is_end_bone": false
    },
    "thumb_01_l": {
      "name": "thumb_01_l",
      "local": {
        "location": {
          "x": 0.0,
          "y": 0.0,
          "z": 0.0
        },
        "rotation_quaternion": {
          "w": 0.9975070953369141,
          "x": -0.06709132343530655,
          "y": 0.013370700180530548,
          "z": -0.01731567643582821
        },
        "scale": {
          "x": 1.0,
          "y": 1.0,
          "z": 1.0
        },
        "matrix_basis": [
          [
            0.999042809009552,
            0.03275090456008911,
            0.028998199850320816,
            0.0
          ],
          [
            -0.03633913770318031,
            0.9903978705406189,
            0.1333850920200348,
            0.0
          ],
          [
            -0.024351272732019424,
            -0.13431118428707123,
            0.9906399846076965,
            0.0
          ],
          [
            0.0,
            0.0,
            0.0,
            1.0
          ]
        ],
        "rotation_mode": "QUATERNION"
      },
      "armature_space": {
        "head": {
          "x": 0.4104669392108917,
          "y": -0.4633965492248535,
          "z": 0.5123123526573181
        },
        "tail": {
          "x": 0.41881147027015686,
          "y": -0.4723655879497528,
          "z": 0.480554461479187
        }
      },
      "world_space": {
        "head": {
          "x": 0.4104669392108917,
          "y": -0.4001525640487671,
          "z": 1.4621663093566895
        },
        "tail": {
          "x": 0.41881147027015686,
          "y": -0.409121572971344,
          "z": 1.4304084777832031
        },
        "rotation_quaternion": {
          "w": 0.39800068736076355,
          "x": -0.3517032563686371,
          "y": 0.45809078216552734,
          "z": -0.7127785682678223
        },
        "matrix": [
          [
            -0.43579965829849243,
            0.24514932930469513,
            0.8660140037536621,
            0.4104669392108917
          ],
          [
            -0.8895972371101379,
            -0.26349642872810364,
            -0.3730771839618683,
            -0.4001525640487671
          ],
          [
            0.13673213124275208,
            -0.932997465133667,
            0.3329180181026459,
            1.4621663093566895
          ],
          [
            0.0,
            0.0,
            0.0,
            1.0
          ]
        ]
      },
      "bone_length_armature_space": 0.034038779794331016,
      "parent": "metacarpal_thumb_l",
      "has_children": true,
      "is_end_bone": false
    },
    "thumb_02_l": {
      "name": "thumb_02_l",
      "local": {
        "location": {
          "x": 0.0,
          "y": 0.0,
          "z": 0.0
        },
        "rotation_quaternion": {
          "w": 0.9983021020889282,
          "x": 0.05738969147205353,
          "y": -0.007872290909290314,
          "z": -0.00611300952732563
        },
        "scale": {
          "x": 1.0,
          "y": 1.0,
          "z": 1.0
        },
        "matrix_basis": [
          [
            0.9998013377189636,
            0.011301684193313122,
            -0.01641949638724327,
            0.0
          ],
          [
            -0.01310883741825819,
            0.9933381080627441,
            -0.11448825150728226,
            0.0
          ],
          [
            0.015016201883554459,
            0.11468074470758438,
            0.9932888746261597,
            0.0
          ],
          [
            0.0,
            0.0,
            0.0,
            1.0
          ]
        ],
        "rotation_mode": "QUATERNION"
      },
      "armature_space": {
        "head": {
          "x": 0.41881147027015686,
          "y": -0.47236552834510803,
          "z": 0.480554461479187
        },
        "tail": {
          "x": 0.43316274881362915,
          "y": -0.5098105072975159,
          "z": 0.47829779982566833
        }
      },
      "world_space": {
        "head": {
          "x": 0.41881147027015686,
          "y": -0.4091215133666992,
          "z": 1.4304084777832031
        },
        "tail": {
          "x": 0.43316274881362915,
          "y": -0.44656652212142944,
          "z": 1.4281518459320068
        },
        "rotation_quaternion": {
          "w": 0.18167443573474884,
          "x": 0.002915172604843974,
          "y": 0.029119214043021202,
          "z": -0.9829232096672058
        },
        "matrix": [
          [
            -0.9339717626571655,
            0.35731369256973267,
            0.004849918186664581,
            0.41881147027015686
          ],
          [
            -0.35697445273399353,
            -0.9322930574417114,
            -0.058302707970142365,
            -0.4091215133666992
          ],
          [
            -0.01631144806742668,
            -0.056185513734817505,
            0.9982941150665283,
            1.4304084777832031
          ],
          [
            0.0,
            0.0,
            0.0,
            1.0
          ]
        ]
      },
      "bone_length_armature_space": 0.04016438855028539,
      "parent": "thumb_01_l",
      "has_children": true,
      "is_end_bone": false
    },
    "thumb_03_l": {
      "name": "thumb_03_l",
      "local": {
        "location": {
          "x": 0.0,
          "y": 0.0,
          "z": 0.0
        },
        "rotation_quaternion": {
          "w": 0.9984742403030396,
          "x": 0.05468141287565231,
          "y": 0.007670038379728794,
          "z": 0.0005469595780596137
        },
        "scale": {
          "x": 1.0,
          "y": 1.0,
          "z": 1.0
        },
        "matrix_basis": [
          [
            0.9998817443847656,
            -0.0002534330415073782,
            0.01537648867815733,
            0.0
          ],
          [
            0.0019310672068968415,
            0.9940192699432373,
            -0.10918757319450378,
            0.0
          ],
          [
            -0.015256854705512524,
            0.10920435190200806,
            0.9939022064208984,
            0.0
          ],
          [
            0.0,
            0.0,
            0.0,
            1.0
          ]
        ],
        "rotation_mode": "QUATERNION"
      },
      "armature_space": {
        "head": {
          "x": 0.4331626892089844,
          "y": -0.5098105072975159,
          "z": 0.47829774022102356
        },
        "tail": {
          "x": 0.4466122090816498,
          "y": -0.5353599786758423,
          "z": 0.48795315623283386
        }
      },
      "world_space": {
        "head": {
          "x": 0.4331626892089844,
          "y": -0.44656652212142944,
          "z": 1.4281517267227173
        },
        "tail": {
          "x": 0.4466122090816498,
          "y": -0.47211599349975586,
          "z": 1.4378072023391724
        },
        "rotation_quaternion": {
          "w": 0.2635180950164795,
          "x": 0.2321704924106598,
          "y": -0.10467260330915451,
          "z": -0.9304293990135193
        },
        "matrix": [
          [
            -0.7533100843429565,
            0.44176656007766724,
            -0.48720240592956543,
            0.4331626892089844
          ],
          [
            -0.5389741063117981,
            -0.8392036557197571,
            0.07241803407669067,
            -0.44656652212142944
          ],
          [
            -0.3768734633922577,
            0.3171442747116089,
            0.8702873587608337,
            1.4281517267227173
          ],
          [
            0.0,
            0.0,
            0.0,
            1.0
          ]
        ]
      },
      "bone_length_armature_space": 0.03044490278816813,
      "parent": "thumb_02_l",
      "has_children": false,
      "is_end_bone": true
    },
    "metacarpal_index_l": {
      "name": "metacarpal_index_l",
      "local": {
        "location": {
          "x": 0.0,
          "y": 0.0,
          "z": 0.0
        },
        "rotation_quaternion": {
          "w": 0.9986745119094849,
          "x": -0.0463300496339798,
          "y": 0.02242160402238369,
          "z": -0.0003367221215739846
        },
        "scale": {
          "x": 1.0,
          "y": 1.0,
          "z": 1.0
        },
        "matrix_basis": [
          [
            0.9989942908287048,
            -0.0014050364261493087,
            0.04481497034430504,
            0.0
          ],
          [
            -0.002750139683485031,
            0.9957067966461182,
            0.09252218157052994,
            0.0
          ],
          [
            -0.0447525680065155,
            -0.09255237877368927,
            0.994701623916626,
            0.0
          ],
          [
            0.0,
            0.0,
            0.0,
            1.0
          ]
        ],
        "rotation_mode": "QUATERNION"
      },
      "armature_space": {
        "head": {
          "x": 0.40964633226394653,
          "y": -0.41941767930984497,
          "z": 0.5350890755653381
        },
        "tail": {
          "x": 0.42916396260261536,
          "y": -0.5343677401542664,
          "z": 0.5234802961349487
        }
      },
      "world_space": {
        "head": {
          "x": 0.40964633226394653,
          "y": -0.35617369413375854,
          "z": 1.484943151473999
        },
        "tail": {
          "x": 0.42916396260261536,
          "y": -0.47112375497817993,
          "z": 1.4733343124389648
        },
        "rotation_quaternion": {
          "w": 0.05711786076426506,
          "x": -0.9911925792694092,
          "y": -0.07885412871837616,
          "z": -0.08976006507873535
        },
        "matrix": [
          [
            0.9714502096176147,
            0.16657289862632751,
            0.16893094778060913,
            0.40964633226394653
          ],
          [
            0.14606568217277527,
            -0.9810393452644348,
            0.12738513946533203,
            -0.35617369413375854
          ],
          [
            0.1869482547044754,
            -0.09907495975494385,
            -0.9773683547973633,
            1.484943151473999
          ],
          [
            0.0,
            0.0,
            0.0,
            1.0
          ]
        ]
      },
      "bone_length_armature_space": 0.11717174512288941,
      "parent": "lowerarm_l",
      "has_children": true,
      "is_end_bone": false
    },
    "index_01_l": {
      "name": "index_01_l",
      "local": {
        "location": {
          "x": 0.0,
          "y": 0.0,
          "z": 0.0
        },
        "rotation_quaternion": {
          "w": 0.9902479648590088,
          "x": -0.1384851634502411,
          "y": 0.014167019166052341,
          "z": 0.005490477662533522
        },
        "scale": {
          "x": 1.0,
          "y": 1.0,
          "z": 1.0
        },
        "matrix_basis": [
          [
            0.9995383024215698,
            -0.014797712676227093,
            0.02653702348470688,
            0.0
          ],
          [
            0.006950024515390396,
            0.9615834355354309,
            0.27442488074302673,
            0.0
          ],
          [
            -0.029578423127532005,
            -0.2741137444972992,
            0.9612423181533813,
            0.0
          ],
          [
            0.0,
            0.0,
            0.0,
            1.0
          ]
        ],
        "rotation_mode": "QUATERNION"
      },
      "armature_space": {
        "head": {
          "x": 0.42916396260261536,
          "y": -0.5343677401542664,
          "z": 0.5234802961349487
        },
        "tail": {
          "x": 0.4397035241127014,
          "y": -0.5587806105613708,
          "z": 0.5337758660316467
        }
      },
      "world_space": {
        "head": {
          "x": 0.42916396260261536,
          "y": -0.47112375497817993,
          "z": 1.4733343124389648
        },
        "tail": {
          "x": 0.4397035241127014,
          "y": -0.4955366253852844,
          "z": 1.4836299419403076
        },
        "rotation_quaternion": {
          "w": 0.15136408805847168,
          "x": 0.9488288760185242,
          "y": 0.22137901186943054,
          "z": 0.16674555838108063
        },
        "matrix": [
          [
            0.8463743329048157,
            0.3696230351924896,
            0.3834437429904938,
            0.42916396260261536
          ],
          [
            0.4705806076526642,
            -0.8561605215072632,
            -0.21340906620025635,
            -0.47112375497817993
          ],
          [
            0.2494106888771057,
            0.36106687784194946,
            -0.8985763192176819,
            1.4733343124389648
          ],
          [
            0.0,
            0.0,
            0.0,
            1.0
          ]
        ]
      },
      "bone_length_armature_space": 0.02851437112136819,
      "parent": "metacarpal_index_l",
      "has_children": true,
      "is_end_bone": false
    },
    "index_02_l": {
      "name": "index_02_l",
      "local": {
        "location": {
          "x": 0.0,
          "y": 0.0,
          "z": 0.0
        },
        "rotation_quaternion": {
          "w": 0.9988058805465698,
          "x": 0.047277748584747314,
          "y": 0.011255755089223385,
          "z": -0.004993098322302103
        },
        "scale": {
          "x": 1.0,
          "y": 1.0,
          "z": 1.0
        },
        "matrix_basis": [
          [
            0.9996967315673828,
            0.011038565076887608,
            0.022012503817677498,
            0.0
          ],
          [
            -0.008909977972507477,
            0.9954797625541687,
            -0.09455499053001404,
            0.0
          ],
          [
            -0.02295675314962864,
            0.09433018416166306,
            0.9952762722969055,
            0.0
          ],
          [
            0.0,
            0.0,
            0.0,
            1.0
          ]
        ],
        "rotation_mode": "QUATERNION"
      },
      "armature_space": {
        "head": {
          "x": 0.4397035837173462,
          "y": -0.5587811470031738,
          "z": 0.5337756872177124
        },
        "tail": {
          "x": 0.4505346119403839,
          "y": -0.5805881023406982,
          "z": 0.541852593421936
        }
      },
      "world_space": {
        "head": {
          "x": 0.4397035837173462,
          "y": -0.4955371618270874,
          "z": 1.4836297035217285
        },
        "tail": {
          "x": 0.4505346119403839,
          "y": -0.5173441171646118,
          "z": 1.4917066097259521
        },
        "rotation_quaternion": {
          "w": 0.13097533583641052,
          "x": 0.9521095156669617,
          "y": 0.24044334888458252,
          "z": 0.13608798384666443
        },
        "matrix": [
          [
            0.8473339080810547,
            0.4222084879875183,
            0.32212579250335693,
            0.4397035837173462
          ],
          [
            0.493505597114563,
            -0.8500648736953735,
            -0.18396270275115967,
            -0.4955371618270874
          ],
          [
            0.19615903496742249,
            0.3148500919342041,
            -0.9286578893661499,
            1.4836297035217285
          ],
          [
            0.0,
            0.0,
            0.0,
            1.0
          ]
        ]
      },
      "bone_length_armature_space": 0.025653281932580138,
      "parent": "index_01_l",
      "has_children": true,
      "is_end_bone": false
    },
    "index_03_l": {
      "name": "index_03_l",
      "local": {
        "location": {
          "x": 0.0,
          "y": 0.0,
          "z": 0.0
        },
        "rotation_quaternion": {
          "w": 0.999798595905304,
          "x": 0.019128261134028435,
          "y": -0.00490528205409646,
          "z": 0.0035759105812758207
        },
        "scale": {
          "x": 1.0,
          "y": 1.0,
          "z": 1.0
        },
        "matrix_basis": [
          [
            0.9999263286590576,
            -0.007338039577007294,
            -0.009671785868704319,
            0.0
          ],
          [
            0.006962721701711416,
            0.9992426633834839,
            -0.038283899426460266,
            0.0
          ],
          [
            0.009945389814674854,
            0.038213737308979034,
            0.999220073223114,
            0.0
          ],
          [
            0.0,
            0.0,
            0.0,
            1.0
          ]
        ],
        "rotation_mode": "QUATERNION"
      },
      "armature_space": {
        "head": {
          "x": 0.45053452253341675,
          "y": -0.5805881023406982,
          "z": 0.5418527126312256
        },
        "tail": {
          "x": 0.4660440683364868,
          "y": -0.60457444190979,
          "z": 0.5480042099952698
        }
      },
      "world_space": {
        "head": {
          "x": 0.45053452253341675,
          "y": -0.5173441171646118,
          "z": 1.4917067289352417
        },
        "tail": {
          "x": 0.4660440683364868,
          "y": -0.5413304567337036,
          "z": 1.4978582859039307
        },
        "rotation_quaternion": {
          "w": 0.06739165633916855,
          "x": 0.9434064030647278,
          "y": 0.2915404736995697,
          "z": 0.14299292862415314
        },
        "matrix": [
          [
            0.7891141772270203,
            0.5308092832565308,
            0.309095561504364,
            0.45053452253341675
          ],
          [
            0.5693556666374207,
            -0.8209250569343567,
            -0.04377876594662666,
            -0.5173441171646118
          ],
          [
            0.23050831258296967,
            0.21053242683410645,
            -0.9500296711921692,
            1.4917067289352417
          ],
          [
            0.0,
            0.0,
            0.0,
            1.0
          ]
        ]
      },
      "bone_length_armature_space": 0.029218682670679043,
      "parent": "index_02_l",
      "has_children": false,
      "is_end_bone": true
    },
    "metacarpal_pinky_l": {
      "name": "metacarpal_pinky_l",
      "local": {
        "location": {
          "x": 0.0,
          "y": 0.0,
          "z": 0.0
        },
        "rotation_quaternion": {
          "w": 0.9995290040969849,
          "x": -0.021513449028134346,
          "y": 0.017550615593791008,
          "z": -0.01307711098343134
        },
        "scale": {
          "x": 1.0,
          "y": 1.0,
          "z": 1.0
        },
        "matrix_basis": [
          [
            0.9990419149398804,
            0.025386754423379898,
            0.03564736619591713,
            0.0
          ],
          [
            -0.02689705230295658,
            0.998732328414917,
            0.04254760965704918,
            0.0
          ],
          [
            -0.034522030502557755,
            -0.04346565529704094,
            0.9984582662582397,
            0.0
          ],
          [
            0.0,
            0.0,
            0.0,
            1.0
          ]
        ],
        "rotation_mode": "QUATERNION"
      },
      "armature_space": {
        "head": {
          "x": 0.40964633226394653,
          "y": -0.41941767930984497,
          "z": 0.5350890755653381
        },
        "tail": {
          "x": 0.46903306245803833,
          "y": -0.5016972422599792,
          "z": 0.5584665536880493
        }
      },
      "world_space": {
        "head": {
          "x": 0.40964633226394653,
          "y": -0.35617369413375854,
          "z": 1.484943151473999
        },
        "tail": {
          "x": 0.46903306245803833,
          "y": -0.4384532570838928,
          "z": 1.5083205699920654
        },
        "rotation_quaternion": {
          "w": 0.31868845224380493,
          "x": 0.49846407771110535,
          "y": 0.057957299053668976,
          "z": -0.8041220903396606
        },
        "matrix": [
          [
            -0.29994192719459534,
            0.5703092813491821,
            -0.7647102475166321,
            0.40964633226394653
          ],
          [
            -0.4547504484653473,
            -0.7901563048362732,
            -0.4109204411506653,
            -0.35617369413375854
          ],
          [
            -0.8385987877845764,
            0.22450095415115356,
            0.49635249376296997,
            1.484943151473999
          ],
          [
            0.0,
            0.0,
            0.0,
            1.0
          ]
        ]
      },
      "bone_length_armature_space": 0.10413076662536887,
      "parent": "lowerarm_l",
      "has_children": true,
      "is_end_bone": false
    },
    "pinky_01_l": {
      "name": "pinky_01_l",
      "local": {
        "location": {
          "x": 0.0,
          "y": 0.0,
          "z": 0.0
        },
        "rotation_quaternion": {
          "w": 0.9949700832366943,
          "x": -0.09962308406829834,
          "y": 0.0014877533540129662,
          "z": -0.010373037308454514
        },
        "scale": {
          "x": 1.0,
          "y": 1.0,
          "z": 1.0
        },
        "matrix_basis": [
          [
            0.9997803568840027,
            0.02034529484808445,
            0.00502732815220952,
            0.0
          ],
          [
            -0.020938152447342873,
            0.9799352884292603,
            0.1982131153345108,
            0.0
          ],
          [
            -0.0008937522070482373,
            -0.19827483594417572,
            0.980146050453186,
            0.0
          ],
          [
            0.0,
            0.0,
            0.0,
            1.0
          ]
        ],
        "rotation_mode": "QUATERNION"
      },
      "armature_space": {
        "head": {
          "x": 0.46903306245803833,
          "y": -0.5016972422599792,
          "z": 0.5584665536880493
        },
