{
  "metadata": {
    "armature_name": "KIM_caucasian_male",
    "export_time": "2026-01-13T21:07:38.153991",
    "blender_version": "4.4.1",
    "bone_count": 56,
    "end_bone_count": 13,
    "spaces_included": [
      "LOCAL_CHANNELS",
      "ARMATURE_SPACE",
      "WORLD_SPACE"
    ],
    "note": "LOCAL matches Transform panel; replay pose via local.matrix_basis for best fidelity."
  },
  "bones": {
    "Root": {
      "name": "Root",
      "local": {
        "location": {
          "x": 0.0,
          "y": 0.0,
          "z": 0.0
        },
        "rotation_quaternion": {
          "w": 0.9998923540115356,
          "x": -0.0002038961829384789,
          "y": 0.005940632428973913,
          "z": 0.013419165275990963
        },
        "scale": {
          "x": 1.0,
          "y": 1.0,
          "z": 1.0
        },
        "matrix_basis": [
          [
            0.999569296836853,
            -0.026837864890694618,
            0.011874513700604439,
            0.0
          ],
          [
            0.02683301828801632,
            0.9996397495269775,
            0.000567185110412538,
            0.0
          ],
          [
            -0.011885457672178745,
            -0.00024831181508488953,
            0.9999293088912964,
            0.0
          ],
          [
            0.0,
            0.0,
            0.0,
            1.0
          ]
        ],
        "rotation_mode": "QUATERNION"
      },
      "armature_space": {
        "head": {
          "x": 0.0,
          "y": 0.07072800397872925,
          "z": -0.009595036506652832
        },
        "tail": {
          "x": -0.0019155759364366531,
          "y": 2.7865171432495117e-05,
          "z": 1.4105811715126038e-05
        }
      },
      "world_space": {
        "head": {
          "x": 0.0,
          "y": 0.13397200405597687,
          "z": 0.9402589797973633
        },
        "tail": {
          "x": -0.0019155759364366531,
          "y": 0.06327186524868011,
          "z": 0.9498681426048279
        },
        "rotation_quaternion": {
          "w": 0.06756383925676346,
          "x": 0.9976071119308472,
          "y": -0.01298847422003746,
          "z": 0.006831159349530935
        },
        "matrix": [
          [
            0.999569296836853,
            -0.026837864890694618,
            0.011874513700604439,
            0.0
          ],
          [
            -0.024991700425744057,
            -0.9905328154563904,
            -0.13498222827911377,
            0.13397200405597687
          ],
          [
            0.015384813770651817,
            0.1346273273229599,
            -0.9907839298248291,
            0.9402589797973633
          ],
          [
            0.0,
            0.0,
            0.0,
            1.0
          ]
        ]
      },
      "bone_length_armature_space": 0.07137586998534252,
      "parent": null,
      "has_children": true,
      "is_end_bone": false
    },
    "spine_01": {
      "name": "spine_01",
      "local": {
        "location": {
          "x": 0.0,
          "y": 0.0,
          "z": 0.0
        },
        "rotation_quaternion": {
          "w": 0.9999144077301025,
          "x": -0.0030483382288366556,
          "y": 0.00900367833673954,
          "z": 0.008996703661978245
        },
        "scale": {
          "x": 1.0,
          "y": 1.0,
          "z": 1.0
        },
        "matrix_basis": [
          [
            0.999675989151001,
            -0.018046759068965912,
            0.017950965091586113,
            0.0
          ],
          [
            0.01793697476387024,
            0.9998195171356201,
            0.006258161272853613,
            0.0
          ],
          [
            -0.01806066557765007,
            -0.005934147629886866,
            0.999819278717041,
            0.0
          ],
          [
            0.0,
            0.0,
            0.0,
            1.0
          ]
        ],
        "rotation_mode": "QUATERNION"
      },
      "armature_space": {
        "head": {
          "x": -0.0019155759364366531,
          "y": 2.7865171432495117e-05,
          "z": 1.4105811715126038e-05
        },
        "tail": {
          "x": -0.017567414790391922,
          "y": 0.026229117065668106,
          "z": 0.4870634377002716
        }
      },
      "world_space": {
        "head": {
          "x": -0.0019155759364366531,
          "y": 0.06327186524868011,
          "z": 0.9498681426048279
        },
        "tail": {
          "x": -0.017567414790391922,
          "y": 0.08947311341762543,
          "z": 1.4369174242019653
        },
        "rotation_quaternion": {
          "w": 0.7257084250450134,
          "x": 0.6878042817115784,
          "y": -0.013875162228941917,
          "z": 0.008947513066232204
        },
        "matrix": [
          [
            0.9994548559188843,
            -0.032073359936475754,
            -0.00783015787601471,
            -0.0019155759364366531
          ],
          [
            -0.006099989637732506,
            0.05369095504283905,
            -0.9985390305519104,
            0.06327186524868011
          ],
          [
            0.03244712948799133,
            0.9980494379997253,
            0.053465504199266434,
            0.9498681426048279
          ],
          [
            0.0,
            0.0,
            0.0,
            1.0
          ]
        ]
      },
      "bone_length_armature_space": 0.48800465101717677,
      "parent": "Root",
      "has_children": true,
      "is_end_bone": false
    },
    "neck_01": {
      "name": "neck_01",
      "local": {
        "location": {
          "x": 0.0,
          "y": 0.0,
          "z": 0.0
        },
        "rotation_quaternion": {
          "w": 0.9961195588111877,
          "x": -0.026717033237218857,
          "y": -0.029399216175079346,
          "z": -0.07853564620018005
        },
        "scale": {
          "x": 1.0,
          "y": 1.0,
          "z": 1.0
        },
        "matrix_basis": [
          [
            0.9859356880187988,
            0.15803270041942596,
            -0.054373789578676224,
            0.0
          ],
          [
            -0.15489086508750916,
            0.9862366914749146,
            0.05784448981285095,
            0.0
          ],
          [
            0.06276674568653107,
            -0.04860894754528999,
            0.9968437552452087,
            0.0
          ],
          [
            0.0,
            0.0,
            0.0,
            1.0
          ]
        ],
        "rotation_mode": "QUATERNION"
      },
      "armature_space": {
        "head": {
          "x": -0.02018732950091362,
          "y": -0.004469487816095352,
          "z": 0.5619933009147644
        },
        "tail": {
          "x": -0.007310850545763969,
          "y": -0.03322437405586243,
          "z": 0.6595540642738342
        }
      },
      "world_space": {
        "head": {
          "x": -0.02018732950091362,
          "y": 0.05877451226115227,
          "z": 1.5118472576141357
        },
        "tail": {
          "x": -0.007310850545763969,
          "y": 0.030019626021385193,
          "z": 1.6094081401824951
        },
        "rotation_quaternion": {
          "w": 0.5988143086433411,
          "x": 0.7979677319526672,
          "y": 0.03439024090766907,
          "z": -0.0590444840490818
        },
        "matrix": [
          [
            0.990662157535553,
            0.12559804320335388,
            -0.05304371938109398,
            -0.02018732950091362
          ],
          [
            -0.01582808792591095,
            -0.2804771065711975,
            -0.9597303867340088,
            0.05877451226115227
          ],
          [
            -0.13541872799396515,
            0.9516143202781677,
            -0.27587294578552246,
            1.5118472576141357
          ],
          [
            0.0,
            0.0,
            0.0,
            1.0
          ]
        ]
      },
      "bone_length_armature_space": 0.10252194857831552,
      "parent": "spine_01",
      "has_children": true,
      "is_end_bone": false
    },
    "head": {
      "name": "head",
      "local": {
        "location": {
          "x": 0.0,
          "y": 0.0,
          "z": 0.0
        },
        "rotation_quaternion": {
          "w": 0.9844473600387573,
          "x": -0.11225525289773941,
          "y": -0.12595759332180023,
          "z": 0.04895787686109543
        },
        "scale": {
          "x": 1.0,
          "y": 1.0,
          "z": 1.0
        },
        "matrix_basis": [
          [
            0.9634756445884705,
            -0.06811410188674927,
            -0.25898879766464233,
            0.0
          ],
          [
            0.12467170506715775,
            0.9700037837028503,
            0.20868554711341858,
            0.0
          ],
          [
            0.23700568079948425,
            -0.23335200548171997,
            0.9430668950080872,
            0.0
          ],
          [
            0.0,
            0.0,
            0.0,
            1.0
          ]
        ],
        "rotation_mode": "QUATERNION"
      },
      "armature_space": {
        "head": {
          "x": -0.0073108673095703125,
          "y": -0.03322450444102287,
          "z": 0.6595539450645447
        },
        "tail": {
          "x": 0.002885623835027218,
          "y": 0.015879783779382706,
          "z": 0.8063125610351562
        }
      },
      "world_space": {
        "head": {
          "x": -0.0073108673095703125,
          "y": 0.030019495636224747,
          "z": 1.609407901763916
        },
        "tail": {
          "x": 0.002885623835027218,
          "y": 0.07912378013134003,
          "z": 1.7561665773391724
        },
        "rotation_quaternion": {
          "w": 0.8076927065849304,
          "x": 0.5766518115997314,
          "y": -0.07707828283309937,
          "z": -0.09572950005531311
        },
        "matrix": [
          [
            0.9697896242141724,
            0.06574554741382599,
            -0.234916552901268,
            -0.0073108673095703125
          ],
          [
            -0.24353501200675964,
            0.31661757826805115,
            -0.9167575836181641,
            0.030019495636224747
          ],
          [
            0.014105871319770813,
            0.9462790489196777,
            0.32306504249572754,
            1.609407901763916
          ],
          [
            0.0,
            0.0,
            0.0,
            1.0
          ]
        ]
      },
      "bone_length_armature_space": 0.15509123578609568,
      "parent": "neck_01",
      "has_children": false,
      "is_end_bone": true
    },
    "upperarm_l": {
      "name": "upperarm_l",
      "local": {
        "location": {
          "x": 0.0,
          "y": 0.0,
          "z": 0.0
        },
        "rotation_quaternion": {
          "w": 0.6549991965293884,
          "x": 0.40960246324539185,
          "y": 0.19585974514484406,
          "z": 0.6040206551551819
        },
        "scale": {
          "x": 1.0,
          "y": 1.0,
          "z": 1.0
        },
        "matrix_basis": [
          [
            0.1935960203409195,
            -0.6308168172836304,
            0.751392662525177,
            0.0
          ],
          [
            0.951715350151062,
            -0.06523025780916214,
            -0.29997190833091736,
            0.0
          ],
          [
            0.23824074864387512,
            0.7731852531433105,
            0.5877295732498169,
            0.0
          ],
          [
            0.0,
            0.0,
            0.0,
            1.0
          ]
        ],
        "rotation_mode": "QUATERNION"
      },
      "armature_space": {
        "head": {
          "x": 0.13186149299144745,
          "y": -0.012177402153611183,
          "z": 0.4999542236328125
        },
        "tail": {
          "x": 0.1193433478474617,
          "y": -0.2147185504436493,
          "z": 0.6749639511108398
        }
      },
      "world_space": {
        "head": {
          "x": 0.13186149299144745,
          "y": 0.051066599786281586,
          "z": 1.4498082399368286
        },
        "tail": {
          "x": 0.1193433478474617,
          "y": -0.15147455036640167,
          "z": 1.624817967414856
        },
        "rotation_quaternion": {
          "w": 0.3423149585723877,
          "x": 0.9290248155593872,
          "y": -0.07001509517431259,
          "z": -0.12178382277488708
        },
        "matrix": [
          [
            0.9605333209037781,
            -0.046714816242456436,
            -0.2742147743701935,
            0.13186149299144745
          ],
          [
            -0.21346843242645264,
            -0.7558367252349854,
            -0.6189850568771362,
            0.051066599786281586
          ],
          [
            -0.17834720015525818,
            0.6530958414077759,
            -0.7359839677810669,
            1.4498082399368286
          ],
          [
            0.0,
            0.0,
            0.0,
            1.0
          ]
        ]
      },
      "bone_length_armature_space": 0.2679701939816224,
      "parent": "spine_01",
      "has_children": true,
      "is_end_bone": false
    },
    "lowerarm_l": {
      "name": "lowerarm_l",
      "local": {
        "location": {
          "x": 0.0,
          "y": 0.0,
          "z": 0.0
        },
        "rotation_quaternion": {
          "w": 0.8748378157615662,
          "x": 0.3871746361255646,
          "y": -0.2681557536125183,
          "z": 0.11334507912397385
        },
        "scale": {
          "x": 1.0,
          "y": 1.0,
          "z": 1.0
        },
        "matrix_basis": [
          [
            0.83049076795578,
            -0.40596333146095276,
            -0.381416916847229,
            0.0
          ],
          [
            -0.009329089894890785,
            0.6744973659515381,
            -0.7382183074951172,
            0.0
          ],
          [
            0.5569542646408081,
            0.6166417598724365,
            0.556376576423645,
            0.0
          ],
          [
            0.0,
            0.0,
            0.0,
            1.0
          ]
        ],
        "rotation_mode": "QUATERNION"
      },
      "armature_space": {
        "head": {
          "x": 0.11934321373701096,
          "y": -0.21471861004829407,
          "z": 0.6749639511108398
        },
        "tail": {
          "x": -0.07066010683774948,
          "y": -0.403039813041687,
          "z": 0.6767617464065552
        }
      },
      "world_space": {
        "head": {
          "x": 0.11934321373701096,
          "y": -0.15147460997104645,
          "z": 1.624817967414856
        },
        "tail": {
          "x": -0.07066010683774948,
          "y": -0.3397958278656006,
          "z": 1.6266157627105713
        },
        "rotation_quaternion": {
          "w": 0.1291808784008026,
          "x": -0.8664684891700745,
          "y": 0.3624112010002136,
          "z": 0.318123996257782
        },
        "matrix": [
          [
            0.534910261631012,
            -0.7102277874946594,
            -0.45765459537506104,
            0.11934321373701096
          ],
          [
            -0.5458453893661499,
            -0.7039401531219482,
            0.45444628596305847,
            -0.15147460997104645
          ],
          [
            -0.6449267268180847,
            0.006720036268234253,
            -0.7642241716384888,
            1.624817967414856
          ],
          [
            0.0,
            0.0,
            0.0,
            1.0
          ]
        ]
      },
      "bone_length_armature_space": 0.26752452314589736,
      "parent": "upperarm_l",
      "has_children": true,
      "is_end_bone": false
    },
    "metacarpal_thumb_l": {
      "name": "metacarpal_thumb_l",
      "local": {
        "location": {
          "x": 0.0,
          "y": 0.0,
          "z": 0.0
        },
        "rotation_quaternion": {
          "w": 0.9993923902511597,
          "x": 0.03269479051232338,
          "y": -0.011537106707692146,
          "z": -0.003578937379643321
        },
        "scale": {
          "x": 1.0,
          "y": 1.0,
          "z": 1.0
        },
        "matrix_basis": [
          [
            0.9997081756591797,
            0.006399118807166815,
            -0.023294217884540558,
            0.0
          ],
          [
            -0.007907931692898273,
            0.9978364706039429,
            -0.06526726484298706,
            0.0
          ],
          [
            0.022826168686151505,
            0.06543242931365967,
            0.9975959062576294,
            0.0
          ],
          [
            0.0,
            0.0,
            0.0,
            1.0
          ]
        ],
        "rotation_mode": "QUATERNION"
      },
      "armature_space": {
        "head": {
          "x": -0.07066010683774948,
          "y": -0.403039813041687,
          "z": 0.6767617464065552
        },
        "tail": {
          "x": -0.10459215939044952,
          "y": -0.4238152503967285,
          "z": 0.6472558975219727
        }
      },
      "world_space": {
        "head": {
          "x": -0.07066010683774948,
          "y": -0.3397958278656006,
          "z": 1.6266157627105713
        },
        "tail": {
          "x": -0.10459215939044952,
          "y": -0.3605712652206421,
          "z": 1.5971099138259888
        },
        "rotation_quaternion": {
          "w": 0.0757749006152153,
          "x": -0.7071420550346375,
          "y": 0.5334293246269226,
          "z": -0.45788800716400146
        },
        "matrix": [
          [
            0.011581039056181908,
            -0.6850300431251526,
            0.7284228205680847,
            -0.07066010683774948
          ],
          [
            -0.8238133192062378,
            -0.4194205403327942,
            -0.38133761286735535,
            -0.3397958278656006
          ],
          [
            0.5667465329170227,
            -0.5956724882125854,
            -0.5691985487937927,
            1.6266157627105713
          ],
          [
            0.0,
            0.0,
            0.0,
            1.0
          ]
        ]
      },
      "bone_length_armature_space": 0.04953380771264006,
      "parent": "lowerarm_l",
      "has_children": true,
      "is_end_bone": false
    },
    "thumb_01_l": {
      "name": "thumb_01_l",
      "local": {
        "location": {
          "x": 0.0,
          "y": 0.0,
          "z": 0.0
        },
        "rotation_quaternion": {
          "w": 0.9881305694580078,
          "x": 0.15357954800128937,
          "y": 0.00154417147859931,
          "z": 0.0029838033951818943
        },
        "scale": {
          "x": 1.0,
          "y": 1.0,
          "z": 1.0
        },
        "matrix_basis": [
          [
            0.9999774098396301,
            -0.005422468297183514,
            0.003968188539147377,
            0.0
          ],
          [
            0.0063710808753967285,
            0.9528088569641113,
            -0.303504079580307,
            0.0
          ],
          [
            -0.002135183662176132,
            0.3035224974155426,
            0.9528218507766724,
            0.0
          ],
          [
            0.0,
            0.0,
            0.0,
            1.0
          ]
        ],
        "rotation_mode": "QUATERNION"
      },
      "armature_space": {
        "head": {
          "x": -0.10459215939044952,
          "y": -0.4238152503967285,
          "z": 0.6472558975219727
        },
        "tail": {
          "x": -0.10141966491937637,
          "y": -0.4478747546672821,
          "z": 0.623387336730957
        }
      },
      "world_space": {
        "head": {
          "x": -0.10459215939044952,
          "y": -0.3605712652206421,
          "z": 1.5971099138259888
        },
        "tail": {
          "x": -0.10141966491937637,
          "y": -0.3846307396888733,
          "z": 1.5732413530349731
        },
        "rotation_quaternion": {
          "w": 0.040663957595825195,
          "x": 0.023767657577991486,
          "y": 0.380698561668396,
          "z": -0.9234988689422607
        },
        "matrix": [
          [
            -0.9955630302429199,
            0.09320291876792908,
            -0.012937167659401894,
            -0.10459215939044952
          ],
          [
            -0.057009920477867126,
            -0.706830620765686,
            -0.7050821781158447,
            -0.3605712652206421
          ],
          [
            -0.07486047595739365,
            -0.7012216448783875,
            0.7090122699737549,
            1.5971099138259888
          ],
          [
            0.0,
            0.0,
            0.0,
            1.0
          ]
        ]
      },
      "bone_length_armature_space": 0.03403869362425842,
      "parent": "metacarpal_thumb_l",
      "has_children": true,
      "is_end_bone": false
    },
    "thumb_02_l": {
      "name": "thumb_02_l",
      "local": {
        "location": {
          "x": 0.0,
          "y": 0.0,
          "z": 0.0
        },
        "rotation_quaternion": {
          "w": 0.9377352595329285,
          "x": 0.3473031222820282,
          "y": -0.004087732173502445,
          "z": 0.004067837260663509
        },
        "scale": {
          "x": 1.0,
          "y": 1.0,
          "z": 1.0
        },
        "matrix_basis": [
          [
            0.9999334812164307,
            -0.010468472726643085,
            -0.00484087597578764,
            0.0
          ],
          [
            0.004789744503796101,
            0.7587279677391052,
            -0.651390016078949,
            0.0
          ],
          [
            0.010491966269910336,
            0.6513234972953796,
            0.7587276697158813,
            0.0
          ],
          [
            0.0,
            0.0,
            0.0,
            1.0
          ]
        ],
        "rotation_mode": "QUATERNION"
      },
      "armature_space": {
        "head": {
          "x": -0.10141962766647339,
          "y": -0.4478747248649597,
          "z": 0.6233872771263123
        },
        "tail": {
          "x": -0.12844187021255493,
          "y": -0.4647800326347351,
          "z": 0.6478248834609985
        }
      },
      "world_space": {
        "head": {
          "x": -0.10141962766647339,
          "y": -0.3846307396888733,
          "z": 1.5732412338256836
        },
        "tail": {
          "x": -0.12844187021255493,
          "y": -0.4015360474586487,
          "z": 1.5976788997650146
        },
        "rotation_quaternion": {
          "w": 0.3527587056159973,
          "x": -0.10144873708486557,
          "y": 0.40633660554885864,
          "z": 0.8367556929588318
        },
        "matrix": [
          [
            -0.7305381894111633,
            -0.6727907657623291,
            0.1169038712978363,
            -0.10141962766647339
          ],
          [
            0.5079028010368347,
            -0.4209027886390686,
            0.7515824437141418,
            -0.3846307396888733
          ],
          [
            -0.45645520091056824,
            0.6084393858909607,
            0.6492028832435608,
            1.5732412338256836
          ],
          [
            0.0,
            0.0,
            0.0,
            1.0
          ]
        ]
      },
      "bone_length_armature_space": 0.04016450748932617,
      "parent": "thumb_01_l",
      "has_children": true,
      "is_end_bone": false
    },
    "thumb_03_l": {
      "name": "thumb_03_l",
      "local": {
        "location": {
          "x": 0.0,
          "y": 0.0,
          "z": 0.0
        },
        "rotation_quaternion": {
          "w": 0.9847179651260376,
          "x": 0.17404456436634064,
          "y": -0.004918502178043127,
          "z": -0.003867870895192027
        },
        "scale": {
          "x": 1.0,
          "y": 1.0,
          "z": 1.0
        },
        "matrix_basis": [
          [
            0.9999216794967651,
            0.005905446596443653,
            -0.01103303860872984,
            0.0
          ],
          [
            -0.009329601190984249,
            0.9393870830535889,
            -0.3427315652370453,
            0.0
          ],
          [
            0.008340311236679554,
            0.34280768036842346,
            0.9393686056137085,
            0.0
          ],
          [
            0.0,
            0.0,
            0.0,
            1.0
          ]
        ],
        "rotation_mode": "QUATERNION"
      },
      "armature_space": {
        "head": {
          "x": -0.12844188511371613,
          "y": -0.4647800326347351,
          "z": 0.647824764251709
        },
        "tail": {
          "x": -0.143083855509758,
          "y": -0.46274158358573914,
          "z": 0.6744397878646851
        }
      },
      "world_space": {
        "head": {
          "x": -0.12844188511371613,
          "y": -0.4015360474586487,
          "z": 1.597678780555725
        },
        "tail": {
          "x": -0.143083855509758,
          "y": -0.3994975686073303,
          "z": 1.6242938041687012
        },
        "rotation_quaternion": {
          "w": 0.2222285270690918,
          "x": -0.13153941929340363,
          "y": 0.695766806602478,
          "z": 0.6702390909194946
        },
        "matrix": [
          [
            -0.866624116897583,
            -0.48093390464782715,
            0.1329108327627182,
            -0.12844188511371613
          ],
          [
            0.11484798789024353,
            0.06695535778999329,
            0.9911243915557861,
            -0.4015360474586487
          ],
          [
            -0.48556748032569885,
            0.8742029666900635,
            -0.0027900636196136475,
            1.597678780555725
          ],
          [
            0.0,
            0.0,
            0.0,
            1.0
          ]
        ]
      },
      "bone_length_armature_space": 0.030445065964058562,
      "parent": "thumb_02_l",
      "has_children": false,
      "is_end_bone": true
    },
    "metacarpal_index_l": {
      "name": "metacarpal_index_l",
      "local": {
        "location": {
          "x": 0.0,
          "y": 0.0,
          "z": 0.0
        },
        "rotation_quaternion": {
          "w": 0.9996632933616638,
          "x": 0.023661814630031586,
          "y": -0.000845534261316061,
          "z": -0.010616007260978222
        },
        "scale": {
          "x": 1.0,
          "y": 1.0,
          "z": 1.0
        },
        "matrix_basis": [
          [
            0.9997731447219849,
            0.021184852346777916,
            -0.0021928870119154453,
            0.0
          ],
          [
            -0.021264879032969475,
            0.998654842376709,
            -0.04728974401950836,
            0.0
          ],
          [
            0.0011881111422553658,
            0.04732564836740494,
            0.9988788366317749,
            0.0
          ],
          [
            0.0,
            0.0,
            0.0,
            1.0
          ]
        ],
        "rotation_mode": "QUATERNION"
      },
      "armature_space": {
        "head": {
          "x": -0.07066010683774948,
          "y": -0.403039813041687,
          "z": 0.6767617464065552
        },
        "tail": {
          "x": -0.15971693396568298,
          "y": -0.4706588387489319,
          "z": 0.6417504549026489
        }
      },
      "world_space": {
        "head": {
          "x": -0.07066010683774948,
          "y": -0.3397958278656006,
          "z": 1.6266157627105713
        },
        "tail": {
          "x": -0.15971693396568298,
          "y": -0.40741485357284546,
          "z": 1.591604471206665
        },
        "rotation_quaternion": {
          "w": 0.08189503103494644,
          "x": -0.8710819482803345,
          "y": 0.4524892270565033,
          "z": -0.17251980304718018
        },
        "matrix": [
          [
            0.5309801697731018,
            -0.7600537538528442,
            0.37467116117477417,
            -0.07066010683774948
          ],
          [
            -0.8165675401687622,
            -0.5770933628082275,
            -0.013453913852572441,
            -0.3397958278656006
          ],
          [
            0.22644664347171783,
            -0.2988031506538391,
            -0.9270668625831604,
            1.6266157627105713
          ],
          [
            0.0,
            0.0,
            0.0,
            1.0
          ]
        ]
      },
      "bone_length_armature_space": 0.11717184876193547,
      "parent": "lowerarm_l",
      "has_children": true,
      "is_end_bone": false
    },
    "index_01_l": {
      "name": "index_01_l",
      "local": {
        "location": {
          "x": 0.0,
          "y": 0.0,
          "z": 0.0
        },
        "rotation_quaternion": {
          "w": 0.9804946184158325,
          "x": 0.19587932527065277,
          "y": -0.01181960478425026,
          "z": -0.011046241037547588
        },
        "scale": {
          "x": 1.0,
          "y": 1.0,
          "z": 1.0
        },
        "matrix_basis": [
          [
            0.9994765520095825,
            0.017031127586960793,
            -0.027505578473210335,
            0.0
          ],
          [
            -0.026291992515325546,
            0.9230185151100159,
            -0.3838561177253723,
            0.0
          ],
          [
            0.0188506580889225,
            0.3843783736228943,
            0.9229831695556641,
            0.0
          ],
          [
            0.0,
            0.0,
            0.0,
            1.0
          ]
        ],
        "rotation_mode": "QUATERNION"
      },
      "armature_space": {
        "head": {
          "x": -0.15971693396568298,
          "y": -0.4706588387489319,
          "z": 0.6417504549026489
        },
        "tail": {
          "x": -0.17105905711650848,
          "y": -0.4938122630119324,
          "z": 0.6295706629753113
        }
      },
      "world_space": {
        "head": {
          "x": -0.15971693396568298,
          "y": -0.40741485357284546,
          "z": 1.591604471206665
        },
        "tail": {
          "x": -0.17105905711650848,
          "y": -0.43056827783584595,
          "z": 1.5794246196746826
        },
        "rotation_quaternion": {
          "w": 0.1715783178806305,
          "x": -0.9274043440818787,
          "y": 0.2540965974330902,
          "z": -0.21428294479846954
        },
        "matrix": [
          [
            0.779035210609436,
            -0.3977685570716858,
            0.48464906215667725,
            -0.15971693396568298
          ],
          [
            -0.5448334217071533,
            -0.8119919300079346,
            0.20934657752513885,
            -0.40741485357284546
          ],
          [
            0.31026118993759155,
            -0.4271450936794281,
            -0.8492935299873352,
            1.591604471206665
          ],
          [
            0.0,
            0.0,
            0.0,
            1.0
          ]
        ]
      },
      "bone_length_armature_space": 0.02851441960326406,
      "parent": "metacarpal_index_l",
      "has_children": true,
      "is_end_bone": false
    },
    "index_02_l": {
      "name": "index_02_l",
      "local": {
        "location": {
          "x": 0.0,
          "y": 0.0,
          "z": 0.0
        },
        "rotation_quaternion": {
          "w": 0.9106879234313965,
          "x": 0.41302236914634705,
          "y": -0.0002801763475872576,
          "z": -0.007755892351269722
        },
        "scale": {
          "x": 1.0,
          "y": 1.0,
          "z": 1.0
        },
        "matrix_basis": [
          [
            0.9998795390129089,
            0.013894956558942795,
            -0.006917020305991173,
            0.0
          ],
          [
            -0.014357833191752434,
            0.6587047576904297,
            -0.7522646188735962,
            0.0
          ],
          [
            -0.005896407645195723,
            0.7522733211517334,
            0.6588248610496521,
            0.0
          ],
          [
            0.0,
            0.0,
            0.0,
            1.0
          ]
        ],
        "rotation_mode": "QUATERNION"
      },
      "armature_space": {
        "head": {
          "x": -0.1710592359304428,
          "y": -0.4938124120235443,
          "z": 0.6295701265335083
        },
        "tail": {
          "x": -0.16928325593471527,
          "y": -0.5039690732955933,
          "z": 0.6060799956321716
        }
      },
      "world_space": {
        "head": {
          "x": -0.1710592359304428,
          "y": -0.4305683970451355,
          "z": 1.5794241428375244
        },
        "tail": {
          "x": -0.16928325593471527,
          "y": -0.44072508811950684,
          "z": 1.555933952331543
        },
        "rotation_quaternion": {
          "w": 0.532872200012207,
          "x": -0.7923194766044617,
          "y": 0.13449086248874664,
          "z": -0.2649324834346771
        },
        "matrix": [
          [
            0.8234466314315796,
            0.06923024356365204,
            0.5631547570228577,
            -0.1710592359304428
          ],
          [
            -0.4954691231250763,
            -0.3959197402000427,
            0.7731481790542603,
            -0.4305683970451355
          ],
          [
            0.2764906883239746,
            -0.915678858757019,
            -0.29171857237815857,
            1.5794241428375244
          ],
          [
            0.0,
            0.0,
            0.0,
            1.0
          ]
        ]
      },
      "bone_length_armature_space": 0.025653423727848918,
      "parent": "index_01_l",
      "has_children": true,
      "is_end_bone": false
    },
    "index_03_l": {
      "name": "index_03_l",
      "local": {
        "location": {
          "x": 0.0,
          "y": 0.0,
          "z": 0.0
        },
        "rotation_quaternion": {
          "w": 0.9587200880050659,
          "x": 0.2842563986778259,
          "y": -0.0045390562154352665,
          "z": -0.005781278479844332
        },
        "scale": {
          "x": 1.0,
          "y": 1.0,
          "z": 1.0
        },
        "matrix_basis": [
          [
            0.9998919367790222,
            0.008504743687808514,
            -0.011990099214017391,
            0.0
          ],
          [
            -0.013665767386555672,
            0.8383297324180603,
            -0.5449921488761902,
            0.0
          ],
          [
            0.0054166377522051334,
            0.5450971126556396,
            0.8383554220199585,
            0.0
          ],
          [
            0.0,
            0.0,
            0.0,
            1.0
          ]
        ],
        "rotation_mode": "QUATERNION"
      },
      "armature_space": {
        "head": {
          "x": -0.16928334534168243,
          "y": -0.503969132900238,
          "z": 0.6060800552368164
        },
        "tail": {
          "x": -0.1546800434589386,
          "y": -0.5008549094200134,
          "z": 0.5809646248817444
        }
      },
      "world_space": {
        "head": {
          "x": -0.16928334534168243,
          "y": -0.4407251477241516,
          "z": 1.5559340715408325
        },
        "tail": {
          "x": -0.1546800434589386,
          "y": -0.437610924243927,
          "z": 1.5308187007904053
        },
        "rotation_quaternion": {
          "w": 0.7438284158706665,
          "x": -0.5762272477149963,
          "y": 0.0034459589514881372,
          "z": -0.33862918615341187
        },
        "matrix": [
          [
            0.7706354856491089,
            0.4997931718826294,
            0.3953835070133209,
            -0.16928334534168243
          ],
          [
            -0.5077375173568726,
            0.1065836250782013,
            0.8548934459686279,
            -0.4407251477241516
          ],
          [
            0.3851305842399597,
            -0.859568178653717,
            0.33590418100357056,
            1.5559340715408325
          ],
          [
            0.0,
            0.0,
            0.0,
            1.0
          ]
        ]
      },
      "bone_length_armature_space": 0.02921882358300672,
      "parent": "index_02_l",
      "has_children": false,
      "is_end_bone": true
    },
    "metacarpal_pinky_l": {
      "name": "metacarpal_pinky_l",
      "local": {
        "location": {
          "x": 0.0,
          "y": 0.0,
          "z": 0.0
        },
        "rotation_quaternion": {
          "w": 0.9998735189437866,
          "x": -0.002331030322238803,
          "y": 0.004824764560908079,
          "z": -0.014978621155023575
        },
        "scale": {
          "x": 1.0,
          "y": 1.0,
          "z": 1.0
        },
        "matrix_basis": [
          [
            0.9995047450065613,
            0.0299309603869915,
            0.00971813965588808,
            0.0
          ],
          [
            -0.029975946992635727,
            0.999540388584137,
            0.004516934510320425,
            0.0
          ],
          [
            -0.009578477591276169,
            -0.004806007724255323,
            0.9999426007270813,
            0.0
          ],
          [
            0.0,
            0.0,
            0.0,
            1.0
          ]
        ],
        "rotation_mode": "QUATERNION"
      },
      "armature_space": {
        "head": {
          "x": -0.07066010683774948,
          "y": -0.403039813041687,
          "z": 0.6767617464065552
        },
        "tail": {
          "x": -0.12748779356479645,
          "y": -0.4875992238521576,
          "z": 0.6982917785644531
        }
      },
      "world_space": {
        "head": {
          "x": -0.07066010683774948,
          "y": -0.3397958278656006,
          "z": 1.6266157627105713
        },
        "tail": {
          "x": -0.12748779356479645,
          "y": -0.4243552088737488,
          "z": 1.6481457948684692
        },
        "rotation_quaternion": {
          "w": 0.19204503297805786,
          "x": -0.4825332760810852,
          "y": 0.23894251883029938,
          "z": 0.820479691028595
        },
        "matrix": [
          [
            -0.4605608880519867,
            -0.5457339286804199,
            -0.7000418305397034,
            -0.07066010683774948
          ],
          [
            0.0845429003238678,
            -0.8120503425598145,
            0.5774314999580383,
            -0.3397958278656006
          ],
          [
            -0.883599042892456,
            0.20675940811634064,
            0.4201398491859436,
            1.6266157627105713
          ],
          [
            0.0,
            0.0,
            0.0,
            1.0
          ]
        ]
      },
      "bone_length_armature_space": 0.10413079289771666,
      "parent": "lowerarm_l",
      "has_children": true,
      "is_end_bone": false
    },
    "pinky_01_l": {
      "name": "pinky_01_l",
      "local": {
        "location": {
          "x": 0.0,
          "y": 0.0,
          "z": 0.0
        },
        "rotation_quaternion": {
          "w": 0.9489429593086243,
          "x": 0.31531503796577454,
          "y": 0.007465589791536331,
          "z": 0.005295759066939354
        },
        "scale": {
          "x": 1.0,
          "y": 1.0,
          "z": 1.0
        },
        "matrix_basis": [
          [
            0.9998324513435364,
            -0.0053427210077643394,
            0.017508503049612045,
            0.0
          ],
          [
            0.01475877221673727,
            0.8010967373847961,
            -0.5983529090881348,
            0.0
          ],
          [
            -0.010829173028469086,
            0.5985110402107239,
            0.8010413646697998,
            0.0
          ],
          [
            0.0,
            0.0,
            0.0,
            1.0
          ]
        ],
        "rotation_mode": "QUATERNION"
      },
      "armature_space": {
        "head": {
          "x": -0.12748779356479645,
