{
  "metadata": {
    "armature_name": "KIM_caucasian_male",
    "export_time": "2026-01-13T21:08:15.957399",
    "blender_version": "4.4.1",
    "bone_count": 56,
    "end_bone_count": 13,
    "spaces_included": [
      "LOCAL_CHANNELS",
      "ARMATURE_SPACE",
      "WORLD_SPACE"
    ],
    "note": "LOCAL matches Transform panel; replay pose via local.matrix_basis for best fidelity."
  },
  "bones": {
    "Root": {
      "name": "Root",
      "local": {
        "location": {
          "x": 0.0,
          "y": 0.0,
          "z": 0.0
        },
        "rotation_quaternion": {
          "w": 0.9996386766433716,
          "x": -0.000757319969125092,
          "y": 0.0023440392687916756,
          "z": -0.026768166571855545
        },
        "scale": {
          "x": 1.0,
          "y": 1.0,
          "z": 1.0
        },
        "matrix_basis": [
          [
            0.9985559582710266,
            0.05351343750953674,
            0.004726928658783436,
            0.0
          ],
          [
            -0.05352053791284561,
            0.9985657930374146,
            0.0013886013766750693,
            0.0
          ],
          [
            -0.004645840264856815,
            -0.001639583962969482,
            0.9999878406524658,
            0.0
          ],
          [
            0.0,
            0.0,
            0.0,
            1.0
          ]
        ],
        "rotation_mode": "QUATERNION"
      },
      "armature_space": {
        "head": {
          "x": 0.0,
          "y": 0.07072800397872925,
          "z": -0.009595036506652832
        },
        "tail": {
          "x": 0.003819568082690239,
          "y": 0.00011717528104782104,
          "z": 0.00010220333933830261
        }
      },
      "world_space": {
        "head": {
          "x": 0.0,
          "y": 0.13397200405597687,
          "z": 0.9402589797973633
        },
        "tail": {
          "x": 0.003819568082690239,
          "y": 0.06336117535829544,
          "z": 0.9499562382698059
        },
        "rotation_quaternion": {
          "w": 0.06809891760349274,
          "x": 0.9973166584968567,
          "y": 0.026865266263484955,
          "z": 0.0005353991873562336
        },
        "matrix": [
          [
            0.9985559582710266,
            0.05351343750953674,
            0.004726928658783436,
            0.0
          ],
          [
            0.05365927889943123,
            -0.9892815351486206,
            -0.13580405712127686,
            0.13397200405597687
          ],
          [
            -0.0025910460390150547,
            0.1358616054058075,
            -0.9907314777374268,
            0.9402589797973633
          ],
          [
            0.0,
            0.0,
            0.0,
            1.0
          ]
        ]
      },
      "bone_length_armature_space": 0.07137586788763685,
      "parent": null,
      "has_children": true,
      "is_end_bone": false
    },
    "spine_01": {
      "name": "spine_01",
      "local": {
        "location": {
          "x": 0.0,
          "y": 0.0,
          "z": 0.0
        },
        "rotation_quaternion": {
          "w": 0.9978920221328735,
          "x": -0.04309709370136261,
          "y": -0.04253396391868591,
          "z": -0.02334589511156082
        },
        "scale": {
          "x": 1.0,
          "y": 1.0,
          "z": 1.0
        },
        "matrix_basis": [
          [
            0.9952916502952576,
            0.0502595454454422,
            -0.08287632465362549,
            0.0
          ],
          [
            -0.04292718321084976,
            0.995195209980011,
            0.08799847960472107,
            0.0
          ],
          [
            0.08690088987350464,
            -0.0840265080332756,
            0.992667019367218,
            0.0
          ],
          [
            0.0,
            0.0,
            0.0,
            1.0
          ]
        ],
        "rotation_mode": "QUATERNION"
      },
      "armature_space": {
        "head": {
          "x": 0.003819568082690239,
          "y": 0.00011717528104782104,
          "z": 0.00010220333933830261
        },
        "tail": {
          "x": 0.026107478886842728,
          "y": 0.06576507538557053,
          "z": 0.4831571877002716
        }
      },
      "world_space": {
        "head": {
          "x": 0.003819568082690239,
          "y": 0.06336117535829544,
          "z": 0.9499562382698059
        },
        "tail": {
          "x": 0.026107478886842728,
          "y": 0.12900906801223755,
          "z": 1.4330111742019653
        },
        "rotation_quaternion": {
          "w": 0.7531577348709106,
          "x": 0.6572785973548889,
          "y": 0.003930271603167057,
          "z": -0.02689029835164547
        },
        "matrix": [
          [
            0.998522937297821,
            0.04567183181643486,
            -0.029428880661725998,
            0.003819568082690239
          ],
          [
            -0.035339001566171646,
            0.13452404737472534,
            -0.9902800917625427,
            0.06336117535829544
          ],
          [
            -0.04126933217048645,
            0.9898642897605896,
            0.13593938946723938,
            0.9499562382698059
          ],
          [
            0.0,
            0.0,
            0.0,
            1.0
          ]
        ]
      },
      "bone_length_armature_space": 0.4880046350042585,
      "parent": "Root",
      "has_children": true,
      "is_end_bone": false
    },
    "neck_01": {
      "name": "neck_01",
      "local": {
        "location": {
          "x": 0.0,
          "y": 0.0,
          "z": 0.0
        },
        "rotation_quaternion": {
          "w": 0.986909806728363,
          "x": -0.090727299451828,
          "y": 0.1172749400138855,
          "z": 0.06343632191419601
        },
        "scale": {
          "x": 1.0,
          "y": 1.0,
          "z": 1.0
        },
        "matrix_basis": [
          [
            0.9644448161125183,
            -0.14649192988872528,
            0.2199687659740448,
            0.0
          ],
          [
            0.10393177717924118,
            0.9754887819290161,
            0.1939583122730255,
            0.0
          ],
          [
            -0.2429903894662857,
            -0.1642003357410431,
            0.9560303092002869,
            0.0
          ],
          [
            0.0,
            0.0,
            0.0,
            1.0
          ]
        ],
        "rotation_mode": "QUATERNION"
      },
      "armature_space": {
        "head": {
          "x": 0.028430892154574394,
          "y": 0.04127136990427971,
          "z": 0.5603479743003845
        },
        "tail": {
          "x": 0.017322391271591187,
          "y": 0.032928161323070526,
          "z": 0.6619243621826172
        }
      },
      "world_space": {
        "head": {
          "x": 0.028430892154574394,
          "y": 0.10451537370681763,
          "z": 1.5102019309997559
        },
        "tail": {
          "x": 0.017322391271591187,
          "y": 0.09617216140031815,
          "z": 1.6117783784866333
        },
        "rotation_quaternion": {
          "w": 0.677358865737915,
          "x": 0.72794109582901,
          "y": 0.022241832688450813,
          "z": 0.10388477891683578
        },
        "matrix": [
          [
            0.9774266481399536,
            -0.10835306346416473,
            0.181374654173851,
            0.028430892154574394
          ],
          [
            0.1731153428554535,
            -0.08138023316860199,
            -0.9815338850021362,
            0.10451537370681763
          ],
          [
            0.12111346423625946,
            0.9907826781272888,
            -0.06078694760799408,
            1.5102019309997559
          ],
          [
            0.0,
            0.0,
            0.0,
            1.0
          ]
        ]
      },
      "bone_length_armature_space": 0.10252204786495525,
      "parent": "spine_01",
      "has_children": true,
      "is_end_bone": false
    },
    "head": {
      "name": "head",
      "local": {
        "location": {
          "x": 0.0,
          "y": 0.0,
          "z": 0.0
        },
        "rotation_quaternion": {
          "w": 0.9571698904037476,
          "x": -0.16965171694755554,
          "y": -0.08298778533935547,
          "z": 0.2194475680589676
        },
        "scale": {
          "x": 1.0,
          "y": 1.0,
          "z": 1.0
        },
        "matrix_basis": [
          [
            0.8899115920066833,
            -0.3919391632080078,
            -0.23332613706588745,
            0.0
          ],
          [
            0.4482552409172058,
            0.846122145652771,
            0.28834810853004456,
            0.0
          ],
          [
            0.0844075083732605,
            -0.3611939549446106,
            0.9286626577377319,
            0.0
          ],
          [
            0.0,
            0.0,
            0.0,
            1.0
          ]
        ],
        "rotation_mode": "QUATERNION"
      },
      "armature_space": {
        "head": {
          "x": 0.01732242852449417,
          "y": 0.03292801231145859,
          "z": 0.6619242429733276
        },
        "tail": {
          "x": -0.0711643248796463,
          "y": 0.11210000514984131,
          "z": 0.7616990804672241
        }
      },
      "world_space": {
        "head": {
          "x": 0.01732242852449417,
          "y": 0.09617201238870621,
          "z": 1.6117782592773438
        },
        "tail": {
          "x": -0.0711643248796463,
          "y": 0.17534400522708893,
          "z": 1.7115530967712402
        },
        "rotation_quaternion": {
          "w": 0.842621386051178,
          "x": 0.4392150044441223,
          "y": -0.2126826047897339,
          "z": 0.2276960015296936
        },
        "matrix": [
          [
            0.805841326713562,
            -0.5705502033233643,
            -0.15840531885623932,
            0.01732242852449417
          ],
          [
            0.1968984156847,
            0.5104899406433105,
            -0.8370373845100403,
            0.09617201238870621
          ],
          [
            0.5584400296211243,
            0.6433343887329102,
            0.5237171053886414,
            1.6117782592773438
          ],
          [
            0.0,
            0.0,
            0.0,
            1.0
          ]
        ]
      },
      "bone_length_armature_space": 0.15509070884661816,
      "parent": "neck_01",
      "has_children": false,
      "is_end_bone": true
    },
    "upperarm_l": {
      "name": "upperarm_l",
      "local": {
        "location": {
          "x": 0.0,
          "y": 0.0,
          "z": 0.0
        },
        "rotation_quaternion": {
          "w": 0.8951802849769592,
          "x": 0.38592293858528137,
          "y": -0.22167472541332245,
          "z": 0.024005373939871788
        },
        "scale": {
          "x": 1.0,
          "y": 1.0,
          "z": 1.0
        },
        "matrix_basis": [
          [
            0.9005681276321411,
            -0.21407699584960938,
            -0.378349244594574,
            0.0
          ],
          [
            -0.12812045216560364,
            0.7009744644165039,
            -0.701583981513977,
            0.0
          ],
          [
            0.41540613770484924,
            0.6802984476089478,
            0.6038476228713989,
            0.0
          ],
          [
            0.0,
            0.0,
            0.0,
            1.0
          ]
        ],
        "rotation_mode": "QUATERNION"
      },
      "armature_space": {
        "head": {
          "x": 0.17504598200321198,
          "y": 0.02377132698893547,
          "z": 0.48806455731391907
        },
        "tail": {
          "x": 0.367797315120697,
          "y": -0.151018425822258,
          "z": 0.5521203875541687
        }
      },
      "world_space": {
        "head": {
          "x": 0.17504598200321198,
          "y": 0.08701533079147339,
          "z": 1.4379185438156128
        },
        "tail": {
          "x": 0.367797315120697,
          "y": -0.08777442574501038,
          "z": 1.50197434425354
        },
        "rotation_quaternion": {
          "w": 0.4035683572292328,
          "x": 0.4943321645259857,
          "y": 0.1048540323972702,
          "z": -0.762741208076477
        },
        "matrix": [
          [
            -0.18553580343723297,
            0.7193033695220947,
            -0.6694620251655579,
            0.17504598200321198
          ],
          [
            -0.5119715929031372,
            -0.6522749662399292,
            -0.5589481592178345,
            0.08701533079147339
          ],
          [
            -0.8387326002120972,
            0.23904156684875488,
            0.48928606510162354,
            1.4379185438156128
          ],
          [
            0.0,
            0.0,
            0.0,
            1.0
          ]
        ]
      },
      "bone_length_armature_space": 0.26796956041341413,
      "parent": "spine_01",
      "has_children": true,
      "is_end_bone": false
    },
    "lowerarm_l": {
      "name": "lowerarm_l",
      "local": {
        "location": {
          "x": 0.0,
          "y": 0.0,
          "z": 0.0
        },
        "rotation_quaternion": {
          "w": 0.8715146780014038,
          "x": 0.3323899209499359,
          "y": 0.13298378884792328,
          "z": -0.3351038098335266
        },
        "scale": {
          "x": 1.0,
          "y": 1.0,
          "z": 1.0
        },
        "matrix_basis": [
          [
            0.7400414943695068,
            0.672500729560852,
            0.009024390019476414,
            0.0
          ],
          [
            -0.49569082260131836,
            0.5544447302818298,
            -0.6684921383857727,
            0.0
          ],
          [
            -0.4545648992061615,
            0.49023863673210144,
            0.7436645030975342,
            0.0
          ],
          [
            0.0,
            0.0,
            0.0,
            1.0
          ]
        ],
        "rotation_mode": "QUATERNION"
      },
      "armature_space": {
        "head": {
          "x": 0.3677973449230194,
          "y": -0.15101845562458038,
          "z": 0.552120566368103
        },
        "tail": {
          "x": 0.3259599208831787,
          "y": -0.415142297744751,
          "z": 0.5445291996002197
        }
      },
      "world_space": {
        "head": {
          "x": 0.3677973449230194,
          "y": -0.08777445554733276,
          "z": 1.5019745826721191
        },
        "tail": {
          "x": 0.3259599208831787,
          "y": -0.35189831256866455,
          "z": 1.4943832159042358
        },
        "rotation_quaternion": {
          "w": 0.06928211450576782,
          "x": -0.6399198770523071,
          "y": 0.03944437950849533,
          "z": 0.7642949223518372
        },
        "matrix": [
          [
            -0.1714051067829132,
            -0.15638723969459534,
            -0.9727094173431396,
            0.3677973449230194
          ],
          [
            0.05542105436325073,
            -0.9872884750366211,
            0.14896497130393982,
            -0.08777445554733276
          ],
          [
            -0.9836474657058716,
            -0.028376370668411255,
            0.17789492011070251,
            1.5019745826721191
          ],
          [
            0.0,
            0.0,
            0.0,
            1.0
          ]
        ]
      },
      "bone_length_armature_space": 0.26752459555840225,
      "parent": "upperarm_l",
      "has_children": true,
      "is_end_bone": false
    },
    "metacarpal_thumb_l": {
      "name": "metacarpal_thumb_l",
      "local": {
        "location": {
          "x": 0.0,
          "y": 0.0,
          "z": 0.0
        },
        "rotation_quaternion": {
          "w": 0.9997396469116211,
          "x": 0.015015296638011932,
          "y": 0.010542402043938637,
          "z": 0.013565963134169579
        },
        "scale": {
          "x": 1.0,
          "y": 1.0,
          "z": 1.0
        },
        "matrix_basis": [
          [
            0.9994096159934998,
            -0.02680826745927334,
            0.021486708894371986,
            0.0
          ],
          [
            0.02744145691394806,
            0.9991810321807861,
            -0.02973673865199089,
            0.0
          ],
          [
            -0.020671920850872993,
            0.030308810994029045,
            0.9993268251419067,
            0.0
          ],
          [
            0.0,
            0.0,
            0.0,
            1.0
          ]
        ],
        "rotation_mode": "QUATERNION"
      },
      "armature_space": {
        "head": {
          "x": 0.3259599208831787,
          "y": -0.415142297744751,
          "z": 0.5445291996002197
        },
        "tail": {
          "x": 0.2889689803123474,
          "y": -0.44754141569137573,
          "z": 0.5385664701461792
        }
      },
      "world_space": {
        "head": {
          "x": 0.3259599208831787,
          "y": -0.35189831256866455,
          "z": 1.4943832159042358
        },
        "tail": {
          "x": 0.2889689803123474,
          "y": -0.3842974305152893,
          "z": 1.4884204864501953
        },
        "rotation_quaternion": {
          "w": 0.09867160767316818,
          "x": -0.9065296053886414,
          "y": 0.40400803089141846,
          "z": 0.07242607325315475
        },
        "matrix": [
          [
            0.6630639433860779,
            -0.7467834949493408,
            -0.05158352106809616,
            0.3259599208831787
          ],
          [
            -0.7181980609893799,
            -0.6540828347206116,
            0.23741865158081055,
            -0.35189831256866455
          ],
          [
            -0.21104243397712708,
            -0.12037788331508636,
            -0.9700434803962708,
            1.4943832159042358
          ],
          [
            0.0,
            0.0,
            0.0,
            1.0
          ]
        ]
      },
      "bone_length_armature_space": 0.049533691964193424,
      "parent": "lowerarm_l",
      "has_children": true,
      "is_end_bone": false
    },
    "thumb_01_l": {
      "name": "thumb_01_l",
      "local": {
        "location": {
          "x": 0.0,
          "y": 0.0,
          "z": 0.0
        },
        "rotation_quaternion": {
          "w": 0.9998677968978882,
          "x": -0.0024660511408001184,
          "y": -0.01599450595676899,
          "z": -0.001617718138732016
        },
        "scale": {
          "x": 1.0,
          "y": 1.0,
          "z": 1.0
        },
        "matrix_basis": [
          [
            0.9994831085205078,
            0.003313895082101226,
            -0.03197680413722992,
            0.0
          ],
          [
            -0.003156122053042054,
            0.9999825954437256,
            0.004983199294656515,
            0.0
          ],
          [
            0.03199276328086853,
            -0.00487970095127821,
            0.9994761943817139,
            0.0
          ],
          [
            0.0,
            0.0,
            0.0,
            1.0
          ]
        ],
        "rotation_mode": "QUATERNION"
      },
      "armature_space": {
        "head": {
          "x": 0.2889689803123474,
          "y": -0.44754141569137573,
          "z": 0.5385664701461792
        },
        "tail": {
          "x": 0.26799774169921875,
          "y": -0.4532366991043091,
          "z": 0.5123671293258667
        }
      },
      "world_space": {
        "head": {
          "x": 0.2889689803123474,
          "y": -0.3842974305152893,
          "z": 1.4884204864501953
        },
        "tail": {
          "x": 0.26799774169921875,
          "y": -0.38999271392822266,
          "z": 1.4622211456298828
        },
        "rotation_quaternion": {
          "w": 0.0216410793364048,
          "x": -0.4971523880958557,
          "y": 0.6448824405670166,
          "z": -0.5800844430923462
        },
        "matrix": [
          [
            -0.5047393441200256,
            -0.6161022782325745,
            0.6046953201293945,
            0.2889689803123474
          ],
          [
            -0.6663194298744202,
            -0.16731871664524078,
            -0.7266520857810974,
            -0.3842974305152893
          ],
          [
            0.5488718152046204,
            -0.7696954607963562,
            -0.3260716199874878,
            1.4884204864501953
          ],
          [
            0.0,
            0.0,
            0.0,
            1.0
          ]
        ]
      },
      "bone_length_armature_space": 0.03403872138574129,
      "parent": "metacarpal_thumb_l",
      "has_children": true,
      "is_end_bone": false
    },
    "thumb_02_l": {
      "name": "thumb_02_l",
      "local": {
        "location": {
          "x": 0.0,
          "y": 0.0,
          "z": 0.0
        },
        "rotation_quaternion": {
          "w": 0.9972467422485352,
          "x": 0.0737733319401741,
          "y": 0.007456391118466854,
          "z": 0.0010195994982495904
        },
        "scale": {
          "x": 1.0,
          "y": 1.0,
          "z": 1.0
        },
        "matrix_basis": [
          [
            0.9998867511749268,
            -0.000933418923523277,
            0.015022162348031998,
            0.0
          ],
          [
            0.0031337502878159285,
            0.989112913608551,
            -0.1471252292394638,
            0.0
          ],
          [
            -0.014721284620463848,
            0.14715562760829926,
            0.9890037775039673,
            0.0
          ],
          [
            0.0,
            0.0,
            0.0,
            1.0
          ]
        ],
        "rotation_mode": "QUATERNION"
      },
      "armature_space": {
        "head": {
          "x": 0.26799774169921875,
          "y": -0.4532366394996643,
          "z": 0.5123671293258667
        },
        "tail": {
          "x": 0.26170453429222107,
          "y": -0.49258577823638916,
          "z": 0.5073449611663818
        }
      },
      "world_space": {
        "head": {
          "x": 0.26799774169921875,
          "y": -0.3899926543235779,
          "z": 1.4622211456298828
        },
        "tail": {
          "x": 0.26170453429222107,
          "y": -0.42934179306030273,
          "z": 1.457198977470398
        },
        "rotation_quaternion": {
          "w": 0.05005155876278877,
          "x": 0.36656761169433594,
          "y": -0.08743098378181458,
          "z": 0.9249210357666016
        },
        "matrix": [
          [
            -0.7262463569641113,
            -0.15668602287769318,
            0.6693399548530579,
            0.26799774169921875
          ],
          [
            0.028489086776971817,
            -0.9797016382217407,
            -0.1984274685382843,
            -0.3899926543235779
          ],
          [
            0.6868489980697632,
            -0.12504026293754578,
            0.7159729599952698,
            1.4622211456298828
          ],
          [
            0.0,
            0.0,
            0.0,
            1.0
          ]
        ]
      },
      "bone_length_armature_space": 0.040164429276048956,
      "parent": "thumb_01_l",
      "has_children": true,
      "is_end_bone": false
    },
    "thumb_03_l": {
      "name": "thumb_03_l",
      "local": {
        "location": {
          "x": 0.0,
          "y": 0.0,
          "z": 0.0
        },
        "rotation_quaternion": {
          "w": 0.9975247383117676,
          "x": 0.06974013894796371,
          "y": 0.008954308927059174,
          "z": -0.0008124393061734736
        },
        "scale": {
          "x": 1.0,
          "y": 1.0,
          "z": 1.0
        },
        "matrix_basis": [
          [
            0.9998382925987244,
            0.002869806019589305,
            0.017750969156622887,
            0.0
          ],
          [
            -0.00037190711009316146,
            0.9902713298797607,
            -0.13914957642555237,
            0.0
          ],
          [
            -0.017977608367800713,
            0.13912047445774078,
            0.9901122450828552,
            0.0
          ],
          [
            0.0,
            0.0,
            0.0,
            1.0
          ]
        ],
        "rotation_mode": "QUATERNION"
      },
      "armature_space": {
        "head": {
          "x": 0.2617044746875763,
          "y": -0.4925857186317444,
          "z": 0.5073449611663818
        },
        "tail": {
          "x": 0.2676275372505188,
          "y": -0.5223057270050049,
          "z": 0.5102654695510864
        }
      },
      "world_space": {
        "head": {
          "x": 0.2617044746875763,
          "y": -0.42934173345565796,
          "z": 1.457198977470398
        },
        "tail": {
          "x": 0.2676275372505188,
          "y": -0.45906174182891846,
          "z": 1.4601194858551025
        },
        "rotation_quaternion": {
          "w": 0.08845635503530502,
          "x": -0.16555307805538177,
          "y": -0.06387630850076675,
          "z": -0.9801467061042786
        },
        "matrix": [
          [
            -0.9295353889465332,
            0.19455042481422424,
            0.3132319450378418,
            0.2617044746875763
          ],
          [
            -0.15225055813789368,
            -0.9761906266212463,
            0.15450550615787506,
            -0.42934173345565796
          ],
          [
            0.33583545684814453,
            0.09592807292938232,
            0.937030553817749,
            1.457198977470398
          ],
          [
            0.0,
            0.0,
            0.0,
            1.0
          ]
        ]
      },
      "bone_length_armature_space": 0.030444883684082026,
      "parent": "thumb_02_l",
      "has_children": false,
      "is_end_bone": true
    },
    "metacarpal_index_l": {
      "name": "metacarpal_index_l",
      "local": {
        "location": {
          "x": 0.0,
          "y": 0.0,
          "z": 0.0
        },
        "rotation_quaternion": {
          "w": 0.9996002912521362,
          "x": 0.0006954353302717209,
          "y": -0.024149686098098755,
          "z": 0.014683449640870094
        },
        "scale": {
          "x": 1.0,
          "y": 1.0,
          "z": 1.0
        },
        "matrix_basis": [
          [
            0.9984023571014404,
            -0.029388749971985817,
            -0.04825964197516441,
            0.0
          ],
          [
            0.029321571812033653,
            0.9995678067207336,
            -0.0020995161030441523,
            0.0
          ],
          [
            0.04830048978328705,
            0.0006811133353039622,
            0.998832643032074,
            0.0
          ],
          [
            0.0,
            0.0,
            0.0,
            1.0
          ]
        ],
        "rotation_mode": "QUATERNION"
      },
      "armature_space": {
        "head": {
          "x": 0.3259599208831787,
          "y": -0.415142297744751,
          "z": 0.5445291996002197
        },
        "tail": {
          "x": 0.2705593705177307,
          "y": -0.5183894038200378,
          "z": 0.544331431388855
        }
      },
      "world_space": {
        "head": {
          "x": 0.3259599208831787,
          "y": -0.35189831256866455,
          "z": 1.4943832159042358
        },
        "tail": {
          "x": 0.2705593705177307,
          "y": -0.4551454186439514,
          "z": 1.494185447692871
        },
        "rotation_quaternion": {
          "w": 0.10148802399635315,
          "x": -0.8832175731658936,
          "y": 0.22163020074367523,
          "z": 0.4006335139274597
        },
        "matrix": [
          [
            0.5807458162307739,
            -0.47281503677368164,
            -0.6627069711685181,
            0.3259599208831787
          ],
          [
            -0.3101769685745239,
            -0.8811604380607605,
            0.35685721039772034,
            -0.35189831256866455
          ],
          [
            -0.7526839971542358,
            -0.0016877371817827225,
            -0.6583906412124634,
            1.4943832159042358
          ],
          [
            0.0,
            0.0,
            0.0,
            1.0
          ]
        ]
      },
      "bone_length_armature_space": 0.11717177522568965,
      "parent": "lowerarm_l",
      "has_children": true,
      "is_end_bone": false
    },
    "index_01_l": {
      "name": "index_01_l",
      "local": {
        "location": {
          "x": 0.0,
          "y": 0.0,
          "z": 0.0
        },
        "rotation_quaternion": {
          "w": 0.992721676826477,
          "x": -0.11759503930807114,
          "y": -0.025939160957932472,
          "z": -0.0015035425312817097
        },
        "scale": {
          "x": 1.0,
          "y": 1.0,
          "z": 1.0
        },
        "matrix_basis": [
          [
            0.9986497759819031,
            0.00908583216369152,
            -0.05114711821079254,
            0.0
          ],
          [
            0.003115434665232897,
            0.9723383188247681,
            0.23355628550052643,
            0.0
          ],
          [
            0.05185435339808464,
            -0.23340028524398804,
            0.970997154712677,
            0.0
          ],
          [
            0.0,
            0.0,
            0.0,
            1.0
          ]
        ],
        "rotation_mode": "QUATERNION"
      },
      "armature_space": {
        "head": {
          "x": 0.2705593705177307,
          "y": -0.5183894038200378,
          "z": 0.544331431388855
        },
        "tail": {
          "x": 0.27108028531074524,
          "y": -0.5468968749046326,
          "z": 0.5439836978912354
        }
      },
      "world_space": {
        "head": {
          "x": 0.2705593705177307,
          "y": -0.4551454186439514,
          "z": 1.494185447692871
        },
        "tail": {
          "x": 0.27108028531074524,
          "y": -0.48365288972854614,
          "z": 1.4938377141952515
        },
        "rotation_quaternion": {
          "w": 0.0019315292593091726,
          "x": -0.9163264632225037,
          "y": -0.010811816900968552,
          "z": 0.4002813994884491
        },
        "matrix": [
          [
            0.679315984249115,
            0.018268197774887085,
            -0.7336187362670898,
            0.2705593705177307
          ],
          [
            0.02136050909757614,
            -0.9997590184211731,
            -0.005116283893585205,
            -0.4551454186439514
          ],
          [
            -0.7335402965545654,
            -0.01219591498374939,
            -0.6795470714569092,
            1.494185447692871
          ],
          [
            0.0,
            0.0,
            0.0,
            1.0
          ]
        ]
      },
      "bone_length_armature_space": 0.02851435061745853,
      "parent": "metacarpal_index_l",
      "has_children": true,
      "is_end_bone": false
    },
    "index_02_l": {
      "name": "index_02_l",
      "local": {
        "location": {
          "x": 0.0,
          "y": 0.0,
          "z": 0.0
        },
        "rotation_quaternion": {
          "w": 0.998845100402832,
          "x": 0.04723450914025307,
          "y": 0.008636991493403912,
          "z": 0.0016661090776324272
        },
        "scale": {
          "x": 1.0,
          "y": 1.0,
          "z": 1.0
        },
        "matrix_basis": [
          [
            0.9998452663421631,
            -0.0025124417152255774,
            0.017411429435014725,
            0.0
          ],
          [
            0.0041442979127168655,
            0.9955322742462158,
            -0.09433113783597946,
            0.0
          ],
          [
            -0.017096636816859245,
            0.0943886935710907,
            0.9953886270523071,
            0.0
          ],
          [
            0.0,
            0.0,
            0.0,
            1.0
          ]
        ],
        "rotation_mode": "QUATERNION"
      },
      "armature_space": {
        "head": {
          "x": 0.2710798978805542,
          "y": -0.546897292137146,
          "z": 0.5439835786819458
        },
        "tail": {
          "x": 0.2708159387111664,
          "y": -0.572488009929657,
          "z": 0.542212963104248
        }
      },
      "world_space": {
        "head": {
          "x": 0.2710798978805542,
          "y": -0.48365330696105957,
          "z": 1.493837594985962
        },
        "tail": {
          "x": 0.2708159387111664,
          "y": -0.5092440247535706,
          "z": 1.4920669794082642
        },
        "rotation_quaternion": {
          "w": 0.03346569463610649,
          "x": -0.9054952263832092,
          "y": -0.009948493912816048,
          "z": 0.4229178726673126
        },
        "matrix": [
          [
            0.6420831680297852,
            -0.010289542376995087,
            -0.766566276550293,
            0.2710798978805542
          ],
          [
            0.046322986483573914,
            -0.9975623488426208,
            0.05219056084752083,
            -0.48365330696105957
          ],
          [
            -0.7652397155761719,
            -0.06902171671390533,
            -0.6400456428527832,
            1.493837594985962
          ],
          [
            0.0,
            0.0,
            0.0,
            1.0
          ]
        ]
      },
      "bone_length_armature_space": 0.025653257121595878,
      "parent": "index_01_l",
      "has_children": true,
      "is_end_bone": false
    },
    "index_03_l": {
      "name": "index_03_l",
      "local": {
        "location": {
          "x": 0.0,
          "y": 0.0,
          "z": 0.0
        },
        "rotation_quaternion": {
          "w": 0.9999243021011353,
          "x": 0.008653474971652031,
          "y": 0.008353318087756634,
          "z": 0.0025867954827845097
        },
        "scale": {
          "x": 1.0,
          "y": 1.0,
          "z": 1.0
        },
        "matrix_basis": [
          [
            0.9998470544815063,
            -0.005028628744184971,
            0.016750141978263855,
            0.0
          ],
          [
            0.005317769944667816,
            0.9998368620872498,
            -0.017262423411011696,
            0.0
          ],
          [
            -0.016660602763295174,
            0.01734885573387146,
            0.9997106790542603,
            0.0
          ],
          [
            0.0,
            0.0,
            0.0,
            1.0
          ]
        ],
        "rotation_mode": "QUATERNION"
      },
      "armature_space": {
        "head": {
          "x": 0.27081602811813354,
          "y": -0.572488009929657,
          "z": 0.5422130823135376
        },
        "tail": {
          "x": 0.2697819173336029,
          "y": -0.6010827422142029,
          "z": 0.5362967252731323
        }
      },
      "world_space": {
        "head": {
          "x": 0.27081602811813354,
          "y": -0.5092440247535706,
          "z": 1.4920670986175537
        },
        "tail": {
          "x": 0.2697819173336029,
          "y": -0.5378387570381165,
          "z": 1.4861507415771484
        },
        "rotation_quaternion": {
          "w": 0.10082972794771194,
          "x": -0.9186481237411499,
          "y": -0.022590622305870056,
          "z": 0.38132500648498535
        },
        "matrix": [
          [
            0.7081620693206787,
            -0.035391636192798615,
            -0.7051626443862915,
            0.27081602811813354
          ],
          [
            0.118403360247612,
            -0.9786463975906372,
            0.16802440583705902,
            -0.5092440247535706
          ],
          [
            -0.696056067943573,
            -0.20248444378376007,
            -0.6888543367385864,
            1.4920670986175537
          ],
          [
            0.0,
            0.0,
            0.0,
            1.0
          ]
        ]
      },
      "bone_length_armature_space": 0.029218682318553006,
      "parent": "index_02_l",
      "has_children": false,
      "is_end_bone": true
    },
    "metacarpal_pinky_l": {
      "name": "metacarpal_pinky_l",
      "local": {
        "location": {
          "x": 0.0,
          "y": 0.0,
          "z": 0.0
        },
        "rotation_quaternion": {
          "w": 0.9997373223304749,
          "x": 0.01053672656416893,
          "y": -0.019853396341204643,
          "z": 0.00448814919218421
        },
        "scale": {
          "x": 1.0,
          "y": 1.0,
          "z": 1.0
        },
        "matrix_basis": [
          [
            0.9991713762283325,
            -0.009392320178449154,
            -0.039601780474185944,
            0.0
          ],
          [
            0.008555561304092407,
            0.9997376799583435,
            -0.021246127784252167,
            0.0
          ],
          [
            0.03979094326496124,
            0.020889706909656525,
            0.9989896416664124,
            0.0
          ],
          [
            0.0,
            0.0,
            0.0,
            1.0
          ]
        ],
        "rotation_mode": "QUATERNION"
      },
      "armature_space": {
        "head": {
          "x": 0.3259599208831787,
          "y": -0.415142297744751,
          "z": 0.5445291996002197
        },
        "tail": {
          "x": 0.3418605327606201,
          "y": -0.5178320407867432,
          "z": 0.5378053784370422
        }
      },
      "world_space": {
        "head": {
          "x": 0.3259599208831787,
          "y": -0.35189831256866455,
          "z": 1.4943832159042358
        },
        "tail": {
          "x": 0.3418605327606201,
          "y": -0.45458805561065674,
          "z": 1.4876594543457031
        },
        "rotation_quaternion": {
          "w": 0.07551467418670654,
          "x": 0.03258270025253296,
          "y": 0.03488506004214287,
          "z": -0.9960015416145325
        },
        "matrix": [
          [
            -0.986471951007843,
            0.15269863605499268,
            -0.059636205434799194,
            0.3259599208831787
          ],
          [
            -0.14815235137939453,
            -0.9861614108085632,
            -0.07441165298223495,
            -0.35189831256866455
          ],
          [
            -0.07017388939857483,
            -0.06457117944955826,
            0.9954498410224915,
            1.4943832159042358
          ],
          [
            0.0,
            0.0,
            0.0,
            1.0
          ]
        ]
      },
      "bone_length_armature_space": 0.10413079371872742,
      "parent": "lowerarm_l",
      "has_children": true,
      "is_end_bone": false
    },
    "pinky_01_l": {
      "name": "pinky_01_l",
      "local": {
        "location": {
          "x": 0.0,
          "y": 0.0,
          "z": 0.0
        },
        "rotation_quaternion": {
          "w": 0.9568837881088257,
          "x": 0.28985363245010376,
          "y": -0.010184195823967457,
          "z": -0.015958119183778763
        },
        "scale": {
          "x": 1.0,
          "y": 1.0,
          "z": 1.0
        },
        "matrix_basis": [
          [
            0.9992832541465759,
            0.024636277928948402,
            -0.028741221874952316,
            0.0
          ],
          [
            -0.036443982273340225,
            0.8314604163169861,
            -0.5543874502182007,
            0.0
          ],
          [
            0.01023914571851492,
            0.5550374984741211,
            0.8317623138427734,
            0.0
          ],
          [
            0.0,
            0.0,
            0.0,
            1.0
          ]
        ],
        "rotation_mode": "QUATERNION"
      },
      "armature_space": {
        "head": {
          "x": 0.3418605327606201,
          "y": -0.5178320407867432,
          "z": 0.5378053784370422
        },
        "tail": {
