{
  "metadata": {
    "armature_name": "KIM_caucasian_male",
    "export_time": "2026-01-13T21:08:17.090550",
    "blender_version": "4.4.1",
    "bone_count": 56,
    "end_bone_count": 13,
    "spaces_included": [
      "LOCAL_CHANNELS",
      "ARMATURE_SPACE",
      "WORLD_SPACE"
    ],
    "note": "LOCAL matches Transform panel; replay pose via local.matrix_basis for best fidelity."
  },
  "bones": {
    "Root": {
      "name": "Root",
      "local": {
        "location": {
          "x": 0.0,
          "y": 0.0,
          "z": 0.0
        },
        "rotation_quaternion": {
          "w": 0.9995194673538208,
          "x": -0.011123981326818466,
          "y": 0.016368238255381584,
          "z": -0.023860126733779907
        },
        "scale": {
          "x": 1.0,
          "y": 1.0,
          "z": 1.0
        },
        "matrix_basis": [
          [
            0.998325526714325,
            0.047333162277936935,
            0.03325158357620239,
            0.0
          ],
          [
            -0.04806148260831833,
            0.9986138939857483,
            0.021456174552440643,
            0.0
          ],
          [
            -0.032189905643463135,
            -0.02301836758852005,
            0.9992166757583618,
            0.0
          ],
          [
            0.0,
            0.0,
            0.0,
            1.0
          ]
        ],
        "rotation_mode": "QUATERNION"
      },
      "armature_space": {
        "head": {
          "x": 0.0,
          "y": 0.07072800397872925,
          "z": -0.009595036506652832
        },
        "tail": {
          "x": 0.003378445515409112,
          "y": 0.0003188997507095337,
          "z": 0.0016147540882229805
        }
      },
      "world_space": {
        "head": {
          "x": 0.0,
          "y": 0.13397200405597687,
          "z": 0.9402589797973633
        },
        "tail": {
          "x": 0.003378445515409112,
          "y": 0.06356289982795715,
          "z": 0.9514687657356262
        },
        "rotation_quaternion": {
          "w": 0.07843399047851562,
          "x": 0.9964993000030518,
          "y": 0.02490861713886261,
          "z": 0.014723646454513073
        },
        "matrix": [
          [
            0.998325526714325,
            0.047333162277936935,
            0.03325158357620239,
            0.0
          ],
          [
            0.05195251479744911,
            -0.9864552617073059,
            -0.15558581054210663,
            0.13397200405597687
          ],
          [
            0.025437060743570328,
            0.15705294907093048,
            -0.9872696399688721,
            0.9402589797973633
          ],
          [
            0.0,
            0.0,
            0.0,
            1.0
          ]
        ]
      },
      "bone_length_armature_space": 0.07137587461558557,
      "parent": null,
      "has_children": true,
      "is_end_bone": false
    },
    "spine_01": {
      "name": "spine_01",
      "local": {
        "location": {
          "x": 0.0,
          "y": 0.0,
          "z": 0.0
        },
        "rotation_quaternion": {
          "w": 0.9992994070053101,
          "x": 0.03526141494512558,
          "y": 0.011660629883408546,
          "z": 0.004642084706574678
        },
        "scale": {
          "x": 1.0,
          "y": 1.0,
          "z": 1.0
        },
        "matrix_basis": [
          [
            0.9996849894523621,
            -0.008455323986709118,
            0.023632293567061424,
            0.0
          ],
          [
            0.010100005194544792,
            0.9974701404571533,
            -0.07036516070365906,
            0.0
          ],
          [
            -0.022977547720074654,
            0.07058168202638626,
            0.9972413182258606,
            0.0
          ],
          [
            0.0,
            0.0,
            0.0,
            1.0
          ]
        ],
        "rotation_mode": "QUATERNION"
      },
      "armature_space": {
        "head": {
          "x": 0.003378445515409112,
          "y": 0.0003188997507095337,
          "z": 0.0016147540882229805
        },
        "tail": {
          "x": -0.013112274929881096,
          "y": -0.0010125458939000964,
          "z": 0.48933887481689453
        }
      },
      "world_space": {
        "head": {
          "x": 0.003378445515409112,
          "y": 0.06356289982795715,
          "z": 0.9514687657356262
        },
        "tail": {
          "x": -0.013112274929881096,
          "y": 0.062231454998254776,
          "z": 1.4391928911209106
        },
        "rotation_quaternion": {
          "w": 0.705987274646759,
          "x": 0.7070120573043823,
          "y": 0.01475428231060505,
          "z": 0.03870842233300209
        },
        "matrix": [
          [
            0.996567964553833,
            -0.03379237279295921,
            0.07556703686714172,
            0.003378445515409112
          ],
          [
            0.07551795989274979,
            -0.0027283653616905212,
            -0.9971407055854797,
            0.06356289982795715
          ],
          [
            0.033902235329151154,
            0.9994321465492249,
            -0.0001680031418800354,
            0.9514687657356262
          ],
          [
            0.0,
            0.0,
            0.0,
            1.0
          ]
        ]
      },
      "bone_length_armature_space": 0.4880046489936635,
      "parent": "Root",
      "has_children": true,
      "is_end_bone": false
    },
    "neck_01": {
      "name": "neck_01",
      "local": {
        "location": {
          "x": 0.0,
          "y": 0.0,
          "z": 0.0
        },
        "rotation_quaternion": {
          "w": 0.9983887672424316,
          "x": -0.02859375812113285,
          "y": -0.010468292981386185,
          "z": 0.04788323491811752
        },
        "scale": {
          "x": 1.0,
          "y": 1.0,
          "z": 1.0
        },
        "matrix_basis": [
          [
            0.995195209980011,
            -0.09501351416110992,
            -0.023641174659132957,
            0.0
          ],
          [
            0.09621082246303558,
            0.993779182434082,
            0.05609286203980446,
            0.0
          ],
          [
            0.018164528533816338,
            -0.05809788405895233,
            0.9981456398963928,
            0.0
          ],
          [
            0.0,
            0.0,
            0.0,
            1.0
          ]
        ],
        "rotation_mode": "QUATERNION"
      },
      "armature_space": {
        "head": {
          "x": -0.012965800240635872,
          "y": -0.035793595016002655,
          "z": 0.5625098943710327
        },
        "tail": {
          "x": -0.02341703325510025,
          "y": -0.06987713277339935,
          "z": 0.6586339473724365
        }
      },
      "world_space": {
        "head": {
          "x": -0.012965800240635872,
          "y": 0.027450405061244965,
          "z": 1.5123639106750488
        },
        "tail": {
          "x": -0.02341703325510025,
          "y": -0.006633132696151733,
          "z": 1.6084879636764526
        },
        "rotation_quaternion": {
          "w": 0.5771851539611816,
          "x": 0.8145127892494202,
          "y": -0.025110730901360512,
          "z": 0.05287379398941994
        },
        "matrix": [
          [
            0.9931476712226868,
            -0.1019420176744461,
            0.057145100086927414,
            -0.012965800240635872
          ],
          [
            0.02012939378619194,
            -0.33245307207107544,
            -0.9429051280021667,
            0.027450405061244965
          ],
          [
            0.11512051522731781,
            0.937600314617157,
            -0.3281261622905731,
            1.5123639106750488
          ],
          [
            0.0,
            0.0,
            0.0,
            1.0
          ]
        ]
      },
      "bone_length_armature_space": 0.10252194698149601,
      "parent": "spine_01",
      "has_children": true,
      "is_end_bone": false
    },
    "head": {
      "name": "head",
      "local": {
        "location": {
          "x": 0.0,
          "y": 0.0,
          "z": 0.0
        },
        "rotation_quaternion": {
          "w": 0.9877618551254272,
          "x": -0.07196218520402908,
          "y": 0.13495756685733795,
          "z": -0.030568303540349007
        },
        "scale": {
          "x": 1.0,
          "y": 1.0,
          "z": 1.0
        },
        "matrix_basis": [
          [
            0.9617040753364563,
            0.040964726358652115,
            0.2710113823413849,
            0.0
          ],
          [
            -0.07981209456920624,
            0.9877740740776062,
            0.13391216099262238,
            0.0
          ],
          [
            -0.262212336063385,
            -0.1504138559103012,
            0.9532157778739929,
            0.0
          ],
          [
            0.0,
            0.0,
            0.0,
            1.0
          ]
        ],
        "rotation_mode": "QUATERNION"
      },
      "armature_space": {
        "head": {
          "x": -0.023417014628648758,
          "y": -0.0698772519826889,
          "z": 0.658633828163147
        },
        "tail": {
          "x": -0.03524226322770119,
          "y": -0.041724830865859985,
          "z": 0.8106894493103027
        }
      },
      "world_space": {
        "head": {
          "x": -0.023417014628648758,
          "y": -0.006633251905441284,
          "z": 1.608487844467163
        },
        "tail": {
          "x": -0.03524226322770119,
          "y": 0.021519169211387634,
          "z": 1.7605434656143188
        },
        "rotation_quaternion": {
          "w": 0.7644993662834167,
          "x": 0.6292577981948853,
          "y": 0.07938621938228607,
          "z": 0.11521019786596298
        },
        "matrix": [
          [
            0.960848867893219,
            -0.07624755054712296,
            0.2663756012916565,
            -0.023417014628648758
          ],
          [
            0.2760654091835022,
            0.18152287602424622,
            -0.9438419342041016,
            -0.006633251905441284
          ],
          [
            0.02361278049647808,
            0.980433464050293,
            0.19546574354171753,
            1.608487844467163
          ],
          [
            0.0,
            0.0,
            0.0,
            1.0
          ]
        ]
      },
      "bone_length_armature_space": 0.15509128640634476,
      "parent": "neck_01",
      "has_children": false,
      "is_end_bone": true
    },
    "upperarm_l": {
      "name": "upperarm_l",
      "local": {
        "location": {
          "x": 0.0,
          "y": 0.0,
          "z": 0.0
        },
        "rotation_quaternion": {
          "w": 0.863265872001648,
          "x": 0.2653406858444214,
          "y": 0.3365980386734009,
          "z": 0.26658639311790466
        },
        "scale": {
          "x": 1.0,
          "y": 1.0,
          "z": 1.0
        },
        "matrix_basis": [
          [
            0.6312668919563293,
            -0.2816435694694519,
            0.7226196527481079,
            0.0
          ],
          [
            0.6388961672782898,
            0.7170520424842834,
            -0.27865421772003174,
            0.0
          ],
          [
            -0.4396747648715973,
            0.6375840306282043,
            0.6325921416282654,
            0.0
          ],
          [
            0.0,
            0.0,
            0.0,
            1.0
          ]
        ],
        "rotation_mode": "QUATERNION"
      },
      "armature_space": {
        "head": {
          "x": 0.13903149962425232,
          "y": -0.027462542057037354,
          "z": 0.5004251599311829
        },
        "tail": {
          "x": 0.3488222062587738,
          "y": -0.17700554430484772,
          "z": 0.5741301774978638
        }
      },
      "world_space": {
        "head": {
          "x": 0.13903149962425232,
          "y": 0.035781458020210266,
          "z": 1.4502792358398438
        },
        "tail": {
          "x": 0.3488222062587738,
          "y": -0.1137615442276001,
          "z": 1.5239841938018799
        },
        "rotation_quaternion": {
          "w": 0.269836962223053,
          "x": 0.8498052358627319,
          "y": 0.38491231203079224,
          "z": -0.2384568452835083
        },
        "matrix": [
          [
            0.5899614691734314,
            0.7828904390335083,
            -0.19755519926548004,
            0.13903149962425232
          ],
          [
            0.5255127549171448,
            -0.5580599308013916,
            -0.6421881914138794,
            0.035781458020210266
          ],
          [
            -0.6130144596099854,
            0.27504998445510864,
            -0.7406585216522217,
            1.4502792358398438
          ],
          [
            0.0,
            0.0,
            0.0,
            1.0
          ]
        ]
      },
      "bone_length_armature_space": 0.267969549986977,
      "parent": "spine_01",
      "has_children": true,
      "is_end_bone": false
    },
    "lowerarm_l": {
      "name": "lowerarm_l",
      "local": {
        "location": {
          "x": 0.0,
          "y": 0.0,
          "z": 0.0
        },
        "rotation_quaternion": {
          "w": 0.9196350574493408,
          "x": 0.18858620524406433,
          "y": 0.18139125406742096,
          "z": -0.2929229140281677
        },
        "scale": {
          "x": 1.0,
          "y": 1.0,
          "z": 1.0
        },
        "matrix_basis": [
          [
            0.762586772441864,
            0.607180118560791,
            0.22314506769180298,
            0.0
          ],
          [
            -0.470348596572876,
            0.7572628259658813,
            -0.45312827825546265,
            0.0
          ],
          [
            -0.4441099464893341,
            0.24059365689754486,
            0.8630648851394653,
            0.0
          ],
          [
            0.0,
            0.0,
            0.0,
            1.0
          ]
        ],
        "rotation_mode": "QUATERNION"
      },
      "armature_space": {
        "head": {
          "x": 0.3488221764564514,
          "y": -0.17700567841529846,
          "z": 0.5741301774978638
        },
        "tail": {
          "x": 0.5658534169197083,
          "y": -0.2879432737827301,
          "z": 0.46385854482650757
        }
      },
      "world_space": {
        "head": {
          "x": 0.3488221764564514,
          "y": -0.11376167833805084,
          "z": 1.5239841938018799
        },
        "tail": {
          "x": 0.5658534169197083,
          "y": -0.22469927370548248,
          "z": 1.413712501525879
        },
        "rotation_quaternion": {
          "w": 0.07993259280920029,
          "x": -0.7978637218475342,
          "y": -0.5350415110588074,
          "z": 0.26599791646003723
        },
        "matrix": [
          [
            0.2859500050544739,
            0.8112574219703674,
            -0.5099940299987793,
            0.3488221764564514
          ],
          [
            0.896304190158844,
            -0.4146820306777954,
            -0.15709179639816284,
            -0.11376167833805084
          ],
          [
            -0.33892884850502014,
            -0.4121926426887512,
            -0.8457179069519043,
            1.5239841938018799
          ],
          [
            0.0,
            0.0,
            0.0,
            1.0
          ]
        ]
      },
      "bone_length_armature_space": 0.2675248444547514,
      "parent": "upperarm_l",
      "has_children": true,
      "is_end_bone": false
    },
    "metacarpal_thumb_l": {
      "name": "metacarpal_thumb_l",
      "local": {
        "location": {
          "x": 0.0,
          "y": 0.0,
          "z": 0.0
        },
        "rotation_quaternion": {
          "w": 0.9998006224632263,
          "x": -0.017050832509994507,
          "y": -0.008959201164543629,
          "z": -0.005265324376523495
        },
        "scale": {
          "x": 1.0,
          "y": 1.0,
          "z": 1.0
        },
        "matrix_basis": [
          [
            0.999783992767334,
            0.010834072716534138,
            -0.017735272645950317,
            0.0
          ],
          [
            -0.0102230254560709,
            0.9993630647659302,
            0.03418921306729317,
            0.0
          ],
          [
            0.018094386905431747,
            -0.034000519663095474,
            0.9992579817771912,
            0.0
          ],
          [
            0.0,
            0.0,
            0.0,
            1.0
          ]
        ],
        "rotation_mode": "QUATERNION"
      },
      "armature_space": {
        "head": {
          "x": 0.5658534169197083,
          "y": -0.2879432737827301,
          "z": 0.46385854482650757
        },
        "tail": {
          "x": 0.585465133190155,
          "y": -0.3022518455982208,
          "z": 0.42068150639533997
        }
      },
      "world_space": {
        "head": {
          "x": 0.5658534169197083,
          "y": -0.22469927370548248,
          "z": 1.413712501525879
        },
        "tail": {
          "x": 0.585465133190155,
          "y": -0.2390078455209732,
          "z": 1.3705354928970337
        },
        "rotation_quaternion": {
          "w": 0.5849426984786987,
          "x": -0.7814579010009766,
          "y": -0.11580062657594681,
          "z": -0.18372760713100433
        },
        "matrix": [
          [
            0.9056690335273743,
            0.39592674374580383,
            0.15167561173439026,
            0.5658534169197083
          ],
          [
            -0.03395124524831772,
            -0.2888653576374054,
            0.9567676186561584,
            -0.22469927370548248
          ],
          [
            0.422626793384552,
            -0.8716706037521362,
            -0.24817514419555664,
            1.413712501525879
          ],
          [
            0.0,
            0.0,
            0.0,
            1.0
          ]
        ]
      },
      "bone_length_armature_space": 0.04953394108741831,
      "parent": "lowerarm_l",
      "has_children": true,
      "is_end_bone": false
    },
    "thumb_01_l": {
      "name": "thumb_01_l",
      "local": {
        "location": {
          "x": 0.0,
          "y": 0.0,
          "z": 0.0
        },
        "rotation_quaternion": {
          "w": 0.9677248001098633,
          "x": 0.2509498596191406,
          "y": 0.022998806089162827,
          "z": 0.002004482550546527
        },
        "scale": {
          "x": 1.0,
          "y": 1.0,
          "z": 1.0
        },
        "matrix_basis": [
          [
            0.9989340901374817,
            0.007663519587367773,
            0.04551908001303673,
            0.0
          ],
          [
            0.015422669239342213,
            0.8740403056144714,
            -0.48560860753059387,
            0.0
          ],
          [
            -0.04350697994232178,
            0.48579299449920654,
            0.8729904294013977,
            0.0
          ],
          [
            0.0,
            0.0,
            0.0,
            1.0
          ]
        ],
        "rotation_mode": "QUATERNION"
      },
      "armature_space": {
        "head": {
          "x": 0.585465133190155,
          "y": -0.3022518455982208,
          "z": 0.42068150639533997
        },
        "tail": {
          "x": 0.609006941318512,
          "y": -0.2864929139614105,
          "z": 0.40181174874305725
        }
      },
      "world_space": {
        "head": {
          "x": 0.585465133190155,
          "y": -0.2390078455209732,
          "z": 1.3705354928970337
        },
        "tail": {
          "x": 0.609006941318512,
          "y": -0.2232489138841629,
          "z": 1.351665735244751
        },
        "rotation_quaternion": {
          "w": 0.7536068558692932,
          "x": -0.09436806291341782,
          "y": 0.4044305980205536,
          "z": -0.5095168948173523
        },
        "matrix": [
          [
            0.15365517139434814,
            0.6916221380233765,
            0.7057257294654846,
            0.585465133190155
          ],
          [
            -0.8442817330360413,
            0.4629729092121124,
            -0.26989778876304626,
            -0.2390078455209732
          ],
          [
            -0.5134032368659973,
            -0.5543636083602905,
            0.6550664901733398,
            1.3705354928970337
          ],
          [
            0.0,
            0.0,
            0.0,
            1.0
          ]
        ]
      },
      "bone_length_armature_space": 0.034038631127439836,
      "parent": "metacarpal_thumb_l",
      "has_children": true,
      "is_end_bone": false
    },
    "thumb_02_l": {
      "name": "thumb_02_l",
      "local": {
        "location": {
          "x": 0.0,
          "y": 0.0,
          "z": 0.0
        },
        "rotation_quaternion": {
          "w": 0.8963408470153809,
          "x": 0.4433371126651764,
          "y": -0.0037449521478265524,
          "z": 0.003364894539117813
        },
        "scale": {
          "x": 1.0,
          "y": 1.0,
          "z": 1.0
        },
        "matrix_basis": [
          [
            0.9999492764472961,
            -0.009352737106382847,
            -0.003729941789060831,
            0.0
          ],
          [
            0.002711632288992405,
            0.6068817377090454,
            -0.7947875261306763,
            0.0
          ],
          [
            0.009697072207927704,
            0.7947371006011963,
            0.6068763732910156,
            0.0
          ],
          [
            0.0,
            0.0,
            0.0,
            1.0
          ]
        ],
        "rotation_mode": "QUATERNION"
      },
      "armature_space": {
        "head": {
          "x": 0.6090068817138672,
          "y": -0.28649288415908813,
          "z": 0.40181174874305725
        },
        "tail": {
          "x": 0.6217904686927795,
          "y": -0.32147979736328125,
          "z": 0.41683429479599
        }
      },
      "world_space": {
        "head": {
          "x": 0.6090068817138672,
          "y": -0.22324888408184052,
          "z": 1.351665735244751
        },
        "tail": {
          "x": 0.6217904686927795,
          "y": -0.2582358121871948,
          "z": 1.3666882514953613
        },
        "rotation_quaternion": {
          "w": 0.23815470933914185,
          "x": 0.4738476574420929,
          "y": -0.08795251697301865,
          "z": -0.8432170748710632
        },
        "matrix": [
          [
            -0.4375010132789612,
            0.3182816207408905,
            -0.8410050272941589,
            0.6090068817138672
          ],
          [
            -0.4849852919578552,
            -0.8710929155349731,
            -0.07737365365028381,
            -0.22324888408184052
          ],
          [
            -0.7572258114814758,
            0.3740260601043701,
            0.5354695320129395,
            1.351665735244751
          ],
          [
            0.0,
            0.0,
            0.0,
            1.0
          ]
        ]
      },
      "bone_length_armature_space": 0.040164425064212105,
      "parent": "thumb_01_l",
      "has_children": true,
      "is_end_bone": false
    },
    "thumb_03_l": {
      "name": "thumb_03_l",
      "local": {
        "location": {
          "x": 0.0,
          "y": 0.0,
          "z": 0.0
        },
        "rotation_quaternion": {
          "w": 0.9852597713470459,
          "x": 0.17074981331825256,
          "y": -0.010371135547757149,
          "z": 0.00048641208559274673
        },
        "scale": {
          "x": 1.0,
          "y": 1.0,
          "z": 1.0
        },
        "matrix_basis": [
          [
            0.9997844099998474,
            -0.004500223323702812,
            -0.020270416513085365,
            0.0
          ],
          [
            -0.002583254361525178,
            0.9416885375976562,
            -0.3364759385585785,
            0.0
          ],
          [
            0.0206026341766119,
            0.336455762386322,
            0.9414739012718201,
            0.0
          ],
          [
            0.0,
            0.0,
            0.0,
            1.0
          ]
        ],
        "rotation_mode": "QUATERNION"
      },
      "armature_space": {
        "head": {
          "x": 0.6217904686927795,
          "y": -0.32147979736328125,
          "z": 0.4168342053890228
        },
        "tail": {
          "x": 0.6158217787742615,
          "y": -0.34437674283981323,
          "z": 0.43599146604537964
        }
      },
      "world_space": {
        "head": {
          "x": 0.6217904686927795,
          "y": -0.2582358121871948,
          "z": 1.3666882514953613
        },
        "tail": {
          "x": 0.6158217787742615,
          "y": -0.2811327576637268,
          "z": 1.385845422744751
        },
        "rotation_quaternion": {
          "w": 0.16580930352210999,
          "x": 0.666438102722168,
          "y": -0.31059256196022034,
          "z": -0.6571909189224243
        },
        "matrix": [
          [
            -0.05673456937074661,
            -0.1960480958223343,
            -0.978951632976532,
            0.6217904686927795
          ],
          [
            -0.631918728351593,
            -0.7520783543586731,
            0.18723586201667786,
            -0.2582358121871948
          ],
          [
            -0.7729612588882446,
            0.629244327545166,
            -0.08121809363365173,
            1.3666882514953613
          ],
          [
            0.0,
            0.0,
            0.0,
            1.0
          ]
        ]
      },
      "bone_length_armature_space": 0.030444967016047583,
      "parent": "thumb_02_l",
      "has_children": false,
      "is_end_bone": true
    },
    "metacarpal_index_l": {
      "name": "metacarpal_index_l",
      "local": {
        "location": {
          "x": 0.0,
          "y": 0.0,
          "z": 0.0
        },
        "rotation_quaternion": {
          "w": 0.9990841150283813,
          "x": -0.04178699105978012,
          "y": -0.0008160644210875034,
          "z": -0.009169274941086769
        },
        "scale": {
          "x": 1.0,
          "y": 1.0,
          "z": 1.0
        },
        "matrix_basis": [
          [
            0.9998305439949036,
            0.018389955163002014,
            -0.000864321191329509,
            0.0
          ],
          [
            -0.018253551796078682,
            0.9963395595550537,
            0.08351240307092667,
            0.0
          ],
          [
            0.0023969467729330063,
            -0.08348247408866882,
            0.9965063333511353,
            0.0
          ],
          [
            0.0,
            0.0,
            0.0,
            1.0
          ]
        ],
        "rotation_mode": "QUATERNION"
      },
      "armature_space": {
        "head": {
          "x": 0.5658534169197083,
          "y": -0.2879432737827301,
          "z": 0.46385854482650757
        },
        "tail": {
          "x": 0.6432147026062012,
          "y": -0.34024688601493835,
          "z": 0.3930853009223938
        }
      },
      "world_space": {
        "head": {
          "x": 0.5658534169197083,
          "y": -0.22469927370548248,
          "z": 1.413712501525879
        },
        "tail": {
          "x": 0.6432147026062012,
          "y": -0.27700287103652954,
          "z": 1.3429393768310547
        },
        "rotation_quaternion": {
          "w": 0.38286086916923523,
          "x": -0.8480792045593262,
          "y": -0.3608672320842743,
          "z": -0.062882199883461
        },
        "matrix": [
          [
            0.731640636920929,
            0.66023850440979,
            -0.16966761648654938,
            0.5658534169197083
          ],
          [
            0.5639396905899048,
            -0.4463843107223511,
            0.6947756409645081,
            -0.22469927370548248
          ],
          [
            0.38298389315605164,
            -0.6040130853652954,
            -0.6989319324493408,
            1.413712501525879
          ],
          [
            0.0,
            0.0,
            0.0,
            1.0
          ]
        ]
      },
      "bone_length_armature_space": 0.1171720474704552,
      "parent": "lowerarm_l",
      "has_children": true,
      "is_end_bone": false
    },
    "index_01_l": {
      "name": "index_01_l",
      "local": {
        "location": {
          "x": 0.0,
          "y": 0.0,
          "z": 0.0
        },
        "rotation_quaternion": {
          "w": 0.9416917562484741,
          "x": 0.33592095971107483,
          "y": -0.015313847921788692,
          "z": 0.011803532019257545
        },
        "scale": {
          "x": 1.0,
          "y": 1.0,
          "z": 1.0
        },
        "matrix_basis": [
          [
            0.9992523193359375,
            -0.032519061118364334,
            -0.020911742001771927,
            0.0
          ],
          [
            0.011942092329263687,
            0.7740355730056763,
            -0.6330295205116272,
            0.0
          ],
          [
            0.03677195683121681,
            0.6323064565658569,
            0.7738451957702637,
            0.0
          ],
          [
            0.0,
            0.0,
            0.0,
            1.0
          ]
        ],
        "rotation_mode": "QUATERNION"
      },
      "armature_space": {
        "head": {
          "x": 0.6432147026062012,
          "y": -0.34024688601493835,
          "z": 0.3930853009223938
        },
        "tail": {
          "x": 0.6615408658981323,
          "y": -0.3357798457145691,
          "z": 0.3717013895511627
        }
      },
      "world_space": {
        "head": {
          "x": 0.6432147026062012,
          "y": -0.27700287103652954,
          "z": 1.3429393768310547
        },
        "tail": {
          "x": 0.6615408658981323,
          "y": -0.27253586053848267,
          "z": 1.3215553760528564
        },
        "rotation_quaternion": {
          "w": 0.558516800403595,
          "x": -0.6489075422286987,
          "y": -0.5161277651786804,
          "z": 0.024294747039675713
        },
        "matrix": [
          [
            0.46604058146476746,
            0.6427002549171448,
            -0.6080646514892578,
            0.6432147026062012
          ],
          [
            0.6969794034957886,
            0.15665894746780396,
            0.6997698545455933,
            -0.27700287103652954
          ],
          [
            0.5450055599212646,
            -0.7499348521232605,
            -0.374941349029541,
            1.3429393768310547
          ],
          [
            0.0,
            0.0,
            0.0,
            1.0
          ]
        ]
      },
      "bone_length_armature_space": 0.02851445896284784,
      "parent": "metacarpal_index_l",
      "has_children": true,
      "is_end_bone": false
    },
    "index_02_l": {
      "name": "index_02_l",
      "local": {
        "location": {
          "x": 0.0,
          "y": 0.0,
          "z": 0.0
        },
        "rotation_quaternion": {
          "w": 0.8973265290260315,
          "x": 0.44131338596343994,
          "y": 0.006720695644617081,
          "z": -0.0015645991079509258
        },
        "scale": {
          "x": 1.0,
          "y": 1.0,
          "z": 1.0
        },
        "matrix_basis": [
          [
            0.9999047517776489,
            0.008739778771996498,
            0.010680359788239002,
            0.0
          ],
          [
            0.003123953239992261,
            0.6104800701141357,
            -0.7920254468917847,
            0.0
          ],
          [
            -0.013442274183034897,
            0.7919833660125732,
            0.6103946566581726,
            0.0
          ],
          [
            0.0,
            0.0,
            0.0,
            1.0
          ]
        ],
        "rotation_mode": "QUATERNION"
      },
      "armature_space": {
        "head": {
          "x": 0.6615408658981323,
          "y": -0.33577975630760193,
          "z": 0.37170085310935974
        },
        "tail": {
          "x": 0.6597853302955627,
          "y": -0.3198276460170746,
          "z": 0.3516872823238373
        }
      },
      "world_space": {
        "head": {
          "x": 0.6615408658981323,
          "y": -0.2725357413291931,
          "z": 1.3215548992156982
        },
        "tail": {
          "x": 0.6597853302955627,
          "y": -0.25658363103866577,
          "z": 1.3015413284301758
        },
        "rotation_quaternion": {
          "w": 0.7660432457923889,
          "x": -0.3485163748264313,
          "y": -0.473387211561203,
          "z": 0.260035902261734
        },
        "matrix": [
          [
            0.4165724813938141,
            -0.06843346357345581,
            -0.9065231680870056,
            0.6615408658981323
          ],
          [
            0.7283642292022705,
            0.6218353509902954,
            0.28776106238365173,
            -0.2725357413291931
          ],
          [
            0.5440202355384827,
            -0.7801573276519775,
            0.30888643860816956,
            1.3215548992156982
          ],
          [
            0.0,
            0.0,
            0.0,
            1.0
          ]
        ]
      },
      "bone_length_armature_space": 0.02565335749684595,
      "parent": "index_01_l",
      "has_children": true,
      "is_end_bone": false
    },
    "index_03_l": {
      "name": "index_03_l",
      "local": {
        "location": {
          "x": 0.0,
          "y": 0.0,
          "z": 0.0
        },
        "rotation_quaternion": {
          "w": 0.9363066554069519,
          "x": 0.35116150975227356,
          "y": 0.0004048501723445952,
          "z": 0.003931925166398287
        },
        "scale": {
          "x": 1.0,
          "y": 1.0,
          "z": 1.0
        },
        "matrix_basis": [
          [
            0.9999687671661377,
            -0.007078639697283506,
            0.003519609337672591,
            0.0
          ],
          [
            0.007647310849279165,
            0.7533402442932129,
            -0.6575865149497986,
            0.0
          ],
          [
            0.002003353787586093,
            0.6575928926467896,
            0.7533708810806274,
            0.0
          ],
          [
            0.0,
            0.0,
            0.0,
            1.0
          ]
        ],
        "rotation_mode": "QUATERNION"
      },
      "armature_space": {
        "head": {
          "x": 0.6597854495048523,
          "y": -0.31982770562171936,
          "z": 0.3516872227191925
        },
        "tail": {
          "x": 0.6406252980232239,
          "y": -0.2990679442882538,
          "z": 0.3442271053791046
        }
      },
      "world_space": {
        "head": {
          "x": 0.6597854495048523,
          "y": -0.25658369064331055,
          "z": 1.3015412092208862
        },
        "tail": {
          "x": 0.6406252980232239,
          "y": -0.23582394421100616,
          "z": 1.2940810918807983
        },
        "rotation_quaternion": {
          "w": 0.861733078956604,
          "x": 5.1504484872566536e-05,
          "y": -0.3356558084487915,
          "z": 0.38046199083328247
        },
        "matrix": [
          [
            0.48516714572906494,
            -0.6557492017745972,
            -0.5784512758255005,
            0.6597854495048523
          ],
          [
            0.6556792855262756,
            0.7104964852333069,
            -0.25549864768981934,
            -0.25658369064331055
          ],
          [
            0.5785353183746338,
            -0.25532013177871704,
            0.7746759653091431,
            1.3015412092208862
          ],
          [
            0.0,
            0.0,
            0.0,
            1.0
          ]
        ]
      },
      "bone_length_armature_space": 0.02921870035090235,
      "parent": "index_02_l",
      "has_children": false,
      "is_end_bone": true
    },
    "metacarpal_pinky_l": {
      "name": "metacarpal_pinky_l",
      "local": {
        "location": {
          "x": 0.0,
          "y": 0.0,
          "z": 0.0
        },
        "rotation_quaternion": {
          "w": 0.9992414712905884,
          "x": 0.037746574729681015,
          "y": 0.00850977748632431,
          "z": -0.004398657940328121
        },
        "scale": {
          "x": 1.0,
          "y": 1.0,
          "z": 1.0
        },
        "matrix_basis": [
          [
            0.9998164772987366,
            0.009433072991669178,
            0.016674576327204704,
            0.0
          ],
          [
            -0.008148212917149067,
            0.9971116781234741,
            -0.07551074773073196,
            0.0
          ],
          [
            -0.017338713631033897,
            0.07536102086305618,
            0.9970055818557739,
            0.0
          ],
          [
            0.0,
            0.0,
            0.0,
            1.0
          ]
        ],
        "rotation_mode": "QUATERNION"
      },
      "armature_space": {
        "head": {
          "x": 0.5658534169197083,
          "y": -0.2879432737827301,
          "z": 0.46385854482650757
        },
        "tail": {
          "x": 0.6595648527145386,
          "y": -0.3309100568294525,
          "z": 0.4491874873638153
        }
      },
      "world_space": {
        "head": {
          "x": 0.5658534169197083,
          "y": -0.22469927370548248,
          "z": 1.413712501525879
        },
        "tail": {
          "x": 0.6595648527145386,
          "y": -0.2676660418510437,
          "z": 1.3990415334701538
        },
        "rotation_quaternion": {
          "w": 0.3535291850566864,
          "x": 0.5445073246955872,
          "y": 0.4107383191585541,
          "z": -0.6401740908622742
        },
        "matrix": [
          [
            -0.15705817937850952,
            0.899940013885498,
            -0.4067438840866089,
            0.5658534169197083
          ],
          [
            -0.005341673269867897,
            -0.41262325644493103,
            -0.9108862280845642,
            -0.22469927370548248
          ],
          [
            -0.9875820279121399,
            -0.14089077711105347,
            0.06961265951395035,
            1.413712501525879
          ],
          [
            0.0,
            0.0,
            0.0,
            1.0
          ]
        ]
      },
      "bone_length_armature_space": 0.1041307732633297,
      "parent": "lowerarm_l",
      "has_children": true,
      "is_end_bone": false
    },
    "pinky_01_l": {
      "name": "pinky_01_l",
      "local": {
        "location": {
          "x": 0.0,
          "y": 0.0,
          "z": 0.0
        },
        "rotation_quaternion": {
          "w": 0.9382394552230835,
          "x": 0.3455590009689331,
          "y": -0.008036407642066479,
          "z": 0.01520036906003952
        },
        "scale": {
          "x": 1.0,
          "y": 1.0,
          "z": 1.0
        },
        "matrix_basis": [
          [
            0.9994087219238281,
            -0.03407727926969528,
            -0.004574900958687067,
            0.0
          ],
          [
            0.022969065234065056,
            0.7607158422470093,
            -0.6486784815788269,
            0.0
          ],
          [
            0.025585398077964783,
            0.6481898427009583,
            0.7610487937927246,
            0.0
          ],
          [
            0.0,
            0.0,
            0.0,
            1.0
          ]
        ],
        "rotation_mode": "QUATERNION"
      },
      "armature_space": {
        "head": {
          "x": 0.6595648527145386,
          "y": -0.3309100568294525,
          "z": 0.4491874873638153
        },
        "tail": {
          "x": 0.6773044466972351,
