{
  "metadata": {
    "armature_name": "KIM_caucasian_male",
    "export_time": "2026-01-13T21:00:22.762822",
    "blender_version": "4.4.1",
    "bone_count": 56,
    "end_bone_count": 13,
    "spaces_included": [
      "LOCAL_CHANNELS",
      "ARMATURE_SPACE",
      "WORLD_SPACE"
    ],
    "note": "LOCAL matches Transform panel; replay pose via local.matrix_basis for best fidelity."
  },
  "bones": {
    "Root": {
      "name": "Root",
      "local": {
        "location": {
          "x": 0.0,
          "y": 0.0,
          "z": 0.0
        },
        "rotation_quaternion": {
          "w": 0.9995118379592896,
          "x": 0.008842483162879944,
          "y": 0.010573012754321098,
          "z": -0.028037115931510925
        },
        "scale": {
          "x": 1.0,
          "y": 1.0,
          "z": 1.0
        },
        "matrix_basis": [
          [
            0.9982042908668518,
            0.05623384192585945,
            0.020639866590499878,
            0.0
          ],
          [
            -0.055859874933958054,
            0.9982714653015137,
            -0.018269207328557968,
            0.0
          ],
          [
            -0.02163153886795044,
            0.017083460465073586,
            0.9996200203895569,
            0.0
          ],
          [
            0.0,
            0.0,
            0.0,
            1.0
          ]
        ],
        "rotation_mode": "QUATERNION"
      },
      "armature_space": {
        "head": {
          "x": 0.0,
          "y": 0.07072800397872925,
          "z": -0.009595036506652832
        },
        "tail": {
          "x": 0.00401373952627182,
          "y": -4.165619611740112e-05,
          "z": -0.0012248735874891281
        }
      },
      "world_space": {
        "head": {
          "x": 0.0,
          "y": 0.13397200405597687,
          "z": 0.9402589797973633
        },
        "tail": {
          "x": 0.00401373952627182,
          "y": 0.06320234388113022,
          "z": 0.9486291408538818
        },
        "rotation_quaternion": {
          "w": 0.0585123747587204,
          "x": 0.9978368878364563,
          "y": 0.02868570201098919,
          "z": 0.008660193532705307
        },
        "matrix": [
          [
            0.9982042908668518,
            0.05623384192585945,
            0.020639866590499878,
            0.0
          ],
          [
            0.05826076492667198,
            -0.991506814956665,
            -0.11627522855997086,
            0.13397200405597687
          ],
          [
            0.013926118612289429,
            0.11726880818605423,
            -0.993009626865387,
            0.9402589797973633
          ],
          [
            0.0,
            0.0,
            0.0,
            1.0
          ]
        ]
      },
      "bone_length_armature_space": 0.07137586943582964,
      "parent": null,
      "has_children": true,
      "is_end_bone": false
    },
    "spine_01": {
      "name": "spine_01",
      "local": {
        "location": {
          "x": 0.0,
          "y": 0.0,
          "z": 0.0
        },
        "rotation_quaternion": {
          "w": 0.9941028356552124,
          "x": 0.07914283871650696,
          "y": -0.0386519618332386,
          "z": 0.06326266378164291
        },
        "scale": {
          "x": 1.0,
          "y": 1.0,
          "z": 1.0
        },
        "matrix_basis": [
          [
            0.9890077114105225,
            -0.1318972408771515,
            -0.0668344795703888,
            0.0
          ],
          [
            0.11966113746166229,
            0.9794684648513794,
            -0.16224269568920135,
            0.0
          ],
          [
            0.08686162531375885,
            0.15246178209781647,
            0.984484851360321,
            0.0
          ],
          [
            0.0,
            0.0,
            0.0,
            1.0
          ]
        ],
        "rotation_mode": "QUATERNION"
      },
      "armature_space": {
        "head": {
          "x": 0.00401373952627182,
          "y": -4.165619611740112e-05,
          "z": -0.0012248735874891281
        },
        "tail": {
          "x": -0.06339668482542038,
          "y": -0.06436476856470108,
          "z": 0.47780197858810425
        }
      },
      "world_space": {
        "head": {
          "x": 0.00401373952627182,
          "y": 0.06320234388113022,
          "z": 0.9486291408538818
        },
        "tail": {
          "x": -0.06339668482542038,
          "y": -0.0011207684874534607,
          "z": 1.4276559352874756
        },
        "rotation_quaternion": {
          "w": 0.6565998196601868,
          "x": 0.7510460019111633,
          "y": -0.0545140840113163,
          "z": 0.04283469170331955
        },
        "matrix": [
          [
            0.9903868436813354,
            -0.13813576102256775,
            -0.007247127592563629,
            0.00401373952627182
          ],
          [
            -0.025635506957769394,
            -0.1318093240261078,
            -0.9909435510635376,
            0.06320234388113022
          ],
          [
            0.13593043386936188,
            0.9816099405288696,
            -0.1340852677822113,
            0.9486291408538818
          ],
          [
            0.0,
            0.0,
            0.0,
            1.0
          ]
        ]
      },
      "bone_length_armature_space": 0.4880044567449575,
      "parent": "Root",
      "has_children": true,
      "is_end_bone": false
    },
    "neck_01": {
      "name": "neck_01",
      "local": {
        "location": {
          "x": 0.0,
          "y": 0.0,
          "z": 0.0
        },
        "rotation_quaternion": {
          "w": 0.9969428777694702,
          "x": -0.055793799459934235,
          "y": 0.03779182955622673,
          "z": -0.03954411670565605
        },
        "scale": {
          "x": 1.0,
          "y": 1.0,
          "z": 1.0
        },
        "matrix_basis": [
          [
            0.9940160512924194,
            0.07462935149669647,
            0.07976522296667099,
            0.0
          ],
          [
            -0.08306355029344559,
            0.9906466007232666,
            0.10825756937265396,
            0.0
          ],
          [
            -0.07093995809555054,
            -0.11423534899950027,
            0.9909176826477051,
            0.0
          ],
          [
            0.0,
            0.0,
            0.0,
            1.0
          ]
        ],
        "rotation_mode": "QUATERNION"
      },
      "armature_space": {
        "head": {
          "x": -0.07376210391521454,
          "y": -0.10838200151920319,
          "z": 0.5450238585472107
        },
        "tail": {
          "x": -0.079957015812397,
          "y": -0.1490587443113327,
          "z": 0.6389268040657043
        }
      },
      "world_space": {
        "head": {
          "x": -0.07376210391521454,
          "y": -0.045138001441955566,
          "z": 1.494877815246582
        },
        "tail": {
          "x": -0.079957015812397,
          "y": -0.08581474423408508,
          "z": 1.5887808799743652
        },
        "rotation_quaternion": {
          "w": 0.5491780042648315,
          "x": 0.8333855867385864,
          "y": 0.004637815058231354,
          "z": 0.06205252557992935
        },
        "matrix": [
          [
            0.9922560453414917,
            -0.06042557209730148,
            0.10852092504501343,
            -0.07376210391521454
          ],
          [
            0.0758856013417244,
            -0.3967636227607727,
            -0.9147788286209106,
            -0.045138001441955566
          ],
          [
            0.09833398461341858,
            0.915935754776001,
            -0.3891093134880066,
            1.494877815246582
          ],
          [
            0.0,
            0.0,
            0.0,
            1.0
          ]
        ]
      },
      "bone_length_armature_space": 0.10252188717171627,
      "parent": "spine_01",
      "has_children": true,
      "is_end_bone": false
    },
    "head": {
      "name": "head",
      "local": {
        "location": {
          "x": 0.0,
          "y": 0.0,
          "z": 0.0
        },
        "rotation_quaternion": {
          "w": 0.978417158126831,
          "x": 0.07198690623044968,
          "y": -0.0829935222864151,
          "z": -0.17501434683799744
        },
        "scale": {
          "x": 1.0,
          "y": 1.0,
          "z": 1.0
        },
        "matrix_basis": [
          [
            0.9249641299247742,
            0.3305251896381378,
            -0.18760205805301666,
            0.0
          ],
          [
            -0.35442298650741577,
            0.9283757209777832,
            -0.11181633174419403,
            0.0
          ],
          [
            0.13720709085464478,
            0.1699165552854538,
            0.9758599400520325,
            0.0
          ],
          [
            0.0,
            0.0,
            0.0,
            1.0
          ]
        ],
        "rotation_mode": "QUATERNION"
      },
      "armature_space": {
        "head": {
          "x": -0.07995699346065521,
          "y": -0.14905884861946106,
          "z": 0.6389266848564148
        },
        "tail": {
          "x": -0.04092218354344368,
          "y": -0.1772424727678299,
          "z": 0.7863554358482361
        }
      },
      "world_space": {
        "head": {
          "x": -0.07995699346065521,
          "y": -0.08581484854221344,
          "z": 1.5887806415557861
        },
        "tail": {
          "x": -0.04092218354344368,
          "y": -0.11399847269058228,
          "z": 1.7362093925476074
        },
        "rotation_quaternion": {
          "w": 0.6363649368286133,
          "x": 0.7591477036476135,
          "y": 0.06463436037302017,
          "z": -0.12065153568983078
        },
        "matrix": [
          [
            0.9625315070152283,
            0.25169098377227783,
            -0.10092117637395859,
            -0.07995699346065521
          ],
          [
            -0.05542133003473282,
            -0.18172408640384674,
            -0.9817867279052734,
            -0.08581484854221344
          ],
          [
            -0.2654484808444977,
            0.9505999684333801,
            -0.16096824407577515,
            1.5887806415557861
          ],
          [
            0.0,
            0.0,
            0.0,
            1.0
          ]
        ]
      },
      "bone_length_armature_space": 0.15509116372610188,
      "parent": "neck_01",
      "has_children": false,
      "is_end_bone": true
    },
    "upperarm_l": {
      "name": "upperarm_l",
      "local": {
        "location": {
          "x": 0.0,
          "y": 0.0,
          "z": 0.0
        },
        "rotation_quaternion": {
          "w": 0.9731915593147278,
          "x": 0.032274991273880005,
          "y": -0.1533575803041458,
          "z": 0.16833889484405518
        },
        "scale": {
          "x": 1.0,
          "y": 1.0,
          "z": 1.0
        },
        "matrix_basis": [
          [
            0.8962869644165039,
            -0.33755120635032654,
            -0.28762632608413696,
            0.0
          ],
          [
            0.31775274872779846,
            0.941240668296814,
            -0.1144515872001648,
            0.0
          ],
          [
            0.3093588650226593,
            0.011187407188117504,
            0.9508795738220215,
            0.0
          ],
          [
            0.0,
            0.0,
            0.0,
            1.0
          ]
        ],
        "rotation_mode": "QUATERNION"
      },
      "armature_space": {
        "head": {
          "x": 0.08405661582946777,
          "y": -0.10652896761894226,
          "z": 0.4990139901638031
        },
        "tail": {
          "x": 0.32408827543258667,
          "y": -0.11954886466264725,
          "z": 0.6174331307411194
        }
      },
      "world_space": {
        "head": {
          "x": 0.08405661582946777,
          "y": -0.04328496754169464,
          "z": 1.4488680362701416
        },
        "tail": {
          "x": 0.32408827543258667,
          "y": -0.05630486458539963,
          "z": 1.5672872066497803
        },
        "rotation_quaternion": {
          "w": 0.6131959557533264,
          "x": 0.5820887684822083,
          "y": 0.3157474100589752,
          "z": -0.430658757686615
        },
        "matrix": [
          [
            0.4296727478504181,
            0.8957427740097046,
            -0.11413326859474182,
            0.08405661582946777
          ],
          [
            -0.16057342290878296,
            -0.048587240278720856,
            -0.9858273863792419,
            -0.04328496754169464
          ],
          [
            -0.8885993361473083,
            0.44191285967826843,
            0.12295573949813843,
            1.4488680362701416
          ],
          [
            0.0,
            0.0,
            0.0,
            1.0
          ]
        ]
      },
      "bone_length_armature_space": 0.2679697902565153,
      "parent": "spine_01",
      "has_children": true,
      "is_end_bone": false
    },
    "lowerarm_l": {
      "name": "lowerarm_l",
      "local": {
        "location": {
          "x": 0.0,
          "y": 0.0,
          "z": 0.0
        },
        "rotation_quaternion": {
          "w": 0.9164935350418091,
          "x": 0.2405834197998047,
          "y": 0.11149013042449951,
          "z": -0.29954853653907776
        },
        "scale": {
          "x": 1.0,
          "y": 1.0,
          "z": 1.0
        },
        "matrix_basis": [
          [
            0.7956812381744385,
            0.602713942527771,
            0.06022714450955391,
            0.0
          ],
          [
            -0.49542322754859924,
            0.7047805786132812,
            -0.5077797174453735,
            0.0
          ],
          [
            -0.3484928011894226,
            0.37419289350509644,
            0.8593791127204895,
            0.0
          ],
          [
            0.0,
            0.0,
            0.0,
            1.0
          ]
        ],
        "rotation_mode": "QUATERNION"
      },
      "armature_space": {
        "head": {
          "x": 0.32408833503723145,
          "y": -0.11954890191555023,
          "z": 0.6174332499504089
        },
        "tail": {
          "x": 0.528547465801239,
          "y": -0.2910255789756775,
          "z": 0.5984182357788086
        }
      },
      "world_space": {
        "head": {
          "x": 0.32408833503723145,
          "y": -0.05630490183830261,
          "z": 1.5672872066497803
        },
        "tail": {
          "x": 0.528547465801239,
          "y": -0.22778157889842987,
          "z": 1.5482722520828247
        },
        "rotation_quaternion": {
          "w": 0.25069689750671387,
          "x": 0.6774553656578064,
          "y": 0.3415592610836029,
          "z": -0.6012842059135437
        },
        "matrix": [
          [
            0.04358850419521332,
            0.7642633318901062,
            -0.6434295773506165,
            0.32408833503723145
          ],
          [
            0.16130182147026062,
            -0.6409755945205688,
            -0.7504213452339172,
            -0.05630490183830261
          ],
          [
            -0.9859486222267151,
            -0.07107776403427124,
            -0.15121795237064362,
            1.5672872066497803
          ],
          [
            0.0,
            0.0,
            0.0,
            1.0
          ]
        ]
      },
      "bone_length_armature_space": 0.26752449747117446,
      "parent": "upperarm_l",
      "has_children": true,
      "is_end_bone": false
    },
    "metacarpal_thumb_l": {
      "name": "metacarpal_thumb_l",
      "local": {
        "location": {
          "x": 0.0,
          "y": 0.0,
          "z": 0.0
        },
        "rotation_quaternion": {
          "w": 0.9994024038314819,
          "x": 0.026049315929412842,
          "y": -0.014643142931163311,
          "z": -0.017374541610479355
        },
        "scale": {
          "x": 1.0,
          "y": 1.0,
          "z": 1.0
        },
        "matrix_basis": [
          [
            0.9989674091339111,
            0.03396543115377426,
            -0.030173974111676216,
            0.0
          ],
          [
            -0.035491205751895905,
            0.9980391263961792,
            -0.051558662205934525,
            0.0
          ],
          [
            0.02836359478533268,
            0.05257633328437805,
            0.9982140064239502,
            0.0
          ],
          [
            0.0,
            0.0,
            0.0,
            1.0
          ]
        ],
        "rotation_mode": "QUATERNION"
      },
      "armature_space": {
        "head": {
          "x": 0.528547465801239,
          "y": -0.2910255789756775,
          "z": 0.5984182357788086
        },
        "tail": {
          "x": 0.541468620300293,
          "y": -0.33512070775032043,
          "z": 0.5799180865287781
        }
      },
      "world_space": {
        "head": {
          "x": 0.528547465801239,
          "y": -0.22778157889842987,
          "z": 1.5482722520828247
        },
        "tail": {
          "x": 0.541468620300293,
          "y": -0.2718766927719116,
          "z": 1.5297720432281494
        },
        "rotation_quaternion": {
          "w": 0.18803147971630096,
          "x": -0.9717376232147217,
          "y": -0.1397915482521057,
          "z": 0.02878725342452526
        },
        "matrix": [
          [
            0.9592592120170593,
            0.2608555853366852,
            -0.1085180714726448,
            0.528547465801239
          ],
          [
            0.28250744938850403,
            -0.8902050852775574,
            0.35738545656204224,
            -0.22778157889842987
          ],
          [
            -0.0033771302551031113,
            -0.37348583340644836,
            -0.9276370406150818,
            1.5482722520828247
          ],
          [
            0.0,
            0.0,
            0.0,
            1.0
          ]
        ]
      },
      "bone_length_armature_space": 0.04953374704756153,
      "parent": "lowerarm_l",
      "has_children": true,
      "is_end_bone": false
    },
    "thumb_01_l": {
      "name": "thumb_01_l",
      "local": {
        "location": {
          "x": 0.0,
          "y": 0.0,
          "z": 0.0
        },
        "rotation_quaternion": {
          "w": 0.9965563416481018,
          "x": -0.08259989321231842,
          "y": 8.347909897565842e-05,
          "z": 0.007257538847625256
        },
        "scale": {
          "x": 1.0,
          "y": 1.0,
          "z": 1.0
        },
        "matrix_basis": [
          [
            0.9998946189880371,
            -0.01447888370603323,
            -0.0010325605981051922,
            0.0
          ],
          [
            0.014451301656663418,
            0.9862491488456726,
            0.16463211178779602,
            0.0
          ],
          [
            -0.0013653271598741412,
            -0.16462968289852142,
            0.9863545298576355,
            0.0
          ],
          [
            0.0,
            0.0,
            0.0,
            1.0
          ]
        ],
        "rotation_mode": "QUATERNION"
      },
      "armature_space": {
        "head": {
          "x": 0.541468620300293,
          "y": -0.33512070775032043,
          "z": 0.5799180865287781
        },
        "tail": {
          "x": 0.5351160168647766,
          "y": -0.34798720479011536,
          "z": 0.5490516424179077
        }
      },
      "world_space": {
        "head": {
          "x": 0.541468620300293,
          "y": -0.2718766927719116,
          "z": 1.5297720432281494
        },
        "tail": {
          "x": 0.5351160168647766,
          "y": -0.28474318981170654,
          "z": 1.4989056587219238
        },
        "rotation_quaternion": {
          "w": 0.3920818567276001,
          "x": -0.6905959844589233,
          "y": 0.3965766131877899,
          "z": -0.4605172872543335
        },
        "matrix": [
          [
            0.26130157709121704,
            -0.18662896752357483,
            0.9470435380935669,
            0.541468620300293
          ],
          [
            -0.9088693261146545,
            -0.3779975473880768,
            0.1762789487838745,
            -0.2718766927719116
          ],
          [
            0.3250826895236969,
            -0.9068072438240051,
            -0.26839447021484375,
            1.5297720432281494
          ],
          [
            0.0,
            0.0,
            0.0,
            1.0
          ]
        ]
      },
      "bone_length_armature_space": 0.03403879652065161,
      "parent": "metacarpal_thumb_l",
      "has_children": true,
      "is_end_bone": false
    },
    "thumb_02_l": {
      "name": "thumb_02_l",
      "local": {
        "location": {
          "x": 0.0,
          "y": 0.0,
          "z": 0.0
        },
        "rotation_quaternion": {
          "w": 0.9980641603469849,
          "x": 0.06219107285141945,
          "y": 0.00042891083285212517,
          "z": -0.00037728657480329275
        },
        "scale": {
          "x": 1.0,
          "y": 1.0,
          "z": 1.0
        },
        "matrix_basis": [
          [
            0.9999993443489075,
            0.0008064612629823387,
            0.0008092333446256816,
            0.0
          ],
          [
            -0.0006997635937295854,
            0.9922642707824707,
            -0.12414168566465378,
            0.0
          ],
          [
            -0.0009030887740664184,
            0.12414103746414185,
            0.9922641515731812,
            0.0
          ],
          [
            0.0,
            0.0,
            0.0,
            1.0
          ]
        ],
        "rotation_mode": "QUATERNION"
      },
      "armature_space": {
        "head": {
          "x": 0.5351159572601318,
          "y": -0.34798717498779297,
          "z": 0.5490516424179077
        },
        "tail": {
          "x": 0.5638980269432068,
          "y": -0.3732324242591858,
          "z": 0.5369086861610413
        }
      },
      "world_space": {
        "head": {
          "x": 0.5351159572601318,
          "y": -0.28474318981170654,
          "z": 1.4989056587219238
        },
        "tail": {
          "x": 0.5638980269432068,
          "y": -0.30998843908309937,
          "z": 1.4867627620697021
        },
        "rotation_quaternion": {
          "w": 0.4304735064506531,
          "x": -0.31091728806495667,
          "y": 0.020450083538889885,
          "z": -0.8471156358718872
        },
        "matrix": [
          [
            -0.4360452890396118,
            0.7166063785552979,
            0.5443713665008545,
            0.5351159572601318
          ],
          [
            -0.7420380711555481,
            -0.6285479068756104,
            0.2330382913351059,
            -0.28474318981170654
          ],
          [
            0.5091630816459656,
            -0.30233174562454224,
            0.8058301210403442,
            1.4989056587219238
          ],
          [
            0.0,
            0.0,
            0.0,
            1.0
          ]
        ]
      },
      "bone_length_armature_space": 0.04016443104230299,
      "parent": "thumb_01_l",
      "has_children": true,
      "is_end_bone": false
    },
    "thumb_03_l": {
      "name": "thumb_03_l",
      "local": {
        "location": {
          "x": 0.0,
          "y": 0.0,
          "z": 0.0
        },
        "rotation_quaternion": {
          "w": 0.9971666932106018,
          "x": 0.07509367167949677,
          "y": 0.0026512856129556894,
          "z": -0.003546843770891428
        },
        "scale": {
          "x": 1.0,
          "y": 1.0,
          "z": 1.0
        },
        "matrix_basis": [
          [
            0.9999607801437378,
            0.007471778430044651,
            0.00475485622882843,
            0.0
          ],
          [
            -0.006675399374216795,
            0.9886966943740845,
            -0.14978063106536865,
            0.0
          ],
          [
            -0.005820238497108221,
            0.1497430056333542,
            0.9887078404426575,
            0.0
          ],
          [
            0.0,
            0.0,
            0.0,
            1.0
          ]
        ],
        "rotation_mode": "QUATERNION"
      },
      "armature_space": {
        "head": {
          "x": 0.5638979077339172,
          "y": -0.3732324242591858,
          "z": 0.5369086265563965
        },
        "tail": {
          "x": 0.5916743278503418,
          "y": -0.3856967091560364,
          "z": 0.5368697643280029
        }
      },
      "world_space": {
        "head": {
          "x": 0.5638979077339172,
          "y": -0.30998843908309937,
          "z": 1.4867626428604126
        },
        "tail": {
          "x": 0.5916743278503418,
          "y": -0.32245272397994995,
          "z": 1.486723780632019
        },
        "rotation_quaternion": {
          "w": 0.5425845980644226,
          "x": -0.04749824479222298,
          "y": -0.02998756803572178,
          "z": -0.8381208777427673
        },
        "matrix": [
          [
            -0.40669187903404236,
            0.9123517274856567,
            0.04707673192024231,
            0.5638979077339172
          ],
          [
            -0.9066541194915771,
            -0.40940526127815247,
            0.10181073844432831,
            -0.30998843908309937
          ],
          [
            0.11216068267822266,
            -0.0012772083282470703,
            0.9936962127685547,
            1.4867626428604126
          ],
          [
            0.0,
            0.0,
            0.0,
            1.0
          ]
        ]
      },
      "bone_length_armature_space": 0.03044485864355852,
      "parent": "thumb_02_l",
      "has_children": false,
      "is_end_bone": true
    },
    "metacarpal_index_l": {
      "name": "metacarpal_index_l",
      "local": {
        "location": {
          "x": 0.0,
          "y": 0.0,
          "z": 0.0
        },
        "rotation_quaternion": {
          "w": 0.9994949102401733,
          "x": -0.025435682386159897,
          "y": -0.018243182450532913,
          "z": -0.005503918509930372
        },
        "scale": {
          "x": 1.0,
          "y": 1.0,
          "z": 1.0
        },
        "matrix_basis": [
          [
            0.9992737770080566,
            0.011930332519114017,
            -0.03618794307112694,
            0.0
          ],
          [
            -0.010074221529066563,
            0.9986454844474792,
            0.05104648694396019,
            0.0
          ],
          [
            0.03674792870879173,
            -0.050644852221012115,
            0.9980404376983643,
            0.0
          ],
          [
            0.0,
            0.0,
            0.0,
            1.0
          ]
        ],
        "rotation_mode": "QUATERNION"
      },
      "armature_space": {
        "head": {
          "x": 0.528547465801239,
          "y": -0.2910255789756775,
          "z": 0.5984182357788086
        },
        "tail": {
          "x": 0.5947033762931824,
          "y": -0.3866170644760132,
          "z": 0.5837591290473938
        }
      },
      "world_space": {
        "head": {
          "x": 0.528547465801239,
          "y": -0.22778157889842987,
          "z": 1.5482722520828247
        },
        "tail": {
          "x": 0.5947033762931824,
          "y": -0.32337307929992676,
          "z": 1.5336132049560547
        },
        "rotation_quaternion": {
          "w": 0.020435819402337074,
          "x": 0.9142863750457764,
          "y": 0.3027711510658264,
          "z": -0.26831430196762085
        },
        "matrix": [
          [
            0.6726738214492798,
            0.5646061897277832,
            -0.47825703024864197,
            0.528547465801239
          ],
          [
            0.5426726341247559,
            -0.8158236742019653,
            -0.1998455822467804,
            -0.22778157889842987
          ],
          [
            -0.5030103921890259,
            -0.1251078099012375,
            -0.8551855683326721,
            1.5482722520828247
          ],
          [
            0.0,
            0.0,
            0.0,
            1.0
          ]
        ]
      },
      "bone_length_armature_space": 0.11717178020741796,
      "parent": "lowerarm_l",
      "has_children": true,
      "is_end_bone": false
    },
    "index_01_l": {
      "name": "index_01_l",
      "local": {
        "location": {
          "x": 0.0,
          "y": 0.0,
          "z": 0.0
        },
        "rotation_quaternion": {
          "w": 0.9917850494384766,
          "x": -0.1271742433309555,
          "y": -0.013622655533254147,
          "z": 0.001931633334606886
        },
        "scale": {
          "x": 1.0,
          "y": 1.0,
          "z": 1.0
        },
        "matrix_basis": [
          [
            0.9996213912963867,
            -0.00036662831553258,
            -0.027512799948453903,
            0.0
          ],
          [
            0.007296431809663773,
            0.9676459431648254,
            0.25220638513565063,
            0.0
          ],
          [
            0.026530183851718903,
            -0.252311646938324,
            0.9672822952270508,
            0.0
          ],
          [
            0.0,
            0.0,
            0.0,
            1.0
          ]
        ],
        "rotation_mode": "QUATERNION"
      },
      "armature_space": {
        "head": {
          "x": 0.5947033762931824,
          "y": -0.3866170644760132,
          "z": 0.5837591290473938
        },
        "tail": {
          "x": 0.6199662685394287,
          "y": -0.3997465670108795,
          "z": 0.5853317379951477
        }
      },
      "world_space": {
        "head": {
          "x": 0.5947033762931824,
          "y": -0.32337307929992676,
          "z": 1.5336132049560547
        },
        "tail": {
          "x": 0.6199662685394287,
          "y": -0.3365025520324707,
          "z": 1.5351858139038086
        },
        "rotation_quaternion": {
          "w": 0.14132574200630188,
          "x": 0.8351486325263977,
          "y": 0.49980056285858154,
          "z": -0.18097887933254242
        },
        "matrix": [
          [
            0.43489187955856323,
            0.8859696984291077,
            -0.16101783514022827,
            0.5947033762931824
          ],
          [
            0.7836614847183228,
            -0.4604519009590149,
            -0.41696375608444214,
            -0.32337307929992676
          ],
          [
            -0.44356048107147217,
            0.055150553584098816,
            -0.8945537805557251,
            1.5336132049560547
          ],
          [
            0.0,
            0.0,
            0.0,
            1.0
          ]
        ]
      },
      "bone_length_armature_space": 0.028514393592099254,
      "parent": "metacarpal_index_l",
      "has_children": true,
      "is_end_bone": false
    },
    "index_02_l": {
      "name": "index_02_l",
      "local": {
        "location": {
          "x": 0.0,
          "y": 0.0,
          "z": 0.0
        },
        "rotation_quaternion": {
          "w": 0.9984492659568787,
          "x": 0.0556594654917717,
          "y": 0.0010755494004115462,
          "z": -0.00025608603027649224
        },
        "scale": {
          "x": 1.0,
          "y": 1.0,
          "z": 1.0
        },
        "matrix_basis": [
          [
            0.9999975562095642,
            0.0006311068427748978,
            0.002119255717843771,
            0.0
          ],
          [
            -0.00039164882036857307,
            0.9938039183616638,
            -0.11114685237407684,
            0.0
          ],
          [
            -0.002176270354539156,
            0.1111457571387291,
            0.9938017129898071,
            0.0
          ],
          [
            0.0,
            0.0,
            0.0,
            1.0
          ]
        ],
        "rotation_mode": "QUATERNION"
      },
      "armature_space": {
        "head": {
          "x": 0.619966447353363,
          "y": -0.3997470438480377,
          "z": 0.5853315591812134
        },
        "tail": {
          "x": 0.6425763368606567,
          "y": -0.41185060143470764,
          "z": 0.5847086906433105
        }
      },
      "world_space": {
        "head": {
          "x": 0.619966447353363,
          "y": -0.3365030288696289,
          "z": 1.5351855754852295
        },
        "tail": {
          "x": 0.6425763368606567,
          "y": -0.34860658645629883,
          "z": 1.5345627069473267
        },
        "rotation_quaternion": {
          "w": 0.12328603863716125,
          "x": 0.8268152475357056,
          "y": 0.49889227747917175,
          "z": -0.2286563366651535
        },
        "matrix": [
          [
            0.3976452946662903,
            0.8813641667366028,
            -0.25509878993034363,
            0.619966447353363
          ],
          [
            0.7686030268669128,
            -0.47181305289268494,
            -0.43202072381973267,
            -0.3365030288696289
          ],
          [
            -0.5011292099952698,
            -0.02427937090396881,
            -0.8650398850440979,
            1.5351855754852295
          ],
          [
            0.0,
            0.0,
            0.0,
            1.0
          ]
        ]
      },
      "bone_length_armature_space": 0.025653287680453347,
      "parent": "index_01_l",
      "has_children": true,
      "is_end_bone": false
    },
    "index_03_l": {
      "name": "index_03_l",
      "local": {
        "location": {
          "x": 0.0,
          "y": 0.0,
          "z": 0.0
        },
        "rotation_quaternion": {
          "w": 0.999869167804718,
          "x": 0.011070207692682743,
          "y": -0.00970213208347559,
          "z": -0.006722191348671913
        },
        "scale": {
          "x": 1.0,
          "y": 1.0,
          "z": 1.0
        },
        "matrix_basis": [
          [
            0.999721348285675,
            0.013227814808487892,
            -0.019550558179616928,
            0.0
          ],
          [
            -0.013657432980835438,
            0.9996645450592041,
            -0.022007079795002937,
            0.0
          ],
          [
            0.019252892583608627,
            0.022267958149313927,
            0.9995666146278381,
            0.0
          ],
          [
            0.0,
            0.0,
            0.0,
            1.0
          ]
        ],
        "rotation_mode": "QUATERNION"
      },
      "armature_space": {
        "head": {
          "x": 0.6425763368606567,
          "y": -0.41185054183006287,
          "z": 0.5847088694572449
        },
        "tail": {
          "x": 0.6684409976005554,
          "y": -0.4244888424873352,
          "z": 0.5797063708305359
        }
      },
      "world_space": {
        "head": {
          "x": 0.6425763368606567,
          "y": -0.34860652685165405,
          "z": 1.5345628261566162
        },
        "tail": {
          "x": 0.6684409976005554,
          "y": -0.3612448573112488,
          "z": 1.5295603275299072
        },
        "rotation_quaternion": {
          "w": 0.051905397325754166,
          "x": 0.8113146424293518,
          "y": 0.5301267504692078,
          "z": -0.24091507494449615
        },
        "matrix": [
          [
            0.32185038924217224,
            0.8852095007896423,
            -0.33588171005249023,
            0.6425763368606567
          ],
          [
            0.8351894021034241,
            -0.4325418472290039,
            -0.3396562337875366,
            -0.34860652685165405
          ],
          [
            -0.44595202803611755,
            -0.17120800912380219,
            -0.878537654876709,
            1.5345628261566162
          ],
          [
            0.0,
            0.0,
            0.0,
            1.0
          ]
        ]
      },
      "bone_length_armature_space": 0.02921869739382349,
      "parent": "index_02_l",
      "has_children": false,
      "is_end_bone": true
    },
    "metacarpal_pinky_l": {
      "name": "metacarpal_pinky_l",
      "local": {
        "location": {
          "x": 0.0,
          "y": 0.0,
          "z": 0.0
        },
        "rotation_quaternion": {
          "w": 0.999886155128479,
          "x": -0.005514390300959349,
          "y": -0.012397757731378078,
          "z": 0.006614957936108112
        },
        "scale": {
          "x": 1.0,
          "y": 1.0,
          "z": 1.0
        },
        "matrix_basis": [
          [
            0.9996050596237183,
            -0.0130916777998209,
            -0.024865647777915,
            0.0
          ],
          [
            0.013365142047405243,
            0.999851644039154,
            0.010863503441214561,
            0.0
          ],
          [
            0.024719737470149994,
            -0.011191545985639095,
            0.9996317625045776,
            0.0
          ],
          [
            0.0,
            0.0,
            0.0,
            1.0
          ]
        ],
        "rotation_mode": "QUATERNION"
      },
      "armature_space": {
        "head": {
          "x": 0.528547465801239,
          "y": -0.2910255789756775,
          "z": 0.5984182357788086
        },
        "tail": {
          "x": 0.6253768801689148,
          "y": -0.32918882369995117,
          "z": 0.5951249599456787
        }
      },
      "world_space": {
        "head": {
          "x": 0.528547465801239,
          "y": -0.22778157889842987,
          "z": 1.5482722520828247
        },
        "tail": {
          "x": 0.6253768801689148,
          "y": -0.26594483852386475,
          "z": 1.5449789762496948
        },
        "rotation_quaternion": {
          "w": 0.5479626059532166,
          "x": 0.16113437712192535,
          "y": 0.1284124255180359,
          "z": -0.8107299208641052
        },
        "matrix": [
          [
            -0.34754517674446106,
            0.9298830032348633,
            -0.12054078280925751,
            0.528547465801239
          ],
          [
            -0.8471165299415588,
            -0.3664935231208801,
            -0.3848068416118622,
            -0.22778157889842987
          ],
          [
            -0.4020061492919922,
            -0.031626276671886444,
            0.9150980114936829,
            1.5482722520828247
          ],
          [
            0.0,
            0.0,
            0.0,
            1.0
          ]
        ]
      },
      "bone_length_armature_space": 0.10413075576007415,
      "parent": "lowerarm_l",
      "has_children": true,
      "is_end_bone": false
    },
    "pinky_01_l": {
      "name": "pinky_01_l",
      "local": {
        "location": {
          "x": 0.0,
          "y": 0.0,
          "z": 0.0
        },
        "rotation_quaternion": {
          "w": 0.9911438226699829,
          "x": -0.13238748908042908,
          "y": 0.009737429209053516,
          "z": -0.0035514275077730417
        },
        "scale": {
          "x": 1.0,
          "y": 1.0,
          "z": 1.0
        },
        "matrix_basis": [
          [
            0.9997851252555847,
            0.004461723379790783,
            0.020242715254426003,
            0.0
          ],
          [
            -0.009618178941309452,
            0.9649218916893005,
            0.26236093044281006,
            0.0
          ],
          [
            -0.018362056463956833,
            -0.26249924302101135,
            0.9647574424743652,
            0.0
          ],
          [
            0.0,
            0.0,
            0.0,
            1.0
          ]
        ],
        "rotation_mode": "QUATERNION"
      },
      "armature_space": {
        "head": {
          "x": 0.6253768801689148,
          "y": -0.32918882369995117,
          "z": 0.5951249599456787
        },
