{
  "metadata": {
    "armature_name": "KIM_caucasian_male",
    "export_time": "2026-01-13T21:08:19.404596",
    "blender_version": "4.4.1",
    "bone_count": 56,
    "end_bone_count": 13,
    "spaces_included": [
      "LOCAL_CHANNELS",
      "ARMATURE_SPACE",
      "WORLD_SPACE"
    ],
    "note": "LOCAL matches Transform panel; replay pose via local.matrix_basis for best fidelity."
  },
  "bones": {
    "Root": {
      "name": "Root",
      "local": {
        "location": {
          "x": 0.0,
          "y": 0.0,
          "z": 0.0
        },
        "rotation_quaternion": {
          "w": 0.9998888373374939,
          "x": 0.008955622091889381,
          "y": -0.011399729177355766,
          "z": 0.003507931949570775
        },
        "scale": {
          "x": 1.0,
          "y": 1.0,
          "z": 1.0
        },
        "matrix_basis": [
          [
            0.9997155070304871,
            -0.007219267543405294,
            -0.02273409254848957,
            0.0
          ],
          [
            0.006810900755226612,
            0.9998149871826172,
            -0.017989231273531914,
            0.0
          ],
          [
            0.022859755903482437,
            0.017829274758696556,
            0.999579668045044,
            0.0
          ],
          [
            0.0,
            0.0,
            0.0,
            1.0
          ]
        ],
        "rotation_mode": "QUATERNION"
      },
      "armature_space": {
        "head": {
          "x": 0.0,
          "y": 0.07072800397872925,
          "z": -0.009595036506652832
        },
        "tail": {
          "x": -0.0005152815137989819,
          "y": -0.00015798211097717285,
          "z": -0.0012628138065338135
        }
      },
      "world_space": {
        "head": {
          "x": 0.0,
          "y": 0.13397200405597687,
          "z": 0.9402589797973633
        },
        "tail": {
          "x": -0.0005152815137989819,
          "y": 0.06308601796627045,
          "z": 0.9485912322998047
        },
        "rotation_quaternion": {
          "w": 0.05842489004135132,
          "x": 0.9982205629348755,
          "y": -0.004267939366400242,
          "z": -0.011137512512505054
        },
        "matrix": [
          [
            0.9997155070304871,
            -0.007219267543405294,
            -0.02273409254848957,
            0.0
          ],
          [
            -0.009822109714150429,
            -0.9931365847587585,
            -0.11654724180698395,
            0.13397200405597687
          ],
          [
            -0.021736836060881615,
            0.1167372539639473,
            -0.9929319620132446,
            0.9402589797973633
          ],
          [
            0.0,
            0.0,
            0.0,
            1.0
          ]
        ]
      },
      "bone_length_armature_space": 0.07137586668906164,
      "parent": null,
      "has_children": true,
      "is_end_bone": false
    },
    "spine_01": {
      "name": "spine_01",
      "local": {
        "location": {
          "x": 0.0,
          "y": 0.0,
          "z": 0.0
        },
        "rotation_quaternion": {
          "w": 0.9986224174499512,
          "x": -0.02352258376777172,
          "y": 0.005320310592651367,
          "z": -0.04660073667764664
        },
        "scale": {
          "x": 1.0,
          "y": 1.0,
          "z": 1.0
        },
        "matrix_basis": [
          [
            0.9956001043319702,
            0.09282278269529343,
            0.012818302027881145,
            0.0
          ],
          [
            -0.09332337230443954,
            0.9945501089096069,
            0.04648449644446373,
            0.0
          ],
          [
            -0.008433623239398003,
            -0.04747622087597847,
            0.9988367557525635,
            0.0
          ],
          [
            0.0,
            0.0,
            0.0,
            1.0
          ]
        ],
        "rotation_mode": "QUATERNION"
      },
      "armature_space": {
        "head": {
          "x": -0.0005152815137989819,
          "y": -0.00015798211097717285,
          "z": -0.0012628138065338135
        },
        "tail": {
          "x": 0.055665213614702225,
          "y": 0.036498866975307465,
          "z": 0.4821092188358307
        }
      },
      "world_space": {
        "head": {
          "x": -0.0005152815137989819,
          "y": 0.06308601796627045,
          "z": 0.9485912322998047
        },
        "tail": {
          "x": 0.055665213614702225,
          "y": 0.09974286705255508,
          "z": 1.4319632053375244
        },
        "rotation_quaternion": {
          "w": 0.7320409417152405,
          "x": 0.6788123846054077,
          "y": 0.040914878249168396,
          "z": -0.04069213569164276
        },
        "matrix": [
          [
            0.9933401942253113,
            0.1151236742734909,
            0.004657338373363018,
            -0.0005152815137989819
          ],
          [
            -0.004030363634228706,
            0.07511630654335022,
            -0.997166633605957,
            0.06308601796627045
          ],
          [
            -0.1151481345295906,
            0.9905139803886414,
            0.07507964968681335,
            0.9485912322998047
          ],
          [
            0.0,
            0.0,
            0.0,
            1.0
          ]
        ]
      },
      "bone_length_armature_space": 0.4880046067952801,
      "parent": "Root",
      "has_children": true,
      "is_end_bone": false
    },
    "neck_01": {
      "name": "neck_01",
      "local": {
        "location": {
          "x": 0.0,
          "y": 0.0,
          "z": 0.0
        },
        "rotation_quaternion": {
          "w": 0.9923899173736572,
          "x": 0.06590551882982254,
          "y": 0.10224303603172302,
          "z": 0.01911208964884281
        },
        "scale": {
          "x": 1.0,
          "y": 1.0,
          "z": 1.0
        },
        "matrix_basis": [
          [
            0.9783622026443481,
            -0.024456528946757317,
            0.20544910430908203,
            0.0
          ],
          [
            0.05141004920005798,
            0.9905824065208435,
            -0.12689979374408722,
            0.0
          ],
          [
            -0.20041073858737946,
            0.13471609354019165,
            0.970405638217926,
            0.0
          ],
          [
            0.0,
            0.0,
            0.0,
            1.0
          ]
        ],
        "rotation_mode": "QUATERNION"
      },
      "armature_space": {
        "head": {
          "x": 0.06425591558218002,
          "y": 0.007416591048240662,
          "z": 0.557236909866333
        },
        "tail": {
          "x": 0.07219163328409195,
          "y": -0.03711804002523422,
          "z": 0.6492392420768738
        }
      },
      "world_space": {
        "head": {
          "x": 0.06425591558218002,
          "y": 0.07066059112548828,
          "z": 1.5070909261703491
        },
        "tail": {
          "x": 0.07219163328409195,
          "y": 0.026125960052013397,
          "z": 1.5990931987762451
        },
        "rotation_quaternion": {
          "w": 0.5267761945724487,
          "x": 0.8457558751106262,
          "y": 0.07286805659532547,
          "z": 0.043521080166101456
        },
        "matrix": [
          [
            0.9855923056602478,
            0.07740554213523865,
            0.1503869593143463,
            0.06425591558218002
          ],
          [
            0.16910921037197113,
            -0.4343937933444977,
            -0.8847057819366455,
            0.07066059112548828
          ],
          [
            -0.003153841942548752,
            0.8973968029022217,
            -0.4412290155887604,
            1.5070909261703491
          ],
          [
            0.0,
            0.0,
            0.0,
            1.0
          ]
        ]
      },
      "bone_length_armature_space": 0.10252189290252729,
      "parent": "spine_01",
      "has_children": true,
      "is_end_bone": false
    },
    "head": {
      "name": "head",
      "local": {
        "location": {
          "x": 0.0,
          "y": 0.0,
          "z": 0.0
        },
        "rotation_quaternion": {
          "w": 0.9763227701187134,
          "x": -0.14741112291812897,
          "y": -0.11248643696308136,
          "z": 0.1114029809832573
        },
        "scale": {
          "x": 1.0,
          "y": 1.0,
          "z": 1.0
        },
        "matrix_basis": [
          [
            0.9498723745346069,
            -0.18436703085899353,
            -0.25249022245407104,
            0.0
          ],
          [
            0.25069403648376465,
            0.931718647480011,
            0.26277902722358704,
            0.0
          ],
          [
            0.18680205941200256,
            -0.31290432810783386,
            0.9312335252761841,
            0.0
          ],
          [
            0.0,
            0.0,
            0.0,
            1.0
          ]
        ],
        "rotation_mode": "QUATERNION"
      },
      "armature_space": {
        "head": {
          "x": 0.07219165563583374,
          "y": -0.03711814805865288,
          "z": 0.6492391228675842
        },
        "tail": {
          "x": 0.03846035525202751,
          "y": -0.006518537178635597,
          "z": 0.7974928021430969
        }
      },
      "world_space": {
        "head": {
          "x": 0.07219165563583374,
          "y": 0.026125852018594742,
          "z": 1.5990931987762451
        },
        "tail": {
          "x": 0.03846035525202751,
          "y": 0.05672546476125717,
          "z": 1.7473468780517578
        },
        "rotation_quaternion": {
          "w": 0.7665905952453613,
          "x": 0.6310805678367615,
          "y": -0.10483119636774063,
          "z": 0.05555823817849159
        },
        "matrix": [
          [
            0.9718475937843323,
            -0.21749469637870789,
            -0.09060053527355194,
            0.07219165563583374
          ],
          [
            -0.04713158309459686,
            0.19730201363563538,
            -0.979209303855896,
            0.026125852018594742
          ],
          [
            0.23085004091262817,
            0.9559190273284912,
            0.1814969778060913,
            1.5990931987762451
          ],
          [
            0.0,
            0.0,
            0.0,
            1.0
          ]
        ]
      },
      "bone_length_armature_space": 0.15509123109469086,
      "parent": "neck_01",
      "has_children": false,
      "is_end_bone": true
    },
    "upperarm_l": {
      "name": "upperarm_l",
      "local": {
        "location": {
          "x": 0.0,
          "y": 0.0,
          "z": 0.0
        },
        "rotation_quaternion": {
          "w": 0.9084234237670898,
          "x": 0.3928873538970947,
          "y": 0.0691668838262558,
          "z": 0.1249898299574852
        },
        "scale": {
          "x": 1.0,
          "y": 1.0,
          "z": 1.0
        },
        "matrix_basis": [
          [
            0.9591869711875916,
            -0.17273779213428497,
            0.22387948632240295,
            0.0
          ],
          [
            0.2814369797706604,
            0.6600341200828552,
            -0.6965258121490479,
            0.0
          ],
          [
            -0.027451787143945694,
            0.7311064600944519,
            0.681710958480835,
            0.0
          ],
          [
            0.0,
            0.0,
            0.0,
            1.0
          ]
        ],
        "rotation_mode": "QUATERNION"
      },
      "armature_space": {
        "head": {
          "x": 0.20553459227085114,
          "y": -0.0014164559543132782,
          "z": 0.47363391518592834
        },
        "tail": {
          "x": 0.3948175609111786,
          "y": -0.18869751691818237,
          "z": 0.5037236213684082
        }
      },
      "world_space": {
        "head": {
          "x": 0.20553459227085114,
          "y": 0.06182754412293434,
          "z": 1.423487901687622
        },
        "tail": {
          "x": 0.3948175609111786,
          "y": -0.12545351684093475,
          "z": 1.4535776376724243
        },
        "rotation_quaternion": {
          "w": 0.29726657271385193,
          "x": 0.695850670337677,
          "y": 0.2493748664855957,
          "z": -0.6043481230735779
        },
        "matrix": [
          [
            0.14515095949172974,
            0.7063602805137634,
            -0.6928104758262634,
            0.20553459227085114
          ],
          [
            -0.012249670922756195,
            -0.6988896131515503,
            -0.715124785900116,
            0.06182754412293434
          ],
          [
            -0.989340603351593,
            0.11228785663843155,
            -0.0927930623292923,
            1.423487901687622
          ],
          [
            0.0,
            0.0,
            0.0,
            1.0
          ]
        ]
      },
      "bone_length_armature_space": 0.2679694501755425,
      "parent": "spine_01",
      "has_children": true,
      "is_end_bone": false
    },
    "lowerarm_l": {
      "name": "lowerarm_l",
      "local": {
        "location": {
          "x": 0.0,
          "y": 0.0,
          "z": 0.0
        },
        "rotation_quaternion": {
          "w": 0.9753862619400024,
          "x": 0.0632830485701561,
          "y": -0.002645055530592799,
          "z": 0.21121113002300262
        },
        "scale": {
          "x": 1.0,
          "y": 1.0,
          "z": 1.0
        },
        "matrix_basis": [
          [
            0.9107657074928284,
            -0.41235965490341187,
            0.02157226763665676,
            0.0
          ],
          [
            0.4116900861263275,
            0.9027702212333679,
            -0.1245681643486023,
            0.0
          ],
          [
            0.031892068684101105,
            0.12233350425958633,
            0.9919764995574951,
            0.0
          ],
          [
            0.0,
            0.0,
            0.0,
            1.0
          ]
        ],
        "rotation_mode": "QUATERNION"
      },
      "armature_space": {
        "head": {
          "x": 0.394817590713501,
          "y": -0.18869760632514954,
          "z": 0.5037237405776978
        },
        "tail": {
          "x": 0.5071766376495361,
          "y": -0.3789154589176178,
          "z": 0.6545952558517456
        }
      },
      "world_space": {
        "head": {
          "x": 0.394817590713501,
          "y": -0.12545360624790192,
          "z": 1.4535777568817139
        },
        "tail": {
          "x": 0.5071766376495361,
          "y": -0.315671443939209,
          "z": 1.6044492721557617
        },
        "rotation_quaternion": {
          "w": 0.3795754909515381,
          "x": 0.7114102840423584,
          "y": -0.020201589912176132,
          "z": -0.5911088585853577
        },
        "matrix": [
          [
            0.300365686416626,
            0.41999533772468567,
            -0.8563784956932068,
            0.394817590713501
          ],
          [
            -0.4774835705757141,
            -0.7110297083854675,
            -0.5161842107772827,
            -0.12545360624790192
          ],
          [
            -0.8257118463516235,
            0.5639539957046509,
            -0.013028526678681374,
            1.4535777568817139
          ],
          [
            0.0,
            0.0,
            0.0,
            1.0
          ]
        ]
      },
      "bone_length_armature_space": 0.2675249558549327,
      "parent": "upperarm_l",
      "has_children": true,
      "is_end_bone": false
    },
    "metacarpal_thumb_l": {
      "name": "metacarpal_thumb_l",
      "local": {
        "location": {
          "x": 0.0,
          "y": 0.0,
          "z": 0.0
        },
        "rotation_quaternion": {
          "w": 0.9996916055679321,
          "x": -0.018267709761857986,
          "y": -0.0015020167920738459,
          "z": 0.01675765961408615
        },
        "scale": {
          "x": 1.0,
          "y": 1.0,
          "z": 1.0
        },
        "matrix_basis": [
          [
            0.9994338750839233,
            -0.033450108021497726,
            -0.0036153553519397974,
            0.0
          ],
          [
            0.03355985879898071,
            0.9987709522247314,
            0.03647381067276001,
            0.0
          ],
          [
            0.0023908589500933886,
            -0.03657449409365654,
            0.999328076839447,
            0.0
          ],
          [
            0.0,
            0.0,
            0.0,
            1.0
          ]
        ],
        "rotation_mode": "QUATERNION"
      },
      "armature_space": {
        "head": {
          "x": 0.5071766376495361,
          "y": -0.3789154589176178,
          "z": 0.6545952558517456
        },
        "tail": {
          "x": 0.49929118156433105,
          "y": -0.4253483712673187,
          "z": 0.6699376702308655
        }
      },
      "world_space": {
        "head": {
          "x": 0.5071766376495361,
          "y": -0.315671443939209,
          "z": 1.6044492721557617
        },
        "tail": {
          "x": 0.49929118156433105,
          "y": -0.3621043562889099,
          "z": 1.6197917461395264
        },
        "rotation_quaternion": {
          "w": 0.16721948981285095,
          "x": 0.974299430847168,
          "y": -0.05776570737361908,
          "z": 0.13943228125572205
        },
        "matrix": [
          [
            0.9544434547424316,
            -0.1591939628124237,
            0.25237828493118286,
            0.5071766376495361
          ],
          [
            -0.06593050062656403,
            -0.937401294708252,
            -0.341952919960022,
            -0.315671443939209
          ],
          [
            0.2910185158252716,
            0.30973660945892334,
            -0.9051990509033203,
            1.6044492721557617
          ],
          [
            0.0,
            0.0,
            0.0,
            1.0
          ]
        ]
      },
      "bone_length_armature_space": 0.049533679037954165,
      "parent": "lowerarm_l",
      "has_children": true,
      "is_end_bone": false
    },
    "thumb_01_l": {
      "name": "thumb_01_l",
      "local": {
        "location": {
          "x": 0.0,
          "y": 0.0,
          "z": 0.0
        },
        "rotation_quaternion": {
          "w": 0.9651896953582764,
          "x": 0.2608962655067444,
          "y": -0.010093227960169315,
          "z": 0.01549987681210041
        },
        "scale": {
          "x": 1.0,
          "y": 1.0,
          "z": 1.0
        },
        "matrix_basis": [
          [
            0.9993157386779785,
            -0.035187214612960815,
            -0.01139603927731514,
            0.0
          ],
          [
            0.024654071778059006,
            0.863385796546936,
            -0.5039416551589966,
            0.0
          ],
          [
            0.027571478858590126,
            0.5033158659934998,
            0.8636625409126282,
            0.0
          ],
          [
            0.0,
            0.0,
            0.0,
            1.0
          ]
        ],
        "rotation_mode": "QUATERNION"
      },
      "armature_space": {
        "head": {
          "x": 0.49929118156433105,
          "y": -0.4253483712673187,
          "z": 0.6699376702308655
        },
        "tail": {
          "x": 0.5150361061096191,
          "y": -0.4531615376472473,
          "z": 0.658226490020752
        }
      },
      "world_space": {
        "head": {
          "x": 0.49929118156433105,
          "y": -0.3621043562889099,
          "z": 1.6197917461395264
        },
        "tail": {
          "x": 0.5150361061096191,
          "y": -0.3899175524711609,
          "z": 1.608080506324768
        },
        "rotation_quaternion": {
          "w": 0.30193743109703064,
          "x": -0.5257017016410828,
          "y": 0.01672503538429737,
          "z": -0.79510498046875
        },
        "matrix": [
          [
            -0.26494234800338745,
            0.46256130933761597,
            0.8460748195648193,
            0.49929118156433105
          ],
          [
            -0.49772870540618896,
            -0.8171071410179138,
            0.2908642292022705,
            -0.3621043562889099
          ],
          [
            0.8258814811706543,
            -0.34405672550201416,
            0.44671982526779175,
            1.6197917461395264
          ],
          [
            0.0,
            0.0,
            0.0,
            1.0
          ]
        ]
      },
      "bone_length_armature_space": 0.03403860504921226,
      "parent": "metacarpal_thumb_l",
      "has_children": true,
      "is_end_bone": false
    },
    "thumb_02_l": {
      "name": "thumb_02_l",
      "local": {
        "location": {
          "x": 0.0,
          "y": 0.0,
          "z": 0.0
        },
        "rotation_quaternion": {
          "w": 0.9012326002120972,
          "x": 0.43324705958366394,
          "y": -0.008758660405874252,
          "z": -1.0666902198863681e-05
        },
        "scale": {
          "x": 1.0,
          "y": 1.0,
          "z": 1.0
        },
        "matrix_basis": [
          [
            0.9998465776443481,
            -0.007570100948214531,
            -0.015796422958374023,
            0.0
          ],
          [
            -0.0076085543259978294,
            0.62459397315979,
            -0.7809125781059265,
            0.0
          ],
          [
            0.015777938067913055,
            0.7809129357337952,
            0.6244405508041382,
            0.0
          ],
          [
            0.0,
            0.0,
            0.0,
            1.0
          ]
        ],
        "rotation_mode": "QUATERNION"
      },
      "armature_space": {
        "head": {
          "x": 0.5150361061096191,
          "y": -0.4531615078449249,
          "z": 0.6582264304161072
        },
        "tail": {
          "x": 0.5258384346961975,
          "y": -0.44475674629211426,
          "z": 0.6959871053695679
        }
      },
      "world_space": {
        "head": {
          "x": 0.5150361061096191,
          "y": -0.3899174928665161,
          "z": 1.6080803871154785
        },
        "tail": {
          "x": 0.5258384346961975,
          "y": -0.38151276111602783,
          "z": 1.645841121673584
        },
        "rotation_quaternion": {
          "w": 0.29241108894348145,
          "x": 0.06708906590938568,
          "y": -0.7205029129981995,
          "z": -0.6251962780952454
        },
        "matrix": [
          [
            -0.8199905157089233,
            0.2689526081085205,
            -0.5052524209022522,
            0.5150361061096191
          ],
          [
            -0.4623027741909027,
            0.20925867557525635,
            0.861676812171936,
            -0.3899174928665161
          ],
          [
            0.33748048543930054,
            0.940153181552887,
            -0.047251999378204346,
            1.6080803871154785
          ],
          [
            0.0,
            0.0,
            0.0,
            1.0
          ]
        ]
      },
      "bone_length_armature_space": 0.04016464761163189,
      "parent": "thumb_01_l",
      "has_children": true,
      "is_end_bone": false
    },
    "thumb_03_l": {
      "name": "thumb_03_l",
      "local": {
        "location": {
          "x": 0.0,
          "y": 0.0,
          "z": 0.0
        },
        "rotation_quaternion": {
          "w": 0.988955020904541,
          "x": 0.14816130697727203,
          "y": -0.001900478033348918,
          "z": 0.0035367582459002733
        },
        "scale": {
          "x": 1.0,
          "y": 1.0,
          "z": 1.0
        },
        "matrix_basis": [
          [
            0.9999677538871765,
            -0.0075585441663861275,
            -0.0027109531220048666,
            0.0
          ],
          [
            0.006432235240936279,
            0.9560714364051819,
            -0.2930631935596466,
            0.0
          ],
          [
            0.00480699585750699,
            0.2930362820625305,
            0.9560892581939697,
            0.0
          ],
          [
            0.0,
            0.0,
            0.0,
            1.0
          ]
        ],
        "rotation_mode": "QUATERNION"
      },
      "armature_space": {
        "head": {
          "x": 0.5258384346961975,
          "y": -0.4447568655014038,
          "z": 0.6959871053695679
        },
        "tail": {
          "x": 0.5258988738059998,
          "y": -0.4248812198638916,
          "z": 0.7190490365028381
        }
      },
      "world_space": {
        "head": {
          "x": 0.5258384346961975,
          "y": -0.3815128803253174,
          "z": 1.645841121673584
        },
        "tail": {
          "x": 0.5258988738059998,
          "y": -0.3616372346878052,
          "z": 1.668903112411499
        },
        "rotation_quaternion": {
          "w": 0.4500213861465454,
          "x": 0.20529389381408691,
          "y": -0.7898739576339722,
          "z": -0.3625389337539673
        },
        "matrix": [
          [
            -0.5106711387634277,
            0.0019861310720443726,
            -0.8597738742828369,
            0.5258384346961975
          ],
          [
            -0.6506128311157227,
            0.6528407335281372,
            0.38794583082199097,
            -0.3815128803253174
          ],
          [
            0.5620691180229187,
            0.7574985027313232,
            -0.33209672570228577,
            1.645841121673584
          ],
          [
            0.0,
            0.0,
            0.0,
            1.0
          ]
        ]
      },
      "bone_length_armature_space": 0.030444992772742818,
      "parent": "thumb_02_l",
      "has_children": false,
      "is_end_bone": true
    },
    "metacarpal_index_l": {
      "name": "metacarpal_index_l",
      "local": {
        "location": {
          "x": 0.0,
          "y": 0.0,
          "z": 0.0
        },
        "rotation_quaternion": {
          "w": 0.9996093511581421,
          "x": -0.021409397944808006,
          "y": -0.016046902164816856,
          "z": -0.008090811781585217
        },
        "scale": {
          "x": 1.0,
          "y": 1.0,
          "z": 1.0
        },
        "matrix_basis": [
          [
            0.9993540644645691,
            0.0168624110519886,
            -0.031734827905893326,
            0.0
          ],
          [
            -0.01548819337040186,
            0.998952329158783,
            0.04306173324584961,
            0.0
          ],
          [
            0.03242770582437515,
            -0.04254240542650223,
            0.9985682964324951,
            0.0
          ],
          [
            0.0,
            0.0,
            0.0,
            1.0
          ]
        ],
        "rotation_mode": "QUATERNION"
      },
      "armature_space": {
        "head": {
          "x": 0.5071766376495361,
          "y": -0.3789154589176178,
          "z": 0.6545952558517456
        },
        "tail": {
          "x": 0.5285314917564392,
          "y": -0.47682398557662964,
          "z": 0.7153171300888062
        }
      },
      "world_space": {
        "head": {
          "x": 0.5071766376495361,
          "y": -0.315671443939209,
          "z": 1.6044492721557617
        },
        "tail": {
          "x": 0.5285314917564392,
          "y": -0.4135800004005432,
          "z": 1.6651711463928223
        },
        "rotation_quaternion": {
          "w": 0.2840126156806946,
          "x": 0.9387344717979431,
          "y": 0.03921091929078102,
          "z": -0.19125080108642578
        },
        "matrix": [
          [
            0.9237712621688843,
            0.18225248157978058,
            -0.3367942273616791,
            0.5071766376495361
          ],
          [
            -0.03501769155263901,
            -0.8355985283851624,
            -0.5482234358787537,
            -0.315671443939209
          ],
          [
            -0.38134267926216125,
            0.518229603767395,
            -0.7655258178710938,
            1.6044492721557617
          ],
          [
            0.0,
            0.0,
            0.0,
            1.0
          ]
        ]
      },
      "bone_length_armature_space": 0.11717190738098383,
      "parent": "lowerarm_l",
      "has_children": true,
      "is_end_bone": false
    },
    "index_01_l": {
      "name": "index_01_l",
      "local": {
        "location": {
          "x": 0.0,
          "y": 0.0,
          "z": 0.0
        },
        "rotation_quaternion": {
          "w": 0.950003445148468,
          "x": 0.3114529550075531,
          "y": 0.0024921114090830088,
          "z": 0.0220089890062809
        },
        "scale": {
          "x": 1.0,
          "y": 1.0,
          "z": 1.0
        },
        "matrix_basis": [
          [
            0.9990187883377075,
            -0.040264878422021866,
            0.01844455860555172,
            0.0
          ],
          [
            0.04336958006024361,
            0.8050253391265869,
            -0.591653048992157,
            0.0
          ],
          [
            0.008974500931799412,
            0.5918724536895752,
            0.8059816956520081,
            0.0
          ],
          [
            0.0,
            0.0,
            0.0,
            1.0
          ]
        ],
        "rotation_mode": "QUATERNION"
      },
      "armature_space": {
        "head": {
          "x": 0.5285314917564392,
          "y": -0.47682398557662964,
          "z": 0.7153171300888062
        },
        "tail": {
          "x": 0.5354350805282593,
          "y": -0.5044676065444946,
          "z": 0.7142038345336914
        }
      },
      "world_space": {
        "head": {
          "x": 0.5285314917564392,
          "y": -0.4135800004005432,
          "z": 1.6651711463928223
        },
        "tail": {
          "x": 0.5354350805282593,
          "y": -0.4412236213684082,
          "z": 1.6640578508377075
        },
        "rotation_quaternion": {
          "w": 0.014047328382730484,
          "x": 0.95536869764328,
          "y": 0.12276415526866913,
          "z": -0.26833269000053406
        },
        "matrix": [
          [
            0.8258528709411621,
            0.2421090453863144,
            -0.5092641115188599,
            0.5285314917564392
          ],
          [
            0.22703136503696442,
            -0.9694632887840271,
            -0.09272494912147522,
            -0.4135800004005432
          ],
          [
            -0.5161657929420471,
            -0.03904297947883606,
            -0.8556064367294312,
            1.6651711463928223
          ],
          [
            0.0,
            0.0,
            0.0,
            1.0
          ]
        ]
      },
      "bone_length_armature_space": 0.02851436047407895,
      "parent": "metacarpal_index_l",
      "has_children": true,
      "is_end_bone": false
    },
    "index_02_l": {
      "name": "index_02_l",
      "local": {
        "location": {
          "x": 0.0,
          "y": 0.0,
          "z": 0.0
        },
        "rotation_quaternion": {
          "w": 0.9083501100540161,
          "x": 0.4181523323059082,
          "y": 0.0056716748513281345,
          "z": -0.00406905310228467
        },
        "scale": {
          "x": 1.0,
          "y": 1.0,
          "z": 1.0
        },
        "matrix_basis": [
          [
            0.9999025464057922,
            0.012135498225688934,
            0.006900765001773834,
            0.0
          ],
          [
            -0.002649001544341445,
            0.6502641439437866,
            -0.7597035765647888,
            0.0
          ],
          [
            -0.013706700876355171,
            0.7596112489700317,
            0.6502329111099243,
            0.0
          ],
          [
            0.0,
            0.0,
            0.0,
            1.0
          ]
        ],
        "rotation_mode": "QUATERNION"
      },
      "armature_space": {
        "head": {
          "x": 0.5354347825050354,
          "y": -0.5044680833816528,
          "z": 0.7142036557197571
        },
        "tail": {
          "x": 0.5296671390533447,
          "y": -0.5231528878211975,
          "z": 0.6975992321968079
        }
      },
      "world_space": {
        "head": {
          "x": 0.5354347825050354,
          "y": -0.4412240982055664,
          "z": 1.664057731628418
        },
        "tail": {
          "x": 0.5296671390533447,
          "y": -0.4599089026451111,
          "z": 1.6474533081054688
        },
        "rotation_quaternion": {
          "w": 0.36845213174819946,
          "x": -0.8713208436965942,
          "y": -0.007993565872311592,
          "z": 0.3240050673484802
        },
        "matrix": [
          [
            0.7899141907691956,
            -0.22483013570308685,
            -0.5705143213272095,
            0.5354347825050354
          ],
          [
            0.2526897192001343,
            -0.7283593416213989,
            0.6368992328643799,
            -0.4412240982055664
          ],
          [
            -0.5587373375892639,
            -0.6472641229629517,
            -0.5185321569442749,
            1.664057731628418
          ],
          [
            0.0,
            0.0,
            0.0,
            1.0
          ]
        ]
      },
      "bone_length_armature_space": 0.02565335276826931,
      "parent": "index_01_l",
      "has_children": true,
      "is_end_bone": false
    },
    "index_03_l": {
      "name": "index_03_l",
      "local": {
        "location": {
          "x": 0.0,
          "y": 0.0,
          "z": 0.0
        },
        "rotation_quaternion": {
          "w": 0.9239497184753418,
          "x": 0.3824896514415741,
          "y": 0.002091019880026579,
          "z": 0.0037737940438091755
        },
        "scale": {
          "x": 1.0,
          "y": 1.0,
          "z": 1.0
        },
        "matrix_basis": [
          [
            0.9999627470970154,
            -0.005374005064368248,
            0.006750868633389473,
            0.0
          ],
          [
            0.008573179133236408,
            0.7073748707771301,
            -0.7067866325378418,
            0.0
          ],
          [
            -0.000977120129391551,
            0.7068182229995728,
            0.7073945999145508,
            0.0
          ],
          [
            0.0,
            0.0,
            0.0,
            1.0
          ]
        ],
        "rotation_mode": "QUATERNION"
      },
      "armature_space": {
        "head": {
          "x": 0.5296671986579895,
          "y": -0.5231530070304871,
          "z": 0.6975992918014526
        },
        "tail": {
          "x": 0.5151967406272888,
          "y": -0.521661102771759,
          "z": 0.6722592115402222
        }
      },
      "world_space": {
        "head": {
          "x": 0.5296671986579895,
          "y": -0.45990902185440063,
          "z": 1.6474533081054688
        },
        "tail": {
          "x": 0.5151967406272888,
          "y": -0.4584171175956726,
          "z": 1.6221132278442383
        },
        "rotation_quaternion": {
          "w": 0.7189483046531677,
          "x": -0.637024462223053,
          "y": 0.09296908974647522,
          "z": 0.26204946637153625
        },
        "matrix": [
          [
            0.8453726768493652,
            -0.49524742364883423,
            -0.20018625259399414,
            0.5296671986579895
          ],
          [
            0.2583557069301605,
            0.051059454679489136,
            0.9646995663642883,
            -0.45990902185440063
          ],
          [
            -0.4675467312335968,
            -0.8672561049461365,
            0.171116441488266,
            1.6474533081054688
          ],
          [
            0.0,
            0.0,
            0.0,
            1.0
          ]
        ]
      },
      "bone_length_armature_space": 0.029218822886539795,
      "parent": "index_02_l",
      "has_children": false,
      "is_end_bone": true
    },
    "metacarpal_pinky_l": {
      "name": "metacarpal_pinky_l",
      "local": {
        "location": {
          "x": 0.0,
          "y": 0.0,
          "z": 0.0
        },
        "rotation_quaternion": {
          "w": 0.9996696710586548,
          "x": -0.022237742319703102,
          "y": -0.0018439763225615025,
          "z": -0.012757018208503723
        },
        "scale": {
          "x": 1.0,
          "y": 1.0,
          "z": 1.0
        },
        "matrix_basis": [
          [
            0.9996677041053772,
            0.025587620213627815,
            -0.0031193597242236137,
            0.0
          ],
          [
            -0.025423597544431686,
            0.9986854791641235,
            0.044507838785648346,
            0.0
          ],
          [
            0.004254108760505915,
            -0.044413745403289795,
            0.9990041851997375,
            0.0
          ],
          [
            0.0,
            0.0,
            0.0,
            1.0
          ]
        ],
        "rotation_mode": "QUATERNION"
      },
      "armature_space": {
        "head": {
          "x": 0.5071766376495361,
          "y": -0.3789154589176178,
          "z": 0.6545952558517456
        },
        "tail": {
          "x": 0.576624870300293,
          "y": -0.4367201030254364,
          "z": 0.7063525319099426
        }
      },
      "world_space": {
        "head": {
          "x": 0.5071766376495361,
          "y": -0.315671443939209,
          "z": 1.6044492721557617
        },
        "tail": {
          "x": 0.576624870300293,
          "y": -0.3734760880470276,
          "z": 1.6562066078186035
        },
        "rotation_quaternion": {
          "w": 0.4203830361366272,
          "x": 0.14912049472332,
          "y": -0.2138223797082901,
          "z": -0.8690922260284424
        },
        "matrix": [
          [
            -0.6020816564559937,
            0.6669328212738037,
            -0.43897390365600586,
            0.5071766376495361
          ],
          [
            -0.7944743037223816,
            -0.555115818977356,
            0.2462863177061081,
            -0.315671443939209
          ],
          [
            -0.0794261246919632,
            0.49704092741012573,
            0.8640924692153931,
            1.6044492721557617
          ],
          [
            0.0,
            0.0,
            0.0,
            1.0
          ]
        ]
      },
      "bone_length_armature_space": 0.1041309248183416,
      "parent": "lowerarm_l",
      "has_children": true,
      "is_end_bone": false
    },
    "pinky_01_l": {
      "name": "pinky_01_l",
      "local": {
        "location": {
          "x": 0.0,
          "y": 0.0,
          "z": 0.0
        },
        "rotation_quaternion": {
          "w": 0.9392224550247192,
          "x": 0.3430134654045105,
          "y": 0.01416450459510088,
          "z": 0.0015151635743677616
        },
        "scale": {
          "x": 1.0,
          "y": 1.0,
          "z": 1.0
        },
        "matrix_basis": [
          [
            0.9995941519737244,
            0.006871080491691828,
            0.027646685019135475,
            0.0
          ],
          [
            0.01256338320672512,
            0.764678955078125,
            -0.644288957118988,
            0.0
          ],
          [
            -0.0255677979439497,
            0.6443748474121094,
            0.7642822861671448,
            0.0
          ],
          [
            0.0,
            0.0,
            0.0,
            1.0
          ]
        ],
        "rotation_mode": "QUATERNION"
      },
      "armature_space": {
        "head": {
          "x": 0.576624870300293,
          "y": -0.4367201030254364,
          "z": 0.7063525319099426
        },
        "tail": {
          "x": 0.5872414112091064,
