{
  "metadata": {
    "armature_name": "KIM_caucasian_male",
    "export_time": "2026-01-13T20:59:27.571701",
    "blender_version": "4.4.1",
    "bone_count": 56,
    "end_bone_count": 13,
    "spaces_included": [
      "LOCAL_CHANNELS",
      "ARMATURE_SPACE",
      "WORLD_SPACE"
    ],
    "note": "LOCAL matches Transform panel; replay pose via local.matrix_basis for best fidelity."
  },
  "bones": {
    "Root": {
      "name": "Root",
      "local": {
        "location": {
          "x": 0.0,
          "y": 0.0,
          "z": 0.0
        },
        "rotation_quaternion": {
          "w": 0.9997673034667969,
          "x": -0.018151763826608658,
          "y": 0.010666819289326668,
          "z": 0.004708366002887487
        },
        "scale": {
          "x": 1.0,
          "y": 1.0,
          "z": 1.0
        },
        "matrix_basis": [
          [
            0.9997280836105347,
            -0.009801783598959446,
            0.02115774340927601,
            0.0
          ],
          [
            0.009027297608554363,
            0.9992966651916504,
            0.03639552742242813,
            0.0
          ],
          [
            -0.021499603986740112,
            -0.036194633692502975,
            0.9991134405136108,
            0.0
          ],
          [
            0.0,
            0.0,
            0.0,
            1.0
          ]
        ],
        "rotation_mode": "QUATERNION"
      },
      "armature_space": {
        "head": {
          "x": 0.0,
          "y": 0.07072800397872925,
          "z": -0.009595036506652832
        },
        "tail": {
          "x": -0.0006996107986196876,
          "y": 0.0003970339894294739,
          "z": 0.0025532441213726997
        }
      },
      "world_space": {
        "head": {
          "x": 0.0,
          "y": 0.13397200405597687,
          "z": 0.9402589797973633
        },
        "tail": {
          "x": -0.0006996107986196876,
          "y": 0.0636410340666771,
          "z": 0.9524072408676147
        },
        "rotation_quaternion": {
          "w": 0.08546251058578491,
          "x": 0.9962731599807739,
          "y": -0.003979068715125322,
          "z": 0.010959780775010586
        },
        "matrix": [
          [
            0.9997280836105347,
            -0.009801783598959446,
            0.02115774340927601,
            0.0
          ],
          [
            -0.00605517253279686,
            -0.9853605628013611,
            -0.17037568986415863,
            0.13397200405597687
          ],
          [
            0.02251814492046833,
            0.17020151019096375,
            -0.9851590394973755,
            0.9402589797973633
          ],
          [
            0.0,
            0.0,
            0.0,
            1.0
          ]
        ]
      },
      "bone_length_armature_space": 0.07137587332064663,
      "parent": null,
      "has_children": true,
      "is_end_bone": false
    },
    "spine_01": {
      "name": "spine_01",
      "local": {
        "location": {
          "x": 0.0,
          "y": 0.0,
          "z": 0.0
        },
        "rotation_quaternion": {
          "w": 0.9986863136291504,
          "x": -0.004101944155991077,
          "y": -0.03728819638490677,
          "z": -0.03490598127245903
        },
        "scale": {
          "x": 1.0,
          "y": 1.0,
          "z": 1.0
        },
        "matrix_basis": [
          [
            0.9947823286056519,
            0.07002615928649902,
            -0.07419205456972122,
            0.0
          ],
          [
            -0.06941433995962143,
            0.9975295066833496,
            0.01079627312719822,
            0.0
          ],
          [
            0.07476478815078735,
            -0.00558994896709919,
            0.9971855282783508,
            0.0
          ],
          [
            0.0,
            0.0,
            0.0,
            1.0
          ]
        ],
        "rotation_mode": "QUATERNION"
      },
      "armature_space": {
        "head": {
          "x": -0.0006996107986196876,
          "y": 0.0003970339894294739,
          "z": 0.0025532441213726997
        },
        "tail": {
          "x": 0.0228061955422163,
          "y": 0.04332917183637619,
          "z": 0.48809710144996643
        }
      },
      "world_space": {
        "head": {
          "x": -0.0006996107986196876,
          "y": 0.0636410340666771,
          "z": 0.9524072408676147
        },
        "tail": {
          "x": 0.0228061955422163,
          "y": 0.10657317191362381,
          "z": 1.4379510879516602
        },
        "rotation_quaternion": {
          "w": 0.7374194264411926,
          "x": 0.6737467050552368,
          "y": -0.014146539382636547,
          "z": -0.04558456316590309
        },
        "matrix": [
          [
            0.9954438209533691,
            0.04816751554608345,
            -0.08228904753923416,
            -0.0006996107986196876
          ],
          [
            -0.086292564868927,
            0.08797547221183777,
            -0.9923779368400574,
            0.0636410340666771
          ],
          [
            -0.04056132212281227,
            0.9949644207954407,
            0.09173087775707245,
            0.9524072408676147
          ],
          [
            0.0,
            0.0,
            0.0,
            1.0
          ]
        ]
      },
      "bone_length_armature_space": 0.4880046233747644,
      "parent": "Root",
      "has_children": true,
      "is_end_bone": false
    },
    "neck_01": {
      "name": "neck_01",
      "local": {
        "location": {
          "x": 0.0,
          "y": 0.0,
          "z": 0.0
        },
        "rotation_quaternion": {
          "w": 0.9906988143920898,
          "x": -0.05558134242892265,
          "y": 0.01849011331796646,
          "z": 0.12281997501850128
        },
        "scale": {
          "x": 1.0,
          "y": 1.0,
          "z": 1.0
        },
        "matrix_basis": [
          [
            0.969146728515625,
            -0.24541062116622925,
            0.022983267903327942,
            0.0
          ],
          [
            0.2412997931241989,
            0.9636519551277161,
            0.11467064917087555,
            0.0
          ],
          [
            -0.05028926581144333,
            -0.10558682680130005,
            0.9931376576423645,
            0.0
          ],
          [
            0.0,
            0.0,
            0.0,
            1.0
          ]
        ],
        "rotation_mode": "QUATERNION"
      },
      "armature_space": {
        "head": {
          "x": 0.023479126393795013,
          "y": 0.015354495495557785,
          "z": 0.5641281008720398
        },
        "tail": {
          "x": 0.0007924027740955353,
          "y": -0.0013418179005384445,
          "z": 0.6627044677734375
        }
      },
      "world_space": {
        "head": {
          "x": 0.023479126393795013,
          "y": 0.0785984992980957,
          "z": 1.5139820575714111
        },
        "tail": {
          "x": 0.0007924027740955353,
          "y": 0.061902180314064026,
          "z": 1.6125584840774536
        },
        "rotation_quaternion": {
          "w": 0.63782799243927,
          "x": 0.7612374424934387,
          "y": -0.10838301479816437,
          "z": 0.04411631077528
        },
        "matrix": [
          [
            0.9726136326789856,
            -0.2212878167629242,
            -0.07109472155570984,
            0.023479126393795013
          ],
          [
            -0.10873439908027649,
            -0.16285696625709534,
            -0.9806399345397949,
            0.0785984992980957
          ],
          [
            0.2054266780614853,
            0.9615206122398376,
            -0.18246066570281982,
            1.5139820575714111
          ],
          [
            0.0,
            0.0,
            0.0,
            1.0
          ]
        ]
      },
      "bone_length_armature_space": 0.10252197256609004,
      "parent": "spine_01",
      "has_children": true,
      "is_end_bone": false
    },
    "head": {
      "name": "head",
      "local": {
        "location": {
          "x": 0.0,
          "y": 0.0,
          "z": 0.0
        },
        "rotation_quaternion": {
          "w": 0.9671998620033264,
          "x": 0.1194392666220665,
          "y": -0.12568318843841553,
          "z": -0.18564076721668243
        },
        "scale": {
          "x": 1.0,
          "y": 1.0,
          "z": 1.0
        },
        "matrix_basis": [
          [
            0.8994824886322021,
            0.3290804326534271,
            -0.2874671220779419,
            0.0
          ],
          [
            -0.3891264498233795,
            0.9025435447692871,
            -0.184379443526268,
            0.0
          ],
          [
            0.19877593219280243,
            0.27770712971687317,
            0.9398760199546814,
            0.0
          ],
          [
            0.0,
            0.0,
            0.0,
            1.0
          ]
        ],
        "rotation_mode": "QUATERNION"
      },
      "armature_space": {
        "head": {
          "x": 0.000792408362030983,
          "y": -0.001341959461569786,
          "z": 0.6627044081687927
        },
        "tail": {
          "x": 0.018608326092362404,
          "y": -0.020558537915349007,
          "z": 0.815565824508667
        }
      },
      "world_space": {
        "head": {
          "x": 0.000792408362030983,
          "y": 0.061902038753032684,
          "z": 1.612558364868164
        },
        "tail": {
          "x": 0.018608326092362404,
          "y": 0.04268546402454376,
          "z": 1.765419840812683
        },
        "rotation_quaternion": {
          "w": 0.6558783054351807,
          "x": 0.7262425422668457,
          "y": -0.08871742337942123,
          "z": -0.18580849468708038
        },
        "matrix": [
          [
            0.9152092933654785,
            0.11487454175949097,
            -0.3862588107585907,
            0.000792408362030983
          ],
          [
            -0.3725953698158264,
            -0.12390580773353577,
            -0.919684886932373,
            0.061902038753032684
          ],
          [
            -0.15350954234600067,
            0.9856290817260742,
            -0.07059937715530396,
            1.612558364868164
          ],
          [
            0.0,
            0.0,
            0.0,
            1.0
          ]
        ]
      },
      "bone_length_armature_space": 0.15509125417640124,
      "parent": "neck_01",
      "has_children": false,
      "is_end_bone": true
    },
    "upperarm_l": {
      "name": "upperarm_l",
      "local": {
        "location": {
          "x": 0.0,
          "y": 0.0,
          "z": 0.0
        },
        "rotation_quaternion": {
          "w": 0.930762767791748,
          "x": 0.2778874337673187,
          "y": 0.22145976126194,
          "z": 0.08610980957746506
        },
        "scale": {
          "x": 1.0,
          "y": 1.0,
          "z": 1.0
        },
        "matrix_basis": [
          [
            0.8870813250541687,
            -0.03721383959054947,
            0.4601106643676758,
            0.0
          ],
          [
            0.28337737917900085,
            0.8307273387908936,
            -0.4791548252105713,
            0.0
          ],
          [
            -0.3643953204154968,
            0.5554342865943909,
            0.7474682927131653,
            0.0
          ],
          [
            0.0,
            0.0,
            0.0,
            1.0
          ]
        ],
        "rotation_mode": "QUATERNION"
      },
      "armature_space": {
        "head": {
          "x": 0.1692960411310196,
          "y": -0.006666842848062515,
          "z": 0.491467148065567
        },
        "tail": {
          "x": 0.38514435291290283,
          "y": -0.16538752615451813,
          "z": 0.4964538514614105
        }
      },
      "world_space": {
        "head": {
          "x": 0.1692960411310196,
          "y": 0.056577157229185104,
          "z": 1.4413211345672607
        },
        "tail": {
          "x": 0.38514435291290283,
          "y": -0.10214352607727051,
          "z": 1.446307897567749
        },
        "rotation_quaternion": {
          "w": 0.2586915194988251,
          "x": 0.7429006695747375,
          "y": 0.3700318932533264,
          "z": -0.4942202568054199
        },
        "matrix": [
          [
            0.2376447319984436,
            0.8054960370063782,
            -0.5428638458251953,
            0.1692960411310196
          ],
          [
            0.2940927743911743,
            -0.5923089385032654,
            -0.7501198053359985,
            0.056577157229185104
          ],
          [
            -0.9257677793502808,
            0.018609266728162766,
            -0.37765294313430786,
            1.4413211345672607
          ],
          [
            0.0,
            0.0,
            0.0,
            1.0
          ]
        ]
      },
      "bone_length_armature_space": 0.26796943175956855,
      "parent": "spine_01",
      "has_children": true,
      "is_end_bone": false
    },
    "lowerarm_l": {
      "name": "lowerarm_l",
      "local": {
        "location": {
          "x": 0.0,
          "y": 0.0,
          "z": 0.0
        },
        "rotation_quaternion": {
          "w": 0.9254010915756226,
          "x": 0.3612588047981262,
          "y": -0.015200646594166756,
          "z": -0.11355093121528625
        },
        "scale": {
          "x": 1.0,
          "y": 1.0,
          "z": 1.0
        },
        "matrix_basis": [
          [
            0.9737502336502075,
            0.1991775780916214,
            -0.11017593741416931,
            0.0
          ],
          [
            -0.22114305198192596,
            0.7131965160369873,
            -0.6651664972305298,
            0.0
          ],
          [
            -0.05390915647149086,
            0.6720706820487976,
            0.7385220527648926,
            0.0
          ],
          [
            0.0,
            0.0,
            0.0,
            1.0
          ]
        ],
        "rotation_mode": "QUATERNION"
      },
      "armature_space": {
        "head": {
          "x": 0.38514435291290283,
          "y": -0.16538766026496887,
          "z": 0.4964539408683777
        },
        "tail": {
          "x": 0.4131302833557129,
          "y": -0.41636478900909424,
          "z": 0.40815460681915283
        }
      },
      "world_space": {
        "head": {
          "x": 0.38514435291290283,
          "y": -0.10214366018772125,
          "z": 1.446307897567749
        },
        "tail": {
          "x": 0.4131302833557129,
          "y": -0.3531208038330078,
          "z": 1.358008623123169
        },
        "rotation_quaternion": {
          "w": 0.0879397988319397,
          "x": -0.7268208861351013,
          "y": -0.15229366719722748,
          "z": 0.6639313101768494
        },
        "matrix": [
          [
            0.07200422137975693,
            0.10461077094078064,
            -0.9919031858444214,
            0.38514435291290283
          ],
          [
            0.3381522297859192,
            -0.9381463527679443,
            -0.07439440488815308,
            -0.10214366018772125
          ],
          [
            -0.9383390545845032,
            -0.3300607204437256,
            -0.10292564332485199,
            1.446307897567749
          ],
          [
            0.0,
            0.0,
            0.0,
            1.0
          ]
        ]
      },
      "bone_length_armature_space": 0.267524770151675,
      "parent": "upperarm_l",
      "has_children": true,
      "is_end_bone": false
    },
    "metacarpal_thumb_l": {
      "name": "metacarpal_thumb_l",
      "local": {
        "location": {
          "x": 0.0,
          "y": 0.0,
          "z": 0.0
        },
        "rotation_quaternion": {
          "w": 0.999668538570404,
          "x": -0.019603947177529335,
          "y": 0.005077723413705826,
          "z": -0.01589367166161537
        },
        "scale": {
          "x": 1.0,
          "y": 1.0,
          "z": 1.0
        },
        "matrix_basis": [
          [
            0.9994432330131531,
            0.03157772123813629,
            0.010775238275527954,
            0.0
          ],
          [
            -0.031975895166397095,
            0.9987261295318604,
            0.03903349116444588,
            0.0
          ],
          [
            -0.009528922848403454,
            -0.039356306195259094,
            0.9991797804832458,
            0.0
          ],
          [
            0.0,
            0.0,
            0.0,
            1.0
          ]
        ],
        "rotation_mode": "QUATERNION"
      },
      "armature_space": {
        "head": {
          "x": 0.4131302833557129,
          "y": -0.41636478900909424,
          "z": 0.40815460681915283
        },
        "tail": {
          "x": 0.39016202092170715,
          "y": -0.4537774324417114,
          "z": 0.38521236181259155
        }
      },
      "world_space": {
        "head": {
          "x": 0.4131302833557129,
          "y": -0.3531208038330078,
          "z": 1.358008623123169
        },
        "tail": {
          "x": 0.39016202092170715,
          "y": -0.390533447265625,
          "z": 1.335066318511963
        },
        "rotation_quaternion": {
          "w": 0.25129610300064087,
          "x": -0.936698317527771,
          "y": 0.24331413209438324,
          "z": 0.01565045863389969
        },
        "matrix": [
          [
            0.881106436252594,
            -0.46368974447250366,
            0.09296921640634537,
            0.4131302833557129
          ],
          [
            -0.44795864820480347,
            -0.7552969455718994,
            0.47839248180389404,
            -0.3531208038330078
          ],
          [
            -0.15160781145095825,
            -0.46316492557525635,
            -0.8732165098190308,
            1.358008623123169
          ],
          [
            0.0,
            0.0,
            0.0,
            1.0
          ]
        ]
      },
      "bone_length_armature_space": 0.049533762177115914,
      "parent": "lowerarm_l",
      "has_children": true,
      "is_end_bone": false
    },
    "thumb_01_l": {
      "name": "thumb_01_l",
      "local": {
        "location": {
          "x": 0.0,
          "y": 0.0,
          "z": 0.0
        },
        "rotation_quaternion": {
          "w": 0.9995562434196472,
          "x": 0.02674182876944542,
          "y": -0.013106517493724823,
          "z": -0.0006824051379226148
        },
        "scale": {
          "x": 1.0,
          "y": 1.0,
          "z": 1.0
        },
        "matrix_basis": [
          [
            0.9996554851531982,
            0.0006632201257161796,
            -0.02623789943754673,
            0.0
          ],
          [
            -0.0020651891827583313,
            0.9985688328742981,
            -0.053442034870386124,
            0.0
          ],
          [
            0.026164906099438667,
            0.05347781255841255,
            0.9982261657714844,
            0.0
          ],
          [
            0.0,
            0.0,
            0.0,
            1.0
          ]
        ],
        "rotation_mode": "QUATERNION"
      },
      "armature_space": {
        "head": {
          "x": 0.39016202092170715,
          "y": -0.4537774324417114,
          "z": 0.38521236181259155
        },
        "tail": {
          "x": 0.3800020217895508,
          "y": -0.457694947719574,
          "z": 0.35296228528022766
        }
      },
      "world_space": {
        "head": {
          "x": 0.39016202092170715,
          "y": -0.390533447265625,
          "z": 1.335066318511963
        },
        "tail": {
          "x": 0.3800020217895508,
          "y": -0.39445096254348755,
          "z": 1.3028162717819214
        },
        "rotation_quaternion": {
          "w": 0.26206785440444946,
          "x": -0.4868079423904419,
          "y": 0.6113722920417786,
          "z": -0.5661824345588684
        },
        "matrix": [
          [
            -0.38867461681365967,
            -0.2984849810600281,
            0.8716872930526733,
            0.39016202092170715
          ],
          [
            -0.8919987082481384,
            -0.11509045958518982,
            -0.43714097142219543,
            -0.390533447265625
          ],
          [
            0.23080366849899292,
            -0.9474563002586365,
            -0.22151748836040497,
            1.335066318511963
          ],
          [
            0.0,
            0.0,
            0.0,
            1.0
          ]
        ]
      },
      "bone_length_armature_space": 0.034038800154483746,
      "parent": "metacarpal_thumb_l",
      "has_children": true,
      "is_end_bone": false
    },
    "thumb_02_l": {
      "name": "thumb_02_l",
      "local": {
        "location": {
          "x": 0.0,
          "y": 0.0,
          "z": 0.0
        },
        "rotation_quaternion": {
          "w": 0.9860408306121826,
          "x": 0.16628043353557587,
          "y": -0.007183219771832228,
          "z": 0.004770200699567795
        },
        "scale": {
          "x": 1.0,
          "y": 1.0,
          "z": 1.0
        },
        "matrix_basis": [
          [
            0.9998512864112854,
            -0.011796083301305771,
            -0.01257951371371746,
            0.0
          ],
          [
            0.0070183672942221165,
            0.9446561336517334,
            -0.3279871344566345,
            0.0
          ],
          [
            0.01575227826833725,
            0.3278500735759735,
            0.9445984363555908,
            0.0
          ],
          [
            0.0,
            0.0,
            0.0,
            1.0
          ]
        ],
        "rotation_mode": "QUATERNION"
      },
      "armature_space": {
        "head": {
          "x": 0.3800019919872284,
          "y": -0.4576948881149292,
          "z": 0.35296231508255005
        },
        "tail": {
          "x": 0.3922949433326721,
          "y": -0.4953015446662903,
          "z": 0.3460483253002167
        }
      },
      "world_space": {
        "head": {
          "x": 0.3800019919872284,
          "y": -0.3944509029388428,
          "z": 1.302816390991211
        },
        "tail": {
          "x": 0.3922949433326721,
          "y": -0.43205755949020386,
          "z": 1.2959023714065552
        },
        "rotation_quaternion": {
          "w": 0.17164364457130432,
          "x": -0.22953882813453674,
          "y": 0.04877866804599762,
          "z": -0.956802487373352
        },
        "matrix": [
          [
            -0.8357005715370178,
            0.30606549978256226,
            0.4559917151927948,
            0.3800019919872284
          ],
          [
            -0.35085123777389526,
            -0.9363181591033936,
            -0.014544308185577393,
            -0.3944509029388428
          ],
          [
            0.4225044250488281,
            -0.17214202880859375,
            0.8898712396621704,
            1.302816390991211
          ],
          [
            0.0,
            0.0,
            0.0,
            1.0
          ]
        ]
      },
      "bone_length_armature_space": 0.0401644183162145,
      "parent": "thumb_01_l",
      "has_children": true,
      "is_end_bone": false
    },
    "thumb_03_l": {
      "name": "thumb_03_l",
      "local": {
        "location": {
          "x": 0.0,
          "y": 0.0,
          "z": 0.0
        },
        "rotation_quaternion": {
          "w": 0.9987242817878723,
          "x": 0.05022488161921501,
          "y": 0.003431804710999131,
          "z": -0.003945854026824236
        },
        "scale": {
          "x": 1.0,
          "y": 1.0,
          "z": 1.0
        },
        "matrix_basis": [
          [
            0.9999452829360962,
            0.008226364850997925,
            0.006458493415266275,
            0.0
          ],
          [
            -0.0075369165278971195,
            0.9949237704277039,
            -0.10034870356321335,
            0.0
          ],
          [
            -0.007251213304698467,
            0.10029453784227371,
            0.9949313402175903,
            0.0
          ],
          [
            0.0,
            0.0,
            0.0,
            1.0
          ]
        ],
        "rotation_mode": "QUATERNION"
      },
      "armature_space": {
        "head": {
          "x": 0.39229485392570496,
          "y": -0.4953015148639679,
          "z": 0.3460482954978943
        },
        "tail": {
          "x": 0.408792644739151,
          "y": -0.5206691026687622,
          "z": 0.349394828081131
        }
      },
      "world_space": {
        "head": {
          "x": 0.39229485392570496,
          "y": -0.4320574998855591,
          "z": 1.2959022521972656
        },
        "tail": {
          "x": 0.408792644739151,
          "y": -0.4574251174926758,
          "z": 1.2992488145828247
        },
        "rotation_quaternion": {
          "w": 0.28292325139045715,
          "x": -0.001291802036575973,
          "y": -0.05778781697154045,
          "z": -0.957399308681488
        },
        "matrix": [
          [
            -0.8399055004119873,
            0.5418903827667236,
            -0.03022557869553566,
            0.39229485392570496
          ],
          [
            -0.5415915250778198,
            -0.8332300782203674,
            0.11138340830802917,
            -0.4320574998855591
          ],
          [
            0.035172443836927414,
            0.1099214255809784,
            0.9933246970176697,
            1.2959022521972656
          ],
          [
            0.0,
            0.0,
            0.0,
            1.0
          ]
        ]
      },
      "bone_length_armature_space": 0.030444882758004055,
      "parent": "thumb_02_l",
      "has_children": false,
      "is_end_bone": true
    },
    "metacarpal_index_l": {
      "name": "metacarpal_index_l",
      "local": {
        "location": {
          "x": 0.0,
          "y": 0.0,
          "z": 0.0
        },
        "rotation_quaternion": {
          "w": 0.9997274279594421,
          "x": 0.02315223589539528,
          "y": 0.0020357086323201656,
          "z": -0.002214812207967043
        },
        "scale": {
          "x": 1.0,
          "y": 1.0,
          "z": 1.0
        },
        "matrix_basis": [
          [
            0.9999818801879883,
            0.004522679373621941,
            0.003967751748859882,
            0.0
          ],
          [
            -0.004334154538810253,
            0.9989181160926819,
            -0.046300869435071945,
            0.0
          ],
          [
            -0.0041728634387254715,
            0.04628283157944679,
            0.998919665813446,
            0.0
          ],
          [
            0.0,
            0.0,
            0.0,
            1.0
          ]
        ],
        "rotation_mode": "QUATERNION"
      },
      "armature_space": {
        "head": {
          "x": 0.4131302833557129,
          "y": -0.41636478900909424,
          "z": 0.40815460681915283
        },
        "tail": {
          "x": 0.38748401403427124,
          "y": -0.5190445184707642,
          "z": 0.357871413230896
        }
      },
      "world_space": {
        "head": {
          "x": 0.4131302833557129,
          "y": -0.3531208038330078,
          "z": 1.358008623123169
        },
        "tail": {
          "x": 0.38748401403427124,
          "y": -0.45580053329467773,
          "z": 1.307725429534912
        },
        "rotation_quaternion": {
          "w": 0.24455951154232025,
          "x": -0.9283111095428467,
          "y": 0.04507366195321083,
          "z": 0.2764008343219757
        },
        "matrix": [
          [
            0.8431422114372253,
            -0.21887756884098053,
            -0.49112510681152344,
            0.4131302833557129
          ],
          [
            0.05150773748755455,
            -0.8763183951377869,
            0.47897079586982727,
            -0.3531208038330078
          ],
          [
            -0.5352216362953186,
            -0.42914098501205444,
            -0.7275918126106262,
            1.358008623123169
          ],
          [
            0.0,
            0.0,
            0.0,
            1.0
          ]
        ]
      },
      "bone_length_armature_space": 0.11717191309385562,
      "parent": "lowerarm_l",
      "has_children": true,
      "is_end_bone": false
    },
    "index_01_l": {
      "name": "index_01_l",
      "local": {
        "location": {
          "x": 0.0,
          "y": 0.0,
          "z": 0.0
        },
        "rotation_quaternion": {
          "w": 0.9966529607772827,
          "x": -0.07779400795698166,
          "y": -0.022027021273970604,
          "z": -0.01207943819463253
        },
        "scale": {
          "x": 1.0,
          "y": 1.0,
          "z": 1.0
        },
        "matrix_basis": [
          [
            0.9987378120422363,
            0.02750515565276146,
            -0.042027175426483154,
            0.0
          ],
          [
            -0.020650874823331833,
            0.9876043796539307,
            0.15559940040111542,
            0.0
          ],
          [
            0.04578600823879242,
            -0.15453511476516724,
            0.9869257807731628,
            0.0
          ],
          [
            0.0,
            0.0,
            0.0,
            1.0
          ]
        ],
        "rotation_mode": "QUATERNION"
      },
      "armature_space": {
        "head": {
          "x": 0.38748401403427124,
          "y": -0.5190445184707642,
          "z": 0.357871413230896
        },
        "tail": {
          "x": 0.39450061321258545,
          "y": -0.5446420907974243,
          "z": 0.3474501669406891
        }
      },
      "world_space": {
        "head": {
          "x": 0.38748401403427124,
          "y": -0.45580053329467773,
          "z": 1.307725429534912
        },
        "tail": {
          "x": 0.39450061321258545,
          "y": -0.4813981056213379,
          "z": 1.2973041534423828
        },
        "rotation_quaternion": {
          "w": 0.1538141518831253,
          "x": -0.9483786821365356,
          "y": -0.1657925695180893,
          "z": 0.22233335673809052
        },
        "matrix": [
          [
            0.8461612462997437,
            0.2460726499557495,
            -0.4727148413658142,
            0.38748401403427124
          ],
          [
            0.38286447525024414,
            -0.8977083563804626,
            0.2180246263742447,
            -0.45580053329467773
          ],
          [
            -0.3707124590873718,
            -0.36547309160232544,
            -0.8538241982460022,
            1.307725429534912
          ],
          [
            0.0,
            0.0,
            0.0,
            1.0
          ]
        ]
      },
      "bone_length_armature_space": 0.028514395745078233,
      "parent": "metacarpal_index_l",
      "has_children": true,
      "is_end_bone": false
    },
    "index_02_l": {
      "name": "index_02_l",
      "local": {
        "location": {
          "x": 0.0,
          "y": 0.0,
          "z": 0.0
        },
        "rotation_quaternion": {
          "w": 0.9883781671524048,
          "x": 0.15187352895736694,
          "y": -0.004453770816326141,
          "z": -0.004835786763578653
        },
        "scale": {
          "x": 1.0,
          "y": 1.0,
          "z": 1.0
        },
        "matrix_basis": [
          [
            0.9999135732650757,
            0.008206352591514587,
            -0.010272875428199768,
            0.0
          ],
          [
            -0.010911991819739342,
            0.9538220763206482,
            -0.30017387866973877,
            0.0
          ],
          [
            0.007335163652896881,
            0.3002600371837616,
            0.9538291692733765,
            0.0
          ],
          [
            0.0,
            0.0,
            0.0,
            1.0
          ]
        ],
        "rotation_mode": "QUATERNION"
      },
      "armature_space": {
        "head": {
          "x": 0.39450037479400635,
          "y": -0.5446425080299377,
          "z": 0.3474498689174652
        },
        "tail": {
          "x": 0.3977435827255249,
          "y": -0.5651577711105347,
          "z": 0.3323933482170105
        }
      },
      "world_space": {
        "head": {
          "x": 0.39450037479400635,
          "y": -0.4813985228538513,
          "z": 1.2973039150238037
        },
        "tail": {
          "x": 0.3977435827255249,
          "y": -0.5019137859344482,
          "z": 1.2822473049163818
        },
        "rotation_quaternion": {
          "w": 0.2763708531856537,
          "x": -0.9071797132492065,
          "y": -0.1541510671377182,
          "z": 0.2772755026817322
        },
        "matrix": [
          [
            0.7987114787101746,
            0.1264244168996811,
            -0.5882828831672668,
            0.39450037479400635
          ],
          [
            0.4329472780227661,
            -0.7997137904167175,
            0.41595035791397095,
            -0.4813985228538513
          ],
          [
            -0.4178742468357086,
            -0.58692467212677,
            -0.6934801340103149,
            1.2973039150238037
          ],
          [
            0.0,
            0.0,
            0.0,
            1.0
          ]
        ]
      },
      "bone_length_armature_space": 0.025653327968709692,
      "parent": "index_01_l",
      "has_children": true,
      "is_end_bone": false
    },
    "index_03_l": {
      "name": "index_03_l",
      "local": {
        "location": {
          "x": 0.0,
          "y": 0.0,
          "z": 0.0
        },
        "rotation_quaternion": {
          "w": 0.9746487140655518,
          "x": 0.22340735793113708,
          "y": 0.011172013357281685,
          "z": -0.0049393498338758945
        },
        "scale": {
          "x": 1.0,
          "y": 1.0,
          "z": 1.0
        },
        "matrix_basis": [
          [
            0.9997015595436096,
            0.014620081521570683,
            0.019570602104067802,
            0.0
          ],
          [
            -0.004636441823095083,
            0.900129497051239,
            -0.4355977475643158,
            0.0
          ],
          [
            -0.023984551429748535,
            0.4353770315647125,
            0.8999286890029907,
            0.0
          ],
          [
            0.0,
            0.0,
            0.0,
            1.0
          ]
        ],
        "rotation_mode": "QUATERNION"
      },
      "armature_space": {
        "head": {
          "x": 0.3977436423301697,
          "y": -0.5651578307151794,
          "z": 0.33239343762397766
        },
        "tail": {
          "x": 0.3950355648994446,
          "y": -0.5772415995597839,
          "z": 0.3059285581111908
        }
      },
      "world_space": {
        "head": {
          "x": 0.3977436423301697,
          "y": -0.501913845539093,
          "z": 1.2822474241256714
        },
        "tail": {
          "x": 0.3950355648994446,
          "y": -0.5139976143836975,
          "z": 1.2557826042175293
        },
        "rotation_quaternion": {
          "w": 0.5293768644332886,
          "x": -0.7996112108230591,
          "y": -0.11392518877983093,
          "z": 0.2596212923526764
        },
        "matrix": [
          [
            0.8392361402511597,
            -0.09268276393413544,
            -0.5358100533485413,
            0.3977436423301697
          ],
          [
            0.4570659399032593,
            -0.41356343030929565,
            0.7874364256858826,
            -0.501913845539093
          ],
          [
            -0.29457491636276245,
            -0.905752420425415,
            -0.3047165870666504,
            1.2822474241256714
          ],
          [
            0.0,
            0.0,
            0.0,
            1.0
          ]
        ]
      },
      "bone_length_armature_space": 0.029218846679241243,
      "parent": "index_02_l",
      "has_children": false,
      "is_end_bone": true
    },
    "metacarpal_pinky_l": {
      "name": "metacarpal_pinky_l",
      "local": {
        "location": {
          "x": 0.0,
          "y": 0.0,
          "z": 0.0
        },
        "rotation_quaternion": {
          "w": 0.9999917149543762,
          "x": -0.003460986539721489,
          "y": 0.0006055864505469799,
          "z": -0.002060036174952984
        },
        "scale": {
          "x": 1.0,
          "y": 1.0,
          "z": 1.0
        },
        "matrix_basis": [
          [
            0.9999907612800598,
            0.00411584647372365,
            0.0012254223693162203,
            0.0
          ],
          [
            -0.0041242302395403385,
            0.9999675750732422,
            0.006919420789927244,
            0.0
          ],
          [
            -0.001196903409436345,
            -0.006924410816282034,
            0.999975323677063,
            0.0
          ],
          [
            0.0,
            0.0,
            0.0,
            1.0
          ]
        ],
        "rotation_mode": "QUATERNION"
      },
      "armature_space": {
        "head": {
          "x": 0.4131302833557129,
          "y": -0.41636478900909424,
          "z": 0.40815460681915283
        },
        "tail": {
          "x": 0.4547708034515381,
          "y": -0.5066968202590942,
          "z": 0.37734177708625793
        }
      },
      "world_space": {
        "head": {
          "x": 0.4131302833557129,
          "y": -0.3531208038330078,
          "z": 1.358008623123169
        },
        "tail": {
          "x": 0.4547708034515381,
          "y": -0.4434528350830078,
          "z": 1.3271957635879517
        },
        "rotation_quaternion": {
          "w": 0.17093095183372498,
          "x": 0.19908788800239563,
          "y": 0.19245652854442596,
          "z": -0.9455723762512207
        },
        "matrix": [
          [
            -0.8622934818267822,
            0.39988669753074646,
            -0.31070995330810547,
            0.4131302833557129
          ],
          [
            -0.24662426114082336,
            -0.8674862384796143,
            -0.43202337622642517,
            -0.3531208038330078
          ],
          [
            -0.4423002004623413,
            -0.29590514302253723,
            0.8466549515724182,
            1.358008623123169
          ],
          [
            0.0,
            0.0,
            0.0,
            1.0
          ]
        ]
      },
      "bone_length_armature_space": 0.10413087534812684,
      "parent": "lowerarm_l",
      "has_children": true,
      "is_end_bone": false
    },
    "pinky_01_l": {
      "name": "pinky_01_l",
      "local": {
        "location": {
          "x": 0.0,
          "y": 0.0,
          "z": 0.0
        },
        "rotation_quaternion": {
          "w": 0.9995980858802795,
          "x": 0.02786331996321678,
          "y": 0.001815639901906252,
          "z": 0.004912834148854017
        },
        "scale": {
          "x": 1.0,
          "y": 1.0,
          "z": 1.0
        },
        "matrix_basis": [
          [
            0.9999451637268066,
            -0.009720539674162865,
            0.003903596196323633,
            0.0
          ],
          [
            0.00992289837449789,
            0.998399019241333,
            -0.055686403065919876,
            0.0
          ],
          [
            -0.0033560446463525295,
            0.055722083896398544,
            0.998440682888031,
            0.0
          ],
          [
            0.0,
            0.0,
            0.0,
            1.0
          ]
        ],
        "rotation_mode": "QUATERNION"
      },
      "armature_space": {
        "head": {
          "x": 0.4547708034515381,
          "y": -0.5066968202590942,
          "z": 0.37734177708625793
        },
