{
  "metadata": {
    "armature_name": "KIM_caucasian_male",
    "export_time": "2026-01-13T21:04:32.609933",
    "blender_version": "4.4.1",
    "bone_count": 56,
    "end_bone_count": 13,
    "spaces_included": [
      "LOCAL_CHANNELS",
      "ARMATURE_SPACE",
      "WORLD_SPACE"
    ],
    "note": "LOCAL matches Transform panel; replay pose via local.matrix_basis for best fidelity."
  },
  "bones": {
    "Root": {
      "name": "Root",
      "local": {
        "location": {
          "x": 0.0,
          "y": 0.0,
          "z": 0.0
        },
        "rotation_quaternion": {
          "w": 0.9995077848434448,
          "x": 0.00720555055886507,
          "y": -0.00344687863253057,
          "z": -0.030338995158672333
        },
        "scale": {
          "x": 1.0,
          "y": 1.0,
          "z": 1.0
        },
        "matrix_basis": [
          [
            0.9981353282928467,
            0.060598451644182205,
            -0.007327582221478224,
            0.0
          ],
          [
            -0.06069779768586159,
            0.9980552792549133,
            -0.014194858260452747,
            0.0
          ],
          [
            0.006453145761042833,
            0.014613157138228416,
            0.9998723864555359,
            0.0
          ],
          [
            0.0,
            0.0,
            0.0,
            1.0
          ]
        ],
        "rotation_mode": "QUATERNION"
      },
      "armature_space": {
        "head": {
          "x": 0.0,
          "y": 0.07072800397872925,
          "z": -0.009595036506652832
        },
        "tail": {
          "x": 0.004325266927480698,
          "y": -2.6673078536987305e-06,
          "z": -0.00105222687125206
        }
      },
      "world_space": {
        "head": {
          "x": 0.0,
          "y": 0.13397200405597687,
          "z": 0.9402589797973633
        },
        "tail": {
          "x": 0.004325266927480698,
          "y": 0.06324133276939392,
          "z": 0.9488018155097961
        },
        "rotation_quaternion": {
          "w": 0.06014531850814819,
          "x": 0.9977225065231323,
          "y": 0.03003786690533161,
          "z": -0.005482920911163092
        },
        "matrix": [
          [
            0.9981353282928467,
            0.060598451644182205,
            -0.007327582221478224,
            0.0
          ],
          [
            0.05927935987710953,
            -0.9909605383872986,
            -0.12034653127193451,
            0.13397200405597687
          ],
          [
            -0.014554202556610107,
            0.11968764662742615,
            -0.9927119016647339,
            0.9402589797973633
          ],
          [
            0.0,
            0.0,
            0.0,
            1.0
          ]
        ]
      },
      "bone_length_armature_space": 0.07137587390838646,
      "parent": null,
      "has_children": true,
      "is_end_bone": false
    },
    "spine_01": {
      "name": "spine_01",
      "local": {
        "location": {
          "x": 0.0,
          "y": 0.0,
          "z": 0.0
        },
        "rotation_quaternion": {
          "w": 0.9988611936569214,
          "x": 0.035117633640766144,
          "y": -0.03161638602614403,
          "z": -0.006597632542252541
        },
        "scale": {
          "x": 1.0,
          "y": 1.0,
          "z": 1.0
        },
        "matrix_basis": [
          [
            0.9979137778282166,
            0.010959653183817863,
            -0.06362415105104446,
            0.0
          ],
          [
            -0.015400823205709457,
            0.9974464178085327,
            -0.06973809748888016,
            0.0
          ],
          [
            0.06269737333059311,
            0.07057247310876846,
            0.9955343008041382,
            0.0
          ],
          [
            0.0,
            0.0,
            0.0,
            1.0
          ]
        ],
        "rotation_mode": "QUATERNION"
      },
      "armature_space": {
        "head": {
          "x": 0.004325266927480698,
          "y": -2.6673078536987305e-06,
          "z": -0.00105222687125206
        },
        "tail": {
          "x": 0.017868001013994217,
          "y": -0.018126122653484344,
          "z": 0.4864276349544525
        }
      },
      "world_space": {
        "head": {
          "x": 0.004325266927480698,
          "y": 0.06324133276939392,
          "z": 0.9488018155097961
        },
        "tail": {
          "x": 0.017868001013994217,
          "y": 0.045117877423763275,
          "z": 1.436281681060791
        },
        "rotation_quaternion": {
          "w": 0.6938025951385498,
          "x": 0.7200272679328918,
          "y": 0.008280836045742035,
          "z": -0.011405671946704388
        },
        "matrix": [
          [
            0.999602735042572,
            0.027751432731747627,
            -0.004934065043926239,
            0.004325266927480698
          ],
          [
            -0.0039015300571918488,
            -0.037138134241104126,
            -0.9993026256561279,
            0.06324133276939392
          ],
          [
            -0.02791551500558853,
            0.9989316463470459,
            -0.03701626881957054,
            0.9488018155097961
          ],
          [
            0.0,
            0.0,
            0.0,
            1.0
          ]
        ]
      },
      "bone_length_armature_space": 0.48800460145764024,
      "parent": "Root",
      "has_children": true,
      "is_end_bone": false
    },
    "neck_01": {
      "name": "neck_01",
      "local": {
        "location": {
          "x": 0.0,
          "y": 0.0,
          "z": 0.0
        },
        "rotation_quaternion": {
          "w": 0.9922865033149719,
          "x": 0.0024293025489896536,
          "y": -0.04439670220017433,
          "z": -0.11571832746267319
        },
        "scale": {
          "x": 1.0,
          "y": 1.0,
          "z": 1.0
        },
        "matrix_basis": [
          [
            0.9692764282226562,
            0.2294357568025589,
            -0.08867072314023972,
            0.0
          ],
          [
            -0.22986717522144318,
            0.9732067584991455,
            0.005453895777463913,
            0.0
          ],
          [
            0.08754626661539078,
            0.015096152201294899,
            0.9960460662841797,
            0.0
          ],
          [
            0.0,
            0.0,
            0.0,
            1.0
          ]
        ],
        "rotation_mode": "QUATERNION"
      },
      "armature_space": {
        "head": {
          "x": 0.019728802144527435,
          "y": -0.05550157651305199,
          "z": 0.5582841634750366
        },
        "tail": {
          "x": 0.045589059591293335,
          "y": -0.098345085978508,
          "z": 0.6477627158164978
        }
      },
      "world_space": {
        "head": {
          "x": 0.019728802144527435,
          "y": 0.007742423564195633,
          "z": 1.5081381797790527
        },
        "tail": {
          "x": 0.045589059591293335,
          "y": -0.035101085901260376,
          "z": 1.5976166725158691
        },
        "rotation_quaternion": {
          "w": 0.5337311029434204,
          "x": 0.8343205451965332,
          "y": 0.07862503826618195,
          "z": -0.11339563876390457
        },
        "matrix": [
          [
            0.961919367313385,
            0.25224268436431885,
            -0.10528624057769775,
            0.019728802144527435
          ],
          [
            0.01015249639749527,
            -0.41789841651916504,
            -0.9084373116493225,
            0.007742423564195633
          ],
          [
            -0.2731473743915558,
            0.8727797865867615,
            -0.4045490026473999,
            1.5081381797790527
          ],
          [
            0.0,
            0.0,
            0.0,
            1.0
          ]
        ]
      },
      "bone_length_armature_space": 0.10252185518207486,
      "parent": "spine_01",
      "has_children": true,
      "is_end_bone": false
    },
    "head": {
      "name": "head",
      "local": {
        "location": {
          "x": 0.0,
          "y": 0.0,
          "z": 0.0
        },
        "rotation_quaternion": {
          "w": 0.9912893772125244,
          "x": 0.02796761877834797,
          "y": 0.11070546507835388,
          "z": -0.065633125603199
        },
        "scale": {
          "x": 1.0,
          "y": 1.0,
          "z": 1.0
        },
        "matrix_basis": [
          [
            0.9668731689453125,
            0.13631518185138702,
            0.2158111035823822,
            0.0
          ],
          [
            -0.12393050640821457,
            0.9898201823234558,
            -0.06997989863157272,
            0.0
          ],
          [
            -0.2231535017490387,
            0.040916115045547485,
            0.9739242196083069,
            0.0
          ],
          [
            0.0,
            0.0,
            0.0,
            1.0
          ]
        ],
        "rotation_mode": "QUATERNION"
      },
      "armature_space": {
        "head": {
          "x": 0.04558902233839035,
          "y": -0.09834519028663635,
          "z": 0.6477625966072083
        },
        "tail": {
          "x": 0.10771867632865906,
          "y": -0.11392997950315475,
          "z": 0.7890080213546753
        }
      },
      "world_space": {
        "head": {
          "x": 0.04558902233839035,
          "y": -0.03510119020938873,
          "z": 1.5976166725158691
        },
        "tail": {
          "x": 0.10771867632865906,
          "y": -0.050685979425907135,
          "z": 1.7388620376586914
        },
        "rotation_quaternion": {
          "w": 0.6349812746047974,
          "x": 0.7389892339706421,
          "y": 0.21576446294784546,
          "z": -0.06433866918087006
        },
        "matrix": [
          [
            0.8986121416091919,
            0.40060335397720337,
            0.17892371118068695,
            0.04558902233839035
          ],
          [
            0.2371896505355835,
            -0.10048854351043701,
            -0.9662523865699768,
            -0.03510119020938873
          ],
          [
            -0.3691062927246094,
            0.91073077917099,
            -0.18532131612300873,
            1.5976166725158691
          ],
          [
            0.0,
            0.0,
            0.0,
            1.0
          ]
        ]
      },
      "bone_length_armature_space": 0.15509110287854197,
      "parent": "neck_01",
      "has_children": false,
      "is_end_bone": true
    },
    "upperarm_l": {
      "name": "upperarm_l",
      "local": {
        "location": {
          "x": 0.0,
          "y": 0.0,
          "z": 0.0
        },
        "rotation_quaternion": {
          "w": 0.8168857097625732,
          "x": 0.46669721603393555,
          "y": 0.14763294160366058,
          "z": -0.3051164150238037
        },
        "scale": {
          "x": 1.0,
          "y": 1.0,
          "z": 1.0
        },
        "matrix_basis": [
          [
            0.7702170014381409,
            0.6362902522087097,
            -0.04359548166394234,
            0.0
          ],
          [
            -0.360690712928772,
            0.3781953752040863,
            -0.8525670170783997,
            0.0
          ],
          [
            -0.5259924530982971,
            0.672386109828949,
            0.5207964181900024,
            0.0
          ],
          [
            0.0,
            0.0,
            0.0,
            1.0
          ]
        ],
        "rotation_mode": "QUATERNION"
      },
      "armature_space": {
        "head": {
          "x": 0.16778837144374847,
          "y": -0.05677773803472519,
          "z": 0.4868428409099579
        },
        "tail": {
          "x": 0.2662815451622009,
          "y": -0.22242999076843262,
          "z": 0.3006531596183777
        }
      },
      "world_space": {
        "head": {
          "x": 0.16778837144374847,
          "y": 0.00646626204252243,
          "z": 1.4366968870162964
        },
        "tail": {
          "x": 0.2662815451622009,
          "y": -0.159185990691185,
          "z": 1.250507116317749
        },
        "rotation_quaternion": {
          "w": 0.06618006527423859,
          "x": -0.5361819863319397,
          "y": -0.43189483880996704,
          "z": 0.7222160696983337
        },
        "matrix": [
          [
            -0.4162600040435791,
            0.3675537705421448,
            -0.8316442370414734,
            0.16778837144374847
          ],
          [
            0.5587396621704102,
            -0.6181759834289551,
            -0.5528731942176819,
            0.00646626204252243
          ],
          [
            -0.7173174023628235,
            -0.6948168873786926,
            0.05195489898324013,
            1.4366968870162964
          ],
          [
            0.0,
            0.0,
            0.0,
            1.0
          ]
        ]
      },
      "bone_length_armature_space": 0.2679704657741591,
      "parent": "spine_01",
      "has_children": true,
      "is_end_bone": false
    },
    "lowerarm_l": {
      "name": "lowerarm_l",
      "local": {
        "location": {
          "x": 0.0,
          "y": 0.0,
          "z": 0.0
        },
        "rotation_quaternion": {
          "w": 0.933163583278656,
          "x": 0.1410791426897049,
          "y": -0.19695432484149933,
          "z": 0.2655399739742279
        },
        "scale": {
          "x": 1.0,
          "y": 1.0,
          "z": 1.0
        },
        "matrix_basis": [
          [
            0.7813950181007385,
            -0.551156759262085,
            -0.29265689849853516,
            0.0
          ],
          [
            0.4400121867656708,
            0.8191704154014587,
            -0.3678983151912689,
            0.0
          ],
          [
            0.44250550866127014,
            0.1587013453245163,
            0.8826113343238831,
            0.0
          ],
          [
            0.0,
            0.0,
            0.0,
            1.0
          ]
        ],
        "rotation_mode": "QUATERNION"
      },
      "armature_space": {
        "head": {
          "x": 0.2662815749645233,
          "y": -0.22243016958236694,
          "z": 0.3006531894207001
        },
        "tail": {
          "x": 0.3726453185081482,
          "y": -0.46713000535964966,
          "z": 0.28120797872543335
        }
      },
      "world_space": {
        "head": {
          "x": 0.2662815749645233,
          "y": -0.15918616950511932,
          "z": 1.2505072355270386
        },
        "tail": {
          "x": 0.3726453185081482,
          "y": -0.40388602018356323,
          "z": 1.2310619354248047
        },
        "rotation_quaternion": {
          "w": 0.1705106943845749,
          "x": 0.39788785576820374,
          "y": 0.11655505746603012,
          "z": -0.893882691860199
        },
        "matrix": [
          [
            -0.6252228617668152,
            0.3975851535797119,
            -0.6715821623802185,
            0.2662815749645233
          ],
          [
            -0.21208205819129944,
            -0.9146820902824402,
            -0.3440614342689514,
            -0.15918616950511932
          ],
          [
            -0.7510831356048584,
            -0.07268574833869934,
            0.656204879283905,
            1.2505072355270386
          ],
          [
            0.0,
            0.0,
            0.0,
            1.0
          ]
        ]
      },
      "bone_length_armature_space": 0.2675245262459701,
      "parent": "upperarm_l",
      "has_children": true,
      "is_end_bone": false
    },
    "metacarpal_thumb_l": {
      "name": "metacarpal_thumb_l",
      "local": {
        "location": {
          "x": 0.0,
          "y": 0.0,
          "z": 0.0
        },
        "rotation_quaternion": {
          "w": 0.9997323751449585,
          "x": -0.01873995177447796,
          "y": 0.012178155593574047,
          "z": -0.0059904190711677074
        },
        "scale": {
          "x": 1.0,
          "y": 1.0,
          "z": 1.0
        },
        "matrix_basis": [
          [
            0.9996316432952881,
            0.011521195992827415,
            0.024574313312768936,
            0.0
          ],
          [
            -0.012434068135917187,
            0.9992258548736572,
            0.0373239666223526,
            0.0
          ],
          [
            -0.024125272408127785,
            -0.03761577606201172,
            0.9990010261535645,
            0.0
          ],
          [
            0.0,
            0.0,
            0.0,
            1.0
          ]
        ],
        "rotation_mode": "QUATERNION"
      },
      "armature_space": {
        "head": {
          "x": 0.3726453185081482,
          "y": -0.46713000535964966,
          "z": 0.28120797872543335
        },
        "tail": {
          "x": 0.364596426486969,
          "y": -0.5148566365242004,
          "z": 0.29174208641052246
        }
      },
      "world_space": {
        "head": {
          "x": 0.3726453185081482,
          "y": -0.40388602018356323,
          "z": 1.2310619354248047
        },
        "tail": {
          "x": 0.364596426486969,
          "y": -0.451612651348114,
          "z": 1.2415961027145386
        },
        "rotation_quaternion": {
          "w": 0.07325927913188934,
          "x": 0.9324486255645752,
          "y": -0.11346088349819183,
          "z": -0.33511096239089966
        },
        "matrix": [
          [
            0.7496546506881714,
            -0.16249336302280426,
            -0.6415716409683228,
            0.3726453185081482
          ],
          [
            -0.26069313287734985,
            -0.9635193347930908,
            -0.06057678163051605,
            -0.40388602018356323
          ],
          [
            -0.6083276867866516,
            0.21266557276248932,
            -0.7646728754043579,
            1.2310619354248047
          ],
          [
            0.0,
            0.0,
            0.0,
            1.0
          ]
        ]
      },
      "bone_length_armature_space": 0.049533659281366056,
      "parent": "lowerarm_l",
      "has_children": true,
      "is_end_bone": false
    },
    "thumb_01_l": {
      "name": "thumb_01_l",
      "local": {
        "location": {
          "x": 0.0,
          "y": 0.0,
          "z": 0.0
        },
        "rotation_quaternion": {
          "w": 0.9996762871742249,
          "x": 0.011610881425440311,
          "y": 0.018578870221972466,
          "z": 0.012932972982525826
        },
        "scale": {
          "x": 1.0,
          "y": 1.0,
          "z": 1.0
        },
        "matrix_basis": [
          [
            0.9989750981330872,
            -0.025426138192415237,
            0.0374460369348526,
            0.0
          ],
          [
            0.02628900669515133,
            0.9993958473205566,
            -0.02273368649184704,
            0.0
          ],
          [
            -0.036845386028289795,
            0.023694805800914764,
            0.9990400075912476,
            0.0
          ],
          [
            0.0,
            0.0,
            0.0,
            1.0
          ]
        ],
        "rotation_mode": "QUATERNION"
      },
      "armature_space": {
        "head": {
          "x": 0.364596426486969,
          "y": -0.5148566365242004,
          "z": 0.29174208641052246
        },
        "tail": {
          "x": 0.3419627845287323,
          "y": -0.5366392135620117,
          "z": 0.27863234281539917
        }
      },
      "world_space": {
        "head": {
          "x": 0.364596426486969,
          "y": -0.451612651348114,
          "z": 1.2415961027145386
        },
        "tail": {
          "x": 0.3419627845287323,
          "y": -0.4733952283859253,
          "z": 1.2284862995147705
        },
        "rotation_quaternion": {
          "w": 0.009523737244307995,
          "x": -0.7935615181922913,
          "y": 0.4241931438446045,
          "z": -0.4361531734466553
        },
        "matrix": [
          [
            0.25965988636016846,
            -0.6649412512779236,
            0.7003072500228882,
            0.364596426486969
          ],
          [
            -0.6815541982650757,
            -0.6399376392364502,
            -0.3549136221408844,
            -0.451612651348114
          ],
          [
            0.6841534972190857,
            -0.38514381647109985,
            -0.6193641424179077,
            1.2415961027145386
          ],
          [
            0.0,
            0.0,
            0.0,
            1.0
          ]
        ]
      },
      "bone_length_armature_space": 0.03403862150842379,
      "parent": "metacarpal_thumb_l",
      "has_children": true,
      "is_end_bone": false
    },
    "thumb_02_l": {
      "name": "thumb_02_l",
      "local": {
        "location": {
          "x": 0.0,
          "y": 0.0,
          "z": 0.0
        },
        "rotation_quaternion": {
          "w": 0.9902039170265198,
          "x": 0.1393929421901703,
          "y": -0.008059876970946789,
          "z": -0.0009894055547192693
        },
        "scale": {
          "x": 1.0,
          "y": 1.0,
          "z": 1.0
        },
        "matrix_basis": [
          [
            0.9998680949211121,
            -0.00028755341190844774,
            -0.01623767614364624,
            0.0
          ],
          [
            -0.00420640641823411,
            0.9611372351646423,
            -0.27603891491889954,
            0.0
          ],
          [
            0.01568601094186306,
            0.27607083320617676,
            0.9610092639923096,
            0.0
          ],
          [
            0.0,
            0.0,
            0.0,
            1.0
          ]
        ],
        "rotation_mode": "QUATERNION"
      },
      "armature_space": {
        "head": {
          "x": 0.3419627547264099,
          "y": -0.5366391539573669,
          "z": 0.27863234281539917
        },
        "tail": {
          "x": 0.36242878437042236,
          "y": -0.5711317658424377,
          "z": 0.27649223804473877
        }
      },
      "world_space": {
        "head": {
          "x": 0.3419627547264099,
          "y": -0.4733951687812805,
          "z": 1.2284862995147705
        },
        "tail": {
          "x": 0.36242878437042236,
          "y": -0.5078877806663513,
          "z": 1.2263462543487549
        },
        "rotation_quaternion": {
          "w": 0.22635002434253693,
          "x": -0.5876405835151672,
          "y": -0.13918434083461761,
          "z": -0.7642460465431213
        },
        "matrix": [
          [
            -0.2068881243467331,
            0.5095560550689697,
            0.8351947069168091,
            0.3419627547264099
          ],
          [
            -0.18239326775074005,
            -0.8587860465049744,
            0.4787682294845581,
            -0.4733951687812805
          ],
          [
            0.9612191915512085,
            -0.053283654153347015,
            0.27061450481414795,
            1.2284862995147705
          ],
          [
            0.0,
            0.0,
            0.0,
            1.0
          ]
        ]
      },
      "bone_length_armature_space": 0.04016439563229145,
      "parent": "thumb_01_l",
      "has_children": true,
      "is_end_bone": false
    },
    "thumb_03_l": {
      "name": "thumb_03_l",
      "local": {
        "location": {
          "x": 0.0,
          "y": 0.0,
          "z": 0.0
        },
        "rotation_quaternion": {
          "w": 0.9982140064239502,
          "x": 0.05950915440917015,
          "y": -0.0007050680578686297,
          "z": 0.005195371340960264
        },
        "scale": {
          "x": 1.0,
          "y": 1.0,
          "z": 1.0
        },
        "matrix_basis": [
          [
            0.9999450445175171,
            -0.010456101037561893,
            -0.0007892732974141836,
            0.0
          ],
          [
            0.010288269259035587,
            0.9928633570671082,
            -0.11881306767463684,
            0.0
          ],
          [
            0.0020259618759155273,
            0.11879841983318329,
            0.9929163455963135,
            0.0
          ],
          [
            0.0,
            0.0,
            0.0,
            1.0
          ]
        ],
        "rotation_mode": "QUATERNION"
      },
      "armature_space": {
        "head": {
          "x": 0.3624286651611328,
          "y": -0.5711318254470825,
          "z": 0.27649226784706116
        },
        "tail": {
          "x": 0.38707974553108215,
          "y": -0.5888886451721191,
          "z": 0.2745145261287689
        }
      },
      "world_space": {
        "head": {
          "x": 0.3624286651611328,
          "y": -0.5078878402709961,
          "z": 1.2263462543487549
        },
        "tail": {
          "x": 0.38707974553108215,
          "y": -0.5256446599960327,
          "z": 1.2243685722351074
        },
        "rotation_quaternion": {
          "w": 0.4245065748691559,
          "x": -0.39226478338241577,
          "y": -0.16784296929836273,
          "z": -0.7985934019088745
        },
        "matrix": [
          [
            -0.33184435963630676,
            0.8096953630447388,
            0.48401767015457153,
            0.3624286651611328
          ],
          [
            -0.5463383793830872,
            -0.5832440853118896,
            0.6011161208152771,
            -0.5078878402709961
          ],
          [
            0.769025981426239,
            -0.06496146321296692,
            0.6359187960624695,
            1.2263462543487549
          ],
          [
            0.0,
            0.0,
            0.0,
            1.0
          ]
        ]
      },
      "bone_length_armature_space": 0.030444898762718615,
      "parent": "thumb_02_l",
      "has_children": false,
      "is_end_bone": true
    },
    "metacarpal_index_l": {
      "name": "metacarpal_index_l",
      "local": {
        "location": {
          "x": 0.0,
          "y": 0.0,
          "z": 0.0
        },
        "rotation_quaternion": {
          "w": 0.999839723110199,
          "x": 0.009286646731197834,
          "y": 0.0007301150471903384,
          "z": 0.015296060591936111
        },
        "scale": {
          "x": 1.0,
          "y": 1.0,
          "z": 1.0
        },
        "matrix_basis": [
          [
            0.9995309710502625,
            -0.030573656782507896,
            0.001744094304740429,
            0.0
          ],
          [
            0.03060077875852585,
            0.9993595480918884,
            -0.01854798011481762,
            0.0
          ],
          [
            -0.0011758977780118585,
            0.018592651933431625,
            0.9998264312744141,
            0.0
          ],
          [
            0.0,
            0.0,
            0.0,
            1.0
          ]
        ],
        "rotation_mode": "QUATERNION"
      },
      "armature_space": {
        "head": {
          "x": 0.3726453185081482,
          "y": -0.46713000535964966,
          "z": 0.28120797872543335
        },
        "tail": {
          "x": 0.3862512707710266,
          "y": -0.582680344581604,
          "z": 0.2950720191001892
        }
      },
      "world_space": {
        "head": {
          "x": 0.3726453185081482,
          "y": -0.40388602018356323,
          "z": 1.2310619354248047
        },
        "tail": {
          "x": 0.3862512707710266,
          "y": -0.5194363594055176,
          "z": 1.2449259757995605
        },
        "rotation_quaternion": {
          "w": 0.08262446522712708,
          "x": 0.7870163321495056,
          "y": 0.009595478884875774,
          "z": -0.6112989783287048
        },
        "matrix": [
          [
            0.25244298577308655,
            0.11611982434988022,
            -0.9606189727783203,
            0.3726453185081482
          ],
          [
            -0.08591316640377045,
            -0.9861624836921692,
            -0.1417848914861679,
            -0.40388602018356323
          ],
          [
            -0.9637969732284546,
            0.11832242459058762,
            -0.2389753758907318,
            1.2310619354248047
          ],
          [
            0.0,
            0.0,
            0.0,
            1.0
          ]
        ]
      },
      "bone_length_armature_space": 0.11717173084068895,
      "parent": "lowerarm_l",
      "has_children": true,
      "is_end_bone": false
    },
    "index_01_l": {
      "name": "index_01_l",
      "local": {
        "location": {
          "x": 0.0,
          "y": 0.0,
          "z": 0.0
        },
        "rotation_quaternion": {
          "w": 0.9973810911178589,
          "x": -0.0688273012638092,
          "y": -0.02196783758699894,
          "z": -0.0033489950001239777
        },
        "scale": {
          "x": 1.0,
          "y": 1.0,
          "z": 1.0
        },
        "matrix_basis": [
          [
            0.9990124106407166,
            0.00970442220568657,
            -0.043359607458114624,
            0.0
          ],
          [
            -0.0036564746405929327,
            0.990503191947937,
            0.1374412328004837,
            0.0
          ],
          [
            0.04428161680698395,
            -0.1371469646692276,
            0.9895604252815247,
            0.0
          ],
          [
            0.0,
            0.0,
            0.0,
            1.0
          ]
        ],
        "rotation_mode": "QUATERNION"
      },
      "armature_space": {
        "head": {
          "x": 0.3862512707710266,
          "y": -0.582680344581604,
          "z": 0.2950720191001892
        },
        "tail": {
          "x": 0.39903387427330017,
          "y": -0.607761800289154,
          "z": 0.2905336618423462
        }
      },
      "world_space": {
        "head": {
          "x": 0.3862512707710266,
          "y": -0.5194363594055176,
          "z": 1.2449259757995605
        },
        "tail": {
          "x": 0.39903387427330017,
          "y": -0.5445178151130676,
          "z": 1.2403876781463623
        },
        "rotation_quaternion": {
          "w": 0.07966997474431992,
          "x": 0.7587340474128723,
          "y": 0.2320536971092224,
          "z": -0.6034289002418518
        },
        "matrix": [
          [
            0.1640487015247345,
            0.44828593730926514,
            -0.8787080645561218,
            0.3862512707710266
          ],
          [
            0.2559838593006134,
            -0.879607081413269,
            -0.4009541869163513,
            -0.5194363594055176
          ],
          [
            -0.9526661038398743,
            -0.1591607928276062,
            -0.25905442237854004,
            1.2449259757995605
          ],
          [
            0.0,
            0.0,
            0.0,
            1.0
          ]
        ]
      },
      "bone_length_armature_space": 0.028514400848435168,
      "parent": "metacarpal_index_l",
      "has_children": true,
      "is_end_bone": false
    },
    "index_02_l": {
      "name": "index_02_l",
      "local": {
        "location": {
          "x": 0.0,
          "y": 0.0,
          "z": 0.0
        },
        "rotation_quaternion": {
          "w": 0.9812031984329224,
          "x": 0.1926668882369995,
          "y": -0.009304379113018513,
          "z": -0.005765589885413647
        },
        "scale": {
          "x": 1.0,
          "y": 1.0,
          "z": 1.0
        },
        "matrix_basis": [
          [
            0.9997603893280029,
            0.0077291387133300304,
            -0.020480649545788765,
            0.0
          ],
          [
            -0.014899722300469875,
            0.9256924390792847,
            -0.3779834508895874,
            0.0
          ],
          [
            0.016037296503782272,
            0.3781980276107788,
            0.9255858063697815,
            0.0
          ],
          [
            0.0,
            0.0,
            0.0,
            1.0
          ]
        ],
        "rotation_mode": "QUATERNION"
      },
      "armature_space": {
        "head": {
          "x": 0.39903372526168823,
          "y": -0.6077622771263123,
          "z": 0.29053372144699097
        },
        "tail": {
          "x": 0.4020824134349823,
          "y": -0.6324113011360168,
          "z": 0.28411316871643066
        }
      },
      "world_space": {
        "head": {
          "x": 0.39903372526168823,
          "y": -0.5445182919502258,
          "z": 1.2403876781463623
        },
        "tail": {
          "x": 0.4020824134349823,
          "y": -0.5691673159599304,
          "z": 1.2339671850204468
        },
        "rotation_quaternion": {
          "w": 0.0526493676006794,
          "x": -0.7300907373428345,
          "y": -0.12962229549884796,
          "z": 0.668874979019165
        },
        "matrix": [
          [
            0.07160884141921997,
            0.118842214345932,
            -0.9903275966644287,
            0.39903372526168823
          ],
          [
            0.2597036361694336,
            -0.9608522653579712,
            -0.09652647376060486,
            -0.5445182919502258
          ],
          [
            -0.963036298751831,
            -0.2502819299697876,
            -0.09967005997896194,
            1.2403876781463623
          ],
          [
            0.0,
            0.0,
            0.0,
            1.0
          ]
        ]
      },
      "bone_length_armature_space": 0.025653310827041535,
      "parent": "index_01_l",
      "has_children": true,
      "is_end_bone": false
    },
    "index_03_l": {
      "name": "index_03_l",
      "local": {
        "location": {
          "x": 0.0,
          "y": 0.0,
          "z": 0.0
        },
        "rotation_quaternion": {
          "w": 0.9705468416213989,
          "x": 0.24080172181129456,
          "y": 0.005406996235251427,
          "z": 0.004918149206787348
        },
        "scale": {
          "x": 1.0,
          "y": 1.0,
          "z": 1.0
        },
        "matrix_basis": [
          [
            0.9998931288719177,
            -0.00694256043061614,
            0.012864083983004093,
            0.0
          ],
          [
            0.012150616385042667,
            0.8839806914329529,
            -0.4673655033111572,
            0.0
          ],
          [
            -0.008126888424158096,
            0.4674718976020813,
            0.8839706182479858,
            0.0
          ],
          [
            0.0,
            0.0,
            0.0,
            1.0
          ]
        ],
        "rotation_mode": "QUATERNION"
      },
      "armature_space": {
        "head": {
          "x": 0.40208256244659424,
          "y": -0.6324113011360168,
          "z": 0.28411319851875305
        },
        "tail": {
          "x": 0.38949206471443176,
          "y": -0.6565448045730591,
          "z": 0.2734929919242859
        }
      },
      "world_space": {
        "head": {
          "x": 0.40208256244659424,
          "y": -0.5691673159599304,
          "z": 1.2339671850204468
        },
        "tail": {
          "x": 0.38949206471443176,
          "y": -0.5933008193969727,
          "z": 1.2233469486236572
        },
        "rotation_quaternion": {
          "w": 0.292965829372406,
          "x": -0.6972606778144836,
          "y": 0.03449942544102669,
          "z": 0.6533057689666748
        },
        "matrix": [
          [
            0.14400288462638855,
            -0.430905282497406,
            -0.8908331990242004,
            0.40208256244659424
          ],
          [
            0.3346821367740631,
            -0.8259605765342712,
            0.4536268413066864,
            -0.5691673159599304
          ],
          [
            -0.9312694668769836,
            -0.3634726405143738,
            0.025276057422161102,
            1.2339671850204468
          ],
          [
            0.0,
            0.0,
            0.0,
            1.0
          ]
        ]
      },
      "bone_length_armature_space": 0.0292187507145784,
      "parent": "index_02_l",
      "has_children": false,
      "is_end_bone": true
    },
    "metacarpal_pinky_l": {
      "name": "metacarpal_pinky_l",
      "local": {
        "location": {
          "x": 0.0,
          "y": 0.0,
          "z": 0.0
        },
        "rotation_quaternion": {
          "w": 0.9996801018714905,
          "x": -0.01726408116519451,
          "y": -0.014953083358705044,
          "z": 0.010872459970414639
        },
        "scale": {
          "x": 1.0,
          "y": 1.0,
          "z": 1.0
        },
        "matrix_basis": [
          [
            0.999316394329071,
            -0.021221661940217018,
            -0.03027200512588024,
            0.0
          ],
          [
            0.02225426584482193,
            0.9991675019264221,
            0.03419196233153343,
            0.0
          ],
          [
            0.029521193355321884,
            -0.034842271357774734,
            0.9989567399024963,
            0.0
          ],
          [
            0.0,
            0.0,
            0.0,
            1.0
          ]
        ],
        "rotation_mode": "QUATERNION"
      },
      "armature_space": {
        "head": {
          "x": 0.3726453185081482,
          "y": -0.46713000535964966,
          "z": 0.28120797872543335
        },
        "tail": {
          "x": 0.43271777033805847,
          "y": -0.5457723736763,
          "z": 0.24880552291870117
        }
      },
      "world_space": {
        "head": {
          "x": 0.3726453185081482,
          "y": -0.40388602018356323,
          "z": 1.2310619354248047
        },
        "tail": {
          "x": 0.43271777033805847,
          "y": -0.4825283885002136,
          "z": 1.1986595392227173
        },
        "rotation_quaternion": {
          "w": 0.3411146104335785,
          "x": -0.2506665885448456,
          "y": 0.07763633131980896,
          "z": -0.9026515483856201
        },
        "matrix": [
          [
            -0.6416136622428894,
            0.5768943428993225,
            0.5054947733879089,
            0.3726453185081482
          ],
          [
            -0.6547372341156006,
            -0.7552268505096436,
            0.03085659258067608,
            -0.40388602018356323
          ],
          [
            0.3995663523674011,
            -0.31117087602615356,
            0.8622838258743286,
            1.2310619354248047
          ],
          [
            0.0,
            0.0,
            0.0,
            1.0
          ]
        ]
      },
      "bone_length_armature_space": 0.1041308828944323,
      "parent": "lowerarm_l",
      "has_children": true,
      "is_end_bone": false
    },
    "pinky_01_l": {
      "name": "pinky_01_l",
      "local": {
        "location": {
          "x": 0.0,
          "y": 0.0,
          "z": 0.0
        },
        "rotation_quaternion": {
          "w": 0.9995300769805908,
          "x": 0.017966188490390778,
          "y": 0.02478030137717724,
          "z": 0.0016912000719457865
        },
        "scale": {
          "x": 1.0,
          "y": 1.0,
          "z": 1.0
        },
        "matrix_basis": [
          [
            0.9987661242485046,
            -0.0024903954472392797,
            0.0495980829000473,
            0.0
          ],
          [
            0.00427122600376606,
            0.9993487000465393,
            -0.03583167493343353,
            0.0
          ],
          [
            -0.04947654530405998,
            0.03599930927157402,
            0.9981263279914856,
            0.0
          ],
          [
            0.0,
            0.0,
            0.0,
            1.0
          ]
        ],
        "rotation_mode": "QUATERNION"
      },
      "armature_space": {
        "head": {
          "x": 0.43271777033805847,
          "y": -0.5457723736763,
          "z": 0.24880552291870117
        },
        "tail": {
