{
  "metadata": {
    "armature_name": "KIM_caucasian_male",
    "export_time": "2026-01-13T21:13:15.878753",
    "blender_version": "4.4.1",
    "bone_count": 56,
    "end_bone_count": 13,
    "spaces_included": [
      "LOCAL_CHANNELS",
      "ARMATURE_SPACE",
      "WORLD_SPACE"
    ],
    "note": "LOCAL matches Transform panel; replay pose via local.matrix_basis for best fidelity."
  },
  "bones": {
    "Root": {
      "name": "Root",
      "local": {
        "location": {
          "x": 0.0,
          "y": 0.0,
          "z": 0.0
        },
        "rotation_quaternion": {
          "w": 0.9998264908790588,
          "x": 0.011271798051893711,
          "y": -0.0009447557386010885,
          "z": -0.014799293130636215
        },
        "scale": {
          "x": 1.0,
          "y": 1.0,
          "z": 1.0
        },
        "matrix_basis": [
          [
            0.9995601773262024,
            0.029572151601314545,
            -0.002222812967374921,
            0.0
          ],
          [
            -0.029614748433232307,
            0.9993078708648682,
            -0.022511720657348633,
            0.0
          ],
          [
            0.001555554335936904,
            0.02256764844059944,
            0.9997441172599792,
            0.0
          ],
          [
            0.0,
            0.0,
            0.0,
            1.0
          ]
        ],
        "rotation_mode": "QUATERNION"
      },
      "armature_space": {
        "head": {
          "x": 0.0,
          "y": 0.07072800397872925,
          "z": -0.009595036506652832
        },
        "tail": {
          "x": 0.0021107380744069815,
          "y": -0.00016757845878601074,
          "z": -0.001602817326784134
        }
      },
      "world_space": {
        "head": {
          "x": 0.0,
          "y": 0.13397200405597687,
          "z": 0.9402589797973633
        },
        "tail": {
          "x": 0.0021107380744069815,
          "y": 0.06307642161846161,
          "z": 0.9482511878013611
        },
        "rotation_quaternion": {
          "w": 0.056109778583049774,
          "x": 0.9983144998550415,
          "y": 0.014702025800943375,
          "z": -0.0019396054558455944
        },
        "matrix": [
          [
            0.9995601773262024,
            0.029572151601314545,
            -0.002222812967374921,
            0.0
          ],
          [
            0.02913682721555233,
            -0.9932710528373718,
            -0.1120879203081131,
            0.13397200405597687
          ],
          [
            -0.005522547289729118,
            0.11197368800640106,
            -0.9937028884887695,
            0.9402589797973633
          ],
          [
            0.0,
            0.0,
            0.0,
            1.0
          ]
        ]
      },
      "bone_length_armature_space": 0.07137586663888872,
      "parent": null,
      "has_children": true,
      "is_end_bone": false
    },
    "spine_01": {
      "name": "spine_01",
      "local": {
        "location": {
          "x": 0.0,
          "y": 0.0,
          "z": 0.0
        },
        "rotation_quaternion": {
          "w": 0.9970993399620056,
          "x": 0.0445544496178627,
          "y": -0.036387164145708084,
          "z": -0.049838267266750336
        },
        "scale": {
          "x": 1.0,
          "y": 1.0,
          "z": 1.0
        },
        "matrix_basis": [
          [
            0.9923842549324036,
            0.09614498913288116,
            -0.07700426876544952,
            0.0
          ],
          [
            -0.10262982547283173,
            0.9910621047019958,
            -0.0852234810590744,
            0.0
          ],
          [
            0.06812220066785812,
            0.09247737377882004,
            0.9933817386627197,
            0.0
          ],
          [
            0.0,
            0.0,
            0.0,
            1.0
          ]
        ],
        "rotation_mode": "QUATERNION"
      },
      "armature_space": {
        "head": {
          "x": 0.0021107380744069815,
          "y": -0.00016757845878601074,
          "z": -0.001602817326784134
        },
        "tail": {
          "x": 0.0526585653424263,
          "y": -0.0321560874581337,
          "z": 0.48272159695625305
        }
      },
      "world_space": {
        "head": {
          "x": 0.0021107380744069815,
          "y": 0.06307642161846161,
          "z": 0.9482511878013611
        },
        "tail": {
          "x": 0.0526585653424263,
          "y": 0.031087912619113922,
          "z": 1.4325755834579468
        },
        "rotation_quaternion": {
          "w": 0.6832075715065002,
          "x": 0.7279773354530334,
          "y": 0.02126813679933548,
          "z": -0.053143370896577835
        },
        "matrix": [
          [
            0.993446946144104,
            0.10358135402202606,
            -0.04831250011920929,
            0.0021107380744069815
          ],
          [
            -0.041649751365184784,
            -0.0655500590801239,
            -0.9969797730445862,
            0.06307642161846161
          ],
          [
            -0.10643617808818817,
            0.992465615272522,
            -0.0608077272772789,
            0.9482511878013611
          ],
          [
            0.0,
            0.0,
            0.0,
            1.0
          ]
        ]
      },
      "bone_length_armature_space": 0.4880046035748047,
      "parent": "Root",
      "has_children": true,
      "is_end_bone": false
    },
    "neck_01": {
      "name": "neck_01",
      "local": {
        "location": {
          "x": 0.0,
          "y": 0.0,
          "z": 0.0
        },
        "rotation_quaternion": {
          "w": 0.9904543161392212,
          "x": 0.004262064583599567,
          "y": -0.11681098490953445,
          "z": 0.07305645197629929
        },
        "scale": {
          "x": 1.0,
          "y": 1.0,
          "z": 1.0
        },
        "matrix_basis": [
          [
            0.9620358943939209,
            -0.14571386575698853,
            -0.23076914250850677,
            0.0
          ],
          [
            0.14372244477272034,
            0.9892891645431519,
            -0.025510352104902267,
            0.0
          ],
          [
            0.23201462626457214,
            -0.008624832145869732,
            0.9726740717887878,
            0.0
          ],
          [
            0.0,
            0.0,
            0.0,
            1.0
          ]
        ],
        "rotation_mode": "QUATERNION"
      },
      "armature_space": {
        "head": {
          "x": 0.05856713652610779,
          "y": -0.0715312585234642,
          "z": 0.5532795786857605
        },
        "tail": {
          "x": 0.05166071280837059,
          "y": -0.11465658247470856,
          "z": 0.6460332870483398
        }
      },
      "world_space": {
        "head": {
          "x": 0.05856713652610779,
          "y": -0.008287258446216583,
          "z": 1.5031335353851318
        },
        "tail": {
          "x": 0.05166071280837059,
          "y": -0.05141258239746094,
          "z": 1.595887303352356
        },
        "rotation_quaternion": {
          "w": 0.5260268449783325,
          "x": 0.8346895575523376,
          "y": -0.11389434337615967,
          "z": -0.11669301986694336
        },
        "matrix": [
          [
            0.9468216300010681,
            -0.06736572831869125,
            -0.31462785601615906,
            0.05856713652610779
          ],
          [
            -0.3129003047943115,
            -0.42064735293388367,
            -0.8515571355819702,
            -0.008287258446216583
          ],
          [
            -0.07498244941234589,
            0.9047256708145142,
            -0.41936057806015015,
            1.5031335353851318
          ],
          [
            0.0,
            0.0,
            0.0,
            1.0
          ]
        ]
      },
      "bone_length_armature_space": 0.10252191401603881,
      "parent": "spine_01",
      "has_children": true,
      "is_end_bone": false
    },
    "head": {
      "name": "head",
      "local": {
        "location": {
          "x": 0.0,
          "y": 0.0,
          "z": 0.0
        },
        "rotation_quaternion": {
          "w": 0.9960870742797852,
          "x": -0.03954281657934189,
          "y": -0.0553203783929348,
          "z": 0.056450460106134415
        },
        "scale": {
          "x": 1.0,
          "y": 1.0,
          "z": 1.0
        },
        "matrix_basis": [
          [
            0.9875060319900513,
            -0.10808409750461578,
            -0.11467225104570389,
            0.0
          ],
          [
            0.11683419346809387,
            0.9904994368553162,
            0.07253045588731766,
            0.0
          ],
          [
            0.105743408203125,
            -0.08502189815044403,
            0.9907520413398743,
            0.0
          ],
          [
            0.0,
            0.0,
            0.0,
            1.0
          ]
        ],
        "rotation_mode": "QUATERNION"
      },
      "armature_space": {
        "head": {
          "x": 0.05166066810488701,
          "y": -0.11465668678283691,
          "z": 0.6460331678390503
        },
        "tail": {
          "x": 0.047763511538505554,
          "y": -0.10983000695705414,
          "z": 0.8010003566741943
        }
      },
      "world_space": {
        "head": {
          "x": 0.05166066810488701,
          "y": -0.051412686705589294,
          "z": 1.5958871841430664
        },
        "tail": {
          "x": 0.047763511538505554,
          "y": -0.04658600687980652,
          "z": 1.7508543729782104
        },
        "rotation_quaternion": {
          "w": 0.6990675926208496,
          "x": 0.6814201474189758,
          "y": -0.16390590369701385,
          "z": -0.1417955756187439
        },
        "matrix": [
          [
            0.9060578942298889,
            -0.025128310546278954,
            -0.42240726947784424,
            0.05166066810488701
          ],
          [
            -0.4216269552707672,
            0.03112174943089485,
            -0.9062353372573853,
            -0.051412686705589294
          ],
          [
            0.035918042063713074,
            0.9992069005966187,
            0.01760254055261612,
            1.5958871841430664
          ],
          [
            0.0,
            0.0,
            0.0,
            1.0
          ]
        ]
      },
      "bone_length_armature_space": 0.15509130663508774,
      "parent": "neck_01",
      "has_children": false,
      "is_end_bone": true
    },
    "upperarm_l": {
      "name": "upperarm_l",
      "local": {
        "location": {
          "x": 0.0,
          "y": 0.0,
          "z": 0.0
        },
        "rotation_quaternion": {
          "w": 0.9372584819793701,
          "x": 0.2243615835905075,
          "y": -0.03262631595134735,
          "z": -0.2648473381996155
        },
        "scale": {
          "x": 1.0,
          "y": 1.0,
          "z": 1.0
        },
        "matrix_basis": [
          [
            0.8575828075408936,
            0.48182064294815063,
            -0.18000172078609467,
            0.0
          ],
          [
            -0.5111010074615479,
            0.7590355277061462,
            -0.4032876193523407,
            0.0
          ],
          [
            -0.05768455192446709,
            0.43785157799720764,
            0.8971948027610779,
            0.0
          ],
          [
            0.0,
            0.0,
            0.0,
            1.0
          ]
        ],
        "rotation_mode": "QUATERNION"
      },
      "armature_space": {
        "head": {
          "x": 0.20046864449977875,
          "y": -0.07655274868011475,
          "z": 0.4704188406467438
        },
        "tail": {
          "x": 0.3846377432346344,
          "y": -0.18197456002235413,
          "z": 0.30678504705429077
        }
      },
      "world_space": {
        "head": {
          "x": 0.20046864449977875,
          "y": -0.013308748602867126,
          "z": 1.4202728271484375
        },
        "tail": {
          "x": 0.3846377432346344,
          "y": -0.1187305599451065,
          "z": 1.256639003753662
        },
        "rotation_quaternion": {
          "w": 0.18792693316936493,
          "x": 0.3973434269428253,
          "y": 0.5176674127578735,
          "z": -0.7340450286865234
        },
        "matrix": [
          [
            -0.6136042475700378,
            0.6872765421867371,
            -0.38876840472221375,
            0.20046864449977875
          ],
          [
            0.13548706471920013,
            -0.3934098780155182,
            -0.909325122833252,
            -0.013308748602867126
          ],
          [
            -0.7779083847999573,
            -0.6106435060501099,
            0.1482810527086258,
            1.4202728271484375
          ],
          [
            0.0,
            0.0,
            0.0,
            1.0
          ]
        ]
      },
      "bone_length_armature_space": 0.2679702103271953,
      "parent": "spine_01",
      "has_children": true,
      "is_end_bone": false
    },
    "lowerarm_l": {
      "name": "lowerarm_l",
      "local": {
        "location": {
          "x": 0.0,
          "y": 0.0,
          "z": 0.0
        },
        "rotation_quaternion": {
          "w": 0.8785774111747742,
          "x": 0.4144647717475891,
          "y": 0.177231103181839,
          "z": -0.15782858431339264
        },
        "scale": {
          "x": 1.0,
          "y": 1.0,
          "z": 1.0
        },
        "matrix_basis": [
          [
            0.887358546257019,
            0.4242413640022278,
            0.18059371411800385,
            0.0
          ],
          [
            -0.13041715323925018,
            0.6066181659698486,
            -0.7842230200767517,
            0.0
          ],
          [
            -0.4422512650489807,
            0.6723344922065735,
            0.5936161875724792,
            0.0
          ],
          [
            0.0,
            0.0,
            0.0,
            1.0
          ]
        ],
        "rotation_mode": "QUATERNION"
      },
      "armature_space": {
        "head": {
          "x": 0.38463786244392395,
          "y": -0.18197466433048248,
          "z": 0.30678507685661316
        },
        "tail": {
          "x": 0.35493072867393494,
          "y": -0.4211809039115906,
          "z": 0.19073572754859924
        }
      },
      "world_space": {
        "head": {
          "x": 0.38463786244392395,
          "y": -0.11873066425323486,
          "z": 1.2566391229629517
        },
        "tail": {
          "x": 0.35493072867393494,
          "y": -0.35793691873550415,
          "z": 1.140589714050293
        },
        "rotation_quaternion": {
          "w": 0.160954549908638,
          "x": -0.4871554970741272,
          "y": -0.1643783152103424,
          "z": 0.8424683213233948
        },
        "matrix": [
          [
            -0.47354644536972046,
            -0.11104458570480347,
            -0.8737406730651855,
            0.38463786244392395
          ],
          [
            0.4313538074493408,
            -0.8941471576690674,
            -0.12014546990394592,
            -0.11873066425323486
          ],
          [
            -0.767916202545166,
            -0.4337896406650543,
            0.47132280468940735,
            1.2566391229629517
          ],
          [
            0.0,
            0.0,
            0.0,
            1.0
          ]
        ]
      },
      "bone_length_armature_space": 0.2675249332267746,
      "parent": "upperarm_l",
      "has_children": true,
      "is_end_bone": false
    },
    "metacarpal_thumb_l": {
      "name": "metacarpal_thumb_l",
      "local": {
        "location": {
          "x": 0.0,
          "y": 0.0,
          "z": 0.0
        },
        "rotation_quaternion": {
          "w": 0.9995306134223938,
          "x": -0.02994488552212715,
          "y": 0.004679311532527208,
          "z": 0.004482377786189318
        },
        "scale": {
          "x": 1.0,
          "y": 1.0,
          "z": 1.0
        },
        "matrix_basis": [
          [
            0.9999160170555115,
            -0.009240790270268917,
            0.009085781872272491,
            0.0
          ],
          [
            0.008680304512381554,
            0.9981664419174194,
            0.05990360677242279,
            0.0
          ],
          [
            -0.009622679091989994,
            -0.05981970950961113,
            0.9981628060340881,
            0.0
          ],
          [
            0.0,
            0.0,
            0.0,
            1.0
          ]
        ],
        "rotation_mode": "QUATERNION"
      },
      "armature_space": {
        "head": {
          "x": 0.35493072867393494,
          "y": -0.4211809039115906,
          "z": 0.19073572754859924
        },
        "tail": {
          "x": 0.3218327462673187,
          "y": -0.4572095572948456,
          "z": 0.18298682570457458
        }
      },
      "world_space": {
        "head": {
          "x": 0.35493072867393494,
          "y": -0.35793691873550415,
          "z": 1.140589714050293
        },
        "tail": {
          "x": 0.3218327462673187,
          "y": -0.39396554231643677,
          "z": 1.132840871810913
        },
        "rotation_quaternion": {
          "w": 0.20269940793514252,
          "x": -0.872620165348053,
          "y": 0.308600515127182,
          "z": 0.31970757246017456
        },
        "matrix": [
          [
            0.6051055192947388,
            -0.6681915521621704,
            -0.43285927176475525,
            0.35493072867393494
          ],
          [
            -0.4089738130569458,
            -0.7273567914962769,
            0.5510829091072083,
            -0.35793691873550415
          ],
          [
            -0.6830772757530212,
            -0.15643702447414398,
            -0.7134050130844116,
            1.140589714050293
          ],
          [
            0.0,
            0.0,
            0.0,
            1.0
          ]
        ]
      },
      "bone_length_armature_space": 0.04953368373840519,
      "parent": "lowerarm_l",
      "has_children": true,
      "is_end_bone": false
    },
    "thumb_01_l": {
      "name": "thumb_01_l",
      "local": {
        "location": {
          "x": 0.0,
          "y": 0.0,
          "z": 0.0
        },
        "rotation_quaternion": {
          "w": 0.9989796876907349,
          "x": 0.040001001209020615,
          "y": -0.013406194746494293,
          "z": -0.01612277701497078
        },
        "scale": {
          "x": 1.0,
          "y": 1.0,
          "z": 1.0
        },
        "matrix_basis": [
          [
            0.9991206526756287,
            0.031140131875872612,
            -0.02807488664984703,
            0.0
          ],
          [
            -0.033285174518823624,
            0.9962799549102783,
            -0.07948808372020721,
            0.0
          ],
          [
            0.025495177134871483,
            0.08035266399383545,
            0.9964404106140137,
            0.0
          ],
          [
            0.0,
            0.0,
            0.0,
            1.0
          ]
        ],
        "rotation_mode": "QUATERNION"
      },
      "armature_space": {
        "head": {
          "x": 0.3218327462673187,
          "y": -0.4572095572948456,
          "z": 0.18298682570457458
        },
        "tail": {
          "x": 0.29466840624809265,
          "y": -0.4600662589073181,
          "z": 0.16267503798007965
        }
      },
      "world_space": {
        "head": {
          "x": 0.3218327462673187,
          "y": -0.39396554231643677,
          "z": 1.132840871810913
        },
        "tail": {
          "x": 0.29466840624809265,
          "y": -0.3968222737312317,
          "z": 1.1125290393829346
        },
        "rotation_quaternion": {
          "w": 0.08109401911497116,
          "x": -0.6381620168685913,
          "y": 0.6719093322753906,
          "z": -0.36702969670295715
        },
        "matrix": [
          [
            -0.17234264314174652,
            -0.7980455160140991,
            0.5774264335632324,
            0.3218327462673187
          ],
          [
            -0.9171029329299927,
            -0.08392535895109177,
            -0.38971593976020813,
            -0.39396554231643677
          ],
          [
            0.3594733476638794,
            -0.596728503704071,
            -0.7174314856529236,
            1.132840871810913
          ],
          [
            0.0,
            0.0,
            0.0,
            1.0
          ]
        ]
      },
      "bone_length_armature_space": 0.03403866662425746,
      "parent": "metacarpal_thumb_l",
      "has_children": true,
      "is_end_bone": false
    },
    "thumb_02_l": {
      "name": "thumb_02_l",
      "local": {
        "location": {
          "x": 0.0,
          "y": 0.0,
          "z": 0.0
        },
        "rotation_quaternion": {
          "w": 0.9960589408874512,
          "x": 0.08771036565303802,
          "y": 0.011905837804079056,
          "z": -0.005635344889014959
        },
        "scale": {
          "x": 1.0,
          "y": 1.0,
          "z": 1.0
        },
        "matrix_basis": [
          [
            0.9996529817581177,
            0.013314802199602127,
            0.02272927574813366,
            0.0
          ],
          [
            -0.009137740358710289,
            0.9845502972602844,
            -0.17486357688903809,
            0.0
          ],
          [
            -0.024706387892365456,
            0.1745952069759369,
            0.9843302965164185,
            0.0
          ],
          [
            0.0,
            0.0,
            0.0,
            1.0
          ]
        ],
        "rotation_mode": "QUATERNION"
      },
      "armature_space": {
        "head": {
          "x": 0.29466840624809265,
          "y": -0.46006619930267334,
          "z": 0.16267506778240204
        },
        "tail": {
          "x": 0.29465681314468384,
          "y": -0.4964410066604614,
          "z": 0.14564400911331177
        }
      },
      "world_space": {
        "head": {
          "x": 0.29466840624809265,
          "y": -0.3968222141265869,
          "z": 1.1125290393829346
        },
        "tail": {
          "x": 0.29465681314468384,
          "y": -0.433197021484375,
          "z": 1.0954980850219727
        },
        "rotation_quaternion": {
          "w": 0.11294877529144287,
          "x": -0.5081765651702881,
          "y": 0.18552280962467194,
          "z": -0.8334149718284607
        },
        "matrix": [
          [
            -0.4579988121986389,
            -0.0002882927656173706,
            0.8889527320861816,
            0.29466840624809265
          ],
          [
            -0.3768227696418762,
            -0.9056480526924133,
            -0.19443726539611816,
            -0.3968222141265869
          ],
          [
            0.8051397800445557,
            -0.42403358221054077,
            0.4146798253059387,
            1.1125290393829346
          ],
          [
            0.0,
            0.0,
            0.0,
            1.0
          ]
        ]
      },
      "bone_length_armature_space": 0.040164458077012445,
      "parent": "thumb_01_l",
      "has_children": true,
      "is_end_bone": false
    },
    "thumb_03_l": {
      "name": "thumb_03_l",
      "local": {
        "location": {
          "x": 0.0,
          "y": 0.0,
          "z": 0.0
        },
        "rotation_quaternion": {
          "w": 0.99809730052948,
          "x": 0.06120726466178894,
          "y": 0.0059958891943097115,
          "z": 0.00443196902051568
        },
        "scale": {
          "x": 1.0,
          "y": 1.0,
          "z": 1.0
        },
        "matrix_basis": [
          [
            0.9998888373374939,
            -0.008113089017570019,
            0.012511499226093292,
            0.0
          ],
          [
            0.009581056423485279,
            0.9924680590629578,
            -0.12212846428155899,
            0.0
          ],
          [
            -0.011426424607634544,
            0.1222347617149353,
            0.9924354553222656,
            0.0
          ],
          [
            0.0,
            0.0,
            0.0,
            1.0
          ]
        ],
        "rotation_mode": "QUATERNION"
      },
      "armature_space": {
        "head": {
          "x": 0.29465675354003906,
          "y": -0.4964410066604614,
          "z": 0.14564403891563416
        },
        "tail": {
          "x": 0.30665162205696106,
          "y": -0.522592306137085,
          "z": 0.13568787276744843
        }
      },
      "world_space": {
        "head": {
          "x": 0.29465675354003906,
          "y": -0.433197021484375,
          "z": 1.0954980850219727
        },
        "tail": {
          "x": 0.30665162205696106,
          "y": -0.45934832096099854,
          "z": 1.085541844367981
        },
        "rotation_quaternion": {
          "w": 0.24524058401584625,
          "x": -0.28417086601257324,
          "y": 0.10183808207511902,
          "z": -0.9212671518325806
        },
        "matrix": [
          [
            -0.718207597732544,
            0.39398619532585144,
            0.5735440850257874,
            0.29465675354003906
          ],
          [
            -0.5097429156303406,
            -0.8589720726013184,
            -0.04825817048549652,
            -0.433197021484375
          ],
          [
            0.4736480712890625,
            -0.3270225524902344,
            0.8177577257156372,
            1.0954980850219727
          ],
          [
            0.0,
            0.0,
            0.0,
            1.0
          ]
        ]
      },
      "bone_length_armature_space": 0.03044491079425538,
      "parent": "thumb_02_l",
      "has_children": false,
      "is_end_bone": true
    },
    "metacarpal_index_l": {
      "name": "metacarpal_index_l",
      "local": {
        "location": {
          "x": 0.0,
          "y": 0.0,
          "z": 0.0
        },
        "rotation_quaternion": {
          "w": 0.9997516870498657,
          "x": 0.014340421184897423,
          "y": 0.008772890083491802,
          "z": -0.014633980579674244
        },
        "scale": {
          "x": 1.0,
          "y": 1.0,
          "z": 1.0
        },
        "matrix_basis": [
          [
            0.999417781829834,
            0.029512306675314903,
            0.017121708020567894,
            0.0
          ],
          [
            -0.029009079560637474,
            0.9991604089736938,
            -0.028930485248565674,
            0.0
          ],
          [
            -0.017961138859391212,
            0.028416955843567848,
            0.999434769153595,
            0.0
          ],
          [
            0.0,
            0.0,
            0.0,
            1.0
          ]
        ],
        "rotation_mode": "QUATERNION"
      },
      "armature_space": {
        "head": {
          "x": 0.35493072867393494,
          "y": -0.4211809039115906,
          "z": 0.19073572754859924
        },
        "tail": {
          "x": 0.3070947229862213,
          "y": -0.52036052942276,
          "z": 0.15068116784095764
        }
      },
      "world_space": {
        "head": {
          "x": 0.35493072867393494,
          "y": -0.35793691873550415,
          "z": 1.140589714050293
        },
        "tail": {
          "x": 0.3070947229862213,
          "y": -0.4571165442466736,
          "z": 1.1005351543426514
        },
        "rotation_quaternion": {
          "w": 0.2664008140563965,
          "x": -0.7956787943840027,
          "y": 0.07620897144079208,
          "z": 0.5386261940002441
        },
        "matrix": [
          [
            0.40814873576164246,
            -0.4082554578781128,
            -0.8165427446365356,
            0.35493072867393494
          ],
          [
            0.16570433974266052,
            -0.8464466333389282,
            0.5060340166091919,
            -0.35793691873550415
          ],
          [
            -0.8977570533752441,
            -0.34184494614601135,
            -0.2778279781341553,
            1.140589714050293
          ],
          [
            0.0,
            0.0,
            0.0,
            1.0
          ]
        ]
      },
      "bone_length_armature_space": 0.11717188055532127,
      "parent": "lowerarm_l",
      "has_children": true,
      "is_end_bone": false
    },
    "index_01_l": {
      "name": "index_01_l",
      "local": {
        "location": {
          "x": 0.0,
          "y": 0.0,
          "z": 0.0
        },
        "rotation_quaternion": {
          "w": 0.9950312972068787,
          "x": -0.09816353023052216,
          "y": 0.009747274219989777,
          "z": 0.013481512665748596
        },
        "scale": {
          "x": 1.0,
          "y": 1.0,
          "z": 1.0
        },
        "matrix_basis": [
          [
            0.999446451663971,
            -0.028742708265781403,
            0.016750900074839592,
            0.0
          ],
          [
            0.02491540089249611,
            0.9803643226623535,
            0.19561438262462616,
            0.0
          ],
          [
            -0.02204447239637375,
            -0.19508875906467438,
            0.9805378317832947,
            0.0
          ],
          [
            0.0,
            0.0,
            0.0,
            1.0
          ]
        ],
        "rotation_mode": "QUATERNION"
      },
      "armature_space": {
        "head": {
          "x": 0.3070947229862213,
          "y": -0.52036052942276,
          "z": 0.15068116784095764
        },
        "tail": {
          "x": 0.30766257643699646,
          "y": -0.545279324054718,
          "z": 0.13683182001113892
        }
      },
      "world_space": {
        "head": {
          "x": 0.3070947229862213,
          "y": -0.4571165442466736,
          "z": 1.1005351543426514
        },
        "tail": {
          "x": 0.30766257643699646,
          "y": -0.4820353388786316,
          "z": 1.0866858959197998
        },
        "rotation_quaternion": {
          "w": 0.2161957025527954,
          "x": -0.8528926968574524,
          "y": -0.12770412862300873,
          "z": 0.4577392041683197
        },
        "matrix": [
          [
            0.5483332872390747,
            0.01991496980190277,
            -0.836022675037384,
            0.3070947229862213
          ],
          [
            0.41575831174850464,
            -0.8739027380943298,
            0.2518715262413025,
            -0.4571165442466736
          ],
          [
            -0.725591242313385,
            -0.4856970012187958,
            -0.4874729514122009,
            1.1005351543426514
          ],
          [
            0.0,
            0.0,
            0.0,
            1.0
          ]
        ]
      },
      "bone_length_armature_space": 0.028514439024905015,
      "parent": "metacarpal_index_l",
      "has_children": true,
      "is_end_bone": false
    },
    "index_02_l": {
      "name": "index_02_l",
      "local": {
        "location": {
          "x": 0.0,
          "y": 0.0,
          "z": 0.0
        },
        "rotation_quaternion": {
          "w": 0.999669075012207,
          "x": 0.025378920137882233,
          "y": -0.0041753388941287994,
          "z": 0.0004767696373164654
        },
        "scale": {
          "x": 1.0,
          "y": 1.0,
          "z": 1.0
        },
        "matrix_basis": [
          [
            0.9999646544456482,
            -0.001165154855698347,
            -0.008323714137077332,
            0.0
          ],
          [
            0.0007412925479002297,
            0.998711347579956,
            -0.050745025277137756,
            0.0
          ],
          [
            0.008372114039957523,
            0.050737060606479645,
            0.9986769556999207,
            0.0
          ],
          [
            0.0,
            0.0,
            0.0,
            1.0
          ]
        ],
        "rotation_mode": "QUATERNION"
      },
      "armature_space": {
        "head": {
          "x": 0.3076621890068054,
          "y": -0.5452796816825867,
          "z": 0.13683165609836578
        },
        "tail": {
          "x": 0.3082038462162018,
          "y": -0.5673002004623413,
          "z": 0.12368261069059372
        }
      },
      "world_space": {
        "head": {
          "x": 0.3076621890068054,
          "y": -0.48203569650650024,
          "z": 1.0866856575012207
        },
        "tail": {
          "x": 0.3082038462162018,
          "y": -0.5040562152862549,
          "z": 1.0735366344451904
        },
        "rotation_quaternion": {
          "w": 0.22388125956058502,
          "x": -0.8317855000495911,
          "y": -0.14381475746631622,
          "z": 0.48716267943382263
        },
        "matrix": [
          [
            0.48398011922836304,
            0.02111481875181198,
            -0.8748241662979126,
            0.3076621890068054
          ],
          [
            0.45737916231155396,
            -0.8583895564079285,
            0.23231831192970276,
            -0.48203569650650024
          ],
          [
            -0.7460394501686096,
            -0.5125679969787598,
            -0.4251038134098053,
            1.0866856575012207
          ],
          [
            0.0,
            0.0,
            0.0,
            1.0
          ]
        ]
      },
      "bone_length_armature_space": 0.02565334384291234,
      "parent": "index_01_l",
      "has_children": true,
      "is_end_bone": false
    },
    "index_03_l": {
      "name": "index_03_l",
      "local": {
        "location": {
          "x": 0.0,
          "y": 0.0,
          "z": 0.0
        },
        "rotation_quaternion": {
          "w": 0.9983457326889038,
          "x": 0.05660199746489525,
          "y": 0.009990446269512177,
          "z": -0.0014820359647274017
        },
        "scale": {
          "x": 1.0,
          "y": 1.0,
          "z": 1.0
        },
        "matrix_basis": [
          [
            0.9997959733009338,
            0.004090127069503069,
            0.01978006586432457,
            0.0
          ],
          [
            -0.0018282100791111588,
            0.9935880303382874,
            -0.11304634064435959,
            0.0
          ],
          [
            -0.02011561207473278,
            0.11298711597919464,
            0.993392825126648,
            0.0
          ],
          [
            0.0,
            0.0,
            0.0,
            1.0
          ]
        ],
        "rotation_mode": "QUATERNION"
      },
      "armature_space": {
        "head": {
          "x": 0.30820396542549133,
          "y": -0.5673002600669861,
          "z": 0.12368269264698029
        },
        "tail": {
          "x": 0.30514761805534363,
          "y": -0.5890305042266846,
          "z": 0.10439043492078781
        }
      },
      "world_space": {
        "head": {
          "x": 0.30820396542549133,
          "y": -0.5040562748908997,
          "z": 1.07353675365448
        },
        "tail": {
          "x": 0.30514761805534363,
          "y": -0.5257865190505981,
          "z": 1.0542443990707397
        },
        "rotation_quaternion": {
          "w": 0.3364943861961365,
          "x": -0.8170471787452698,
          "y": -0.12213199585676193,
          "z": 0.45198360085487366
        },
        "matrix": [
          [
            0.5615899562835693,
            -0.10460295528173447,
            -0.8207769393920898,
            0.30820396542549133
          ],
          [
            0.5037546753883362,
            -0.7437115907669067,
            0.43945929408073425,
            -0.5040562748908997
          ],
          [
            -0.6563943028450012,
            -0.6602713465690613,
            -0.36496901512145996,
            1.07353675365448
          ],
          [
            0.0,
            0.0,
            0.0,
            1.0
          ]
        ]
      },
      "bone_length_armature_space": 0.029218760908698807,
      "parent": "index_02_l",
      "has_children": false,
      "is_end_bone": true
    },
    "metacarpal_pinky_l": {
      "name": "metacarpal_pinky_l",
      "local": {
        "location": {
          "x": 0.0,
          "y": 0.0,
          "z": 0.0
        },
        "rotation_quaternion": {
          "w": 0.9988240003585815,
          "x": 0.04745684564113617,
          "y": 0.00817271787673235,
          "z": -0.005644247401505709
        },
        "scale": {
          "x": 1.0,
          "y": 1.0,
          "z": 1.0
        },
        "matrix_basis": [
          [
            0.9998027086257935,
            0.012050922028720379,
            0.01579049788415432,
            0.0
          ],
          [
            -0.010499516502022743,
            0.9954319596290588,
            -0.09489432722330093,
            0.0
          ],
          [
            -0.0168619304895401,
            0.09470981359481812,
            0.9953621029853821,
            0.0
          ],
          [
            0.0,
            0.0,
            0.0,
            1.0
          ]
        ],
        "rotation_mode": "QUATERNION"
      },
      "armature_space": {
        "head": {
          "x": 0.35493072867393494,
          "y": -0.4211809039115906,
          "z": 0.19073572754859924
        },
        "tail": {
          "x": 0.3722137212753296,
          "y": -0.510945737361908,
          "z": 0.14086762070655823
        }
      },
      "world_space": {
        "head": {
          "x": 0.35493072867393494,
          "y": -0.35793691873550415,
          "z": 1.140589714050293
        },
        "tail": {
          "x": 0.3722137212753296,
          "y": -0.44770175218582153,
          "z": 1.090721607208252
        },
        "rotation_quaternion": {
          "w": 0.10484733432531357,
          "x": -0.07424942404031754,
          "y": 0.24080558121204376,
          "z": -0.9620326161384583
        },
        "matrix": [
          [
            -0.9669880867004395,
            0.16597382724285126,
            0.19335660338401794,
            0.35493072867393494
          ],
          [
            -0.23749275505542755,
            -0.8620396852493286,
            -0.4477554261684418,
            -0.35793691873550415
          ],
          [
            0.0923658236861229,
            -0.4788989722728729,
            0.8730052709579468,
            1.140589714050293
          ],
          [
            0.0,
            0.0,
            0.0,
            1.0
          ]
        ]
      },
      "bone_length_armature_space": 0.10413095346633658,
      "parent": "lowerarm_l",
      "has_children": true,
      "is_end_bone": false
    },
    "pinky_01_l": {
      "name": "pinky_01_l",
      "local": {
        "location": {
          "x": 0.0,
          "y": 0.0,
          "z": 0.0
        },
        "rotation_quaternion": {
          "w": 0.9692198038101196,
          "x": 0.2459958791732788,
          "y": -0.0004295199760235846,
          "z": -0.00994542334228754
        },
        "scale": {
          "x": 1.0,
          "y": 1.0,
          "z": 1.0
        },
        "matrix_basis": [
          [
            0.9998018145561218,
            0.01906728185713291,
            -0.005725665017962456,
            0.0
          ],
          [
            -0.019489923492074013,
            0.8787742257118225,
            -0.4768396019935608,
            0.0
          ],
          [
            -0.004060467705130577,
            0.47685670852661133,
            0.8789716958999634,
            0.0
          ],
          [
            0.0,
            0.0,
            0.0,
            1.0
          ]
        ],
        "rotation_mode": "QUATERNION"
      },
      "armature_space": {
        "head": {
          "x": 0.3722137212753296,
          "y": -0.510945737361908,
