{
  "metadata": {
    "armature_name": "KIM_caucasian_male",
    "export_time": "2026-01-13T21:05:16.960030",
    "blender_version": "4.4.1",
    "bone_count": 56,
    "end_bone_count": 13,
    "spaces_included": [
      "LOCAL_CHANNELS",
      "ARMATURE_SPACE",
      "WORLD_SPACE"
    ],
    "note": "LOCAL matches Transform panel; replay pose via local.matrix_basis for best fidelity."
  },
  "bones": {
    "Root": {
      "name": "Root",
      "local": {
        "location": {
          "x": 0.0,
          "y": 0.0,
          "z": 0.0
        },
        "rotation_quaternion": {
          "w": 0.9998360872268677,
          "x": 0.0007321416051127017,
          "y": -0.017251158133149147,
          "z": 0.005446076393127441
        },
        "scale": {
          "x": 1.0,
          "y": 1.0,
          "z": 1.0
        },
        "matrix_basis": [
          [
            0.9993454813957214,
            -0.01091562770307064,
            -0.03448868542909622,
            0.0
          ],
          [
            0.01086510717868805,
            0.9999396204948425,
            -0.0016519454075023532,
            0.0
          ],
          [
            0.034504637122154236,
            0.0012761409161612391,
            0.999403715133667,
            0.0
          ],
          [
            0.0,
            0.0,
            0.0,
            1.0
          ]
        ],
        "rotation_mode": "QUATERNION"
      },
      "armature_space": {
        "head": {
          "x": 0.0,
          "y": 0.07072800397872925,
          "z": -0.009595036506652832
        },
        "tail": {
          "x": -0.000779112393502146,
          "y": -7.972121238708496e-06,
          "z": -9.084027260541916e-05
        }
      },
      "world_space": {
        "head": {
          "x": 0.0,
          "y": 0.13397200405597687,
          "z": 0.9402589797973633
        },
        "tail": {
          "x": -0.000779112393502146,
          "y": 0.06323602795600891,
          "z": 0.9497631788253784
        },
        "rotation_quaternion": {
          "w": 0.06662613153457642,
          "x": 0.9976139664649963,
          "y": -0.006595877930521965,
          "z": -0.01684507727622986
        },
        "matrix": [
          [
            0.9993454813957214,
            -0.01091562770307064,
            -0.03448868542909622,
            0.0
          ],
          [
            -0.01540493406355381,
            -0.9910348653793335,
            -0.13271258771419525,
            0.13397200405597687
          ],
          [
            -0.03273109346628189,
            0.13315699994564056,
            -0.9905614256858826,
            0.9402589797973633
          ],
          [
            0.0,
            0.0,
            0.0,
            1.0
          ]
        ]
      },
      "bone_length_armature_space": 0.07137587308849737,
      "parent": null,
      "has_children": true,
      "is_end_bone": false
    },
    "spine_01": {
      "name": "spine_01",
      "local": {
        "location": {
          "x": 0.0,
          "y": 0.0,
          "z": 0.0
        },
        "rotation_quaternion": {
          "w": 0.9971305131912231,
          "x": 0.029469428583979607,
          "y": 0.040673647075891495,
          "z": 0.05664047226309776
        },
        "scale": {
          "x": 1.0,
          "y": 1.0,
          "z": 1.0
        },
        "matrix_basis": [
          [
            0.9902750253677368,
            -0.11055862903594971,
            0.08445219695568085,
            0.0
          ],
          [
            0.11535314470529556,
            0.9918467998504639,
            -0.05416218191385269,
            0.0
          ],
          [
            -0.07777554541826248,
            0.06337728351354599,
            0.9949544072151184,
            0.0
          ],
          [
            0.0,
            0.0,
            0.0,
            1.0
          ]
        ],
        "rotation_mode": "QUATERNION"
      },
      "armature_space": {
        "head": {
          "x": -0.000779112393502146,
          "y": -7.972121238708496e-06,
          "z": -9.084027260541916e-05
        },
        "tail": {
          "x": -0.03896286338567734,
          "y": -0.008280356414616108,
          "z": 0.48634734749794006
        }
      },
      "world_space": {
        "head": {
          "x": -0.000779112393502146,
          "y": 0.06323602795600891,
          "z": 0.9497631788253784
        },
        "tail": {
          "x": -0.03896286338567734,
          "y": 0.054963644593954086,
          "z": 1.4362013339996338
        },
        "rotation_quaternion": {
          "w": 0.7010777592658997,
          "x": 0.7111753225326538,
          "y": -0.0037330358754843473,
          "z": 0.05201670527458191
        },
        "matrix": [
          [
            0.994560718536377,
            -0.07824520021677017,
            0.06875111907720566,
            -0.000779112393502146
          ],
          [
            0.06762528419494629,
            -0.016951564699411392,
            -0.997566819190979,
            0.06323602795600891
          ],
          [
            0.07922086864709854,
            0.9967970252037048,
            -0.011569023132324219,
            0.9497631788253784
          ],
          [
            0.0,
            0.0,
            0.0,
            1.0
          ]
        ]
      },
      "bone_length_armature_space": 0.48800465299269974,
      "parent": "Root",
      "has_children": true,
      "is_end_bone": false
    },
    "neck_01": {
      "name": "neck_01",
      "local": {
        "location": {
          "x": 0.0,
          "y": 0.0,
          "z": 0.0
        },
        "rotation_quaternion": {
          "w": 0.9953726530075073,
          "x": -0.06334330886602402,
          "y": 0.06377533078193665,
          "z": -0.03396778181195259
        },
        "scale": {
          "x": 1.0,
          "y": 1.0,
          "z": 1.0
        },
        "matrix_basis": [
          [
            0.9895578026771545,
            0.059541720896959305,
            0.13126370310783386,
            0.0
          ],
          [
            -0.07570068538188934,
            0.9896676540374756,
            0.12176778167486191,
            0.0
          ],
          [
            -0.1226571798324585,
            -0.13043300807476044,
            0.9838406443595886,
            0.0
          ],
          [
            0.0,
            0.0,
            0.0,
            1.0
          ]
        ],
        "rotation_mode": "QUATERNION"
      },
      "armature_space": {
        "head": {
          "x": -0.0423075407743454,
          "y": -0.044117581099271774,
          "z": 0.5589300990104675
        },
        "tail": {
          "x": -0.04215386137366295,
          "y": -0.07150229811668396,
          "z": 0.6577268838882446
        }
      },
      "world_space": {
        "head": {
          "x": -0.0423075407743454,
          "y": 0.019126418977975845,
          "z": 1.5087840557098389
        },
        "tail": {
          "x": -0.04215386137366295,
          "y": -0.00825829803943634,
          "z": 1.6075809001922607
        },
        "rotation_quaternion": {
          "w": 0.6017299294471741,
          "x": 0.7913421988487244,
          "y": 0.06606578081846237,
          "z": 0.08563840389251709
        },
        "matrix": [
          [
            0.9766028523445129,
            0.0014990046620368958,
            0.21504589915275574,
            -0.0423075407743454
          ],
          [
            0.20762355625629425,
            -0.2671123743057251,
            -0.9410333037376404,
            0.019126418977975845
          ],
          [
            0.05603139474987984,
            0.9636707901954651,
            -0.2611766457557678,
            1.5087840557098389
          ],
          [
            0.0,
            0.0,
            0.0,
            1.0
          ]
        ]
      },
      "bone_length_armature_space": 0.10252195276358177,
      "parent": "spine_01",
      "has_children": true,
      "is_end_bone": false
    },
    "head": {
      "name": "head",
      "local": {
        "location": {
          "x": 0.0,
          "y": 0.0,
          "z": 0.0
        },
        "rotation_quaternion": {
          "w": 0.9967648983001709,
          "x": 0.03352757543325424,
          "y": 0.07304086536169052,
          "z": -0.0008754595764912665
        },
        "scale": {
          "x": 1.0,
          "y": 1.0,
          "z": 1.0
        },
        "matrix_basis": [
          [
            0.9893285036087036,
            0.006643021013587713,
            0.1455504447221756,
            0.0
          ],
          [
            0.0031525115482509136,
            0.9977502822875977,
            -0.06696610897779465,
            0.0
          ],
          [
            -0.14566785097122192,
            0.06671033054590225,
            0.9870818853378296,
            0.0
          ],
          [
            0.0,
            0.0,
            0.0,
            1.0
          ]
        ],
        "rotation_mode": "QUATERNION"
      },
      "armature_space": {
        "head": {
          "x": -0.04215382784605026,
          "y": -0.07150242477655411,
          "z": 0.6577267646789551
        },
        "tail": {
          "x": -0.05100596323609352,
          "y": -0.06729228049516678,
          "z": 0.8125079870223999
        }
      },
      "world_space": {
        "head": {
          "x": -0.04215382784605026,
          "y": -0.008258424699306488,
          "z": 1.6075807809829712
        },
        "tail": {
          "x": -0.05100596323609352,
          "y": -0.004048280417919159,
          "z": 1.762362003326416
        },
        "rotation_quaternion": {
          "w": 0.7088562250137329,
          "x": 0.6828888654708862,
          "y": 0.10533687472343445,
          "z": 0.14173826575279236
        },
        "matrix": [
          [
            0.9376287460327148,
            -0.057077325880527496,
            0.34292083978652954,
            -0.04215382784605026
          ],
          [
            0.3448113203048706,
            0.027146436274051666,
            -0.9382795691490173,
            -0.008258424699306488
          ],
          [
            0.04424602910876274,
            0.9980078935623169,
            0.045133594423532486,
            1.6075807809829712
          ],
          [
            0.0,
            0.0,
            0.0,
            1.0
          ]
        ]
      },
      "bone_length_armature_space": 0.1550913022808796,
      "parent": "neck_01",
      "has_children": false,
      "is_end_bone": true
    },
    "upperarm_l": {
      "name": "upperarm_l",
      "local": {
        "location": {
          "x": 0.0,
          "y": 0.0,
          "z": 0.0
        },
        "rotation_quaternion": {
          "w": 0.9486076831817627,
          "x": 0.05678055062890053,
          "y": 0.02000819519162178,
          "z": 0.3106754422187805
        },
        "scale": {
          "x": 1.0,
          "y": 1.0,
          "z": 1.0
        },
        "matrix_basis": [
          [
            0.8061608672142029,
            -0.5871460437774658,
            0.0732405036687851,
            0.0
          ],
          [
            0.5916903614997864,
            0.800513505935669,
            -0.0952928215265274,
            0.0
          ],
          [
            -0.0026792099233716726,
            0.12015704065561295,
            0.9927513003349304,
            0.0
          ],
          [
            0.0,
            0.0,
            0.0,
            1.0
          ]
        ],
        "rotation_mode": "QUATERNION"
      },
      "armature_space": {
        "head": {
          "x": 0.11235450953245163,
          "y": -0.03601587936282158,
          "z": 0.5037838220596313
        },
        "tail": {
          "x": 0.320320725440979,
          "y": -0.05123266577720642,
          "z": 0.672088623046875
        }
      },
      "world_space": {
        "head": {
          "x": 0.11235450953245163,
          "y": 0.02722812071442604,
          "z": 1.4536378383636475
        },
        "tail": {
          "x": 0.320320725440979,
          "y": 0.012011334300041199,
          "z": 1.6219426393508911
        },
        "rotation_quaternion": {
          "w": 0.6045768857002258,
          "x": 0.6705822944641113,
          "y": 0.3257211744785309,
          "z": -0.28055644035339355
        },
        "matrix": [
          [
            0.6303872466087341,
            0.776081919670105,
            0.017576105892658234,
            0.11235450953245163
          ],
          [
            0.09761284291744232,
            -0.05678553879261017,
            -0.9936032295227051,
            0.02722812071442604
          ],
          [
            -0.7701246738433838,
            0.6280746459960938,
            -0.11155413836240768,
            1.4536378383636475
          ],
          [
            0.0,
            0.0,
            0.0,
            1.0
          ]
        ]
      },
      "bone_length_armature_space": 0.26797014524357093,
      "parent": "spine_01",
      "has_children": true,
      "is_end_bone": false
    },
    "lowerarm_l": {
      "name": "lowerarm_l",
      "local": {
        "location": {
          "x": 0.0,
          "y": 0.0,
          "z": 0.0
        },
        "rotation_quaternion": {
          "w": 0.9134941101074219,
          "x": 0.25630253553390503,
          "y": -0.24272415041923523,
          "z": 0.20229315757751465
        },
        "scale": {
          "x": 1.0,
          "y": 1.0,
          "z": 1.0
        },
        "matrix_basis": [
          [
            0.8003249168395996,
            -0.4940088391304016,
            -0.33975765109062195,
            0.0
          ],
          [
            0.24516558647155762,
            0.7867729663848877,
            -0.5664646029472351,
            0.0
          ],
          [
            0.5471506714820862,
            0.3700588345527649,
            0.7507879734039307,
            0.0
          ],
          [
            0.0,
            0.0,
            0.0,
            1.0
          ]
        ],
        "rotation_mode": "QUATERNION"
      },
      "armature_space": {
        "head": {
          "x": 0.320320725440979,
          "y": -0.05123273655772209,
          "z": 0.6720887422561646
        },
        "tail": {
          "x": 0.3686099648475647,
          "y": -0.1794297993183136,
          "z": 0.9018793106079102
        }
      },
      "world_space": {
        "head": {
          "x": 0.320320725440979,
          "y": 0.012011263519525528,
          "z": 1.6219427585601807
        },
        "tail": {
          "x": 0.3686099648475647,
          "y": -0.11618579924106598,
          "z": 1.8517333269119263
        },
        "rotation_quaternion": {
          "w": 0.48906195163726807,
          "x": 0.7561078071594238,
          "y": -0.14567096531391144,
          "z": -0.40975531935691833
        },
        "matrix": [
          [
            0.6217625141143799,
            0.18050403892993927,
            -0.762121856212616,
            0.320320725440979
          ],
          [
            -0.6210766434669495,
            -0.4791974723339081,
            -0.6201885342597961,
            0.012011263519525528
          ],
          [
            -0.4771573543548584,
            0.8589514493942261,
            -0.18584191799163818,
            1.6219427585601807
          ],
          [
            0.0,
            0.0,
            0.0,
            1.0
          ]
        ]
      },
      "bone_length_armature_space": 0.2675257783001485,
      "parent": "upperarm_l",
      "has_children": true,
      "is_end_bone": false
    },
    "metacarpal_thumb_l": {
      "name": "metacarpal_thumb_l",
      "local": {
        "location": {
          "x": 0.0,
          "y": 0.0,
          "z": 0.0
        },
        "rotation_quaternion": {
          "w": 0.9997752904891968,
          "x": -0.003028069157153368,
          "y": -0.007049771025776863,
          "z": 0.01976136676967144
        },
        "scale": {
          "x": 1.0,
          "y": 1.0,
          "z": 1.0
        },
        "matrix_basis": [
          [
            0.9991195797920227,
            -0.039471156895160675,
            -0.014216051436960697,
            0.0
          ],
          [
            0.03955654799938202,
            0.9992006421089172,
            0.005776151083409786,
            0.0
          ],
          [
            0.013976695947349072,
            -0.006333403754979372,
            0.9998822808265686,
            0.0
          ],
          [
            0.0,
            0.0,
            0.0,
            1.0
          ]
        ],
        "rotation_mode": "QUATERNION"
      },
      "armature_space": {
        "head": {
          "x": 0.3686099648475647,
          "y": -0.1794297993183136,
          "z": 0.9018793106079102
        },
        "tail": {
          "x": 0.3573985993862152,
          "y": -0.22196915745735168,
          "z": 0.9246454238891602
        }
      },
      "world_space": {
        "head": {
          "x": 0.3686099648475647,
          "y": -0.11618579924106598,
          "z": 1.8517333269119263
        },
        "tail": {
          "x": 0.3573985993862152,
          "y": -0.15872515738010406,
          "z": 1.8744994401931763
        },
        "rotation_quaternion": {
          "w": 0.26451948285102844,
          "x": 0.9012605547904968,
          "y": -0.025120768696069717,
          "z": 0.3422396779060364
        },
        "matrix": [
          [
            0.7644822597503662,
            -0.22633856534957886,
            0.6036039590835571,
            0.3686099648475647
          ],
          [
            0.1357773095369339,
            -0.8587968945503235,
            -0.49399641156196594,
            -0.11618579924106598
          ],
          [
            0.6301881074905396,
            0.4596094489097595,
            -0.6258082985877991,
            1.8517333269119263
          ],
          [
            0.0,
            0.0,
            0.0,
            1.0
          ]
        ]
      },
      "bone_length_armature_space": 0.04953370209953775,
      "parent": "lowerarm_l",
      "has_children": true,
      "is_end_bone": false
    },
    "thumb_01_l": {
      "name": "thumb_01_l",
      "local": {
        "location": {
          "x": 0.0,
          "y": 0.0,
          "z": 0.0
        },
        "rotation_quaternion": {
          "w": 0.9991891980171204,
          "x": 0.03673730418086052,
          "y": -0.0016603914555162191,
          "z": -0.016388431191444397
        },
        "scale": {
          "x": 1.0,
          "y": 1.0,
          "z": 1.0
        },
        "matrix_basis": [
          [
            0.9994572997093201,
            0.032628290355205536,
            -0.004522223956882954,
            0.0
          ],
          [
            -0.0328722819685936,
            0.9967635869979858,
            -0.0733606144785881,
            0.0
          ],
          [
            0.002113956958055496,
            0.07346946001052856,
            0.9972952008247375,
            0.0
          ],
          [
            0.0,
            0.0,
            0.0,
            1.0
          ]
        ],
        "rotation_mode": "QUATERNION"
      },
      "armature_space": {
        "head": {
          "x": 0.3573985993862152,
          "y": -0.22196915745735168,
          "z": 0.9246454238891602
        },
        "tail": {
          "x": 0.3657167851924896,
          "y": -0.2544849216938019,
          "z": 0.9189745783805847
        }
      },
      "world_space": {
        "head": {
          "x": 0.3573985993862152,
          "y": -0.15872515738010406,
          "z": 1.8744994401931763
        },
        "tail": {
          "x": 0.3657167851924896,
          "y": -0.19124092161655426,
          "z": 1.868828535079956
        },
        "rotation_quaternion": {
          "w": 0.14802898466587067,
          "x": -0.4345579147338867,
          "y": 0.02136227674782276,
          "z": -0.8881388902664185
        },
        "matrix": [
          [
            -0.5784935355186462,
            0.24437543749809265,
            0.7782196402549744,
            0.3573985993862152
          ],
          [
            -0.28150680661201477,
            -0.9552621841430664,
            0.09071047604084015,
            -0.15872515738010406
          ],
          [
            0.7655761241912842,
            -0.16660095751285553,
            0.6214107275009155,
            1.8744994401931763
          ],
          [
            0.0,
            0.0,
            0.0,
            1.0
          ]
        ]
      },
      "bone_length_armature_space": 0.03403858955189542,
      "parent": "metacarpal_thumb_l",
      "has_children": true,
      "is_end_bone": false
    },
    "thumb_02_l": {
      "name": "thumb_02_l",
      "local": {
        "location": {
          "x": 0.0,
          "y": 0.0,
          "z": 0.0
        },
        "rotation_quaternion": {
          "w": 0.9942184686660767,
          "x": 0.10713458061218262,
          "y": -0.001033515203744173,
          "z": 0.007120720576494932
        },
        "scale": {
          "x": 1.0,
          "y": 1.0,
          "z": 1.0
        },
        "matrix_basis": [
          [
            0.9998964667320251,
            -0.014380554668605328,
            -0.0005293290014378726,
            0.0
          ],
          [
            0.013937653042376041,
            0.9769429564476013,
            -0.21304507553577423,
            0.0
          ],
          [
            0.0035808305256068707,
            0.21301564574241638,
            0.9770421981811523,
            0.0
          ],
          [
            0.0,
            0.0,
            0.0,
            1.0
          ]
        ],
        "rotation_mode": "QUATERNION"
      },
      "armature_space": {
        "head": {
          "x": 0.3657167851924896,
          "y": -0.2544848918914795,
          "z": 0.9189745187759399
        },
        "tail": {
          "x": 0.3746744692325592,
          "y": -0.27080512046813965,
          "z": 0.9545639157295227
        }
      },
      "world_space": {
        "head": {
          "x": 0.3657167851924896,
          "y": -0.19124089181423187,
          "z": 1.868828535079956
        },
        "tail": {
          "x": 0.3746744692325592,
          "y": -0.20756112039089203,
          "z": 1.9044179916381836
        },
        "rotation_quaternion": {
          "w": 0.11894683539867401,
          "x": -0.022202221676707268,
          "y": -0.5316800475120544,
          "z": -0.8382571339607239
        },
        "matrix": [
          [
            -0.9707173109054565,
            0.22302524745464325,
            -0.08926193416118622,
            0.3657167851924896
          ],
          [
            -0.17580801248550415,
            -0.40633532404899597,
            0.8966511487960815,
            -0.19124089181423187
          ],
          [
            0.1637064814567566,
            0.8860933780670166,
            0.43365034461021423,
            1.868828535079956
          ],
          [
            0.0,
            0.0,
            0.0,
            1.0
          ]
        ]
      },
      "bone_length_armature_space": 0.04016460132694244,
      "parent": "thumb_01_l",
      "has_children": true,
      "is_end_bone": false
    },
    "thumb_03_l": {
      "name": "thumb_03_l",
      "local": {
        "location": {
          "x": 0.0,
          "y": 0.0,
          "z": 0.0
        },
        "rotation_quaternion": {
          "w": 0.9975383281707764,
          "x": 0.07002870738506317,
          "y": 0.0036445497535169125,
          "z": -4.7468929551541805e-06
        },
        "scale": {
          "x": 1.0,
          "y": 1.0,
          "z": 1.0
        },
        "matrix_basis": [
          [
            0.9999734163284302,
            0.0005199166480451822,
            0.00727049121633172,
            0.0
          ],
          [
            0.000500975816976279,
            0.9901919364929199,
            -0.13971267640590668,
            0.0
          ],
          [
            -0.007271821144968271,
            0.1397126019001007,
            0.9901654124259949,
            0.0
          ],
          [
            0.0,
            0.0,
            0.0,
            1.0
          ]
        ],
        "rotation_mode": "QUATERNION"
      },
      "armature_space": {
        "head": {
          "x": 0.37467440962791443,
          "y": -0.27080515027046204,
          "z": 0.9545639157295227
        },
        "tail": {
          "x": 0.3829103112220764,
          "y": -0.2707856297492981,
          "z": 0.9838738441467285
        }
      },
      "world_space": {
        "head": {
          "x": 0.37467440962791443,
          "y": -0.20756115019321442,
          "z": 1.9044179916381836
        },
        "tail": {
          "x": 0.3829103112220764,
          "y": -0.20754162967205048,
          "z": 1.9337278604507446
        },
        "rotation_quaternion": {
          "w": 0.30056214332580566,
          "x": 0.11606888473033905,
          "y": -0.6402989625930786,
          "z": -0.697286069393158
        },
        "matrix": [
          [
            -0.7923798561096191,
            0.2705182731151581,
            -0.546766996383667,
            0.37467440962791443
          ],
          [
            -0.5677943825721741,
            0.0006414130330085754,
            0.8231703042984009,
            -0.20756115019321442
          ],
          [
            0.22303417325019836,
            0.9627212882041931,
            0.15309247374534607,
            1.9044179916381836
          ],
          [
            0.0,
            0.0,
            0.0,
            1.0
          ]
        ]
      },
      "bone_length_armature_space": 0.030445071318395595,
      "parent": "thumb_02_l",
      "has_children": false,
      "is_end_bone": true
    },
    "metacarpal_index_l": {
      "name": "metacarpal_index_l",
      "local": {
        "location": {
          "x": 0.0,
          "y": 0.0,
          "z": 0.0
        },
        "rotation_quaternion": {
          "w": 0.9996337890625,
          "x": -0.01887304149568081,
          "y": -0.008743921294808388,
          "z": 0.017309103161096573
        },
        "scale": {
          "x": 1.0,
          "y": 1.0,
          "z": 1.0
        },
        "matrix_basis": [
          [
            0.9992478489875793,
            -0.03427547961473465,
            -0.018134789541363716,
            0.0
          ],
          [
            0.03493557870388031,
            0.9986883997917175,
            0.0374295599758625,
            0.0
          ],
          [
            0.016828088089823723,
            -0.03803496062755585,
            0.9991347193717957,
            0.0
          ],
          [
            0.0,
            0.0,
            0.0,
            1.0
          ]
        ],
        "rotation_mode": "QUATERNION"
      },
      "armature_space": {
        "head": {
          "x": 0.3686099648475647,
          "y": -0.1794297993183136,
          "z": 0.9018793106079102
        },
        "tail": {
          "x": 0.36092638969421387,
          "y": -0.2553554177284241,
          "z": 0.9907926321029663
        }
      },
      "world_space": {
        "head": {
          "x": 0.3686099648475647,
          "y": -0.11618579924106598,
          "z": 1.8517333269119263
        },
        "tail": {
          "x": 0.36092638969421387,
          "y": -0.19211141765117645,
          "z": 1.9406466484069824
        },
        "rotation_quaternion": {
          "w": 0.4188787043094635,
          "x": 0.9073212742805481,
          "y": -0.023399611935019493,
          "z": 0.027589621022343636
        },
        "matrix": [
          [
            0.9973825812339783,
            -0.06557541340589523,
            0.030461950227618217,
            0.3686099648475647
          ],
          [
            -0.019348682835698128,
            -0.6479858160018921,
            -0.7614067196846008,
            -0.11618579924106598
          ],
          [
            0.06966875493526459,
            0.7588289380073547,
            -0.6475637555122375,
            1.8517333269119263
          ],
          [
            0.0,
            0.0,
            0.0,
            1.0
          ]
        ]
      },
      "bone_length_armature_space": 0.11717216410288489,
      "parent": "lowerarm_l",
      "has_children": true,
      "is_end_bone": false
    },
    "index_01_l": {
      "name": "index_01_l",
      "local": {
        "location": {
          "x": 0.0,
          "y": 0.0,
          "z": 0.0
        },
        "rotation_quaternion": {
          "w": 0.9987102746963501,
          "x": -0.04755477234721184,
          "y": -0.013953864574432373,
          "z": -0.011029339395463467
        },
        "scale": {
          "x": 1.0,
          "y": 1.0,
          "z": 1.0
        },
        "matrix_basis": [
          [
            0.9993672966957092,
            0.023357374593615532,
            -0.026822740212082863,
            0.0
          ],
          [
            -0.020703082904219627,
            0.9952337741851807,
            0.09529468417167664,
            0.0
          ],
          [
            0.02892073057591915,
            -0.09467907249927521,
            0.9950876832008362,
            0.0
          ],
          [
            0.0,
            0.0,
            0.0,
            1.0
          ]
        ],
        "rotation_mode": "QUATERNION"
      },
      "armature_space": {
        "head": {
          "x": 0.36092638969421387,
          "y": -0.2553554177284241,
          "z": 0.9907926321029663
        },
        "tail": {
          "x": 0.36924484372138977,
          "y": -0.26736417412757874,
          "z": 1.015280842781067
        }
      },
      "world_space": {
        "head": {
          "x": 0.36092638969421387,
          "y": -0.19211141765117645,
          "z": 1.9406466484069824
        },
        "tail": {
          "x": 0.36924484372138977,
          "y": -0.20412017405033112,
          "z": 1.965134859085083
        },
        "rotation_quaternion": {
          "w": 0.5176213383674622,
          "x": 0.8418397903442383,
          "y": 0.14660952985286713,
          "z": -0.04335704818367958
        },
        "matrix": [
          [
            0.9532514810562134,
            0.2917287349700928,
            0.07877838611602783,
            0.36092638969421387
          ],
          [
            0.20195956528186798,
            -0.42114725708961487,
            -0.8842214345932007,
            -0.19211141765117645
          ],
          [
            -0.22477702796459198,
            0.8588008284568787,
            -0.4603806138038635,
            1.9406466484069824
          ],
          [
            0.0,
            0.0,
            0.0,
            1.0
          ]
        ]
      },
      "bone_length_armature_space": 0.02851454629372385,
      "parent": "metacarpal_index_l",
      "has_children": true,
      "is_end_bone": false
    },
    "index_02_l": {
      "name": "index_02_l",
      "local": {
        "location": {
          "x": 0.0,
          "y": 0.0,
          "z": 0.0
        },
        "rotation_quaternion": {
          "w": 0.9864032864570618,
          "x": 0.1637943685054779,
          "y": -0.011548049747943878,
          "z": 0.0068399785086512566
        },
        "scale": {
          "x": 1.0,
          "y": 1.0,
          "z": 1.0
        },
        "matrix_basis": [
          [
            0.9996396899223328,
            -0.017276965081691742,
            -0.020541368052363396,
            0.0
          ],
          [
            0.009710943326354027,
            0.94624924659729,
            -0.3232925832271576,
            0.0
          ],
          [
            0.02502276748418808,
            0.32297661900520325,
            0.9460760951042175,
            0.0
          ],
          [
            0.0,
            0.0,
            0.0,
            1.0
          ]
        ],
        "rotation_mode": "QUATERNION"
      },
      "armature_space": {
        "head": {
          "x": 0.3692447543144226,
          "y": -0.26736465096473694,
          "z": 1.015281081199646
        },
        "tail": {
          "x": 0.3767790198326111,
          "y": -0.284292995929718,
          "z": 1.0330225229263306
        }
      },
      "world_space": {
        "head": {
          "x": 0.3692447543144226,
          "y": -0.20412065088748932,
          "z": 1.965135097503662
        },
        "tail": {
          "x": 0.3767790198326111,
          "y": -0.2210489958524704,
          "z": 1.9828765392303467
        },
        "rotation_quaternion": {
          "w": 0.39552539587020874,
          "x": 0.9050241112709045,
          "y": 0.11667932569980621,
          "z": -0.1042928695678711
        },
        "matrix": [
          [
            0.9510179162025452,
            0.2936963438987732,
            -0.09647484868764877,
            0.3692447543144226
          ],
          [
            0.12869499623775482,
            -0.65989089012146,
            -0.7402579188346863,
            -0.20412065088748932
          ],
          [
            -0.28107592463493347,
            0.6915867328643799,
            -0.665370523929596,
            1.965135097503662
          ],
          [
            0.0,
            0.0,
            0.0,
            1.0
          ]
        ]
      },
      "bone_length_armature_space": 0.02565331866222116,
      "parent": "index_01_l",
      "has_children": true,
      "is_end_bone": false
    },
    "index_03_l": {
      "name": "index_03_l",
      "local": {
        "location": {
          "x": 0.0,
          "y": 0.0,
          "z": 0.0
        },
        "rotation_quaternion": {
          "w": 0.9745166301727295,
          "x": 0.22425477206707,
          "y": 0.0047463178634643555,
          "z": 0.002145960461348295
        },
        "scale": {
          "x": 1.0,
          "y": 1.0,
          "z": 1.0
        },
        "matrix_basis": [
          [
            0.9999457597732544,
            -0.002053779549896717,
            0.0102132149040699,
            0.0
          ],
          [
            0.006311316974461079,
            0.8994103670120239,
            -0.4370596408843994,
            0.0
          ],
          [
            -0.008288247510790825,
            0.4371003806591034,
            0.8993745446205139,
            0.0
          ],
          [
            0.0,
            0.0,
            0.0,
            1.0
          ]
        ],
        "rotation_mode": "QUATERNION"
      },
      "armature_space": {
        "head": {
          "x": 0.3767789900302887,
          "y": -0.28429287672042847,
          "z": 1.0330226421356201
        },
        "tail": {
          "x": 0.3856612741947174,
          "y": -0.3114014267921448,
          "z": 1.039344310760498
        }
      },
      "world_space": {
        "head": {
          "x": 0.3767789900302887,
          "y": -0.22104887664318085,
          "z": 1.9828766584396362
        },
        "tail": {
          "x": 0.3856612741947174,
          "y": -0.24815742671489716,
          "z": 1.9891983270645142
        },
        "rotation_quaternion": {
          "w": 0.1288588047027588,
          "x": 0.9739147424697876,
          "y": 0.13965848088264465,
          "z": -0.12402037531137466
        },
        "matrix": [
          [
            0.9302289485931396,
            0.30399325489997864,
            -0.20557774603366852,
            0.3767789900302887
          ],
          [
            0.2400686889886856,
            -0.9277817606925964,
            -0.2856365740299225,
            -0.22104887664318085
          ],
          [
            -0.2775647044181824,
            0.21635520458221436,
            -0.9360352754592896,
            1.9828766584396362
          ],
          [
            0.0,
            0.0,
            0.0,
            1.0
          ]
        ]
      },
      "bone_length_armature_space": 0.029218691448537726,
      "parent": "index_02_l",
      "has_children": false,
      "is_end_bone": true
    },
    "metacarpal_pinky_l": {
      "name": "metacarpal_pinky_l",
      "local": {
        "location": {
          "x": 0.0,
          "y": 0.0,
          "z": 0.0
        },
        "rotation_quaternion": {
          "w": 0.9982814788818359,
          "x": -0.058563489466905594,
          "y": -0.0011814302997663617,
          "z": 0.0017304050270467997
        },
        "scale": {
          "x": 1.0,
          "y": 1.0,
          "z": 1.0
        },
        "matrix_basis": [
          [
            0.999991238117218,
            -0.003316485323011875,
            -0.0025614770129323006,
            0.0
          ],
          [
            0.0035932399332523346,
            0.993134617805481,
            0.11692160367965698,
            0.0
          ],
          [
            0.0021561228204518557,
            -0.1169297844171524,
            0.9931378364562988,
            0.0
          ],
          [
            0.0,
            0.0,
            0.0,
            1.0
          ]
        ],
        "rotation_mode": "QUATERNION"
      },
      "armature_space": {
        "head": {
          "x": 0.3686099648475647,
          "y": -0.1794297993183136,
          "z": 0.9018793106079102
        },
        "tail": {
          "x": 0.42030033469200134,
          "y": -0.21206864714622498,
          "z": 0.9861770868301392
        }
      },
      "world_space": {
        "head": {
          "x": 0.3686099648475647,
          "y": -0.11618579924106598,
          "z": 1.8517333269119263
        },
        "tail": {
          "x": 0.42030033469200134,
          "y": -0.14882464706897736,
          "z": 1.9360311031341553
        },
        "rotation_quaternion": {
          "w": 0.4447953701019287,
          "x": 0.2487327754497528,
          "y": -0.3813609480857849,
          "z": -0.7712671756744385
        },
        "matrix": [
          [
            -0.4805767238140106,
            0.49639877676963806,
            -0.7229346036911011,
            0.3686099648475647
          ],
          [
            -0.8758269548416138,
            -0.3134409487247467,
            0.36699071526527405,
            -0.11618579924106598
          ],
          [
            -0.04442464932799339,
            0.809537947177887,
            0.5853962898254395,
            1.8517333269119263
          ],
          [
            0.0,
            0.0,
            0.0,
            1.0
          ]
        ]
      },
      "bone_length_armature_space": 0.10413118586417042,
      "parent": "lowerarm_l",
      "has_children": true,
      "is_end_bone": false
    },
    "pinky_01_l": {
      "name": "pinky_01_l",
      "local": {
        "location": {
          "x": 0.0,
          "y": 0.0,
          "z": 0.0
        },
        "rotation_quaternion": {
          "w": 0.9992099404335022,
          "x": 0.03397360071539879,
          "y": -0.017106106504797935,
          "z": 0.011521519161760807
        },
        "scale": {
          "x": 1.0,
          "y": 1.0,
          "z": 1.0
        },
        "matrix_basis": [
          [
            0.9991492629051208,
            -0.02418714575469494,
            -0.033402327448129654,
            0.0
          ],
          [
            0.021862521767616272,
            0.9974260926246643,
            -0.068287692964077,
            0.0
          ],
          [
            0.03496803715825081,
            0.06749933958053589,
            0.9971063733100891,
            0.0
          ],
          [
            0.0,
            0.0,
            0.0,
            1.0
          ]
        ],
        "rotation_mode": "QUATERNION"
      },
      "armature_space": {
        "head": {
          "x": 0.42030033469200134,
          "y": -0.21206864714622498,
          "z": 0.9861770868301392
