{
  "metadata": {
    "armature_name": "KIM_caucasian_male",
    "export_time": "2026-01-13T20:55:36.843076",
    "blender_version": "4.4.1",
    "bone_count": 56,
    "end_bone_count": 13,
    "spaces_included": [
      "LOCAL_CHANNELS",
      "ARMATURE_SPACE",
      "WORLD_SPACE"
    ],
    "note": "LOCAL matches Transform panel; replay pose via local.matrix_basis for best fidelity."
  },
  "bones": {
    "Root": {
      "name": "Root",
      "local": {
        "location": {
          "x": 0.0,
          "y": 0.0,
          "z": 0.0
        },
        "rotation_quaternion": {
          "w": 0.9999277591705322,
          "x": 0.011913043446838856,
          "y": -0.0003638000343926251,
          "z": -0.001619477174244821
        },
        "scale": {
          "x": 1.0,
          "y": 1.0,
          "z": 1.0
        },
        "matrix_basis": [
          [
            0.9999945163726807,
            0.0032300525344908237,
            -0.000766133307479322,
            0.0
          ],
          [
            -0.00324738840572536,
            0.9997109174728394,
            -0.02382318675518036,
            0.0
          ],
          [
            0.0006889617070555687,
            0.023825544863939285,
            0.9997158646583557,
            0.0
          ],
          [
            0.0,
            0.0,
            0.0,
            1.0
          ]
        ],
        "rotation_mode": "QUATERNION"
      },
      "armature_space": {
        "head": {
          "x": 0.0,
          "y": 0.07072800397872925,
          "z": -0.009595036506652832
        },
        "tail": {
          "x": 0.00023054781195241958,
          "y": -0.00020816177129745483,
          "z": -0.001687919721007347
        }
      },
      "world_space": {
        "head": {
          "x": 0.0,
          "y": 0.13397200405597687,
          "z": 0.9402589797973633
        },
        "tail": {
          "x": 0.00023054781195241958,
          "y": 0.06303583830595016,
          "z": 0.9481660723686218
        },
        "rotation_quaternion": {
          "w": 0.055476799607276917,
          "x": 0.9984586238861084,
          "y": 0.001591289765201509,
          "z": -0.0004720742581412196
        },
        "matrix": [
          [
            0.9999945163726807,
            0.0032300525344908237,
            -0.000766133307479322,
            0.0
          ],
          [
            0.0031252955086529255,
            -0.9938395619392395,
            -0.11078455299139023,
            0.13397200405597687
          ],
          [
            -0.0011192583478987217,
            0.11078137904405594,
            -0.9938511848449707,
            0.9402589797973633
          ],
          [
            0.0,
            0.0,
            0.0,
            1.0
          ]
        ]
      },
      "bone_length_armature_space": 0.07137587296269178,
      "parent": null,
      "has_children": true,
      "is_end_bone": false
    },
    "spine_01": {
      "name": "spine_01",
      "local": {
        "location": {
          "x": 0.0,
          "y": 0.0,
          "z": 0.0
        },
        "rotation_quaternion": {
          "w": 0.9972683191299438,
          "x": 0.008875605650246143,
          "y": 0.027333229780197144,
          "z": -0.06804431974887848
        },
        "scale": {
          "x": 1.0,
          "y": 1.0,
          "z": 1.0
        },
        "matrix_basis": [
          [
            0.9892457127571106,
            0.13620208203792572,
            0.053309258073568344,
            0.0
          ],
          [
            -0.13523168861865997,
            0.9905824065208435,
            -0.021422462537884712,
            0.0
          ],
          [
            -0.05572499707341194,
            0.013982978649437428,
            0.9983482360839844,
            0.0
          ],
          [
            0.0,
            0.0,
            0.0,
            1.0
          ]
        ],
        "rotation_mode": "QUATERNION"
      },
      "armature_space": {
        "head": {
          "x": 0.00023054781195241958,
          "y": -0.00020816177129745483,
          "z": -0.001687919721007347
        },
        "tail": {
          "x": 0.06722474098205566,
          "y": 0.004261241760104895,
          "z": 0.4816755950450897
        }
      },
      "world_space": {
        "head": {
          "x": 0.00023054781195241958,
          "y": 0.06303583830595016,
          "z": 0.9481660723686218
        },
        "tail": {
          "x": 0.06722474098205566,
          "y": 0.06750524044036865,
          "z": 1.4315296411514282
        },
        "rotation_quaternion": {
          "w": 0.7070167660713196,
          "x": 0.7032701969146729,
          "y": 0.06860272586345673,
          "z": -0.02884681709110737
        },
        "matrix": [
          [
            0.9889231324195862,
            0.1372828334569931,
            0.05643146112561226,
            0.00023054781195241958
          ],
          [
            0.05570116266608238,
            0.00915859080851078,
            -0.9984055161476135,
            0.06303583830595016
          ],
          [
            -0.13758166134357452,
            0.9904965162277222,
            0.001409422606229782,
            0.9481660723686218
          ],
          [
            0.0,
            0.0,
            0.0,
            1.0
          ]
        ]
      },
      "bone_length_armature_space": 0.48800459043384825,
      "parent": "Root",
      "has_children": true,
      "is_end_bone": false
    },
    "neck_01": {
      "name": "neck_01",
      "local": {
        "location": {
          "x": 0.0,
          "y": 0.0,
          "z": 0.0
        },
        "rotation_quaternion": {
          "w": 0.9876632690429688,
          "x": -0.020166432484984398,
          "y": -0.09576211124658585,
          "z": 0.12224695831537247
        },
        "scale": {
          "x": 1.0,
          "y": 1.0,
          "z": 1.0
        },
        "matrix_basis": [
          [
            0.9517706036567688,
            -0.23761530220508575,
            -0.1940920054912567,
            0.0
          ],
          [
            0.2453400194644928,
            0.9692980051040649,
            0.016422035172581673,
            0.0
          ],
          [
            0.18423086404800415,
            -0.06324854493141174,
            0.9808458685874939,
            0.0
          ],
          [
            0.0,
            0.0,
            0.0,
            1.0
          ]
        ],
        "rotation_mode": "QUATERNION"
      },
      "armature_space": {
        "head": {
          "x": 0.07923344522714615,
          "y": -0.029693324118852615,
          "z": 0.5542470812797546
        },
        "tail": {
          "x": 0.06990347057580948,
          "y": -0.061849165707826614,
          "z": 0.6511475443840027
        }
      },
      "world_space": {
        "head": {
          "x": 0.07923344522714615,
          "y": 0.033550675958395004,
          "z": 1.504101037979126
        },
        "tail": {
          "x": 0.06990347057580948,
          "y": 0.0013948343694210052,
          "z": 1.601001501083374
        },
        "rotation_quaternion": {
          "w": 0.5783603191375732,
          "x": 0.8088052272796631,
          "y": -0.09313475340604782,
          "z": -0.051568832248449326
        },
        "matrix": [
          [
            0.9773331880569458,
            -0.09100519865751266,
            -0.1911494880914688,
            0.07923344522714615
          ],
          [
            -0.21030685305595398,
            -0.3136502206325531,
            -0.9259562492370605,
            0.033550675958395004
          ],
          [
            0.024312712252140045,
            0.9451737999916077,
            -0.3256828486919403,
            1.504101037979126
          ],
          [
            0.0,
            0.0,
            0.0,
            1.0
          ]
        ]
      },
      "bone_length_armature_space": 0.10252192916808558,
      "parent": "spine_01",
      "has_children": true,
      "is_end_bone": false
    },
    "head": {
      "name": "head",
      "local": {
        "location": {
          "x": 0.0,
          "y": 0.0,
          "z": 0.0
        },
        "rotation_quaternion": {
          "w": 0.9799279570579529,
          "x": -0.05095649138092995,
          "y": 0.08559543639421463,
          "z": 0.17267931997776031
        },
        "scale": {
          "x": 1.0,
          "y": 1.0,
          "z": 1.0
        },
        "matrix_basis": [
          [
            0.9257105588912964,
            -0.34714987874031067,
            0.15015645325183868,
            0.0
          ],
          [
            0.32970330119132996,
            0.935170590877533,
            0.12942850589752197,
            0.0
          ],
          [
            -0.18535298109054565,
            -0.07030625641345978,
            0.9801537394523621,
            0.0
          ],
          [
            0.0,
            0.0,
            0.0,
            1.0
          ]
        ],
        "rotation_mode": "QUATERNION"
      },
      "armature_space": {
        "head": {
          "x": 0.06990344822406769,
          "y": -0.06184928119182587,
          "z": 0.6511474251747131
        },
        "tail": {
          "x": 0.01727978140115738,
          "y": -0.03357291966676712,
          "z": 0.7942713499069214
        }
      },
      "world_space": {
        "head": {
          "x": 0.06990344822406769,
          "y": 0.001394718885421753,
          "z": 1.601001501083374
        },
        "tail": {
          "x": 0.01727978140115738,
          "y": 0.0296710804104805,
          "z": 1.7441253662109375
        },
        "rotation_quaternion": {
          "w": 0.756799042224884,
          "x": 0.6296496391296387,
          "y": -0.1357048749923706,
          "z": 0.1112692728638649
        },
        "matrix": [
          [
            0.9384069442749023,
            -0.33931005001068115,
            -0.06527964770793915,
            0.06990344822406769
          ],
          [
            -0.002473995089530945,
            0.18232202529907227,
            -0.9832360148429871,
            0.001394718885421753
          ],
          [
            0.3455260694026947,
            0.9228432774543762,
            0.17025302350521088,
            1.601001501083374
          ],
          [
            0.0,
            0.0,
            0.0,
            1.0
          ]
        ]
      },
      "bone_length_armature_space": 0.1550911398937528,
      "parent": "neck_01",
      "has_children": false,
      "is_end_bone": true
    },
    "upperarm_l": {
      "name": "upperarm_l",
      "local": {
        "location": {
          "x": 0.0,
          "y": 0.0,
          "z": 0.0
        },
        "rotation_quaternion": {
          "w": 0.8201209902763367,
          "x": 0.3322383761405945,
          "y": 0.2867249548435211,
          "z": 0.3671623468399048
        },
        "scale": {
          "x": 1.0,
          "y": 1.0,
          "z": 1.0
        },
        "matrix_basis": [
          [
            0.5659612417221069,
            -0.41171303391456604,
            0.7142691612243652,
            0.0
          ],
          [
            0.7927571535110474,
            0.5096189379692078,
            -0.3344021141529083,
            0.0
          ],
          [
            -0.22632746398448944,
            0.7555005550384521,
            0.6148129105567932,
            0.0
          ],
          [
            0.0,
            0.0,
            0.0,
            1.0
          ]
        ],
        "rotation_mode": "QUATERNION"
      },
      "armature_space": {
        "head": {
          "x": 0.21852542459964752,
          "y": -0.02513771876692772,
          "z": 0.46704530715942383
        },
        "tail": {
          "x": 0.3889605402946472,
          "y": -0.2152392715215683,
          "z": 0.5484146475791931
        }
      },
      "world_space": {
        "head": {
          "x": 0.21852542459964752,
          "y": 0.0381062813103199,
          "z": 1.41689932346344
        },
        "tail": {
          "x": 0.3889605402946472,
          "y": -0.15199527144432068,
          "z": 1.4982686042785645
        },
        "rotation_quaternion": {
          "w": 0.26863664388656616,
          "x": 0.8726018667221069,
          "y": 0.2704191505908966,
          "z": -0.3054075837135315
        },
        "matrix": [
          [
            0.667199432849884,
            0.636024534702301,
            -0.3877086937427521,
            0.21852542459964752
          ],
          [
            0.30784979462623596,
            -0.709415078163147,
            -0.6340023875236511,
            0.0381062813103199
          ],
          [
            -0.6782918572425842,
            0.30365148186683655,
            -0.6691264510154724,
            1.41689932346344
          ],
          [
            0.0,
            0.0,
            0.0,
            1.0
          ]
        ]
      },
      "bone_length_armature_space": 0.26796957952854783,
      "parent": "spine_01",
      "has_children": true,
      "is_end_bone": false
    },
    "lowerarm_l": {
      "name": "lowerarm_l",
      "local": {
        "location": {
          "x": 0.0,
          "y": 0.0,
          "z": 0.0
        },
        "rotation_quaternion": {
          "w": 0.965862512588501,
          "x": 0.07190841436386108,
          "y": -0.07995034009218216,
          "z": 0.2356838434934616
        },
        "scale": {
          "x": 1.0,
          "y": 1.0,
          "z": 1.0
        },
        "matrix_basis": [
          [
            0.8761221170425415,
            -0.466774582862854,
            -0.12054677307605743,
            0.0
          ],
          [
            0.4437781870365143,
            0.8785645961761475,
            -0.17659328877925873,
            0.0
          ],
          [
            0.18833737075328827,
            0.10122127830982208,
            0.9768742322921753,
            0.0
          ],
          [
            0.0,
            0.0,
            0.0,
            1.0
          ]
        ],
        "rotation_mode": "QUATERNION"
      },
      "armature_space": {
        "head": {
          "x": 0.3889605402946472,
          "y": -0.21523940563201904,
          "z": 0.5484147071838379
        },
        "tail": {
          "x": 0.4208291172981262,
          "y": -0.44021397829055786,
          "z": 0.6896252632141113
        }
      },
      "world_space": {
        "head": {
          "x": 0.3889605402946472,
          "y": -0.15199540555477142,
          "z": 1.498268723487854
        },
        "tail": {
          "x": 0.4208291172981262,
          "y": -0.37696999311447144,
          "z": 1.6394792795181274
        },
        "rotation_quaternion": {
          "w": 0.27672290802001953,
          "x": 0.8776748180389404,
          "y": -0.05431345850229263,
          "z": -0.38750672340393066
        },
        "matrix": [
          [
            0.6937777400016785,
            0.11912395060062408,
            -0.7102691531181335,
            0.3889605402946472
          ],
          [
            -0.3098030090332031,
            -0.8409494161605835,
            -0.4436512887477875,
            -0.15199540555477142
          ],
          [
            -0.6501545906066895,
            0.5278417468070984,
            -0.5465310215950012,
            1.498268723487854
          ],
          [
            0.0,
            0.0,
            0.0,
            1.0
          ]
        ]
      },
      "bone_length_armature_space": 0.2675249277873133,
      "parent": "upperarm_l",
      "has_children": true,
      "is_end_bone": false
    },
    "metacarpal_thumb_l": {
      "name": "metacarpal_thumb_l",
      "local": {
        "location": {
          "x": 0.0,
          "y": 0.0,
          "z": 0.0
        },
        "rotation_quaternion": {
          "w": 0.9996328949928284,
          "x": -0.008772294968366623,
          "y": 0.02091240882873535,
          "z": 0.014831751585006714
        },
        "scale": {
          "x": 1.0,
          "y": 1.0,
          "z": 1.0
        },
        "matrix_basis": [
          [
            0.998685359954834,
            -0.03001951240003109,
            0.04154924675822258,
            0.0
          ],
          [
            0.029285714030265808,
            0.9994061589241028,
            0.018158484250307083,
            0.0
          ],
          [
            -0.042069680988788605,
            -0.016917813569307327,
            0.9989714622497559,
            0.0
          ],
          [
            0.0,
            0.0,
            0.0,
            1.0
          ]
        ],
        "rotation_mode": "QUATERNION"
      },
      "armature_space": {
        "head": {
          "x": 0.4208291172981262,
          "y": -0.44021397829055786,
          "z": 0.6896252632141113
        },
        "tail": {
          "x": 0.4094577133655548,
          "y": -0.48839670419692993,
          "z": 0.687981367111206
        }
      },
      "world_space": {
        "head": {
          "x": 0.4208291172981262,
          "y": -0.37696999311447144,
          "z": 1.6394792795181274
        },
        "tail": {
          "x": 0.4094577133655548,
          "y": -0.4251527190208435,
          "z": 1.6378353834152222
        },
        "rotation_quaternion": {
          "w": 0.031199315562844276,
          "x": 0.9092452526092529,
          "y": -0.11253151297569275,
          "z": 0.3995451331138611
        },
        "matrix": [
          [
            0.6554006338119507,
            -0.22956930100917816,
            0.7195471525192261,
            0.4208291172981262
          ],
          [
            -0.17970634996891022,
            -0.9727264642715454,
            -0.14665938913822174,
            -0.37696999311447144
          ],
          [
            0.7335959076881409,
            -0.03318757936358452,
            -0.6787854433059692,
            1.6394792795181274
          ],
          [
            0.0,
            0.0,
            0.0,
            1.0
          ]
        ]
      },
      "bone_length_armature_space": 0.04953368845721691,
      "parent": "lowerarm_l",
      "has_children": true,
      "is_end_bone": false
    },
    "thumb_01_l": {
      "name": "thumb_01_l",
      "local": {
        "location": {
          "x": 0.0,
          "y": 0.0,
          "z": 0.0
        },
        "rotation_quaternion": {
          "w": 0.9996825456619263,
          "x": 0.024413328617811203,
          "y": 0.0027311621233820915,
          "z": 0.005608709994703531
        },
        "scale": {
          "x": 1.0,
          "y": 1.0,
          "z": 1.0
        },
        "matrix_basis": [
          [
            0.9999221563339233,
            -0.011080505326390266,
            0.005734444595873356,
            0.0
          ],
          [
            0.011347212828695774,
            0.9987450838088989,
            -0.048780519515275955,
            0.0
          ],
          [
            -0.005186735652387142,
            0.04884179309010506,
            0.9987930655479431,
            0.0
          ],
          [
            0.0,
            0.0,
            0.0,
            1.0
          ]
        ],
        "rotation_mode": "QUATERNION"
      },
      "armature_space": {
        "head": {
          "x": 0.4094577133655548,
          "y": -0.48839670419692993,
          "z": 0.687981367111206
        },
        "tail": {
          "x": 0.42114341259002686,
          "y": -0.5133993029594421,
          "z": 0.668057918548584
        }
      },
      "world_space": {
        "head": {
          "x": 0.4094577133655548,
          "y": -0.4251527190208435,
          "z": 1.6378353834152222
        },
        "tail": {
          "x": 0.42114341259002686,
          "y": -0.4501553177833557,
          "z": 1.6179119348526
        },
        "rotation_quaternion": {
          "w": 0.27838513255119324,
          "x": -0.30987676978111267,
          "y": 0.23501676321029663,
          "z": -0.8782057166099548
        },
        "matrix": [
          [
            -0.6529556512832642,
            0.3433075547218323,
            0.6751214265823364,
            0.4094577133655548
          ],
          [
            -0.6346117258071899,
            -0.7345379590988159,
            -0.2402545064687729,
            -0.4251527190208435
          ],
          [
            0.41342341899871826,
            -0.585320234298706,
            0.6974923014640808,
            1.6378353834152222
          ],
          [
            0.0,
            0.0,
            0.0,
            1.0
          ]
        ]
      },
      "bone_length_armature_space": 0.034038644594057726,
      "parent": "metacarpal_thumb_l",
      "has_children": true,
      "is_end_bone": false
    },
    "thumb_02_l": {
      "name": "thumb_02_l",
      "local": {
        "location": {
          "x": 0.0,
          "y": 0.0,
          "z": 0.0
        },
        "rotation_quaternion": {
          "w": 0.9959104061126709,
          "x": 0.09030263870954514,
          "y": -0.0020614806562662125,
          "z": 0.0019199727103114128
        },
        "scale": {
          "x": 1.0,
          "y": 1.0,
          "z": 1.0
        },
        "matrix_basis": [
          [
            0.9999841451644897,
            -0.004196555819362402,
            -0.0037593429442495108,
            0.0
          ],
          [
            0.0034519273322075605,
            0.9836834669113159,
            -0.17987458407878876,
            0.0
          ],
          [
            0.004452857188880444,
            0.1798587590456009,
            0.98368239402771,
            0.0
          ],
          [
            0.0,
            0.0,
            0.0,
            1.0
          ]
        ],
        "rotation_mode": "QUATERNION"
      },
      "armature_space": {
        "head": {
          "x": 0.42114341259002686,
          "y": -0.5133993029594421,
          "z": 0.6680578589439392
        },
        "tail": {
          "x": 0.42634662985801697,
          "y": -0.5464736223220825,
          "z": 0.6902434825897217
        }
      },
      "world_space": {
        "head": {
          "x": 0.42114341259002686,
          "y": -0.4501553177833557,
          "z": 1.6179118156433105
        },
        "tail": {
          "x": 0.42634662985801697,
          "y": -0.4832296371459961,
          "z": 1.6400974988937378
        },
        "rotation_quaternion": {
          "w": 0.09339082986116409,
          "x": 0.08525297045707703,
          "y": -0.2820310592651367,
          "z": -0.9510355591773987
        },
        "matrix": [
          [
            -0.9680202007293701,
            0.1295481026172638,
            -0.21483559906482697,
            0.42114341259002686
          ],
          [
            -0.22572417557239532,
            -0.8234731554985046,
            0.5205197334289551,
            -0.4501553177833557
          ],
          [
            -0.10947997868061066,
            0.5523702502250671,
            0.8263869285583496,
            1.6179118156433105
          ],
          [
            0.0,
            0.0,
            0.0,
            1.0
          ]
        ]
      },
      "bone_length_armature_space": 0.040164486973640515,
      "parent": "thumb_01_l",
      "has_children": true,
      "is_end_bone": false
    },
    "thumb_03_l": {
      "name": "thumb_03_l",
      "local": {
        "location": {
          "x": 0.0,
          "y": 0.0,
          "z": 0.0
        },
        "rotation_quaternion": {
          "w": 0.9960731267929077,
          "x": 0.0882028341293335,
          "y": 0.007439346518367529,
          "z": 0.0017948729218915105
        },
        "scale": {
          "x": 1.0,
          "y": 1.0,
          "z": 1.0
        },
        "matrix_basis": [
          [
            0.9998828768730164,
            -0.0022633064072579145,
            0.015136891975998878,
            0.0
          ],
          [
            0.004887992050498724,
            0.9844340682029724,
            -0.17568624019622803,
            0.0
          ],
          [
            -0.014503640122711658,
            0.17573964595794678,
            0.9843298196792603,
            0.0
          ],
          [
            0.0,
            0.0,
            0.0,
            1.0
          ]
        ],
        "rotation_mode": "QUATERNION"
      },
      "armature_space": {
        "head": {
          "x": 0.4263465702533722,
          "y": -0.5464736223220825,
          "z": 0.6902433633804321
        },
        "tail": {
          "x": 0.42984670400619507,
          "y": -0.5616529583930969,
          "z": 0.7164012789726257
        }
      },
      "world_space": {
        "head": {
          "x": 0.4263465702533722,
          "y": -0.4832296371459961,
          "z": 1.6400973796844482
        },
        "tail": {
          "x": 0.42984670400619507,
          "y": -0.4984089732170105,
          "z": 1.666255235671997
        },
        "rotation_quaternion": {
          "w": 0.21577182412147522,
          "x": 0.26613160967826843,
          "y": -0.45183053612709045,
          "z": -0.8236902356147766
        },
        "matrix": [
          [
            -0.7652330994606018,
            0.11496636271476746,
            -0.6334044337272644,
            0.4263465702533722
          ],
          [
            -0.5959513187408447,
            -0.4985833764076233,
            0.6294894218444824,
            -0.4832296371459961
          ],
          [
            -0.2434370368719101,
            0.8591897487640381,
            0.4500505328178406,
            1.6400973796844482
          ],
          [
            0.0,
            0.0,
            0.0,
            1.0
          ]
        ]
      },
      "bone_length_armature_space": 0.030445027644054122,
      "parent": "thumb_02_l",
      "has_children": false,
      "is_end_bone": true
    },
    "metacarpal_index_l": {
      "name": "metacarpal_index_l",
      "local": {
        "location": {
          "x": 0.0,
          "y": 0.0,
          "z": 0.0
        },
        "rotation_quaternion": {
          "w": 0.9995352029800415,
          "x": -0.02820339798927307,
          "y": -0.006984977051615715,
          "z": 0.009224724024534225
        },
        "scale": {
          "x": 1.0,
          "y": 1.0,
          "z": 1.0
        },
        "matrix_basis": [
          [
            0.999732255935669,
            -0.018046872690320015,
            -0.014483798295259476,
            0.0
          ],
          [
            0.018834872171282768,
            0.9982389211654663,
            0.056251708418130875,
            0.0
          ],
          [
            0.013443123549222946,
            -0.05650944635272026,
            0.9983115792274475,
            0.0
          ],
          [
            0.0,
            0.0,
            0.0,
            1.0
          ]
        ],
        "rotation_mode": "QUATERNION"
      },
      "armature_space": {
        "head": {
          "x": 0.4208291172981262,
          "y": -0.44021397829055786,
          "z": 0.6896252632141113
        },
        "tail": {
          "x": 0.40975019335746765,
          "y": -0.5493283271789551,
          "z": 0.7308629751205444
        }
      },
      "world_space": {
        "head": {
          "x": 0.4208291172981262,
          "y": -0.37696999311447144,
          "z": 1.6394792795181274
        },
        "tail": {
          "x": 0.40975019335746765,
          "y": -0.48608434200286865,
          "z": 1.6807169914245605
        },
        "rotation_quaternion": {
          "w": 0.1821691393852234,
          "x": 0.9799128174781799,
          "y": -0.03459940478205681,
          "z": 0.0734039694070816
        },
        "matrix": [
          [
            0.9868296980857849,
            -0.09455281496047974,
            0.13125301897525787,
            0.4208291172981262
          ],
          [
            -0.04106486588716507,
            -0.9312345385551453,
            -0.36209964752197266,
            -0.37696999311447144
          ],
          [
            0.1564658135175705,
            0.3519423305988312,
            -0.9228593111038208,
            1.6394792795181274
          ],
          [
            0.0,
            0.0,
            0.0,
            1.0
          ]
        ]
      },
      "bone_length_armature_space": 0.11717180827503323,
      "parent": "lowerarm_l",
      "has_children": true,
      "is_end_bone": false
    },
    "index_01_l": {
      "name": "index_01_l",
      "local": {
        "location": {
          "x": 0.0,
          "y": 0.0,
          "z": 0.0
        },
        "rotation_quaternion": {
          "w": 0.9948006868362427,
          "x": -0.10018174350261688,
          "y": -0.013662977144122124,
          "z": 0.01219285000115633
        },
        "scale": {
          "x": 1.0,
          "y": 1.0,
          "z": 1.0
        },
        "matrix_basis": [
          [
            0.9993293285369873,
            -0.021521348506212234,
            -0.02962687984108925,
            0.0
          ],
          [
            0.026996472850441933,
            0.9796299338340759,
            0.19898855686187744,
            0.0
          ],
          [
            0.024740876629948616,
            -0.19965492188930511,
            0.9795538783073425,
            0.0
          ],
          [
            0.0,
            0.0,
            0.0,
            1.0
          ]
        ],
        "rotation_mode": "QUATERNION"
      },
      "armature_space": {
        "head": {
          "x": 0.40975019335746765,
          "y": -0.5493283271789551,
          "z": 0.7308629751205444
        },
        "tail": {
          "x": 0.41471195220947266,
          "y": -0.5700342059135437,
          "z": 0.7498292922973633
        }
      },
      "world_space": {
        "head": {
          "x": 0.40975019335746765,
          "y": -0.48608434200286865,
          "z": 1.6807169914245605
        },
        "tail": {
          "x": 0.41471195220947266,
          "y": -0.5067902207374573,
          "z": 1.6996833086013794
        },
        "rotation_quaternion": {
          "w": 0.35144609212875366,
          "x": 0.9272119998931885,
          "y": 0.1157919391989708,
          "z": 0.057929378002882004
        },
        "matrix": [
          [
            0.9664730429649353,
            0.17400935292243958,
            0.18881526589393616,
            0.40975019335746765
          ],
          [
            0.2554458975791931,
            -0.7261555194854736,
            -0.6383148431777954,
            -0.48608434200286865
          ],
          [
            0.02603681944310665,
            0.665149986743927,
            -0.7462652921676636,
            1.6807169914245605
          ],
          [
            0.0,
            0.0,
            0.0,
            1.0
          ]
        ]
      },
      "bone_length_armature_space": 0.02851444645964721,
      "parent": "metacarpal_index_l",
      "has_children": true,
      "is_end_bone": false
    },
    "index_02_l": {
      "name": "index_02_l",
      "local": {
        "location": {
          "x": 0.0,
          "y": 0.0,
          "z": 0.0
        },
        "rotation_quaternion": {
          "w": 0.9979016184806824,
          "x": 0.06452859193086624,
          "y": 0.002235502004623413,
          "z": 0.004843241535127163
        },
        "scale": {
          "x": 1.0,
          "y": 1.0,
          "z": 1.0
        },
        "matrix_basis": [
          [
            0.9999430775642395,
            -0.009377649985253811,
            0.005086677148938179,
            0.0
          ],
          [
            0.00995466485619545,
            0.991625189781189,
            -0.12876471877098083,
            0.0
          ],
          [
            -0.003836567047983408,
            0.12880802154541016,
            0.9916621446609497,
            0.0
          ],
          [
            0.0,
            0.0,
            0.0,
            1.0
          ]
        ],
        "rotation_mode": "QUATERNION"
      },
      "armature_space": {
        "head": {
          "x": 0.4147118628025055,
          "y": -0.5700347423553467,
          "z": 0.7498292922973633
        },
        "tail": {
          "x": 0.4199345111846924,
          "y": -0.5900256633758545,
          "z": 0.7650338411331177
        }
      },
      "world_space": {
        "head": {
          "x": 0.4147118628025055,
          "y": -0.5067907571792603,
          "z": 1.6996833086013794
        },
        "tail": {
          "x": 0.4199345111846924,
          "y": -0.5267816781997681,
          "z": 1.7148878574371338
        },
        "rotation_quaternion": {
          "w": 0.3117590844631195,
          "x": 0.9429813027381897,
          "y": 0.1147552952170372,
          "z": 0.020590558648109436
        },
        "matrix": [
          [
            0.972814679145813,
            0.20358560979366302,
            0.11038544774055481,
            0.4147118628025055
          ],
          [
            0.22926314175128937,
            -0.7792747616767883,
            -0.5832405090332031,
            -0.5067907571792603
          ],
          [
            -0.03271885961294174,
            0.592695415019989,
            -0.8047707080841064,
            1.6996833086013794
          ],
          [
            0.0,
            0.0,
            0.0,
            1.0
          ]
        ]
      },
      "bone_length_armature_space": 0.025653289803221926,
      "parent": "index_01_l",
      "has_children": true,
      "is_end_bone": false
    },
    "index_03_l": {
      "name": "index_03_l",
      "local": {
        "location": {
          "x": 0.0,
          "y": 0.0,
          "z": 0.0
        },
        "rotation_quaternion": {
          "w": 0.9999160766601562,
          "x": 0.012484709732234478,
          "y": 0.0034573660232126713,
          "z": -0.00024700863286852837
        },
        "scale": {
          "x": 1.0,
          "y": 1.0,
          "z": 1.0
        },
        "matrix_basis": [
          [
            0.9999759793281555,
            0.0005803042440675199,
            0.006907984148710966,
            0.0
          ],
          [
            -0.0004076473705936223,
            0.9996881484985352,
            -0.024969032034277916,
            0.0
          ],
          [
            -0.006920319516211748,
            0.024965615943074226,
            0.9996643662452698,
            0.0
          ],
          [
            0.0,
            0.0,
            0.0,
            1.0
          ]
        ],
        "rotation_mode": "QUATERNION"
      },
      "armature_space": {
        "head": {
          "x": 0.4199344515800476,
          "y": -0.5900256037712097,
          "z": 0.7650339603424072
        },
        "tail": {
          "x": 0.42882513999938965,
          "y": -0.6138497591018677,
          "z": 0.7794249057769775
        }
      },
      "world_space": {
        "head": {
          "x": 0.4199344515800476,
          "y": -0.5267816185951233,
          "z": 1.7148879766464233
        },
        "tail": {
          "x": 0.42882513999938965,
          "y": -0.5506057739257812,
          "z": 1.7292789220809937
        },
        "rotation_quaternion": {
          "w": 0.2522008717060089,
          "x": 0.9520326256752014,
          "y": 0.16943354904651642,
          "z": 0.03634420782327652
        },
        "matrix": [
          [
            0.9399428367614746,
            0.304280549287796,
            0.15466484427452087,
            0.4199344515800476
          ],
          [
            0.3409450650215149,
            -0.8153738379478455,
            -0.4678914248943329,
            -0.5267816185951233
          ],
          [
            -0.01626044511795044,
            0.4925258457660675,
            -0.8701541423797607,
            1.7148879766464233
          ],
          [
            0.0,
            0.0,
            0.0,
            1.0
          ]
        ]
      },
      "bone_length_armature_space": 0.029218726808963015,
      "parent": "index_02_l",
      "has_children": false,
      "is_end_bone": true
    },
    "metacarpal_pinky_l": {
      "name": "metacarpal_pinky_l",
      "local": {
        "location": {
          "x": 0.0,
          "y": 0.0,
          "z": 0.0
        },
        "rotation_quaternion": {
          "w": 0.9993032813072205,
          "x": -0.03250285983085632,
          "y": -0.011932428926229477,
          "z": -0.013935159891843796
        },
        "scale": {
          "x": 1.0,
          "y": 1.0,
          "z": 1.0
        },
        "matrix_basis": [
          [
            0.9993268847465515,
            0.0286265779286623,
            -0.02294236607849598,
            0.0
          ],
          [
            -0.027075225487351418,
            0.9974987506866455,
            0.06529299169778824,
            0.0
          ],
          [
            0.024754095822572708,
            -0.06462787091732025,
            0.9976023435592651,
            0.0
          ],
          [
            0.0,
            0.0,
            0.0,
            1.0
          ]
        ],
        "rotation_mode": "QUATERNION"
      },
      "armature_space": {
        "head": {
          "x": 0.4208291172981262,
          "y": -0.44021397829055786,
          "z": 0.6896252632141113
        },
        "tail": {
          "x": 0.4597644805908203,
          "y": -0.5125666260719299,
          "z": 0.75359708070755
        }
      },
      "world_space": {
        "head": {
          "x": 0.4208291172981262,
          "y": -0.37696999311447144,
          "z": 1.6394792795181274
        },
        "tail": {
          "x": 0.4597644805908203,
          "y": -0.4493226408958435,
          "z": 1.703451156616211
        },
        "rotation_quaternion": {
          "w": 0.3284561038017273,
          "x": 0.40215378999710083,
          "y": -0.21143268048763275,
          "z": -0.8280611038208008
        },
        "matrix": [
          [
            -0.4607774615287781,
            0.3739084005355835,
            -0.8049080967903137,
            0.4208291172981262
          ],
          [
            -0.7140212059020996,
            -0.6948251724243164,
            0.08597704023122787,
            -0.37696999311447144
          ],
          [
            -0.5271270275115967,
            0.6143412590026855,
            0.5871422290802002,
            1.6394792795181274
          ],
          [
            0.0,
            0.0,
            0.0,
            1.0
          ]
        ]
      },
      "bone_length_armature_space": 0.1041309823938162,
      "parent": "lowerarm_l",
      "has_children": true,
      "is_end_bone": false
    },
    "pinky_01_l": {
      "name": "pinky_01_l",
      "local": {
        "location": {
          "x": 0.0,
          "y": 0.0,
          "z": 0.0
        },
        "rotation_quaternion": {
          "w": 0.9486892819404602,
          "x": 0.31619247794151306,
          "y": -0.0029443325474858284,
          "z": -0.0015702689997851849
        },
        "scale": {
          "x": 1.0,
          "y": 1.0,
          "z": 1.0
        },
        "matrix_basis": [
          [
            0.999977707862854,
            0.0011174430837854743,
            -0.006579528097063303,
            0.0
          ],
          [
            -0.0048413462936878204,
            0.8000397086143494,
            -0.5999276041984558,
            0.0
          ],
          [
            0.004593499004840851,
            0.5999460816383362,
            0.8000273108482361,
            0.0
          ],
          [
            0.0,
            0.0,
            0.0,
            1.0
          ]
        ],
        "rotation_mode": "QUATERNION"
      },
      "armature_space": {
        "head": {
          "x": 0.4597644805908203,
          "y": -0.5125666260719299,
          "z": 0.75359708070755
        },
        "tail": {
