{
  "metadata": {
    "armature_name": "KIM_caucasian_male",
    "export_time": "2026-01-13T21:07:45.981407",
    "blender_version": "4.4.1",
    "bone_count": 56,
    "end_bone_count": 13,
    "spaces_included": [
      "LOCAL_CHANNELS",
      "ARMATURE_SPACE",
      "WORLD_SPACE"
    ],
    "note": "LOCAL matches Transform panel; replay pose via local.matrix_basis for best fidelity."
  },
  "bones": {
    "Root": {
      "name": "Root",
      "local": {
        "location": {
          "x": 0.0,
          "y": 0.0,
          "z": 0.0
        },
        "rotation_quaternion": {
          "w": 0.9997686147689819,
          "x": 0.009734869934618473,
          "y": 0.016995549201965332,
          "z": -0.008894647471606731
        },
        "scale": {
          "x": 1.0,
          "y": 1.0,
          "z": 1.0
        },
        "matrix_basis": [
          [
            0.9992640614509583,
            0.018116077408194542,
            0.03381005674600601,
            0.0
          ],
          [
            -0.017454279586672783,
            0.9996522068977356,
            -0.019767573103308678,
            0.0
          ],
          [
            -0.03415640816092491,
            0.019162895157933235,
            0.9992327690124512,
            0.0
          ],
          [
            0.0,
            0.0,
            0.0,
            1.0
          ]
        ],
        "rotation_mode": "QUATERNION"
      },
      "armature_space": {
        "head": {
          "x": 0.0,
          "y": 0.07072800397872925,
          "z": -0.009595036506652832
        },
        "tail": {
          "x": 0.0012930508237332106,
          "y": -0.00015927106142044067,
          "z": -0.001358700916171074
        }
      },
      "world_space": {
        "head": {
          "x": 0.0,
          "y": 0.13397200405597687,
          "z": 0.9402589797973633
        },
        "tail": {
          "x": 0.0012930508237332106,
          "y": 0.06308472901582718,
          "z": 0.9484953284263611
        },
        "rotation_quaternion": {
          "w": 0.057639311999082565,
          "x": 0.9981532096862793,
          "y": 0.010019396431744099,
          "z": 0.016357725486159325
        },
        "matrix": [
          [
            0.9992640614509583,
            0.018116077408194542,
            0.03381005674600601,
            0.0
          ],
          [
            0.021887484937906265,
            -0.9931545853614807,
            -0.11473840475082397,
            0.13397200405597687
          ],
          [
            0.03150024265050888,
            0.11539383977651596,
            -0.992827296257019,
            0.9402589797973633
          ],
          [
            0.0,
            0.0,
            0.0,
            1.0
          ]
        ]
      },
      "bone_length_armature_space": 0.07137587199624103,
      "parent": null,
      "has_children": true,
      "is_end_bone": false
    },
    "spine_01": {
      "name": "spine_01",
      "local": {
        "location": {
          "x": 0.0,
          "y": 0.0,
          "z": 0.0
        },
        "rotation_quaternion": {
          "w": 0.9994388818740845,
          "x": 0.008854755200445652,
          "y": -0.017464999109506607,
          "z": -0.02717631682753563
        },
        "scale": {
          "x": 1.0,
          "y": 1.0,
          "z": 1.0
        },
        "matrix_basis": [
          [
            0.9979128241539001,
            0.05401283875107765,
            -0.0353916771709919,
            0.0
          ],
          [
            -0.05463143065571785,
            0.9983660578727722,
            -0.016750304028391838,
            0.0
          ],
          [
            0.034429118037223816,
            0.018648842349648476,
            0.9992331266403198,
            0.0
          ],
          [
            0.0,
            0.0,
            0.0,
            1.0
          ]
        ],
        "rotation_mode": "QUATERNION"
      },
      "armature_space": {
        "head": {
          "x": 0.0012930508237332106,
          "y": -0.00015927106142044067,
          "z": -0.001358700916171074
        },
        "tail": {
          "x": 0.012191184796392918,
          "y": 0.004441339988261461,
          "z": 0.48650258779525757
        }
      },
      "world_space": {
        "head": {
          "x": 0.0012930508237332106,
          "y": 0.06308472901582718,
          "z": 0.9484953284263611
        },
        "tail": {
          "x": 0.012191184796392918,
          "y": 0.06768534332513809,
          "z": 1.436356544494629
        },
        "rotation_quaternion": {
          "w": 0.7104257941246033,
          "x": 0.703649640083313,
          "y": 0.0029470380395650864,
          "z": -0.012798545882105827
        },
        "matrix": [
          [
            0.99965500831604,
            0.02233218587934971,
            -0.013824230059981346,
            0.0012930508237332106
          ],
          [
            -0.014037635177373886,
            0.009427458047866821,
            -0.9998570084571838,
            0.06308472901582718
          ],
          [
            -0.022198839113116264,
            0.9997132420539856,
            0.009736830368638039,
            0.9484953284263611
          ],
          [
            0.0,
            0.0,
            0.0,
            1.0
          ]
        ]
      },
      "bone_length_armature_space": 0.48800466524094177,
      "parent": "Root",
      "has_children": true,
      "is_end_bone": false
    },
    "neck_01": {
      "name": "neck_01",
      "local": {
        "location": {
          "x": 0.0,
          "y": 0.0,
          "z": 0.0
        },
        "rotation_quaternion": {
          "w": 0.9979153871536255,
          "x": 0.03761771321296692,
          "y": 0.01060529239475727,
          "z": -0.0513557493686676
        },
        "scale": {
          "x": 1.0,
          "y": 1.0,
          "z": 1.0
        },
        "matrix_basis": [
          [
            0.9945002198219299,
            0.10329528152942657,
            0.01730259694159031,
            0.0
          ],
          [
            -0.10169949382543564,
            0.9918949604034424,
            -0.07616787403821945,
            0.0
          ],
          [
            -0.025030139833688736,
            0.07398930191993713,
            0.9969448447227478,
            0.0
          ],
          [
            0.0,
            0.0,
            0.0,
            1.0
          ]
        ],
        "rotation_mode": "QUATERNION"
      },
      "armature_space": {
        "head": {
          "x": 0.013346882537007332,
          "y": -0.029543878510594368,
          "z": 0.5600377321243286
        },
        "tail": {
          "x": 0.025324860587716103,
          "y": -0.07449237257242203,
          "z": 0.6513990759849548
        }
      },
      "world_space": {
        "head": {
          "x": 0.013346882537007332,
          "y": 0.0337001234292984,
          "z": 1.5098917484283447
        },
        "tail": {
          "x": 0.025324860587716103,
          "y": -0.011248372495174408,
          "z": 1.6012530326843262
        },
        "rotation_quaternion": {
          "w": 0.5277246832847595,
          "x": 0.8473905324935913,
          "y": 0.04786629229784012,
          "z": -0.03383488953113556
        },
        "matrix": [
          [
            0.9931280612945557,
            0.11683399975299835,
            -0.006821725517511368,
            0.013346882537007332
          ],
          [
            0.04541237652301788,
            -0.43843063712120056,
            -0.8976171016693115,
            0.0337001234292984
          ],
          [
            -0.10786376148462296,
            0.8911446332931519,
            -0.4407274127006531,
            1.5098917484283447
          ],
          [
            0.0,
            0.0,
            0.0,
            1.0
          ]
        ]
      },
      "bone_length_armature_space": 0.10252187036961524,
      "parent": "spine_01",
      "has_children": true,
      "is_end_bone": false
    },
    "head": {
      "name": "head",
      "local": {
        "location": {
          "x": 0.0,
          "y": 0.0,
          "z": 0.0
        },
        "rotation_quaternion": {
          "w": 0.9890660047531128,
          "x": -0.07955478131771088,
          "y": -0.0919945016503334,
          "z": 0.08340680599212646
        },
        "scale": {
          "x": 1.0,
          "y": 1.0,
          "z": 1.0
        },
        "matrix_basis": [
          [
            0.9691606163978577,
            -0.15035246312618256,
            -0.195248082280159,
            0.0
          ],
          [
            0.17962688207626343,
            0.9734286665916443,
            0.14202392101287842,
            0.0
          ],
          [
            0.16870644688606262,
            -0.17271579802036285,
            0.9704160690307617,
            0.0
          ],
          [
            0.0,
            0.0,
            0.0,
            1.0
          ]
        ],
        "rotation_mode": "QUATERNION"
      },
      "armature_space": {
        "head": {
          "x": 0.025324851274490356,
          "y": -0.07449248433113098,
          "z": 0.6513989567756653
        },
        "tail": {
          "x": 0.01800534874200821,
          "y": -0.06154290959239006,
          "z": 0.8057752847671509
        }
      },
      "world_space": {
        "head": {
          "x": 0.025324851274490356,
          "y": -0.011248484253883362,
          "z": 1.6012530326843262
        },
        "tail": {
          "x": 0.01800534874200821,
          "y": 0.0017010904848575592,
          "z": 1.755629301071167
        },
        "rotation_quaternion": {
          "w": 0.7327023148536682,
          "x": 0.6761689186096191,
          "y": -0.06996852904558182,
          "z": -0.03236372023820877
        },
        "matrix": [
          [
            0.9881141185760498,
            -0.04719512537121773,
            -0.1462985724210739,
            0.025324851274490356
          ],
          [
            -0.14204668998718262,
            0.083497054874897,
            -0.9863321781158447,
            -0.011248484253883362
          ],
          [
            0.05876584351062775,
            0.9953969717025757,
            0.07580029219388962,
            1.6012530326843262
          ],
          [
            0.0,
            0.0,
            0.0,
            1.0
          ]
        ]
      },
      "bone_length_armature_space": 0.15509132046592844,
      "parent": "neck_01",
      "has_children": false,
      "is_end_bone": true
    },
    "upperarm_l": {
      "name": "upperarm_l",
      "local": {
        "location": {
          "x": 0.0,
          "y": 0.0,
          "z": 0.0
        },
        "rotation_quaternion": {
          "w": 0.8595693111419678,
          "x": 0.4048955738544464,
          "y": -0.30067017674446106,
          "z": -0.08244877308607101
        },
        "scale": {
          "x": 1.0,
          "y": 1.0,
          "z": 1.0
        },
        "matrix_basis": [
          [
            0.8055992722511292,
            -0.10173917561769485,
            -0.5836600065231323,
            0.0
          ],
          [
            -0.3852209150791168,
            0.6585235595703125,
            -0.6464918255805969,
            0.0
          ],
          [
            0.45012742280960083,
            0.745651364326477,
            0.49131402373313904,
            0.0
          ],
          [
            0.0,
            0.0,
            0.0,
            1.0
          ]
        ],
        "rotation_mode": "QUATERNION"
      },
      "armature_space": {
        "head": {
          "x": 0.1617501676082611,
          "y": -0.03547179326415062,
          "z": 0.48955050110816956
        },
        "tail": {
          "x": 0.3440484404563904,
          "y": -0.23120743036270142,
          "z": 0.5057536959648132
        }
      },
      "world_space": {
        "head": {
          "x": 0.1617501676082611,
          "y": 0.027772206813097,
          "z": 1.4394044876098633
        },
        "tail": {
          "x": 0.3440484404563904,
          "y": -0.1679634302854538,
          "z": 1.4556076526641846
        },
        "rotation_quaternion": {
          "w": 0.3404224216938019,
          "x": 0.4232455790042877,
          "y": 0.1374484747648239,
          "z": -0.828301727771759
        },
        "matrix": [
          [
            -0.40995118021965027,
            0.6802949905395508,
            -0.607568085193634,
            0.1617501676082611
          ],
          [
            -0.44759681820869446,
            -0.7304401397705078,
            -0.5158629417419434,
            0.027772206813097
          ],
          [
            -0.794736921787262,
            0.06046655401587486,
            0.6039463877677917,
            1.4394044876098633
          ],
          [
            0.0,
            0.0,
            0.0,
            1.0
          ]
        ]
      },
      "bone_length_armature_space": 0.26796947868534127,
      "parent": "spine_01",
      "has_children": true,
      "is_end_bone": false
    },
    "lowerarm_l": {
      "name": "lowerarm_l",
      "local": {
        "location": {
          "x": 0.0,
          "y": 0.0,
          "z": 0.0
        },
        "rotation_quaternion": {
          "w": 0.8944882154464722,
          "x": 0.41762450337409973,
          "y": -0.02565738931298256,
          "z": 0.15755075216293335
        },
        "scale": {
          "x": 1.0,
          "y": 1.0,
          "z": 1.0
        },
        "matrix_basis": [
          [
            0.9490389227867126,
            -0.3032848834991455,
            0.08569364249706268,
            0.0
          ],
          [
            0.26042428612709045,
            0.6015350818634033,
            -0.7552050948143005,
            0.0
          ],
          [
            0.1774945706129074,
            0.7390357255935669,
            0.6498629450798035,
            0.0
          ],
          [
            0.0,
            0.0,
            0.0,
            1.0
          ]
        ],
        "rotation_mode": "QUATERNION"
      },
      "armature_space": {
        "head": {
          "x": 0.34404850006103516,
          "y": -0.2312074601650238,
          "z": 0.5057538151741028
        },
        "tail": {
          "x": 0.35914793610572815,
          "y": -0.3772416412830353,
          "z": 0.7293964624404907
        }
      },
      "world_space": {
        "head": {
          "x": 0.34404850006103516,
          "y": -0.16796346008777618,
          "z": 1.4556078910827637
        },
        "tail": {
          "x": 0.35914793610572815,
          "y": -0.31399762630462646,
          "z": 1.6792504787445068
        },
        "rotation_quaternion": {
          "w": 0.285702645778656,
          "x": 0.47853007912635803,
          "y": -0.381363183259964,
          "z": -0.7375264167785645
        },
        "matrix": [
          [
            -0.3787669241428375,
            0.05644133687019348,
            -0.923769474029541,
            0.34404850006103516
          ],
          [
            -0.7864140868186951,
            -0.5458722114562988,
            0.28909575939178467,
            -0.16796346008777618
          ],
          [
            -0.4879473149776459,
            0.8359706401824951,
            0.2511467933654785,
            1.4556078910827637
          ],
          [
            0.0,
            0.0,
            0.0,
            1.0
          ]
        ]
      },
      "bone_length_armature_space": 0.2675257158009282,
      "parent": "upperarm_l",
      "has_children": true,
      "is_end_bone": false
    },
    "metacarpal_thumb_l": {
      "name": "metacarpal_thumb_l",
      "local": {
        "location": {
          "x": 0.0,
          "y": 0.0,
          "z": 0.0
        },
        "rotation_quaternion": {
          "w": 0.9999308586120605,
          "x": -0.010109996423125267,
          "y": 0.00022968606208451092,
          "z": -0.006011412013322115
        },
        "scale": {
          "x": 1.0,
          "y": 1.0,
          "z": 1.0
        },
        "matrix_basis": [
          [
            0.9999276399612427,
            0.012017348781228065,
            0.0005808910937048495,
            0.0
          ],
          [
            -0.012026636861264706,
            0.9997233152389526,
            0.0202158335596323,
            0.0
          ],
          [
            -0.0003377896500751376,
            -0.02022135630249977,
            0.9997954964637756,
            0.0
          ],
          [
            0.0,
            0.0,
            0.0,
            1.0
          ]
        ],
        "rotation_mode": "QUATERNION"
      },
      "armature_space": {
        "head": {
          "x": 0.35914793610572815,
          "y": -0.3772416412830353,
          "z": 0.7293964624404907
        },
        "tail": {
          "x": 0.33181363344192505,
          "y": -0.3969079256057739,
          "z": 0.7657237648963928
        }
      },
      "world_space": {
        "head": {
          "x": 0.35914793610572815,
          "y": -0.31399762630462646,
          "z": 1.6792504787445068
        },
        "tail": {
          "x": 0.33181363344192505,
          "y": -0.3336639404296875,
          "z": 1.7155778408050537
        },
        "rotation_quaternion": {
          "w": 0.42666321992874146,
          "x": 0.8352380394935608,
          "y": -0.3456059992313385,
          "z": -0.02987588755786419
        },
        "matrix": [
          [
            0.7593269944190979,
            -0.5518328547477722,
            -0.34482333064079285,
            0.35914793610572815
          ],
          [
            -0.6028217077255249,
            -0.3970288932323456,
            -0.6920793652534485,
            -0.31399762630462646
          ],
          [
            0.2450084239244461,
            0.7333862781524658,
            -0.6341367959976196,
            1.6792504787445068
          ],
          [
            0.0,
            0.0,
            0.0,
            1.0
          ]
        ]
      },
      "bone_length_armature_space": 0.049533824751728656,
      "parent": "lowerarm_l",
      "has_children": true,
      "is_end_bone": false
    },
    "thumb_01_l": {
      "name": "thumb_01_l",
      "local": {
        "location": {
          "x": 0.0,
          "y": 0.0,
          "z": 0.0
        },
        "rotation_quaternion": {
          "w": 0.9994311928749084,
          "x": 0.019666220992803574,
          "y": 0.025479067116975784,
          "z": 0.010072874836623669
        },
        "scale": {
          "x": 1.0,
          "y": 1.0,
          "z": 1.0
        },
        "matrix_basis": [
          [
            0.9984987378120422,
            -0.019132137298583984,
            0.05132533982396126,
            0.0
          ],
          [
            0.021136444061994553,
            0.9990235567092896,
            -0.03879677504301071,
            0.0
          ],
          [
            -0.05053295940160751,
            0.03982336446642876,
            0.9979281425476074,
            0.0
          ],
          [
            0.0,
            0.0,
            0.0,
            1.0
          ]
        ],
        "rotation_mode": "QUATERNION"
      },
      "armature_space": {
        "head": {
          "x": 0.33181363344192505,
          "y": -0.3969079256057739,
          "z": 0.7657237648963928
        },
        "tail": {
          "x": 0.30864661931991577,
          "y": -0.42183247208595276,
          "z": 0.764898955821991
        }
      },
      "world_space": {
        "head": {
          "x": 0.33181363344192505,
          "y": -0.3336639404296875,
          "z": 1.7155778408050537
        },
        "tail": {
          "x": 0.30864661931991577,
          "y": -0.35858845710754395,
          "z": 1.7147529125213623
        },
        "rotation_quaternion": {
          "w": 0.28803887963294983,
          "x": 0.5474786758422852,
          "y": -0.22563527524471283,
          "z": 0.7525886297225952
        },
        "matrix": [
          [
            -0.23460151255130768,
            -0.680610716342926,
            0.6940687298774719,
            0.33181363344192505
          ],
          [
            0.18648940324783325,
            -0.7322444319725037,
            -0.6550112962722778,
            -0.3336639404296875
          ],
          [
            0.9540424346923828,
            -0.024231087416410446,
            0.2987138032913208,
            1.7155778408050537
          ],
          [
            0.0,
            0.0,
            0.0,
            1.0
          ]
        ]
      },
      "bone_length_armature_space": 0.03403856455243733,
      "parent": "metacarpal_thumb_l",
      "has_children": true,
      "is_end_bone": false
    },
    "thumb_02_l": {
      "name": "thumb_02_l",
      "local": {
        "location": {
          "x": 0.0,
          "y": 0.0,
          "z": 0.0
        },
        "rotation_quaternion": {
          "w": 0.9933921694755554,
          "x": 0.11457747220993042,
          "y": 0.00277150166220963,
          "z": 0.00603868905454874
        },
        "scale": {
          "x": 1.0,
          "y": 1.0,
          "z": 1.0
        },
        "matrix_basis": [
          [
            0.9999117255210876,
            -0.011362469755113125,
            0.0068901716731488705,
            0.0
          ],
          [
            0.012632676400244236,
            0.9736710786819458,
            -0.22760725021362305,
            0.0
          ],
          [
            -0.0041225808672606945,
            0.227674201130867,
            0.9737286567687988,
            0.0
          ],
          [
            0.0,
            0.0,
            0.0,
            1.0
          ]
        ],
        "rotation_mode": "QUATERNION"
      },
      "armature_space": {
        "head": {
          "x": 0.3086465895175934,
          "y": -0.42183244228363037,
          "z": 0.764898955821991
        },
        "tail": {
          "x": 0.31390711665153503,
          "y": -0.4432156980037689,
          "z": 0.7984887957572937
        }
      },
      "world_space": {
        "head": {
          "x": 0.3086465895175934,
          "y": -0.35858845710754395,
          "z": 1.7147529125213623
        },
        "tail": {
          "x": 0.31390711665153503,
          "y": -0.3799716830253601,
          "z": 1.748342752456665
        },
        "rotation_quaternion": {
          "w": 0.16801759600639343,
          "x": 0.42749279737472534,
          "y": 0.45340242981910706,
          "z": 0.7638365626335144
        },
        "matrix": [
          [
            -0.5780414342880249,
            0.13097484409809113,
            0.8054277896881104,
            0.3086465895175934
          ],
          [
            0.6443280577659607,
            -0.5323931574821472,
            0.5489979982376099,
            -0.35858845710754395
          ],
          [
            0.5007134079933167,
            0.8363085985183716,
            0.22335658967494965,
            1.7147529125213623
          ],
          [
            0.0,
            0.0,
            0.0,
            1.0
          ]
        ]
      },
      "bone_length_armature_space": 0.0401645883065334,
      "parent": "thumb_01_l",
      "has_children": true,
      "is_end_bone": false
    },
    "thumb_03_l": {
      "name": "thumb_03_l",
      "local": {
        "location": {
          "x": 0.0,
          "y": 0.0,
          "z": 0.0
        },
        "rotation_quaternion": {
          "w": 0.9986252784729004,
          "x": 0.05169070512056351,
          "y": -0.008259466849267483,
          "z": -0.002738306997343898
        },
        "scale": {
          "x": 1.0,
          "y": 1.0,
          "z": 1.0
        },
        "matrix_basis": [
          [
            0.9998485445976257,
            0.004615209996700287,
            -0.01677931472659111,
            0.0
          ],
          [
            -0.006322960369288921,
            0.994641125202179,
            -0.10319405794143677,
            0.0
          ],
          [
            0.016213133931159973,
            0.10328452289104462,
            0.9945197105407715,
            0.0
          ],
          [
            0.0,
            0.0,
            0.0,
            1.0
          ]
        ],
        "rotation_mode": "QUATERNION"
      },
      "armature_space": {
        "head": {
          "x": 0.31390702724456787,
          "y": -0.44321566820144653,
          "z": 0.7984887957572937
        },
        "tail": {
          "x": 0.32848986983299255,
          "y": -0.4544615149497986,
          "z": 0.8227327466011047
        }
      },
      "world_space": {
        "head": {
          "x": 0.31390702724456787,
          "y": -0.3799716830253601,
          "z": 1.748342752456665
        },
        "tail": {
          "x": 0.32848986983299255,
          "y": -0.39121752977371216,
          "z": 1.7725868225097656
        },
        "rotation_quaternion": {
          "w": 0.06441500782966614,
          "x": -0.34235528111457825,
          "y": -0.5578166246414185,
          "z": -0.7533153891563416
        },
        "matrix": [
          [
            -0.75728839635849,
            0.4789920151233673,
            0.443938285112381,
            0.31390702724456787
          ],
          [
            0.2848913073539734,
            -0.3693835437297821,
            0.884529709815979,
            -0.3799716830253601
          ],
          [
            0.5876706838607788,
            0.796323299407959,
            0.1432710886001587,
            1.748342752456665
          ],
          [
            0.0,
            0.0,
            0.0,
            1.0
          ]
        ]
      },
      "bone_length_armature_space": 0.03044499157197313,
      "parent": "thumb_02_l",
      "has_children": false,
      "is_end_bone": true
    },
    "metacarpal_index_l": {
      "name": "metacarpal_index_l",
      "local": {
        "location": {
          "x": 0.0,
          "y": 0.0,
          "z": 0.0
        },
        "rotation_quaternion": {
          "w": 0.9999504685401917,
          "x": -5.097036046208814e-05,
          "y": -0.006578969769179821,
          "z": -0.0074698952957987785
        },
        "scale": {
          "x": 1.0,
          "y": 1.0,
          "z": 1.0
        },
        "matrix_basis": [
          [
            0.9998018145561218,
            0.014939721673727036,
            -0.01315652672201395,
            0.0
          ],
          [
            -0.014938379637897015,
            0.9998884201049805,
            0.0002002241089940071,
            0.0
          ],
          [
            0.013158049434423447,
            -3.6472411011345685e-06,
            0.9999134540557861,
            0.0
          ],
          [
            0.0,
            0.0,
            0.0,
            1.0
          ]
        ],
        "rotation_mode": "QUATERNION"
      },
      "armature_space": {
        "head": {
          "x": 0.35914793610572815,
          "y": -0.3772416412830353,
          "z": 0.7293964624404907
        },
        "tail": {
          "x": 0.3310689926147461,
          "y": -0.4337860941886902,
          "z": 0.8281063437461853
        }
      },
      "world_space": {
        "head": {
          "x": 0.35914793610572815,
          "y": -0.31399762630462646,
          "z": 1.6792504787445068
        },
        "tail": {
          "x": 0.3310689926147461,
          "y": -0.37054210901260376,
          "z": 1.7779603004455566
        },
        "rotation_quaternion": {
          "w": 0.3830278515815735,
          "x": 0.778616726398468,
          "y": -0.334664911031723,
          "z": -0.3674847185611725
        },
        "matrix": [
          [
            0.5059085488319397,
            -0.23963935673236847,
            -0.8286312222480774,
            0.35914793610572815
          ],
          [
            -0.802665650844574,
            -0.48257768154144287,
            -0.3504948019981384,
            -0.31399762630462646
          ],
          [
            -0.3158896565437317,
            0.8424376249313354,
            -0.43649375438690186,
            1.6792504787445068
          ],
          [
            0.0,
            0.0,
            0.0,
            1.0
          ]
        ]
      },
      "bone_length_armature_space": 0.11717228045576542,
      "parent": "lowerarm_l",
      "has_children": true,
      "is_end_bone": false
    },
    "index_01_l": {
      "name": "index_01_l",
      "local": {
        "location": {
          "x": 0.0,
          "y": 0.0,
          "z": 0.0
        },
        "rotation_quaternion": {
          "w": 0.9991382360458374,
          "x": -0.03316759690642357,
          "y": 0.02354816161096096,
          "z": 0.008273426443338394
        },
        "scale": {
          "x": 1.0,
          "y": 1.0,
          "z": 1.0
        },
        "matrix_basis": [
          [
            0.99875408411026,
            -0.018094664439558983,
            0.04650691896677017,
            0.0
          ],
          [
            0.014970521442592144,
            0.9976629018783569,
            0.06666767597198486,
            0.0
          ],
          [
            -0.04760455712676048,
            -0.06588838249444962,
            0.9966908097267151,
            0.0
          ],
          [
            0.0,
            0.0,
            0.0,
            1.0
          ]
        ],
        "rotation_mode": "QUATERNION"
      },
      "armature_space": {
        "head": {
          "x": 0.3310689926147461,
          "y": -0.4337860941886902,
          "z": 0.8281063437461853
        },
        "tail": {
          "x": 0.33407342433929443,
          "y": -0.45192739367485046,
          "z": 0.8498995304107666
        }
      },
      "world_space": {
        "head": {
          "x": 0.3310689926147461,
          "y": -0.37054210901260376,
          "z": 1.7779603004455566
        },
        "tail": {
          "x": 0.33407342433929443,
          "y": -0.38868337869644165,
          "z": 1.7997535467147827
        },
        "rotation_quaternion": {
          "w": 0.4012657105922699,
          "x": 0.8011766076087952,
          "y": -0.144492506980896,
          "z": -0.4197903275489807
        },
        "matrix": [
          [
            0.6057970523834229,
            0.10536518692970276,
            -0.788611650466919,
            0.3310689926147461
          ],
          [
            -0.5684226155281067,
            -0.6362161040306091,
            -0.5216559171676636,
            -0.37054210901260376
          ],
          [
            -0.5566962957382202,
            0.7642870545387268,
            -0.32552865147590637,
            1.7779603004455566
          ],
          [
            0.0,
            0.0,
            0.0,
            1.0
          ]
        ]
      },
      "bone_length_armature_space": 0.028514493841007356,
      "parent": "metacarpal_index_l",
      "has_children": true,
      "is_end_bone": false
    },
    "index_02_l": {
      "name": "index_02_l",
      "local": {
        "location": {
          "x": 0.0,
          "y": 0.0,
          "z": 0.0
        },
        "rotation_quaternion": {
          "w": 0.9815987348556519,
          "x": 0.1909390687942505,
          "y": 0.002493575681000948,
          "z": 0.00019300449639558792
        },
        "scale": {
          "x": 1.0,
          "y": 1.0,
          "z": 1.0
        },
        "matrix_basis": [
          [
            0.9999874830245972,
            0.0005733360885642469,
            0.004969085566699505,
            0.0
          ],
          [
            0.0013311479706317186,
            0.9270844459533691,
            -0.3748501241207123,
            0.0
          ],
          [
            -0.004821677226573229,
            0.3748520612716675,
            0.9270721077919006,
            0.0
          ],
          [
            0.0,
            0.0,
            0.0,
            1.0
          ]
        ],
        "rotation_mode": "QUATERNION"
      },
      "armature_space": {
        "head": {
          "x": 0.3340730667114258,
          "y": -0.45192769169807434,
          "z": 0.8498998284339905
        },
        "tail": {
          "x": 0.3297773003578186,
          "y": -0.47191378474235535,
          "z": 0.8653980493545532
        }
      },
      "world_space": {
        "head": {
          "x": 0.3340730667114258,
          "y": -0.3886836767196655,
          "z": 1.7997539043426514
        },
        "tail": {
          "x": 0.3297773003578186,
          "y": -0.40866976976394653,
          "z": 1.8152520656585693
        },
        "rotation_quaternion": {
          "w": 0.2478889524936676,
          "x": 0.8457133173942566,
          "y": -0.22137749195098877,
          "z": -0.41750696301460266
        },
        "matrix": [
          [
            0.5533600449562073,
            -0.16745483875274658,
            -0.8159361481666565,
            0.3340730667114258
          ],
          [
            -0.581434965133667,
            -0.779086172580719,
            -0.2344316691160202,
            -0.3886836767196655
          ],
          [
            -0.5964326858520508,
            0.6041423678398132,
            -0.5284831523895264,
            1.7997539043426514
          ],
          [
            0.0,
            0.0,
            0.0,
            1.0
          ]
        ]
      },
      "bone_length_armature_space": 0.025653311110667987,
      "parent": "index_01_l",
      "has_children": true,
      "is_end_bone": false
    },
    "index_03_l": {
      "name": "index_03_l",
      "local": {
        "location": {
          "x": 0.0,
          "y": 0.0,
          "z": 0.0
        },
        "rotation_quaternion": {
          "w": 0.976141631603241,
          "x": 0.21711547672748566,
          "y": 0.0007659014081582427,
          "z": -0.0028266010340303183
        },
        "scale": {
          "x": 1.0,
          "y": 1.0,
          "z": 1.0
        },
        "matrix_basis": [
          [
            0.9999828338623047,
            0.005850904155522585,
            0.00026785884983837605,
            0.0
          ],
          [
            -0.0051857479847967625,
            0.9057057499885559,
            -0.42387524247169495,
            0.0
          ],
          [
            -0.0027226542588323355,
            0.4238665699958801,
            0.905720591545105,
            0.0
          ],
          [
            0.0,
            0.0,
            0.0,
            1.0
          ]
        ],
        "rotation_mode": "QUATERNION"
      },
      "armature_space": {
        "head": {
          "x": 0.32977741956710815,
          "y": -0.47191375494003296,
          "z": 0.865398108959198
        },
        "tail": {
          "x": 0.3155338168144226,
          "y": -0.4968496263027191,
          "z": 0.8707883358001709
        }
      },
      "world_space": {
        "head": {
          "x": 0.32977741956710815,
          "y": -0.40866976976394653,
          "z": 1.8152520656585693
        },
        "tail": {
          "x": 0.3155338168144226,
          "y": -0.4336056113243103,
          "z": 1.820642352104187
        },
        "rotation_quaternion": {
          "w": 0.0015511675737798214,
          "x": 0.9022828936576843,
          "y": -0.27071481943130493,
          "z": -0.33555448055267334
        },
        "matrix": [
          [
            0.6282332539558411,
            -0.4874827265739441,
            -0.6063693761825562,
            0.32977741956710815
          ],
          [
            -0.48956409096717834,
            -0.8534218072891235,
            0.1788807064294815,
            -0.40866976976394653
          ],
          [
            -0.6046949028968811,
            0.18447837233543396,
            -0.7748072147369385,
            1.8152520656585693
          ],
          [
            0.0,
            0.0,
            0.0,
            1.0
          ]
        ]
      },
      "bone_length_armature_space": 0.029218700568792357,
      "parent": "index_02_l",
      "has_children": false,
      "is_end_bone": true
    },
    "metacarpal_pinky_l": {
      "name": "metacarpal_pinky_l",
      "local": {
        "location": {
          "x": 0.0,
          "y": 0.0,
          "z": 0.0
        },
        "rotation_quaternion": {
          "w": 0.9989633560180664,
          "x": -0.04534042254090309,
          "y": -0.0017995929811149836,
          "z": 0.003654118161648512
        },
        "scale": {
          "x": 1.0,
          "y": 1.0,
          "z": 1.0
        },
        "matrix_basis": [
          [
            0.9999668002128601,
            -0.0071374718099832535,
            -0.00392681360244751,
            0.0
          ],
          [
            0.0074638486839830875,
            0.9958617687225342,
            0.09057369083166122,
            0.0
          ],
          [
            0.0032640963327139616,
            -0.09059999138116837,
            0.9958820343017578,
            0.0
          ],
          [
            0.0,
            0.0,
            0.0,
            1.0
          ]
        ],
        "rotation_mode": "QUATERNION"
      },
      "armature_space": {
        "head": {
          "x": 0.35914793610572815,
          "y": -0.3772416412830353,
          "z": 0.7293964624404907
        },
        "tail": {
          "x": 0.39302727580070496,
          "y": -0.4480306804180145,
          "z": 0.7978389263153076
        }
      },
      "world_space": {
        "head": {
          "x": 0.35914793610572815,
          "y": -0.31399762630462646,
          "z": 1.6792504787445068
        },
        "tail": {
          "x": 0.39302727580070496,
          "y": -0.3847866654396057,
          "z": 1.7476929426193237
        },
        "rotation_quaternion": {
          "w": 0.1192900687456131,
          "x": -0.14320915937423706,
          "y": -0.38192299008369446,
          "z": -0.9052048921585083
        },
        "matrix": [
          [
            -0.9305221438407898,
            0.32535383105278015,
            0.16814696788787842,
            0.35914793610572815
          ],
          [
            -0.10657494515180588,
            -0.679809033870697,
            0.725604236125946,
            -0.31399762630462646
          ],
          [
            0.3503884971141815,
            0.6572744846343994,
            0.6672573685646057,
            1.6792504787445068
          ],
          [
            0.0,
            0.0,
            0.0,
            1.0
          ]
        ]
      },
      "bone_length_armature_space": 0.1041310176098675,
      "parent": "lowerarm_l",
      "has_children": true,
      "is_end_bone": false
    },
    "pinky_01_l": {
      "name": "pinky_01_l",
      "local": {
        "location": {
          "x": 0.0,
          "y": 0.0,
          "z": 0.0
        },
        "rotation_quaternion": {
          "w": 0.9988102912902832,
          "x": 0.04808683693408966,
          "y": 0.005735856480896473,
          "z": 0.005724853370338678
        },
        "scale": {
          "x": 1.0,
          "y": 1.0,
          "z": 1.0
        },
        "matrix_basis": [
          [
            0.999868631362915,
            -0.01088444609194994,
            0.012008645571768284,
            0.0
          ],
          [
            0.011987723410129547,
            0.9953097701072693,
            -0.09599357843399048,
            0.0
          ],
          [
            -0.010907485149800777,
            0.09612493216991425,
            0.9953095316886902,
            0.0
          ],
          [
            0.0,
            0.0,
            0.0,
            1.0
          ]
        ],
        "rotation_mode": "QUATERNION"
      },
      "armature_space": {
        "head": {
          "x": 0.39302727580070496,
          "y": -0.4480306804180145,
          "z": 0.7978389263153076
