{
  "metadata": {
    "armature_name": "KIM_caucasian_male",
    "export_time": "2026-01-13T21:08:28.399110",
    "blender_version": "4.4.1",
    "bone_count": 56,
    "end_bone_count": 13,
    "spaces_included": [
      "LOCAL_CHANNELS",
      "ARMATURE_SPACE",
      "WORLD_SPACE"
    ],
    "note": "LOCAL matches Transform panel; replay pose via local.matrix_basis for best fidelity."
  },
  "bones": {
    "Root": {
      "name": "Root",
      "local": {
        "location": {
          "x": 0.0,
          "y": 0.0,
          "z": 0.0
        },
        "rotation_quaternion": {
          "w": 0.999692440032959,
          "x": -0.002364755840972066,
          "y": 0.00767431640997529,
          "z": -0.023466819897294044
        },
        "scale": {
          "x": 1.0,
          "y": 1.0,
          "z": 1.0
        },
        "matrix_basis": [
          [
            0.9987808465957642,
            0.046882908791303635,
            0.015454898588359356,
            0.0
          ],
          [
            -0.046955499798059464,
            0.9988874197006226,
            0.004367873538285494,
            0.0
          ],
          [
            -0.015232925303280354,
            -0.005088240839540958,
            0.999871015548706,
            0.0
          ],
          [
            0.0,
            0.0,
            0.0,
            1.0
          ]
        ],
        "rotation_mode": "QUATERNION"
      },
      "armature_space": {
        "head": {
          "x": 0.0,
          "y": 0.07072800397872925,
          "z": -0.009595036506652832
        },
        "tail": {
          "x": 0.0033463083673268557,
          "y": 0.00012751668691635132,
          "z": 0.0003492077812552452
        }
      },
      "world_space": {
        "head": {
          "x": 0.0,
          "y": 0.13397200405597687,
          "z": 0.9402589797973633
        },
        "tail": {
          "x": 0.0033463083673268557,
          "y": 0.06337151676416397,
          "z": 0.9502032399177551
        },
        "rotation_quaternion": {
          "w": 0.06970631331205368,
          "x": 0.9972620010375977,
          "y": 0.023930514231324196,
          "z": 0.00607597129419446
        },
        "matrix": [
          [
            0.9987808465957642,
            0.046882908791303635,
            0.015454898588359356,
            0.0
          ],
          [
            0.04857705160975456,
            -0.9891366362571716,
            -0.13874056935310364,
            0.13397200405597687
          ],
          [
            0.008782552555203438,
            0.1393222212791443,
            -0.9902152419090271,
            0.9402589797973633
          ],
          [
            0.0,
            0.0,
            0.0,
            1.0
          ]
        ]
      },
      "bone_length_armature_space": 0.07137586714858184,
      "parent": null,
      "has_children": true,
      "is_end_bone": false
    },
    "spine_01": {
      "name": "spine_01",
      "local": {
        "location": {
          "x": 0.0,
          "y": 0.0,
          "z": 0.0
        },
        "rotation_quaternion": {
          "w": 0.9945268034934998,
          "x": 0.0929265022277832,
          "y": -0.03607439994812012,
          "z": -0.03130221366882324
        },
        "scale": {
          "x": 1.0,
          "y": 1.0,
          "z": 1.0
        },
        "matrix_basis": [
          [
            0.9954376220703125,
            0.0555572472512722,
            -0.07757152616977692,
            0.0
          ],
          [
            -0.06896631419658661,
            0.980769693851471,
            -0.18257737159729004,
            0.0
          ],
          [
            0.06593630462884903,
            0.18709421157836914,
            0.9801266193389893,
            0.0
          ],
          [
            0.0,
            0.0,
            0.0,
            1.0
          ]
        ],
        "rotation_mode": "QUATERNION"
      },
      "armature_space": {
        "head": {
          "x": 0.0033463083673268557,
          "y": 0.00012751668691635132,
          "z": 0.0003492077812552452
        },
        "tail": {
          "x": 0.029418939724564552,
          "y": -0.06512991338968277,
          "z": 0.48326751589775085
        }
      },
      "world_space": {
        "head": {
          "x": 0.0033463083673268557,
          "y": 0.06337151676416397,
          "z": 0.9502032399177551
        },
        "tail": {
          "x": 0.029418939724564552,
          "y": -0.0018859133124351501,
          "z": 1.4331215620040894
        },
        "rotation_quaternion": {
          "w": 0.658043622970581,
          "x": 0.7523720860481262,
          "y": 0.010792595334351063,
          "z": -0.02825593575835228
        },
        "matrix": [
          [
            0.9981702566146851,
            0.05342738702893257,
            -0.028313595801591873,
            0.0033463083673268557
          ],
          [
            -0.020946837961673737,
            -0.1337238997220993,
            -0.990797221660614,
            0.06337151676416397
          ],
          [
            -0.05672232434153557,
            0.98958420753479,
            -0.13236194849014282,
            0.9502032399177551
          ],
          [
            0.0,
            0.0,
            0.0,
            1.0
          ]
        ]
      },
      "bone_length_armature_space": 0.488004524434596,
      "parent": "Root",
      "has_children": true,
      "is_end_bone": false
    },
    "neck_01": {
      "name": "neck_01",
      "local": {
        "location": {
          "x": 0.0,
          "y": 0.0,
          "z": 0.0
        },
        "rotation_quaternion": {
          "w": 0.9962680339813232,
          "x": -0.03126424551010132,
          "y": -0.08042626082897186,
          "z": -0.0020719696767628193
        },
        "scale": {
          "x": 1.0,
          "y": 1.0,
          "z": 1.0
        },
        "matrix_basis": [
          [
            0.9870546460151672,
            0.009157407097518444,
            -0.16012266278266907,
            0.0
          ],
          [
            0.0009004584280773997,
            0.9980365037918091,
            0.06262841820716858,
            0.0
          ],
          [
            0.16038177907466888,
            -0.06196185573935509,
            0.9851083159446716,
            0.0
          ],
          [
            0.0,
            0.0,
            0.0,
            1.0
          ]
        ],
        "rotation_mode": "QUATERNION"
      },
      "armature_space": {
        "head": {
          "x": 0.03234888240695,
          "y": -0.10928225517272949,
          "z": 0.5511329770088196
        },
        "tail": {
          "x": 0.037548527121543884,
          "y": -0.1549747735261917,
          "z": 0.6427620649337769
        }
      },
      "world_space": {
        "head": {
          "x": 0.03234888240695,
          "y": -0.04603825509548187,
          "z": 1.5009870529174805
        },
        "tail": {
          "x": 0.037548527121543884,
          "y": -0.09173077344894409,
          "z": 1.592616081237793
        },
        "rotation_quaternion": {
          "w": 0.5254335999488831,
          "x": 0.8441877961158752,
          "y": -0.03279385715723038,
          "z": -0.10095101594924927
        },
        "matrix": [
          [
            0.9774670004844666,
            0.05071770027279854,
            -0.20490479469299316,
            0.03234888240695
          ],
          [
            -0.16145415604114532,
            -0.4456879198551178,
            -0.8805083632469177,
            -0.04603825509548187
          ],
          [
            -0.13598205149173737,
            0.8937563300132751,
            -0.42746052145957947,
            1.5009870529174805
          ],
          [
            0.0,
            0.0,
            0.0,
            1.0
          ]
        ]
      },
      "bone_length_armature_space": 0.10252186204840473,
      "parent": "spine_01",
      "has_children": true,
      "is_end_bone": false
    },
    "head": {
      "name": "head",
      "local": {
        "location": {
          "x": 0.0,
          "y": 0.0,
          "z": 0.0
        },
        "rotation_quaternion": {
          "w": 0.9820488691329956,
          "x": 0.02930176630616188,
          "y": 0.07978340983390808,
          "z": -0.16839280724525452
        },
        "scale": {
          "x": 1.0,
          "y": 1.0,
          "z": 1.0
        },
        "matrix_basis": [
          [
            0.9305569529533386,
            0.3354155123233795,
            0.14683400094509125,
            0.0
          ],
          [
            -0.3260643482208252,
            0.941570520401001,
            -0.08442144095897675,
            0.0
          ],
          [
            -0.16657082736492157,
            0.030681628733873367,
            0.9855520129203796,
            0.0
          ],
          [
            0.0,
            0.0,
            0.0,
            1.0
          ]
        ],
        "rotation_mode": "QUATERNION"
      },
      "armature_space": {
        "head": {
          "x": 0.0375484935939312,
          "y": -0.15497487783432007,
          "z": 0.6427619457244873
        },
        "tail": {
          "x": 0.10516899824142456,
          "y": -0.1823868602514267,
          "z": 0.7796169519424438
        }
      },
      "world_space": {
        "head": {
          "x": 0.0375484935939312,
          "y": -0.09173087775707245,
          "z": 1.5926159620285034
        },
        "tail": {
          "x": 0.10516899824142456,
          "y": -0.11914286017417908,
          "z": 1.72947096824646
        },
        "rotation_quaternion": {
          "w": 0.6214978694915771,
          "x": 0.7505135536193848,
          "y": 0.15926769375801086,
          "z": -0.15844158828258514
        },
        "matrix": [
          [
            0.8990601897239685,
            0.4360075294971466,
            -0.03985399007797241,
            0.0375484935939312
          ],
          [
            0.04212526977062225,
            -0.17674866318702698,
            -0.9833542108535767,
            -0.09173087775707245
          ],
          [
            -0.4357970356941223,
            0.8824217319488525,
            -0.1772768199443817,
            1.5926159620285034
          ],
          [
            0.0,
            0.0,
            0.0,
            1.0
          ]
        ]
      },
      "bone_length_armature_space": 0.1550910725251242,
      "parent": "neck_01",
      "has_children": false,
      "is_end_bone": true
    },
    "upperarm_l": {
      "name": "upperarm_l",
      "local": {
        "location": {
          "x": 0.0,
          "y": 0.0,
          "z": 0.0
        },
        "rotation_quaternion": {
          "w": 0.9301294684410095,
          "x": 0.3076130151748657,
          "y": -0.1642143428325653,
          "z": -0.11518311500549316
        },
        "scale": {
          "x": 1.0,
          "y": 1.0,
          "z": 1.0
        },
        "matrix_basis": [
          [
            0.9195330142974854,
            0.11324147880077362,
            -0.37634485960006714,
            0.0
          ],
          [
            -0.3152993619441986,
            0.7842141389846802,
            -0.5344104170799255,
            0.0
          ],
          [
            0.23461754620075226,
            0.6100692749023438,
            0.7568157911300659,
            0.0
          ],
          [
            0.0,
            0.0,
            0.0,
            1.0
          ]
        ],
        "rotation_mode": "QUATERNION"
      },
      "armature_space": {
        "head": {
          "x": 0.1783933937549591,
          "y": -0.10659678280353546,
          "z": 0.47569477558135986
        },
        "tail": {
          "x": 0.3870958983898163,
          "y": -0.2588323950767517,
          "z": 0.4044536352157593
        }
      },
      "world_space": {
        "head": {
          "x": 0.1783933937549591,
          "y": -0.04335278272628784,
          "z": 1.425548791885376
        },
        "tail": {
          "x": 0.3870958983898163,
          "y": -0.1955883949995041,
          "z": 1.3543076515197754
        },
        "rotation_quaternion": {
          "w": 0.29132407903671265,
          "x": 0.4735478162765503,
          "y": 0.3620450496673584,
          "z": -0.7482019662857056
        },
        "matrix": [
          [
            -0.38176587224006653,
            0.7788295149803162,
            -0.49767404794692993,
            0.1783933937549591
          ],
          [
            -0.09304888546466827,
            -0.568108081817627,
            -0.8176767230033875,
            -0.04335278272628784
          ],
          [
            -0.9195699095726013,
            -0.26585549116134644,
            0.28935474157333374,
            1.425548791885376
          ],
          [
            0.0,
            0.0,
            0.0,
            1.0
          ]
        ]
      },
      "bone_length_armature_space": 0.2679696177588112,
      "parent": "spine_01",
      "has_children": true,
      "is_end_bone": false
    },
    "lowerarm_l": {
      "name": "lowerarm_l",
      "local": {
        "location": {
          "x": 0.0,
          "y": 0.0,
          "z": 0.0
        },
        "rotation_quaternion": {
          "w": 0.8203460574150085,
          "x": 0.44055089354515076,
          "y": -0.2831462323665619,
          "z": 0.22972935438156128
        },
        "scale": {
          "x": 1.0,
          "y": 1.0,
          "z": 1.0
        },
        "matrix_basis": [
          [
            0.7341052889823914,
            -0.6263957619667053,
            -0.26214084029197693,
            0.0
          ],
          [
            0.12743449211120605,
            0.5062786936759949,
            -0.852902352809906,
            0.0
          ],
          [
            0.6669707298278809,
            0.5927143692970276,
            0.4514862298965454,
            0.0
          ],
          [
            0.0,
            0.0,
            0.0,
            1.0
          ]
        ],
        "rotation_mode": "QUATERNION"
      },
      "armature_space": {
        "head": {
          "x": 0.38709598779678345,
          "y": -0.2588324546813965,
          "z": 0.40445372462272644
        },
        "tail": {
          "x": 0.4709926247596741,
          "y": -0.42090359330177307,
          "z": 0.6000659465789795
        }
      },
      "world_space": {
        "head": {
          "x": 0.38709598779678345,
          "y": -0.19558845460414886,
          "z": 1.354307770729065
        },
        "tail": {
          "x": 0.4709926247596741,
          "y": -0.35765957832336426,
          "z": 1.5499199628829956
        },
        "rotation_quaternion": {
          "w": 0.31832918524742126,
          "x": 0.34429728984832764,
          "y": -0.30944696068763733,
          "z": -0.827265739440918
        },
        "matrix": [
          [
            -0.5602514147758484,
            0.3136035203933716,
            -0.7666622996330261,
            0.38709598779678345
          ],
          [
            -0.7397698163986206,
            -0.605817973613739,
            0.2927890121936798,
            -0.19558845460414886
          ],
          [
            -0.3726414442062378,
            0.7311936616897583,
            0.5714091062545776,
            1.354307770729065
          ],
          [
            0.0,
            0.0,
            0.0,
            1.0
          ]
        ]
      },
      "bone_length_armature_space": 0.2675254005848819,
      "parent": "upperarm_l",
      "has_children": true,
      "is_end_bone": false
    },
    "metacarpal_thumb_l": {
      "name": "metacarpal_thumb_l",
      "local": {
        "location": {
          "x": 0.0,
          "y": 0.0,
          "z": 0.0
        },
        "rotation_quaternion": {
          "w": 0.9993191957473755,
          "x": -0.030149484053254128,
          "y": 0.014501278288662434,
          "z": -0.01555249746888876
        },
        "scale": {
          "x": 1.0,
          "y": 1.0,
          "z": 1.0
        },
        "matrix_basis": [
          [
            0.9990956783294678,
            0.030209407210350037,
            0.029920611530542374,
            0.0
          ],
          [
            -0.03195822983980179,
            0.9976982474327087,
            0.05980685353279114,
            0.0
          ],
          [
            -0.028045011684298515,
            -0.06070897728204727,
            0.9977614283561707,
            0.0
          ],
          [
            0.0,
            0.0,
            0.0,
            1.0
          ]
        ],
        "rotation_mode": "QUATERNION"
      },
      "armature_space": {
        "head": {
          "x": 0.4709926247596741,
          "y": -0.42090359330177307,
          "z": 0.6000659465789795
        },
        "tail": {
          "x": 0.4587290287017822,
          "y": -0.4417358338832855,
          "z": 0.6433005332946777
        }
      },
      "world_space": {
        "head": {
          "x": 0.4709926247596741,
          "y": -0.35765957832336426,
          "z": 1.5499199628829956
        },
        "tail": {
          "x": 0.4587290287017822,
          "y": -0.3784918189048767,
          "z": 1.5931545495986938
        },
        "rotation_quaternion": {
          "w": 0.47045543789863586,
          "x": 0.8204083442687988,
          "y": -0.2615108788013458,
          "z": -0.1929095983505249
        },
        "matrix": [
          [
            0.7887953519821167,
            -0.24758115410804749,
            -0.5625880360603333,
            0.4709926247596741
          ],
          [
            -0.6106026768684387,
            -0.4205670654773712,
            -0.6710348725318909,
            -0.35765957832336426
          ],
          [
            -0.07047151029109955,
            0.8728326559066772,
            -0.4829191565513611,
            1.5499199628829956
          ],
          [
            0.0,
            0.0,
            0.0,
            1.0
          ]
        ]
      },
      "bone_length_armature_space": 0.04953390260266233,
      "parent": "lowerarm_l",
      "has_children": true,
      "is_end_bone": false
    },
    "thumb_01_l": {
      "name": "thumb_01_l",
      "local": {
        "location": {
          "x": 0.0,
          "y": 0.0,
          "z": 0.0
        },
        "rotation_quaternion": {
          "w": 0.9997027516365051,
          "x": -0.011026316322386265,
          "y": 0.02173294872045517,
          "z": -0.0007234483491629362
        },
        "scale": {
          "x": 1.0,
          "y": 1.0,
          "z": 1.0
        },
        "matrix_basis": [
          [
            0.9990543127059937,
            0.0009671978768892586,
            0.04346892982721329,
            0.0
          ],
          [
            -0.001925735385157168,
            0.9997557997703552,
            0.02201463282108307,
            0.0
          ],
          [
            -0.04343702271580696,
            -0.022077523171901703,
            0.998812198638916,
            0.0
          ],
          [
            0.0,
            0.0,
            0.0,
            1.0
          ]
        ],
        "rotation_mode": "QUATERNION"
      },
      "armature_space": {
        "head": {
          "x": 0.4587290287017822,
          "y": -0.4417358338832855,
          "z": 0.6433005332946777
        },
        "tail": {
          "x": 0.43519529700279236,
          "y": -0.4650663137435913,
          "z": 0.6510772705078125
        }
      },
      "world_space": {
        "head": {
          "x": 0.4587290287017822,
          "y": -0.3784918189048767,
          "z": 1.5931545495986938
        },
        "tail": {
          "x": 0.43519529700279236,
          "y": -0.4018223285675049,
          "z": 1.6009312868118286
        },
        "rotation_quaternion": {
          "w": 0.3460671305656433,
          "x": 0.6770979762077332,
          "y": -0.19372855126857758,
          "z": 0.6198751330375671
        },
        "matrix": [
          [
            0.1564483791589737,
            -0.6913840174674988,
            0.7053452730178833,
            0.4587290287017822
          ],
          [
            0.16669055819511414,
            -0.6854128837585449,
            -0.7088185548782349,
            -0.3784918189048767
          ],
          [
            0.9735254049301147,
            0.22846877574920654,
            0.008014839142560959,
            1.5931545495986938
          ],
          [
            0.0,
            0.0,
            0.0,
            1.0
          ]
        ]
      },
      "bone_length_armature_space": 0.03403858794872431,
      "parent": "metacarpal_thumb_l",
      "has_children": true,
      "is_end_bone": false
    },
    "thumb_02_l": {
      "name": "thumb_02_l",
      "local": {
        "location": {
          "x": 0.0,
          "y": 0.0,
          "z": 0.0
        },
        "rotation_quaternion": {
          "w": 0.9977701902389526,
          "x": 0.06612860411405563,
          "y": 0.008327198214828968,
          "z": 0.0035143671557307243
        },
        "scale": {
          "x": 1.0,
          "y": 1.0,
          "z": 1.0
        },
        "matrix_basis": [
          [
            0.9998366236686707,
            -0.005911729764193296,
            0.017082059755921364,
            0.0
          ],
          [
            0.008114393800497055,
            0.9912292957305908,
            -0.1319037675857544,
            0.0
          ],
          [
            -0.016152460128068924,
            0.13202083110809326,
            0.9911153316497803,
            0.0
          ],
          [
            0.0,
            0.0,
            0.0,
            1.0
          ]
        ],
        "rotation_mode": "QUATERNION"
      },
      "armature_space": {
        "head": {
          "x": 0.43519526720046997,
          "y": -0.4650662839412689,
          "z": 0.6510772705078125
        },
        "tail": {
          "x": 0.4476020634174347,
          "y": -0.48957425355911255,
          "z": 0.6803795099258423
        }
      },
      "world_space": {
        "head": {
          "x": 0.43519526720046997,
          "y": -0.4018222689628601,
          "z": 1.6009312868118286
        },
        "tail": {
          "x": 0.4476020634174347,
          "y": -0.4263302683830261,
          "z": 1.6302335262298584
        },
        "rotation_quaternion": {
          "w": 0.12740910053253174,
          "x": 0.5734131932258606,
          "y": 0.4226941764354706,
          "z": 0.690140426158905
        },
        "matrix": [
          [
            -0.3099275827407837,
            0.30890005826950073,
            0.8991804122924805,
            0.43519526720046997
          ],
          [
            0.660618007183075,
            -0.6101911067962646,
            0.43732255697250366,
            -0.4018222689628601
          ],
          [
            0.68376624584198,
            0.7295575141906738,
            -0.014949560165405273,
            1.6009312868118286
          ],
          [
            0.0,
            0.0,
            0.0,
            1.0
          ]
        ]
      },
      "bone_length_armature_space": 0.040164541546247,
      "parent": "thumb_01_l",
      "has_children": true,
      "is_end_bone": false
    },
    "thumb_03_l": {
      "name": "thumb_03_l",
      "local": {
        "location": {
          "x": 0.0,
          "y": 0.0,
          "z": 0.0
        },
        "rotation_quaternion": {
          "w": 0.996989905834198,
          "x": 0.07752405107021332,
          "y": 0.0009809776674956083,
          "z": 0.0004862116475123912
        },
        "scale": {
          "x": 1.0,
          "y": 1.0,
          "z": 1.0
        },
        "matrix_basis": [
          [
            0.999997615814209,
            -0.0008173974929377437,
            0.0020314359571784735,
            0.0
          ],
          [
            0.00112159491982311,
            0.9879795908927917,
            -0.15458044409751892,
            0.0
          ],
          [
            -0.0018806634470820427,
            0.15458235144615173,
            0.9879781007766724,
            0.0
          ],
          [
            0.0,
            0.0,
            0.0,
            1.0
          ]
        ],
        "rotation_mode": "QUATERNION"
      },
      "armature_space": {
        "head": {
          "x": 0.44760197401046753,
          "y": -0.48957422375679016,
          "z": 0.6803795099258423
        },
        "tail": {
          "x": 0.4682319462299347,
          "y": -0.5030338764190674,
          "z": 0.6982718706130981
        }
      },
      "world_space": {
        "head": {
          "x": 0.44760197401046753,
          "y": -0.42633020877838135,
          "z": 1.6302335262298584
        },
        "tail": {
          "x": 0.4682319462299347,
          "y": -0.43978989124298096,
          "z": 1.6481258869171143
        },
        "rotation_quaternion": {
          "w": 0.13487592339515686,
          "x": -0.4781440794467926,
          "y": -0.5106461644172668,
          "z": -0.7017317414283752
        },
        "matrix": [
          [
            -0.506374716758728,
            0.6776169538497925,
            0.5333101153373718,
            0.44760197401046753
          ],
          [
            0.2990296483039856,
            -0.4420996606349945,
            0.8456533551216125,
            -0.42633020877838135
          ],
          [
            0.8088111281394958,
            0.5876965522766113,
            0.021241530776023865,
            1.6302335262298584
          ],
          [
            0.0,
            0.0,
            0.0,
            1.0
          ]
        ]
      },
      "bone_length_armature_space": 0.030444943535545506,
      "parent": "thumb_02_l",
      "has_children": false,
      "is_end_bone": true
    },
    "metacarpal_index_l": {
      "name": "metacarpal_index_l",
      "local": {
        "location": {
          "x": 0.0,
          "y": 0.0,
          "z": 0.0
        },
        "rotation_quaternion": {
          "w": 0.9977952837944031,
          "x": -0.0659460574388504,
          "y": 0.006287737283855677,
          "z": -0.004037685692310333
        },
        "scale": {
          "x": 1.0,
          "y": 1.0,
          "z": 1.0
        },
        "matrix_basis": [
          [
            0.9998883008956909,
            0.007228264585137367,
            0.013080287724733353,
            0.0
          ],
          [
            -0.008886869996786118,
            0.9912696480751038,
            0.13155055046081543,
            0.0
          ],
          [
            -0.012015210464596748,
            -0.1316521018743515,
            0.991223156452179,
            0.0
          ],
          [
            0.0,
            0.0,
            0.0,
            1.0
          ]
        ],
        "rotation_mode": "QUATERNION"
      },
      "armature_space": {
        "head": {
          "x": 0.4709926247596741,
          "y": -0.42090359330177307,
          "z": 0.6000659465789795
        },
        "tail": {
          "x": 0.48995310068130493,
          "y": -0.4776988923549652,
          "z": 0.7007840871810913
        }
      },
      "world_space": {
        "head": {
          "x": 0.4709926247596741,
          "y": -0.35765957832336426,
          "z": 1.5499199628829956
        },
        "tail": {
          "x": 0.48995310068130493,
          "y": -0.4144548773765564,
          "z": 1.6506381034851074
        },
        "rotation_quaternion": {
          "w": 0.45378199219703674,
          "x": 0.6855576634407043,
          "y": -0.2274269312620163,
          "z": -0.52189040184021
        },
        "matrix": [
          [
            0.35181671380996704,
            0.16181784868240356,
            -0.9219760894775391,
            0.4709926247596741
          ],
          [
            -0.7854769229888916,
            -0.4847185015678406,
            -0.3848041296005249,
            -0.35765957832336426
          ],
          [
            -0.5091712474822998,
            0.8595770597457886,
            -0.043428465723991394,
            1.5499199628829956
          ],
          [
            0.0,
            0.0,
            0.0,
            1.0
          ]
        ]
      },
      "bone_length_armature_space": 0.11717230902003062,
      "parent": "lowerarm_l",
      "has_children": true,
      "is_end_bone": false
    },
    "index_01_l": {
      "name": "index_01_l",
      "local": {
        "location": {
          "x": 0.0,
          "y": 0.0,
          "z": 0.0
        },
        "rotation_quaternion": {
          "w": 0.9919899702072144,
          "x": -0.12426914274692535,
          "y": 0.02167443372309208,
          "z": 0.006592564284801483
        },
        "scale": {
          "x": 1.0,
          "y": 1.0,
          "z": 1.0
        },
        "matrix_basis": [
          [
            0.9989734888076782,
            -0.018466442823410034,
            0.04136313870549202,
            0.0
          ],
          [
            0.007692588493227959,
            0.9690274596214294,
            0.24683326482772827,
            0.0
          ],
          [
            -0.04464014619588852,
            -0.24626170098781586,
            0.9681748151779175,
            0.0
          ],
          [
            0.0,
            0.0,
            0.0,
            1.0
          ]
        ],
        "rotation_mode": "QUATERNION"
      },
      "armature_space": {
        "head": {
          "x": 0.48995310068130493,
          "y": -0.4776988923549652,
          "z": 0.7007840871810913
        },
        "tail": {
          "x": 0.5068351030349731,
          "y": -0.49250173568725586,
          "z": 0.718360960483551
        }
      },
      "world_space": {
        "head": {
          "x": 0.48995310068130493,
          "y": -0.4144548773765564,
          "z": 1.6506381034851074
        },
        "tail": {
          "x": 0.5068351030349731,
          "y": -0.42925775051116943,
          "z": 1.668215036392212
        },
        "rotation_quaternion": {
          "w": 0.4900193512439728,
          "x": 0.6498767137527466,
          "y": 0.01763860136270523,
          "z": -0.5807152390480042
        },
        "matrix": [
          [
            0.32491806149482727,
            0.5920521020889282,
            -0.7374975681304932,
            0.48995310068130493
          ],
          [
            -0.5461978912353516,
            -0.5191364884376526,
            -0.6573929190635681,
            -0.4144548773765564
          ],
          [
            -0.7720784544944763,
            0.6164222359657288,
            0.1547013819217682,
            1.6506381034851074
          ],
          [
            0.0,
            0.0,
            0.0,
            1.0
          ]
        ]
      },
      "bone_length_armature_space": 0.028514428534130623,
      "parent": "metacarpal_index_l",
      "has_children": true,
      "is_end_bone": false
    },
    "index_02_l": {
      "name": "index_02_l",
      "local": {
        "location": {
          "x": 0.0,
          "y": 0.0,
          "z": 0.0
        },
        "rotation_quaternion": {
          "w": 0.9979293346405029,
          "x": 0.06406247615814209,
          "y": -0.001954046543687582,
          "z": 0.00540444441139698
        },
        "scale": {
          "x": 1.0,
          "y": 1.0,
          "z": 1.0
        },
        "matrix_basis": [
          [
            0.9999339580535889,
            -0.011036869138479233,
            -0.003207556437700987,
            0.0
          ],
          [
            0.01053614541888237,
            0.9917336106300354,
            -0.1278807669878006,
            0.0
          ],
          [
            0.004592444747686386,
            0.12783852219581604,
            0.9917843341827393,
            0.0
          ],
          [
            0.0,
            0.0,
            0.0,
            1.0
          ]
        ],
        "rotation_mode": "QUATERNION"
      },
      "armature_space": {
        "head": {
          "x": 0.5068349838256836,
          "y": -0.49250203371047974,
          "z": 0.7183614373207092
        },
        "tail": {
          "x": 0.52030348777771,
          "y": -0.5074829459190369,
          "z": 0.7342442870140076
        }
      },
      "world_space": {
        "head": {
          "x": 0.5068349838256836,
          "y": -0.4292580485343933,
          "z": 1.6682155132293701
        },
        "tail": {
          "x": 0.52030348777771,
          "y": -0.44423896074295044,
          "z": 1.684098243713379
        },
        "rotation_quaternion": {
          "w": 0.455564945936203,
          "x": 0.6505974531173706,
          "y": -0.021700091660022736,
          "z": -0.6072170734405518
        },
        "matrix": [
          [
            0.2616334855556488,
            0.5250205993652344,
            -0.8098774552345276,
            0.5068349838256836
          ],
          [
            -0.5814902782440186,
            -0.5839765667915344,
            -0.5664281249046326,
            -0.4292580485343933
          ],
          [
            -0.7703414559364319,
            0.6191360354423523,
            0.15250720083713531,
            1.6682155132293701
          ],
          [
            0.0,
            0.0,
            0.0,
            1.0
          ]
        ]
      },
      "bone_length_armature_space": 0.02565332773826335,
      "parent": "index_01_l",
      "has_children": true,
      "is_end_bone": false
    },
    "index_03_l": {
      "name": "index_03_l",
      "local": {
        "location": {
          "x": 0.0,
          "y": 0.0,
          "z": 0.0
        },
        "rotation_quaternion": {
          "w": 0.9999194145202637,
          "x": 0.011983445845544338,
          "y": -0.0008223445620387793,
          "z": -0.0041246917098760605
        },
        "scale": {
          "x": 1.0,
          "y": 1.0,
          "z": 1.0
        },
        "matrix_basis": [
          [
            0.9999645948410034,
            0.008229009807109833,
            -0.0017434125766158104,
            0.0
          ],
          [
            -0.008268428035080433,
            0.9996787905693054,
            -0.023958176374435425,
            0.0
          ],
          [
            0.0015457005938515067,
            0.023971743881702423,
            0.9997114539146423,
            0.0
          ],
          [
            0.0,
            0.0,
            0.0,
            1.0
          ]
        ],
        "rotation_mode": "QUATERNION"
      },
      "armature_space": {
        "head": {
          "x": 0.5203036069869995,
          "y": -0.5074828267097473,
          "z": 0.7342442870140076
        },
        "tail": {
          "x": 0.5336070656776428,
          "y": -0.5279011726379395,
          "z": 0.7503639459609985
        }
      },
      "world_space": {
        "head": {
          "x": 0.5203036069869995,
          "y": -0.4442388415336609,
          "z": 1.684098243713379
        },
        "tail": {
          "x": 0.5336070656776428,
          "y": -0.464657187461853,
          "z": 1.7002179622650146
        },
        "rotation_quaternion": {
          "w": 0.38795188069343567,
          "x": 0.6965419054031372,
          "y": -0.009309872053563595,
          "z": -0.6035197377204895
        },
        "matrix": [
          [
            0.2713545262813568,
            0.4553065896034241,
            -0.8479756116867065,
            0.5203036069869995
          ],
          [
            -0.4812431037425995,
            -0.6988112926483154,
            -0.5292147397994995,
            -0.4442388415336609
          ],
          [
            -0.8335358500480652,
            0.5516904592514038,
            0.029487451538443565,
            1.684098243713379
          ],
          [
            0.0,
            0.0,
            0.0,
            1.0
          ]
        ]
      },
      "bone_length_armature_space": 0.029218731166758945,
      "parent": "index_02_l",
      "has_children": false,
      "is_end_bone": true
    },
    "metacarpal_pinky_l": {
      "name": "metacarpal_pinky_l",
      "local": {
        "location": {
          "x": 0.0,
          "y": 0.0,
          "z": 0.0
        },
        "rotation_quaternion": {
          "w": 0.9998390674591064,
          "x": 0.015623094514012337,
          "y": 0.0077635906636714935,
          "z": -0.004197875503450632
        },
        "scale": {
          "x": 1.0,
          "y": 1.0,
          "z": 1.0
        },
        "matrix_basis": [
          [
            0.9998441934585571,
            0.008636982180178165,
            0.01539351511746645,
            0.0
          ],
          [
            -0.008151817135512829,
            0.9994766116142273,
            -0.03130634129047394,
            0.0
          ],
          [
            -0.015655850991606712,
            0.031175978481769562,
            0.9993913173675537,
            0.0
          ],
          [
            0.0,
            0.0,
            0.0,
            1.0
          ]
        ],
        "rotation_mode": "QUATERNION"
      },
      "armature_space": {
        "head": {
          "x": 0.4709926247596741,
          "y": -0.42090359330177307,
          "z": 0.6000659465789795
        },
        "tail": {
          "x": 0.5265311598777771,
          "y": -0.4883510172367096,
          "z": 0.6567189693450928
        }
      },
      "world_space": {
        "head": {
          "x": 0.4709926247596741,
          "y": -0.35765957832336426,
          "z": 1.5499199628829956
        },
        "tail": {
          "x": 0.5265311598777771,
          "y": -0.4251070022583008,
          "z": 1.6065729856491089
        },
        "rotation_quaternion": {
          "w": 0.1869199424982071,
          "x": -0.28023844957351685,
          "y": -0.3757680058479309,
          "z": -0.8633224964141846
        },
        "matrix": [
          [
            -0.773054838180542,
            0.533353865146637,
            0.3433942198753357,
            0.4709926247596741
          ],
          [
            -0.11213622242212296,
            -0.6477184891700745,
            0.7535823583602905,
            -0.35765957832336426
          ],
          [
            0.6243532299995422,
            0.5440568327903748,
            0.5605350136756897,
            1.5499199628829956
          ],
          [
            0.0,
            0.0,
            0.0,
            1.0
          ]
        ]
      },
      "bone_length_armature_space": 0.1041309225824002,
      "parent": "lowerarm_l",
      "has_children": true,
      "is_end_bone": false
    },
    "pinky_01_l": {
      "name": "pinky_01_l",
      "local": {
        "location": {
          "x": 0.0,
          "y": 0.0,
          "z": 0.0
        },
        "rotation_quaternion": {
          "w": 0.958503246307373,
          "x": 0.28459179401397705,
          "y": 0.011651808395981789,
          "z": 0.011971982195973396
        },
        "scale": {
          "x": 1.0,
          "y": 1.0,
          "z": 1.0
        },
        "matrix_basis": [
          [
            0.9994418025016785,
            -0.016318349167704582,
            0.02915084734559059,
            0.0
          ],
          [
            0.02958238497376442,
            0.8377283811569214,
            -0.5452853441238403,
            0.0
          ],
          [
            -0.015522336587309837,
            0.5458433032035828,
            0.8377435207366943,
            0.0
          ],
          [
            0.0,
            0.0,
            0.0,
            1.0
          ]
        ],
        "rotation_mode": "QUATERNION"
      },
      "armature_space": {
        "head": {
          "x": 0.5265311598777771,
          "y": -0.4883510172367096,
          "z": 0.6567189693450928
        },
        "tail": {
          "x": 0.5240252017974854,
