{
  "metadata": {
    "armature_name": "KIM_caucasian_male",
    "export_time": "2026-01-13T20:55:16.396984",
    "blender_version": "4.4.1",
    "bone_count": 56,
    "end_bone_count": 13,
    "spaces_included": [
      "LOCAL_CHANNELS",
      "ARMATURE_SPACE",
      "WORLD_SPACE"
    ],
    "note": "LOCAL matches Transform panel; replay pose via local.matrix_basis for best fidelity."
  },
  "bones": {
    "Root": {
      "name": "Root",
      "local": {
        "location": {
          "x": 0.0,
          "y": 0.0,
          "z": 0.0
        },
        "rotation_quaternion": {
          "w": 0.9997252821922302,
          "x": -0.018771713599562645,
          "y": -0.012589371763169765,
          "z": 0.006209926214069128
        },
        "scale": {
          "x": 1.0,
          "y": 1.0,
          "z": 1.0
        },
        "matrix_basis": [
          [
            0.9996058940887451,
            -0.01194379199296236,
            -0.025404969230294228,
            0.0
          ],
          [
            0.012889089062809944,
            0.9992181062698364,
            0.037376753985881805,
            0.0
          ],
          [
            0.024938683956861496,
            -0.03768946975469589,
            0.9989782571792603,
            0.0
          ],
          [
            0.0,
            0.0,
            0.0,
            1.0
          ]
        ],
        "rotation_mode": "QUATERNION"
      },
      "armature_space": {
        "head": {
          "x": 0.0,
          "y": 0.07072800397872925,
          "z": -0.009595036506652832
        },
        "tail": {
          "x": -0.0008524985169060528,
          "y": 0.0004169344902038574,
          "z": 0.002658216282725334
        }
      },
      "world_space": {
        "head": {
          "x": 0.0,
          "y": 0.13397200405597687,
          "z": 0.9402589797973633
        },
        "tail": {
          "x": -0.0008524985169060528,
          "y": 0.06366093456745148,
          "z": 0.9525122046470642
        },
        "rotation_quaternion": {
          "w": 0.0860782116651535,
          "x": 0.996189534664154,
          "y": -0.007043938152492046,
          "z": -0.0121424226090312
        },
        "matrix": [
          [
            0.9996058940887451,
            -0.01194379199296236,
            -0.025404969230294228,
            0.0
          ],
          [
            -0.016124596819281578,
            -0.9850817918777466,
            -0.1713298261165619,
            0.13397200405597687
          ],
          [
            -0.022979818284511566,
            0.17167221009731293,
            -0.9848931431770325,
            0.9402589797973633
          ],
          [
            0.0,
            0.0,
            0.0,
            1.0
          ]
        ]
      },
      "bone_length_armature_space": 0.07137587444475876,
      "parent": null,
      "has_children": true,
      "is_end_bone": false
    },
    "spine_01": {
      "name": "spine_01",
      "local": {
        "location": {
          "x": 0.0,
          "y": 0.0,
          "z": 0.0
        },
        "rotation_quaternion": {
          "w": 0.997367262840271,
          "x": 0.03119749203324318,
          "y": 0.03176145628094673,
          "z": 0.057241667062044144
        },
        "scale": {
          "x": 1.0,
          "y": 1.0,
          "z": 1.0
        },
        "matrix_basis": [
          [
            0.9914292097091675,
            -0.11220017075538635,
            0.06692726910114288,
            0.0
          ],
          [
            0.11616368591785431,
            0.991500198841095,
            -0.058594558387994766,
            0.0
          ],
          [
            -0.05978408083319664,
            0.0658668726682663,
            0.9960358738899231,
            0.0
          ],
          [
            0.0,
            0.0,
            0.0,
            1.0
          ]
        ],
        "rotation_mode": "QUATERNION"
      },
      "armature_space": {
        "head": {
          "x": -0.0008524985169060528,
          "y": 0.0004169344902038574,
          "z": 0.002658216282725334
        },
        "tail": {
          "x": -0.04430275037884712,
          "y": 0.0099225714802742,
          "z": 0.4886316955089569
        }
      },
      "world_space": {
        "head": {
          "x": -0.0008524985169060528,
          "y": 0.06366093456745148,
          "z": 0.9525122046470642
        },
        "tail": {
          "x": -0.04430275037884712,
          "y": 0.07316657155752182,
          "z": 1.4384857416152954
        },
        "rotation_quaternion": {
          "w": 0.7138457894325256,
          "x": 0.6984087228775024,
          "y": -0.012779227457940578,
          "z": 0.04986157640814781
        },
        "matrix": [
          [
            0.9947010278701782,
            -0.08903717249631882,
            0.05140332132577896,
            -0.0008524985169060528
          ],
          [
            0.053337350487709045,
            0.01947871595621109,
            -0.9983866214752197,
            0.06366093456745148
          ],
          [
            0.08789291232824326,
            0.9958447813987732,
            0.024123769253492355,
            0.9525122046470642
          ],
          [
            0.0,
            0.0,
            0.0,
            1.0
          ]
        ]
      },
      "bone_length_armature_space": 0.4880046095237384,
      "parent": "Root",
      "has_children": true,
      "is_end_bone": false
    },
    "neck_01": {
      "name": "neck_01",
      "local": {
        "location": {
          "x": 0.0,
          "y": 0.0,
          "z": 0.0
        },
        "rotation_quaternion": {
          "w": 0.9967443943023682,
          "x": 0.007542710285633802,
          "y": 0.022682158276438713,
          "z": -0.0770016759634018
        },
        "scale": {
          "x": 1.0,
          "y": 1.0,
          "z": 1.0
        },
        "matrix_basis": [
          [
            0.9871125221252441,
            0.15384414792060852,
            0.04405502602458,
            0.0
          ],
          [
            -0.15315981209278107,
            0.9880276918411255,
            -0.018529437482357025,
            0.0
          ],
          [
            -0.046378232538700104,
            0.011543179862201214,
            0.9988572597503662,
            0.0
          ],
          [
            0.0,
            0.0,
            0.0,
            1.0
          ]
        ],
        "rotation_mode": "QUATERNION"
      },
      "armature_space": {
        "head": {
          "x": -0.04903922602534294,
          "y": -0.023275714367628098,
          "z": 0.5623825788497925
        },
        "tail": {
          "x": -0.03961869701743126,
          "y": -0.060156285762786865,
          "z": 0.6575762033462524
        }
      },
      "world_space": {
        "head": {
          "x": -0.04903922602534294,
          "y": 0.03996828570961952,
          "z": 1.5122365951538086
        },
        "tail": {
          "x": -0.03961869701743126,
          "y": 0.0030877143144607544,
          "z": 1.6074302196502686
        },
        "rotation_quaternion": {
          "w": 0.5610415935516357,
          "x": 0.8241406083106995,
          "y": 0.07324211299419403,
          "z": 0.025697961449623108
        },
        "matrix": [
          [
            0.9879503846168518,
            0.09188846498727798,
            0.12454155087471008,
            -0.04903922602534294
          ],
          [
            0.14955919981002808,
            -0.35973554849624634,
            -0.9209900498390198,
            0.03996828570961952
          ],
          [
            -0.03982646018266678,
            0.9285247325897217,
            -0.36914700269699097,
            1.5122365951538086
          ],
          [
            0.0,
            0.0,
            0.0,
            1.0
          ]
        ]
      },
      "bone_length_armature_space": 0.10252194573952526,
      "parent": "spine_01",
      "has_children": true,
      "is_end_bone": false
    },
    "head": {
      "name": "head",
      "local": {
        "location": {
          "x": 0.0,
          "y": 0.0,
          "z": 0.0
        },
        "rotation_quaternion": {
          "w": 0.9883123636245728,
          "x": 0.05547945201396942,
          "y": 0.11421534419059753,
          "z": -0.08435479551553726
        },
        "scale": {
          "x": 1.0,
          "y": 1.0,
          "z": 1.0
        },
        "matrix_basis": [
          [
            0.9596782326698303,
            0.17941097915172577,
            0.21640095114707947,
            0.0
          ],
          [
            -0.15406456589698792,
            0.9796125888824463,
            -0.12893128395080566,
            0.0
          ],
          [
            -0.23512078821659088,
            0.0903928354382515,
            0.9677537679672241,
            0.0
          ],
          [
            0.0,
            0.0,
            0.0,
            1.0
          ]
        ],
        "rotation_mode": "QUATERNION"
      },
      "armature_space": {
        "head": {
          "x": -0.039618685841560364,
          "y": -0.06015639752149582,
          "z": 0.6575760245323181
        },
        "tail": {
          "x": -0.003982510417699814,
          "y": -0.07033487409353256,
          "z": 0.8081740140914917
        }
      },
      "world_space": {
        "head": {
          "x": -0.039618685841560364,
          "y": 0.0030876025557518005,
          "z": 1.6074299812316895
        },
        "tail": {
          "x": -0.003982510417699814,
          "y": -0.007090874016284943,
          "z": 1.7580280303955078
        },
        "rotation_quaternion": {
          "w": 0.6513279676437378,
          "x": 0.7278501391410828,
          "y": 0.20726045966148376,
          "z": 0.05521968752145767
        },
        "matrix": [
          [
            0.9079872965812683,
            0.22977706789970398,
            0.35037362575531006,
            -0.039618685841560364
          ],
          [
            0.37364253401756287,
            -0.06562937796115875,
            -0.9252482056617737,
            0.0030876025557518005
          ],
          [
            -0.18960696458816528,
            0.9710346460342407,
            -0.14544692635536194,
            1.6074299812316895
          ],
          [
            0.0,
            0.0,
            0.0,
            1.0
          ]
        ]
      },
      "bone_length_armature_space": 0.15509123770957164,
      "parent": "neck_01",
      "has_children": false,
      "is_end_bone": true
    },
    "upperarm_l": {
      "name": "upperarm_l",
      "local": {
        "location": {
          "x": 0.0,
          "y": 0.0,
          "z": 0.0
        },
        "rotation_quaternion": {
          "w": 0.9627969264984131,
          "x": -0.06586404889822006,
          "y": -0.03440651670098305,
          "z": -0.2598079442977905
        },
        "scale": {
          "x": 1.0,
          "y": 1.0,
          "z": 1.0
        },
        "matrix_basis": [
          [
            0.8626320362091064,
            0.5048168897628784,
            -0.03202896937727928,
            0.0
          ],
          [
            -0.4957522749900818,
            0.8563235402107239,
            0.14470557868480682,
            0.0
          ],
          [
            0.10047698020935059,
            -0.10894923657178879,
            0.9889562129974365,
            0.0
          ],
          [
            0.0,
            0.0,
            0.0,
            1.0
          ]
        ],
        "rotation_mode": "QUATERNION"
      },
      "armature_space": {
        "head": {
          "x": 0.10631386190652847,
          "y": -0.019768215715885162,
          "z": 0.5087149143218994
        },
        "tail": {
          "x": 0.34043174982070923,
          "y": 0.030833333730697632,
          "z": 0.3885645568370819
        }
      },
      "world_space": {
        "head": {
          "x": 0.10631386190652847,
          "y": 0.04347578436136246,
          "z": 1.4585689306259155
        },
        "tail": {
          "x": 0.34043174982070923,
          "y": 0.09407733380794525,
          "z": 1.3384186029434204
        },
        "rotation_quaternion": {
          "w": 0.4488000273704529,
          "x": 0.2914382517337799,
          "y": 0.626893937587738,
          "z": -0.5662563443183899
        },
        "matrix": [
          [
            -0.42728391289711,
            0.8736739158630371,
            0.23264247179031372,
            0.10631386190652847
          ],
          [
            -0.1428733468055725,
            0.1888332962989807,
            -0.9715602993965149,
            0.04347578436136246
          ],
          [
            -0.8927637338638306,
            -0.44837337732315063,
            0.04413870722055435,
            1.4585689306259155
          ],
          [
            0.0,
            0.0,
            0.0,
            1.0
          ]
        ]
      },
      "bone_length_armature_space": 0.26796979674588056,
      "parent": "spine_01",
      "has_children": true,
      "is_end_bone": false
    },
    "lowerarm_l": {
      "name": "lowerarm_l",
      "local": {
        "location": {
          "x": 0.0,
          "y": 0.0,
          "z": 0.0
        },
        "rotation_quaternion": {
          "w": 0.9833101630210876,
          "x": 0.16722962260246277,
          "y": 0.03273523226380348,
          "z": 0.0637483224272728
        },
        "scale": {
          "x": 1.0,
          "y": 1.0,
          "z": 1.0
        },
        "matrix_basis": [
          [
            0.989729106426239,
            -0.11442014575004578,
            0.08569899201393127,
            0.0
          ],
          [
            0.13631734251976013,
            0.9359408020973206,
            -0.32470354437828064,
            0.0
          ],
          [
            -0.043056558817625046,
            0.33305081725120544,
            0.9419252872467041,
            0.0
          ],
          [
            0.0,
            0.0,
            0.0,
            1.0
          ]
        ],
        "rotation_mode": "QUATERNION"
      },
      "armature_space": {
        "head": {
          "x": 0.34043189883232117,
          "y": 0.030833322554826736,
          "z": 0.3885646164417267
        },
        "tail": {
          "x": 0.5978312492370605,
          "y": -0.025027964264154434,
          "z": 0.34171944856643677
        }
      },
      "world_space": {
        "head": {
          "x": 0.34043189883232117,
          "y": 0.09407731890678406,
          "z": 1.3384186029434204
        },
        "tail": {
          "x": 0.5978312492370605,
          "y": 0.038216035813093185,
          "z": 1.2915735244750977
        },
        "rotation_quaternion": {
          "w": 0.4539380967617035,
          "x": 0.4289644658565521,
          "y": 0.4353574514389038,
          "z": -0.6483776569366455
        },
        "matrix": [
          [
            -0.21985892951488495,
            0.9621525406837463,
            -0.1610109657049179,
            0.34043189883232117
          ],
          [
            -0.21514233946800232,
            -0.20880812406539917,
            -0.9539985656738281,
            0.09407731890678406
          ],
          [
            -0.9515191912651062,
            -0.17510613799095154,
            0.25290894508361816,
            1.3384186029434204
          ],
          [
            0.0,
            0.0,
            0.0,
            1.0
          ]
        ]
      },
      "bone_length_armature_space": 0.2675245320118078,
      "parent": "upperarm_l",
      "has_children": true,
      "is_end_bone": false
    },
    "metacarpal_thumb_l": {
      "name": "metacarpal_thumb_l",
      "local": {
        "location": {
          "x": 0.0,
          "y": 0.0,
          "z": 0.0
        },
        "rotation_quaternion": {
          "w": 0.9992004632949829,
          "x": -0.03772999346256256,
          "y": -0.013189650140702724,
          "z": -0.0009733459446579218
        },
        "scale": {
          "x": 1.0,
          "y": 1.0,
          "z": 1.0
        },
        "matrix_basis": [
          [
            0.9996501803398132,
            0.0029404263477772474,
            -0.026284759864211082,
            0.0
          ],
          [
            -0.0009498446015641093,
            0.9971510171890259,
            0.07542532682418823,
            0.0
          ],
          [
            0.026431657373905182,
            -0.07537397742271423,
            0.99680495262146,
            0.0
          ],
          [
            0.0,
            0.0,
            0.0,
            1.0
          ]
        ],
        "rotation_mode": "QUATERNION"
      },
      "armature_space": {
        "head": {
          "x": 0.5978312492370605,
          "y": -0.025027964264154434,
          "z": 0.34171944856643677
        },
        "tail": {
          "x": 0.6301719546318054,
          "y": -0.06225263327360153,
          "z": 0.33703041076660156
        }
      },
      "world_space": {
        "head": {
          "x": 0.5978312492370605,
          "y": 0.038216035813093185,
          "z": 1.2915735244750977
        },
        "tail": {
          "x": 0.6301719546318054,
          "y": 0.0009913668036460876,
          "z": 1.2868844270706177
        },
        "rotation_quaternion": {
          "w": 0.027708398178219795,
          "x": 0.9127110838890076,
          "y": 0.3513984978199005,
          "z": -0.2066640704870224
        },
        "matrix": [
          [
            0.6676177978515625,
            0.6529035568237305,
            -0.35777539014816284,
            0.5978312492370605
          ],
          [
            0.6299979090690613,
            -0.7515023946762085,
            -0.19582372903823853,
            0.038216035813093185
          ],
          [
            -0.39672526717185974,
            -0.09466354548931122,
            -0.9130508303642273,
            1.2915735244750977
          ],
          [
            0.0,
            0.0,
            0.0,
            1.0
          ]
        ]
      },
      "bone_length_armature_space": 0.04953366822324288,
      "parent": "lowerarm_l",
      "has_children": true,
      "is_end_bone": false
    },
    "thumb_01_l": {
      "name": "thumb_01_l",
      "local": {
        "location": {
          "x": 0.0,
          "y": 0.0,
          "z": 0.0
        },
        "rotation_quaternion": {
          "w": 0.9645108580589294,
          "x": 0.2630457580089569,
          "y": -0.009904185310006142,
          "z": -0.02068047598004341
        },
        "scale": {
          "x": 1.0,
          "y": 1.0,
          "z": 1.0
        },
        "matrix_basis": [
          [
            0.9989484548568726,
            0.03468257933855057,
            -0.029985211789608,
            0.0
          ],
          [
            -0.04510359466075897,
            0.8607584834098816,
            -0.507011353969574,
            0.0
          ],
          [
            0.008225565776228905,
            0.5078306198120117,
            0.8614176511764526,
            0.0
          ],
          [
            0.0,
            0.0,
            0.0,
            1.0
          ]
        ],
        "rotation_mode": "QUATERNION"
      },
      "armature_space": {
        "head": {
          "x": 0.6301719546318054,
          "y": -0.06225263327360153,
          "z": 0.33703041076660156
        },
        "tail": {
          "x": 0.6453708410263062,
          "y": -0.07435967028141022,
          "z": 0.30908313393592834
        }
      },
      "world_space": {
        "head": {
          "x": 0.6301719546318054,
          "y": 0.0009913668036460876,
          "z": 1.2868844270706177
        },
        "tail": {
          "x": 0.6453708410263062,
          "y": -0.011115670204162598,
          "z": 1.258937120437622
        },
        "rotation_quaternion": {
          "w": 0.5673289895057678,
          "x": -0.7348570823669434,
          "y": -0.017199089750647545,
          "z": -0.37125080823898315
        },
        "matrix": [
          [
            0.7237553596496582,
            0.4465194344520569,
            0.5261163711547852,
            0.6301719546318054
          ],
          [
            -0.39596250653266907,
            -0.3556858003139496,
            0.8465822339057922,
            0.0009913668036460876
          ],
          [
            0.5651512145996094,
            -0.8210468292236328,
            -0.08062431216239929,
            1.2868844270706177
          ],
          [
            0.0,
            0.0,
            0.0,
            1.0
          ]
        ]
      },
      "bone_length_armature_space": 0.03403875446436022,
      "parent": "metacarpal_thumb_l",
      "has_children": true,
      "is_end_bone": false
    },
    "thumb_02_l": {
      "name": "thumb_02_l",
      "local": {
        "location": {
          "x": 0.0,
          "y": 0.0,
          "z": 0.0
        },
        "rotation_quaternion": {
          "w": 0.8887835144996643,
          "x": 0.4582585394382477,
          "y": -0.0026519231032580137,
          "z": -0.007481001783162355
        },
        "scale": {
          "x": 1.0,
          "y": 1.0,
          "z": 1.0
        },
        "matrix_basis": [
          [
            0.9998739957809448,
            0.010867449454963207,
            -0.011570436879992485,
            0.0
          ],
          [
            -0.01572851464152336,
            0.5798863172531128,
            -0.8145455718040466,
            0.0
          ],
          [
            -0.0021424947772175074,
            0.8146249651908875,
            0.5799841284751892,
            0.0
          ],
          [
            0.0,
            0.0,
            0.0,
            1.0
          ]
        ],
        "rotation_mode": "QUATERNION"
      },
      "armature_space": {
        "head": {
          "x": 0.6453707814216614,
          "y": -0.07435969263315201,
          "z": 0.30908313393592834
        },
        "tail": {
          "x": 0.6695271730422974,
          "y": -0.0545603446662426,
          "z": 0.33433473110198975
        }
      },
      "world_space": {
        "head": {
          "x": 0.6453707814216614,
          "y": -0.011115692555904388,
          "z": 1.258937120437622
        },
        "tail": {
          "x": 0.6695271730422974,
          "y": 0.00868365541100502,
          "z": 1.2841887474060059
        },
        "rotation_quaternion": {
          "w": 0.7336887717247009,
          "x": 0.12515796720981598,
          "y": -0.4562678337097168,
          "z": -0.4877048432826996
        },
        "matrix": [
          [
            0.10792551934719086,
            0.6014382839202881,
            -0.7915957570075989,
            0.6453707814216614
          ],
          [
            -0.8298583030700684,
            0.49295762181282043,
            0.26139670610427856,
            -0.011115692555904388
          ],
          [
            0.5474402904510498,
            0.6287058591842651,
            0.5523151755332947,
            1.258937120437622
          ],
          [
            0.0,
            0.0,
            0.0,
            1.0
          ]
        ]
      },
      "bone_length_armature_space": 0.040164519445482515,
      "parent": "thumb_01_l",
      "has_children": true,
      "is_end_bone": false
    },
    "thumb_03_l": {
      "name": "thumb_03_l",
      "local": {
        "location": {
          "x": 0.0,
          "y": 0.0,
          "z": 0.0
        },
        "rotation_quaternion": {
          "w": 0.9908746480941772,
          "x": 0.13455761969089508,
          "y": 0.003690202720463276,
          "z": -0.006933761294931173
        },
        "scale": {
          "x": 1.0,
          "y": 1.0,
          "z": 1.0
        },
        "matrix_basis": [
          [
            0.9998766183853149,
            0.014734066091477871,
            0.005447075702250004,
            0.0
          ],
          [
            -0.012747886590659618,
            0.9636923670768738,
            -0.26671063899993896,
            0.0
          ],
          [
            -0.009179037064313889,
            0.2666082978248596,
            0.9637612700462341,
            0.0
          ],
          [
            0.0,
            0.0,
            0.0,
            1.0
          ]
        ],
        "rotation_mode": "QUATERNION"
      },
      "armature_space": {
        "head": {
          "x": 0.6695272326469421,
          "y": -0.054560426622629166,
          "z": 0.33433470129966736
        },
        "tail": {
          "x": 0.6733124852180481,
          "y": -0.036610133945941925,
          "z": 0.35863199830055237
        }
      },
      "world_space": {
        "head": {
          "x": 0.6695272326469421,
          "y": 0.008683573454618454,
          "z": 1.2841887474060059
        },
        "tail": {
          "x": 0.6733124852180481,
          "y": 0.026633866131305695,
          "z": 1.308485984802246
        },
        "rotation_quaternion": {
          "w": 0.7906906604766846,
          "x": 0.36476024985313416,
          "y": -0.411834716796875,
          "z": -0.268608421087265
        },
        "matrix": [
          [
            0.5164836049079895,
            0.12433226406574249,
            -0.8472225666046143,
            0.6695272326469421
          ],
          [
            -0.7252141833305359,
            0.589599609375,
            -0.355579674243927,
            0.008683573454618454
          ],
          [
            0.4553146958351135,
            0.7980749607086182,
            0.39468836784362793,
            1.2841887474060059
          ],
          [
            0.0,
            0.0,
            0.0,
            1.0
          ]
        ]
      },
      "bone_length_armature_space": 0.03044502886886109,
      "parent": "thumb_02_l",
      "has_children": false,
      "is_end_bone": true
    },
    "metacarpal_index_l": {
      "name": "metacarpal_index_l",
      "local": {
        "location": {
          "x": 0.0,
          "y": 0.0,
          "z": 0.0
        },
        "rotation_quaternion": {
          "w": 0.9999458193778992,
          "x": -0.008055131882429123,
          "y": -0.0034319476690143347,
          "z": 0.005624622106552124
        },
        "scale": {
          "x": 1.0,
          "y": 1.0,
          "z": 1.0
        },
        "matrix_basis": [
          [
            0.9999131560325623,
            -0.011193345300853252,
            -0.006954137701541185,
            0.0
          ],
          [
            0.011303924024105072,
            0.9998069405555725,
            0.016070785000920296,
            0.0
          ],
          [
            0.006772909313440323,
            -0.016147997230291367,
            0.9998466968536377,
            0.0
          ],
          [
            0.0,
            0.0,
            0.0,
            1.0
          ]
        ],
        "rotation_mode": "QUATERNION"
      },
      "armature_space": {
        "head": {
          "x": 0.5978312492370605,
          "y": -0.025027964264154434,
          "z": 0.34171944856643677
        },
        "tail": {
          "x": 0.698588490486145,
          "y": -0.08319254219532013,
          "z": 0.3277880847454071
        }
      },
      "world_space": {
        "head": {
          "x": 0.5978312492370605,
          "y": 0.038216035813093185,
          "z": 1.2915735244750977
        },
        "tail": {
          "x": 0.698588490486145,
          "y": -0.01994854211807251,
          "z": 1.2776421308517456
        },
        "rotation_quaternion": {
          "w": 0.1782555878162384,
          "x": 0.7588644027709961,
          "y": 0.4690646231174469,
          "z": -0.41512423753738403
        },
        "matrix": [
          [
            0.21529905498027802,
            0.8599106669425964,
            -0.4628172516822815,
            0.5978312492370605
          ],
          [
            0.5639163851737976,
            -0.4964044988155365,
            -0.6599858403205872,
            0.038216035813093185
          ],
          [
            -0.7972782850265503,
            -0.11889708787202835,
            -0.5917978286743164,
            1.2915735244750977
          ],
          [
            0.0,
            0.0,
            0.0,
            1.0
          ]
        ]
      },
      "bone_length_armature_space": 0.11717176499377413,
      "parent": "lowerarm_l",
      "has_children": true,
      "is_end_bone": false
    },
    "index_01_l": {
      "name": "index_01_l",
      "local": {
        "location": {
          "x": 0.0,
          "y": 0.0,
          "z": 0.0
        },
        "rotation_quaternion": {
          "w": 0.9495896100997925,
          "x": 0.3124203085899353,
          "y": -0.009058110415935516,
          "z": -0.024311434477567673
        },
        "scale": {
          "x": 1.0,
          "y": 1.0,
          "z": 1.0
        },
        "matrix_basis": [
          [
            0.9986538290977478,
            0.04051189497113228,
            -0.032393746078014374,
            0.0
          ],
          [
            -0.051831647753715515,
            0.8036050200462341,
            -0.5929017066955566,
            0.0
          ],
          [
            0.002012203447520733,
            0.5937826037406921,
            0.804623007774353,
            0.0
          ],
          [
            0.0,
            0.0,
            0.0,
            1.0
          ]
        ],
        "rotation_mode": "QUATERNION"
      },
      "armature_space": {
        "head": {
          "x": 0.698588490486145,
          "y": -0.08319254219532013,
          "z": 0.3277880847454071
        },
        "tail": {
          "x": 0.7141074538230896,
          "y": -0.0980435460805893,
          "z": 0.3090348541736603
        }
      },
      "world_space": {
        "head": {
          "x": 0.698588490486145,
          "y": -0.01994854211807251,
          "z": 1.2776421308517456
        },
        "tail": {
          "x": 0.7141074538230896,
          "y": -0.034799546003341675,
          "z": 1.258888840675354
        },
        "rotation_quaternion": {
          "w": 0.07376187294721603,
          "x": -0.650840699672699,
          "y": -0.48388585448265076,
          "z": 0.5803622007369995
        },
        "matrix": [
          [
            -0.14193286001682281,
            0.5442507266998291,
            -0.8268289566040039,
            0.698588490486145
          ],
          [
            0.7154823541641235,
            -0.5208251476287842,
            -0.4656463861465454,
            -0.01994854211807251
          ],
          [
            -0.6840656995773315,
            -0.6576769351959229,
            -0.3154822289943695,
            1.2776421308517456
          ],
          [
            0.0,
            0.0,
            0.0,
            1.0
          ]
        ]
      },
      "bone_length_armature_space": 0.028514455837048196,
      "parent": "metacarpal_index_l",
      "has_children": true,
      "is_end_bone": false
    },
    "index_02_l": {
      "name": "index_02_l",
      "local": {
        "location": {
          "x": 0.0,
          "y": 0.0,
          "z": 0.0
        },
        "rotation_quaternion": {
          "w": 0.8966820240020752,
          "x": 0.44262397289276123,
          "y": 0.0015132990665733814,
          "z": -0.00656472984701395
        },
        "scale": {
          "x": 1.0,
          "y": 1.0,
          "z": 1.0
        },
        "matrix_basis": [
          [
            0.9999092221260071,
            0.013112595304846764,
            -0.003097517415881157,
            0.0
          ],
          [
            -0.010433305986225605,
            0.6080818176269531,
            -0.7938057780265808,
            0.0
          ],
          [
            -0.008525310084223747,
            0.7937660217285156,
            0.6081634759902954,
            0.0
          ],
          [
            0.0,
            0.0,
            0.0,
            1.0
          ]
        ],
        "rotation_mode": "QUATERNION"
      },
      "armature_space": {
        "head": {
          "x": 0.7141074538230896,
          "y": -0.09804406017065048,
          "z": 0.30903467535972595
        },
        "tail": {
          "x": 0.7066963315010071,
          "y": -0.11611475050449371,
          "z": 0.2924027740955353
        }
      },
      "world_space": {
        "head": {
          "x": 0.7141074538230896,
          "y": -0.03480006009340286,
          "z": 1.2588887214660645
        },
        "tail": {
          "x": 0.7066963315010071,
          "y": -0.052870750427246094,
          "z": 1.242256760597229
        },
        "rotation_quaternion": {
          "w": 0.33076193928718567,
          "x": -0.5340098142623901,
          "y": -0.19592396914958954,
          "z": 0.7530232667922974
        },
        "matrix": [
          [
            -0.21086014807224274,
            -0.28889501094818115,
            -0.9338509440422058,
            0.7141074538230896
          ],
          [
            0.7073937654495239,
            -0.7044204473495483,
            0.058191657066345215,
            -0.03480006009340286
          ],
          [
            -0.6746388673782349,
            -0.6483350992202759,
            0.3528990149497986,
            1.2588887214660645
          ],
          [
            0.0,
            0.0,
            0.0,
            1.0
          ]
        ]
      },
      "bone_length_armature_space": 0.025653356951752346,
      "parent": "index_01_l",
      "has_children": true,
      "is_end_bone": false
    },
    "index_03_l": {
      "name": "index_03_l",
      "local": {
        "location": {
          "x": 0.0,
          "y": 0.0,
          "z": 0.0
        },
        "rotation_quaternion": {
          "w": 0.930141031742096,
          "x": 0.36711499094963074,
          "y": 0.00791666004806757,
          "z": 0.001302249263972044
        },
        "scale": {
          "x": 1.0,
          "y": 1.0,
          "z": 1.0
        },
        "matrix_basis": [
          [
            0.9998712539672852,
            0.003390098223462701,
            0.0156833715736866,
            0.0
          ],
          [
            0.008235200308263302,
            0.7304497957229614,
            -0.6829168200492859,
            0.0
          ],
          [
            -0.013771070167422295,
            0.6829580664634705,
            0.730327844619751,
            0.0
          ],
          [
            0.0,
            0.0,
            0.0,
            1.0
          ]
        ],
        "rotation_mode": "QUATERNION"
      },
      "armature_space": {
        "head": {
          "x": 0.7066965103149414,
          "y": -0.11611476540565491,
          "z": 0.2924027144908905
        },
        "tail": {
          "x": 0.6801568865776062,
          "y": -0.1260480135679245,
          "z": 0.2852814197540283
        }
      },
      "world_space": {
        "head": {
          "x": 0.7066965103149414,
          "y": -0.05287076532840729,
          "z": 1.242256760597229
        },
        "tail": {
          "x": 0.6801568865776062,
          "y": -0.06280401349067688,
          "z": 1.2351354360580444
        },
        "rotation_quaternion": {
          "w": 0.5638509392738342,
          "x": -0.3595193326473236,
          "y": 0.10995400696992874,
          "z": 0.735342264175415
        },
        "matrix": [
          [
            -0.10563455522060394,
            -0.9083092212677002,
            -0.4047415852546692,
            0.7066965103149414
          ],
          [
            0.7501850724220276,
            -0.339962363243103,
            0.567140519618988,
            -0.05287076532840729
          ],
          [
            -0.6527394652366638,
            -0.24372351169586182,
            0.7173171043395996,
            1.242256760597229
          ],
          [
            0.0,
            0.0,
            0.0,
            1.0
          ]
        ]
      },
      "bone_length_armature_space": 0.029218725128098696,
      "parent": "index_02_l",
      "has_children": false,
      "is_end_bone": true
    },
    "metacarpal_pinky_l": {
      "name": "metacarpal_pinky_l",
      "local": {
        "location": {
          "x": 0.0,
          "y": 0.0,
          "z": 0.0
        },
        "rotation_quaternion": {
          "w": 0.9999338984489441,
          "x": 0.0026882984675467014,
          "y": -0.009907673113048077,
          "z": 0.005189033225178719
        },
        "scale": {
          "x": 1.0,
          "y": 1.0,
          "z": 1.0
        },
        "matrix_basis": [
          [
            0.9997498393058777,
            -0.010430649854242802,
            -0.019786136224865913,
            0.0
          ],
          [
            0.010324111208319664,
            0.9999316930770874,
            -0.005479063838720322,
            0.0
          ],
          [
            0.019841935485601425,
            0.005273418966680765,
            0.9997892379760742,
            0.0
          ],
          [
            0.0,
            0.0,
            0.0,
            1.0
          ]
        ],
        "rotation_mode": "QUATERNION"
      },
      "armature_space": {
        "head": {
          "x": 0.5978312492370605,
          "y": -0.025027964264154434,
          "z": 0.34171944856643677
        },
        "tail": {
          "x": 0.6983102560043335,
          "y": -0.014644799754023552,
          "z": 0.3164335787296295
        }
      },
      "world_space": {
        "head": {
          "x": 0.5978312492370605,
          "y": 0.038216035813093185,
          "z": 1.2915735244750977
        },
        "tail": {
          "x": 0.6983102560043335,
          "y": 0.04859919846057892,
          "z": 1.2662875652313232
        },
        "rotation_quaternion": {
          "w": 0.7342270016670227,
          "x": -0.07107678800821304,
          "y": 0.10376519709825516,
          "z": -0.6671518683433533
        },
        "matrix": [
          [
            0.08828198909759521,
            0.9649313688278198,
            0.24721188843250275,
            0.5978312492370605
          ],
          [
            -0.9944325685501099,
            0.09971275180578232,
            -0.03408236429095268,
            0.038216035813093185
          ],
          [
            -0.0575384795665741,
            -0.24282817542552948,
            0.9683684706687927,
            1.2915735244750977
          ],
          [
            0.0,
            0.0,
            0.0,
            1.0
          ]
        ]
      },
      "bone_length_armature_space": 0.10413076676511542,
      "parent": "lowerarm_l",
      "has_children": true,
      "is_end_bone": false
    },
    "pinky_01_l": {
      "name": "pinky_01_l",
      "local": {
        "location": {
          "x": 0.0,
          "y": 0.0,
          "z": 0.0
        },
        "rotation_quaternion": {
          "w": 0.9448727965354919,
          "x": 0.3268786370754242,
          "y": 0.01895592175424099,
          "z": 0.002522645518183708
        },
        "scale": {
          "x": 1.0,
          "y": 1.0,
          "z": 1.0
        },
        "matrix_basis": [
          [
            0.9992685914039612,
            0.007625413592904806,
            0.037471067160367966,
            0.0
          ],
          [
            0.017159730195999146,
            0.7862879633903503,
            -0.6176218390464783,
            0.0
          ],
          [
            -0.034172672778367996,
            0.6178131103515625,
            0.7855820655822754,
            0.0
          ],
          [
            0.0,
            0.0,
            0.0,
            1.0
          ]
        ],
        "rotation_mode": "QUATERNION"
      },
      "armature_space": {
        "head": {
          "x": 0.6983102560043335,
          "y": -0.014644799754023552,
