{
  "metadata": {
    "armature_name": "KIM_caucasian_male",
    "export_time": "2026-01-13T19:11:19.161369",
    "blender_version": "4.4.1",
    "bone_count": 56,
    "end_bone_count": 13,
    "spaces_included": [
      "LOCAL_CHANNELS",
      "ARMATURE_SPACE",
      "WORLD_SPACE"
    ],
    "note": "LOCAL matches Transform panel; replay pose via local.matrix_basis for best fidelity."
  },
  "bones": {
    "Root": {
      "name": "Root",
      "local": {
        "location": {
          "x": 0.0,
          "y": 0.0,
          "z": 0.0
        },
        "rotation_quaternion": {
          "w": 0.9993745684623718,
          "x": 0.00072202313458547,
          "y": -0.017746737226843834,
          "z": 0.03057749941945076
        },
        "scale": {
          "x": 1.0,
          "y": 1.0,
          "z": 1.0
        },
        "matrix_basis": [
          [
            0.9975001215934753,
            -0.06114237755537033,
            -0.035427119582891464,
            0.0
          ],
          [
            0.06109112501144409,
            0.9981290102005005,
            -0.0025284448638558388,
            0.0
          ],
          [
            0.0355154313147068,
            0.00035784143256023526,
            0.9993690848350525,
            0.0
          ],
          [
            0.0,
            0.0,
            0.0,
            1.0
          ]
        ],
        "rotation_mode": "QUATERNION"
      },
      "armature_space": {
        "head": {
          "x": 0.0,
          "y": 0.07072800397872925,
          "z": -0.009595036506652832
        },
        "tail": {
          "x": -0.004364090505987406,
          "y": 0.00012890249490737915,
          "z": -4.3262727558612823e-05
        }
      },
      "world_space": {
        "head": {
          "x": 0.0,
          "y": 0.13397200405597687,
          "z": 0.9402589797973633
        },
        "tail": {
          "x": -0.004364090505987406,
          "y": 0.063372902572155,
          "z": 0.9498107433319092
        },
        "rotation_quaternion": {
          "w": 0.06660512834787369,
          "x": 0.9971529245376587,
          "y": -0.031703587621450424,
          "z": -0.015646476298570633
        },
        "matrix": [
          [
            0.9975001215934753,
            -0.06114237755537033,
            -0.035427119582891464,
            0.0
          ],
          [
            -0.06531094014644623,
            -0.9891172647476196,
            -0.13183937966823578,
            0.13397200405597687
          ],
          [
            -0.026980850845575333,
            0.13382357358932495,
            -0.9906449317932129,
            0.9402589797973633
          ],
          [
            0.0,
            0.0,
            0.0,
            1.0
          ]
        ]
      },
      "bone_length_armature_space": 0.07137586939760267,
      "parent": null,
      "has_children": true,
      "is_end_bone": false
    },
    "spine_01": {
      "name": "spine_01",
      "local": {
        "location": {
          "x": 0.0,
          "y": 0.0,
          "z": 0.0
        },
        "rotation_quaternion": {
          "w": 0.9964877367019653,
          "x": -0.030183568596839905,
          "y": -0.04371358081698418,
          "z": -0.06473259627819061
        },
        "scale": {
          "x": 1.0,
          "y": 1.0,
          "z": 1.0
        },
        "matrix_basis": [
          [
            0.9877976179122925,
            0.13164934515953064,
            -0.08321237564086914,
            0.0
          ],
          [
            -0.1263716071844101,
            0.9897972941398621,
            0.06581450253725052,
            0.0
          ],
          [
            0.09102781862020493,
            -0.05449572578072548,
            0.9943561553955078,
            0.0
          ],
          [
            0.0,
            0.0,
            0.0,
            1.0
          ]
        ],
        "rotation_mode": "QUATERNION"
      },
      "armature_space": {
        "head": {
          "x": -0.004364090505987406,
          "y": 0.00012890249490737915,
          "z": -4.3262727558612823e-05
        },
        "tail": {
          "x": 0.07587070018053055,
          "y": 0.043849971145391464,
          "z": 0.4793306589126587
        }
      },
      "world_space": {
        "head": {
          "x": -0.004364090505987406,
          "y": 0.063372902572155,
          "z": 0.9498107433319092
        },
        "tail": {
          "x": 0.07587070018053055,
          "y": 0.10709397494792938,
          "z": 1.4291846752166748
        },
        "rotation_quaternion": {
          "w": 0.7381016612052917,
          "x": 0.6656322479248047,
          "y": 0.0013363168109208345,
          "z": -0.11017188429832458
        },
        "matrix": [
          [
            0.9757205247879028,
            0.1644151359796524,
            -0.14469626545906067,
            -0.004364090505987406
          ],
          [
            -0.16085821390151978,
            0.08959212899208069,
            -0.9829028248786926,
            0.063372902572155
          ],
          [
            -0.14864163100719452,
            0.9823211431503296,
            0.11386430263519287,
            0.9498107433319092
          ],
          [
            0.0,
            0.0,
            0.0,
            1.0
          ]
        ]
      },
      "bone_length_armature_space": 0.48800462397114874,
      "parent": "Root",
      "has_children": true,
      "is_end_bone": false
    },
    "neck_01": {
      "name": "neck_01",
      "local": {
        "location": {
          "x": 0.0,
          "y": 0.0,
          "z": 0.0
        },
        "rotation_quaternion": {
          "w": 0.987115740776062,
          "x": -0.10341836512088776,
          "y": -0.07220621407032013,
          "z": 0.09845619648694992
        },
        "scale": {
          "x": 1.0,
          "y": 1.0,
          "z": 1.0
        },
        "matrix_basis": [
          [
            0.9701852798461914,
            -0.1794404238462448,
            -0.1629161387681961,
            0.0
          ],
          [
            0.20931021869182587,
            0.9592220187187195,
            0.1899534910917282,
            0.0
          ],
          [
            0.12218742072582245,
            -0.218390092253685,
            0.9681817889213562,
            0.0
          ],
          [
            0.0,
            0.0,
            0.0,
            1.0
          ]
        ],
        "rotation_mode": "QUATERNION"
      },
      "armature_space": {
        "head": {
          "x": 0.08289079368114471,
          "y": 0.016322262585163116,
          "z": 0.5552035570144653
        },
        "tail": {
          "x": 0.07893135398626328,
          "y": 0.011853426694869995,
          "z": 0.6575515866279602
        }
      },
      "world_space": {
        "head": {
          "x": 0.08289079368114471,
          "y": 0.07956626266241074,
          "z": 1.5050575733184814
        },
        "tail": {
          "x": 0.07893135398626328,
          "y": 0.07509742677211761,
          "z": 1.607405662536621
        },
        "rotation_quaternion": {
          "w": 0.6791304349899292,
          "x": 0.7141405940055847,
          "y": -0.13033409416675568,
          "z": -0.10861916095018387
        },
        "matrix": [
          [
            0.9424297213554382,
            -0.038620635867118835,
            -0.33216655254364014,
            0.08289079368114471
          ],
          [
            -0.33368706703186035,
            -0.04358932375907898,
            -0.9416757822036743,
            0.07956626266241074
          ],
          [
            0.02188904583454132,
            0.9983097910881042,
            -0.05396842956542969,
            1.5050575733184814
          ],
          [
            0.0,
            0.0,
            0.0,
            1.0
          ]
        ]
      },
      "bone_length_armature_space": 0.1025220329080927,
      "parent": "spine_01",
      "has_children": true,
      "is_end_bone": false
    },
    "head": {
      "name": "head",
      "local": {
        "location": {
          "x": 0.0,
          "y": 0.0,
          "z": 0.0
        },
        "rotation_quaternion": {
          "w": 0.9695398211479187,
          "x": -0.1260875016450882,
          "y": 0.12487934529781342,
          "z": -0.16881901025772095
        },
        "scale": {
          "x": 1.0,
          "y": 1.0,
          "z": 1.0
        },
        "matrix_basis": [
          [
            0.911810576915741,
            0.2958620488643646,
            0.2847229242324829,
            0.0
          ],
          [
            -0.35884496569633484,
            0.9112041592597961,
            0.20232969522476196,
            0.0
          ],
          [
            -0.19957906007766724,
            -0.2866577208042145,
            0.9370141625404358,
            0.0
          ],
          [
            0.0,
            0.0,
            0.0,
            1.0
          ]
        ],
        "rotation_mode": "QUATERNION"
      },
      "armature_space": {
        "head": {
          "x": 0.0789313018321991,
          "y": 0.011853283271193504,
          "z": 0.6575515270233154
        },
        "tail": {
          "x": 0.1484447419643402,
          "y": 0.07850997149944305,
          "z": 0.7791162133216858
        }
      },
      "world_space": {
        "head": {
          "x": 0.0789313018321991,
          "y": 0.07509728521108627,
          "z": 1.6074055433273315
        },
        "tail": {
          "x": 0.1484447419643402,
          "y": 0.14175397157669067,
          "z": 1.7289702892303467
        },
        "rotation_quaternion": {
          "w": 0.8386530876159668,
          "x": 0.49345868825912476,
          "y": 0.10750512033700943,
          "z": -0.20396628975868225
        },
        "matrix": [
          [
            0.8936806321144104,
            0.4482129216194153,
            -0.020980656147003174,
            0.0789313018321991
          ],
          [
            -0.23601733148097992,
            0.42979300022125244,
            -0.8715354800224304,
            0.07509728521108627
          ],
          [
            -0.38161903619766235,
            0.7838321328163147,
            0.48988622426986694,
            1.6074055433273315
          ],
          [
            0.0,
            0.0,
            0.0,
            1.0
          ]
        ]
      },
      "bone_length_armature_space": 0.15509095805468537,
      "parent": "neck_01",
      "has_children": false,
      "is_end_bone": true
    },
    "upperarm_l": {
      "name": "upperarm_l",
      "local": {
        "location": {
          "x": 0.0,
          "y": 0.0,
          "z": 0.0
        },
        "rotation_quaternion": {
          "w": 0.9095635414123535,
          "x": 0.2318221926689148,
          "y": -0.25330522656440735,
          "z": 0.2340707629919052
        },
        "scale": {
          "x": 1.0,
          "y": 1.0,
          "z": 1.0
        },
        "matrix_basis": [
          [
            0.7620946764945984,
            -0.5432479977607727,
            -0.3522688150405884,
            0.0
          ],
          [
            0.30836090445518494,
            0.7829387187957764,
            -0.540296733379364,
            0.0
          ],
          [
            0.5693199634552002,
            0.3031313419342041,
            0.7641898393630981,
            0.0
          ],
          [
            0.0,
            0.0,
            0.0,
            1.0
          ]
        ],
        "rotation_mode": "QUATERNION"
      },
      "armature_space": {
        "head": {
          "x": 0.21773745119571686,
          "y": -0.016962355002760887,
          "z": 0.46725085377693176
        },
        "tail": {
          "x": 0.4403267800807953,
          "y": -0.11438164860010147,
          "z": 0.5802608132362366
        }
      },
      "world_space": {
        "head": {
          "x": 0.21773745119571686,
          "y": 0.04628164321184158,
          "z": 1.4171048402786255
        },
        "tail": {
          "x": 0.4403267800807953,
          "y": -0.05113764852285385,
          "z": 1.5301148891448975
        },
        "rotation_quaternion": {
          "w": 0.5564827919006348,
          "x": 0.4894316494464874,
          "y": 0.09247705340385437,
          "z": -0.6650050282478333
        },
        "matrix": [
          [
            0.09843458980321884,
            0.8306519389152527,
            -0.5480217933654785,
            0.21773745119571686
          ],
          [
            -0.6496051549911499,
            -0.3635462820529938,
            -0.6677180528640747,
            0.04628164321184158
          ],
          [
            -0.7538785934448242,
            0.4217270314693451,
            0.5038132667541504,
            1.4171048402786255
          ],
          [
            0.0,
            0.0,
            0.0,
            1.0
          ]
        ]
      },
      "bone_length_armature_space": 0.2679697376627835,
      "parent": "spine_01",
      "has_children": true,
      "is_end_bone": false
    },
    "lowerarm_l": {
      "name": "lowerarm_l",
      "local": {
        "location": {
          "x": 0.0,
          "y": 0.0,
          "z": 0.0
        },
        "rotation_quaternion": {
          "w": 0.9749318361282349,
          "x": 0.16994215548038483,
          "y": -0.05519038066267967,
          "z": 0.13259616494178772
        },
        "scale": {
          "x": 1.0,
          "y": 1.0,
          "z": 1.0
        },
        "matrix_basis": [
          [
            0.9587445855140686,
            -0.2773028016090393,
            -0.06254636496305466,
            0.0
          ],
          [
            0.23978610336780548,
            0.907075822353363,
            -0.3460001051425934,
            0.0
          ],
          [
            0.15268106758594513,
            0.31672796607017517,
            0.9361473917961121,
            0.0
          ],
          [
            0.0,
            0.0,
            0.0,
            1.0
          ]
        ],
        "rotation_mode": "QUATERNION"
      },
      "armature_space": {
        "head": {
          "x": 0.4403268098831177,
          "y": -0.11438163369894028,
          "z": 0.5802609920501709
        },
        "tail": {
          "x": 0.5627524852752686,
          "y": -0.19737069308757782,
          "z": 0.8031842708587646
        }
      },
      "world_space": {
        "head": {
          "x": 0.4403268098831177,
          "y": -0.05113763362169266,
          "z": 1.530115008354187
        },
        "tail": {
          "x": 0.5627524852752686,
          "y": -0.1341266930103302,
          "z": 1.7530382871627808
        },
        "rotation_quaternion": {
          "w": 0.5474845767021179,
          "x": 0.5203992128372192,
          "y": -0.21249417960643768,
          "z": -0.6199125647544861
        },
        "matrix": [
          [
            0.14111073315143585,
            0.4576241672039032,
            -0.8778767585754395,
            0.4403268098831177
          ],
          [
            -0.8999491333961487,
            -0.31021109223365784,
            -0.3063671588897705,
            -0.05113763362169266
          ],
          [
            -0.4125320017337799,
            0.8332818150520325,
            0.36806684732437134,
            1.530115008354187
          ],
          [
            0.0,
            0.0,
            0.0,
            1.0
          ]
        ]
      },
      "bone_length_armature_space": 0.26752573304396954,
      "parent": "upperarm_l",
      "has_children": true,
      "is_end_bone": false
    },
    "metacarpal_thumb_l": {
      "name": "metacarpal_thumb_l",
      "local": {
        "location": {
          "x": 0.0,
          "y": 0.0,
          "z": 0.0
        },
        "rotation_quaternion": {
          "w": 0.9998418688774109,
          "x": -0.008838708512485027,
          "y": 0.011962028220295906,
          "z": -0.009752272628247738
        },
        "scale": {
          "x": 1.0,
          "y": 1.0,
          "z": 1.0
        },
        "matrix_basis": [
          [
            0.9995235800743103,
            0.019290003925561905,
            0.024092668667435646,
            0.0
          ],
          [
            -0.019712919369339943,
            0.9996535181999207,
            0.01744130812585354,
            0.0
          ],
          [
            -0.023747878149151802,
            -0.01790793612599373,
            0.9995575547218323,
            0.0
          ],
          [
            0.0,
            0.0,
            0.0,
            1.0
          ]
        ],
        "rotation_mode": "QUATERNION"
      },
      "armature_space": {
        "head": {
          "x": 0.5627524852752686,
          "y": -0.19737069308757782,
          "z": 0.8031842708587646
        },
        "tail": {
          "x": 0.557180643081665,
          "y": -0.22580544650554657,
          "z": 0.8433591723442078
        }
      },
      "world_space": {
        "head": {
          "x": 0.5627524852752686,
          "y": -0.1341266930103302,
          "z": 1.7530382871627808
        },
        "tail": {
          "x": 0.557180643081665,
          "y": -0.16256144642829895,
          "z": 1.793213129043579
        },
        "rotation_quaternion": {
          "w": 0.46095454692840576,
          "x": 0.88359135389328,
          "y": -0.022274332121014595,
          "z": 0.07931635528802872
        },
        "matrix": [
          [
            0.9864254593849182,
            -0.1124853789806366,
            0.11963105201721191,
            0.5627524852752686
          ],
          [
            0.03375929594039917,
            -0.5740490555763245,
            -0.8181246519088745,
            -0.1341266930103302
          ],
          [
            0.16070225834846497,
            0.8110628128051758,
            -0.5624642372131348,
            1.7530382871627808
          ],
          [
            0.0,
            0.0,
            0.0,
            1.0
          ]
        ]
      },
      "bone_length_armature_space": 0.04953386110666102,
      "parent": "lowerarm_l",
      "has_children": true,
      "is_end_bone": false
    },
    "thumb_01_l": {
      "name": "thumb_01_l",
      "local": {
        "location": {
          "x": 0.0,
          "y": 0.0,
          "z": 0.0
        },
        "rotation_quaternion": {
          "w": 0.999859094619751,
          "x": 0.01632900908589363,
          "y": -0.0034886368084698915,
          "z": 0.001745583489537239
        },
        "scale": {
          "x": 1.0,
          "y": 1.0,
          "z": 1.0
        },
        "matrix_basis": [
          [
            0.9999695420265198,
            -0.00360460695810616,
            -0.006919282954186201,
            0.0
          ],
          [
            0.003376743057742715,
            0.9994606375694275,
            -0.032665595412254333,
            0.0
          ],
          [
            0.0070332977920770645,
            0.03264123573899269,
            0.9994423985481262,
            0.0
          ],
          [
            0.0,
            0.0,
            0.0,
            1.0
          ]
        ],
        "rotation_mode": "QUATERNION"
      },
      "armature_space": {
        "head": {
          "x": 0.557180643081665,
          "y": -0.22580544650554657,
          "z": 0.8433591723442078
        },
        "tail": {
          "x": 0.5547187924385071,
          "y": -0.2595796287059784,
          "z": 0.8468042612075806
        }
      },
      "world_space": {
        "head": {
          "x": 0.557180643081665,
          "y": -0.16256144642829895,
          "z": 1.793213129043579
        },
        "tail": {
          "x": 0.5547187924385071,
          "y": -0.19633562862873077,
          "z": 1.7966582775115967
        },
        "rotation_quaternion": {
          "w": 0.06041501834988594,
          "x": 0.644837498664856,
          "y": 0.01529083214700222,
          "z": 0.7617748379707336
        },
        "matrix": [
          [
            -0.16106927394866943,
            -0.07232524454593658,
            0.9842894077301025,
            0.557180643081665
          ],
          [
            0.11176607012748718,
            -0.9922324419021606,
            -0.05461946874856949,
            -0.16256144642829895
          ],
          [
            0.9806012511253357,
            0.10121214389801025,
            0.16790276765823364,
            1.793213129043579
          ],
          [
            0.0,
            0.0,
            0.0,
            1.0
          ]
        ]
      },
      "bone_length_armature_space": 0.034038577534790136,
      "parent": "metacarpal_thumb_l",
      "has_children": true,
      "is_end_bone": false
    },
    "thumb_02_l": {
      "name": "thumb_02_l",
      "local": {
        "location": {
          "x": 0.0,
          "y": 0.0,
          "z": 0.0
        },
        "rotation_quaternion": {
          "w": 0.9967958331108093,
          "x": 0.07995826750993729,
          "y": 0.0016236725496128201,
          "z": 0.0014580907300114632
        },
        "scale": {
          "x": 1.0,
          "y": 1.0,
          "z": 1.0
        },
        "matrix_basis": [
          [
            0.9999904632568359,
            -0.002647185465320945,
            0.0034701128024607897,
            0.0
          ],
          [
            0.0031664895359426737,
            0.9872090816497803,
            -0.15939940512180328,
            0.0
          ],
          [
            -0.0030037672258913517,
            0.15940886735916138,
            0.9872080683708191,
            0.0
          ],
          [
            0.0,
            0.0,
            0.0,
            1.0
          ]
        ],
        "rotation_mode": "QUATERNION"
      },
      "armature_space": {
        "head": {
          "x": 0.5547187328338623,
          "y": -0.2595796287059784,
          "z": 0.8468042612075806
        },
        "tail": {
          "x": 0.5756328105926514,
          "y": -0.27181488275527954,
          "z": 0.8788369297981262
        }
      },
      "world_space": {
        "head": {
          "x": 0.5547187328338623,
          "y": -0.19633562862873077,
          "z": 1.7966582775115967
        },
        "tail": {
          "x": 0.5756328105926514,
          "y": -0.20857088267803192,
          "z": 1.828691005706787
        },
        "rotation_quaternion": {
          "w": 0.10324246436357498,
          "x": -0.3163124918937683,
          "y": -0.5805399417877197,
          "z": -0.7431424856185913
        },
        "matrix": [
          [
            -0.7785756587982178,
            0.5207114219665527,
            0.3502562344074249,
            0.5547187328338623
          ],
          [
            0.21381403505802155,
            -0.30462950468063354,
            0.9281617999076843,
            -0.19633562862873077
          ],
          [
            0.5900073647499084,
            0.7975391745567322,
            0.12584373354911804,
            1.7966582775115967
          ],
          [
            0.0,
            0.0,
            0.0,
            1.0
          ]
        ]
      },
      "bone_length_armature_space": 0.04016456092969436,
      "parent": "thumb_01_l",
      "has_children": true,
      "is_end_bone": false
    },
    "thumb_03_l": {
      "name": "thumb_03_l",
      "local": {
        "location": {
          "x": 0.0,
          "y": 0.0,
          "z": 0.0
        },
        "rotation_quaternion": {
          "w": 0.9977937936782837,
          "x": 0.06616043299436569,
          "y": -0.005259928293526173,
          "z": 0.001678048400208354
        },
        "scale": {
          "x": 1.0,
          "y": 1.0,
          "z": 1.0
        },
        "matrix_basis": [
          [
            0.9999390244483948,
            -0.004044690635055304,
            -0.010274606756865978,
            0.0
          ],
          [
            0.0026526942383497953,
            0.9912399649620056,
            -0.13204659521579742,
            0.0
          ],
          [
            0.010718688368797302,
            0.132011279463768,
            0.9911902546882629,
            0.0
          ],
          [
            0.0,
            0.0,
            0.0,
            1.0
          ]
        ],
        "rotation_mode": "QUATERNION"
      },
      "armature_space": {
        "head": {
          "x": 0.5756327509880066,
          "y": -0.27181491255760193,
          "z": 0.8788369297981262
        },
        "tail": {
          "x": 0.5969393849372864,
          "y": -0.2700417935848236,
          "z": 0.9005113840103149
        }
      },
      "world_space": {
        "head": {
          "x": 0.5756327509880066,
          "y": -0.2085709124803543,
          "z": 1.828691005706787
        },
        "tail": {
          "x": 0.5969393849372864,
          "y": -0.206797793507576,
          "z": 1.850365400314331
        },
        "rotation_quaternion": {
          "w": 0.3361901640892029,
          "x": -0.20042428374290466,
          "y": -0.6450554132461548,
          "z": -0.6562849283218384
        },
        "matrix": [
          [
            -0.6936114430427551,
            0.6998429298400879,
            -0.17065387964248657,
            0.5756327509880066
          ],
          [
            -0.18270687758922577,
            0.0582403838634491,
            0.9814409017562866,
            -0.2085709124803543
          ],
          [
            0.6967982649803162,
            0.7119234204292297,
            0.08747176826000214,
            1.828691005706787
          ],
          [
            0.0,
            0.0,
            0.0,
            1.0
          ]
        ]
      },
      "bone_length_armature_space": 0.030445008457894624,
      "parent": "thumb_02_l",
      "has_children": false,
      "is_end_bone": true
    },
    "metacarpal_index_l": {
      "name": "metacarpal_index_l",
      "local": {
        "location": {
          "x": 0.0,
          "y": 0.0,
          "z": 0.0
        },
        "rotation_quaternion": {
          "w": 0.9987395405769348,
          "x": -0.042077112942934036,
          "y": 0.017178140580654144,
          "z": -0.02130167745053768
        },
        "scale": {
          "x": 1.0,
          "y": 1.0,
          "z": 1.0
        },
        "matrix_basis": [
          [
            0.9985023140907288,
            0.041104041039943695,
            0.036105602979660034,
            0.0
          ],
          [
            -0.043995268642902374,
            0.9955515265464783,
            0.08331630378961563,
            0.0
          ],
          [
            -0.0325203500688076,
            -0.0847800001502037,
            0.9958688616752625,
            0.0
          ],
          [
            0.0,
            0.0,
            0.0,
            1.0
          ]
        ],
        "rotation_mode": "QUATERNION"
      },
      "armature_space": {
        "head": {
          "x": 0.5627524852752686,
          "y": -0.19737069308757782,
          "z": 0.8031842708587646
        },
        "tail": {
          "x": 0.5918851494789124,
          "y": -0.24146658182144165,
          "z": 0.9077605605125427
        }
      },
      "world_space": {
        "head": {
          "x": 0.5627524852752686,
          "y": -0.1341266930103302,
          "z": 1.7530382871627808
        },
        "tail": {
          "x": 0.5918851494789124,
          "y": -0.17822258174419403,
          "z": 1.857614517211914
        },
        "rotation_quaternion": {
          "w": 0.5581074357032776,
          "x": 0.7912402749061584,
          "y": -0.018667783588171005,
          "z": -0.24921178817749023
        },
        "matrix": [
          [
            0.8750905990600586,
            0.24863210320472717,
            -0.4152086675167084,
            0.5627524852752686
          ],
          [
            -0.30771392583847046,
            -0.37633562088012695,
            -0.8738900423049927,
            -0.1341266930103302
          ],
          [
            -0.3735380470752716,
            0.8925045132637024,
            -0.2528228163719177,
            1.7530382871627808
          ],
          [
            0.0,
            0.0,
            0.0,
            1.0
          ]
        ]
      },
      "bone_length_armature_space": 0.11717235223899257,
      "parent": "lowerarm_l",
      "has_children": true,
      "is_end_bone": false
    },
    "index_01_l": {
      "name": "index_01_l",
      "local": {
        "location": {
          "x": 0.0,
          "y": 0.0,
          "z": 0.0
        },
        "rotation_quaternion": {
          "w": 0.9943087100982666,
          "x": -0.1053367555141449,
          "y": -0.01045417133718729,
          "z": -0.01204984076321125
        },
        "scale": {
          "x": 1.0,
          "y": 1.0,
          "z": 1.0
        },
        "matrix_basis": [
          [
            0.9994910359382629,
            0.026164939627051353,
            -0.018250765278935432,
            0.0
          ],
          [
            -0.021760106086730957,
            0.9775179624557495,
            0.2097264528274536,
            0.0
          ],
          [
            0.02332792989909649,
            -0.20922257006168365,
            0.9775897860527039,
            0.0
          ],
          [
            0.0,
            0.0,
            0.0,
            1.0
          ]
        ],
        "rotation_mode": "QUATERNION"
      },
      "armature_space": {
        "head": {
          "x": 0.5918851494789124,
          "y": -0.24146658182144165,
          "z": 0.9077605605125427
        },
        "tail": {
          "x": 0.6107906699180603,
          "y": -0.24549293518066406,
          "z": 0.9287235140800476
        }
      },
      "world_space": {
        "head": {
          "x": 0.5918851494789124,
          "y": -0.17822258174419403,
          "z": 1.857614517211914
        },
        "tail": {
          "x": 0.6107906699180603,
          "y": -0.18224893510341644,
          "z": 1.878577470779419
        },
        "rotation_quaternion": {
          "w": 0.6289220452308655,
          "x": 0.6804357767105103,
          "y": 0.1839948445558548,
          "z": -0.3280400037765503
        },
        "matrix": [
          [
            0.7170706391334534,
            0.6630164384841919,
            -0.21498540043830872,
            0.5918851494789124
          ],
          [
            -0.16223393380641937,
            -0.14120444655418396,
            -0.9765969514846802,
            -0.17822258174419403
          ],
          [
            -0.6778619289398193,
            0.7351720333099365,
            0.006309330463409424,
            1.857614517211914
          ],
          [
            0.0,
            0.0,
            0.0,
            1.0
          ]
        ]
      },
      "bone_length_armature_space": 0.028514481417561736,
      "parent": "metacarpal_index_l",
      "has_children": true,
      "is_end_bone": false
    },
    "index_02_l": {
      "name": "index_02_l",
      "local": {
        "location": {
          "x": 0.0,
          "y": 0.0,
          "z": 0.0
        },
        "rotation_quaternion": {
          "w": 0.9982621073722839,
          "x": 0.0584041103720665,
          "y": 0.0016344116302207112,
          "z": -0.00769426766782999
        },
        "scale": {
          "x": 1.0,
          "y": 1.0,
          "z": 1.0
        },
        "matrix_basis": [
          [
            0.9998762607574463,
            0.015552704222500324,
            0.0023643886670470238,
            0.0
          ],
          [
            -0.015170878730714321,
            0.993059515953064,
            -0.11663037538528442,
            0.0
          ],
          [
            -0.0041618961840868,
            0.116580069065094,
            0.9931725859642029,
            0.0
          ],
          [
            0.0,
            0.0,
            0.0,
            1.0
          ]
        ],
        "rotation_mode": "QUATERNION"
      },
      "armature_space": {
        "head": {
          "x": 0.6107906699180603,
          "y": -0.24549326300621033,
          "z": 0.9287239909172058
        },
        "tail": {
          "x": 0.6279845237731934,
          "y": -0.25134041905403137,
          "z": 0.9468424320220947
        }
      },
      "world_space": {
        "head": {
          "x": 0.6107906699180603,
          "y": -0.1822492629289627,
          "z": 1.8785779476165771
        },
        "tail": {
          "x": 0.6279845237731934,
          "y": -0.18809641897678375,
          "z": 1.8966964483261108
        },
        "rotation_quaternion": {
          "w": 0.5992101430892944,
          "x": 0.6907457709312439,
          "y": 0.16426490247249603,
          "z": -0.3699115514755249
        },
        "matrix": [
          [
            0.6723659038543701,
            0.6702394485473633,
            -0.31417036056518555,
            0.6107906699180603
          ],
          [
            -0.21637611091136932,
            -0.22793006896972656,
            -0.9493310451507568,
            -0.1822492629289627
          ],
          [
            -0.7078933119773865,
            0.7062816619873047,
            -0.00822952389717102,
            1.8785779476165771
          ],
          [
            0.0,
            0.0,
            0.0,
            1.0
          ]
        ]
      },
      "bone_length_armature_space": 0.025653377160092986,
      "parent": "index_01_l",
      "has_children": true,
      "is_end_bone": false
    },
    "index_03_l": {
      "name": "index_03_l",
      "local": {
        "location": {
          "x": 0.0,
          "y": 0.0,
          "z": 0.0
        },
        "rotation_quaternion": {
          "w": 0.9996197819709778,
          "x": 0.027012532576918602,
          "y": 0.0055341897532343864,
          "z": -6.519223097711802e-05
        },
        "scale": {
          "x": 1.0,
          "y": 1.0,
          "z": 1.0
        },
        "matrix_basis": [
          [
            0.9999387264251709,
            0.0004293198580853641,
            0.011060649529099464,
            0.0
          ],
          [
            0.0001686500763753429,
            0.9985406398773193,
            -0.05400524660944939,
            0.0
          ],
          [
            -0.011067693121731281,
            0.05400380119681358,
            0.9984793663024902,
            0.0
          ],
          [
            0.0,
            0.0,
            0.0,
            1.0
          ]
        ],
        "rotation_mode": "QUATERNION"
      },
      "armature_space": {
        "head": {
          "x": 0.6279845237731934,
          "y": -0.25134027004241943,
          "z": 0.9468424320220947
        },
        "tail": {
          "x": 0.6478423476219177,
          "y": -0.2624271810054779,
          "z": 0.9651858806610107
        }
      },
      "world_space": {
        "head": {
          "x": 0.6279845237731934,
          "y": -0.18809626996517181,
          "z": 1.8966964483261108
        },
        "tail": {
          "x": 0.6478423476219177,
          "y": -0.19918318092823029,
          "z": 1.9150398969650269
        },
        "rotation_quaternion": {
          "w": 0.5231318473815918,
          "x": 0.7387890219688416,
          "y": 0.19133883714675903,
          "z": -0.37935906648635864
        },
        "matrix": [
          [
            0.6389528512954712,
            0.6796274185180664,
            -0.36034104228019714,
            0.6279845237731934
          ],
          [
            -0.11418933421373367,
            -0.37944620847702026,
            -0.918140172958374,
            -0.18809626996517181
          ],
          [
            -0.7607288360595703,
            0.6277996301651001,
            -0.16484400629997253,
            1.8966964483261108
          ],
          [
            0.0,
            0.0,
            0.0,
            1.0
          ]
        ]
      },
      "bone_length_armature_space": 0.02921874137644972,
      "parent": "index_02_l",
      "has_children": false,
      "is_end_bone": true
    },
    "metacarpal_pinky_l": {
      "name": "metacarpal_pinky_l",
      "local": {
        "location": {
          "x": 0.0,
          "y": 0.0,
          "z": 0.0
        },
        "rotation_quaternion": {
          "w": 0.9990738034248352,
          "x": -0.041866518557071686,
          "y": 0.006983696948736906,
          "z": 0.007076076231896877
        },
        "scale": {
          "x": 1.0,
          "y": 1.0,
          "z": 1.0
        },
        "matrix_basis": [
          [
            0.99980229139328,
            -0.01472381129860878,
            0.013361955992877483,
            0.0
          ],
          [
            0.013554278761148453,
            0.9963942766189575,
            0.08375431597232819,
            0.0
          ],
          [
            -0.014546958729624748,
            -0.0835566520690918,
            0.9963968396186829,
            0.0
          ],
          [
            0.0,
            0.0,
            0.0,
            1.0
          ]
        ],
        "rotation_mode": "QUATERNION"
      },
      "armature_space": {
        "head": {
          "x": 0.5627524852752686,
          "y": -0.19737069308757782,
          "z": 0.8031842708587646
        },
        "tail": {
          "x": 0.6394830942153931,
          "y": -0.22457255423069,
          "z": 0.8681130409240723
        }
      },
      "world_space": {
        "head": {
          "x": 0.5627524852752686,
          "y": -0.1341266930103302,
          "z": 1.7530382871627808
        },
        "tail": {
          "x": 0.6394830942153931,
          "y": -0.16132855415344238,
          "z": 1.8179670572280884
        },
        "rotation_quaternion": {
          "w": 0.4307655990123749,
          "x": -0.06407663226127625,
          "y": -0.4287497103214264,
          "z": -0.7915231585502625
        },
        "matrix": [
          [
            -0.6206690669059753,
            0.7368677258491516,
            -0.26794731616973877,
            0.5627524852752686
          ],
          [
            -0.6269781589508057,
            -0.26122787594795227,
            0.7339335680007935,
            -0.1341266930103302
          ],
          [
            0.47081953287124634,
            0.6235312223434448,
            0.624141275882721,
            1.7530382871627808
          ],
          [
            0.0,
            0.0,
            0.0,
            1.0
          ]
        ]
      },
      "bone_length_armature_space": 0.1041310360563658,
      "parent": "lowerarm_l",
      "has_children": true,
      "is_end_bone": false
    },
    "pinky_01_l": {
      "name": "pinky_01_l",
      "local": {
        "location": {
          "x": 0.0,
          "y": 0.0,
          "z": 0.0
        },
        "rotation_quaternion": {
          "w": 0.9554377794265747,
          "x": 0.2951166331768036,
          "y": -0.003577141324058175,
          "z": 0.005658929236233234
        },
        "scale": {
          "x": 1.0,
          "y": 1.0,
          "z": 1.0
        },
        "matrix_basis": [
          [
            0.9999103546142578,
            -0.012924857437610626,
            -0.0034953835420310497,
            0.0
          ],
          [
            0.008702161721885204,
            0.8257483243942261,
            -0.5639716386795044,
            0.0
          ],
          [
            0.010175560601055622,
            0.5638906955718994,
            0.8257867693901062,
            0.0
          ],
          [
            0.0,
            0.0,
            0.0,
            1.0
          ]
        ],
        "rotation_mode": "QUATERNION"
      },
      "armature_space": {
        "head": {
          "x": 0.6394830942153931,
          "y": -0.22457255423069,
          "z": 0.8681130409240723
        },
        "tail": {
          "x": 0.6491851210594177,
