{
  "metadata": {
    "armature_name": "KIM_caucasian_male",
    "export_time": "2026-01-13T21:02:51.753277",
    "blender_version": "4.4.1",
    "bone_count": 56,
    "end_bone_count": 13,
    "spaces_included": [
      "LOCAL_CHANNELS",
      "ARMATURE_SPACE",
      "WORLD_SPACE"
    ],
    "note": "LOCAL matches Transform panel; replay pose via local.matrix_basis for best fidelity."
  },
  "bones": {
    "Root": {
      "name": "Root",
      "local": {
        "location": {
          "x": 0.0,
          "y": 0.0,
          "z": 0.0
        },
        "rotation_quaternion": {
          "w": 0.9998819828033447,
          "x": 0.003995821345597506,
          "y": -0.011946052312850952,
          "z": -0.008801527321338654
        },
        "scale": {
          "x": 1.0,
          "y": 1.0,
          "z": 1.0
        },
        "matrix_basis": [
          [
            0.9995596408843994,
            0.017505507916212082,
            -0.023959623649716377,
            0.0
          ],
          [
            -0.017696445807814598,
            0.9998131394386292,
            -0.007780412677675486,
            0.0
          ],
          [
            0.02381894551217556,
            0.008200986310839653,
            0.9996826648712158,
            0.0
          ],
          [
            0.0,
            0.0,
            0.0,
            1.0
          ]
        ],
        "rotation_mode": "QUATERNION"
      },
      "armature_space": {
        "head": {
          "x": 0.0,
          "y": 0.07072800397872925,
          "z": -0.009595036506652832
        },
        "tail": {
          "x": 0.0012494708644226193,
          "y": -6.546825170516968e-05,
          "z": -0.0005818363279104233
        }
      },
      "world_space": {
        "head": {
          "x": 0.0,
          "y": 0.13397200405597687,
          "z": 0.9402589797973633
        },
        "tail": {
          "x": 0.0012494708644226193,
          "y": 0.06317853182554245,
          "z": 0.9492721557617188
        },
        "rotation_quaternion": {
          "w": 0.06337296217679977,
          "x": 0.997879683971405,
          "y": 0.007976752705872059,
          "z": -0.01251185592263937
        },
        "matrix": [
          [
            0.9995596408843994,
            0.017505507916212082,
            -0.023959623649716377,
            0.0
          ],
          [
            0.014333845116198063,
            -0.9918404221534729,
            -0.1266772449016571,
            0.13397200405597687
          ],
          [
            -0.0259818397462368,
            0.12627796828746796,
            -0.9916616678237915,
            0.9402589797973633
          ],
          [
            0.0,
            0.0,
            0.0,
            1.0
          ]
        ]
      },
      "bone_length_armature_space": 0.07137587043450956,
      "parent": null,
      "has_children": true,
      "is_end_bone": false
    },
    "spine_01": {
      "name": "spine_01",
      "local": {
        "location": {
          "x": 0.0,
          "y": 0.0,
          "z": 0.0
        },
        "rotation_quaternion": {
          "w": 0.9988723397254944,
          "x": -0.008828792721033096,
          "y": 0.021195806562900543,
          "z": -0.041556064039468765
        },
        "scale": {
          "x": 1.0,
          "y": 1.0,
          "z": 1.0
        },
        "matrix_basis": [
          [
            0.995647668838501,
            0.08264414221048355,
            0.04307758808135986,
            0.0
          ],
          [
            -0.0833926722407341,
            0.9963902831077576,
            0.0158760454505682,
            0.0
          ],
          [
            -0.041610028594732285,
            -0.019399302080273628,
            0.9989455938339233,
            0.0
          ],
          [
            0.0,
            0.0,
            0.0,
            1.0
          ]
        ],
        "rotation_mode": "QUATERNION"
      },
      "armature_space": {
        "head": {
          "x": 0.0012494708644226193,
          "y": -6.546825170516968e-05,
          "z": -0.0005818363279104233
        },
        "tail": {
          "x": 0.053770761936903,
          "y": 0.028903106227517128,
          "z": 0.48372265696525574
        }
      },
      "world_space": {
        "head": {
          "x": 0.0012494708644226193,
          "y": 0.06317853182554245,
          "z": 0.9492721557617188
        },
        "tail": {
          "x": 0.053770761936903,
          "y": 0.0921471044421196,
          "z": 1.4335767030715942
        },
        "rotation_quaternion": {
          "w": 0.7254422903060913,
          "x": 0.6855362057685852,
          "y": 0.05843048542737961,
          "z": -0.01896285079419613
        },
        "matrix": [
          [
            0.9924526214599609,
            0.1076253280043602,
            0.058775752782821655,
            0.0012494708644226193
          ],
          [
            0.05259876698255539,
            0.05936168506741524,
            -0.9968498945236206,
            0.06317853182554245
          ],
          [
            -0.11077603697776794,
            0.992424726486206,
            0.05325215682387352,
            0.9492721557617188
          ],
          [
            0.0,
            0.0,
            0.0,
            1.0
          ]
        ]
      },
      "bone_length_armature_space": 0.48800460882298685,
      "parent": "Root",
      "has_children": true,
      "is_end_bone": false
    },
    "neck_01": {
      "name": "neck_01",
      "local": {
        "location": {
          "x": 0.0,
          "y": 0.0,
          "z": 0.0
        },
        "rotation_quaternion": {
          "w": 0.9898660182952881,
          "x": -0.019765090197324753,
          "y": -0.10044189542531967,
          "z": 0.09841838479042053
        },
        "scale": {
          "x": 1.0,
          "y": 1.0,
          "z": 1.0
        },
        "matrix_basis": [
          [
            0.9604504704475403,
            -0.19087153673171997,
            -0.20273853838443756,
            0.0
          ],
          [
            0.19881251454353333,
            0.9798462986946106,
            0.0193589236587286,
            0.0
          ],
          [
            0.19495753943920135,
            -0.05890024080872536,
            0.9790415167808533,
            0.0
          ],
          [
            0.0,
            0.0,
            0.0,
            1.0
          ]
        ],
        "rotation_mode": "QUATERNION"
      },
      "armature_space": {
        "head": {
          "x": 0.06368929147720337,
          "y": -0.0013217143714427948,
          "z": 0.5582332611083984
        },
        "tail": {
          "x": 0.05644118785858154,
          "y": -0.02914050593972206,
          "z": 0.6566422581672668
        }
      },
      "world_space": {
        "head": {
          "x": 0.06368929147720337,
          "y": 0.061922285705804825,
          "z": 1.5080872774124146
        },
        "tail": {
          "x": 0.05644118785858154,
          "y": 0.03410349413752556,
          "z": 1.6064963340759277
        },
        "rotation_quaternion": {
          "w": 0.5975858569145203,
          "x": 0.7954648733139038,
          "y": -0.08495745807886124,
          "z": -0.053936176002025604
        },
        "matrix": [
          [
            0.9797461628913879,
            -0.07069847732782364,
            -0.1873476207256317,
            0.06368929147720337
          ],
          [
            -0.19962459802627563,
            -0.2713463604450226,
            -0.9415526390075684,
            0.061922285705804825
          ],
          [
            0.01573014259338379,
            0.9598881006240845,
            -0.2799665331840515,
            1.5080872774124146
          ],
          [
            0.0,
            0.0,
            0.0,
            1.0
          ]
        ]
      },
      "bone_length_armature_space": 0.10252195356394071,
      "parent": "spine_01",
      "has_children": true,
      "is_end_bone": false
    },
    "head": {
      "name": "head",
      "local": {
        "location": {
          "x": 0.0,
          "y": 0.0,
          "z": 0.0
        },
        "rotation_quaternion": {
          "w": 0.9811849594116211,
          "x": 0.012034204788506031,
          "y": -0.04485895484685898,
          "z": 0.1874009370803833
        },
        "scale": {
          "x": 1.0,
          "y": 1.0,
          "z": 1.0
        },
        "matrix_basis": [
          [
            0.9257371425628662,
            -0.3688296377658844,
            -0.08351942151784897,
            0.0
          ],
          [
            0.36667028069496155,
            0.9294721484184265,
            -0.040428780019283295,
            0.0
          ],
          [
            0.09254030883312225,
            0.006802340969443321,
            0.9956856966018677,
            0.0
          ],
          [
            0.0,
            0.0,
            0.0,
            1.0
          ]
        ],
        "rotation_mode": "QUATERNION"
      },
      "armature_space": {
        "head": {
          "x": 0.05644116550683975,
          "y": -0.02914063259959221,
          "z": 0.6566421389579773
        },
        "tail": {
          "x": 0.00038997456431388855,
          "y": -0.005972094833850861,
          "z": 0.7993823289871216
        }
      },
      "world_space": {
        "head": {
          "x": 0.05644116550683975,
          "y": 0.03410336747765541,
          "z": 1.6064960956573486
        },
        "tail": {
          "x": 0.00038997456431388855,
          "y": 0.05727190524339676,
          "z": 1.7492363452911377
        },
        "rotation_quaternion": {
          "w": 0.7213405966758728,
          "x": 0.6509203314781189,
          "y": -0.23315425217151642,
          "z": 0.040120262652635574
        },
        "matrix": [
          [
            0.8880596160888672,
            -0.3614102303981781,
            -0.2841354310512543,
            0.05644116550683975
          ],
          [
            -0.24564671516418457,
            0.14938749372959137,
            -0.9577793478965759,
            0.03410336747765541
          ],
          [
            0.3885999619960785,
            0.9203685522079468,
            0.04388517141342163,
            1.6064960956573486
          ],
          [
            0.0,
            0.0,
            0.0,
            1.0
          ]
        ]
      },
      "bone_length_armature_space": 0.15509119562766577,
      "parent": "neck_01",
      "has_children": false,
      "is_end_bone": true
    },
    "upperarm_l": {
      "name": "upperarm_l",
      "local": {
        "location": {
          "x": 0.0,
          "y": 0.0,
          "z": 0.0
        },
        "rotation_quaternion": {
          "w": 0.9267144203186035,
          "x": 0.18807384371757507,
          "y": -0.08596798032522202,
          "z": 0.3137487769126892
        },
        "scale": {
          "x": 1.0,
          "y": 1.0,
          "z": 1.0
        },
        "matrix_basis": [
          [
            0.7883424162864685,
            -0.6138476729393005,
            -0.04131965711712837,
            0.0
          ],
          [
            0.5491743683815002,
            0.7323798537254333,
            -0.4025261700153351,
            0.0
          ],
          [
            0.27735140919685364,
            0.2946367859840393,
            0.9144755005836487,
            0.0
          ],
          [
            0.0,
            0.0,
            0.0,
            1.0
          ]
        ],
        "rotation_mode": "QUATERNION"
      },
      "armature_space": {
        "head": {
          "x": 0.20551137626171112,
          "y": -0.0006005465984344482,
          "z": 0.47508805990219116
        },
        "tail": {
          "x": 0.4282839298248291,
          "y": -0.055428434163331985,
          "z": 0.6135588884353638
        }
      },
      "world_space": {
        "head": {
          "x": 0.20551137626171112,
          "y": 0.06264345347881317,
          "z": 1.4249420166015625
        },
        "tail": {
          "x": 0.4282839298248291,
          "y": 0.007815565913915634,
          "z": 1.5634129047393799
        },
        "rotation_quaternion": {
          "w": 0.5867254137992859,
          "x": 0.6228138208389282,
          "y": 0.23119325935840607,
          "z": -0.46303993463516235
        },
        "matrix": [
          [
            0.46428632736206055,
            0.8313356637954712,
            -0.3054822087287903,
            0.20551137626171112
          ],
          [
            -0.2553774118423462,
            -0.20460501313209534,
            -0.9449442625045776,
            0.06264345347881317
          ],
          [
            -0.8480749726295471,
            0.5167412161827087,
            0.11730903387069702,
            1.4249420166015625
          ],
          [
            0.0,
            0.0,
            0.0,
            1.0
          ]
        ]
      },
      "bone_length_armature_space": 0.26796991708420714,
      "parent": "spine_01",
      "has_children": true,
      "is_end_bone": false
    },
    "lowerarm_l": {
      "name": "lowerarm_l",
      "local": {
        "location": {
          "x": 0.0,
          "y": 0.0,
          "z": 0.0
        },
        "rotation_quaternion": {
          "w": 0.8713854551315308,
          "x": 0.4759407043457031,
          "y": -0.05151047185063362,
          "z": 0.10730690509080887
        },
        "scale": {
          "x": 1.0,
          "y": 1.0,
          "z": 1.0
        },
        "matrix_basis": [
          [
            0.971663773059845,
            -0.23604321479797363,
            0.012372495606541634,
            0.0
          ],
          [
            0.13797949254512787,
            0.5239313244819641,
            -0.8405104875564575,
            0.0
          ],
          [
            0.1919143944978714,
            0.8184007406234741,
            0.5416542291641235,
            0.0
          ],
          [
            0.0,
            0.0,
            0.0,
            1.0
          ]
        ],
        "rotation_mode": "QUATERNION"
      },
      "armature_space": {
        "head": {
          "x": 0.4282839298248291,
          "y": -0.05542847141623497,
          "z": 0.6135590672492981
        },
        "tail": {
          "x": 0.4029003381729126,
          "y": -0.26151755452156067,
          "z": 0.7822383642196655
        }
      },
      "world_space": {
        "head": {
          "x": 0.4282839298248291,
          "y": 0.00781552866101265,
          "z": 1.563413143157959
        },
        "tail": {
          "x": 0.4029003381729126,
          "y": -0.19827355444431305,
          "z": 1.7320923805236816
        },
        "rotation_quaternion": {
          "w": 0.2641524076461792,
          "x": 0.812951385974884,
          "y": -0.21223978698253632,
          "z": -0.4735904037952423
        },
        "matrix": [
          [
            0.461333304643631,
            -0.09488320350646973,
            -0.8821389079093933,
            0.4282839298248291
          ],
          [
            -0.5952817797660828,
            -0.7703559398651123,
            -0.22845561802387238,
            0.00781552866101265
          ],
          [
            -0.6578890681266785,
            0.6305189728736877,
            -0.4118759334087372,
            1.563413143157959
          ],
          [
            0.0,
            0.0,
            0.0,
            1.0
          ]
        ]
      },
      "bone_length_armature_space": 0.26752521618740216,
      "parent": "upperarm_l",
      "has_children": true,
      "is_end_bone": false
    },
    "metacarpal_thumb_l": {
      "name": "metacarpal_thumb_l",
      "local": {
        "location": {
          "x": 0.0,
          "y": 0.0,
          "z": 0.0
        },
        "rotation_quaternion": {
          "w": 0.9992237687110901,
          "x": -0.03259529173374176,
          "y": -0.012376486323773861,
          "z": -0.018340399488806725
        },
        "scale": {
          "x": 1.0,
          "y": 1.0,
          "z": 1.0
        },
        "matrix_basis": [
          [
            0.9990209341049194,
            0.03745915740728378,
            -0.0235381368547678,
            0.0
          ],
          [
            -0.035845495760440826,
            0.9972023367881775,
            0.06559395790100098,
            0.0
          ],
          [
            0.02592938020825386,
            -0.06468600034713745,
            0.9975687265396118,
            0.0
          ],
          [
            0.0,
            0.0,
            0.0,
            1.0
          ]
        ],
        "rotation_mode": "QUATERNION"
      },
      "armature_space": {
        "head": {
          "x": 0.4029003381729126,
          "y": -0.26151755452156067,
          "z": 0.7822383642196655
        },
        "tail": {
          "x": 0.377367228269577,
          "y": -0.30270758271217346,
          "z": 0.7924866080284119
        }
      },
      "world_space": {
        "head": {
          "x": 0.4029003381729126,
          "y": -0.19827355444431305,
          "z": 1.7320923805236816
        },
        "tail": {
          "x": 0.377367228269577,
          "y": -0.23946358263492584,
          "z": 1.7423405647277832
        },
        "rotation_quaternion": {
          "w": 0.18758708238601685,
          "x": 0.908036470413208,
          "y": -0.22143349051475525,
          "z": 0.3020729422569275
        },
        "matrix": [
          [
            0.7194384336471558,
            -0.5154699087142944,
            0.4655098617076874,
            0.4029003381729126
          ],
          [
            -0.28880977630615234,
            -0.8315562605857849,
            -0.4744507074356079,
            -0.19827355444431305
          ],
          [
            0.6316667199134827,
            0.20689499378204346,
            -0.7471315264701843,
            1.7320923805236816
          ],
          [
            0.0,
            0.0,
            0.0,
            1.0
          ]
        ]
      },
      "bone_length_armature_space": 0.04953367139972029,
      "parent": "lowerarm_l",
      "has_children": true,
      "is_end_bone": false
    },
    "thumb_01_l": {
      "name": "thumb_01_l",
      "local": {
        "location": {
          "x": 0.0,
          "y": 0.0,
          "z": 0.0
        },
        "rotation_quaternion": {
          "w": 0.9991313219070435,
          "x": -0.03774219751358032,
          "y": -0.015290932729840279,
          "z": 0.008853544481098652
        },
        "scale": {
          "x": 1.0,
          "y": 1.0,
          "z": 1.0
        },
        "matrix_basis": [
          [
            0.999375581741333,
            -0.016537480056285858,
            -0.031223604455590248,
            0.0
          ],
          [
            0.01884593442082405,
            0.9969942569732666,
            0.0751480683684349,
            0.0
          ],
          [
            0.029886994510889053,
            -0.07568958401679993,
            0.9966834187507629,
            0.0
          ],
          [
            0.0,
            0.0,
            0.0,
            1.0
          ]
        ],
        "rotation_mode": "QUATERNION"
      },
      "armature_space": {
        "head": {
          "x": 0.377367228269577,
          "y": -0.30270758271217346,
          "z": 0.7924866080284119
        },
        "tail": {
          "x": 0.37313371896743774,
          "y": -0.33089032769203186,
          "z": 0.7738736867904663
        }
      },
      "world_space": {
        "head": {
          "x": 0.377367228269577,
          "y": -0.23946358263492584,
          "z": 1.7423405647277832
        },
        "tail": {
          "x": 0.37313371896743774,
          "y": -0.26764631271362305,
          "z": 1.7237277030944824
        },
        "rotation_quaternion": {
          "w": 0.059654511511325836,
          "x": -0.39721402525901794,
          "y": 0.28715750575065613,
          "z": -0.8695993423461914
        },
        "matrix": [
          [
            -0.6773252487182617,
            -0.12437377870082855,
            0.7250944375991821,
            0.377367228269577
          ],
          [
            -0.3318765461444855,
            -0.827964723110199,
            -0.4520317614078522,
            -0.23946358263492584
          ],
          [
            0.6565774083137512,
            -0.5468186140060425,
            0.5195279121398926,
            1.7423405647277832
          ],
          [
            0.0,
            0.0,
            0.0,
            1.0
          ]
        ]
      },
      "bone_length_armature_space": 0.034038662709856726,
      "parent": "metacarpal_thumb_l",
      "has_children": true,
      "is_end_bone": false
    },
    "thumb_02_l": {
      "name": "thumb_02_l",
      "local": {
        "location": {
          "x": 0.0,
          "y": 0.0,
          "z": 0.0
        },
        "rotation_quaternion": {
          "w": 0.9937003254890442,
          "x": 0.1114724725484848,
          "y": 0.008684823289513588,
          "z": -0.007631814107298851
        },
        "scale": {
          "x": 1.0,
          "y": 1.0,
          "z": 1.0
        },
        "matrix_basis": [
          [
            0.9997326731681824,
            0.017103709280490875,
            0.015558749437332153,
            0.0
          ],
          [
            -0.01323123462498188,
            0.975031316280365,
            -0.22167302668094635,
            0.0
          ],
          [
            -0.018961697816848755,
            0.2214079052209854,
            0.9749969244003296,
            0.0
          ],
          [
            0.0,
            0.0,
            0.0,
            1.0
          ]
        ],
        "rotation_mode": "QUATERNION"
      },
      "armature_space": {
        "head": {
          "x": 0.37313371896743774,
          "y": -0.3308902680873871,
          "z": 0.7738736867904663
        },
        "tail": {
          "x": 0.3724711537361145,
          "y": -0.3616236448287964,
          "z": 0.7997234463691711
        }
      },
      "world_space": {
        "head": {
          "x": 0.37313371896743774,
          "y": -0.26764625310897827,
          "z": 1.7237277030944824
        },
        "tail": {
          "x": 0.3724711537361145,
          "y": -0.29837965965270996,
          "z": 1.749577522277832
        },
        "rotation_quaternion": {
          "w": 0.045218825340270996,
          "x": 0.10007906705141068,
          "y": 0.3396477997303009,
          "z": 0.9341192841529846
        },
        "matrix": [
          [
            -0.9758790135383606,
            -0.01649617776274681,
            0.21768850088119507,
            0.37313371896743774
          ],
          [
            0.15246300399303436,
            -0.7651892304420471,
            0.6254923939704895,
            -0.26764625310897827
          ],
          [
            0.1562556028366089,
            0.6435980796813965,
            0.7492525577545166,
            1.7237277030944824
          ],
          [
            0.0,
            0.0,
            0.0,
            1.0
          ]
        ]
      },
      "bone_length_armature_space": 0.04016453055884553,
      "parent": "thumb_01_l",
      "has_children": true,
      "is_end_bone": false
    },
    "thumb_03_l": {
      "name": "thumb_03_l",
      "local": {
        "location": {
          "x": 0.0,
          "y": 0.0,
          "z": 0.0
        },
        "rotation_quaternion": {
          "w": 0.9982540607452393,
          "x": 0.05894704908132553,
          "y": -0.0033106235787272453,
          "z": 0.00179854326415807
        },
        "scale": {
          "x": 1.0,
          "y": 1.0,
          "z": 1.0
        },
        "matrix_basis": [
          [
            0.9999716281890869,
            -0.003981109242886305,
            -0.006397649180144072,
            0.0
          ],
          [
            0.00320050329901278,
            0.9930440187454224,
            -0.11770017445087433,
            0.0
          ],
          [
            0.006821724586188793,
            0.11767635494470596,
            0.9930285811424255,
            0.0
          ],
          [
            0.0,
            0.0,
            0.0,
            1.0
          ]
        ],
        "rotation_mode": "QUATERNION"
      },
      "armature_space": {
        "head": {
          "x": 0.3724710941314697,
          "y": -0.361623615026474,
          "z": 0.7997233271598816
        },
        "tail": {
          "x": 0.3780140280723572,
          "y": -0.3764137029647827,
          "z": 0.8257508277893066
        }
      },
      "world_space": {
        "head": {
          "x": 0.3724710941314697,
          "y": -0.2983796000480652,
          "z": 1.749577283859253
        },
        "tail": {
          "x": 0.3780140280723572,
          "y": -0.3131697177886963,
          "z": 1.7756048440933228
        },
        "rotation_quaternion": {
          "w": 0.12803632020950317,
          "x": 0.039155565202236176,
          "y": -0.490619421005249,
          "z": -0.8610263466835022
        },
        "matrix": [
          [
            -0.9641470313072205,
            0.18206465244293213,
            -0.1930626928806305,
            0.3724710941314697
          ],
          [
            -0.25890666246414185,
            -0.4857983887195587,
            0.8348458409309387,
            -0.2983796000480652
          ],
          [
            0.058206409215927124,
            0.8549046516418457,
            0.5155227184295654,
            1.749577283859253
          ],
          [
            0.0,
            0.0,
            0.0,
            1.0
          ]
        ]
      },
      "bone_length_armature_space": 0.030445058548010013,
      "parent": "thumb_02_l",
      "has_children": false,
      "is_end_bone": true
    },
    "metacarpal_index_l": {
      "name": "metacarpal_index_l",
      "local": {
        "location": {
          "x": 0.0,
          "y": 0.0,
          "z": 0.0
        },
        "rotation_quaternion": {
          "w": 0.9989919662475586,
          "x": -0.044270697981119156,
          "y": -0.0009752466576173902,
          "z": 0.007377006113529205
        },
        "scale": {
          "x": 1.0,
          "y": 1.0,
          "z": 1.0
        },
        "matrix_basis": [
          [
            0.9998892545700073,
            -0.014652789570391178,
            -0.002601697575300932,
            0.0
          ],
          [
            0.014825489372015,
            0.9959713816642761,
            0.0884377509355545,
            0.0
          ],
          [
            0.0012953567784279585,
            -0.08846653252840042,
            0.9960783123970032,
            0.0
          ],
          [
            0.0,
            0.0,
            0.0,
            1.0
          ]
        ],
        "rotation_mode": "QUATERNION"
      },
      "armature_space": {
        "head": {
          "x": 0.4029003381729126,
          "y": -0.26151755452156067,
          "z": 0.7822383642196655
        },
        "tail": {
          "x": 0.3629535138607025,
          "y": -0.35352200269699097,
          "z": 0.8428081274032593
        }
      },
      "world_space": {
        "head": {
          "x": 0.4029003381729126,
          "y": -0.19827355444431305,
          "z": 1.7320923805236816
        },
        "tail": {
          "x": 0.3629535138607025,
          "y": -0.29027801752090454,
          "z": 1.7926621437072754
        },
        "rotation_quaternion": {
          "w": 0.2717457115650177,
          "x": 0.944730281829834,
          "y": -0.18316423892974854,
          "z": -0.00948747806251049
        },
        "matrix": [
          [
            0.932721734046936,
            -0.3409253656864166,
            -0.1174750104546547,
            0.4029003381729126
          ],
          [
            -0.35123834013938904,
            -0.7852102518081665,
            -0.5099775791168213,
            -0.19827355444431305
          ],
          [
            0.08162195235490799,
            0.5169315934181213,
            -0.852134644985199,
            1.7320923805236816
          ],
          [
            0.0,
            0.0,
            0.0,
            1.0
          ]
        ]
      },
      "bone_length_armature_space": 0.11717194116143906,
      "parent": "lowerarm_l",
      "has_children": true,
      "is_end_bone": false
    },
    "index_01_l": {
      "name": "index_01_l",
      "local": {
        "location": {
          "x": 0.0,
          "y": 0.0,
          "z": 0.0
        },
        "rotation_quaternion": {
          "w": 0.9940181970596313,
          "x": -0.10833209753036499,
          "y": -0.009908310137689114,
          "z": 0.009686624631285667
        },
        "scale": {
          "x": 1.0,
          "y": 1.0,
          "z": 1.0
        },
        "matrix_basis": [
          [
            0.9996159672737122,
            -0.017110586166381836,
            -0.021796826273202896,
            0.0
          ],
          [
            0.021404137834906578,
            0.976340651512146,
            0.21517619490623474,
            0.0
          ],
          [
            0.017599336802959442,
            -0.21556010842323303,
            0.9763319492340088,
            0.0
          ],
          [
            0.0,
            0.0,
            0.0,
            1.0
          ]
        ],
        "rotation_mode": "QUATERNION"
      },
      "armature_space": {
        "head": {
          "x": 0.3629535138607025,
          "y": -0.35352200269699097,
          "z": 0.8428081274032593
        },
        "tail": {
          "x": 0.36366185545921326,
          "y": -0.37147727608680725,
          "z": 0.8649482131004333
        }
      },
      "world_space": {
        "head": {
          "x": 0.3629535138607025,
          "y": -0.29027801752090454,
          "z": 1.7926621437072754
        },
        "tail": {
          "x": 0.36366185545921326,
          "y": -0.30823326110839844,
          "z": 1.8148021697998047
        },
        "rotation_quaternion": {
          "w": 0.43004366755485535,
          "x": 0.9007112979888916,
          "y": -0.01471757423132658,
          "z": -0.05970815569162369
        },
        "matrix": [
          [
            0.9924368262290955,
            0.024841634556651115,
            -0.12021787464618683,
            0.3629535138607025
          ],
          [
            -0.07786669582128525,
            -0.6296916604042053,
            -0.772933304309845,
            -0.29027801752090454
          ],
          [
            -0.09490177035331726,
            0.7764529585838318,
            -0.6229994297027588,
            1.7926621437072754
          ],
          [
            0.0,
            0.0,
            0.0,
            1.0
          ]
        ]
      },
      "bone_length_armature_space": 0.02851450504542763,
      "parent": "metacarpal_index_l",
      "has_children": true,
      "is_end_bone": false
    },
    "index_02_l": {
      "name": "index_02_l",
      "local": {
        "location": {
          "x": 0.0,
          "y": 0.0,
          "z": 0.0
        },
        "rotation_quaternion": {
          "w": 0.9994128942489624,
          "x": 0.03172814100980759,
          "y": 0.008941993117332458,
          "z": 0.009343276731669903
        },
        "scale": {
          "x": 1.0,
          "y": 1.0,
          "z": 1.0
        },
        "matrix_basis": [
          [
            0.9996654987335205,
            -0.018108157441020012,
            0.018466375768184662,
            0.0
          ],
          [
            0.01924300752580166,
            0.997812032699585,
            -0.06325193494558334,
            0.0
          ],
          [
            -0.017280597239732742,
            0.06358612328767776,
            0.9978267550468445,
            0.0
          ],
          [
            0.0,
            0.0,
            0.0,
            1.0
          ]
        ],
        "rotation_mode": "QUATERNION"
      },
      "armature_space": {
        "head": {
          "x": 0.36366158723831177,
          "y": -0.37147772312164307,
          "z": 0.8649483323097229
        },
        "tail": {
          "x": 0.3644382357597351,
          "y": -0.3881920278072357,
          "z": 0.8843937516212463
        }
      },
      "world_space": {
        "head": {
          "x": 0.36366158723831177,
          "y": -0.30823373794555664,
          "z": 1.8148024082183838
        },
        "tail": {
          "x": 0.3644382357597351,
          "y": -0.3249480128288269,
          "z": 1.8342478275299072
        },
        "rotation_quaternion": {
          "w": 0.41684478521347046,
          "x": 0.9049025774002075,
          "y": -0.02160562202334404,
          "z": -0.08321651816368103
        },
        "matrix": [
          [
            0.9852165579795837,
            0.03027474507689476,
            -0.16861788928508759,
            0.36366158723831177
          ],
          [
            -0.1084785908460617,
            -0.6515472531318665,
            -0.7508124709129333,
            -0.30823373794555664
          ],
          [
            -0.13259409368038177,
            0.758008599281311,
            -0.6386357545852661,
            1.8148024082183838
          ],
          [
            0.0,
            0.0,
            0.0,
            1.0
          ]
        ]
      },
      "bone_length_armature_space": 0.025653372101361836,
      "parent": "index_01_l",
      "has_children": true,
      "is_end_bone": false
    },
    "index_03_l": {
      "name": "index_03_l",
      "local": {
        "location": {
          "x": 0.0,
          "y": 0.0,
          "z": 0.0
        },
        "rotation_quaternion": {
          "w": 0.9993680715560913,
          "x": 0.03539343550801277,
          "y": -0.0016881702467799187,
          "z": 0.002795584499835968
        },
        "scale": {
          "x": 1.0,
          "y": 1.0,
          "z": 1.0
        },
        "matrix_basis": [
          [
            0.9999786615371704,
            -0.0057071358896791935,
            -0.0031763161532580853,
            0.0
          ],
          [
            0.005468135699629784,
            0.9974789619445801,
            -0.07075157761573792,
            0.0
          ],
          [
            0.0035720975138247013,
            0.07073269784450531,
            0.9974889159202576,
            0.0
          ],
          [
            0.0,
            0.0,
            0.0,
            1.0
          ]
        ],
        "rotation_mode": "QUATERNION"
      },
      "armature_space": {
        "head": {
          "x": 0.3644382357597351,
          "y": -0.38819190859794617,
          "z": 0.8843938708305359
        },
        "tail": {
          "x": 0.3671058118343353,
          "y": -0.41067251563072205,
          "z": 0.9028666019439697
        }
      },
      "world_space": {
        "head": {
          "x": 0.3644382357597351,
          "y": -0.32494789361953735,
          "z": 1.8342478275299072
        },
        "tail": {
          "x": 0.3671058118343353,
          "y": -0.34742850065231323,
          "z": 1.8527206182479858
        },
        "rotation_quaternion": {
          "w": 0.3387472629547119,
          "x": 0.938007652759552,
          "y": 0.023547587916254997,
          "z": -0.06955152750015259
        },
        "matrix": [
          [
            0.9892162680625916,
            0.09129644930362701,
            -0.11452610790729523,
            0.3644382357597351
          ],
          [
            -0.0029449360445141792,
            -0.769391655921936,
            -0.6387711763381958,
            -0.32494789361953735
          ],
          [
            -0.14643386006355286,
            0.6322236061096191,
            -0.7608312368392944,
            1.8342478275299072
          ],
          [
            0.0,
            0.0,
            0.0,
            1.0
          ]
        ]
      },
      "bone_length_armature_space": 0.029218752130860993,
      "parent": "index_02_l",
      "has_children": false,
      "is_end_bone": true
    },
    "metacarpal_pinky_l": {
      "name": "metacarpal_pinky_l",
      "local": {
        "location": {
          "x": 0.0,
          "y": 0.0,
          "z": 0.0
        },
        "rotation_quaternion": {
          "w": 0.9997689723968506,
          "x": -0.016504915431141853,
          "y": -0.012498216703534126,
          "z": -0.0057724853977561
        },
        "scale": {
          "x": 1.0,
          "y": 1.0,
          "z": 1.0
        },
        "matrix_basis": [
          [
            0.9996209740638733,
            0.011954867281019688,
            -0.02480011060833931,
            0.0
          ],
          [
            -0.011129739694297314,
            0.9993885159492493,
            0.03314649686217308,
            0.0
          ],
          [
            0.025181207805871964,
            -0.03285791352391243,
            0.9991427659988403,
            0.0
          ],
          [
            0.0,
            0.0,
            0.0,
            1.0
          ]
        ],
        "rotation_mode": "QUATERNION"
      },
      "armature_space": {
        "head": {
          "x": 0.4029003381729126,
          "y": -0.26151755452156067,
          "z": 0.7822383642196655
        },
        "tail": {
          "x": 0.423054575920105,
          "y": -0.3332839012145996,
          "z": 0.8549479246139526
        }
      },
      "world_space": {
        "head": {
          "x": 0.4029003381729126,
          "y": -0.19827355444431305,
          "z": 1.7320923805236816
        },
        "tail": {
          "x": 0.423054575920105,
          "y": -0.2700399160385132,
          "z": 1.8048019409179688
        },
        "rotation_quaternion": {
          "w": 0.2204444408416748,
          "x": 0.2917301058769226,
          "y": -0.3268134891986847,
          "z": -0.8714877367019653
        },
        "matrix": [
          [
            -0.732595682144165,
            0.19354745745658875,
            -0.6525667309761047,
            0.4029003381729126
          ],
          [
            -0.574912428855896,
            -0.6891946196556091,
            0.4410068094730377,
            -0.19827355444431305
          ],
          [
            -0.3643925189971924,
            0.6982524394989014,
            0.6161782145500183,
            1.7320923805236816
          ],
          [
            0.0,
            0.0,
            0.0,
            1.0
          ]
        ]
      },
      "bone_length_armature_space": 0.10413108007640538,
      "parent": "lowerarm_l",
      "has_children": true,
      "is_end_bone": false
    },
    "pinky_01_l": {
      "name": "pinky_01_l",
      "local": {
        "location": {
          "x": 0.0,
          "y": 0.0,
          "z": 0.0
        },
        "rotation_quaternion": {
          "w": 0.9462130069732666,
          "x": 0.32297584414482117,
          "y": 0.01896904595196247,
          "z": -0.0028107294347137213
        },
        "scale": {
          "x": 1.0,
          "y": 1.0,
          "z": 1.0
        },
        "matrix_basis": [
          [
            0.9992645382881165,
            0.017572185024619102,
            0.034081920981407166,
            0.0
          ],
          [
            0.006933989934623241,
            0.7913573980331421,
            -0.6113145351409912,
            0.0
          ],
          [
            -0.03771311044692993,
            0.6111012697219849,
            0.7906535863876343,
            0.0
          ],
          [
            0.0,
            0.0,
            0.0,
            1.0
          ]
        ],
        "rotation_mode": "QUATERNION"
      },
      "armature_space": {
        "head": {
          "x": 0.423054575920105,
          "y": -0.3332839012145996,
          "z": 0.8549479246139526
        },
