{
  "metadata": {
    "armature_name": "KIM_caucasian_male",
    "export_time": "2026-01-13T20:54:51.016956",
    "blender_version": "4.4.1",
    "bone_count": 56,
    "end_bone_count": 13,
    "spaces_included": [
      "LOCAL_CHANNELS",
      "ARMATURE_SPACE",
      "WORLD_SPACE"
    ],
    "note": "LOCAL matches Transform panel; replay pose via local.matrix_basis for best fidelity."
  },
  "bones": {
    "Root": {
      "name": "Root",
      "local": {
        "location": {
          "x": 0.0,
          "y": 0.0,
          "z": 0.0
        },
        "rotation_quaternion": {
          "w": 0.9997133016586304,
          "x": -0.005359827075153589,
          "y": 0.01231756154447794,
          "z": 0.019822368398308754
        },
        "scale": {
          "x": 1.0,
          "y": 1.0,
          "z": 1.0
        },
        "matrix_basis": [
          [
            0.9989107251167297,
            -0.039765410125255585,
            0.024415571242570877,
            0.0
          ],
          [
            0.03950133174657822,
            0.9991567134857178,
            0.011204907670617104,
            0.0
          ],
          [
            -0.024840548634529114,
            -0.010228253901004791,
            0.999639093875885,
            0.0
          ],
          [
            0.0,
            0.0,
            0.0,
            1.0
          ]
        ],
        "rotation_mode": "QUATERNION"
      },
      "armature_space": {
        "head": {
          "x": 0.0,
          "y": 0.07072800397872925,
          "z": -0.009595036506652832
        },
        "tail": {
          "x": -0.002838290762156248,
          "y": 0.00015778839588165283,
          "z": 0.000715336762368679
        }
      },
      "world_space": {
        "head": {
          "x": 0.0,
          "y": 0.13397200405597687,
          "z": 0.9402589797973633
        },
        "tail": {
          "x": -0.002838290762156248,
          "y": 0.06340178847312927,
          "z": 0.9505693316459656
        },
        "rotation_quaternion": {
          "w": 0.07269598543643951,
          "x": 0.9970811009407043,
          "y": -0.018947526812553406,
          "z": 0.013624969869852066
        },
        "matrix": [
          [
            0.9989107251167297,
            -0.039765410125255585,
            0.024415571242570877,
            0.0
          ],
          [
            -0.035803474485874176,
            -0.9887125492095947,
            -0.14548437297344208,
            0.13397200405597687
          ],
          [
            0.029925402253866196,
            0.1444518119096756,
            -0.9890663027763367,
            0.9402589797973633
          ],
          [
            0.0,
            0.0,
            0.0,
            1.0
          ]
        ]
      },
      "bone_length_armature_space": 0.07137587100313592,
      "parent": null,
      "has_children": true,
      "is_end_bone": false
    },
    "spine_01": {
      "name": "spine_01",
      "local": {
        "location": {
          "x": 0.0,
          "y": 0.0,
          "z": 0.0
        },
        "rotation_quaternion": {
          "w": 0.9965211153030396,
          "x": -0.019197925925254822,
          "y": -0.05260302498936653,
          "z": -0.06172725185751915
        },
        "scale": {
          "x": 1.0,
          "y": 1.0,
          "z": 1.0
        },
        "matrix_basis": [
          [
            0.9868453145027161,
            0.12504476308822632,
            -0.10246998071670532,
            0.0
          ],
          [
            -0.12100528180599213,
            0.9916423559188843,
            0.04475635662674904,
            0.0
          ],
          [
            0.10721012204885483,
            -0.03176819533109665,
            0.9937286972999573,
            0.0
          ],
          [
            0.0,
            0.0,
            0.0,
            1.0
          ]
        ],
        "rotation_mode": "QUATERNION"
      },
      "armature_space": {
        "head": {
          "x": -0.002838290762156248,
          "y": 0.00015778839588165283,
          "z": 0.000715336762368679
        },
        "tail": {
          "x": 0.0452357679605484,
          "y": 0.04148050770163536,
          "z": 0.4845850169658661
        }
      },
      "world_space": {
        "head": {
          "x": -0.002838290762156248,
          "y": 0.06340178847312927,
          "z": 0.9505693316459656
        },
        "tail": {
          "x": 0.0452357679605484,
          "y": 0.10472451150417328,
          "z": 1.4344390630722046
        },
        "rotation_quaternion": {
          "w": 0.7361933588981628,
          "x": 0.6712521910667419,
          "y": -0.018917042762041092,
          "z": -0.08415475487709045
        },
        "matrix": [
          [
            0.9851201176643372,
            0.09851216524839401,
            -0.14083194732666016,
            -0.002838290762156248
          ],
          [
            -0.14930520951747894,
            0.08467748761177063,
            -0.9851586818695068,
            0.06340178847312927
          ],
          [
            -0.08512555807828903,
            0.9915336966514587,
            0.09812568128108978,
            0.9505693316459656
          ],
          [
            0.0,
            0.0,
            0.0,
            1.0
          ]
        ]
      },
      "bone_length_armature_space": 0.4880046549831323,
      "parent": "Root",
      "has_children": true,
      "is_end_bone": false
    },
    "neck_01": {
      "name": "neck_01",
      "local": {
        "location": {
          "x": 0.0,
          "y": 0.0,
          "z": 0.0
        },
        "rotation_quaternion": {
          "w": 0.9934507608413696,
          "x": 0.05694637820124626,
          "y": 0.024280106648802757,
          "z": -0.09603767842054367
        },
        "scale": {
          "x": 1.0,
          "y": 1.0,
          "z": 1.0
        },
        "matrix_basis": [
          [
            0.9803744554519653,
            0.19358274340629578,
            0.03730418533086777,
            0.0
          ],
          [
            -0.18805208802223206,
            0.9750677347183228,
            -0.11781045794487,
            0.0
          ],
          [
            -0.05918017774820328,
            0.10848323255777359,
            0.9923352003097534,
            0.0
          ],
          [
            0.0,
            0.0,
            0.0,
            1.0
          ]
        ],
        "rotation_mode": "QUATERNION"
      },
      "armature_space": {
        "head": {
          "x": 0.047564562410116196,
          "y": 0.013514727354049683,
          "z": 0.5605866312980652
        },
        "tail": {
          "x": 0.0689866840839386,
          "y": -0.029554355889558792,
          "z": 0.6511232256889343
        }
      },
      "world_space": {
        "head": {
          "x": 0.047564562410116196,
          "y": 0.0767587274312973,
          "z": 1.5104405879974365
        },
        "tail": {
          "x": 0.0689866840839386,
          "y": 0.03368964418768883,
          "z": 1.6009771823883057
        },
        "rotation_quaternion": {
          "w": 0.5359888076782227,
          "x": 0.8348296284675598,
          "y": 0.05163761228322983,
          "z": -0.1144944429397583
        },
        "matrix": [
          [
            0.9684492349624634,
            0.20895281434059143,
            -0.13581129908561707,
            0.047564562410116196
          ],
          [
            -0.03651727735996246,
            -0.4200987219810486,
            -0.9067434072494507,
            0.0767587274312973
          ],
          [
            -0.24652250111103058,
            0.8831002116203308,
            -0.3992176055908203,
            1.5104405879974365
          ],
          [
            0.0,
            0.0,
            0.0,
            1.0
          ]
        ]
      },
      "bone_length_armature_space": 0.10252184027841157,
      "parent": "spine_01",
      "has_children": true,
      "is_end_bone": false
    },
    "head": {
      "name": "head",
      "local": {
        "location": {
          "x": 0.0,
          "y": 0.0,
          "z": 0.0
        },
        "rotation_quaternion": {
          "w": 0.9883853197097778,
          "x": -0.07627298682928085,
          "y": -0.04590381681919098,
          "z": -0.12316551059484482
        },
        "scale": {
          "x": 1.0,
          "y": 1.0,
          "z": 1.0
        },
        "matrix_basis": [
          [
            0.9654461741447449,
            0.25047239661216736,
            -0.07195291668176651,
            0.0
          ],
          [
            -0.23646752536296844,
            0.9580253958702087,
            0.1620817333459854,
            0.0
          ],
          [
            0.10952971875667572,
            -0.13946667313575745,
            0.9841505289077759,
            0.0
          ],
          [
            0.0,
            0.0,
            0.0,
            1.0
          ]
        ],
        "rotation_mode": "QUATERNION"
      },
      "armature_space": {
        "head": {
          "x": 0.06898664683103561,
          "y": -0.029554467648267746,
          "z": 0.6511231064796448
        },
        "tail": {
          "x": 0.14392554759979248,
          "y": -0.01901337504386902,
          "z": 0.7864977121353149
        }
      },
      "world_space": {
        "head": {
          "x": 0.06898664683103561,
          "y": 0.033689532428979874,
          "z": 1.6009771823883057
        },
        "tail": {
          "x": 0.14392554759979248,
          "y": 0.0442306250333786,
          "z": 1.736351728439331
        },
        "rotation_quaternion": {
          "w": 0.7180988192558289,
          "x": 0.6481510400772095,
          "y": 0.13534167408943176,
          "z": -0.21428224444389343
        },
        "matrix": [
          [
            0.8715311288833618,
            0.48319554328918457,
            -0.08339937031269073,
            0.06898664683103561
          ],
          [
            -0.1323109269142151,
            0.067967489361763,
            -0.9888752698898315,
            0.033689532428979874
          ],
          [
            -0.4721550941467285,
            0.8728765845298767,
            0.12316778302192688,
            1.6009771823883057
          ],
          [
            0.0,
            0.0,
            0.0,
            1.0
          ]
        ]
      },
      "bone_length_armature_space": 0.15509106293119107,
      "parent": "neck_01",
      "has_children": false,
      "is_end_bone": true
    },
    "upperarm_l": {
      "name": "upperarm_l",
      "local": {
        "location": {
          "x": 0.0,
          "y": 0.0,
          "z": 0.0
        },
        "rotation_quaternion": {
          "w": 0.9090756177902222,
          "x": 0.38570791482925415,
          "y": 0.11224479973316193,
          "z": 0.11050835251808167
        },
        "scale": {
          "x": 1.0,
          "y": 1.0,
          "z": 1.0
        },
        "matrix_basis": [
          [
            0.9503780007362366,
            -0.11433348059654236,
            0.28932592272758484,
            0.0
          ],
          [
            0.2875083088874817,
            0.6780346035957336,
            -0.6764673590660095,
            0.0
          ],
          [
            -0.1188301295042038,
            0.7260832786560059,
            0.6772609949111938,
            0.0
          ],
          [
            0.0,
            0.0,
            0.0,
            1.0
          ]
        ],
        "rotation_mode": "QUATERNION"
      },
      "armature_space": {
        "head": {
          "x": 0.1882626712322235,
          "y": -0.017713837325572968,
          "z": 0.48149195313453674
        },
        "tail": {
          "x": 0.3508356213569641,
          "y": -0.22938644886016846,
          "z": 0.5054158568382263
        }
      },
      "world_space": {
        "head": {
          "x": 0.1882626712322235,
          "y": 0.04553016275167465,
          "z": 1.4313459396362305
        },
        "tail": {
          "x": 0.3508356213569641,
          "y": -0.16614244878292084,
          "z": 1.4552698135375977
        },
        "rotation_quaternion": {
          "w": 0.23989984393119812,
          "x": 0.7312686443328857,
          "y": 0.21792511641979218,
          "z": -0.6001690030097961
        },
        "matrix": [
          [
            0.18461142480373383,
            0.606684684753418,
            -0.7732090950012207,
            0.1882626712322235
          ],
          [
            0.030762672424316406,
            -0.7899132966995239,
            -0.6124464869499207,
            0.04553016275167465
          ],
          [
            -0.9823368787765503,
            0.08927854895591736,
            -0.1644919514656067,
            1.4313459396362305
          ],
          [
            0.0,
            0.0,
            0.0,
            1.0
          ]
        ]
      },
      "bone_length_armature_space": 0.267969418896217,
      "parent": "spine_01",
      "has_children": true,
      "is_end_bone": false
    },
    "lowerarm_l": {
      "name": "lowerarm_l",
      "local": {
        "location": {
          "x": 0.0,
          "y": 0.0,
          "z": 0.0
        },
        "rotation_quaternion": {
          "w": 0.9714667797088623,
          "x": 0.23362572491168976,
          "y": -0.03812907263636589,
          "z": 0.014747253619134426
        },
        "scale": {
          "x": 1.0,
          "y": 1.0,
          "z": 1.0
        },
        "matrix_basis": [
          [
            0.9966573715209961,
            -0.04646879807114601,
            -0.06719157844781876,
            0.0
          ],
          [
            0.01083706971257925,
            0.8904030919075012,
            -0.45504385232925415,
            0.0
          ],
          [
            0.08097293227910995,
            0.4527946710586548,
            0.8879303932189941,
            0.0
          ],
          [
            0.0,
            0.0,
            0.0,
            1.0
          ]
        ],
        "rotation_mode": "QUATERNION"
      },
      "armature_space": {
        "head": {
          "x": 0.3508356213569641,
          "y": -0.229386568069458,
          "z": 0.5054159760475159
        },
        "tail": {
          "x": 0.36408254504203796,
          "y": -0.4934552013874054,
          "z": 0.5461788773536682
        }
      },
      "world_space": {
        "head": {
          "x": 0.3508356213569641,
          "y": -0.1661425679922104,
          "z": 1.4552700519561768
        },
        "tail": {
          "x": 0.36408254504203796,
          "y": -0.4302111864089966,
          "z": 1.496032953262329
        },
        "rotation_quaternion": {
          "w": 0.07224702835083008,
          "x": 0.7172402143478394,
          "y": -0.035202957689762115,
          "z": -0.6921760439872742
        },
        "matrix": [
          [
            0.0393061488866806,
            0.049516648054122925,
            -0.9979994893074036,
            0.3508356213569641
          ],
          [
            -0.15051360428333282,
            -0.9870821237564087,
            -0.05490317940711975,
            -0.1661425679922104
          ],
          [
            -0.9878332614898682,
            0.15237070620059967,
            -0.031345732510089874,
            1.4552700519561768
          ],
          [
            0.0,
            0.0,
            0.0,
            1.0
          ]
        ]
      },
      "bone_length_armature_space": 0.2675244596124594,
      "parent": "upperarm_l",
      "has_children": true,
      "is_end_bone": false
    },
    "metacarpal_thumb_l": {
      "name": "metacarpal_thumb_l",
      "local": {
        "location": {
          "x": 0.0,
          "y": 0.0,
          "z": 0.0
        },
        "rotation_quaternion": {
          "w": 0.9994884133338928,
          "x": -0.024435024708509445,
          "y": 0.00909020472317934,
          "z": -0.018532220274209976
        },
        "scale": {
          "x": 1.0,
          "y": 1.0,
          "z": 1.0
        },
        "matrix_basis": [
          [
            0.9991478323936462,
            0.036601241677999496,
            0.01907677948474884,
            0.0
          ],
          [
            -0.037489715963602066,
            0.9981189966201782,
            0.04850812628865242,
            0.0
          ],
          [
            -0.01726543717086315,
            -0.049181971698999405,
            0.9986405968666077,
            0.0
          ],
          [
            0.0,
            0.0,
            0.0,
            1.0
          ]
        ],
        "rotation_mode": "QUATERNION"
      },
      "armature_space": {
        "head": {
          "x": 0.36408254504203796,
          "y": -0.4934552013874054,
          "z": 0.5461788773536682
        },
        "tail": {
          "x": 0.3386743664741516,
          "y": -0.5359536409378052,
          "z": 0.5448032021522522
        }
      },
      "world_space": {
        "head": {
          "x": 0.36408254504203796,
          "y": -0.4302111864089966,
          "z": 1.496032953262329
        },
        "tail": {
          "x": 0.3386743664741516,
          "y": -0.47270965576171875,
          "z": 1.494657278060913
        },
        "rotation_quaternion": {
          "w": 0.004571165423840284,
          "x": -0.9631814956665039,
          "y": 0.266446590423584,
          "z": -0.03559114411473274
        },
        "matrix": [
          [
            0.8554787635803223,
            -0.5129475593566895,
            0.07099749892950058,
            0.36408254504203796
          ],
          [
            -0.5135980844497681,
            -0.8579704165458679,
            -0.010161142796278,
            -0.4302111864089966
          ],
          [
            0.06612590700387955,
            -0.027772516012191772,
            -0.9974316954612732,
            1.496032953262329
          ],
          [
            0.0,
            0.0,
            0.0,
            1.0
          ]
        ]
      },
      "bone_length_armature_space": 0.04953367909533272,
      "parent": "lowerarm_l",
      "has_children": true,
      "is_end_bone": false
    },
    "thumb_01_l": {
      "name": "thumb_01_l",
      "local": {
        "location": {
          "x": 0.0,
          "y": 0.0,
          "z": 0.0
        },
        "rotation_quaternion": {
          "w": 0.9994211196899414,
          "x": 0.03048909828066826,
          "y": 0.008532233536243439,
          "z": 0.012450175359845161
        },
        "scale": {
          "x": 1.0,
          "y": 1.0,
          "z": 1.0
        },
        "matrix_basis": [
          [
            0.9995443820953369,
            -0.024365656077861786,
            0.017813777551054955,
            0.0
          ],
          [
            0.025406217202544212,
            0.9978308081626892,
            -0.06073044240474701,
            0.0
          ],
          [
            -0.016295399516820908,
            0.061155352741479874,
            0.9979952573776245,
            0.0
          ],
          [
            0.0,
            0.0,
            0.0,
            1.0
          ]
        ],
        "rotation_mode": "QUATERNION"
      },
      "armature_space": {
        "head": {
          "x": 0.3386743664741516,
          "y": -0.5359536409378052,
          "z": 0.5448032021522522
        },
        "tail": {
          "x": 0.32749471068382263,
          "y": -0.5540230870246887,
          "z": 0.5182110071182251
        }
      },
      "world_space": {
        "head": {
          "x": 0.3386743664741516,
          "y": -0.47270965576171875,
          "z": 1.494657278060913
        },
        "tail": {
          "x": 0.32749471068382263,
          "y": -0.4907791018486023,
          "z": 1.4680650234222412
        },
        "rotation_quaternion": {
          "w": 0.10774695873260498,
          "x": -0.5099941492080688,
          "y": 0.4721919596195221,
          "z": -0.7108665704727173
        },
        "matrix": [
          [
            -0.45659488439559937,
            -0.3284408450126648,
            0.826829731464386,
            0.3386743664741516
          ],
          [
            -0.63481605052948,
            -0.5308523178100586,
            -0.5614303350448608,
            -0.47270965576171875
          ],
          [
            0.623324990272522,
            -0.7812373042106628,
            0.033884674310684204,
            1.494657278060913
          ],
          [
            0.0,
            0.0,
            0.0,
            1.0
          ]
        ]
      },
      "bone_length_armature_space": 0.034038719408504566,
      "parent": "metacarpal_thumb_l",
      "has_children": true,
      "is_end_bone": false
    },
    "thumb_02_l": {
      "name": "thumb_02_l",
      "local": {
        "location": {
          "x": 0.0,
          "y": 0.0,
          "z": 0.0
        },
        "rotation_quaternion": {
          "w": 0.9940009117126465,
          "x": 0.10894279927015305,
          "y": 0.007653268985450268,
          "z": -0.00592943886294961
        },
        "scale": {
          "x": 1.0,
          "y": 1.0,
          "z": 1.0
        },
        "matrix_basis": [
          [
            0.9998125433921814,
            0.013455272652208805,
            0.01392277330160141,
            0.0
          ],
          [
            -0.010120198130607605,
            0.9761925935745239,
            -0.2166692465543747,
            0.0
          ],
          [
            -0.016506651416420937,
            0.21648772060871124,
            0.9761458039283752,
            0.0
          ],
          [
            0.0,
            0.0,
            0.0,
            1.0
          ]
        ],
        "rotation_mode": "QUATERNION"
      },
      "armature_space": {
        "head": {
          "x": 0.32749471068382263,
          "y": -0.5540230870246887,
          "z": 0.5182110071182251
        },
        "tail": {
          "x": 0.3333628475666046,
          "y": -0.5927280187606812,
          "z": 0.5271928906440735
        }
      },
      "world_space": {
        "head": {
          "x": 0.32749471068382263,
          "y": -0.4907791018486023,
          "z": 1.4680650234222412
        },
        "tail": {
          "x": 0.3333628475666046,
          "y": -0.5294840335845947,
          "z": 1.4770469665527344
        },
        "rotation_quaternion": {
          "w": 0.04261874407529831,
          "x": -0.25187230110168457,
          "y": -0.1278771013021469,
          "z": -0.9583274126052856
        },
        "matrix": [
          [
            -0.8694879412651062,
            0.1461028754711151,
            0.47185224294662476,
            0.32749471068382263
          ],
          [
            -0.017267981544137,
            -0.9636619091033936,
            0.26656559109687805,
            -0.4907791018486023
          ],
          [
            0.4936554729938507,
            0.22362828254699707,
            0.8404216766357422,
            1.4680650234222412
          ],
          [
            0.0,
            0.0,
            0.0,
            1.0
          ]
        ]
      },
      "bone_length_armature_space": 0.040164424203729246,
      "parent": "thumb_01_l",
      "has_children": true,
      "is_end_bone": false
    },
    "thumb_03_l": {
      "name": "thumb_03_l",
      "local": {
        "location": {
          "x": 0.0,
          "y": 0.0,
          "z": 0.0
        },
        "rotation_quaternion": {
          "w": 0.9943098425865173,
          "x": 0.10640259087085724,
          "y": 0.0025965156964957714,
          "z": 0.004456837195903063
        },
        "scale": {
          "x": 1.0,
          "y": 1.0,
          "z": 1.0
        },
        "matrix_basis": [
          [
            0.9999467730522156,
            -0.008310401812195778,
            0.006111920345574617,
            0.0
          ],
          [
            0.00941550638526678,
            0.9773172736167908,
            -0.21157114207744598,
            0.0
          ],
          [
            -0.004215043969452381,
            0.21161742508411407,
            0.9773434996604919,
            0.0
          ],
          [
            0.0,
            0.0,
            0.0,
            1.0
          ]
        ],
        "rotation_mode": "QUATERNION"
      },
      "armature_space": {
        "head": {
          "x": 0.33336275815963745,
          "y": -0.5927279591560364,
          "z": 0.5271928310394287
        },
        "tail": {
          "x": 0.34608763456344604,
          "y": -0.6149267554283142,
          "z": 0.5436908602714539
        }
      },
      "world_space": {
        "head": {
          "x": 0.33336275815963745,
          "y": -0.52948397397995,
          "z": 1.4770468473434448
        },
        "tail": {
          "x": 0.34608763456344604,
          "y": -0.5516827702522278,
          "z": 1.4935448169708252
        },
        "rotation_quaternion": {
          "w": 0.20824956893920898,
          "x": -0.0515618734061718,
          "y": -0.3034115731716156,
          "z": -0.9283938407897949
        },
        "matrix": [
          [
            -0.9079468250274658,
            0.4179641902446747,
            -0.030632007867097855,
            0.33336275815963745
          ],
          [
            -0.35538673400878906,
            -0.7291465401649475,
            0.5848464369773865,
            -0.52948397397995
          ],
          [
            0.22211073338985443,
            0.5418988466262817,
            0.8105717301368713,
            1.4770468473434448
          ],
          [
            0.0,
            0.0,
            0.0,
            1.0
          ]
        ]
      },
      "bone_length_armature_space": 0.030444934215035843,
      "parent": "thumb_02_l",
      "has_children": false,
      "is_end_bone": true
    },
    "metacarpal_index_l": {
      "name": "metacarpal_index_l",
      "local": {
        "location": {
          "x": 0.0,
          "y": 0.0,
          "z": 0.0
        },
        "rotation_quaternion": {
          "w": 0.99997878074646,
          "x": 0.0028920958284288645,
          "y": 0.0027441147249192,
          "z": -0.00516595458611846
        },
        "scale": {
          "x": 1.0,
          "y": 1.0,
          "z": 1.0
        },
        "matrix_basis": [
          [
            0.9999315738677979,
            0.010347562842071056,
            0.005458232015371323,
            0.0
          ],
          [
            -0.010315817780792713,
            0.9999299049377441,
            -0.005812420975416899,
            0.0
          ],
          [
            -0.005517994053661823,
            0.005755716934800148,
            0.9999682307243347,
            0.0
          ],
          [
            0.0,
            0.0,
            0.0,
            1.0
          ]
        ],
        "rotation_mode": "QUATERNION"
      },
      "armature_space": {
        "head": {
          "x": 0.36408254504203796,
          "y": -0.4934552013874054,
          "z": 0.5461788773536682
        },
        "tail": {
          "x": 0.3347865343093872,
          "y": -0.6065629124641418,
          "z": 0.5549877882003784
        }
      },
      "world_space": {
        "head": {
          "x": 0.36408254504203796,
          "y": -0.4302111864089966,
          "z": 1.496032953262329
        },
        "tail": {
          "x": 0.3347865343093872,
          "y": -0.5433189272880554,
          "z": 1.5048418045043945
        },
        "rotation_quaternion": {
          "w": 0.002097202930599451,
          "x": 0.9537303447723389,
          "y": -0.13167226314544678,
          "z": -0.2702895998954773
        },
        "matrix": [
          [
            0.8192118406295776,
            -0.25002631545066833,
            -0.5161188840866089,
            0.36408254504203796
          ],
          [
            -0.2522934675216675,
            -0.9653158783912659,
            0.06717894971370697,
            -0.4302111864089966
          ],
          [
            -0.5150182247161865,
            0.07517927139997482,
            -0.8538842797279358,
            1.496032953262329
          ],
          [
            0.0,
            0.0,
            0.0,
            1.0
          ]
        ]
      },
      "bone_length_armature_space": 0.11717170240047588,
      "parent": "lowerarm_l",
      "has_children": true,
      "is_end_bone": false
    },
    "index_01_l": {
      "name": "index_01_l",
      "local": {
        "location": {
          "x": 0.0,
          "y": 0.0,
          "z": 0.0
        },
        "rotation_quaternion": {
          "w": 0.9981049299240112,
          "x": -0.05723176151514053,
          "y": -0.017828498035669327,
          "z": -0.013905907049775124
        },
        "scale": {
          "x": 1.0,
          "y": 1.0,
          "z": 1.0
        },
        "matrix_basis": [
          [
            0.998977541923523,
            0.029799820855259895,
            -0.03399770334362984,
            0.0
          ],
          [
            -0.02571839652955532,
            0.9930623173713684,
            0.1147424504160881,
            0.0
          ],
          [
            0.03718114271759987,
            -0.11375076323747635,
            0.9928133487701416,
            0.0
          ],
          [
            0.0,
            0.0,
            0.0,
            1.0
          ]
        ],
        "rotation_mode": "QUATERNION"
      },
      "armature_space": {
        "head": {
          "x": 0.3347865343093872,
          "y": -0.6065629124641418,
          "z": 0.5549877882003784
        },
        "tail": {
          "x": 0.34047073125839233,
          "y": -0.6343870162963867,
          "z": 0.5575528144836426
        }
      },
      "world_space": {
        "head": {
          "x": 0.3347865343093872,
          "y": -0.5433189272880554,
          "z": 1.5048418045043945
        },
        "tail": {
          "x": 0.34047073125839233,
          "y": -0.5711430311203003,
          "z": 1.5074068307876587
        },
        "rotation_quaternion": {
          "w": 0.07095356285572052,
          "x": 0.9560332894325256,
          "y": 0.08408121019601822,
          "z": -0.27183884382247925
        },
        "matrix": [
          [
            0.838067889213562,
            0.19934487342834473,
            -0.5078421235084534,
            0.3347865343093872
          ],
          [
            0.12219301611185074,
            -0.9757916331291199,
            -0.18138164281845093,
            -0.5433189272880554
          ],
          [
            -0.5317093133926392,
            0.08995512127876282,
            -0.8421444892883301,
            1.5048418045043945
          ],
          [
            0.0,
            0.0,
            0.0,
            1.0
          ]
        ]
      },
      "bone_length_armature_space": 0.028514385897191567,
      "parent": "metacarpal_index_l",
      "has_children": true,
      "is_end_bone": false
    },
    "index_02_l": {
      "name": "index_02_l",
      "local": {
        "location": {
          "x": 0.0,
          "y": 0.0,
          "z": 0.0
        },
        "rotation_quaternion": {
          "w": 0.9854662418365479,
          "x": 0.16971464455127716,
          "y": 0.007284132763743401,
          "z": 0.0006035017431713641
        },
        "scale": {
          "x": 1.0,
          "y": 1.0,
          "z": 1.0
        },
        "matrix_basis": [
          [
            0.9998931288719177,
            0.0012829868355765939,
            0.014561380259692669,
            0.0
          ],
          [
            0.0036619091406464577,
            0.9423931241035461,
            -0.33448731899261475,
            0.0
          ],
          [
            -0.014151687733829021,
            0.3345049023628235,
            0.9422877430915833,
            0.0
          ],
          [
            0.0,
            0.0,
            0.0,
            1.0
          ]
        ],
        "rotation_mode": "QUATERNION"
      },
      "armature_space": {
        "head": {
          "x": 0.34047046303749084,
          "y": -0.6343874335289001,
          "z": 0.557552695274353
        },
        "tail": {
          "x": 0.34161531925201416,
          "y": -0.6596301794052124,
          "z": 0.5531272292137146
        }
      },
      "world_space": {
        "head": {
          "x": 0.34047046303749084,
          "y": -0.5711434483528137,
          "z": 1.5074067115783691
        },
        "tail": {
          "x": 0.34161531925201416,
          "y": -0.596386194229126,
          "z": 1.502981185913086
        },
        "rotation_quaternion": {
          "w": 0.07541567087173462,
          "x": -0.9470853209495544,
          "y": -0.04810771346092224,
          "z": 0.3082653284072876
        },
        "matrix": [
          [
            0.805316150188446,
            0.04462844133377075,
            -0.5911632180213928,
            0.34047046303749084
          ],
          [
            0.13762027025222778,
            -0.9839961528778076,
            0.11318933963775635,
            -0.5711434483528137
          ],
          [
            -0.5766547918319702,
            -0.17251145839691162,
            -0.7985755801200867,
            1.5074067115783691
          ],
          [
            0.0,
            0.0,
            0.0,
            1.0
          ]
        ]
      },
      "bone_length_armature_space": 0.02565329769601963,
      "parent": "index_01_l",
      "has_children": true,
      "is_end_bone": false
    },
    "index_03_l": {
      "name": "index_03_l",
      "local": {
        "location": {
          "x": 0.0,
          "y": 0.0,
          "z": 0.0
        },
        "rotation_quaternion": {
          "w": 0.9738777279853821,
          "x": 0.22687649726867676,
          "y": -0.006230060942471027,
          "z": -0.007119695656001568
        },
        "scale": {
          "x": 1.0,
          "y": 1.0,
          "z": 1.0
        },
        "matrix_basis": [
          [
            0.9998210072517395,
            0.011040517129004002,
            -0.015365218743681908,
            0.0
          ],
          [
            -0.016694335266947746,
            0.896952748298645,
            -0.4418112337589264,
            0.0
          ],
          [
            0.008904051966965199,
            0.44198864698410034,
            0.8969764709472656,
            0.0
          ],
          [
            0.0,
            0.0,
            0.0,
            1.0
          ]
        ],
        "rotation_mode": "QUATERNION"
      },
      "armature_space": {
        "head": {
          "x": 0.3416154086589813,
          "y": -0.6596301198005676,
          "z": 0.5531273484230042
        },
        "tail": {
          "x": 0.3366578221321106,
          "y": -0.6817853450775146,
          "z": 0.5347342491149902
        }
      },
      "world_space": {
        "head": {
          "x": 0.3416154086589813,
          "y": -0.5963861346244812,
          "z": 1.502981424331665
        },
        "tail": {
          "x": 0.3366578221321106,
          "y": -0.6185413599014282,
          "z": 1.4845882654190063
        },
        "rotation_quaternion": {
          "w": 0.3472713828086853,
          "x": -0.8926342725753784,
          "y": -0.01658899150788784,
          "z": 0.28693464398384094
        },
        "matrix": [
          [
            0.8347868919372559,
            -0.1696721911430359,
            -0.5237765312194824,
            0.3416154086589813
          ],
          [
            0.2289036214351654,
            -0.7582554221153259,
            0.610451877117157,
            -0.5963861346244812
          ],
          [
            -0.5007363557815552,
            -0.6294969320297241,
            -0.5941469073295593,
            1.502981424331665
          ],
          [
            0.0,
            0.0,
            0.0,
            1.0
          ]
        ]
      },
      "bone_length_armature_space": 0.02921879174005506,
      "parent": "index_02_l",
      "has_children": false,
      "is_end_bone": true
    },
    "metacarpal_pinky_l": {
      "name": "metacarpal_pinky_l",
      "local": {
        "location": {
          "x": 0.0,
          "y": 0.0,
          "z": 0.0
        },
        "rotation_quaternion": {
          "w": 0.9991475343704224,
          "x": -0.03577766194939613,
          "y": 0.00992764811962843,
          "z": 0.01804249733686447
        },
        "scale": {
          "x": 1.0,
          "y": 1.0,
          "z": 1.0
        },
        "matrix_basis": [
          [
            0.9991518259048462,
            -0.036764610558748245,
            0.018547333776950836,
            0.0
          ],
          [
            0.03534385561943054,
            0.9967888593673706,
            0.07185256481170654,
            0.0
          ],
          [
            -0.021129406988620758,
            -0.07113608717918396,
            0.99724280834198,
            0.0
          ],
          [
            0.0,
            0.0,
            0.0,
            1.0
          ]
        ],
        "rotation_mode": "QUATERNION"
      },
      "armature_space": {
        "head": {
          "x": 0.36408254504203796,
          "y": -0.4934552013874054,
          "z": 0.5461788773536682
        },
        "tail": {
          "x": 0.40600013732910156,
          "y": -0.5883139371871948,
          "z": 0.5555568337440491
        }
      },
      "world_space": {
        "head": {
          "x": 0.36408254504203796,
          "y": -0.4302111864089966,
          "z": 1.496032953262329
        },
        "tail": {
          "x": 0.40600013732910156,
          "y": -0.5250699520111084,
          "z": 1.50541090965271
        },
        "rotation_quaternion": {
          "w": 0.2103862315416336,
          "x": 0.14009007811546326,
          "y": -0.016081128269433975,
          "z": -0.9673954248428345
        },
        "matrix": [
          [
            -0.8722248077392578,
            0.402547687292099,
            -0.2778113782405853,
            0.36408254504203796
          ],
          [
            -0.411559134721756,
            -0.910957932472229,
            -0.027832429856061935,
            -0.4302111864089966
          ],
          [
            -0.2642805576324463,
            0.09005946666002274,
            0.9602391123771667,
            1.496032953262329
          ],
          [
            0.0,
            0.0,
            0.0,
            1.0
          ]
        ]
      },
      "bone_length_armature_space": 0.10413073696415973,
      "parent": "lowerarm_l",
      "has_children": true,
      "is_end_bone": false
    },
    "pinky_01_l": {
      "name": "pinky_01_l",
      "local": {
        "location": {
          "x": 0.0,
          "y": 0.0,
          "z": 0.0
        },
        "rotation_quaternion": {
          "w": 0.9999363422393799,
          "x": 0.009808987379074097,
          "y": -0.0012000624556094408,
          "z": 0.005453326739370823
        },
        "scale": {
          "x": 1.0,
          "y": 1.0,
          "z": 1.0
        },
        "matrix_basis": [
          [
            0.9999376535415649,
            -0.010929501615464687,
            -0.002292988821864128,
            0.0
          ],
          [
            0.010882416740059853,
            0.9997481107711792,
            -0.019629813730716705,
            0.0
          ],
          [
            0.0025069552939385176,
            0.019603637978434563,
            0.999804675579071,
            0.0
          ],
          [
            0.0,
            0.0,
            0.0,
            1.0
          ]
        ],
        "rotation_mode": "QUATERNION"
      },
      "armature_space": {
        "head": {
          "x": 0.40600013732910156,
          "y": -0.5883139371871948,
          "z": 0.5555568337440491
        },
        "tail": {
