{
  "metadata": {
    "armature_name": "KIM_caucasian_male",
    "export_time": "2026-01-13T21:12:38.155531",
    "blender_version": "4.4.1",
    "bone_count": 56,
    "end_bone_count": 13,
    "spaces_included": [
      "LOCAL_CHANNELS",
      "ARMATURE_SPACE",
      "WORLD_SPACE"
    ],
    "note": "LOCAL matches Transform panel; replay pose via local.matrix_basis for best fidelity."
  },
  "bones": {
    "Root": {
      "name": "Root",
      "local": {
        "location": {
          "x": 0.0,
          "y": 0.0,
          "z": 0.0
        },
        "rotation_quaternion": {
          "w": 0.9998527765274048,
          "x": -0.005579608026891947,
          "y": 0.004748494829982519,
          "z": -0.01551707275211811
        },
        "scale": {
          "x": 1.0,
          "y": 1.0,
          "z": 1.0
        },
        "matrix_basis": [
          [
            0.9994733333587646,
            0.030976587906479836,
            0.009668749757111073,
            0.0
          ],
          [
            -0.03108256682753563,
            0.9994561672210693,
            0.011010207235813141,
            0.0
          ],
          [
            -0.009322432801127434,
            -0.011304938234388828,
            0.9998926520347595,
            0.0
          ],
          [
            0.0,
            0.0,
            0.0,
            1.0
          ]
        ],
        "rotation_mode": "QUATERNION"
      },
      "armature_space": {
        "head": {
          "x": 0.0,
          "y": 0.07072800397872925,
          "z": -0.009595036506652832
        },
        "tail": {
          "x": 0.0022109809797257185,
          "y": 0.00014694035053253174,
          "z": 0.0007943632081151009
        }
      },
      "world_space": {
        "head": {
          "x": 0.0,
          "y": 0.13397200405597687,
          "z": 0.9402589797973633
        },
        "tail": {
          "x": 0.0022109809797257185,
          "y": 0.06339094042778015,
          "z": 0.9506483674049377
        },
        "rotation_quaternion": {
          "w": 0.0729246735572815,
          "x": 0.9972054362297058,
          "y": 0.015801716595888138,
          "z": 0.0036923540756106377
        },
        "matrix": [
          [
            0.9994733333587646,
            0.030976587906479836,
            0.009668749757111073,
            0.0
          ],
          [
            0.03205364570021629,
            -0.988864541053772,
            -0.14532554149627686,
            0.13397200405597687
          ],
          [
            0.005059460178017616,
            0.14555899798870087,
            -0.9893437027931213,
            0.9402589797973633
          ],
          [
            0.0,
            0.0,
            0.0,
            1.0
          ]
        ]
      },
      "bone_length_armature_space": 0.0713758672250358,
      "parent": null,
      "has_children": true,
      "is_end_bone": false
    },
    "spine_01": {
      "name": "spine_01",
      "local": {
        "location": {
          "x": 0.0,
          "y": 0.0,
          "z": 0.0
        },
        "rotation_quaternion": {
          "w": 0.9973759651184082,
          "x": 0.025991981849074364,
          "y": 0.015419946052134037,
          "z": 0.06578706949949265
        },
        "scale": {
          "x": 1.0,
          "y": 1.0,
          "z": 1.0
        },
        "matrix_basis": [
          [
            0.9908685684204102,
            -0.1304273009300232,
            0.03417883813381195,
            0.0
          ],
          [
            0.13203047215938568,
            0.9899929761886597,
            -0.04981869086623192,
            0.0
          ],
          [
            -0.027339095249772072,
            0.053876422345638275,
            0.9981732964515686,
            0.0
          ],
          [
            0.0,
            0.0,
            0.0,
            1.0
          ]
        ],
        "rotation_mode": "QUATERNION"
      },
      "armature_space": {
        "head": {
          "x": 0.0022109809797257185,
          "y": 0.00014694035053253174,
          "z": 0.0007943632081151009
        },
        "tail": {
          "x": -0.06390708684921265,
          "y": -0.00021647254470735788,
          "z": 0.48429903388023376
        }
      },
      "world_space": {
        "head": {
          "x": 0.0022109809797257185,
          "y": 0.06339094042778015,
          "z": 0.9506483674049377
        },
        "tail": {
          "x": -0.06390708684921265,
          "y": 0.0630275309085846,
          "z": 1.4341530799865723
        },
        "rotation_quaternion": {
          "w": 0.706420361995697,
          "x": 0.7037431597709656,
          "y": -0.024448005482554436,
          "z": 0.0715419128537178
        },
        "matrix": [
          [
            0.9885680675506592,
            -0.13548751175403595,
            0.06615403294563293,
            0.0022109809797257185
          ],
          [
            0.0666680857539177,
            -0.000744696706533432,
            -0.9977749586105347,
            0.06339094042778015
          ],
          [
            0.13523632287979126,
            0.9907857775688171,
            0.00829564779996872,
            0.9506483674049377
          ],
          [
            0.0,
            0.0,
            0.0,
            1.0
          ]
        ]
      },
      "bone_length_armature_space": 0.48800461973246656,
      "parent": "Root",
      "has_children": true,
      "is_end_bone": false
    },
    "neck_01": {
      "name": "neck_01",
      "local": {
        "location": {
          "x": 0.0,
          "y": 0.0,
          "z": 0.0
        },
        "rotation_quaternion": {
          "w": 0.9951397180557251,
          "x": -0.0009090706007555127,
          "y": -0.09810128808021545,
          "z": 0.008501249365508556
        },
        "scale": {
          "x": 1.0,
          "y": 1.0,
          "z": 1.0
        },
        "matrix_basis": [
          [
            0.9806077480316162,
            -0.016741499304771423,
            -0.19526442885398865,
            0.0
          ],
          [
            0.01709822379052639,
            0.999853789806366,
            0.0001413374993717298,
            0.0
          ],
          [
            0.1952335238456726,
            -0.003477271646261215,
            0.9807506203651428,
            0.0
          ],
          [
            0.0,
            0.0,
            0.0,
            1.0
          ]
        ],
        "rotation_mode": "QUATERNION"
      },
      "armature_space": {
        "head": {
          "x": -0.07153302431106567,
          "y": -0.03487427532672882,
          "z": 0.5571305751800537
        },
        "tail": {
          "x": -0.08354054391384125,
          "y": -0.0735831931233406,
          "z": 0.6513016223907471
        }
      },
      "world_space": {
        "head": {
          "x": -0.07153302431106567,
          "y": 0.0283697247505188,
          "z": 1.5069845914840698
        },
        "tail": {
          "x": -0.08354054391384125,
          "y": -0.010339193046092987,
          "z": 1.6011556386947632
        },
        "rotation_quaternion": {
          "w": 0.5531630516052246,
          "x": 0.829926609992981,
          "y": -0.07228904217481613,
          "z": -0.0025916174054145813
        },
        "matrix": [
          [
            0.9895351529121399,
            -0.11712215840816498,
            -0.08427748084068298,
            -0.07153302431106567
          ],
          [
            -0.12285691499710083,
            -0.37756937742233276,
            -0.9177951216697693,
            0.0283697247505188
          ],
          [
            0.07567393779754639,
            0.9185504913330078,
            -0.38801100850105286,
            1.5069845914840698
          ],
          [
            0.0,
            0.0,
            0.0,
            1.0
          ]
        ]
      },
      "bone_length_armature_space": 0.10252193253914954,
      "parent": "spine_01",
      "has_children": true,
      "is_end_bone": false
    },
    "head": {
      "name": "head",
      "local": {
        "location": {
          "x": 0.0,
          "y": 0.0,
          "z": 0.0
        },
        "rotation_quaternion": {
          "w": 0.9929921627044678,
          "x": -0.0324975959956646,
          "y": -0.02670169249176979,
          "z": 0.11044315993785858
        },
        "scale": {
          "x": 1.0,
          "y": 1.0,
          "z": 1.0
        },
        "matrix_basis": [
          [
            0.974178671836853,
            -0.2176029086112976,
            -0.060207415372133255,
            0.0
          ],
          [
            0.22107386589050293,
            0.973492443561554,
            0.05864167585968971,
            0.0
          ],
          [
            0.04585086926817894,
            -0.07043775171041489,
            0.9964618682861328,
            0.0
          ],
          [
            0.0,
            0.0,
            0.0,
            1.0
          ]
        ],
        "rotation_mode": "QUATERNION"
      },
      "armature_space": {
        "head": {
          "x": -0.08354055136442184,
          "y": -0.07358330488204956,
          "z": 0.6513015031814575
        },
        "tail": {
          "x": -0.12754933536052704,
          "y": -0.06154656037688255,
          "z": 0.7995298504829407
        }
      },
      "world_space": {
        "head": {
          "x": -0.08354055136442184,
          "y": -0.010339304804801941,
          "z": 1.6011555194854736
        },
        "tail": {
          "x": -0.12754933536052704,
          "y": 0.0016974397003650665,
          "z": 1.7493839263916016
        },
        "rotation_quaternion": {
          "w": 0.714489221572876,
          "x": 0.6779974102973938,
          "y": -0.1682567000389099,
          "z": 0.038914017379283905
        },
        "matrix": [
          [
            0.9403511881828308,
            -0.28376251459121704,
            -0.1876664161682129,
            -0.08354055136442184
          ],
          [
            -0.17254607379436493,
            0.07761125266551971,
            -0.9819393157958984,
            -0.010339304804801941
          ],
          [
            0.2932044267654419,
            0.9557555317878723,
            0.02401893399655819,
            1.6011555194854736
          ],
          [
            0.0,
            0.0,
            0.0,
            1.0
          ]
        ]
      },
      "bone_length_armature_space": 0.15509126107276527,
      "parent": "neck_01",
      "has_children": false,
      "is_end_bone": true
    },
    "upperarm_l": {
      "name": "upperarm_l",
      "local": {
        "location": {
          "x": 0.0,
          "y": 0.0,
          "z": 0.0
        },
        "rotation_quaternion": {
          "w": 0.7760942578315735,
          "x": 0.5874342322349548,
          "y": -0.16155390441417694,
          "z": 0.16278523206710815
        },
        "scale": {
          "x": 1.0,
          "y": 1.0,
          "z": 1.0
        },
        "matrix_basis": [
          [
            0.8948026299476624,
            -0.4424779415130615,
            -0.05951087921857834,
            0.0
          ],
          [
            0.06286878138780594,
            0.2568439841270447,
            -0.9644058346748352,
            0.0
          ],
          [
            0.44201335310935974,
            0.8592115044593811,
            0.2576427161693573,
            0.0
          ],
          [
            0.0,
            0.0,
            0.0,
            1.0
          ]
        ],
        "rotation_mode": "QUATERNION"
      },
      "armature_space": {
        "head": {
          "x": 0.08606896549463272,
          "y": -0.028006043285131454,
          "z": 0.5108539462089539
        },
        "tail": {
          "x": 0.16565431654453278,
          "y": -0.2523617744445801,
          "z": 0.6338924169540405
        }
      },
      "world_space": {
        "head": {
          "x": 0.08606896549463272,
          "y": 0.035237956792116165,
          "z": 1.4607079029083252
        },
        "tail": {
          "x": 0.16565431654453278,
          "y": -0.18911777436733246,
          "z": 1.5837464332580566
        },
        "rotation_quaternion": {
          "w": 0.2824892997741699,
          "x": 0.7244275212287903,
          "y": -0.039727430790662766,
          "z": -0.627555787563324
        },
        "matrix": [
          [
            0.20919206738471985,
            0.296994149684906,
            -0.9316830039024353,
            0.08606896549463272
          ],
          [
            -0.4121149182319641,
            -0.8372437357902527,
            -0.3594222664833069,
            0.035237956792116165
          ],
          [
            -0.8867986798286438,
            0.45915114879608154,
            -0.05274968966841698,
            1.4607079029083252
          ],
          [
            0.0,
            0.0,
            0.0,
            1.0
          ]
        ]
      },
      "bone_length_armature_space": 0.26796974808921337,
      "parent": "spine_01",
      "has_children": true,
      "is_end_bone": false
    },
    "lowerarm_l": {
      "name": "lowerarm_l",
      "local": {
        "location": {
          "x": 0.0,
          "y": 0.0,
          "z": 0.0
        },
        "rotation_quaternion": {
          "w": 0.9170633554458618,
          "x": 0.1948779970407486,
          "y": -0.24687306582927704,
          "z": 0.24509449303150177
        },
        "scale": {
          "x": 1.0,
          "y": 1.0,
          "z": 1.0
        },
        "matrix_basis": [
          [
            0.7579647302627563,
            -0.545754611492157,
            -0.35726943612098694,
            0.0
          ],
          [
            0.3533141016960144,
            0.8039025068283081,
            -0.4784454107284546,
            0.0
          ],
          [
            0.5483235120773315,
            0.23641648888587952,
            0.8021525144577026,
            0.0
          ],
          [
            0.0,
            0.0,
            0.0,
            1.0
          ]
        ],
        "rotation_mode": "QUATERNION"
      },
      "armature_space": {
        "head": {
          "x": 0.1656542718410492,
          "y": -0.25236183404922485,
          "z": 0.6338925361633301
        },
        "tail": {
          "x": 0.127594992518425,
          "y": -0.3719795346260071,
          "z": 0.8701406717300415
        }
      },
      "world_space": {
        "head": {
          "x": 0.1656542718410492,
          "y": -0.18911783397197723,
          "z": 1.5837465524673462
        },
        "tail": {
          "x": 0.127594992518425,
          "y": -0.30873554944992065,
          "z": 1.8199946880340576
        },
        "rotation_quaternion": {
          "w": 0.2315257489681244,
          "x": 0.4912775754928589,
          "y": -0.47205087542533875,
          "z": -0.6944135427474976
        },
        "matrix": [
          [
            -0.4100860059261322,
            -0.14226466417312622,
            -0.9008830785751343,
            0.1656542718410492
          ],
          [
            -0.7853648066520691,
            -0.4471279978752136,
            0.42811062932014465,
            -0.18911783397197723
          ],
          [
            -0.46371906995773315,
            0.8830897808074951,
            0.07163238525390625,
            1.5837465524673462
          ],
          [
            0.0,
            0.0,
            0.0,
            1.0
          ]
        ]
      },
      "bone_length_armature_space": 0.2675258581511763,
      "parent": "upperarm_l",
      "has_children": true,
      "is_end_bone": false
    },
    "metacarpal_thumb_l": {
      "name": "metacarpal_thumb_l",
      "local": {
        "location": {
          "x": 0.0,
          "y": 0.0,
          "z": 0.0
        },
        "rotation_quaternion": {
          "w": 0.9999070167541504,
          "x": -0.004381801467388868,
          "y": -0.012329088523983955,
          "z": 0.0038674543611705303
        },
        "scale": {
          "x": 1.0,
          "y": 1.0,
          "z": 1.0
        },
        "matrix_basis": [
          [
            0.9996660947799683,
            -0.007626142352819443,
            -0.024689776822924614,
            0.0
          ],
          [
            0.007842237129807472,
            0.9999316930770874,
            0.008667423389852047,
            0.0
          ],
          [
            0.0246219914406538,
            -0.00885815266519785,
            0.9996575713157654,
            0.0
          ],
          [
            0.0,
            0.0,
            0.0,
            1.0
          ]
        ],
        "rotation_mode": "QUATERNION"
      },
      "armature_space": {
        "head": {
          "x": 0.127594992518425,
          "y": -0.3719795346260071,
          "z": 0.8701406717300415
        },
        "tail": {
          "x": 0.09201189875602722,
          "y": -0.38349980115890503,
          "z": 0.9026172161102295
        }
      },
      "world_space": {
        "head": {
          "x": 0.127594992518425,
          "y": -0.30873554944992065,
          "z": 1.8199946880340576
        },
        "tail": {
          "x": 0.09201189875602722,
          "y": -0.3202558159828186,
          "z": 1.8524712324142456
        },
        "rotation_quaternion": {
          "w": 0.4299723207950592,
          "x": 0.7847449779510498,
          "y": -0.44591012597084045,
          "z": 0.021524924784898758
        },
        "matrix": [
          [
            0.6014001965522766,
            -0.7183618545532227,
            -0.34967702627182007,
            0.127594992518425
          ],
          [
            -0.6813429594039917,
            -0.2325744479894638,
            -0.6940323114395142,
            -0.30873554944992065
          ],
          [
            0.4172425866127014,
            0.6556455492973328,
            -0.6293262243270874,
            1.8199946880340576
          ],
          [
            0.0,
            0.0,
            0.0,
            1.0
          ]
        ]
      },
      "bone_length_armature_space": 0.04953381726040594,
      "parent": "lowerarm_l",
      "has_children": true,
      "is_end_bone": false
    },
    "thumb_01_l": {
      "name": "thumb_01_l",
      "local": {
        "location": {
          "x": 0.0,
          "y": 0.0,
          "z": 0.0
        },
        "rotation_quaternion": {
          "w": 0.997584342956543,
          "x": -0.06756490468978882,
          "y": 0.01436818391084671,
          "z": -0.00735817663371563
        },
        "scale": {
          "x": 1.0,
          "y": 1.0,
          "z": 1.0
        },
        "matrix_basis": [
          [
            0.999478816986084,
            0.012739233672618866,
            0.029661260545253754,
            0.0
          ],
          [
            -0.016622373834252357,
            0.9907616972923279,
            0.1345919370651245,
            0.0
          ],
          [
            -0.02767264097929001,
            -0.1350148320198059,
            0.9904570579528809,
            0.0
          ],
          [
            0.0,
            0.0,
            0.0,
            1.0
          ]
        ],
        "rotation_mode": "QUATERNION"
      },
      "armature_space": {
        "head": {
          "x": 0.09201189875602722,
          "y": -0.38349980115890503,
          "z": 0.9026172161102295
        },
        "tail": {
          "x": 0.06236264854669571,
          "y": -0.39964383840560913,
          "z": 0.8982678055763245
        }
      },
      "world_space": {
        "head": {
          "x": 0.09201189875602722,
          "y": -0.3202558159828186,
          "z": 1.8524712324142456
        },
        "tail": {
          "x": 0.06236264854669571,
          "y": -0.3363998532295227,
          "z": 1.8481218814849854
        },
        "rotation_quaternion": {
          "w": 0.4014448821544647,
          "x": 0.43081119656562805,
          "y": -0.31890204548835754,
          "z": 0.7426609396934509
        },
        "matrix": [
          [
            -0.3064870834350586,
            -0.8710485100746155,
            0.38384929299354553,
            0.09201189875602722
          ],
          [
            0.3215029835700989,
            -0.4742862582206726,
            -0.8195659518241882,
            -0.3202558159828186
          ],
          [
            0.8959425687789917,
            -0.1277790516614914,
            0.4254094660282135,
            1.8524712324142456
          ],
          [
            0.0,
            0.0,
            0.0,
            1.0
          ]
        ]
      },
      "bone_length_armature_space": 0.03403858663946785,
      "parent": "metacarpal_thumb_l",
      "has_children": true,
      "is_end_bone": false
    },
    "thumb_02_l": {
      "name": "thumb_02_l",
      "local": {
        "location": {
          "x": 0.0,
          "y": 0.0,
          "z": 0.0
        },
        "rotation_quaternion": {
          "w": 0.9952543377876282,
          "x": 0.0967126339673996,
          "y": -0.010665243491530418,
          "z": 0.0013740030117332935
        },
        "scale": {
          "x": 1.0,
          "y": 1.0,
          "z": 1.0
        },
        "matrix_basis": [
          [
            0.9997687339782715,
            -0.0047978926450014114,
            -0.02096349187195301,
            0.0
          ],
          [
            0.0006720373639836907,
            0.9812895655632019,
            -0.19253665208816528,
            0.0
          ],
          [
            0.021495027467608452,
            0.1924780309200287,
            0.9810658097267151,
            0.0
          ],
          [
            0.0,
            0.0,
            0.0,
            1.0
          ]
        ],
        "rotation_mode": "QUATERNION"
      },
      "armature_space": {
        "head": {
          "x": 0.062362655997276306,
          "y": -0.39964380860328674,
          "z": 0.8982677459716797
        },
        "tail": {
          "x": 0.05356026068329811,
          "y": -0.4192148745059967,
          "z": 0.9322189688682556
        }
      },
      "world_space": {
        "head": {
          "x": 0.062362655997276306,
          "y": -0.33639979362487793,
          "z": 1.8481217622756958
        },
        "tail": {
          "x": 0.05356026068329811,
          "y": -0.3559708595275879,
          "z": 1.882072925567627
        },
        "rotation_quaternion": {
          "w": 0.35459452867507935,
          "x": 0.4301151633262634,
          "y": 0.36142152547836304,
          "z": 0.7474209666252136
        },
        "matrix": [
          [
            -0.3785274624824524,
            -0.21915914118289948,
            0.8992698788642883,
            0.062362655997276306
          ],
          [
            0.8409691452980042,
            -0.48727384209632874,
            0.23523446917533875,
            -0.33639979362487793
          ],
          [
            0.38664039969444275,
            0.8453061580657959,
            0.3687552809715271,
            1.8481217622756958
          ],
          [
            0.0,
            0.0,
            0.0,
            1.0
          ]
        ]
      },
      "bone_length_armature_space": 0.040164589642540785,
      "parent": "thumb_01_l",
      "has_children": true,
      "is_end_bone": false
    },
    "thumb_03_l": {
      "name": "thumb_03_l",
      "local": {
        "location": {
          "x": 0.0,
          "y": 0.0,
          "z": 0.0
        },
        "rotation_quaternion": {
          "w": 0.9969760179519653,
          "x": 0.07719353586435318,
          "y": -0.008927351795136929,
          "z": 0.0006680312217213213
        },
        "scale": {
          "x": 1.0,
          "y": 1.0,
          "z": 1.0
        },
        "matrix_basis": [
          [
            0.999839723110199,
            -0.0027102900203317404,
            -0.01769757643342018,
            0.0
          ],
          [
            -4.6245488192653283e-05,
            0.9880813956260681,
            -0.1539321392774582,
            0.0
          ],
          [
            0.017903845757246017,
            0.15390828251838684,
            0.9879229068756104,
            0.0
          ],
          [
            0.0,
            0.0,
            0.0,
            1.0
          ]
        ],
        "rotation_mode": "QUATERNION"
      },
      "armature_space": {
        "head": {
          "x": 0.05356019362807274,
          "y": -0.41921481490135193,
          "z": 0.9322189688682556
        },
        "tail": {
          "x": 0.05983174592256546,
          "y": -0.43237975239753723,
          "z": 0.9589444994926453
        }
      },
      "world_space": {
        "head": {
          "x": 0.05356019362807274,
          "y": -0.3559707999229431,
          "z": 1.882072925567627
        },
        "tail": {
          "x": 0.05983174592256546,
          "y": -0.3691357374191284,
          "z": 1.9087984561920166
        },
        "rotation_quaternion": {
          "w": 0.12156624346971512,
          "x": 0.37625911831855774,
          "y": 0.5186644196510315,
          "z": 0.7580488324165344
        },
        "matrix": [
          [
            -0.687302827835083,
            0.20599693059921265,
            0.6965488791465759,
            0.05356019362807274
          ],
          [
            0.5746098756790161,
            -0.4324183762073517,
            0.6948654651641846,
            -0.3559707999229431
          ],
          [
            0.4443444013595581,
            0.877832293510437,
            0.1788364052772522,
            1.882072925567627
          ],
          [
            0.0,
            0.0,
            0.0,
            1.0
          ]
        ]
      },
      "bone_length_armature_space": 0.03044506416419196,
      "parent": "thumb_02_l",
      "has_children": false,
      "is_end_bone": true
    },
    "metacarpal_index_l": {
      "name": "metacarpal_index_l",
      "local": {
        "location": {
          "x": 0.0,
          "y": 0.0,
          "z": 0.0
        },
        "rotation_quaternion": {
          "w": 0.9997754096984863,
          "x": 0.01668897457420826,
          "y": 0.005746008362621069,
          "z": 0.01173674501478672
        },
        "scale": {
          "x": 1.0,
          "y": 1.0,
          "z": 1.0
        },
        "matrix_basis": [
          [
            0.999658465385437,
            -0.023276427760720253,
            0.011881183832883835,
            0.0
          ],
          [
            0.02366000786423683,
            0.9991674423217773,
            -0.0332355722784996,
            0.0
          ],
          [
            -0.011097687296569347,
            0.033505331724882126,
            0.9993769526481628,
            0.0
          ],
          [
            0.0,
            0.0,
            0.0,
            1.0
          ]
        ],
        "rotation_mode": "QUATERNION"
      },
      "armature_space": {
        "head": {
          "x": 0.127594992518425,
          "y": -0.3719795346260071,
          "z": 0.8701406717300415
        },
        "tail": {
          "x": 0.0728587731719017,
          "y": -0.409879207611084,
          "z": 0.9665611386299133
        }
      },
      "world_space": {
        "head": {
          "x": 0.127594992518425,
          "y": -0.30873554944992065,
          "z": 1.8199946880340576
        },
        "tail": {
          "x": 0.0728587731719017,
          "y": -0.34663522243499756,
          "z": 1.9164152145385742
        },
        "rotation_quaternion": {
          "w": 0.3708910048007965,
          "x": 0.7604647278785706,
          "y": -0.4480094015598297,
          "z": -0.28882673382759094
        },
        "matrix": [
          [
            0.4317319095134735,
            -0.46714526414871216,
            -0.771610677242279,
            0.127594992518425
          ],
          [
            -0.8956379294395447,
            -0.3234539330005646,
            -0.305303692817688,
            -0.30873554944992065
          ],
          [
            -0.10696110129356384,
            0.8228985667228699,
            -0.5580425262451172,
            1.8199946880340576
          ],
          [
            0.0,
            0.0,
            0.0,
            1.0
          ]
        ]
      },
      "bone_length_armature_space": 0.11717228840408339,
      "parent": "lowerarm_l",
      "has_children": true,
      "is_end_bone": false
    },
    "index_01_l": {
      "name": "index_01_l",
      "local": {
        "location": {
          "x": 0.0,
          "y": 0.0,
          "z": 0.0
        },
        "rotation_quaternion": {
          "w": 0.997603714466095,
          "x": -0.06768767535686493,
          "y": 0.013814025558531284,
          "z": -0.003792981617152691
        },
        "scale": {
          "x": 1.0,
          "y": 1.0,
          "z": 1.0
        },
        "matrix_basis": [
          [
            0.9995895624160767,
            0.005697706714272499,
            0.02807532250881195,
            0.0
          ],
          [
            -0.009437863714993,
            0.9908080101013184,
            0.13494616746902466,
            0.0
          ],
          [
            -0.027048369869589806,
            -0.13515575230121613,
            0.9904550909996033,
            0.0
          ],
          [
            0.0,
            0.0,
            0.0,
            1.0
          ]
        ],
        "rotation_mode": "QUATERNION"
      },
      "armature_space": {
        "head": {
          "x": 0.0728587731719017,
          "y": -0.409879207611084,
          "z": 0.9665611386299133
        },
        "tail": {
          "x": 0.07085487246513367,
          "y": -0.4245361089706421,
          "z": 0.990938127040863
        }
      },
      "world_space": {
        "head": {
          "x": 0.0728587731719017,
          "y": -0.34663522243499756,
          "z": 1.9164152145385742
        },
        "tail": {
          "x": 0.07085487246513367,
          "y": -0.36129212379455566,
          "z": 1.9407920837402344
        },
        "rotation_quaternion": {
          "w": 0.42638352513313293,
          "x": 0.7858247756958008,
          "y": -0.2473628669977188,
          "z": -0.37348124384880066
        },
        "matrix": [
          [
            0.5986473560333252,
            -0.07027683407068253,
            -0.7979240417480469,
            0.0728587731719017
          ],
          [
            -0.707260251045227,
            -0.5140175819396973,
            -0.485354483127594,
            -0.34663522243499756
          ],
          [
            -0.3760412633419037,
            0.8549015522003174,
            -0.3574221432209015,
            1.9164152145385742
          ],
          [
            0.0,
            0.0,
            0.0,
            1.0
          ]
        ]
      },
      "bone_length_armature_space": 0.028514521965180353,
      "parent": "metacarpal_index_l",
      "has_children": true,
      "is_end_bone": false
    },
    "index_02_l": {
      "name": "index_02_l",
      "local": {
        "location": {
          "x": 0.0,
          "y": 0.0,
          "z": 0.0
        },
        "rotation_quaternion": {
          "w": 0.9970594644546509,
          "x": 0.07616700232028961,
          "y": -0.0023572801146656275,
          "z": 0.008097371086478233
        },
        "scale": {
          "x": 1.0,
          "y": 1.0,
          "z": 1.0
        },
        "matrix_basis": [
          [
            0.9998577237129211,
            -0.016506215557456017,
            -0.003467191942036152,
            0.0
          ],
          [
            0.01578802615404129,
            0.9882660508155823,
            -0.1519242376089096,
            0.0
          ],
          [
            0.005934201646596193,
            0.15184788405895233,
            0.9883860349655151,
            0.0
          ],
          [
            0.0,
            0.0,
            0.0,
            1.0
          ]
        ],
        "rotation_mode": "QUATERNION"
      },
      "armature_space": {
        "head": {
          "x": 0.07085444778203964,
          "y": -0.4245362877845764,
          "z": 0.9909384250640869
        },
        "tail": {
          "x": 0.06675353646278381,
          "y": -0.4391598701477051,
          "z": 1.0116127729415894
        }
      },
      "world_space": {
        "head": {
          "x": 0.07085444778203964,
          "y": -0.36129230260849,
          "z": 1.940792441368103
        },
        "tail": {
          "x": 0.06675353646278381,
          "y": -0.37591588497161865,
          "z": 1.9614667892456055
        },
        "rotation_quaternion": {
          "w": 0.3692385256290436,
          "x": 0.7963705062866211,
          "y": -0.28042662143707275,
          "z": -0.38835275173187256
        },
        "matrix": [
          [
            0.5410862565040588,
            -0.15985921025276184,
            -0.8256335854530334,
            0.07085444778203964
          ],
          [
            -0.7334369421005249,
            -0.5700474977493286,
            -0.37029194831848145,
            -0.36129230260849
          ],
          [
            -0.4114595055580139,
            0.8059152364730835,
            -0.4256947934627533,
            1.940792441368103
          ],
          [
            0.0,
            0.0,
            0.0,
            1.0
          ]
        ]
      },
      "bone_length_armature_space": 0.025653368013161825,
      "parent": "index_01_l",
      "has_children": true,
      "is_end_bone": false
    },
    "index_03_l": {
      "name": "index_03_l",
      "local": {
        "location": {
          "x": 0.0,
          "y": 0.0,
          "z": 0.0
        },
        "rotation_quaternion": {
          "w": 0.9998956322669983,
          "x": 0.012810468673706055,
          "y": -0.005328203551471233,
          "z": -0.004059046506881714
        },
        "scale": {
          "x": 1.0,
          "y": 1.0,
          "z": 1.0
        },
        "matrix_basis": [
          [
            0.999910295009613,
            0.00798073224723339,
            -0.010759291239082813,
            0.0
          ],
          [
            -0.008253759704530239,
            0.9996388554573059,
            -0.025575008243322372,
            0.0
          ],
          [
            0.010551298037171364,
            0.025661518797278404,
            0.9996150135993958,
            0.0
          ],
          [
            0.0,
            0.0,
            0.0,
            1.0
          ]
        ],
        "rotation_mode": "QUATERNION"
      },
      "armature_space": {
        "head": {
          "x": 0.06675364077091217,
          "y": -0.4391597807407379,
          "z": 1.011612892150879
        },
        "tail": {
          "x": 0.06099904328584671,
          "y": -0.4589969217777252,
          "z": 1.0322794914245605
        }
      },
      "world_space": {
        "head": {
          "x": 0.06675364077091217,
          "y": -0.3759157657623291,
          "z": 1.961466908454895
        },
        "tail": {
          "x": 0.06099904328584671,
          "y": -0.3957529067993164,
          "z": 1.9821335077285767
        },
        "rotation_quaternion": {
          "w": 0.31126317381858826,
          "x": 0.8404371738433838,
          "y": -0.2523000240325928,
          "z": -0.36486339569091797
        },
        "matrix": [
          [
            0.6064388751983643,
            -0.19694921374320984,
            -0.7703525424003601,
            0.06675364077091217
          ],
          [
            -0.6512221097946167,
            -0.6789198517799377,
            -0.3390834629535675,
            -0.3759157657623291
          ],
          [
            -0.4562293291091919,
            0.7073084712028503,
            -0.5399851202964783,
            1.961466908454895
          ],
          [
            0.0,
            0.0,
            0.0,
            1.0
          ]
        ]
      },
      "bone_length_armature_space": 0.029218758932129177,
      "parent": "index_02_l",
      "has_children": false,
      "is_end_bone": true
    },
    "metacarpal_pinky_l": {
      "name": "metacarpal_pinky_l",
      "local": {
        "location": {
          "x": 0.0,
          "y": 0.0,
          "z": 0.0
        },
        "rotation_quaternion": {
          "w": 0.9998534321784973,
          "x": 0.0162990503013134,
          "y": -0.00026199049898423254,
          "z": -0.005251407157629728
        },
        "scale": {
          "x": 1.0,
          "y": 1.0,
          "z": 1.0
        },
        "matrix_basis": [
          [
            0.9999446868896484,
            0.010492734611034393,
            -0.0006950901006348431,
            0.0
          ],
          [
            -0.010509815067052841,
            0.9994135499000549,
            -0.03259057179093361,
            0.0
          ],
          [
            0.0003527183143887669,
            0.03259607404470444,
            0.9994685649871826,
            0.0
          ],
          [
            0.0,
            0.0,
            0.0,
            1.0
          ]
        ],
        "rotation_mode": "QUATERNION"
      },
      "armature_space": {
        "head": {
          "x": 0.127594992518425,
          "y": -0.3719795346260071,
          "z": 0.8701406717300415
        },
        "tail": {
          "x": 0.14118601381778717,
          "y": -0.4274166226387024,
          "z": 0.9572344422340393
        }
      },
      "world_space": {
        "head": {
          "x": 0.127594992518425,
          "y": -0.30873554944992065,
          "z": 1.8199946880340576
        },
        "tail": {
          "x": 0.14118601381778717,
          "y": -0.36417263746261597,
          "z": 1.9070885181427002
        },
        "rotation_quaternion": {
          "w": 0.020758341997861862,
          "x": -0.09770924597978592,
          "y": -0.48309326171875,
          "z": -0.8698522448539734
        },
        "matrix": [
          [
            -0.9800441861152649,
            0.13051876425743103,
            0.1499280333518982,
            0.127594992518425
          ],
          [
            0.05829142406582832,
            -0.532379686832428,
            0.8444963097572327,
            -0.30873554944992065
          ],
          [
            0.19004283845424652,
            0.8363885283470154,
            0.5141519904136658,
            1.8199946880340576
          ],
          [
            0.0,
            0.0,
            0.0,
            1.0
          ]
        ]
      },
      "bone_length_armature_space": 0.10413122170900962,
      "parent": "lowerarm_l",
      "has_children": true,
      "is_end_bone": false
    },
    "pinky_01_l": {
      "name": "pinky_01_l",
      "local": {
        "location": {
          "x": 0.0,
          "y": 0.0,
          "z": 0.0
        },
        "rotation_quaternion": {
          "w": 0.9964762926101685,
          "x": -0.08350058645009995,
          "y": -0.006573387421667576,
          "z": 0.004425501450896263
        },
        "scale": {
          "x": 1.0,
          "y": 1.0,
          "z": 1.0
        },
        "matrix_basis": [
          [
            0.9998744130134583,
            -0.007722051348537207,
            -0.013839513063430786,
            0.0
          ],
          [
            0.009917577728629112,
            0.9860161542892456,
            0.16635452210903168,
            0.0
          ],
          [
            0.012361385859549046,
            -0.16647088527679443,
            0.9859688878059387,
            0.0
          ],
          [
            0.0,
            0.0,
            0.0,
            1.0
          ]
        ],
        "rotation_mode": "QUATERNION"
      },
      "armature_space": {
        "head": {
          "x": 0.14118601381778717,
          "y": -0.4274166226387024,
          "z": 0.9572344422340393
        },
