{
  "metadata": {
    "armature_name": "KIM_caucasian_male",
    "export_time": "2026-01-13T21:02:13.438152",
    "blender_version": "4.4.1",
    "bone_count": 56,
    "end_bone_count": 13,
    "spaces_included": [
      "LOCAL_CHANNELS",
      "ARMATURE_SPACE",
      "WORLD_SPACE"
    ],
    "note": "LOCAL matches Transform panel; replay pose via local.matrix_basis for best fidelity."
  },
  "bones": {
    "Root": {
      "name": "Root",
      "local": {
        "location": {
          "x": 0.0,
          "y": 0.0,
          "z": 0.0
        },
        "rotation_quaternion": {
          "w": 0.999801516532898,
          "x": -0.012667428702116013,
          "y": 0.012941836379468441,
          "z": -0.008305053226649761
        },
        "scale": {
          "x": 1.0,
          "y": 1.0,
          "z": 1.0
        },
        "matrix_basis": [
          [
            0.999527096748352,
            0.016278930008411407,
            0.02608894184231758,
            0.0
          ],
          [
            -0.01693468913435936,
            0.9995411038398743,
            0.025114864110946655,
            0.0
          ],
          [
            -0.025668127462267876,
            -0.025544794276356697,
            0.9993441104888916,
            0.0
          ],
          [
            0.0,
            0.0,
            0.0,
            1.0
          ]
        ],
        "rotation_mode": "QUATERNION"
      },
      "armature_space": {
        "head": {
          "x": 0.0,
          "y": 0.07072800397872925,
          "z": -0.009595036506652832
        },
        "tail": {
          "x": 0.001161922817118466,
          "y": 0.0002775639295578003,
          "z": 0.0018023420125246048
        }
      },
      "world_space": {
        "head": {
          "x": 0.0,
          "y": 0.13397200405597687,
          "z": 0.9402589797973633
        },
        "tail": {
          "x": 0.001161922817118466,
          "y": 0.06352156400680542,
          "z": 0.9516563415527344
        },
        "rotation_quaternion": {
          "w": 0.07999294996261597,
          "x": 0.9966769218444824,
          "y": 0.009158050641417503,
          "z": 0.012352943420410156
        },
        "matrix": [
          [
            0.999527096748352,
            0.016278930008411407,
            0.02608894184231758,
            0.0
          ],
          [
            0.02023153379559517,
            -0.9870344400405884,
            -0.15922842919826508,
            0.13397200405597687
          ],
          [
            0.02315879799425602,
            0.15968111157417297,
            -0.9869040846824646,
            0.9402589797973633
          ],
          [
            0.0,
            0.0,
            0.0,
            1.0
          ]
        ]
      },
      "bone_length_armature_space": 0.07137586869518187,
      "parent": null,
      "has_children": true,
      "is_end_bone": false
    },
    "spine_01": {
      "name": "spine_01",
      "local": {
        "location": {
          "x": 0.0,
          "y": 0.0,
          "z": 0.0
        },
        "rotation_quaternion": {
          "w": 0.9995635747909546,
          "x": -0.023737911134958267,
          "y": 0.0005151561344973743,
          "z": 0.01758076250553131
        },
        "scale": {
          "x": 1.0,
          "y": 1.0,
          "z": 1.0
        },
        "matrix_basis": [
          [
            0.9993813037872314,
            -0.03517063707113266,
            0.00019520145724527538,
            0.0
          ],
          [
            0.035121724009513855,
            0.9982548356056213,
            0.04747321456670761,
            0.0
          ],
          [
            -0.0018645237432792783,
            -0.04743698984384537,
            0.9988725185394287,
            0.0
          ],
          [
            0.0,
            0.0,
            0.0,
            1.0
          ]
        ],
        "rotation_mode": "QUATERNION"
      },
      "armature_space": {
        "head": {
          "x": 0.001161922817118466,
          "y": 0.0002775639295578003,
          "z": 0.0018023420125246048
        },
        "tail": {
          "x": -0.028384115546941757,
          "y": 0.0579841174185276,
          "z": 0.48548153042793274
        }
      },
      "world_space": {
        "head": {
          "x": 0.001161922817118466,
          "y": 0.06352156400680542,
          "z": 0.9516563415527344
        },
        "tail": {
          "x": -0.028384115546941757,
          "y": 0.12122811377048492,
          "z": 1.4353355169296265
        },
        "rotation_quaternion": {
          "w": 0.7476240396499634,
          "x": 0.6633733510971069,
          "y": -0.013546643778681755,
          "z": 0.028471551835536957
        },
        "matrix": [
          [
            0.9980117678642273,
            -0.06054500862956047,
            0.017519332468509674,
            0.001161922817118466
          ],
          [
            0.024599483236670494,
            0.11825083941221237,
            -0.9926790595054626,
            0.06352156400680542
          ],
          [
            0.058030519634485245,
            0.9911433458328247,
            0.11950501799583435,
            0.9516563415527344
          ],
          [
            0.0,
            0.0,
            0.0,
            1.0
          ]
        ]
      },
      "bone_length_armature_space": 0.48800467543911263,
      "parent": "Root",
      "has_children": true,
      "is_end_bone": false
    },
    "neck_01": {
      "name": "neck_01",
      "local": {
        "location": {
          "x": 0.0,
          "y": 0.0,
          "z": 0.0
        },
        "rotation_quaternion": {
          "w": 0.9912253618240356,
          "x": -0.09399726986885071,
          "y": 0.07299360632896423,
          "z": 0.05752270296216011
        },
        "scale": {
          "x": 1.0,
          "y": 1.0,
          "z": 1.0
        },
        "matrix_basis": [
          [
            0.9827261567115784,
            -0.12775832414627075,
            0.1338922679424286,
            0.0
          ],
          [
            0.10031352192163467,
            0.9757112860679626,
            0.19474253058433533,
            0.0
          ],
          [
            -0.15552018582820892,
            -0.17794737219810486,
            0.9716728925704956,
            0.0
          ],
          [
            0.0,
            0.0,
            0.0,
            1.0
          ]
        ],
        "rotation_mode": "QUATERNION"
      },
      "armature_space": {
        "head": {
          "x": -0.032209549099206924,
          "y": 0.03221571445465088,
          "z": 0.5621959567070007
        },
        "tail": {
          "x": -0.05090241879224777,
          "y": 0.022706113755702972,
          "z": 0.6625498533248901
        }
      },
      "world_space": {
        "head": {
          "x": -0.032209549099206924,
          "y": 0.0954597145318985,
          "z": 1.512049913406372
        },
        "tail": {
          "x": -0.05090241879224777,
          "y": 0.08595011383295059,
          "z": 1.6124038696289062
        },
        "rotation_quaternion": {
          "w": 0.6733954548835754,
          "x": 0.7290876507759094,
          "y": -0.012640176340937614,
          "z": 0.12169662117958069
        },
        "matrix": [
          [
            0.9700606465339661,
            -0.18233151733875275,
            0.16043010354042053,
            -0.032209549099206924
          ],
          [
            0.145467147231102,
            -0.09275728464126587,
            -0.9850054383277893,
            0.0954597145318985
          ],
          [
            0.19448009133338928,
            0.9788588285446167,
            -0.06345836818218231,
            1.512049913406372
          ],
          [
            0.0,
            0.0,
            0.0,
            1.0
          ]
        ]
      },
      "bone_length_armature_space": 0.1025219978667988,
      "parent": "spine_01",
      "has_children": true,
      "is_end_bone": false
    },
    "head": {
      "name": "head",
      "local": {
        "location": {
          "x": 0.0,
          "y": 0.0,
          "z": 0.0
        },
        "rotation_quaternion": {
          "w": 0.9833394289016724,
          "x": -0.06529836356639862,
          "y": 0.16705305874347687,
          "z": -0.029545795172452927
        },
        "scale": {
          "x": 1.0,
          "y": 1.0,
          "z": 1.0
        },
        "matrix_basis": [
          [
            0.9424406290054321,
            0.03629050776362419,
            0.33239829540252686,
            0.0
          ],
          [
            -0.07992367446422577,
            0.9897263646125793,
            0.11854948103427887,
            0.0
          ],
          [
            -0.3246811330318451,
            -0.1382923424243927,
            0.9356588125228882,
            0.0
          ],
          [
            0.0,
            0.0,
            0.0,
            1.0
          ]
        ],
        "rotation_mode": "QUATERNION"
      },
      "armature_space": {
        "head": {
          "x": -0.05090238153934479,
          "y": 0.022705968469381332,
          "z": 0.6625497937202454
        },
        "tail": {
          "x": -0.08226435631513596,
          "y": 0.08530353009700775,
          "z": 0.8009377717971802
        }
      },
      "world_space": {
        "head": {
          "x": -0.05090238153934479,
          "y": 0.08594997227191925,
          "z": 1.6124038696289062
        },
        "tail": {
          "x": -0.08226435631513596,
          "y": 0.14854753017425537,
          "z": 1.7507917881011963
        },
        "rotation_quaternion": {
          "w": 0.8308445811271667,
          "x": 0.5127243399620056,
          "y": 0.10727248340845108,
          "z": 0.18789298832416534
        },
        "matrix": [
          [
            0.9063774347305298,
            -0.20221762359142303,
            0.3709288239479065,
            -0.05090238153934479
          ],
          [
            0.42222297191619873,
            0.40362030267715454,
            -0.8116765022277832,
            0.08594997227191925
          ],
          [
            0.014421440660953522,
            0.8923065066337585,
            0.4512154757976532,
            1.6124038696289062
          ],
          [
            0.0,
            0.0,
            0.0,
            1.0
          ]
        ]
      },
      "bone_length_armature_space": 0.15509113670359556,
      "parent": "neck_01",
      "has_children": false,
      "is_end_bone": true
    },
    "upperarm_l": {
      "name": "upperarm_l",
      "local": {
        "location": {
          "x": 0.0,
          "y": 0.0,
          "z": 0.0
        },
        "rotation_quaternion": {
          "w": 0.9235118627548218,
          "x": 0.26123619079589844,
          "y": -0.1717897355556488,
          "z": 0.2221933752298355
        },
        "scale": {
          "x": 1.0,
          "y": 1.0,
          "z": 1.0
        },
        "matrix_basis": [
          [
            0.8422367572784424,
            -0.5001518130302429,
            -0.20120981335639954,
            0.0
          ],
          [
            0.32064104080200195,
            0.7647715210914612,
            -0.5588505268096924,
            0.0
          ],
          [
            0.4333896338939667,
            0.4061683714389801,
            0.8044878840446472,
            0.0
          ],
          [
            0.0,
            0.0,
            0.0,
            1.0
          ]
        ],
        "rotation_mode": "QUATERNION"
      },
      "armature_space": {
        "head": {
          "x": 0.12161719053983688,
          "y": 0.024792484939098358,
          "z": 0.504669189453125
        },
        "tail": {
          "x": 0.32733774185180664,
          "y": -0.058151938021183014,
          "z": 0.6550260782241821
        }
      },
      "world_space": {
        "head": {
          "x": 0.12161719053983688,
          "y": 0.08803648501634598,
          "z": 1.4545232057571411
        },
        "tail": {
          "x": 0.32733774185180664,
          "y": 0.005092062056064606,
          "z": 1.6048800945281982
        },
        "rotation_quaternion": {
          "w": 0.5760353207588196,
          "x": 0.5968974232673645,
          "y": 0.11583992838859558,
          "z": -0.5463312268257141
        },
        "matrix": [
          [
            0.3762037754058838,
            0.7677015662193298,
            -0.5187535285949707,
            0.12161719053983688
          ],
          [
            -0.4911264181137085,
            -0.3095294237136841,
            -0.8142399191856384,
            0.08803648501634598
          ],
          [
            -0.7856684923171997,
            0.5610971450805664,
            0.2605934739112854,
            1.4545232057571411
          ],
          [
            0.0,
            0.0,
            0.0,
            1.0
          ]
        ]
      },
      "bone_length_armature_space": 0.2679699835526459,
      "parent": "spine_01",
      "has_children": true,
      "is_end_bone": false
    },
    "lowerarm_l": {
      "name": "lowerarm_l",
      "local": {
        "location": {
          "x": 0.0,
          "y": 0.0,
          "z": 0.0
        },
        "rotation_quaternion": {
          "w": 0.9293960332870483,
          "x": 0.36680352687835693,
          "y": 0.022624514997005463,
          "z": 0.034154586493968964
        },
        "scale": {
          "x": 1.0,
          "y": 1.0,
          "z": 1.0
        },
        "matrix_basis": [
          [
            0.9966431856155396,
            -0.046888772398233414,
            0.06711031496524811,
            0.0
          ],
          [
            0.08008377999067307,
            0.7285772562026978,
            -0.6802660226821899,
            0.0
          ],
          [
            -0.016998223960399628,
            0.6833569407463074,
            0.7298865914344788,
            0.0
          ],
          [
            0.0,
            0.0,
            0.0,
            1.0
          ]
        ],
        "rotation_mode": "QUATERNION"
      },
      "armature_space": {
        "head": {
          "x": 0.32733774185180664,
          "y": -0.05815194919705391,
          "z": 0.6550261974334717
        },
        "tail": {
          "x": 0.3344156742095947,
          "y": -0.2487102895975113,
          "z": 0.84266197681427
        }
      },
      "world_space": {
        "head": {
          "x": 0.32733774185180664,
          "y": 0.00509205088019371,
          "z": 1.6048802137374878
        },
        "tail": {
          "x": 0.3344156742095947,
          "y": -0.18546628952026367,
          "z": 1.7925159931182861
        },
        "rotation_quaternion": {
          "w": 0.32415586709976196,
          "x": 0.7721450328826904,
          "y": -0.19690582156181335,
          "z": -0.5098462104797363
        },
        "matrix": [
          [
            0.4025709331035614,
            0.02645719051361084,
            -0.9150065183639526,
            0.32733774185180664
          ],
          [
            -0.6346191763877869,
            -0.7123024463653564,
            -0.2998063862323761,
            0.00509205088019371
          ],
          [
            -0.6596983671188354,
            0.7013781070709229,
            -0.26996392011642456,
            1.6048802137374878
          ],
          [
            0.0,
            0.0,
            0.0,
            1.0
          ]
        ]
      },
      "bone_length_armature_space": 0.26752526286472605,
      "parent": "upperarm_l",
      "has_children": true,
      "is_end_bone": false
    },
    "metacarpal_thumb_l": {
      "name": "metacarpal_thumb_l",
      "local": {
        "location": {
          "x": 0.0,
          "y": 0.0,
          "z": 0.0
        },
        "rotation_quaternion": {
          "w": 0.9996501803398132,
          "x": -0.009472564794123173,
          "y": -0.013484114781022072,
          "z": -0.020691150799393654
        },
        "scale": {
          "x": 1.0,
          "y": 1.0,
          "z": 1.0
        },
        "matrix_basis": [
          [
            0.9987801313400269,
            0.04162328317761421,
            -0.026566799730062485,
            0.0
          ],
          [
            -0.04111236706376076,
            0.9989643096923828,
            0.019496506080031395,
            0.0
          ],
          [
            0.027350792661309242,
            -0.01838049851357937,
            0.9994568824768066,
            0.0
          ],
          [
            0.0,
            0.0,
            0.0,
            1.0
          ]
        ],
        "rotation_mode": "QUATERNION"
      },
      "armature_space": {
        "head": {
          "x": 0.3344156742095947,
          "y": -0.2487102895975113,
          "z": 0.84266197681427
        },
        "tail": {
          "x": 0.31367388367652893,
          "y": -0.2909599244594574,
          "z": 0.8581000566482544
        }
      },
      "world_space": {
        "head": {
          "x": 0.3344156742095947,
          "y": -0.18546628952026367,
          "z": 1.7925159931182861
        },
        "tail": {
          "x": 0.31367388367652893,
          "y": -0.22771592438220978,
          "z": 1.8079540729522705
        },
        "rotation_quaternion": {
          "w": 0.2143494188785553,
          "x": 0.9272036552429199,
          "y": -0.1660732924938202,
          "z": 0.2583943009376526
        },
        "matrix": [
          [
            0.8113042712211609,
            -0.4187411367893219,
            0.40797239542007446,
            0.3344156742095947
          ],
          [
            -0.19719430804252625,
            -0.8529476523399353,
            -0.4833163022994995,
            -0.18546628952026367
          ],
          [
            0.5503669381141663,
            0.3116680979728699,
            -0.7745791673660278,
            1.7925159931182861
          ],
          [
            0.0,
            0.0,
            0.0,
            1.0
          ]
        ]
      },
      "bone_length_armature_space": 0.04953370386220612,
      "parent": "lowerarm_l",
      "has_children": true,
      "is_end_bone": false
    },
    "thumb_01_l": {
      "name": "thumb_01_l",
      "local": {
        "location": {
          "x": 0.0,
          "y": 0.0,
          "z": 0.0
        },
        "rotation_quaternion": {
          "w": 0.9982234239578247,
          "x": 0.05918729305267334,
          "y": -0.0062147825956344604,
          "z": 0.0029032586608082056
        },
        "scale": {
          "x": 1.0,
          "y": 1.0,
          "z": 1.0
        },
        "matrix_basis": [
          [
            0.9999058842658997,
            -0.006531873717904091,
            -0.012063811533153057,
            0.0
          ],
          [
            0.005060529336333275,
            0.9929768443107605,
            -0.11820036917924881,
            0.0
          ],
          [
            0.012751155532896519,
            0.11812819540500641,
            0.992916464805603,
            0.0
          ],
          [
            0.0,
            0.0,
            0.0,
            1.0
          ]
        ],
        "rotation_mode": "QUATERNION"
      },
      "armature_space": {
        "head": {
          "x": 0.31367388367652893,
          "y": -0.2909599244594574,
          "z": 0.8581000566482544
        },
        "tail": {
          "x": 0.3146055042743683,
          "y": -0.32246866822242737,
          "z": 0.8452564477920532
        }
      },
      "world_space": {
        "head": {
          "x": 0.31367388367652893,
          "y": -0.22771592438220978,
          "z": 1.8079540729522705
        },
        "tail": {
          "x": 0.3146055042743683,
          "y": -0.25922465324401855,
          "z": 1.7951104640960693
        },
        "rotation_quaternion": {
          "w": 0.10030199587345123,
          "x": -0.4485960304737091,
          "y": 0.16462336480617523,
          "z": -0.872697114944458
        },
        "matrix": [
          [
            -0.5774024724960327,
            0.027369163930416107,
            0.8160009384155273,
            0.31367388367652893
          ],
          [
            -0.32276514172554016,
            -0.9256777167320251,
            -0.19734100997447968,
            -0.22771592438220978
          ],
          [
            0.7499575018882751,
            -0.3773253262042999,
            0.5433257818222046,
            1.8079540729522705
          ],
          [
            0.0,
            0.0,
            0.0,
            1.0
          ]
        ]
      },
      "bone_length_armature_space": 0.034038612273497845,
      "parent": "metacarpal_thumb_l",
      "has_children": true,
      "is_end_bone": false
    },
    "thumb_02_l": {
      "name": "thumb_02_l",
      "local": {
        "location": {
          "x": 0.0,
          "y": 0.0,
          "z": 0.0
        },
        "rotation_quaternion": {
          "w": 0.988554835319519,
          "x": 0.15077057480812073,
          "y": 0.004297179169952869,
          "z": 0.003018359187990427
        },
        "scale": {
          "x": 1.0,
          "y": 1.0,
          "z": 1.0
        },
        "matrix_basis": [
          [
            0.9999448657035828,
            -0.004671850707381964,
            0.009406154043972492,
            0.0
          ],
          [
            0.007263403385877609,
            0.9545182585716248,
            -0.2980640232563019,
            0.0
          ],
          [
            -0.007585835177451372,
            0.29811590909957886,
            0.9544995427131653,
            0.0
          ],
          [
            0.0,
            0.0,
            0.0,
            1.0
          ]
        ],
        "rotation_mode": "QUATERNION"
      },
      "armature_space": {
        "head": {
          "x": 0.3146054744720459,
          "y": -0.322468638420105,
          "z": 0.8452564477920532
        },
        "tail": {
          "x": 0.32210618257522583,
          "y": -0.3446366488933563,
          "z": 0.877898633480072
        }
      },
      "world_space": {
        "head": {
          "x": 0.3146054744720459,
          "y": -0.25922465324401855,
          "z": 1.7951104640960693
        },
        "tail": {
          "x": 0.32210618257522583,
          "y": -0.2813926339149475,
          "z": 1.8277525901794434
        },
        "rotation_quaternion": {
          "w": 0.058420658111572266,
          "x": -0.08980338275432587,
          "y": -0.4697030782699585,
          "z": -0.8762998580932617
        },
        "matrix": [
          [
            -0.977044939994812,
            0.18675000965595245,
            0.10250785201787949,
            0.3146054744720459
          ],
          [
            -0.018026798963546753,
            -0.5519317984580994,
            0.8336944580078125,
            -0.25922465324401855
          ],
          [
            0.21227121353149414,
            0.8127138614654541,
            0.5426331758499146,
            1.7951104640960693
          ],
          [
            0.0,
            0.0,
            0.0,
            1.0
          ]
        ]
      },
      "bone_length_armature_space": 0.04016458149063063,
      "parent": "thumb_01_l",
      "has_children": true,
      "is_end_bone": false
    },
    "thumb_03_l": {
      "name": "thumb_03_l",
      "local": {
        "location": {
          "x": 0.0,
          "y": 0.0,
          "z": 0.0
        },
        "rotation_quaternion": {
          "w": 0.999019980430603,
          "x": 0.043656136840581894,
          "y": 0.005163673777133226,
          "z": 0.0051689003594219685
        },
        "scale": {
          "x": 1.0,
          "y": 1.0,
          "z": 1.0
        },
        "matrix_basis": [
          [
            0.9998932480812073,
            -0.009876817464828491,
            0.010768534615635872,
            0.0
          ],
          [
            0.010778521187603474,
            0.996134877204895,
            -0.08717332780361176,
            0.0
          ],
          [
            -0.009865918196737766,
            0.08728008717298508,
            0.9961349368095398,
            0.0
          ],
          [
            0.0,
            0.0,
            0.0,
            1.0
          ]
        ],
        "rotation_mode": "QUATERNION"
      },
      "armature_space": {
        "head": {
          "x": 0.32210612297058105,
          "y": -0.3446366786956787,
          "z": 0.8778985142707825
        },
        "tail": {
          "x": 0.332507461309433,
          "y": -0.3511996567249298,
          "z": 0.9057488441467285
        }
      },
      "world_space": {
        "head": {
          "x": 0.32210612297058105,
          "y": -0.2813926935195923,
          "z": 1.8277525901794434
        },
        "tail": {
          "x": 0.332507461309433,
          "y": -0.287955641746521,
          "z": 1.8556028604507446
        },
        "rotation_quaternion": {
          "w": 0.2527635991573334,
          "x": 0.045205190777778625,
          "y": -0.5729967951774597,
          "z": -0.7782941460609436
        },
        "matrix": [
          [
            -0.8681334853172302,
            0.34164440631866455,
            -0.3600328862667084,
            0.32210612297058105
          ],
          [
            -0.4452551305294037,
            -0.21556957066059113,
            0.8690671920776367,
            -0.2813926935195923
          ],
          [
            0.21930083632469177,
            0.9147785902023315,
            0.33926528692245483,
            1.8277525901794434
          ],
          [
            0.0,
            0.0,
            0.0,
            1.0
          ]
        ]
      },
      "bone_length_armature_space": 0.03044505550093214,
      "parent": "thumb_02_l",
      "has_children": false,
      "is_end_bone": true
    },
    "metacarpal_index_l": {
      "name": "metacarpal_index_l",
      "local": {
        "location": {
          "x": 0.0,
          "y": 0.0,
          "z": 0.0
        },
        "rotation_quaternion": {
          "w": 0.9998472929000854,
          "x": -0.002995078219100833,
          "y": -0.01666240207850933,
          "z": 0.004350700881332159
        },
        "scale": {
          "x": 1.0,
          "y": 1.0,
          "z": 1.0
        },
        "matrix_basis": [
          [
            0.9994068741798401,
            -0.008600262925028801,
            -0.033345777541399,
            0.0
          ],
          [
            0.008799883536994457,
            0.9999442100524902,
            0.005844255443662405,
            0.0
          ],
          [
            0.03329365327954292,
            -0.006134227849543095,
            0.9994267821311951,
            0.0
          ],
          [
            0.0,
            0.0,
            0.0,
            1.0
          ]
        ],
        "rotation_mode": "QUATERNION"
      },
      "armature_space": {
        "head": {
          "x": 0.3344156742095947,
          "y": -0.2487102895975113,
          "z": 0.84266197681427
        },
        "tail": {
          "x": 0.3061962127685547,
          "y": -0.3418782651424408,
          "z": 0.907874345779419
        }
      },
      "world_space": {
        "head": {
          "x": 0.3344156742095947,
          "y": -0.18546628952026367,
          "z": 1.7925159931182861
        },
        "tail": {
          "x": 0.3061962127685547,
          "y": -0.278634250164032,
          "z": 1.857728362083435
        },
        "rotation_quaternion": {
          "w": 0.28398117423057556,
          "x": 0.9450210332870483,
          "y": -0.14759546518325806,
          "z": -0.06712304055690765
        },
        "matrix": [
          [
            0.9474201202392578,
            -0.24083848297595978,
            -0.2106943577528,
            0.3344156742095947
          ],
          [
            -0.31708529591560364,
            -0.7951403856277466,
            -0.5169224739074707,
            -0.18546628952026367
          ],
          [
            -0.04303747043013573,
            0.5565539598464966,
            -0.8297043442726135,
            1.7925159931182861
          ],
          [
            0.0,
            0.0,
            0.0,
            1.0
          ]
        ]
      },
      "bone_length_armature_space": 0.11717193793242538,
      "parent": "lowerarm_l",
      "has_children": true,
      "is_end_bone": false
    },
    "index_01_l": {
      "name": "index_01_l",
      "local": {
        "location": {
          "x": 0.0,
          "y": 0.0,
          "z": 0.0
        },
        "rotation_quaternion": {
          "w": 0.9974240064620972,
          "x": -0.07029448449611664,
          "y": -0.0009920677402988076,
          "z": -0.014255490154027939
        },
        "scale": {
          "x": 1.0,
          "y": 1.0,
          "z": 1.0
        },
        "matrix_basis": [
          [
            0.999591588973999,
            0.028577009215950966,
            2.514030347811058e-05,
            0.0
          ],
          [
            -0.028298063203692436,
            0.9897109270095825,
            0.14025509357452393,
            0.0
          ],
          [
            0.003983188886195421,
            -0.14019852876663208,
            0.9901154041290283,
            0.0
          ],
          [
            0.0,
            0.0,
            0.0,
            1.0
          ]
        ],
        "rotation_mode": "QUATERNION"
      },
      "armature_space": {
        "head": {
          "x": 0.3061962127685547,
          "y": -0.3418782651424408,
          "z": 0.907874345779419
        },
        "tail": {
          "x": 0.31140056252479553,
          "y": -0.361379474401474,
          "z": 0.9280161261558533
        }
      },
      "world_space": {
        "head": {
          "x": 0.3061962127685547,
          "y": -0.278634250164032,
          "z": 1.857728362083435
        },
        "tail": {
          "x": 0.31140056252479553,
          "y": -0.2981354594230652,
          "z": 1.8778700828552246
        },
        "rotation_quaternion": {
          "w": 0.39420655369758606,
          "x": 0.9106398820877075,
          "y": 0.05145002156496048,
          "z": -0.11264586448669434
        },
        "matrix": [
          [
            0.9693277478218079,
            0.18251639604568481,
            -0.1645950973033905,
            0.3061962127685547
          ],
          [
            0.004893939010798931,
            -0.6839080452919006,
            -0.7295519113540649,
            -0.278634250164032
          ],
          [
            -0.2457248717546463,
            0.7063736319541931,
            -0.6638293862342834,
            1.857728362083435
          ],
          [
            0.0,
            0.0,
            0.0,
            1.0
          ]
        ]
      },
      "bone_length_armature_space": 0.02851444808633944,
      "parent": "metacarpal_index_l",
      "has_children": true,
      "is_end_bone": false
    },
    "index_02_l": {
      "name": "index_02_l",
      "local": {
        "location": {
          "x": 0.0,
          "y": 0.0,
          "z": 0.0
        },
        "rotation_quaternion": {
          "w": 0.9781651496887207,
          "x": 0.20775607228279114,
          "y": -0.005464047193527222,
          "z": -0.0007231126073747873
        },
        "scale": {
          "x": 1.0,
          "y": 1.0,
          "z": 1.0
        },
        "matrix_basis": [
          [
            0.9999392628669739,
            -0.0008557308465242386,
            -0.010989943519234657,
            0.0
          ],
          [
            -0.003685025032609701,
            0.9136737585067749,
            -0.4064315855503082,
            0.0
          ],
          [
            0.010389018803834915,
            0.4064474105834961,
            0.9136151075363159,
            0.0
          ],
          [
            0.0,
            0.0,
            0.0,
            1.0
          ]
        ],
        "rotation_mode": "QUATERNION"
      },
      "armature_space": {
        "head": {
          "x": 0.31140032410621643,
          "y": -0.3613799810409546,
          "z": 0.9280162453651428
        },
        "tail": {
          "x": 0.3141951560974121,
          "y": -0.3846469521522522,
          "z": 0.9384530782699585
        }
      },
      "world_space": {
        "head": {
          "x": 0.31140032410621643,
          "y": -0.29813599586486816,
          "z": 1.8778703212738037
        },
        "tail": {
          "x": 0.3141951560974121,
          "y": -0.32140296697616577,
          "z": 1.8883070945739746
        },
        "rotation_quaternion": {
          "w": 0.21466028690338135,
          "x": 0.9631730914115906,
          "y": 0.02076672576367855,
          "z": -0.16058441996574402
        },
        "matrix": [
          [
            0.9475628733634949,
            0.10894608497619629,
            -0.30042538046836853,
            0.31140032410621643
          ],
          [
            -0.028938213363289833,
            -0.9069793820381165,
            -0.42017993330955505,
            -0.29813599586486816
          ],
          [
            -0.3182588815689087,
            0.4068426787853241,
            -0.8562734127044678,
            1.8778703212738037
          ],
          [
            0.0,
            0.0,
            0.0,
            1.0
          ]
        ]
      },
      "bone_length_armature_space": 0.025653275338256776,
      "parent": "index_01_l",
      "has_children": true,
      "is_end_bone": false
    },
    "index_03_l": {
      "name": "index_03_l",
      "local": {
        "location": {
          "x": 0.0,
          "y": 0.0,
          "z": 0.0
        },
        "rotation_quaternion": {
          "w": 0.9787737131118774,
          "x": 0.2047785520553589,
          "y": 0.000486302946228534,
          "z": 0.008228986524045467
        },
        "scale": {
          "x": 1.0,
          "y": 1.0,
          "z": 1.0
        },
        "matrix_basis": [
          [
            0.9998641014099121,
            -0.015909463167190552,
            0.0043222010135650635,
            0.0
          ],
          [
            0.016307801008224487,
            0.9159960746765137,
            -0.4008557200431824,
            0.0
          ],
          [
            0.002418278716504574,
            0.40087172389030457,
            0.9161310195922852,
            0.0
          ],
          [
            0.0,
            0.0,
            0.0,
            1.0
          ]
        ],
        "rotation_mode": "QUATERNION"
      },
      "armature_space": {
        "head": {
          "x": 0.3141951560974121,
          "y": -0.3846468925476074,
          "z": 0.938453197479248
        },
        "tail": {
          "x": 0.31536582112312317,
          "y": -0.4137333333492279,
          "z": 0.9359351992607117
        }
      },
      "world_space": {
        "head": {
          "x": 0.3141951560974121,
          "y": -0.321402907371521,
          "z": 1.8883072137832642
        },
        "tail": {
          "x": 0.31536582112312317,
          "y": -0.3504893183708191,
          "z": 1.885789155960083
        },
        "rotation_quaternion": {
          "w": 0.0397832952439785,
          "x": -0.9883682131767273,
          "y": -0.0260827224701643,
          "z": 0.1444481611251831
        },
        "matrix": [
          [
            0.9569088816642761,
            0.04006548225879669,
            -0.287611186504364,
            0.3141951560974121
          ],
          [
            0.06305189430713654,
            -0.995474100112915,
            0.07110542058944702,
            -0.321402907371521
          ],
          [
            -0.2834625840187073,
            -0.08617720007896423,
            -0.955110490322113,
            1.8883072137832642
          ],
          [
            0.0,
            0.0,
            0.0,
            1.0
          ]
        ]
      },
      "bone_length_armature_space": 0.029218689627599173,
      "parent": "index_02_l",
      "has_children": false,
      "is_end_bone": true
    },
    "metacarpal_pinky_l": {
      "name": "metacarpal_pinky_l",
      "local": {
        "location": {
          "x": 0.0,
          "y": 0.0,
          "z": 0.0
        },
        "rotation_quaternion": {
          "w": 0.9996868968009949,
          "x": -0.02077895775437355,
          "y": -0.0037393614184111357,
          "z": -0.013435273431241512
        },
        "scale": {
          "x": 1.0,
          "y": 1.0,
          "z": 1.0
        },
        "matrix_basis": [
          [
            0.9996110200881958,
            0.027017533779144287,
            -0.006918039172887802,
            0.0
          ],
          [
            -0.02670673280954361,
            0.9987754821777344,
            0.04164538159966469,
            0.0
          ],
          [
            0.008034722879529,
            -0.04144442453980446,
            0.9991084933280945,
            0.0
          ],
          [
            0.0,
            0.0,
            0.0,
            1.0
          ]
        ],
        "rotation_mode": "QUATERNION"
      },
      "armature_space": {
        "head": {
          "x": 0.3344156742095947,
          "y": -0.2487102895975113,
          "z": 0.84266197681427
        },
        "tail": {
          "x": 0.36678972840309143,
          "y": -0.3140558898448944,
          "z": 0.9169933795928955
        }
      },
      "world_space": {
        "head": {
          "x": 0.3344156742095947,
          "y": -0.18546628952026367,
          "z": 1.7925159931182861
        },
        "tail": {
          "x": 0.36678972840309143,
          "y": -0.2508118748664856,
          "z": 1.8668473958969116
        },
        "rotation_quaternion": {
          "w": 0.2714384198188782,
          "x": 0.24017205834388733,
          "y": -0.33549070358276367,
          "z": -0.8695312142372131
        },
        "matrix": [
          [
            -0.7372767329216003,
            0.310898095369339,
            -0.5998046398162842,
            0.3344156742095947
          ],
          [
            -0.63319993019104,
            -0.6275341510772705,
            0.45305490493774414,
            -0.18546628952026367
          ],
          [
            -0.23554593324661255,
            0.7138274312019348,
            0.6595318913459778,
            1.7925159931182861
          ],
          [
            0.0,
            0.0,
            0.0,
            1.0
          ]
        ]
      },
      "bone_length_armature_space": 0.10413109083685666,
      "parent": "lowerarm_l",
      "has_children": true,
      "is_end_bone": false
    },
    "pinky_01_l": {
      "name": "pinky_01_l",
      "local": {
        "location": {
          "x": 0.0,
          "y": 0.0,
          "z": 0.0
        },
        "rotation_quaternion": {
          "w": 0.998507022857666,
          "x": 0.053265973925590515,
          "y": -0.007820727303624153,
          "z": 0.009239355102181435
        },
        "scale": {
          "x": 1.0,
          "y": 1.0,
          "z": 1.0
        },
        "matrix_basis": [
          [
            0.9997069239616394,
            -0.019284280017018318,
            -0.014633815735578537,
            0.0
          ],
          [
            0.0176179651170969,
            0.9941547513008118,
            -0.10651741176843643,
            0.0
          ],
          [
            0.01660238951444626,
            0.10622838139533997,
            0.9942031502723694,
            0.0
          ],
          [
            0.0,
            0.0,
            0.0,
            1.0
          ]
        ],
        "rotation_mode": "QUATERNION"
      },
      "armature_space": {
        "head": {
          "x": 0.36678972840309143,
          "y": -0.3140558898448944,
          "z": 0.9169933795928955
        },
        "tail": {
