{
  "metadata": {
    "armature_name": "KIM_caucasian_male",
    "export_time": "2026-01-13T21:16:22.206833",
    "blender_version": "4.4.1",
    "bone_count": 56,
    "end_bone_count": 13,
    "spaces_included": [
      "LOCAL_CHANNELS",
      "ARMATURE_SPACE",
      "WORLD_SPACE"
    ],
    "note": "LOCAL matches Transform panel; replay pose via local.matrix_basis for best fidelity."
  },
  "bones": {
    "Root": {
      "name": "Root",
      "local": {
        "location": {
          "x": 0.0,
          "y": 0.0,
          "z": 0.0
        },
        "rotation_quaternion": {
          "w": 0.9994945526123047,
          "x": 0.006830986589193344,
          "y": -0.009065179154276848,
          "z": -0.029698321595788002
        },
        "scale": {
          "x": 1.0,
          "y": 1.0,
          "z": 1.0
        },
        "matrix_basis": [
          [
            0.9980716705322266,
            0.05924277380108833,
            -0.01852693222463131,
            0.0
          ],
          [
            -0.059490468353033066,
            0.9981427192687988,
            -0.013116627000272274,
            0.0
          ],
          [
            0.01771545596420765,
            0.01419350877404213,
            0.999742329120636,
            0.0
          ],
          [
            0.0,
            0.0,
            0.0,
            1.0
          ]
        ],
        "rotation_mode": "QUATERNION"
      },
      "armature_space": {
        "head": {
          "x": 0.0,
          "y": 0.07072800397872925,
          "z": -0.009595036506652832
        },
        "tail": {
          "x": 0.004228504374623299,
          "y": -4.820525646209717e-06,
          "z": -0.001021706499159336
        }
      },
      "world_space": {
        "head": {
          "x": 0.0,
          "y": 0.13397200405597687,
          "z": 0.9402589797973633
        },
        "tail": {
          "x": 0.004228504374623299,
          "y": 0.06323917955160141,
          "z": 0.9488323330879211
        },
        "rotation_quaternion": {
          "w": 0.06051813066005707,
          "x": 0.9976840019226074,
          "y": 0.029020152986049652,
          "z": -0.011045297607779503
        },
        "matrix": [
          [
            0.9980716705322266,
            0.05924277380108833,
            -0.01852693222463131,
            0.0
          ],
          [
            0.05656899884343147,
            -0.9909907579421997,
            -0.1213974803686142,
            0.13397200405597687
          ],
          [
            -0.025552066043019295,
            0.1201152503490448,
            -0.9924381375312805,
            0.9402589797973633
          ],
          [
            0.0,
            0.0,
            0.0,
            1.0
          ]
        ]
      },
      "bone_length_armature_space": 0.07137586865854767,
      "parent": null,
      "has_children": true,
      "is_end_bone": false
    },
    "spine_01": {
      "name": "spine_01",
      "local": {
        "location": {
          "x": 0.0,
          "y": 0.0,
          "z": 0.0
        },
        "rotation_quaternion": {
          "w": 0.9970258474349976,
          "x": -0.05502858757972717,
          "y": -0.0009703063988126814,
          "z": -0.053949374705553055
        },
        "scale": {
          "x": 1.0,
          "y": 1.0,
          "z": 1.0
        },
        "matrix_basis": [
          [
            0.9941770434379578,
            0.10768463462591171,
            0.004002674482762814,
            0.0
          ],
          [
            -0.1074710562825203,
            0.9881226420402527,
            0.10983454436063766,
            0.0
          ],
          [
            0.007872357033193111,
            -0.10962515324354172,
            0.9939418435096741,
            0.0
          ],
          [
            0.0,
            0.0,
            0.0,
            1.0
          ]
        ],
        "rotation_mode": "QUATERNION"
      },
      "armature_space": {
        "head": {
          "x": 0.004228504374623299,
          "y": -4.820525646209717e-06,
          "z": -0.001021706499159336
        },
        "tail": {
          "x": 0.06501972675323486,
          "y": 0.07262355834245682,
          "z": 0.477703720331192
        }
      },
      "world_space": {
        "head": {
          "x": 0.004228504374623299,
          "y": 0.06323917955160141,
          "z": 0.9488323330879211
        },
        "tail": {
          "x": 0.06501972675323486,
          "y": 0.13586756587028503,
          "z": 1.4275577068328857
        },
        "rotation_quaternion": {
          "w": 0.755113422870636,
          "x": 0.65183424949646,
          "y": 0.0649435967206955,
          "z": -0.026424463838338852
        },
        "matrix": [
          [
            0.9901682138442993,
            0.12457186728715897,
            0.06363004446029663,
            0.004228504374623299
          ],
          [
            0.044757142663002014,
            0.14882826805114746,
            -0.987849771976471,
            0.06323917955160141
          ],
          [
            -0.1325291097164154,
            0.9809922575950623,
            0.14178965985774994,
            0.9488323330879211
          ],
          [
            0.0,
            0.0,
            0.0,
            1.0
          ]
        ]
      },
      "bone_length_armature_space": 0.4880046063181726,
      "parent": "Root",
      "has_children": true,
      "is_end_bone": false
    },
    "neck_01": {
      "name": "neck_01",
      "local": {
        "location": {
          "x": 0.0,
          "y": 0.0,
          "z": 0.0
        },
        "rotation_quaternion": {
          "w": 0.9887584447860718,
          "x": -0.09155035763978958,
          "y": -0.029151348397135735,
          "z": -0.11456640809774399
        },
        "scale": {
          "x": 1.0,
          "y": 1.0,
          "z": 1.0
        },
        "matrix_basis": [
          [
            0.9720494747161865,
            0.23189464211463928,
            -0.03667009249329567,
            0.0
          ],
          [
            -0.22121937572956085,
            0.956986129283905,
            0.18772190809249878,
            0.0
          ],
          [
            0.07862447202205658,
            -0.17436285316944122,
            0.9815374612808228,
            0.0
          ],
          [
            0.0,
            0.0,
            0.0,
            1.0
          ]
        ],
        "rotation_mode": "QUATERNION"
      },
      "armature_space": {
        "head": {
          "x": 0.07634741067886353,
          "y": 0.049261465668678284,
          "z": 0.5544478297233582
        },
        "tail": {
          "x": 0.11339020729064941,
          "y": 0.04431942105293274,
          "z": 0.6499159336090088
        }
      },
      "world_space": {
        "head": {
          "x": 0.07634741067886353,
          "y": 0.1125054657459259,
          "z": 1.5043017864227295
        },
        "tail": {
          "x": 0.11339020729064941,
          "y": 0.10756342113018036,
          "z": 1.599769949913025
        },
        "rotation_quaternion": {
          "w": 0.6768935918807983,
          "x": 0.7127668261528015,
          "y": 0.13308869302272797,
          "z": -0.1267521232366562
        },
        "matrix": [
          [
            0.9324426054954529,
            0.361317902803421,
            -0.0005135703831911087,
            0.07634741067886353
          ],
          [
            0.018129199743270874,
            -0.048205018043518066,
            -0.998673141002655,
            0.1125054657459259
          ],
          [
            -0.36086568236351013,
            0.9312022924423218,
            -0.05150005221366882,
            1.5043017864227295
          ],
          [
            0.0,
            0.0,
            0.0,
            1.0
          ]
        ]
      },
      "bone_length_armature_space": 0.10252195788422427,
      "parent": "spine_01",
      "has_children": true,
      "is_end_bone": false
    },
    "head": {
      "name": "head",
      "local": {
        "location": {
          "x": 0.0,
          "y": 0.0,
          "z": 0.0
        },
        "rotation_quaternion": {
          "w": 0.9951580762863159,
          "x": -0.05241544172167778,
          "y": -0.08138596266508102,
          "z": 0.017013590782880783
        },
        "scale": {
          "x": 1.0,
          "y": 1.0,
          "z": 1.0
        },
        "matrix_basis": [
          [
            0.9861737489700317,
            -0.025330662727355957,
            -0.16376735270023346,
            0.0
          ],
          [
            0.042394187301397324,
            0.9939263463020325,
            0.10155396908521652,
            0.0
          ],
          [
            0.16020025312900543,
            -0.10709263384342194,
            0.9812579154968262,
            0.0
          ],
          [
            0.0,
            0.0,
            0.0,
            1.0
          ]
        ],
        "rotation_mode": "QUATERNION"
      },
      "armature_space": {
        "head": {
          "x": 0.11339017748832703,
          "y": 0.0443192683160305,
          "z": 0.649915874004364
        },
        "tail": {
          "x": 0.1594778150320053,
          "y": 0.10873480141162872,
          "z": 0.7832568883895874
        }
      },
      "world_space": {
        "head": {
          "x": 0.11339017748832703,
          "y": 0.10756327211856842,
          "z": 1.5997698307037354
        },
        "tail": {
          "x": 0.1594778150320053,
          "y": 0.17197880148887634,
          "z": 1.7331109046936035
        },
        "rotation_quaternion": {
          "w": 0.8371620774269104,
          "x": 0.5258917808532715,
          "y": 0.08264784514904022,
          "z": -0.125566303730011
        },
        "matrix": [
          [
            0.9548049569129944,
            0.2971666157245636,
            0.0063093677163124084,
            0.11339017748832703
          ],
          [
            -0.1233125701546669,
            0.41534239053726196,
            -0.901268720626831,
            0.10756327211856842
          ],
          [
            -0.27044937014579773,
            0.8597639799118042,
            0.43321746587753296,
            1.5997698307037354
          ],
          [
            0.0,
            0.0,
            0.0,
            1.0
          ]
        ]
      },
      "bone_length_armature_space": 0.15509112244171533,
      "parent": "neck_01",
      "has_children": false,
      "is_end_bone": true
    },
    "upperarm_l": {
      "name": "upperarm_l",
      "local": {
        "location": {
          "x": 0.0,
          "y": 0.0,
          "z": 0.0
        },
        "rotation_quaternion": {
          "w": 0.9024721384048462,
          "x": 0.1904653161764145,
          "y": 0.28313979506492615,
          "z": 0.2628667950630188
        },
        "scale": {
          "x": 1.0,
          "y": 1.0,
          "z": 1.0
        },
        "matrix_basis": [
          [
            0.7014657855033875,
            -0.366603285074234,
            0.6111855506896973,
            0.0
          ],
          [
            0.582316517829895,
            0.7892480492591858,
            -0.19492317736148834,
            0.0
          ],
          [
            -0.4109175503253937,
            0.4926353693008423,
            0.7671096324920654,
            0.0
          ],
          [
            0.0,
            0.0,
            0.0,
            1.0
          ]
        ],
        "rotation_mode": "QUATERNION"
      },
      "armature_space": {
        "head": {
          "x": 0.2167033851146698,
          "y": 0.04282224550843239,
          "z": 0.4690903127193451
        },
        "tail": {
          "x": 0.45243769884109497,
          "y": -0.058369945734739304,
          "z": 0.546531617641449
        }
      },
      "world_space": {
        "head": {
          "x": 0.2167033851146698,
          "y": 0.10606624186038971,
          "z": 1.4189443588256836
        },
        "tail": {
          "x": 0.45243769884109497,
          "y": 0.004874054342508316,
          "z": 1.4963855743408203
        },
        "rotation_quaternion": {
          "w": 0.37689244747161865,
          "x": 0.7563157677650452,
          "y": 0.41126447916030884,
          "z": -0.3417602777481079
        },
        "matrix": [
          [
            0.4281221032142639,
            0.8797060251235962,
            -0.20695103704929352,
            0.2167033851146698
          ],
          [
            0.3644789457321167,
            -0.37762588262557983,
            -0.851207435131073,
            0.10606624186038971
          ],
          [
            -0.8269677758216858,
            0.28899309039115906,
            -0.48230838775634766,
            1.4189443588256836
          ],
          [
            0.0,
            0.0,
            0.0,
            1.0
          ]
        ]
      },
      "bone_length_armature_space": 0.26796955172471654,
      "parent": "spine_01",
      "has_children": true,
      "is_end_bone": false
    },
    "lowerarm_l": {
      "name": "lowerarm_l",
      "local": {
        "location": {
          "x": 0.0,
          "y": 0.0,
          "z": 0.0
        },
        "rotation_quaternion": {
          "w": 0.948562502861023,
          "x": 0.0827765166759491,
          "y": 0.03362095728516579,
          "z": -0.3037218451499939
        },
        "scale": {
          "x": 1.0,
          "y": 1.0,
          "z": 1.0
        },
        "matrix_basis": [
          [
            0.8132453560829163,
            0.5817643404006958,
            0.01350108627229929,
            0.0
          ],
          [
            -0.57063227891922,
            0.8018021583557129,
            -0.17746023833751678,
            0.0
          ],
          [
            -0.11406522989273071,
            0.13661456108093262,
            0.9840353727340698,
            0.0
          ],
          [
            0.0,
            0.0,
            0.0,
            1.0
          ]
        ],
        "rotation_mode": "QUATERNION"
      },
      "armature_space": {
        "head": {
          "x": 0.45243772864341736,
          "y": -0.05837007239460945,
          "z": 0.5465317368507385
        },
        "tail": {
          "x": 0.6827816367149353,
          "y": -0.16213586926460266,
          "z": 0.4585328698158264
        }
      },
      "world_space": {
        "head": {
          "x": 0.45243772864341736,
          "y": 0.004873927682638168,
          "z": 1.4963858127593994
        },
        "tail": {
          "x": 0.6827816367149353,
          "y": -0.09889186918735504,
          "z": 1.4083869457244873
        },
        "rotation_quaternion": {
          "w": 0.1521669179201126,
          "x": 0.6663920283317566,
          "y": 0.5318895578384399,
          "z": -0.4998604357242584
        },
        "matrix": [
          [
            -0.0655359998345375,
            0.8610199689865112,
            -0.5043306946754456,
            0.45243772864341736
          ],
          [
            0.5567685961723328,
            -0.387874037027359,
            -0.734549343585968,
            0.004873927682638168
          ],
          [
            -0.8280837535858154,
            -0.32893767952919006,
            -0.45397302508354187,
            1.4963858127593994
          ],
          [
            0.0,
            0.0,
            0.0,
            1.0
          ]
        ]
      },
      "bone_length_armature_space": 0.26752468518722405,
      "parent": "upperarm_l",
      "has_children": true,
      "is_end_bone": false
    },
    "metacarpal_thumb_l": {
      "name": "metacarpal_thumb_l",
      "local": {
        "location": {
          "x": 0.0,
          "y": 0.0,
          "z": 0.0
        },
        "rotation_quaternion": {
          "w": 0.9978850483894348,
          "x": -0.0631428137421608,
          "y": 0.009249977767467499,
          "z": -0.0123667623847723
        },
        "scale": {
          "x": 1.0,
          "y": 1.0,
          "z": 1.0
        },
        "matrix_basis": [
          [
            0.9995229840278625,
            0.023513074964284897,
            0.020022572949528694,
            0.0
          ],
          [
            -0.0258493535220623,
            0.9917200803756714,
            0.12578976154327393,
            0.0
          ],
          [
            -0.01689908467233181,
            -0.1262473165988922,
            0.9918548464775085,
            0.0
          ],
          [
            0.0,
            0.0,
            0.0,
            1.0
          ]
        ],
        "rotation_mode": "QUATERNION"
      },
      "armature_space": {
        "head": {
          "x": 0.6827816367149353,
          "y": -0.16213586926460266,
          "z": 0.4585328698158264
        },
        "tail": {
          "x": 0.7032649517059326,
          "y": -0.19701743125915527,
          "z": 0.4299442768096924
        }
      },
      "world_space": {
        "head": {
          "x": 0.6827816367149353,
          "y": -0.09889186918735504,
          "z": 1.4083869457244873
        },
        "tail": {
          "x": 0.7032649517059326,
          "y": -0.13377343118190765,
          "z": 1.3797982931137085
        },
        "rotation_quaternion": {
          "w": 0.31342366337776184,
          "x": -0.923086404800415,
          "y": -0.22285906970500946,
          "z": -0.0033297878690063953
        },
        "matrix": [
          [
            0.9006451368331909,
            0.4135236442089081,
            -0.13355223834514618,
            0.6827816367149353
          ],
          [
            0.40935003757476807,
            -0.704198956489563,
            0.5801177024841309,
            -0.09889186918735504
          ],
          [
            0.145846426486969,
            -0.5771544575691223,
            -0.8035145401954651,
            1.4083869457244873
          ],
          [
            0.0,
            0.0,
            0.0,
            1.0
          ]
        ]
      },
      "bone_length_armature_space": 0.04953379889931607,
      "parent": "lowerarm_l",
      "has_children": true,
      "is_end_bone": false
    },
    "thumb_01_l": {
      "name": "thumb_01_l",
      "local": {
        "location": {
          "x": 0.0,
          "y": 0.0,
          "z": 0.0
        },
        "rotation_quaternion": {
          "w": 0.9556175470352173,
          "x": 0.2938856780529022,
          "y": -0.016737191006541252,
          "z": -0.012089732103049755
        },
        "scale": {
          "x": 1.0,
          "y": 1.0,
          "z": 1.0
        },
        "matrix_basis": [
          [
            0.9991474151611328,
            0.013268678449094296,
            -0.0390947051346302,
            0.0
          ],
          [
            -0.0329439602792263,
            0.826970100402832,
            -0.5612799525260925,
            0.0
          ],
          [
            0.024882707744836807,
            0.5620893239974976,
            0.8267021775245667,
            0.0
          ],
          [
            0.0,
            0.0,
            0.0,
            1.0
          ]
        ],
        "rotation_mode": "QUATERNION"
      },
      "armature_space": {
        "head": {
          "x": 0.7032649517059326,
          "y": -0.19701743125915527,
          "z": 0.4299442768096924
        },
        "tail": {
          "x": 0.7228132486343384,
          "y": -0.19218356907367706,
          "z": 0.40250101685523987
        }
      },
      "world_space": {
        "head": {
          "x": 0.7032649517059326,
          "y": -0.13377343118190765,
          "z": 1.3797982931137085
        },
        "tail": {
          "x": 0.7228132486343384,
          "y": -0.12893956899642944,
          "z": 1.3523550033569336
        },
        "rotation_quaternion": {
          "w": 0.7300410866737366,
          "x": -0.4173021912574768,
          "y": 0.1950550526380539,
          "z": -0.5048293471336365
        },
        "matrix": [
          [
            0.41419920325279236,
            0.5742985010147095,
            0.70613032579422,
            0.7032649517059326
          ],
          [
            -0.8998870849609375,
            0.14201128482818604,
            0.41235435009002686,
            -0.13377343118190765
          ],
          [
            0.13653628528118134,
            -0.8062400221824646,
            0.5756292343139648,
            1.3797982931137085
          ],
          [
            0.0,
            0.0,
            0.0,
            1.0
          ]
        ]
      },
      "bone_length_armature_space": 0.034038722748431394,
      "parent": "metacarpal_thumb_l",
      "has_children": true,
      "is_end_bone": false
    },
    "thumb_02_l": {
      "name": "thumb_02_l",
      "local": {
        "location": {
          "x": 0.0,
          "y": 0.0,
          "z": 0.0
        },
        "rotation_quaternion": {
          "w": 0.8994008898735046,
          "x": 0.43706783652305603,
          "y": -0.00505386758595705,
          "z": -0.004921428859233856
        },
        "scale": {
          "x": 1.0,
          "y": 1.0,
          "z": 1.0
        },
        "matrix_basis": [
          [
            0.9999004602432251,
            0.004434909205883741,
            -0.013392902910709381,
            0.0
          ],
          [
            -0.013270440511405468,
            0.6178949475288391,
            -0.7861486673355103,
            0.0
          ],
          [
            0.004788909573107958,
            0.7862481474876404,
            0.617892324924469,
            0.0
          ],
          [
            0.0,
            0.0,
            0.0,
            1.0
          ]
        ],
        "rotation_mode": "QUATERNION"
      },
      "armature_space": {
        "head": {
          "x": 0.7228131890296936,
          "y": -0.19218355417251587,
          "z": 0.4025009870529175
        },
        "tail": {
          "x": 0.7439742088317871,
          "y": -0.20471706986427307,
          "z": 0.4342549443244934
        }
      },
      "world_space": {
        "head": {
          "x": 0.7228131890296936,
          "y": -0.12893955409526825,
          "z": 1.3523550033569336
        },
        "tail": {
          "x": 0.7439742088317871,
          "y": -0.14147306978702545,
          "z": 1.3841090202331543
        },
        "rotation_quaternion": {
          "w": 0.5036154389381409,
          "x": 0.34857073426246643,
          "y": -0.30057138204574585,
          "z": -0.7311133742332458
        },
        "matrix": [
          [
            -0.24973799288272858,
            0.5268604755401611,
            -0.8124337792396545,
            0.7228131890296936
          ],
          [
            -0.9459413886070251,
            -0.3120553493499756,
            0.08841044455766678,
            -0.12893955409526825
          ],
          [
            -0.20694664120674133,
            0.7905996441841125,
            0.5763154029846191,
            1.3523550033569336
          ],
          [
            0.0,
            0.0,
            0.0,
            1.0
          ]
        ]
      },
      "bone_length_armature_space": 0.04016455694431342,
      "parent": "thumb_01_l",
      "has_children": true,
      "is_end_bone": false
    },
    "thumb_03_l": {
      "name": "thumb_03_l",
      "local": {
        "location": {
          "x": 0.0,
          "y": 0.0,
          "z": 0.0
        },
        "rotation_quaternion": {
          "w": 0.9895978569984436,
          "x": 0.14380764961242676,
          "y": 0.0011326837120577693,
          "z": 0.0037834052927792072
        },
        "scale": {
          "x": 1.0,
          "y": 1.0,
          "z": 1.0
        },
        "matrix_basis": [
          [
            0.9999688267707825,
            -0.007162322290241718,
            0.0033299680799245834,
            0.0
          ],
          [
            0.007813876494765282,
            0.9586101174354553,
            -0.2846149206161499,
            0.0
          ],
          [
            -0.001153637538664043,
            0.2846320569515228,
            0.9586361646652222,
            0.0
          ],
          [
            0.0,
            0.0,
            0.0,
            1.0
          ]
        ],
        "rotation_mode": "QUATERNION"
      },
      "armature_space": {
        "head": {
          "x": 0.7439742684364319,
          "y": -0.20471711456775665,
          "z": 0.43425488471984863
        },
        "tail": {
          "x": 0.745221734046936,
          "y": -0.20995745062828064,
          "z": 0.4642196297645569
        }
      },
      "world_space": {
        "head": {
          "x": 0.7439742684364319,
          "y": -0.14147311449050903,
          "z": 1.3841089010238647
        },
        "tail": {
          "x": 0.745221734046936,
          "y": -0.14671345055103302,
          "z": 1.4140737056732178
        },
        "rotation_quaternion": {
          "w": 0.5042532682418823,
          "x": 0.5797059535980225,
          "y": -0.39958226680755615,
          "z": -0.5000037550926208
        },
        "matrix": [
          [
            0.18065866827964783,
            0.040975421667099,
            -0.9826918840408325,
            0.7439742684364319
          ],
          [
            -0.9675377607345581,
            -0.17212514579296112,
            -0.1850500851869583,
            -0.14147311449050903
          ],
          [
            -0.17673054337501526,
            0.9842293858528137,
            0.008549302816390991,
            1.3841089010238647
          ],
          [
            0.0,
            0.0,
            0.0,
            1.0
          ]
        ]
      },
      "bone_length_armature_space": 0.030445085516129556,
      "parent": "thumb_02_l",
      "has_children": false,
      "is_end_bone": true
    },
    "metacarpal_index_l": {
      "name": "metacarpal_index_l",
      "local": {
        "location": {
          "x": 0.0,
          "y": 0.0,
          "z": 0.0
        },
        "rotation_quaternion": {
          "w": 0.9995591044425964,
          "x": -0.017138859257102013,
          "y": -0.01972399465739727,
          "z": 0.01410639937967062
        },
        "scale": {
          "x": 1.0,
          "y": 1.0,
          "z": 1.0
        },
        "matrix_basis": [
          [
            0.9988239407539368,
            -0.02752426639199257,
            -0.03991413116455078,
            0.0
          ],
          [
            0.028876453638076782,
            0.9990145564079285,
            0.03370613604784012,
            0.0
          ],
          [
            0.03894706070423126,
            -0.03481907397508621,
            0.9986344575881958,
            0.0
          ],
          [
            0.0,
            0.0,
            0.0,
            1.0
          ]
        ],
        "rotation_mode": "QUATERNION"
      },
      "armature_space": {
        "head": {
          "x": 0.6827816367149353,
          "y": -0.16213586926460266,
          "z": 0.4585328698158264
        },
        "tail": {
          "x": 0.7605689764022827,
          "y": -0.23143774271011353,
          "z": 0.40490782260894775
        }
      },
      "world_space": {
        "head": {
          "x": 0.6827816367149353,
          "y": -0.09889186918735504,
          "z": 1.4083869457244873
        },
        "tail": {
          "x": 0.7605689764022827,
          "y": -0.1681937426328659,
          "z": 1.3547618389129639
        },
        "rotation_quaternion": {
          "w": 0.15667420625686646,
          "x": -0.8644012212753296,
          "y": -0.4239403307437897,
          "z": 0.22031429409980774
        },
        "matrix": [
          [
            0.5434713959693909,
            0.6638745665550232,
            -0.5137210488319397,
            0.6827816367149353
          ],
          [
            0.8019446730613708,
            -0.5914555191993713,
            0.0840565636754036,
            -0.09889186918735504
          ],
          [
            -0.24804118275642395,
            -0.45766201615333557,
            -0.8538356423377991,
            1.4083869457244873
          ],
          [
            0.0,
            0.0,
            0.0,
            1.0
          ]
        ]
      },
      "bone_length_armature_space": 0.11717194811623746,
      "parent": "lowerarm_l",
      "has_children": true,
      "is_end_bone": false
    },
    "index_01_l": {
      "name": "index_01_l",
      "local": {
        "location": {
          "x": 0.0,
          "y": 0.0,
          "z": 0.0
        },
        "rotation_quaternion": {
          "w": 0.9486720561981201,
          "x": 0.315495103597641,
          "y": -0.021402766928076744,
          "z": 0.005116166081279516
        },
        "scale": {
          "x": 1.0,
          "y": 1.0,
          "z": 1.0
        },
        "matrix_basis": [
          [
            0.9990314841270447,
            -0.023212064057588577,
            -0.0373801626265049,
            0.0
          ],
          [
            -0.003797808662056923,
            0.800873339176178,
            -0.598821759223938,
            0.0
          ],
          [
            0.04383666440844536,
            0.5983837842941284,
            0.800009548664093,
            0.0
          ],
          [
            0.0,
            0.0,
            0.0,
            1.0
          ]
        ],
        "rotation_mode": "QUATERNION"
      },
      "armature_space": {
        "head": {
          "x": 0.7605689764022827,
          "y": -0.23143774271011353,
          "z": 0.40490782260894775
        },
        "tail": {
          "x": 0.7735106945037842,
          "y": -0.23761208355426788,
          "z": 0.38026097416877747
        }
      },
      "world_space": {
        "head": {
          "x": 0.7605689764022827,
          "y": -0.1681937426328659,
          "z": 1.3547618389129639
        },
        "tail": {
          "x": 0.7735106945037842,
          "y": -0.17436808347702026,
          "z": 1.3301149606704712
        },
        "rotation_quaternion": {
          "w": 0.37203460931777954,
          "x": -0.7020201683044434,
          "y": -0.5033117532730103,
          "z": 0.3397577404975891
        },
        "matrix": [
          [
            0.262481689453125,
            0.4538672864437103,
            -0.8515326380729675,
            0.7605689764022827
          ],
          [
            0.9594740271568298,
            -0.2165343165397644,
            0.1803411990404129,
            -0.1681937426328659
          ],
          [
            -0.10253489762544632,
            -0.8643660545349121,
            -0.49231332540512085,
            1.3547618389129639
          ],
          [
            0.0,
            0.0,
            0.0,
            1.0
          ]
        ]
      },
      "bone_length_armature_space": 0.028514517140933768,
      "parent": "metacarpal_index_l",
      "has_children": true,
      "is_end_bone": false
    },
    "index_02_l": {
      "name": "index_02_l",
      "local": {
        "location": {
          "x": 0.0,
          "y": 0.0,
          "z": 0.0
        },
        "rotation_quaternion": {
          "w": 0.9027949571609497,
          "x": 0.43003392219543457,
          "y": -0.0025376782286912203,
          "z": -0.005082502495497465
        },
        "scale": {
          "x": 1.0,
          "y": 1.0,
          "z": 1.0
        },
        "matrix_basis": [
          [
            0.9999354481697083,
            0.006994339637458324,
            -0.008953303098678589,
            0.0
          ],
          [
            -0.01135949045419693,
            0.6300899982452393,
            -0.7764391303062439,
            0.0
          ],
          [
            0.00021070924412924796,
            0.7764906883239746,
            0.630128800868988,
            0.0
          ],
          [
            0.0,
            0.0,
            0.0,
            1.0
          ]
        ],
        "rotation_mode": "QUATERNION"
      },
      "armature_space": {
        "head": {
          "x": 0.7735105156898499,
          "y": -0.23761233687400818,
          "z": 0.38026052713394165
        },
        "tail": {
          "x": 0.7645570039749146,
          "y": -0.2383669763803482,
          "z": 0.3562321364879608
        }
      },
      "world_space": {
        "head": {
          "x": 0.7735105156898499,
          "y": -0.17436833679676056,
          "z": 1.3301146030426025
        },
        "tail": {
          "x": 0.7645570039749146,
          "y": -0.17512297630310059,
          "z": 1.3060861825942993
        },
        "rotation_quaternion": {
          "w": 0.6109433770179749,
          "x": -0.4692186117172241,
          "y": -0.3347248136997223,
          "z": 0.5427167415618896
        },
        "matrix": [
          [
            0.18683326244354248,
            -0.3490201234817505,
            -0.9183019399642944,
            0.7735105156898499
          ],
          [
            0.9772571325302124,
            -0.029416918754577637,
            0.210008442401886,
            -0.17436833679676056
          ],
          [
            -0.1003105640411377,
            -0.9366602897644043,
            0.3355890214443207,
            1.3301146030426025
          ],
          [
            0.0,
            0.0,
            0.0,
            1.0
          ]
        ]
      },
      "bone_length_armature_space": 0.025653428403232766,
      "parent": "index_01_l",
      "has_children": true,
      "is_end_bone": false
    },
    "index_03_l": {
      "name": "index_03_l",
      "local": {
        "location": {
          "x": 0.0,
          "y": 0.0,
          "z": 0.0
        },
        "rotation_quaternion": {
          "w": 0.9389517307281494,
          "x": 0.34402650594711304,
          "y": -0.003780449042096734,
          "z": 0.0010663713328540325
        },
        "scale": {
          "x": 1.0,
          "y": 1.0,
          "z": 1.0
        },
        "matrix_basis": [
          [
            0.9999691247940063,
            -0.00460369186475873,
            -0.006365598179399967,
            0.0
          ],
          [
            -0.0005986069445498288,
            0.7632892727851868,
            -0.6460566520690918,
            0.0
          ],
          [
            0.007833038456737995,
            0.6460404992103577,
            0.763262927532196,
            0.0
          ],
          [
            0.0,
            0.0,
            0.0,
            1.0
          ]
        ],
        "rotation_mode": "QUATERNION"
      },
      "armature_space": {
        "head": {
          "x": 0.7645571231842041,
          "y": -0.23836703598499298,
          "z": 0.35623207688331604
        },
        "tail": {
          "x": 0.7390122413635254,
          "y": -0.23152919113636017,
          "z": 0.34380483627319336
        }
      },
      "world_space": {
        "head": {
          "x": 0.7645571231842041,
          "y": -0.17512303590774536,
          "z": 1.3060860633850098
        },
        "tail": {
          "x": 0.7390122413635254,
          "y": -0.16828519105911255,
          "z": 1.2936588525772095
        },
        "rotation_quaternion": {
          "w": 0.7770996689796448,
          "x": -0.18665850162506104,
          "y": -0.11457755416631699,
          "z": 0.5900396704673767
        },
        "matrix": [
          [
            0.27744928002357483,
            -0.8742655515670776,
            -0.3983486294746399,
            0.7645571231842041
          ],
          [
            0.9598134756088257,
            0.2340230494737625,
            0.15489226579666138,
            -0.17512303590774536
          ],
          [
            -0.04219362884759903,
            -0.4253179728984833,
            0.904068112373352,
            1.3060860633850098
          ],
          [
            0.0,
            0.0,
            0.0,
            1.0
          ]
        ]
      },
      "bone_length_armature_space": 0.029218717035046925,
      "parent": "index_02_l",
      "has_children": false,
      "is_end_bone": true
    },
    "metacarpal_pinky_l": {
      "name": "metacarpal_pinky_l",
      "local": {
        "location": {
          "x": 0.0,
          "y": 0.0,
          "z": 0.0
        },
        "rotation_quaternion": {
          "w": 0.9996076822280884,
          "x": -0.022926216945052147,
          "y": -0.0032459553331136703,
          "z": -0.0157600250095129
        },
        "scale": {
          "x": 1.0,
          "y": 1.0,
          "z": 1.0
        },
        "matrix_basis": [
          [
            0.9994821548461914,
            0.03165651857852936,
            -0.005766728427261114,
            0.0
          ],
          [
            -0.03135884925723076,
            0.9984520077705383,
            0.04593675956130028,
            0.0
          ],
          [
            0.007211999502032995,
            -0.04573213309049606,
            0.9989277124404907,
            0.0
          ],
          [
            0.0,
            0.0,
            0.0,
            1.0
          ]
        ],
        "rotation_mode": "QUATERNION"
      },
      "armature_space": {
        "head": {
          "x": 0.6827816367149353,
          "y": -0.16213586926460266,
          "z": 0.4585328698158264
        },
        "tail": {
          "x": 0.783157229423523,
          "y": -0.1755567342042923,
          "z": 0.43428748846054077
        }
      },
      "world_space": {
        "head": {
          "x": 0.6827816367149353,
          "y": -0.09889186918735504,
          "z": 1.4083869457244873
        },
        "tail": {
          "x": 0.783157229423523,
          "y": -0.11231273412704468,
          "z": 1.384141445159912
        },
        "rotation_quaternion": {
          "w": 0.5612367987632751,
          "x": 0.23422305285930634,
          "y": 0.3472314178943634,
          "z": -0.7138509154319763
        },
        "matrix": [
          [
            -0.2603042721748352,
            0.9639381766319275,
            0.05535976588726044,
            0.6827816367149353
          ],
          [
            -0.6386213302612305,
            -0.12888477742671967,
            -0.7586513161659241,
            -0.09889186918735504
          ],
          [
            -0.7241635322570801,
            -0.23283588886260986,
            0.6491445899009705,
            1.4083869457244873
          ],
          [
            0.0,
            0.0,
            0.0,
            1.0
          ]
        ]
      },
      "bone_length_armature_space": 0.10413077403193567,
      "parent": "lowerarm_l",
      "has_children": true,
      "is_end_bone": false
    },
    "pinky_01_l": {
      "name": "pinky_01_l",
      "local": {
        "location": {
          "x": 0.0,
          "y": 0.0,
          "z": 0.0
        },
        "rotation_quaternion": {
          "w": 0.9540716409683228,
          "x": 0.2988060712814331,
          "y": 0.0019140052609145641,
          "z": 0.021419165655970573
        },
        "scale": {
          "x": 1.0,
          "y": 1.0,
          "z": 1.0
        },
        "matrix_basis": [
          [
            0.9990751147270203,
            -0.03972700610756874,
            0.016452549025416374,
            0.0
          ],
          [
            0.04201466962695122,
            0.8205122947692871,
            -0.5700827836990356,
            0.0
          ],
          [
            0.009148157201707363,
            0.5702468156814575,
            0.8214225172996521,
            0.0
          ],
          [
            0.0,
            0.0,
            0.0,
            1.0
          ]
        ],
        "rotation_mode": "QUATERNION"
      },
      "armature_space": {
        "head": {
          "x": 0.783157229423523,
          "y": -0.1755567342042923,
          "z": 0.43428748846054077
        },
        "tail": {
          "x": 0.7960004806518555,
