{
  "metadata": {
    "armature_name": "KIM_caucasian_male",
    "export_time": "2026-01-13T21:16:20.444831",
    "blender_version": "4.4.1",
    "bone_count": 56,
    "end_bone_count": 13,
    "spaces_included": [
      "LOCAL_CHANNELS",
      "ARMATURE_SPACE",
      "WORLD_SPACE"
    ],
    "note": "LOCAL matches Transform panel; replay pose via local.matrix_basis for best fidelity."
  },
  "bones": {
    "Root": {
      "name": "Root",
      "local": {
        "location": {
          "x": 0.0,
          "y": 0.0,
          "z": 0.0
        },
        "rotation_quaternion": {
          "w": 0.9994654655456543,
          "x": 0.011690284125506878,
          "y": 0.00986888911575079,
          "z": -0.028893960639834404
        },
        "scale": {
          "x": 1.0,
          "y": 1.0,
          "z": 1.0
        },
        "matrix_basis": [
          [
            0.998135507106781,
            0.057987771928310394,
            0.019051671028137207,
            0.0
          ],
          [
            -0.05752629041671753,
            0.998056948184967,
            -0.0239383727312088,
            0.0
          ],
          [
            -0.020402785390615463,
            0.02279776707291603,
            0.9995318651199341,
            0.0
          ],
          [
            0.0,
            0.0,
            0.0,
            1.0
          ]
        ],
        "rotation_mode": "QUATERNION"
      },
      "armature_space": {
        "head": {
          "x": 0.0,
          "y": 0.07072800397872925,
          "z": -0.009595036506652832
        },
        "tail": {
          "x": 0.004138927441090345,
          "y": -8.131563663482666e-05,
          "z": -0.0016310960054397583
        }
      },
      "world_space": {
        "head": {
          "x": 0.0,
          "y": 0.13397200405597687,
          "z": 0.9402589797973633
        },
        "tail": {
          "x": 0.004138927441090345,
          "y": 0.06316268444061279,
          "z": 0.9482229351997375
        },
        "rotation_quaternion": {
          "w": 0.05566791445016861,
          "x": 0.997982382774353,
          "y": 0.029493167996406555,
          "z": 0.00789994653314352
        },
        "matrix": [
          [
            0.998135507106781,
            0.057987771928310394,
            0.019051671028137207,
            0.0
          ],
          [
            0.0597468763589859,
            -0.9920624494552612,
            -0.11064568161964417,
            0.13397200405597687
          ],
          [
            0.012484493665397167,
            0.11157749593257904,
            -0.9936843514442444,
            0.9402589797973633
          ],
          [
            0.0,
            0.0,
            0.0,
            1.0
          ]
        ]
      },
      "bone_length_armature_space": 0.07137587138540573,
      "parent": null,
      "has_children": true,
      "is_end_bone": false
    },
    "spine_01": {
      "name": "spine_01",
      "local": {
        "location": {
          "x": 0.0,
          "y": 0.0,
          "z": 0.0
        },
        "rotation_quaternion": {
          "w": 0.9989161491394043,
          "x": -0.04056669399142265,
          "y": 0.014623577706515789,
          "z": 0.017522959038615227
        },
        "scale": {
          "x": 1.0,
          "y": 1.0,
          "z": 1.0
        },
        "matrix_basis": [
          [
            0.998958170413971,
            -0.036194395273923874,
            0.02779375948011875,
            0.0
          ],
          [
            0.0338214747607708,
            0.9960945844650269,
            0.08155795186758041,
            0.0
          ],
          [
            -0.03063715249300003,
            -0.08053295314311981,
            0.9962809681892395,
            0.0
          ],
          [
            0.0,
            0.0,
            0.0,
            1.0
          ]
        ],
        "rotation_mode": "QUATERNION"
      },
      "armature_space": {
        "head": {
          "x": 0.004138927441090345,
          "y": -8.131563663482666e-05,
          "z": -0.0016310960054397583
        },
        "tail": {
          "x": -0.022572405636310577,
          "y": 0.0492369718849659,
          "z": 0.4831397533416748
        }
      },
      "world_space": {
        "head": {
          "x": 0.004138927441090345,
          "y": 0.06316268444061279,
          "z": 0.9482229351997375
        },
        "tail": {
          "x": -0.022572405636310577,
          "y": 0.11248096823692322,
          "z": 1.432993769645691
        },
        "rotation_quaternion": {
          "w": 0.7418534755706787,
          "x": 0.668622612953186,
          "y": 0.013572117313742638,
          "z": 0.04912388324737549
        },
        "matrix": [
          [
            0.9948052763938904,
            -0.05473620072007179,
            0.08582805097103119,
            0.004138927441090345
          ],
          [
            0.09103504568338394,
            0.10106181353330612,
            -0.9907063841819763,
            0.06316268444061279
          ],
          [
            0.045553967356681824,
            0.9933803677558899,
            0.10551956295967102,
            0.9482229351997375
          ],
          [
            0.0,
            0.0,
            0.0,
            1.0
          ]
        ]
      },
      "bone_length_armature_space": 0.4880046567126467,
      "parent": "Root",
      "has_children": true,
      "is_end_bone": false
    },
    "neck_01": {
      "name": "neck_01",
      "local": {
        "location": {
          "x": 0.0,
          "y": 0.0,
          "z": 0.0
        },
        "rotation_quaternion": {
          "w": 0.9924439191818237,
          "x": -0.044491834938526154,
          "y": 0.11416403204202652,
          "z": 0.006496707443147898
        },
        "scale": {
          "x": 1.0,
          "y": 1.0,
          "z": 1.0
        },
        "matrix_basis": [
          [
            0.9738487601280212,
            -0.02305397018790245,
            0.22602470219135284,
            0.0
          ],
          [
            0.0027365011628717184,
            0.995956540107727,
            0.08979468047618866,
            0.0
          ],
          [
            -0.22718089818954468,
            -0.08682791888713837,
            0.9699741005897522,
            0.0
          ],
          [
            0.0,
            0.0,
            0.0,
            1.0
          ]
        ],
        "rotation_mode": "QUATERNION"
      },
      "armature_space": {
        "head": {
          "x": -0.02360355108976364,
          "y": 0.022278431802988052,
          "z": 0.5595329999923706
        },
        "tail": {
          "x": -0.028672216460108757,
          "y": 0.001683652400970459,
          "z": 0.6598371863365173
        }
      },
      "world_space": {
        "head": {
          "x": -0.02360355108976364,
          "y": 0.08552242815494537,
          "z": 1.5093870162963867
        },
        "tail": {
          "x": -0.028672216460108757,
          "y": 0.06492765247821808,
          "z": 1.6096911430358887
        },
        "rotation_quaternion": {
          "w": 0.626599133014679,
          "x": 0.7620003819465637,
          "y": 0.08325869590044022,
          "z": 0.1407012939453125
        },
        "matrix": [
          [
            0.9465424418449402,
            -0.049440108239650726,
            0.3187680244445801,
            -0.02360355108976364
          ],
          [
            0.3032124936580658,
            -0.20088285207748413,
            -0.9315086603164673,
            0.08552242815494537
          ],
          [
            0.110089972615242,
            0.9783735275268555,
            -0.1751554012298584,
            1.5093870162963867
          ],
          [
            0.0,
            0.0,
            0.0,
            1.0
          ]
        ]
      },
      "bone_length_armature_space": 0.10252202688453949,
      "parent": "spine_01",
      "has_children": true,
      "is_end_bone": false
    },
    "head": {
      "name": "head",
      "local": {
        "location": {
          "x": 0.0,
          "y": 0.0,
          "z": 0.0
        },
        "rotation_quaternion": {
          "w": 0.9707162380218506,
          "x": -0.023602383211255074,
          "y": 0.12460070103406906,
          "z": -0.20402872562408447
        },
        "scale": {
          "x": 1.0,
          "y": 1.0,
          "z": 1.0
        },
        "matrix_basis": [
          [
            0.8856939077377319,
            0.39022624492645264,
            0.25153496861457825,
            0.0
          ],
          [
            -0.40198972821235657,
            0.9156304001808167,
            -0.005021810997277498,
            0.0
          ],
          [
            -0.23227271437644958,
            -0.09666667878627777,
            0.9678351879119873,
            0.0
          ],
          [
            0.0,
            0.0,
            0.0,
            1.0
          ]
        ],
        "rotation_mode": "QUATERNION"
      },
      "armature_space": {
        "head": {
          "x": -0.02867216244339943,
          "y": 0.0016835220158100128,
          "z": 0.6598370671272278
        },
        "tail": {
          "x": 0.0015176646411418915,
          "y": 0.05518577620387077,
          "z": 0.8022426962852478
        }
      },
      "world_space": {
        "head": {
          "x": -0.02867216244339943,
          "y": 0.06492751836776733,
          "z": 1.6096911430358887
        },
        "tail": {
          "x": 0.0015176646411418915,
          "y": 0.11842978000640869,
          "z": 1.7520966529846191
        },
        "rotation_quaternion": {
          "w": 0.7732820510864258,
          "x": 0.567424476146698,
          "y": 0.2729869484901428,
          "z": 0.07444805651903152
        },
        "matrix": [
          [
            0.8398720622062683,
            0.1946597844362259,
            0.50667804479599,
            -0.02867216244339943
          ],
          [
            0.42493632435798645,
            0.3449750542640686,
            -0.8369119167327881,
            0.06492751836776733
          ],
          [
            -0.3377063274383545,
            0.9182115197181702,
            0.20701751112937927,
            1.6096911430358887
          ],
          [
            0.0,
            0.0,
            0.0,
            1.0
          ]
        ]
      },
      "bone_length_armature_space": 0.15509119787954062,
      "parent": "neck_01",
      "has_children": false,
      "is_end_bone": true
    },
    "upperarm_l": {
      "name": "upperarm_l",
      "local": {
        "location": {
          "x": 0.0,
          "y": 0.0,
          "z": 0.0
        },
        "rotation_quaternion": {
          "w": 0.9589996337890625,
          "x": 0.17225977778434753,
          "y": 0.0014652424724772573,
          "z": 0.2250429391860962
        },
        "scale": {
          "x": 1.0,
          "y": 1.0,
          "z": 1.0
        },
        "matrix_basis": [
          [
            0.8987070322036743,
            -0.4311273992061615,
            0.08034202456474304,
            0.0
          ],
          [
            0.43213698267936707,
            0.8393644690513611,
            -0.3297346532344818,
            0.0
          ],
          [
            0.07472135871648788,
            0.33105361461639404,
            0.9406488537788391,
            0.0
          ],
          [
            0.0,
            0.0,
            0.0,
            1.0
          ]
        ],
        "rotation_mode": "QUATERNION"
      },
      "armature_space": {
        "head": {
          "x": 0.1295696645975113,
          "y": 0.02598205953836441,
          "z": 0.4999397397041321
        },
        "tail": {
          "x": 0.3602932393550873,
          "y": -0.023871660232543945,
          "z": 0.6267824769020081
        }
      },
      "world_space": {
        "head": {
          "x": 0.1295696645975113,
          "y": 0.08922605961561203,
          "z": 1.449793815612793
        },
        "tail": {
          "x": 0.3602932393550873,
          "y": 0.039372339844703674,
          "z": 1.576636552810669
        },
        "rotation_quaternion": {
          "w": 0.563439667224884,
          "x": 0.6441440582275391,
          "y": 0.2991909682750702,
          "z": -0.42201781272888184
        },
        "matrix": [
          [
            0.46477189660072327,
            0.8610070943832397,
            -0.2065286636352539,
            0.1295696645975113
          ],
          [
            -0.09011681377887726,
            -0.18604256212711334,
            -0.9784003496170044,
            0.08922605961561203
          ],
          [
            -0.880838930606842,
            0.4733477830886841,
            -0.008877038955688477,
            1.449793815612793
          ],
          [
            0.0,
            0.0,
            0.0,
            1.0
          ]
        ]
      },
      "bone_length_armature_space": 0.26796984844357985,
      "parent": "spine_01",
      "has_children": true,
      "is_end_bone": false
    },
    "lowerarm_l": {
      "name": "lowerarm_l",
      "local": {
        "location": {
          "x": 0.0,
          "y": 0.0,
          "z": 0.0
        },
        "rotation_quaternion": {
          "w": 0.986038327217102,
          "x": 0.03425172343850136,
          "y": 0.08042441308498383,
          "z": 0.14172933995723724
        },
        "scale": {
          "x": 1.0,
          "y": 1.0,
          "z": 1.0
        },
        "matrix_basis": [
          [
            0.9468894004821777,
            -0.27399176359176636,
            0.16831205785274506,
            0.0
          ],
          [
            0.2850104868412018,
            0.9574792385101318,
            -0.04475002735853195,
            0.0
          ],
          [
            -0.14889416098594666,
            0.09034401923418045,
            0.9847174882888794,
            0.0
          ],
          [
            0.0,
            0.0,
            0.0,
            1.0
          ]
        ],
        "rotation_mode": "QUATERNION"
      },
      "armature_space": {
        "head": {
          "x": 0.36029326915740967,
          "y": -0.023871714249253273,
          "z": 0.6267826557159424
        },
        "tail": {
          "x": 0.5203135013580322,
          "y": -0.10319549590349197,
          "z": 0.8259587287902832
        }
      },
      "world_space": {
        "head": {
          "x": 0.36029326915740967,
          "y": 0.039372287690639496,
          "z": 1.5766366720199585
        },
        "tail": {
          "x": 0.5203135013580322,
          "y": -0.039951495826244354,
          "z": 1.7758127450942993
        },
        "rotation_quaternion": {
          "w": 0.5749709010124207,
          "x": 0.7321621775627136,
          "y": 0.14544335007667542,
          "z": -0.33495259284973145
        },
        "matrix": [
          [
            0.7333067655563354,
            0.5981518626213074,
            -0.3232266306877136,
            0.36029326915740967
          ],
          [
            -0.17219731211662292,
            -0.29651036858558655,
            -0.9393773674964905,
            0.039372287690639496
          ],
          [
            -0.6577352285385132,
            0.7445152997970581,
            -0.11443451046943665,
            1.5766366720199585
          ],
          [
            0.0,
            0.0,
            0.0,
            1.0
          ]
        ]
      },
      "bone_length_armature_space": 0.2675254092880046,
      "parent": "upperarm_l",
      "has_children": true,
      "is_end_bone": false
    },
    "metacarpal_thumb_l": {
      "name": "metacarpal_thumb_l",
      "local": {
        "location": {
          "x": 0.0,
          "y": 0.0,
          "z": 0.0
        },
        "rotation_quaternion": {
          "w": 0.9985841512680054,
          "x": -0.049495503306388855,
          "y": 0.003958024550229311,
          "z": -0.019088082015514374
        },
        "scale": {
          "x": 1.0,
          "y": 1.0,
          "z": 1.0
        },
        "matrix_basis": [
          [
            0.999239981174469,
            0.03773030266165733,
            0.009794389829039574,
            0.0
          ],
          [
            -0.038513921201229095,
            0.9943716526031494,
            0.09869974851608276,
            0.0
          ],
          [
            -0.006015292834490538,
            -0.09900195151567459,
            0.9950690865516663,
            0.0
          ],
          [
            0.0,
            0.0,
            0.0,
            1.0
          ]
        ],
        "rotation_mode": "QUATERNION"
      },
      "armature_space": {
        "head": {
          "x": 0.5203135013580322,
          "y": -0.10319549590349197,
          "z": 0.8259587287902832
        },
        "tail": {
          "x": 0.538939356803894,
          "y": -0.1420729011297226,
          "z": 0.8503557443618774
        }
      },
      "world_space": {
        "head": {
          "x": 0.5203135013580322,
          "y": -0.039951495826244354,
          "z": 1.7758127450942993
        },
        "tail": {
          "x": 0.538939356803894,
          "y": -0.07882890105247498,
          "z": 1.8002097606658936
        },
        "rotation_quaternion": {
          "w": 0.17762762308120728,
          "x": 0.8885706067085266,
          "y": 0.2757066786289215,
          "z": 0.3207437992095947
        },
        "matrix": [
          [
            0.6422179937362671,
            0.37602466344833374,
            0.6679530143737793,
            0.5203135013580322
          ],
          [
            0.6039162278175354,
            -0.7848681807518005,
            -0.13880595564842224,
            -0.039951495826244354
          ],
          [
            0.47206446528434753,
            0.4925338923931122,
            -0.7311493754386902,
            1.7758127450942993
          ],
          [
            0.0,
            0.0,
            0.0,
            1.0
          ]
        ]
      },
      "bone_length_armature_space": 0.049533720460663504,
      "parent": "lowerarm_l",
      "has_children": true,
      "is_end_bone": false
    },
    "thumb_01_l": {
      "name": "thumb_01_l",
      "local": {
        "location": {
          "x": 0.0,
          "y": 0.0,
          "z": 0.0
        },
        "rotation_quaternion": {
          "w": 0.9998624324798584,
          "x": 0.012820800766348839,
          "y": -0.010234291665256023,
          "z": -0.0024909244384616613
        },
        "scale": {
          "x": 1.0,
          "y": 1.0,
          "z": 1.0
        },
        "matrix_basis": [
          [
            0.9997780919075012,
            0.004718740005046129,
            -0.02052963897585869,
            0.0
          ],
          [
            -0.0052435873076319695,
            0.9996588230133057,
            -0.025587087497115135,
            0.0
          ],
          [
            0.02040189690887928,
            0.025689059868454933,
            0.9994617700576782,
            0.0
          ],
          [
            0.0,
            0.0,
            0.0,
            1.0
          ]
        ],
        "rotation_mode": "QUATERNION"
      },
      "armature_space": {
        "head": {
          "x": 0.538939356803894,
          "y": -0.1420729011297226,
          "z": 0.8503557443618774
        },
        "tail": {
          "x": 0.5621989965438843,
          "y": -0.1653154045343399,
          "z": 0.8415578603744507
        }
      },
      "world_space": {
        "head": {
          "x": 0.538939356803894,
          "y": -0.07882890105247498,
          "z": 1.8002097606658936
        },
        "tail": {
          "x": 0.5621989965438843,
          "y": -0.10207140445709229,
          "z": 1.7914118766784668
        },
        "rotation_quaternion": {
          "w": 0.38636401295661926,
          "x": -0.5227071642875671,
          "y": -0.09647645056247711,
          "z": -0.7537854909896851
        },
        "matrix": [
          [
            -0.15499916672706604,
            0.6833309531211853,
            0.713466227054596,
            0.538939356803894
          ],
          [
            -0.48161303997039795,
            -0.6828283667564392,
            0.5493579506874084,
            -0.07882890105247498
          ],
          [
            0.8625737428665161,
            -0.25846734642982483,
            0.4349425137042999,
            1.8002097606658936
          ],
          [
            0.0,
            0.0,
            0.0,
            1.0
          ]
        ]
      },
      "bone_length_armature_space": 0.034038618195206524,
      "parent": "metacarpal_thumb_l",
      "has_children": true,
      "is_end_bone": false
    },
    "thumb_02_l": {
      "name": "thumb_02_l",
      "local": {
        "location": {
          "x": 0.0,
          "y": 0.0,
          "z": 0.0
        },
        "rotation_quaternion": {
          "w": 0.993762195110321,
          "x": 0.11134786903858185,
          "y": 0.0004168300947640091,
          "z": 0.006183993071317673
        },
        "scale": {
          "x": 1.0,
          "y": 1.0,
          "z": 1.0
        },
        "matrix_basis": [
          [
            0.9999231696128845,
            -0.012198010459542274,
            0.0022056088782846928,
            0.0
          ],
          [
            0.012383663095533848,
            0.9751268029212952,
            -0.22130145132541656,
            0.0
          ],
          [
            0.0005486889276653528,
            0.2213117629289627,
            0.9752029776573181,
            0.0
          ],
          [
            0.0,
            0.0,
            0.0,
            1.0
          ]
        ],
        "rotation_mode": "QUATERNION"
      },
      "armature_space": {
        "head": {
          "x": 0.5621988773345947,
          "y": -0.1653154045343399,
          "z": 0.8415578603744507
        },
        "tail": {
          "x": 0.5856415629386902,
          "y": -0.17088527977466583,
          "z": 0.8736920952796936
        }
      },
      "world_space": {
        "head": {
          "x": 0.5621988773345947,
          "y": -0.10207140445709229,
          "z": 1.7914118766784668
        },
        "tail": {
          "x": 0.5856415629386902,
          "y": -0.10764127969741821,
          "z": 1.8235461711883545
        },
        "rotation_quaternion": {
          "w": 0.41195398569107056,
          "x": 0.036490298807621,
          "y": -0.5108370780944824,
          "z": -0.7536630630493164
        },
        "matrix": [
          [
            -0.6579229235649109,
            0.5836679339408875,
            -0.4758876860141754,
            0.5621988773345947
          ],
          [
            -0.6582321524620056,
            -0.13867706060409546,
            0.7399318218231201,
            -0.10207140445709229
          ],
          [
            0.3658815920352936,
            0.8000679612159729,
            0.47543203830718994,
            1.7914118766784668
          ],
          [
            0.0,
            0.0,
            0.0,
            1.0
          ]
        ]
      },
      "bone_length_armature_space": 0.04016456174488586,
      "parent": "thumb_01_l",
      "has_children": true,
      "is_end_bone": false
    },
    "thumb_03_l": {
      "name": "thumb_03_l",
      "local": {
        "location": {
          "x": 0.0,
          "y": 0.0,
          "z": 0.0
        },
        "rotation_quaternion": {
          "w": 0.9960896968841553,
          "x": 0.08826620876789093,
          "y": 0.0019791051745414734,
          "z": -0.0032549488823860884
        },
        "scale": {
          "x": 1.0,
          "y": 1.0,
          "z": 1.0
        },
        "matrix_basis": [
          [
            0.9999709725379944,
            0.0068338182754814625,
            0.0033681285567581654,
            0.0
          ],
          [
            -0.0061350660398602486,
            0.9843969345092773,
            -0.17585501074790955,
            0.0
          ],
          [
            -0.004517336376011372,
            0.1758292317390442,
            0.9844103455543518,
            0.0
          ],
          [
            0.0,
            0.0,
            0.0,
            1.0
          ]
        ],
        "rotation_mode": "QUATERNION"
      },
      "armature_space": {
        "head": {
          "x": 0.5856415629386902,
          "y": -0.1708853542804718,
          "z": 0.8736920356750488
        },
        "tail": {
          "x": 0.5972414016723633,
          "y": -0.16347649693489075,
          "z": 0.9008481502532959
        }
      },
      "world_space": {
        "head": {
          "x": 0.5856415629386902,
          "y": -0.10764135420322418,
          "z": 1.823546051979065
        },
        "tail": {
          "x": 0.5972414016723633,
          "y": -0.10023249685764313,
          "z": 1.850702166557312
        },
        "rotation_quaternion": {
          "w": 0.5515809059143066,
          "x": 0.22304745018482208,
          "y": -0.563412606716156,
          "z": -0.5732142329216003
        },
        "matrix": [
          [
            -0.29201292991638184,
            0.3810117244720459,
            -0.8772448301315308,
            0.5856415629386902
          ],
          [
            -0.883684515953064,
            0.2433529794216156,
            0.39985135197639465,
            -0.10764135420322418
          ],
          [
            0.3658296763896942,
            0.8919757008552551,
            0.2656344175338745,
            1.823546051979065
          ],
          [
            0.0,
            0.0,
            0.0,
            1.0
          ]
        ]
      },
      "bone_length_armature_space": 0.030445065239630937,
      "parent": "thumb_02_l",
      "has_children": false,
      "is_end_bone": true
    },
    "metacarpal_index_l": {
      "name": "metacarpal_index_l",
      "local": {
        "location": {
          "x": 0.0,
          "y": 0.0,
          "z": 0.0
        },
        "rotation_quaternion": {
          "w": 0.9993383288383484,
          "x": -0.02802213840186596,
          "y": 0.02139374613761902,
          "z": -0.008942808024585247
        },
        "scale": {
          "x": 1.0,
          "y": 1.0,
          "z": 1.0
        },
        "matrix_basis": [
          [
            0.9989246726036072,
            0.016674784943461418,
            0.043260373175144196,
            0.0
          ],
          [
            -0.019072778522968292,
            0.9982695579528809,
            0.05562455207109451,
            0.0
          ],
          [
            -0.04225798696279526,
            -0.056389834731817245,
            0.9975141286849976,
            0.0
          ],
          [
            0.0,
            0.0,
            0.0,
            1.0
          ]
        ],
        "rotation_mode": "QUATERNION"
      },
      "armature_space": {
        "head": {
          "x": 0.5203135013580322,
          "y": -0.10319549590349197,
          "z": 0.8259587287902832
        },
        "tail": {
          "x": 0.5793266296386719,
          "y": -0.16573932766914368,
          "z": 0.9055514931678772
        }
      },
      "world_space": {
        "head": {
          "x": 0.5203135013580322,
          "y": -0.039951495826244354,
          "z": 1.7758127450942993
        },
        "tail": {
          "x": 0.5793266296386719,
          "y": -0.10249532759189606,
          "z": 1.855405569076538
        },
        "rotation_quaternion": {
          "w": 0.36412039399147034,
          "x": 0.8730314373970032,
          "y": 0.3170589506626129,
          "z": 0.06860129535198212
        },
        "matrix": [
          [
            0.7895342707633972,
            0.5036466121673584,
            0.3506786823272705,
            0.5203135013580322
          ],
          [
            0.6035641431808472,
            -0.5337792634963989,
            -0.5922753810882568,
            -0.039951495826244354
          ],
          [
            -0.11111295968294144,
            0.6792828440666199,
            -0.7254257798194885,
            1.7758127450942993
          ],
          [
            0.0,
            0.0,
            0.0,
            1.0
          ]
        ]
      },
      "bone_length_armature_space": 0.1171720444898299,
      "parent": "lowerarm_l",
      "has_children": true,
      "is_end_bone": false
    },
    "index_01_l": {
      "name": "index_01_l",
      "local": {
        "location": {
          "x": 0.0,
          "y": 0.0,
          "z": 0.0
        },
        "rotation_quaternion": {
          "w": 0.9928592443466187,
          "x": -0.11898250877857208,
          "y": 0.0060440003871917725,
          "z": 0.0060975076630711555
        },
        "scale": {
          "x": 1.0,
          "y": 1.0,
          "z": 1.0
        },
        "matrix_basis": [
          [
            0.9998525977134705,
            -0.013546193949878216,
            0.01055068988353014,
            0.0
          ],
          [
            0.01066967286169529,
            0.9716119766235352,
            0.2363394796848297,
            0.0
          ],
          [
            -0.013452677056193352,
            -0.23619206249713898,
            0.9716132879257202,
            0.0
          ],
          [
            0.0,
            0.0,
            0.0,
            1.0
          ]
        ],
        "rotation_mode": "QUATERNION"
      },
      "armature_space": {
        "head": {
          "x": 0.5793266296386719,
          "y": -0.16573932766914368,
          "z": 0.9055514931678772
        },
        "tail": {
          "x": 0.5952605605125427,
          "y": -0.1676805317401886,
          "z": 0.929118812084198
        }
      },
      "world_space": {
        "head": {
          "x": 0.5793266296386719,
          "y": -0.10249532759189606,
          "z": 1.855405569076538
        },
        "tail": {
          "x": 0.5952605605125427,
          "y": -0.10443653166294098,
          "z": 1.8789727687835693
        },
        "rotation_quaternion": {
          "w": 0.5071500539779663,
          "x": 0.7237510085105896,
          "y": 0.45690155029296875,
          "z": 0.10111589729785919
        },
        "matrix": [
          [
            0.5620309114456177,
            0.5588038563728333,
            0.609802782535553,
            0.5793266296386719
          ],
          [
            0.7639296650886536,
            -0.06807805597782135,
            -0.6416987180709839,
            -0.10249532759189606
          ],
          [
            -0.31707116961479187,
            0.8265062570571899,
            -0.4651528000831604,
            1.855405569076538
          ],
          [
            0.0,
            0.0,
            0.0,
            1.0
          ]
        ]
      },
      "bone_length_armature_space": 0.02851450451416218,
      "parent": "metacarpal_index_l",
      "has_children": true,
      "is_end_bone": false
    },
    "index_02_l": {
      "name": "index_02_l",
      "local": {
        "location": {
          "x": 0.0,
          "y": 0.0,
          "z": 0.0
        },
        "rotation_quaternion": {
          "w": 0.9963784217834473,
          "x": 0.08398289233446121,
          "y": 0.008127816952764988,
          "z": 0.010529850609600544
        },
        "scale": {
          "x": 1.0,
          "y": 1.0,
          "z": 1.0
        },
        "matrix_basis": [
          [
            0.9996461272239685,
            -0.019618237391114235,
            0.017965417355298996,
            0.0
          ],
          [
            0.02234862744808197,
            0.9856719970703125,
            -0.16718631982803345,
            0.0
          ],
          [
            -0.014428107999265194,
            0.1675286591053009,
            0.9857616424560547,
            0.0
          ],
          [
            0.0,
            0.0,
            0.0,
            1.0
          ]
        ],
        "rotation_mode": "QUATERNION"
      },
      "armature_space": {
        "head": {
          "x": 0.5952608585357666,
          "y": -0.16768094897270203,
          "z": 0.9291190505027771
        },
        "tail": {
          "x": 0.611534595489502,
          "y": -0.17157596349716187,
          "z": 0.9485635757446289
        }
      },
      "world_space": {
        "head": {
          "x": 0.5952608585357666,
          "y": -0.1044369488954544,
          "z": 1.8789730072021484
        },
        "tail": {
          "x": 0.611534595489502,
          "y": -0.10833196341991425,
          "z": 1.898417592048645
        },
        "rotation_quaternion": {
          "w": 0.4699900150299072,
          "x": 0.7571555972099304,
          "y": 0.45076844096183777,
          "z": 0.05131067708134651
        },
        "matrix": [
          [
            0.5883482098579407,
            0.6343725919723511,
            0.5014158487319946,
            0.5952608585357666
          ],
          [
            0.7308366894721985,
            -0.15183290839195251,
            -0.6654509902000427,
            -0.1044369488954544
          ],
          [
            -0.3460142910480499,
            0.7579746842384338,
            -0.5529578924179077,
            1.8789730072021484
          ],
          [
            0.0,
            0.0,
            0.0,
            1.0
          ]
        ]
      },
      "bone_length_armature_space": 0.025653366506399596,
      "parent": "index_01_l",
      "has_children": true,
      "is_end_bone": false
    },
    "index_03_l": {
      "name": "index_03_l",
      "local": {
        "location": {
          "x": 0.0,
          "y": 0.0,
          "z": 0.0
        },
        "rotation_quaternion": {
          "w": 0.9990108013153076,
          "x": 0.043818335980176926,
          "y": 0.004036972299218178,
          "z": 0.0064284708350896835
        },
        "scale": {
          "x": 1.0,
          "y": 1.0,
          "z": 1.0
        },
        "matrix_basis": [
          [
            0.9998847842216492,
            -0.012490436434745789,
            0.0086293276399374,
            0.0
          ],
          [
            0.013198010623455048,
            0.9960772395133972,
            -0.08749807626008987,
            0.0
          ],
          [
            -0.007502587977796793,
            0.08760188519954681,
            0.9961273074150085,
            0.0
          ],
          [
            0.0,
            0.0,
            0.0,
            1.0
          ]
        ],
        "rotation_mode": "QUATERNION"
      },
      "armature_space": {
        "head": {
          "x": 0.6115344762802124,
          "y": -0.1715758889913559,
          "z": 0.9485636353492737
        },
        "tail": {
          "x": 0.633730411529541,
          "y": -0.17755243182182312,
          "z": 0.9666012525558472
        }
      },
      "world_space": {
        "head": {
          "x": 0.6115344762802124,
          "y": -0.10833188891410828,
          "z": 1.8984177112579346
        },
        "tail": {
          "x": 0.633730411529541,
          "y": -0.1143084317445755,
          "z": 1.9164552688598633
        },
        "rotation_quaternion": {
          "w": 0.38455653190612793,
          "x": 0.7757875919342041,
          "y": 0.499843031167984,
          "z": 0.020666277036070824
        },
        "matrix": [
          [
            0.4994581937789917,
            0.7596490383148193,
            0.41650307178497314,
            0.6115344762802124
          ],
          [
            0.7914403676986694,
            -0.20454511046409607,
            -0.5760069489479065,
            -0.10833188891410828
          ],
          [
            -0.35237130522727966,
            0.617332398891449,
            -0.7033839225769043,
            1.8984177112579346
          ],
          [
            0.0,
            0.0,
            0.0,
            1.0
          ]
        ]
      },
      "bone_length_armature_space": 0.02921873029519981,
      "parent": "index_02_l",
      "has_children": false,
      "is_end_bone": true
    },
    "metacarpal_pinky_l": {
      "name": "metacarpal_pinky_l",
      "local": {
        "location": {
          "x": 0.0,
          "y": 0.0,
          "z": 0.0
        },
        "rotation_quaternion": {
          "w": 0.9996678829193115,
          "x": -0.019269440323114395,
          "y": 0.012212970294058323,
          "z": -0.011987624689936638
        },
        "scale": {
          "x": 1.0,
          "y": 1.0,
          "z": 1.0
        },
        "matrix_basis": [
          [
            0.9994142651557922,
            0.023496612906455994,
            0.02487981878221035,
            0.0
          ],
          [
            -0.024437960237264633,
            0.9989699721336365,
            0.03823327273130417,
            0.0
          ],
          [
            -0.02395583875477314,
            -0.03881889209151268,
            0.9989590644836426,
            0.0
          ],
          [
            0.0,
            0.0,
            0.0,
            1.0
          ]
        ],
        "rotation_mode": "QUATERNION"
      },
      "armature_space": {
        "head": {
          "x": 0.5203135013580322,
          "y": -0.10319549590349197,
          "z": 0.8259587287902832
        },
        "tail": {
          "x": 0.5933734774589539,
          "y": -0.10503906011581421,
          "z": 0.9001350402832031
        }
      },
      "world_space": {
        "head": {
          "x": 0.5203135013580322,
          "y": -0.039951495826244354,
          "z": 1.7758127450942993
        },
        "tail": {
          "x": 0.5933734774589539,
          "y": -0.04179506003856659,
          "z": 1.8499890565872192
        },
        "rotation_quaternion": {
          "w": 0.6619141101837158,
          "x": 0.3155369460582733,
          "y": -0.23025675117969513,
          "z": -0.6397562623023987
        },
        "matrix": [
          [
            0.07538395375013351,
            0.7016176581382751,
            -0.708554744720459,
            0.5203135013580322
          ],
          [
            -0.9922369122505188,
            -0.0177043154835701,
            -0.12309639155864716,
            -0.039951495826244354
          ],
          [
            -0.09891263395547867,
            0.7123384475708008,
            0.6948411464691162,
            1.7758127450942993
          ],
          [
            0.0,
            0.0,
            0.0,
            1.0
          ]
        ]
      },
      "bone_length_armature_space": 0.10413109187621837,
      "parent": "lowerarm_l",
      "has_children": true,
      "is_end_bone": false
    },
    "pinky_01_l": {
      "name": "pinky_01_l",
      "local": {
        "location": {
          "x": 0.0,
          "y": 0.0,
          "z": 0.0
        },
        "rotation_quaternion": {
          "w": 0.9563590288162231,
          "x": 0.29165583848953247,
          "y": -0.013447755016386509,
          "z": -0.011548559181392193
        },
        "scale": {
          "x": 1.0,
          "y": 1.0,
          "z": 1.0
        },
        "matrix_basis": [
          [
            0.9993715882301331,
            0.01424490474164486,
            -0.03245817497372627,
            0.0
          ],
          [
            -0.029933370649814606,
            0.8296070098876953,
            -0.5575447678565979,
            0.0
          ],
          [
            0.018985355272889137,
            0.558165967464447,
            0.8295120596885681,
            0.0
          ],
          [
            0.0,
            0.0,
            0.0,
            1.0
          ]
        ],
        "rotation_mode": "QUATERNION"
      },
      "armature_space": {
        "head": {
          "x": 0.5933734774589539,
          "y": -0.10503906011581421,
          "z": 0.9001350402832031
        },
        "tail": {
          "x": 0.6150949001312256,
