{
  "metadata": {
    "armature_name": "KIM_caucasian_male",
    "export_time": "2026-01-13T21:04:43.967124",
    "blender_version": "4.4.1",
    "bone_count": 56,
    "end_bone_count": 13,
    "spaces_included": [
      "LOCAL_CHANNELS",
      "ARMATURE_SPACE",
      "WORLD_SPACE"
    ],
    "note": "LOCAL matches Transform panel; replay pose via local.matrix_basis for best fidelity."
  },
  "bones": {
    "Root": {
      "name": "Root",
      "local": {
        "location": {
          "x": 0.0,
          "y": 0.0,
          "z": 0.0
        },
        "rotation_quaternion": {
          "w": 0.9994615316390991,
          "x": 0.010481351055204868,
          "y": 0.00733927870169282,
          "z": -0.030217254534363747
        },
        "scale": {
          "x": 1.0,
          "y": 1.0,
          "z": 1.0
        },
        "matrix_basis": [
          [
            0.9980661273002625,
            0.06055581942200661,
            0.014037217944860458,
            0.0
          ],
          [
            -0.06024811416864395,
            0.9979541301727295,
            -0.021394960582256317,
            0.0
          ],
          [
            -0.015304088592529297,
            0.020507868379354477,
            0.999672532081604,
            0.0
          ],
          [
            0.0,
            0.0,
            0.0,
            1.0
          ]
        ],
        "rotation_mode": "QUATERNION"
      },
      "armature_space": {
        "head": {
          "x": 0.0,
          "y": 0.07072800397872925,
          "z": -0.009595036506652832
        },
        "tail": {
          "x": 0.004322224296629429,
          "y": -5.2072107791900635e-05,
          "z": -0.001470121555030346
        }
      },
      "world_space": {
        "head": {
          "x": 0.0,
          "y": 0.13397200405597687,
          "z": 0.9402589797973633
        },
        "tail": {
          "x": 0.004322224296629429,
          "y": 0.06319192796945572,
          "z": 0.9483838677406311
        },
        "rotation_quaternion": {
          "w": 0.05687383562326431,
          "x": 0.9978970289230347,
          "y": 0.0306430384516716,
          "z": 0.00528693525120616
        },
        "matrix": [
          [
            0.9980661273002625,
            0.06055581942200661,
            0.014037217944860458,
            0.0
          ],
          [
            0.061758577823638916,
            -0.99165278673172,
            -0.11318491399288177,
            0.13397200405597687
          ],
          [
            0.007066147401928902,
            0.11383279412984848,
            -0.9934818148612976,
            0.9402589797973633
          ],
          [
            0.0,
            0.0,
            0.0,
            1.0
          ]
        ]
      },
      "bone_length_armature_space": 0.07137587232833793,
      "parent": null,
      "has_children": true,
      "is_end_bone": false
    },
    "spine_01": {
      "name": "spine_01",
      "local": {
        "location": {
          "x": 0.0,
          "y": 0.0,
          "z": 0.0
        },
        "rotation_quaternion": {
          "w": 0.9997639656066895,
          "x": -0.02085498347878456,
          "y": -0.005322820506989956,
          "z": 0.0029698924627155066
        },
        "scale": {
          "x": 1.0,
          "y": 1.0,
          "z": 1.0
        },
        "matrix_basis": [
          [
            0.9999256730079651,
            -0.005716368090361357,
            -0.01076700259000063,
            0.0
          ],
          [
            0.006160397548228502,
            0.9991124868392944,
            0.04166850447654724,
            0.0
          ],
          [
            0.010519254021346569,
            -0.041731737554073334,
            0.9990734457969666,
            0.0
          ],
          [
            0.0,
            0.0,
            0.0,
            1.0
          ]
        ],
        "rotation_mode": "QUATERNION"
      },
      "armature_space": {
        "head": {
          "x": 0.004322224296629429,
          "y": -5.2072107791900635e-05,
          "z": -0.001470121555030346
        },
        "tail": {
          "x": -0.00393584743142128,
          "y": 0.03253386914730072,
          "z": 0.4853753447532654
        }
      },
      "world_space": {
        "head": {
          "x": 0.004322224296629429,
          "y": 0.06319192796945572,
          "z": 0.9483838677406311
        },
        "tail": {
          "x": -0.00393584743142128,
          "y": 0.09577786922454834,
          "z": 1.4352293014526367
        },
        "rotation_quaternion": {
          "w": 0.7302241921424866,
          "x": 0.6826900839805603,
          "y": 0.012631299905478954,
          "z": 0.023396078497171402
        },
        "matrix": [
          [
            0.998586118221283,
            -0.0169222354888916,
            0.05039200931787491,
            0.004322224296629429
          ],
          [
            0.05141540616750717,
            0.06677430123090744,
            -0.9964426159858704,
            0.06319192796945572
          ],
          [
            0.013497285544872284,
            0.9976316094398499,
            0.06754951179027557,
            0.9483838677406311
          ],
          [
            0.0,
            0.0,
            0.0,
            1.0
          ]
        ]
      },
      "bone_length_armature_space": 0.48800466190118985,
      "parent": "Root",
      "has_children": true,
      "is_end_bone": false
    },
    "neck_01": {
      "name": "neck_01",
      "local": {
        "location": {
          "x": 0.0,
          "y": 0.0,
          "z": 0.0
        },
        "rotation_quaternion": {
          "w": 0.9894285202026367,
          "x": -0.137141615152359,
          "y": -0.009488996118307114,
          "z": -0.04618823528289795
        },
        "scale": {
          "x": 1.0,
          "y": 1.0,
          "z": 1.0
        },
        "matrix_basis": [
          [
            0.995553195476532,
            0.09400258958339691,
            -0.006108708214014769,
            0.0
          ],
          [
            -0.08879724144935608,
            0.958117663860321,
            0.27226021885871887,
            0.0
          ],
          [
            0.031446024775505066,
            -0.2705070972442627,
            0.9622042775154114,
            0.0
          ],
          [
            0.0,
            0.0,
            0.0,
            1.0
          ]
        ],
        "rotation_mode": "QUATERNION"
      },
      "armature_space": {
        "head": {
          "x": -0.003427250776439905,
          "y": 0.002865910530090332,
          "z": 0.5607630610466003
        },
        "tail": {
          "x": 0.005117390770465136,
          "y": -0.001502901315689087,
          "z": 0.6628349423408508
        }
      },
      "world_space": {
        "head": {
          "x": -0.003427250776439905,
          "y": 0.06610991060733795,
          "z": 1.5106170177459717
        },
        "tail": {
          "x": 0.005117390770465136,
          "y": 0.06174109876155853,
          "z": 1.6126890182495117
        },
        "rotation_quaternion": {
          "w": 0.690382182598114,
          "x": 0.7219018340110779,
          "y": 0.04544634371995926,
          "z": -0.012840253300964832
        },
        "matrix": [
          [
            0.9955394864082336,
            0.08334500342607498,
            0.044212456792593,
            -0.003427250776439905
          ],
          [
            0.04788675904273987,
            -0.042613685131073,
            -0.997943639755249,
            0.06610991060733795
          ],
          [
            -0.08129005134105682,
            0.99561607837677,
            -0.046416014432907104,
            1.5106170177459717
          ],
          [
            0.0,
            0.0,
            0.0,
            1.0
          ]
        ]
      },
      "bone_length_armature_space": 0.1025220305128654,
      "parent": "spine_01",
      "has_children": true,
      "is_end_bone": false
    },
    "head": {
      "name": "head",
      "local": {
        "location": {
          "x": 0.0,
          "y": 0.0,
          "z": 0.0
        },
        "rotation_quaternion": {
          "w": 0.9832192063331604,
          "x": 0.014032901264727116,
          "y": -0.1444978266954422,
          "z": 0.11046966165304184
        },
        "scale": {
          "x": 1.0,
          "y": 1.0,
          "z": 1.0
        },
        "matrix_basis": [
          [
            0.933833658695221,
            -0.22128723561763763,
            -0.2810456454753876,
            0.0
          ],
          [
            0.21317633986473083,
            0.9751990437507629,
            -0.059520088136196136,
            0.0
          ],
          [
            0.2872464954853058,
            -0.004330415744334459,
            0.9578469395637512,
            0.0
          ],
          [
            0.0,
            0.0,
            0.0,
            1.0
          ]
        ],
        "rotation_mode": "QUATERNION"
      },
      "armature_space": {
        "head": {
          "x": 0.005117391236126423,
          "y": -0.0015030540525913239,
          "z": 0.662834882736206
        },
        "tail": {
          "x": -0.019862733781337738,
          "y": 0.0461282804608345,
          "z": 0.8083015084266663
        }
      },
      "world_space": {
        "head": {
          "x": 0.005117391236126423,
          "y": 0.061740946024656296,
          "z": 1.6126888990402222
        },
        "tail": {
          "x": -0.019862733781337738,
          "y": 0.10937228053808212,
          "z": 1.7581555843353271
        },
        "rotation_quaternion": {
          "w": 0.7967680096626282,
          "x": 0.5885918140411377,
          "y": -0.1368226259946823,
          "z": 1.8982533447342576e-06
        },
        "matrix": [
          [
            0.9625593423843384,
            -0.16106835007667542,
            -0.21802857518196106,
            0.005117391236126423
          ],
          [
            -0.16106130182743073,
            0.3071201741695404,
            -0.9379429817199707,
            0.061740946024656296
          ],
          [
            0.2180352509021759,
            0.9379484057426453,
            0.2696804702281952,
            1.6126888990402222
          ],
          [
            0.0,
            0.0,
            0.0,
            1.0
          ]
        ]
      },
      "bone_length_armature_space": 0.15509123053172227,
      "parent": "neck_01",
      "has_children": false,
      "is_end_bone": true
    },
    "upperarm_l": {
      "name": "upperarm_l",
      "local": {
        "location": {
          "x": 0.0,
          "y": 0.0,
          "z": 0.0
        },
        "rotation_quaternion": {
          "w": 0.9410403370857239,
          "x": 0.013192792423069477,
          "y": -0.11948513984680176,
          "z": -0.3162156641483307
        },
        "scale": {
          "x": 1.0,
          "y": 1.0,
          "z": 1.0
        },
        "matrix_basis": [
          [
            0.7714619040489197,
            0.5919907093048096,
            -0.23322421312332153,
            0.0
          ],
          [
            -0.598296046257019,
            0.7996671795845032,
            0.05073624476790428,
            0.0
          ],
          [
            0.21653713285923004,
            0.1003960445523262,
            0.9710984826087952,
            0.0
          ],
          [
            0.0,
            0.0,
            0.0,
            1.0
          ]
        ],
        "rotation_mode": "QUATERNION"
      },
      "armature_space": {
        "head": {
          "x": 0.14765867590904236,
          "y": 0.0029126890003681183,
          "z": 0.4959544837474823
        },
        "tail": {
          "x": 0.3623540997505188,
          "y": -0.011797510087490082,
          "z": 0.33627521991729736
        }
      },
      "world_space": {
        "head": {
          "x": 0.14765867590904236,
          "y": 0.06615668535232544,
          "z": 1.4458085298538208
        },
        "tail": {
          "x": 0.3623540997505188,
          "y": 0.05144648998975754,
          "z": 1.2861292362213135
        },
        "rotation_quaternion": {
          "w": 0.39921486377716064,
          "x": 0.22270821034908295,
          "y": 0.5596251487731934,
          "z": -0.6912657618522644
        },
        "matrix": [
          [
            -0.5820561051368713,
            0.8011936545372009,
            0.13892167806625366,
            0.14765867590904236
          ],
          [
            -0.3026643693447113,
            -0.0548950657248497,
            -0.9515151977539062,
            0.06615668535232544
          ],
          [
            -0.754727303981781,
            -0.5958861112594604,
            0.2744458317756653,
            1.4458085298538208
          ],
          [
            0.0,
            0.0,
            0.0,
            1.0
          ]
        ]
      },
      "bone_length_armature_space": 0.26797011293254586,
      "parent": "spine_01",
      "has_children": true,
      "is_end_bone": false
    },
    "lowerarm_l": {
      "name": "lowerarm_l",
      "local": {
        "location": {
          "x": 0.0,
          "y": 0.0,
          "z": 0.0
        },
        "rotation_quaternion": {
          "w": 0.9608954191207886,
          "x": 0.06196582689881325,
          "y": 0.08231054246425629,
          "z": -0.2570315897464752
        },
        "scale": {
          "x": 1.0,
          "y": 1.0,
          "z": 1.0
        },
        "matrix_basis": [
          [
            0.8543194532394409,
            0.5041618347167969,
            0.12632930278778076,
            0.0
          ],
          [
            -0.4837600588798523,
            0.8601899743080139,
            -0.16139817237854004,
            0.0
          ],
          [
            -0.19003799557685852,
            0.076772540807724,
            0.9787704348564148,
            0.0
          ],
          [
            0.0,
            0.0,
            0.0,
            1.0
          ]
        ],
        "rotation_mode": "QUATERNION"
      },
      "armature_space": {
        "head": {
          "x": 0.36235421895980835,
          "y": -0.011797527782619,
          "z": 0.33627527952194214
        },
        "tail": {
          "x": 0.4915851354598999,
          "y": -0.12208681553602219,
          "z": 0.12962187826633453
        }
      },
      "world_space": {
        "head": {
          "x": 0.36235421895980835,
          "y": 0.051446471363306046,
          "z": 1.2861292362213135
        },
        "tail": {
          "x": 0.4915851354598999,
          "y": -0.05884281545877457,
          "z": 1.0794758796691895
        },
        "rotation_quaternion": {
          "w": 0.1884807050228119,
          "x": 0.1700330674648285,
          "y": 0.5082774758338928,
          "z": -0.8229324817657471
        },
        "matrix": [
          [
            -0.8711273670196533,
            0.4830619692802429,
            -0.08824865520000458,
            0.36235421895980835
          ],
          [
            -0.13736814260482788,
            -0.41225868463516235,
            -0.9006514549255371,
            0.051446471363306046
          ],
          [
            -0.4714551568031311,
            -0.7724654078483582,
            0.4254893958568573,
            1.2861292362213135
          ],
          [
            0.0,
            0.0,
            0.0,
            1.0
          ]
        ]
      },
      "bone_length_armature_space": 0.2675256729924895,
      "parent": "upperarm_l",
      "has_children": true,
      "is_end_bone": false
    },
    "metacarpal_thumb_l": {
      "name": "metacarpal_thumb_l",
      "local": {
        "location": {
          "x": 0.0,
          "y": 0.0,
          "z": 0.0
        },
        "rotation_quaternion": {
          "w": 0.9996181130409241,
          "x": -0.025623472407460213,
          "y": 0.008756909519433975,
          "z": 0.0055273426696658134
        },
        "scale": {
          "x": 1.0,
          "y": 1.0,
          "z": 1.0
        },
        "matrix_basis": [
          [
            0.9997855424880981,
            -0.01149922888725996,
            0.017223872244358063,
            0.0
          ],
          [
            0.01060169842094183,
            0.9986257553100586,
            0.05132417753338814,
            0.0
          ],
          [
            -0.01779039017856121,
            -0.051130570471286774,
            0.9985334873199463,
            0.0
          ],
          [
            0.0,
            0.0,
            0.0,
            1.0
          ]
        ],
        "rotation_mode": "QUATERNION"
      },
      "armature_space": {
        "head": {
          "x": 0.4915851354598999,
          "y": -0.12208681553602219,
          "z": 0.12962187826633453
        },
        "tail": {
          "x": 0.5022016167640686,
          "y": -0.16583707928657532,
          "z": 0.10896283388137817
        }
      },
      "world_space": {
        "head": {
          "x": 0.4915851354598999,
          "y": -0.05884281545877457,
          "z": 1.0794758796691895
        },
        "tail": {
          "x": 0.5022016167640686,
          "y": -0.1025930792093277,
          "z": 1.058816909790039
        },
        "rotation_quaternion": {
          "w": 0.11536494642496109,
          "x": -0.8017991781234741,
          "y": -0.21229533851146698,
          "z": 0.5465707778930664
        },
        "matrix": [
          [
            0.31238195300102234,
            0.21432854235172272,
            -0.9254621863365173,
            0.4915851354598999
          ],
          [
            0.466546893119812,
            -0.8832429647445679,
            -0.04707198590040207,
            -0.05884281545877457
          ],
          [
            -0.8275024890899658,
            -0.4170706868171692,
            -0.37590619921684265,
            1.0794758796691895
          ],
          [
            0.0,
            0.0,
            0.0,
            1.0
          ]
        ]
      },
      "bone_length_armature_space": 0.04953373985000491,
      "parent": "lowerarm_l",
      "has_children": true,
      "is_end_bone": false
    },
    "thumb_01_l": {
      "name": "thumb_01_l",
      "local": {
        "location": {
          "x": 0.0,
          "y": 0.0,
          "z": 0.0
        },
        "rotation_quaternion": {
          "w": 0.9959625005722046,
          "x": 0.08603138476610184,
          "y": 0.02281862124800682,
          "z": 0.011687088757753372
        },
        "scale": {
          "x": 1.0,
          "y": 1.0,
          "z": 1.0
        },
        "matrix_basis": [
          [
            0.9986854195594788,
            -0.01935356855392456,
            0.04746389389038086,
            0.0
          ],
          [
            0.027206039056181908,
            0.9849240183830261,
            -0.1708347052335739,
            0.0
          ],
          [
            -0.04344207048416138,
            0.17190143465995789,
            0.9841558337211609,
            0.0
          ],
          [
            0.0,
            0.0,
            0.0,
            1.0
          ]
        ],
        "rotation_mode": "QUATERNION"
      },
      "armature_space": {
        "head": {
          "x": 0.5022016167640686,
          "y": -0.16583707928657532,
          "z": 0.10896283388137817
        },
        "tail": {
          "x": 0.483610600233078,
          "y": -0.18577907979488373,
          "z": 0.08858337998390198
        }
      },
      "world_space": {
        "head": {
          "x": 0.5022016167640686,
          "y": -0.1025930792093277,
          "z": 1.058816909790039
        },
        "tail": {
          "x": 0.483610600233078,
          "y": -0.12253507971763611,
          "z": 1.0384373664855957
        },
        "rotation_quaternion": {
          "w": 0.3002951443195343,
          "x": -0.8850327730178833,
          "y": 0.3418922424316406,
          "z": -0.098232202231884
        },
        "matrix": [
          [
            0.7469191551208496,
            -0.5461745858192444,
            0.37921571731567383,
            0.5022016167640686
          ],
          [
            -0.6641699075698853,
            -0.585864782333374,
            0.46437132358551025,
            -0.1025930792093277
          ],
          [
            -0.031459368765354156,
            -0.5987163186073303,
            -0.8003517985343933,
            1.058816909790039
          ],
          [
            0.0,
            0.0,
            0.0,
            1.0
          ]
        ]
      },
      "bone_length_armature_space": 0.034038675161123015,
      "parent": "metacarpal_thumb_l",
      "has_children": true,
      "is_end_bone": false
    },
    "thumb_02_l": {
      "name": "thumb_02_l",
      "local": {
        "location": {
          "x": 0.0,
          "y": 0.0,
          "z": 0.0
        },
        "rotation_quaternion": {
          "w": 0.9925345182418823,
          "x": 0.12174397706985474,
          "y": 0.006810709834098816,
          "z": 0.002717328956350684
        },
        "scale": {
          "x": 1.0,
          "y": 1.0,
          "z": 1.0
        },
        "matrix_basis": [
          [
            0.9998924732208252,
            -0.003735759761184454,
            0.014181366190314293,
            0.0
          ],
          [
            0.007052411325275898,
            0.9703420400619507,
            -0.24163319170475006,
            0.0
          ],
          [
            -0.012858092784881592,
            0.2417072057723999,
            0.9702640175819397,
            0.0
          ],
          [
            0.0,
            0.0,
            0.0,
            1.0
          ]
        ],
        "rotation_mode": "QUATERNION"
      },
      "armature_space": {
        "head": {
          "x": 0.483610600233078,
          "y": -0.18577906489372253,
          "z": 0.08858343213796616
        },
        "tail": {
          "x": 0.5085119605064392,
          "y": -0.1972103714942932,
          "z": 0.05921614170074463
        }
      },
      "world_space": {
        "head": {
          "x": 0.483610600233078,
          "y": -0.12253506481647491,
          "z": 1.0384374856948853
        },
        "tail": {
          "x": 0.5085119605064392,
          "y": -0.1339663714170456,
          "z": 1.0090701580047607
        },
        "rotation_quaternion": {
          "w": 0.5952745676040649,
          "x": -0.5582985877990723,
          "y": 0.05781928822398186,
          "z": -0.5749852061271667
        },
        "matrix": [
          [
            0.33209335803985596,
            0.6199862957000732,
            0.7108659148216248,
            0.483610600233078
          ],
          [
            -0.7491111159324646,
            -0.28461286425590515,
            0.5981873273849487,
            -0.12253506481647491
          ],
          [
            0.5731931924819946,
            -0.7311770915985107,
            0.3699236810207367,
            1.0384374856948853
          ],
          [
            0.0,
            0.0,
            0.0,
            1.0
          ]
        ]
      },
      "bone_length_armature_space": 0.04016454045932444,
      "parent": "thumb_01_l",
      "has_children": true,
      "is_end_bone": false
    },
    "thumb_03_l": {
      "name": "thumb_03_l",
      "local": {
        "location": {
          "x": 0.0,
          "y": 0.0,
          "z": 0.0
        },
        "rotation_quaternion": {
          "w": 0.9985316395759583,
          "x": 0.05384066328406334,
          "y": -0.005659212823957205,
          "z": 0.0019807021599262953
        },
        "scale": {
          "x": 1.0,
          "y": 1.0,
          "z": 1.0
        },
        "matrix_basis": [
          [
            0.9999281167984009,
            -0.004564979113638401,
            -0.011088521219789982,
            0.0
          ],
          [
            0.003346195910125971,
            0.994194507598877,
            -0.1075456291437149,
            0.0
          ],
          [
            0.011515091173350811,
            0.10750079154968262,
            0.9941383004188538,
            0.0
          ],
          [
            0.0,
            0.0,
            0.0,
            1.0
          ]
        ],
        "rotation_mode": "QUATERNION"
      },
      "armature_space": {
        "head": {
          "x": 0.5085119009017944,
          "y": -0.19721044600009918,
          "z": 0.05921618267893791
        },
        "tail": {
          "x": 0.5326265096664429,
          "y": -0.19570240378379822,
          "z": 0.040693044662475586
        }
      },
      "world_space": {
        "head": {
          "x": 0.5085119009017944,
          "y": -0.13396644592285156,
          "z": 1.0090701580047607
        },
        "tail": {
          "x": 0.5326265096664429,
          "y": -0.1324584037065506,
          "z": 0.9905470609664917
        },
        "rotation_quaternion": {
          "w": 0.7141859531402588,
          "x": -0.3224903345108032,
          "y": 0.12126831710338593,
          "z": -0.6092885732650757
        },
        "matrix": [
          [
            0.22812029719352722,
            0.7920742034912109,
            0.566196858882904,
            0.5085119009017944
          ],
          [
            -0.9485072493553162,
            0.04953368753194809,
            0.31285855174064636,
            -0.13396644592285156
          ],
          [
            0.21976234018802643,
            -0.6084154844284058,
            0.7625936269760132,
            1.0090701580047607
          ],
          [
            0.0,
            0.0,
            0.0,
            1.0
          ]
        ]
      },
      "bone_length_armature_space": 0.030444953629026907,
      "parent": "thumb_02_l",
      "has_children": false,
      "is_end_bone": true
    },
    "metacarpal_index_l": {
      "name": "metacarpal_index_l",
      "local": {
        "location": {
          "x": 0.0,
          "y": 0.0,
          "z": 0.0
        },
        "rotation_quaternion": {
          "w": 0.9983512759208679,
          "x": -0.05616379901766777,
          "y": -0.011601315811276436,
          "z": 0.0023886263370513916
        },
        "scale": {
          "x": 1.0,
          "y": 1.0,
          "z": 1.0
        },
        "matrix_basis": [
          [
            0.9997193813323975,
            -0.0034662282560020685,
            -0.023432685062289238,
            0.0
          ],
          [
            0.006072524469345808,
            0.9936798214912415,
            0.11208698153495789,
            0.0
          ],
          [
            0.022896068170666695,
            -0.11219782382249832,
            0.9934220910072327,
            0.0
          ],
          [
            0.0,
            0.0,
            0.0,
            1.0
          ]
        ],
        "rotation_mode": "QUATERNION"
      },
      "armature_space": {
        "head": {
          "x": 0.4915851354598999,
          "y": -0.12208681553602219,
          "z": 0.12962187826633453
        },
        "tail": {
          "x": 0.548241376876831,
          "y": -0.19402843713760376,
          "z": 0.05652075260877609
        }
      },
      "world_space": {
        "head": {
          "x": 0.4915851354598999,
          "y": -0.05884281545877457,
          "z": 1.0794758796691895
        },
        "tail": {
          "x": 0.548241376876831,
          "y": -0.13078443706035614,
          "z": 1.006374716758728
        },
        "rotation_quaternion": {
          "w": 0.012072894722223282,
          "x": -0.5696126818656921,
          "y": -0.43915924429893494,
          "z": 0.6946473121643066
        },
        "matrix": [
          [
            -0.3507917523384094,
            0.48353177309036255,
            -0.8019612431526184,
            0.4915851354598999
          ],
          [
            0.517073929309845,
            -0.6139843463897705,
            -0.5963708162307739,
            -0.05884281545877457
          ],
          [
            -0.7807608246803284,
            -0.6238802075386047,
            -0.034641802310943604,
            1.0794758796691895
          ],
          [
            0.0,
            0.0,
            0.0,
            1.0
          ]
        ]
      },
      "bone_length_armature_space": 0.11717210211523905,
      "parent": "lowerarm_l",
      "has_children": true,
      "is_end_bone": false
    },
    "index_01_l": {
      "name": "index_01_l",
      "local": {
        "location": {
          "x": 0.0,
          "y": 0.0,
          "z": 0.0
        },
        "rotation_quaternion": {
          "w": 0.9965807199478149,
          "x": -0.08047215640544891,
          "y": -0.01824122481048107,
          "z": 0.004294333513826132
        },
        "scale": {
          "x": 1.0,
          "y": 1.0,
          "z": 1.0
        },
        "matrix_basis": [
          [
            0.9992976188659668,
            -0.005623478442430496,
            -0.03704885393381119,
            0.0
          ],
          [
            0.011495121754705906,
            0.9870115518569946,
            0.16023732721805573,
            0.0
          ],
          [
            0.035666558891534805,
            -0.16055066883563995,
            0.9863829612731934,
            0.0
          ],
          [
            0.0,
            0.0,
            0.0,
            1.0
          ]
        ],
        "rotation_mode": "QUATERNION"
      },
      "armature_space": {
        "head": {
          "x": 0.548241376876831,
          "y": -0.19402843713760376,
          "z": 0.05652075260877609
        },
        "tail": {
          "x": 0.564037561416626,
          "y": -0.2000490427017212,
          "z": 0.03355754166841507
        }
      },
      "world_space": {
        "head": {
          "x": 0.548241376876831,
          "y": -0.13078443706035614,
          "z": 1.006374716758728
        },
        "tail": {
          "x": 0.564037561416626,
          "y": -0.13680504262447357,
          "z": 0.9834115505218506
        },
        "rotation_quaternion": {
          "w": 0.05147482082247734,
          "x": -0.4921012222766876,
          "y": -0.6259231567382812,
          "z": 0.602832555770874
        },
        "matrix": [
          [
            -0.5103700757026672,
            0.5539734363555908,
            -0.6577503085136414,
            0.548241376876831
          ],
          [
            0.6780989766120911,
            -0.21114295721054077,
            -0.7039892077445984,
            -0.13078443706035614
          ],
          [
            -0.5288736820220947,
            -0.8053207397460938,
            -0.2678902745246887,
            1.006374716758728
          ],
          [
            0.0,
            0.0,
            0.0,
            1.0
          ]
        ]
      },
      "bone_length_armature_space": 0.028514491432868768,
      "parent": "metacarpal_index_l",
      "has_children": true,
      "is_end_bone": false
    },
    "index_02_l": {
      "name": "index_02_l",
      "local": {
        "location": {
          "x": 0.0,
          "y": 0.0,
          "z": 0.0
        },
        "rotation_quaternion": {
          "w": 0.9820071458816528,
          "x": 0.18877367675304413,
          "y": 0.004496975336223841,
          "z": 0.002497881418094039
        },
        "scale": {
          "x": 1.0,
          "y": 1.0,
          "z": 1.0
        },
        "matrix_basis": [
          [
            0.9999470710754395,
            -0.0032080537639558315,
            0.009775192476809025,
            0.0
          ],
          [
            0.006603695917874575,
            0.9287165403366089,
            -0.37073174118995667,
            0.0
          ],
          [
            -0.007889055646955967,
            0.3707766532897949,
            0.9286885261535645,
            0.0
          ],
          [
            0.0,
            0.0,
            0.0,
            1.0
          ]
        ],
        "rotation_mode": "QUATERNION"
      },
      "armature_space": {
        "head": {
          "x": 0.5640377402305603,
          "y": -0.2000495046377182,
          "z": 0.03355726972222328
        },
        "tail": {
          "x": 0.5717003345489502,
          "y": -0.21121396124362946,
          "z": 0.011768803000450134
        }
      },
      "world_space": {
        "head": {
          "x": 0.5640377402305603,
          "y": -0.13680550456047058,
          "z": 0.9834113121032715
        },
        "tail": {
          "x": 0.5717003345489502,
          "y": -0.14796996116638184,
          "z": 0.9616228342056274
        },
        "rotation_quaternion": {
          "w": 0.11955347657203674,
          "x": -0.45362284779548645,
          "y": -0.5177884697914124,
          "z": 0.7154217958450317
        },
        "matrix": [
          [
            -0.5598680377006531,
            0.2986975908279419,
            -0.7728694081306458,
            0.5640377402305603
          ],
          [
            0.6408219933509827,
            -0.43520596623420715,
            -0.6324107050895691,
            -0.13680550456047058
          ],
          [
            -0.5252599120140076,
            -0.8493447303771973,
            0.05224570631980896,
            0.9834113121032715
          ],
          [
            0.0,
            0.0,
            0.0,
            1.0
          ]
        ]
      },
      "bone_length_armature_space": 0.025653415449536855,
      "parent": "index_01_l",
      "has_children": true,
      "is_end_bone": false
    },
    "index_03_l": {
      "name": "index_03_l",
      "local": {
        "location": {
          "x": 0.0,
          "y": 0.0,
          "z": 0.0
        },
        "rotation_quaternion": {
          "w": 0.9786151647567749,
          "x": 0.2054668366909027,
          "y": -0.009459652937948704,
          "z": 0.0025330602657049894
        },
        "scale": {
          "x": 1.0,
          "y": 1.0,
          "z": 1.0
        },
        "matrix_basis": [
          [
            0.9998081922531128,
            -0.008845072239637375,
            -0.017473800107836723,
            0.0
          ],
          [
            0.001070492435246706,
            0.9155539274215698,
            -0.4021938443183899,
            0.0
          ],
          [
            0.01955563947558403,
            0.40209800004959106,
            0.9153878092765808,
            0.0
          ],
          [
            0.0,
            0.0,
            0.0,
            1.0
          ]
        ],
        "rotation_mode": "QUATERNION"
      },
      "armature_space": {
        "head": {
          "x": 0.5717004537582397,
          "y": -0.2112138867378235,
          "z": 0.011768817901611328
        },
        "tail": {
          "x": 0.5667911171913147,
          "y": -0.2292761504650116,
          "z": -0.010667596012353897
        }
      },
      "world_space": {
        "head": {
          "x": 0.5717004537582397,
          "y": -0.14796988666057587,
          "z": 0.9616228342056274
        },
        "tail": {
          "x": 0.5667911171913147,
          "y": -0.16603215038776398,
          "z": 0.9391863942146301
        },
        "rotation_quaternion": {
          "w": 0.27161407470703125,
          "x": -0.39562657475471497,
          "y": -0.34225499629974365,
          "z": 0.8078161478042603
        },
        "matrix": [
          [
            -0.5394106507301331,
            -0.16801968216896057,
            -0.8251091837882996,
            0.5717004537582397
          ],
          [
            0.7096388936042786,
            -0.6181752681732178,
            -0.3380417823791504,
            -0.14796988666057587
          ],
          [
            -0.45326679944992065,
            -0.7678790092468262,
            0.4526865780353546,
            0.9616228342056274
          ],
          [
            0.0,
            0.0,
            0.0,
            1.0
          ]
        ]
      },
      "bone_length_armature_space": 0.029218823147228533,
      "parent": "index_02_l",
      "has_children": false,
      "is_end_bone": true
    },
    "metacarpal_pinky_l": {
      "name": "metacarpal_pinky_l",
      "local": {
        "location": {
          "x": 0.0,
          "y": 0.0,
          "z": 0.0
        },
        "rotation_quaternion": {
          "w": 0.9999468326568604,
          "x": -0.00851723924279213,
          "y": -0.005828068125993013,
          "z": 1.133536102315702e-06
        },
        "scale": {
          "x": 1.0,
          "y": 1.0,
          "z": 1.0
        },
        "matrix_basis": [
          [
            0.999932050704956,
            9.701115050120279e-05,
            -0.0116555355489254,
            0.0
          ],
          [
            0.00010154505434911698,
            0.9998549222946167,
            0.017033560201525688,
            0.0
          ],
          [
            0.01165549736469984,
            -0.017033586278557777,
            0.9997869729995728,
            0.0
          ],
          [
            0.0,
            0.0,
            0.0,
            1.0
          ]
        ],
        "rotation_mode": "QUATERNION"
      },
      "armature_space": {
        "head": {
          "x": 0.4915851354598999,
          "y": -0.12208681553602219,
          "z": 0.12962187826633453
        },
        "tail": {
          "x": 0.5402857065200806,
          "y": -0.13435602188110352,
          "z": 0.03840208053588867
        }
      },
      "world_space": {
        "head": {
          "x": 0.4915851354598999,
          "y": -0.05884281545877457,
          "z": 1.0794758796691895
        },
        "tail": {
          "x": 0.5402857065200806,
          "y": -0.0711120218038559,
          "z": 0.9882560968399048
        },
        "rotation_quaternion": {
          "w": 0.5473231077194214,
          "x": -0.34405428171157837,
          "y": 0.37619727849960327,
          "z": -0.6637316346168518
        },
        "matrix": [
          [
            -0.16412509977817535,
            0.4676869809627533,
            0.8685225248336792,
            0.4915851354598999
          ],
          [
            -0.9854164719581604,
            -0.11782493442296982,
            -0.12276765704154968,
            -0.05884281545877457
          ],
          [
            0.04491632059216499,
            -0.8760120272636414,
            0.48020777106285095,
            1.0794758796691895
          ],
          [
            0.0,
            0.0,
            0.0,
            1.0
          ]
        ]
      },
      "bone_length_armature_space": 0.1041313140111606,
      "parent": "lowerarm_l",
      "has_children": true,
      "is_end_bone": false
    },
    "pinky_01_l": {
      "name": "pinky_01_l",
      "local": {
        "location": {
          "x": 0.0,
          "y": 0.0,
          "z": 0.0
        },
        "rotation_quaternion": {
          "w": 0.9973537921905518,
          "x": 0.07228100299835205,
          "y": -0.005190954077988863,
          "z": 0.005834092386066914
        },
        "scale": {
          "x": 1.0,
          "y": 1.0,
          "z": 1.0
        },
        "matrix_basis": [
          [
            0.9998780488967896,
            -0.012387722730636597,
            -0.009511047042906284,
            0.0
          ],
          [
            0.01088689360767603,
            0.9894828200340271,
            -0.14424003660678864,
            0.0
          ],
          [
            0.011197824031114578,
            0.14411889016628265,
            0.9894970059394836,
            0.0
          ],
          [
            0.0,
            0.0,
            0.0,
            1.0
          ]
        ],
        "rotation_mode": "QUATERNION"
      },
      "armature_space": {
        "head": {
          "x": 0.5402857065200806,
          "y": -0.13435602188110352,
          "z": 0.03840208053588867
        },
