{
  "metadata": {
    "armature_name": "KIM_caucasian_male",
    "export_time": "2026-01-13T21:04:27.264929",
    "blender_version": "4.4.1",
    "bone_count": 56,
    "end_bone_count": 13,
    "spaces_included": [
      "LOCAL_CHANNELS",
      "ARMATURE_SPACE",
      "WORLD_SPACE"
    ],
    "note": "LOCAL matches Transform panel; replay pose via local.matrix_basis for best fidelity."
  },
  "bones": {
    "Root": {
      "name": "Root",
      "local": {
        "location": {
          "x": 0.0,
          "y": 0.0,
          "z": 0.0
        },
        "rotation_quaternion": {
          "w": 0.999627411365509,
          "x": 0.003312454093247652,
          "y": 0.01883695274591446,
          "z": -0.01947926916182041
        },
        "scale": {
          "x": 1.0,
          "y": 1.0,
          "z": 1.0
        },
        "matrix_basis": [
          [
            0.9985314607620239,
            0.03906881436705589,
            0.037530820816755295,
            0.0
          ],
          [
            -0.03881923109292984,
            0.9992191791534424,
            -0.007356300018727779,
            0.0
          ],
          [
            -0.03778891637921333,
            0.0058885798789560795,
            0.9992684125900269,
            0.0
          ],
          [
            0.0,
            0.0,
            0.0,
            1.0
          ]
        ],
        "rotation_mode": "QUATERNION"
      },
      "armature_space": {
        "head": {
          "x": 0.0,
          "y": 0.07072800397872925,
          "z": -0.009595036506652832
        },
        "tail": {
          "x": 0.002788570476695895,
          "y": -1.2740492820739746e-06,
          "z": -0.00042398273944854736
        }
      },
      "world_space": {
        "head": {
          "x": 0.0,
          "y": 0.13397200405597687,
          "z": 0.9402589797973633
        },
        "tail": {
          "x": 0.002788570476695895,
          "y": 0.06324272602796555,
          "z": 0.9494300484657288
        },
        "rotation_quaternion": {
          "w": 0.06403762847185135,
          "x": 0.9975796341896057,
          "y": 0.020704027265310287,
          "z": 0.017481887713074684
        },
        "matrix": [
          [
            0.9985314607620239,
            0.03906881436705589,
            0.037530820816755295,
            0.0
          ],
          [
            0.043546825647354126,
            -0.990941047668457,
            -0.12704181671142578,
            0.13397200405597687
          ],
          [
            0.03222772106528282,
            0.12848955392837524,
            -0.9911941289901733,
            0.9402589797973633
          ],
          [
            0.0,
            0.0,
            0.0,
            1.0
          ]
        ]
      },
      "bone_length_armature_space": 0.07137587287625799,
      "parent": null,
      "has_children": true,
      "is_end_bone": false
    },
    "spine_01": {
      "name": "spine_01",
      "local": {
        "location": {
          "x": 0.0,
          "y": 0.0,
          "z": 0.0
        },
        "rotation_quaternion": {
          "w": 0.9957845211029053,
          "x": 0.07026953995227814,
          "y": 0.00948787946254015,
          "z": 0.05818476900458336
        },
        "scale": {
          "x": 1.0,
          "y": 1.0,
          "z": 1.0
        },
        "matrix_basis": [
          [
            0.9930490255355835,
            -0.11454556882381439,
            0.027073001489043236,
            0.0
          ],
          [
            0.11721239984035492,
            0.9833534359931946,
            -0.13884253799915314,
            0.0
          ],
          [
            -0.010718532837927341,
            0.14105074107646942,
            0.989944338798523,
            0.0
          ],
          [
            0.0,
            0.0,
            0.0,
            1.0
          ]
        ],
        "rotation_mode": "QUATERNION"
      },
      "armature_space": {
        "head": {
          "x": 0.002788570476695895,
          "y": -1.2740492820739746e-06,
          "z": -0.00042398273944854736
        },
        "tail": {
          "x": -0.0664127841591835,
          "y": -0.052253399044275284,
          "z": 0.4798147678375244
        }
      },
      "world_space": {
        "head": {
          "x": 0.002788570476695895,
          "y": 0.06324272602796555,
          "z": 0.9494300484657288
        },
        "tail": {
          "x": -0.0664127841591835,
          "y": 0.010990601032972336,
          "z": 1.4296687841415405
        },
        "rotation_quaternion": {
          "w": 0.667587161064148,
          "x": 0.7402073740959167,
          "y": -0.02811545692384243,
          "z": 0.0750337690114975
        },
        "matrix": [
          [
            0.9871589541435242,
            -0.1418057084083557,
            0.07354110479354858,
            0.002788570476695895
          ],
          [
            0.058559685945510864,
            -0.10707375407218933,
            -0.9925251603126526,
            0.06324272602796555
          ],
          [
            0.1486211121082306,
            0.9840933680534363,
            -0.09739627689123154,
            0.9494300484657288
          ],
          [
            0.0,
            0.0,
            0.0,
            1.0
          ]
        ]
      },
      "bone_length_armature_space": 0.4880044703425244,
      "parent": "Root",
      "has_children": true,
      "is_end_bone": false
    },
    "neck_01": {
      "name": "neck_01",
      "local": {
        "location": {
          "x": 0.0,
          "y": 0.0,
          "z": 0.0
        },
        "rotation_quaternion": {
          "w": 0.9887247085571289,
          "x": -0.017455609515309334,
          "y": 0.03060346469283104,
          "z": -0.14554132521152496
        },
        "scale": {
          "x": 1.0,
          "y": 1.0,
          "z": 1.0
        },
        "matrix_basis": [
          [
            0.9557623267173767,
            0.28673219680786133,
            0.06559783220291138,
            0.0
          ],
          [
            -0.2888690233230591,
            0.9570260643959045,
            0.025609446689486504,
            0.0
          ],
          [
            -0.055435776710510254,
            -0.043425723910331726,
            0.997517466545105,
            0.0
          ],
          [
            0.0,
            0.0,
            0.0,
            1.0
          ]
        ],
        "rotation_mode": "QUATERNION"
      },
      "armature_space": {
        "head": {
          "x": -0.0742451474070549,
          "y": -0.0945143848657608,
          "z": 0.5484908819198608
        },
        "tail": {
          "x": -0.055884335190057755,
          "y": -0.13564464449882507,
          "z": 0.6405882239341736
        }
      },
      "world_space": {
        "head": {
          "x": -0.0742451474070549,
          "y": -0.031270384788513184,
          "z": 1.498344898223877
        },
        "tail": {
          "x": -0.055884335190057755,
          "y": -0.07240064442157745,
          "z": 1.590442180633545
        },
        "rotation_quaternion": {
          "w": 0.5326043367385864,
          "x": 0.836515486240387,
          "y": 0.12545442581176758,
          "z": 0.028911476954817772
        },
        "matrix": [
          [
            0.9668505191802979,
            0.17909258604049683,
            0.18200565874576569,
            -0.0742451474070549
          ],
          [
            0.2406865954399109,
            -0.4011872708797455,
            -0.883809506893158,
            -0.031270384788513184
          ],
          [
            -0.08526577055454254,
            0.898323655128479,
            -0.43099701404571533,
            1.498344898223877
          ],
          [
            0.0,
            0.0,
            0.0,
            1.0
          ]
        ]
      },
      "bone_length_armature_space": 0.10252189194443506,
      "parent": "spine_01",
      "has_children": true,
      "is_end_bone": false
    },
    "head": {
      "name": "head",
      "local": {
        "location": {
          "x": 0.0,
          "y": 0.0,
          "z": 0.0
        },
        "rotation_quaternion": {
          "w": 0.9911074042320251,
          "x": -0.10598991066217422,
          "y": 0.013357837684452534,
          "z": -0.07933379709720612
        },
        "scale": {
          "x": 1.0,
          "y": 1.0,
          "z": 1.0
        },
        "matrix_basis": [
          [
            0.9870554208755493,
            0.15442503988742828,
            0.04329526796936989,
            0.0
          ],
          [
            -0.16008822619915009,
            0.96494460105896,
            0.20797531306743622,
            0.0
          ],
          [
            -0.009660939686000347,
            -0.21221423149108887,
            0.9771754145622253,
            0.0
          ],
          [
            0.0,
            0.0,
            0.0,
            1.0
          ]
        ],
        "rotation_mode": "QUATERNION"
      },
      "armature_space": {
        "head": {
          "x": -0.05588432028889656,
          "y": -0.13564474880695343,
          "z": 0.640588104724884
        },
        "tail": {
          "x": -0.025278497487306595,
          "y": -0.10622058063745499,
          "z": 0.78975510597229
        }
      },
      "world_space": {
        "head": {
          "x": -0.05588432028889656,
          "y": -0.07240074872970581,
          "z": 1.590442180633545
        },
        "tail": {
          "x": -0.025278497487306595,
          "y": -0.04297658056020737,
          "z": 1.7396091222763062
        },
        "rotation_quaternion": {
          "w": 0.7507184743881226,
          "x": 0.6362374424934387,
          "y": 0.17686966061592102,
          "z": 0.018462341278791428
        },
        "matrix": [
          [
            0.9367530941963196,
            0.19734206795692444,
            0.2890504002571106,
            -0.05588432028889656
          ],
          [
            0.252780944108963,
            0.1897229254245758,
            -0.9487400054931641,
            -0.07240074872970581
          ],
          [
            -0.24206721782684326,
            0.9618081450462341,
            0.12783923745155334,
            1.590442180633545
          ],
          [
            0.0,
            0.0,
            0.0,
            1.0
          ]
        ]
      },
      "bone_length_armature_space": 0.1550912374750014,
      "parent": "neck_01",
      "has_children": false,
      "is_end_bone": true
    },
    "upperarm_l": {
      "name": "upperarm_l",
      "local": {
        "location": {
          "x": 0.0,
          "y": 0.0,
          "z": 0.0
        },
        "rotation_quaternion": {
          "w": 0.9242923259735107,
          "x": -0.06979401409626007,
          "y": 0.3355681300163269,
          "z": -0.1679486334323883
        },
        "scale": {
          "x": 1.0,
          "y": 1.0,
          "z": 1.0
        },
        "matrix_basis": [
          [
            0.7183745503425598,
            0.26362597942352295,
            0.6437697410583496,
            0.0
          ],
          [
            -0.357308566570282,
            0.9338440895080566,
            0.01630372554063797,
            0.0
          ],
          [
            -0.5968824625015259,
            -0.24173656105995178,
            0.7650456428527832,
            0.0
          ],
          [
            0.0,
            0.0,
            0.0,
            1.0
          ]
        ],
        "rotation_mode": "QUATERNION"
      },
      "armature_space": {
        "head": {
          "x": 0.08359368145465851,
          "y": -0.08169953525066376,
          "z": 0.5043346881866455
        },
        "tail": {
          "x": 0.33126845955848694,
          "y": 0.016301125288009644,
          "z": 0.4749968349933624
        }
      },
      "world_space": {
        "head": {
          "x": 0.08359368145465851,
          "y": -0.018455535173416138,
          "z": 1.4541887044906616
        },
        "tail": {
          "x": 0.33126845955848694,
          "y": 0.07954512536525726,
          "z": 1.4248508214950562
        },
        "rotation_quaternion": {
          "w": 0.27769479155540466,
          "x": 0.5044592022895813,
          "y": 0.7782958745956421,
          "z": -0.2503238022327423
        },
        "matrix": [
          [
            -0.33681222796440125,
            0.9242650270462036,
            0.17969918251037598,
            0.08359368145465851
          ],
          [
            0.646210253238678,
            0.3657158315181732,
            -0.6698243021965027,
            -0.018455535173416138
          ],
          [
            -0.6848179697990417,
            -0.10948209464550018,
            -0.7204526662826538,
            1.4541887044906616
          ],
          [
            0.0,
            0.0,
            0.0,
            1.0
          ]
        ]
      },
      "bone_length_armature_space": 0.26796946299137625,
      "parent": "spine_01",
      "has_children": true,
      "is_end_bone": false
    },
    "lowerarm_l": {
      "name": "lowerarm_l",
      "local": {
        "location": {
          "x": 0.0,
          "y": 0.0,
          "z": 0.0
        },
        "rotation_quaternion": {
          "w": 0.9055211544036865,
          "x": 0.3097246289253235,
          "y": 0.20526596903800964,
          "z": -0.20486141741275787
        },
        "scale": {
          "x": 1.0,
          "y": 1.0,
          "z": 1.0
        },
        "matrix_basis": [
          [
            0.831795334815979,
            0.4981645345687866,
            0.24484410881996155,
            0.0
          ],
          [
            -0.24386084079742432,
            0.7242048978805542,
            -0.6450265645980835,
            0.0
          ],
          [
            -0.49864661693573,
            0.47682225704193115,
            0.7238730788230896,
            0.0
          ],
          [
            0.0,
            0.0,
            0.0,
            1.0
          ]
        ],
        "rotation_mode": "QUATERNION"
      },
      "armature_space": {
        "head": {
          "x": 0.3312685787677765,
          "y": 0.016301050782203674,
          "z": 0.4749968349933624
        },
        "tail": {
          "x": 0.4968174397945404,
          "y": 0.03648398071527481,
          "z": 0.2658170461654663
        }
      },
      "world_space": {
        "head": {
          "x": 0.3312685787677765,
          "y": 0.0795450508594513,
          "z": 1.4248508214950562
        },
        "tail": {
          "x": 0.4968174397945404,
          "y": 0.09972798079252243,
          "z": 1.2156710624694824
        },
        "rotation_quaternion": {
          "w": 0.09808366000652313,
          "x": -0.48946306109428406,
          "y": -0.7267064452171326,
          "z": 0.4719146490097046
        },
        "matrix": [
          [
            -0.5016086101531982,
            0.6188176274299622,
            -0.604527473449707,
            0.3312685787677765
          ],
          [
            0.8039678335189819,
            0.07544329762458801,
            -0.5898680686950684,
            0.0795450508594513
          ],
          [
            -0.319414347410202,
            -0.7819089889526367,
            -0.5353568196296692,
            1.4248508214950562
          ],
          [
            0.0,
            0.0,
            0.0,
            1.0
          ]
        ]
      },
      "bone_length_armature_space": 0.2675256250165692,
      "parent": "upperarm_l",
      "has_children": true,
      "is_end_bone": false
    },
    "metacarpal_thumb_l": {
      "name": "metacarpal_thumb_l",
      "local": {
        "location": {
          "x": 0.0,
          "y": 0.0,
          "z": 0.0
        },
        "rotation_quaternion": {
          "w": 0.9996641278266907,
          "x": -0.02435796894133091,
          "y": 0.0026944931596517563,
          "z": -0.008436044678092003
        },
        "scale": {
          "x": 1.0,
          "y": 1.0,
          "z": 1.0
        },
        "matrix_basis": [
          [
            0.9998431205749512,
            0.016735156998038292,
            0.00579814612865448,
            0.0
          ],
          [
            -0.01699768751859665,
            0.9986710548400879,
            0.048654112964868546,
            0.0
          ],
          [
            -0.004976206459105015,
            -0.048745036125183105,
            0.9987988471984863,
            0.0
          ],
          [
            0.0,
            0.0,
            0.0,
            1.0
          ]
        ],
        "rotation_mode": "QUATERNION"
      },
      "armature_space": {
        "head": {
          "x": 0.4968174397945404,
          "y": 0.03648398071527481,
          "z": 0.2658170461654663
        },
        "tail": {
          "x": 0.5008988976478577,
          "y": 0.028057612478733063,
          "z": 0.21717596054077148
        }
      },
      "world_space": {
        "head": {
          "x": 0.4968174397945404,
          "y": 0.09972798079252243,
          "z": 1.2156710624694824
        },
        "tail": {
          "x": 0.5008988976478577,
          "y": 0.09130161255598068,
          "z": 1.1670299768447876
        },
        "rotation_quaternion": {
          "w": 0.604430079460144,
          "x": -0.7373136878013611,
          "y": -0.22272729873657227,
          "z": 0.20353204011917114
        },
        "matrix": [
          [
            0.8179342150688171,
            0.08239822089672089,
            -0.5693804025650024,
            0.4968174397945404
          ],
          [
            0.5744818449020386,
            -0.17011398077011108,
            0.8006446957588196,
            0.09972798079252243
          ],
          [
            -0.030887499451637268,
            -0.9819804430007935,
            -0.18647855520248413,
            1.2156710624694824
          ],
          [
            0.0,
            0.0,
            0.0,
            1.0
          ]
        ]
      },
      "bone_length_armature_space": 0.0495339997692692,
      "parent": "lowerarm_l",
      "has_children": true,
      "is_end_bone": false
    },
    "thumb_01_l": {
      "name": "thumb_01_l",
      "local": {
        "location": {
          "x": 0.0,
          "y": 0.0,
          "z": 0.0
        },
        "rotation_quaternion": {
          "w": 0.9989804625511169,
          "x": 0.044117044657468796,
          "y": 0.0024243860971182585,
          "z": 0.009271903894841671
        },
        "scale": {
          "x": 1.0,
          "y": 1.0,
          "z": 1.0
        },
        "matrix_basis": [
          [
            0.9998162984848022,
            -0.018310988321900368,
            0.005661926697939634,
            0.0
          ],
          [
            0.018738815560936928,
            0.9959354400634766,
            -0.0880991742014885,
            0.0
          ],
          [
            -0.004025730770081282,
            0.08818908780813217,
            0.996095597743988,
            0.0
          ],
          [
            0.0,
            0.0,
            0.0,
            1.0
          ]
        ],
        "rotation_mode": "QUATERNION"
      },
      "armature_space": {
        "head": {
          "x": 0.5008988976478577,
          "y": 0.028057612478733063,
          "z": 0.21717596054077148
        },
        "tail": {
          "x": 0.4871126413345337,
          "y": 0.04430675879120827,
          "z": 0.19063282012939453
        }
      },
      "world_space": {
        "head": {
          "x": 0.5008988976478577,
          "y": 0.09130161255598068,
          "z": 1.1670299768447876
        },
        "tail": {
          "x": 0.4871126413345337,
          "y": 0.10755075514316559,
          "z": 1.1404868364334106
        },
        "rotation_quaternion": {
          "w": 0.6781229376792908,
          "x": -0.502689778804779,
          "y": 0.5280512571334839,
          "z": -0.09281274676322937
        },
        "matrix": [
          [
            0.42509499192237854,
            -0.4050186574459076,
            0.809477686882019,
            0.5008988976478577
          ],
          [
            -0.6567695736885071,
            0.47737443447113037,
            0.5837528705596924,
            0.09130161255598068
          ],
          [
            -0.6228598356246948,
            -0.7797955870628357,
            -0.06307433545589447,
            1.1670299768447876
          ],
          [
            0.0,
            0.0,
            0.0,
            1.0
          ]
        ]
      },
      "bone_length_armature_space": 0.03403871214082265,
      "parent": "metacarpal_thumb_l",
      "has_children": true,
      "is_end_bone": false
    },
    "thumb_02_l": {
      "name": "thumb_02_l",
      "local": {
        "location": {
          "x": 0.0,
          "y": 0.0,
          "z": 0.0
        },
        "rotation_quaternion": {
          "w": 0.9925462007522583,
          "x": 0.12141857296228409,
          "y": -0.004986422136425972,
          "z": 0.00920499674975872
        },
        "scale": {
          "x": 1.0,
          "y": 1.0,
          "z": 1.0
        },
        "matrix_basis": [
          [
            0.9997808337211609,
            -0.019483657553792,
            -0.007663193624466658,
            0.0
          ],
          [
            0.017061879858374596,
            0.9703456163406372,
            -0.2411188930273056,
            0.0
          ],
          [
            0.012133823707699776,
            0.240935280919075,
            0.9704653024673462,
            0.0
          ],
          [
            0.0,
            0.0,
            0.0,
            1.0
          ]
        ],
        "rotation_mode": "QUATERNION"
      },
      "armature_space": {
        "head": {
          "x": 0.4871125817298889,
          "y": 0.04430674761533737,
          "z": 0.1906328648328781
        },
        "tail": {
          "x": 0.5167887210845947,
          "y": 0.04832396283745766,
          "z": 0.16386763751506805
        }
      },
      "world_space": {
        "head": {
          "x": 0.4871125817298889,
          "y": 0.10755074769258499,
          "z": 1.1404868364334106
        },
        "tail": {
          "x": 0.5167887210845947,
          "y": 0.11156795918941498,
          "z": 1.1137216091156006
        },
        "rotation_quaternion": {
          "w": 0.6289970874786377,
          "x": -0.11713720858097076,
          "y": 0.39290133118629456,
          "z": -0.6605074405670166
        },
        "matrix": [
          [
            -0.18127936124801636,
            0.7388666868209839,
            0.6490097641944885,
            0.4871125817298889
          ],
          [
            -0.9229627847671509,
            0.10001932084560394,
            -0.3716663420200348,
            0.10755074769258499
          ],
          [
            -0.3395288586616516,
            -0.666391909122467,
            0.6638191938400269,
            1.1404868364334106
          ],
          [
            0.0,
            0.0,
            0.0,
            1.0
          ]
        ]
      },
      "bone_length_armature_space": 0.04016451983043446,
      "parent": "thumb_01_l",
      "has_children": true,
      "is_end_bone": false
    },
    "thumb_03_l": {
      "name": "thumb_03_l",
      "local": {
        "location": {
          "x": 0.0,
          "y": 0.0,
          "z": 0.0
        },
        "rotation_quaternion": {
          "w": 0.9945483207702637,
          "x": 0.10394328832626343,
          "y": -0.007795363198965788,
          "z": 0.0029310625977814198
        },
        "scale": {
          "x": 1.0,
          "y": 1.0,
          "z": 1.0
        },
        "matrix_basis": [
          [
            0.9998612999916077,
            -0.007450717967003584,
            -0.014896402135491371,
            0.0
          ],
          [
            0.0042096152901649475,
            0.9783744215965271,
            -0.20679894089698792,
            0.0
          ],
          [
            0.016115060076117516,
            0.20670755207538605,
            0.9782700538635254,
            0.0
          ],
          [
            0.0,
            0.0,
            0.0,
            1.0
          ]
        ],
        "rotation_mode": "QUATERNION"
      },
      "armature_space": {
        "head": {
          "x": 0.51678866147995,
          "y": 0.04832392930984497,
          "z": 0.16386759281158447
        },
        "tail": {
          "x": 0.546177089214325,
          "y": 0.04826698079705238,
          "z": 0.1559172123670578
        }
      },
      "world_space": {
        "head": {
          "x": 0.51678866147995,
          "y": 0.11156792938709259,
          "z": 1.1137216091156006
        },
        "tail": {
          "x": 0.546177089214325,
          "y": 0.1115109771490097,
          "z": 1.1057711839675903
        },
        "rotation_quaternion": {
          "w": 0.6094996929168701,
          "x": 0.1859656572341919,
          "y": 0.3571745455265045,
          "z": -0.6829007267951965
        },
        "matrix": [
          [
            -0.1878521740436554,
            0.9652996063232422,
            0.18140608072280884,
            0.51678866147995
          ],
          [
            -0.6996127367019653,
            -0.0018705427646636963,
            -0.714519739151001,
            0.11156792938709259
          ],
          [
            -0.6893919706344604,
            -0.26114001870155334,
            0.6756912469863892,
            1.1137216091156006
          ],
          [
            0.0,
            0.0,
            0.0,
            1.0
          ]
        ]
      },
      "bone_length_armature_space": 0.030444892479768296,
      "parent": "thumb_02_l",
      "has_children": false,
      "is_end_bone": true
    },
    "metacarpal_index_l": {
      "name": "metacarpal_index_l",
      "local": {
        "location": {
          "x": 0.0,
          "y": 0.0,
          "z": 0.0
        },
        "rotation_quaternion": {
          "w": 0.9997408986091614,
          "x": -0.021905090659856796,
          "y": -0.005885683000087738,
          "z": 0.0019575790502130985
        },
        "scale": {
          "x": 1.0,
          "y": 1.0,
          "z": 1.0
        },
        "matrix_basis": [
          [
            0.999923050403595,
            -0.00365629093721509,
            -0.011854077689349651,
            0.0
          ],
          [
            0.0041719963774085045,
            0.9990326762199402,
            0.043775785714387894,
            0.0
          ],
          [
            0.01168255414813757,
            -0.043821875005960464,
            0.9989710450172424,
            0.0
          ],
          [
            0.0,
            0.0,
            0.0,
            1.0
          ]
        ],
        "rotation_mode": "QUATERNION"
      },
      "armature_space": {
        "head": {
          "x": 0.4968174397945404,
          "y": 0.03648398071527481,
          "z": 0.2658170461654663
        },
        "tail": {
          "x": 0.5454771518707275,
          "y": 0.026547107845544815,
          "z": 0.15969039499759674
        }
      },
      "world_space": {
        "head": {
          "x": 0.4968174397945404,
          "y": 0.09972798079252243,
          "z": 1.2156710624694824
        },
        "tail": {
          "x": 0.5454771518707275,
          "y": 0.08979110419750214,
          "z": 1.1095443964004517
        },
        "rotation_quaternion": {
          "w": 0.4476035535335541,
          "x": -0.6731244921684265,
          "y": -0.5071958899497986,
          "z": 0.29884272813796997
        },
        "matrix": [
          [
            0.3068881332874298,
            0.4152856469154358,
            -0.8563629388809204,
            0.4968174397945404
          ],
          [
            0.9503389000892639,
            -0.08480606228113174,
            0.29943975806236267,
            0.09972798079252243
          ],
          [
            0.05172976851463318,
            -0.905735969543457,
            -0.42069050669670105,
            1.2156710624694824
          ],
          [
            0.0,
            0.0,
            0.0,
            1.0
          ]
        ]
      },
      "bone_length_armature_space": 0.11717241436622246,
      "parent": "lowerarm_l",
      "has_children": true,
      "is_end_bone": false
    },
    "index_01_l": {
      "name": "index_01_l",
      "local": {
        "location": {
          "x": 0.0,
          "y": 0.0,
          "z": 0.0
        },
        "rotation_quaternion": {
          "w": 0.9992064237594604,
          "x": -0.03761300817131996,
          "y": 0.011911100707948208,
          "z": 0.005473880097270012
        },
        "scale": {
          "x": 1.0,
          "y": 1.0,
          "z": 1.0
        },
        "matrix_basis": [
          [
            0.9996563196182251,
            -0.011835097335278988,
            0.023391518741846085,
            0.0
          ],
          [
            0.010043047368526459,
            0.9971106052398682,
            0.07529672235250473,
            0.0
          ],
          [
            -0.024215074256062508,
            -0.07503592222929001,
            0.9968867897987366,
            0.0
          ],
          [
            0.0,
            0.0,
            0.0,
            1.0
          ]
        ],
        "rotation_mode": "QUATERNION"
      },
      "armature_space": {
        "head": {
          "x": 0.5454771518707275,
          "y": 0.026547107845544815,
          "z": 0.15969039499759674
        },
        "tail": {
          "x": 0.5643149018287659,
          "y": 0.031431086361408234,
          "z": 0.13884907960891724
        }
      },
      "world_space": {
        "head": {
          "x": 0.5454771518707275,
          "y": 0.08979110419750214,
          "z": 1.1095443964004517
        },
        "tail": {
          "x": 0.5643149018287659,
          "y": 0.09467508643865585,
          "z": 1.0887031555175781
        },
        "rotation_quaternion": {
          "w": 0.4407252073287964,
          "x": -0.6278925538063049,
          "y": -0.6256206035614014,
          "z": 0.14181464910507202
        },
        "matrix": [
          [
            0.17697076499462128,
            0.660641074180603,
            -0.7295442819595337,
            0.5454771518707275
          ],
          [
            0.9106490612030029,
            0.1712813526391983,
            0.3760071098804474,
            0.08979110419750214
          ],
          [
            0.37336674332618713,
            -0.7309059500694275,
            -0.57130366563797,
            1.1095443964004517
          ],
          [
            0.0,
            0.0,
            0.0,
            1.0
          ]
        ]
      },
      "bone_length_armature_space": 0.028514461355041213,
      "parent": "metacarpal_index_l",
      "has_children": true,
      "is_end_bone": false
    },
    "index_02_l": {
      "name": "index_02_l",
      "local": {
        "location": {
          "x": 0.0,
          "y": 0.0,
          "z": 0.0
        },
        "rotation_quaternion": {
          "w": 0.9801023006439209,
          "x": 0.19833442568778992,
          "y": 0.007298155687749386,
          "z": 0.0031015025451779366
        },
        "scale": {
          "x": 1.0,
          "y": 1.0,
          "z": 1.0
        },
        "matrix_basis": [
          [
            0.9998742341995239,
            -0.003184628440067172,
            0.015536148101091385,
            0.0
          ],
          [
            0.0089745307341218,
            0.9213076829910278,
            -0.3887307941913605,
            0.0
          ],
          [
            -0.013075608760118484,
            0.3888213336467743,
            0.9212203621864319,
            0.0
          ],
          [
            0.0,
            0.0,
            0.0,
            1.0
          ]
        ],
        "rotation_mode": "QUATERNION"
      },
      "armature_space": {
        "head": {
          "x": 0.5643149018287659,
          "y": 0.031431056559085846,
          "z": 0.13884852826595306
        },
        "tail": {
          "x": 0.5734984874725342,
          "y": 0.03897448629140854,
          "z": 0.11611407995223999
        }
      },
      "world_space": {
        "head": {
          "x": 0.5643149018287659,
          "y": 0.09467505663633347,
          "z": 1.0887025594711304
        },
        "tail": {
          "x": 0.5734984874725342,
          "y": 0.10221848636865616,
          "z": 1.0659680366516113
        },
        "rotation_quaternion": {
          "w": 0.5301925539970398,
          "x": -0.5304383039474487,
          "y": -0.6049163341522217,
          "z": 0.2675955891609192
        },
        "matrix": [
          [
            0.12493821233510971,
            0.3579898774623871,
            -0.9253289699554443,
            0.5643149018287659
          ],
          [
            0.9254965782165527,
            0.29405343532562256,
            0.23872384428977966,
            0.09467505663633347
          ],
          [
            0.35756054520606995,
            -0.8862202167510986,
            -0.29458144307136536,
            1.0887025594711304
          ],
          [
            0.0,
            0.0,
            0.0,
            1.0
          ]
        ]
      },
      "bone_length_armature_space": 0.02565339616300931,
      "parent": "index_01_l",
      "has_children": true,
      "is_end_bone": false
    },
    "index_03_l": {
      "name": "index_03_l",
      "local": {
        "location": {
          "x": 0.0,
          "y": 0.0,
          "z": 0.0
        },
        "rotation_quaternion": {
          "w": 0.9755357503890991,
          "x": 0.2198360562324524,
          "y": -0.00130899203941226,
          "z": -0.0006927909562364221
        },
        "scale": {
          "x": 1.0,
          "y": 1.0,
          "z": 1.0
        },
        "matrix_basis": [
          [
            0.9999955892562866,
            0.0007761574233882129,
            -0.0028585379477590322,
            0.0
          ],
          [
            -0.0019272119970992208,
            0.9033432602882385,
            -0.42891404032707214,
            0.0
          ],
          [
            0.002249336102977395,
            0.42891767621040344,
            0.9033408164978027,
            0.0
          ],
          [
            0.0,
            0.0,
            0.0,
            1.0
          ]
        ],
        "rotation_mode": "QUATERNION"
      },
      "armature_space": {
        "head": {
          "x": 0.5734986066818237,
          "y": 0.03897442668676376,
          "z": 0.11611413210630417
        },
        "tail": {
          "x": 0.5691872835159302,
          "y": 0.05286697670817375,
          "z": 0.09077346324920654
        }
      },
      "world_space": {
        "head": {
          "x": 0.5734986066818237,
          "y": 0.10221842676401138,
          "z": 1.0659681558609009
        },
        "tail": {
          "x": 0.5691872835159302,
          "y": 0.11611098051071167,
          "z": 1.0406274795532227
        },
        "rotation_quaternion": {
          "w": 0.6786203980445862,
          "x": -0.34623655676841736,
          "y": -0.526506245136261,
          "z": 0.3773404359817505
        },
        "matrix": [
          [
            0.1608113795518875,
            -0.14755317568778992,
            -0.9758932590484619,
            0.5734986066818237
          ],
          [
            0.8767339587211609,
            0.4754680395126343,
            0.0725816935300827,
            0.10221842676401138
          ],
          [
            0.4533006250858307,
            -0.8672760725021362,
            0.2058272361755371,
            1.0659681558609009
          ],
          [
            0.0,
            0.0,
            0.0,
            1.0
          ]
        ]
      },
      "bone_length_armature_space": 0.02921882822093129,
      "parent": "index_02_l",
      "has_children": false,
      "is_end_bone": true
    },
    "metacarpal_pinky_l": {
      "name": "metacarpal_pinky_l",
      "local": {
        "location": {
          "x": 0.0,
          "y": 0.0,
          "z": 0.0
        },
        "rotation_quaternion": {
          "w": 0.9995773434638977,
          "x": -0.027628609910607338,
          "y": 0.003776157507672906,
          "z": -0.008220831863582134
        },
        "scale": {
          "x": 1.0,
          "y": 1.0,
          "z": 1.0
        },
        "matrix_basis": [
          [
            0.9998363256454468,
            0.01622605510056019,
            0.008003382943570614,
            0.0
          ],
          [
            -0.016643375158309937,
            0.9983381628990173,
            0.05517178028821945,
            0.0
          ],
          [
            -0.007094862870872021,
            -0.055295951664447784,
            0.9984447956085205,
            0.0
          ],
          [
            0.0,
            0.0,
            0.0,
            1.0
          ]
        ],
        "rotation_mode": "QUATERNION"
      },
      "armature_space": {
        "head": {
          "x": 0.4968174397945404,
          "y": 0.03648398071527481,
          "z": 0.2658170461654663
        },
        "tail": {
          "x": 0.5738500952720642,
          "y": 0.06779602915048599,
          "z": 0.20313693583011627
        }
      },
      "world_space": {
        "head": {
          "x": 0.4968174397945404,
          "y": 0.09972798079252243,
          "z": 1.2156710624694824
        },
        "tail": {
          "x": 0.5738500952720642,
          "y": 0.1310400366783142,
          "z": 1.1529909372329712
        },
        "rotation_quaternion": {
          "w": 0.45850589871406555,
          "x": 0.16513055562973022,
          "y": 0.6634174585342407,
          "z": -0.5677865147590637
        },
        "matrix": [
          [
            -0.5250069499015808,
            0.7397682666778564,
            0.42084503173828125,
            0.4968174397945404
          ],
          [
            -0.30156999826431274,
            0.3006993234157562,
            -0.9047849178314209,
            0.09972798079252243
          ],
          [
            -0.7958847284317017,
            -0.6019365191459656,
            0.06522185355424881,
            1.2156710624694824
          ],
          [
            0.0,
            0.0,
            0.0,
            1.0
          ]
        ]
      },
      "bone_length_armature_space": 0.10413102599463986,
      "parent": "lowerarm_l",
      "has_children": true,
      "is_end_bone": false
    },
    "pinky_01_l": {
      "name": "pinky_01_l",
      "local": {
        "location": {
          "x": 0.0,
          "y": 0.0,
          "z": 0.0
        },
        "rotation_quaternion": {
          "w": 0.9987748861312866,
          "x": 0.04843711853027344,
          "y": -0.003190250601619482,
          "z": 0.009619678370654583
        },
        "scale": {
          "x": 1.0,
          "y": 1.0,
          "z": 1.0
        },
        "matrix_basis": [
          [
            0.9997945427894592,
            -0.019524838775396347,
            -0.005440785549581051,
            0.0
          ],
          [
            0.0189067330211401,
            0.9951226115226746,
            -0.09681693464517593,
            0.0
          ],
          [
            0.0073045832104980946,
            0.09669417887926102,
            0.9952873587608337,
            0.0
          ],
          [
            0.0,
            0.0,
            0.0,
            1.0
          ]
        ],
        "rotation_mode": "QUATERNION"
      },
      "armature_space": {
        "head": {
          "x": 0.5738500952720642,
          "y": 0.06779602915048599,
          "z": 0.20313693583011627
        },
        "tail": {
          "x": 0.5857225656509399,
