{
  "metadata": {
    "armature_name": "KIM_caucasian_male",
    "export_time": "2026-01-13T21:01:21.292882",
    "blender_version": "4.4.1",
    "bone_count": 56,
    "end_bone_count": 13,
    "spaces_included": [
      "LOCAL_CHANNELS",
      "ARMATURE_SPACE",
      "WORLD_SPACE"
    ],
    "note": "LOCAL matches Transform panel; replay pose via local.matrix_basis for best fidelity."
  },
  "bones": {
    "Root": {
      "name": "Root",
      "local": {
        "location": {
          "x": 0.0,
          "y": 0.0,
          "z": 0.0
        },
        "rotation_quaternion": {
          "w": 0.9994970560073853,
          "x": -0.019695278257131577,
          "y": -0.01725483126938343,
          "z": 0.017891667783260345
        },
        "scale": {
          "x": 1.0,
          "y": 1.0,
          "z": 1.0
        },
        "matrix_basis": [
          [
            0.9987643361091614,
            -0.035085659474134445,
            -0.03519706800580025,
            0.0
          ],
          [
            0.0364450141787529,
            0.998583972454071,
            0.03875330835580826,
            0.0
          ],
          [
            0.03378754481673241,
            -0.03998818248510361,
            0.9986287355422974,
            0.0
          ],
          [
            0.0,
            0.0,
            0.0,
            1.0
          ]
        ],
        "rotation_mode": "QUATERNION"
      },
      "armature_space": {
        "head": {
          "x": 0.0,
          "y": 0.07072800397872925,
          "z": -0.009595036506652832
        },
        "tail": {
          "x": -0.0025042693596333265,
          "y": 0.0004838407039642334,
          "z": 0.002814716659486294
        }
      },
      "world_space": {
        "head": {
          "x": 0.0,
          "y": 0.13397200405597687,
          "z": 0.9402589797973633
        },
        "tail": {
          "x": -0.0025042693596333265,
          "y": 0.06372784078121185,
          "z": 0.9526687264442444
        },
        "rotation_quaternion": {
          "w": 0.08698432147502899,
          "x": 0.9958996176719666,
          "y": -0.01901344582438469,
          "z": -0.016010310500860214
        },
        "matrix": [
          [
            0.9987643361091614,
            -0.035085659474134445,
            -0.03519706800580025,
            0.0
          ],
          [
            -0.040656257420778275,
            -0.984144389629364,
            -0.1726469099521637,
            0.13397200405597687
          ],
          [
            -0.028581805527210236,
            0.17386482656002045,
            -0.9843617677688599,
            0.9402589797973633
          ],
          [
            0.0,
            0.0,
            0.0,
            1.0
          ]
        ]
      },
      "bone_length_armature_space": 0.07137587687097734,
      "parent": null,
      "has_children": true,
      "is_end_bone": false
    },
    "spine_01": {
      "name": "spine_01",
      "local": {
        "location": {
          "x": 0.0,
          "y": 0.0,
          "z": 0.0
        },
        "rotation_quaternion": {
          "w": 0.9966756105422974,
          "x": 0.07144929468631744,
          "y": -0.021379685029387474,
          "z": -0.03279846906661987
        },
        "scale": {
          "x": 1.0,
          "y": 1.0,
          "z": 1.0
        },
        "matrix_basis": [
          [
            0.9969343543052673,
            0.06232374161481857,
            -0.047304075211286545,
            0.0
          ],
          [
            -0.06843399256467819,
            0.987638533115387,
            -0.14102110266685486,
            0.0
          ],
          [
            0.03793036565184593,
            0.1438259780406952,
            0.9888758063316345,
            0.0
          ],
          [
            0.0,
            0.0,
            0.0,
            1.0
          ]
        ],
        "rotation_mode": "QUATERNION"
      },
      "armature_space": {
        "head": {
          "x": -0.0025042693596333265,
          "y": 0.0004838407039642334,
          "z": 0.002814716659486294
        },
        "tail": {
          "x": 0.04061242565512657,
          "y": -0.029463449493050575,
          "z": 0.4879874587059021
        }
      },
      "world_space": {
        "head": {
          "x": -0.0025042693596333265,
          "y": 0.06372784078121185,
          "z": 0.9526687264442444
        },
        "tail": {
          "x": 0.04061242565512657,
          "y": 0.033780552446842194,
          "z": 1.4378414154052734
        },
        "rotation_quaternion": {
          "w": 0.6850650906562805,
          "x": 0.7257558703422546,
          "y": 0.001452497555874288,
          "z": -0.06294684112071991
        },
        "matrix": [
          [
            0.992071270942688,
            0.08835366368293762,
            -0.08937731385231018,
            -0.0025042693596333265
          ],
          [
            -0.08413642644882202,
            -0.06136724352836609,
            -0.9945628643035889,
            0.06372784078121185
          ],
          [
            -0.0933588296175003,
            0.9942039251327515,
            -0.05344820022583008,
            0.9526687264442444
          ],
          [
            0.0,
            0.0,
            0.0,
            1.0
          ]
        ]
      },
      "bone_length_armature_space": 0.48800460041396765,
      "parent": "Root",
      "has_children": true,
      "is_end_bone": false
    },
    "neck_01": {
      "name": "neck_01",
      "local": {
        "location": {
          "x": 0.0,
          "y": 0.0,
          "z": 0.0
        },
        "rotation_quaternion": {
          "w": 0.9894804954528809,
          "x": -0.10172432661056519,
          "y": -0.059967879205942154,
          "z": 0.08357317745685577
        },
        "scale": {
          "x": 1.0,
          "y": 1.0,
          "z": 1.0
        },
        "matrix_basis": [
          [
            0.9788387417793274,
            -0.15318767726421356,
            -0.13567695021629333,
            0.0
          ],
          [
            0.17758844792842865,
            0.9653353691101074,
            0.19128505885601044,
            0.0
          ],
          [
            0.1016712412238121,
            -0.21133188903331757,
            0.9721119999885559,
            0.0
          ],
          [
            0.0,
            0.0,
            0.0,
            1.0
          ]
        ],
        "rotation_mode": "QUATERNION"
      },
      "armature_space": {
        "head": {
          "x": 0.04398190230131149,
          "y": -0.06844854354858398,
          "z": 0.5589279532432556
        },
        "tail": {
          "x": 0.035688769072294235,
          "y": -0.09068968892097473,
          "z": 0.6586641669273376
        }
      },
      "world_space": {
        "head": {
          "x": 0.04398190230131149,
          "y": -0.005204543471336365,
          "z": 1.508781909942627
        },
        "tail": {
          "x": 0.035688769072294235,
          "y": -0.027445688843727112,
          "z": 1.608518123626709
        },
        "rotation_quaternion": {
          "w": 0.6164740324020386,
          "x": 0.7769452929496765,
          "y": -0.10718566179275513,
          "z": -0.06947832554578781
        },
        "matrix": [
          [
            0.967367947101593,
            -0.08089177310466766,
            -0.24011635780334473,
            0.04398190230131149
          ],
          [
            -0.25221824645996094,
            -0.21694160997867584,
            -0.9430390000343323,
            -0.005204543471336365
          ],
          [
            0.024192795157432556,
            0.9728338718414307,
            -0.2302672564983368,
            1.508781909942627
          ],
          [
            0.0,
            0.0,
            0.0,
            1.0
          ]
        ]
      },
      "bone_length_armature_space": 0.10252198143730701,
      "parent": "spine_01",
      "has_children": true,
      "is_end_bone": false
    },
    "head": {
      "name": "head",
      "local": {
        "location": {
          "x": 0.0,
          "y": 0.0,
          "z": 0.0
        },
        "rotation_quaternion": {
          "w": 0.9912761449813843,
          "x": -0.03588923439383507,
          "y": -0.02389201708137989,
          "z": -0.12455060333013535
        },
        "scale": {
          "x": 1.0,
          "y": 1.0,
          "z": 1.0
        },
        "matrix_basis": [
          [
            0.967832624912262,
            0.24864301085472107,
            -0.03842712193727493,
            0.0
          ],
          [
            -0.24521315097808838,
            0.9663982391357422,
            0.07710381597280502,
            0.0
          ],
          [
            0.05630722641944885,
            -0.06520075350999832,
            0.9962822794914246,
            0.0
          ],
          [
            0.0,
            0.0,
            0.0,
            1.0
          ]
        ],
        "rotation_mode": "QUATERNION"
      },
      "armature_space": {
        "head": {
          "x": 0.03568873926997185,
          "y": -0.09068982303142548,
          "z": 0.6586640477180481
        },
        "tail": {
          "x": 0.0771665871143341,
          "y": -0.07004446536302567,
          "z": 0.806672990322113
        }
      },
      "world_space": {
        "head": {
          "x": 0.03568873926997185,
          "y": -0.027445822954177856,
          "z": 1.608518123626709
        },
        "tail": {
          "x": 0.0771665871143341,
          "y": -0.006800465285778046,
          "z": 1.7565269470214844
        },
        "rotation_quaternion": {
          "w": 0.7522233128547668,
          "x": 0.6272072196006775,
          "y": -0.026819102466106415,
          "z": -0.20013034343719482
        },
        "matrix": [
          [
            0.9184567332267761,
            0.26744332909584045,
            -0.29139575362205505,
            0.03568873926997185
          ],
          [
            -0.33472922444343567,
            0.1331183910369873,
            -0.9328644871711731,
            -0.027445822954177856
          ],
          [
            -0.21070000529289246,
            0.9543410539627075,
            0.21178510785102844,
            1.608518123626709
          ],
          [
            0.0,
            0.0,
            0.0,
            1.0
          ]
        ]
      },
      "bone_length_armature_space": 0.15509123268976852,
      "parent": "neck_01",
      "has_children": false,
      "is_end_bone": true
    },
    "upperarm_l": {
      "name": "upperarm_l",
      "local": {
        "location": {
          "x": 0.0,
          "y": 0.0,
          "z": 0.0
        },
        "rotation_quaternion": {
          "w": 0.7307517528533936,
          "x": 0.4032612442970276,
          "y": 0.40772342681884766,
          "z": 0.3703295588493347
        },
        "scale": {
          "x": 1.0,
          "y": 1.0,
          "z": 1.0
        },
        "matrix_basis": [
          [
            0.3932352364063263,
            -0.21239984035491943,
            0.8945683240890503,
            0.0
          ],
          [
            0.870076060295105,
            0.4004727602005005,
            -0.28738364577293396,
            0.0
          ],
          [
            -0.29721009731292725,
            0.8913518190383911,
            0.3422839641571045,
            0.0
          ],
          [
            0.0,
            0.0,
            0.0,
            1.0
          ]
        ],
        "rotation_mode": "QUATERNION"
      },
      "armature_space": {
        "head": {
          "x": 0.18656951189041138,
          "y": -0.08011644333600998,
          "z": 0.47793546319007874
        },
        "tail": {
          "x": 0.2865877151489258,
          "y": -0.32748687267303467,
          "z": 0.5026714205741882
        }
      },
      "world_space": {
        "head": {
          "x": 0.18656951189041138,
          "y": -0.01687244325876236,
          "z": 1.4277894496917725
        },
        "tail": {
          "x": 0.2865877151489258,
          "y": -0.26424288749694824,
          "z": 1.4525253772735596
        },
        "rotation_quaternion": {
          "w": 0.08974835276603699,
          "x": 0.954084575176239,
          "y": 0.17430029809474945,
          "z": -0.2264673113822937
        },
        "matrix": [
          [
            0.836664080619812,
            0.37324485182762146,
            -0.40085136890411377,
            0.18656951189041138
          ],
          [
            0.29194435477256775,
            -0.9231293201446533,
            -0.250202476978302,
            -0.01687244325876236
          ],
          [
            -0.46342727541923523,
            0.09230896085500717,
            -0.881321907043457,
            1.4277894496917725
          ],
          [
            0.0,
            0.0,
            0.0,
            1.0
          ]
        ]
      },
      "bone_length_armature_space": 0.26796946451189885,
      "parent": "spine_01",
      "has_children": true,
      "is_end_bone": false
    },
    "lowerarm_l": {
      "name": "lowerarm_l",
      "local": {
        "location": {
          "x": 0.0,
          "y": 0.0,
          "z": 0.0
        },
        "rotation_quaternion": {
          "w": 0.8437402248382568,
          "x": 0.4778580069541931,
          "y": 0.19589689373970032,
          "z": -0.14621447026729584
        },
        "scale": {
          "x": 1.0,
          "y": 1.0,
          "z": 1.0
        },
        "matrix_basis": [
          [
            0.8804914951324463,
            0.4339558482170105,
            0.19083267450332642,
            0.0
          ],
          [
            -0.05951226130127907,
            0.5005460977554321,
            -0.8636619448661804,
            0.0
          ],
          [
            -0.47031170129776,
            0.7490901350975037,
            0.4665522575378418,
            0.0
          ],
          [
            0.0,
            0.0,
            0.0,
            1.0
          ]
        ],
        "rotation_mode": "QUATERNION"
      },
      "armature_space": {
        "head": {
          "x": 0.286587655544281,
          "y": -0.3274870216846466,
          "z": 0.5026714205741882
        },
        "tail": {
          "x": 0.30245476961135864,
          "y": -0.467340886592865,
          "z": 0.27516478300094604
        }
      },
      "world_space": {
        "head": {
          "x": 0.286587655544281,
          "y": -0.2642430067062378,
          "z": 1.4525253772735596
        },
        "tail": {
          "x": 0.30245476961135864,
          "y": -0.40409690141677856,
          "z": 1.2250187397003174
        },
        "rotation_quaternion": {
          "w": 0.4761958420276642,
          "x": -0.8620954751968384,
          "y": -0.10886956751346588,
          "z": 0.13481982052326202
        },
        "matrix": [
          [
            0.9399422407150269,
            0.059310853481292725,
            -0.33614158630371094,
            0.286587655544281
          ],
          [
            0.3161134123802185,
            -0.5227704048156738,
            0.7916967272758484,
            -0.2642430067062378
          ],
          [
            -0.1287691593170166,
            -0.8504142761230469,
            -0.5101256966590881,
            1.4525253772735596
          ],
          [
            0.0,
            0.0,
            0.0,
            1.0
          ]
        ]
      },
      "bone_length_armature_space": 0.26752595834568843,
      "parent": "upperarm_l",
      "has_children": true,
      "is_end_bone": false
    },
    "metacarpal_thumb_l": {
      "name": "metacarpal_thumb_l",
      "local": {
        "location": {
          "x": 0.0,
          "y": 0.0,
          "z": 0.0
        },
        "rotation_quaternion": {
          "w": 0.9998774528503418,
          "x": -0.011288059875369072,
          "y": -0.010783996433019638,
          "z": 0.0011943530989810824
        },
        "scale": {
          "x": 1.0,
          "y": 1.0,
          "z": 1.0
        },
        "matrix_basis": [
          [
            0.9997645616531372,
            -0.0021449527703225613,
            -0.021592313423752785,
            0.0
          ],
          [
            0.0026318742893636227,
            0.999742329120636,
            0.022547593340277672,
            0.0
          ],
          [
            0.02153838612139225,
            -0.02259911224246025,
            0.9995125532150269,
            0.0
          ],
          [
            0.0,
            0.0,
            0.0,
            1.0
          ]
        ],
        "rotation_mode": "QUATERNION"
      },
      "armature_space": {
        "head": {
          "x": 0.30245476961135864,
          "y": -0.467340886592865,
          "z": 0.27516478300094604
        },
        "tail": {
          "x": 0.30239546298980713,
          "y": -0.46214619278907776,
          "z": 0.2259039580821991
        }
      },
      "world_space": {
        "head": {
          "x": 0.30245476961135864,
          "y": -0.40409690141677856,
          "z": 1.2250187397003174
        },
        "tail": {
          "x": 0.30239546298980713,
          "y": -0.39890217781066895,
          "z": 1.1757580041885376
        },
        "rotation_quaternion": {
          "w": 0.6197060942649841,
          "x": -0.5582363605499268,
          "y": 0.4103664755821228,
          "z": -0.3686950206756592
        },
        "matrix": [
          [
            0.3913273513317108,
            -0.001197073608636856,
            0.9202508926391602,
            0.30245476961135864
          ],
          [
            -0.9151278734207153,
            0.10487218201160431,
            0.3892854154109955,
            -0.40409690141677856
          ],
          [
            -0.09697621315717697,
            -0.9944918155670166,
            0.03994457423686981,
            1.2250187397003174
          ],
          [
            0.0,
            0.0,
            0.0,
            1.0
          ]
        ]
      },
      "bone_length_armature_space": 0.049534001617169435,
      "parent": "lowerarm_l",
      "has_children": true,
      "is_end_bone": false
    },
    "thumb_01_l": {
      "name": "thumb_01_l",
      "local": {
        "location": {
          "x": 0.0,
          "y": 0.0,
          "z": 0.0
        },
        "rotation_quaternion": {
          "w": 0.9818469285964966,
          "x": 0.18948134779930115,
          "y": 0.00612666504457593,
          "z": -0.005993255414068699
        },
        "scale": {
          "x": 1.0,
          "y": 1.0,
          "z": 1.0
        },
        "matrix_basis": [
          [
            0.9998530745506287,
            0.014090696349740028,
            0.009759673848748207,
            0.0
          ],
          [
            -0.00944714155048132,
            0.92812180519104,
            -0.3721567988395691,
            0.0
          ],
          [
            -0.014302114956080914,
            0.37200993299484253,
            0.9281185865402222,
            0.0
          ],
          [
            0.0,
            0.0,
            0.0,
            1.0
          ]
        ],
        "rotation_mode": "QUATERNION"
      },
      "armature_space": {
        "head": {
          "x": 0.30239546298980713,
          "y": -0.46214619278907776,
          "z": 0.2259039580821991
        },
        "tail": {
          "x": 0.3280703127384186,
          "y": -0.45838662981987,
          "z": 0.20387446880340576
        }
      },
      "world_space": {
        "head": {
          "x": 0.30239546298980713,
          "y": -0.39890217781066895,
          "z": 1.1757580041885376
        },
        "tail": {
          "x": 0.3280703127384186,
          "y": -0.3951426148414612,
          "z": 1.1537284851074219
        },
        "rotation_quaternion": {
          "w": 0.36783093214035034,
          "x": 0.22579579055309296,
          "y": 0.6480173468589783,
          "z": -0.6275272369384766
        },
        "matrix": [
          [
            -0.6274328827857971,
            0.7542871832847595,
            0.19333669543266296,
            0.30239546298980713
          ],
          [
            -0.16901251673698425,
            0.11045026779174805,
            -0.97940593957901,
            -0.39890217781066895
          ],
          [
            -0.760112464427948,
            -0.6471920609474182,
            0.0581832230091095,
            1.1757580041885376
          ],
          [
            0.0,
            0.0,
            0.0,
            1.0
          ]
        ]
      },
      "bone_length_armature_space": 0.034038663751915665,
      "parent": "metacarpal_thumb_l",
      "has_children": true,
      "is_end_bone": false
    },
    "thumb_02_l": {
      "name": "thumb_02_l",
      "local": {
        "location": {
          "x": 0.0,
          "y": 0.0,
          "z": 0.0
        },
        "rotation_quaternion": {
          "w": 0.9281707406044006,
          "x": 0.3718799948692322,
          "y": 0.007444353774189949,
          "z": 0.012204860337078571
        },
        "scale": {
          "x": 1.0,
          "y": 1.0,
          "z": 1.0
        },
        "matrix_basis": [
          [
            0.9995912313461304,
            -0.017119575291872025,
            0.022896749898791313,
            0.0
          ],
          [
            0.02819320186972618,
            0.7231126427650452,
            -0.6901545524597168,
            0.0
          ],
          [
            -0.004741775803267956,
            0.6905179619789124,
            0.7232996821403503,
            0.0
          ],
          [
            0.0,
            0.0,
            0.0,
            1.0
          ]
        ],
        "rotation_mode": "QUATERNION"
      },
      "armature_space": {
        "head": {
          "x": 0.32807034254074097,
          "y": -0.4583865702152252,
          "z": 0.20387449860572815
        },
        "tail": {
          "x": 0.31052252650260925,
          "y": -0.49271631240844727,
          "z": 0.19261719286441803
        }
      },
      "world_space": {
        "head": {
          "x": 0.32807034254074097,
          "y": -0.3951425552368164,
          "z": 1.1537284851074219
        },
        "tail": {
          "x": 0.31052252650260925,
          "y": -0.42947232723236084,
          "z": 1.142471194267273
        },
        "rotation_quaternion": {
          "w": 0.2623566687107086,
          "x": -0.32069212198257446,
          "y": -0.06167594715952873,
          "z": 0.908031702041626
        },
        "matrix": [
          [
            -0.6566505432128906,
            -0.4368995130062103,
            -0.6147592663764954,
            0.32807034254074097
          ],
          [
            0.5160145163536072,
            -0.8547301888465881,
            0.056265681982040405,
            -0.3951425552368164
          ],
          [
            -0.5500388145446777,
            -0.28028059005737305,
            0.786710798740387,
            1.1537284851074219
          ],
          [
            0.0,
            0.0,
            0.0,
            1.0
          ]
        ]
      },
      "bone_length_armature_space": 0.040164461838514666,
      "parent": "thumb_01_l",
      "has_children": true,
      "is_end_bone": false
    },
    "thumb_03_l": {
      "name": "thumb_03_l",
      "local": {
        "location": {
          "x": 0.0,
          "y": 0.0,
          "z": 0.0
        },
        "rotation_quaternion": {
          "w": 0.9814504384994507,
          "x": 0.19157136976718903,
          "y": 0.007448061369359493,
          "z": 0.00018059351714327931
        },
        "scale": {
          "x": 1.0,
          "y": 1.0,
          "z": 1.0
        },
        "matrix_basis": [
          [
            0.9998890161514282,
            0.0024991834070533514,
            0.014688999392092228,
            0.0
          ],
          [
            0.003208157839253545,
            0.9266007542610168,
            -0.37603291869163513,
            0.0
          ],
          [
            -0.01455061323940754,
            0.3760383129119873,
            0.9264898896217346,
            0.0
          ],
          [
            0.0,
            0.0,
            0.0,
            1.0
          ]
        ],
        "rotation_mode": "QUATERNION"
      },
      "armature_space": {
        "head": {
          "x": 0.31052255630493164,
          "y": -0.4927162230014801,
          "z": 0.19261713325977325
        },
        "tail": {
          "x": 0.2887846827507019,
          "y": -0.5127602815628052,
          "z": 0.19986926019191742
        }
      },
      "world_space": {
        "head": {
          "x": 0.31052255630493164,
          "y": -0.4294722080230713,
          "z": 1.142471194267273
        },
        "tail": {
          "x": 0.2887846827507019,
          "y": -0.44951629638671875,
          "z": 1.1497232913970947
        },
        "rotation_quaternion": {
          "w": 0.29006198048591614,
          "x": -0.413073867559433,
          "y": 0.29441118240356445,
          "z": 0.8115147948265076
        },
        "matrix": [
          [
            -0.4904678165912628,
            -0.7140070199966431,
            -0.4996354281902313,
            0.31052255630493164
          ],
          [
            0.22755248844623566,
            -0.6583718061447144,
            0.7174727320671082,
            -0.4294722080230713
          ],
          [
            -0.8412315845489502,
            0.2382049262523651,
            0.48538827896118164,
            1.142471194267273
          ],
          [
            0.0,
            0.0,
            0.0,
            1.0
          ]
        ]
      },
      "bone_length_armature_space": 0.030444913960841546,
      "parent": "thumb_02_l",
      "has_children": false,
      "is_end_bone": true
    },
    "metacarpal_index_l": {
      "name": "metacarpal_index_l",
      "local": {
        "location": {
          "x": 0.0,
          "y": 0.0,
          "z": 0.0
        },
        "rotation_quaternion": {
          "w": 0.9999224543571472,
          "x": -0.0070176562294363976,
          "y": 0.00022539080237038434,
          "z": 0.01029353216290474
        },
        "scale": {
          "x": 1.0,
          "y": 1.0,
          "z": 1.0
        },
        "matrix_basis": [
          [
            0.9997879862785339,
            -0.020588630810379982,
            0.0003062736941501498,
            0.0
          ],
          [
            0.020582305267453194,
            0.9996895790100098,
            0.014038864523172379,
            0.0
          ],
          [
            -0.0005952196079306304,
            -0.014029583893716335,
            0.9999014139175415,
            0.0
          ],
          [
            0.0,
            0.0,
            0.0,
            1.0
          ]
        ],
        "rotation_mode": "QUATERNION"
      },
      "armature_space": {
        "head": {
          "x": 0.30245476961135864,
          "y": -0.467340886592865,
          "z": 0.27516478300094604
        },
        "tail": {
          "x": 0.2996874749660492,
          "y": -0.4953976273536682,
          "z": 0.16143456101417542
        }
      },
      "world_space": {
        "head": {
          "x": 0.30245476961135864,
          "y": -0.40409690141677856,
          "z": 1.2250187397003174
        },
        "tail": {
          "x": 0.2996874749660492,
          "y": -0.4321536421775818,
          "z": 1.1112885475158691
        },
        "rotation_quaternion": {
          "w": 0.586140513420105,
          "x": -0.7539876699447632,
          "y": 0.1916108876466751,
          "z": -0.22633439302444458
        },
        "matrix": [
          [
            0.8241162896156311,
            -0.023617342114448547,
            0.5659283995628357,
            0.30245476961135864
          ],
          [
            -0.5542718172073364,
            -0.2394496202468872,
            0.7971493005752563,
            -0.40409690141677856
          ],
          [
            0.11668515205383301,
            -0.9706284999847412,
            -0.21042540669441223,
            1.2250187397003174
          ],
          [
            0.0,
            0.0,
            0.0,
            1.0
          ]
        ]
      },
      "bone_length_armature_space": 0.11717253208496874,
      "parent": "lowerarm_l",
      "has_children": true,
      "is_end_bone": false
    },
    "index_01_l": {
      "name": "index_01_l",
      "local": {
        "location": {
          "x": 0.0,
          "y": 0.0,
          "z": 0.0
        },
        "rotation_quaternion": {
          "w": 0.9731844663619995,
          "x": 0.22978805005550385,
          "y": -0.0031282897107303143,
          "z": 0.009993099607527256
        },
        "scale": {
          "x": 1.0,
          "y": 1.0,
          "z": 1.0
        },
        "matrix_basis": [
          [
            0.9997807145118713,
            -0.0208879467099905,
            -0.0014962161658331752,
            0.0
          ],
          [
            0.018012572079896927,
            0.8941951990127563,
            -0.4473148584365845,
            0.0
          ],
          [
            0.010681395418941975,
            0.4471898078918457,
            0.8943753242492676,
            0.0
          ],
          [
            0.0,
            0.0,
            0.0,
            1.0
          ]
        ],
        "rotation_mode": "QUATERNION"
      },
      "armature_space": {
        "head": {
          "x": 0.2996874749660492,
          "y": -0.4953976273536682,
          "z": 0.16143456101417542
        },
        "tail": {
          "x": 0.311680406332016,
          "y": -0.4990689158439636,
          "z": 0.13582655787467957
        }
      },
      "world_space": {
        "head": {
          "x": 0.2996874749660492,
          "y": -0.4321536421775818,
          "z": 1.1112885475158691
        },
        "tail": {
          "x": 0.311680406332016,
          "y": -0.4358249306678772,
          "z": 1.085680603981018
        },
        "rotation_quaternion": {
          "w": 0.6599513292312622,
          "x": -0.6757302284240723,
          "y": 0.009396238252520561,
          "z": -0.3282751739025116
        },
        "matrix": [
          [
            0.7842927575111389,
            0.42059293389320374,
            0.45605573058128357,
            0.2996874749660492
          ],
          [
            -0.44599243998527527,
            -0.1287527084350586,
            0.8857279419898987,
            -0.4321536421775818
          ],
          [
            0.43125179409980774,
            -0.8980734348297119,
            0.08660286664962769,
            1.1112885475158691
          ],
          [
            0.0,
            0.0,
            0.0,
            1.0
          ]
        ]
      },
      "bone_length_armature_space": 0.028514533104801173,
      "parent": "metacarpal_index_l",
      "has_children": true,
      "is_end_bone": false
    },
    "index_02_l": {
      "name": "index_02_l",
      "local": {
        "location": {
          "x": 0.0,
          "y": 0.0,
          "z": 0.0
        },
        "rotation_quaternion": {
          "w": 0.9017516374588013,
          "x": 0.43204614520072937,
          "y": -0.009071435779333115,
          "z": -0.009894436225295067
        },
        "scale": {
          "x": 1.0,
          "y": 1.0,
          "z": 1.0
        },
        "matrix_basis": [
          [
            0.999639630317688,
            0.010006090626120567,
            -0.02491007000207901,
            0.0
          ],
          [
            -0.0256832055747509,
            0.6264764666557312,
            -0.7790171504020691,
            0.0
          ],
          [
            0.007810657843947411,
            0.7793761491775513,
            0.6265076994895935,
            0.0
          ],
          [
            0.0,
            0.0,
            0.0,
            1.0
          ]
        ],
        "rotation_mode": "QUATERNION"
      },
      "armature_space": {
        "head": {
          "x": 0.31168055534362793,
          "y": -0.49906861782073975,
          "z": 0.13582614064216614
        },
        "tail": {
          "x": 0.327159583568573,
          "y": -0.4838046133518219,
          "z": 0.12220623344182968
        }
      },
      "world_space": {
        "head": {
          "x": 0.31168055534362793,
          "y": -0.4358246326446533,
          "z": 1.0856801271438599
        },
        "tail": {
          "x": 0.327159583568573,
          "y": -0.4205605983734131,
          "z": 1.072060227394104
        },
        "rotation_quaternion": {
          "w": 0.8778502345085144,
          "x": -0.3542321026325226,
          "y": -0.16396765410900116,
          "z": -0.27751240134239197
        },
        "matrix": [
          [
            0.792202889919281,
            0.6033945083618164,
            -0.0912691056728363,
            0.31168055534362793
          ],
          [
            -0.37106451392173767,
            0.5950125455856323,
            0.7129318714141846,
            -0.4358246326446533
          ],
          [
            0.48448821902275085,
            -0.5309228301048279,
            0.6952741146087646,
            1.0856801271438599
          ],
          [
            0.0,
            0.0,
            0.0,
            1.0
          ]
        ]
      },
      "bone_length_armature_space": 0.025653304197272287,
      "parent": "index_01_l",
      "has_children": true,
      "is_end_bone": false
    },
    "index_03_l": {
      "name": "index_03_l",
      "local": {
        "location": {
          "x": 0.0,
          "y": 0.0,
          "z": 0.0
        },
        "rotation_quaternion": {
          "w": 0.9655813574790955,
          "x": 0.2599458396434784,
          "y": -0.006380338687449694,
          "z": 0.006342128850519657
        },
        "scale": {
          "x": 1.0,
          "y": 1.0,
          "z": 1.0
        },
        "matrix_basis": [
          [
            0.99983811378479,
            -0.015564767643809319,
            -0.00902425218373537,
            0.0
          ],
          [
            0.008930597454309464,
            0.8647758960723877,
            -0.502078652381897,
            0.0
          ],
          [
            0.01561869215220213,
            0.501916766166687,
            0.8647748827934265,
            0.0
          ],
          [
            0.0,
            0.0,
            0.0,
            1.0
          ]
        ],
        "rotation_mode": "QUATERNION"
      },
      "armature_space": {
        "head": {
          "x": 0.327159583568573,
          "y": -0.48380470275878906,
          "z": 0.12220612168312073
        },
        "tail": {
          "x": 0.34217414259910583,
          "y": -0.4587433636188507,
          "z": 0.1226796954870224
        }
      },
      "world_space": {
        "head": {
          "x": 0.327159583568573,
          "y": -0.42056071758270264,
          "z": 1.0720601081848145
        },
        "tail": {
          "x": 0.34217414259910583,
          "y": -0.3954993486404419,
          "z": 1.0725337266921997
        },
        "rotation_quaternion": {
          "w": 0.9328950047492981,
          "x": -0.05880175530910492,
          "y": -0.24200278520584106,
          "z": -0.2601615786552429
        },
        "matrix": [
          [
            0.7475011348724365,
            0.513867974281311,
            -0.42093008756637573,
            0.327159583568573
          ],
          [
            -0.4569464921951294,
            0.8577166795730591,
            0.2356325089931488,
            -0.42056071758270264
          ],
          [
            0.4821254312992096,
            0.01620781421661377,
            0.8759601712226868,
            1.0720601081848145
          ],
          [
            0.0,
            0.0,
            0.0,
            1.0
          ]
        ]
      },
      "bone_length_armature_space": 0.029218692535313097,
      "parent": "index_02_l",
      "has_children": false,
      "is_end_bone": true
    },
    "metacarpal_pinky_l": {
      "name": "metacarpal_pinky_l",
      "local": {
        "location": {
          "x": 0.0,
          "y": 0.0,
          "z": 0.0
        },
        "rotation_quaternion": {
          "w": 0.9994353652000427,
          "x": -0.030822768807411194,
          "y": -0.0088496757671237,
          "z": 0.010034948587417603
        },
        "scale": {
          "x": 1.0,
          "y": 1.0,
          "z": 1.0
        },
        "matrix_basis": [
          [
            0.9996419548988342,
            -0.019513022154569626,
            -0.018307967111468315,
            0.0
          ],
          [
            0.020604107528924942,
            0.997898519039154,
            0.06143311783671379,
            0.0
          ],
          [
            0.017070747911930084,
            -0.06178834289312363,
            0.9979432821273804,
            0.0
          ],
          [
            0.0,
            0.0,
            0.0,
            1.0
          ]
        ],
        "rotation_mode": "QUATERNION"
      },
      "armature_space": {
        "head": {
          "x": 0.30245476961135864,
          "y": -0.467340886592865,
          "z": 0.27516478300094604
        },
        "tail": {
          "x": 0.32587677240371704,
          "y": -0.5442898869514465,
          "z": 0.20903199911117554
        }
      },
      "world_space": {
        "head": {
          "x": 0.30245476961135864,
          "y": -0.40409690141677856,
          "z": 1.2250187397003174
        },
        "tail": {
          "x": 0.32587677240371704,
          "y": -0.4810459017753601,
          "z": 1.1588859558105469
        },
        "rotation_quaternion": {
          "w": 0.16046534478664398,
          "x": -0.6693121194839478,
          "y": -0.3236786723136902,
          "z": 0.6492335796356201
        },
        "matrix": [
          [
            -0.052543867379426956,
            0.224928617477417,
            -0.9729577302932739,
            0.30245476961135864
          ],
          [
            0.6416432857513428,
            -0.7389652729034424,
            -0.20548585057258606,
            -0.40409690141677856
          ],
          [
            -0.7652062177658081,
            -0.6350936889648438,
            -0.10549688339233398,
            1.2250187397003174
          ],
          [
            0.0,
            0.0,
            0.0,
            1.0
          ]
        ]
      },
      "bone_length_armature_space": 0.10413109139584112,
      "parent": "lowerarm_l",
      "has_children": true,
      "is_end_bone": false
    },
    "pinky_01_l": {
      "name": "pinky_01_l",
      "local": {
        "location": {
          "x": 0.0,
          "y": 0.0,
          "z": 0.0
        },
        "rotation_quaternion": {
          "w": 0.9550700187683105,
          "x": 0.2962806820869446,
          "y": -0.007692939601838589,
          "z": -0.000268704752670601
        },
        "scale": {
          "x": 1.0,
          "y": 1.0,
          "z": 1.0
        },
        "matrix_basis": [
          [
            0.9998815059661865,
            -0.004045275039970875,
            -0.01485381554812193,
            0.0
          ],
          [
            -0.005071802530437708,
            0.8244353532791138,
            -0.5659334659576416,
            0.0
          ],
          [
            0.014535367488861084,
            0.5659417510032654,
            0.8243171572685242,
            0.0
          ],
          [
            0.0,
            0.0,
            0.0,
            1.0
          ]
        ],
        "rotation_mode": "QUATERNION"
      },
      "armature_space": {
        "head": {
          "x": 0.32587677240371704,
          "y": -0.5442898869514465,
          "z": 0.20903199911117554
        },
