{
  "metadata": {
    "armature_name": "KIM_caucasian_male",
    "export_time": "2026-01-13T20:26:47.040590",
    "blender_version": "4.4.1",
    "bone_count": 56,
    "end_bone_count": 13,
    "spaces_included": [
      "LOCAL_CHANNELS",
      "ARMATURE_SPACE",
      "WORLD_SPACE"
    ],
    "note": "LOCAL matches Transform panel; replay pose via local.matrix_basis for best fidelity."
  },
  "bones": {
    "Root": {
      "name": "Root",
      "local": {
        "location": {
          "x": 0.0,
          "y": 0.0,
          "z": 0.0
        },
        "rotation_quaternion": {
          "w": 0.9998342990875244,
          "x": 0.012347215786576271,
          "y": 0.01337268017232418,
          "z": 0.00048474245704710484
        },
        "scale": {
          "x": 1.0,
          "y": 1.0,
          "z": 1.0
        },
        "matrix_basis": [
          [
            0.9996418952941895,
            -0.0006390935159288347,
            0.0267528984695673,
            0.0
          ],
          [
            0.0012995549477636814,
            0.9996946454048157,
            -0.024677375331521034,
            0.0
          ],
          [
            -0.026728957891464233,
            0.02470330521464348,
            0.9993374347686768,
            0.0
          ],
          [
            0.0,
            0.0,
            0.0,
            1.0
          ]
        ],
        "rotation_mode": "QUATERNION"
      },
      "armature_space": {
        "head": {
          "x": 0.0,
          "y": 0.07072800397872925,
          "z": -0.009595036506652832
        },
        "tail": {
          "x": -4.5615855924552307e-05,
          "y": -0.0002154335379600525,
          "z": -0.0017501581460237503
        }
      },
      "world_space": {
        "head": {
          "x": 0.0,
          "y": 0.13397200405597687,
          "z": 0.9402589797973633
        },
        "tail": {
          "x": -4.5615855924552307e-05,
          "y": 0.06302856653928757,
          "z": 0.9481038451194763
        },
        "rotation_quaternion": {
          "w": 0.055037327110767365,
          "x": 0.9983947277069092,
          "y": 0.00041724820039235055,
          "z": 0.01337496004998684
        },
        "matrix": [
          [
            0.9996418952941895,
            -0.0006390935159288347,
            0.0267528984695673,
            0.0
          ],
          [
            0.0023054066114127636,
            -0.9939414858818054,
            -0.10988724231719971,
            0.13397200405597687
          ],
          [
            0.026661230251193047,
            0.10990938544273376,
            -0.9935910105705261,
            0.9402589797973633
          ],
          [
            0.0,
            0.0,
            0.0,
            1.0
          ]
        ]
      },
      "bone_length_armature_space": 0.0713758761629554,
      "parent": null,
      "has_children": true,
      "is_end_bone": false
    },
    "spine_01": {
      "name": "spine_01",
      "local": {
        "location": {
          "x": 0.0,
          "y": 0.0,
          "z": 0.0
        },
        "rotation_quaternion": {
          "w": 0.9979252815246582,
          "x": -0.006433612667024136,
          "y": -0.054600488394498825,
          "z": 0.03350718691945076
        },
        "scale": {
          "x": 1.0,
          "y": 1.0,
          "z": 1.0
        },
        "matrix_basis": [
          [
            0.9917920827865601,
            -0.0661727786064148,
            -0.10940556228160858,
            0.0
          ],
          [
            0.06757789105176926,
            0.9976717829704285,
            0.009181511588394642,
            0.0
          ],
          [
            0.1085432693362236,
            -0.01649954728782177,
            0.9939547777175903,
            0.0
          ],
          [
            0.0,
            0.0,
            0.0,
            1.0
          ]
        ],
        "rotation_mode": "QUATERNION"
      },
      "armature_space": {
        "head": {
          "x": -4.5615855924552307e-05,
          "y": -0.0002154335379600525,
          "z": -0.0017501581460237503
        },
        "tail": {
          "x": -0.04534219950437546,
          "y": 0.01848328858613968,
          "z": 0.48378777503967285
        }
      },
      "world_space": {
        "head": {
          "x": -4.5615855924552307e-05,
          "y": 0.06302856653928757,
          "z": 0.9481038451194763
        },
        "tail": {
          "x": -0.04534219950437546,
          "y": 0.0817272886633873,
          "z": 1.433641791343689
        },
        "rotation_quaternion": {
          "w": 0.7169970870018005,
          "x": 0.6934151649475098,
          "y": -0.0712282657623291,
          "z": -0.004156838171184063
        },
        "matrix": [
          [
            0.9898185133934021,
            -0.09282063692808151,
            -0.10790515691041946,
            -4.5615855924552307e-05
          ],
          [
            -0.10474175959825516,
            0.03831695765256882,
            -0.9937611818313599,
            0.06302856653928757
          ],
          [
            0.09637670964002609,
            0.9949523210525513,
            0.028203919529914856,
            0.9481038451194763
          ],
          [
            0.0,
            0.0,
            0.0,
            1.0
          ]
        ]
      },
      "bone_length_armature_space": 0.48800463276781736,
      "parent": "Root",
      "has_children": true,
      "is_end_bone": false
    },
    "neck_01": {
      "name": "neck_01",
      "local": {
        "location": {
          "x": 0.0,
          "y": 0.0,
          "z": 0.0
        },
        "rotation_quaternion": {
          "w": 0.9940193891525269,
          "x": -0.018225261941552162,
          "y": 0.02698197402060032,
          "z": -0.10423722118139267
        },
        "scale": {
          "x": 1.0,
          "y": 1.0,
          "z": 1.0
        },
        "matrix_basis": [
          [
            0.9768131375312805,
            0.20624412596225739,
            0.05744071304798126,
            0.0
          ],
          [
            -0.20821113884449005,
            0.977604866027832,
            0.030607474967837334,
            0.0
          ],
          [
            -0.049841709434986115,
            -0.04185757786035538,
            0.9978796243667603,
            0.0
          ],
          [
            0.0,
            0.0,
            0.0,
            1.0
          ]
        ],
        "rotation_mode": "QUATERNION"
      },
      "armature_space": {
        "head": {
          "x": -0.0558805838227272,
          "y": -0.013175278902053833,
          "z": 0.557614803314209
        },
        "tail": {
          "x": -0.04738350957632065,
          "y": -0.04570368304848671,
          "z": 0.6544675230979919
        }
      },
      "world_space": {
        "head": {
          "x": -0.0558805838227272,
          "y": 0.05006872117519379,
          "z": 1.507468819618225
        },
        "tail": {
          "x": -0.04738350957632065,
          "y": 0.01754031702876091,
          "z": 1.6043214797973633
        },
        "rotation_quaternion": {
          "w": 0.5834968686103821,
          "x": 0.811028778553009,
          "y": 0.029819294810295105,
          "z": -0.02957374043762684
        },
        "matrix": [
          [
            0.9964723587036133,
            0.08288102596998215,
            -0.013170942664146423,
            -0.0558805838227272
          ],
          [
            0.013856694102287292,
            -0.3172842264175415,
            -0.9482295513153076,
            0.05006872117519379
          ],
          [
            -0.08276969194412231,
            0.9447081089019775,
            -0.317316472530365,
            1.507468819618225
          ],
          [
            0.0,
            0.0,
            0.0,
            1.0
          ]
        ]
      },
      "bone_length_armature_space": 0.1025219338875751,
      "parent": "spine_01",
      "has_children": true,
      "is_end_bone": false
    },
    "head": {
      "name": "head",
      "local": {
        "location": {
          "x": 0.0,
          "y": 0.0,
          "z": 0.0
        },
        "rotation_quaternion": {
          "w": 0.9794538617134094,
          "x": -0.0859605148434639,
          "y": -0.019569270312786102,
          "z": 0.18137851357460022
        },
        "scale": {
          "x": 1.0,
          "y": 1.0,
          "z": 1.0
        },
        "matrix_basis": [
          [
            0.9334377646446228,
            -0.3519394099712372,
            -0.06951717287302017,
            0.0
          ],
          [
            0.35866814851760864,
            0.9194252490997314,
            0.16128982603549957,
            0.0
          ],
          [
            0.0071516139432787895,
            -0.17548760771751404,
            0.9844556450843811,
            0.0
          ],
          [
            0.0,
            0.0,
            0.0,
            1.0
          ]
        ],
        "rotation_mode": "QUATERNION"
      },
      "armature_space": {
        "head": {
          "x": -0.047383520752191544,
          "y": -0.04570380598306656,
          "z": 0.6544674038887024
        },
        "tail": {
          "x": -0.09056983888149261,
          "y": -0.012417882680892944,
          "z": 0.7996578812599182
        }
      },
      "world_space": {
        "head": {
          "x": -0.047383520752191544,
          "y": 0.01754019409418106,
          "z": 1.6043214797973633
        },
        "tail": {
          "x": -0.09056983888149261,
          "y": 0.050826117396354675,
          "z": 1.749511957168579
        },
        "rotation_quaternion": {
          "w": 0.7722741961479187,
          "x": 0.6191636919975281,
          "y": -0.10442008823156357,
          "z": 0.09656741470098495
        },
        "matrix": [
          [
            0.9595423340797424,
            -0.2784593403339386,
            -0.04169831424951553,
            -0.047383520752191544
          ],
          [
            0.01984860934317112,
            0.21462297439575195,
            -0.9764955639839172,
            0.01754019409418106
          ],
          [
            0.2808656692504883,
            0.93616783618927,
            0.21146738529205322,
            1.6043214797973633
          ],
          [
            0.0,
            0.0,
            0.0,
            1.0
          ]
        ]
      },
      "bone_length_armature_space": 0.15509121476860097,
      "parent": "neck_01",
      "has_children": false,
      "is_end_bone": true
    },
    "upperarm_l": {
      "name": "upperarm_l",
      "local": {
        "location": {
          "x": 0.0,
          "y": 0.0,
          "z": 0.0
        },
        "rotation_quaternion": {
          "w": 0.7263443470001221,
          "x": 0.3574114739894867,
          "y": 0.20692387223243713,
          "z": 0.5494211316108704
        },
        "scale": {
          "x": 1.0,
          "y": 1.0,
          "z": 1.0
        },
        "matrix_basis": [
          [
            0.31063786149024963,
            -0.6502239108085632,
            0.6933348178863525,
            0.0
          ],
          [
            0.9460517764091492,
            0.14078691601753235,
            -0.2918308973312378,
            0.0
          ],
          [
            0.09214286506175995,
            0.7465842962265015,
            0.6588791012763977,
            0.0
          ],
          [
            0.0,
            0.0,
            0.0,
            1.0
          ]
        ],
        "rotation_mode": "QUATERNION"
      },
      "armature_space": {
        "head": {
          "x": 0.09848634898662567,
          "y": -0.034630969166755676,
          "z": 0.5052927136421204
        },
        "tail": {
          "x": 0.10989819467067719,
          "y": -0.23463302850723267,
          "z": 0.6832729578018188
        }
      },
      "world_space": {
        "head": {
          "x": 0.09848634898662567,
          "y": 0.028613030910491943,
          "z": 1.4551467895507812
        },
        "tail": {
          "x": 0.10989819467067719,
          "y": -0.17138902842998505,
          "z": 1.633126974105835
        },
        "rotation_quaternion": {
          "w": 0.3547278344631195,
          "x": 0.9236128926277161,
          "y": -0.031423501670360565,
          "z": -0.1418449878692627
        },
        "matrix": [
          [
            0.9577852487564087,
            0.04258635640144348,
            -0.28431302309036255,
            0.09848634898662567
          ],
          [
            -0.15867891907691956,
            -0.746361494064331,
            -0.6463481783866882,
            0.028613030910491943
          ],
          [
            -0.2397276908159256,
            0.6641811728477478,
            -0.7081018686294556,
            1.4551467895507812
          ],
          [
            0.0,
            0.0,
            0.0,
            1.0
          ]
        ]
      },
      "bone_length_armature_space": 0.26797018363666625,
      "parent": "spine_01",
      "has_children": true,
      "is_end_bone": false
    },
    "lowerarm_l": {
      "name": "lowerarm_l",
      "local": {
        "location": {
          "x": 0.0,
          "y": 0.0,
          "z": 0.0
        },
        "rotation_quaternion": {
          "w": 0.9783439040184021,
          "x": 0.16768939793109894,
          "y": -0.022458432242274284,
          "z": -0.11924376338720322
        },
        "scale": {
          "x": 1.0,
          "y": 1.0,
          "z": 1.0
        },
        "matrix_basis": [
          [
            0.9705531001091003,
            0.22579073905944824,
            -0.08393596857786179,
            0.0
          ],
          [
            -0.2408549040555954,
            0.9153223633766174,
            -0.322759747505188,
            0.0
          ],
          [
            0.003952310886234045,
            0.3334718644618988,
            0.9427517652511597,
            0.0
          ],
          [
            0.0,
            0.0,
            0.0,
            1.0
          ]
        ],
        "rotation_mode": "QUATERNION"
      },
      "armature_space": {
        "head": {
          "x": 0.10989806056022644,
          "y": -0.23463311791419983,
          "z": 0.6832729578018188
        },
        "tail": {
          "x": 0.11331088095903397,
          "y": -0.49521806836128235,
          "z": 0.7437148690223694
        }
      },
      "world_space": {
        "head": {
          "x": 0.10989806056022644,
          "y": -0.1713891178369522,
          "z": 1.633126974105835
        },
        "tail": {
          "x": 0.11331088095903397,
          "y": -0.43197405338287354,
          "z": 1.6935689449310303
        },
        "rotation_quaternion": {
          "w": 0.11210519075393677,
          "x": 0.9665420055389404,
          "y": -0.02005891315639019,
          "z": -0.22984057664871216
        },
        "matrix": [
          [
            0.8935419917106628,
            0.012757033109664917,
            -0.4487985074520111,
            0.10989806056022644
          ],
          [
            -0.0903082862496376,
            -0.9740601778030396,
            -0.20748835802078247,
            -0.1713891178369522
          ],
          [
            -0.43980681896209717,
            0.22593030333518982,
            -0.8692178130149841,
            1.633126974105835
          ],
          [
            0.0,
            0.0,
            0.0,
            1.0
          ]
        ]
      },
      "bone_length_armature_space": 0.2675245576674043,
      "parent": "upperarm_l",
      "has_children": true,
      "is_end_bone": false
    },
    "metacarpal_thumb_l": {
      "name": "metacarpal_thumb_l",
      "local": {
        "location": {
          "x": 0.0,
          "y": 0.0,
          "z": 0.0
        },
        "rotation_quaternion": {
          "w": 0.9995439052581787,
          "x": -0.02920757606625557,
          "y": 0.00749600026756525,
          "z": -0.001666238415054977
        },
        "scale": {
          "x": 1.0,
          "y": 1.0,
          "z": 1.0
        },
        "matrix_basis": [
          [
            0.9998820424079895,
            0.002893076976761222,
            0.015082496218383312,
            0.0
          ],
          [
            -0.003768836846575141,
            0.9982882738113403,
            0.05836353078484535,
            0.0
          ],
          [
            -0.014887829311192036,
            -0.058413490653038025,
            0.9981814622879028,
            0.0
          ],
          [
            0.0,
            0.0,
            0.0,
            1.0
          ]
        ],
        "rotation_mode": "QUATERNION"
      },
      "armature_space": {
        "head": {
          "x": 0.11331088095903397,
          "y": -0.49521806836128235,
          "z": 0.7437148690223694
        },
        "tail": {
          "x": 0.10628583282232285,
          "y": -0.5403859615325928,
          "z": 0.7246333956718445
        }
      },
      "world_space": {
        "head": {
          "x": 0.11331088095903397,
          "y": -0.43197405338287354,
          "z": 1.6935689449310303
        },
        "tail": {
          "x": 0.10628583282232285,
          "y": -0.47714197635650635,
          "z": 1.6744873523712158
        },
        "rotation_quaternion": {
          "w": 0.12961137294769287,
          "x": -0.8322031497955322,
          "y": 0.16513606905937195,
          "z": -0.5131949186325073
        },
        "matrix": [
          [
            0.4187222421169281,
            -0.14182375371456146,
            0.8969715237617493,
            0.11331088095903397
          ],
          [
            -0.40788528323173523,
            -0.9118620753288269,
            0.04623004421591759,
            -0.43197405338287354
          ],
          [
            0.8113629817962646,
            -0.38522255420684814,
            -0.4396677613258362,
            1.6935689449310303
          ],
          [
            0.0,
            0.0,
            0.0,
            1.0
          ]
        ]
      },
      "bone_length_armature_space": 0.04953375005878389,
      "parent": "lowerarm_l",
      "has_children": true,
      "is_end_bone": false
    },
    "thumb_01_l": {
      "name": "thumb_01_l",
      "local": {
        "location": {
          "x": 0.0,
          "y": 0.0,
          "z": 0.0
        },
        "rotation_quaternion": {
          "w": 0.9997575283050537,
          "x": -0.0026907960418611765,
          "y": 0.018338119611144066,
          "z": -0.011894023045897484
        },
        "scale": {
          "x": 1.0,
          "y": 1.0,
          "z": 1.0
        },
        "matrix_basis": [
          [
            0.9990444779396057,
            0.023683590814471245,
            0.036731354892253876,
            0.0
          ],
          [
            -0.023880966007709503,
            0.9997025728225708,
            0.004944059066474438,
            0.0
          ],
          [
            -0.03660333901643753,
            -0.005816515069454908,
            0.9993129372596741,
            0.0
          ],
          [
            0.0,
            0.0,
            0.0,
            1.0
          ]
        ],
        "rotation_mode": "QUATERNION"
      },
      "armature_space": {
        "head": {
          "x": 0.10628583282232285,
          "y": -0.5403859615325928,
          "z": 0.7246333956718445
        },
        "tail": {
          "x": 0.12333901971578598,
          "y": -0.5585007071495056,
          "z": 0.7014024257659912
        }
      },
      "world_space": {
        "head": {
          "x": 0.10628583282232285,
          "y": -0.47714197635650635,
          "z": 1.6744873523712158
        },
        "tail": {
          "x": 0.12333901971578598,
          "y": -0.4952567219734192,
          "z": 1.6512564420700073
        },
        "rotation_quaternion": {
          "w": 0.34088820219039917,
          "x": -0.12990014255046844,
          "y": 0.3430798351764679,
          "z": -0.8655734658241272
        },
        "matrix": [
          [
            -0.7338415384292603,
            0.5009958148002625,
            0.4587811231613159,
            0.10628583282232285
          ],
          [
            -0.6792609095573425,
            -0.5321828722953796,
            -0.505357563495636,
            -0.47714197635650635
          ],
          [
            -0.009027201682329178,
            -0.6824896335601807,
            0.7308492064476013,
            1.6744873523712158
          ],
          [
            0.0,
            0.0,
            0.0,
            1.0
          ]
        ]
      },
      "bone_length_armature_space": 0.03403870081178599,
      "parent": "metacarpal_thumb_l",
      "has_children": true,
      "is_end_bone": false
    },
    "thumb_02_l": {
      "name": "thumb_02_l",
      "local": {
        "location": {
          "x": 0.0,
          "y": 0.0,
          "z": 0.0
        },
        "rotation_quaternion": {
          "w": 0.9952855110168457,
          "x": 0.09691624343395233,
          "y": -0.001613727887161076,
          "z": -0.003382912138476968
        },
        "scale": {
          "x": 1.0,
          "y": 1.0,
          "z": 1.0
        },
        "matrix_basis": [
          [
            0.9999719262123108,
            0.006421133875846863,
            -0.0038679582066833973,
            0.0
          ],
          [
            -0.0070467195473611355,
            0.9811915755271912,
            -0.19290775060653687,
            0.0
          ],
          [
            0.0025565216783434153,
            0.19292958080768585,
            0.9812092781066895,
            0.0
          ],
          [
            0.0,
            0.0,
            0.0,
            1.0
          ]
        ],
        "rotation_mode": "QUATERNION"
      },
      "armature_space": {
        "head": {
          "x": 0.12333901226520538,
          "y": -0.5585006475448608,
          "z": 0.7014023661613464
        },
        "tail": {
          "x": 0.12199614197015762,
          "y": -0.5971682071685791,
          "z": 0.7121818661689758
        }
      },
      "world_space": {
        "head": {
          "x": 0.12333901226520538,
          "y": -0.4952566623687744,
          "z": 1.6512563228607178
        },
        "tail": {
          "x": 0.12199614197015762,
          "y": -0.5339242219924927,
          "z": 1.6620359420776367
        },
        "rotation_quaternion": {
          "w": 0.014566858299076557,
          "x": 0.22666607797145844,
          "y": -0.13572756946086884,
          "z": -0.9643590450286865
        },
        "matrix": [
          [
            -0.8968207836151123,
            -0.03343430906534195,
            -0.441129207611084,
            0.12333901226520538
          ],
          [
            -0.08962514996528625,
            -0.9627317190170288,
            0.255176842212677,
            -0.4952566623687744
          ],
          [
            -0.4332237243652344,
            0.2683850824832916,
            0.8604073524475098,
            1.6512563228607178
          ],
          [
            0.0,
            0.0,
            0.0,
            1.0
          ]
        ]
      },
      "bone_length_armature_space": 0.04016442585676208,
      "parent": "thumb_01_l",
      "has_children": true,
      "is_end_bone": false
    },
    "thumb_03_l": {
      "name": "thumb_03_l",
      "local": {
        "location": {
          "x": 0.0,
          "y": 0.0,
          "z": 0.0
        },
        "rotation_quaternion": {
          "w": 0.9964953660964966,
          "x": 0.0836205780506134,
          "y": 0.0017327377572655678,
          "z": 0.0013089784188196063
        },
        "scale": {
          "x": 1.0,
          "y": 1.0,
          "z": 1.0
        },
        "matrix_basis": [
          [
            0.9999905824661255,
            -0.0023189967032521963,
            0.0036722454242408276,
            0.0
          ],
          [
            0.0028985668905079365,
            0.9860117435455322,
            -0.16665050387382507,
            0.0
          ],
          [
            -0.00323441531509161,
            0.16665957868099213,
            0.9860091805458069,
            0.0
          ],
          [
            0.0,
            0.0,
            0.0,
            1.0
          ]
        ],
        "rotation_mode": "QUATERNION"
      },
      "armature_space": {
        "head": {
          "x": 0.12199612706899643,
          "y": -0.5971681475639343,
          "z": 0.712181806564331
        },
        "tail": {
          "x": 0.11810031533241272,
          "y": -0.6201320290565491,
          "z": 0.731787383556366
        }
      },
      "world_space": {
        "head": {
          "x": 0.12199612706899643,
          "y": -0.5339241623878479,
          "z": 1.6620358228683472
        },
        "tail": {
          "x": 0.11810031533241272,
          "y": -0.5568880438804626,
          "z": 1.6816413402557373
        },
        "rotation_quaternion": {
          "w": 0.08337649703025818,
          "x": 0.39580079913139343,
          "y": -0.3404560983181,
          "z": -0.8488107919692993
        },
        "matrix": [
          [
            -0.6727808713912964,
            -0.12796281278133392,
            -0.728691816329956,
            0.12199612706899643
          ],
          [
            -0.4110473394393921,
            -0.7542765140533447,
            0.5119642019271851,
            -0.5339241623878479
          ],
          [
            -0.6151520013809204,
            0.6439701914787292,
            0.45486772060394287,
            1.6620358228683472
          ],
          [
            0.0,
            0.0,
            0.0,
            1.0
          ]
        ]
      },
      "bone_length_armature_space": 0.03044496468592223,
      "parent": "thumb_02_l",
      "has_children": false,
      "is_end_bone": true
    },
    "metacarpal_index_l": {
      "name": "metacarpal_index_l",
      "local": {
        "location": {
          "x": 0.0,
          "y": 0.0,
          "z": 0.0
        },
        "rotation_quaternion": {
          "w": 0.9992756843566895,
          "x": -0.035238105803728104,
          "y": -0.009327704086899757,
          "z": -0.010927451774477959
        },
        "scale": {
          "x": 1.0,
          "y": 1.0,
          "z": 1.0
        },
        "matrix_basis": [
          [
            0.9995871782302856,
            0.022496454417705536,
            -0.01787177100777626,
            0.0
          ],
          [
            -0.02118169330060482,
            0.9972777366638184,
            0.07062902301549911,
            0.0
          ],
          [
            0.019412022083997726,
            -0.07022130489349365,
            0.9973425269126892,
            0.0
          ],
          [
            0.0,
            0.0,
            0.0,
            1.0
          ]
        ],
        "rotation_mode": "QUATERNION"
      },
      "armature_space": {
        "head": {
          "x": 0.11331088095903397,
          "y": -0.49521806836128235,
          "z": 0.7437148690223694
        },
        "tail": {
          "x": 0.10238149017095566,
          "y": -0.6118789911270142,
          "z": 0.7437052130699158
        }
      },
      "world_space": {
        "head": {
          "x": 0.11331088095903397,
          "y": -0.43197405338287354,
          "z": 1.6935689449310303
        },
        "tail": {
          "x": 0.10238149017095566,
          "y": -0.5486350059509277,
          "z": 1.693559169769287
        },
        "rotation_quaternion": {
          "w": 0.010920661501586437,
          "x": 0.9709946513175964,
          "y": -0.04539399966597557,
          "z": 0.23449842631816864
        },
        "matrix": [
          [
            0.8858998417854309,
            -0.09327668696641922,
            0.45440202951431274,
            0.11331088095903397
          ],
          [
            -0.0830327719449997,
            -0.9956403374671936,
            -0.042498115450143814,
            -0.43197405338287354
          ],
          [
            0.45638808608055115,
            -8.226186037063599e-05,
            -0.8897887468338013,
            1.6935689449310303
          ],
          [
            0.0,
            0.0,
            0.0,
            1.0
          ]
        ]
      },
      "bone_length_armature_space": 0.11717176436704813,
      "parent": "lowerarm_l",
      "has_children": true,
      "is_end_bone": false
    },
    "index_01_l": {
      "name": "index_01_l",
      "local": {
        "location": {
          "x": 0.0,
          "y": 0.0,
          "z": 0.0
        },
        "rotation_quaternion": {
          "w": 0.9952312707901001,
          "x": -0.09487681090831757,
          "y": 0.010739205405116081,
          "z": -0.019947588443756104
        },
        "scale": {
          "x": 1.0,
          "y": 1.0,
          "z": 1.0
        },
        "matrix_basis": [
          [
            0.998973548412323,
            0.03766712546348572,
            0.02516111359000206,
            0.0
          ],
          [
            -0.041742730885744095,
            0.9812009930610657,
            0.18842029571533203,
            0.0
          ],
          [
            -0.017590858042240143,
            -0.18927718698978424,
            0.9817661046981812,
            0.0
          ],
          [
            0.0,
            0.0,
            0.0,
            1.0
          ]
        ],
        "rotation_mode": "QUATERNION"
      },
      "armature_space": {
        "head": {
          "x": 0.10238149017095566,
          "y": -0.6118789911270142,
          "z": 0.7437052130699158
        },
        "tail": {
          "x": 0.10507326573133469,
          "y": -0.6372188925743103,
          "z": 0.7565003633499146
        }
      },
      "world_space": {
        "head": {
          "x": 0.10238149017095566,
          "y": -0.5486350059509277,
          "z": 1.693559169769287
        },
        "tail": {
          "x": 0.10507326573133469,
          "y": -0.5739749073982239,
          "z": 1.7063543796539307
        },
        "rotation_quaternion": {
          "w": 0.20954200625419617,
          "x": 0.9365205764770508,
          "y": 0.10842882096767426,
          "z": 0.25935420393943787
        },
        "matrix": [
          [
            0.8419573307037354,
            0.09440077841281891,
            0.5312218070030212,
            0.10238149017095566
          ],
          [
            0.3117831349372864,
            -0.888670802116394,
            -0.33623769879341125,
            -0.5486350059509277
          ],
          [
            0.44034355878829956,
            0.44872593879699707,
            -0.7776610255241394,
            1.693559169769287
          ],
          [
            0.0,
            0.0,
            0.0,
            1.0
          ]
        ]
      },
      "bone_length_armature_space": 0.028514419515550175,
      "parent": "metacarpal_index_l",
      "has_children": true,
      "is_end_bone": false
    },
    "index_02_l": {
      "name": "index_02_l",
      "local": {
        "location": {
          "x": 0.0,
          "y": 0.0,
          "z": 0.0
        },
        "rotation_quaternion": {
          "w": 0.9986429214477539,
          "x": 0.05110586807131767,
          "y": -0.009736385196447372,
          "z": 0.0023987391032278538
        },
        "scale": {
          "x": 1.0,
          "y": 1.0,
          "z": 1.0
        },
        "matrix_basis": [
          [
            0.9997988939285278,
            -0.005786140449345112,
            -0.019201165065169334,
            0.0
          ],
          [
            0.0037957949098199606,
            0.9947648644447327,
            -0.10211973637342453,
            0.0
          ],
          [
            0.019691523164510727,
            0.1020263135433197,
            0.9945867657661438,
            0.0
          ],
          [
            0.0,
            0.0,
            0.0,
            1.0
          ]
        ],
        "rotation_mode": "QUATERNION"
      },
      "armature_space": {
        "head": {
          "x": 0.10507327318191528,
          "y": -0.6372194290161133,
          "z": 0.7565001845359802
        },
        "tail": {
          "x": 0.10880248248577118,
          "y": -0.6603910326957703,
          "z": 0.7668569087982178
        }
      },
      "world_space": {
        "head": {
          "x": 0.10507327318191528,
          "y": -0.5739754438400269,
          "z": 1.7063541412353516
        },
        "tail": {
          "x": 0.10880248248577118,
          "y": -0.5971470475196838,
          "z": 1.7167109251022339
        },
        "rotation_quaternion": {
          "w": 0.18569669127464294,
          "x": 0.9520383477210999,
          "y": 0.11783964186906815,
          "z": 0.2127293050289154
        },
        "matrix": [
          [
            0.8817203044891357,
            0.14536963403224945,
            0.4488176703453064,
            0.10507327318191528
          ],
          [
            0.30338215827941895,
            -0.9032611846923828,
            -0.3034448027610779,
            -0.5739754438400269
          ],
          [
            0.36129072308540344,
            0.4037184715270996,
            -0.8405322432518005,
            1.7063541412353516
          ],
          [
            0.0,
            0.0,
            0.0,
            1.0
          ]
        ]
      },
      "bone_length_armature_space": 0.02565330345275264,
      "parent": "index_01_l",
      "has_children": true,
      "is_end_bone": false
    },
    "index_03_l": {
      "name": "index_03_l",
      "local": {
        "location": {
          "x": 0.0,
          "y": 0.0,
          "z": 0.0
        },
        "rotation_quaternion": {
          "w": 0.9997354745864868,
          "x": 0.022395528852939606,
          "y": -0.00016963873349595815,
          "z": 0.005255324300378561
        },
        "scale": {
          "x": 1.0,
          "y": 1.0,
          "z": 1.0
        },
        "matrix_basis": [
          [
            0.9999446868896484,
            -0.010515466332435608,
            -0.00010379618470324203,
            0.0
          ],
          [
            0.010500269941985607,
            0.9989416599273682,
            -0.04478099197149277,
            0.0
          ],
          [
            0.0005745792295783758,
            0.04477742686867714,
            0.9989967942237854,
            0.0
          ],
          [
            0.0,
            0.0,
            0.0,
            1.0
          ]
        ],
        "rotation_mode": "QUATERNION"
      },
      "armature_space": {
        "head": {
          "x": 0.10880238562822342,
          "y": -0.6603909730911255,
          "z": 0.7668569684028625
        },
        "tail": {
          "x": 0.1168876439332962,
          "y": -0.6868992447853088,
          "z": 0.7761129140853882
        }
      },
      "world_space": {
        "head": {
          "x": 0.10880238562822342,
          "y": -0.5971469879150391,
          "z": 1.7167110443115234
        },
        "tail": {
          "x": 0.1168876439332962,
          "y": -0.6236552596092224,
          "z": 1.7259669303894043
        },
        "rotation_quaternion": {
          "w": 0.12441486865282059,
          "x": 0.9492591023445129,
          "y": 0.17579124867916107,
          "z": 0.2291845679283142
        },
        "matrix": [
          [
            0.8331438302993774,
            0.2767152786254883,
            0.4788530468940735,
            0.10880238562822342
          ],
          [
            0.3907710611820221,
            -0.9072368144989014,
            -0.15562638640403748,
            -0.5971469879150391
          ],
          [
            0.39137205481529236,
            0.3167823255062103,
            -0.8639969825744629,
            1.7167110443115234
          ],
          [
            0.0,
            0.0,
            0.0,
            1.0
          ]
        ]
      },
      "bone_length_armature_space": 0.029218699541596584,
      "parent": "index_02_l",
      "has_children": false,
      "is_end_bone": true
    },
    "metacarpal_pinky_l": {
      "name": "metacarpal_pinky_l",
      "local": {
        "location": {
          "x": 0.0,
          "y": 0.0,
          "z": 0.0
        },
        "rotation_quaternion": {
          "w": 0.999300479888916,
          "x": -0.03601966053247452,
          "y": 0.0022341525182127953,
          "z": 0.009813778102397919
        },
        "scale": {
          "x": 1.0,
          "y": 1.0,
          "z": 1.0
        },
        "matrix_basis": [
          [
            0.9997974038124084,
            -0.019774774089455605,
            0.003758201375603676,
            0.0
          ],
          [
            0.019452879205346107,
            0.9972125291824341,
            0.07203277945518494,
            0.0
          ],
          [
            -0.005172157194465399,
            -0.07194507867097855,
            0.9973951578140259,
            0.0
          ],
          [
            0.0,
            0.0,
            0.0,
            1.0
          ]
        ],
        "rotation_mode": "QUATERNION"
      },
      "armature_space": {
        "head": {
          "x": 0.11331088095903397,
          "y": -0.49521806836128235,
          "z": 0.7437148690223694
        },
        "tail": {
          "x": 0.13686233758926392,
          "y": -0.5836931467056274,
          "z": 0.7933205962181091
        }
      },
      "world_space": {
        "head": {
          "x": 0.11331088095903397,
          "y": -0.43197405338287354,
          "z": 1.6935689449310303
        },
        "tail": {
          "x": 0.13686233758926392,
          "y": -0.520449161529541,
          "z": 1.7431745529174805
        },
        "rotation_quaternion": {
          "w": 0.2463037669658661,
          "x": 0.599233865737915,
          "y": -0.12044604122638702,
          "z": -0.752160906791687
        },
        "matrix": [
          [
            -0.1605067402124405,
            0.22617189586162567,
            -0.9607726335525513,
            0.11331088095903397
          ],
          [
            -0.5148716568946838,
            -0.8496536612510681,
            -0.11399947106838226,
            -0.43197405338287354
          ],
          [
            -0.8421138525009155,
            0.47637930512428284,
            0.2528262436389923,
            1.6935689449310303
          ],
          [
            0.0,
            0.0,
            0.0,
            1.0
          ]
        ]
      },
      "bone_length_armature_space": 0.10413087478914122,
      "parent": "lowerarm_l",
      "has_children": true,
      "is_end_bone": false
    },
    "pinky_01_l": {
      "name": "pinky_01_l",
      "local": {
        "location": {
          "x": 0.0,
          "y": 0.0,
          "z": 0.0
        },
        "rotation_quaternion": {
          "w": 0.9658983945846558,
          "x": 0.25822126865386963,
          "y": -0.018291717395186424,
          "z": -0.005242206621915102
        },
        "scale": {
          "x": 1.0,
          "y": 1.0,
          "z": 1.0
        },
        "matrix_basis": [
          [
            0.9992758631706238,
            0.0006802569841966033,
            -0.038043178617954254,
            0.0
          ],
          [
            -0.019573498517274857,
            0.8665885925292969,
            -0.49863922595977783,
            0.0
          ],
          [
            0.032628580927848816,
            0.49902278184890747,
            0.8659743666648865,
            0.0
          ],
          [
            0.0,
            0.0,
            0.0,
            1.0
          ]
        ],
        "rotation_mode": "QUATERNION"
      },
      "armature_space": {
        "head": {
          "x": 0.13686233758926392,
