{
  "metadata": {
    "armature_name": "KIM_caucasian_male",
    "export_time": "2026-01-13T21:16:11.738809",
    "blender_version": "4.4.1",
    "bone_count": 56,
    "end_bone_count": 13,
    "spaces_included": [
      "LOCAL_CHANNELS",
      "ARMATURE_SPACE",
      "WORLD_SPACE"
    ],
    "note": "LOCAL matches Transform panel; replay pose via local.matrix_basis for best fidelity."
  },
  "bones": {
    "Root": {
      "name": "Root",
      "local": {
        "location": {
          "x": 0.0,
          "y": 0.0,
          "z": 0.0
        },
        "rotation_quaternion": {
          "w": 0.9995697736740112,
          "x": -0.018685316666960716,
          "y": 0.017168134450912476,
          "z": 0.014713354408740997
        },
        "scale": {
          "x": 1.0,
          "y": 1.0,
          "z": 1.0
        },
        "matrix_basis": [
          [
            0.998977541923523,
            -0.030055632814764977,
            0.03377164900302887,
            0.0
          ],
          [
            0.028772464022040367,
            0.9988687634468079,
            0.037859756499528885,
            0.0
          ],
          [
            -0.03487134352326393,
            -0.03684935346245766,
            0.9987122416496277,
            0.0
          ],
          [
            0.0,
            0.0,
            0.0,
            1.0
          ]
        ],
        "rotation_mode": "QUATERNION"
      },
      "armature_space": {
        "head": {
          "x": 0.0,
          "y": 0.07072800397872925,
          "z": -0.009595036506652832
        },
        "tail": {
          "x": -0.002145246835425496,
          "y": 0.00043357908725738525,
          "z": 0.002595445141196251
        }
      },
      "world_space": {
        "head": {
          "x": 0.0,
          "y": 0.13397200405597687,
          "z": 0.9402589797973633
        },
        "tail": {
          "x": -0.002145246835425496,
          "y": 0.063677579164505,
          "z": 0.9524494409561157
        },
        "rotation_quaternion": {
          "w": 0.08598154038190842,
          "x": 0.9960402250289917,
          "y": -0.013523349538445473,
          "z": 0.01812034472823143
        },
        "matrix": [
          [
            0.998977541923523,
            -0.030055632814764977,
            0.03377164900302887,
            0.0
          ],
          [
            -0.023823555558919907,
            -0.9848485589027405,
            -0.17177268862724304,
            0.13397200405597687
          ],
          [
            0.03842293843626976,
            0.17079275846481323,
            -0.9845646619796753,
            0.9402589797973633
          ],
          [
            0.0,
            0.0,
            0.0,
            1.0
          ]
        ]
      },
      "bone_length_armature_space": 0.07137587828537553,
      "parent": null,
      "has_children": true,
      "is_end_bone": false
    },
    "spine_01": {
      "name": "spine_01",
      "local": {
        "location": {
          "x": 0.0,
          "y": 0.0,
          "z": 0.0
        },
        "rotation_quaternion": {
          "w": 0.9986710548400879,
          "x": -0.033811233937740326,
          "y": 0.03628186509013176,
          "z": 0.014022529125213623
        },
        "scale": {
          "x": 1.0,
          "y": 1.0,
          "z": 1.0
        },
        "matrix_basis": [
          [
            0.996973991394043,
            -0.030461257323622704,
            0.07151906192302704,
            0.0
          ],
          [
            0.025554317981004715,
            0.9973203539848328,
            0.06855012476444244,
            0.0
          ],
          [
            -0.07341553270816803,
            -0.06651507318019867,
            0.995080828666687,
            0.0
          ],
          [
            0.0,
            0.0,
            0.0,
            1.0
          ]
        ],
        "rotation_mode": "QUATERNION"
      },
      "armature_space": {
        "head": {
          "x": -0.002145246835425496,
          "y": 0.00043357908725738525,
          "z": 0.002595445141196251
        },
        "tail": {
          "x": -0.0337793231010437,
          "y": 0.07423324882984161,
          "z": 0.483949214220047
        }
      },
      "world_space": {
        "head": {
          "x": -0.002145246835425496,
          "y": 0.063677579164505,
          "z": 0.9524494409561157
        },
        "tail": {
          "x": -0.0337793231010437,
          "y": 0.13747724890708923,
          "z": 1.4338032007217407
        },
        "rotation_quaternion": {
          "w": 0.7586751580238342,
          "x": 0.6503197550773621,
          "y": -0.00510702608153224,
          "z": 0.038344040513038635
        },
        "matrix": [
          [
            0.9970073103904724,
            -0.06482376903295517,
            0.04212301969528198,
            -0.002145246835425496
          ],
          [
            0.05153936520218849,
            0.15122845768928528,
            -0.9871543645858765,
            0.063677579164505
          ],
          [
            0.057621315121650696,
            0.9863781929016113,
            0.15411701798439026,
            0.9524494409561157
          ],
          [
            0.0,
            0.0,
            0.0,
            1.0
          ]
        ]
      },
      "bone_length_armature_space": 0.48800466655298713,
      "parent": "Root",
      "has_children": true,
      "is_end_bone": false
    },
    "neck_01": {
      "name": "neck_01",
      "local": {
        "location": {
          "x": 0.0,
          "y": 0.0,
          "z": 0.0
        },
        "rotation_quaternion": {
          "w": 0.9924985766410828,
          "x": 0.03528856113553047,
          "y": -0.1123088076710701,
          "z": -0.03298848494887352
        },
        "scale": {
          "x": 1.0,
          "y": 1.0,
          "z": 1.0
        },
        "matrix_basis": [
          [
            0.9725970029830933,
            0.05755561590194702,
            -0.2252608984708786,
            0.0
          ],
          [
            -0.07340848445892334,
            0.9953329563140869,
            -0.06263789534568787,
            0.0
          ],
          [
            0.22060443460941315,
            0.0774574875831604,
            0.972282886505127,
            0.0
          ],
          [
            0.0,
            0.0,
            0.0,
            1.0
          ]
        ],
        "rotation_mode": "QUATERNION"
      },
      "armature_space": {
        "head": {
          "x": -0.03706477954983711,
          "y": 0.05107101798057556,
          "z": 0.5615151524543762
        },
        "tail": {
          "x": -0.035175856202840805,
          "y": 0.019663508981466293,
          "z": 0.6590895056724548
        }
      },
      "world_space": {
        "head": {
          "x": -0.03706477954983711,
          "y": 0.11431501805782318,
          "z": 1.511369228363037
        },
        "tail": {
          "x": -0.035175856202840805,
          "y": 0.08290751278400421,
          "z": 1.6089434623718262
        },
        "rotation_quaternion": {
          "w": 0.5875333547592163,
          "x": 0.8050695657730103,
          "y": -0.04036019742488861,
          "z": -0.07098342478275299
        },
        "matrix": [
          [
            0.9866649508476257,
            0.01842466928064823,
            -0.16171887516975403,
            -0.03706477954983711
          ],
          [
            -0.1483956277370453,
            -0.3063509464263916,
            -0.9402809143066406,
            0.11431501805782318
          ],
          [
            -0.06686769425868988,
            0.9517468214035034,
            -0.29953455924987793,
            1.511369228363037
          ],
          [
            0.0,
            0.0,
            0.0,
            1.0
          ]
        ]
      },
      "bone_length_armature_space": 0.10252196768692039,
      "parent": "spine_01",
      "has_children": true,
      "is_end_bone": false
    },
    "head": {
      "name": "head",
      "local": {
        "location": {
          "x": 0.0,
          "y": 0.0,
          "z": 0.0
        },
        "rotation_quaternion": {
          "w": 0.9741665124893188,
          "x": -0.03669803589582443,
          "y": -0.04285304620862007,
          "z": 0.21866999566555023
        },
        "scale": {
          "x": 1.0,
          "y": 1.0,
          "z": 1.0
        },
        "matrix_basis": [
          [
            0.9006940722465515,
            -0.42289674282073975,
            -0.09954152256250381,
            0.0
          ],
          [
            0.42918720841407776,
            0.9016733765602112,
            0.05275864526629448,
            0.0
          ],
          [
            0.06744248420000076,
            -0.09024134278297424,
            0.9936337471008301,
            0.0
          ],
          [
            0.0,
            0.0,
            0.0,
            1.0
          ]
        ],
        "rotation_mode": "QUATERNION"
      },
      "armature_space": {
        "head": {
          "x": -0.03517588600516319,
          "y": 0.019663386046886444,
          "z": 0.6590893864631653
        },
        "tail": {
          "x": -0.08731348067522049,
          "y": 0.05100603401660919,
          "z": 0.8017519116401672
        }
      },
      "world_space": {
        "head": {
          "x": -0.03517588600516319,
          "y": 0.08290738612413406,
          "z": 1.6089434623718262
        },
        "tail": {
          "x": -0.08731348067522049,
          "y": 0.11425003409385681,
          "z": 1.7516059875488281
        },
        "rotation_quaternion": {
          "w": 0.7477246522903442,
          "x": 0.629453182220459,
          "y": -0.2048264443874359,
          "z": 0.05237137898802757
        },
        "matrix": [
          [
            0.9106072783470154,
            -0.33617591857910156,
            -0.24037522077560425,
            -0.03517588600516319
          ],
          [
            -0.17953641712665558,
            0.2020930051803589,
            -0.9627696871757507,
            0.08290738612413406
          ],
          [
            0.3722405731678009,
            0.9198678731918335,
            0.12367154657840729,
            1.6089434623718262
          ],
          [
            0.0,
            0.0,
            0.0,
            1.0
          ]
        ]
      },
      "bone_length_armature_space": 0.15509122077359974,
      "parent": "neck_01",
      "has_children": false,
      "is_end_bone": true
    },
    "upperarm_l": {
      "name": "upperarm_l",
      "local": {
        "location": {
          "x": 0.0,
          "y": 0.0,
          "z": 0.0
        },
        "rotation_quaternion": {
          "w": 0.9435521960258484,
          "x": -0.09922677278518677,
          "y": 0.29509004950523376,
          "z": -0.11307155340909958
        },
        "scale": {
          "x": 1.0,
          "y": 1.0,
          "z": 1.0
        },
        "matrix_basis": [
          [
            0.8002733588218689,
            0.1548161655664444,
            0.5793051719665527,
            0.0
          ],
          [
            -0.2719394862651825,
            0.9547377228736877,
            0.12051869928836823,
            0.0
          ],
          [
            -0.5344262719154358,
            -0.25398385524749756,
            0.806151807308197,
            0.0
          ],
          [
            0.0,
            0.0,
            0.0,
            1.0
          ]
        ],
        "rotation_mode": "QUATERNION"
      },
      "armature_space": {
        "head": {
          "x": 0.11697732657194138,
          "y": 0.04549004137516022,
          "z": 0.5043575763702393
        },
        "tail": {
          "x": 0.36784422397613525,
          "y": 0.1295965015888214,
          "z": 0.4619365334510803
        }
      },
      "world_space": {
        "head": {
          "x": 0.11697732657194138,
          "y": 0.10873404145240784,
          "z": 1.4542115926742554
        },
        "tail": {
          "x": 0.36784422397613525,
          "y": 0.19284050166606903,
          "z": 1.4117906093597412
        },
        "rotation_quaternion": {
          "w": 0.37674480676651,
          "x": 0.4659455716609955,
          "y": 0.7176331281661987,
          "z": -0.354909747838974
        },
        "matrix": [
          [
            -0.2819153964519501,
            0.9361772537231445,
            0.20999020338058472,
            0.11697732657194138
          ],
          [
            0.40133583545684814,
            0.31386590003967285,
            -0.8604753613471985,
            0.10873404145240784
          ],
          [
            -0.8714718818664551,
            -0.1583055555820465,
            -0.4642091393470764,
            1.4542115926742554
          ],
          [
            0.0,
            0.0,
            0.0,
            1.0
          ]
        ]
      },
      "bone_length_armature_space": 0.26796947374364305,
      "parent": "spine_01",
      "has_children": true,
      "is_end_bone": false
    },
    "lowerarm_l": {
      "name": "lowerarm_l",
      "local": {
        "location": {
          "x": 0.0,
          "y": 0.0,
          "z": 0.0
        },
        "rotation_quaternion": {
          "w": 0.8549391031265259,
          "x": 0.47181031107902527,
          "y": 0.1315857172012329,
          "z": -0.17076118290424347
        },
        "scale": {
          "x": 1.0,
          "y": 1.0,
          "z": 1.0
        },
        "matrix_basis": [
          [
            0.9070516228675842,
            0.4161478281021118,
            0.06386177986860275,
            0.0
          ],
          [
            -0.16781382262706757,
            0.4964712858200073,
            -0.851677656173706,
            0.0
          ],
          [
            -0.38612931966781616,
            0.7617986798286438,
            0.520160436630249,
            0.0
          ],
          [
            0.0,
            0.0,
            0.0,
            1.0
          ]
        ],
        "rotation_mode": "QUATERNION"
      },
      "armature_space": {
        "head": {
          "x": 0.3678443431854248,
          "y": 0.12959644198417664,
          "z": 0.4619366228580475
        },
        "tail": {
          "x": 0.5010721683502197,
          "y": -0.005298897624015808,
          "z": 0.27319473028182983
        }
      },
      "world_space": {
        "head": {
          "x": 0.3678443431854248,
          "y": 0.19284044206142426,
          "z": 1.4117906093597412
        },
        "tail": {
          "x": 0.5010721683502197,
          "y": 0.05794510245323181,
          "z": 1.2230486869812012
        },
        "rotation_quaternion": {
          "w": 0.03609579801559448,
          "x": -0.5501742959022522,
          "y": -0.4965660274028778,
          "z": 0.6703935861587524
        },
        "matrix": [
          [
            -0.392011433839798,
            0.49800223112106323,
            -0.7735118269920349,
            0.3678443431854248
          ],
          [
            0.5947924256324768,
            -0.5042355060577393,
            -0.6260740756988525,
            0.19284044206142426
          ],
          [
            -0.7018226981163025,
            -0.7055126428604126,
            -0.09854313731193542,
            1.4117906093597412
          ],
          [
            0.0,
            0.0,
            0.0,
            1.0
          ]
        ]
      },
      "bone_length_armature_space": 0.2675255285207577,
      "parent": "upperarm_l",
      "has_children": true,
      "is_end_bone": false
    },
    "metacarpal_thumb_l": {
      "name": "metacarpal_thumb_l",
      "local": {
        "location": {
          "x": 0.0,
          "y": 0.0,
          "z": 0.0
        },
        "rotation_quaternion": {
          "w": 0.9999207258224487,
          "x": -0.011749137192964554,
          "y": 0.002862028544768691,
          "z": -0.003529346315190196
        },
        "scale": {
          "x": 1.0,
          "y": 1.0,
          "z": 1.0
        },
        "matrix_basis": [
          [
            0.9999586939811707,
            0.006990880239754915,
            0.005806536879390478,
            0.0
          ],
          [
            -0.007125385571271181,
            0.9996989965438843,
            0.023476209491491318,
            0.0
          ],
          [
            -0.005640669725835323,
            -0.023516613990068436,
            0.9997075200080872,
            0.0
          ],
          [
            0.0,
            0.0,
            0.0,
            1.0
          ]
        ],
        "rotation_mode": "QUATERNION"
      },
      "armature_space": {
        "head": {
          "x": 0.5010721683502197,
          "y": -0.005298897624015808,
          "z": 0.27319473028182983
        },
        "tail": {
          "x": 0.4952600300312042,
          "y": -0.038571640849113464,
          "z": 0.23696286976337433
        }
      },
      "world_space": {
        "head": {
          "x": 0.5010721683502197,
          "y": 0.05794510245323181,
          "z": 1.2230486869812012
        },
        "tail": {
          "x": 0.4952600300312042,
          "y": 0.024672359228134155,
          "z": 1.186816930770874
        },
        "rotation_quaternion": {
          "w": 0.40336018800735474,
          "x": -0.8851729035377502,
          "y": -0.037960417568683624,
          "z": 0.22875411808490753
        },
        "matrix": [
          [
            0.892461359500885,
            -0.11733712255954742,
            -0.43559667468070984,
            0.5010721683502197
          ],
          [
            0.25174298882484436,
            -0.6717197299003601,
            0.6967195272445679,
            0.05794510245323181
          ],
          [
            -0.37435245513916016,
            -0.7314593195915222,
            -0.5699484944343567,
            1.2230486869812012
          ],
          [
            0.0,
            0.0,
            0.0,
            1.0
          ]
        ]
      },
      "bone_length_armature_space": 0.049533868708143504,
      "parent": "lowerarm_l",
      "has_children": true,
      "is_end_bone": false
    },
    "thumb_01_l": {
      "name": "thumb_01_l",
      "local": {
        "location": {
          "x": 0.0,
          "y": 0.0,
          "z": 0.0
        },
        "rotation_quaternion": {
          "w": 0.9995592832565308,
          "x": 0.014983998611569405,
          "y": 0.016630908474326134,
          "z": -0.019502075389027596
        },
        "scale": {
          "x": 1.0,
          "y": 1.0,
          "z": 1.0
        },
        "matrix_basis": [
          [
            0.9986861348152161,
            0.03948535770177841,
            0.03266271948814392,
            0.0
          ],
          [
            -0.038488566875457764,
            0.9987903237342834,
            -0.03060346469283104,
            0.0
          ],
          [
            -0.03383159637451172,
            0.029306115582585335,
            0.9989978075027466,
            0.0
          ],
          [
            0.0,
            0.0,
            0.0,
            1.0
          ]
        ],
        "rotation_mode": "QUATERNION"
      },
      "armature_space": {
        "head": {
          "x": 0.4952600300312042,
          "y": -0.038571640849113464,
          "z": 0.23696286976337433
        },
        "tail": {
          "x": 0.47907793521881104,
          "y": -0.03816759213805199,
          "z": 0.2070193737745285
        }
      },
      "world_space": {
        "head": {
          "x": 0.4952600300312042,
          "y": 0.024672359228134155,
          "z": 1.186816930770874
        },
        "tail": {
          "x": 0.47907793521881104,
          "y": 0.025076407939195633,
          "z": 1.156873345375061
        },
        "rotation_quaternion": {
          "w": 0.43015554547309875,
          "x": -0.6401129364967346,
          "y": 0.5664809346199036,
          "z": -0.29038089513778687
        },
        "matrix": [
          [
            0.1895531415939331,
            -0.4754050076007843,
            0.8591039776802063,
            0.4952600300312042
          ],
          [
            -0.9750420451164246,
            0.011870327405631542,
            0.22170233726501465,
            0.024672359228134155
          ],
          [
            -0.11559786647558212,
            -0.8796930313110352,
            -0.4612930715084076,
            1.186816930770874
          ],
          [
            0.0,
            0.0,
            0.0,
            1.0
          ]
        ]
      },
      "bone_length_armature_space": 0.03403874844143379,
      "parent": "metacarpal_thumb_l",
      "has_children": true,
      "is_end_bone": false
    },
    "thumb_02_l": {
      "name": "thumb_02_l",
      "local": {
        "location": {
          "x": 0.0,
          "y": 0.0,
          "z": 0.0
        },
        "rotation_quaternion": {
          "w": 0.987952709197998,
          "x": 0.1545443832874298,
          "y": -0.006000631954520941,
          "z": 0.005445848219096661
        },
        "scale": {
          "x": 1.0,
          "y": 1.0,
          "z": 1.0
        },
        "matrix_basis": [
          [
            0.9998686909675598,
            -0.012615208514034748,
            -0.010173430666327477,
            0.0
          ],
          [
            0.008905753493309021,
            0.9521727561950684,
            -0.30543044209480286,
            0.0
          ],
          [
            0.013539931736886501,
            0.3052997291088104,
            0.9521600604057312,
            0.0
          ],
          [
            0.0,
            0.0,
            0.0,
            1.0
          ]
        ],
        "rotation_mode": "QUATERNION"
      },
      "armature_space": {
        "head": {
          "x": 0.47907787561416626,
          "y": -0.038167569786310196,
          "z": 0.2070194035768509
        },
        "tail": {
          "x": 0.5048350691795349,
          "y": -0.05816507339477539,
          "z": 0.18357041478157043
        }
      },
      "world_space": {
        "head": {
          "x": 0.47907787561416626,
          "y": 0.025076430290937424,
          "z": 1.1568734645843506
        },
        "tail": {
          "x": 0.5048350691795349,
          "y": 0.005078926682472229,
          "z": 1.1334244012832642
        },
        "rotation_quaternion": {
          "w": 0.4651568531990051,
          "x": -0.3029976189136505,
          "y": 0.18623460829257965,
          "z": -0.8106406927108765
        },
        "matrix": [
          [
            -0.38364166021347046,
            0.6412939429283142,
            0.6645005941390991,
            0.47907787561416626
          ],
          [
            -0.8670075535774231,
            -0.4978911876678467,
            -0.02005365490913391,
            0.025076430290937424
          ],
          [
            0.31799039244651794,
            -0.5838251113891602,
            0.7470236420631409,
            1.1568734645843506
          ],
          [
            0.0,
            0.0,
            0.0,
            1.0
          ]
        ]
      },
      "bone_length_armature_space": 0.04016451509778971,
      "parent": "thumb_01_l",
      "has_children": true,
      "is_end_bone": false
    },
    "thumb_03_l": {
      "name": "thumb_03_l",
      "local": {
        "location": {
          "x": 0.0,
          "y": 0.0,
          "z": 0.0
        },
        "rotation_quaternion": {
          "w": 0.9969533681869507,
          "x": 0.07772834599018097,
          "y": -0.0052622538059949875,
          "z": 0.00381656875833869
        },
        "scale": {
          "x": 1.0,
          "y": 1.0,
          "z": 1.0
        },
        "matrix_basis": [
          [
            0.9999154806137085,
            -0.008427934721112251,
            -0.009899131953716278,
            0.0
          ],
          [
            0.006791829597204924,
            0.9878875017166138,
            -0.1550232470035553,
            0.0
          ],
          [
            0.0110857542604208,
            0.15494289994239807,
            0.9878612160682678,
            0.0
          ],
          [
            0.0,
            0.0,
            0.0,
            1.0
          ]
        ],
        "rotation_mode": "QUATERNION"
      },
      "armature_space": {
        "head": {
          "x": 0.5048350095748901,
          "y": -0.05816509947180748,
          "z": 0.18357041478157043
        },
        "tail": {
          "x": 0.5320641994476318,
          "y": -0.06932133436203003,
          "z": 0.1757601499557495
        }
      },
      "world_space": {
        "head": {
          "x": 0.5048350095748901,
          "y": 0.00507890060544014,
          "z": 1.1334244012832642
        },
        "tail": {
          "x": 0.5320641994476318,
          "y": -0.00607733428478241,
          "z": 1.1256141662597656
        },
        "rotation_quaternion": {
          "w": 0.5461781024932861,
          "x": -0.02930505760014057,
          "y": 0.1359017938375473,
          "z": -0.8260517716407776
        },
        "matrix": [
          [
            -0.4016609787940979,
            0.8943773508071899,
            0.1968691051006317,
            0.5048350095748901
          ],
          [
            -0.9103081226348877,
            -0.3664402961730957,
            -0.19251090288162231,
            0.00507890060544014
          ],
          [
            -0.10003791749477386,
            -0.2565379738807678,
            0.9613505005836487,
            1.1334244012832642
          ],
          [
            0.0,
            0.0,
            0.0,
            1.0
          ]
        ]
      },
      "bone_length_armature_space": 0.030444877395713298,
      "parent": "thumb_02_l",
      "has_children": false,
      "is_end_bone": true
    },
    "metacarpal_index_l": {
      "name": "metacarpal_index_l",
      "local": {
        "location": {
          "x": 0.0,
          "y": 0.0,
          "z": 0.0
        },
        "rotation_quaternion": {
          "w": 0.9998151063919067,
          "x": -0.013684967532753944,
          "y": 0.00664488086476922,
          "z": 0.011765027418732643
        },
        "scale": {
          "x": 1.0,
          "y": 1.0,
          "z": 1.0
        },
        "matrix_basis": [
          [
            0.999634861946106,
            -0.023707574233412743,
            0.012965296395123005,
            0.0
          ],
          [
            0.023343835026025772,
            0.9993486404418945,
            0.027521228417754173,
            0.0
          ],
          [
            -0.01360931247472763,
            -0.027208520099520683,
            0.9995371103286743,
            0.0
          ],
          [
            0.0,
            0.0,
            0.0,
            1.0
          ]
        ],
        "rotation_mode": "QUATERNION"
      },
      "armature_space": {
        "head": {
          "x": 0.5010721683502197,
          "y": -0.005298897624015808,
          "z": 0.27319473028182983
        },
        "tail": {
          "x": 0.5279231667518616,
          "y": -0.08311666548252106,
          "z": 0.1898116171360016
        }
      },
      "world_space": {
        "head": {
          "x": 0.5010721683502197,
          "y": 0.05794510245323181,
          "z": 1.2230486869812012
        },
        "tail": {
          "x": 0.5279231667518616,
          "y": -0.019872665405273438,
          "z": 1.1396656036376953
        },
        "rotation_quaternion": {
          "w": 0.2925030589103699,
          "x": -0.8155741691589355,
          "y": -0.28701046109199524,
          "z": 0.40854090452194214
        },
        "matrix": [
          [
            0.501438319683075,
            0.22915950417518616,
            -0.8342931866645813,
            0.5010721683502197
          ],
          [
            0.7071558237075806,
            -0.6641343235969543,
            0.24260346591472626,
            0.05794510245323181
          ],
          [
            -0.49849069118499756,
            -0.711631715297699,
            -0.49507710337638855,
            1.2230486869812012
          ],
          [
            0.0,
            0.0,
            0.0,
            1.0
          ]
        ]
      },
      "bone_length_armature_space": 0.1171722012209411,
      "parent": "lowerarm_l",
      "has_children": true,
      "is_end_bone": false
    },
    "index_01_l": {
      "name": "index_01_l",
      "local": {
        "location": {
          "x": 0.0,
          "y": 0.0,
          "z": 0.0
        },
        "rotation_quaternion": {
          "w": 0.9993891716003418,
          "x": -0.03224541246891022,
          "y": -0.004033805802464485,
          "z": -0.012863105162978172
        },
        "scale": {
          "x": 1.0,
          "y": 1.0,
          "z": 1.0
        },
        "matrix_basis": [
          [
            0.9996365308761597,
            0.025970639660954475,
            -0.00723313121125102,
            0.0
          ],
          [
            -0.02545035257935524,
            0.9975895285606384,
            0.06455520540475845,
            0.0
          ],
          [
            0.008892236277461052,
            -0.06434765458106995,
            0.997887909412384,
            0.0
          ],
          [
            0.0,
            0.0,
            0.0,
            1.0
          ]
        ],
        "rotation_mode": "QUATERNION"
      },
      "armature_space": {
        "head": {
          "x": 0.5279231667518616,
          "y": -0.08311666548252106,
          "z": 0.1898116171360016
        },
        "tail": {
          "x": 0.54375821352005,
          "y": -0.09438097476959229,
          "z": 0.1689443588256836
        }
      },
      "world_space": {
        "head": {
          "x": 0.5279231667518616,
          "y": -0.019872665405273438,
          "z": 1.1396656036376953
        },
        "tail": {
          "x": 0.54375821352005,
          "y": -0.031136974692344666,
          "z": 1.1187983751296997
        },
        "rotation_quaternion": {
          "w": 0.2884238064289093,
          "x": -0.778774082660675,
          "y": -0.46828579902648926,
          "z": 0.3017137050628662
        },
        "matrix": [
          [
            0.37935253977775574,
            0.5553356409072876,
            -0.7400631904602051,
            0.5279231667518616
          ],
          [
            0.9034212231636047,
            -0.3950398564338684,
            0.16665524244308472,
            -0.019872665405273438
          ],
          [
            -0.19980542361736298,
            -0.7318155169487,
            -0.6515657305717468,
            1.1396656036376953
          ],
          [
            0.0,
            0.0,
            0.0,
            1.0
          ]
        ]
      },
      "bone_length_armature_space": 0.028514484670942114,
      "parent": "metacarpal_index_l",
      "has_children": true,
      "is_end_bone": false
    },
    "index_02_l": {
      "name": "index_02_l",
      "local": {
        "location": {
          "x": 0.0,
          "y": 0.0,
          "z": 0.0
        },
        "rotation_quaternion": {
          "w": 0.9755898714065552,
          "x": 0.21938765048980713,
          "y": 0.008469482883810997,
          "z": -0.004670591093599796
        },
        "scale": {
          "x": 1.0,
          "y": 1.0,
          "z": 1.0
        },
        "matrix_basis": [
          [
            0.99981290102005,
            0.012829362414777279,
            0.014476143755018711,
            0.0
          ],
          [
            -0.005396962631493807,
            0.9036945104598999,
            -0.42814385890960693,
            0.0
          ],
          [
            -0.018574822694063187,
            0.42798563838005066,
            0.9035946726799011,
            0.0
          ],
          [
            0.0,
            0.0,
            0.0,
            1.0
          ]
        ],
        "rotation_mode": "QUATERNION"
      },
      "armature_space": {
        "head": {
          "x": 0.5437580943107605,
          "y": -0.09438128769397736,
          "z": 0.16894391179084778
        },
        "tail": {
          "x": 0.5494377613067627,
          "y": -0.10168490558862686,
          "z": 0.14501699805259705
        }
      },
      "world_space": {
        "head": {
          "x": 0.5437580943107605,
          "y": -0.031137287616729736,
          "z": 1.1187978982925415
        },
        "tail": {
          "x": 0.5494377613067627,
          "y": -0.03844090551137924,
          "z": 1.0948710441589355
        },
        "rotation_quaternion": {
          "w": 0.4308931231498718,
          "x": -0.6902163624763489,
          "y": -0.4147029221057892,
          "z": 0.40737441182136536
        },
        "matrix": [
          [
            0.3241344392299652,
            0.2214009165763855,
            -0.9197380542755127,
            0.5437580943107605
          ],
          [
            0.9235396385192871,
            -0.28470513224601746,
            0.25693947076797485,
            -0.031137287616729736
          ],
          [
            -0.20496810972690582,
            -0.9327044486999512,
            -0.2967570126056671,
            1.1187978982925415
          ],
          [
            0.0,
            0.0,
            0.0,
            1.0
          ]
        ]
      },
      "bone_length_armature_space": 0.025653433530643262,
      "parent": "index_01_l",
      "has_children": true,
      "is_end_bone": false
    },
    "index_03_l": {
      "name": "index_03_l",
      "local": {
        "location": {
          "x": 0.0,
          "y": 0.0,
          "z": 0.0
        },
        "rotation_quaternion": {
          "w": 0.9814803600311279,
          "x": 0.19151514768600464,
          "y": -0.004070728551596403,
          "z": -0.001348905498161912
        },
        "scale": {
          "x": 1.0,
          "y": 1.0,
          "z": 1.0
        },
        "matrix_basis": [
          [
            0.9999632239341736,
            0.0010886361123993993,
            -0.008507352322340012,
            0.0
          ],
          [
            -0.004207060672342777,
            0.9266402721405029,
            -0.3759257197380066,
            0.0
          ],
          [
            0.007474008481949568,
            0.3759476840496063,
            0.9266107678413391,
            0.0
          ],
          [
            0.0,
            0.0,
            0.0,
            1.0
          ]
        ],
        "rotation_mode": "QUATERNION"
      },
      "armature_space": {
        "head": {
          "x": 0.5494378805160522,
          "y": -0.10168496519327164,
          "z": 0.14501705765724182
        },
        "tail": {
          "x": 0.543973982334137,
          "y": -0.10264186561107635,
          "z": 0.11632955074310303
        }
      },
      "world_space": {
        "head": {
          "x": 0.5494378805160522,
          "y": -0.03844096511602402,
          "z": 1.0948710441589355
        },
        "tail": {
          "x": 0.543973982334137,
          "y": -0.039397865533828735,
          "z": 1.0661835670471191
        },
        "rotation_quaternion": {
          "w": 0.6110114455223083,
          "x": -0.5560047626495361,
          "y": -0.3321008086204529,
          "z": 0.455228328704834
        },
        "matrix": [
          [
            0.3649509847164154,
            -0.18700024485588074,
            -0.9120532870292664,
            0.5494378805160522
          ],
          [
            0.9255991578102112,
            -0.03274954855442047,
            0.37708601355552673,
            -0.03844096511602402
          ],
          [
            -0.10038437694311142,
            -0.981820821762085,
            0.1611369401216507,
            1.0948710441589355
          ],
          [
            0.0,
            0.0,
            0.0,
            1.0
          ]
        ]
      },
      "bone_length_armature_space": 0.029218878694303996,
      "parent": "index_02_l",
      "has_children": false,
      "is_end_bone": true
    },
    "metacarpal_pinky_l": {
      "name": "metacarpal_pinky_l",
      "local": {
        "location": {
          "x": 0.0,
          "y": 0.0,
          "z": 0.0
        },
        "rotation_quaternion": {
          "w": 0.9987471103668213,
          "x": -0.048985034227371216,
          "y": -0.0054648746736347675,
          "z": 0.008659415878355503
        },
        "scale": {
          "x": 1.0,
          "y": 1.0,
          "z": 1.0
        },
        "matrix_basis": [
          [
            0.9997903108596802,
            -0.016761738806962967,
            -0.01176441926509142,
            0.0
          ],
          [
            0.017832526937127113,
            0.9950509667396545,
            0.09775267541408539,
            0.0
          ],
          [
            0.010067692026495934,
            -0.09794196486473083,
            0.9951412081718445,
            0.0
          ],
          [
            0.0,
            0.0,
            0.0,
            1.0
          ]
        ],
        "rotation_mode": "QUATERNION"
      },
      "armature_space": {
        "head": {
          "x": 0.5010721683502197,
          "y": -0.005298897624015808,
          "z": 0.27319473028182983
        },
        "tail": {
          "x": 0.5732436180114746,
          "y": -0.02615639567375183,
          "z": 0.20108693838119507
        }
      },
      "world_space": {
        "head": {
          "x": 0.5010721683502197,
          "y": 0.05794510245323181,
          "z": 1.2230486869812012
        },
        "tail": {
          "x": 0.5732436180114746,
          "y": 0.03708760440349579,
          "z": 1.1509408950805664
        },
        "rotation_quaternion": {
          "w": 0.41047361493110657,
          "x": 0.061440035700798035,
          "y": 0.48099973797798157,
          "z": -0.7722538113594055
        },
        "matrix": [
          [
            -0.6554716229438782,
            0.6930850148200989,
            0.29998302459716797,
            0.5010721683502197
          ],
          [
            -0.5748770236968994,
            -0.20030102133750916,
            -0.7933449745178223,
            0.05794510245323181
          ],
          [
            -0.4897725582122803,
            -0.6924735307693481,
            0.5297331213951111,
            1.2230486869812012
          ],
          [
            0.0,
            0.0,
            0.0,
            1.0
          ]
        ]
      },
      "bone_length_armature_space": 0.10413110383324439,
      "parent": "lowerarm_l",
      "has_children": true,
      "is_end_bone": false
    },
    "pinky_01_l": {
      "name": "pinky_01_l",
      "local": {
        "location": {
          "x": 0.0,
          "y": 0.0,
          "z": 0.0
        },
        "rotation_quaternion": {
          "w": 0.9982652068138123,
          "x": 0.05205291509628296,
          "y": -0.026259947568178177,
          "z": -0.008220379240810871
        },
        "scale": {
          "x": 1.0,
          "y": 1.0,
          "z": 1.0
        },
        "matrix_basis": [
          [
            0.9984856843948364,
            0.013678423129022121,
            -0.053284574300050735,
            0.0
          ],
          [
            -0.01914605125784874,
            0.9944458603858948,
            -0.10349349677562714,
            0.0
          ],
          [
            0.05157299339771271,
            0.10435695946216583,
            0.9932017922401428,
            0.0
          ],
          [
            0.0,
            0.0,
            0.0,
            1.0
          ]
        ],
        "rotation_mode": "QUATERNION"
      },
      "armature_space": {
        "head": {
          "x": 0.5732436180114746,
          "y": -0.02615639567375183,
          "z": 0.20108693838119507
        },
