{
  "metadata": {
    "armature_name": "KIM_caucasian_male",
    "export_time": "2026-01-13T19:11:59.925554",
    "blender_version": "4.4.1",
    "bone_count": 56,
    "end_bone_count": 13,
    "spaces_included": [
      "LOCAL_CHANNELS",
      "ARMATURE_SPACE",
      "WORLD_SPACE"
    ],
    "note": "LOCAL matches Transform panel; replay pose via local.matrix_basis for best fidelity."
  },
  "bones": {
    "Root": {
      "name": "Root",
      "local": {
        "location": {
          "x": 0.0,
          "y": 0.0,
          "z": 0.0
        },
        "rotation_quaternion": {
          "w": 0.9998388290405273,
          "x": -0.005003766622394323,
          "y": -0.007782297674566507,
          "z": -0.015388221479952335
        },
        "scale": {
          "x": 1.0,
          "y": 1.0,
          "z": 1.0
        },
        "matrix_basis": [
          [
            0.9994052648544312,
            0.030849363654851913,
            -0.015408088453114033,
            0.0
          ],
          [
            -0.030693601816892624,
            0.9994763135910034,
            0.010245432145893574,
            0.0
          ],
          [
            0.015716085210442543,
            -0.009766409173607826,
            0.9998288154602051,
            0.0
          ],
          [
            0.0,
            0.0,
            0.0,
            1.0
          ]
        ],
        "rotation_mode": "QUATERNION"
      },
      "armature_space": {
        "head": {
          "x": 0.0,
          "y": 0.07072800397872925,
          "z": -0.009595036506652832
        },
        "tail": {
          "x": 0.0022019001189619303,
          "y": 0.00013075023889541626,
          "z": 0.0006857383996248245
        }
      },
      "world_space": {
        "head": {
          "x": 0.0,
          "y": 0.13397200405597687,
          "z": 0.9402589797973633
        },
        "tail": {
          "x": 0.0022019001189619303,
          "y": 0.06337475031614304,
          "z": 0.950539767742157
        },
        "rotation_quaternion": {
          "w": 0.0723491981625557,
          "x": 0.9972302913665771,
          "y": 0.014828987419605255,
          "z": -0.008801290765404701
        },
        "matrix": [
          [
            0.9994052648544312,
            0.030849363654851913,
            -0.015408088453114033,
            0.0
          ],
          [
            0.02830229140818119,
            -0.9890913367271423,
            -0.1445591151714325,
            0.13397200405597687
          ],
          [
            -0.01969967409968376,
            0.144037127494812,
            -0.9893832802772522,
            0.9402589797973633
          ],
          [
            0.0,
            0.0,
            0.0,
            1.0
          ]
        ]
      },
      "bone_length_armature_space": 0.07137587117197175,
      "parent": null,
      "has_children": true,
      "is_end_bone": false
    },
    "spine_01": {
      "name": "spine_01",
      "local": {
        "location": {
          "x": 0.0,
          "y": 0.0,
          "z": 0.0
        },
        "rotation_quaternion": {
          "w": 0.9937248229980469,
          "x": 0.06695044040679932,
          "y": 0.047790978103876114,
          "z": 0.07579392939805984
        },
        "scale": {
          "x": 1.0,
          "y": 1.0,
          "z": 1.0
        },
        "matrix_basis": [
          [
            0.9839426279067993,
            -0.14423736929893494,
            0.10513103753328323,
            0.0
          ],
          [
            0.15703587234020233,
            0.9795458316802979,
            -0.12581609189510345,
            0.0
          ],
          [
            -0.0848332867026329,
            0.14030516147613525,
            0.9864673018455505,
            0.0
          ],
          [
            0.0,
            0.0,
            0.0,
            1.0
          ]
        ],
        "rotation_mode": "QUATERNION"
      },
      "armature_space": {
        "head": {
          "x": 0.0022019001189619303,
          "y": 0.00013075023889541626,
          "z": 0.0006857383996248245
        },
        "tail": {
          "x": -0.057498957961797714,
          "y": -0.04294968768954277,
          "z": 0.48310500383377075
        }
      },
      "world_space": {
        "head": {
          "x": 0.0022019001189619303,
          "y": 0.06337475031614304,
          "z": 0.950539767742157
        },
        "tail": {
          "x": -0.057498957961797714,
          "y": 0.02029431238770485,
          "z": 1.4329590797424316
        },
        "rotation_quaternion": {
          "w": 0.6751741170883179,
          "x": 0.7321140170097351,
          "y": -0.0002998518757522106,
          "z": 0.09027189016342163
        },
        "matrix": [
          [
            0.9837018847465515,
            -0.12233751267194748,
            0.13177283108234406,
            0.0022019001189619303
          ],
          [
            0.12145859003067017,
            -0.0882793664932251,
            -0.9886630773544312,
            0.06337475031614304
          ],
          [
            0.13258445262908936,
            0.9885615706443787,
            -0.07198305428028107,
            0.950539767742157
          ],
          [
            0.0,
            0.0,
            0.0,
            1.0
          ]
        ]
      },
      "bone_length_armature_space": 0.48800455824959255,
      "parent": "Root",
      "has_children": true,
      "is_end_bone": false
    },
    "neck_01": {
      "name": "neck_01",
      "local": {
        "location": {
          "x": 0.0,
          "y": 0.0,
          "z": 0.0
        },
        "rotation_quaternion": {
          "w": 0.9873793125152588,
          "x": 0.030915142968297005,
          "y": 0.06399589031934738,
          "z": 0.1415305733680725
        },
        "scale": {
          "x": 1.0,
          "y": 1.0,
          "z": 1.0
        },
        "matrix_basis": [
          [
            0.9517472386360168,
            -0.2755318284034729,
            0.13512730598449707,
            0.0
          ],
          [
            0.2834455966949463,
            0.9580267071723938,
            -0.042935196310281754,
            0.0
          ],
          [
            -0.11762555688619614,
            0.07916469871997833,
            0.9898975491523743,
            0.0
          ],
          [
            0.0,
            0.0,
            0.0,
            1.0
          ]
        ],
        "rotation_mode": "QUATERNION"
      },
      "armature_space": {
        "head": {
          "x": -0.06188637763261795,
          "y": -0.08370064198970795,
          "z": 0.5529895424842834
        },
        "tail": {
          "x": -0.09452760219573975,
          "y": -0.139150932431221,
          "z": 0.6328051090240479
        }
      },
      "world_space": {
        "head": {
          "x": -0.06188637763261795,
          "y": -0.020456641912460327,
          "z": 1.5028436183929443
        },
        "tail": {
          "x": -0.09452760219573975,
          "y": -0.07590693235397339,
          "z": 1.582659125328064
        },
        "rotation_quaternion": {
          "w": 0.47433722019195557,
          "x": 0.8511850833892822,
          "y": -0.06761198490858078,
          "z": 0.21428221464157104
        },
        "matrix": [
          [
            0.8990238308906555,
            -0.31838467717170715,
            0.3006446361541748,
            -0.06188637763261795
          ],
          [
            0.088182233273983,
            -0.5408658385276794,
            -0.8364737629890442,
            -0.020456641912460327
          ],
          [
            0.42893192172050476,
            0.7785263061523438,
            -0.45817944407463074,
            1.5028436183929443
          ],
          [
            0.0,
            0.0,
            0.0,
            1.0
          ]
        ]
      },
      "bone_length_armature_space": 0.10252174957892823,
      "parent": "spine_01",
      "has_children": true,
      "is_end_bone": false
    },
    "head": {
      "name": "head",
      "local": {
        "location": {
          "x": 0.0,
          "y": 0.0,
          "z": 0.0
        },
        "rotation_quaternion": {
          "w": 0.977534294128418,
          "x": -0.0009806405287235975,
          "y": -0.027634743601083755,
          "z": -0.20895476639270782
        },
        "scale": {
          "x": 1.0,
          "y": 1.0,
          "z": 1.0
        },
        "matrix_basis": [
          [
            0.9111484289169312,
            0.4085750877857208,
            -0.05361799895763397,
            0.0
          ],
          [
            -0.4084666967391968,
            0.9126738905906677,
            0.013466042466461658,
            0.0
          ],
          [
            0.05443763732910156,
            0.00963160302489996,
            0.9984707236289978,
            0.0
          ],
          [
            0.0,
            0.0,
            0.0,
            1.0
          ]
        ],
        "rotation_mode": "QUATERNION"
      },
      "armature_space": {
        "head": {
          "x": -0.09452752768993378,
          "y": -0.13915102183818817,
          "z": 0.6328049898147583
        },
        "tail": {
          "x": -0.0947846919298172,
          "y": -0.16380153596401215,
          "z": 0.7859245538711548
        }
      },
      "world_space": {
        "head": {
          "x": -0.09452752768993378,
          "y": -0.07590702176094055,
          "z": 1.5826590061187744
        },
        "tail": {
          "x": -0.0947846919298172,
          "y": -0.10055753588676453,
          "z": 1.735778570175171
        },
        "rotation_quaternion": {
          "w": 0.6475564241409302,
          "x": 0.7600751519203186,
          "y": 0.03462592884898186,
          "z": 0.04192279651761055
        },
        "matrix": [
          [
            0.9940869808197021,
            -0.0016581552335992455,
            0.10857340693473816,
            -0.09452752768993378
          ],
          [
            0.10693135857582092,
            -0.1589430570602417,
            -0.9814801216125488,
            -0.07590702176094055
          ],
          [
            0.01888454332947731,
            0.9872933030128479,
            -0.1578279584646225,
            1.5826590061187744
          ],
          [
            0.0,
            0.0,
            0.0,
            1.0
          ]
        ]
      },
      "bone_length_armature_space": 0.15509131069166196,
      "parent": "neck_01",
      "has_children": false,
      "is_end_bone": true
    },
    "upperarm_l": {
      "name": "upperarm_l",
      "local": {
        "location": {
          "x": 0.0,
          "y": 0.0,
          "z": 0.0
        },
        "rotation_quaternion": {
          "w": 0.8958238363265991,
          "x": 0.3132779598236084,
          "y": 0.05333971604704857,
          "z": -0.3106630742549896
        },
        "scale": {
          "x": 1.0,
          "y": 1.0,
          "z": 1.0
        },
        "matrix_basis": [
          [
            0.8012866377830505,
            0.5900191068649292,
            -0.09908180683851242,
            0.0
          ],
          [
            -0.5231784582138062,
            0.6106907725334167,
            -0.5944250822067261,
            0.0
          ],
          [
            -0.29021376371383667,
            0.5281423926353455,
            0.7980235815048218,
            0.0
          ],
          [
            0.0,
            0.0,
            0.0,
            1.0
          ]
        ],
        "rotation_mode": "QUATERNION"
      },
      "armature_space": {
        "head": {
          "x": 0.0943111851811409,
          "y": -0.0627017617225647,
          "z": 0.5062086582183838
        },
        "tail": {
          "x": 0.29443204402923584,
          "y": -0.157745361328125,
          "z": 0.35545608401298523
        }
      },
      "world_space": {
        "head": {
          "x": 0.0943111851811409,
          "y": 0.0005422383546829224,
          "z": 1.4560626745224
        },
        "tail": {
          "x": 0.29443204402923584,
          "y": -0.09450136125087738,
          "z": 1.3053101301193237
        },
        "rotation_quaternion": {
          "w": 0.17134781181812286,
          "x": 0.477364718914032,
          "y": 0.5415714383125305,
          "z": -0.6704202890396118
        },
        "matrix": [
          [
            -0.4855232834815979,
            0.7468047738075256,
            -0.45447754859924316,
            0.0943111851811409
          ],
          [
            0.287307471036911,
            -0.35468074679374695,
            -0.889750599861145,
            0.0005422383546829224
          ],
          [
            -0.8256698846817017,
            -0.5625737905502319,
            -0.04235794395208359,
            1.4560626745224
          ],
          [
            0.0,
            0.0,
            0.0,
            1.0
          ]
        ]
      },
      "bone_length_armature_space": 0.26797011996494574,
      "parent": "spine_01",
      "has_children": true,
      "is_end_bone": false
    },
    "lowerarm_l": {
      "name": "lowerarm_l",
      "local": {
        "location": {
          "x": 0.0,
          "y": 0.0,
          "z": 0.0
        },
        "rotation_quaternion": {
          "w": 0.9380521774291992,
          "x": 0.2867182493209839,
          "y": -0.17176063358783722,
          "z": 0.09137409180402756
        },
        "scale": {
          "x": 1.0,
          "y": 1.0,
          "z": 1.0
        },
        "matrix_basis": [
          [
            0.924298107624054,
            -0.2699211537837982,
            -0.2698436379432678,
            0.0
          ],
          [
            0.07293351739645004,
            0.8188868165016174,
            -0.5693023204803467,
            0.0
          ],
          [
            0.3746381103992462,
            0.506524384021759,
            0.776581883430481,
            0.0
          ],
          [
            0.0,
            0.0,
            0.0,
            1.0
          ]
        ],
        "rotation_mode": "QUATERNION"
      },
      "armature_space": {
        "head": {
          "x": 0.294432133436203,
          "y": -0.15774548053741455,
          "z": 0.3554561138153076
        },
        "tail": {
          "x": 0.42488807439804077,
          "y": -0.38941213488578796,
          "z": 0.3257713317871094
        }
      },
      "world_space": {
        "head": {
          "x": 0.294432133436203,
          "y": -0.09450148046016693,
          "z": 1.3053101301193237
        },
        "tail": {
          "x": 0.42488807439804077,
          "y": -0.32616811990737915,
          "z": 1.2756253480911255
        },
        "rotation_quaternion": {
          "w": 0.2055007964372635,
          "x": 0.4026666581630707,
          "y": 0.15743966400623322,
          "z": -0.8779759407043457
        },
        "matrix": [
          [
            -0.5912581086158752,
            0.48764121532440186,
            -0.6423549652099609,
            0.294432133436203
          ],
          [
            -0.23405885696411133,
            -0.8659642934799194,
            -0.44195306301116943,
            -0.09450148046016693
          ],
          [
            -0.771776556968689,
            -0.11096102744340897,
            0.6261491179466248,
            1.3053101301193237
          ],
          [
            0.0,
            0.0,
            0.0,
            1.0
          ]
        ]
      },
      "bone_length_armature_space": 0.26752453386122743,
      "parent": "upperarm_l",
      "has_children": true,
      "is_end_bone": false
    },
    "metacarpal_thumb_l": {
      "name": "metacarpal_thumb_l",
      "local": {
        "location": {
          "x": 0.0,
          "y": 0.0,
          "z": 0.0
        },
        "rotation_quaternion": {
          "w": 0.9998153448104858,
          "x": 0.0060683926567435265,
          "y": -0.016157737001776695,
          "z": 0.008452231995761395
        },
        "scale": {
          "x": 1.0,
          "y": 1.0,
          "z": 1.0
        },
        "matrix_basis": [
          [
            0.999334990978241,
            -0.01709744520485401,
            -0.03220692276954651,
            0.0
          ],
          [
            0.016705239191651344,
            0.999783456325531,
            -0.012407681904733181,
            0.0
          ],
          [
            0.032412089407444,
            0.0118614062666893,
            0.9994041919708252,
            0.0
          ],
          [
            0.0,
            0.0,
            0.0,
            1.0
          ]
        ],
        "rotation_mode": "QUATERNION"
      },
      "armature_space": {
        "head": {
          "x": 0.42488807439804077,
          "y": -0.38941213488578796,
          "z": 0.3257713317871094
        },
        "tail": {
          "x": 0.41885077953338623,
          "y": -0.4380747973918915,
          "z": 0.33277714252471924
        }
      },
      "world_space": {
        "head": {
          "x": 0.42488807439804077,
          "y": -0.32616811990737915,
          "z": 1.2756253480911255
        },
        "tail": {
          "x": 0.41885077953338623,
          "y": -0.37483078241348267,
          "z": 1.2826311588287354
        },
        "rotation_quaternion": {
          "w": 0.04491296410560608,
          "x": 0.9317678213119507,
          "y": -0.08231011778116226,
          "z": -0.3507372736930847
        },
        "matrix": [
          [
            0.7404168844223022,
            -0.1218828558921814,
            -0.6610049605369568,
            0.42488807439804077
          ],
          [
            -0.1848933845758438,
            -0.9824156165122986,
            -0.025958366692066193,
            -0.32616811990737915
          ],
          [
            -0.6462225317955017,
            0.14143553376197815,
            -0.7499376535415649,
            1.2756253480911255
          ],
          [
            0.0,
            0.0,
            0.0,
            1.0
          ]
        ]
      },
      "bone_length_armature_space": 0.04953367672445076,
      "parent": "lowerarm_l",
      "has_children": true,
      "is_end_bone": false
    },
    "thumb_01_l": {
      "name": "thumb_01_l",
      "local": {
        "location": {
          "x": 0.0,
          "y": 0.0,
          "z": 0.0
        },
        "rotation_quaternion": {
          "w": 0.9995586276054382,
          "x": 0.02165902964770794,
          "y": 0.017195919528603554,
          "z": -0.010856817476451397
        },
        "scale": {
          "x": 1.0,
          "y": 1.0,
          "z": 1.0
        },
        "matrix_basis": [
          [
            0.9991728663444519,
            0.02244894579052925,
            0.03390636295080185,
            0.0
          ],
          [
            -0.02095915749669075,
            0.9988260269165039,
            -0.04367232695221901,
            0.0
          ],
          [
            -0.0348469540476799,
            0.042925555258989334,
            0.9984703660011292,
            0.0
          ],
          [
            0.0,
            0.0,
            0.0,
            1.0
          ]
        ],
        "rotation_mode": "QUATERNION"
      },
      "armature_space": {
        "head": {
          "x": 0.41885077953338623,
          "y": -0.4380747973918915,
          "z": 0.33277714252471924
        },
        "tail": {
          "x": 0.39764639735221863,
          "y": -0.46095511317253113,
          "z": 0.31915757060050964
        }
      },
      "world_space": {
        "head": {
          "x": 0.41885077953338623,
          "y": -0.37483078241348267,
          "z": 1.2826311588287354
        },
        "tail": {
          "x": 0.39764639735221863,
          "y": -0.3977110981941223,
          "z": 1.2690116167068481
        },
        "rotation_quaternion": {
          "w": 0.04181668162345886,
          "x": -0.8162795305252075,
          "y": 0.40268707275390625,
          "z": -0.41204652190208435
        },
        "matrix": [
          [
            0.3361204266548157,
            -0.6229515075683594,
            0.7063673138618469,
            0.41885077953338623
          ],
          [
            -0.6918711066246033,
            -0.6721879243850708,
            -0.2635859251022339,
            -0.37483078241348267
          ],
          [
            0.6390164494514465,
            -0.40012189745903015,
            -0.6569432616233826,
            1.2826311588287354
          ],
          [
            0.0,
            0.0,
            0.0,
            1.0
          ]
        ]
      },
      "bone_length_armature_space": 0.0340386170195487,
      "parent": "metacarpal_thumb_l",
      "has_children": true,
      "is_end_bone": false
    },
    "thumb_02_l": {
      "name": "thumb_02_l",
      "local": {
        "location": {
          "x": 0.0,
          "y": 0.0,
          "z": 0.0
        },
        "rotation_quaternion": {
          "w": 0.9934675693511963,
          "x": 0.11406911909580231,
          "y": 0.002624186687171459,
          "z": 0.0018838309915736318
        },
        "scale": {
          "x": 1.0,
          "y": 1.0,
          "z": 1.0
        },
        "matrix_basis": [
          [
            0.9999791383743286,
            -0.003144372720271349,
            0.0056438627652823925,
            0.0
          ],
          [
            0.004341727122664452,
            0.9739693999290466,
            -0.2266380488872528,
            0.0
          ],
          [
            -0.004784314893186092,
            0.22665782272815704,
            0.9739627242088318,
            0.0
          ],
          [
            0.0,
            0.0,
            0.0,
            1.0
          ]
        ],
        "rotation_mode": "QUATERNION"
      },
      "armature_space": {
        "head": {
          "x": 0.39764636754989624,
          "y": -0.46095508337020874,
          "z": 0.31915757060050964
        },
        "tail": {
          "x": 0.41911476850509644,
          "y": -0.4944911003112793,
          "z": 0.31390181183815
        }
      },
      "world_space": {
        "head": {
          "x": 0.39764636754989624,
          "y": -0.3977110981941223,
          "z": 1.2690116167068481
        },
        "tail": {
          "x": 0.41911476850509644,
          "y": -0.43124711513519287,
          "z": 1.2637557983398438
        },
        "rotation_quaternion": {
          "w": 0.26256176829338074,
          "x": -0.585576057434082,
          "y": -0.11651807278394699,
          "z": -0.7580142021179199
        },
        "matrix": [
          [
            -0.17632365226745605,
            0.5345131158828735,
            0.826562762260437,
            0.39764636754989624
          ],
          [
            -0.26159051060676575,
            -0.8349686861038208,
            0.4841460585594177,
            -0.3977110981941223
          ],
          [
            0.9489428997039795,
            -0.13085640966892242,
            0.2870505452156067,
            1.2690116167068481
          ],
          [
            0.0,
            0.0,
            0.0,
            1.0
          ]
        ]
      },
      "bone_length_armature_space": 0.04016440823950457,
      "parent": "thumb_01_l",
      "has_children": true,
      "is_end_bone": false
    },
    "thumb_03_l": {
      "name": "thumb_03_l",
      "local": {
        "location": {
          "x": 0.0,
          "y": 0.0,
          "z": 0.0
        },
        "rotation_quaternion": {
          "w": 0.9963642954826355,
          "x": 0.08480943739414215,
          "y": -0.0035260661970824003,
          "z": 0.007286106701940298
        },
        "scale": {
          "x": 1.0,
          "y": 1.0,
          "z": 1.0
        },
        "matrix_basis": [
          [
            0.9998689293861389,
            -0.015117320232093334,
            -0.005790631752461195,
            0.0
          ],
          [
            0.013921145349740982,
            0.9855085611343384,
            -0.1690535694360733,
            0.0
          ],
          [
            0.00826235394924879,
            0.16895081102848053,
            0.985589861869812,
            0.0
          ],
          [
            0.0,
            0.0,
            0.0,
            1.0
          ]
        ],
        "rotation_mode": "QUATERNION"
      },
      "armature_space": {
        "head": {
          "x": 0.4191146790981293,
          "y": -0.4944911003112793,
          "z": 0.3139018416404724
        },
        "tail": {
          "x": 0.44499924778938293,
          "y": -0.5102402567863464,
          "z": 0.310928076505661
        }
      },
      "world_space": {
        "head": {
          "x": 0.4191146790981293,
          "y": -0.43124711513519287,
          "z": 1.2637557983398438
        },
        "tail": {
          "x": 0.44499924778938293,
          "y": -0.44699627161026,
          "z": 1.2607821226119995
        },
        "rotation_quaternion": {
          "w": 0.4649176597595215,
          "x": -0.3736882209777832,
          "y": -0.15874476730823517,
          "z": -0.7867711782455444
        },
        "matrix": [
          [
            -0.2884165346622467,
            0.8502111434936523,
            0.44040578603744507,
            0.4191146790981293
          ],
          [
            -0.6129251718521118,
            -0.5173013210296631,
            0.597261905670166,
            -0.43124711513519287
          ],
          [
            0.7356258034706116,
            -0.09767693281173706,
            0.6703193187713623,
            1.2637557983398438
          ],
          [
            0.0,
            0.0,
            0.0,
            1.0
          ]
        ]
      },
      "bone_length_armature_space": 0.030444870524810114,
      "parent": "thumb_02_l",
      "has_children": false,
      "is_end_bone": true
    },
    "metacarpal_index_l": {
      "name": "metacarpal_index_l",
      "local": {
        "location": {
          "x": 0.0,
          "y": 0.0,
          "z": 0.0
        },
        "rotation_quaternion": {
          "w": 0.9998973608016968,
          "x": -0.010813522152602673,
          "y": 0.008918569423258305,
          "z": -0.002973821945488453
        },
        "scale": {
          "x": 1.0,
          "y": 1.0,
          "z": 1.0
        },
        "matrix_basis": [
          [
            0.9998232126235962,
            0.005754150915890932,
            0.01789962314069271,
            0.0
          ],
          [
            -0.006139915902167559,
            0.9997484683990479,
            0.021571779623627663,
            0.0
          ],
          [
            -0.01777099259197712,
            -0.02167786844074726,
            0.9996070265769958,
            0.0
          ],
          [
            0.0,
            0.0,
            0.0,
            1.0
          ]
        ],
        "rotation_mode": "QUATERNION"
      },
      "armature_space": {
        "head": {
          "x": 0.42488807439804077,
          "y": -0.38941213488578796,
          "z": 0.3257713317871094
        },
        "tail": {
          "x": 0.45530402660369873,
          "y": -0.5024351477622986,
          "z": 0.3312380015850067
        }
      },
      "world_space": {
        "head": {
          "x": 0.42488807439804077,
          "y": -0.32616811990737915,
          "z": 1.2756253480911255
        },
        "tail": {
          "x": 0.45530402660369873,
          "y": -0.43919116258621216,
          "z": 1.2810920476913452
        },
        "rotation_quaternion": {
          "w": 0.09727239608764648,
          "x": 0.793745219707489,
          "y": 0.09078346192836761,
          "z": -0.5935191512107849
        },
        "matrix": [
          [
            0.27898672223091125,
            0.2595842480659485,
            -0.9245444536209106,
            0.42488807439804077
          ],
          [
            0.028651684522628784,
            -0.9645928740501404,
            -0.26218289136886597,
            -0.32616811990737915
          ],
          [
            -0.9598742127418518,
            0.04665523022413254,
            -0.27654826641082764,
            1.2756253480911255
          ],
          [
            0.0,
            0.0,
            0.0,
            1.0
          ]
        ]
      },
      "bone_length_armature_space": 0.11717173610336955,
      "parent": "lowerarm_l",
      "has_children": true,
      "is_end_bone": false
    },
    "index_01_l": {
      "name": "index_01_l",
      "local": {
        "location": {
          "x": 0.0,
          "y": 0.0,
          "z": 0.0
        },
        "rotation_quaternion": {
          "w": 0.9913063049316406,
          "x": -0.12987039983272552,
          "y": -0.015517998486757278,
          "z": 0.014307571575045586
        },
        "scale": {
          "x": 1.0,
          "y": 1.0,
          "z": 1.0
        },
        "matrix_basis": [
          [
            0.9991089701652527,
            -0.024335714057087898,
            -0.0344824381172657,
            0.0
          ],
          [
            0.03239702805876732,
            0.9658579230308533,
            0.2570386528968811,
            0.0
          ],
          [
            0.027049919590353966,
            -0.25792673230171204,
            0.9657857418060303,
            0.0
          ],
          [
            0.0,
            0.0,
            0.0,
            1.0
          ]
        ],
        "rotation_mode": "QUATERNION"
      },
      "armature_space": {
        "head": {
          "x": 0.45530402660369873,
          "y": -0.5024351477622986,
          "z": 0.3312380015850067
        },
        "tail": {
          "x": 0.47424864768981934,
          "y": -0.523389995098114,
          "z": 0.32735660672187805
        }
      },
      "world_space": {
        "head": {
          "x": 0.45530402660369873,
          "y": -0.43919116258621216,
          "z": 1.2810920476913452
        },
        "tail": {
          "x": 0.47424864768981934,
          "y": -0.4601460099220276,
          "z": 1.2772105932235718
        },
        "rotation_quaternion": {
          "w": 0.1525169312953949,
          "x": 0.7501894235610962,
          "y": 0.33059659600257874,
          "z": -0.5519606471061707
        },
        "matrix": [
          [
            0.17208997905254364,
            0.6643882393836975,
            -0.7273055911064148,
            0.45530402660369873
          ],
          [
            0.3276534080505371,
            -0.7348875999450684,
            -0.5937874913215637,
            -0.43919116258621216
          ],
          [
            -0.9289995431900024,
            -0.13612088561058044,
            -0.344158798456192,
            1.2810920476913452
          ],
          [
            0.0,
            0.0,
            0.0,
            1.0
          ]
        ]
      },
      "bone_length_armature_space": 0.028514373529516936,
      "parent": "metacarpal_index_l",
      "has_children": true,
      "is_end_bone": false
    },
    "index_02_l": {
      "name": "index_02_l",
      "local": {
        "location": {
          "x": 0.0,
          "y": 0.0,
          "z": 0.0
        },
        "rotation_quaternion": {
          "w": 0.9997031092643738,
          "x": 0.022444147616624832,
          "y": 0.005291804671287537,
          "z": -0.007884830236434937
        },
        "scale": {
          "x": 1.0,
          "y": 1.0,
          "z": 1.0
        },
        "matrix_basis": [
          [
            0.9998196363449097,
            0.01600251905620098,
            0.010226530954241753,
            0.0
          ],
          [
            -0.015527438372373581,
            0.9988681674003601,
            -0.04495842009782791,
            0.0
          ],
          [
            -0.010934404097497463,
            0.04479151964187622,
            0.9989365339279175,
            0.0
          ],
          [
            0.0,
            0.0,
            0.0,
            1.0
          ]
        ],
        "rotation_mode": "QUATERNION"
      },
      "armature_space": {
        "head": {
          "x": 0.47424861788749695,
          "y": -0.523390531539917,
          "z": 0.32735663652420044
        },
        "tail": {
          "x": 0.49126046895980835,
          "y": -0.5420230627059937,
          "z": 0.3227179944515228
        }
      },
      "world_space": {
        "head": {
          "x": 0.47424861788749695,
          "y": -0.46014654636383057,
          "z": 1.2772107124328613
        },
        "tail": {
          "x": 0.49126046895980835,
          "y": -0.4787790775299072,
          "z": 1.2725720405578613
        },
        "rotation_quaternion": {
          "w": 0.1456439048051834,
          "x": 0.7277172803878784,
          "y": 0.3400392234325409,
          "z": -0.5775716304779053
        },
        "matrix": [
          [
            0.10156799107789993,
            0.663145899772644,
            -0.7415670156478882,
            0.47424861788749695
          ],
          [
            0.3266650438308716,
            -0.7263208627700806,
            -0.6047710180282593,
            -0.46014654636383057
          ],
          [
            -0.9396732449531555,
            -0.1808205246925354,
            -0.29040011763572693,
            1.2772107124328613
          ],
          [
            0.0,
            0.0,
            0.0,
            1.0
          ]
        ]
      },
      "bone_length_armature_space": 0.02565329001594194,
      "parent": "index_01_l",
      "has_children": true,
      "is_end_bone": false
    },
    "index_03_l": {
      "name": "index_03_l",
      "local": {
        "location": {
          "x": 0.0,
          "y": 0.0,
          "z": 0.0
        },
        "rotation_quaternion": {
          "w": 0.9989621043205261,
          "x": 0.04541809484362602,
          "y": -0.0012752696638926864,
          "z": -0.003221925813704729
        },
        "scale": {
          "x": 1.0,
          "y": 1.0,
          "z": 1.0
        },
        "matrix_basis": [
          [
            0.9999759793281555,
            0.006321323104202747,
            -0.002840559696778655,
            0.0
          ],
          [
            -0.006553004030138254,
            0.9958536028862,
            -0.09073369204998016,
            0.0
          ],
          [
            0.002255224622786045,
            0.09075012803077698,
            0.9958711266517639,
            0.0
          ],
          [
            0.0,
            0.0,
            0.0,
            1.0
          ]
        ],
        "rotation_mode": "QUATERNION"
      },
      "armature_space": {
        "head": {
          "x": 0.4912605881690979,
          "y": -0.5420230031013489,
          "z": 0.3227180540561676
        },
        "tail": {
          "x": 0.5066874623298645,
          "y": -0.5649480819702148,
          "z": 0.3132214844226837
        }
      },
      "world_space": {
        "head": {
          "x": 0.4912605881690979,
          "y": -0.47877901792526245,
          "z": 1.2725720405578613
        },
        "tail": {
          "x": 0.5066874623298645,
          "y": -0.5017040967941284,
          "z": 1.2630754709243774
        },
        "rotation_quaternion": {
          "w": 0.0395464263856411,
          "x": 0.7388858795166016,
          "y": 0.3257817327976227,
          "z": -0.5885152816772461
        },
        "matrix": [
          [
            0.09503138810396194,
            0.5279805660247803,
            -0.8439227342605591,
            0.4912605881690979
          ],
          [
            0.43488356471061707,
            -0.7846032977104187,
            -0.4418981075286865,
            -0.47877901792526245
          ],
          [
            -0.8954640626907349,
            -0.32501691579818726,
            -0.304174542427063,
            1.2725720405578613
          ],
          [
            0.0,
            0.0,
            0.0,
            1.0
          ]
        ]
      },
      "bone_length_armature_space": 0.02921870165824238,
      "parent": "index_02_l",
      "has_children": false,
      "is_end_bone": true
    },
    "metacarpal_pinky_l": {
      "name": "metacarpal_pinky_l",
      "local": {
        "location": {
          "x": 0.0,
          "y": 0.0,
          "z": 0.0
        },
        "rotation_quaternion": {
          "w": 0.9996077418327332,
          "x": -0.009118813090026379,
          "y": -0.022460121661424637,
          "z": -0.01402934081852436
        },
        "scale": {
          "x": 1.0,
          "y": 1.0,
          "z": 1.0
        },
        "matrix_basis": [
          [
            0.9985974431037903,
            0.028457295149564743,
            -0.04464676231145859,
            0.0
          ],
          [
            -0.027638055384159088,
            0.99944007396698,
            0.018860673531889915,
            0.0
          ],
          [
            0.04515848308801651,
            -0.017600269988179207,
            0.9988247752189636,
            0.0
          ],
          [
            0.0,
            0.0,
            0.0,
            1.0
          ]
        ],
        "rotation_mode": "QUATERNION"
      },
      "armature_space": {
        "head": {
          "x": 0.42488807439804077,
          "y": -0.38941213488578796,
          "z": 0.3257713317871094
        },
        "tail": {
          "x": 0.49059516191482544,
          "y": -0.46364539861679077,
          "z": 0.2939085364341736
        }
      },
      "world_space": {
        "head": {
          "x": 0.42488807439804077,
          "y": -0.32616811990737915,
          "z": 1.2756253480911255
        },
        "tail": {
          "x": 0.49059516191482544,
          "y": -0.40040141344070435,
          "z": 1.243762493133545
        },
        "rotation_quaternion": {
          "w": 0.3724389374256134,
          "x": -0.24391615390777588,
          "y": 0.06961814314126968,
          "z": -0.8927192091941833
        },
        "matrix": [
          [
            -0.6035876274108887,
            0.631005585193634,
            0.487354040145874,
            0.42488807439804077
          ],
          [
            -0.6989288926124573,
            -0.7128850221633911,
            0.05739060789346695,
            -0.32616811990737915
          ],
          [
            0.3836432695388794,
            -0.3059883415699005,
            0.871322751045227,
            1.2756253480911255
          ],
          [
            0.0,
            0.0,
            0.0,
            1.0
          ]
        ]
      },
      "bone_length_armature_space": 0.10413086332993553,
      "parent": "lowerarm_l",
      "has_children": true,
      "is_end_bone": false
    },
    "pinky_01_l": {
      "name": "pinky_01_l",
      "local": {
        "location": {
          "x": 0.0,
          "y": 0.0,
          "z": 0.0
        },
        "rotation_quaternion": {
          "w": 0.9683849811553955,
          "x": 0.24826478958129883,
          "y": -0.024336077272892,
          "z": 0.0017341731581836939
        },
        "scale": {
          "x": 1.0,
          "y": 1.0,
          "z": 1.0
        },
        "matrix_basis": [
          [
            0.9988095164299011,
            -0.015442276373505592,
            -0.046272315084934235,
            0.0
          ],
          [
            -0.008724887855350971,
            0.8767231702804565,
            -0.48091620206832886,
            0.0
          ],
          [
            0.047994453459978104,
            0.48074737191200256,
            0.8755447268486023,
            0.0
          ],
          [
            0.0,
            0.0,
            0.0,
            1.0
          ]
        ],
        "rotation_mode": "QUATERNION"
      },
      "armature_space": {
        "head": {
          "x": 0.49059516191482544,
          "y": -0.46364539861679077,
          "z": 0.2939085364341736
        },
