{
  "metadata": {
    "armature_name": "KIM_caucasian_male",
    "export_time": "2026-01-13T21:04:29.574023",
    "blender_version": "4.4.1",
    "bone_count": 56,
    "end_bone_count": 13,
    "spaces_included": [
      "LOCAL_CHANNELS",
      "ARMATURE_SPACE",
      "WORLD_SPACE"
    ],
    "note": "LOCAL matches Transform panel; replay pose via local.matrix_basis for best fidelity."
  },
  "bones": {
    "Root": {
      "name": "Root",
      "local": {
        "location": {
          "x": 0.0,
          "y": 0.0,
          "z": 0.0
        },
        "rotation_quaternion": {
          "w": 0.9994518756866455,
          "x": 0.016954056918621063,
          "y": -0.0124036381021142,
          "z": 0.025590812787413597
        },
        "scale": {
          "x": 1.0,
          "y": 1.0,
          "z": 1.0
        },
        "matrix_basis": [
          [
            0.9983825087547302,
            -0.05157415568828583,
            -0.023925943300127983,
            0.0
          ],
          [
            0.050732988864183426,
            0.9981153607368469,
            -0.03452436625957489,
            0.0
          ],
          [
            0.025661414489150047,
            0.03325469046831131,
            0.9991174340248108,
            0.0
          ],
          [
            0.0,
            0.0,
            0.0,
            1.0
          ]
        ],
        "rotation_mode": "QUATERNION"
      },
      "armature_space": {
        "head": {
          "x": 0.0,
          "y": 0.07072800397872925,
          "z": -0.009595036506652832
        },
        "tail": {
          "x": -0.0036811502650380135,
          "y": -0.00018578022718429565,
          "z": -0.002370137721300125
        }
      },
      "world_space": {
        "head": {
          "x": 0.0,
          "y": 0.13397200405597687,
          "z": 0.9402589797973633
        },
        "tail": {
          "x": -0.0036811502650380135,
          "y": 0.06305821985006332,
          "z": 0.9474838972091675
        },
        "rotation_quaternion": {
          "w": 0.05041518807411194,
          "x": 0.9983235001564026,
          "y": -0.026368290185928345,
          "z": -0.010651465505361557
        },
        "matrix": [
          [
            0.9983825087547302,
            -0.05157415568828583,
            -0.023925943300127983,
            0.0
          ],
          [
            -0.05372215062379837,
            -0.993526041507721,
            -0.10010005533695221,
            0.13397200405597687
          ],
          [
            -0.01860865205526352,
            0.10122326761484146,
            -0.9946967363357544,
            0.9402589797973633
          ],
          [
            0.0,
            0.0,
            0.0,
            1.0
          ]
        ]
      },
      "bone_length_armature_space": 0.07137586951228361,
      "parent": null,
      "has_children": true,
      "is_end_bone": false
    },
    "spine_01": {
      "name": "spine_01",
      "local": {
        "location": {
          "x": 0.0,
          "y": 0.0,
          "z": 0.0
        },
        "rotation_quaternion": {
          "w": 0.9945439696311951,
          "x": 0.09321759641170502,
          "y": -0.016491912305355072,
          "z": 0.04382941126823425
        },
        "scale": {
          "x": 1.0,
          "y": 1.0,
          "z": 1.0
        },
        "matrix_basis": [
          [
            0.9956139922142029,
            -0.09025522321462631,
            -0.024632519111037254,
            0.0
          ],
          [
            0.08410587906837463,
            0.9787788987159729,
            -0.18686366081237793,
            0.0
          ],
          [
            0.04097520932555199,
            0.1839723289012909,
            0.9820770025253296,
            0.0
          ],
          [
            0.0,
            0.0,
            0.0,
            1.0
          ]
        ],
        "rotation_mode": "QUATERNION"
      },
      "armature_space": {
        "head": {
          "x": -0.0036811502650380135,
          "y": -0.00018578022718429565,
          "z": -0.002370137721300125
        },
        "tail": {
          "x": -0.04323906823992729,
          "y": -0.08158082515001297,
          "z": 0.47716963291168213
        }
      },
      "world_space": {
        "head": {
          "x": -0.0036811502650380135,
          "y": 0.06305821985006332,
          "z": 0.9474838972091675
        },
        "tail": {
          "x": -0.04323906823992729,
          "y": -0.01833682507276535,
          "z": 1.4270236492156982
        },
        "rotation_quaternion": {
          "w": 0.6429184079170227,
          "x": 0.7637891173362732,
          "y": -0.0570918433368206,
          "z": -0.0047838217578828335
        },
        "matrix": [
          [
            0.9934352040290833,
            -0.08106110244989395,
            -0.08071889728307724,
            -0.0036811502650380135
          ],
          [
            -0.09336389601230621,
            -0.16679270565509796,
            -0.9815617799758911,
            0.06305821985006332
          ],
          [
            0.06610354036092758,
            0.9826610088348389,
            -0.17326803505420685,
            0.9474838972091675
          ],
          [
            0.0,
            0.0,
            0.0,
            1.0
          ]
        ]
      },
      "bone_length_armature_space": 0.48800448990393575,
      "parent": "Root",
      "has_children": true,
      "is_end_bone": false
    },
    "neck_01": {
      "name": "neck_01",
      "local": {
        "location": {
          "x": 0.0,
          "y": 0.0,
          "z": 0.0
        },
        "rotation_quaternion": {
          "w": 0.9915597438812256,
          "x": -0.024490615352988243,
          "y": 0.10977865010499954,
          "z": -0.06448478996753693
        },
        "scale": {
          "x": 1.0,
          "y": 1.0,
          "z": 1.0
        },
        "matrix_basis": [
          [
            0.9675807356834412,
            0.12250395119190216,
            0.2208627313375473,
            0.0
          ],
          [
            -0.1332581341266632,
            0.990483820438385,
            0.03440970927476883,
            0.0
          ],
          [
            -0.21454563736915588,
            -0.06272592395544052,
            0.9746977090835571,
            0.0
          ],
          [
            0.0,
            0.0,
            0.0,
            1.0
          ]
        ],
        "rotation_mode": "QUATERNION"
      },
      "armature_space": {
        "head": {
          "x": -0.051973607391119,
          "y": -0.12783412635326385,
          "z": 0.5431095361709595
        },
        "tail": {
          "x": -0.04993269592523575,
          "y": -0.17712809145450592,
          "z": 0.6329798102378845
        }
      },
      "world_space": {
        "head": {
          "x": -0.051973607391119,
          "y": -0.06459012627601624,
          "z": 1.4929635524749756
        },
        "tail": {
          "x": -0.04993269592523575,
          "y": -0.1138840913772583,
          "z": 1.5828337669372559
        },
        "rotation_quaternion": {
          "w": 0.5068057775497437,
          "x": 0.8577038645744324,
          "y": 0.05233987420797348,
          "z": 0.06893874704837799
        },
        "matrix": [
          [
            0.9850159883499146,
            0.01990719698369503,
            0.17131027579307556,
            -0.051973607391119
          ],
          [
            0.15966135263442993,
            -0.4808166027069092,
            -0.8621623516082764,
            -0.06459012627601624
          ],
          [
            0.06520622223615646,
            0.8766009211540222,
            -0.47679466009140015,
            1.4929635524749756
          ],
          [
            0.0,
            0.0,
            0.0,
            1.0
          ]
        ]
      },
      "bone_length_armature_space": 0.10252183350744597,
      "parent": "spine_01",
      "has_children": true,
      "is_end_bone": false
    },
    "head": {
      "name": "head",
      "local": {
        "location": {
          "x": 0.0,
          "y": 0.0,
          "z": 0.0
        },
        "rotation_quaternion": {
          "w": 0.9708329439163208,
          "x": -0.06032596528530121,
          "y": 0.18791334331035614,
          "z": 0.13613539934158325
        },
        "scale": {
          "x": 1.0,
          "y": 1.0,
          "z": 1.0
        },
        "matrix_basis": [
          [
            0.8923114538192749,
            -0.2870015799999237,
            0.34843993186950684,
            0.0
          ],
          [
            0.2416573464870453,
            0.9556558728218079,
            0.1682961881160736,
            0.0
          ],
          [
            -0.38128992915153503,
            -0.0659695565700531,
            0.922098696231842,
            0.0
          ],
          [
            0.0,
            0.0,
            0.0,
            1.0
          ]
        ],
        "rotation_mode": "QUATERNION"
      },
      "armature_space": {
        "head": {
          "x": -0.04993266984820366,
          "y": -0.17712818086147308,
          "z": 0.632979691028595
        },
        "tail": {
          "x": -0.10199493169784546,
          "y": -0.19435709714889526,
          "z": 0.7780519723892212
        }
      },
      "world_space": {
        "head": {
          "x": -0.04993266984820366,
          "y": -0.11388418078422546,
          "z": 1.5828337669372559
        },
        "tail": {
          "x": -0.10199493169784546,
          "y": -0.13111309707164764,
          "z": 1.7279059886932373
        },
        "rotation_quaternion": {
          "w": 0.66456538438797,
          "x": 0.6793102622032166,
          "y": 0.05298939347267151,
          "z": 0.30672886967658997
        },
        "matrix": [
          [
            0.8062177300453186,
            -0.3356902003288269,
            0.4871601462364197,
            -0.04993266984820366
          ],
          [
            0.47967785596847534,
            -0.11108967661857605,
            -0.8703842163085938,
            -0.11388418078422546
          ],
          [
            0.34630081057548523,
            0.9354056119918823,
            0.07146034389734268,
            1.5828337669372559
          ],
          [
            0.0,
            0.0,
            0.0,
            1.0
          ]
        ]
      },
      "bone_length_armature_space": 0.15509120125735285,
      "parent": "neck_01",
      "has_children": false,
      "is_end_bone": true
    },
    "upperarm_l": {
      "name": "upperarm_l",
      "local": {
        "location": {
          "x": 0.0,
          "y": 0.0,
          "z": 0.0
        },
        "rotation_quaternion": {
          "w": 0.8529043197631836,
          "x": 0.20034168660640717,
          "y": 0.39609673619270325,
          "z": 0.2748177647590637
        },
        "scale": {
          "x": 1.0,
          "y": 1.0,
          "z": 1.0
        },
        "matrix_basis": [
          [
            0.5351651310920715,
            -0.31007713079452515,
            0.785780131816864,
            0.0
          ],
          [
            0.6274958848953247,
            0.7686768174171448,
            -0.12403573840856552,
            0.0
          ],
          [
            -0.5655503273010254,
            0.5594534277915955,
            0.6059411764144897,
            0.0
          ],
          [
            0.0,
            0.0,
            0.0,
            1.0
          ]
        ],
        "rotation_mode": "QUATERNION"
      },
      "armature_space": {
        "head": {
          "x": 0.1022321954369545,
          "y": -0.1337592750787735,
          "z": 0.4864300787448883
        },
        "tail": {
          "x": 0.2966308891773224,
          "y": -0.30720028281211853,
          "z": 0.549159824848175
        }
      },
      "world_space": {
        "head": {
          "x": 0.1022321954369545,
          "y": -0.07051527500152588,
          "z": 1.436284065246582
        },
        "tail": {
          "x": 0.2966308891773224,
          "y": -0.2439562827348709,
          "z": 1.499013900756836
        },
        "rotation_quaternion": {
          "w": 0.18674692511558533,
          "x": 0.8975258469581604,
          "y": 0.3761708438396454,
          "z": -0.13441960513591766
        },
        "matrix": [
          [
            0.6808537244796753,
            0.7254510521888733,
            -0.10079160332679749,
            0.1022321954369545
          ],
          [
            0.6250413656234741,
            -0.6472417712211609,
            -0.43635040521621704,
            -0.07051527500152588
          ],
          [
            -0.3817894458770752,
            0.2340928465127945,
            -0.894120454788208,
            1.436284065246582
          ],
          [
            0.0,
            0.0,
            0.0,
            1.0
          ]
        ]
      },
      "bone_length_armature_space": 0.2679695074123544,
      "parent": "spine_01",
      "has_children": true,
      "is_end_bone": false
    },
    "lowerarm_l": {
      "name": "lowerarm_l",
      "local": {
        "location": {
          "x": 0.0,
          "y": 0.0,
          "z": 0.0
        },
        "rotation_quaternion": {
          "w": 0.9396543502807617,
          "x": 0.33624008297920227,
          "y": 0.055322516709566116,
          "z": -0.030525589361786842
        },
        "scale": {
          "x": 1.0,
          "y": 1.0,
          "z": 1.0
        },
        "matrix_basis": [
          [
            0.9920152425765991,
            0.09457030147314072,
            0.08344023674726486,
            0.0
          ],
          [
            -0.02016371116042137,
            0.7720215916633606,
            -0.6352764368057251,
            0.0
          ],
          [
            -0.12449593842029572,
            0.6285213828086853,
            0.7677640318870544,
            0.0
          ],
          [
            0.0,
            0.0,
            0.0,
            1.0
          ]
        ],
        "rotation_mode": "QUATERNION"
      },
      "armature_space": {
        "head": {
          "x": 0.2966308891773224,
          "y": -0.30720043182373047,
          "z": 0.549159824848175
        },
        "tail": {
          "x": 0.4028940200805664,
          "y": -0.5189774036407471,
          "z": 0.4249492287635803
        }
      },
      "world_space": {
        "head": {
          "x": 0.2966308891773224,
          "y": -0.24395643174648285,
          "z": 1.499013900756836
        },
        "tail": {
          "x": 0.4028940200805664,
          "y": -0.45573341846466064,
          "z": 1.3748033046722412
        },
        "rotation_quaternion": {
          "w": 0.17674218118190765,
          "x": -0.9086437821388245,
          "y": -0.2700994312763214,
          "z": 0.2649058997631073
        },
        "matrix": [
          [
            0.7137417793273926,
            0.39720892906188965,
            -0.5768860578536987,
            0.2966308891773224
          ],
          [
            0.5844886302947998,
            -0.791617214679718,
            0.17808797955513,
            -0.24395643174648285
          ],
          [
            -0.3859369456768036,
            -0.46429625153541565,
            -0.7971798181533813,
            1.499013900756836
          ],
          [
            0.0,
            0.0,
            0.0,
            1.0
          ]
        ]
      },
      "bone_length_armature_space": 0.26752497152057947,
      "parent": "upperarm_l",
      "has_children": true,
      "is_end_bone": false
    },
    "metacarpal_thumb_l": {
      "name": "metacarpal_thumb_l",
      "local": {
        "location": {
          "x": 0.0,
          "y": 0.0,
          "z": 0.0
        },
        "rotation_quaternion": {
          "w": 0.997499942779541,
          "x": -0.06950382888317108,
          "y": -0.0068237921223044395,
          "z": -0.010793060064315796
        },
        "scale": {
          "x": 1.0,
          "y": 1.0,
          "z": 1.0
        },
        "matrix_basis": [
          [
            0.9996739029884338,
            0.022480713203549385,
            -0.012113146483898163,
            0.0
          ],
          [
            -0.02058359421789646,
            0.9901054501533508,
            0.13880743086338043,
            0.0
          ],
          [
            0.01511378213763237,
            -0.13851283490657806,
            0.9902452826499939,
            0.0
          ],
          [
            0.0,
            0.0,
            0.0,
            1.0
          ]
        ],
        "rotation_mode": "QUATERNION"
      },
      "armature_space": {
        "head": {
          "x": 0.4028940200805664,
          "y": -0.5189774036407471,
          "z": 0.4249492287635803
        },
        "tail": {
          "x": 0.40433239936828613,
          "y": -0.5447289347648621,
          "z": 0.3826597332954407
        }
      },
      "world_space": {
        "head": {
          "x": 0.4028940200805664,
          "y": -0.45573341846466064,
          "z": 1.3748033046722412
        },
        "tail": {
          "x": 0.40433239936828613,
          "y": -0.48148494958877563,
          "z": 1.3325138092041016
        },
        "rotation_quaternion": {
          "w": 0.4633570909500122,
          "x": -0.8143036961555481,
          "y": 0.15925206243991852,
          "z": -0.31120502948760986
        },
        "matrix": [
          [
            0.7555808424949646,
            0.029038183391094208,
            0.6544111967086792,
            0.4028940200805664
          ],
          [
            -0.5477566123008728,
            -0.5198788046836853,
            0.655506432056427,
            -0.45573341846466064
          ],
          [
            0.3592512607574463,
            -0.853752613067627,
            -0.37690669298171997,
            1.3748033046722412
          ],
          [
            0.0,
            0.0,
            0.0,
            1.0
          ]
        ]
      },
      "bone_length_armature_space": 0.04953394492487563,
      "parent": "lowerarm_l",
      "has_children": true,
      "is_end_bone": false
    },
    "thumb_01_l": {
      "name": "thumb_01_l",
      "local": {
        "location": {
          "x": 0.0,
          "y": 0.0,
          "z": 0.0
        },
        "rotation_quaternion": {
          "w": 0.9993956089019775,
          "x": -0.030406607314944267,
          "y": 0.015573360025882721,
          "z": -0.006436569150537252
        },
        "scale": {
          "x": 1.0,
          "y": 1.0,
          "z": 1.0
        },
        "matrix_basis": [
          [
            0.9994320869445801,
            0.011918291449546814,
            0.0315193235874176,
            0.0
          ],
          [
            -0.013812423683702946,
            0.9980680346488953,
            0.06057598069310188,
            0.0
          ],
          [
            -0.030736466869711876,
            -0.06097693741321564,
            0.9976658225059509,
            0.0
          ],
          [
            0.0,
            0.0,
            0.0,
            1.0
          ]
        ],
        "rotation_mode": "QUATERNION"
      },
      "armature_space": {
        "head": {
          "x": 0.40433239936828613,
          "y": -0.5447289347648621,
          "z": 0.3826597332954407
        },
        "tail": {
          "x": 0.41650766134262085,
          "y": -0.5368603467941284,
          "z": 0.35186222195625305
        }
      },
      "world_space": {
        "head": {
          "x": 0.40433239936828613,
          "y": -0.48148494958877563,
          "z": 1.3325138092041016
        },
        "tail": {
          "x": 0.41650766134262085,
          "y": -0.473616361618042,
          "z": 1.3017162084579468
        },
        "rotation_quaternion": {
          "w": 0.49234822392463684,
          "x": -0.18434447050094604,
          "y": 0.6108812689781189,
          "z": -0.5919749736785889
        },
        "matrix": [
          [
            -0.4472174346446991,
            0.35768985748291016,
            0.8197891712188721,
            0.40433239936828613
          ],
          [
            -0.8081427216529846,
            0.23116633296012878,
            -0.5417264103889465,
            -0.48148494958877563
          ],
          [
            -0.38328084349632263,
            -0.9047822952270508,
            0.18568360805511475,
            1.3325138092041016
          ],
          [
            0.0,
            0.0,
            0.0,
            1.0
          ]
        ]
      },
      "bone_length_armature_space": 0.034038777977413906,
      "parent": "metacarpal_thumb_l",
      "has_children": true,
      "is_end_bone": false
    },
    "thumb_02_l": {
      "name": "thumb_02_l",
      "local": {
        "location": {
          "x": 0.0,
          "y": 0.0,
          "z": 0.0
        },
        "rotation_quaternion": {
          "w": 0.9973032474517822,
          "x": 0.07236554473638535,
          "y": 0.007555978372693062,
          "z": 0.00961825530976057
        },
        "scale": {
          "x": 1.0,
          "y": 1.0,
          "z": 1.0
        },
        "matrix_basis": [
          [
            0.9997007846832275,
            -0.018091049045324326,
            0.0164632648229599,
            0.0
          ],
          [
            0.020278219133615494,
            0.9893414378166199,
            -0.14419543743133545,
            0.0
          ],
          [
            -0.0136791430413723,
            0.14448612928390503,
            0.989412248134613,
            0.0
          ],
          [
            0.0,
            0.0,
            0.0,
            1.0
          ]
        ],
        "rotation_mode": "QUATERNION"
      },
      "armature_space": {
        "head": {
          "x": 0.41650763154029846,
          "y": -0.5368603467941284,
          "z": 0.35186225175857544
        },
        "tail": {
          "x": 0.43202733993530273,
          "y": -0.5691621899604797,
          "z": 0.33372625708580017
        }
      },
      "world_space": {
        "head": {
          "x": 0.41650763154029846,
          "y": -0.473616361618042,
          "z": 1.3017163276672363
        },
        "tail": {
          "x": 0.43202733993530273,
          "y": -0.5059182047843933,
          "z": 1.2835803031921387
        },
        "rotation_quaternion": {
          "w": 0.1686050295829773,
          "x": 0.13128487765789032,
          "y": 0.263537734746933,
          "z": -0.9406830072402954
        },
        "matrix": [
          [
            -0.9086732268333435,
            0.38640493154525757,
            -0.15812650322914124,
            0.41650763154029846
          ],
          [
            -0.24801144003868103,
            -0.8042404651641846,
            -0.5400810837745667,
            -0.473616361618042
          ],
          [
            -0.33586421608924866,
            -0.45154380798339844,
            0.8266299366950989,
            1.3017163276672363
          ],
          [
            0.0,
            0.0,
            0.0,
            1.0
          ]
        ]
      },
      "bone_length_armature_space": 0.04016447125852764,
      "parent": "thumb_01_l",
      "has_children": true,
      "is_end_bone": false
    },
    "thumb_03_l": {
      "name": "thumb_03_l",
      "local": {
        "location": {
          "x": 0.0,
          "y": 0.0,
          "z": 0.0
        },
        "rotation_quaternion": {
          "w": 0.9958153963088989,
          "x": 0.0912342295050621,
          "y": 0.000287046714220196,
          "z": -0.005288425832986832
        },
        "scale": {
          "x": 1.0,
          "y": 1.0,
          "z": 1.0
        },
        "matrix_basis": [
          [
            0.9999439120292664,
            0.010584969073534012,
            -0.0003932798281311989,
            0.0
          ],
          [
            -0.010480214841663837,
            0.9832966923713684,
            -0.1817079335451126,
            0.0
          ],
          [
            -0.0015366619918495417,
            0.1817018687725067,
            0.9833524823188782,
            0.0
          ],
          [
            0.0,
            0.0,
            0.0,
            1.0
          ]
        ],
        "rotation_mode": "QUATERNION"
      },
      "armature_space": {
        "head": {
          "x": 0.43202728033065796,
          "y": -0.569162130355835,
          "z": 0.3337261974811554
        },
        "tail": {
          "x": 0.4427495300769806,
          "y": -0.5976437926292419,
          "z": 0.33287879824638367
        }
      },
      "world_space": {
        "head": {
          "x": 0.43202728033065796,
          "y": -0.5059181451797485,
          "z": 1.2835801839828491
        },
        "tail": {
          "x": 0.4427495300769806,
          "y": -0.5343998074531555,
          "z": 1.2827328443527222
        },
        "rotation_quaternion": {
          "w": 0.16086673736572266,
          "x": 0.3662550747394562,
          "y": 0.07977317273616791,
          "z": -0.9130253791809082
        },
        "matrix": [
          [
            -0.679958164691925,
            0.35218584537506104,
            -0.6431344151496887,
            0.43202728033065796
          ],
          [
            -0.23531658947467804,
            -0.9355162382125854,
            -0.26350653171539307,
            -0.5059181451797485
          ],
          [
            -0.6944708228111267,
            -0.027834132313728333,
            0.7189918756484985,
            1.2835801839828491
          ],
          [
            0.0,
            0.0,
            0.0,
            1.0
          ]
        ]
      },
      "bone_length_armature_space": 0.03044486489832343,
      "parent": "thumb_02_l",
      "has_children": false,
      "is_end_bone": true
    },
    "metacarpal_index_l": {
      "name": "metacarpal_index_l",
      "local": {
        "location": {
          "x": 0.0,
          "y": 0.0,
          "z": 0.0
        },
        "rotation_quaternion": {
          "w": 0.9998031854629517,
          "x": -0.009235372766852379,
          "y": 0.0063690319657325745,
          "z": -0.01636035181581974
        },
        "scale": {
          "x": 1.0,
          "y": 1.0,
          "z": 1.0
        },
        "matrix_basis": [
          [
            0.9993835687637329,
            0.03259662166237831,
            0.013037744909524918,
            0.0
          ],
          [
            -0.03283190354704857,
            0.999294102191925,
            0.01825871132314205,
            0.0
          ],
          [
            -0.01243336871266365,
            -0.018675509840250015,
            0.9997482895851135,
            0.0
          ],
          [
            0.0,
            0.0,
            0.0,
            1.0
          ]
        ],
        "rotation_mode": "QUATERNION"
      },
      "armature_space": {
        "head": {
          "x": 0.4028940200805664,
          "y": -0.5189774036407471,
          "z": 0.4249492287635803
        },
        "tail": {
          "x": 0.4339889585971832,
          "y": -0.5988210439682007,
          "z": 0.345027893781662
        }
      },
      "world_space": {
        "head": {
          "x": 0.4028940200805664,
          "y": -0.45573341846466064,
          "z": 1.3748033046722412
        },
        "tail": {
          "x": 0.4339889585971832,
          "y": -0.5355770587921143,
          "z": 1.2948819398880005
        },
        "rotation_quaternion": {
          "w": 0.39004993438720703,
          "x": -0.9055435061454773,
          "y": -0.08455418050289154,
          "z": -0.14388436079025269
        },
        "matrix": [
          [
            0.9442958831787109,
            0.2653791308403015,
            0.19462548196315765,
            0.4028940200805664
          ],
          [
            0.04089183360338211,
            -0.6814238429069519,
            0.7307458519935608,
            -0.45573341846466064
          ],
          [
            0.3265494406223297,
            -0.6820871829986572,
            -0.6543214321136475,
            1.3748033046722412
          ],
          [
            0.0,
            0.0,
            0.0,
            1.0
          ]
        ]
      },
      "bone_length_armature_space": 0.11717218979522535,
      "parent": "lowerarm_l",
      "has_children": true,
      "is_end_bone": false
    },
    "index_01_l": {
      "name": "index_01_l",
      "local": {
        "location": {
          "x": 0.0,
          "y": 0.0,
          "z": 0.0
        },
        "rotation_quaternion": {
          "w": 0.9968052506446838,
          "x": -0.07574750483036041,
          "y": 0.024512190371751785,
          "z": -0.006390904076397419
        },
        "scale": {
          "x": 1.0,
          "y": 1.0,
          "z": 1.0
        },
        "matrix_basis": [
          [
            0.9987165927886963,
            0.00902749877423048,
            0.04983595013618469,
            0.0
          ],
          [
            -0.01645444892346859,
            0.9884429574012756,
            0.1506977081298828,
            0.0
          ],
          [
            -0.04789957031607628,
            -0.1513243317604065,
            0.9873229265213013,
            0.0
          ],
          [
            0.0,
            0.0,
            0.0,
            1.0
          ]
        ],
        "rotation_mode": "QUATERNION"
      },
      "armature_space": {
        "head": {
          "x": 0.4339889585971832,
          "y": -0.5988210439682007,
          "z": 0.345027893781662
        },
        "tail": {
          "x": 0.44837018847465515,
          "y": -0.6217274069786072,
          "z": 0.3359975218772888
        }
      },
      "world_space": {
        "head": {
          "x": 0.4339889585971832,
          "y": -0.5355770587921143,
          "z": 1.2948819398880005
        },
        "tail": {
          "x": 0.44837018847465515,
          "y": -0.5584834218025208,
          "z": 1.2858514785766602
        },
        "rotation_quaternion": {
          "w": 0.23568060994148254,
          "x": -0.9099818468093872,
          "y": -0.20685912668704987,
          "z": -0.271287739276886
        },
        "matrix": [
          [
            0.7672246694564819,
            0.5043507814407349,
            0.39622771739959717,
            0.4339889585971832
          ],
          [
            0.24860253930091858,
            -0.8033279776573181,
            0.541166365146637,
            -0.5355770587921143
          ],
          [
            0.5912428498268127,
            -0.31669601798057556,
            -0.7417205572128296,
            1.2948819398880005
          ],
          [
            0.0,
            0.0,
            0.0,
            1.0
          ]
        ]
      },
      "bone_length_armature_space": 0.028514362828404062,
      "parent": "metacarpal_index_l",
      "has_children": true,
      "is_end_bone": false
    },
    "index_02_l": {
      "name": "index_02_l",
      "local": {
        "location": {
          "x": 0.0,
          "y": 0.0,
          "z": 0.0
        },
        "rotation_quaternion": {
          "w": 0.9993551969528198,
          "x": 0.03534054011106491,
          "y": -0.00490978267043829,
          "z": 0.004025290720164776
        },
        "scale": {
          "x": 1.0,
          "y": 1.0,
          "z": 1.0
        },
        "matrix_basis": [
          [
            0.9999193549156189,
            -0.00839241873472929,
            -0.009528721682727337,
            0.0
          ],
          [
            0.007698361761868,
            0.9974696636199951,
            -0.07067503035068512,
            0.0
          ],
          [
            0.010097745805978775,
            0.07059597969055176,
            0.9974538683891296,
            0.0
          ],
          [
            0.0,
            0.0,
            0.0,
            1.0
          ]
        ],
        "rotation_mode": "QUATERNION"
      },
      "armature_space": {
        "head": {
          "x": 0.4483703374862671,
          "y": -0.6217276453971863,
          "z": 0.3359970152378082
        },
        "tail": {
          "x": 0.4620135724544525,
          "y": -0.6417130827903748,
          "z": 0.32748013734817505
        }
      },
      "world_space": {
        "head": {
          "x": 0.4483703374862671,
          "y": -0.5584836602210999,
          "z": 1.285851001739502
        },
        "tail": {
          "x": 0.4620135724544525,
          "y": -0.5784690976142883,
          "z": 1.277334213256836
        },
        "rotation_quaternion": {
          "w": 0.24072889983654022,
          "x": -0.913377583026886,
          "y": -0.22917240858078003,
          "z": -0.2350979745388031
        },
        "matrix": [
          [
            0.7844178676605225,
            0.5318318605422974,
            0.3191286623477936,
            0.4483703374862671
          ],
          [
            0.3054530918598175,
            -0.7790590524673462,
            0.5475083589553833,
            -0.5584836602210999
          ],
          [
            0.5398065447807312,
            -0.33199962973594666,
            -0.7735625505447388,
            1.285851001739502
          ],
          [
            0.0,
            0.0,
            0.0,
            1.0
          ]
        ]
      },
      "bone_length_armature_space": 0.02565331894584753,
      "parent": "index_01_l",
      "has_children": true,
      "is_end_bone": false
    },
    "index_03_l": {
      "name": "index_03_l",
      "local": {
        "location": {
          "x": 0.0,
          "y": 0.0,
          "z": 0.0
        },
        "rotation_quaternion": {
          "w": 0.9982044696807861,
          "x": 0.0591607466340065,
          "y": -0.007528574671596289,
          "z": 0.005582496058195829
        },
        "scale": {
          "x": 1.0,
          "y": 1.0,
          "z": 1.0
        },
        "matrix_basis": [
          [
            0.9998242855072021,
            -0.012035736814141273,
            -0.014369584619998932,
            0.0
          ],
          [
            0.010254153050482273,
            0.9929376840591431,
            -0.11819309741258621,
            0.0
          ],
          [
            0.015690643340349197,
            0.11802498996257782,
            0.9928866624832153,
            0.0
          ],
          [
            0.0,
            0.0,
            0.0,
            1.0
          ]
        ],
        "rotation_mode": "QUATERNION"
      },
      "armature_space": {
        "head": {
          "x": 0.46201348304748535,
          "y": -0.6417131423950195,
          "z": 0.3274802565574646
        },
        "tail": {
          "x": 0.4810512661933899,
          "y": -0.6598471403121948,
          "z": 0.3147345185279846
        }
      },
      "world_space": {
        "head": {
          "x": 0.46201348304748535,
          "y": -0.5784691572189331,
          "z": 1.277334213256836
        },
        "tail": {
          "x": 0.4810512661933899,
          "y": -0.5966031551361084,
          "z": 1.2645885944366455
        },
        "rotation_quaternion": {
          "w": 0.3308041989803314,
          "x": -0.8669206500053406,
          "y": -0.28328952193260193,
          "z": -0.24241361021995544
        },
        "matrix": [
          [
            0.7219651937484741,
            0.6515622138977051,
            0.2328786551952362,
            0.46201348304748535
          ],
          [
            0.33079782128334045,
            -0.6206310391426086,
            0.7109077572822571,
            -0.5784691572189331
          ],
          [
            0.6077369451522827,
            -0.43621864914894104,
            -0.663613498210907,
            1.277334213256836
          ],
          [
            0.0,
            0.0,
            0.0,
            1.0
          ]
        ]
      },
      "bone_length_armature_space": 0.029218708257195927,
      "parent": "index_02_l",
      "has_children": false,
      "is_end_bone": true
    },
    "metacarpal_pinky_l": {
      "name": "metacarpal_pinky_l",
      "local": {
        "location": {
          "x": 0.0,
          "y": 0.0,
          "z": 0.0
        },
        "rotation_quaternion": {
          "w": 0.9982694387435913,
          "x": -0.05742922052741051,
          "y": -0.010999465361237526,
          "z": 0.006250869482755661
        },
        "scale": {
          "x": 1.0,
          "y": 1.0,
          "z": 1.0
        },
        "matrix_basis": [
          [
            0.9996798634529114,
            -0.011216722428798676,
            -0.02267882600426674,
            0.0
          ],
          [
            0.013743485324084759,
            0.9933256506919861,
            0.11452215909957886,
            0.0
          ],
          [
            0.021242894232273102,
            -0.1147971823811531,
            0.9931617975234985,
            0.0
          ],
          [
            0.0,
            0.0,
            0.0,
            1.0
          ]
        ],
        "rotation_mode": "QUATERNION"
      },
      "armature_space": {
        "head": {
          "x": 0.4028940200805664,
          "y": -0.5189774036407471,
          "z": 0.4249492287635803
        },
        "tail": {
          "x": 0.47037458419799805,
          "y": -0.5953603982925415,
          "z": 0.4036129415035248
        }
      },
      "world_space": {
        "head": {
          "x": 0.4028940200805664,
          "y": -0.45573341846466064,
          "z": 1.3748033046722412
        },
        "tail": {
          "x": 0.47037458419799805,
          "y": -0.5321164131164551,
          "z": 1.3534669876098633
        },
        "rotation_quaternion": {
          "w": 0.20106926560401917,
          "x": 0.5862582325935364,
          "y": 0.3046421706676483,
          "z": -0.7232328057289124
        },
        "matrix": [
          [
            -0.23174552619457245,
            0.6480366587638855,
            -0.7254945039749146,
            0.4028940200805664
          ],
          [
            0.06635697931051254,
            -0.7335297465324402,
            -0.676410436630249,
            -0.45573341846466064
          ],
          [
            -0.9705173373222351,
            -0.2048988789319992,
            0.12699063122272491,
            1.3748033046722412
          ],
          [
            0.0,
            0.0,
            0.0,
            1.0
          ]
        ]
      },
      "bone_length_armature_space": 0.10413081162374777,
      "parent": "lowerarm_l",
      "has_children": true,
      "is_end_bone": false
    },
    "pinky_01_l": {
      "name": "pinky_01_l",
      "local": {
        "location": {
          "x": 0.0,
          "y": 0.0,
          "z": 0.0
        },
        "rotation_quaternion": {
          "w": 0.9542464017868042,
          "x": 0.2985336184501648,
          "y": -0.01598922349512577,
          "z": -0.006002074107527733
        },
        "scale": {
          "x": 1.0,
          "y": 1.0,
          "z": 1.0
        },
        "matrix_basis": [
          [
            0.9994166493415833,
            0.0019082737853750587,
            -0.03409896045923233,
            0.0
          ],
          [
            -0.021001556888222694,
            0.8216832876205444,
            -0.5695573091506958,
            0.0
          ],
          [
            0.026931677013635635,
            0.5699412226676941,
            0.8212440609931946,
            0.0
          ],
          [
            0.0,
            0.0,
            0.0,
            1.0
          ]
        ],
        "rotation_mode": "QUATERNION"
      },
      "armature_space": {
        "head": {
          "x": 0.47037458419799805,
          "y": -0.5953603982925415,
          "z": 0.4036129415035248
        },
        "tail": {
          "x": 0.488315612077713,
