{
  "metadata": {
    "armature_name": "KIM_caucasian_male",
    "export_time": "2026-01-13T21:02:42.817878",
    "blender_version": "4.4.1",
    "bone_count": 56,
    "end_bone_count": 13,
    "spaces_included": [
      "LOCAL_CHANNELS",
      "ARMATURE_SPACE",
      "WORLD_SPACE"
    ],
    "note": "LOCAL matches Transform panel; replay pose via local.matrix_basis for best fidelity."
  },
  "bones": {
    "Root": {
      "name": "Root",
      "local": {
        "location": {
          "x": 0.0,
          "y": 0.0,
          "z": 0.0
        },
        "rotation_quaternion": {
          "w": 0.9993909001350403,
          "x": 0.010349206626415253,
          "y": 0.013668719679117203,
          "z": 0.030395332723855972
        },
        "scale": {
          "x": 1.0,
          "y": 1.0,
          "z": 1.0
        },
        "matrix_basis": [
          [
            0.997778594493866,
            -0.06047071889042854,
            0.027949923649430275,
            0.0
          ],
          [
            0.06103655695915222,
            0.9979380369186401,
            -0.019854875281453133,
            0.0
          ],
          [
            -0.026691652834415436,
            0.02151673659682274,
            0.9994121193885803,
            0.0
          ],
          [
            0.0,
            0.0,
            0.0,
            1.0
          ]
        ],
        "rotation_mode": "QUATERNION"
      },
      "armature_space": {
        "head": {
          "x": 0.0,
          "y": 0.07072800397872925,
          "z": -0.009595036506652832
        },
        "tail": {
          "x": -0.004316150210797787,
          "y": -6.061047315597534e-05,
          "z": -0.0015416312962770462
        }
      },
      "world_space": {
        "head": {
          "x": 0.0,
          "y": 0.13397200405597687,
          "z": 0.9402589797973633
        },
        "tail": {
          "x": -0.004316150210797787,
          "y": 0.06318338960409164,
          "z": 0.9483124017715454
        },
        "rotation_quaternion": {
          "w": 0.05700092390179634,
          "x": 0.9978177547454834,
          "y": -0.029405446723103523,
          "z": 0.01568533480167389
        },
        "matrix": [
          [
            0.997778594493866,
            -0.06047071889042854,
            0.027949923649430275,
            0.0
          ],
          [
            -0.05689438804984093,
            -0.9917724132537842,
            -0.11467599868774414,
            0.13397200405597687
          ],
          [
            0.03465469181537628,
            0.11283092200756073,
            -0.9930167198181152,
            0.9402589797973633
          ],
          [
            0.0,
            0.0,
            0.0,
            1.0
          ]
        ]
      },
      "bone_length_armature_space": 0.07137586868403233,
      "parent": null,
      "has_children": true,
      "is_end_bone": false
    },
    "spine_01": {
      "name": "spine_01",
      "local": {
        "location": {
          "x": 0.0,
          "y": 0.0,
          "z": 0.0
        },
        "rotation_quaternion": {
          "w": 0.9957277774810791,
          "x": 0.08879027515649796,
          "y": 0.01823059841990471,
          "z": -0.01761382818222046
        },
        "scale": {
          "x": 1.0,
          "y": 1.0,
          "z": 1.0
        },
        "matrix_basis": [
          [
            0.998714804649353,
            0.03831455484032631,
            0.03317755460739136,
            0.0
          ],
          [
            -0.031839754432439804,
            0.983612060546875,
            -0.17746411263942719,
            0.0
          ],
          [
            -0.039433300495147705,
            0.1761796623468399,
            0.9835678935050964,
            0.0
          ],
          [
            0.0,
            0.0,
            0.0,
            1.0
          ]
        ],
        "rotation_mode": "QUATERNION"
      },
      "armature_space": {
        "head": {
          "x": -0.004316150210797787,
          "y": -6.061047315597534e-05,
          "z": -0.0015416312962770462
        },
        "tail": {
          "x": -0.006545075215399265,
          "y": -0.07397613674402237,
          "z": 0.4808273911476135
        }
      },
      "world_space": {
        "head": {
          "x": -0.004316150210797787,
          "y": 0.06318338960409164,
          "z": 0.9483124017715454
        },
        "tail": {
          "x": -0.006545075215399265,
          "y": -0.01073213666677475,
          "z": 1.4306814670562744
        },
        "rotation_quaternion": {
          "w": 0.6513140201568604,
          "x": 0.7587524652481079,
          "y": -0.007542938459664583,
          "z": -0.005280862096697092
        },
        "matrix": [
          [
            0.9998304843902588,
            -0.0045674582943320274,
            -0.017839394509792328,
            -0.004316150210797787
          ],
          [
            -0.01832546293735504,
            -0.15146586298942566,
            -0.9882926940917969,
            0.06318338960409164
          ],
          [
            0.0018119198502972722,
            0.9884586334228516,
            -0.1515258401632309,
            0.9483124017715454
          ],
          [
            0.0,
            0.0,
            0.0,
            1.0
          ]
        ]
      },
      "bone_length_armature_space": 0.4880044691152769,
      "parent": "Root",
      "has_children": true,
      "is_end_bone": false
    },
    "neck_01": {
      "name": "neck_01",
      "local": {
        "location": {
          "x": 0.0,
          "y": 0.0,
          "z": 0.0
        },
        "rotation_quaternion": {
          "w": 0.9807731509208679,
          "x": -0.09326716512441635,
          "y": 0.08003188669681549,
          "z": -0.15159204602241516
        },
        "scale": {
          "x": 1.0,
          "y": 1.0,
          "z": 1.0
        },
        "matrix_basis": [
          [
            0.941229522228241,
            0.282426118850708,
            0.18526336550712585,
            0.0
          ],
          [
            -0.3122835159301758,
            0.9366421699523926,
            0.15868346393108368,
            0.0
          ],
          [
            -0.12870913743972778,
            -0.20721225440502167,
            0.9697922468185425,
            0.0
          ],
          [
            0.0,
            0.0,
            0.0,
            1.0
          ]
        ],
        "rotation_mode": "QUATERNION"
      },
      "armature_space": {
        "head": {
          "x": -0.007498175837099552,
          "y": -0.11934065818786621,
          "z": 0.5479458570480347
        },
        "tail": {
          "x": 0.020745061337947845,
          "y": -0.15122409164905548,
          "z": 0.6412009000778198
        }
      },
      "world_space": {
        "head": {
          "x": -0.007498175837099552,
          "y": -0.05609665811061859,
          "z": 1.4977998733520508
        },
        "tail": {
          "x": 0.020745061337947845,
          "y": -0.08798009157180786,
          "z": 1.591054916381836
        },
        "rotation_quaternion": {
          "w": 0.563834011554718,
          "x": 0.8095641136169434,
          "y": 0.16307786107063293,
          "z": -0.010146792978048325
        },
        "matrix": [
          [
            0.9466050863265991,
            0.27548643946647644,
            0.16746997833251953,
            -0.007498175837099552
          ],
          [
            0.2526029348373413,
            -0.31099310517311096,
            -0.9162288904190063,
            -0.05609665811061859
          ],
          [
            -0.20032769441604614,
            0.9096161127090454,
            -0.363979697227478,
            1.4977998733520508
          ],
          [
            0.0,
            0.0,
            0.0,
            1.0
          ]
        ]
      },
      "bone_length_armature_space": 0.10252188442163657,
      "parent": "spine_01",
      "has_children": true,
      "is_end_bone": false
    },
    "head": {
      "name": "head",
      "local": {
        "location": {
          "x": 0.0,
          "y": 0.0,
          "z": 0.0
        },
        "rotation_quaternion": {
          "w": 0.9746102094650269,
          "x": -0.0922124981880188,
          "y": 0.011282732710242271,
          "z": -0.20372702181339264
        },
        "scale": {
          "x": 1.0,
          "y": 1.0,
          "z": 1.0
        },
        "matrix_basis": [
          [
            0.9167360067367554,
            0.3950280547142029,
            0.05956488847732544,
            0.0
          ],
          [
            -0.39918968081474304,
            0.8999843001365662,
            0.17514528334140778,
            0.0
          ],
          [
            0.015579822473227978,
            -0.18433967232704163,
            0.9827390909194946,
            0.0
          ],
          [
            0.0,
            0.0,
            0.0,
            1.0
          ]
        ],
        "rotation_mode": "QUATERNION"
      },
      "armature_space": {
        "head": {
          "x": 0.020745068788528442,
          "y": -0.15122421085834503,
          "z": 0.6412007808685303
        },
        "tail": {
          "x": 0.09888187795877457,
          "y": -0.10253056138753891,
          "z": 0.7660077214241028
        }
      },
      "world_space": {
        "head": {
          "x": 0.020745068788528442,
          "y": -0.08798021078109741,
          "z": 1.5910547971725464
        },
        "tail": {
          "x": 0.09888187795877457,
          "y": -0.03928656131029129,
          "z": 1.7158617973327637
        },
        "rotation_quaternion": {
          "w": 0.7513861656188965,
          "x": 0.5767366886138916,
          "y": 0.3039785325527191,
          "z": -0.10193449258804321
        },
        "matrix": [
          [
            0.794413685798645,
            0.503815233707428,
            0.339230477809906,
            0.020745068788528442
          ],
          [
            0.19744426012039185,
            0.31396985054016113,
            -0.9286759495735168,
            -0.08798021078109741
          ],
          [
            -0.5743928551673889,
            0.8047378063201904,
            0.14994661509990692,
            1.5910547971725464
          ],
          [
            0.0,
            0.0,
            0.0,
            1.0
          ]
        ]
      },
      "bone_length_armature_space": 0.15509095730405925,
      "parent": "neck_01",
      "has_children": false,
      "is_end_bone": true
    },
    "upperarm_l": {
      "name": "upperarm_l",
      "local": {
        "location": {
          "x": 0.0,
          "y": 0.0,
          "z": 0.0
        },
        "rotation_quaternion": {
          "w": 0.9929755926132202,
          "x": 0.07211349159479141,
          "y": 0.09245004504919052,
          "z": -0.01588052697479725
        },
        "scale": {
          "x": 1.0,
          "y": 1.0,
          "z": 1.0
        },
        "matrix_basis": [
          [
            0.9824016094207764,
            0.0448717437684536,
            0.18131087720394135,
            0.0
          ],
          [
            -0.018204160034656525,
            0.9890949130058289,
            -0.14615018665790558,
            0.0
          ],
          [
            -0.18589167296886444,
            0.14027756452560425,
            0.9725052714347839,
            0.0
          ],
          [
            0.0,
            0.0,
            0.0,
            1.0
          ]
        ],
        "rotation_mode": "QUATERNION"
      },
      "armature_space": {
        "head": {
          "x": 0.14272648096084595,
          "y": -0.11506158858537674,
          "z": 0.48130232095718384
        },
        "tail": {
          "x": 0.40824371576309204,
          "y": -0.14366549253463745,
          "z": 0.4591653048992157
        }
      },
      "world_space": {
        "head": {
          "x": 0.14272648096084595,
          "y": -0.05181758850812912,
          "z": 1.4311563968658447
        },
        "tail": {
          "x": 0.40824371576309204,
          "y": -0.08042149245738983,
          "z": 1.4090193510055542
        },
        "rotation_quaternion": {
          "w": 0.3557412326335907,
          "x": 0.5946652889251709,
          "y": 0.5657516717910767,
          "z": -0.4469299912452698
        },
        "matrix": [
          [
            -0.03964462876319885,
            0.990848958492279,
            -0.12902221083641052,
            0.14272648096084595
          ],
          [
            0.35488206148147583,
            -0.10674317181110382,
            -0.9287976026535034,
            -0.05181758850812912
          ],
          [
            -0.9340763092041016,
            -0.08261021226644516,
            -0.34740597009658813,
            1.4311563968658447
          ],
          [
            0.0,
            0.0,
            0.0,
            1.0
          ]
        ]
      },
      "bone_length_armature_space": 0.2679694685304228,
      "parent": "spine_01",
      "has_children": true,
      "is_end_bone": false
    },
    "lowerarm_l": {
      "name": "lowerarm_l",
      "local": {
        "location": {
          "x": 0.0,
          "y": 0.0,
          "z": 0.0
        },
        "rotation_quaternion": {
          "w": 0.9193606376647949,
          "x": 0.3766888678073883,
          "y": 0.08987057954072952,
          "z": -0.06931764632463455
        },
        "scale": {
          "x": 1.0,
          "y": 1.0,
          "z": 1.0
        },
        "matrix_basis": [
          [
            0.9742366671562195,
            0.1951623260974884,
            0.11302457749843597,
            0.0
          ],
          [
            -0.059749338775873184,
            0.7066011428833008,
            -0.7050850987434387,
            0.0
          ],
          [
            -0.21746931970119476,
            0.6801666021347046,
            0.7000575661659241,
            0.0
          ],
          [
            0.0,
            0.0,
            0.0,
            1.0
          ]
        ],
        "rotation_mode": "QUATERNION"
      },
      "armature_space": {
        "head": {
          "x": 0.4082438051700592,
          "y": -0.1436655968427658,
          "z": 0.45916539430618286
        },
        "tail": {
          "x": 0.546800971031189,
          "y": -0.35016757249832153,
          "z": 0.3605327606201172
        }
      },
      "world_space": {
        "head": {
          "x": 0.4082438051700592,
          "y": -0.08042159676551819,
          "z": 1.4090194702148438
        },
        "tail": {
          "x": 0.546800971031189,
          "y": -0.2869235873222351,
          "z": 1.3103867769241333
        },
        "rotation_quaternion": {
          "w": 0.03665376454591751,
          "x": 0.7030331492424011,
          "y": 0.33571743965148926,
          "z": -0.6258552670478821
        },
        "matrix": [
          [
            -0.008802879601716995,
            0.5179232358932495,
            -0.8553817868232727,
            0.4082438051700592
          ],
          [
            0.42616093158721924,
            -0.7718993425369263,
            -0.4717613756656647,
            -0.08042159676551819
          ],
          [
            -0.9046103358268738,
            -0.3686864376068115,
            -0.21392565965652466,
            1.4090194702148438
          ],
          [
            0.0,
            0.0,
            0.0,
            1.0
          ]
        ]
      },
      "bone_length_armature_space": 0.26752486012040466,
      "parent": "upperarm_l",
      "has_children": true,
      "is_end_bone": false
    },
    "metacarpal_thumb_l": {
      "name": "metacarpal_thumb_l",
      "local": {
        "location": {
          "x": 0.0,
          "y": 0.0,
          "z": 0.0
        },
        "rotation_quaternion": {
          "w": 0.9993367195129395,
          "x": -0.030477548018097878,
          "y": 0.013340410776436329,
          "z": 0.014811081811785698
        },
        "scale": {
          "x": 1.0,
          "y": 1.0,
          "z": 1.0
        },
        "matrix_basis": [
          [
            0.9992053508758545,
            -0.03041568212211132,
            0.025760313495993614,
            0.0
          ],
          [
            0.028789348900318146,
            0.997703492641449,
            0.06130983680486679,
            0.0
          ],
          [
            -0.027565935626626015,
            -0.060519494116306305,
            0.997786283493042,
            0.0
          ],
          [
            0.0,
            0.0,
            0.0,
            1.0
          ]
        ],
        "rotation_mode": "QUATERNION"
      },
      "armature_space": {
        "head": {
          "x": 0.546800971031189,
          "y": -0.35016757249832153,
          "z": 0.3605327606201172
        },
        "tail": {
          "x": 0.5407235622406006,
          "y": -0.3917933702468872,
          "z": 0.33438023924827576
        }
      },
      "world_space": {
        "head": {
          "x": 0.546800971031189,
          "y": -0.2869235873222351,
          "z": 1.3103867769241333
        },
        "tail": {
          "x": 0.5407235622406006,
          "y": -0.3285493850708008,
          "z": 1.2842342853546143
        },
        "rotation_quaternion": {
          "w": 0.2774648070335388,
          "x": -0.9585407376289368,
          "y": 0.05326098948717117,
          "z": 0.03709770739078522
        },
        "matrix": [
          [
            0.9915741086006165,
            -0.12269232422113419,
            -0.04156293347477913,
            0.546800971031189
          ],
          [
            -0.08151928335428238,
            -0.8403534889221191,
            0.5358740091323853,
            -0.2869235873222351
          ],
          [
            -0.10067592561244965,
            -0.5279749035835266,
            -0.8432795405387878,
            1.3103867769241333
          ],
          [
            0.0,
            0.0,
            0.0,
            1.0
          ]
        ]
      },
      "bone_length_armature_space": 0.049533789608602004,
      "parent": "lowerarm_l",
      "has_children": true,
      "is_end_bone": false
    },
    "thumb_01_l": {
      "name": "thumb_01_l",
      "local": {
        "location": {
          "x": 0.0,
          "y": 0.0,
          "z": 0.0
        },
        "rotation_quaternion": {
          "w": 0.9998250007629395,
          "x": -0.006663906387984753,
          "y": 0.003272919449955225,
          "z": -0.01717386581003666
        },
        "scale": {
          "x": 1.0,
          "y": 1.0,
          "z": 1.0
        },
        "matrix_basis": [
          [
            0.9993886947631836,
            0.03429809957742691,
            0.0067735835909843445,
            0.0
          ],
          [
            -0.03438534215092659,
            0.9993212819099426,
            0.013213062658905983,
            0.0
          ],
          [
            -0.006315803155303001,
            -0.013437897898256779,
            0.9998897314071655,
            0.0
          ],
          [
            0.0,
            0.0,
            0.0,
            1.0
          ]
        ],
        "rotation_mode": "QUATERNION"
      },
      "armature_space": {
        "head": {
          "x": 0.5407235622406006,
          "y": -0.3917933702468872,
          "z": 0.33438023924827576
        },
        "tail": {
          "x": 0.532314121723175,
          "y": -0.397915244102478,
          "z": 0.3019697070121765
        }
      },
      "world_space": {
        "head": {
          "x": 0.5407235622406006,
          "y": -0.3285493850708008,
          "z": 1.2842342853546143
        },
        "tail": {
          "x": 0.532314121723175,
          "y": -0.3346712589263916,
          "z": 1.2518236637115479
        },
        "rotation_quaternion": {
          "w": 0.3621128797531128,
          "x": -0.5794984698295593,
          "y": 0.5281557440757751,
          "z": -0.5040906667709351
        },
        "matrix": [
          [
            -0.0661126896739006,
            -0.24705621600151062,
            0.9667432308197021,
            0.5407235622406006
          ],
          [
            -0.9772063493728638,
            -0.1798509657382965,
            -0.11279010772705078,
            -0.3285493850708008
          ],
          [
            0.20173552632331848,
            -0.9521709680557251,
            -0.22953616082668304,
            1.2842342853546143
          ],
          [
            0.0,
            0.0,
            0.0,
            1.0
          ]
        ]
      },
      "bone_length_armature_space": 0.03403878091654447,
      "parent": "metacarpal_thumb_l",
      "has_children": true,
      "is_end_bone": false
    },
    "thumb_02_l": {
      "name": "thumb_02_l",
      "local": {
        "location": {
          "x": 0.0,
          "y": 0.0,
          "z": 0.0
        },
        "rotation_quaternion": {
          "w": 0.9967873096466064,
          "x": 0.08009214699268341,
          "y": -5.0925882533192635e-05,
          "z": -0.0006138964090496302
        },
        "scale": {
          "x": 1.0,
          "y": 1.0,
          "z": 1.0
        },
        "matrix_basis": [
          [
            0.9999992251396179,
            0.0012156907469034195,
            -0.0001998611114686355,
            0.0
          ],
          [
            -0.0012320057721808553,
            0.9871697425842285,
            -0.15966960787773132,
            0.0
          ],
          [
            3.1879840207693633e-06,
            0.15966972708702087,
            0.9871705174446106,
            0.0
          ],
          [
            0.0,
            0.0,
            0.0,
            1.0
          ]
        ],
        "rotation_mode": "QUATERNION"
      },
      "armature_space": {
        "head": {
          "x": 0.5323140621185303,
          "y": -0.39791521430015564,
          "z": 0.3019697070121765
        },
        "tail": {
          "x": 0.5527703762054443,
          "y": -0.42957618832588196,
          "z": 0.28810232877731323
        }
      },
      "world_space": {
        "head": {
          "x": 0.5323140621185303,
          "y": -0.3346711993217468,
          "z": 1.2518236637115479
        },
        "tail": {
          "x": 0.5527703762054443,
          "y": -0.36633217334747314,
          "z": 1.2379562854766846
        },
        "rotation_quaternion": {
          "w": 0.30844080448150635,
          "x": -0.2539018392562866,
          "y": 0.10354765504598618,
          "z": -0.9108656048774719
        },
        "matrix": [
          [
            -0.6807959079742432,
            0.5093150734901428,
            0.5264173746109009,
            0.5323140621185303
          ],
          [
            -0.6144781708717346,
            -0.788284420967102,
            -0.032007038593292236,
            -0.3346711993217468
          ],
          [
            0.39866697788238525,
            -0.34526538848876953,
            0.8496293425559998,
            1.2518236637115479
          ],
          [
            0.0,
            0.0,
            0.0,
            1.0
          ]
        ]
      },
      "bone_length_armature_space": 0.040164440281168966,
      "parent": "thumb_01_l",
      "has_children": true,
      "is_end_bone": false
    },
    "thumb_03_l": {
      "name": "thumb_03_l",
      "local": {
        "location": {
          "x": 0.0,
          "y": 0.0,
          "z": 0.0
        },
        "rotation_quaternion": {
          "w": 0.9977016448974609,
          "x": 0.06712283194065094,
          "y": 0.009106988087296486,
          "z": 0.0017551104538142681
        },
        "scale": {
          "x": 1.0,
          "y": 1.0,
          "z": 1.0
        },
        "matrix_basis": [
          [
            0.9998279809951782,
            -0.002279579406604171,
            0.018407730385661125,
            0.0
          ],
          [
            0.004724727012217045,
            0.9909828901290894,
            -0.13390515744686127,
            0.0
          ],
          [
            -0.017936497926712036,
            0.13396908342838287,
            0.9908231496810913,
            0.0
          ],
          [
            0.0,
            0.0,
            0.0,
            1.0
          ]
        ],
        "rotation_mode": "QUATERNION"
      },
      "armature_space": {
        "head": {
          "x": 0.5527702569961548,
          "y": -0.42957618832588196,
          "z": 0.28810229897499084
        },
        "tail": {
          "x": 0.57547527551651,
          "y": -0.449840247631073,
          "z": 0.287241667509079
        }
      },
      "world_space": {
        "head": {
          "x": 0.5527702569961548,
          "y": -0.36633217334747314,
          "z": 1.2379562854766846
        },
        "tail": {
          "x": 0.57547527551651,
          "y": -0.3865962624549866,
          "z": 1.2370957136154175
        },
        "rotation_quaternion": {
          "w": 0.40848344564437866,
          "x": 0.006719399243593216,
          "y": 0.01849624328315258,
          "z": -0.912553608417511
        },
        "matrix": [
          [
            -0.6661922931671143,
            0.7457746863365173,
            0.002847515046596527,
            0.5527702569961548
          ],
          [
            -0.7452775239944458,
            -0.6655983924865723,
            -0.03924662619829178,
            -0.36633217334747314
          ],
          [
            -0.027374744415283203,
            -0.028268888592720032,
            0.9992322325706482,
            1.2379562854766846
          ],
          [
            0.0,
            0.0,
            0.0,
            1.0
          ]
        ]
      },
      "bone_length_armature_space": 0.03044487962782295,
      "parent": "thumb_02_l",
      "has_children": false,
      "is_end_bone": true
    },
    "metacarpal_index_l": {
      "name": "metacarpal_index_l",
      "local": {
        "location": {
          "x": 0.0,
          "y": 0.0,
          "z": 0.0
        },
        "rotation_quaternion": {
          "w": 0.9990260004997253,
          "x": -0.040884796530008316,
          "y": -0.01646452583372593,
          "z": -0.002097383374348283
        },
        "scale": {
          "x": 1.0,
          "y": 1.0,
          "z": 1.0
        },
        "matrix_basis": [
          [
            0.9994490146636963,
            0.0055369785986840725,
            -0.03272547572851181,
            0.0
          ],
          [
            -0.0028443834744393826,
            0.9966480731964111,
            0.081759013235569,
            0.0
          ],
          [
            0.03306848183274269,
            -0.08162088692188263,
            0.9961147308349609,
            0.0
          ],
          [
            0.0,
            0.0,
            0.0,
            1.0
          ]
        ],
        "rotation_mode": "QUATERNION"
      },
      "armature_space": {
        "head": {
          "x": 0.546800971031189,
          "y": -0.35016757249832153,
          "z": 0.3605327606201172
        },
        "tail": {
          "x": 0.5798874497413635,
          "y": -0.4523499310016632,
          "z": 0.31369996070861816
        }
      },
      "world_space": {
        "head": {
          "x": 0.546800971031189,
          "y": -0.2869235873222351,
          "z": 1.3103867769241333
        },
        "tail": {
          "x": 0.5798874497413635,
          "y": -0.3891059160232544,
          "z": 1.2635539770126343
        },
        "rotation_quaternion": {
          "w": 0.15430328249931335,
          "x": -0.9244123101234436,
          "y": -0.20038461685180664,
          "z": 0.2854793071746826
        },
        "matrix": [
          [
            0.7566947937011719,
            0.2823759913444519,
            -0.5896412134170532,
            0.546800971031189
          ],
          [
            0.45857709646224976,
            -0.8720734119415283,
            0.17086704075336456,
            -0.2869235873222351
          ],
          [
            -0.4659642279148102,
            -0.39969369769096375,
            -0.7893896698951721,
            1.3103867769241333
          ],
          [
            0.0,
            0.0,
            0.0,
            1.0
          ]
        ]
      },
      "bone_length_armature_space": 0.11717192774861242,
      "parent": "lowerarm_l",
      "has_children": true,
      "is_end_bone": false
    },
    "index_01_l": {
      "name": "index_01_l",
      "local": {
        "location": {
          "x": 0.0,
          "y": 0.0,
          "z": 0.0
        },
        "rotation_quaternion": {
          "w": 0.9945851564407349,
          "x": -0.10327475517988205,
          "y": -0.011446801014244556,
          "z": 0.0019347068155184388
        },
        "scale": {
          "x": 1.0,
          "y": 1.0,
          "z": 1.0
        },
        "matrix_basis": [
          [
            0.9997304677963257,
            -0.0014841301599517465,
            -0.023169249296188354,
            0.0
          ],
          [
            0.006212792359292507,
            0.9786611795425415,
            0.20538678765296936,
            0.0
          ],
          [
            0.022370023652911186,
            -0.20547537505626678,
            0.9784066081047058,
            0.0
          ],
          [
            0.0,
            0.0,
            0.0,
            1.0
          ]
        ],
        "rotation_mode": "QUATERNION"
      },
      "armature_space": {
        "head": {
          "x": 0.5798874497413635,
          "y": -0.4523499310016632,
          "z": 0.31369996070861816
        },
        "tail": {
          "x": 0.5996144413948059,
          "y": -0.4717574119567871,
          "z": 0.30682504177093506
        }
      },
      "world_space": {
        "head": {
          "x": 0.5798874497413635,
          "y": -0.3891059160232544,
          "z": 1.2635539770126343
        },
        "tail": {
          "x": 0.5996144413948059,
          "y": -0.4085134267807007,
          "z": 1.2566790580749512
        },
        "rotation_quaternion": {
          "w": 0.0482734739780426,
          "x": -0.8957271575927734,
          "y": -0.39668506383895874,
          "z": 0.19489401578903198
        },
        "matrix": [
          [
            0.6093142628669739,
            0.6918269991874695,
            -0.38744235038757324,
            0.5798874497413635
          ],
          [
            0.7294596433639526,
            -0.6806213855743408,
            -0.06814496219158173,
            -0.3891059160232544
          ],
          [
            -0.31084737181663513,
            -0.24110408127307892,
            -0.919378399848938,
            1.2635539770126343
          ],
          [
            0.0,
            0.0,
            0.0,
            1.0
          ]
        ]
      },
      "bone_length_armature_space": 0.0285143648697493,
      "parent": "metacarpal_index_l",
      "has_children": true,
      "is_end_bone": false
    },
    "index_02_l": {
      "name": "index_02_l",
      "local": {
        "location": {
          "x": 0.0,
          "y": 0.0,
          "z": 0.0
        },
        "rotation_quaternion": {
          "w": 0.9975932836532593,
          "x": 0.06871666759252548,
          "y": -0.005116134881973267,
          "z": 0.007711353246122599
        },
        "scale": {
          "x": 1.0,
          "y": 1.0,
          "z": 1.0
        },
        "matrix_basis": [
          [
            0.9998286962509155,
            -0.016088716685771942,
            -0.009147846139967442,
            0.0
          ],
          [
            0.014682460576295853,
            0.9904370903968811,
            -0.13718147575855255,
            0.0
          ],
          [
            0.011267440393567085,
            0.1370236724615097,
            0.9905036687850952,
            0.0
          ],
          [
            0.0,
            0.0,
            0.0,
            1.0
          ]
        ],
        "rotation_mode": "QUATERNION"
      },
      "armature_space": {
        "head": {
          "x": 0.5996144413948059,
          "y": -0.4717578887939453,
          "z": 0.3068247139453888
        },
        "tail": {
          "x": 0.6163547039031982,
          "y": -0.4891952574253082,
          "z": 0.29823440313339233
        }
      },
      "world_space": {
        "head": {
          "x": 0.5996144413948059,
          "y": -0.4085139036178589,
          "z": 1.2566787004470825
        },
        "tail": {
          "x": 0.6163547039031982,
          "y": -0.4259512424468994,
          "z": 1.2480883598327637
        },
        "rotation_quaternion": {
          "w": 0.07911236584186554,
          "x": -0.8819813132286072,
          "y": -0.3922688364982605,
          "z": 0.2489486187696457
        },
        "matrix": [
          [
            0.5682988166809082,
            0.6525583863258362,
            -0.5012025833129883,
            0.5996144413948059
          ],
          [
            0.7313376069068909,
            -0.6797326803207397,
            -0.055760204792022705,
            -0.4085139036178589
          ],
          [
            -0.3770723342895508,
            -0.33486267924308777,
            -0.8635377287864685,
            1.2566787004470825
          ],
          [
            0.0,
            0.0,
            0.0,
            1.0
          ]
        ]
      },
      "bone_length_armature_space": 0.025653297248421397,
      "parent": "index_01_l",
      "has_children": true,
      "is_end_bone": false
    },
    "index_03_l": {
      "name": "index_03_l",
      "local": {
        "location": {
          "x": 0.0,
          "y": 0.0,
          "z": 0.0
        },
        "rotation_quaternion": {
          "w": 0.9998140931129456,
          "x": 0.01881427690386772,
          "y": 0.002410229528322816,
          "z": 0.003476260229945183
        },
        "scale": {
          "x": 1.0,
          "y": 1.0,
          "z": 1.0
        },
        "matrix_basis": [
          [
            0.9999642372131348,
            -0.006860534660518169,
            0.004950369708240032,
            0.0
          ],
          [
            0.0070419213734567165,
            0.9992678761482239,
            -0.03760480135679245,
            0.0
          ],
          [
            -0.004688756074756384,
            0.03763831406831741,
            0.9992804527282715,
            0.0
          ],
          [
            0.0,
            0.0,
            0.0,
            1.0
          ]
        ],
        "rotation_mode": "QUATERNION"
      },
      "armature_space": {
        "head": {
          "x": 0.6163547039031982,
          "y": -0.4891952574253082,
          "z": 0.2982345223426819
        },
        "tail": {
          "x": 0.6347887516021729,
          "y": -0.5071826577186584,
          "z": 0.2844368815422058
        }
      },
      "world_space": {
        "head": {
          "x": 0.6163547039031982,
          "y": -0.4259512424468994,
          "z": 1.2480885982513428
        },
        "tail": {
          "x": 0.6347887516021729,
          "y": -0.443938672542572,
          "z": 1.2342908382415771
        },
        "rotation_quaternion": {
          "w": 0.16061440110206604,
          "x": -0.8668320178985596,
          "y": -0.4079175591468811,
          "z": 0.23750489950180054
        },
        "matrix": [
          [
            0.5543884038925171,
            0.6308992505073547,
            -0.5427887439727783,
            0.6163547039031982
          ],
          [
            0.7834859490394592,
            -0.6156125068664551,
            0.08468464761972427,
            -0.4259512424468994
          ],
          [
            -0.28072112798690796,
            -0.4722192883491516,
            -0.835594654083252,
            1.2480885982513428
          ],
          [
            0.0,
            0.0,
            0.0,
            1.0
          ]
        ]
      },
      "bone_length_armature_space": 0.0292187535782706,
      "parent": "index_02_l",
      "has_children": false,
      "is_end_bone": true
    },
    "metacarpal_pinky_l": {
      "name": "metacarpal_pinky_l",
      "local": {
        "location": {
          "x": 0.0,
          "y": 0.0,
          "z": 0.0
        },
        "rotation_quaternion": {
          "w": 0.9993324279785156,
          "x": -0.034717392176389694,
          "y": 0.011375803500413895,
          "z": -0.0001799797173589468
        },
        "scale": {
          "x": 1.0,
          "y": 1.0,
          "z": 1.0
        },
        "matrix_basis": [
          [
            0.9997411370277405,
            -0.0004301573208067566,
            0.02274891547858715,
            0.0
          ],
          [
            -0.0011495955986902118,
            0.9975893497467041,
            0.06938433647155762,
            0.0
          ],
          [
            -0.02272392250597477,
            -0.06939252465963364,
            0.9973306059837341,
            0.0
          ],
          [
            0.0,
            0.0,
            0.0,
            1.0
          ]
        ],
        "rotation_mode": "QUATERNION"
      },
      "armature_space": {
        "head": {
          "x": 0.546800971031189,
          "y": -0.35016757249832153,
          "z": 0.3605327606201172
        },
        "tail": {
          "x": 0.6262556314468384,
          "y": -0.4071063995361328,
          "z": 0.32464170455932617
        }
      },
      "world_space": {
        "head": {
          "x": 0.546800971031189,
          "y": -0.2869235873222351,
          "z": 1.3103867769241333
        },
        "tail": {
          "x": 0.6262556314468384,
          "y": -0.3438624143600464,
          "z": 1.2744957208633423
        },
        "rotation_quaternion": {
          "w": 0.3773803412914276,
          "x": 0.20149178802967072,
          "y": 0.29014354944229126,
          "z": -0.8560385704040527
        },
        "matrix": [
          [
            -0.6339702606201172,
            0.763027548789978,
            -0.12597906589508057,
            0.546800971031189
          ],
          [
            -0.5291827321052551,
            -0.5468012690544128,
            -0.6488255858421326,
            -0.2869235873222351
          ],
          [
            -0.5639615654945374,
            -0.3446730077266693,
            0.7504408955574036,
            1.3103867769241333
          ],
          [
            0.0,
            0.0,
            0.0,
            1.0
          ]
        ]
      },
      "bone_length_armature_space": 0.104130884571389,
      "parent": "lowerarm_l",
      "has_children": true,
      "is_end_bone": false
    },
    "pinky_01_l": {
      "name": "pinky_01_l",
      "local": {
        "location": {
          "x": 0.0,
          "y": 0.0,
          "z": 0.0
        },
        "rotation_quaternion": {
          "w": 0.9562656283378601,
          "x": 0.2918509542942047,
          "y": -0.018326718360185623,
          "z": 0.0065744249150156975
        },
        "scale": {
          "x": 1.0,
          "y": 1.0,
          "z": 1.0
        },
        "matrix_basis": [
          [
            0.999241828918457,
            -0.02327113412320614,
            -0.03121291659772396,
            0.0
          ],
          [
            0.0018764527048915625,
            0.8295596241950989,
            -0.5584150552749634,
            0.0
          ],
          [
            0.03888792544603348,
            0.5579330921173096,
            0.8289743065834045,
            0.0
          ],
          [
            0.0,
            0.0,
            0.0,
            1.0
          ]
        ],
        "rotation_mode": "QUATERNION"
      },
      "armature_space": {
        "head": {
          "x": 0.6262556314468384,
          "y": -0.4071063995361328,
          "z": 0.32464170455932617
        },
