{
  "metadata": {
    "armature_name": "KIM_caucasian_male",
    "export_time": "2026-01-13T20:24:41.258246",
    "blender_version": "4.4.1",
    "bone_count": 56,
    "end_bone_count": 13,
    "spaces_included": [
      "LOCAL_CHANNELS",
      "ARMATURE_SPACE",
      "WORLD_SPACE"
    ],
    "note": "LOCAL matches Transform panel; replay pose via local.matrix_basis for best fidelity."
  },
  "bones": {
    "Root": {
      "name": "Root",
      "local": {
        "location": {
          "x": 0.0,
          "y": 0.0,
          "z": 0.0
        },
        "rotation_quaternion": {
          "w": 0.9995511770248413,
          "x": 0.0036725967656821012,
          "y": 0.0033253359142690897,
          "z": 0.029547739773988724
        },
        "scale": {
          "x": 1.0,
          "y": 1.0,
          "z": 1.0
        },
        "matrix_basis": [
          [
            0.9982317686080933,
            -0.05904453247785568,
            0.006864720489829779,
            0.0
          ],
          [
            0.05909338220953941,
            0.9982268810272217,
            -0.007145384326577187,
            0.0
          ],
          [
            -0.006430652923882008,
            0.007538408972322941,
            0.9999508857727051,
            0.0
          ],
          [
            0.0,
            0.0,
            0.0,
            1.0
          ]
        ],
        "rotation_mode": "QUATERNION"
      },
      "armature_space": {
        "head": {
          "x": 0.0,
          "y": 0.07072800397872925,
          "z": -0.009595036506652832
        },
        "tail": {
          "x": -0.004214354790747166,
          "y": 5.307793617248535e-05,
          "z": -0.0005501937121152878
        }
      },
      "world_space": {
        "head": {
          "x": 0.0,
          "y": 0.13397200405597687,
          "z": 0.9402589797973633
        },
        "tail": {
          "x": -0.004214354790747166,
          "y": 0.0632970780134201,
          "z": 0.9493038058280945
        },
        "rotation_quaternion": {
          "w": 0.06367316097021103,
          "x": 0.9975277781486511,
          "y": -0.02925659343600273,
          "z": 0.005308349616825581
        },
        "matrix": [
          [
            0.9982317686080933,
            -0.05904453247785568,
            0.006864720489829779,
            0.0
          ],
          [
            -0.057692527770996094,
            -0.9901795387268066,
            -0.1273425668478012,
            0.13397200405597687
          ],
          [
            0.01431623287498951,
            0.12672129273414612,
            -0.9918420314788818,
            0.9402589797973633
          ],
          [
            0.0,
            0.0,
            0.0,
            1.0
          ]
        ]
      },
      "bone_length_armature_space": 0.0713758719842951,
      "parent": null,
      "has_children": true,
      "is_end_bone": false
    },
    "spine_01": {
      "name": "spine_01",
      "local": {
        "location": {
          "x": 0.0,
          "y": 0.0,
          "z": 0.0
        },
        "rotation_quaternion": {
          "w": 0.9991097450256348,
          "x": -0.026605382561683655,
          "y": -0.016765329986810684,
          "z": 0.028121212497353554
        },
        "scale": {
          "x": 1.0,
          "y": 1.0,
          "z": 1.0
        },
        "matrix_basis": [
          [
            0.9978562593460083,
            -0.055300258100032806,
            -0.034997161477804184,
            0.0
          ],
          [
            0.057084452360868454,
            0.9970027208328247,
            0.05222047120332718,
            0.0
          ],
          [
            0.0320044569671154,
            -0.05410631746053696,
            0.9980221390724182,
            0.0
          ],
          [
            0.0,
            0.0,
            0.0,
            1.0
          ]
        ],
        "rotation_mode": "QUATERNION"
      },
      "armature_space": {
        "head": {
          "x": -0.004214354790747166,
          "y": 5.307793617248535e-05,
          "z": -0.0005501937121152878
        },
        "tail": {
          "x": -0.03547033295035362,
          "y": 0.047286003828048706,
          "z": 0.48415660858154297
        }
      },
      "world_space": {
        "head": {
          "x": -0.004214354790747166,
          "y": 0.0632970780134201,
          "z": 0.9493038058280945
        },
        "tail": {
          "x": -0.03547033295035362,
          "y": 0.11053000390529633,
          "z": 1.434010624885559
        },
        "rotation_quaternion": {
          "w": 0.738394558429718,
          "x": 0.671970546245575,
          "y": -0.05628050118684769,
          "z": -0.007847219705581665
        },
        "matrix": [
          [
            0.993541955947876,
            -0.06404897570610046,
            -0.09366022050380707,
            -0.004214354790747166
          ],
          [
            -0.08722591400146484,
            0.09678854048252106,
            -0.991475522518158,
            0.0632970780134201
          ],
          [
            0.07256865501403809,
            0.9932491183280945,
            0.09057646989822388,
            0.9493038058280945
          ],
          [
            0.0,
            0.0,
            0.0,
            1.0
          ]
        ]
      },
      "bone_length_armature_space": 0.48800467549875104,
      "parent": "Root",
      "has_children": true,
      "is_end_bone": false
    },
    "neck_01": {
      "name": "neck_01",
      "local": {
        "location": {
          "x": 0.0,
          "y": 0.0,
          "z": 0.0
        },
        "rotation_quaternion": {
          "w": 0.9813120365142822,
          "x": -0.1295526921749115,
          "y": -0.07721125334501266,
          "z": 0.11950428038835526
        },
        "scale": {
          "x": 1.0,
          "y": 1.0,
          "z": 1.0
        },
        "matrix_basis": [
          [
            0.959514319896698,
            -0.2145361304283142,
            -0.18250086903572083,
            0.0
          ],
          [
            0.2545478343963623,
            0.937869668006897,
            0.2358090877532959,
            0.0
          ],
          [
            0.12057246267795563,
            -0.2727173864841461,
            0.9545090198516846,
            0.0
          ],
          [
            0.0,
            0.0,
            0.0,
            1.0
          ]
        ],
        "rotation_mode": "QUATERNION"
      },
      "armature_space": {
        "head": {
          "x": -0.04340807721018791,
          "y": 0.01998790353536606,
          "z": 0.5600219964981079
        },
        "tail": {
          "x": -0.07258561253547668,
          "y": 0.02100137062370777,
          "z": 0.6582992076873779
        }
      },
      "world_space": {
        "head": {
          "x": -0.04340807721018791,
          "y": 0.08323190361261368,
          "z": 1.509876012802124
        },
        "tail": {
          "x": -0.07258561253547668,
          "y": 0.08424536883831024,
          "z": 1.608153223991394
        },
        "rotation_quaternion": {
          "w": 0.6823751330375671,
          "x": 0.7035912275314331,
          "y": -0.19825901091098785,
          "z": 0.004112716764211655
        },
        "matrix": [
          [
            0.9213523864746094,
            -0.2845996618270874,
            -0.26478850841522217,
            -0.04340807721018791
          ],
          [
            -0.273375540971756,
            0.009885430335998535,
            -0.9618567824363708,
            0.08323190361261368
          ],
          [
            0.2763632535934448,
            0.9586023092269897,
            -0.0686960220336914,
            1.509876012802124
          ],
          [
            0.0,
            0.0,
            0.0,
            1.0
          ]
        ]
      },
      "bone_length_armature_space": 0.10252202627907922,
      "parent": "spine_01",
      "has_children": true,
      "is_end_bone": false
    },
    "head": {
      "name": "head",
      "local": {
        "location": {
          "x": 0.0,
          "y": 0.0,
          "z": 0.0
        },
        "rotation_quaternion": {
          "w": 0.9812355041503906,
          "x": -0.15558062493801117,
          "y": 0.06504392623901367,
          "z": -0.09349239617586136
        },
        "scale": {
          "x": 1.0,
          "y": 1.0,
          "z": 1.0
        },
        "matrix_basis": [
          [
            0.9740568995475769,
            0.16323696076869965,
            0.1567380279302597,
            0.0
          ],
          [
            -0.2037152647972107,
            0.9341076612472534,
            0.29316022992134094,
            0.0
          ],
          [
            -0.09855560958385468,
            -0.31748467683792114,
            0.9431279301643372,
            0.0
          ],
          [
            0.0,
            0.0,
            0.0,
            1.0
          ]
        ],
        "rotation_mode": "QUATERNION"
      },
      "armature_space": {
        "head": {
          "x": -0.07258563488721848,
          "y": 0.021001221612095833,
          "z": 0.6582990884780884
        },
        "tail": {
          "x": -0.05658997222781181,
          "y": 0.1096925139427185,
          "z": 0.7845180034637451
        }
      },
      "world_space": {
        "head": {
          "x": -0.07258563488721848,
          "y": 0.0842452198266983,
          "z": 1.6081531047821045
        },
        "tail": {
          "x": -0.05658997222781181,
          "y": 0.17293651401996613,
          "z": 1.7343720197677612
        },
        "rotation_quaternion": {
          "w": 0.8826124668121338,
          "x": 0.4515111446380615,
          "y": -0.08324384689331055,
          "z": -0.10101185739040375
        },
        "matrix": [
          [
            0.9657341241836548,
            0.1031377911567688,
            -0.2381604015827179,
            -0.07258563488721848
          ],
          [
            -0.25348004698753357,
            0.5718690752983093,
            -0.7802013158798218,
            0.0842452198266983
          ],
          [
            0.05572833865880966,
            0.8138420581817627,
            0.5784201622009277,
            1.6081531047821045
          ],
          [
            0.0,
            0.0,
            0.0,
            1.0
          ]
        ]
      },
      "bone_length_armature_space": 0.15509101331952255,
      "parent": "neck_01",
      "has_children": false,
      "is_end_bone": true
    },
    "upperarm_l": {
      "name": "upperarm_l",
      "local": {
        "location": {
          "x": 0.0,
          "y": 0.0,
          "z": 0.0
        },
        "rotation_quaternion": {
          "w": 0.9010752439498901,
          "x": 0.3403415381908417,
          "y": 0.1254153698682785,
          "z": -0.2377018928527832
        },
        "scale": {
          "x": 1.0,
          "y": 1.0,
          "z": 1.0
        },
        "matrix_basis": [
          [
            0.8555375933647156,
            0.5137426853179932,
            0.0642177164554596,
            0.0
          ],
          [
            -0.3430064618587494,
            0.6553308963775635,
            -0.6729696393013,
            0.0
          ],
          [
            -0.38781702518463135,
            0.5537237524986267,
            0.7368772625923157,
            0.0
          ],
          [
            0.0,
            0.0,
            0.0,
            1.0
          ]
        ],
        "rotation_mode": "QUATERNION"
      },
      "armature_space": {
        "head": {
          "x": 0.10962910950183868,
          "y": -0.002762865275144577,
          "z": 0.5044421553611755
        },
        "tail": {
          "x": 0.2828545868396759,
          "y": -0.16921567916870117,
          "z": 0.3857228755950928
        }
      },
      "world_space": {
        "head": {
          "x": 0.10962910950183868,
          "y": 0.06048113480210304,
          "z": 1.4542961120605469
        },
        "tail": {
          "x": 0.2828545868396759,
          "y": -0.10597167909145355,
          "z": 1.3355768918991089
        },
        "rotation_quaternion": {
          "w": 0.1112813651561737,
          "x": 0.5878268480300903,
          "y": 0.42075350880622864,
          "z": -0.6819403171539307
        },
        "matrix": [
          [
            -0.2841530442237854,
            0.6464374661445618,
            -0.7080790400505066,
            0.10962910950183868
          ],
          [
            0.3428853452205658,
            -0.6211634278297424,
            -0.7046886086463928,
            0.06048113480210304
          ],
          [
            -0.895375669002533,
            -0.4430329203605652,
            -0.045149438083171844,
            1.4542961120605469
          ],
          [
            0.0,
            0.0,
            0.0,
            1.0
          ]
        ]
      },
      "bone_length_armature_space": 0.26796990622334954,
      "parent": "spine_01",
      "has_children": true,
      "is_end_bone": false
    },
    "lowerarm_l": {
      "name": "lowerarm_l",
      "local": {
        "location": {
          "x": 0.0,
          "y": 0.0,
          "z": 0.0
        },
        "rotation_quaternion": {
          "w": 0.9669601321220398,
          "x": 0.25439032912254333,
          "y": 0.01479239109903574,
          "z": -0.007418478839099407
        },
        "scale": {
          "x": 1.0,
          "y": 1.0,
          "z": 1.0
        },
        "matrix_basis": [
          [
            0.9994522929191589,
            0.021872829645872116,
            0.02483292669057846,
            0.0
          ],
          [
            -0.0068206642754375935,
            0.8704610466957092,
            -0.49219009280204773,
            0.0
          ],
          [
            -0.032381683588027954,
            0.49175113439559937,
            0.8701335191726685,
            0.0
          ],
          [
            0.0,
            0.0,
            0.0,
            1.0
          ]
        ],
        "rotation_mode": "QUATERNION"
      },
      "armature_space": {
        "head": {
          "x": 0.2828546464443207,
          "y": -0.16921581327915192,
          "z": 0.38572293519973755
        },
        "tail": {
          "x": 0.3185868263244629,
          "y": -0.42306602001190186,
          "z": 0.309219628572464
        }
      },
      "world_space": {
        "head": {
          "x": 0.2828546464443207,
          "y": -0.1059718132019043,
          "z": 1.3355770111083984
        },
        "tail": {
          "x": 0.3185868263244629,
          "y": -0.35982203483581543,
          "z": 1.2590736150741577
        },
        "rotation_quaternion": {
          "w": 0.030171513557434082,
          "x": -0.5790373682975769,
          "y": -0.15699362754821777,
          "z": 0.7994738817214966
        },
        "matrix": [
          [
            -0.32761144638061523,
            0.1335659623146057,
            -0.9353240728378296,
            0.2828546464443207
          ],
          [
            0.23005254566669464,
            -0.9488859176635742,
            -0.21608221530914307,
            -0.1059718132019043
          ],
          [
            -0.9163830876350403,
            -0.28596749901771545,
            0.28014039993286133,
            1.3355770111083984
          ],
          [
            0.0,
            0.0,
            0.0,
            1.0
          ]
        ]
      },
      "bone_length_armature_space": 0.26752473196663057,
      "parent": "upperarm_l",
      "has_children": true,
      "is_end_bone": false
    },
    "metacarpal_thumb_l": {
      "name": "metacarpal_thumb_l",
      "local": {
        "location": {
          "x": 0.0,
          "y": 0.0,
          "z": 0.0
        },
        "rotation_quaternion": {
          "w": 0.9997261166572571,
          "x": 0.019873252138495445,
          "y": -0.012007789686322212,
          "z": -0.0029584604781121016
        },
        "scale": {
          "x": 1.0,
          "y": 1.0,
          "z": 1.0
        },
        "matrix_basis": [
          [
            0.9996941089630127,
            0.0054380325600504875,
            -0.02412659116089344,
            0.0
          ],
          [
            -0.0063925678841769695,
            0.9991925954818726,
            -0.03966457024216652,
            0.0
          ],
          [
            0.02389141358435154,
            0.03980666771531105,
            0.9989217519760132,
            0.0
          ],
          [
            0.0,
            0.0,
            0.0,
            1.0
          ]
        ],
        "rotation_mode": "QUATERNION"
      },
      "armature_space": {
        "head": {
          "x": 0.3185868263244629,
          "y": -0.42306602001190186,
          "z": 0.309219628572464
        },
        "tail": {
          "x": 0.2932504415512085,
          "y": -0.4635654389858246,
          "z": 0.2961256206035614
        }
      },
      "world_space": {
        "head": {
          "x": 0.3185868263244629,
          "y": -0.35982203483581543,
          "z": 1.2590736150741577
        },
        "tail": {
          "x": 0.2932504415512085,
          "y": -0.40032142400741577,
          "z": 1.2459796667099
        },
        "rotation_quaternion": {
          "w": 0.19377362728118896,
          "x": -0.9304031133651733,
          "y": 0.23161333799362183,
          "z": 0.20774298906326294
        },
        "matrix": [
          [
            0.8063964247703552,
            -0.5114980340003967,
            -0.29680758714675903,
            0.3185868263244629
          ],
          [
            -0.3504779040813446,
            -0.8176138997077942,
            0.4568069875240326,
            -0.35982203483581543
          ],
          [
            -0.47633352875709534,
            -0.26434552669525146,
            -0.8385950922966003,
            1.2590736150741577
          ],
          [
            0.0,
            0.0,
            0.0,
            1.0
          ]
        ]
      },
      "bone_length_armature_space": 0.0495337098846559,
      "parent": "lowerarm_l",
      "has_children": true,
      "is_end_bone": false
    },
    "thumb_01_l": {
      "name": "thumb_01_l",
      "local": {
        "location": {
          "x": 0.0,
          "y": 0.0,
          "z": 0.0
        },
        "rotation_quaternion": {
          "w": 0.9680734872817993,
          "x": 0.24983780086040497,
          "y": -0.012213638052344322,
          "z": -0.016300790011882782
        },
        "scale": {
          "x": 1.0,
          "y": 1.0,
          "z": 1.0
        },
        "matrix_basis": [
          [
            0.9991702437400818,
            0.025457868352532387,
            -0.03179250657558441,
            0.0
          ],
          [
            -0.03766358271241188,
            0.8746306896209717,
            -0.4833245277404785,
            0.0
          ],
          [
            0.015502291731536388,
            0.4841208755970001,
            0.8748638033866882,
            0.0
          ],
          [
            0.0,
            0.0,
            0.0,
            1.0
          ]
        ],
        "rotation_mode": "QUATERNION"
      },
      "armature_space": {
        "head": {
          "x": 0.2932504415512085,
          "y": -0.4635654389858246,
          "z": 0.2961256206035614
        },
        "tail": {
          "x": 0.2856357991695404,
          "y": -0.475279301404953,
          "z": 0.26508626341819763
        }
      },
      "world_space": {
        "head": {
          "x": 0.2932504415512085,
          "y": -0.40032142400741577,
          "z": 1.2459796667099
        },
        "tail": {
          "x": 0.2856357991695404,
          "y": -0.4120352864265442,
          "z": 1.2149403095245361
        },
        "rotation_quaternion": {
          "w": 0.29686757922172546,
          "x": -0.5797765851020813,
          "y": 0.4896955192089081,
          "z": -0.579592227935791
        },
        "matrix": [
          [
            -0.15145768225193024,
            -0.22370591759681702,
            0.9628169536590576,
            0.2932504415512085
          ],
          [
            -0.9119521975517273,
            -0.3441351056098938,
            -0.22341451048851013,
            -0.40032142400741577
          ],
          [
            0.3813200294971466,
            -0.9118875861167908,
            -0.15188848972320557,
            1.2459796667099
          ],
          [
            0.0,
            0.0,
            0.0,
            1.0
          ]
        ]
      },
      "bone_length_armature_space": 0.034038787222314654,
      "parent": "metacarpal_thumb_l",
      "has_children": true,
      "is_end_bone": false
    },
    "thumb_02_l": {
      "name": "thumb_02_l",
      "local": {
        "location": {
          "x": 0.0,
          "y": 0.0,
          "z": 0.0
        },
        "rotation_quaternion": {
          "w": 0.8940671682357788,
          "x": 0.44790613651275635,
          "y": 0.002483753487467766,
          "z": 0.004245863761752844
        },
        "scale": {
          "x": 1.0,
          "y": 1.0,
          "z": 1.0
        },
        "matrix_basis": [
          [
            0.9999516010284424,
            -0.0053671980276703835,
            0.008244781754910946,
            0.0
          ],
          [
            0.009817151352763176,
            0.5987241268157959,
            -0.8008952736854553,
            0.0
          ],
          [
            -0.0006377880345098674,
            0.8009374141693115,
            0.5987478494644165,
            0.0
          ],
          [
            0.0,
            0.0,
            0.0,
            1.0
          ]
        ],
        "rotation_mode": "QUATERNION"
      },
      "armature_space": {
        "head": {
          "x": 0.285635769367218,
          "y": -0.4752792716026306,
          "z": 0.26508626341819763
        },
        "tail": {
          "x": 0.3126908242702484,
          "y": -0.4977007806301117,
          "z": 0.28454089164733887
        }
      },
      "world_space": {
        "head": {
          "x": 0.285635769367218,
          "y": -0.4120352864265442,
          "z": 1.2149403095245361
        },
        "tail": {
          "x": 0.3126908242702484,
          "y": -0.4344567656517029,
          "z": 1.234394907951355
        },
        "rotation_quaternion": {
          "w": 0.3324594795703888,
          "x": -0.1420011967420578,
          "y": -0.332187294960022,
          "z": -0.8711820244789124
        },
        "matrix": [
          [
            -0.7386125326156616,
            0.6736078858375549,
            0.026538580656051636,
            0.285635769367218
          ],
          [
            -0.4849243760108948,
            -0.5582435727119446,
            0.6732104420661926,
            -0.4120352864265442
          ],
          [
            0.4682976305484772,
            0.4843752682209015,
            0.7389804124832153,
            1.2149403095245361
          ],
          [
            0.0,
            0.0,
            0.0,
            1.0
          ]
        ]
      },
      "bone_length_armature_space": 0.040164445172332454,
      "parent": "thumb_01_l",
      "has_children": true,
      "is_end_bone": false
    },
    "thumb_03_l": {
      "name": "thumb_03_l",
      "local": {
        "location": {
          "x": 0.0,
          "y": 0.0,
          "z": 0.0
        },
        "rotation_quaternion": {
          "w": 0.9865949153900146,
          "x": 0.16307783126831055,
          "y": 0.002931976690888405,
          "z": -0.0052435691468417645
        },
        "scale": {
          "x": 1.0,
          "y": 1.0,
          "z": 1.0
        },
        "matrix_basis": [
          [
            0.999927818775177,
            0.01130283810198307,
            0.004075126722455025,
            0.0
          ],
          [
            -0.009390276856720448,
            0.9467562437057495,
            -0.32181426882743835,
            0.0
          ],
          [
            -0.00749556627124548,
            0.32175275683403015,
            0.9467940330505371,
            0.0
          ],
          [
            0.0,
            0.0,
            0.0,
            1.0
          ]
        ],
        "rotation_mode": "QUATERNION"
      },
      "armature_space": {
        "head": {
          "x": 0.31269076466560364,
          "y": -0.4977008104324341,
          "z": 0.2845408618450165
        },
        "tail": {
          "x": 0.3307557702064514,
          "y": -0.5005789995193481,
          "z": 0.30887746810913086
        }
      },
      "world_space": {
        "head": {
          "x": 0.31269076466560364,
          "y": -0.43445682525634766,
          "z": 1.234394907951355
        },
        "tail": {
          "x": 0.3307557702064514,
          "y": -0.4373350143432617,
          "z": 1.258731484413147
        },
        "rotation_quaternion": {
          "w": 0.4788573086261749,
          "x": 0.11298903822898865,
          "y": -0.4726795554161072,
          "z": -0.731097400188446
        },
        "matrix": [
          [
            -0.5158560872077942,
            0.5933673977851868,
            -0.6179060935974121,
            0.31269076466560364
          ],
          [
            -0.8069992661476135,
            -0.09453779458999634,
            0.5829362869262695,
            -0.43445682525634766
          ],
          [
            0.28748100996017456,
            0.7993664145469666,
            0.5276192426681519,
            1.234394907951355
          ],
          [
            0.0,
            0.0,
            0.0,
            1.0
          ]
        ]
      },
      "bone_length_armature_space": 0.030445012662569774,
      "parent": "thumb_02_l",
      "has_children": false,
      "is_end_bone": true
    },
    "metacarpal_index_l": {
      "name": "metacarpal_index_l",
      "local": {
        "location": {
          "x": 0.0,
          "y": 0.0,
          "z": 0.0
        },
        "rotation_quaternion": {
          "w": 0.9979569315910339,
          "x": -0.06354930251836777,
          "y": -0.0008443954866379499,
          "z": -0.006549513898789883
        },
        "scale": {
          "x": 1.0,
          "y": 1.0,
          "z": 1.0
        },
        "matrix_basis": [
          [
            0.9999127984046936,
            0.013179587200284004,
            -0.0008529065526090562,
            0.0
          ],
          [
            -0.0129649443551898,
            0.991837203502655,
            0.12684999406337738,
            0.0
          ],
          [
            0.0025177747011184692,
            -0.12682786583900452,
            0.9919215440750122,
            0.0
          ],
          [
            0.0,
            0.0,
            0.0,
            1.0
          ]
        ],
        "rotation_mode": "QUATERNION"
      },
      "armature_space": {
        "head": {
          "x": 0.3185868263244629,
          "y": -0.42306602001190186,
          "z": 0.309219628572464
        },
        "tail": {
          "x": 0.31107625365257263,
          "y": -0.5381917953491211,
          "z": 0.28875333070755005
        }
      },
      "world_space": {
        "head": {
          "x": 0.3185868263244629,
          "y": -0.35982203483581543,
          "z": 1.2590736150741577
        },
        "tail": {
          "x": 0.31107625365257263,
          "y": -0.47494781017303467,
          "z": 1.238607406616211
        },
        "rotation_quaternion": {
          "w": 0.09261204302310944,
          "x": -0.8809147477149963,
          "y": -0.012394601479172707,
          "z": 0.46395981311798096
        },
        "matrix": [
          [
            0.5691754221916199,
            -0.0640987828373909,
            -0.8197139501571655,
            0.3185868263244629
          ],
          [
            0.10777360945940018,
            -0.9825389981269836,
            0.15166440606117249,
            -0.35982203483581543
          ],
          [
            -0.8151279091835022,
            -0.17466925084590912,
            -0.5523325800895691,
            1.2590736150741577
          ],
          [
            0.0,
            0.0,
            0.0,
            1.0
          ]
        ]
      },
      "bone_length_armature_space": 0.11717176297563756,
      "parent": "lowerarm_l",
      "has_children": true,
      "is_end_bone": false
    },
    "index_01_l": {
      "name": "index_01_l",
      "local": {
        "location": {
          "x": 0.0,
          "y": 0.0,
          "z": 0.0
        },
        "rotation_quaternion": {
          "w": 0.936803936958313,
          "x": 0.3487570285797119,
          "y": 0.027363214641809464,
          "z": 0.0042749191634356976
        },
        "scale": {
          "x": 1.0,
          "y": 1.0,
          "z": 1.0
        },
        "matrix_basis": [
          [
            0.9984659552574158,
            0.01107670459896326,
            0.054249752312898636,
            0.0
          ],
          [
            0.027095749974250793,
            0.7567005157470703,
            -0.6531999707221985,
            0.0
          ],
          [
            -0.04828611761331558,
            0.6536678671836853,
            0.7552396059036255,
            0.0
          ],
          [
            0.0,
            0.0,
            0.0,
            1.0
          ]
        ],
        "rotation_mode": "QUATERNION"
      },
      "armature_space": {
        "head": {
          "x": 0.31107625365257263,
          "y": -0.5381917953491211,
          "z": 0.28875333070755005
        },
        "tail": {
          "x": 0.30185866355895996,
          "y": -0.5566967129707336,
          "z": 0.26911458373069763
        }
      },
      "world_space": {
        "head": {
          "x": 0.31107625365257263,
          "y": -0.47494781017303467,
          "z": 1.238607406616211
        },
        "tail": {
          "x": 0.30185866355895996,
          "y": -0.4934527277946472,
          "z": 1.2189686298370361
        },
        "rotation_quaternion": {
          "w": 0.41794952750205994,
          "x": -0.7934021949768066,
          "y": -0.02889893390238285,
          "z": 0.441583514213562
        },
        "matrix": [
          [
            0.6083391308784485,
            -0.32326093316078186,
            -0.724862813949585,
            0.31107625365257263
          ],
          [
            0.41497498750686646,
            -0.6489676237106323,
            0.6376809477806091,
            -0.47494781017303467
          ],
          [
            -0.6765540838241577,
            -0.6887315511703491,
            -0.2606484293937683,
            1.238607406616211
          ],
          [
            0.0,
            0.0,
            0.0,
            1.0
          ]
        ]
      },
      "bone_length_armature_space": 0.028514493219037804,
      "parent": "metacarpal_index_l",
      "has_children": true,
      "is_end_bone": false
    },
    "index_02_l": {
      "name": "index_02_l",
      "local": {
        "location": {
          "x": 0.0,
          "y": 0.0,
          "z": 0.0
        },
        "rotation_quaternion": {
          "w": 0.9093534350395203,
          "x": 0.41595157980918884,
          "y": 0.00608198344707489,
          "z": -0.004856067709624767
        },
        "scale": {
          "x": 1.0,
          "y": 1.0,
          "z": 1.0
        },
        "matrix_basis": [
          [
            0.9998788833618164,
            0.013891384936869144,
            0.007021566852927208,
            0.0
          ],
          [
            -0.003772142343223095,
            0.6539214253425598,
            -0.756553053855896,
            0.0
          ],
          [
            -0.015101123601198196,
            0.7564349174499512,
            0.6538946032524109,
            0.0
          ],
          [
            0.0,
            0.0,
            0.0,
            1.0
          ]
        ],
        "rotation_mode": "QUATERNION"
      },
      "armature_space": {
        "head": {
          "x": 0.30185815691947937,
          "y": -0.556696891784668,
          "z": 0.2691144049167633
        },
        "tail": {
          "x": 0.28235960006713867,
          "y": -0.5561981797218323,
          "z": 0.2524515390396118
        }
      },
      "world_space": {
        "head": {
          "x": 0.30185815691947937,
          "y": -0.49345290660858154,
          "z": 1.218968391418457
        },
        "tail": {
          "x": 0.28235960006713867,
          "y": -0.49295419454574585,
          "z": 1.202305555343628
        },
        "rotation_quaternion": {
          "w": 0.7013469934463501,
          "x": -0.5464304685592651,
          "y": 0.13354237377643585,
          "z": 0.43782714009284973
        },
        "matrix": [
          [
            0.5809460282325745,
            -0.7600811719894409,
            -0.29116740822792053,
            0.30185815691947937
          ],
          [
            0.4681971073150635,
            0.01944109797477722,
            0.8834102749824524,
            -0.49345290660858154
          ],
          [
            -0.6658070683479309,
            -0.649541974067688,
            0.36716532707214355,
            1.218968391418457
          ],
          [
            0.0,
            0.0,
            0.0,
            1.0
          ]
        ]
      },
      "bone_length_armature_space": 0.025653333829579905,
      "parent": "index_01_l",
      "has_children": true,
      "is_end_bone": false
    },
    "index_03_l": {
      "name": "index_03_l",
      "local": {
        "location": {
          "x": 0.0,
          "y": 0.0,
          "z": 0.0
        },
        "rotation_quaternion": {
          "w": 0.918982744216919,
          "x": 0.39423805475234985,
          "y": 0.00679438142105937,
          "z": 0.0010208389721810818
        },
        "scale": {
          "x": 1.0,
          "y": 1.0,
          "z": 1.0
        },
        "matrix_basis": [
          [
            0.9999055862426758,
            0.003480940591543913,
            0.013292745687067509,
            0.0
          ],
          [
            0.007233474403619766,
            0.6891506314277649,
            -0.7245820760726929,
            0.0
          ],
          [
            -0.011682931333780289,
            0.7246097922325134,
            0.689060389995575,
            0.0
          ],
          [
            0.0,
            0.0,
            0.0,
            1.0
          ]
        ],
        "rotation_mode": "QUATERNION"
      },
      "armature_space": {
        "head": {
          "x": 0.28235960006713867,
          "y": -0.5561982989311218,
          "z": 0.25245150923728943
        },
        "tail": {
          "x": 0.2640095353126526,
          "y": -0.5341436266899109,
          "z": 0.24691998958587646
        }
      },
      "world_space": {
        "head": {
          "x": 0.28235960006713867,
          "y": -0.4929543137550354,
          "z": 1.202305555343628
        },
        "tail": {
          "x": 0.2640095353126526,
          "y": -0.47089964151382446,
          "z": 1.1967740058898926
        },
        "rotation_quaternion": {
          "w": 0.888285756111145,
          "x": -0.20221097767353058,
          "y": 0.2972475588321686,
          "z": 0.28583741188049316
        },
        "matrix": [
          [
            0.659881591796875,
            -0.6280247569084167,
            0.4124819338321686,
            0.28235960006713867
          ],
          [
            0.38759759068489075,
            0.754814624786377,
            0.5291721224784851,
            -0.4929543137550354
          ],
          [
            -0.6436846256256104,
            -0.18931472301483154,
            0.7415148615837097,
            1.202305555343628
          ],
          [
            0.0,
            0.0,
            0.0,
            1.0
          ]
        ]
      },
      "bone_length_armature_space": 0.029218678250621546,
      "parent": "index_02_l",
      "has_children": false,
      "is_end_bone": true
    },
    "metacarpal_pinky_l": {
      "name": "metacarpal_pinky_l",
      "local": {
        "location": {
          "x": 0.0,
          "y": 0.0,
          "z": 0.0
        },
        "rotation_quaternion": {
          "w": 0.9997038245201111,
          "x": -0.0172424279153347,
          "y": -0.003646375611424446,
          "z": 0.016786038875579834
        },
        "scale": {
          "x": 1.0,
          "y": 1.0,
          "z": 1.0
        },
        "matrix_basis": [
          [
            0.9994098544120789,
            -0.03343639150261879,
            -0.00786945503205061,
            0.0
          ],
          [
            0.03368787840008736,
            0.9988418817520142,
            0.034352224320173264,
            0.0
          ],
          [
            0.006711727008223534,
            -0.03459705784916878,
            0.9993788003921509,
            0.0
          ],
          [
            0.0,
            0.0,
            0.0,
            1.0
          ]
        ],
        "rotation_mode": "QUATERNION"
      },
      "armature_space": {
        "head": {
          "x": 0.3185868263244629,
          "y": -0.42306602001190186,
          "z": 0.309219628572464
        },
        "tail": {
          "x": 0.36402371525764465,
          "y": -0.5074149370193481,
          "z": 0.2684274911880493
        }
      },
      "world_space": {
        "head": {
          "x": 0.3185868263244629,
          "y": -0.35982203483581543,
          "z": 1.2590736150741577
        },
        "tail": {
          "x": 0.36402371525764465,
          "y": -0.4441709518432617,
          "z": 1.2182815074920654
        },
        "rotation_quaternion": {
          "w": 0.23118174076080322,
          "x": -0.008572891354560852,
          "y": 0.20381541550159454,
          "z": -0.9512837529182434
        },
        "matrix": [
          [
            -0.8929629325866699,
            0.4363444447517395,
            0.11054802685976028,
            0.3185868263244629
          ],
          [
            -0.44333404302597046,
            -0.810028612613678,
            -0.38380828499794006,
            -0.35982203483581543
          ],
          [
            -0.077926404774189,
            -0.3917396664619446,
            0.9167777895927429,
            1.2590736150741577
          ],
          [
            0.0,
            0.0,
            0.0,
            1.0
          ]
        ]
      },
      "bone_length_armature_space": 0.1041309225824002,
      "parent": "lowerarm_l",
      "has_children": true,
      "is_end_bone": false
    },
    "pinky_01_l": {
      "name": "pinky_01_l",
      "local": {
        "location": {
          "x": 0.0,
          "y": 0.0,
          "z": 0.0
        },
        "rotation_quaternion": {
          "w": 0.9551053047180176,
          "x": 0.29530805349349976,
          "y": 0.019325844943523407,
          "z": 0.013917487114667892
        },
        "scale": {
          "x": 1.0,
          "y": 1.0,
          "z": 1.0
        },
        "matrix_basis": [
          [
            0.9988656044006348,
            -0.015171175822615623,
            0.04513632506132126,
            0.0
          ],
          [
            0.03799948841333389,
            0.8251988887786865,
            -0.5635626316070557,
            0.0
          ],
          [
            -0.028696542605757713,
            0.5646384954452515,
            0.8248393535614014,
            0.0
          ],
          [
            0.0,
            0.0,
            0.0,
            1.0
          ]
        ],
        "rotation_mode": "QUATERNION"
      },
      "armature_space": {
        "head": {
          "x": 0.36402371525764465,
          "y": -0.5074149370193481,
          "z": 0.2684274911880493
        },
        "tail": {
          "x": 0.36112815141677856,
