{
  "metadata": {
    "armature_name": "KIM_caucasian_male",
    "export_time": "2026-01-13T20:24:28.078527",
    "blender_version": "4.4.1",
    "bone_count": 56,
    "end_bone_count": 13,
    "spaces_included": [
      "LOCAL_CHANNELS",
      "ARMATURE_SPACE",
      "WORLD_SPACE"
    ],
    "note": "LOCAL matches Transform panel; replay pose via local.matrix_basis for best fidelity."
  },
  "bones": {
    "Root": {
      "name": "Root",
      "local": {
        "location": {
          "x": 0.0,
          "y": 0.0,
          "z": 0.0
        },
        "rotation_quaternion": {
          "w": 0.9997037649154663,
          "x": 0.015576707199215889,
          "y": -0.0033297091722488403,
          "z": 0.01840425655245781
        },
        "scale": {
          "x": 1.0,
          "y": 1.0,
          "z": 1.0
        },
        "matrix_basis": [
          [
            0.9993004202842712,
            -0.03690133988857269,
            -0.00608409009873867,
            0.0
          ],
          [
            0.03669387847185135,
            0.9988372921943665,
            -0.031266748905181885,
            0.0
          ],
          [
            0.0072308010421693325,
            0.03102162480354309,
            0.9994925856590271,
            0.0
          ],
          [
            0.0,
            0.0,
            0.0,
            1.0
          ]
        ],
        "rotation_mode": "QUATERNION"
      },
      "armature_space": {
        "head": {
          "x": 0.0,
          "y": 0.07072800397872925,
          "z": -0.009595036506652832
        },
        "tail": {
          "x": -0.002633865224197507,
          "y": -0.00021541863679885864,
          "z": -0.002205268945544958
        }
      },
      "world_space": {
        "head": {
          "x": 0.0,
          "y": 0.13397200405597687,
          "z": 0.9402589797973633
        },
        "tail": {
          "x": -0.002633865224197507,
          "y": 0.06302858144044876,
          "z": 0.9476487636566162
        },
        "rotation_quaternion": {
          "w": 0.05180637538433075,
          "x": 0.9984820485115051,
          "y": -0.018586760386824608,
          "z": -0.0020822908263653517
        },
        "matrix": [
          [
            0.9993004202842712,
            -0.03690133988857269,
            -0.00608409009873867,
            0.0
          ],
          [
            -0.03733284771442413,
            -0.9939412474632263,
            -0.1033785343170166,
            0.13397200405597687
          ],
          [
            -0.002232472412288189,
            0.10353313386440277,
            -0.9946305751800537,
            0.9402589797973633
          ],
          [
            0.0,
            0.0,
            0.0,
            1.0
          ]
        ]
      },
      "bone_length_armature_space": 0.07137587184731509,
      "parent": null,
      "has_children": true,
      "is_end_bone": false
    },
    "spine_01": {
      "name": "spine_01",
      "local": {
        "location": {
          "x": 0.0,
          "y": 0.0,
          "z": 0.0
        },
        "rotation_quaternion": {
          "w": 0.9983209371566772,
          "x": 0.006332383956760168,
          "y": -0.04556208476424217,
          "z": -0.03520401567220688
        },
        "scale": {
          "x": 1.0,
          "y": 1.0,
          "z": 1.0
        },
        "matrix_basis": [
          [
            0.9933695197105408,
            0.06971278041601181,
            -0.09141701459884644,
            0.0
          ],
          [
            -0.07086684554815292,
            0.9974411725997925,
            -0.009435566142201424,
            0.0
          ],
          [
            0.0905253142118454,
            0.015851439908146858,
            0.9957680106163025,
            0.0
          ],
          [
            0.0,
            0.0,
            0.0,
            1.0
          ]
        ],
        "rotation_mode": "QUATERNION"
      },
      "armature_space": {
        "head": {
          "x": -0.002633865224197507,
          "y": -0.00021541863679885864,
          "z": -0.002205268945544958
        },
        "tail": {
          "x": 0.03244365379214287,
          "y": -0.0016496500466018915,
          "z": 0.48453494906425476
        }
      },
      "world_space": {
        "head": {
          "x": -0.002633865224197507,
          "y": 0.06302858144044876,
          "z": 0.9476487636566162
        },
        "tail": {
          "x": 0.03244365379214287,
          "y": 0.06159434840083122,
          "z": 1.4343889951705933
        },
        "rotation_quaternion": {
          "w": 0.705779492855072,
          "x": 0.7045742869377136,
          "y": -0.020138895139098167,
          "z": -0.07102695107460022
        },
        "matrix": [
          [
            0.9890991449356079,
            0.07187998294830322,
            -0.12851527333259583,
            -0.002633865224197507
          ],
          [
            -0.12863798439502716,
            -0.0029389914125204086,
            -0.9916873574256897,
            0.06302858144044876
          ],
          [
            -0.07166079431772232,
            0.9974160194396973,
            0.006338684819638729,
            0.9476487636566162
          ],
          [
            0.0,
            0.0,
            0.0,
            1.0
          ]
        ]
      },
      "bone_length_armature_space": 0.488004651364757,
      "parent": "Root",
      "has_children": true,
      "is_end_bone": false
    },
    "neck_01": {
      "name": "neck_01",
      "local": {
        "location": {
          "x": 0.0,
          "y": 0.0,
          "z": 0.0
        },
        "rotation_quaternion": {
          "w": 0.9955614805221558,
          "x": 0.034802038222551346,
          "y": 0.06889276206493378,
          "z": 0.05385112389922142
        },
        "scale": {
          "x": 1.0,
          "y": 1.0,
          "z": 1.0
        },
        "matrix_basis": [
          [
            0.9847077131271362,
            -0.10242899507284164,
            0.14092221856117249,
            0.0
          ],
          [
            0.11201942712068558,
            0.991777777671814,
            -0.06187523156404495,
            0.0
          ],
          [
            -0.13342569768428802,
            0.07671504467725754,
            0.9880852103233337,
            0.0
          ],
          [
            0.0,
            0.0,
            0.0,
            1.0
          ]
        ],
        "rotation_mode": "QUATERNION"
      },
      "armature_space": {
        "head": {
          "x": 0.033249631524086,
          "y": -0.03625699505209923,
          "z": 0.5577840805053711
        },
        "tail": {
          "x": 0.023498762398958206,
          "y": -0.08067666739225388,
          "z": 0.6496674418449402
        }
      },
      "world_space": {
        "head": {
          "x": 0.033249631524086,
          "y": 0.02698700502514839,
          "z": 1.5076380968093872
        },
        "tail": {
          "x": 0.023498762398958206,
          "y": -0.017432667315006256,
          "z": 1.5995213985443115
        },
        "rotation_quaternion": {
          "w": 0.5306249856948853,
          "x": 0.846259355545044,
          "y": -0.04243478551506996,
          "z": 0.021944722160696983
        },
        "matrix": [
          [
            0.9954355359077454,
            -0.09511062502861023,
            -0.007892519235610962,
            0.033249631524086
          ],
          [
            -0.048533231019973755,
            -0.43327245116233826,
            -0.8999555110931396,
            0.02698700502514839
          ],
          [
            0.08217622339725494,
            0.8962364196777344,
            -0.4359145760536194,
            1.5076380968093872
          ],
          [
            0.0,
            0.0,
            0.0,
            1.0
          ]
        ]
      },
      "bone_length_armature_space": 0.1025218927960726,
      "parent": "spine_01",
      "has_children": true,
      "is_end_bone": false
    },
    "head": {
      "name": "head",
      "local": {
        "location": {
          "x": 0.0,
          "y": 0.0,
          "z": 0.0
        },
        "rotation_quaternion": {
          "w": 0.9916518926620483,
          "x": 0.04315528646111488,
          "y": 0.11989244073629379,
          "z": 0.019747145473957062
        },
        "scale": {
          "x": 1.0,
          "y": 1.0,
          "z": 1.0
        },
        "matrix_basis": [
          [
            0.9704716801643372,
            -0.028816603124141693,
            0.23948751389980316,
            0.0
          ],
          [
            0.04951257258653641,
            0.9954953193664551,
            -0.08085497468709946,
            0.0
          ],
          [
            -0.23607873916625977,
            0.09032510966062546,
            0.9675268530845642,
            0.0
          ],
          [
            0.0,
            0.0,
            0.0,
            1.0
          ]
        ],
        "rotation_mode": "QUATERNION"
      },
      "armature_space": {
        "head": {
          "x": 0.023498769849538803,
          "y": -0.08067677915096283,
          "z": 0.6496673226356506
        },
        "tail": {
          "x": 0.005076507106423378,
          "y": -0.10652881860733032,
          "z": 0.8014750480651855
        }
      },
      "world_space": {
        "head": {
          "x": 0.023498769849538803,
          "y": -0.01743277907371521,
          "z": 1.5995213985443115
        },
        "tail": {
          "x": 0.005076507106423378,
          "y": -0.0432848185300827,
          "z": 1.7513290643692017
        },
        "rotation_quaternion": {
          "w": 0.6451582312583923,
          "x": 0.7548795938491821,
          "y": 0.020631657913327217,
          "z": 0.11619865894317627
        },
        "matrix": [
          [
            0.9721446633338928,
            -0.11878417432308197,
            0.202052503824234,
            0.023498769849538803
          ],
          [
            0.18108110129833221,
            -0.16669036448001862,
            -0.9692390561103821,
            -0.01743277907371521
          ],
          [
            0.14881160855293274,
            0.9788351058959961,
            -0.14053934812545776,
            1.5995213985443115
          ],
          [
            0.0,
            0.0,
            0.0,
            1.0
          ]
        ]
      },
      "bone_length_armature_space": 0.15509124460593637,
      "parent": "neck_01",
      "has_children": false,
      "is_end_bone": true
    },
    "upperarm_l": {
      "name": "upperarm_l",
      "local": {
        "location": {
          "x": 0.0,
          "y": 0.0,
          "z": 0.0
        },
        "rotation_quaternion": {
          "w": 0.9659357666969299,
          "x": 0.11383409798145294,
          "y": 0.2294929027557373,
          "z": -0.03664614260196686
        },
        "scale": {
          "x": 1.0,
          "y": 1.0,
          "z": 1.0
        },
        "matrix_basis": [
          [
            0.8919801115989685,
            0.12304387241601944,
            0.43500763177871704,
            0.0
          ],
          [
            -0.018547404557466507,
            0.9713976979255676,
            -0.23673291504383087,
            0.0
          ],
          [
            -0.45169398188591003,
            0.2030927985906601,
            0.8687496185302734,
            0.0
          ],
          [
            0.0,
            0.0,
            0.0,
            1.0
          ]
        ],
        "rotation_mode": "QUATERNION"
      },
      "armature_space": {
        "head": {
          "x": 0.17637376487255096,
          "y": -0.05851778760552406,
          "z": 0.48002105951309204
        },
        "tail": {
          "x": 0.42646199464797974,
          "y": -0.13505010306835175,
          "z": 0.4216570258140564
        }
      },
      "world_space": {
        "head": {
          "x": 0.17637376487255096,
          "y": 0.0047262124717235565,
          "z": 1.429875135421753
        },
        "tail": {
          "x": 0.42646199464797974,
          "y": -0.07180610299110413,
          "z": 1.3715109825134277
        },
        "rotation_quaternion": {
          "w": 0.2381359338760376,
          "x": 0.6435143947601318,
          "y": 0.5481688380241394,
          "z": -0.4782169461250305
        },
        "matrix": [
          [
            -0.05836297571659088,
            0.9332714080810547,
            -0.35439828038215637,
            0.17637376487255096
          ],
          [
            0.4777469038963318,
            -0.2856009006500244,
            -0.8307769894599915,
            0.0047262124717235565
          ],
          [
            -0.8765625357627869,
            -0.21780109405517578,
            -0.42920270562171936,
            1.429875135421753
          ],
          [
            0.0,
            0.0,
            0.0,
            1.0
          ]
        ]
      },
      "bone_length_armature_space": 0.2679695339128856,
      "parent": "spine_01",
      "has_children": true,
      "is_end_bone": false
    },
    "lowerarm_l": {
      "name": "lowerarm_l",
      "local": {
        "location": {
          "x": 0.0,
          "y": 0.0,
          "z": 0.0
        },
        "rotation_quaternion": {
          "w": 0.9152076840400696,
          "x": 0.2779252529144287,
          "y": -0.1466531604528427,
          "z": 0.2522802948951721
        },
        "scale": {
          "x": 1.0,
          "y": 1.0,
          "z": 1.0
        },
        "matrix_basis": [
          [
            0.8296949863433838,
            -0.5432949662208557,
            -0.1282060742378235,
            0.0
          ],
          [
            0.38026049733161926,
            0.7182244062423706,
            -0.5827140808105469,
            0.0
          ],
          [
            0.40866634249687195,
            0.43472325801849365,
            0.8025007843971252,
            0.0
          ],
          [
            0.0,
            0.0,
            0.0,
            1.0
          ]
        ],
        "rotation_mode": "QUATERNION"
      },
      "armature_space": {
        "head": {
          "x": 0.4264620542526245,
          "y": -0.1350502222776413,
          "z": 0.42165708541870117
        },
        "tail": {
          "x": 0.5524382591247559,
          "y": -0.36177295446395874,
          "z": 0.48720240592956543
        }
      },
      "world_space": {
        "head": {
          "x": 0.4264620542526245,
          "y": -0.07180622220039368,
          "z": 1.3715111017227173
        },
        "tail": {
          "x": 0.5524382591247559,
          "y": -0.2985289692878723,
          "z": 1.4370564222335815
        },
        "rotation_quaternion": {
          "w": 0.2613716721534729,
          "x": 0.6950384378433228,
          "y": 0.08912083506584167,
          "z": -0.6638253927230835
        },
        "matrix": [
          [
            0.10278727114200592,
            0.47089603543281555,
            -0.8761799931526184,
            0.4264620542526245
          ],
          [
            -0.2231258600950241,
            -0.8474839925765991,
            -0.48164936900138855,
            -0.07180622220039368
          ],
          [
            -0.9693622589111328,
            0.24500685930252075,
            0.01795823872089386,
            1.3715111017227173
          ],
          [
            0.0,
            0.0,
            0.0,
            1.0
          ]
        ]
      },
      "bone_length_armature_space": 0.2675245642134651,
      "parent": "upperarm_l",
      "has_children": true,
      "is_end_bone": false
    },
    "metacarpal_thumb_l": {
      "name": "metacarpal_thumb_l",
      "local": {
        "location": {
          "x": 0.0,
          "y": 0.0,
          "z": 0.0
        },
        "rotation_quaternion": {
          "w": 0.9994572997093201,
          "x": -0.027037426829338074,
          "y": -0.017115920782089233,
          "z": -0.0078200064599514
        },
        "scale": {
          "x": 1.0,
          "y": 1.0,
          "z": 1.0
        },
        "matrix_basis": [
          [
            0.9992917776107788,
            0.01655706577003002,
            -0.03379039838910103,
            0.0
          ],
          [
            -0.01470598392188549,
            0.9984156489372253,
            0.05431320145726204,
            0.0
          ],
          [
            0.034636128693819046,
            -0.05377781391143799,
            0.9979520440101624,
            0.0
          ],
          [
            0.0,
            0.0,
            0.0,
            1.0
          ]
        ],
        "rotation_mode": "QUATERNION"
      },
      "armature_space": {
        "head": {
          "x": 0.5524382591247559,
          "y": -0.36177295446395874,
          "z": 0.48720240592956543
        },
        "tail": {
          "x": 0.546897292137146,
          "y": -0.4108302593231201,
          "z": 0.4912351369857788
        }
      },
      "world_space": {
        "head": {
          "x": 0.5524382591247559,
          "y": -0.2985289692878723,
          "z": 1.4370564222335815
        },
        "tail": {
          "x": 0.546897292137146,
          "y": -0.3475862741470337,
          "z": 1.441089153289795
        },
        "rotation_quaternion": {
          "w": 0.04142832010984421,
          "x": 0.9975307583808899,
          "y": -0.055607426911592484,
          "z": 0.011132637970149517
        },
        "matrix": [
          [
            0.9935675859451294,
            -0.11186268925666809,
            0.017602819949388504,
            0.5524382591247559
          ],
          [
            -0.11001774668693542,
            -0.990382969379425,
            -0.08389058709144592,
            -0.2985289692878723
          ],
          [
            0.026817888021469116,
            0.08141408860683441,
            -0.9963265061378479,
            1.4370564222335815
          ],
          [
            0.0,
            0.0,
            0.0,
            1.0
          ]
        ]
      },
      "bone_length_armature_space": 0.0495336702796907,
      "parent": "lowerarm_l",
      "has_children": true,
      "is_end_bone": false
    },
    "thumb_01_l": {
      "name": "thumb_01_l",
      "local": {
        "location": {
          "x": 0.0,
          "y": 0.0,
          "z": 0.0
        },
        "rotation_quaternion": {
          "w": 0.9977273941040039,
          "x": -0.06701698899269104,
          "y": -0.006709374487400055,
          "z": 0.001932628103531897
        },
        "scale": {
          "x": 1.0,
          "y": 1.0,
          "z": 1.0
        },
        "matrix_basis": [
          [
            0.9999024868011475,
            -0.0029571878258138895,
            -0.013647290877997875,
            0.0
          ],
          [
            0.004755756352096796,
            0.9910099506378174,
            0.13370344042778015,
            0.0
          ],
          [
            0.013129215687513351,
            -0.13375531136989594,
            0.9909273982048035,
            0.0
          ],
          [
            0.0,
            0.0,
            0.0,
            1.0
          ]
        ],
        "rotation_mode": "QUATERNION"
      },
      "armature_space": {
        "head": {
          "x": 0.546897292137146,
          "y": -0.4108302593231201,
          "z": 0.4912351369857788
        },
        "tail": {
          "x": 0.5363445281982422,
          "y": -0.43355634808540344,
          "z": 0.4681960940361023
        }
      },
      "world_space": {
        "head": {
          "x": 0.546897292137146,
          "y": -0.3475862741470337,
          "z": 1.441089153289795
        },
        "tail": {
          "x": 0.5363445281982422,
          "y": -0.37031233310699463,
          "z": 1.4180500507354736
        },
        "rotation_quaternion": {
          "w": 0.14979155361652374,
          "x": -0.6587222218513489,
          "y": 0.379122257232666,
          "z": -0.6323875784873962
        },
        "matrix": [
          [
            -0.08729519695043564,
            -0.31002333760261536,
            0.9467126727104187,
            0.546897292137146
          ],
          [
            -0.6889252066612244,
            -0.6676564812660217,
            -0.28216469287872314,
            -0.3475862741470337
          ],
          [
            0.7195609211921692,
            -0.6768513321876526,
            -0.15530098974704742,
            1.441089153289795
          ],
          [
            0.0,
            0.0,
            0.0,
            1.0
          ]
        ]
      },
      "bone_length_armature_space": 0.034038705407527736,
      "parent": "metacarpal_thumb_l",
      "has_children": true,
      "is_end_bone": false
    },
    "thumb_02_l": {
      "name": "thumb_02_l",
      "local": {
        "location": {
          "x": 0.0,
          "y": 0.0,
          "z": 0.0
        },
        "rotation_quaternion": {
          "w": 0.998015284538269,
          "x": 0.06224358454346657,
          "y": 0.0034356636460870504,
          "z": 0.008919981308281422
        },
        "scale": {
          "x": 1.0,
          "y": 1.0,
          "z": 1.0
        },
        "matrix_basis": [
          [
            0.9998172521591187,
            -0.017376858741044998,
            0.007968112826347351,
            0.0
          ],
          [
            0.018232250586152077,
            0.9920923113822937,
            -0.12417880445718765,
            0.0
          ],
          [
            -0.0057472665794193745,
            0.12430138885974884,
            0.9922278523445129,
            0.0
          ],
          [
            0.0,
            0.0,
            0.0,
            1.0
          ]
        ],
        "rotation_mode": "QUATERNION"
      },
      "armature_space": {
        "head": {
          "x": 0.5363444685935974,
          "y": -0.43355628848075867,
          "z": 0.4681960642337799
        },
        "tail": {
          "x": 0.5544955730438232,
          "y": -0.4691319763660431,
          "z": 0.4724489748477936
        }
      },
      "world_space": {
        "head": {
          "x": 0.5363444685935974,
          "y": -0.37031227350234985,
          "z": 1.4180500507354736
        },
        "tail": {
          "x": 0.5544955730438232,
          "y": -0.4058879613876343,
          "z": 1.4223029613494873
        },
        "rotation_quaternion": {
          "w": 0.1969018429517746,
          "x": -0.3533933758735657,
          "y": -0.1354750543832779,
          "z": -0.9044275879859924
        },
        "matrix": [
          [
            -0.6726853251457214,
            0.4519194960594177,
            0.5858864784240723,
            0.5363444685935974
          ],
          [
            -0.26041504740715027,
            -0.8857519030570984,
            0.38422325253486633,
            -0.37031227350234985
          ],
          [
            0.6925926804542542,
            0.10588766634464264,
            0.7135244011878967,
            1.4180500507354736
          ],
          [
            0.0,
            0.0,
            0.0,
            1.0
          ]
        ]
      },
      "bone_length_armature_space": 0.040164404276752774,
      "parent": "thumb_01_l",
      "has_children": true,
      "is_end_bone": false
    },
    "thumb_03_l": {
      "name": "thumb_03_l",
      "local": {
        "location": {
          "x": 0.0,
          "y": 0.0,
          "z": 0.0
        },
        "rotation_quaternion": {
          "w": 0.9958494901657104,
          "x": 0.09094738960266113,
          "y": 0.001279360381886363,
          "z": 0.0032846948597580194
        },
        "scale": {
          "x": 1.0,
          "y": 1.0,
          "z": 1.0
        },
        "matrix_basis": [
          [
            0.9999751448631287,
            -0.006309414282441139,
            0.0031455697026103735,
            0.0
          ],
          [
            0.006774832494556904,
            0.9834355711936951,
            -0.18113142251968384,
            0.0
          ],
          [
            -0.0019506319658830762,
            0.1811482310295105,
            0.9834538698196411,
            0.0
          ],
          [
            0.0,
            0.0,
            0.0,
            1.0
          ]
        ],
        "rotation_mode": "QUATERNION"
      },
      "armature_space": {
        "head": {
          "x": 0.5544954538345337,
          "y": -0.4691320061683655,
          "z": 0.4724489450454712
        },
        "tail": {
          "x": 0.5764690637588501,
          "y": -0.48752477765083313,
          "z": 0.482732892036438
        }
      },
      "world_space": {
        "head": {
          "x": 0.5544954538345337,
          "y": -0.40588802099227905,
          "z": 1.4223029613494873
        },
        "tail": {
          "x": 0.5764690637588501,
          "y": -0.4242807626724243,
          "z": 1.432586908340454
        },
        "rotation_quaternion": {
          "w": 0.3707992136478424,
          "x": -0.13183633983135223,
          "y": -0.24584731459617615,
          "z": -0.8858252167701721
        },
        "matrix": [
          [
            -0.6902539134025574,
            0.7217499613761902,
            0.05124664306640625,
            0.5544954538345337
          ],
          [
            -0.5921038389205933,
            -0.6041333079338074,
            0.5333253741264343,
            -0.40588802099227905
          ],
          [
            0.415889710187912,
            0.33778855204582214,
            0.8443629145622253,
            1.4223029613494873
          ],
          [
            0.0,
            0.0,
            0.0,
            1.0
          ]
        ]
      },
      "bone_length_armature_space": 0.030444919875784637,
      "parent": "thumb_02_l",
      "has_children": false,
      "is_end_bone": true
    },
    "metacarpal_index_l": {
      "name": "metacarpal_index_l",
      "local": {
        "location": {
          "x": 0.0,
          "y": 0.0,
          "z": 0.0
        },
        "rotation_quaternion": {
          "w": 0.9999146461486816,
          "x": -0.011679442599415779,
          "y": 0.002303713234141469,
          "z": 0.005384307820349932
        },
        "scale": {
          "x": 1.0,
          "y": 1.0,
          "z": 1.0
        },
        "matrix_basis": [
          [
            0.9999313950538635,
            -0.01082150824368,
            0.004481261596083641,
            0.0
          ],
          [
            0.010713884606957436,
            0.9996691942214966,
            0.02338169887661934,
            0.0
          ],
          [
            -0.004732804838567972,
            -0.023332083597779274,
            0.999716579914093,
            0.0
          ],
          [
            0.0,
            0.0,
            0.0,
            1.0
          ]
        ],
        "rotation_mode": "QUATERNION"
      },
      "armature_space": {
        "head": {
          "x": 0.5524382591247559,
          "y": -0.36177295446395874,
          "z": 0.48720240592956543
        },
        "tail": {
          "x": 0.5744629502296448,
          "y": -0.4740782678127289,
          "z": 0.5123351216316223
        }
      },
      "world_space": {
        "head": {
          "x": 0.5524382591247559,
          "y": -0.2985289692878723,
          "z": 1.4370564222335815
        },
        "tail": {
          "x": 0.5744629502296448,
          "y": -0.41083425283432007,
          "z": 1.4621891975402832
        },
        "rotation_quaternion": {
          "w": 0.12980526685714722,
          "x": 0.9536246657371521,
          "y": 0.06258462369441986,
          "z": -0.2642611861228943
        },
        "matrix": [
          [
            0.8524983525276184,
            0.18796949088573456,
            -0.4877640902996063,
            0.5524382591247559
          ],
          [
            0.050759587436914444,
            -0.9584676027297974,
            -0.280648797750473,
            -0.2985289692878723
          ],
          [
            -0.5202630162239075,
            0.21449461579322815,
            -0.8266392350196838,
            1.4370564222335815
          ],
          [
            0.0,
            0.0,
            0.0,
            1.0
          ]
        ]
      },
      "bone_length_armature_space": 0.11717177089294238,
      "parent": "lowerarm_l",
      "has_children": true,
      "is_end_bone": false
    },
    "index_01_l": {
      "name": "index_01_l",
      "local": {
        "location": {
          "x": 0.0,
          "y": 0.0,
          "z": 0.0
        },
        "rotation_quaternion": {
          "w": 0.9902026653289795,
          "x": -0.13805769383907318,
          "y": -0.009501651860773563,
          "z": 0.018673930317163467
        },
        "scale": {
          "x": 1.0,
          "y": 1.0,
          "z": 1.0
        },
        "matrix_basis": [
          [
            0.9991220235824585,
            -0.034358397126197815,
            -0.023973282426595688,
            0.0
          ],
          [
            0.03960550203919411,
            0.961182713508606,
            0.2730553150177002,
            0.0
          ],
          [
            0.01366096269339323,
            -0.27376505732536316,
            0.9616996049880981,
            0.0
          ],
          [
            0.0,
            0.0,
            0.0,
            1.0
          ]
        ],
        "rotation_mode": "QUATERNION"
      },
      "armature_space": {
        "head": {
          "x": 0.5744629502296448,
          "y": -0.4740782678127289,
          "z": 0.5123351216316223
        },
        "tail": {
          "x": 0.5915667414665222,
          "y": -0.49431389570236206,
          "z": 0.5228731036186218
        }
      },
      "world_space": {
        "head": {
          "x": 0.5744629502296448,
          "y": -0.41083425283432007,
          "z": 1.4621891975402832
        },
        "tail": {
          "x": 0.5915667414665222,
          "y": -0.43106991052627563,
          "z": 1.4727270603179932
        },
        "rotation_quaternion": {
          "w": 0.2746571898460388,
          "x": 0.8951690196990967,
          "y": 0.2640668749809265,
          "z": -0.23131100833415985
        },
        "matrix": [
          [
            0.7535278797149658,
            0.5998315811157227,
            -0.26906818151474,
            0.5744629502296448
          ],
          [
            0.3457072079181671,
            -0.7096638679504395,
            -0.613892674446106,
            -0.41083425283432007
          ],
          [
            -0.5591837167739868,
            0.369568407535553,
            -0.7421231269836426,
            1.4621891975402832
          ],
          [
            0.0,
            0.0,
            0.0,
            1.0
          ]
        ]
      },
      "bone_length_armature_space": 0.028514371759288407,
      "parent": "metacarpal_index_l",
      "has_children": true,
      "is_end_bone": false
    },
    "index_02_l": {
      "name": "index_02_l",
      "local": {
        "location": {
          "x": 0.0,
          "y": 0.0,
          "z": 0.0
        },
        "rotation_quaternion": {
          "w": 0.9987384676933289,
          "x": 0.04983314499258995,
          "y": 0.004496369976550341,
          "z": -0.004239855799823999
        },
        "scale": {
          "x": 1.0,
          "y": 1.0,
          "z": 1.0
        },
        "matrix_basis": [
          [
            0.999923586845398,
            0.008917151018977165,
            0.00855882465839386,
            0.0
          ],
          [
            -0.008020877838134766,
            0.9949973821640015,
            -0.09957868605852127,
            0.0
          ],
          [
            -0.00940396636724472,
            0.09950242936611176,
            0.9949928522109985,
            0.0
          ],
          [
            0.0,
            0.0,
            0.0,
            1.0
          ]
        ],
        "rotation_mode": "QUATERNION"
      },
      "armature_space": {
        "head": {
          "x": 0.5915667414665222,
          "y": -0.49431443214416504,
          "z": 0.5228731632232666
        },
        "tail": {
          "x": 0.6071065068244934,
          "y": -0.5132047533988953,
          "z": 0.5306037664413452
        }
      },
      "world_space": {
        "head": {
          "x": 0.5915667414665222,
          "y": -0.4310704469680786,
          "z": 1.4727271795272827
        },
        "tail": {
          "x": 0.6071065068244934,
          "y": -0.44996076822280884,
          "z": 1.4804577827453613
        },
        "rotation_quaternion": {
          "w": 0.24907855689525604,
          "x": 0.8916704058647156,
          "y": 0.2641478180885315,
          "z": -0.2703879475593567
        },
        "matrix": [
          [
            0.7142324447631836,
            0.605761706829071,
            -0.35060596466064453,
            0.5915667414665222
          ],
          [
            0.336370587348938,
            -0.7363710403442383,
            -0.5870373845100403,
            -0.4310704469680786
          ],
          [
            -0.6137848496437073,
            0.30134910345077515,
            -0.7297060489654541,
            1.4727271795272827
          ],
          [
            0.0,
            0.0,
            0.0,
            1.0
          ]
        ]
      },
      "bone_length_armature_space": 0.025653280089006036,
      "parent": "index_01_l",
      "has_children": true,
      "is_end_bone": false
    },
    "index_03_l": {
      "name": "index_03_l",
      "local": {
        "location": {
          "x": 0.0,
          "y": 0.0,
          "z": 0.0
        },
        "rotation_quaternion": {
          "w": 0.9991873502731323,
          "x": 0.039864663034677505,
          "y": 0.005425266455858946,
          "z": 0.0024890222121030092
        },
        "scale": {
          "x": 1.0,
          "y": 1.0,
          "z": 1.0
        },
        "matrix_basis": [
          [
            0.9999287128448486,
            -0.00454144598916173,
            0.011040163226425648,
            0.0
          ],
          [
            0.005406551994383335,
            0.9968092441558838,
            -0.07963752746582031,
            0.0
          ],
          [
            -0.010643267072737217,
            0.07969154417514801,
            0.996762752532959,
            0.0
          ],
          [
            0.0,
            0.0,
            0.0,
            1.0
          ]
        ],
        "rotation_mode": "QUATERNION"
      },
      "armature_space": {
        "head": {
          "x": 0.6071065664291382,
          "y": -0.5132046937942505,
          "z": 0.5306038856506348
        },
        "tail": {
          "x": 0.6246731281280518,
          "y": -0.5362982153892517,
          "z": 0.5340441465377808
        }
      },
      "world_space": {
        "head": {
          "x": 0.6071065664291382,
          "y": -0.44996070861816406,
          "z": 1.4804579019546509
        },
        "tail": {
          "x": 0.6246731281280518,
          "y": -0.4730542302131653,
          "z": 1.4838981628417969
        },
        "rotation_quaternion": {
          "w": 0.1494346261024475,
          "x": 0.9076102375984192,
          "y": 0.28720155358314514,
          "z": -0.2672608196735382
        },
        "matrix": [
          [
            0.6921736598014832,
            0.6012105941772461,
            -0.39930087327957153,
            0.6071065664291382
          ],
          [
            0.4414583742618561,
            -0.7903687357902527,
            -0.4247732162475586,
            -0.44996070861816406
          ],
          [
            -0.5709766745567322,
            0.11774230003356934,
            -0.8124877214431763,
            1.4804579019546509
          ],
          [
            0.0,
            0.0,
            0.0,
            1.0
          ]
        ]
      },
      "bone_length_armature_space": 0.029218662718160666,
      "parent": "index_02_l",
      "has_children": false,
      "is_end_bone": true
    },
    "metacarpal_pinky_l": {
      "name": "metacarpal_pinky_l",
      "local": {
        "location": {
          "x": 0.0,
          "y": 0.0,
          "z": 0.0
        },
        "rotation_quaternion": {
          "w": 0.9995580911636353,
          "x": -0.029366586357355118,
          "y": -0.0026954426430165768,
          "z": -0.0037538642063736916
        },
        "scale": {
          "x": 1.0,
          "y": 1.0,
          "z": 1.0
        },
        "matrix_basis": [
          [
            0.999957263469696,
            0.007662722375243902,
            -0.005168026778846979,
            0.0
          ],
          [
            -0.007346098776906729,
            0.9982470273971558,
            0.0587274543941021,
            0.0
          ],
          [
            0.005608979146927595,
            -0.058686982840299606,
            0.9982606768608093,
            0.0
          ],
          [
            0.0,
            0.0,
            0.0,
            1.0
          ]
        ],
        "rotation_mode": "QUATERNION"
      },
      "armature_space": {
        "head": {
          "x": 0.5524382591247559,
          "y": -0.36177295446395874,
          "z": 0.48720240592956543
        },
        "tail": {
          "x": 0.6279973387718201,
          "y": -0.4313400983810425,
          "z": 0.5043619275093079
        }
      },
      "world_space": {
        "head": {
          "x": 0.5524382591247559,
          "y": -0.2985289692878723,
          "z": 1.4370564222335815
        },
        "tail": {
          "x": 0.6279973387718201,
          "y": -0.36809611320495605,
          "z": 1.4542160034179688
        },
        "rotation_quaternion": {
          "w": 0.4053066670894623,
          "x": 0.11137668043375015,
          "y": -0.04109741374850273,
          "z": -0.9064396023750305
        },
        "matrix": [
          [
            -0.646643340587616,
            0.7256174683570862,
            -0.2352263480424881,
            0.5524382591247559
          ],
          [
            -0.7439268231391907,
            -0.6680749654769897,
            -0.015779145061969757,
            -0.2985289692878723
          ],
          [
            -0.1686001867055893,
            0.16478833556175232,
            0.971819281578064,
            1.4370564222335815
          ],
          [
            0.0,
            0.0,
            0.0,
            1.0
          ]
        ]
      },
      "bone_length_armature_space": 0.10413074105174736,
      "parent": "lowerarm_l",
      "has_children": true,
      "is_end_bone": false
    },
    "pinky_01_l": {
      "name": "pinky_01_l",
      "local": {
        "location": {
          "x": 0.0,
          "y": 0.0,
          "z": 0.0
        },
        "rotation_quaternion": {
          "w": 0.9923443794250488,
          "x": -0.12324190139770508,
          "y": -0.005075288470834494,
          "z": -0.006204300560057163
        },
        "scale": {
          "x": 1.0,
          "y": 1.0,
          "z": 1.0
        },
        "matrix_basis": [
          [
            0.9998714923858643,
            0.013564581982791424,
            -0.008543608710169792,
            0.0
          ],
          [
            -0.011062629520893097,
            0.9695459008216858,
            0.24465979635715485,
            0.0
          ],
          [
            0.0116021279245615,
            -0.24453383684158325,
            0.9695713520050049,
            0.0
          ],
          [
            0.0,
            0.0,
            0.0,
            1.0
          ]
        ],
        "rotation_mode": "QUATERNION"
      },
      "armature_space": {
        "head": {
          "x": 0.6279973387718201,
          "y": -0.4313400983810425,
          "z": 0.5043619275093079
        },
