{
  "metadata": {
    "armature_name": "KIM_caucasian_male",
    "export_time": "2026-01-13T19:11:52.235459",
    "blender_version": "4.4.1",
    "bone_count": 56,
    "end_bone_count": 13,
    "spaces_included": [
      "LOCAL_CHANNELS",
      "ARMATURE_SPACE",
      "WORLD_SPACE"
    ],
    "note": "LOCAL matches Transform panel; replay pose via local.matrix_basis for best fidelity."
  },
  "bones": {
    "Root": {
      "name": "Root",
      "local": {
        "location": {
          "x": 0.0,
          "y": 0.0,
          "z": 0.0
        },
        "rotation_quaternion": {
          "w": 0.9997764825820923,
          "x": -0.002843893365934491,
          "y": 0.009727760218083858,
          "z": 0.01855507679283619
        },
        "scale": {
          "x": 1.0,
          "y": 1.0,
          "z": 1.0
        },
        "matrix_basis": [
          [
            0.999122142791748,
            -0.03715718910098076,
            0.019345633685588837,
            0.0
          ],
          [
            0.03704652935266495,
            0.9992952346801758,
            0.006047514267265797,
            0.0
          ],
          [
            -0.01955670863389969,
            -0.005325516685843468,
            0.9997945427894592,
            0.0
          ],
          [
            0.0,
            0.0,
            0.0,
            1.0
          ]
        ],
        "rotation_mode": "QUATERNION"
      },
      "armature_space": {
        "head": {
          "x": 0.0,
          "y": 0.07072800397872925,
          "z": -0.009595036506652832
        },
        "tail": {
          "x": -0.002652126597240567,
          "y": 0.00010094791650772095,
          "z": 0.00036990363150835037
        }
      },
      "world_space": {
        "head": {
          "x": 0.0,
          "y": 0.13397200405597687,
          "z": 0.9402589797973633
        },
        "tail": {
          "x": -0.002652126597240567,
          "y": 0.06334494799375534,
          "z": 0.9502239227294922
        },
        "rotation_quaternion": {
          "w": 0.07019002735614777,
          "x": 0.9973136186599731,
          "y": -0.017857586964964867,
          "z": 0.01095567923039198
        },
        "matrix": [
          [
            0.999122142791748,
            -0.03715718910098076,
            0.019345633685588837,
            0.0
          ],
          [
            -0.034081265330314636,
            -0.989508867263794,
            -0.1403946876525879,
            0.13397200405597687
          ],
          [
            0.024359486997127533,
            0.13961216807365417,
            -0.9899136424064636,
            0.9402589797973633
          ],
          [
            0.0,
            0.0,
            0.0,
            1.0
          ]
        ]
      },
      "bone_length_armature_space": 0.07137586947405664,
      "parent": null,
      "has_children": true,
      "is_end_bone": false
    },
    "spine_01": {
      "name": "spine_01",
      "local": {
        "location": {
          "x": 0.0,
          "y": 0.0,
          "z": 0.0
        },
        "rotation_quaternion": {
          "w": 0.996097207069397,
          "x": 0.07355455309152603,
          "y": -0.014473834075033665,
          "z": -0.04659103602170944
        },
        "scale": {
          "x": 1.0,
          "y": 1.0,
          "z": 1.0
        },
        "matrix_basis": [
          [
            0.9952395558357239,
            0.09068916738033295,
            -0.03568865731358528,
            0.0
          ],
          [
            -0.09494763612747192,
            0.9848380088806152,
            -0.14518627524375916,
            0.0
          ],
          [
            0.02198072522878647,
            0.14788366854190826,
            0.9887604713439941,
            0.0
          ],
          [
            0.0,
            0.0,
            0.0,
            1.0
          ]
        ],
        "rotation_mode": "QUATERNION"
      },
      "armature_space": {
        "head": {
          "x": -0.002652126597240567,
          "y": 0.00010094791650772095,
          "z": 0.00036990363150835037
        },
        "tail": {
          "x": 0.02818467654287815,
          "y": -0.04805421084165573,
          "z": 0.4850126802921295
        }
      },
      "world_space": {
        "head": {
          "x": -0.002652126597240567,
          "y": 0.06334494799375534,
          "z": 0.9502239227294922
        },
        "tail": {
          "x": 0.02818467654287815,
          "y": 0.015189789235591888,
          "z": 1.4348666667938232
        },
        "rotation_quaternion": {
          "w": 0.6713122129440308,
          "x": 0.7397329807281494,
          "y": 0.0007839417667128146,
          "z": -0.046200718730688095
        },
        "matrix": [
          [
            0.9957297444343567,
            0.06319001317024231,
            -0.06729937344789505,
            -0.002652126597240567
          ],
          [
            -0.06086995080113411,
            -0.098678357899189,
            -0.9932560324668884,
            0.06334494799375534
          ],
          [
            -0.06940539926290512,
            0.9931179285049438,
            -0.0944121852517128,
            0.9502239227294922
          ],
          [
            0.0,
            0.0,
            0.0,
            1.0
          ]
        ]
      },
      "bone_length_armature_space": 0.48800455162972567,
      "parent": "Root",
      "has_children": true,
      "is_end_bone": false
    },
    "neck_01": {
      "name": "neck_01",
      "local": {
        "location": {
          "x": 0.0,
          "y": 0.0,
          "z": 0.0
        },
        "rotation_quaternion": {
          "w": 0.9856820106506348,
          "x": -0.13656620681285858,
          "y": 0.05638428404927254,
          "z": 0.08124995976686478
        },
        "scale": {
          "x": 1.0,
          "y": 1.0,
          "z": 1.0
        },
        "matrix_basis": [
          [
            0.9804385304450989,
            -0.17557361721992493,
            0.08896195143461227,
            0.0
          ],
          [
            0.14477287232875824,
            0.9494962096214294,
            0.27838414907455444,
            0.0
          ],
          [
            -0.13334594666957855,
            -0.26005926728248596,
            0.9563409686088562,
            0.0
          ],
          [
            0.0,
            0.0,
            0.0,
            1.0
          ]
        ],
        "rotation_mode": "QUATERNION"
      },
      "armature_space": {
        "head": {
          "x": 0.030477380380034447,
          "y": -0.08972584456205368,
          "z": 0.5544529557228088
        },
        "tail": {
          "x": 0.018104221671819687,
          "y": -0.11072555929422379,
          "z": 0.6540354490280151
        }
      },
      "world_space": {
        "head": {
          "x": 0.030477380380034447,
          "y": -0.02648184448480606,
          "z": 1.5043070316314697
        },
        "tail": {
          "x": 0.018104221671819687,
          "y": -0.047481559216976166,
          "z": 1.6038894653320312
        },
        "rotation_quaternion": {
          "w": 0.6290979981422424,
          "x": 0.7749416828155518,
          "y": -0.04265261068940163,
          "z": 0.043381139636039734
        },
        "matrix": [
          [
            0.9925976395606995,
            -0.12068860977888107,
            0.013569608330726624,
            0.030477380380034447
          ],
          [
            -0.011525295674800873,
            -0.20483259856700897,
            -0.9787293076515198,
            -0.02648184448480606
          ],
          [
            0.12090181559324265,
            0.9713344573974609,
            -0.2047097533941269,
            1.5043070316314697
          ],
          [
            0.0,
            0.0,
            0.0,
            1.0
          ]
        ]
      },
      "bone_length_armature_space": 0.10252198051470048,
      "parent": "spine_01",
      "has_children": true,
      "is_end_bone": false
    },
    "head": {
      "name": "head",
      "local": {
        "location": {
          "x": 0.0,
          "y": 0.0,
          "z": 0.0
        },
        "rotation_quaternion": {
          "w": 0.9693911075592041,
          "x": -0.042459022253751755,
          "y": 0.08473967760801315,
          "z": -0.2264893352985382
        },
        "scale": {
          "x": 1.0,
          "y": 1.0,
          "z": 1.0
        },
        "matrix_basis": [
          [
            0.8830435276031494,
            0.43191757798194885,
            0.18352481722831726,
            0.0
          ],
          [
            -0.4463094174861908,
            0.8937996029853821,
            0.043933529406785965,
            0.0
          ],
          [
            -0.1450587511062622,
            -0.12070406228303909,
            0.982032835483551,
            0.0
          ],
          [
            0.0,
            0.0,
            0.0,
            1.0
          ]
        ],
        "rotation_mode": "QUATERNION"
      },
      "armature_space": {
        "head": {
          "x": 0.018104232847690582,
          "y": -0.11072568595409393,
          "z": 0.6540353298187256
        },
        "tail": {
          "x": 0.06885382533073425,
          "y": -0.07064920663833618,
          "z": 0.7950021028518677
        }
      },
      "world_space": {
        "head": {
          "x": 0.018104232847690582,
          "y": -0.047481685876846313,
          "z": 1.6038893461227417
        },
        "tail": {
          "x": 0.06885382533073425,
          "y": -0.007405206561088562,
          "z": 1.7448561191558838
        },
        "rotation_quaternion": {
          "w": 0.7769870758056641,
          "x": 0.6027249097824097,
          "y": 0.15966960787773132,
          "z": -0.08671480417251587
        },
        "matrix": [
          [
            0.9339725375175476,
            0.3272262513637543,
            0.14359046518802643,
            0.018104232847690582
          ],
          [
            0.05771907418966293,
            0.2584075331687927,
            -0.9643102288246155,
            -0.047481685876846313
          ],
          [
            -0.3526548743247986,
            0.9089339375495911,
            0.22245892882347107,
            1.6038893461227417
          ],
          [
            0.0,
            0.0,
            0.0,
            1.0
          ]
        ]
      },
      "bone_length_armature_space": 0.15509118924735352,
      "parent": "neck_01",
      "has_children": false,
      "is_end_bone": true
    },
    "upperarm_l": {
      "name": "upperarm_l",
      "local": {
        "location": {
          "x": 0.0,
          "y": 0.0,
          "z": 0.0
        },
        "rotation_quaternion": {
          "w": 0.8590287566184998,
          "x": 0.3911484181880951,
          "y": 0.3262287676334381,
          "z": 0.051454197615385056
        },
        "scale": {
          "x": 1.0,
          "y": 1.0,
          "z": 1.0
        },
        "matrix_basis": [
          [
            0.781854510307312,
            0.16680645942687988,
            0.6007322669029236,
            0.0
          ],
          [
            0.3436090052127838,
            0.6887107491493225,
            -0.6384438276290894,
            0.0
          ],
          [
            -0.520227313041687,
            0.7055871486663818,
            0.4811554253101349,
            0.0
          ],
          [
            0.0,
            0.0,
            0.0,
            1.0
          ]
        ],
        "rotation_mode": "QUATERNION"
      },
      "armature_space": {
        "head": {
          "x": 0.17537535727024078,
          "y": -0.09539201110601425,
          "z": 0.4769958555698395
        },
        "tail": {
          "x": 0.3496771454811096,
          "y": -0.2810905873775482,
          "z": 0.3936730921268463
        }
      },
      "world_space": {
        "head": {
          "x": 0.17537535727024078,
          "y": -0.03214801102876663,
          "z": 1.4268498420715332
        },
        "tail": {
          "x": 0.3496771454811096,
          "y": -0.2178465873003006,
          "z": 1.34352707862854
        },
        "rotation_quaternion": {
          "w": 0.024721674621105194,
          "x": 0.8033897876739502,
          "y": 0.3910193145275116,
          "z": -0.44839441776275635
        },
        "matrix": [
          [
            0.2920914590358734,
            0.6504539251327515,
            -0.7011364698410034,
            0.17537535727024078
          ],
          [
            0.6061118841171265,
            -0.6929842233657837,
            -0.39038658142089844,
            -0.03214801102876663
          ],
          [
            -0.7398093938827515,
            -0.31094127893447876,
            -0.5966670513153076,
            1.4268498420715332
          ],
          [
            0.0,
            0.0,
            0.0,
            1.0
          ]
        ]
      },
      "bone_length_armature_space": 0.2679696890061055,
      "parent": "spine_01",
      "has_children": true,
      "is_end_bone": false
    },
    "lowerarm_l": {
      "name": "lowerarm_l",
      "local": {
        "location": {
          "x": 0.0,
          "y": 0.0,
          "z": 0.0
        },
        "rotation_quaternion": {
          "w": 0.9930083751678467,
          "x": 0.01956912688910961,
          "y": 0.035678695887327194,
          "z": -0.11080871522426605
        },
        "scale": {
          "x": 1.0,
          "y": 1.0,
          "z": 1.0
        },
        "matrix_basis": [
          [
            0.972896933555603,
            0.2214643657207489,
            0.06652162969112396,
            0.0
          ],
          [
            -0.21867156028747559,
            0.9746769666671753,
            -0.04677163437008858,
            0.0
          ],
          [
            -0.07519534975290298,
            0.030957592651247978,
            0.996688187122345,
            0.0
          ],
          [
            0.0,
            0.0,
            0.0,
            1.0
          ]
        ],
        "rotation_mode": "QUATERNION"
      },
      "armature_space": {
        "head": {
          "x": 0.34967711567878723,
          "y": -0.28109073638916016,
          "z": 0.3936731219291687
        },
        "tail": {
          "x": 0.4976852238178253,
          "y": -0.45631536841392517,
          "z": 0.2559793293476105
        }
      },
      "world_space": {
        "head": {
          "x": 0.34967711567878723,
          "y": -0.21784673631191254,
          "z": 1.34352707862854
        },
        "tail": {
          "x": 0.4976852238178253,
          "y": -0.39307135343551636,
          "z": 1.2058333158493042
        },
        "rotation_quaternion": {
          "w": 0.06780807673931122,
          "x": -0.7582405209541321,
          "y": -0.4097665846347809,
          "z": 0.502558171749115
        },
        "matrix": [
          [
            0.15905192494392395,
            0.5532507300376892,
            -0.8176895380020142,
            0.34967711567878723
          ],
          [
            0.6895585656166077,
            -0.6549854278564453,
            -0.3090362846851349,
            -0.21784673631191254
          ],
          [
            -0.7065533995628357,
            -0.5146960616111755,
            -0.48567909002304077,
            1.34352707862854
          ],
          [
            0.0,
            0.0,
            0.0,
            1.0
          ]
        ]
      },
      "bone_length_armature_space": 0.26752504810817274,
      "parent": "upperarm_l",
      "has_children": true,
      "is_end_bone": false
    },
    "metacarpal_thumb_l": {
      "name": "metacarpal_thumb_l",
      "local": {
        "location": {
          "x": 0.0,
          "y": 0.0,
          "z": 0.0
        },
        "rotation_quaternion": {
          "w": 0.998040497303009,
          "x": -0.061913419514894485,
          "y": -0.008826172910630703,
          "z": -0.002001218032091856
        },
        "scale": {
          "x": 1.0,
          "y": 1.0,
          "z": 1.0
        },
        "matrix_basis": [
          [
            0.9998362064361572,
            0.0050875102169811726,
            -0.01736995205283165,
            0.0
          ],
          [
            -0.0029016761109232903,
            0.9923254251480103,
            0.12361952662467957,
            0.0
          ],
          [
            0.017865560948848724,
            -0.12354887276887894,
            0.9921776652336121,
            0.0
          ],
          [
            0.0,
            0.0,
            0.0,
            1.0
          ]
        ],
        "rotation_mode": "QUATERNION"
      },
      "armature_space": {
        "head": {
          "x": 0.4976852238178253,
          "y": -0.45631536841392517,
          "z": 0.2559793293476105
        },
        "tail": {
          "x": 0.49658098816871643,
          "y": -0.4894469976425171,
          "z": 0.2191733419895172
        }
      },
      "world_space": {
        "head": {
          "x": 0.4976852238178253,
          "y": -0.39307135343551636,
          "z": 1.2058333158493042
        },
        "tail": {
          "x": 0.49658098816871643,
          "y": -0.42620301246643066,
          "z": 1.169027328491211
        },
        "rotation_quaternion": {
          "w": 0.40610477328300476,
          "x": -0.9129947423934937,
          "y": 0.025373175740242004,
          "z": -0.029596365988254547
        },
        "matrix": [
          [
            0.9969606995582581,
            -0.022292867302894592,
            0.07465096563100815,
            0.4976852238178253
          ],
          [
            -0.07036951184272766,
            -0.6688706874847412,
            0.7400407195091248,
            -0.39307135343551636
          ],
          [
            0.03343451768159866,
            -0.7430500388145447,
            -0.6684103012084961,
            1.2058333158493042
          ],
          [
            0.0,
            0.0,
            0.0,
            1.0
          ]
        ]
      },
      "bone_length_armature_space": 0.049533876773241704,
      "parent": "lowerarm_l",
      "has_children": true,
      "is_end_bone": false
    },
    "thumb_01_l": {
      "name": "thumb_01_l",
      "local": {
        "location": {
          "x": 0.0,
          "y": 0.0,
          "z": 0.0
        },
        "rotation_quaternion": {
          "w": 0.998272180557251,
          "x": 0.05698827654123306,
          "y": 0.011628451757133007,
          "z": -0.008360183797776699
        },
        "scale": {
          "x": 1.0,
          "y": 1.0,
          "z": 1.0
        },
        "matrix_basis": [
          [
            0.9995898008346558,
            0.01801684871315956,
            0.02226385474205017,
            0.0
          ],
          [
            -0.01536610722541809,
            0.9933648705482483,
            -0.11397405713796616,
            0.0
          ],
          [
            -0.02416958473622799,
            0.11358518898487091,
            0.9932342171669006,
            0.0
          ],
          [
            0.0,
            0.0,
            0.0,
            1.0
          ]
        ],
        "rotation_mode": "QUATERNION"
      },
      "armature_space": {
        "head": {
          "x": 0.49658098816871643,
          "y": -0.4894469976425171,
          "z": 0.2191733419895172
        },
        "tail": {
          "x": 0.4976748824119568,
          "y": -0.48638203740119934,
          "z": 0.18529045581817627
        }
      },
      "world_space": {
        "head": {
          "x": 0.49658098816871643,
          "y": -0.42620301246643066,
          "z": 1.169027328491211
        },
        "tail": {
          "x": 0.4976748824119568,
          "y": -0.4231380224227905,
          "z": 1.1351444721221924
        },
        "rotation_quaternion": {
          "w": 0.5050589442253113,
          "x": -0.44534051418304443,
          "y": 0.5384581685066223,
          "z": -0.5066065192222595
        },
        "matrix": [
          [
            -0.09317357838153839,
            0.03213680535554886,
            0.9951313734054565,
            0.49658098816871643
          ],
          [
            -0.9913268685340881,
            0.0900433361530304,
            -0.09572510421276093,
            -0.42620301246643066
          ],
          [
            -0.09268263727426529,
            -0.9954259395599365,
            0.023468591272830963,
            1.169027328491211
          ],
          [
            0.0,
            0.0,
            0.0,
            1.0
          ]
        ]
      },
      "bone_length_armature_space": 0.034038809302520845,
      "parent": "metacarpal_thumb_l",
      "has_children": true,
      "is_end_bone": false
    },
    "thumb_02_l": {
      "name": "thumb_02_l",
      "local": {
        "location": {
          "x": 0.0,
          "y": 0.0,
          "z": 0.0
        },
        "rotation_quaternion": {
          "w": 0.9919361472129822,
          "x": 0.126553013920784,
          "y": -0.0003084764175582677,
          "z": -0.006863061338663101
        },
        "scale": {
          "x": 1.0,
          "y": 1.0,
          "z": 1.0
        },
        "matrix_basis": [
          [
            0.9999055862426758,
            0.013537360355257988,
            -0.0023490600287914276,
            0.0
          ],
          [
            -0.01369351428002119,
            0.9678744673728943,
            -0.2510607838630676,
            0.0
          ],
          [
            -0.0011251043761149049,
            0.25106924772262573,
            0.9679684638977051,
            0.0
          ],
          [
            0.0,
            0.0,
            0.0,
            1.0
          ]
        ],
        "rotation_mode": "QUATERNION"
      },
      "armature_space": {
        "head": {
          "x": 0.497674822807312,
          "y": -0.48638200759887695,
          "z": 0.18529048562049866
        },
        "tail": {
          "x": 0.5225586891174316,
          "y": -0.515489935874939,
          "z": 0.1731783151626587
        }
      },
      "world_space": {
        "head": {
          "x": 0.497674822807312,
          "y": -0.4231380224227905,
          "z": 1.1351444721221924
        },
        "tail": {
          "x": 0.5225586891174316,
          "y": -0.45224595069885254,
          "z": 1.1230323314666748
        },
        "rotation_quaternion": {
          "w": 0.34397006034851074,
          "x": -0.06394276022911072,
          "y": 0.13901421427726746,
          "z": -0.9264291524887085
        },
        "matrix": [
          [
            -0.7551918029785156,
            0.6195500493049622,
            0.21411104500293732,
            0.497674822807312
          ],
          [
            -0.6551061272621155,
            -0.7247192859649658,
            -0.21358397603034973,
            -0.4231380224227905
          ],
          [
            0.022843975573778152,
            -0.3015648126602173,
            0.953179121017456,
            1.1351444721221924
          ],
          [
            0.0,
            0.0,
            0.0,
            1.0
          ]
        ]
      },
      "bone_length_armature_space": 0.04016444879541613,
      "parent": "thumb_01_l",
      "has_children": true,
      "is_end_bone": false
    },
    "thumb_03_l": {
      "name": "thumb_03_l",
      "local": {
        "location": {
          "x": 0.0,
          "y": 0.0,
          "z": 0.0
        },
        "rotation_quaternion": {
          "w": 0.997363269329071,
          "x": 0.07248444110155106,
          "y": 0.0016979649662971497,
          "z": -0.0031058741733431816
        },
        "scale": {
          "x": 1.0,
          "y": 1.0,
          "z": 1.0
        },
        "matrix_basis": [
          [
            0.9999749660491943,
            0.0064415219239890575,
            0.0029367206152528524,
            0.0
          ],
          [
            -0.005949217360466719,
            0.9894727468490601,
            -0.14459718763828278,
            0.0
          ],
          [
            -0.003837230848148465,
            0.1445760875940323,
            0.9894862174987793,
            0.0
          ],
          [
            0.0,
            0.0,
            0.0,
            1.0
          ]
        ],
        "rotation_mode": "QUATERNION"
      },
      "armature_space": {
        "head": {
          "x": 0.5225586295127869,
          "y": -0.515489935874939,
          "z": 0.1731782704591751
        },
        "tail": {
          "x": 0.5446087121963501,
          "y": -0.5362604856491089,
          "z": 0.17622311413288116
        }
      },
      "world_space": {
        "head": {
          "x": 0.5225586295127869,
          "y": -0.45224595069885254,
          "z": 1.1230323314666748
        },
        "tail": {
          "x": 0.5446087121963501,
          "y": -0.47301650047302246,
          "z": 1.1260771751403809
        },
        "rotation_quaternion": {
          "w": 0.3973587155342102,
          "x": 0.19674544036388397,
          "y": 0.031450338661670685,
          "z": -0.8957724571228027
        },
        "matrix": [
          [
            -0.6067947149276733,
            0.7242618799209595,
            -0.3274833858013153,
            0.5225586295127869
          ],
          [
            -0.6995108127593994,
            -0.6822335124015808,
            -0.21270227432250977,
            -0.45224595069885254
          ],
          [
            -0.377475380897522,
            0.10001173615455627,
            0.9206104874610901,
            1.1230323314666748
          ],
          [
            0.0,
            0.0,
            0.0,
            1.0
          ]
        ]
      },
      "bone_length_armature_space": 0.03044491684362961,
      "parent": "thumb_02_l",
      "has_children": false,
      "is_end_bone": true
    },
    "metacarpal_index_l": {
      "name": "metacarpal_index_l",
      "local": {
        "location": {
          "x": 0.0,
          "y": 0.0,
          "z": 0.0
        },
        "rotation_quaternion": {
          "w": 0.999396562576294,
          "x": -0.0345708504319191,
          "y": -0.002366975648328662,
          "z": -0.002444490324705839
        },
        "scale": {
          "x": 1.0,
          "y": 1.0,
          "z": 1.0
        },
        "matrix_basis": [
          [
            0.9999768733978271,
            0.005049687344580889,
            -0.004562078509479761,
            0.0
          ],
          [
            -0.0047223735600709915,
            0.9975977540016174,
            0.06911154836416245,
            0.0
          ],
          [
            0.004900110885500908,
            -0.0690884068608284,
            0.9975985288619995,
            0.0
          ],
          [
            0.0,
            0.0,
            0.0,
            1.0
          ]
        ],
        "rotation_mode": "QUATERNION"
      },
      "armature_space": {
        "head": {
          "x": 0.4976852238178253,
          "y": -0.45631536841392517,
          "z": 0.2559793293476105
        },
        "tail": {
          "x": 0.5349960327148438,
          "y": -0.5400944948196411,
          "z": 0.1830528974533081
        }
      },
      "world_space": {
        "head": {
          "x": 0.4976852238178253,
          "y": -0.39307135343551636,
          "z": 1.2058333158493042
        },
        "tail": {
          "x": 0.5349960327148438,
          "y": -0.4768505096435547,
          "z": 1.1329069137573242
        },
        "rotation_quaternion": {
          "w": 0.3025202453136444,
          "x": -0.9129414558410645,
          "y": -0.2257786989212036,
          "z": 0.15505924820899963
        },
        "matrix": [
          [
            0.8499609231948853,
            0.318428635597229,
            -0.41972583532333374,
            0.4976852238178253
          ],
          [
            0.5060633420944214,
            -0.7150112390518188,
            0.4823475778102875,
            -0.39307135343551636
          ],
          [
            -0.1465158760547638,
            -0.6223892569541931,
            -0.7688814401626587,
            1.2058333158493042
          ],
          [
            0.0,
            0.0,
            0.0,
            1.0
          ]
        ]
      },
      "bone_length_armature_space": 0.11717210807648666,
      "parent": "lowerarm_l",
      "has_children": true,
      "is_end_bone": false
    },
    "index_01_l": {
      "name": "index_01_l",
      "local": {
        "location": {
          "x": 0.0,
          "y": 0.0,
          "z": 0.0
        },
        "rotation_quaternion": {
          "w": 0.9964632987976074,
          "x": -0.0833345577120781,
          "y": -0.0030751563608646393,
          "z": 0.010336252860724926
        },
        "scale": {
          "x": 1.0,
          "y": 1.0,
          "z": 1.0
        },
        "matrix_basis": [
          [
            0.9997674226760864,
            -0.02008686028420925,
            -0.007851295173168182,
            0.0
          ],
          [
            0.021111926063895226,
            0.9858970046043396,
            0.166016086935997,
            0.0
          ],
          [
            0.004405826795846224,
            -0.16614322364330292,
            0.9860917925834656,
            0.0
          ],
          [
            0.0,
            0.0,
            0.0,
            1.0
          ]
        ],
        "rotation_mode": "QUATERNION"
      },
      "armature_space": {
        "head": {
          "x": 0.5349960327148438,
          "y": -0.5400944948196411,
          "z": 0.1830528974533081
        },
        "tail": {
          "x": 0.5542734861373901,
          "y": -0.5580891370773315,
          "z": 0.17220646142959595
        }
      },
      "world_space": {
        "head": {
          "x": 0.5349960327148438,
          "y": -0.4768505096435547,
          "z": 1.1329069137573242
        },
        "tail": {
          "x": 0.5542734861373901,
          "y": -0.4948451519012451,
          "z": 1.1220605373382568
        },
        "rotation_quaternion": {
          "w": 0.19307458400726318,
          "x": -0.902104914188385,
          "y": -0.3836483955383301,
          "z": 0.0417499840259552
        },
        "matrix": [
          [
            0.7021414637565613,
            0.6760603785514832,
            -0.22347229719161987,
            0.5349960327148438
          ],
          [
            0.7083046436309814,
            -0.6310722231864929,
            0.3163113296031952,
            -0.4768505096435547
          ],
          [
            0.07281961292028427,
            -0.38038480281829834,
            -0.9219645857810974,
            1.1329069137573242
          ],
          [
            0.0,
            0.0,
            0.0,
            1.0
          ]
        ]
      },
      "bone_length_armature_space": 0.02851442674795753,
      "parent": "metacarpal_index_l",
      "has_children": true,
      "is_end_bone": false
    },
    "index_02_l": {
      "name": "index_02_l",
      "local": {
        "location": {
          "x": 0.0,
          "y": 0.0,
          "z": 0.0
        },
        "rotation_quaternion": {
          "w": 0.9822483062744141,
          "x": 0.18721319735050201,
          "y": 0.011715185828506947,
          "z": 0.0014849185245111585
        },
        "scale": {
          "x": 1.0,
          "y": 1.0,
          "z": 1.0
        },
        "matrix_basis": [
          [
            0.999721109867096,
            0.001469357404857874,
            0.023570435121655464,
            0.0
          ],
          [
            0.007303592283278704,
            0.9298980236053467,
            -0.36774489283561707,
            0.0
          ],
          [
            -0.022458450868725777,
            0.36781448125839233,
            0.9296279549598694,
            0.0
          ],
          [
            0.0,
            0.0,
            0.0,
            1.0
          ]
        ],
        "rotation_mode": "QUATERNION"
      },
      "armature_space": {
        "head": {
          "x": 0.5542734861373901,
          "y": -0.5580894351005554,
          "z": 0.17220599949359894
        },
        "tail": {
          "x": 0.5688140988349915,
          "y": -0.5705092549324036,
          "z": 0.15510591864585876
        }
      },
      "world_space": {
        "head": {
          "x": 0.5542734861373901,
          "y": -0.494845449924469,
          "z": 1.1220600605010986
        },
        "tail": {
          "x": 0.5688140988349915,
          "y": -0.5072652697563171,
          "z": 1.1049599647521973
        },
        "rotation_quaternion": {
          "w": 0.3347189128398895,
          "x": -0.8522036075592041,
          "y": -0.381958931684494,
          "z": 0.1257765144109726
        },
        "matrix": [
          [
            0.6765742897987366,
            0.5668141841888428,
            -0.470073401927948,
            0.5542734861373901
          ],
          [
            0.7352144718170166,
            -0.48414096236228943,
            0.47441285848617554,
            -0.494845449924469
          ],
          [
            0.041323162615299225,
            -0.6665850877761841,
            -0.7442920207977295,
            1.1220600605010986
          ],
          [
            0.0,
            0.0,
            0.0,
            1.0
          ]
        ]
      },
      "bone_length_armature_space": 0.02565334503945988,
      "parent": "index_01_l",
      "has_children": true,
      "is_end_bone": false
    },
    "index_03_l": {
      "name": "index_03_l",
      "local": {
        "location": {
          "x": 0.0,
          "y": 0.0,
          "z": 0.0
        },
        "rotation_quaternion": {
          "w": 0.9781177043914795,
          "x": 0.20798420906066895,
          "y": 0.002042313339188695,
          "z": -0.004932643845677376
        },
        "scale": {
          "x": 1.0,
          "y": 1.0,
          "z": 1.0
        },
        "matrix_basis": [
          [
            0.9999430179595947,
            0.010498950257897377,
            0.0019434216665104032,
            0.0
          ],
          [
            -0.008799875155091286,
            0.9134364724159241,
            -0.4068862199783325,
            0.0
          ],
          [
            -0.006047069560736418,
            0.40684592723846436,
            0.913476824760437,
            0.0
          ],
          [
            0.0,
            0.0,
            0.0,
            1.0
          ]
        ],
        "rotation_mode": "QUATERNION"
      },
      "armature_space": {
        "head": {
          "x": 0.5688141584396362,
          "y": -0.5705093145370483,
          "z": 0.15510602295398712
        },
        "tail": {
          "x": 0.5789104700088501,
          "y": -0.5734752416610718,
          "z": 0.127847820520401
        }
      },
      "world_space": {
        "head": {
          "x": 0.5688141584396362,
          "y": -0.5072653293609619,
          "z": 1.1049600839614868
        },
        "tail": {
          "x": 0.5789104700088501,
          "y": -0.5102312564849854,
          "z": 1.0777018070220947
        },
        "rotation_quaternion": {
          "w": 0.5556854009628296,
          "x": -0.7210965156555176,
          "y": -0.3747796416282654,
          "z": 0.17542481422424316
        },
        "matrix": [
          [
            0.6575312614440918,
            0.3455425500869751,
            -0.6695169806480408,
            0.5688141584396362
          ],
          [
            0.7354682683944702,
            -0.10150742530822754,
            0.6699126958847046,
            -0.5072653293609619
          ],
          [
            0.16352425515651703,
            -0.9329033493995667,
            -0.3208816647529602,
            1.1049600839614868
          ],
          [
            0.0,
            0.0,
            0.0,
            1.0
          ]
        ]
      },
      "bone_length_armature_space": 0.029218861091033322,
      "parent": "index_02_l",
      "has_children": false,
      "is_end_bone": true
    },
    "metacarpal_pinky_l": {
      "name": "metacarpal_pinky_l",
      "local": {
        "location": {
          "x": 0.0,
          "y": 0.0,
          "z": 0.0
        },
        "rotation_quaternion": {
          "w": 0.9978938102722168,
          "x": -0.05917570739984512,
          "y": -0.02324298955500126,
          "z": 0.01288548018783331
        },
        "scale": {
          "x": 1.0,
          "y": 1.0,
          "z": 1.0
        },
        "matrix_basis": [
          [
            0.998587429523468,
            -0.022965840995311737,
            -0.0479130856692791,
            0.0
          ],
          [
            0.02846752293407917,
            0.9926643967628479,
            0.11750315129756927,
            0.0
          ],
          [
            0.044863056391477585,
            -0.11870113760232925,
            0.9919160008430481,
            0.0
          ],
          [
            0.0,
            0.0,
            0.0,
            1.0
          ]
        ],
        "rotation_mode": "QUATERNION"
      },
      "armature_space": {
        "head": {
          "x": 0.4976852238178253,
          "y": -0.45631536841392517,
          "z": 0.2559793293476105
        },
        "tail": {
          "x": 0.5831072330474854,
          "y": -0.5001667737960815,
          "z": 0.21568819880485535
        }
      },
      "world_space": {
        "head": {
          "x": 0.4976852238178253,
          "y": -0.39307135343551636,
          "z": 1.2058333158493042
        },
        "tail": {
          "x": 0.5831072330474854,
          "y": -0.4369227886199951,
          "z": 1.1655422449111938
        },
        "rotation_quaternion": {
          "w": 0.3694925308227539,
          "x": 0.3071804344654083,
          "y": 0.3910446763038635,
          "z": -0.7849836945533752
        },
        "matrix": [
          [
            -0.5382307767868042,
            0.8203341960906982,
            -0.19328609108924866,
            0.4976852238178253
          ],
          [
            -0.33985093235969543,
            -0.4211183786392212,
            -0.8409286141395569,
            -0.39307135343551636
          ],
          [
            -0.7712444067001343,
            -0.3869282007217407,
            0.5054527521133423,
            1.2058333158493042
          ],
          [
            0.0,
            0.0,
            0.0,
            1.0
          ]
        ]
      },
      "bone_length_armature_space": 0.1041308828944323,
      "parent": "lowerarm_l",
      "has_children": true,
      "is_end_bone": false
    },
    "pinky_01_l": {
      "name": "pinky_01_l",
      "local": {
        "location": {
          "x": 0.0,
          "y": 0.0,
          "z": 0.0
        },
        "rotation_quaternion": {
          "w": 0.9987061619758606,
          "x": 0.04146796464920044,
          "y": 0.025731004774570465,
          "z": 0.014293916523456573
        },
        "scale": {
          "x": 1.0,
          "y": 1.0,
          "z": 1.0
        },
        "matrix_basis": [
          [
            0.9982671737670898,
            -0.026416819542646408,
            0.052580904215574265,
            0.0
          ],
          [
            0.03068486973643303,
            0.9961521625518799,
            -0.08209303021430969,
            0.0
          ],
          [
            -0.05020994693040848,
            0.08356421440839767,
            0.9952366352081299,
            0.0
          ],
          [
            0.0,
            0.0,
            0.0,
            1.0
          ]
        ],
        "rotation_mode": "QUATERNION"
      },
      "armature_space": {
        "head": {
          "x": 0.5831072330474854,
          "y": -0.5001667737960815,
          "z": 0.21568819880485535
        },
        "tail": {
