{
  "metadata": {
    "armature_name": "KIM_caucasian_male",
    "export_time": "2026-01-13T20:55:17.108596",
    "blender_version": "4.4.1",
    "bone_count": 56,
    "end_bone_count": 13,
    "spaces_included": [
      "LOCAL_CHANNELS",
      "ARMATURE_SPACE",
      "WORLD_SPACE"
    ],
    "note": "LOCAL matches Transform panel; replay pose via local.matrix_basis for best fidelity."
  },
  "bones": {
    "Root": {
      "name": "Root",
      "local": {
        "location": {
          "x": 0.0,
          "y": 0.0,
          "z": 0.0
        },
        "rotation_quaternion": {
          "w": 0.9995300769805908,
          "x": 0.0003314357018098235,
          "y": -0.011306432075798512,
          "z": -0.028492750599980354
        },
        "scale": {
          "x": 1.0,
          "y": 1.0,
          "z": 1.0
        },
        "matrix_basis": [
          [
            0.9981206655502319,
            0.05695122852921486,
            -0.022621124982833862,
            0.0
          ],
          [
            -0.05696621537208557,
            0.9983761310577393,
            -1.825720573833678e-05,
            0.0
          ],
          [
            0.02258335053920746,
            0.0013068625703454018,
            0.9997441172599792,
            0.0
          ],
          [
            0.0,
            0.0,
            0.0,
            1.0
          ]
        ],
        "rotation_mode": "QUATERNION"
      },
      "armature_space": {
        "head": {
          "x": 0.0,
          "y": 0.07072800397872925,
          "z": -0.009595036506652832
        },
        "tail": {
          "x": 0.004064943641424179,
          "y": 0.00010231882333755493,
          "z": -0.0001080147922039032
        }
      },
      "world_space": {
        "head": {
          "x": 0.0,
          "y": 0.13397200405597687,
          "z": 0.9402589797973633
        },
        "tail": {
          "x": 0.004064943641424179,
          "y": 0.06334631890058517,
          "z": 0.9497460126876831
        },
        "rotation_quaternion": {
          "w": 0.06700531393289566,
          "x": 0.9972816109657288,
          "y": 0.027666334062814713,
          "z": -0.013200243934988976
        },
        "matrix": [
          [
            0.9981206655502319,
            0.05695122852921486,
            -0.022621124982833862,
            0.0
          ],
          [
            0.0534132681787014,
            -0.9894896745681763,
            -0.13437721133232117,
            0.13397200405597687
          ],
          [
            -0.030036475509405136,
            0.1329163759946823,
            -0.9906790852546692,
            0.9402589797973633
          ],
          [
            0.0,
            0.0,
            0.0,
            1.0
          ]
        ]
      },
      "bone_length_armature_space": 0.07137586827627784,
      "parent": null,
      "has_children": true,
      "is_end_bone": false
    },
    "spine_01": {
      "name": "spine_01",
      "local": {
        "location": {
          "x": 0.0,
          "y": 0.0,
          "z": 0.0
        },
        "rotation_quaternion": {
          "w": 0.999455451965332,
          "x": 0.022340945899486542,
          "y": -0.019270438700914383,
          "z": -0.01477526593953371
        },
        "scale": {
          "x": 1.0,
          "y": 1.0,
          "z": 1.0
        },
        "matrix_basis": [
          [
            0.9988206624984741,
            0.028673401102423668,
            -0.039180077612400055,
            0.0
          ],
          [
            -0.03039547987282276,
            0.998565137386322,
            -0.04408811032772064,
            0.0
          ],
          [
            0.037859704345464706,
            0.045227013528347015,
            0.9982590675354004,
            0.0
          ],
          [
            0.0,
            0.0,
            0.0,
            1.0
          ]
        ],
        "rotation_mode": "QUATERNION"
      },
      "armature_space": {
        "head": {
          "x": 0.004064943641424179,
          "y": 0.00010231882333755493,
          "z": -0.0001080147922039032
        },
        "tail": {
          "x": 0.03266138210892677,
          "y": 0.00164611148647964,
          "z": 0.48705562949180603
        }
      },
      "world_space": {
        "head": {
          "x": 0.004064943641424179,
          "y": 0.06334631890058517,
          "z": 0.9497460126876831
        },
        "tail": {
          "x": 0.03266138210892677,
          "y": 0.06489010900259018,
          "z": 1.4369096755981445
        },
        "rotation_quaternion": {
          "w": 0.7077551484107971,
          "x": 0.7058130502700806,
          "y": 0.0257727038115263,
          "z": -0.01569589041173458
        },
        "matrix": [
          [
            0.9981787800788879,
            0.05859911069273949,
            0.014324408024549484,
            0.004064943641424179
          ],
          [
            0.014163307845592499,
            0.0031635016202926636,
            -0.9998947978019714,
            0.06334631890058517
          ],
          [
            -0.058638643473386765,
            0.9982836246490479,
            0.0023268647491931915,
            0.9497460126876831
          ],
          [
            0.0,
            0.0,
            0.0,
            1.0
          ]
        ]
      },
      "bone_length_armature_space": 0.4880046615857585,
      "parent": "Root",
      "has_children": true,
      "is_end_bone": false
    },
    "neck_01": {
      "name": "neck_01",
      "local": {
        "location": {
          "x": 0.0,
          "y": 0.0,
          "z": 0.0
        },
        "rotation_quaternion": {
          "w": 0.988024890422821,
          "x": -0.10865645110607147,
          "y": 0.01110729482024908,
          "z": 0.10898260772228241
        },
        "scale": {
          "x": 1.0,
          "y": 1.0,
          "z": 1.0
        },
        "matrix_basis": [
          [
            0.9759988188743591,
            -0.2177688181400299,
            -0.0017347593093290925,
            0.0
          ],
          [
            0.21294130384922028,
            0.9526331424713135,
            0.21713155508041382,
            0.0
          ],
          [
            -0.04563189297914505,
            -0.21228955686092377,
            0.9761407971382141,
            0.0
          ],
          [
            0.0,
            0.0,
            0.0,
            1.0
          ]
        ],
        "rotation_mode": "QUATERNION"
      },
      "armature_space": {
        "head": {
          "x": 0.0374486967921257,
          "y": -0.03279905393719673,
          "z": 0.5602291226387024
        },
        "tail": {
          "x": 0.021223288029432297,
          "y": -0.04973559454083443,
          "z": 0.6600321531295776
        }
      },
      "world_space": {
        "head": {
          "x": 0.0374486967921257,
          "y": 0.030444946140050888,
          "z": 1.5100831985473633
        },
        "tail": {
          "x": 0.021223288029432297,
          "y": 0.013508405536413193,
          "z": 1.6098861694335938
        },
        "rotation_quaternion": {
          "w": 0.643234372138977,
          "x": 0.7615431547164917,
          "y": -0.06040956452488899,
          "z": 0.05150119215250015
        },
        "matrix": [
          [
            0.9873965978622437,
            -0.15826372802257538,
            0.0007247570902109146,
            0.0374486967921257
          ],
          [
            -0.025755252689123154,
            -0.1652001440525055,
            -0.9859238862991333,
            0.030444946140050888
          ],
          [
            0.1561567783355713,
            0.9734857678413391,
            -0.16719630360603333,
            1.5100831985473633
          ],
          [
            0.0,
            0.0,
            0.0,
            1.0
          ]
        ]
      },
      "bone_length_armature_space": 0.10252197412742428,
      "parent": "spine_01",
      "has_children": true,
      "is_end_bone": false
    },
    "head": {
      "name": "head",
      "local": {
        "location": {
          "x": 0.0,
          "y": 0.0,
          "z": 0.0
        },
        "rotation_quaternion": {
          "w": 0.9749100804328918,
          "x": -0.15182043612003326,
          "y": 0.07928968966007233,
          "z": -0.14217671751976013
        },
        "scale": {
          "x": 1.0,
          "y": 1.0,
          "z": 1.0
        },
        "matrix_basis": [
          [
            0.946997880935669,
            0.25314342975616455,
            0.19777129590511322,
            0.0
          ],
          [
            -0.30129462480545044,
            0.9134726524353027,
            0.273476243019104,
            0.0
          ],
          [
            -0.11142997443675995,
            -0.3185688555240631,
            0.9413273930549622,
            0.0
          ],
          [
            0.0,
            0.0,
            0.0,
            1.0
          ]
        ],
        "rotation_mode": "QUATERNION"
      },
      "armature_space": {
        "head": {
          "x": 0.021223299205303192,
          "y": -0.04973573237657547,
          "z": 0.6600320935249329
        },
        "tail": {
          "x": 0.04188802093267441,
          "y": 0.026180244982242584,
          "z": 0.7936845421791077
        }
      },
      "world_space": {
        "head": {
          "x": 0.021223299205303192,
          "y": 0.01350826770067215,
          "z": 1.6098861694335938
        },
        "tail": {
          "x": 0.04188802093267441,
          "y": 0.0894242450594902,
          "z": 1.7435386180877686
        },
        "rotation_quaternion": {
          "w": 0.8595901727676392,
          "x": 0.5041701197624207,
          "y": 0.07649999856948853,
          "z": -0.03263485059142113
        },
        "matrix": [
          [
            0.9861655235290527,
            0.13324324786663055,
            0.0986095517873764,
            0.021223299205303192
          ],
          [
            0.021032102406024933,
            0.4894956052303314,
            -0.8717523217201233,
            0.01350826770067215
          ],
          [
            -0.16442519426345825,
            0.8617724180221558,
            0.4799237847328186,
            1.6098861694335938
          ],
          [
            0.0,
            0.0,
            0.0,
            1.0
          ]
        ]
      },
      "bone_length_armature_space": 0.1550910819079433,
      "parent": "neck_01",
      "has_children": false,
      "is_end_bone": true
    },
    "upperarm_l": {
      "name": "upperarm_l",
      "local": {
        "location": {
          "x": 0.0,
          "y": 0.0,
          "z": 0.0
        },
        "rotation_quaternion": {
          "w": 0.8259135484695435,
          "x": 0.017909560352563858,
          "y": 0.5584468245506287,
          "z": 0.0753868967294693
        },
        "scale": {
          "x": 1.0,
          "y": 1.0,
          "z": 1.0
        },
        "matrix_basis": [
          [
            0.3649079203605652,
            -0.10452304780483246,
            0.925157904624939,
            0.0
          ],
          [
            0.14452919363975525,
            0.9879921078681946,
            0.054615650326013565,
            0.0
          ],
          [
            -0.9197573065757751,
            0.11378264427185059,
            0.37563279271125793,
            0.0
          ],
          [
            0.0,
            0.0,
            0.0,
            1.0
          ]
        ],
        "rotation_mode": "QUATERNION"
      },
      "armature_space": {
        "head": {
          "x": 0.18328289687633514,
          "y": -0.034075964242219925,
          "z": 0.484348326921463
        },
        "tail": {
          "x": 0.45065397024154663,
          "y": -0.05099783465266228,
          "z": 0.49017661809921265
        }
      },
      "world_space": {
        "head": {
          "x": 0.18328289687633514,
          "y": 0.029168035835027695,
          "z": 1.4342023134231567
        },
        "tail": {
          "x": 0.45065397024154663,
          "y": 0.012246165424585342,
          "z": 1.440030574798584
        },
        "rotation_quaternion": {
          "w": 0.13044977188110352,
          "x": 0.7185842394828796,
          "y": 0.6718692183494568,
          "z": -0.12333507835865021
        },
        "matrix": [
          [
            0.06676031649112701,
            0.9977670907974243,
            -0.0019610971212387085,
            0.18328289687633514
          ],
          [
            0.9334110617637634,
            -0.06314851343631744,
            -0.3532088100910187,
            0.029168035835027695
          ],
          [
            -0.3525455594062805,
            0.021749872714281082,
            -0.9355493783950806,
            1.4342023134231567
          ],
          [
            0.0,
            0.0,
            0.0,
            1.0
          ]
        ]
      },
      "bone_length_armature_space": 0.26796940848335044,
      "parent": "spine_01",
      "has_children": true,
      "is_end_bone": false
    },
    "lowerarm_l": {
      "name": "lowerarm_l",
      "local": {
        "location": {
          "x": 0.0,
          "y": 0.0,
          "z": 0.0
        },
        "rotation_quaternion": {
          "w": 0.9541599750518799,
          "x": 0.09074046462774277,
          "y": -0.0021203309297561646,
          "z": -0.2852025628089905
        },
        "scale": {
          "x": 1.0,
          "y": 1.0,
          "z": 1.0
        },
        "matrix_basis": [
          [
            0.8373100161552429,
            0.5438729524612427,
            -0.05580509454011917,
            0.0
          ],
          [
            -0.5446425676345825,
            0.8208513259887695,
            -0.17195239663124084,
            0.0
          ],
          [
            -0.04771255701780319,
            0.17437128722667694,
            0.9835233688354492,
            0.0
          ],
          [
            0.0,
            0.0,
            0.0,
            1.0
          ]
        ],
        "rotation_mode": "QUATERNION"
      },
      "armature_space": {
        "head": {
          "x": 0.4506540894508362,
          "y": -0.05099797248840332,
          "z": 0.49017661809921265
        },
        "tail": {
          "x": 0.6777487397193909,
          "y": 0.016281649470329285,
          "z": 0.3657941222190857
        }
      },
      "world_space": {
        "head": {
          "x": 0.4506540894508362,
          "y": 0.0122460275888443,
          "z": 1.440030574798584
        },
        "tail": {
          "x": 0.6777487397193909,
          "y": 0.0795256495475769,
          "z": 1.315648078918457
        },
        "rotation_quaternion": {
          "w": 0.0061795408837497234,
          "x": 0.5342434644699097,
          "y": 0.7910165786743164,
          "z": -0.29805806279182434
        },
        "matrix": [
          [
            -0.429090291261673,
            0.8488742709159851,
            -0.3086966276168823,
            0.4506540894508362
          ],
          [
            0.8415082693099976,
            0.2514895796775818,
            -0.47813934087753296,
            0.0122460275888443
          ],
          [
            -0.32824772596359253,
            -0.46493878960609436,
            -0.8222526907920837,
            1.440030574798584
          ],
          [
            0.0,
            0.0,
            0.0,
            1.0
          ]
        ]
      },
      "bone_length_armature_space": 0.2675248261781547,
      "parent": "upperarm_l",
      "has_children": true,
      "is_end_bone": false
    },
    "metacarpal_thumb_l": {
      "name": "metacarpal_thumb_l",
      "local": {
        "location": {
          "x": 0.0,
          "y": 0.0,
          "z": 0.0
        },
        "rotation_quaternion": {
          "w": 0.9984883666038513,
          "x": -0.053778525441884995,
          "y": -0.0017160482238978148,
          "z": 0.011226045899093151
        },
        "scale": {
          "x": 1.0,
          "y": 1.0,
          "z": 1.0
        },
        "matrix_basis": [
          [
            0.9997420907020569,
            -0.02223357930779457,
            -0.004634348675608635,
            0.0
          ],
          [
            0.02260272577404976,
            0.9939637184143066,
            0.10735593736171722,
            0.0
          ],
          [
            0.0022194678895175457,
            -0.10743299126625061,
            0.9942098259925842,
            0.0
          ],
          [
            0.0,
            0.0,
            0.0,
            1.0
          ]
        ],
        "rotation_mode": "QUATERNION"
      },
      "armature_space": {
        "head": {
          "x": 0.6777487397193909,
          "y": 0.016281649470329285,
          "z": 0.3657941222190857
        },
        "tail": {
          "x": 0.7001067399978638,
          "y": 0.01483150478452444,
          "z": 0.32161688804626465
        }
      },
      "world_space": {
        "head": {
          "x": 0.6777487397193909,
          "y": 0.0795256495475769,
          "z": 1.315648078918457
        },
        "tail": {
          "x": 0.7001067399978638,
          "y": 0.07807550579309464,
          "z": 1.2714709043502808
        },
        "rotation_quaternion": {
          "w": 0.5928164124488831,
          "x": -0.714820146560669,
          "y": -0.3659653961658478,
          "z": 0.0605824775993824
        },
        "matrix": [
          [
            0.7247963547706604,
            0.45137035846710205,
            -0.5205138921737671,
            0.6777487397193909
          ],
          [
            0.5950300097465515,
            -0.029275931417942047,
            0.8031703233718872,
            0.0795256495475769
          ],
          [
            0.34729182720184326,
            -0.8918624520301819,
            -0.2897992730140686,
            1.315648078918457
          ],
          [
            0.0,
            0.0,
            0.0,
            1.0
          ]
        ]
      },
      "bone_length_armature_space": 0.049533938962127814,
      "parent": "lowerarm_l",
      "has_children": true,
      "is_end_bone": false
    },
    "thumb_01_l": {
      "name": "thumb_01_l",
      "local": {
        "location": {
          "x": 0.0,
          "y": 0.0,
          "z": 0.0
        },
        "rotation_quaternion": {
          "w": 0.999474048614502,
          "x": 0.0243210606276989,
          "y": 0.015024818480014801,
          "z": -0.015311597846448421
        },
        "scale": {
          "x": 1.0,
          "y": 1.0,
          "z": 1.0
        },
        "matrix_basis": [
          [
            0.9990796446800232,
            0.0313379280269146,
            0.029289044439792633,
            0.0
          ],
          [
            -0.02987625077366829,
            0.99834805727005,
            -0.04907664656639099,
            0.0
          ],
          [
            -0.03077862039208412,
            0.04815642908215523,
            0.9983654618263245,
            0.0
          ],
          [
            0.0,
            0.0,
            0.0,
            1.0
          ]
        ],
        "rotation_mode": "QUATERNION"
      },
      "armature_space": {
        "head": {
          "x": 0.7001067399978638,
          "y": 0.01483150478452444,
          "z": 0.32161688804626465
        },
        "tail": {
          "x": 0.6960298418998718,
          "y": 0.03244409337639809,
          "z": 0.2927757501602173
        }
      },
      "world_space": {
        "head": {
          "x": 0.7001067399978638,
          "y": 0.07807550579309464,
          "z": 1.2714709043502808
        },
        "tail": {
          "x": 0.6960298418998718,
          "y": 0.09568808972835541,
          "z": 1.2426297664642334
        },
        "rotation_quaternion": {
          "w": 0.7830145955085754,
          "x": -0.46733853220939636,
          "y": 0.38157954812049866,
          "z": -0.15126122534275055
        },
        "matrix": [
          [
            0.663034975528717,
            -0.1197730004787445,
            0.7389442920684814,
            0.7001067399978638
          ],
          [
            -0.5935326814651489,
            0.5174301862716675,
            0.6164296269416809,
            0.07807550579309464
          ],
          [
            -0.45618727803230286,
            -0.8473073840141296,
            0.2719876766204834,
            1.2714709043502808
          ],
          [
            0.0,
            0.0,
            0.0,
            1.0
          ]
        ]
      },
      "bone_length_armature_space": 0.034038736108135424,
      "parent": "metacarpal_thumb_l",
      "has_children": true,
      "is_end_bone": false
    },
    "thumb_02_l": {
      "name": "thumb_02_l",
      "local": {
        "location": {
          "x": 0.0,
          "y": 0.0,
          "z": 0.0
        },
        "rotation_quaternion": {
          "w": 0.9921770691871643,
          "x": 0.12469691038131714,
          "y": -0.005698961205780506,
          "z": -0.0017067280132323503
        },
        "scale": {
          "x": 1.0,
          "y": 1.0,
          "z": 1.0
        },
        "matrix_basis": [
          [
            0.9999291896820068,
            0.001965467119589448,
            -0.011734404601156712,
            0.0
          ],
          [
            -0.0048080384731292725,
            0.9688955545425415,
            -0.24742338061332703,
            0.0
          ],
          [
            0.010883109644055367,
            0.24746228754520416,
            0.9688364267349243,
            0.0
          ],
          [
            0.0,
            0.0,
            0.0,
            1.0
          ]
        ],
        "rotation_mode": "QUATERNION"
      },
      "armature_space": {
        "head": {
          "x": 0.696029782295227,
          "y": 0.032444074749946594,
          "z": 0.2927757799625397
        },
        "tail": {
          "x": 0.7332411408424377,
          "y": 0.03861062228679657,
          "z": 0.2789746820926666
        }
      },
      "world_space": {
        "head": {
          "x": 0.696029782295227,
          "y": 0.09568807482719421,
          "z": 1.2426297664642334
        },
        "tail": {
          "x": 0.7332411408424377,
          "y": 0.10185462236404419,
          "z": 1.2288286685943604
        },
        "rotation_quaternion": {
          "w": 0.7048540115356445,
          "x": 0.017132945358753204,
          "y": 0.2827513515949249,
          "z": -0.6503376960754395
        },
        "matrix": [
          [
            -0.0057764435186982155,
            0.9264757633209229,
            0.3763096332550049,
            0.696029782295227
          ],
          [
            -0.9070972204208374,
            0.1535326987504959,
            -0.3919219374656677,
            0.09568807482719421
          ],
          [
            -0.42088583111763,
            -0.34361547231674194,
            0.8395221829414368,
            1.2426297664642334
          ],
          [
            0.0,
            0.0,
            0.0,
            1.0
          ]
        ]
      },
      "bone_length_armature_space": 0.040164434303079456,
      "parent": "thumb_01_l",
      "has_children": true,
      "is_end_bone": false
    },
    "thumb_03_l": {
      "name": "thumb_03_l",
      "local": {
        "location": {
          "x": 0.0,
          "y": 0.0,
          "z": 0.0
        },
        "rotation_quaternion": {
          "w": 0.9966968894004822,
          "x": 0.08116642385721207,
          "y": -0.0024384546559304,
          "z": 0.0011723164934664965
        },
        "scale": {
          "x": 1.0,
          "y": 1.0,
          "z": 1.0
        },
        "matrix_basis": [
          [
            0.9999853372573853,
            -0.002732729772105813,
            -0.004670494701713324,
            0.0
          ],
          [
            0.0019410471431910992,
            0.9868212938308716,
            -0.16180236637592316,
            0.0
          ],
          [
            0.005051105748862028,
            0.16179092228412628,
            0.9868121147155762,
            0.0
          ],
          [
            0.0,
            0.0,
            0.0,
            1.0
          ]
        ],
        "rotation_mode": "QUATERNION"
      },
      "armature_space": {
        "head": {
          "x": 0.733241081237793,
          "y": 0.03861059248447418,
          "z": 0.27897459268569946
        },
        "tail": {
          "x": 0.7635249495506287,
          "y": 0.04063437134027481,
          "z": 0.2813586890697479
        }
      },
      "world_space": {
        "head": {
          "x": 0.733241081237793,
          "y": 0.1018545925617218,
          "z": 1.2288286685943604
        },
        "tail": {
          "x": 0.7635249495506287,
          "y": 0.10387837141752243,
          "z": 1.2312127351760864
        },
        "rotation_quaternion": {
          "w": 0.6764148473739624,
          "x": 0.3062903881072998,
          "y": 0.27513858675956726,
          "z": -0.6106946468353271
        },
        "matrix": [
          [
            0.10270007699728012,
            0.9947104454040527,
            -0.001887008547782898,
            0.733241081237793
          ],
          [
            -0.6576221585273743,
            0.06647355109453201,
            -0.7504097819328308,
            0.1018545925617218
          ],
          [
            -0.7463207244873047,
            0.07830878347158432,
            0.660974383354187,
            1.2288286685943604
          ],
          [
            0.0,
            0.0,
            0.0,
            1.0
          ]
        ]
      },
      "bone_length_armature_space": 0.030444905715767443,
      "parent": "thumb_02_l",
      "has_children": false,
      "is_end_bone": true
    },
    "metacarpal_index_l": {
      "name": "metacarpal_index_l",
      "local": {
        "location": {
          "x": 0.0,
          "y": 0.0,
          "z": 0.0
        },
        "rotation_quaternion": {
          "w": 0.9999712109565735,
          "x": -0.0072580911219120026,
          "y": 0.0013083440717309713,
          "z": 0.0018075784901157022
        },
        "scale": {
          "x": 1.0,
          "y": 1.0,
          "z": 1.0
        },
        "matrix_basis": [
          [
            0.9999900460243225,
            -0.003634045133367181,
            0.0025903736241161823,
            0.0
          ],
          [
            0.0035960606765002012,
            0.9998881220817566,
            0.014520494267344475,
            0.0
          ],
          [
            -0.002642852021381259,
            -0.014511034823954105,
            0.9998912215232849,
            0.0
          ],
          [
            0.0,
            0.0,
            0.0,
            1.0
          ]
        ],
        "rotation_mode": "QUATERNION"
      },
      "armature_space": {
        "head": {
          "x": 0.6777487397193909,
          "y": 0.016281649470329285,
          "z": 0.3657941222190857
        },
        "tail": {
          "x": 0.759865939617157,
          "y": 0.031170550733804703,
          "z": 0.2835482060909271
        }
      },
      "world_space": {
        "head": {
          "x": 0.6777487397193909,
          "y": 0.0795256495475769,
          "z": 1.315648078918457
        },
        "tail": {
          "x": 0.759865939617157,
          "y": 0.09441454708576202,
          "z": 1.2334022521972656
        },
        "rotation_quaternion": {
          "w": 0.41444164514541626,
          "x": -0.6473134756088257,
          "y": -0.6259167194366455,
          "z": 0.13210493326187134
        },
        "matrix": [
          [
            0.181549072265625,
            0.7008277773857117,
            -0.6898404359817505,
            0.6777487397193909
          ],
          [
            0.9198299050331116,
            0.12706905603408813,
            0.3711695671081543,
            0.0795256495475769
          ],
          [
            0.34778663516044617,
            -0.7019262313842773,
            -0.6215772032737732,
            1.315648078918457
          ],
          [
            0.0,
            0.0,
            0.0,
            1.0
          ]
        ]
      },
      "bone_length_armature_space": 0.11717211472079353,
      "parent": "lowerarm_l",
      "has_children": true,
      "is_end_bone": false
    },
    "index_01_l": {
      "name": "index_01_l",
      "local": {
        "location": {
          "x": 0.0,
          "y": 0.0,
          "z": 0.0
        },
        "rotation_quaternion": {
          "w": 0.9962441921234131,
          "x": -0.0859922245144844,
          "y": -0.009355003014206886,
          "z": 0.003933233674615622
        },
        "scale": {
          "x": 1.0,
          "y": 1.0,
          "z": 1.0
        },
        "matrix_basis": [
          [
            0.9997940063476562,
            -0.006228007376194,
            -0.019316188991069794,
            0.0
          ],
          [
            0.009445837698876858,
            0.9851797223091125,
            0.1712649166584015,
            0.0
          ],
          [
            0.01796327903866768,
            -0.17141209542751312,
            0.9850356578826904,
            0.0
          ],
          [
            0.0,
            0.0,
            0.0,
            1.0
          ]
        ],
        "rotation_mode": "QUATERNION"
      },
      "armature_space": {
        "head": {
          "x": 0.759865939617157,
          "y": 0.031170550733804703,
          "z": 0.2835482060909271
        },
        "tail": {
          "x": 0.7853879332542419,
          "y": 0.039719078689813614,
          "z": 0.2741343080997467
        }
      },
      "world_space": {
        "head": {
          "x": 0.759865939617157,
          "y": 0.09441454708576202,
          "z": 1.2334022521972656
        },
        "tail": {
          "x": 0.7853879332542419,
          "y": 0.10296307504177094,
          "z": 1.2239882946014404
        },
        "rotation_quaternion": {
          "w": 0.3430202305316925,
          "x": -0.5894989371299744,
          "y": -0.7295457124710083,
          "z": -0.05090493708848953
        },
        "matrix": [
          [
            -0.06965494900941849,
            0.8950567245483398,
            -0.44047826528549194,
            0.759865939617157
          ],
          [
            0.8252098560333252,
            0.2997972369194031,
            0.47869691252708435,
            0.09441454708576202
          ],
          [
            0.5605197548866272,
            -0.3301454782485962,
            -0.7594970464706421,
            1.2334022521972656
          ],
          [
            0.0,
            0.0,
            0.0,
            1.0
          ]
        ]
      },
      "bone_length_armature_space": 0.028514398807092504,
      "parent": "metacarpal_index_l",
      "has_children": true,
      "is_end_bone": false
    },
    "index_02_l": {
      "name": "index_02_l",
      "local": {
        "location": {
          "x": 0.0,
          "y": 0.0,
          "z": 0.0
        },
        "rotation_quaternion": {
          "w": 0.9797924160957336,
          "x": 0.19986014068126678,
          "y": -0.004209117032587528,
          "z": 0.0067262607626616955
        },
        "scale": {
          "x": 1.0,
          "y": 1.0,
          "z": 1.0
        },
        "matrix_basis": [
          [
            0.9998740553855896,
            -0.014863148331642151,
            -0.005559498909860849,
            0.0
          ],
          [
            0.011498209089040756,
            0.9200213551521301,
            -0.39169952273368835,
            0.0
          ],
          [
            0.010936744511127472,
            0.3915862739086151,
            0.9200764298439026,
            0.0
          ],
          [
            0.0,
            0.0,
            0.0,
            1.0
          ]
        ],
        "rotation_mode": "QUATERNION"
      },
      "armature_space": {
        "head": {
          "x": 0.785388171672821,
          "y": 0.039719149470329285,
          "z": 0.2741338312625885
        },
        "tail": {
          "x": 0.8028068542480469,
          "y": 0.05104748159646988,
          "z": 0.2590888440608978
        }
      },
      "world_space": {
        "head": {
          "x": 0.785388171672821,
          "y": 0.1029631495475769,
          "z": 1.2239878177642822
        },
        "tail": {
          "x": 0.8028068542480469,
          "y": 0.1142914816737175,
          "z": 1.2089428901672363
        },
        "rotation_quaternion": {
          "w": 0.4156818687915802,
          "x": -0.5177827477455139,
          "y": -0.7402747273445129,
          "z": 0.10537037253379822
        },
        "matrix": [
          [
            -0.11821712553501129,
            0.6790038347244263,
            -0.7245534658432007,
            0.785388171672821
          ],
          [
            0.854204535484314,
            0.4415941834449768,
            0.2744622826576233,
            0.1029631495475769
          ],
          [
            0.5063238143920898,
            -0.5864746570587158,
            -0.6322166919708252,
            1.2239878177642822
          ],
          [
            0.0,
            0.0,
            0.0,
            1.0
          ]
        ]
      },
      "bone_length_armature_space": 0.025653328021889618,
      "parent": "index_01_l",
      "has_children": true,
      "is_end_bone": false
    },
    "index_03_l": {
      "name": "index_03_l",
      "local": {
        "location": {
          "x": 0.0,
          "y": 0.0,
          "z": 0.0
        },
        "rotation_quaternion": {
          "w": 0.9774041771888733,
          "x": 0.2113191783428192,
          "y": -0.0030599257443100214,
          "z": -0.00401324825361371
        },
        "scale": {
          "x": 1.0,
          "y": 1.0,
          "z": 1.0
        },
        "matrix_basis": [
          [
            0.999949038028717,
            0.0065518892370164394,
            -0.007677720859646797,
            0.0
          ],
          [
            -0.009138373658061028,
            0.910656213760376,
            -0.4130639433860779,
            0.0
          ],
          [
            0.004285415634512901,
            0.4131130576133728,
            0.9106696844100952,
            0.0
          ],
          [
            0.0,
            0.0,
            0.0,
            1.0
          ]
        ],
        "rotation_mode": "QUATERNION"
      },
      "armature_space": {
        "head": {
          "x": 0.8028069734573364,
          "y": 0.051047418266534805,
          "z": 0.259088933467865
        },
        "tail": {
          "x": 0.8091672658920288,
          "y": 0.06903959810733795,
          "z": 0.23696279525756836
        }
      },
      "world_space": {
        "head": {
          "x": 0.8028069734573364,
          "y": 0.11429141461849213,
          "z": 1.2089428901672363
        },
        "tail": {
          "x": 0.8091672658920288,
          "y": 0.13228359818458557,
          "z": 1.1868168115615845
        },
        "rotation_quaternion": {
          "w": 0.5558413863182068,
          "x": -0.3556610643863678,
          "y": -0.7063490748405457,
          "z": 0.2561572194099426
        },
        "matrix": [
          [
            -0.12909133732318878,
            0.2176792323589325,
            -0.9674452543258667,
            0.8028069734573364
          ],
          [
            0.7872080206871033,
            0.615776538848877,
            0.033510953187942505,
            0.11429141461849213
          ],
          [
            0.6030296683311462,
            -0.7572600841522217,
            -0.25085213780403137,
            1.2089428901672363
          ],
          [
            0.0,
            0.0,
            0.0,
            1.0
          ]
        ]
      },
      "bone_length_armature_space": 0.02921879292288282,
      "parent": "index_02_l",
      "has_children": false,
      "is_end_bone": true
    },
    "metacarpal_pinky_l": {
      "name": "metacarpal_pinky_l",
      "local": {
        "location": {
          "x": 0.0,
          "y": 0.0,
          "z": 0.0
        },
        "rotation_quaternion": {
          "w": 0.9997936487197876,
          "x": -0.010561419650912285,
          "y": 0.017172137275338173,
          "z": -0.0025154317263513803
        },
        "scale": {
          "x": 1.0,
          "y": 1.0,
          "z": 1.0
        },
        "matrix_basis": [
          [
            0.9993975758552551,
            0.004667100962251425,
            0.034390319138765335,
            0.0
          ],
          [
            -0.005392549559473991,
            0.9997642636299133,
            0.021032089367508888,
            0.0
          ],
          [
            -0.03428405523300171,
            -0.02120487205684185,
            0.999187171459198,
            0.0
          ],
          [
            0.0,
            0.0,
            0.0,
            1.0
          ]
        ],
        "rotation_mode": "QUATERNION"
      },
      "armature_space": {
        "head": {
          "x": 0.6777487397193909,
          "y": 0.016281649470329285,
          "z": 0.3657941222190857
        },
        "tail": {
          "x": 0.7704933285713196,
          "y": 0.05875236913561821,
          "z": 0.34486812353134155
        }
      },
      "world_space": {
        "head": {
          "x": 0.6777487397193909,
          "y": 0.0795256495475769,
          "z": 1.315648078918457
        },
        "tail": {
          "x": 0.7704933285713196,
          "y": 0.12199637293815613,
          "z": 1.294722080230713
        },
        "rotation_quaternion": {
          "w": 0.5627768039703369,
          "x": 0.313332200050354,
          "y": 0.62226402759552,
          "z": -0.444851279258728
        },
        "matrix": [
          [
            -0.1702105849981308,
            0.8906550407409668,
            0.4216178357601166,
            0.6777487397193909
          ],
          [
            -0.11075307428836823,
            0.4078595042228699,
            -0.906302809715271,
            0.0795256495475769
          ],
          [
            -0.9791710376739502,
            -0.20095886290073395,
            0.029220037162303925,
            1.315648078918457
          ],
          [
            0.0,
            0.0,
            0.0,
            1.0
          ]
        ]
      },
      "bone_length_armature_space": 0.10413077291396336,
      "parent": "lowerarm_l",
      "has_children": true,
      "is_end_bone": false
    },
    "pinky_01_l": {
      "name": "pinky_01_l",
      "local": {
        "location": {
          "x": 0.0,
          "y": 0.0,
          "z": 0.0
        },
        "rotation_quaternion": {
          "w": 0.9994944334030151,
          "x": 0.02774898335337639,
          "y": 0.014135790057480335,
          "z": -0.0064157405868172646
        },
        "scale": {
          "x": 1.0,
          "y": 1.0,
          "z": 1.0
        },
        "matrix_basis": [
          [
            0.9995180368423462,
            0.013609501533210278,
            0.02790122665464878,
            0.0
          ],
          [
            -0.012040486559271812,
            0.9983776807785034,
            -0.05565129220485687,
            0.0
          ],
          [
            -0.028613347560167313,
            0.05528852716088295,
            0.9980603456497192,
            0.0
          ],
          [
            0.0,
            0.0,
            0.0,
            1.0
          ]
        ],
        "rotation_mode": "QUATERNION"
      },
      "armature_space": {
        "head": {
          "x": 0.7704933285713196,
          "y": 0.05875236913561821,
          "z": 0.34486812353134155
        },
        "tail": {
          "x": 0.7888687252998352,
