{
  "metadata": {
    "armature_name": "KIM_caucasian_male",
    "export_time": "2026-01-13T21:04:05.303713",
    "blender_version": "4.4.1",
    "bone_count": 56,
    "end_bone_count": 13,
    "spaces_included": [
      "LOCAL_CHANNELS",
      "ARMATURE_SPACE",
      "WORLD_SPACE"
    ],
    "note": "LOCAL matches Transform panel; replay pose via local.matrix_basis for best fidelity."
  },
  "bones": {
    "Root": {
      "name": "Root",
      "local": {
        "location": {
          "x": 0.0,
          "y": 0.0,
          "z": 0.0
        },
        "rotation_quaternion": {
          "w": 0.9998456835746765,
          "x": 0.015816716477274895,
          "y": -0.006224973127245903,
          "z": 0.004463370889425278
        },
        "scale": {
          "x": 1.0,
          "y": 1.0,
          "z": 1.0
        },
        "matrix_basis": [
          [
            0.9998826384544373,
            -0.009122281335294247,
            -0.012306833639740944,
            0.0
          ],
          [
            0.008728447370231152,
            0.9994598031044006,
            -0.03168411925435066,
            0.0
          ],
          [
            0.01258921716362238,
            0.03157298266887665,
            0.9994221329689026,
            0.0
          ],
          [
            0.0,
            0.0,
            0.0,
            1.0
          ]
        ],
        "rotation_mode": "QUATERNION"
      },
      "armature_space": {
        "head": {
          "x": 0.0,
          "y": 0.07072800397872925,
          "z": -0.009595036506652832
        },
        "tail": {
          "x": -0.0006511107785627246,
          "y": -0.00026473402976989746,
          "z": -0.0022382931783795357
        }
      },
      "world_space": {
        "head": {
          "x": 0.0,
          "y": 0.13397200405597687,
          "z": 0.9402589797973633
        },
        "tail": {
          "x": -0.0006511107785627246,
          "y": 0.06297926604747772,
          "z": 0.9476157426834106
        },
        "rotation_quaternion": {
          "w": 0.05157647281885147,
          "x": 0.998639702796936,
          "y": -0.004872595425695181,
          "z": -0.005910146050155163
        },
        "matrix": [
          [
            0.9998826384544373,
            -0.009122281335294247,
            -0.012306833639740944,
            0.0
          ],
          [
            -0.010341585613787174,
            -0.9946321845054626,
            -0.10295549035072327,
            0.13397200405597687
          ],
          [
            -0.011301673017442226,
            0.1030704528093338,
            -0.9946168661117554,
            0.9402589797973633
          ],
          [
            0.0,
            0.0,
            0.0,
            1.0
          ]
        ]
      },
      "bone_length_armature_space": 0.07137586854844599,
      "parent": null,
      "has_children": true,
      "is_end_bone": false
    },
    "spine_01": {
      "name": "spine_01",
      "local": {
        "location": {
          "x": 0.0,
          "y": 0.0,
          "z": 0.0
        },
        "rotation_quaternion": {
          "w": 0.9931548833847046,
          "x": 0.10557954013347626,
          "y": -0.04835733398795128,
          "z": 0.012574717402458191
        },
        "scale": {
          "x": 1.0,
          "y": 1.0,
          "z": 1.0
        },
        "matrix_basis": [
          [
            0.9950069189071655,
            -0.03518837317824364,
            -0.09339737892150879,
            0.0
          ],
          [
            0.014766193926334381,
            0.9773896932601929,
            -0.21092982590198517,
            0.0
          ],
          [
            0.0987079069018364,
            0.20849750936031342,
            0.9730290770530701,
            0.0
          ],
          [
            0.0,
            0.0,
            0.0,
            1.0
          ]
        ],
        "rotation_mode": "QUATERNION"
      },
      "armature_space": {
        "head": {
          "x": -0.0006511107785627246,
          "y": -0.00026473402976989746,
          "z": -0.0022382931783795357
        },
        "tail": {
          "x": -0.013391338288784027,
          "y": -0.09463424980640411,
          "z": 0.4763851463794708
        }
      },
      "world_space": {
        "head": {
          "x": -0.0006511107785627246,
          "y": 0.06297926604747772,
          "z": 0.9476157426834106
        },
        "tail": {
          "x": -0.013391338288784027,
          "y": -0.031390249729156494,
          "z": 1.4262391328811646
        },
        "rotation_quaternion": {
          "w": 0.6335623860359192,
          "x": 0.7717683911323547,
          "y": -0.04368726164102554,
          "z": -0.03261399641633034
        },
        "matrix": [
          [
            0.9940555095672607,
            -0.026106957346200943,
            -0.10569822043180466,
            -0.0006511107785627246
          ],
          [
            -0.10875900834798813,
            -0.19337967038154602,
            -0.9750773906707764,
            0.06297926604747772
          ],
          [
            0.00501635717228055,
            0.9807832837104797,
            -0.195071741938591,
            0.9476157426834106
          ],
          [
            0.0,
            0.0,
            0.0,
            1.0
          ]
        ]
      },
      "bone_length_armature_space": 0.48800443402270666,
      "parent": "Root",
      "has_children": true,
      "is_end_bone": false
    },
    "neck_01": {
      "name": "neck_01",
      "local": {
        "location": {
          "x": 0.0,
          "y": 0.0,
          "z": 0.0
        },
        "rotation_quaternion": {
          "w": 0.9896594285964966,
          "x": -0.06507192552089691,
          "y": 0.012333338148891926,
          "z": 0.12723153829574585
        },
        "scale": {
          "x": 1.0,
          "y": 1.0,
          "z": 1.0
        },
        "matrix_basis": [
          [
            0.9673200249671936,
            -0.2534368932247162,
            0.007853206247091293,
            0.0
          ],
          [
            0.2502266764640808,
            0.9591555595397949,
            0.1319364756345749,
            0.0
          ],
          [
            -0.04097001254558563,
            -0.12565970420837402,
            0.9912270903587341,
            0.0
          ],
          [
            0.0,
            0.0,
            0.0,
            1.0
          ]
        ],
        "rotation_mode": "QUATERNION"
      },
      "armature_space": {
        "head": {
          "x": -0.018968509510159492,
          "y": -0.14260932803153992,
          "z": 0.5414314270019531
        },
        "tail": {
          "x": -0.049961887300014496,
          "y": -0.18309111893177032,
          "z": 0.6303772926330566
        }
      },
      "world_space": {
        "head": {
          "x": -0.018968509510159492,
          "y": -0.0793653279542923,
          "z": 1.4912854433059692
        },
        "tail": {
          "x": -0.049961887300014496,
          "y": -0.1198471188545227,
          "z": 1.5802313089370728
        },
        "rotation_quaternion": {
          "w": 0.528178870677948,
          "x": 0.8339827060699463,
          "y": -0.15360890328884125,
          "z": 0.04363752529025078
        },
        "matrix": [
          [
            0.9489999413490295,
            -0.3023114800453186,
            -0.0894814059138298,
            -0.018968509510159492
          ],
          [
            -0.21011871099472046,
            -0.3948621451854706,
            -0.8943904638290405,
            -0.0793653279542923
          ],
          [
            0.23505307734012604,
            0.867583692073822,
            -0.4382494390010834,
            1.4912854433059692
          ],
          [
            0.0,
            0.0,
            0.0,
            1.0
          ]
        ]
      },
      "bone_length_armature_space": 0.10252186171129811,
      "parent": "spine_01",
      "has_children": true,
      "is_end_bone": false
    },
    "head": {
      "name": "head",
      "local": {
        "location": {
          "x": 0.0,
          "y": 0.0,
          "z": 0.0
        },
        "rotation_quaternion": {
          "w": 0.998271644115448,
          "x": 0.009172061458230019,
          "y": 0.02001187391579151,
          "z": -0.05449141934514046
        },
        "scale": {
          "x": 1.0,
          "y": 1.0,
          "z": 1.0
        },
        "matrix_basis": [
          [
            0.9932604432106018,
            0.10916157811880112,
            0.038954976946115494,
            0.0
          ],
          [
            -0.10842737555503845,
            0.9938931465148926,
            -0.020493367686867714,
            0.0
          ],
          [
            -0.040954168885946274,
            0.016131466254591942,
            0.9990307688713074,
            0.0
          ],
          [
            0.0,
            0.0,
            0.0,
            1.0
          ]
        ],
        "rotation_mode": "QUATERNION"
      },
      "armature_space": {
        "head": {
          "x": -0.0499618798494339,
          "y": -0.18309122323989868,
          "z": 0.6303771734237671
        },
        "tail": {
          "x": -0.07295111566781998,
          "y": -0.19603128731250763,
          "z": 0.7832083106040955
        }
      },
      "world_space": {
        "head": {
          "x": -0.0499618798494339,
          "y": -0.11984722316265106,
          "z": 1.5802311897277832
        },
        "tail": {
          "x": -0.07295111566781998,
          "y": -0.13278728723526,
          "z": 1.7330622673034668
        },
        "rotation_quaternion": {
          "w": 0.6684520840644836,
          "x": 0.7359821796417236,
          "y": -0.10702180117368698,
          "z": -0.006957188248634338
        },
        "matrix": [
          [
            0.9769957661628723,
            -0.1482313871383667,
            -0.1533195525407791,
            -0.0499618798494339
          ],
          [
            -0.16683422029018402,
            -0.08343573659658432,
            -0.9824485182762146,
            -0.11984722316265106
          ],
          [
            0.13283807039260864,
            0.9854337573051453,
            -0.1062481552362442,
            1.5802311897277832
          ],
          [
            0.0,
            0.0,
            0.0,
            1.0
          ]
        ]
      },
      "bone_length_armature_space": 0.15509128340384667,
      "parent": "neck_01",
      "has_children": false,
      "is_end_bone": true
    },
    "upperarm_l": {
      "name": "upperarm_l",
      "local": {
        "location": {
          "x": 0.0,
          "y": 0.0,
          "z": 0.0
        },
        "rotation_quaternion": {
          "w": 0.8857953548431396,
          "x": -0.11313281208276749,
          "y": 0.4339972734451294,
          "z": -0.11922235786914825
        },
        "scale": {
          "x": 1.0,
          "y": 1.0,
          "z": 1.0
        },
        "matrix_basis": [
          [
            0.5948647856712341,
            0.11301455646753311,
            0.7958414554595947,
            0.0
          ],
          [
            -0.309411883354187,
            0.9459739923477173,
            0.09694068133831024,
            0.0
          ],
          [
            -0.7418895959854126,
            -0.30390939116477966,
            0.5976946949958801,
            0.0
          ],
          [
            0.0,
            0.0,
            0.0,
            1.0
          ]
        ],
        "rotation_mode": "QUATERNION"
      },
      "armature_space": {
        "head": {
          "x": 0.13155733048915863,
          "y": -0.1490362137556076,
          "z": 0.475645512342453
        },
        "tail": {
          "x": 0.3900820016860962,
          "y": -0.07991503179073334,
          "z": 0.4616861641407013
        }
      },
      "world_space": {
        "head": {
          "x": 0.13155733048915863,
          "y": -0.08579221367835999,
          "z": 1.4254995584487915
        },
        "tail": {
          "x": 0.3900820016860962,
          "y": -0.016671031713485718,
          "z": 1.411540150642395
        },
        "rotation_quaternion": {
          "w": 0.15319061279296875,
          "x": 0.5904359221458435,
          "y": 0.7781422138214111,
          "z": -0.1497090458869934
        },
        "matrix": [
          [
            -0.25583580136299133,
            0.9647544026374817,
            0.06161929666996002,
            0.13155733048915863
          ],
          [
            0.8730182647705078,
            0.2579442858695984,
            -0.4138891100883484,
            -0.08579221367835999
          ],
          [
            -0.4151976704597473,
            -0.0520930290222168,
            -0.9082462787628174,
            1.4254995584487915
          ],
          [
            0.0,
            0.0,
            0.0,
            1.0
          ]
        ]
      },
      "bone_length_armature_space": 0.2679694057274027,
      "parent": "spine_01",
      "has_children": true,
      "is_end_bone": false
    },
    "lowerarm_l": {
      "name": "lowerarm_l",
      "local": {
        "location": {
          "x": 0.0,
          "y": 0.0,
          "z": 0.0
        },
        "rotation_quaternion": {
          "w": 0.9066627025604248,
          "x": 0.29751864075660706,
          "y": -0.2022806704044342,
          "z": 0.2202909141778946
        },
        "scale": {
          "x": 1.0,
          "y": 1.0,
          "z": 1.0
        },
        "matrix_basis": [
          [
            0.821108877658844,
            -0.5198236703872681,
            -0.23571936786174774,
            0.0
          ],
          [
            0.2790945768356323,
            0.7259091138839722,
            -0.6286193132400513,
            0.0
          ],
          [
            0.4978819787502289,
            0.4503769278526306,
            0.7411303520202637,
            0.0
          ],
          [
            0.0,
            0.0,
            0.0,
            1.0
          ]
        ],
        "rotation_mode": "QUATERNION"
      },
      "armature_space": {
        "head": {
          "x": 0.39008212089538574,
          "y": -0.0799151286482811,
          "z": 0.4616861641407013
        },
        "tail": {
          "x": 0.6043286919593811,
          "y": -0.23245060443878174,
          "z": 0.41268885135650635
        }
      },
      "world_space": {
        "head": {
          "x": 0.39008212089538574,
          "y": -0.016671128571033478,
          "z": 1.411540150642395
        },
        "tail": {
          "x": 0.6043286919593811,
          "y": -0.16920660436153412,
          "z": 1.3625428676605225
        },
        "rotation_quaternion": {
          "w": 0.17833182215690613,
          "x": 0.7212992310523987,
          "y": 0.4279133081436157,
          "z": -0.5146023631095886
        },
        "matrix": [
          [
            0.10414805263280869,
            0.8008484244346619,
            -0.5897412300109863,
            0.39008212089538574
          ],
          [
            0.4337669014930725,
            -0.5701739192008972,
            -0.6976735591888428,
            -0.016671128571033478
          ],
          [
            -0.8949916362762451,
            -0.18315079808235168,
            -0.40676748752593994,
            1.411540150642395
          ],
          [
            0.0,
            0.0,
            0.0,
            1.0
          ]
        ]
      },
      "bone_length_armature_space": 0.26752457683303243,
      "parent": "upperarm_l",
      "has_children": true,
      "is_end_bone": false
    },
    "metacarpal_thumb_l": {
      "name": "metacarpal_thumb_l",
      "local": {
        "location": {
          "x": 0.0,
          "y": 0.0,
          "z": 0.0
        },
        "rotation_quaternion": {
          "w": 0.998088538646698,
          "x": -0.06032845377922058,
          "y": 0.012042239308357239,
          "z": 0.005893760360777378
        },
        "scale": {
          "x": 1.0,
          "y": 1.0,
          "z": 1.0
        },
        "matrix_basis": [
          [
            0.9996405243873596,
            -0.013217968866229057,
            0.02332731895148754,
            0.0
          ],
          [
            0.01031200960278511,
            0.9926514625549316,
            0.12056822329759598,
            0.0
          ],
          [
            -0.02474956586956978,
            -0.12028432637453079,
            0.9924309253692627,
            0.0
          ],
          [
            0.0,
            0.0,
            0.0,
            1.0
          ]
        ],
        "rotation_mode": "QUATERNION"
      },
      "armature_space": {
        "head": {
          "x": 0.6043286919593811,
          "y": -0.23245060443878174,
          "z": 0.41268885135650635
        },
        "tail": {
          "x": 0.6187254786491394,
          "y": -0.27438271045684814,
          "z": 0.3905976116657257
        }
      },
      "world_space": {
        "head": {
          "x": 0.6043286919593811,
          "y": -0.16920660436153412,
          "z": 1.3625428676605225
        },
        "tail": {
          "x": 0.6187254786491394,
          "y": -0.21113871037960052,
          "z": 1.3404515981674194
        },
        "rotation_quaternion": {
          "w": 0.24048584699630737,
          "x": -0.9592378735542297,
          "y": -0.1374691128730774,
          "z": -0.05596022680401802
        },
        "matrix": [
          [
            0.9559412598609924,
            0.290646493434906,
            0.04123900830745697,
            0.6043286919593811
          ],
          [
            0.23681631684303284,
            -0.846537709236145,
            0.4767514169216156,
            -0.16920660436153412
          ],
          [
            0.1734778881072998,
            -0.44598424434661865,
            -0.8780760765075684,
            1.3625428676605225
          ],
          [
            0.0,
            0.0,
            0.0,
            1.0
          ]
        ]
      },
      "bone_length_armature_space": 0.04953374455045017,
      "parent": "lowerarm_l",
      "has_children": true,
      "is_end_bone": false
    },
    "thumb_01_l": {
      "name": "thumb_01_l",
      "local": {
        "location": {
          "x": 0.0,
          "y": 0.0,
          "z": 0.0
        },
        "rotation_quaternion": {
          "w": 0.9986071586608887,
          "x": -0.051180653274059296,
          "y": -0.012244787998497486,
          "z": -0.0038122576661407948
        },
        "scale": {
          "x": 1.0,
          "y": 1.0,
          "z": 1.0
        },
        "matrix_basis": [
          [
            0.9996710419654846,
            0.008867288008332253,
            -0.024065237492322922,
            0.0
          ],
          [
            -0.006360502913594246,
            0.9947320222854614,
            0.10231209546327591,
            0.0
          ],
          [
            0.02484569326043129,
            -0.1021253764629364,
            0.9944612383842468,
            0.0
          ],
          [
            0.0,
            0.0,
            0.0,
            1.0
          ]
        ],
        "rotation_mode": "QUATERNION"
      },
      "armature_space": {
        "head": {
          "x": 0.6187254786491394,
          "y": -0.27438271045684814,
          "z": 0.3905976116657257
        },
        "tail": {
          "x": 0.618999183177948,
          "y": -0.28331124782562256,
          "z": 0.3577518165111542
        }
      },
      "world_space": {
        "head": {
          "x": 0.6187254786491394,
          "y": -0.21113871037960052,
          "z": 1.3404515981674194
        },
        "tail": {
          "x": 0.618999183177948,
          "y": -0.22006724774837494,
          "z": 1.3076058626174927
        },
        "rotation_quaternion": {
          "w": 0.4742242693901062,
          "x": -0.6161797046661377,
          "y": 0.3794185221195221,
          "z": -0.5014733076095581
        },
        "matrix": [
          [
            0.20913301408290863,
            0.008040465414524078,
            0.9778540730476379,
            0.6187254786491394
          ],
          [
            -0.9432013034820557,
            -0.2623063325881958,
            0.20387870073318481,
            -0.21113871037960052
          ],
          [
            0.2581375539302826,
            -0.9649583101272583,
            -0.047273389995098114,
            1.3404515981674194
          ],
          [
            0.0,
            0.0,
            0.0,
            1.0
          ]
        ]
      },
      "bone_length_armature_space": 0.034038801076301396,
      "parent": "metacarpal_thumb_l",
      "has_children": true,
      "is_end_bone": false
    },
    "thumb_02_l": {
      "name": "thumb_02_l",
      "local": {
        "location": {
          "x": 0.0,
          "y": 0.0,
          "z": 0.0
        },
        "rotation_quaternion": {
          "w": 0.9986412525177002,
          "x": 0.05195042863488197,
          "y": -0.0019830649252980947,
          "z": 0.00361286336556077
        },
        "scale": {
          "x": 1.0,
          "y": 1.0,
          "z": 1.0
        },
        "matrix_basis": [
          [
            0.999966025352478,
            -0.007421950809657574,
            -0.0035853611771017313,
            0.0
          ],
          [
            0.007009866647422314,
            0.9945762157440186,
            -0.10377401113510132,
            0.0
          ],
          [
            0.004336120560765266,
            0.10374535620212555,
            0.9945944547653198,
            0.0
          ],
          [
            0.0,
            0.0,
            0.0,
            1.0
          ]
        ],
        "rotation_mode": "QUATERNION"
      },
      "armature_space": {
        "head": {
          "x": 0.6189991235733032,
          "y": -0.28331121802330017,
          "z": 0.3577518165111542
        },
        "tail": {
          "x": 0.6500169038772583,
          "y": -0.30682891607284546,
          "z": 0.34785255789756775
        }
      },
      "world_space": {
        "head": {
          "x": 0.6189991235733032,
          "y": -0.22006721794605255,
          "z": 1.3076058626174927
        },
        "tail": {
          "x": 0.6500169038772583,
          "y": -0.24358491599559784,
          "z": 1.2977066040039062
        },
        "rotation_quaternion": {
          "w": 0.4537819027900696,
          "x": -0.20230737328529358,
          "y": 0.03624818101525307,
          "z": -0.8670870065689087
        },
        "matrix": [
          [
            -0.5063068270683289,
            0.772270679473877,
            0.3837333023548126,
            0.6189991235733032
          ],
          [
            -0.8016031980514526,
            -0.5855357646942139,
            0.12074799835681915,
            -0.22006721794605255
          ],
          [
            0.3179413080215454,
            -0.2464686632156372,
            0.9155220985412598,
            1.3076058626174927
          ],
          [
            0.0,
            0.0,
            0.0,
            1.0
          ]
        ]
      },
      "bone_length_armature_space": 0.04016441310802766,
      "parent": "thumb_01_l",
      "has_children": true,
      "is_end_bone": false
    },
    "thumb_03_l": {
      "name": "thumb_03_l",
      "local": {
        "location": {
          "x": 0.0,
          "y": 0.0,
          "z": 0.0
        },
        "rotation_quaternion": {
          "w": 0.9987475872039795,
          "x": 0.049837179481983185,
          "y": 0.0022467393428087234,
          "z": 0.0038111493922770023
        },
        "scale": {
          "x": 1.0,
          "y": 1.0,
          "z": 1.0
        },
        "matrix_basis": [
          [
            0.9999608397483826,
            -0.007388810161501169,
            0.004867725074291229,
            0.0
          ],
          [
            0.007836694829165936,
            0.9950034618377686,
            -0.09953240305185318,
            0.0
          ],
          [
            -0.0041079772636294365,
            0.09956665337085724,
            0.9950224161148071,
            0.0
          ],
          [
            0.0,
            0.0,
            0.0,
            1.0
          ]
        ],
        "rotation_mode": "QUATERNION"
      },
      "armature_space": {
        "head": {
          "x": 0.6500168442726135,
          "y": -0.30682891607284546,
          "z": 0.34785252809524536
        },
        "tail": {
          "x": 0.6779343485832214,
          "y": -0.3188234865665436,
          "z": 0.3497588336467743
        }
      },
      "world_space": {
        "head": {
          "x": 0.6500168442726135,
          "y": -0.24358491599559784,
          "z": 1.2977066040039062
        },
        "tail": {
          "x": 0.6779343485832214,
          "y": -0.25557947158813477,
          "z": 1.2996128797531128
        },
        "rotation_quaternion": {
          "w": 0.5504568815231323,
          "x": 0.052389759570360184,
          "y": -0.0029639103449881077,
          "z": -0.8332129120826721
        },
        "matrix": [
          [
            -0.3885049521923065,
            0.9169849753379822,
            -0.09056614339351654,
            0.6500168442726135
          ],
          [
            -0.9176061749458313,
            -0.393976628780365,
            -0.052737440913915634,
            -0.24358491599559784
          ],
          [
            -0.0840417891740799,
            0.06261533498764038,
            0.9945001602172852,
            1.2977066040039062
          ],
          [
            0.0,
            0.0,
            0.0,
            1.0
          ]
        ]
      },
      "bone_length_armature_space": 0.030444881312874254,
      "parent": "thumb_02_l",
      "has_children": false,
      "is_end_bone": true
    },
    "metacarpal_index_l": {
      "name": "metacarpal_index_l",
      "local": {
        "location": {
          "x": 0.0,
          "y": 0.0,
          "z": 0.0
        },
        "rotation_quaternion": {
          "w": 0.9990049004554749,
          "x": -0.037807393819093704,
          "y": 0.018129443749785423,
          "z": -0.015208140015602112
        },
        "scale": {
          "x": 1.0,
          "y": 1.0,
          "z": 1.0
        },
        "matrix_basis": [
          [
            0.9988800883293152,
            0.029015159234404564,
            0.03737276792526245,
            0.0
          ],
          [
            -0.031756866723299026,
            0.9966786503791809,
            0.07498811185359955,
            0.0
          ],
          [
            -0.035072844475507736,
            -0.0760909765958786,
            0.9964838624000549,
            0.0
          ],
          [
            0.0,
            0.0,
            0.0,
            1.0
          ]
        ],
        "rotation_mode": "QUATERNION"
      },
      "armature_space": {
        "head": {
          "x": 0.6043286919593811,
          "y": -0.23245060443878174,
          "z": 0.41268885135650635
        },
        "tail": {
          "x": 0.6789016127586365,
          "y": -0.3166416883468628,
          "z": 0.37982580065727234
        }
      },
      "world_space": {
        "head": {
          "x": 0.6043286919593811,
          "y": -0.16920660436153412,
          "z": 1.3625428676605225
        },
        "tail": {
          "x": 0.6789016127586365,
          "y": -0.25339770317077637,
          "z": 1.3296798467636108
        },
        "rotation_quaternion": {
          "w": 0.09457206726074219,
          "x": -0.9150901436805725,
          "y": -0.3630324900150299,
          "z": 0.14789770543575287
        },
        "matrix": [
          [
            0.6926668286323547,
            0.6364410519599915,
            -0.3393450379371643,
            0.6043286919593811
          ],
          [
            0.6923890709877014,
            -0.7185272574424744,
            0.06569921225309372,
            -0.16920660436153412
          ],
          [
            -0.20201580226421356,
            -0.2804691791534424,
            -0.9383713603019714,
            1.3625428676605225
          ],
          [
            0.0,
            0.0,
            0.0,
            1.0
          ]
        ]
      },
      "bone_length_armature_space": 0.11717183584587001,
      "parent": "lowerarm_l",
      "has_children": true,
      "is_end_bone": false
    },
    "index_01_l": {
      "name": "index_01_l",
      "local": {
        "location": {
          "x": 0.0,
          "y": 0.0,
          "z": 0.0
        },
        "rotation_quaternion": {
          "w": 0.9934014081954956,
          "x": -0.11422529816627502,
          "y": -0.009487607516348362,
          "z": 0.00403581140562892
        },
        "scale": {
          "x": 1.0,
          "y": 1.0,
          "z": 1.0
        },
        "matrix_basis": [
          [
            0.9997873902320862,
            -0.005850912071764469,
            -0.019771989434957504,
            0.0
          ],
          [
            0.01018581073731184,
            0.9738726019859314,
            0.22686655819416046,
            0.0
          ],
          [
            0.017928021028637886,
            -0.22701972723007202,
            0.9737251400947571,
            0.0
          ],
          [
            0.0,
            0.0,
            0.0,
            1.0
          ]
        ],
        "rotation_mode": "QUATERNION"
      },
      "armature_space": {
        "head": {
          "x": 0.6789016127586365,
          "y": -0.3166416883468628,
          "z": 0.37982580065727234
        },
        "tail": {
          "x": 0.7045543193817139,
          "y": -0.3290760815143585,
          "z": 0.3804527521133423
        }
      },
      "world_space": {
        "head": {
          "x": 0.6789016127586365,
          "y": -0.25339770317077637,
          "z": 1.3296798467636108
        },
        "tail": {
          "x": 0.7045543193817139,
          "y": -0.2658320665359497,
          "z": 1.3303067684173584
        },
        "rotation_quaternion": {
          "w": 0.03621821850538254,
          "x": 0.8465572595596313,
          "y": 0.5297648906707764,
          "z": -0.037124499678611755
        },
        "matrix": [
          [
            0.4359418451786041,
            0.8996416330337524,
            -0.024481579661369324,
            0.6789016127586365
          ],
          [
            0.8942636251449585,
            -0.4360749423503876,
            -0.10065671801567078,
            -0.25339770317077637
          ],
          [
            -0.1012306660413742,
            0.021987169981002808,
            -0.994627058506012,
            1.3296798467636108
          ],
          [
            0.0,
            0.0,
            0.0,
            1.0
          ]
        ]
      },
      "bone_length_armature_space": 0.028514356943089295,
      "parent": "metacarpal_index_l",
      "has_children": true,
      "is_end_bone": false
    },
    "index_02_l": {
      "name": "index_02_l",
      "local": {
        "location": {
          "x": 0.0,
          "y": 0.0,
          "z": 0.0
        },
        "rotation_quaternion": {
          "w": 0.9990963935852051,
          "x": 0.04131665825843811,
          "y": 0.008400826714932919,
          "z": 0.005357600748538971
        },
        "scale": {
          "x": 1.0,
          "y": 1.0,
          "z": 1.0
        },
        "matrix_basis": [
          [
            0.9998014569282532,
            -0.010011331178247929,
            0.017229188233613968,
            0.0
          ],
          [
            0.01139970775693655,
            0.9965284466743469,
            -0.08246862888336182,
            0.0
          ],
          [
            -0.016343755647540092,
            0.08264866471290588,
            0.9964447021484375,
            0.0
          ],
          [
            0.0,
            0.0,
            0.0,
            1.0
          ]
        ],
        "rotation_mode": "QUATERNION"
      },
      "armature_space": {
        "head": {
          "x": 0.704554557800293,
          "y": -0.32907649874687195,
          "z": 0.3804524540901184
        },
        "tail": {
          "x": 0.7277498841285706,
          "y": -0.34001263976097107,
          "z": 0.37976783514022827
        }
      },
      "world_space": {
        "head": {
          "x": 0.704554557800293,
          "y": -0.26583248376846313,
          "z": 1.3303065299987793
        },
        "tail": {
          "x": 0.7277498841285706,
          "y": -0.27676862478256226,
          "z": 1.3296217918395996
        },
        "rotation_quaternion": {
          "w": 0.02917066030204296,
          "x": 0.8415064215660095,
          "y": 0.534785807132721,
          "z": -0.07085294276475906
        },
        "matrix": [
          [
            0.4179677665233612,
            0.9041849374771118,
            -0.08804599940776825,
            0.704554557800293
          ],
          [
            0.8959178924560547,
            -0.4263063967227936,
            -0.12487780302762985,
            -0.26583248376846313
          ],
          [
            -0.15044744312763214,
            -0.02668774127960205,
            -0.9882648587226868,
            1.3303065299987793
          ],
          [
            0.0,
            0.0,
            0.0,
            1.0
          ]
        ]
      },
      "bone_length_armature_space": 0.025653285770404644,
      "parent": "index_01_l",
      "has_children": true,
      "is_end_bone": false
    },
    "index_03_l": {
      "name": "index_03_l",
      "local": {
        "location": {
          "x": 0.0,
          "y": 0.0,
          "z": 0.0
        },
        "rotation_quaternion": {
          "w": 0.9997164011001587,
          "x": 0.022832592949271202,
          "y": 0.0067315008491277695,
          "z": -0.0007587838917970657
        },
        "scale": {
          "x": 1.0,
          "y": 1.0,
          "z": 1.0
        },
        "matrix_basis": [
          [
            0.9999082088470459,
            0.0018245326355099678,
            0.013424533419311047,
            0.0
          ],
          [
            -0.0012097421567887068,
            0.9989562034606934,
            -0.04566245153546333,
            0.0
          ],
          [
            -0.013493834063410759,
            0.04564201831817627,
            0.9988667368888855,
            0.0
          ],
          [
            0.0,
            0.0,
            0.0,
            1.0
          ]
        ],
        "rotation_mode": "QUATERNION"
      },
      "armature_space": {
        "head": {
          "x": 0.7277498245239258,
          "y": -0.34001263976097107,
          "z": 0.3797679841518402
        },
        "tail": {
          "x": 0.7546356916427612,
          "y": -0.3502858579158783,
          "z": 0.37473371624946594
        }
      },
      "world_space": {
        "head": {
          "x": 0.7277498245239258,
          "y": -0.27676862478256226,
          "z": 1.3296220302581787
        },
        "tail": {
          "x": 0.7546356916427612,
          "y": -0.2870418429374695,
          "z": 1.3245877027511597
        },
        "rotation_quaternion": {
          "w": 0.054121650755405426,
          "x": -0.8187499046325684,
          "y": -0.5668085813522339,
          "z": 0.0738082081079483
        },
        "matrix": [
          [
            0.34656041860580444,
            0.9201594591140747,
            -0.1822144091129303,
            0.7277498245239258
          ],
          [
            0.9361382722854614,
            -0.3515979051589966,
            0.004952555522322655,
            -0.27676862478256226
          ],
          [
            -0.05950859561562538,
            -0.17229585349559784,
            -0.9832531809806824,
            1.3296220302581787
          ],
          [
            0.0,
            0.0,
            0.0,
            1.0
          ]
        ]
      },
      "bone_length_armature_space": 0.02921870498884648,
      "parent": "index_02_l",
      "has_children": false,
      "is_end_bone": true
    },
    "metacarpal_pinky_l": {
      "name": "metacarpal_pinky_l",
      "local": {
        "location": {
          "x": 0.0,
          "y": 0.0,
          "z": 0.0
        },
        "rotation_quaternion": {
          "w": 0.9997316598892212,
          "x": -0.02118738368153572,
          "y": -0.009271279908716679,
          "z": 0.0013772884849458933
        },
        "scale": {
          "x": 1.0,
          "y": 1.0,
          "z": 1.0
        },
        "matrix_basis": [
          [
            0.9998242855072021,
            -0.0023609695490449667,
            -0.018595946952700615,
            0.0
          ],
          [
            0.003146706148982048,
            0.9990984201431274,
            0.04233785718679428,
            0.0
          ],
          [
            0.018479222431778908,
            -0.04238893464207649,
            0.9989302754402161,
            0.0
          ],
          [
            0.0,
            0.0,
            0.0,
            1.0
          ]
        ],
        "rotation_mode": "QUATERNION"
      },
      "armature_space": {
        "head": {
          "x": 0.6043286919593811,
          "y": -0.23245060443878174,
          "z": 0.41268885135650635
        },
        "tail": {
          "x": 0.7032686471939087,
          "y": -0.2636697590351105,
          "z": 0.40377458930015564
        }
      },
      "world_space": {
        "head": {
          "x": 0.6043286919593811,
          "y": -0.16920660436153412,
          "z": 1.3625428676605225
        },
        "tail": {
          "x": 0.7032686471939087,
          "y": -0.20042575895786285,
          "z": 1.3536286354064941
        },
        "rotation_quaternion": {
          "w": 0.5412136316299438,
          "x": 0.2583286762237549,
          "y": 0.23913012444972992,
          "z": -0.7636563777923584
        },
        "matrix": [
          [
            -0.28070735931396484,
            0.9501510858535767,
            -0.13570542633533478,
            0.6043286919593811
          ],
          [
            -0.7030550837516785,
            -0.29980728030204773,
            -0.6448484659194946,
            -0.16920660436153412
          ],
          [
            -0.6533941030502319,
            -0.08560629189014435,
            0.7521712779998779,
            1.3625428676605225
          ],
          [
            0.0,
            0.0,
            0.0,
            1.0
          ]
        ]
      },
      "bone_length_armature_space": 0.10413075663349017,
      "parent": "lowerarm_l",
      "has_children": true,
      "is_end_bone": false
    },
    "pinky_01_l": {
      "name": "pinky_01_l",
      "local": {
        "location": {
          "x": 0.0,
          "y": 0.0,
          "z": 0.0
        },
        "rotation_quaternion": {
          "w": 0.990250825881958,
          "x": -0.13928206264972687,
          "y": 0.0016188845038414001,
          "z": -0.0011722173076123
        },
        "scale": {
          "x": 1.0,
          "y": 1.0,
          "z": 1.0
        },
        "matrix_basis": [
          [
            0.9999920129776001,
            0.0018706151749938726,
            0.003532741218805313,
            0.0
          ],
          [
            -0.002772541483864188,
            0.9611982703208923,
            0.2758445739746094,
            0.0
          ],
          [
            -0.0028796656988561153,
            -0.27585214376449585,
            0.9611957669258118,
            0.0
          ],
          [
            0.0,
            0.0,
            0.0,
            1.0
          ]
        ],
        "rotation_mode": "QUATERNION"
      },
      "armature_space": {
        "head": {
          "x": 0.7032686471939087,
          "y": -0.2636697590351105,
