{
  "metadata": {
    "armature_name": "KIM_caucasian_male",
    "export_time": "2026-01-13T21:16:42.645591",
    "blender_version": "4.4.1",
    "bone_count": 56,
    "end_bone_count": 13,
    "spaces_included": [
      "LOCAL_CHANNELS",
      "ARMATURE_SPACE",
      "WORLD_SPACE"
    ],
    "note": "LOCAL matches Transform panel; replay pose via local.matrix_basis for best fidelity."
  },
  "bones": {
    "Root": {
      "name": "Root",
      "local": {
        "location": {
          "x": 0.0,
          "y": 0.0,
          "z": 0.0
        },
        "rotation_quaternion": {
          "w": 0.9997655153274536,
          "x": -0.0062990314327180386,
          "y": -0.013568510301411152,
          "z": -0.015656957402825356
        },
        "scale": {
          "x": 1.0,
          "y": 1.0,
          "z": 1.0
        },
        "matrix_basis": [
          [
            0.9991415143013,
            0.031477510929107666,
            -0.02693340927362442,
            0.0
          ],
          [
            -0.03113563545048237,
            0.9994303584098816,
            0.013019992038607597,
            0.0
          ],
          [
            0.027327904477715492,
            -0.012170225381851196,
            0.9995524287223816,
            0.0
          ],
          [
            0.0,
            0.0,
            0.0,
            1.0
          ]
        ],
        "rotation_mode": "QUATERNION"
      },
      "armature_space": {
        "head": {
          "x": 0.0,
          "y": 0.07072800397872925,
          "z": -0.009595036506652832
        },
        "tail": {
          "x": 0.0022467346861958504,
          "y": 0.00015706568956375122,
          "z": 0.0008553154766559601
        }
      },
      "world_space": {
        "head": {
          "x": 0.0,
          "y": 0.13397200405597687,
          "z": 0.9402589797973633
        },
        "tail": {
          "x": 0.0022467346861958504,
          "y": 0.06340106576681137,
          "z": 0.950709342956543
        },
        "rotation_quaternion": {
          "w": 0.07363659143447876,
          "x": 0.9970698952674866,
          "y": 0.014707306399941444,
          "z": -0.014592464081943035
        },
        "matrix": [
          [
            0.9991415143013,
            0.031477510929107666,
            -0.02693340927362442,
            0.0
          ],
          [
            0.02717933990061283,
            -0.9887226819992065,
            -0.14727133512496948,
            0.13397200405597687
          ],
          [
            -0.03126560151576996,
            0.1464129537343979,
            -0.9887363910675049,
            0.9402589797973633
          ],
          [
            0.0,
            0.0,
            0.0,
            1.0
          ]
        ]
      },
      "bone_length_armature_space": 0.07137587069094889,
      "parent": null,
      "has_children": true,
      "is_end_bone": false
    },
    "spine_01": {
      "name": "spine_01",
      "local": {
        "location": {
          "x": 0.0,
          "y": 0.0,
          "z": 0.0
        },
        "rotation_quaternion": {
          "w": 0.9922527074813843,
          "x": 0.10508716851472855,
          "y": 0.04750373214483261,
          "z": 0.04620232433080673
        },
        "scale": {
          "x": 1.0,
          "y": 1.0,
          "z": 1.0
        },
        "matrix_basis": [
          [
            0.9912174940109253,
            -0.08170469850301743,
            0.10398195683956146,
            0.0
          ],
          [
            0.10167282819747925,
            0.9736440777778625,
            -0.20415648818016052,
            0.0
          ],
          [
            -0.08456087112426758,
            0.21293562650680542,
            0.9734001755714417,
            0.0
          ],
          [
            0.0,
            0.0,
            0.0,
            1.0
          ]
        ],
        "rotation_mode": "QUATERNION"
      },
      "armature_space": {
        "head": {
          "x": 0.0022467346861958504,
          "y": 0.00015706568956375122,
          "z": 0.0008553154766559601
        },
        "tail": {
          "x": -0.020515795797109604,
          "y": -0.07623852789402008,
          "z": 0.4823051989078522
        }
      },
      "world_space": {
        "head": {
          "x": 0.0022467346861958504,
          "y": 0.06340106576681137,
          "z": 0.950709342956543
        },
        "tail": {
          "x": -0.020515795797109604,
          "y": -0.012994527816772461,
          "z": 1.432159185409546
        },
        "rotation_quaternion": {
          "w": 0.6489847302436829,
          "x": 0.7578134536743164,
          "y": 0.023339329287409782,
          "z": 0.06318959593772888
        },
        "matrix": [
          [
            0.9909247159957886,
            -0.0466444157063961,
            0.1260652095079422,
            0.0022467346861958504
          ],
          [
            0.11739153414964676,
            -0.15654794871807098,
            -0.9806692600250244,
            0.06340106576681137
          ],
          [
            0.06547854840755463,
            0.9865751266479492,
            -0.14965349435806274,
            0.950709342956543
          ],
          [
            0.0,
            0.0,
            0.0,
            1.0
          ]
        ]
      },
      "bone_length_armature_space": 0.4880045123876302,
      "parent": "Root",
      "has_children": true,
      "is_end_bone": false
    },
    "neck_01": {
      "name": "neck_01",
      "local": {
        "location": {
          "x": 0.0,
          "y": 0.0,
          "z": 0.0
        },
        "rotation_quaternion": {
          "w": 0.9958915710449219,
          "x": -0.028940653428435326,
          "y": 0.05934982746839523,
          "z": 0.06196963042020798
        },
        "scale": {
          "x": 1.0,
          "y": 1.0,
          "z": 1.0
        },
        "matrix_basis": [
          [
            0.9852747321128845,
            -0.12686531245708466,
            0.11462510377168655,
            0.0
          ],
          [
            0.11999481916427612,
            0.9906443953514099,
            0.0649992823600769,
            0.0
          ],
          [
            -0.12179886549711227,
            -0.05028773099184036,
            0.9912800788879395,
            0.0
          ],
          [
            0.0,
            0.0,
            0.0,
            1.0
          ]
        ],
        "rotation_mode": "QUATERNION"
      },
      "armature_space": {
        "head": {
          "x": -0.01955903321504593,
          "y": -0.12171076238155365,
          "z": 0.5493506193161011
        },
        "tail": {
          "x": -0.032652176916599274,
          "y": -0.17139215767383575,
          "z": 0.6380695700645447
        }
      },
      "world_space": {
        "head": {
          "x": -0.01955903321504593,
          "y": -0.05846676230430603,
          "z": 1.4992046356201172
        },
        "tail": {
          "x": -0.032652176916599274,
          "y": -0.10814815759658813,
          "z": 1.587923526763916
        },
        "rotation_quaternion": {
          "w": 0.5075784921646118,
          "x": 0.8502084016799927,
          "y": 0.008140568621456623,
          "z": 0.13944034278392792
        },
        "matrix": [
          [
            0.9609804153442383,
            -0.12771141529083252,
            0.24536988139152527,
            -0.01955903321504593
          ],
          [
            0.15539556741714478,
            -0.4845956563949585,
            -0.8608250021934509,
            -0.05846676230430603
          ],
          [
            0.2288440465927124,
            0.8653707504272461,
            -0.4458450376987457,
            1.4992046356201172
          ],
          [
            0.0,
            0.0,
            0.0,
            1.0
          ]
        ]
      },
      "bone_length_armature_space": 0.10252182111655558,
      "parent": "spine_01",
      "has_children": true,
      "is_end_bone": false
    },
    "head": {
      "name": "head",
      "local": {
        "location": {
          "x": 0.0,
          "y": 0.0,
          "z": 0.0
        },
        "rotation_quaternion": {
          "w": 0.9716281294822693,
          "x": 0.03690933808684349,
          "y": -0.15688686072826385,
          "z": -0.1730981022119522
        },
        "scale": {
          "x": 1.0,
          "y": 1.0,
          "z": 1.0
        },
        "matrix_basis": [
          [
            0.8908471465110779,
            0.3247928023338318,
            -0.317649245262146,
            0.0
          ],
          [
            -0.3479551374912262,
            0.9373494982719421,
            -0.01741066575050354,
            0.0
          ],
          [
            0.29209351539611816,
            0.12603794038295746,
            0.9480484127998352,
            0.0
          ],
          [
            0.0,
            0.0,
            0.0,
            1.0
          ]
        ],
        "rotation_mode": "QUATERNION"
      },
      "armature_space": {
        "head": {
          "x": -0.032652128487825394,
          "y": -0.1713922619819641,
          "z": 0.6380694508552551
        },
        "tail": {
          "x": -0.01100488007068634,
          "y": -0.20329855382442474,
          "z": 0.7882915139198303
        }
      },
      "world_space": {
        "head": {
          "x": -0.032652128487825394,
          "y": -0.10814826190471649,
          "z": 1.587923526763916
        },
        "tail": {
          "x": -0.01100488007068634,
          "y": -0.14005455374717712,
          "z": 1.7381455898284912
        },
        "rotation_quaternion": {
          "w": 0.6300634741783142,
          "x": 0.7705506086349487,
          "y": 0.012501968070864677,
          "z": -0.09547576308250427
        },
        "matrix": [
          [
            0.9814562797546387,
            0.1395784318447113,
            -0.1313828080892563,
            -0.032652128487825394
          ],
          [
            -0.10104396939277649,
            -0.20572727918624878,
            -0.9733791351318359,
            -0.10814826190471649
          ],
          [
            -0.16289293766021729,
            0.9686108231544495,
            -0.18781092762947083,
            1.587923526763916
          ],
          [
            0.0,
            0.0,
            0.0,
            1.0
          ]
        ]
      },
      "bone_length_armature_space": 0.15509121035867982,
      "parent": "neck_01",
      "has_children": false,
      "is_end_bone": true
    },
    "upperarm_l": {
      "name": "upperarm_l",
      "local": {
        "location": {
          "x": 0.0,
          "y": 0.0,
          "z": 0.0
        },
        "rotation_quaternion": {
          "w": 0.8881973028182983,
          "x": 0.20772922039031982,
          "y": 0.3866717219352722,
          "z": 0.13579048216342926
        },
        "scale": {
          "x": 1.0,
          "y": 1.0,
          "z": 1.0
        },
        "matrix_basis": [
          [
            0.6640918254852295,
            -0.08057145029306412,
            0.7432968616485596,
            0.0
          ],
          [
            0.4018635153770447,
            0.8768190145492554,
            -0.2639963924884796,
            0.0
          ],
          [
            -0.6304662823677063,
            0.4740217328071594,
            0.6146671175956726,
            0.0
          ],
          [
            0.0,
            0.0,
            0.0,
            1.0
          ]
        ],
        "rotation_mode": "QUATERNION"
      },
      "armature_space": {
        "head": {
          "x": 0.1326165795326233,
          "y": -0.096708282828331,
          "z": 0.49238964915275574
        },
        "tail": {
          "x": 0.38484132289886475,
          "y": -0.18652129173278809,
          "z": 0.5035212635993958
        }
      },
      "world_space": {
        "head": {
          "x": 0.1326165795326233,
          "y": -0.033464282751083374,
          "z": 1.4422436952590942
        },
        "tail": {
          "x": 0.38484132289886475,
          "y": -0.12327729165554047,
          "z": 1.4533753395080566
        },
        "rotation_quaternion": {
          "w": 0.17385520040988922,
          "x": 0.789130449295044,
          "y": 0.549720823764801,
          "z": -0.21178901195526123
        },
        "matrix": [
          [
            0.3059043288230896,
            0.9412444829940796,
            -0.14311273396015167,
            0.1326165795326233
          ],
          [
            0.7939617037773132,
            -0.33516135811805725,
            -0.5072396397590637,
            -0.033464282751083374
          ],
          [
            -0.5254052877426147,
            0.04154069721698761,
            -0.8498457670211792,
            1.4422436952590942
          ],
          [
            0.0,
            0.0,
            0.0,
            1.0
          ]
        ]
      },
      "bone_length_armature_space": 0.26796941688695464,
      "parent": "spine_01",
      "has_children": true,
      "is_end_bone": false
    },
    "lowerarm_l": {
      "name": "lowerarm_l",
      "local": {
        "location": {
          "x": 0.0,
          "y": 0.0,
          "z": 0.0
        },
        "rotation_quaternion": {
          "w": 0.9738494157791138,
          "x": 0.037917330861091614,
          "y": -0.042686402797698975,
          "z": -0.21990352869033813
        },
        "scale": {
          "x": 1.0,
          "y": 1.0,
          "z": 1.0
        },
        "matrix_basis": [
          [
            0.8996406197547913,
            0.425068736076355,
            -0.09981656819581985,
            0.0
          ],
          [
            -0.4315429627895355,
            0.9004094004631042,
            -0.05507776141166687,
            0.0
          ],
          [
            0.06646394729614258,
            0.09262531995773315,
            0.9934802651405334,
            0.0
          ],
          [
            0.0,
            0.0,
            0.0,
            1.0
          ]
        ],
        "rotation_mode": "QUATERNION"
      },
      "armature_space": {
        "head": {
          "x": 0.3848413825035095,
          "y": -0.18652144074440002,
          "z": 0.5035213232040405
        },
        "tail": {
          "x": 0.6306564807891846,
          "y": -0.22936123609542847,
          "z": 0.40703725814819336
        }
      },
      "world_space": {
        "head": {
          "x": 0.3848413825035095,
          "y": -0.1232774406671524,
          "z": 1.4533753395080566
        },
        "tail": {
          "x": 0.6306564807891846,
          "y": -0.16611723601818085,
          "z": 1.3568912744522095
        },
        "rotation_quaternion": {
          "w": 0.09267109632492065,
          "x": 0.6618841290473938,
          "y": 0.6413606405258179,
          "z": -0.3767998516559601
        },
        "matrix": [
          [
            -0.10664502531290054,
            0.9188507199287415,
            -0.3799207806587219,
            0.3848413825035095
          ],
          [
            0.7791746258735657,
            -0.16013413667678833,
            -0.6060068011283875,
            -0.1232774406671524
          ],
          [
            -0.6176717281341553,
            -0.3606550693511963,
            -0.6988731622695923,
            1.4533753395080566
          ],
          [
            0.0,
            0.0,
            0.0,
            1.0
          ]
        ]
      },
      "bone_length_armature_space": 0.26752473588304565,
      "parent": "upperarm_l",
      "has_children": true,
      "is_end_bone": false
    },
    "metacarpal_thumb_l": {
      "name": "metacarpal_thumb_l",
      "local": {
        "location": {
          "x": 0.0,
          "y": 0.0,
          "z": 0.0
        },
        "rotation_quaternion": {
          "w": 0.9996957778930664,
          "x": -0.01324771624058485,
          "y": -0.0205979160964489,
          "z": -0.0029336754232645035
        },
        "scale": {
          "x": 1.0,
          "y": 1.0,
          "z": 1.0
        },
        "matrix_basis": [
          [
            0.9991342425346375,
            0.006411316338926554,
            -0.04110557213425636,
            0.0
          ],
          [
            -0.005319815129041672,
            0.9996317625045776,
            0.02660822682082653,
            0.0
          ],
          [
            0.04126102849841118,
            -0.026366516947746277,
            0.9988004565238953,
            0.0
          ],
          [
            0.0,
            0.0,
            0.0,
            1.0
          ]
        ],
        "rotation_mode": "QUATERNION"
      },
      "armature_space": {
        "head": {
          "x": 0.6306564807891846,
          "y": -0.22936123609542847,
          "z": 0.40703725814819336
        },
        "tail": {
          "x": 0.6550878882408142,
          "y": -0.2471499741077423,
          "z": 0.36779093742370605
        }
      },
      "world_space": {
        "head": {
          "x": 0.6306564807891846,
          "y": -0.16611723601818085,
          "z": 1.3568912744522095
        },
        "tail": {
          "x": 0.6550878882408142,
          "y": -0.1839059740304947,
          "z": 1.3176449537277222
        },
        "rotation_quaternion": {
          "w": 0.4821245074272156,
          "x": -0.8243443965911865,
          "y": -0.2966373562812805,
          "z": -0.004319767467677593
        },
        "matrix": [
          [
            0.8239743113517761,
            0.49322816729545593,
            -0.27891215682029724,
            0.6306564807891846
          ],
          [
            0.48489949107170105,
            -0.3591243028640747,
            0.7974349856376648,
            -0.16611723601818085
          ],
          [
            0.2931557893753052,
            -0.7923160195350647,
            -0.5350783467292786,
            1.3568912744522095
          ],
          [
            0.0,
            0.0,
            0.0,
            1.0
          ]
        ]
      },
      "bone_length_armature_space": 0.04953389261424749,
      "parent": "lowerarm_l",
      "has_children": true,
      "is_end_bone": false
    },
    "thumb_01_l": {
      "name": "thumb_01_l",
      "local": {
        "location": {
          "x": 0.0,
          "y": 0.0,
          "z": 0.0
        },
        "rotation_quaternion": {
          "w": 0.9810712933540344,
          "x": 0.1932288110256195,
          "y": -0.0036545475013554096,
          "z": 0.012181653641164303
        },
        "scale": {
          "x": 1.0,
          "y": 1.0,
          "z": 1.0
        },
        "matrix_basis": [
          [
            0.999676525592804,
            -0.025314468890428543,
            -0.0024630504194647074,
            0.0
          ],
          [
            0.022489814087748528,
            0.9250284433364868,
            -0.3792315125465393,
            0.0
          ],
          [
            0.01187843643128872,
            0.3790534436702728,
            0.9252985119819641,
            0.0
          ],
          [
            0.0,
            0.0,
            0.0,
            1.0
          ]
        ],
        "rotation_mode": "QUATERNION"
      },
      "armature_space": {
        "head": {
          "x": 0.6550878882408142,
          "y": -0.2471499741077423,
          "z": 0.36779093742370605
        },
        "tail": {
          "x": 0.6659839749336243,
          "y": -0.23043422400951385,
          "z": 0.3402138948440552
        }
      },
      "world_space": {
        "head": {
          "x": 0.6550878882408142,
          "y": -0.1839059740304947,
          "z": 1.3176449537277222
        },
        "tail": {
          "x": 0.6659839749336243,
          "y": -0.16719022393226624,
          "z": 1.2900679111480713
        },
        "rotation_quaternion": {
          "w": 0.8029690384864807,
          "x": -0.36813199520111084,
          "y": 0.3174619674682617,
          "z": -0.34487321972846985
        },
        "matrix": [
          [
            0.560559868812561,
            0.3201103210449219,
            0.7637419104576111,
            0.6550878882408142
          ],
          [
            -0.7875814437866211,
            0.49108245968818665,
            0.3722282648086548,
            -0.1839059740304947
          ],
          [
            -0.25590837001800537,
            -0.8101704120635986,
            0.5273981094360352,
            1.3176449537277222
          ],
          [
            0.0,
            0.0,
            0.0,
            1.0
          ]
        ]
      },
      "bone_length_armature_space": 0.03403871737782889,
      "parent": "metacarpal_thumb_l",
      "has_children": true,
      "is_end_bone": false
    },
    "thumb_02_l": {
      "name": "thumb_02_l",
      "local": {
        "location": {
          "x": 0.0,
          "y": 0.0,
          "z": 0.0
        },
        "rotation_quaternion": {
          "w": 0.9359940886497498,
          "x": 0.3519068956375122,
          "y": 0.0002792137674987316,
          "z": 0.008749051950871944
        },
        "scale": {
          "x": 1.0,
          "y": 1.0,
          "z": 1.0
        },
        "matrix_basis": [
          [
            0.9998467564582825,
            -0.01618160679936409,
            0.00668038846924901,
            0.0
          ],
          [
            0.016574636101722717,
            0.7521699666976929,
            -0.658760666847229,
            0.0
          ],
          [
            0.005635018460452557,
            0.6587704420089722,
            0.7523229122161865,
            0.0
          ],
          [
            0.0,
            0.0,
            0.0,
            1.0
          ]
        ],
        "rotation_mode": "QUATERNION"
      },
      "armature_space": {
        "head": {
          "x": 0.6659839153289795,
          "y": -0.23043422400951385,
          "z": 0.3402138948440552
        },
        "tail": {
          "x": 0.7005517482757568,
          "y": -0.24364346265792847,
          "z": 0.35582685470581055
        }
      },
      "world_space": {
        "head": {
          "x": 0.6659839153289795,
          "y": -0.16719022393226624,
          "z": 1.2900679111480713
        },
        "tail": {
          "x": 0.7005517482757568,
          "y": -0.18039946258068085,
          "z": 1.3056808710098267
        },
        "rotation_quaternion": {
          "w": 0.579120934009552,
          "x": 0.318305641412735,
          "y": -0.013359582051634789,
          "z": -0.7504146099090576
        },
        "matrix": [
          [
            -0.12659965455532074,
            0.8606579303741455,
            -0.4931938350200653,
            0.6659839153289795
          ],
          [
            -0.8776664733886719,
            -0.32887911796569824,
            -0.3486265540122986,
            -0.16719022393226624
          ],
          [
            -0.46225327253341675,
            0.38872629404067993,
            0.7970117330551147,
            1.2900679111480713
          ],
          [
            0.0,
            0.0,
            0.0,
            1.0
          ]
        ]
      },
      "bone_length_armature_space": 0.04016445640389079,
      "parent": "thumb_01_l",
      "has_children": true,
      "is_end_bone": false
    },
    "thumb_03_l": {
      "name": "thumb_03_l",
      "local": {
        "location": {
          "x": 0.0,
          "y": 0.0,
          "z": 0.0
        },
        "rotation_quaternion": {
          "w": 0.9841358065605164,
          "x": 0.17722278833389282,
          "y": 0.0062589021399617195,
          "z": 0.0054498170502483845
        },
        "scale": {
          "x": 1.0,
          "y": 1.0,
          "z": 1.0
        },
        "matrix_basis": [
          [
            0.9998622536659241,
            -0.008508279919624329,
            0.014250882901251316,
            0.0
          ],
          [
            0.012945160269737244,
            0.9371247887611389,
            -0.3487543761730194,
            0.0
          ],
          [
            -0.010387555696070194,
            0.3488908112049103,
            0.9371058344841003,
            0.0
          ],
          [
            0.0,
            0.0,
            0.0,
            1.0
          ]
        ],
        "rotation_mode": "QUATERNION"
      },
      "armature_space": {
        "head": {
          "x": 0.7005517482757568,
          "y": -0.24364347755908966,
          "z": 0.3558267652988434
        },
        "tail": {
          "x": 0.713561475276947,
          "y": -0.2572786211967468,
          "z": 0.37973761558532715
        }
      },
      "world_space": {
        "head": {
          "x": 0.7005517482757568,
          "y": -0.18039947748184204,
          "z": 1.305680751800537
        },
        "tail": {
          "x": 0.713561475276947,
          "y": -0.1940346211194992,
          "z": 1.3295916318893433
        },
        "rotation_quaternion": {
          "w": 0.5079507827758789,
          "x": 0.6185401082038879,
          "y": -0.13436245918273926,
          "z": -0.584243893623352
        },
        "matrix": [
          [
            0.28121185302734375,
            0.42732030153274536,
            -0.8592537641525269,
            0.7005517482757568
          ],
          [
            -0.759752094745636,
            -0.44786274433135986,
            -0.4713769555091858,
            -0.18039947748184204
          ],
          [
            -0.5862611532211304,
            0.7853817939758301,
            0.19871407747268677,
            1.305680751800537
          ],
          [
            0.0,
            0.0,
            0.0,
            1.0
          ]
        ]
      },
      "bone_length_armature_space": 0.030445014036744118,
      "parent": "thumb_02_l",
      "has_children": false,
      "is_end_bone": true
    },
    "metacarpal_index_l": {
      "name": "metacarpal_index_l",
      "local": {
        "location": {
          "x": 0.0,
          "y": 0.0,
          "z": 0.0
        },
        "rotation_quaternion": {
          "w": 0.9988387823104858,
          "x": -0.04516454413533211,
          "y": -0.005640348885208368,
          "z": -0.015798410400748253
        },
        "scale": {
          "x": 1.0,
          "y": 1.0,
          "z": 1.0
        },
        "matrix_basis": [
          [
            0.9994372129440308,
            0.0320696160197258,
            -0.009840542450547218,
            0.0
          ],
          [
            -0.03105064295232296,
            0.9954211711883545,
            0.09040241688489914,
            0.0
          ],
          [
            0.012694654054939747,
            -0.0900459811091423,
            0.9958567023277283,
            0.0
          ],
          [
            0.0,
            0.0,
            0.0,
            1.0
          ]
        ],
        "rotation_mode": "QUATERNION"
      },
      "armature_space": {
        "head": {
          "x": 0.6306564807891846,
          "y": -0.22936123609542847,
          "z": 0.40703725814819336
        },
        "tail": {
          "x": 0.7252658009529114,
          "y": -0.26429325342178345,
          "z": 0.347387433052063
        }
      },
      "world_space": {
        "head": {
          "x": 0.6306564807891846,
          "y": -0.16611723601818085,
          "z": 1.3568912744522095
        },
        "tail": {
          "x": 0.7252658009529114,
          "y": -0.20104925334453583,
          "z": 1.297241449356079
        },
        "rotation_quaternion": {
          "w": 0.2527032196521759,
          "x": -0.7996736764907837,
          "y": -0.5357962250709534,
          "z": 0.09790664166212082
        },
        "matrix": [
          [
            0.406671941280365,
            0.8074412941932678,
            -0.42738279700279236,
            0.6306564807891846
          ],
          [
            0.90640789270401,
            -0.29812660813331604,
            0.2992417514324188,
            -0.16611723601818085
          ],
          [
            0.11420760303735733,
            -0.5090804100036621,
            -0.8531165719032288,
            1.3568912744522095
          ],
          [
            0.0,
            0.0,
            0.0,
            1.0
          ]
        ]
      },
      "bone_length_armature_space": 0.11717197196125739,
      "parent": "lowerarm_l",
      "has_children": true,
      "is_end_bone": false
    },
    "index_01_l": {
      "name": "index_01_l",
      "local": {
        "location": {
          "x": 0.0,
          "y": 0.0,
          "z": 0.0
        },
        "rotation_quaternion": {
          "w": 0.9667689800262451,
          "x": 0.2547764182090759,
          "y": -0.020020365715026855,
          "z": -0.006783473305404186
        },
        "scale": {
          "x": 1.0,
          "y": 1.0,
          "z": 1.0
        },
        "matrix_basis": [
          [
            0.9991063475608826,
            0.002914668992161751,
            -0.04216667637228966,
            0.0
          ],
          [
            -0.02331753820180893,
            0.8700858950614929,
            -0.49234825372695923,
            0.0
          ],
          [
            0.03525359928607941,
            0.49289149045944214,
            0.8693763017654419,
            0.0
          ],
          [
            0.0,
            0.0,
            0.0,
            1.0
          ]
        ],
        "rotation_mode": "QUATERNION"
      },
      "armature_space": {
        "head": {
          "x": 0.7252658009529114,
          "y": -0.26429325342178345,
          "z": 0.347387433052063
        },
        "tail": {
          "x": 0.7445200085639954,
          "y": -0.25996434688568115,
          "z": 0.32680565118789673
        }
      },
      "world_space": {
        "head": {
          "x": 0.7252658009529114,
          "y": -0.20104925334453583,
          "z": 1.297241449356079
        },
        "tail": {
          "x": 0.7445200085639954,
          "y": -0.19672034680843353,
          "z": 1.2766597270965576
        },
        "rotation_quaternion": {
          "w": 0.38262251019477844,
          "x": -0.623980700969696,
          "y": -0.655369222164154,
          "z": 0.18638508021831512
        },
        "matrix": [
          [
            0.07150665670633316,
            0.6752466559410095,
            -0.7341173887252808,
            0.7252658009529114
          ],
          [
            0.9605056643486023,
            0.1518152505159378,
            0.23319855332374573,
            -0.20104925334453583
          ],
          [
            0.26891958713531494,
            -0.721804141998291,
            -0.6377265453338623,
            1.297241449356079
          ],
          [
            0.0,
            0.0,
            0.0,
            1.0
          ]
        ]
      },
      "bone_length_armature_space": 0.028514446906190184,
      "parent": "metacarpal_index_l",
      "has_children": true,
      "is_end_bone": false
    },
    "index_02_l": {
      "name": "index_02_l",
      "local": {
        "location": {
          "x": 0.0,
          "y": 0.0,
          "z": 0.0
        },
        "rotation_quaternion": {
          "w": 0.9248098134994507,
          "x": 0.38022300601005554,
          "y": -0.008055257610976696,
          "z": -0.009623526595532894
        },
        "scale": {
          "x": 1.0,
          "y": 1.0,
          "z": 1.0
        },
        "matrix_basis": [
          [
            0.9996849894523621,
            0.011674274690449238,
            -0.022217335179448128,
            0.0
          ],
          [
            -0.023925451561808586,
            0.7106757164001465,
            -0.7031129002571106,
            0.0
          ],
          [
            0.007580989971756935,
            0.7034229636192322,
            0.7107311487197876,
            0.0
          ],
          [
            0.0,
            0.0,
            0.0,
            1.0
          ]
        ],
        "rotation_mode": "QUATERNION"
      },
      "armature_space": {
        "head": {
          "x": 0.7445200085639954,
          "y": -0.2599644362926483,
          "z": 0.32680508494377136
        },
        "tail": {
          "x": 0.7444722056388855,
          "y": -0.25333961844444275,
          "z": 0.302021861076355
        }
      },
      "world_space": {
        "head": {
          "x": 0.7445200085639954,
          "y": -0.1967204362154007,
          "z": 1.2766591310501099
        },
        "tail": {
          "x": 0.7444722056388855,
          "y": -0.19009561836719513,
          "z": 1.251875877380371
        },
        "rotation_quaternion": {
          "w": 0.5559932589530945,
          "x": -0.42605215311050415,
          "y": -0.5656798481941223,
          "z": 0.43515220284461975
        },
        "matrix": [
          [
            -0.018703773617744446,
            -0.0018628835678100586,
            -0.9998232126235962,
            0.7445200085639954
          ],
          [
            0.9659018516540527,
            0.2582441568374634,
            -0.018550537526607513,
            -0.1967204362154007
          ],
          [
            0.25823578238487244,
            -0.9660844802856445,
            -0.003030717372894287,
            1.2766591310501099
          ],
          [
            0.0,
            0.0,
            0.0,
            1.0
          ]
        ]
      },
      "bone_length_armature_space": 0.025653433823408622,
      "parent": "index_01_l",
      "has_children": true,
      "is_end_bone": false
    },
    "index_03_l": {
      "name": "index_03_l",
      "local": {
        "location": {
          "x": 0.0,
          "y": 0.0,
          "z": 0.0
        },
        "rotation_quaternion": {
          "w": 0.9699349403381348,
          "x": 0.2432231903076172,
          "y": -0.0020585982128977776,
          "z": -0.008039486594498158
        },
        "scale": {
          "x": 1.0,
          "y": 1.0,
          "z": 1.0
        },
        "matrix_basis": [
          [
            0.9998622536659241,
            0.01459416002035141,
            -0.007904191501438618,
            0.0
          ],
          [
            -0.016596956178545952,
            0.8815556764602661,
            -0.471788227558136,
            0.0
          ],
          [
            8.263351628556848e-05,
            0.47185444831848145,
            0.8816764950752258,
            0.0
          ],
          [
            0.0,
            0.0,
            0.0,
            1.0
          ]
        ],
        "rotation_mode": "QUATERNION"
      },
      "armature_space": {
        "head": {
          "x": 0.744472324848175,
          "y": -0.25333964824676514,
          "z": 0.302021861076355
        },
        "tail": {
          "x": 0.7284306883811951,
          "y": -0.24382169544696808,
          "z": 0.2795315980911255
        }
      },
      "world_space": {
        "head": {
          "x": 0.744472324848175,
          "y": -0.19009564816951752,
          "z": 1.251875877380371
        },
        "tail": {
          "x": 0.7284306883811951,
          "y": -0.18057769536972046,
          "z": 1.2293856143951416
        },
        "rotation_quaternion": {
          "w": 0.6919746994972229,
          "x": -0.22409430146217346,
          "y": -0.42900630831718445,
          "z": 0.5356364846229553
        },
        "matrix": [
          [
            0.05809240788221359,
            -0.549019992351532,
            -0.833787739276886,
            0.744472324848175
          ],
          [
            0.9335700869560242,
            0.3257487416267395,
            -0.14944979548454285,
            -0.19009564816951752
          ],
          [
            0.3536595404148102,
            -0.7697224020957947,
            0.5314757823944092,
            1.251875877380371
          ],
          [
            0.0,
            0.0,
            0.0,
            1.0
          ]
        ]
      },
      "bone_length_armature_space": 0.02921878607493197,
      "parent": "index_02_l",
      "has_children": false,
      "is_end_bone": true
    },
    "metacarpal_pinky_l": {
      "name": "metacarpal_pinky_l",
      "local": {
        "location": {
          "x": 0.0,
          "y": 0.0,
          "z": 0.0
        },
        "rotation_quaternion": {
          "w": 0.9986550807952881,
          "x": -0.04867630824446678,
          "y": 0.014979950152337551,
          "z": -0.009709162637591362
        },
        "scale": {
          "x": 1.0,
          "y": 1.0,
          "z": 1.0
        },
        "matrix_basis": [
          [
            0.9993626475334167,
            0.01793387159705162,
            0.030864819884300232,
            0.0
          ],
          [
            -0.020850546658039093,
            0.9950727224349976,
            0.09693080186843872,
            0.0
          ],
          [
            -0.028974393382668495,
            -0.09751257300376892,
            0.9948124289512634,
            0.0
          ],
          [
            0.0,
            0.0,
            0.0,
            1.0
          ]
        ],
        "rotation_mode": "QUATERNION"
      },
      "armature_space": {
        "head": {
          "x": 0.6306564807891846,
          "y": -0.22936123609542847,
          "z": 0.40703725814819336
        },
        "tail": {
          "x": 0.7321897745132446,
          "y": -0.21708007156848907,
          "z": 0.38745731115341187
        }
      },
      "world_space": {
        "head": {
          "x": 0.6306564807891846,
          "y": -0.16611723601818085,
          "z": 1.3568912744522095
        },
        "tail": {
          "x": 0.7321897745132446,
          "y": -0.15383607149124146,
          "z": 1.3373112678527832
        },
        "rotation_quaternion": {
          "w": 0.5761776566505432,
          "x": 0.318630576133728,
          "y": 0.4764330983161926,
          "z": -0.5826708674430847
        },
        "matrix": [
          [
            -0.13298609852790833,
            0.9750559329986572,
            0.17770788073539734,
            0.6306564807891846
          ],
          [
            -0.36783334612846375,
            0.11793988198041916,
            -0.9223822355270386,
            -0.16611723601818085
          ],
          [
            -0.9203400611877441,
            -0.18803226947784424,
            0.3429752290248871,
            1.3568912744522095
          ],
          [
            0.0,
            0.0,
            0.0,
            1.0
          ]
        ]
      },
      "bone_length_armature_space": 0.10413074056263431,
      "parent": "lowerarm_l",
      "has_children": true,
      "is_end_bone": false
    },
    "pinky_01_l": {
      "name": "pinky_01_l",
      "local": {
        "location": {
          "x": 0.0,
          "y": 0.0,
          "z": 0.0
        },
        "rotation_quaternion": {
          "w": 0.9544669389724731,
          "x": 0.2980697751045227,
          "y": -0.008346990682184696,
          "z": -0.008819672279059887
        },
        "scale": {
          "x": 1.0,
          "y": 1.0,
          "z": 1.0
        },
        "matrix_basis": [
          [
            0.9997050762176514,
            0.011860200203955173,
            -0.021191608160734177,
            0.0
          ],
          [
            -0.021812142804265022,
            0.8221532702445984,
            -0.5688482522964478,
            0.0
          ],
          [
            0.010676098056137562,
            0.5691426992416382,
            0.8221694827079773,
            0.0
          ],
          [
            0.0,
            0.0,
            0.0,
            1.0
          ]
        ],
        "rotation_mode": "QUATERNION"
      },
      "armature_space": {
        "head": {
          "x": 0.7321897745132446,
          "y": -0.21708007156848907,
          "z": 0.38745731115341187
        },
        "tail": {
