{
  "metadata": {
    "armature_name": "KIM_caucasian_male",
    "export_time": "2026-01-13T21:04:39.244542",
    "blender_version": "4.4.1",
    "bone_count": 56,
    "end_bone_count": 13,
    "spaces_included": [
      "LOCAL_CHANNELS",
      "ARMATURE_SPACE",
      "WORLD_SPACE"
    ],
    "note": "LOCAL matches Transform panel; replay pose via local.matrix_basis for best fidelity."
  },
  "bones": {
    "Root": {
      "name": "Root",
      "local": {
        "location": {
          "x": 0.0,
          "y": 0.0,
          "z": 0.0
        },
        "rotation_quaternion": {
          "w": 0.9998342394828796,
          "x": 0.017883973196148872,
          "y": -0.0034454218111932278,
          "z": 1.1059688404202461e-05
        },
        "scale": {
          "x": 1.0,
          "y": 1.0,
          "z": 1.0
        },
        "matrix_basis": [
          [
            0.9999762773513794,
            -0.00014535136870108545,
            -0.006889306008815765,
            0.0
          ],
          [
            -0.0001011199492495507,
            0.9993603229522705,
            -0.03576209396123886,
            0.0
          ],
          [
            0.006890097167342901,
            0.035761941224336624,
            0.9993366003036499,
            0.0
          ],
          [
            0.0,
            0.0,
            0.0,
            1.0
          ]
        ],
        "rotation_mode": "QUATERNION"
      },
      "armature_space": {
        "head": {
          "x": 0.0,
          "y": 0.07072800397872925,
          "z": -0.009595036506652832
        },
        "tail": {
          "x": -1.0374580597272143e-05,
          "y": -0.0002978891134262085,
          "z": -0.002535526640713215
        }
      },
      "world_space": {
        "head": {
          "x": 0.0,
          "y": 0.13397200405597687,
          "z": 0.9402589797973633
        },
        "tail": {
          "x": -1.0374580597272143e-05,
          "y": 0.06294611096382141,
          "z": 0.9473184943199158
        },
        "rotation_quaternion": {
          "w": 0.049513135105371475,
          "x": 0.9987675547599792,
          "y": -0.00024314539041370153,
          "z": -0.003436849918216467
        },
        "matrix": [
          [
            0.9999762773513794,
            -0.00014535136870108545,
            -0.006889306008815765,
            0.0
          ],
          [
            -0.0008260315516963601,
            -0.995096743106842,
            -0.09890302270650864,
            0.13397200405597687
          ],
          [
            -0.00684119900688529,
            0.09890611469745636,
            -0.995080292224884,
            0.9402589797973633
          ],
          [
            0.0,
            0.0,
            0.0,
            1.0
          ]
        ]
      },
      "bone_length_armature_space": 0.07137586483803174,
      "parent": null,
      "has_children": true,
      "is_end_bone": false
    },
    "spine_01": {
      "name": "spine_01",
      "local": {
        "location": {
          "x": 0.0,
          "y": 0.0,
          "z": 0.0
        },
        "rotation_quaternion": {
          "w": 0.99678635597229,
          "x": 0.056409407407045364,
          "y": 0.056018490344285965,
          "z": 0.009854152798652649
        },
        "scale": {
          "x": 1.0,
          "y": 1.0,
          "z": 1.0
        },
        "matrix_basis": [
          [
            0.9935296773910522,
            -0.013325029984116554,
            0.11278866976499557,
            0.0
          ],
          [
            0.02596491016447544,
            0.9934417605400085,
            -0.11135222762823105,
            0.0
          ],
          [
            -0.1105652004480362,
            0.1135602816939354,
            0.9873598217964172,
            0.0
          ],
          [
            0.0,
            0.0,
            0.0,
            1.0
          ]
        ],
        "rotation_mode": "QUATERNION"
      },
      "armature_space": {
        "head": {
          "x": -1.0374580597272143e-05,
          "y": -0.0002978891134262085,
          "z": -0.002535526640713215
        },
        "tail": {
          "x": -0.0032336667645722628,
          "y": -0.050382621586322784,
          "z": 0.4828813970088959
        }
      },
      "world_space": {
        "head": {
          "x": -1.0374580597272143e-05,
          "y": 0.06294611096382141,
          "z": 0.9473184943199158
        },
        "tail": {
          "x": -0.0032336667645722628,
          "y": 0.012861378490924835,
          "z": 1.4327354431152344
        },
        "rotation_quaternion": {
          "w": 0.6689296960830688,
          "x": 0.7412263751029968,
          "y": 0.03488067165017128,
          "z": 0.04358761012554169
        },
        "matrix": [
          [
            0.9937670230865479,
            -0.006605090573430061,
            0.11128191649913788,
            -1.0374580597272143e-05
          ],
          [
            0.11002295464277267,
            -0.10263238847255707,
            -0.9886159896850586,
            0.06294611096382141
          ],
          [
            0.017951251938939095,
            0.9947043061256409,
            -0.10126759856939316,
            0.9473184943199158
          ],
          [
            0.0,
            0.0,
            0.0,
            1.0
          ]
        ]
      },
      "bone_length_armature_space": 0.48800456792313374,
      "parent": "Root",
      "has_children": true,
      "is_end_bone": false
    },
    "neck_01": {
      "name": "neck_01",
      "local": {
        "location": {
          "x": 0.0,
          "y": 0.0,
          "z": 0.0
        },
        "rotation_quaternion": {
          "w": 0.9925219416618347,
          "x": -0.0774429589509964,
          "y": 0.02057049795985222,
          "z": 0.09208530932664871
        },
        "scale": {
          "x": 1.0,
          "y": 1.0,
          "z": 1.0
        },
        "matrix_basis": [
          [
            0.9821943044662476,
            -0.1859794557094574,
            0.026570623740553856,
            0.0
          ],
          [
            0.1796073019504547,
            0.9710457921028137,
            0.15751615166664124,
            0.0
          ],
          [
            -0.055096060037612915,
            -0.14993919432163239,
            0.9871588945388794,
            0.0
          ],
          [
            0.0,
            0.0,
            0.0,
            1.0
          ]
        ],
        "rotation_mode": "QUATERNION"
      },
      "armature_space": {
        "head": {
          "x": 0.0001420245971530676,
          "y": -0.09218284487724304,
          "z": 0.5522000789642334
        },
        "tail": {
          "x": -0.016803327947854996,
          "y": -0.12763138115406036,
          "z": 0.6468943357467651
        }
      },
      "world_space": {
        "head": {
          "x": 0.0001420245971530676,
          "y": -0.028938844799995422,
          "z": 1.5020540952682495
        },
        "tail": {
          "x": -0.016803327947854996,
          "y": -0.06438738107681274,
          "z": 1.5967483520507812
        },
        "rotation_quaternion": {
          "w": 0.5711959600448608,
          "x": 0.8137884140014648,
          "y": -0.029178617522120476,
          "z": 0.10311313718557358
        },
        "matrix": [
          [
            0.9770328402519226,
            -0.1652861088514328,
            0.1344902217388153,
            0.0001420245971530676
          ],
          [
            0.07030431926250458,
            -0.3457673490047455,
            -0.9356828927993774,
            -0.028938844799995422
          ],
          [
            0.20115913450717926,
            0.9236540794372559,
            -0.3262088894844055,
            1.5020540952682495
          ],
          [
            0.0,
            0.0,
            0.0,
            1.0
          ]
        ]
      },
      "bone_length_armature_space": 0.10252192757126577,
      "parent": "spine_01",
      "has_children": true,
      "is_end_bone": false
    },
    "head": {
      "name": "head",
      "local": {
        "location": {
          "x": 0.0,
          "y": 0.0,
          "z": 0.0
        },
        "rotation_quaternion": {
          "w": 0.9806052446365356,
          "x": 0.050462763756513596,
          "y": -0.11691392213106155,
          "z": -0.1489902287721634
        },
        "scale": {
          "x": 1.0,
          "y": 1.0,
          "z": 1.0
        },
        "matrix_basis": [
          [
            0.9282661080360413,
            0.2804015874862671,
            -0.24432972073554993,
            0.0
          ],
          [
            -0.3040007948875427,
            0.9505108594894409,
            -0.064130038022995,
            0.0
          ],
          [
            0.2142558991909027,
            0.13380616903305054,
            0.9675692915916443,
            0.0
          ],
          [
            0.0,
            0.0,
            0.0,
            1.0
          ]
        ],
        "rotation_mode": "QUATERNION"
      },
      "armature_space": {
        "head": {
          "x": -0.01680329442024231,
          "y": -0.12763150036334991,
          "z": 0.6468942165374756
        },
        "tail": {
          "x": -0.0029862122610211372,
          "y": -0.1430743932723999,
          "z": 0.8005949258804321
        }
      },
      "world_space": {
        "head": {
          "x": -0.01680329442024231,
          "y": -0.0643875002861023,
          "z": 1.5967482328414917
        },
        "tail": {
          "x": -0.0029862122610211372,
          "y": -0.07983039319515228,
          "z": 1.7504489421844482
        },
        "rotation_quaternion": {
          "w": 0.6705930829048157,
          "x": 0.7358216047286987,
          "y": -0.02275787480175495,
          "z": -0.09139828383922577
        },
        "matrix": [
          [
            0.9822571873664856,
            0.08909061551094055,
            -0.16502754390239716,
            -0.01680329442024231
          ],
          [
            -0.1560729742050171,
            -0.09957360476255417,
            -0.9827138781547546,
            -0.0643875002861023
          ],
          [
            -0.10398387163877487,
            0.991040825843811,
            -0.08390379697084427,
            1.5967482328414917
          ],
          [
            0.0,
            0.0,
            0.0,
            1.0
          ]
        ]
      },
      "bone_length_armature_space": 0.15509127195682215,
      "parent": "neck_01",
      "has_children": false,
      "is_end_bone": true
    },
    "upperarm_l": {
      "name": "upperarm_l",
      "local": {
        "location": {
          "x": 0.0,
          "y": 0.0,
          "z": 0.0
        },
        "rotation_quaternion": {
          "w": 0.8656219244003296,
          "x": 0.3139195442199707,
          "y": 0.26558542251586914,
          "z": 0.28568822145462036
        },
        "scale": {
          "x": 1.0,
          "y": 1.0,
          "z": 1.0
        },
        "matrix_basis": [
          [
            0.6956932544708252,
            -0.3278510570526123,
            0.6391593813896179,
            0.0
          ],
          [
            0.6613408923149109,
            0.6396735310554504,
            -0.39172202348709106,
            0.0
          ],
          [
            -0.28042688965797424,
            0.6952205300331116,
            0.6618378162384033,
            0.0
          ],
          [
            0.0,
            0.0,
            0.0,
            1.0
          ]
        ],
        "rotation_mode": "QUATERNION"
      },
      "armature_space": {
        "head": {
          "x": 0.15000589191913605,
          "y": -0.0719345286488533,
          "z": 0.48771801590919495
        },
        "tail": {
          "x": 0.3489949703216553,
          "y": -0.23966050148010254,
          "z": 0.5515851974487305
        }
      },
      "world_space": {
        "head": {
          "x": 0.15000589191913605,
          "y": -0.008690528571605682,
          "z": 1.4375720024108887
        },
        "tail": {
          "x": 0.3489949703216553,
          "y": -0.17641650140285492,
          "z": 1.5014392137527466
        },
        "rotation_quaternion": {
          "w": 0.25289279222488403,
          "x": 0.8575578331947327,
          "y": 0.35083824396133423,
          "z": -0.2784823179244995
        },
        "matrix": [
          [
            0.598720133304596,
            0.7425812482833862,
            -0.30017927289009094,
            0.15000589191913605
          ],
          [
            0.46087637543678284,
            -0.6259145736694336,
            -0.629145622253418,
            -0.008690528571605682
          ],
          [
            -0.6550823450088501,
            0.2383376806974411,
            -0.7169912457466125,
            1.4375720024108887
          ],
          [
            0.0,
            0.0,
            0.0,
            1.0
          ]
        ]
      },
      "bone_length_armature_space": 0.26796954303601866,
      "parent": "spine_01",
      "has_children": true,
      "is_end_bone": false
    },
    "lowerarm_l": {
      "name": "lowerarm_l",
      "local": {
        "location": {
          "x": 0.0,
          "y": 0.0,
          "z": 0.0
        },
        "rotation_quaternion": {
          "w": 0.8634985685348511,
          "x": 0.4316454827785492,
          "y": 0.1586514115333557,
          "z": -0.20708028972148895
        },
        "scale": {
          "x": 1.0,
          "y": 1.0,
          "z": 1.0
        },
        "matrix_basis": [
          [
            0.8638949394226074,
            0.4945893883705139,
            0.09521999210119247,
            0.0
          ],
          [
            -0.22066473960876465,
            0.5415998697280884,
            -0.8111576437950134,
            0.0
          ],
          [
            -0.45276108384132385,
            0.6797433495521545,
            0.5770238041877747,
            0.0
          ],
          [
            0.0,
            0.0,
            0.0,
            1.0
          ]
        ],
        "rotation_mode": "QUATERNION"
      },
      "armature_space": {
        "head": {
          "x": 0.3489949405193329,
          "y": -0.23966065049171448,
          "z": 0.55158531665802
        },
        "tail": {
          "x": 0.4369928240776062,
          "y": -0.410704106092453,
          "z": 0.3656541109085083
        }
      },
      "world_space": {
        "head": {
          "x": 0.3489949405193329,
          "y": -0.17641665041446686,
          "z": 1.5014393329620361
        },
        "tail": {
          "x": 0.4369928240776062,
          "y": -0.3474600911140442,
          "z": 1.3155081272125244
        },
        "rotation_quaternion": {
          "w": 0.28792768716812134,
          "x": -0.8395456075668335,
          "y": -0.31212109327316284,
          "z": 0.3388822674751282
        },
        "matrix": [
          [
            0.5754777789115906,
            0.328933984041214,
            -0.7487509250640869,
            0.3489949405193329
          ],
          [
            0.71922767162323,
            -0.639356255531311,
            0.27191075682640076,
            -0.17641665041446686
          ],
          [
            -0.3892797827720642,
            -0.6950063705444336,
            -0.6045176982879639,
            1.5014393329620361
          ],
          [
            0.0,
            0.0,
            0.0,
            1.0
          ]
        ]
      },
      "bone_length_armature_space": 0.2675255224285745,
      "parent": "upperarm_l",
      "has_children": true,
      "is_end_bone": false
    },
    "metacarpal_thumb_l": {
      "name": "metacarpal_thumb_l",
      "local": {
        "location": {
          "x": 0.0,
          "y": 0.0,
          "z": 0.0
        },
        "rotation_quaternion": {
          "w": 0.9986014366149902,
          "x": -0.052569929510354996,
          "y": -0.005560389254242182,
          "z": -0.0008277236483991146
        },
        "scale": {
          "x": 1.0,
          "y": 1.0,
          "z": 1.0
        },
        "matrix_basis": [
          [
            0.9999368190765381,
            0.002237750682979822,
            -0.011018198914825916,
            0.0
          ],
          [
            -0.00106851349119097,
            0.9944714307785034,
            0.1050020158290863,
            0.0
          ],
          [
            0.011192251928150654,
            -0.1049836128950119,
            0.9944109916687012,
            0.0
          ],
          [
            0.0,
            0.0,
            0.0,
            1.0
          ]
        ],
        "rotation_mode": "QUATERNION"
      },
      "armature_space": {
        "head": {
          "x": 0.4369928240776062,
          "y": -0.410704106092453,
          "z": 0.3656541109085083
        },
        "tail": {
          "x": 0.43052297830581665,
          "y": -0.4254634976387024,
          "z": 0.31881484389305115
        }
      },
      "world_space": {
        "head": {
          "x": 0.4369928240776062,
          "y": -0.3474600911140442,
          "z": 1.3155081272125244
        },
        "tail": {
          "x": 0.43052297830581665,
          "y": -0.36221951246261597,
          "z": 1.2686688899993896
        },
        "rotation_quaternion": {
          "w": 0.5532065033912659,
          "x": -0.7845955491065979,
          "y": 0.21208320558071136,
          "z": -0.18273836374282837
        },
        "matrix": [
          [
            0.8432546854019165,
            -0.13061535358428955,
            0.5214033722877502,
            0.4369928240776062
          ],
          [
            -0.5349835157394409,
            -0.29796701669692993,
            0.7905749082565308,
            -0.3474600911140442
          ],
          [
            0.05209970101714134,
            -0.945604681968689,
            -0.3211405277252197,
            1.3155081272125244
          ],
          [
            0.0,
            0.0,
            0.0,
            1.0
          ]
        ]
      },
      "bone_length_armature_space": 0.049533981922355697,
      "parent": "lowerarm_l",
      "has_children": true,
      "is_end_bone": false
    },
    "thumb_01_l": {
      "name": "thumb_01_l",
      "local": {
        "location": {
          "x": 0.0,
          "y": 0.0,
          "z": 0.0
        },
        "rotation_quaternion": {
          "w": 0.9616785049438477,
          "x": 0.27349039912223816,
          "y": 0.01461452804505825,
          "z": 0.012804897502064705
        },
        "scale": {
          "x": 1.0,
          "y": 1.0,
          "z": 1.0
        },
        "matrix_basis": [
          [
            0.9992449283599854,
            -0.01663452386856079,
            0.03511298820376396,
            0.0
          ],
          [
            0.03262225538492203,
            0.8500780463218689,
            -0.52564537525177,
            0.0
          ],
          [
            -0.021104922518134117,
            0.5263939499855042,
            0.8499788045883179,
            0.0
          ],
          [
            0.0,
            0.0,
            0.0,
            1.0
          ]
        ],
        "rotation_mode": "QUATERNION"
      },
      "armature_space": {
        "head": {
          "x": 0.43052297830581665,
          "y": -0.4254634976387024,
          "z": 0.31881484389305115
        },
        "tail": {
          "x": 0.4521336257457733,
          "y": -0.42061978578567505,
          "z": 0.29296618700027466
        }
      },
      "world_space": {
        "head": {
          "x": 0.43052297830581665,
          "y": -0.36221951246261597,
          "z": 1.2686688899993896
        },
        "tail": {
          "x": 0.4521336257457733,
          "y": -0.3573758006095886,
          "z": 1.2428202629089355
        },
        "rotation_quaternion": {
          "w": 0.5183948278427124,
          "x": -0.03897663950920105,
          "y": 0.5499238967895508,
          "z": -0.653705894947052
        },
        "matrix": [
          [
            -0.45949217677116394,
            0.6348869800567627,
            0.6211165189743042,
            0.43052297830581665
          ],
          [
            -0.7206265926361084,
            0.1423005759716034,
            -0.6785633563995361,
            -0.36221951246261597
          ],
          [
            -0.5192002654075623,
            -0.7593926191329956,
            0.3921324610710144,
            1.2686688899993896
          ],
          [
            0.0,
            0.0,
            0.0,
            1.0
          ]
        ]
      },
      "bone_length_armature_space": 0.03403872325610024,
      "parent": "metacarpal_thumb_l",
      "has_children": true,
      "is_end_bone": false
    },
    "thumb_02_l": {
      "name": "thumb_02_l",
      "local": {
        "location": {
          "x": 0.0,
          "y": 0.0,
          "z": 0.0
        },
        "rotation_quaternion": {
          "w": 0.8996320366859436,
          "x": 0.4366372525691986,
          "y": 0.002899318467825651,
          "z": -0.0013274077791720629
        },
        "scale": {
          "x": 1.0,
          "y": 1.0,
          "z": 1.0
        },
        "matrix_basis": [
          [
            0.9999796748161316,
            0.0049202581867575645,
            0.004057448357343674,
            0.0
          ],
          [
            0.0001435437734471634,
            0.6186922788619995,
            -0.7856334447860718,
            0.0
          ],
          [
            -0.006375831086188555,
            0.785618007183075,
            0.6186789870262146,
            0.0
          ],
          [
            0.0,
            0.0,
            0.0,
            1.0
          ]
        ],
        "rotation_mode": "QUATERNION"
      },
      "armature_space": {
        "head": {
          "x": 0.4521335959434509,
          "y": -0.4206197261810303,
          "z": 0.29296618700027466
        },
        "tail": {
          "x": 0.4486944377422333,
          "y": -0.4594019651412964,
          "z": 0.302829772233963
        }
      },
      "world_space": {
        "head": {
          "x": 0.4521335959434509,
          "y": -0.35737574100494385,
          "z": 1.2428202629089355
        },
        "tail": {
          "x": 0.4486944377422333,
          "y": -0.39615797996520996,
          "z": 1.2526837587356567
        },
        "rotation_quaternion": {
          "w": 0.0033336675260215998,
          "x": -0.3024941086769104,
          "y": 0.13113068044185638,
          "z": 0.9440820813179016
        },
        "matrix": [
          [
            -0.816972553730011,
            -0.08562703430652618,
            -0.5702841281890869,
            0.4521335959434509
          ],
          [
            -0.07303814589977264,
            -0.9655874371528625,
            0.2496131956577301,
            -0.35737574100494385
          ],
          [
            -0.5720366835594177,
            0.24558046460151672,
            0.7826098203659058,
            1.2428202629089355
          ],
          [
            0.0,
            0.0,
            0.0,
            1.0
          ]
        ]
      },
      "bone_length_armature_space": 0.04016441480634953,
      "parent": "thumb_01_l",
      "has_children": true,
      "is_end_bone": false
    },
    "thumb_03_l": {
      "name": "thumb_03_l",
      "local": {
        "location": {
          "x": 0.0,
          "y": 0.0,
          "z": 0.0
        },
        "rotation_quaternion": {
          "w": 0.9894301891326904,
          "x": 0.14494013786315918,
          "y": 0.0007336863782256842,
          "z": -0.004449102096259594
        },
        "scale": {
          "x": 1.0,
          "y": 1.0,
          "z": 1.0
        },
        "matrix_basis": [
          [
            0.9999593496322632,
            0.009016833268105984,
            0.00016215596406254917,
            0.0
          ],
          [
            -0.008591470308601856,
            0.9579451084136963,
            -0.2868228256702423,
            0.0
          ],
          [
            -0.002741569885984063,
            0.2868097722530365,
            0.9579836130142212,
            0.0
          ],
          [
            0.0,
            0.0,
            0.0,
            1.0
          ]
        ],
        "rotation_mode": "QUATERNION"
      },
      "armature_space": {
        "head": {
          "x": 0.4486944377422333,
          "y": -0.4594019651412964,
          "z": 0.30282968282699585
        },
        "tail": {
          "x": 0.4384007155895233,
          "y": -0.4805850386619568,
          "z": 0.3221224844455719
        }
      },
      "world_space": {
        "head": {
          "x": 0.4486944377422333,
          "y": -0.39615797996520996,
          "z": 1.2526836395263672
        },
        "tail": {
          "x": 0.4384007155895233,
          "y": -0.41734105348587036,
          "z": 1.2719764709472656
        },
        "rotation_quaternion": {
          "w": 0.01474783942103386,
          "x": 0.46387434005737305,
          "y": -0.3897317349910736,
          "z": -0.7954321503639221
        },
        "matrix": [
          [
            -0.5692073106765747,
            -0.338110089302063,
            -0.7494562864303589,
            0.4486944377422333
          ],
          [
            -0.385034441947937,
            -0.695784330368042,
            0.6063275337219238,
            -0.39615797996520996
          ],
          [
            -0.7264704704284668,
            0.6336961984634399,
            0.2658637464046478,
            1.2526836395263672
          ],
          [
            0.0,
            0.0,
            0.0,
            1.0
          ]
        ]
      },
      "bone_length_armature_space": 0.030444958830734663,
      "parent": "thumb_02_l",
      "has_children": false,
      "is_end_bone": true
    },
    "metacarpal_index_l": {
      "name": "metacarpal_index_l",
      "local": {
        "location": {
          "x": 0.0,
          "y": 0.0,
          "z": 0.0
        },
        "rotation_quaternion": {
          "w": 0.9978305101394653,
          "x": -0.06367053836584091,
          "y": -0.010872420854866505,
          "z": 0.012735776603221893
        },
        "scale": {
          "x": 1.0,
          "y": 1.0,
          "z": 1.0
        },
        "matrix_basis": [
          [
            0.9994391798973083,
            -0.024031786248087883,
            -0.023319454863667488,
            0.0
          ],
          [
            0.026800798252224922,
            0.9915677309036255,
            0.12678787112236023,
            0.0
          ],
          [
            0.020075878128409386,
            -0.12734174728393555,
            0.991655707359314,
            0.0
          ],
          [
            0.0,
            0.0,
            0.0,
            1.0
          ]
        ],
        "rotation_mode": "QUATERNION"
      },
      "armature_space": {
        "head": {
          "x": 0.4369928240776062,
          "y": -0.410704106092453,
          "z": 0.3656541109085083
        },
        "tail": {
          "x": 0.4475606083869934,
          "y": -0.4806525707244873,
          "z": 0.2722470164299011
        }
      },
      "world_space": {
        "head": {
          "x": 0.4369928240776062,
          "y": -0.3474600911140442,
          "z": 1.3155081272125244
        },
        "tail": {
          "x": 0.4475606083869934,
          "y": -0.4174085855484009,
          "z": 1.2221009731292725
        },
        "rotation_quaternion": {
          "w": 0.4466218054294586,
          "x": -0.8935185670852661,
          "y": -0.04519195482134819,
          "z": -0.01055808737874031
        },
        "matrix": [
          [
            0.9956924915313721,
            0.09019064158201218,
            -0.021500082686543465,
            0.4369928240776062
          ],
          [
            0.07132920622825623,
            -0.5969738364219666,
            0.7990837097167969,
            -0.3474600911140442
          ],
          [
            0.05923542380332947,
            -0.797181248664856,
            -0.6008390188217163,
            1.3155081272125244
          ],
          [
            0.0,
            0.0,
            0.0,
            1.0
          ]
        ]
      },
      "bone_length_armature_space": 0.11717231336676602,
      "parent": "lowerarm_l",
      "has_children": true,
      "is_end_bone": false
    },
    "index_01_l": {
      "name": "index_01_l",
      "local": {
        "location": {
          "x": 0.0,
          "y": 0.0,
          "z": 0.0
        },
        "rotation_quaternion": {
          "w": 0.9527891874313354,
          "x": 0.303505003452301,
          "y": -0.0014797953190281987,
          "z": -0.008688230998814106
        },
        "scale": {
          "x": 1.0,
          "y": 1.0,
          "z": 1.0
        },
        "matrix_basis": [
          [
            0.9998446702957153,
            0.015657855197787285,
            -0.008093709126114845,
            0.0
          ],
          [
            -0.0174543559551239,
            0.8156184554100037,
            -0.5783268809318542,
            0.0
          ],
          [
            -0.0024539772421121597,
            0.5783782601356506,
            0.8157650232315063,
            0.0
          ],
          [
            0.0,
            0.0,
            0.0,
            1.0
          ]
        ],
        "rotation_mode": "QUATERNION"
      },
      "armature_space": {
        "head": {
          "x": 0.4475606083869934,
          "y": -0.4806525707244873,
          "z": 0.2722470164299011
        },
        "tail": {
          "x": 0.4586981236934662,
          "y": -0.48340746760368347,
          "z": 0.24614250659942627
        }
      },
      "world_space": {
        "head": {
          "x": 0.4475606083869934,
          "y": -0.4174085855484009,
          "z": 1.2221009731292725
        },
        "tail": {
          "x": 0.4586981236934662,
          "y": -0.42016345262527466,
          "z": 1.1959965229034424
        },
        "rotation_quaternion": {
          "w": 0.6331683397293091,
          "x": -0.7390859723091125,
          "y": -0.22536849975585938,
          "z": -0.04537446051836014
        },
        "matrix": [
          [
            0.8942999243736267,
            0.3905928432941437,
            -0.2183232307434082,
            0.4475606083869934
          ],
          [
            0.2756766080856323,
            -0.09661412239074707,
            0.9563831090927124,
            -0.4174085855484009
          ],
          [
            0.35246604681015015,
            -0.915486216545105,
            -0.19407978653907776,
            1.2221009731292725
          ],
          [
            0.0,
            0.0,
            0.0,
            1.0
          ]
        ]
      },
      "bone_length_armature_space": 0.028514542211059198,
      "parent": "metacarpal_index_l",
      "has_children": true,
      "is_end_bone": false
    },
    "index_02_l": {
      "name": "index_02_l",
      "local": {
        "location": {
          "x": 0.0,
          "y": 0.0,
          "z": 0.0
        },
        "rotation_quaternion": {
          "w": 0.8988044261932373,
          "x": 0.4382668733596802,
          "y": -0.00750341173261404,
          "z": 0.004044647328555584
        },
        "scale": {
          "x": 1.0,
          "y": 1.0,
          "z": 1.0
        },
        "matrix_basis": [
          [
            0.9998546838760376,
            -0.013847687281668186,
            -0.00994292926043272,
            0.0
          ],
          [
            0.0006937002181075513,
            0.6158115863800049,
            -0.7878931164741516,
            0.0
          ],
          [
            0.017033468931913376,
            0.7877717018127441,
            0.6157317161560059,
            0.0
          ],
          [
            0.0,
            0.0,
            0.0,
            1.0
          ]
        ],
        "rotation_mode": "QUATERNION"
      },
      "armature_space": {
        "head": {
          "x": 0.45869800448417664,
          "y": -0.48340725898742676,
          "z": 0.24614201486110687
        },
        "tail": {
          "x": 0.4598287045955658,
          "y": -0.4665985107421875,
          "z": 0.22679562866687775
        }
      },
      "world_space": {
        "head": {
          "x": 0.45869800448417664,
          "y": -0.42016327381134033,
          "z": 1.1959960460662842
        },
        "tail": {
          "x": 0.4598287045955658,
          "y": -0.4033545255661011,
          "z": 1.1766496896743774
        },
        "rotation_quaternion": {
          "w": 0.8755612969398499,
          "x": -0.4054946005344391,
          "y": -0.24699486792087555,
          "z": 0.0892193466424942
        },
        "matrix": [
          [
            0.8620672821998596,
            0.04407578706741333,
            -0.5048736929893494,
            0.45869800448417664
          ],
          [
            0.3565441370010376,
            0.6552283763885498,
            0.6659975051879883,
            -0.42016327381134033
          ],
          [
            0.3601648211479187,
            -0.7541488409042358,
            0.549140214920044,
            1.1959960460662842
          ],
          [
            0.0,
            0.0,
            0.0,
            1.0
          ]
        ]
      },
      "bone_length_armature_space": 0.02565336536524873,
      "parent": "index_01_l",
      "has_children": true,
      "is_end_bone": false
    },
    "index_03_l": {
      "name": "index_03_l",
      "local": {
        "location": {
          "x": 0.0,
          "y": 0.0,
          "z": 0.0
        },
        "rotation_quaternion": {
          "w": 0.9363726377487183,
          "x": 0.3509082794189453,
          "y": -0.0021741692908108234,
          "z": -0.008068877272307873
        },
        "scale": {
          "x": 1.0,
          "y": 1.0,
          "z": 1.0
        },
        "matrix_basis": [
          [
            0.9998603463172913,
            0.013585084117949009,
            -0.00973453652113676,
            0.0
          ],
          [
            -0.016636820510029793,
            0.7535965442657471,
            -0.6571267247200012,
            0.0
          ],
          [
            -0.001591206411831081,
            0.6571968793869019,
            0.753717303276062,
            0.0
          ],
          [
            0.0,
            0.0,
            0.0,
            1.0
          ]
        ],
        "rotation_mode": "QUATERNION"
      },
      "armature_space": {
        "head": {
          "x": 0.4598287343978882,
          "y": -0.46659862995147705,
          "z": 0.22679555416107178
        },
        "tail": {
          "x": 0.4532895088195801,
          "y": -0.43820881843566895,
          "z": 0.22456197440624237
        }
      },
      "world_space": {
        "head": {
          "x": 0.4598287343978882,
          "y": -0.4033546447753906,
          "z": 1.176649570465088
        },
        "tail": {
          "x": 0.4532895088195801,
          "y": -0.3749648332595825,
          "z": 1.174415946006775
        },
        "rotation_quaternion": {
          "w": 0.9720168113708496,
          "x": -0.01470271311700344,
          "y": -0.20248280465602875,
          "z": 0.11818575859069824
        },
        "matrix": [
          [
            0.8900657892227173,
            -0.2238030582666397,
            -0.3971085846424103,
            0.4598287343978882
          ],
          [
            0.2357114553451538,
            0.9716321229934692,
            -0.019278526306152344,
            -0.4033546447753906
          ],
          [
            0.39016103744506836,
            -0.07644355297088623,
            0.9175755977630615,
            1.176649570465088
          ],
          [
            0.0,
            0.0,
            0.0,
            1.0
          ]
        ]
      },
      "bone_length_armature_space": 0.02921868836694934,
      "parent": "index_02_l",
      "has_children": false,
      "is_end_bone": true
    },
    "metacarpal_pinky_l": {
      "name": "metacarpal_pinky_l",
      "local": {
        "location": {
          "x": 0.0,
          "y": 0.0,
          "z": 0.0
        },
        "rotation_quaternion": {
          "w": 0.999915361404419,
          "x": 0.008283976465463638,
          "y": -0.007092859596014023,
          "z": -0.007099521812051535
        },
        "scale": {
          "x": 1.0,
          "y": 1.0,
          "z": 1.0
        },
        "matrix_basis": [
          [
            0.999798595905304,
            0.014080327935516834,
            -0.014302142895758152,
            0.0
          ],
          [
            -0.014315355569124222,
            0.9997619390487671,
            -0.016465838998556137,
            0.0
          ],
          [
            0.014066893607378006,
            0.016667261719703674,
            0.9997621178627014,
            0.0
          ],
          [
            0.0,
            0.0,
            0.0,
            1.0
          ]
        ],
        "rotation_mode": "QUATERNION"
      },
      "armature_space": {
        "head": {
          "x": 0.4369928240776062,
          "y": -0.410704106092453,
          "z": 0.3656541109085083
        },
        "tail": {
          "x": 0.4917263686656952,
          "y": -0.48312005400657654,
          "z": 0.31463027000427246
        }
      },
      "world_space": {
        "head": {
          "x": 0.4369928240776062,
          "y": -0.3474600911140442,
          "z": 1.3155081272125244
        },
        "tail": {
          "x": 0.4917263686656952,
          "y": -0.4198760390281677,
          "z": 1.2644842863082886
        },
        "rotation_quaternion": {
          "w": 0.08801805973052979,
          "x": 0.5145105123519897,
          "y": 0.3801806569099426,
          "z": -0.7635407447814941
        },
        "matrix": [
          [
            -0.4550648033618927,
            0.5256232023239136,
            -0.7187743186950684,
            0.4369928240776062
          ],
          [
            0.2568016052246094,
            -0.695432722568512,
            -0.6711382865905762,
            -0.3474600911140442
          ],
          [
            -0.8526307344436646,
            -0.4899977743625641,
            0.18148645758628845,
            1.3155081272125244
          ],
          [
            0.0,
            0.0,
            0.0,
            1.0
          ]
        ]
      },
      "bone_length_armature_space": 0.10413098966062141,
      "parent": "lowerarm_l",
      "has_children": true,
      "is_end_bone": false
    },
    "pinky_01_l": {
      "name": "pinky_01_l",
      "local": {
        "location": {
          "x": 0.0,
          "y": 0.0,
          "z": 0.0
        },
        "rotation_quaternion": {
          "w": 0.9401637315750122,
          "x": 0.3407030403614044,
          "y": 0.00022570624423678964,
          "z": -0.003692702390253544
        },
        "scale": {
          "x": 1.0,
          "y": 1.0,
          "z": 1.0
        },
        "matrix_basis": [
          [
            0.9999726414680481,
            0.007097287103533745,
            -0.002091828268021345,
            0.0
          ],
          [
            -0.006789692211896181,
            0.7678155899047852,
            -0.6406349539756775,
            0.0
          ],
          [
            -0.0029406314715743065,
            0.6406316161155701,
            0.7678427696228027,
            0.0
          ],
          [
            0.0,
            0.0,
            0.0,
            1.0
          ]
        ],
        "rotation_mode": "QUATERNION"
      },
      "armature_space": {
        "head": {
          "x": 0.4917263686656952,
          "y": -0.48312005400657654,
          "z": 0.31463027000427246
