{
  "metadata": {
    "armature_name": "KIM_caucasian_male",
    "export_time": "2026-01-13T21:04:02.189190",
    "blender_version": "4.4.1",
    "bone_count": 56,
    "end_bone_count": 13,
    "spaces_included": [
      "LOCAL_CHANNELS",
      "ARMATURE_SPACE",
      "WORLD_SPACE"
    ],
    "note": "LOCAL matches Transform panel; replay pose via local.matrix_basis for best fidelity."
  },
  "bones": {
    "Root": {
      "name": "Root",
      "local": {
        "location": {
          "x": 0.0,
          "y": 0.0,
          "z": 0.0
        },
        "rotation_quaternion": {
          "w": 0.9997914433479309,
          "x": -0.01637500897049904,
          "y": 0.012147614732384682,
          "z": 0.0012307815486565232
        },
        "scale": {
          "x": 1.0,
          "y": 1.0,
          "z": 1.0
        },
        "matrix_basis": [
          [
            0.9997018575668335,
            -0.002858884399756789,
            0.024249853566288948,
            0.0
          ],
          [
            0.00206321501173079,
            0.9994606971740723,
            0.03277308866381645,
            0.0
          ],
          [
            -0.024330470710992813,
            -0.03271328657865524,
            0.9991685748100281,
            0.0
          ],
          [
            0.0,
            0.0,
            0.0,
            1.0
          ]
        ],
        "rotation_mode": "QUATERNION"
      },
      "armature_space": {
        "head": {
          "x": 0.0,
          "y": 0.07072800397872925,
          "z": -0.009595036506652832
        },
        "tail": {
          "x": -0.00020405535178724676,
          "y": 0.00035203248262405396,
          "z": 0.0023085875436663628
        }
      },
      "world_space": {
        "head": {
          "x": 0.0,
          "y": 0.13397200405597687,
          "z": 0.9402589797973633
        },
        "tail": {
          "x": -0.00020405535178724676,
          "y": 0.06359603255987167,
          "z": 0.9521626234054565
        },
        "rotation_quaternion": {
          "w": 0.08369140326976776,
          "x": 0.9964169263839722,
          "y": -0.0004096261691302061,
          "z": 0.012202933430671692
        },
        "matrix": [
          [
            0.9997018575668335,
            -0.002858884399756789,
            0.024249853566288948,
            0.0
          ],
          [
            0.0012262503150850534,
            -0.9859911203384399,
            -0.16679352521896362,
            0.13397200405597687
          ],
          [
            0.02438715472817421,
            0.16677378118038177,
            -0.9857006669044495,
            0.9402589797973633
          ],
          [
            0.0,
            0.0,
            0.0,
            1.0
          ]
        ]
      },
      "bone_length_armature_space": 0.0713758718193417,
      "parent": null,
      "has_children": true,
      "is_end_bone": false
    },
    "spine_01": {
      "name": "spine_01",
      "local": {
        "location": {
          "x": 0.0,
          "y": 0.0,
          "z": 0.0
        },
        "rotation_quaternion": {
          "w": 0.9959774613380432,
          "x": 0.009772014804184437,
          "y": -0.05160418525338173,
          "z": 0.07259906828403473
        },
        "scale": {
          "x": 1.0,
          "y": 1.0,
          "z": 1.0
        },
        "matrix_basis": [
          [
            0.9841327667236328,
            -0.1456226259469986,
            -0.10137433558702469,
            0.0
          ],
          [
            0.14360551536083221,
            0.9892677664756775,
            -0.026958243921399117,
            0.0
          ],
          [
            0.10421209037303925,
            0.011972581036388874,
            0.9944830536842346,
            0.0
          ],
          [
            0.0,
            0.0,
            0.0,
            1.0
          ]
        ],
        "rotation_mode": "QUATERNION"
      },
      "armature_space": {
        "head": {
          "x": -0.00020405535178724676,
          "y": 0.00035203248262405396,
          "z": 0.0023085875436663628
        },
        "tail": {
          "x": -0.08303404599428177,
          "y": 0.032777152955532074,
          "z": 0.4821380078792572
        }
      },
      "world_space": {
        "head": {
          "x": -0.00020405535178724676,
          "y": 0.06359603255987167,
          "z": 0.9521626234054565
        },
        "tail": {
          "x": -0.08303404599428177,
          "y": 0.0960211530327797,
          "z": 1.4319920539855957
        },
        "rotation_quaternion": {
          "w": 0.7239379286766052,
          "x": 0.6826740503311157,
          "y": -0.09558248519897461,
          "z": 0.02709473855793476
        },
        "matrix": [
          [
            0.9802598357200623,
            -0.16973315179347992,
            -0.10139676183462143,
            -0.00020405535178724676
          ],
          [
            -0.09127236157655716,
            0.0664447546005249,
            -0.9936068654060364,
            0.06359603255987167
          ],
          [
            0.175386443734169,
            0.9832545518875122,
            0.049640629440546036,
            0.9521626234054565
          ],
          [
            0.0,
            0.0,
            0.0,
            1.0
          ]
        ]
      },
      "bone_length_armature_space": 0.4880045824627985,
      "parent": "Root",
      "has_children": true,
      "is_end_bone": false
    },
    "neck_01": {
      "name": "neck_01",
      "local": {
        "location": {
          "x": 0.0,
          "y": 0.0,
          "z": 0.0
        },
        "rotation_quaternion": {
          "w": 0.9942355751991272,
          "x": -0.08058087527751923,
          "y": 0.053255196660757065,
          "z": -0.046544577926397324
        },
        "scale": {
          "x": 1.0,
          "y": 1.0,
          "z": 1.0
        },
        "matrix_basis": [
          [
            0.9899949431419373,
            0.083969846367836,
            0.11339762806892395,
            0.0
          ],
          [
            -0.10113525390625,
            0.9826806783676147,
            0.15527527034282684,
            0.0
          ],
          [
            -0.0983952134847641,
            -0.1651902198791504,
            0.9813412427902222,
            0.0
          ],
          [
            0.0,
            0.0,
            0.0,
            1.0
          ]
        ],
        "rotation_mode": "QUATERNION"
      },
      "armature_space": {
        "head": {
          "x": -0.09897812455892563,
          "y": 0.0031834132969379425,
          "z": 0.5558519959449768
        },
        "tail": {
          "x": -0.1097130998969078,
          "y": -0.013462614268064499,
          "z": 0.656442403793335
        }
      },
      "world_space": {
        "head": {
          "x": -0.09897812455892563,
          "y": 0.06642740964889526,
          "z": 1.5057060718536377
        },
        "tail": {
          "x": -0.1097130998969078,
          "y": 0.04978138580918312,
          "z": 1.606296420097351
        },
        "rotation_quaternion": {
          "w": 0.6467294692993164,
          "x": 0.7604964375495911,
          "y": -0.0236141849309206,
          "z": 0.053185030817985535
        },
        "matrix": [
          [
            0.9932274222373962,
            -0.1047096997499466,
            0.05034936964511871,
            -0.09897812455892563
          ],
          [
            0.03287500515580177,
            -0.16236646473407745,
            -0.9861829280853271,
            0.06642740964889526
          ],
          [
            0.11143875122070312,
            0.9811657667160034,
            -0.1578264981508255,
            1.5057060718536377
          ],
          [
            0.0,
            0.0,
            0.0,
            1.0
          ]
        ]
      },
      "bone_length_armature_space": 0.10252199964104182,
      "parent": "spine_01",
      "has_children": true,
      "is_end_bone": false
    },
    "head": {
      "name": "head",
      "local": {
        "location": {
          "x": 0.0,
          "y": 0.0,
          "z": 0.0
        },
        "rotation_quaternion": {
          "w": 0.9867507219314575,
          "x": -0.1170494556427002,
          "y": 0.09627766907215118,
          "z": 0.05790693685412407
        },
        "scale": {
          "x": 1.0,
          "y": 1.0,
          "z": 1.0
        },
        "matrix_basis": [
          [
            0.974754810333252,
            -0.13681791722774506,
            0.17644816637039185,
            0.0
          ],
          [
            0.0917409285902977,
            0.9658924341201782,
            0.2421475648880005,
            0.0
          ],
          [
            -0.20356006920337677,
            -0.21984697878360748,
            0.9540600776672363,
            0.0
          ],
          [
            0.0,
            0.0,
            0.0,
            1.0
          ]
        ],
        "rotation_mode": "QUATERNION"
      },
      "armature_space": {
        "head": {
          "x": -0.10971308499574661,
          "y": -0.013462754897773266,
          "z": 0.6564423441886902
        },
        "tail": {
          "x": -0.14844049513339996,
          "y": 0.049978967756032944,
          "z": 0.7925621271133423
        }
      },
      "world_space": {
        "head": {
          "x": -0.10971308499574661,
          "y": 0.04978124424815178,
          "z": 1.6062963008880615
        },
        "tail": {
          "x": -0.14844049513339996,
          "y": 0.11322297155857086,
          "z": 1.7424161434173584
        },
        "rotation_quaternion": {
          "w": 0.8393629789352417,
          "x": 0.5230292677879333,
          "y": -0.0011746769305318594,
          "z": 0.14801697432994843
        },
        "matrix": [
          [
            0.9561789631843567,
            -0.249708890914917,
            0.1528634876012802,
            -0.10971308499574661
          ],
          [
            0.24725234508514404,
            0.4090633690357208,
            -0.8783701062202454,
            0.04978124424815178
          ],
          [
            0.15680725872516632,
            0.877681314945221,
            0.45288121700286865,
            1.6062963008880615
          ],
          [
            0.0,
            0.0,
            0.0,
            1.0
          ]
        ]
      },
      "bone_length_armature_space": 0.15509113445171982,
      "parent": "neck_01",
      "has_children": false,
      "is_end_bone": true
    },
    "upperarm_l": {
      "name": "upperarm_l",
      "local": {
        "location": {
          "x": 0.0,
          "y": 0.0,
          "z": 0.0
        },
        "rotation_quaternion": {
          "w": 0.8116294145584106,
          "x": 0.23588304221630096,
          "y": 0.5341078639030457,
          "z": 0.018594007939100266
        },
        "scale": {
          "x": 1.0,
          "y": 1.0,
          "z": 1.0
        },
        "matrix_basis": [
          [
            0.4287661015987396,
            0.2217910885810852,
            0.8757673501968384,
            0.0
          ],
          [
            0.2821568548679352,
            0.8880268931388855,
            -0.3630368113517761,
            0.0
          ],
          [
            -0.8582232594490051,
            0.40276163816452026,
            0.3181759715080261,
            0.0
          ],
          [
            0.0,
            0.0,
            0.0,
            1.0
          ]
        ],
        "rotation_mode": "QUATERNION"
      },
      "armature_space": {
        "head": {
          "x": 0.059144869446754456,
          "y": -0.01814178377389908,
          "z": 0.5162359476089478
        },
        "tail": {
          "x": 0.2965068221092224,
          "y": -0.1410227119922638,
          "z": 0.49707305431365967
        }
      },
      "world_space": {
        "head": {
          "x": 0.059144869446754456,
          "y": 0.04510221630334854,
          "z": 1.4660899639129639
        },
        "tail": {
          "x": 0.2965068221092224,
          "y": -0.07777871191501617,
          "z": 1.4469270706176758
        },
        "rotation_quaternion": {
          "w": 0.07880539447069168,
          "x": 0.8309820294380188,
          "y": 0.5143031477928162,
          "z": -0.19685247540473938
        },
        "matrix": [
          [
            0.3934822678565979,
            0.8857799768447876,
            -0.24610082805156708,
            0.059144869446754456
          ],
          [
            0.8237272500991821,
            -0.4585632085800171,
            -0.33345693349838257,
            0.04510221630334854
          ],
          [
            -0.40822434425354004,
            -0.07151149958372116,
            -0.9100841879844666,
            1.4660899639129639
          ],
          [
            0.0,
            0.0,
            0.0,
            1.0
          ]
        ]
      },
      "bone_length_armature_space": 0.2679694712456417,
      "parent": "spine_01",
      "has_children": true,
      "is_end_bone": false
    },
    "lowerarm_l": {
      "name": "lowerarm_l",
      "local": {
        "location": {
          "x": 0.0,
          "y": 0.0,
          "z": 0.0
        },
        "rotation_quaternion": {
          "w": 0.9736281633377075,
          "x": 0.08470530807971954,
          "y": 0.09497720003128052,
          "z": -0.18934814631938934
        },
        "scale": {
          "x": 1.0,
          "y": 1.0,
          "z": 1.0
        },
        "matrix_basis": [
          [
            0.9102532267570496,
            0.3847995102405548,
            0.1528673619031906,
            0.0
          ],
          [
            -0.3526192307472229,
            0.9139446020126343,
            -0.20091046392917633,
            0.0
          ],
          [
            -0.21702253818511963,
            0.12897543609142303,
            0.9676086902618408,
            0.0
          ],
          [
            0.0,
            0.0,
            0.0,
            1.0
          ]
        ],
        "rotation_mode": "QUATERNION"
      },
      "armature_space": {
        "head": {
          "x": 0.2965068519115448,
          "y": -0.14102286100387573,
          "z": 0.4970730245113373
        },
        "tail": {
          "x": 0.5246073603630066,
          "y": -0.21275034546852112,
          "z": 0.3770943284034729
        }
      },
      "world_space": {
        "head": {
          "x": 0.2965068519115448,
          "y": -0.07777886092662811,
          "z": 1.4469270706176758
        },
        "tail": {
          "x": 0.5246073603630066,
          "y": -0.1495063453912735,
          "z": 1.3269484043121338
        },
        "rotation_quaternion": {
          "w": 0.09981627017259598,
          "x": -0.75624018907547,
          "y": -0.5966394543647766,
          "z": 0.24931712448596954
        },
        "matrix": [
          [
            0.16372311115264893,
            0.8526341915130615,
            -0.4961952269077301,
            0.2965068519115448
          ],
          [
            0.9521770477294922,
            -0.2681155502796173,
            -0.14653751254081726,
            -0.07777886092662811
          ],
          [
            -0.25798147916793823,
            -0.44847750663757324,
            -0.8557615280151367,
            1.4469270706176758
          ],
          [
            0.0,
            0.0,
            0.0,
            1.0
          ]
        ]
      },
      "bone_length_armature_space": 0.26752487839699907,
      "parent": "upperarm_l",
      "has_children": true,
      "is_end_bone": false
    },
    "metacarpal_thumb_l": {
      "name": "metacarpal_thumb_l",
      "local": {
        "location": {
          "x": 0.0,
          "y": 0.0,
          "z": 0.0
        },
        "rotation_quaternion": {
          "w": 0.9981226921081543,
          "x": -0.057575371116399765,
          "y": -0.01485508307814598,
          "z": -0.014683580957353115
        },
        "scale": {
          "x": 1.0,
          "y": 1.0,
          "z": 1.0
        },
        "matrix_basis": [
          [
            0.9991274476051331,
            0.031022604554891586,
            -0.027963565662503242,
            0.0
          ],
          [
            -0.02760145626962185,
            0.9929389357566833,
            0.11537081748247147,
            0.0
          ],
          [
            0.03134521469473839,
            -0.1144983172416687,
            0.9929288029670715,
            0.0
          ],
          [
            0.0,
            0.0,
            0.0,
            1.0
          ]
        ],
        "rotation_mode": "QUATERNION"
      },
      "armature_space": {
        "head": {
          "x": 0.5246073603630066,
          "y": -0.21275034546852112,
          "z": 0.3770943284034729
        },
        "tail": {
          "x": 0.5460267066955566,
          "y": -0.22441957890987396,
          "z": 0.3339822590351105
        }
      },
      "world_space": {
        "head": {
          "x": 0.5246073603630066,
          "y": -0.1495063453912735,
          "z": 1.3269484043121338
        },
        "tail": {
          "x": 0.5460267066955566,
          "y": -0.16117557883262634,
          "z": 1.2838362455368042
        },
        "rotation_quaternion": {
          "w": 0.5970805287361145,
          "x": -0.7705184817314148,
          "y": -0.16032592952251434,
          "z": -0.15521515905857086
        },
        "matrix": [
          [
            0.9004077911376953,
            0.43242010474205017,
            0.047735463827848434,
            0.5246073603630066
          ],
          [
            0.06171891838312149,
            -0.2355819046497345,
            0.9698928594589233,
            -0.1495063453912735
          ],
          [
            0.4306499660015106,
            -0.8703590631484985,
            -0.23880904912948608,
            1.3269484043121338
          ],
          [
            0.0,
            0.0,
            0.0,
            1.0
          ]
        ]
      },
      "bone_length_armature_space": 0.04953392639858367,
      "parent": "lowerarm_l",
      "has_children": true,
      "is_end_bone": false
    },
    "thumb_01_l": {
      "name": "thumb_01_l",
      "local": {
        "location": {
          "x": 0.0,
          "y": 0.0,
          "z": 0.0
        },
        "rotation_quaternion": {
          "w": 0.9998060464859009,
          "x": 0.00354475574567914,
          "y": -0.01794598065316677,
          "z": -0.007305247709155083
        },
        "scale": {
          "x": 1.0,
          "y": 1.0,
          "z": 1.0
        },
        "matrix_basis": [
          [
            0.9992491602897644,
            0.01448043342679739,
            -0.03593679144978523,
            0.0
          ],
          [
            -0.014734890311956406,
            0.9998681545257568,
            -0.006825936958193779,
            0.0
          ],
          [
            0.0358332097530365,
            0.007350336294621229,
            0.9993307590484619,
            0.0
          ],
          [
            0.0,
            0.0,
            0.0,
            1.0
          ]
        ],
        "rotation_mode": "QUATERNION"
      },
      "armature_space": {
        "head": {
          "x": 0.5460267066955566,
          "y": -0.22441957890987396,
          "z": 0.3339822590351105
        },
        "tail": {
          "x": 0.5536119341850281,
          "y": -0.20586904883384705,
          "z": 0.30646902322769165
        }
      },
      "world_space": {
        "head": {
          "x": 0.5460267066955566,
          "y": -0.16117557883262634,
          "z": 1.2838362455368042
        },
        "tail": {
          "x": 0.5536119341850281,
          "y": -0.14262504875659943,
          "z": 1.2563230991363525
        },
        "rotation_quaternion": {
          "w": 0.7448511123657227,
          "x": -0.3223884701728821,
          "y": 0.46657243371009827,
          "z": -0.3515293598175049
        },
        "matrix": [
          [
            0.31747472286224365,
            0.2228412926197052,
            0.921711266040802,
            0.5460267066955566
          ],
          [
            -0.8245095610618591,
            0.5449852347373962,
            0.15223410725593567,
            -0.16117557883262634
          ],
          [
            -0.4683988690376282,
            -0.8082953691482544,
            0.3567565381526947,
            1.2838362455368042
          ],
          [
            0.0,
            0.0,
            0.0,
            1.0
          ]
        ]
      },
      "bone_length_armature_space": 0.03403874217343933,
      "parent": "metacarpal_thumb_l",
      "has_children": true,
      "is_end_bone": false
    },
    "thumb_02_l": {
      "name": "thumb_02_l",
      "local": {
        "location": {
          "x": 0.0,
          "y": 0.0,
          "z": 0.0
        },
        "rotation_quaternion": {
          "w": 0.9958696961402893,
          "x": 0.0903613418340683,
          "y": -0.00873132050037384,
          "z": -0.0014884008560329676
        },
        "scale": {
          "x": 1.0,
          "y": 1.0,
          "z": 1.0
        },
        "matrix_basis": [
          [
            0.9998431205749512,
            0.0013865589862689376,
            -0.01765950210392475,
            0.0
          ],
          [
            -0.004542454145848751,
            0.9836652278900146,
            -0.17995025217533112,
            0.0
          ],
          [
            0.01712152734398842,
            0.18000224232673645,
            0.9835171699523926,
            0.0
          ],
          [
            0.0,
            0.0,
            0.0,
            1.0
          ]
        ],
        "rotation_mode": "QUATERNION"
      },
      "armature_space": {
        "head": {
          "x": 0.5536118149757385,
          "y": -0.20586903393268585,
          "z": 0.30646902322769165
        },
        "tail": {
          "x": 0.5897586345672607,
          "y": -0.21687260270118713,
          "z": 0.29284873604774475
        }
      },
      "world_space": {
        "head": {
          "x": 0.5536118149757385,
          "y": -0.14262503385543823,
          "z": 1.2563230991363525
        },
        "tail": {
          "x": 0.5897586345672607,
          "y": -0.15362860262393951,
          "z": 1.2427027225494385
        },
        "rotation_quaternion": {
          "w": 0.5276566743850708,
          "x": 0.11408056318759918,
          "y": 0.2908540666103363,
          "z": -0.789916455745697
        },
        "matrix": [
          [
            -0.4171273708343506,
            0.899971067905426,
            0.1267162710428238,
            0.5536118149757385
          ],
          [
            -0.767249345779419,
            -0.27396324276924133,
            -0.5798903703689575,
            -0.14262503385543823
          ],
          [
            -0.48717305064201355,
            -0.3391135334968567,
            0.8047847151756287,
            1.2563230991363525
          ],
          [
            0.0,
            0.0,
            0.0,
            1.0
          ]
        ]
      },
      "bone_length_armature_space": 0.04016445386773273,
      "parent": "thumb_01_l",
      "has_children": true,
      "is_end_bone": false
    },
    "thumb_03_l": {
      "name": "thumb_03_l",
      "local": {
        "location": {
          "x": 0.0,
          "y": 0.0,
          "z": 0.0
        },
        "rotation_quaternion": {
          "w": 0.9983130097389221,
          "x": 0.05768820643424988,
          "y": 0.005389782600104809,
          "z": -0.003763012122362852
        },
        "scale": {
          "x": 1.0,
          "y": 1.0,
          "z": 1.0
        },
        "matrix_basis": [
          [
            0.9999135732650757,
            0.008135181851685047,
            0.010327217169106007,
            0.0
          ],
          [
            -0.00689147412776947,
            0.9933158159255981,
            -0.11522233486175537,
            0.0
          ],
          [
            -0.011195543222129345,
            0.11514121294021606,
            0.9932860136032104,
            0.0
          ],
          [
            0.0,
            0.0,
            0.0,
            1.0
          ]
        ],
        "rotation_mode": "QUATERNION"
      },
      "armature_space": {
        "head": {
          "x": 0.589758574962616,
          "y": -0.21687260270118713,
          "z": 0.2928486466407776
        },
        "tail": {
          "x": 0.6178414225578308,
          "y": -0.22857455909252167,
          "z": 0.2939929962158203
        }
      },
      "world_space": {
        "head": {
          "x": 0.589758574962616,
          "y": -0.15362860262393951,
          "z": 1.2427027225494385
        },
        "tail": {
          "x": 0.6178414225578308,
          "y": -0.16533055901527405,
          "z": 1.2438470125198364
        },
        "rotation_quaternion": {
          "w": 0.5022241473197937,
          "x": 0.38392195105552673,
          "y": 0.23576940596103668,
          "z": -0.7380973696708679
        },
        "matrix": [
          [
            -0.20074895024299622,
            0.9224156737327576,
            -0.3299233913421631,
            0.589758574962616
          ],
          [
            -0.560347318649292,
            -0.3843652606010437,
            -0.7336719632148743,
            -0.15362860262393951
          ],
          [
            -0.8035674691200256,
            0.03758784383535385,
            0.5940374135971069,
            1.2427027225494385
          ],
          [
            0.0,
            0.0,
            0.0,
            1.0
          ]
        ]
      },
      "bone_length_armature_space": 0.030444895409421673,
      "parent": "thumb_02_l",
      "has_children": false,
      "is_end_bone": true
    },
    "metacarpal_index_l": {
      "name": "metacarpal_index_l",
      "local": {
        "location": {
          "x": 0.0,
          "y": 0.0,
          "z": 0.0
        },
        "rotation_quaternion": {
          "w": 0.9990624189376831,
          "x": -0.03990986570715904,
          "y": -0.01677188090980053,
          "z": -0.00043569476110860705
        },
        "scale": {
          "x": 1.0,
          "y": 1.0,
          "z": 1.0
        },
        "matrix_basis": [
          [
            0.9994370341300964,
            0.0022092994768172503,
            -0.033477533608675,
            0.0
          ],
          [
            0.0004681544960476458,
            0.9968140125274658,
            0.07975950837135315,
            0.0
          ],
          [
            0.033547088503837585,
            -0.07973027974367142,
            0.9962518215179443,
            0.0
          ],
          [
            0.0,
            0.0,
            0.0,
            1.0
          ]
        ],
        "rotation_mode": "QUATERNION"
      },
      "armature_space": {
        "head": {
          "x": 0.5246073603630066,
          "y": -0.21275034546852112,
          "z": 0.3770943284034729
        },
        "tail": {
          "x": 0.6057825684547424,
          "y": -0.24898582696914673,
          "z": 0.30076032876968384
        }
      },
      "world_space": {
        "head": {
          "x": 0.5246073603630066,
          "y": -0.1495063453912735,
          "z": 1.3269484043121338
        },
        "tail": {
          "x": 0.6057825684547424,
          "y": -0.1857418268918991,
          "z": 1.2506144046783447
        },
        "rotation_quaternion": {
          "w": 0.4200289845466614,
          "x": -0.808391273021698,
          "y": -0.4110349118709564,
          "z": -0.033609528094530106
        },
        "matrix": [
          [
            0.6598401069641113,
            0.6927882432937622,
            -0.2909561097621918,
            0.5246073603630066
          ],
          [
            0.6363224983215332,
            -0.309251070022583,
            0.7067232728004456,
            -0.1495063453912735
          ],
          [
            0.3996345102787018,
            -0.6514710783958435,
            -0.6448968648910522,
            1.3269484043121338
          ],
          [
            0.0,
            0.0,
            0.0,
            1.0
          ]
        ]
      },
      "bone_length_armature_space": 0.11717211254742217,
      "parent": "lowerarm_l",
      "has_children": true,
      "is_end_bone": false
    },
    "index_01_l": {
      "name": "index_01_l",
      "local": {
        "location": {
          "x": 0.0,
          "y": 0.0,
          "z": 0.0
        },
        "rotation_quaternion": {
          "w": 0.9964093565940857,
          "x": -0.07945206016302109,
          "y": 0.028665119782090187,
          "z": 0.0058472347445786
        },
        "scale": {
          "x": 1.0,
          "y": 1.0,
          "z": 1.0
        },
        "matrix_basis": [
          [
            0.9982882142066956,
            -0.016207484528422356,
            0.05619523674249649,
            0.0
          ],
          [
            0.007097473368048668,
            0.9873063564300537,
            0.15866877138614655,
            0.0
          ],
          [
            -0.05805353820323944,
            -0.15799832344055176,
            0.9857313632965088,
            0.0
          ],
          [
            0.0,
            0.0,
            0.0,
            1.0
          ]
        ],
        "rotation_mode": "QUATERNION"
      },
      "armature_space": {
        "head": {
          "x": 0.6057825684547424,
          "y": -0.24898582696914673,
          "z": 0.30076032876968384
        },
        "tail": {
          "x": 0.6319698691368103,
          "y": -0.2570337951183319,
          "z": 0.29285305738449097
        }
      },
      "world_space": {
        "head": {
          "x": 0.6057825684547424,
          "y": -0.1857418268918991,
          "z": 1.2506144046783447
        },
        "tail": {
          "x": 0.6319698691368103,
          "y": -0.1937897950410843,
          "z": 1.2427070140838623
        },
        "rotation_quaternion": {
          "w": 0.31676194071769714,
          "x": -0.7729812264442444,
          "y": -0.5084678530693054,
          "z": -0.20885975658893585
        },
        "matrix": [
          [
            0.39567530155181885,
            0.918390154838562,
            0.0007606297731399536,
            0.6057825684547424
          ],
          [
            0.653756320476532,
            -0.28224292397499084,
            0.7020982503890991,
            -0.1857418268918991
          ],
          [
            0.6450199484825134,
            -0.27730777859687805,
            -0.7120842337608337,
            1.2506144046783447
          ],
          [
            0.0,
            0.0,
            0.0,
            1.0
          ]
        ]
      },
      "bone_length_armature_space": 0.028514372652376687,
      "parent": "metacarpal_index_l",
      "has_children": true,
      "is_end_bone": false
    },
    "index_02_l": {
      "name": "index_02_l",
      "local": {
        "location": {
          "x": 0.0,
          "y": 0.0,
          "z": 0.0
        },
        "rotation_quaternion": {
          "w": 0.9993886351585388,
          "x": 0.034854162484407425,
          "y": 0.0024476617109030485,
          "z": -0.0012604823568835855
        },
        "scale": {
          "x": 1.0,
          "y": 1.0,
          "z": 1.0
        },
        "matrix_basis": [
          [
            0.999984860420227,
            0.0026900458615273237,
            0.0048044645227491856,
            0.0
          ],
          [
            -0.0023488011211156845,
            0.9975671768188477,
            -0.0696718767285347,
            0.0
          ],
          [
            -0.004980196710675955,
            0.06965953856706619,
            0.9975584149360657,
            0.0
          ],
          [
            0.0,
            0.0,
            0.0,
            1.0
          ]
        ],
        "rotation_mode": "QUATERNION"
      },
      "armature_space": {
        "head": {
          "x": 0.6319701671600342,
          "y": -0.2570338547229767,
          "z": 0.29285258054733276
        },
        "tail": {
          "x": 0.6558021903038025,
          "y": -0.2631438672542572,
          "z": 0.28558671474456787
        }
      },
      "world_space": {
        "head": {
          "x": 0.6319701671600342,
          "y": -0.19378985464572906,
          "z": 1.242706537246704
        },
        "tail": {
          "x": 0.6558021903038025,
          "y": -0.19989986717700958,
          "z": 1.235440731048584
        },
        "rotation_quaternion": {
          "w": 0.31094634532928467,
          "x": -0.7657257318496704,
          "y": -0.5331258773803711,
          "z": -0.18097852170467377
        },
        "matrix": [
          [
            0.3660461902618408,
            0.9290058612823486,
            -0.0543895959854126,
            0.6319701671600342
          ],
          [
            0.7039089798927307,
            -0.23817643523216248,
            0.6691671013832092,
            -0.19378985464572906
          ],
          [
            0.608710765838623,
            -0.2832334637641907,
            -0.7411237359046936,
            1.242706537246704
          ],
          [
            0.0,
            0.0,
            0.0,
            1.0
          ]
        ]
      },
      "bone_length_armature_space": 0.025653272431081425,
      "parent": "index_01_l",
      "has_children": true,
      "is_end_bone": false
    },
    "index_03_l": {
      "name": "index_03_l",
      "local": {
        "location": {
          "x": 0.0,
          "y": 0.0,
          "z": 0.0
        },
        "rotation_quaternion": {
          "w": 0.999946653842926,
          "x": 0.007588276639580727,
          "y": 0.006794353015720844,
          "z": 0.0017373306909576058
        },
        "scale": {
          "x": 1.0,
          "y": 1.0,
          "z": 1.0
        },
        "matrix_basis": [
          [
            0.9999016523361206,
            -0.0033713611774146557,
            0.013614348135888577,
            0.0
          ],
          [
            0.0035775909200310707,
            0.9998788237571716,
            -0.015152135863900185,
            0.0
          ],
          [
            -0.013561614789068699,
            0.01519935205578804,
            0.9997925162315369,
            0.0
          ],
          [
            0.0,
            0.0,
            0.0,
            1.0
          ]
        ],
        "rotation_mode": "QUATERNION"
      },
      "armature_space": {
        "head": {
          "x": 0.6558021903038025,
          "y": -0.26314395666122437,
          "z": 0.2855868339538574
        },
        "tail": {
          "x": 0.6834753155708313,
          "y": -0.2661988437175751,
          "z": 0.2767212390899658
        }
      },
      "world_space": {
        "head": {
          "x": 0.6558021903038025,
          "y": -0.19989995658397675,
          "z": 1.2354408502578735
        },
        "tail": {
          "x": 0.6834753155708313,
          "y": -0.20295484364032745,
          "z": 1.226575255393982
        },
        "rotation_quaternion": {
          "w": 0.3657970428466797,
          "x": -0.7165534496307373,
          "y": -0.5602813363075256,
          "z": -0.1970495730638504
        },
        "matrix": [
          [
            0.29451122879981995,
            0.9471033811569214,
            -0.12750785052776337,
            0.6558021903038025
          ],
          [
            0.6587846875190735,
            -0.10455245524644852,
            0.745031476020813,
            -0.19989995658397675
          ],
          [
            0.692296028137207,
            -0.3034224808216095,
            -0.6547330617904663,
            1.2354408502578735
          ],
          [
            0.0,
            0.0,
            0.0,
            1.0
          ]
        ]
      },
      "bone_length_armature_space": 0.029218709424463498,
      "parent": "index_02_l",
      "has_children": false,
      "is_end_bone": true
    },
    "metacarpal_pinky_l": {
      "name": "metacarpal_pinky_l",
      "local": {
        "location": {
          "x": 0.0,
          "y": 0.0,
          "z": 0.0
        },
        "rotation_quaternion": {
          "w": 0.9982843995094299,
          "x": -0.05609870329499245,
          "y": 0.012079435400664806,
          "z": 0.011638506315648556
        },
        "scale": {
          "x": 1.0,
          "y": 1.0,
          "z": 1.0
        },
        "matrix_basis": [
          [
            0.9994372725486755,
            -0.024592360481619835,
            0.022811613976955414,
            0.0
          ],
          [
            0.021881796419620514,
            0.9934349656105042,
            0.11228609085083008,
            0.0
          ],
          [
            -0.025423234328627586,
            -0.11172375082969666,
            0.993414044380188,
            0.0
          ],
          [
            0.0,
            0.0,
            0.0,
            1.0
          ]
        ],
        "rotation_mode": "QUATERNION"
      },
      "armature_space": {
        "head": {
          "x": 0.5246073603630066,
          "y": -0.21275034546852112,
          "z": 0.3770943284034729
        },
        "tail": {
          "x": 0.6271849274635315,
          "y": -0.2227834165096283,
          "z": 0.3622485101222992
        }
      },
      "world_space": {
        "head": {
          "x": 0.5246073603630066,
          "y": -0.1495063453912735,
          "z": 1.3269484043121338
        },
        "tail": {
          "x": 0.6271849274635315,
          "y": -0.15953941643238068,
          "z": 1.3121025562286377
        },
        "rotation_quaternion": {
          "w": 0.4235648512840271,
          "x": 0.5021461844444275,
          "y": 0.5219363570213318,
          "z": -0.5440813899040222
        },
        "matrix": [
          [
            -0.1368831843137741,
            0.9850842952728271,
            -0.10426916927099228,
            0.5246073603630066
          ],
          [
            0.06326983124017715,
            -0.09635064750909805,
            -0.9933347105979919,
            -0.1495063453912735
          ],
          [
            -0.9885717034339905,
            -0.14256897568702698,
            -0.049138668924570084,
            1.3269484043121338
          ],
          [
            0.0,
            0.0,
            0.0,
            1.0
          ]
        ]
      },
      "bone_length_armature_space": 0.10413077252966037,
      "parent": "lowerarm_l",
      "has_children": true,
      "is_end_bone": false
    },
    "pinky_01_l": {
      "name": "pinky_01_l",
      "local": {
        "location": {
          "x": 0.0,
          "y": 0.0,
          "z": 0.0
        },
        "rotation_quaternion": {
          "w": 0.9683097004890442,
          "x": 0.24892352521419525,
          "y": 0.011554173193871975,
          "z": -0.01672796532511711
        },
        "scale": {
          "x": 1.0,
          "y": 1.0,
          "z": 1.0
        },
        "matrix_basis": [
          [
            0.9991733431816101,
            0.03814791142940521,
            0.014048067852854729,
            0.0
          ],
          [
            -0.02664349041879177,
            0.8755145072937012,
            -0.48245668411254883,
            0.0
          ],
          [
            -0.03070400469005108,
            0.4816835820674896,
            0.8758071660995483,
            0.0
          ],
          [
            0.0,
            0.0,
            0.0,
            1.0
          ]
        ],
        "rotation_mode": "QUATERNION"
      },
      "armature_space": {
        "head": {
          "x": 0.6271849274635315,
          "y": -0.2227834165096283,
          "z": 0.3622485101222992
        },
        "tail": {
