{
  "metadata": {
    "armature_name": "KIM_caucasian_male",
    "export_time": "2026-01-13T21:00:00.726723",
    "blender_version": "4.4.1",
    "bone_count": 56,
    "end_bone_count": 13,
    "spaces_included": [
      "LOCAL_CHANNELS",
      "ARMATURE_SPACE",
      "WORLD_SPACE"
    ],
    "note": "LOCAL matches Transform panel; replay pose via local.matrix_basis for best fidelity."
  },
  "bones": {
    "Root": {
      "name": "Root",
      "local": {
        "location": {
          "x": 0.0,
          "y": 0.0,
          "z": 0.0
        },
        "rotation_quaternion": {
          "w": 0.9993923306465149,
          "x": -0.006054748315364122,
          "y": 0.017230184748768806,
          "z": -0.029689496383070946
        },
        "scale": {
          "x": 1.0,
          "y": 1.0,
          "z": 1.0
        },
        "matrix_basis": [
          [
            0.9976432919502258,
            0.059134259819984436,
            0.03479895368218422,
            0.0
          ],
          [
            -0.05955155938863754,
            0.9981637597084045,
            0.011079027317464352,
            0.0
          ],
          [
            -0.0340799055993557,
            -0.013125249184668064,
            0.9993329048156738,
            0.0
          ],
          [
            0.0,
            0.0,
            0.0,
            1.0
          ]
        ],
        "rotation_mode": "QUATERNION"
      },
      "armature_space": {
        "head": {
          "x": 0.0,
          "y": 0.07072800397872925,
          "z": -0.009595036506652832
        },
        "tail": {
          "x": 0.004220759030431509,
          "y": 0.0002558082342147827,
          "z": 0.0009107096120715141
        }
      },
      "world_space": {
        "head": {
          "x": 0.0,
          "y": 0.13397200405597687,
          "z": 0.9402589797973633
        },
        "tail": {
          "x": 0.004220759030431509,
          "y": 0.0634998083114624,
          "z": 0.9507647156715393
        },
        "rotation_quaternion": {
          "w": 0.07336771488189697,
          "x": 0.9967139959335327,
          "y": 0.03078281134366989,
          "z": 0.015190922655165195
        },
        "matrix": [
          [
            0.9976432919502258,
            0.059134259819984436,
            0.03479895368218422,
            0.0
          ],
          [
            0.06359237432479858,
            -0.987339198589325,
            -0.14531847834587097,
            0.13397200405597687
          ],
          [
            0.02576530911028385,
            0.14718905091285706,
            -0.9887798428535461,
            0.9402589797973633
          ],
          [
            0.0,
            0.0,
            0.0,
            1.0
          ]
        ]
      },
      "bone_length_armature_space": 0.07137587659701733,
      "parent": null,
      "has_children": true,
      "is_end_bone": false
    },
    "spine_01": {
      "name": "spine_01",
      "local": {
        "location": {
          "x": 0.0,
          "y": 0.0,
          "z": 0.0
        },
        "rotation_quaternion": {
          "w": 0.9987261295318604,
          "x": 0.04020499438047409,
          "y": -0.0021010832861065865,
          "z": -0.030421042814850807
        },
        "scale": {
          "x": 1.0,
          "y": 1.0,
          "z": 1.0
        },
        "matrix_basis": [
          [
            0.998140275478363,
            0.06059563159942627,
            -0.006642969325184822,
            0.0
          ],
          [
            -0.06093353033065796,
            0.9949162602424622,
            -0.08017972111701965,
            0.0
          ],
          [
            0.0017506578005850315,
            0.0804353877902031,
            0.9967582821846008,
            0.0
          ],
          [
            0.0,
            0.0,
            0.0,
            1.0
          ]
        ],
        "rotation_mode": "QUATERNION"
      },
      "armature_space": {
        "head": {
          "x": 0.004220759030431509,
          "y": 0.0002558082342147827,
          "z": 0.0009107096120715141
        },
        "tail": {
          "x": 0.02184971049427986,
          "y": -0.00885925255715847,
          "z": 0.4885116517543793
        }
      },
      "world_space": {
        "head": {
          "x": 0.004220759030431509,
          "y": 0.0634998083114624,
          "z": 0.9507647156715393
        },
        "tail": {
          "x": 0.02184971049427986,
          "y": 0.054384745657444,
          "z": 1.4383656978607178
        },
        "rotation_quaternion": {
          "w": 0.699691891670227,
          "x": 0.7136366367340088,
          "y": 0.03304429352283478,
          "z": 0.0078880675137043
        },
        "matrix": [
          [
            0.9976916909217834,
            0.036124810576438904,
            0.05750030279159546,
            0.004220759030431509
          ],
          [
            0.05820189043879509,
            -0.01867835596203804,
            -0.998130202293396,
            0.0634998083114624
          ],
          [
            -0.03498344495892525,
            0.9991797804832458,
            -0.020738814026117325,
            0.9507647156715393
          ],
          [
            0.0,
            0.0,
            0.0,
            1.0
          ]
        ]
      },
      "bone_length_armature_space": 0.48800466383943875,
      "parent": "Root",
      "has_children": true,
      "is_end_bone": false
    },
    "neck_01": {
      "name": "neck_01",
      "local": {
        "location": {
          "x": 0.0,
          "y": 0.0,
          "z": 0.0
        },
        "rotation_quaternion": {
          "w": 0.9874489307403564,
          "x": -0.10583769530057907,
          "y": 0.11659097671508789,
          "z": 0.012236461974680424
        },
        "scale": {
          "x": 1.0,
          "y": 1.0,
          "z": 1.0
        },
        "matrix_basis": [
          [
            0.9725136160850525,
            -0.04884520173072815,
            0.22766511142253876,
            0.0
          ],
          [
            -0.0005136779509484768,
            0.977297306060791,
            0.21187196671962738,
            0.0
          ],
          [
            -0.23284542560577393,
            -0.20616531372070312,
            0.9504098296165466,
            0.0
          ],
          [
            0.0,
            0.0,
            0.0,
            1.0
          ]
        ],
        "rotation_mode": "QUATERNION"
      },
      "armature_space": {
        "head": {
          "x": 0.02648884989321232,
          "y": -0.044842448085546494,
          "z": 0.5609508156776428
        },
        "tail": {
          "x": 0.026231801137328148,
          "y": -0.06548234075307846,
          "z": 0.6613733768463135
        }
      },
      "world_space": {
        "head": {
          "x": 0.02648884989321232,
          "y": 0.018401551991701126,
          "z": 1.5108048915863037
        },
        "tail": {
          "x": 0.026231801137328148,
          "y": -0.002238340675830841,
          "z": 1.6112273931503296
        },
        "rotation_quaternion": {
          "w": 0.6259583234786987,
          "x": 0.7674223184585571,
          "y": 0.086686871945858,
          "z": 0.10828060656785965
        },
        "matrix": [
          [
            0.9615215063095093,
            -0.0025072689168155193,
            0.27471840381622314,
            0.02648884989321232
          ],
          [
            0.26860901713371277,
            -0.20132289826869965,
            -0.941976010799408,
            0.018401551991701126
          ],
          [
            0.05766954645514488,
            0.9795284271240234,
            -0.19290505349636078,
            1.5108048915863037
          ],
          [
            0.0,
            0.0,
            0.0,
            1.0
          ]
        ]
      },
      "bone_length_armature_space": 0.10252200624656216,
      "parent": "spine_01",
      "has_children": true,
      "is_end_bone": false
    },
    "head": {
      "name": "head",
      "local": {
        "location": {
          "x": 0.0,
          "y": 0.0,
          "z": 0.0
        },
        "rotation_quaternion": {
          "w": 0.9783190488815308,
          "x": -0.10408452898263931,
          "y": -0.17821942269802094,
          "z": -0.017205802723765373
        },
        "scale": {
          "x": 1.0,
          "y": 1.0,
          "z": 1.0
        },
        "matrix_basis": [
          [
            0.9358835816383362,
            0.07076530158519745,
            -0.34512919187545776,
            0.0
          ],
          [
            0.0034342401195317507,
            0.9777407646179199,
            0.20978857576847076,
            0.0
          ],
          [
            0.35229262709617615,
            -0.19752293825149536,
            0.9148085117340088,
            0.0
          ],
          [
            0.0,
            0.0,
            0.0,
            1.0
          ]
        ],
        "rotation_mode": "QUATERNION"
      },
      "armature_space": {
        "head": {
          "x": 0.02623184397816658,
          "y": -0.06548246741294861,
          "z": 0.6613732576370239
        },
        "tail": {
          "x": 0.013556561432778835,
          "y": -0.010258637368679047,
          "z": 0.8057441711425781
        }
      },
      "world_space": {
        "head": {
          "x": 0.02623184397816658,
          "y": -0.0022384673357009888,
          "z": 1.61122727394104
        },
        "tail": {
          "x": 0.013556561432778835,
          "y": 0.05298536270856857,
          "z": 1.7555981874465942
        },
        "rotation_quaternion": {
          "w": 0.8201069235801697,
          "x": 0.5674159526824951,
          "y": -0.07390651851892471,
          "z": -0.001306545571424067
        },
        "matrix": [
          [
            0.989072322845459,
            -0.08172845095396042,
            -0.12270468473434448,
            0.02623184397816658
          ],
          [
            -0.08601395785808563,
            0.3560755252838135,
            -0.9304904341697693,
            -0.0022384673357009888
          ],
          [
            0.11974041163921356,
            0.9308832883834839,
            0.34515610337257385,
            1.61122727394104
          ],
          [
            0.0,
            0.0,
            0.0,
            1.0
          ]
        ]
      },
      "bone_length_armature_space": 0.15509124512199088,
      "parent": "neck_01",
      "has_children": false,
      "is_end_bone": true
    },
    "upperarm_l": {
      "name": "upperarm_l",
      "local": {
        "location": {
          "x": 0.0,
          "y": 0.0,
          "z": 0.0
        },
        "rotation_quaternion": {
          "w": 0.8480028510093689,
          "x": 0.47321996092796326,
          "y": 0.060353539884090424,
          "z": -0.2308928668498993
        },
        "scale": {
          "x": 1.0,
          "y": 1.0,
          "z": 1.0
        },
        "matrix_basis": [
          [
            0.8860918879508972,
            0.4487166106700897,
            -0.11616627871990204,
            0.0
          ],
          [
            -0.3344746232032776,
            0.44550269842147827,
            -0.8304541707038879,
            0.0
          ],
          [
            -0.32088616490364075,
            0.7747133374214172,
            0.5448406338691711,
            0.0
          ],
          [
            0.0,
            0.0,
            0.0,
            1.0
          ]
        ],
        "rotation_mode": "QUATERNION"
      },
      "armature_space": {
        "head": {
          "x": 0.1738981306552887,
          "y": -0.038040000945329666,
          "z": 0.48848459124565125
        },
        "tail": {
          "x": 0.30500340461730957,
          "y": -0.22785969078540802,
          "z": 0.3521473705768585
        }
      },
      "world_space": {
        "head": {
          "x": 0.1738981306552887,
          "y": 0.025203999131917953,
          "z": 1.4383386373519897
        },
        "tail": {
          "x": 0.30500340461730957,
          "y": -0.1646156907081604,
          "z": 1.3020013570785522
        },
        "rotation_quaternion": {
          "w": 0.055294815450906754,
          "x": 0.5374019145965576,
          "y": 0.37783828377723694,
          "z": -0.7519174814224243
        },
        "matrix": [
          [
            -0.4162847399711609,
            0.48925459384918213,
            -0.7663792967796326,
            0.1738981306552887
          ],
          [
            0.32294631004333496,
            -0.7083632349967957,
            -0.6276365518569946,
            0.025203999131917953
          ],
          [
            -0.8499544262886047,
            -0.508778989315033,
            0.13687825202941895,
            1.4383386373519897
          ],
          [
            0.0,
            0.0,
            0.0,
            1.0
          ]
        ]
      },
      "bone_length_armature_space": 0.2679700452422933,
      "parent": "spine_01",
      "has_children": true,
      "is_end_bone": false
    },
    "lowerarm_l": {
      "name": "lowerarm_l",
      "local": {
        "location": {
          "x": 0.0,
          "y": 0.0,
          "z": 0.0
        },
        "rotation_quaternion": {
          "w": 0.997798502445221,
          "x": 0.05749678611755371,
          "y": -0.0069999294355511665,
          "z": -0.032303616404533386
        },
        "scale": {
          "x": 1.0,
          "y": 1.0,
          "z": 1.0
        },
        "matrix_basis": [
          [
            0.997814953327179,
            0.06366005539894104,
            -0.01768374629318714,
            0.0
          ],
          [
            -0.06526994705200195,
            0.9913011789321899,
            -0.11428816616535187,
            0.0
          ],
          [
            0.01025433000177145,
            0.11519265919923782,
            0.9932902455329895,
            0.0
          ],
          [
            0.0,
            0.0,
            0.0,
            1.0
          ]
        ],
        "rotation_mode": "QUATERNION"
      },
      "armature_space": {
        "head": {
          "x": 0.30500346422195435,
          "y": -0.22785982489585876,
          "z": 0.3521474301815033
        },
        "tail": {
          "x": 0.38614708185195923,
          "y": -0.4536990523338318,
          "z": 0.23390215635299683
        }
      },
      "world_space": {
        "head": {
          "x": 0.30500346422195435,
          "y": -0.16461582481861115,
          "z": 1.3020014762878418
        },
        "tail": {
          "x": 0.38614708185195923,
          "y": -0.39045506715774536,
          "z": 1.1837561130523682
        },
        "rotation_quaternion": {
          "w": 0.020229903981089592,
          "x": 0.48452135920524597,
          "y": 0.2783890962600708,
          "z": -0.8290533423423767
        },
        "matrix": [
          [
            -0.5296604633331299,
            0.30331289768218994,
            -0.7921245694160461,
            0.30500346422195435
          ],
          [
            0.23622675240039825,
            -0.8441815972328186,
            -0.48120129108428955,
            -0.16461582481861115
          ],
          [
            -0.8146568536758423,
            -0.4419979751110077,
            0.3754812180995941,
            1.3020014762878418
          ],
          [
            0.0,
            0.0,
            0.0,
            1.0
          ]
        ]
      },
      "bone_length_armature_space": 0.26752492800489175,
      "parent": "upperarm_l",
      "has_children": true,
      "is_end_bone": false
    },
    "metacarpal_thumb_l": {
      "name": "metacarpal_thumb_l",
      "local": {
        "location": {
          "x": 0.0,
          "y": 0.0,
          "z": 0.0
        },
        "rotation_quaternion": {
          "w": 0.9999446868896484,
          "x": -0.004769586026668549,
          "y": 0.007305539678782225,
          "z": -0.005873173475265503
        },
        "scale": {
          "x": 1.0,
          "y": 1.0,
          "z": 1.0
        },
        "matrix_basis": [
          [
            0.9998242855072021,
            0.011676008813083172,
            0.014666296541690826,
            0.0
          ],
          [
            -0.011815385892987251,
            0.9998854994773865,
            0.009452831000089645,
            0.0
          ],
          [
            -0.014554246328771114,
            -0.00962445791810751,
            0.9998477697372437,
            0.0
          ],
          [
            0.0,
            0.0,
            0.0,
            1.0
          ]
        ],
        "rotation_mode": "QUATERNION"
      },
      "armature_space": {
        "head": {
          "x": 0.38614708185195923,
          "y": -0.4536990523338318,
          "z": 0.23390215635299683
        },
        "tail": {
          "x": 0.37083789706230164,
          "y": -0.49877604842185974,
          "z": 0.22021707892417908
        }
      },
      "world_space": {
        "head": {
          "x": 0.38614708185195923,
          "y": -0.39045506715774536,
          "z": 1.1837561130523682
        },
        "tail": {
          "x": 0.37083789706230164,
          "y": -0.4355320334434509,
          "z": 1.1700711250305176
        },
        "rotation_quaternion": {
          "w": 0.18360014259815216,
          "x": -0.9285657405853271,
          "y": 0.10619492828845978,
          "z": 0.30459707975387573
        },
        "matrix": [
          [
            0.7918868660926819,
            -0.30906614661216736,
            -0.5266816020011902,
            0.38614708185195923
          ],
          [
            -0.08537016808986664,
            -0.9100273847579956,
            0.405662477016449,
            -0.39045506715774536
          ],
          [
            -0.6046755909919739,
            -0.27627840638160706,
            -0.747028648853302,
            1.1837561130523682
          ],
          [
            0.0,
            0.0,
            0.0,
            1.0
          ]
        ]
      },
      "bone_length_armature_space": 0.04953370665309757,
      "parent": "lowerarm_l",
      "has_children": true,
      "is_end_bone": false
    },
    "thumb_01_l": {
      "name": "thumb_01_l",
      "local": {
        "location": {
          "x": 0.0,
          "y": 0.0,
          "z": 0.0
        },
        "rotation_quaternion": {
          "w": 0.9824936389923096,
          "x": 0.18583014607429504,
          "y": 0.009451172314584255,
          "z": 0.009176625870168209
        },
        "scale": {
          "x": 1.0,
          "y": 1.0,
          "z": 1.0
        },
        "matrix_basis": [
          [
            0.9996529221534729,
            -0.014519327320158482,
            0.021982021629810333,
            0.0
          ],
          [
            0.021544579416513443,
            0.9307658672332764,
            -0.36498039960861206,
            0.0
          ],
          [
            -0.015160845592617989,
            0.3653273284435272,
            0.9307556748390198,
            0.0
          ],
          [
            0.0,
            0.0,
            0.0,
            1.0
          ]
        ],
        "rotation_mode": "QUATERNION"
      },
      "armature_space": {
        "head": {
          "x": 0.37083789706230164,
          "y": -0.49877604842185974,
          "z": 0.22021707892417908
        },
        "tail": {
          "x": 0.35778865218162537,
          "y": -0.5090420842170715,
          "z": 0.1905023753643036
        }
      },
      "world_space": {
        "head": {
          "x": 0.37083789706230164,
          "y": -0.4355320334434509,
          "z": 1.1700711250305176
        },
        "tail": {
          "x": 0.35778865218162537,
          "y": -0.4457980990409851,
          "z": 1.140356421470642
        },
        "rotation_quaternion": {
          "w": 0.31482937932014465,
          "x": -0.6680261492729187,
          "y": 0.5000821352005005,
          "z": -0.4522625803947449
        },
        "matrix": [
          [
            0.09075130522251129,
            -0.38336631655693054,
            0.9191272258758545,
            0.37083789706230164
          ],
          [
            -0.9529070854187012,
            -0.3015996813774109,
            -0.03170992434024811,
            -0.4355320334434509
          ],
          [
            0.2893662750720978,
            -0.8729714155197144,
            -0.39268600940704346,
            1.1700711250305176
          ],
          [
            0.0,
            0.0,
            0.0,
            1.0
          ]
        ]
      },
      "bone_length_armature_space": 0.034038770068479475,
      "parent": "metacarpal_thumb_l",
      "has_children": true,
      "is_end_bone": false
    },
    "thumb_02_l": {
      "name": "thumb_02_l",
      "local": {
        "location": {
          "x": 0.0,
          "y": 0.0,
          "z": 0.0
        },
        "rotation_quaternion": {
          "w": 0.9319655895233154,
          "x": 0.3624977469444275,
          "y": 0.00595686724409461,
          "z": 0.0004416974261403084
        },
        "scale": {
          "x": 1.0,
          "y": 1.0,
          "z": 1.0
        },
        "matrix_basis": [
          [
            0.9999286532402039,
            0.003495408222079277,
            0.01142341922968626,
            0.0
          ],
          [
            0.005141995381563902,
            0.7371903657913208,
            -0.6756656169891357,
            0.0
          ],
          [
            -0.01078296173363924,
            0.6756761074066162,
            0.7371197938919067,
            0.0
          ],
          [
            0.0,
            0.0,
            0.0,
            1.0
          ]
        ],
        "rotation_mode": "QUATERNION"
      },
      "armature_space": {
        "head": {
          "x": 0.357788622379303,
          "y": -0.5090420246124268,
          "z": 0.19050239026546478
        },
        "tail": {
          "x": 0.3903752863407135,
          "y": -0.5321735143661499,
          "z": 0.19453008472919464
        }
      },
      "world_space": {
        "head": {
          "x": 0.357788622379303,
          "y": -0.44579803943634033,
          "z": 1.140356421470642
        },
        "tail": {
          "x": 0.3903752863407135,
          "y": -0.4689295291900635,
          "z": 1.1443841457366943
        },
        "rotation_quaternion": {
          "w": 0.42539721727371216,
          "x": -0.2366713434457779,
          "y": -0.17628498375415802,
          "z": -0.8555393218994141
        },
        "matrix": [
          [
            -0.5260476469993591,
            0.8113319873809814,
            0.25497961044311523,
            0.357788622379303
          ],
          [
            -0.64444500207901,
            -0.5759204626083374,
            0.5029972195625305,
            -0.44579803943634033
          ],
          [
            0.554949164390564,
            0.10028013586997986,
            0.8258265256881714,
            1.140356421470642
          ],
          [
            0.0,
            0.0,
            0.0,
            1.0
          ]
        ]
      },
      "bone_length_armature_space": 0.040164396894711255,
      "parent": "thumb_01_l",
      "has_children": true,
      "is_end_bone": false
    },
    "thumb_03_l": {
      "name": "thumb_03_l",
      "local": {
        "location": {
          "x": 0.0,
          "y": 0.0,
          "z": 0.0
        },
        "rotation_quaternion": {
          "w": 0.9842064380645752,
          "x": 0.1768948882818222,
          "y": -0.004992019850760698,
          "z": -0.004589152988046408
        },
        "scale": {
          "x": 1.0,
          "y": 1.0,
          "z": 1.0
        },
        "matrix_basis": [
          [
            0.9999080300331116,
            0.00726722227409482,
            -0.01144995167851448,
            0.0
          ],
          [
            -0.010799473151564598,
            0.9373742938041687,
            -0.3481563627719879,
            0.0
          ],
          [
            0.008202760480344296,
            0.3482480049133301,
            0.9373665452003479,
            0.0
          ],
          [
            0.0,
            0.0,
            0.0,
            1.0
          ]
        ],
        "rotation_mode": "QUATERNION"
      },
      "armature_space": {
        "head": {
          "x": 0.39037519693374634,
          "y": -0.5321735739707947,
          "z": 0.19453006982803345
        },
        "tail": {
          "x": 0.4152957797050476,
          "y": -0.5377760529518127,
          "z": 0.21109722554683685
        }
      },
      "world_space": {
        "head": {
          "x": 0.39037519693374634,
          "y": -0.46892958879470825,
          "z": 1.1443841457366943
        },
        "tail": {
          "x": 0.4152957797050476,
          "y": -0.4745320677757263,
          "z": 1.1609512567520142
        },
        "rotation_quaternion": {
          "w": 0.557390570640564,
          "x": 0.058796364814043045,
          "y": -0.3119373023509979,
          "z": -0.7671727538108826
        },
        "matrix": [
          [
            -0.3717160224914551,
            0.8185479640960693,
            -0.4379575550556183,
            0.39037519693374634
          ],
          [
            -0.8919122219085693,
            -0.1840205192565918,
            0.41307273507118225,
            -0.46892958879470825
          ],
          [
            0.25752776861190796,
            0.5441688299179077,
            0.7984822988510132,
            1.1443841457366943
          ],
          [
            0.0,
            0.0,
            0.0,
            1.0
          ]
        ]
      },
      "bone_length_armature_space": 0.03044493212389546,
      "parent": "thumb_02_l",
      "has_children": false,
      "is_end_bone": true
    },
    "metacarpal_index_l": {
      "name": "metacarpal_index_l",
      "local": {
        "location": {
          "x": 0.0,
          "y": 0.0,
          "z": 0.0
        },
        "rotation_quaternion": {
          "w": 0.9998569488525391,
          "x": -0.015868932008743286,
          "y": -0.0038915390614420176,
          "z": 0.004371616058051586
        },
        "scale": {
          "x": 1.0,
          "y": 1.0,
          "z": 1.0
        },
        "matrix_basis": [
          [
            0.9999315142631531,
            -0.008618472144007683,
            -0.007920710369944572,
            0.0
          ],
          [
            0.008865490555763245,
            0.9994581341743469,
            0.031699299812316895,
            0.0
          ],
          [
            0.007643219083547592,
            -0.0317673496901989,
            0.999466061592102,
            0.0
          ],
          [
            0.0,
            0.0,
            0.0,
            1.0
          ]
        ],
        "rotation_mode": "QUATERNION"
      },
      "armature_space": {
        "head": {
          "x": 0.38614708185195923,
          "y": -0.4536990523338318,
          "z": 0.23390215635299683
        },
        "tail": {
          "x": 0.39155465364456177,
          "y": -0.5642641186714172,
          "z": 0.19549158215522766
        }
      },
      "world_space": {
        "head": {
          "x": 0.38614708185195923,
          "y": -0.39045506715774536,
          "z": 1.1837561130523682
        },
        "tail": {
          "x": 0.39155465364456177,
          "y": -0.5010201334953308,
          "z": 1.1453455686569214
        },
        "rotation_quaternion": {
          "w": 0.12490212172269821,
          "x": -0.8180031180381775,
          "y": -0.11221356689929962,
          "z": 0.550162136554718
        },
        "matrix": [
          [
            0.36945971846580505,
            0.04615093022584915,
            -0.9281002283096313,
            0.38614708185195923
          ],
          [
            0.3210150897502899,
            -0.9436154365539551,
            0.08086752891540527,
            -0.39045506715774536
          ],
          [
            -0.872043251991272,
            -0.32781434059143066,
            -0.3634454309940338,
            1.1837561130523682
          ],
          [
            0.0,
            0.0,
            0.0,
            1.0
          ]
        ]
      },
      "bone_length_armature_space": 0.11717187481139966,
      "parent": "lowerarm_l",
      "has_children": true,
      "is_end_bone": false
    },
    "index_01_l": {
      "name": "index_01_l",
      "local": {
        "location": {
          "x": 0.0,
          "y": 0.0,
          "z": 0.0
        },
        "rotation_quaternion": {
          "w": 0.9754822850227356,
          "x": 0.21973425149917603,
          "y": -0.01223447360098362,
          "z": -0.0012950828531756997
        },
        "scale": {
          "x": 1.0,
          "y": 1.0,
          "z": 1.0
        },
        "matrix_basis": [
          [
            0.9996972680091858,
            -0.0028500049374997616,
            -0.024438172578811646,
            0.0
          ],
          [
            -0.0079033263027668,
            0.9034303426742554,
            -0.4286620616912842,
            0.0
          ],
          [
            0.02329987660050392,
            0.4287254214286804,
            0.9031343460083008,
            0.0
          ],
          [
            0.0,
            0.0,
            0.0,
            1.0
          ]
        ],
        "rotation_mode": "QUATERNION"
      },
      "armature_space": {
        "head": {
          "x": 0.39155465364456177,
          "y": -0.5642641186714172,
          "z": 0.19549158215522766
        },
        "tail": {
          "x": 0.38816720247268677,
          "y": -0.584538459777832,
          "z": 0.17572921514511108
        }
      },
      "world_space": {
        "head": {
          "x": 0.39155465364456177,
          "y": -0.5010201334953308,
          "z": 1.1453455686569214
        },
        "tail": {
          "x": 0.38816720247268677,
          "y": -0.5212944746017456,
          "z": 1.1255831718444824
        },
        "rotation_quaternion": {
          "w": 0.33759957551956177,
          "x": -0.7378551959991455,
          "y": -0.1746879667043686,
          "z": 0.5577457547187805
        },
        "matrix": [
          [
            0.3168090283870697,
            -0.11879801750183105,
            -0.9410204887390137,
            0.39155465364456177
          ],
          [
            0.6343779563903809,
            -0.7110223174095154,
            0.3033351004123688,
            -0.5010201334953308
          ],
          [
            -0.7051264643669128,
            -0.6930671334266663,
            -0.14989620447158813,
            1.1453455686569214
          ],
          [
            0.0,
            0.0,
            0.0,
            1.0
          ]
        ]
      },
      "bone_length_armature_space": 0.02851446782991027,
      "parent": "metacarpal_index_l",
      "has_children": true,
      "is_end_bone": false
    },
    "index_02_l": {
      "name": "index_02_l",
      "local": {
        "location": {
          "x": 0.0,
          "y": 0.0,
          "z": 0.0
        },
        "rotation_quaternion": {
          "w": 0.9228370189666748,
          "x": 0.3850977420806885,
          "y": 0.008378072641789913,
          "z": 0.0011605857871472836
        },
        "scale": {
          "x": 1.0,
          "y": 1.0,
          "z": 1.0
        },
        "matrix_basis": [
          [
            0.9998569488525391,
            0.004310690797865391,
            0.016357069835066795,
            0.0
          ],
          [
            0.00859481655061245,
            0.703396737575531,
            -0.7107454538345337,
            0.0
          ],
          [
            -0.014569313265383244,
            0.710784375667572,
            0.7032590508460999,
            0.0
          ],
          [
            0.0,
            0.0,
            0.0,
            1.0
          ]
        ],
        "rotation_mode": "QUATERNION"
      },
      "armature_space": {
        "head": {
          "x": 0.38816678524017334,
          "y": -0.5845387578010559,
          "z": 0.17572906613349915
        },
        "tail": {
          "x": 0.36925381422042847,
          "y": -0.5928217768669128,
          "z": 0.1605045646429062
        }
      },
      "world_space": {
        "head": {
          "x": 0.38816678524017334,
          "y": -0.5212947726249695,
          "z": 1.1255830526351929
        },
        "tail": {
          "x": 0.36925381422042847,
          "y": -0.5295777916908264,
          "z": 1.1103585958480835
        },
        "rotation_quaternion": {
          "w": 0.5808782577514648,
          "x": -0.545831561088562,
          "y": 0.033715058118104935,
          "z": 0.6029192805290222
        },
        "matrix": [
          [
            0.27070605754852295,
            -0.7372533679008484,
            -0.6190122961997986,
            0.38816678524017334
          ],
          [
            0.6636390089988708,
            -0.3228834867477417,
            0.6747812628746033,
            -0.5212947726249695
          ],
          [
            -0.6973578333854675,
            -0.5934722423553467,
            0.40186670422554016,
            1.1255830526351929
          ],
          [
            0.0,
            0.0,
            0.0,
            1.0
          ]
        ]
      },
      "bone_length_armature_space": 0.025653349435663695,
      "parent": "index_01_l",
      "has_children": true,
      "is_end_bone": false
    },
    "index_03_l": {
      "name": "index_03_l",
      "local": {
        "location": {
          "x": 0.0,
          "y": 0.0,
          "z": 0.0
        },
        "rotation_quaternion": {
          "w": 0.9626659154891968,
          "x": 0.2705942690372467,
          "y": -0.0017280431929975748,
          "z": -0.007073518354445696
        },
        "scale": {
          "x": 1.0,
          "y": 1.0,
          "z": 1.0
        },
        "matrix_basis": [
          [
            0.9998939633369446,
            0.012683672830462456,
            -0.007155163679271936,
            0.0
          ],
          [
            -0.014554067514836788,
            0.8534573912620544,
            -0.5209593176841736,
            0.0
          ],
          [
            -0.000501050497405231,
            0.5210081934928894,
            0.8535515069961548,
            0.0
          ],
          [
            0.0,
            0.0,
            0.0,
            1.0
          ]
        ],
        "rotation_mode": "QUATERNION"
      },
      "armature_space": {
        "head": {
          "x": 0.369253933429718,
          "y": -0.5928218960762024,
          "z": 0.1605045348405838
        },
        "tail": {
          "x": 0.3423847556114197,
          "y": -0.5862454771995544,
          "z": 0.1510954648256302
        }
      },
      "world_space": {
        "head": {
          "x": 0.369253933429718,
          "y": -0.529577910900116,
          "z": 1.1103585958480835
        },
        "tail": {
          "x": 0.3423847556114197,
          "y": -0.523001492023468,
          "z": 1.1009495258331299
        },
        "rotation_quaternion": {
          "w": 0.756393551826477,
          "x": -0.34971415996551514,
          "y": 0.20101793110370636,
          "z": 0.5149376392364502
        },
        "matrix": [
          [
            0.38886117935180664,
            -0.9195890426635742,
            -0.056066930294036865,
            0.369253933429718
          ],
          [
            0.6383945941925049,
            0.22507640719413757,
            0.7360659837722778,
            -0.529577910900116
          ],
          [
            -0.6642628908157349,
            -0.32202228903770447,
            0.6745891571044922,
            1.1103585958480835
          ],
          [
            0.0,
            0.0,
            0.0,
            1.0
          ]
        ]
      },
      "bone_length_armature_space": 0.02921870271656522,
      "parent": "index_02_l",
      "has_children": false,
      "is_end_bone": true
    },
    "metacarpal_pinky_l": {
      "name": "metacarpal_pinky_l",
      "local": {
        "location": {
          "x": 0.0,
          "y": 0.0,
          "z": 0.0
        },
        "rotation_quaternion": {
          "w": 0.9991815686225891,
          "x": 0.03571062535047531,
          "y": 0.013399576768279076,
          "z": 0.013472173362970352
        },
        "scale": {
          "x": 1.0,
          "y": 1.0,
          "z": 1.0
        },
        "matrix_basis": [
          [
            0.9992778897285461,
            -0.025965280830860138,
            0.027739420533180237,
            0.0
          ],
          [
            0.02787930890917778,
            0.9970865249633789,
            -0.07100175321102142,
            0.0
          ],
          [
            -0.025815021246671677,
            0.07172384113073349,
            0.9970903992652893,
            0.0
          ],
          [
            0.0,
            0.0,
            0.0,
            1.0
          ]
        ],
        "rotation_mode": "QUATERNION"
      },
      "armature_space": {
        "head": {
          "x": 0.38614708185195923,
          "y": -0.4536990523338318,
          "z": 0.23390215635299683
        },
        "tail": {
          "x": 0.4454496204853058,
          "y": -0.5233738422393799,
          "z": 0.18418405950069427
        }
      },
      "world_space": {
        "head": {
          "x": 0.38614708185195923,
          "y": -0.39045506715774536,
          "z": 1.1837561130523682
        },
        "tail": {
          "x": 0.4454496204853058,
          "y": -0.46012985706329346,
          "z": 1.1340380907058716
        },
        "rotation_quaternion": {
          "w": 0.32941463589668274,
          "x": -0.06466063112020493,
          "y": 0.2386036068201065,
          "z": -0.9112483263015747
        },
        "matrix": [
          [
            -0.7746097445487976,
            0.569500744342804,
            0.2750437557697296,
            0.38614708185195923
          ],
          [
            -0.6312143802642822,
            -0.6691085696220398,
            -0.39225295186042786,
            -0.39045506715774536
          ],
          [
            -0.0393548421561718,
            -0.47745829820632935,
            0.8777807354927063,
            1.1837561130523682
          ],
          [
            0.0,
            0.0,
            0.0,
            1.0
          ]
        ]
      },
      "bone_length_armature_space": 0.1041309583574569,
      "parent": "lowerarm_l",
      "has_children": true,
      "is_end_bone": false
    },
    "pinky_01_l": {
      "name": "pinky_01_l",
      "local": {
        "location": {
          "x": 0.0,
          "y": 0.0,
          "z": 0.0
        },
        "rotation_quaternion": {
          "w": 0.9563038945198059,
          "x": 0.2920707166194916,
          "y": -0.009324081242084503,
          "z": 0.009528025053441525
        },
        "scale": {
          "x": 1.0,
          "y": 1.0,
          "z": 1.0
        },
        "matrix_basis": [
          [
            0.9996445775032043,
            -0.023669956251978874,
            -0.01226759608834982,
            0.0
          ],
          [
            0.012776792980730534,
            0.8292078375816345,
            -0.558794379234314,
            0.0
          ],
          [
            0.023399025201797485,
            0.5584390759468079,
            0.8292155265808105,
            0.0
          ],
          [
            0.0,
            0.0,
            0.0,
            1.0
          ]
        ],
        "rotation_mode": "QUATERNION"
      },
      "armature_space": {
        "head": {
          "x": 0.4454496204853058,
          "y": -0.5233738422393799,
          "z": 0.18418405950069427
        },
