{
  "metadata": {
    "armature_name": "KIM_caucasian_male",
    "export_time": "2026-01-13T21:13:07.151486",
    "blender_version": "4.4.1",
    "bone_count": 56,
    "end_bone_count": 13,
    "spaces_included": [
      "LOCAL_CHANNELS",
      "ARMATURE_SPACE",
      "WORLD_SPACE"
    ],
    "note": "LOCAL matches Transform panel; replay pose via local.matrix_basis for best fidelity."
  },
  "bones": {
    "Root": {
      "name": "Root",
      "local": {
        "location": {
          "x": 0.0,
          "y": 0.0,
          "z": 0.0
        },
        "rotation_quaternion": {
          "w": 0.9998211860656738,
          "x": 0.01471844594925642,
          "y": -0.010758379474282265,
          "z": -0.00502697704359889
        },
        "scale": {
          "x": 1.0,
          "y": 1.0,
          "z": 1.0
        },
        "matrix_basis": [
          [
            0.9997179508209229,
            0.009735463187098503,
            -0.02166089043021202,
            0.0
          ],
          [
            -0.010368849150836468,
            0.9995161890983582,
            -0.029323464259505272,
            0.0
          ],
          [
            0.021364932879805565,
            0.029539791867136955,
            0.9993352293968201,
            0.0
          ],
          [
            0.0,
            0.0,
            0.0,
            1.0
          ]
        ],
        "rotation_mode": "QUATERNION"
      },
      "armature_space": {
        "head": {
          "x": 0.0,
          "y": 0.07072800397872925,
          "z": -0.009595036506652832
        },
        "tail": {
          "x": 0.0006948771188035607,
          "y": -0.0002492144703865051,
          "z": -0.00209394795820117
        }
      },
      "world_space": {
        "head": {
          "x": 0.0,
          "y": 0.13397200405597687,
          "z": 0.9402589797973633
        },
        "tail": {
          "x": 0.0006948771188035607,
          "y": 0.06299478560686111,
          "z": 0.9477600455284119
        },
        "rotation_quaternion": {
          "w": 0.052670594304800034,
          "x": 0.9985413551330566,
          "y": 0.004290787968784571,
          "z": -0.011072594672441483
        },
        "matrix": [
          [
            0.9997179508209229,
            0.009735463187098503,
            -0.02166089043021202,
            0.0
          ],
          [
            0.007402651011943817,
            -0.9944148063659668,
            -0.10528302937746048,
            0.13397200405597687
          ],
          [
            -0.02256503701210022,
            0.10509277880191803,
            -0.9942134022712708,
            0.9402589797973633
          ],
          [
            0.0,
            0.0,
            0.0,
            1.0
          ]
        ]
      },
      "bone_length_armature_space": 0.07137586895042661,
      "parent": null,
      "has_children": true,
      "is_end_bone": false
    },
    "spine_01": {
      "name": "spine_01",
      "local": {
        "location": {
          "x": 0.0,
          "y": 0.0,
          "z": 0.0
        },
        "rotation_quaternion": {
          "w": 0.9944702386856079,
          "x": 0.09699086844921112,
          "y": -0.03306085243821144,
          "z": 0.022997336462140083
        },
        "scale": {
          "x": 1.0,
          "y": 1.0,
          "z": 1.0
        },
        "matrix_basis": [
          [
            0.9967561960220337,
            -0.052153535187244415,
            -0.061295002698898315,
            0.0
          ],
          [
            0.03932713344693184,
            0.9801278114318848,
            -0.1944296807050705,
            0.0
          ],
          [
            0.07021713256835938,
            0.19138844311237335,
            0.9789994955062866,
            0.0
          ],
          [
            0.0,
            0.0,
            0.0,
            1.0
          ]
        ],
        "rotation_mode": "QUATERNION"
      },
      "armature_space": {
        "head": {
          "x": 0.0006948771188035607,
          "y": -0.0002492144703865051,
          "z": -0.00209394795820117
        },
        "tail": {
          "x": -0.013291210867464542,
          "y": -0.08549754321575165,
          "z": 0.47820335626602173
        }
      },
      "world_space": {
        "head": {
          "x": 0.0006948771188035607,
          "y": 0.06299478560686111,
          "z": 0.9477600455284119
        },
        "tail": {
          "x": -0.013291210867464542,
          "y": -0.02225354313850403,
          "z": 1.4280574321746826
        },
        "rotation_quaternion": {
          "w": 0.6416991949081421,
          "x": 0.7662730813026428,
          "y": -0.029624398797750473,
          "z": -0.013044161722064018
        },
        "matrix": [
          [
            0.9979044795036316,
            -0.028659945353865623,
            -0.05801082402467728,
            0.0006948771188035607
          ],
          [
            -0.06214176118373871,
            -0.17468875646591187,
            -0.9826608300209045,
            0.06299478560686111
          ],
          [
            0.018029242753982544,
            0.9842132925987244,
            -0.176105797290802,
            0.9477600455284119
          ],
          [
            0.0,
            0.0,
            0.0,
            1.0
          ]
        ]
      },
      "bone_length_armature_space": 0.4880044833287968,
      "parent": "Root",
      "has_children": true,
      "is_end_bone": false
    },
    "neck_01": {
      "name": "neck_01",
      "local": {
        "location": {
          "x": 0.0,
          "y": 0.0,
          "z": 0.0
        },
        "rotation_quaternion": {
          "w": 0.9899256229400635,
          "x": -0.08602630347013474,
          "y": -0.0220803115516901,
          "z": -0.1102685034275055
        },
        "scale": {
          "x": 1.0,
          "y": 1.0,
          "z": 1.0
        },
        "matrix_basis": [
          [
            0.9747066497802734,
            0.2221142053604126,
            -0.02474374882876873,
            0.0
          ],
          [
            -0.21451625227928162,
            0.9608806371688843,
            0.175188809633255,
            0.0
          ],
          [
            0.0626877173781395,
            -0.16544975340366364,
            0.9842238426208496,
            0.0
          ],
          [
            0.0,
            0.0,
            0.0,
            1.0
          ]
        ],
        "rotation_mode": "QUATERNION"
      },
      "armature_space": {
        "head": {
          "x": -0.01740149036049843,
          "y": -0.1323671042919159,
          "z": 0.5441585183143616
        },
        "tail": {
          "x": 0.0012928862124681473,
          "y": -0.17221873998641968,
          "z": 0.6367495656013489
        }
      },
      "world_space": {
        "head": {
          "x": -0.01740149036049843,
          "y": -0.06912310421466827,
          "z": 1.4940125942230225
        },
        "tail": {
          "x": 0.0012928862124681473,
          "y": -0.10897473990917206,
          "z": 1.5866036415100098
        },
        "rotation_quaternion": {
          "w": 0.5501105785369873,
          "x": 0.829147458076477,
          "y": 0.05495829880237579,
          "z": -0.08290062099695206
        },
        "matrix": [
          [
            0.9802141785621643,
            0.18234620988368988,
            -0.07700642943382263,
            -0.01740149036049843
          ],
          [
            -7.10897147655487e-05,
            -0.38871556520462036,
            -0.9213578701019287,
            -0.06912310421466827
          ],
          [
            -0.19794107973575592,
            0.9031394124031067,
            -0.3810151219367981,
            1.4940125942230225
          ],
          [
            0.0,
            0.0,
            0.0,
            1.0
          ]
        ]
      },
      "bone_length_armature_space": 0.10252187278258873,
      "parent": "spine_01",
      "has_children": true,
      "is_end_bone": false
    },
    "head": {
      "name": "head",
      "local": {
        "location": {
          "x": 0.0,
          "y": 0.0,
          "z": 0.0
        },
        "rotation_quaternion": {
          "w": 0.9751248359680176,
          "x": -0.03690159693360329,
          "y": -0.18349771201610565,
          "z": -0.11873672902584076
        },
        "scale": {
          "x": 1.0,
          "y": 1.0,
          "z": 1.0
        },
        "matrix_basis": [
          [
            0.9044603705406189,
            0.2451089769601822,
            -0.3491032123565674,
            0.0
          ],
          [
            -0.21802355349063873,
            0.9690797328948975,
            0.11554316431283951,
            0.0
          ],
          [
            0.3666295111179352,
            -0.028391491621732712,
            0.9299337267875671,
            0.0
          ],
          [
            0.0,
            0.0,
            0.0,
            1.0
          ]
        ],
        "rotation_mode": "QUATERNION"
      },
      "armature_space": {
        "head": {
          "x": 0.0012928619980812073,
          "y": -0.17221885919570923,
          "z": 0.6367494463920593
        },
        "tail": {
          "x": 0.06824084371328354,
          "y": -0.17234747111797333,
          "z": 0.7766465544700623
        }
      },
      "world_space": {
        "head": {
          "x": 0.0012928619980812073,
          "y": -0.10897485911846161,
          "z": 1.5866034030914307
        },
        "tail": {
          "x": 0.06824084371328354,
          "y": -0.10910347104072571,
          "z": 1.7265005111694336
        },
        "rotation_quaternion": {
          "w": 0.7063165307044983,
          "x": 0.6490961909294128,
          "y": 0.026497960090637207,
          "z": -0.281227707862854
        },
        "matrix": [
          [
            0.840416669845581,
            0.43167123198509216,
            -0.3276580274105072,
            0.0012928619980812073
          ],
          [
            -0.3628748953342438,
            -0.000829305499792099,
            -0.9318375587463379,
            -0.10897485911846161
          ],
          [
            -0.40252235531806946,
            0.9020370244979858,
            0.15594585239887238,
            1.5866034030914307
          ],
          [
            0.0,
            0.0,
            0.0,
            1.0
          ]
        ]
      },
      "bone_length_armature_space": 0.1550910984541059,
      "parent": "neck_01",
      "has_children": false,
      "is_end_bone": true
    },
    "upperarm_l": {
      "name": "upperarm_l",
      "local": {
        "location": {
          "x": 0.0,
          "y": 0.0,
          "z": 0.0
        },
        "rotation_quaternion": {
          "w": 0.8483861684799194,
          "x": 0.43528857827186584,
          "y": 0.3010377585887909,
          "z": 0.011874577961862087
        },
        "scale": {
          "x": 1.0,
          "y": 1.0,
          "z": 1.0
        },
        "matrix_basis": [
          [
            0.8184705376625061,
            0.24192814528942108,
            0.5211302638053894,
            0.0
          ],
          [
            0.2822250425815582,
            0.6207656860351562,
            -0.7314362525939941,
            0.0
          ],
          [
            -0.5004547834396362,
            0.7457349896430969,
            0.4398002326488495,
            0.0
          ],
          [
            0.0,
            0.0,
            0.0,
            1.0
          ]
        ],
        "rotation_mode": "QUATERNION"
      },
      "armature_space": {
        "head": {
          "x": 0.13402536511421204,
          "y": -0.13308174908161163,
          "z": 0.48015451431274414
        },
        "tail": {
          "x": 0.2970649003982544,
          "y": -0.3192131519317627,
          "z": 0.37729042768478394
        }
      },
      "world_space": {
        "head": {
          "x": 0.13402536511421204,
          "y": -0.06983774900436401,
          "z": 1.4300085306167603
        },
        "tail": {
          "x": 0.2970649003982544,
          "y": -0.25596916675567627,
          "z": 1.3271443843841553
        },
        "rotation_quaternion": {
          "w": 0.022183112800121307,
          "x": -0.8051242232322693,
          "y": -0.3901379108428955,
          "z": 0.446178674697876
        },
        "matrix": [
          [
            0.29743292927742004,
            0.6084257960319519,
            -0.7357660531997681,
            0.13402536511421204
          ],
          [
            0.6480143070220947,
            -0.694599449634552,
            -0.3124246299266815,
            -0.06983774900436401
          ],
          [
            -0.7011542320251465,
            -0.3838649392127991,
            -0.6008698344230652,
            1.4300085306167603
          ],
          [
            0.0,
            0.0,
            0.0,
            1.0
          ]
        ]
      },
      "bone_length_armature_space": 0.26796979153266665,
      "parent": "spine_01",
      "has_children": true,
      "is_end_bone": false
    },
    "lowerarm_l": {
      "name": "lowerarm_l",
      "local": {
        "location": {
          "x": 0.0,
          "y": 0.0,
          "z": 0.0
        },
        "rotation_quaternion": {
          "w": 0.9982030391693115,
          "x": 0.020317699760198593,
          "y": -0.04633616656064987,
          "z": -0.032109491527080536
        },
        "scale": {
          "x": 1.0,
          "y": 1.0,
          "z": 1.0
        },
        "matrix_basis": [
          [
            0.9936438798904419,
            0.06222069635987282,
            -0.09381058812141418,
            0.0
          ],
          [
            -0.06598646938800812,
            0.9971123337745667,
            -0.037586718797683716,
            0.0
          ],
          [
            0.09120102226734161,
            0.04353804141283035,
            0.9948803186416626,
            0.0
          ],
          [
            0.0,
            0.0,
            0.0,
            1.0
          ]
        ],
        "rotation_mode": "QUATERNION"
      },
      "armature_space": {
        "head": {
          "x": 0.2970648407936096,
          "y": -0.319213330745697,
          "z": 0.3772904574871063
        },
        "tail": {
          "x": 0.4234572649002075,
          "y": -0.5190077424049377,
          "z": 0.2520836889743805
        }
      },
      "world_space": {
        "head": {
          "x": 0.2970648407936096,
          "y": -0.2559693455696106,
          "z": 1.3271445035934448
        },
        "tail": {
          "x": 0.4234572649002075,
          "y": -0.4557637572288513,
          "z": 1.2019376754760742
        },
        "rotation_quaternion": {
          "w": 0.04612530395388603,
          "x": -0.7436100244522095,
          "y": -0.3527866005897522,
          "z": 0.5660902261734009
        },
        "matrix": [
          [
            0.1101660504937172,
            0.4724518656730652,
            -0.8744441866874695,
            0.2970648407936096
          ],
          [
            0.57689368724823,
            -0.746826708316803,
            -0.3308224678039551,
            -0.2559693455696106
          ],
          [
            -0.8093611598014832,
            -0.46801984310150146,
            -0.354832261800766,
            1.3271445035934448
          ],
          [
            0.0,
            0.0,
            0.0,
            1.0
          ]
        ]
      },
      "bone_length_armature_space": 0.2675249297455194,
      "parent": "upperarm_l",
      "has_children": true,
      "is_end_bone": false
    },
    "metacarpal_thumb_l": {
      "name": "metacarpal_thumb_l",
      "local": {
        "location": {
          "x": 0.0,
          "y": 0.0,
          "z": 0.0
        },
        "rotation_quaternion": {
          "w": 0.9988133311271667,
          "x": -0.04778652638196945,
          "y": 0.008887152187526226,
          "z": -0.003076501889154315
        },
        "scale": {
          "x": 1.0,
          "y": 1.0,
          "z": 1.0
        },
        "matrix_basis": [
          [
            0.9998230934143066,
            0.005296329967677593,
            0.018047243356704712,
            0.0
          ],
          [
            -0.006995074450969696,
            0.9954139590263367,
            0.0954049602150917,
            0.0
          ],
          [
            -0.01745918206870556,
            -0.09551431983709335,
            0.9952749609947205,
            0.0
          ],
          [
            0.0,
            0.0,
            0.0,
            1.0
          ]
        ],
        "rotation_mode": "QUATERNION"
      },
      "armature_space": {
        "head": {
          "x": 0.4234572649002075,
          "y": -0.5190077424049377,
          "z": 0.2520836889743805
        },
        "tail": {
          "x": 0.4174073338508606,
          "y": -0.5558846592903137,
          "z": 0.21957072615623474
        }
      },
      "world_space": {
        "head": {
          "x": 0.4234572649002075,
          "y": -0.4557637572288513,
          "z": 1.2019376754760742
        },
        "tail": {
          "x": 0.4174073338508606,
          "y": -0.4926406741142273,
          "z": 1.1694247722625732
        },
        "rotation_quaternion": {
          "w": 0.35055485367774963,
          "x": -0.933864951133728,
          "y": 0.06978953629732132,
          "z": -0.011710399761795998
        },
        "matrix": [
          [
            0.9899845719337463,
            -0.12213791161775589,
            0.07080230116844177,
            0.4234572649002075
          ],
          [
            -0.13855841755867004,
            -0.7444816827774048,
            0.6531067490577698,
            -0.4557637572288513
          ],
          [
            -0.027058329433202744,
            -0.6563808917999268,
            -0.7539533972740173,
            1.2019376754760742
          ],
          [
            0.0,
            0.0,
            0.0,
            1.0
          ]
        ]
      },
      "bone_length_armature_space": 0.049533841386867686,
      "parent": "lowerarm_l",
      "has_children": true,
      "is_end_bone": false
    },
    "thumb_01_l": {
      "name": "thumb_01_l",
      "local": {
        "location": {
          "x": 0.0,
          "y": 0.0,
          "z": 0.0
        },
        "rotation_quaternion": {
          "w": 0.9997368454933167,
          "x": -0.004445773083716631,
          "y": 0.012952972203493118,
          "z": 0.01840708963572979
        },
        "scale": {
          "x": 1.0,
          "y": 1.0,
          "z": 1.0
        },
        "matrix_basis": [
          [
            0.9989867806434631,
            -0.03691966459155083,
            0.025735460221767426,
            0.0
          ],
          [
            0.03668931871652603,
            0.9992828369140625,
            0.009366059675812721,
            0.0
          ],
          [
            -0.026062794029712677,
            -0.008412353694438934,
            0.9996249079704285,
            0.0
          ],
          [
            0.0,
            0.0,
            0.0,
            1.0
          ]
        ],
        "rotation_mode": "QUATERNION"
      },
      "armature_space": {
        "head": {
          "x": 0.4174073338508606,
          "y": -0.5558846592903137,
          "z": 0.21957072615623474
        },
        "tail": {
          "x": 0.4122724235057831,
          "y": -0.5542774796485901,
          "z": 0.1859598606824875
        }
      },
      "world_space": {
        "head": {
          "x": 0.4174073338508606,
          "y": -0.4926406741142273,
          "z": 1.1694247722625732
        },
        "tail": {
          "x": 0.4122724235057831,
          "y": -0.49103349447250366,
          "z": 1.13581383228302
        },
        "rotation_quaternion": {
          "w": 0.42348596453666687,
          "x": -0.4838294982910156,
          "y": 0.5867440700531006,
          "z": -0.4922398328781128
        },
        "matrix": [
          [
            -0.17313669621944427,
            -0.15085522830486298,
            0.9732761979103088,
            0.4174073338508606
          ],
          [
            -0.9846814870834351,
            0.04721679911017418,
            -0.16784697771072388,
            -0.4926406741142273
          ],
          [
            -0.020635195076465607,
            -0.9874345064163208,
            -0.15672051906585693,
            1.1694247722625732
          ],
          [
            0.0,
            0.0,
            0.0,
            1.0
          ]
        ]
      },
      "bone_length_armature_space": 0.03403881102257866,
      "parent": "metacarpal_thumb_l",
      "has_children": true,
      "is_end_bone": false
    },
    "thumb_02_l": {
      "name": "thumb_02_l",
      "local": {
        "location": {
          "x": 0.0,
          "y": 0.0,
          "z": 0.0
        },
        "rotation_quaternion": {
          "w": 0.9977902173995972,
          "x": 0.06604313850402832,
          "y": 0.00696139968931675,
          "z": -0.0021702239755541086
        },
        "scale": {
          "x": 1.0,
          "y": 1.0,
          "z": 1.0
        },
        "matrix_basis": [
          [
            0.9998936653137207,
            0.0052503617480397224,
            0.013605375774204731,
            0.0
          ],
          [
            -0.0034113512374460697,
            0.991267204284668,
            -0.13182461261749268,
            0.0
          ],
          [
            -0.014178689569234848,
            0.13176417350769043,
            0.9911797046661377,
            0.0
          ],
          [
            0.0,
            0.0,
            0.0,
            1.0
          ]
        ],
        "rotation_mode": "QUATERNION"
      },
      "armature_space": {
        "head": {
          "x": 0.4122723937034607,
          "y": -0.5542774200439453,
          "z": 0.18595987558364868
        },
        "tail": {
          "x": 0.43075740337371826,
          "y": -0.584243893623352,
          "z": 0.1666337549686432
        }
      },
      "world_space": {
        "head": {
          "x": 0.4122723937034607,
          "y": -0.4910334348678589,
          "z": 1.1358139514923096
        },
        "tail": {
          "x": 0.43075740337371826,
          "y": -0.5209999084472656,
          "z": 1.116487741470337
        },
        "rotation_quaternion": {
          "w": 0.2877303957939148,
          "x": -0.16435188055038452,
          "y": 0.21015051007270813,
          "z": -0.9198024868965149
        },
        "matrix": [
          [
            -0.7803990244865417,
            0.4602333605289459,
            0.4232763648033142,
            0.4122723937034607
          ],
          [
            -0.5983878970146179,
            -0.7460958957672119,
            -0.2920146584510803,
            -0.4910334348678589
          ],
          [
            0.18141071498394012,
            -0.4811752438545227,
            0.8576563596725464,
            1.1358139514923096
          ],
          [
            0.0,
            0.0,
            0.0,
            1.0
          ]
        ]
      },
      "bone_length_armature_space": 0.04016446292543935,
      "parent": "thumb_01_l",
      "has_children": true,
      "is_end_bone": false
    },
    "thumb_03_l": {
      "name": "thumb_03_l",
      "local": {
        "location": {
          "x": 0.0,
          "y": 0.0,
          "z": 0.0
        },
        "rotation_quaternion": {
          "w": 0.9973711967468262,
          "x": 0.07229665666818619,
          "y": -0.003147935029119253,
          "z": -0.00376368616707623
        },
        "scale": {
          "x": 1.0,
          "y": 1.0,
          "z": 1.0
        },
        "matrix_basis": [
          [
            0.9999518394470215,
            0.007052414119243622,
            -0.006823523435741663,
            0.0
          ],
          [
            -0.007962754927575588,
            0.9895180463790894,
            -0.1441895067691803,
            0.0
          ],
          [
            0.005735115613788366,
            0.14423690736293793,
            0.9895265698432922,
            0.0
          ],
          [
            0.0,
            0.0,
            0.0,
            1.0
          ]
        ],
        "rotation_mode": "QUATERNION"
      },
      "armature_space": {
        "head": {
          "x": 0.4307572841644287,
          "y": -0.584243893623352,
          "z": 0.1666337251663208
        },
        "tail": {
          "x": 0.4509638249874115,
          "y": -0.6067323088645935,
          "z": 0.16304783523082733
        }
      },
      "world_space": {
        "head": {
          "x": 0.4307572841644287,
          "y": -0.5209999084472656,
          "z": 1.116487741470337
        },
        "tail": {
          "x": 0.4509638249874115,
          "y": -0.5434883236885071,
          "z": 1.1129018068313599
        },
        "rotation_quaternion": {
          "w": 0.3481252193450928,
          "x": 0.09036586433649063,
          "y": 0.09736032783985138,
          "z": -0.9279892444610596
        },
        "matrix": [
          [
            -0.7412858605384827,
            0.6637089848518372,
            -0.09992919862270355,
            0.4307572841644287
          ],
          [
            -0.6285169124603271,
            -0.7386593222618103,
            -0.2436157763004303,
            -0.5209999084472656
          ],
          [
            -0.23550571501255035,
            -0.11778302490711212,
            0.9647166728973389,
            1.116487741470337
          ],
          [
            0.0,
            0.0,
            0.0,
            1.0
          ]
        ]
      },
      "bone_length_armature_space": 0.030444896634233963,
      "parent": "thumb_02_l",
      "has_children": false,
      "is_end_bone": true
    },
    "metacarpal_index_l": {
      "name": "metacarpal_index_l",
      "local": {
        "location": {
          "x": 0.0,
          "y": 0.0,
          "z": 0.0
        },
        "rotation_quaternion": {
          "w": 0.9996761083602905,
          "x": -0.022914433851838112,
          "y": 0.006885184440761805,
          "z": 0.008679804392158985
        },
        "scale": {
          "x": 1.0,
          "y": 1.0,
          "z": 1.0
        },
        "matrix_basis": [
          [
            0.9997544884681702,
            -0.017669526860117912,
            0.013368123210966587,
            0.0
          ],
          [
            0.01703844591975212,
            0.998799204826355,
            0.045933548361063004,
            0.0
          ],
          [
            -0.014163694344460964,
            -0.045694500207901,
            0.9988550543785095,
            0.0
          ],
          [
            0.0,
            0.0,
            0.0,
            1.0
          ]
        ],
        "rotation_mode": "QUATERNION"
      },
      "armature_space": {
        "head": {
          "x": 0.4234572649002075,
          "y": -0.5190077424049377,
          "z": 0.2520836889743805
        },
        "tail": {
          "x": 0.4463188946247101,
          "y": -0.61383056640625,
          "z": 0.18715861439704895
        }
      },
      "world_space": {
        "head": {
          "x": 0.4234572649002075,
          "y": -0.4557637572288513,
          "z": 1.2019376754760742
        },
        "tail": {
          "x": 0.4463188946247101,
          "y": -0.5505865812301636,
          "z": 1.1370126008987427
        },
        "rotation_quaternion": {
          "w": 0.26208725571632385,
          "x": -0.9284562468528748,
          "y": -0.16333608329296112,
          "z": 0.20639915764331818
        },
        "matrix": [
          [
            0.8614413142204285,
            0.19511204957962036,
            -0.46888190507888794,
            0.4234572649002075
          ],
          [
            0.4114903211593628,
            -0.8092634677886963,
            0.4192473292350769,
            -0.4557637572288513
          ],
          [
            -0.297650545835495,
            -0.5541018843650818,
            -0.7774248719215393,
            1.2019376754760742
          ],
          [
            0.0,
            0.0,
            0.0,
            1.0
          ]
        ]
      },
      "bone_length_armature_space": 0.11717204175758997,
      "parent": "lowerarm_l",
      "has_children": true,
      "is_end_bone": false
    },
    "index_01_l": {
      "name": "index_01_l",
      "local": {
        "location": {
          "x": 0.0,
          "y": 0.0,
          "z": 0.0
        },
        "rotation_quaternion": {
          "w": 0.9953354001045227,
          "x": -0.09536325186491013,
          "y": -0.014142053201794624,
          "z": -0.003649345599114895
        },
        "scale": {
          "x": 1.0,
          "y": 1.0,
          "z": 1.0
        },
        "matrix_basis": [
          [
            0.9995733499526978,
            0.009961910545825958,
            -0.027456145733594894,
            0.0
          ],
          [
            -0.004567381460219622,
            0.9817850589752197,
            0.18994006514549255,
            0.0
          ],
          [
            0.028848199173808098,
            -0.189733624458313,
            0.9814116954803467,
            0.0
          ],
          [
            0.0,
            0.0,
            0.0,
            1.0
          ]
        ],
        "rotation_mode": "QUATERNION"
      },
      "armature_space": {
        "head": {
          "x": 0.4463188946247101,
          "y": -0.61383056640625,
          "z": 0.18715861439704895
        },
        "tail": {
          "x": 0.463775098323822,
          "y": -0.6341420412063599,
          "z": 0.17737112939357758
        }
      },
      "world_space": {
        "head": {
          "x": 0.4463188946247101,
          "y": -0.5505865812301636,
          "z": 1.1370126008987427
        },
        "tail": {
          "x": 0.463775098323822,
          "y": -0.5708980560302734,
          "z": 1.1272251605987549
        },
        "rotation_quaternion": {
          "w": 0.14495837688446045,
          "x": -0.9187668561935425,
          "y": -0.350463330745697,
          "z": 0.10968206077814102
        },
        "matrix": [
          [
            0.7302902936935425,
            0.6121896505355835,
            -0.3031502366065979,
            0.4463188946247101
          ],
          [
            0.6757871508598328,
            -0.7123249769210815,
            0.18948563933372498,
            -0.5505865812301636
          ],
          [
            -0.0999404564499855,
            -0.34324753284454346,
            -0.9339202642440796,
            1.1370126008987427
          ],
          [
            0.0,
            0.0,
            0.0,
            1.0
          ]
        ]
      },
      "bone_length_armature_space": 0.02851438132808996,
      "parent": "metacarpal_index_l",
      "has_children": true,
      "is_end_bone": false
    },
    "index_02_l": {
      "name": "index_02_l",
      "local": {
        "location": {
          "x": 0.0,
          "y": 0.0,
          "z": 0.0
        },
        "rotation_quaternion": {
          "w": 0.9987093806266785,
          "x": 0.05008921027183533,
          "y": -0.008223524317145348,
          "z": -0.0017445688135921955
        },
        "scale": {
          "x": 1.0,
          "y": 1.0,
          "z": 1.0
        },
        "matrix_basis": [
          [
            0.9998586773872375,
            0.002660814905539155,
            -0.0166005901992321,
            0.0
          ],
          [
            -0.004308454226702452,
            0.9949760437011719,
            -0.10002043843269348,
            0.0
          ],
          [
            0.016251053661108017,
            0.10007782280445099,
            0.9948468804359436,
            0.0
          ],
          [
            0.0,
            0.0,
            0.0,
            1.0
          ]
        ],
        "rotation_mode": "QUATERNION"
      },
      "armature_space": {
        "head": {
          "x": 0.46377506852149963,
          "y": -0.6341424584388733,
          "z": 0.17737072706222534
        },
        "tail": {
          "x": 0.47943785786628723,
          "y": -0.6515811681747437,
          "z": 0.1669466495513916
        }
      },
      "world_space": {
        "head": {
          "x": 0.46377506852149963,
          "y": -0.5708984732627869,
          "z": 1.1272246837615967
        },
        "tail": {
          "x": 0.47943785786628723,
          "y": -0.5883371829986572,
          "z": 1.1168006658554077
        },
        "rotation_quaternion": {
          "w": 0.16137270629405975,
          "x": -0.9029182195663452,
          "y": -0.3661511540412903,
          "z": 0.15694262087345123
        },
        "matrix": [
          [
            0.682604193687439,
            0.6105568408966064,
            -0.4015868008136749,
            0.46377506852149963
          ],
          [
            0.7118620276451111,
            -0.6797842383384705,
            0.17648178339004517,
            -0.5708984732627869
          ],
          [
            -0.16524076461791992,
            -0.4063449501991272,
            -0.8986619710922241,
            1.1272246837615967
          ],
          [
            0.0,
            0.0,
            0.0,
            1.0
          ]
        ]
      },
      "bone_length_armature_space": 0.025653322632990014,
      "parent": "index_01_l",
      "has_children": true,
      "is_end_bone": false
    },
    "index_03_l": {
      "name": "index_03_l",
      "local": {
        "location": {
          "x": 0.0,
          "y": 0.0,
          "z": 0.0
        },
        "rotation_quaternion": {
          "w": 0.9992600679397583,
          "x": 0.03765043616294861,
          "y": 0.007098991423845291,
          "z": -0.003374360501766205
        },
        "scale": {
          "x": 1.0,
          "y": 1.0,
          "z": 1.0
        },
        "matrix_basis": [
          [
            0.9998764395713806,
            0.007278287783265114,
            0.013933384791016579,
            0.0
          ],
          [
            -0.006209167186170816,
            0.9971421360969543,
            -0.07529306411743164,
            0.0
          ],
          [
            -0.014441569335758686,
            0.0751972422003746,
            0.9970641136169434,
            0.0
          ],
          [
            0.0,
            0.0,
            0.0,
            1.0
          ]
        ],
        "rotation_mode": "QUATERNION"
      },
      "armature_space": {
        "head": {
          "x": 0.4794378876686096,
          "y": -0.6515811681747437,
          "z": 0.16694679856300354
        },
        "tail": {
          "x": 0.4970954656600952,
          "y": -0.668102502822876,
          "z": 0.1505458503961563
        }
      },
      "world_space": {
        "head": {
          "x": 0.4794378876686096,
          "y": -0.5883371829986572,
          "z": 1.1168007850646973
        },
        "tail": {
          "x": 0.4970954656600952,
          "y": -0.6048585176467896,
          "z": 1.1003998517990112
        },
        "rotation_quaternion": {
          "w": 0.25845545530319214,
          "x": -0.8733015060424805,
          "y": -0.3879201412200928,
          "z": 0.14164520800113678
        },
        "matrix": [
          [
            0.6589083671569824,
            0.6043247580528259,
            -0.44791901111602783,
            0.4794378876686096
          ],
          [
            0.7507612109184265,
            -0.5654373168945312,
            0.3415234386920929,
            -0.5883371829986572
          ],
          [
            -0.04687872156500816,
            -0.5613173246383667,
            -0.826280415058136,
            1.1168007850646973
          ],
          [
            0.0,
            0.0,
            0.0,
            1.0
          ]
        ]
      },
      "bone_length_armature_space": 0.029218755321387454,
      "parent": "index_02_l",
      "has_children": false,
      "is_end_bone": true
    },
    "metacarpal_pinky_l": {
      "name": "metacarpal_pinky_l",
      "local": {
        "location": {
          "x": 0.0,
          "y": 0.0,
          "z": 0.0
        },
        "rotation_quaternion": {
          "w": 0.9980331659317017,
          "x": -0.05923379212617874,
          "y": -0.01928858458995819,
          "z": 0.0070072659291327
        },
        "scale": {
          "x": 1.0,
          "y": 1.0,
          "z": 1.0
        },
        "matrix_basis": [
          [
            0.999157726764679,
            -0.011701895855367184,
            -0.039331428706645966,
            0.0
          ],
          [
            0.016272040084004402,
            0.9928845167160034,
            0.1179642602801323,
            0.0
          ],
          [
            0.03767115995287895,
            -0.11850489675998688,
            0.9922386407852173,
            0.0
          ],
          [
            0.0,
            0.0,
            0.0,
            1.0
          ]
        ],
        "rotation_mode": "QUATERNION"
      },
      "armature_space": {
        "head": {
          "x": 0.4234572649002075,
          "y": -0.5190077424049377,
          "z": 0.2520836889743805
        },
        "tail": {
          "x": 0.5018361806869507,
          "y": -0.572731077671051,
          "z": 0.20949503779411316
        }
      },
      "world_space": {
        "head": {
          "x": 0.4234572649002075,
          "y": -0.4557637572288513,
          "z": 1.2019376754760742
        },
        "tail": {
          "x": 0.5018361806869507,
          "y": -0.5094870924949646,
          "z": 1.1593490839004517
        },
        "rotation_quaternion": {
          "w": 0.34638193249702454,
          "x": 0.25058403611183167,
          "y": 0.3493686318397522,
          "z": -0.833767831325531
        },
        "matrix": [
          [
            -0.6344543099403381,
            0.7526969313621521,
            -0.1758265495300293,
            0.4234572649002075
          ],
          [
            -0.4025137722492218,
            -0.5159217715263367,
            -0.7561795115470886,
            -0.4557637572288513
          ],
          [
            -0.6598917245864868,
            -0.40899205207824707,
            0.6303034424781799,
            1.2019376754760742
          ],
          [
            0.0,
            0.0,
            0.0,
            1.0
          ]
        ]
      },
      "bone_length_armature_space": 0.10413089966399805,
      "parent": "lowerarm_l",
      "has_children": true,
      "is_end_bone": false
    },
    "pinky_01_l": {
      "name": "pinky_01_l",
      "local": {
        "location": {
          "x": 0.0,
          "y": 0.0,
          "z": 0.0
        },
        "rotation_quaternion": {
          "w": 0.9594956636428833,
          "x": 0.28169581294059753,
          "y": -0.0021423937287181616,
          "z": 0.0033040177077054977
        },
        "scale": {
          "x": 1.0,
          "y": 1.0,
          "z": 1.0
        },
        "matrix_basis": [
          [
            0.9999690055847168,
            -0.007547387853264809,
            -0.0022497791796922684,
            0.0
          ],
          [
            0.005133374594151974,
            0.8412731289863586,
            -0.540585994720459,
            0.0
          ],
          [
            0.0059726908802986145,
            0.5405576825141907,
            0.841285765171051,
            0.0
          ],
          [
            0.0,
            0.0,
            0.0,
            1.0
          ]
        ],
        "rotation_mode": "QUATERNION"
      },
      "armature_space": {
        "head": {
          "x": 0.5018361806869507,
          "y": -0.572731077671051,
          "z": 0.20949503779411316
        },
        "tail": {
