{
  "metadata": {
    "armature_name": "KIM_caucasian_male",
    "export_time": "2026-01-13T21:16:27.328802",
    "blender_version": "4.4.1",
    "bone_count": 56,
    "end_bone_count": 13,
    "spaces_included": [
      "LOCAL_CHANNELS",
      "ARMATURE_SPACE",
      "WORLD_SPACE"
    ],
    "note": "LOCAL matches Transform panel; replay pose via local.matrix_basis for best fidelity."
  },
  "bones": {
    "Root": {
      "name": "Root",
      "local": {
        "location": {
          "x": 0.0,
          "y": 0.0,
          "z": 0.0
        },
        "rotation_quaternion": {
          "w": 0.9998313188552856,
          "x": 0.0062814634293317795,
          "y": 0.003726633032783866,
          "z": 0.016856003552675247
        },
        "scale": {
          "x": 1.0,
          "y": 1.0,
          "z": 1.0
        },
        "matrix_basis": [
          [
            0.9994039535522461,
            -0.03365950286388397,
            0.007663769647479057,
            0.0
          ],
          [
            0.03375313803553581,
            0.9993528127670288,
            -0.012435175478458405,
            0.0
          ],
          [
            -0.007240247912704945,
            0.012686439789831638,
            0.999893307685852,
            0.0
          ],
          [
            0.0,
            0.0,
            0.0,
            1.0
          ]
        ],
        "rotation_mode": "QUATERNION"
      },
      "armature_space": {
        "head": {
          "x": 0.0,
          "y": 0.07072800397872925,
          "z": -0.009595036506652832
        },
        "tail": {
          "x": -0.002402476267889142,
          "y": -7.59512186050415e-05,
          "z": -0.0009035039693117142
        }
      },
      "world_space": {
        "head": {
          "x": 0.0,
          "y": 0.13397200405597687,
          "z": 0.9402589797973633
        },
        "tail": {
          "x": -0.002402476267889142,
          "y": 0.06316804885864258,
          "z": 0.9489505290985107
        },
        "rotation_quaternion": {
          "w": 0.06108909100294113,
          "x": 0.9979830384254456,
          "y": -0.016566656529903412,
          "z": 0.004853720311075449
        },
        "matrix": [
          [
            0.9994039535522461,
            -0.03365950286388397,
            0.007663769647479057,
            0.0
          ],
          [
            -0.03247346356511116,
            -0.9919872879981995,
            -0.12209303677082062,
            0.13397200405597687
          ],
          [
            0.01171200443059206,
            0.12177130579948425,
            -0.992496132850647,
            0.9402589797973633
          ],
          [
            0.0,
            0.0,
            0.0,
            1.0
          ]
        ]
      },
      "bone_length_armature_space": 0.07137586861076395,
      "parent": null,
      "has_children": true,
      "is_end_bone": false
    },
    "spine_01": {
      "name": "spine_01",
      "local": {
        "location": {
          "x": 0.0,
          "y": 0.0,
          "z": 0.0
        },
        "rotation_quaternion": {
          "w": 0.9956181049346924,
          "x": 0.0710676908493042,
          "y": 0.029664883390069008,
          "z": -0.05304745212197304
        },
        "scale": {
          "x": 1.0,
          "y": 1.0,
          "z": 1.0
        },
        "matrix_basis": [
          [
            0.9926119446754456,
            0.10984643548727036,
            0.05152986943721771,
            0.0
          ],
          [
            -0.10141357779502869,
            0.9842706918716431,
            -0.1446598470211029,
            0.0
          ],
          [
            -0.0666097104549408,
            0.1383652687072754,
            0.988138735294342,
            0.0
          ],
          [
            0.0,
            0.0,
            0.0,
            1.0
          ]
        ],
        "rotation_mode": "QUATERNION"
      },
      "armature_space": {
        "head": {
          "x": -0.002402476267889142,
          "y": -7.59512186050415e-05,
          "z": -0.0009035039693117142
        },
        "tail": {
          "x": 0.04386325553059578,
          "y": -0.052761729806661606,
          "z": 0.48203760385513306
        }
      },
      "world_space": {
        "head": {
          "x": -0.002402476267889142,
          "y": 0.06316804885864258,
          "z": 0.9489505290985107
        },
        "tail": {
          "x": 0.04386325553059578,
          "y": 0.010482270270586014,
          "z": 1.431891679763794
        },
        "rotation_quaternion": {
          "w": 0.6665105223655701,
          "x": 0.7439122200012207,
          "y": 0.042217180132865906,
          "z": -0.02400171011686325
        },
        "matrix": [
          [
            0.9952832460403442,
            0.09480658918619156,
            0.02056669071316719,
            -0.002402476267889142
          ],
          [
            0.030817564576864243,
            -0.10796239227056503,
            -0.9936771988868713,
            0.06316804885864258
          ],
          [
            -0.09198734909296036,
            0.989630937576294,
            -0.11037655174732208,
            0.9489505290985107
          ],
          [
            0.0,
            0.0,
            0.0,
            1.0
          ]
        ]
      },
      "bone_length_armature_space": 0.48800454405564364,
      "parent": "Root",
      "has_children": true,
      "is_end_bone": false
    },
    "neck_01": {
      "name": "neck_01",
      "local": {
        "location": {
          "x": 0.0,
          "y": 0.0,
          "z": 0.0
        },
        "rotation_quaternion": {
          "w": 0.9888888597488403,
          "x": -0.11711740493774414,
          "y": -0.08484569191932678,
          "z": 0.03440472483634949
        },
        "scale": {
          "x": 1.0,
          "y": 1.0,
          "z": 1.0
        },
        "matrix_basis": [
          [
            0.9832350611686707,
            -0.04817108437418938,
            -0.17586469650268555,
            0.0
          ],
          [
            0.0879187136888504,
            0.9701996445655823,
            0.2257940024137497,
            0.0
          ],
          [
            0.1597471386194229,
            -0.2374703735113144,
            0.9581694602966309,
            0.0
          ],
          [
            0.0,
            0.0,
            0.0,
            1.0
          ]
        ],
        "rotation_mode": "QUATERNION"
      },
      "armature_space": {
        "head": {
          "x": 0.05151810869574547,
          "y": -0.09512773156166077,
          "z": 0.5506689548492432
        },
        "tail": {
          "x": 0.056559138000011444,
          "y": -0.12137338519096375,
          "z": 0.6496462821960449
        }
      },
      "world_space": {
        "head": {
          "x": 0.05151810869574547,
          "y": -0.03188373148441315,
          "z": 1.5005229711532593
        },
        "tail": {
          "x": 0.056559138000011444,
          "y": -0.058129385113716125,
          "z": 1.599500298500061
        },
        "rotation_quaternion": {
          "w": 0.6090191006660461,
          "x": 0.7880875468254089,
          "y": -0.03308521583676338,
          "z": -0.08318187296390533
        },
        "matrix": [
          [
            0.9839723706245422,
            0.04917053133249283,
            -0.1714077889919281,
            0.05151810869574547
          ],
          [
            -0.15346641838550568,
            -0.2560018301010132,
            -0.9544167518615723,
            -0.03188373148441315
          ],
          [
            -0.09081070870161057,
            0.9654313921928406,
            -0.24435541033744812,
            1.5005229711532593
          ],
          [
            0.0,
            0.0,
            0.0,
            1.0
          ]
        ]
      },
      "bone_length_armature_space": 0.10252198645841547,
      "parent": "spine_01",
      "has_children": true,
      "is_end_bone": false
    },
    "head": {
      "name": "head",
      "local": {
        "location": {
          "x": 0.0,
          "y": 0.0,
          "z": 0.0
        },
        "rotation_quaternion": {
          "w": 0.981683611869812,
          "x": -0.027404753491282463,
          "y": 0.0141264284029603,
          "z": -0.18800731003284454
        },
        "scale": {
          "x": 1.0,
          "y": 1.0,
          "z": 1.0
        },
        "matrix_basis": [
          [
            0.9289073944091797,
            0.36835312843322754,
            0.038039956241846085,
            0.0
          ],
          [
            -0.3699016571044922,
            0.9278044700622559,
            0.048493850976228714,
            0.0
          ],
          [
            -0.017430778592824936,
            -0.05911733955144882,
            0.9980988502502441,
            0.0
          ],
          [
            0.0,
            0.0,
            0.0,
            1.0
          ]
        ],
        "rotation_mode": "QUATERNION"
      },
      "armature_space": {
        "head": {
          "x": 0.056559108197689056,
          "y": -0.12137351185083389,
          "z": 0.6496461629867554
        },
        "tail": {
          "x": 0.12950390577316284,
          "y": -0.10598837584257126,
          "z": 0.7856446504592896
        }
      },
      "world_space": {
        "head": {
          "x": 0.056559108197689056,
          "y": -0.05812951177358627,
          "z": 1.5995001792907715
        },
        "tail": {
          "x": 0.12950390577316284,
          "y": -0.04274437576532364,
          "z": 1.7354986667633057
        },
        "rotation_quaternion": {
          "w": 0.7316920161247253,
          "x": 0.6347491145133972,
          "y": 0.11927741020917892,
          "z": -0.21792998909950256
        },
        "matrix": [
          [
            0.8765584826469421,
            0.47033780813217163,
            -0.10211525857448578,
            0.056559108197689056
          ],
          [
            -0.1674957126379013,
            0.09920121729373932,
            -0.9808692932128906,
            -0.05812951177358627
          ],
          [
            -0.4512132704257965,
            0.8768993616104126,
            0.16573533415794373,
            1.5995001792907715
          ],
          [
            0.0,
            0.0,
            0.0,
            1.0
          ]
        ]
      },
      "bone_length_armature_space": 0.15509105497925094,
      "parent": "neck_01",
      "has_children": false,
      "is_end_bone": true
    },
    "upperarm_l": {
      "name": "upperarm_l",
      "local": {
        "location": {
          "x": 0.0,
          "y": 0.0,
          "z": 0.0
        },
        "rotation_quaternion": {
          "w": 0.9481329917907715,
          "x": 0.27094390988349915,
          "y": -0.1662311851978302,
          "z": -0.0007481675129383802
        },
        "scale": {
          "x": 1.0,
          "y": 1.0,
          "z": 1.0
        },
        "matrix_basis": [
          [
            0.9447332620620728,
            -0.08865992724895477,
            -0.3156239688396454,
            0.0
          ],
          [
            -0.09149737656116486,
            0.8531776666641235,
            -0.5135329961776733,
            0.0
          ],
          [
            0.31481310725212097,
            0.5140304565429688,
            0.7979131937026978,
            0.0
          ],
          [
            0.0,
            0.0,
            0.0,
            1.0
          ]
        ],
        "rotation_mode": "QUATERNION"
      },
      "armature_space": {
        "head": {
          "x": 0.19450445473194122,
          "y": -0.08641815185546875,
          "z": 0.470007985830307
        },
        "tail": {
          "x": 0.43176525831222534,
          "y": -0.2092529833316803,
          "z": 0.4493546485900879
        }
      },
      "world_space": {
        "head": {
          "x": 0.19450445473194122,
          "y": -0.02317415177822113,
          "z": 1.4198620319366455
        },
        "tail": {
          "x": 0.43176525831222534,
          "y": -0.14600898325443268,
          "z": 1.399208664894104
        },
        "rotation_quaternion": {
          "w": 0.39167436957359314,
          "x": 0.5043826699256897,
          "y": 0.3426302671432495,
          "z": -0.6890528202056885
        },
        "matrix": [
          [
            -0.18437828123569489,
            0.8854024410247803,
            -0.4266934394836426,
            0.19450445473194122
          ],
          [
            -0.19413620233535767,
            -0.4583911895751953,
            -0.8672881722450256,
            -0.02317415177822113
          ],
          [
            -0.9634984135627747,
            -0.07707349956035614,
            0.2564070522785187,
            1.4198620319366455
          ],
          [
            0.0,
            0.0,
            0.0,
            1.0
          ]
        ]
      },
      "bone_length_armature_space": 0.2679694886230418,
      "parent": "spine_01",
      "has_children": true,
      "is_end_bone": false
    },
    "lowerarm_l": {
      "name": "lowerarm_l",
      "local": {
        "location": {
          "x": 0.0,
          "y": 0.0,
          "z": 0.0
        },
        "rotation_quaternion": {
          "w": 0.862163245677948,
          "x": 0.4297773540019989,
          "y": -0.25375762581825256,
          "z": 0.08702456951141357
        },
        "scale": {
          "x": 1.0,
          "y": 1.0,
          "z": 1.0
        },
        "matrix_basis": [
          [
            0.8560675978660583,
            -0.3681773245334625,
            -0.362758606672287,
            0.0
          ],
          [
            -0.06805979460477829,
            0.615436315536499,
            -0.7852427959442139,
            0.0
          ],
          [
            0.5123633742332458,
            0.6969102025032043,
            0.5017969608306885,
            0.0
          ],
          [
            0.0,
            0.0,
            0.0,
            1.0
          ]
        ],
        "rotation_mode": "QUATERNION"
      },
      "armature_space": {
        "head": {
          "x": 0.4317653179168701,
          "y": -0.20925304293632507,
          "z": 0.44935476779937744
        },
        "tail": {
          "x": 0.4954860508441925,
          "y": -0.407978355884552,
          "z": 0.6167393922805786
        }
      },
      "world_space": {
        "head": {
          "x": 0.4317653179168701,
          "y": -0.14600904285907745,
          "z": 1.3992087841033936
        },
        "tail": {
          "x": 0.4954860508441925,
          "y": -0.3447343707084656,
          "z": 1.5665934085845947
        },
        "rotation_quaternion": {
          "w": 0.2681398391723633,
          "x": 0.43185508251190186,
          "y": -0.23808765411376953,
          "z": -0.8275967836380005
        },
        "matrix": [
          [
            -0.4832042455673218,
            0.23818650841712952,
            -0.8424849510192871,
            0.4317653179168701
          ],
          [
            -0.6494628190994263,
            -0.7428303956985474,
            0.16248470544815063,
            -0.14600904285907745
          ],
          [
            -0.5871263742446899,
            0.625679612159729,
            0.5136359930038452,
            1.3992087841033936
          ],
          [
            0.0,
            0.0,
            0.0,
            1.0
          ]
        ]
      },
      "bone_length_armature_space": 0.2675251281769968,
      "parent": "upperarm_l",
      "has_children": true,
      "is_end_bone": false
    },
    "metacarpal_thumb_l": {
      "name": "metacarpal_thumb_l",
      "local": {
        "location": {
          "x": 0.0,
          "y": 0.0,
          "z": 0.0
        },
        "rotation_quaternion": {
          "w": 0.9977220296859741,
          "x": -0.06728536635637283,
          "y": -0.0030470658093690872,
          "z": -0.0037558984477072954
        },
        "scale": {
          "x": 1.0,
          "y": 1.0,
          "z": 1.0
        },
        "matrix_basis": [
          [
            0.9999532103538513,
            0.00790473073720932,
            -0.0055748154409229755,
            0.0
          ],
          [
            -0.007084639277309179,
            0.9909171462059021,
            0.13428707420825958,
            0.0
          ],
          [
            0.006585683207958937,
            -0.13424129784107208,
            0.9909268021583557,
            0.0
          ],
          [
            0.0,
            0.0,
            0.0,
            1.0
          ]
        ],
        "rotation_mode": "QUATERNION"
      },
      "armature_space": {
        "head": {
          "x": 0.4954860508441925,
          "y": -0.407978355884552,
          "z": 0.6167393922805786
        },
        "tail": {
          "x": 0.4795219600200653,
          "y": -0.43471404910087585,
          "z": 0.6552615165710449
        }
      },
      "world_space": {
        "head": {
          "x": 0.4954860508441925,
          "y": -0.3447343707084656,
          "z": 1.5665934085845947
        },
        "tail": {
          "x": 0.4795219600200653,
          "y": -0.37147003412246704,
          "z": 1.605115532875061
        },
        "rotation_quaternion": {
          "w": 0.39530980587005615,
          "x": 0.858258843421936,
          "y": -0.27176451683044434,
          "z": -0.1823902130126953
        },
        "matrix": [
          [
            0.7857553362846375,
            -0.32228779792785645,
            -0.5279386639595032,
            0.4954860508441925
          ],
          [
            -0.6106904745101929,
            -0.5397480726242065,
            -0.5794214010238647,
            -0.3447343707084656
          ],
          [
            -0.09821485728025436,
            0.7776954770088196,
            -0.6209328770637512,
            1.5665934085845947
          ],
          [
            0.0,
            0.0,
            0.0,
            1.0
          ]
        ]
      },
      "bone_length_armature_space": 0.04953386235521378,
      "parent": "lowerarm_l",
      "has_children": true,
      "is_end_bone": false
    },
    "thumb_01_l": {
      "name": "thumb_01_l",
      "local": {
        "location": {
          "x": 0.0,
          "y": 0.0,
          "z": 0.0
        },
        "rotation_quaternion": {
          "w": 0.9783680438995361,
          "x": 0.20684628188610077,
          "y": -0.002938420744612813,
          "z": 0.0014585326425731182
        },
        "scale": {
          "x": 1.0,
          "y": 1.0,
          "z": 1.0
        },
        "matrix_basis": [
          [
            0.9999784827232361,
            -0.004069566261023283,
            -0.005146329756826162,
            0.0
          ],
          [
            0.0016383606707677245,
            0.9144249558448792,
            -0.4047521650791168,
            0.0
          ],
          [
            0.006353097967803478,
            0.4047349989414215,
            0.9144119620323181,
            0.0
          ],
          [
            0.0,
            0.0,
            0.0,
            1.0
          ]
        ],
        "rotation_mode": "QUATERNION"
      },
      "armature_space": {
        "head": {
          "x": 0.4795219600200653,
          "y": -0.43471404910087585,
          "z": 0.6552615165710449
        },
        "tail": {
          "x": 0.46747902035713196,
          "y": -0.46654361486434937,
          "z": 0.6559482216835022
        }
      },
      "world_space": {
        "head": {
          "x": 0.4795219600200653,
          "y": -0.37147003412246704,
          "z": 1.605115532875061
        },
        "tail": {
          "x": 0.46747902035713196,
          "y": -0.40329962968826294,
          "z": 1.605802297592163
        },
        "rotation_quaternion": {
          "w": 0.12731732428073883,
          "x": 0.7343041300773621,
          "y": -0.12743207812309265,
          "z": 0.6544836759567261
        },
        "matrix": [
          [
            0.11082425713539124,
            -0.3538023829460144,
            0.9287314414978027,
            0.4795219600200653
          ],
          [
            -0.020493274554610252,
            -0.935102641582489,
            -0.3537842333316803,
            -0.37147003412246704
          ],
          [
            0.9936355352401733,
            0.020174313336610794,
            -0.11088384687900543,
            1.605115532875061
          ],
          [
            0.0,
            0.0,
            0.0,
            1.0
          ]
        ]
      },
      "bone_length_armature_space": 0.03403858359344241,
      "parent": "metacarpal_thumb_l",
      "has_children": true,
      "is_end_bone": false
    },
    "thumb_02_l": {
      "name": "thumb_02_l",
      "local": {
        "location": {
          "x": 0.0,
          "y": 0.0,
          "z": 0.0
        },
        "rotation_quaternion": {
          "w": 0.9409339427947998,
          "x": 0.33855897188186646,
          "y": -0.0007809399394318461,
          "z": -0.004541398026049137
        },
        "scale": {
          "x": 1.0,
          "y": 1.0,
          "z": 1.0
        },
        "matrix_basis": [
          [
            0.9999575018882751,
            0.008017522282898426,
            -0.004544687923043966,
            0.0
          ],
          [
            -0.009075099602341652,
            0.7707144021987915,
            -0.6371161341667175,
            0.0
          ],
          [
            -0.0016054363222792745,
            0.6371303200721741,
            0.7707543969154358,
            0.0
          ],
          [
            0.0,
            0.0,
            0.0,
            1.0
          ]
        ],
        "rotation_mode": "QUATERNION"
      },
      "armature_space": {
        "head": {
          "x": 0.46747899055480957,
          "y": -0.4665435552597046,
          "z": 0.6559481620788574
        },
        "tail": {
          "x": 0.5000002980232239,
          "y": -0.4708084762096405,
          "z": 0.6791291832923889
        }
      },
      "world_space": {
        "head": {
          "x": 0.46747899055480957,
          "y": -0.40329957008361816,
          "z": 1.6058021783828735
        },
        "tail": {
          "x": 0.5000002980232239,
          "y": -0.4075644612312317,
          "z": 1.6289832592010498
        },
        "rotation_quaternion": {
          "w": 0.2036663293838501,
          "x": -0.44530361890792847,
          "y": -0.6367310881614685,
          "z": -0.5956495404243469
        },
        "matrix": [
          [
            -0.5204483270645142,
            0.8097051382064819,
            0.2711296081542969,
            0.46747899055480957
          ],
          [
            0.32445335388183594,
            -0.1061866283416748,
            0.939922571182251,
            -0.40329957008361816
          ],
          [
            0.7898563146591187,
            0.577153742313385,
            -0.20744739472866058,
            1.6058021783828735
          ],
          [
            0.0,
            0.0,
            0.0,
            1.0
          ]
        ]
      },
      "bone_length_armature_space": 0.04016447060184411,
      "parent": "thumb_01_l",
      "has_children": true,
      "is_end_bone": false
    },
    "thumb_03_l": {
      "name": "thumb_03_l",
      "local": {
        "location": {
          "x": 0.0,
          "y": 0.0,
          "z": 0.0
        },
        "rotation_quaternion": {
          "w": 0.9836766123771667,
          "x": 0.17970010638237,
          "y": -0.008244738914072514,
          "z": 0.004506930708885193
        },
        "scale": {
          "x": 1.0,
          "y": 1.0,
          "z": 1.0
        },
        "matrix_basis": [
          [
            0.9998234510421753,
            -0.01182988565415144,
            -0.014600521884858608,
            0.0
          ],
          [
            0.005903563927859068,
            0.9353750944137573,
            -0.3536078929901123,
            0.0
          ],
          [
            0.017840106040239334,
            0.35345926880836487,
            0.9352797865867615,
            0.0
          ],
          [
            0.0,
            0.0,
            0.0,
            1.0
          ]
        ],
        "rotation_mode": "QUATERNION"
      },
      "armature_space": {
        "head": {
          "x": 0.5000002384185791,
          "y": -0.4708085060119629,
          "z": 0.6791292428970337
        },
        "tail": {
          "x": 0.5252924561500549,
          "y": -0.45721152424812317,
          "z": 0.6892444491386414
        }
      },
      "world_space": {
        "head": {
          "x": 0.5000002384185791,
          "y": -0.40756452083587646,
          "z": 1.6289832592010498
        },
        "tail": {
          "x": 0.5252924561500549,
          "y": -0.39396750926971436,
          "z": 1.6390984058380127
        },
        "rotation_quaternion": {
          "w": 0.4879990220069885,
          "x": -0.28792527318000793,
          "y": -0.696535050868988,
          "z": -0.4402214288711548
        },
        "matrix": [
          [
            -0.3579126298427582,
            0.8307547569274902,
            -0.42631590366363525,
            0.5000002384185791
          ],
          [
            -0.028553195297718048,
            0.4466097354888916,
            0.8942732810974121,
            -0.40756452083587646
          ],
          [
            0.9333248734474182,
            0.33224689960479736,
            -0.13612647354602814,
            1.6289832592010498
          ],
          [
            0.0,
            0.0,
            0.0,
            1.0
          ]
        ]
      },
      "bone_length_armature_space": 0.030444893826127667,
      "parent": "thumb_02_l",
      "has_children": false,
      "is_end_bone": true
    },
    "metacarpal_index_l": {
      "name": "metacarpal_index_l",
      "local": {
        "location": {
          "x": 0.0,
          "y": 0.0,
          "z": 0.0
        },
        "rotation_quaternion": {
          "w": 0.9997738599777222,
          "x": -0.018595704808831215,
          "y": 0.002145003527402878,
          "z": 0.010091910138726234
        },
        "scale": {
          "x": 1.0,
          "y": 1.0,
          "z": 1.0
        },
        "matrix_basis": [
          [
            0.9997870922088623,
            -0.020259032025933266,
            0.00391370477154851,
            0.0
          ],
          [
            0.02009947970509529,
            0.9991046786308289,
            0.03722629323601723,
            0.0
          ],
          [
            -0.004664369393140078,
            -0.03713970631361008,
            0.999299168586731,
            0.0
          ],
          [
            0.0,
            0.0,
            0.0,
            1.0
          ]
        ],
        "rotation_mode": "QUATERNION"
      },
      "armature_space": {
        "head": {
          "x": 0.4954860508441925,
          "y": -0.407978355884552,
          "z": 0.6167393922805786
        },
        "tail": {
          "x": 0.49195778369903564,
          "y": -0.48591962456703186,
          "z": 0.7041580677032471
        }
      },
      "world_space": {
        "head": {
          "x": 0.4954860508441925,
          "y": -0.3447343707084656,
          "z": 1.5665934085845947
        },
        "tail": {
          "x": 0.49195778369903564,
          "y": -0.42267560958862305,
          "z": 1.6540120840072632
        },
        "rotation_quaternion": {
          "w": 0.338664710521698,
          "x": 0.7753006219863892,
          "y": -0.2295914739370346,
          "z": -0.48114755749702454
        },
        "matrix": [
          [
            0.43157047033309937,
            -0.030111879110336304,
            -0.9015765190124512,
            0.4954860508441925
          ],
          [
            -0.6819004416465759,
            -0.6651882529258728,
            -0.30419841408729553,
            -0.3447343707084656
          ],
          [
            -0.5905630588531494,
            0.7460730671882629,
            -0.3076111078262329,
            1.5665934085845947
          ],
          [
            0.0,
            0.0,
            0.0,
            1.0
          ]
        ]
      },
      "bone_length_armature_space": 0.11717215738096044,
      "parent": "lowerarm_l",
      "has_children": true,
      "is_end_bone": false
    },
    "index_01_l": {
      "name": "index_01_l",
      "local": {
        "location": {
          "x": 0.0,
          "y": 0.0,
          "z": 0.0
        },
        "rotation_quaternion": {
          "w": 0.969465434551239,
          "x": 0.24511270225048065,
          "y": -0.007384361699223518,
          "z": -0.0014453193871304393
        },
        "scale": {
          "x": 1.0,
          "y": 1.0,
          "z": 1.0
        },
        "matrix_basis": [
          [
            0.9998867511749268,
            -0.00081762729678303,
            -0.01502629928290844,
            0.0
          ],
          [
            -0.0064223762601614,
            0.8798353672027588,
            -0.475235253572464,
            0.0
          ],
          [
            0.013609234243631363,
            0.47527793049812317,
            0.8797304630279541,
            0.0
          ],
          [
            0.0,
            0.0,
            0.0,
            1.0
          ]
        ],
        "rotation_mode": "QUATERNION"
      },
      "armature_space": {
        "head": {
          "x": 0.49195778369903564,
          "y": -0.48591962456703186,
          "z": 0.7041580677032471
        },
        "tail": {
          "x": 0.48615214228630066,
          "y": -0.5119881629943848,
          "z": 0.7141479253768921
        }
      },
      "world_space": {
        "head": {
          "x": 0.49195778369903564,
          "y": -0.42267560958862305,
          "z": 1.6540120840072632
        },
        "tail": {
          "x": 0.48615214228630066,
          "y": -0.44874417781829834,
          "z": 1.6640019416809082
        },
        "rotation_quaternion": {
          "w": 0.09831143915653229,
          "x": 0.8341917991638184,
          "y": -0.18227151036262512,
          "z": -0.511112630367279
        },
        "matrix": [
          [
            0.41108208894729614,
            -0.20360404253005981,
            -0.8885701894760132,
            0.49195778369903564
          ],
          [
            -0.40459585189819336,
            -0.9142237901687622,
            0.02230265736579895,
            -0.42267560958862305
          ],
          [
            -0.8168991804122925,
            0.350345253944397,
            -0.4582013189792633,
            1.6540120840072632
          ],
          [
            0.0,
            0.0,
            0.0,
            1.0
          ]
        ]
      },
      "bone_length_armature_space": 0.028514406972462287,
      "parent": "metacarpal_index_l",
      "has_children": true,
      "is_end_bone": false
    },
    "index_02_l": {
      "name": "index_02_l",
      "local": {
        "location": {
          "x": 0.0,
          "y": 0.0,
          "z": 0.0
        },
        "rotation_quaternion": {
          "w": 0.9208347201347351,
          "x": 0.38994860649108887,
          "y": -0.0018390179611742496,
          "z": -0.0004941774532198906
        },
        "scale": {
          "x": 1.0,
          "y": 1.0,
          "z": 1.0
        },
        "matrix_basis": [
          [
            0.9999927282333374,
            -0.0005241334438323975,
            -0.003772270865738392,
            0.0
          ],
          [
            -0.002344356384128332,
            0.6958796977996826,
            -0.7181546092033386,
            0.0
          ],
          [
            0.0030014554504305124,
            0.7181582450866699,
            0.6958733797073364,
            0.0
          ],
          [
            0.0,
            0.0,
            0.0,
            1.0
          ]
        ],
        "rotation_mode": "QUATERNION"
      },
      "armature_space": {
        "head": {
          "x": 0.48615169525146484,
          "y": -0.5119884014129639,
          "z": 0.7141481637954712
        },
        "tail": {
          "x": 0.4663395583629608,
          "y": -0.528246283531189,
          "z": 0.7130301594734192
        }
      },
      "world_space": {
        "head": {
          "x": 0.48615169525146484,
          "y": -0.44874441623687744,
          "z": 1.6640021800994873
        },
        "tail": {
          "x": 0.4663395583629608,
          "y": -0.46500229835510254,
          "z": 1.66288423538208
        },
        "rotation_quaternion": {
          "w": 0.22788523137569427,
          "x": -0.7908976078033447,
          "y": 0.3622016906738281,
          "z": 0.43744632601737976
        },
        "matrix": [
          [
            0.3549010753631592,
            -0.772304892539978,
            -0.5268686413764954,
            0.48615169525146484
          ],
          [
            -0.3735547959804535,
            -0.6337557435035706,
            0.6773557066917419,
            -0.44874441623687744
          ],
          [
            -0.8570375442504883,
            -0.04358068108558655,
            -0.5134215950965881,
            1.6640021800994873
          ],
          [
            0.0,
            0.0,
            0.0,
            1.0
          ]
        ]
      },
      "bone_length_armature_space": 0.025653253651872945,
      "parent": "index_01_l",
      "has_children": true,
      "is_end_bone": false
    },
    "index_03_l": {
      "name": "index_03_l",
      "local": {
        "location": {
          "x": 0.0,
          "y": 0.0,
          "z": 0.0
        },
        "rotation_quaternion": {
          "w": 0.965263843536377,
          "x": 0.2612185776233673,
          "y": -0.0005285411607474089,
          "z": -0.005510457791388035
        },
        "scale": {
          "x": 1.0,
          "y": 1.0,
          "z": 1.0
        },
        "matrix_basis": [
          [
            0.9999387264251709,
            0.010361962020397186,
            -0.003899231320247054,
            0.0
          ],
          [
            -0.010914220474660397,
            0.8634690046310425,
            -0.5042838454246521,
            0.0
          ],
          [
            -0.0018585046054795384,
            0.5042955279350281,
            0.8635291457176208,
            0.0
          ],
          [
            0.0,
            0.0,
            0.0,
            1.0
          ]
        ],
        "rotation_mode": "QUATERNION"
      },
      "armature_space": {
        "head": {
          "x": 0.466339647769928,
          "y": -0.5282464027404785,
          "z": 0.7130302786827087
        },
        "tail": {
          "x": 0.4405044615268707,
          "y": -0.5331442356109619,
          "z": 0.7002910375595093
        }
      },
      "world_space": {
        "head": {
          "x": 0.466339647769928,
          "y": -0.4650024175643921,
          "z": 1.66288423538208
        },
        "tail": {
          "x": 0.4405044615268707,
          "y": -0.4699002504348755,
          "z": 1.6501450538635254
        },
        "rotation_quaternion": {
          "w": 0.4741837978363037,
          "x": -0.7130315899848938,
          "y": 0.4374196231365204,
          "z": 0.27459025382995605
        },
        "matrix": [
          [
            0.46652767062187195,
            -0.8842010498046875,
            0.02325296401977539,
            0.466339647769928
          ],
          [
            -0.3633781373500824,
            -0.1676272749900818,
            0.9164374470710754,
            -0.4650024175643921
          ],
          [
            -0.8064231276512146,
            -0.43599605560302734,
            -0.39950400590896606,
            1.66288423538208
          ],
          [
            0.0,
            0.0,
            0.0,
            1.0
          ]
        ]
      },
      "bone_length_armature_space": 0.02921872456781057,
      "parent": "index_02_l",
      "has_children": false,
      "is_end_bone": true
    },
    "metacarpal_pinky_l": {
      "name": "metacarpal_pinky_l",
      "local": {
        "location": {
          "x": 0.0,
          "y": 0.0,
          "z": 0.0
        },
        "rotation_quaternion": {
          "w": 0.9984135627746582,
          "x": -0.05622950196266174,
          "y": -0.002815661486238241,
          "z": 0.0009186409879475832
        },
        "scale": {
          "x": 1.0,
          "y": 1.0,
          "z": 1.0
        },
        "matrix_basis": [
          [
            0.999982476234436,
            -0.001517720753327012,
            -0.005725698545575142,
            0.0
          ],
          [
            0.002151013817638159,
            0.9936748147010803,
            0.11227542161941528,
            0.0
          ],
          [
            0.005519079975783825,
            -0.11228577047586441,
            0.9936606287956238,
            0.0
          ],
          [
            0.0,
            0.0,
            0.0,
            1.0
          ]
        ],
        "rotation_mode": "QUATERNION"
      },
      "armature_space": {
        "head": {
          "x": 0.4954860508441925,
          "y": -0.407978355884552,
          "z": 0.6167393922805786
        },
        "tail": {
          "x": 0.5421268343925476,
          "y": -0.49368271231651306,
          "z": 0.6531074047088623
        }
      },
      "world_space": {
        "head": {
          "x": 0.4954860508441925,
          "y": -0.3447343707084656,
          "z": 1.5665934085845947
        },
        "tail": {
          "x": 0.5421268343925476,
          "y": -0.43043869733810425,
          "z": 1.6029614210128784
        },
        "rotation_quaternion": {
          "w": 0.18520884215831757,
          "x": -0.22360481321811676,
          "y": -0.23275494575500488,
          "z": -0.9281830191612244
        },
        "matrix": [
          [
            -0.831397294998169,
            0.447905957698822,
            0.3288751244544983,
            0.4954860508441925
          ],
          [
            -0.23972554504871368,
            -0.8230454325675964,
            0.5149060487747192,
            -0.3447343707084656
          ],
          [
            0.5013121366500854,
            0.349253386259079,
            0.7916581630706787,
            1.5665934085845947
          ],
          [
            0.0,
            0.0,
            0.0,
            1.0
          ]
        ]
      },
      "bone_length_armature_space": 0.10413084041152033,
      "parent": "lowerarm_l",
      "has_children": true,
      "is_end_bone": false
    },
    "pinky_01_l": {
      "name": "pinky_01_l",
      "local": {
        "location": {
          "x": 0.0,
          "y": 0.0,
          "z": 0.0
        },
        "rotation_quaternion": {
          "w": 0.9441896677017212,
          "x": 0.32899215817451477,
          "y": -0.009457272477447987,
          "z": -0.01344074122607708
        },
        "scale": {
          "x": 1.0,
          "y": 1.0,
          "z": 1.0
        },
        "matrix_basis": [
          [
            0.9994598031044006,
            0.019158480688929558,
            -0.02670271508395672,
            0.0
          ],
          [
            -0.03160395473241806,
            0.7831670045852661,
            -0.6210077404975891,
            0.0
          ],
          [
            0.009015120565891266,
            0.621516227722168,
            0.7833494544029236,
            0.0
          ],
          [
            0.0,
            0.0,
            0.0,
            1.0
          ]
        ],
        "rotation_mode": "QUATERNION"
      },
      "armature_space": {
        "head": {
          "x": 0.5421268343925476,
          "y": -0.49368271231651306,
          "z": 0.6531074047088623
        },
        "tail": {
