{
  "metadata": {
    "armature_name": "KIM_caucasian_male",
    "export_time": "2026-01-13T19:11:19.641450",
    "blender_version": "4.4.1",
    "bone_count": 56,
    "end_bone_count": 13,
    "spaces_included": [
      "LOCAL_CHANNELS",
      "ARMATURE_SPACE",
      "WORLD_SPACE"
    ],
    "note": "LOCAL matches Transform panel; replay pose via local.matrix_basis for best fidelity."
  },
  "bones": {
    "Root": {
      "name": "Root",
      "local": {
        "location": {
          "x": 0.0,
          "y": 0.0,
          "z": 0.0
        },
        "rotation_quaternion": {
          "w": 0.9997745752334595,
          "x": 0.018025914207100868,
          "y": -0.0035818812903016806,
          "z": 0.010634076781570911
        },
        "scale": {
          "x": 1.0,
          "y": 1.0,
          "z": 1.0
        },
        "matrix_basis": [
          [
            0.999748170375824,
            -0.021392492577433586,
            -0.006778769660741091,
            0.0
          ],
          [
            0.02113422565162182,
            0.9991239905357361,
            -0.03611988201737404,
            0.0
          ],
          [
            0.007545525673776865,
            0.035967521369457245,
            0.9993245005607605,
            0.0
          ],
          [
            0.0,
            0.0,
            0.0,
            1.0
          ]
        ],
        "rotation_mode": "QUATERNION"
      },
      "armature_space": {
        "head": {
          "x": 0.0,
          "y": 0.07072800397872925,
          "z": -0.009595036506652832
        },
        "tail": {
          "x": -0.0015269077848643064,
          "y": -0.00028315186500549316,
          "z": -0.0025523342192173004
        }
      },
      "world_space": {
        "head": {
          "x": 0.0,
          "y": 0.13397200405597687,
          "z": 0.9402589797973633
        },
        "tail": {
          "x": -0.0015269077848643064,
          "y": 0.06296084821224213,
          "z": 0.9473016858100891
        },
        "rotation_quaternion": {
          "w": 0.0493675097823143,
          "x": 0.9987176656723022,
          "y": -0.010851222090423107,
          "z": -0.00285735004581511
        },
        "matrix": [
          [
            0.999748170375824,
            -0.021392492577433586,
            -0.006778769660741091,
            0.0
          ],
          [
            -0.021956736221909523,
            -0.9948902130126953,
            -0.09854686260223389,
            0.13397200405597687
          ],
          [
            -0.004636021796613932,
            0.09867063164710999,
            -0.9951164126396179,
            0.9402589797973633
          ],
          [
            0.0,
            0.0,
            0.0,
            1.0
          ]
        ]
      },
      "bone_length_armature_space": 0.071375873013238,
      "parent": null,
      "has_children": true,
      "is_end_bone": false
    },
    "spine_01": {
      "name": "spine_01",
      "local": {
        "location": {
          "x": 0.0,
          "y": 0.0,
          "z": 0.0
        },
        "rotation_quaternion": {
          "w": 0.9984520673751831,
          "x": -0.020935848355293274,
          "y": 0.049932461231946945,
          "z": -0.01272665336728096
        },
        "scale": {
          "x": 1.0,
          "y": 1.0,
          "z": 1.0
        },
        "matrix_basis": [
          [
            0.9946895837783813,
            0.023323150351643562,
            0.1002432256937027,
            0.0
          ],
          [
            -0.027504663914442062,
            0.9987994432449341,
            0.04053593426942825,
            0.0
          ],
          [
            -0.09917744994163513,
            -0.04307783022522926,
            0.9941368699073792,
            0.0
          ],
          [
            0.0,
            0.0,
            0.0,
            1.0
          ]
        ],
        "rotation_mode": "QUATERNION"
      },
      "armature_space": {
        "head": {
          "x": -0.0015269077848643064,
          "y": -0.00028315186500549316,
          "z": -0.0025523342192173004
        },
        "tail": {
          "x": 0.012686471454799175,
          "y": 0.025671452283859253,
          "z": 0.48455435037612915
        }
      },
      "world_space": {
        "head": {
          "x": -0.0015269077848643064,
          "y": 0.06296084821224213,
          "z": 0.9473016858100891
        },
        "tail": {
          "x": 0.012686471454799175,
          "y": 0.08891545236110687,
          "z": 1.43440842628479
        },
        "rotation_quaternion": {
          "w": 0.7246408462524414,
          "x": 0.6878477334976196,
          "y": 0.03857717290520668,
          "z": 0.01652180403470993
        },
        "matrix": [
          [
            0.9964776635169983,
            0.029125703498721123,
            0.0786379724740982,
            -0.0015269077848643064
          ],
          [
            0.0770149976015091,
            0.05318553000688553,
            -0.9956104159355164,
            0.06296084821224213
          ],
          [
            -0.033180419355630875,
            0.9981669187545776,
            0.05075451731681824,
            0.9473016858100891
          ],
          [
            0.0,
            0.0,
            0.0,
            1.0
          ]
        ]
      },
      "bone_length_armature_space": 0.48800469242115396,
      "parent": "Root",
      "has_children": true,
      "is_end_bone": false
    },
    "neck_01": {
      "name": "neck_01",
      "local": {
        "location": {
          "x": 0.0,
          "y": 0.0,
          "z": 0.0
        },
        "rotation_quaternion": {
          "w": 0.9774212837219238,
          "x": -0.11128512769937515,
          "y": 0.07567272335290909,
          "z": -0.16290199756622314
        },
        "scale": {
          "x": 1.0,
          "y": 1.0,
          "z": 1.0
        },
        "matrix_basis": [
          [
            0.9354731440544128,
            0.3016052544116974,
            0.18418540060520172,
            0.0
          ],
          [
            -0.33529025316238403,
            0.9221571087837219,
            0.19289043545722961,
            0.0
          ],
          [
            -0.11167111992835999,
            -0.2421993762254715,
            0.9637784957885742,
            0.0
          ],
          [
            0.0,
            0.0,
            0.0,
            1.0
          ]
        ],
        "rotation_mode": "QUATERNION"
      },
      "armature_space": {
        "head": {
          "x": 0.017546210438013077,
          "y": -0.004962591454386711,
          "z": 0.5593987703323364
        },
        "tail": {
          "x": 0.05224469676613808,
          "y": -0.010366035625338554,
          "z": 0.6557189226150513
        }
      },
      "world_space": {
        "head": {
          "x": 0.017546210438013077,
          "y": 0.05828140676021576,
          "z": 1.5092527866363525
        },
        "tail": {
          "x": 0.05224469676613808,
          "y": 0.052877962589263916,
          "z": 1.6055729389190674
        },
        "rotation_quaternion": {
          "w": 0.6536951065063477,
          "x": 0.7252240180969238,
          "y": 0.21524330973625183,
          "z": -0.020079605281352997
        },
        "matrix": [
          [
            0.9065335988998413,
            0.3384513556957245,
            0.2522844970226288,
            0.017546210438013077
          ],
          [
            0.28594931960105896,
            -0.0527055561542511,
            -0.9567943811416626,
            0.05828140676021576
          ],
          [
            -0.31053343415260315,
            0.9395132064819336,
            -0.14456123113632202,
            1.5092527866363525
          ],
          [
            0.0,
            0.0,
            0.0,
            1.0
          ]
        ]
      },
      "bone_length_armature_space": 0.10252196879582261,
      "parent": "spine_01",
      "has_children": true,
      "is_end_bone": false
    },
    "head": {
      "name": "head",
      "local": {
        "location": {
          "x": 0.0,
          "y": 0.0,
          "z": 0.0
        },
        "rotation_quaternion": {
          "w": 0.9991908073425293,
          "x": -0.03318136930465698,
          "y": -0.021964747458696365,
          "z": -0.005859326105564833
        },
        "scale": {
          "x": 1.0,
          "y": 1.0,
          "z": 1.0
        },
        "matrix_basis": [
          [
            0.9989664554595947,
            0.013166810385882854,
            -0.04350510612130165,
            0.0
          ],
          [
            -0.010251528583467007,
            0.9977293014526367,
            0.06656643748283386,
            0.0
          ],
          [
            0.04428279027342796,
            -0.06605163961648941,
            0.996833086013794,
            0.0
          ],
          [
            0.0,
            0.0,
            0.0,
            1.0
          ]
        ],
        "rotation_mode": "QUATERNION"
      },
      "armature_space": {
        "head": {
          "x": 0.05224470794200897,
          "y": -0.010366180911660194,
          "z": 0.6557188630104065
        },
        "tail": {
          "x": 0.08509225398302078,
          "y": 0.04544418305158615,
          "z": 0.7966426610946655
        }
      },
      "world_space": {
        "head": {
          "x": 0.05224470794200897,
          "y": 0.052877821028232574,
          "z": 1.6055729389190674
        },
        "tail": {
          "x": 0.08509225398302078,
          "y": 0.10868818312883377,
          "z": 1.7464966773986816
        },
        "rotation_quaternion": {
          "w": 0.8000741004943848,
          "x": 0.5656818151473999,
          "y": 0.1995238959789276,
          "z": 0.00871015340089798
        },
        "matrix": [
          [
            0.9202291369438171,
            0.21179638803005219,
            0.3291209936141968,
            0.05224470794200897
          ],
          [
            0.23967033624649048,
            0.3598574101924896,
            -0.9016990661621094,
            0.052877821028232574
          ],
          [
            -0.30941513180732727,
            0.9086568355560303,
            0.28039097785949707,
            1.6055729389190674
          ],
          [
            0.0,
            0.0,
            0.0,
            1.0
          ]
        ]
      },
      "bone_length_armature_space": 0.15509118211641598,
      "parent": "neck_01",
      "has_children": false,
      "is_end_bone": true
    },
    "upperarm_l": {
      "name": "upperarm_l",
      "local": {
        "location": {
          "x": 0.0,
          "y": 0.0,
          "z": 0.0
        },
        "rotation_quaternion": {
          "w": 0.8741340637207031,
          "x": -0.05482734367251396,
          "y": 0.4783286154270172,
          "z": -0.06391708552837372
        },
        "scale": {
          "x": 1.0,
          "y": 1.0,
          "z": 1.0
        },
        "matrix_basis": [
          [
            0.5342326760292053,
            0.0592932291328907,
            0.8432554602622986,
            0.0
          ],
          [
            -0.16419517993927002,
            0.9858171343803406,
            0.03470615670084953,
            0.0
          ],
          [
            -0.8292378783226013,
            -0.1569996327161789,
            0.5363913774490356,
            0.0
          ],
          [
            0.0,
            0.0,
            0.0,
            1.0
          ]
        ],
        "rotation_mode": "QUATERNION"
      },
      "armature_space": {
        "head": {
          "x": 0.16531117260456085,
          "y": -0.0001599527895450592,
          "z": 0.4874989986419678
        },
        "tail": {
          "x": 0.4215549826622009,
          "y": 0.0714314877986908,
          "z": 0.4555397927761078
        }
      },
      "world_space": {
        "head": {
          "x": 0.16531117260456085,
          "y": 0.06308405101299286,
          "z": 1.4373530149459839
        },
        "tail": {
          "x": 0.4215549826622009,
          "y": 0.13467548787593842,
          "z": 1.4053938388824463
        },
        "rotation_quaternion": {
          "w": 0.19285759329795837,
          "x": 0.5646218657493591,
          "y": 0.7722617387771606,
          "z": -0.21821975708007812
        },
        "matrix": [
          [
            -0.2880154848098755,
            0.9562427401542664,
            0.051447611302137375,
            0.16531117260456085
          ],
          [
            0.7879015207290649,
            0.2671627402305603,
            -0.5548293590545654,
            0.06308405101299286
          ],
          [
            -0.5442995429039001,
            -0.11926441639661789,
            -0.8303784728050232,
            1.4373530149459839
          ],
          [
            0.0,
            0.0,
            0.0,
            1.0
          ]
        ]
      },
      "bone_length_armature_space": 0.2679694502841513,
      "parent": "spine_01",
      "has_children": true,
      "is_end_bone": false
    },
    "lowerarm_l": {
      "name": "lowerarm_l",
      "local": {
        "location": {
          "x": 0.0,
          "y": 0.0,
          "z": 0.0
        },
        "rotation_quaternion": {
          "w": 0.9684629440307617,
          "x": 0.07773704826831818,
          "y": -0.007587005849927664,
          "z": -0.23659881949424744
        },
        "scale": {
          "x": 1.0,
          "y": 1.0,
          "z": 1.0
        },
        "matrix_basis": [
          [
            0.8879268765449524,
            0.45709478855133057,
            -0.051480457186698914,
            0.0
          ],
          [
            -0.4594539701938629,
            0.8759558796882629,
            -0.14698074758052826,
            0.0
          ],
          [
            -0.0220895204693079,
            0.15416105091571808,
            0.9877987504005432,
            0.0
          ],
          [
            0.0,
            0.0,
            0.0,
            1.0
          ]
        ],
        "rotation_mode": "QUATERNION"
      },
      "armature_space": {
        "head": {
          "x": 0.4215551018714905,
          "y": 0.07143139839172363,
          "z": 0.4555398225784302
        },
        "tail": {
          "x": 0.6209839582443237,
          "y": 0.16423915326595306,
          "z": 0.30327528715133667
        }
      },
      "world_space": {
        "head": {
          "x": 0.4215551018714905,
          "y": 0.13467539846897125,
          "z": 1.4053938388824463
        },
        "tail": {
          "x": 0.6209839582443237,
          "y": 0.22748315334320068,
          "z": 1.253129243850708
        },
        "rotation_quaternion": {
          "w": 0.10207879543304443,
          "x": 0.40752968192100525,
          "y": 0.8142709732055664,
          "z": -0.400577574968338
        },
        "matrix": [
          [
            -0.6469981074333191,
            0.7454602122306824,
            -0.16025693714618683,
            0.4215551018714905
          ],
          [
            0.5819000005722046,
            0.3469131290912628,
            -0.735556960105896,
            0.13467539846897125
          ],
          [
            -0.49273616075515747,
            -0.5691611766815186,
            -0.6582408547401428,
            1.4053938388824463
          ],
          [
            0.0,
            0.0,
            0.0,
            1.0
          ]
        ]
      },
      "bone_length_armature_space": 0.26752502373939546,
      "parent": "upperarm_l",
      "has_children": true,
      "is_end_bone": false
    },
    "metacarpal_thumb_l": {
      "name": "metacarpal_thumb_l",
      "local": {
        "location": {
          "x": 0.0,
          "y": 0.0,
          "z": 0.0
        },
        "rotation_quaternion": {
          "w": 0.9997336864471436,
          "x": -0.007346534635871649,
          "y": -0.02035507932305336,
          "z": 0.008026480674743652
        },
        "scale": {
          "x": 1.0,
          "y": 1.0,
          "z": 1.0
        },
        "matrix_basis": [
          [
            0.9990425109863281,
            -0.015749607235193253,
            -0.040817249566316605,
            0.0
          ],
          [
            0.016347764059901237,
            0.9997631907463074,
            0.01436239667236805,
            0.0
          ],
          [
            0.04058138281106949,
            -0.015015915967524052,
            0.9990633726119995,
            0.0
          ],
          [
            0.0,
            0.0,
            0.0,
            1.0
          ]
        ],
        "rotation_mode": "QUATERNION"
      },
      "armature_space": {
        "head": {
          "x": 0.6209839582443237,
          "y": 0.16423915326595306,
          "z": 0.30327528715133667
        },
        "tail": {
          "x": 0.6397267580032349,
          "y": 0.16055916249752045,
          "z": 0.25757211446762085
        }
      },
      "world_space": {
        "head": {
          "x": 0.6209839582443237,
          "y": 0.22748315334320068,
          "z": 1.253129243850708
        },
        "tail": {
          "x": 0.6397267580032349,
          "y": 0.22380316257476807,
          "z": 1.2074260711669922
        },
        "rotation_quaternion": {
          "w": 0.5148285031318665,
          "x": -0.6949290633201599,
          "y": -0.44475266337394714,
          "z": 0.2328524887561798
        },
        "matrix": [
          [
            0.4959472715854645,
            0.37838467955589294,
            -0.7815760374069214,
            0.6209839582443237
          ],
          [
            0.8579027056694031,
            -0.07429267466068268,
            0.5084130167961121,
            0.22748315334320068
          ],
          [
            0.13431216776371002,
            -0.9226687550544739,
            -0.36146461963653564,
            1.253129243850708
          ],
          [
            0.0,
            0.0,
            0.0,
            1.0
          ]
        ]
      },
      "bone_length_armature_space": 0.04953397751570939,
      "parent": "lowerarm_l",
      "has_children": true,
      "is_end_bone": false
    },
    "thumb_01_l": {
      "name": "thumb_01_l",
      "local": {
        "location": {
          "x": 0.0,
          "y": 0.0,
          "z": 0.0
        },
        "rotation_quaternion": {
          "w": 0.9999790191650391,
          "x": -0.0035483334213495255,
          "y": -0.0033768792636692524,
          "z": 0.00424712710082531
        },
        "scale": {
          "x": 1.0,
          "y": 1.0,
          "z": 1.0
        },
        "matrix_basis": [
          [
            0.9999411106109619,
            -0.008470111526548862,
            -0.006783757358789444,
            0.0
          ],
          [
            0.008518040180206299,
            0.9999387264251709,
            0.00706783402711153,
            0.0
          ],
          [
            0.0067234765738248825,
            -0.007125202100723982,
            0.9999520182609558,
            0.0
          ],
          [
            0.0,
            0.0,
            0.0,
            1.0
          ]
        ],
        "rotation_mode": "QUATERNION"
      },
      "armature_space": {
        "head": {
          "x": 0.6397267580032349,
          "y": 0.16055916249752045,
          "z": 0.25757211446762085
        },
        "tail": {
          "x": 0.6261228919029236,
          "y": 0.16808216273784637,
          "z": 0.22729048132896423
        }
      },
      "world_space": {
        "head": {
          "x": 0.6397267580032349,
          "y": 0.22380316257476807,
          "z": 1.2074260711669922
        },
        "tail": {
          "x": 0.6261228919029236,
          "y": 0.231326162815094,
          "z": 1.1771445274353027
        },
        "rotation_quaternion": {
          "w": 0.7145671844482422,
          "x": -0.6240836381912231,
          "y": 0.3160701394081116,
          "z": 0.0036049140617251396
        },
        "matrix": [
          [
            0.8001742959022522,
            -0.3996599316596985,
            0.4472055435180664,
            0.6397267580032349
          ],
          [
            -0.3893544673919678,
            0.22101400792598724,
            0.894179105758667,
            0.22380316257476807
          ],
          [
            -0.45620962977409363,
            -0.8896268010139465,
            0.02124137431383133,
            1.2074260711669922
          ],
          [
            0.0,
            0.0,
            0.0,
            1.0
          ]
        ]
      },
      "bone_length_armature_space": 0.03403877209915201,
      "parent": "metacarpal_thumb_l",
      "has_children": true,
      "is_end_bone": false
    },
    "thumb_02_l": {
      "name": "thumb_02_l",
      "local": {
        "location": {
          "x": 0.0,
          "y": 0.0,
          "z": 0.0
        },
        "rotation_quaternion": {
          "w": 0.9986732006072998,
          "x": 0.05110839381814003,
          "y": -0.0023091838229447603,
          "z": 0.005885288119316101
        },
        "scale": {
          "x": 1.0,
          "y": 1.0,
          "z": 1.0
        },
        "matrix_basis": [
          [
            0.9999200701713562,
            -0.011990996077656746,
            -0.004010664764791727,
            0.0
          ],
          [
            0.011518921703100204,
            0.9947065711021423,
            -0.10210834443569183,
            0.0
          ],
          [
            0.005213815253227949,
            0.10205398499965668,
            0.9947652220726013,
            0.0
          ],
          [
            0.0,
            0.0,
            0.0,
            1.0
          ]
        ],
        "rotation_mode": "QUATERNION"
      },
      "armature_space": {
        "head": {
          "x": 0.6261228919029236,
          "y": 0.168082132935524,
          "z": 0.22729051113128662
        },
        "tail": {
          "x": 0.6521583199501038,
          "y": 0.18486112356185913,
          "z": 0.20172080397605896
        }
      },
      "world_space": {
        "head": {
          "x": 0.6261228919029236,
          "y": 0.2313261330127716,
          "z": 1.1771445274353027
        },
        "tail": {
          "x": 0.6521583199501038,
          "y": 0.24810512363910675,
          "z": 1.1515748500823975
        },
        "rotation_quaternion": {
          "w": 0.7860389351844788,
          "x": -0.21501755714416504,
          "y": 0.30169886350631714,
          "z": -0.49486175179481506
        },
        "matrix": [
          [
            0.32817763090133667,
            0.6482211351394653,
            0.6871014833450317,
            0.6261228919029236
          ],
          [
            -0.9077029228210449,
            0.4177578389644623,
            0.039424020797014236,
            0.2313261330127716
          ],
          [
            -0.2614891827106476,
            -0.636626124382019,
            0.7254963517189026,
            1.1771445274353027
          ],
          [
            0.0,
            0.0,
            0.0,
            1.0
          ]
        ]
      },
      "bone_length_armature_space": 0.04016451147471201,
      "parent": "thumb_01_l",
      "has_children": true,
      "is_end_bone": false
    },
    "thumb_03_l": {
      "name": "thumb_03_l",
      "local": {
        "location": {
          "x": 0.0,
          "y": 0.0,
          "z": 0.0
        },
        "rotation_quaternion": {
          "w": 0.9960648417472839,
          "x": 0.08850805461406708,
          "y": 0.004592183977365494,
          "z": 0.00024275167379528284
        },
        "scale": {
          "x": 1.0,
          "y": 1.0,
          "z": 1.0
        },
        "matrix_basis": [
          [
            0.9999576807022095,
            0.00032929773442447186,
            0.009191197343170643,
            0.0
          ],
          [
            0.0012964833294972777,
            0.9843325018882751,
            -0.17631728947162628,
            0.0
          ],
          [
            -0.009105254895985126,
            0.17632174491882324,
            0.9842904806137085,
            0.0
          ],
          [
            0.0,
            0.0,
            0.0,
            1.0
          ]
        ],
        "rotation_mode": "QUATERNION"
      },
      "armature_space": {
        "head": {
          "x": 0.652158260345459,
          "y": 0.18486106395721436,
          "z": 0.20172077417373657
        },
        "tail": {
          "x": 0.6779273152351379,
          "y": 0.19931767880916595,
          "z": 0.19438223540782928
        }
      },
      "world_space": {
        "head": {
          "x": 0.652158260345459,
          "y": 0.24810506403446198,
          "z": 1.1515748500823975
        },
        "tail": {
          "x": 0.6779273152351379,
          "y": 0.2625616788864136,
          "z": 1.1442362070083618
        },
        "rotation_quaternion": {
          "w": 0.7784233093261719,
          "x": 0.08087539672851562,
          "y": 0.3626028597354889,
          "z": -0.5059996247291565
        },
        "matrix": [
          [
            0.22496601939201355,
            0.8464162945747375,
            0.4826691150665283,
            0.652158260345459
          ],
          [
            -0.7291128635406494,
            0.4748452305793762,
            -0.49286597967147827,
            0.24810506403446198
          ],
          [
            -0.646368145942688,
            -0.24104325473308563,
            0.7239618897438049,
            1.1515748500823975
          ],
          [
            0.0,
            0.0,
            0.0,
            1.0
          ]
        ]
      },
      "bone_length_armature_space": 0.030444901712723415,
      "parent": "thumb_02_l",
      "has_children": false,
      "is_end_bone": true
    },
    "metacarpal_index_l": {
      "name": "metacarpal_index_l",
      "local": {
        "location": {
          "x": 0.0,
          "y": 0.0,
          "z": 0.0
        },
        "rotation_quaternion": {
          "w": 0.9997603893280029,
          "x": -0.00883793830871582,
          "y": -0.012619645334780216,
          "z": 0.015550067648291588
        },
        "scale": {
          "x": 1.0,
          "y": 1.0,
          "z": 1.0
        },
        "matrix_basis": [
          [
            0.9991979002952576,
            -0.0308696199208498,
            -0.025508103892207146,
            0.0
          ],
          [
            0.031315747648477554,
            0.9993601441383362,
            0.017279168590903282,
            0.0
          ],
          [
            0.024958381429314613,
            -0.018064113333821297,
            0.999525249004364,
            0.0
          ],
          [
            0.0,
            0.0,
            0.0,
            1.0
          ]
        ],
        "rotation_mode": "QUATERNION"
      },
      "armature_space": {
        "head": {
          "x": 0.6209839582443237,
          "y": 0.16423915326595306,
          "z": 0.30327528715133667
        },
        "tail": {
          "x": 0.6964012980461121,
          "y": 0.1764533966779709,
          "z": 0.2144363522529602
        }
      },
      "world_space": {
        "head": {
          "x": 0.6209839582443237,
          "y": 0.22748315334320068,
          "z": 1.253129243850708
        },
        "tail": {
          "x": 0.6964012980461121,
          "y": 0.2396973967552185,
          "z": 1.164290428161621
        },
        "rotation_quaternion": {
          "w": 0.3028101325035095,
          "x": -0.6034294962882996,
          "y": -0.6785485744476318,
          "z": 0.2893974483013153
        },
        "matrix": [
          [
            -0.0883549153804779,
            0.6436479091644287,
            -0.7602042555809021,
            0.6209839582443237
          ],
          [
            0.9941776990890503,
            0.10424226522445679,
            -0.027288662269711494,
            0.22748315334320068
          ],
          [
            0.06168254837393761,
            -0.7581943273544312,
            -0.6491153836250305,
            1.253129243850708
          ],
          [
            0.0,
            0.0,
            0.0,
            1.0
          ]
        ]
      },
      "bone_length_armature_space": 0.11717217712758266,
      "parent": "lowerarm_l",
      "has_children": true,
      "is_end_bone": false
    },
    "index_01_l": {
      "name": "index_01_l",
      "local": {
        "location": {
          "x": 0.0,
          "y": 0.0,
          "z": 0.0
        },
        "rotation_quaternion": {
          "w": 0.9969866275787354,
          "x": -0.07681926339864731,
          "y": 0.0014094295911490917,
          "z": 0.010701279155910015
        },
        "scale": {
          "x": 1.0,
          "y": 1.0,
          "z": 1.0
        },
        "matrix_basis": [
          [
            0.999767005443573,
            -0.021554607897996902,
            0.0011662361212074757,
            0.0
          ],
          [
            0.021121522411704063,
            0.9879685640335083,
            0.1532057225704193,
            0.0
          ],
          [
            -0.004454493522644043,
            -0.15314538776874542,
            0.9881936311721802,
            0.0
          ],
          [
            0.0,
            0.0,
            0.0,
            1.0
          ]
        ],
        "rotation_mode": "QUATERNION"
      },
      "armature_space": {
        "head": {
          "x": 0.6964012980461121,
          "y": 0.1764533966779709,
          "z": 0.2144363522529602
        },
        "tail": {
          "x": 0.7184046506881714,
          "y": 0.18818849325180054,
          "z": 0.20060846209526062
        }
      },
      "world_space": {
        "head": {
          "x": 0.6964012980461121,
          "y": 0.2396973967552185,
          "z": 1.164290428161621
        },
        "tail": {
          "x": 0.7184046506881714,
          "y": 0.25143247842788696,
          "z": 1.1504625082015991
        },
        "rotation_quaternion": {
          "w": 0.2809135317802429,
          "x": -0.5293360948562622,
          "y": -0.7917469143867493,
          "z": 0.11843914538621902
        },
        "matrix": [
          [
            -0.28178057074546814,
            0.7716591358184814,
            -0.5702120065689087,
            0.6964012980461121
          ],
          [
            0.9047431349754333,
            0.41155004501342773,
            0.10984957218170166,
            0.2396973967552185
          ],
          [
            0.3194403052330017,
            -0.48494482040405273,
            -0.814125657081604,
            1.164290428161621
          ],
          [
            0.0,
            0.0,
            0.0,
            1.0
          ]
        ]
      },
      "bone_length_armature_space": 0.028514392045143885,
      "parent": "metacarpal_index_l",
      "has_children": true,
      "is_end_bone": false
    },
    "index_02_l": {
      "name": "index_02_l",
      "local": {
        "location": {
          "x": 0.0,
          "y": 0.0,
          "z": 0.0
        },
        "rotation_quaternion": {
          "w": 0.9975587725639343,
          "x": 0.06967870891094208,
          "y": -0.0028122274670749903,
          "z": 0.0036781735252588987
        },
        "scale": {
          "x": 1.0,
          "y": 1.0,
          "z": 1.0
        },
        "matrix_basis": [
          [
            0.9999571442604065,
            -0.007730293087661266,
            -0.005098143592476845,
            0.0
          ],
          [
            0.006946483626961708,
            0.9902626872062683,
            -0.13903790712356567,
            0.0
          ],
          [
            0.006123305298388004,
            0.13899652659893036,
            0.9902739524841309,
            0.0
          ],
          [
            0.0,
            0.0,
            0.0,
            1.0
          ]
        ],
        "rotation_mode": "QUATERNION"
      },
      "armature_space": {
        "head": {
          "x": 0.7184048295021057,
          "y": 0.18818846344947815,
          "z": 0.20060794055461884
        },
        "tail": {
          "x": 0.7364701628684998,
          "y": 0.1993071585893631,
          "z": 0.18618188798427582
        }
      },
      "world_space": {
        "head": {
          "x": 0.7184048295021057,
          "y": 0.25143247842788696,
          "z": 1.1504619121551514
        },
        "tail": {
          "x": 0.7364701628684998,
          "y": 0.2625511586666107,
          "z": 1.1360359191894531
        },
        "rotation_quaternion": {
          "w": 0.27992814779281616,
          "x": -0.5023351311683655,
          "y": -0.7989692091941833,
          "z": 0.1759200096130371
        },
        "matrix": [
          [
            -0.33859783411026,
            0.7042116522789001,
            -0.6240490078926086,
            0.7184048295021057
          ],
          [
            0.9011911749839783,
            0.4334222078323364,
            0.00012797117233276367,
            0.25143247842788696
          ],
          [
            0.2705696225166321,
            -0.5623475313186646,
            -0.7813907861709595,
            1.1504619121551514
          ],
          [
            0.0,
            0.0,
            0.0,
            1.0
          ]
        ]
      },
      "bone_length_armature_space": 0.025653316676836506,
      "parent": "index_01_l",
      "has_children": true,
      "is_end_bone": false
    },
    "index_03_l": {
      "name": "index_03_l",
      "local": {
        "location": {
          "x": 0.0,
          "y": 0.0,
          "z": 0.0
        },
        "rotation_quaternion": {
          "w": 0.9997344017028809,
          "x": 0.022203810513019562,
          "y": -0.0044628106988966465,
          "z": -0.004285919014364481
        },
        "scale": {
          "x": 1.0,
          "y": 1.0,
          "z": 1.0
        },
        "matrix_basis": [
          [
            0.9999234080314636,
            0.008371378295123577,
            -0.009113578125834465,
            0.0
          ],
          [
            -0.008767744526267052,
            0.9989772439002991,
            -0.04435757175087929,
            0.0
          ],
          [
            0.008732923306524754,
            0.0444340817630291,
            0.9989741444587708,
            0.0
          ],
          [
            0.0,
            0.0,
            0.0,
            1.0
          ]
        ],
        "rotation_mode": "QUATERNION"
      },
      "armature_space": {
        "head": {
          "x": 0.7364702224731445,
          "y": 0.1993071287870407,
          "z": 0.18618199229240417
        },
        "tail": {
          "x": 0.7533538341522217,
          "y": 0.2144794464111328,
          "z": 0.1677841693162918
        }
      },
      "world_space": {
        "head": {
          "x": 0.7364702224731445,
          "y": 0.26255112886428833,
          "z": 1.1360360383987427
        },
        "tail": {
          "x": 0.7533538341522217,
          "y": 0.27772343158721924,
          "z": 1.1176382303237915
        },
        "rotation_quaternion": {
          "w": 0.34565800428390503,
          "x": -0.4475635588169098,
          "y": -0.800096869468689,
          "z": 0.2001311033964157
        },
        "matrix": [
          [
            -0.36041346192359924,
            0.5778359770774841,
            -0.7322618365287781,
            0.7364702224731445
          ],
          [
            0.8545429706573486,
            0.5192678570747375,
            -0.010838838294148445,
            0.26255112886428833
          ],
          [
            0.37398049235343933,
            -0.6296595335006714,
            -0.6809418201446533,
            1.1360360383987427
          ],
          [
            0.0,
            0.0,
            0.0,
            1.0
          ]
        ]
      },
      "bone_length_armature_space": 0.029218751337120208,
      "parent": "index_02_l",
      "has_children": false,
      "is_end_bone": true
    },
    "metacarpal_pinky_l": {
      "name": "metacarpal_pinky_l",
      "local": {
        "location": {
          "x": 0.0,
          "y": 0.0,
          "z": 0.0
        },
        "rotation_quaternion": {
          "w": 0.9991858601570129,
          "x": -0.03865882754325867,
          "y": 0.003837396390736103,
          "z": -0.010885401628911495
        },
        "scale": {
          "x": 1.0,
          "y": 1.0,
          "z": 1.0
        },
        "matrix_basis": [
          [
            0.999733567237854,
            0.02145637944340706,
            0.008510177955031395,
            0.0
          ],
          [
            -0.02204977720975876,
            0.9967740178108215,
            0.07717116177082062,
            0.0
          ],
          [
            -0.0068269106559455395,
            -0.07733824849128723,
            0.9969815611839294,
            0.0
          ],
          [
            0.0,
            0.0,
            0.0,
            1.0
          ]
        ],
        "rotation_mode": "QUATERNION"
      },
      "armature_space": {
        "head": {
          "x": 0.6209839582443237,
          "y": 0.16423915326595306,
          "z": 0.30327528715133667
        },
        "tail": {
          "x": 0.6939552426338196,
          "y": 0.22689738869667053,
          "z": 0.2633707523345947
        }
      },
      "world_space": {
        "head": {
          "x": 0.6209839582443237,
          "y": 0.22748315334320068,
          "z": 1.253129243850708
        },
        "tail": {
          "x": 0.6939552426338196,
          "y": 0.29014140367507935,
          "z": 1.2132247686386108
        },
        "rotation_quaternion": {
          "w": 0.6519221663475037,
          "x": 0.112251415848732,
          "y": 0.6130759119987488,
          "z": -0.43189722299575806
        },
        "matrix": [
          [
            -0.12479529529809952,
            0.7007657289505005,
            0.7023912072181702,
            0.6209839582443237
          ],
          [
            -0.4254898130893707,
            0.6017265319824219,
            -0.675931990146637,
            0.22748315334320068
          ],
          [
            -0.8963241577148438,
            -0.3832155466079712,
            0.22307687997817993,
            1.253129243850708
          ],
          [
            0.0,
            0.0,
            0.0,
            1.0
          ]
        ]
      },
      "bone_length_armature_space": 0.10413085438616435,
      "parent": "lowerarm_l",
      "has_children": true,
      "is_end_bone": false
    },
    "pinky_01_l": {
      "name": "pinky_01_l",
      "local": {
        "location": {
          "x": 0.0,
          "y": 0.0,
          "z": 0.0
        },
        "rotation_quaternion": {
          "w": 0.9645528197288513,
          "x": 0.26194149255752563,
          "y": 0.017683204263448715,
          "z": 0.02667960524559021
        },
        "scale": {
          "x": 1.0,
          "y": 1.0,
          "z": 1.0
        },
        "matrix_basis": [
          [
            0.9979510307312012,
            -0.04220384731888771,
            0.04808976128697395,
            0.0
          ],
          [
            0.06073170527815819,
            0.8613497018814087,
            -0.5043692588806152,
            0.0
          ],
          [
            -0.020135777071118355,
            0.5062564015388489,
            0.8621479272842407,
            0.0
          ],
          [
            0.0,
            0.0,
            0.0,
            1.0
          ]
        ],
        "rotation_mode": "QUATERNION"
      },
      "armature_space": {
        "head": {
          "x": 0.6939552426338196,
          "y": 0.22689738869667053,
          "z": 0.2633707523345947
        },
        "tail": {
