{
  "metadata": {
    "armature_name": "KIM_caucasian_male",
    "export_time": "2026-01-13T21:08:12.940102",
    "blender_version": "4.4.1",
    "bone_count": 56,
    "end_bone_count": 13,
    "spaces_included": [
      "LOCAL_CHANNELS",
      "ARMATURE_SPACE",
      "WORLD_SPACE"
    ],
    "note": "LOCAL matches Transform panel; replay pose via local.matrix_basis for best fidelity."
  },
  "bones": {
    "Root": {
      "name": "Root",
      "local": {
        "location": {
          "x": 0.0,
          "y": 0.0,
          "z": 0.0
        },
        "rotation_quaternion": {
          "w": 0.9997009634971619,
          "x": -0.0004607004811987281,
          "y": 0.015354120172560215,
          "z": 0.019028734415769577
        },
        "scale": {
          "x": 1.0,
          "y": 1.0,
          "z": 1.0
        },
        "matrix_basis": [
          [
            0.9988043308258057,
            -0.03806023672223091,
            0.03068152442574501,
            0.0
          ],
          [
            0.038031939417123795,
            0.9992753863334656,
            0.0015054644318297505,
            0.0
          ],
          [
            -0.030716590583324432,
            -0.00033678647014312446,
            0.9995280504226685,
            0.0
          ],
          [
            0.0,
            0.0,
            0.0,
            1.0
          ]
        ],
        "rotation_mode": "QUATERNION"
      },
      "armature_space": {
        "head": {
          "x": 0.0,
          "y": 0.07072800397872925,
          "z": -0.009595036506652832
        },
        "tail": {
          "x": -0.00271658250130713,
          "y": 5.4486095905303955e-05,
          "z": 1.686718314886093e-05
        }
      },
      "world_space": {
        "head": {
          "x": 0.0,
          "y": 0.13397200405597687,
          "z": 0.9402589797973633
        },
        "tail": {
          "x": -0.00271658250130713,
          "y": 0.06329848617315292,
          "z": 0.9498708844184875
        },
        "rotation_quaternion": {
          "w": 0.0678071528673172,
          "x": 0.9973987936973572,
          "y": -0.017951132729649544,
          "z": 0.016601162031292915
        },
        "matrix": [
          [
            0.9988043308258057,
            -0.03806023672223091,
            0.03068152442574501,
            0.0
          ],
          [
            -0.03355751186609268,
            -0.990159809589386,
            -0.13585804402828217,
            0.13397200405597687
          ],
          [
            0.035550616681575775,
            0.13466601073741913,
            -0.9902601838111877,
            0.9402589797973633
          ],
          [
            0.0,
            0.0,
            0.0,
            1.0
          ]
        ]
      },
      "bone_length_armature_space": 0.07137586993596601,
      "parent": null,
      "has_children": true,
      "is_end_bone": false
    },
    "spine_01": {
      "name": "spine_01",
      "local": {
        "location": {
          "x": 0.0,
          "y": 0.0,
          "z": 0.0
        },
        "rotation_quaternion": {
          "w": 0.9982554316520691,
          "x": -0.035988759249448776,
          "y": -0.045295894145965576,
          "z": 0.011806139722466469
        },
        "scale": {
          "x": 1.0,
          "y": 1.0,
          "z": 1.0
        },
        "matrix_basis": [
          [
            0.9956178069114685,
            -0.02031080052256584,
            -0.09128352254629135,
            0.0
          ],
          [
            0.0268313717097044,
            0.9971308708190918,
            0.07078240811824799,
            0.0
          ],
          [
            0.08958397060632706,
            -0.07292148470878601,
            0.9933061599731445,
            0.0
          ],
          [
            0.0,
            0.0,
            0.0,
            1.0
          ]
        ],
        "rotation_mode": "QUATERNION"
      },
      "armature_space": {
        "head": {
          "x": -0.00271658250130713,
          "y": 5.4486095905303955e-05,
          "z": 1.686718314886093e-05
        },
        "tail": {
          "x": -0.027864305302500725,
          "y": 0.05937923118472099,
          "z": 0.4837489128112793
        }
      },
      "world_space": {
        "head": {
          "x": -0.00271658250130713,
          "y": 0.06329848617315292,
          "z": 0.9498708844184875
        },
        "tail": {
          "x": -0.027864305302500725,
          "y": 0.12262323498725891,
          "z": 1.4336029291152954
        },
        "rotation_quaternion": {
          "w": 0.7459994554519653,
          "x": 0.6623188853263855,
          "y": -0.06533035635948181,
          "z": -0.02346312440931797
        },
        "matrix": [
          [
            0.9903629422187805,
            -0.051532089710235596,
            -0.1285526156425476,
            -0.00271658250130713
          ],
          [
            -0.12154564261436462,
            0.12156679481267929,
            -0.985113263130188,
            0.06329848617315292
          ],
          [
            0.06639301776885986,
            0.9912517070770264,
            0.11413164436817169,
            0.9498708844184875
          ],
          [
            0.0,
            0.0,
            0.0,
            1.0
          ]
        ]
      },
      "bone_length_armature_space": 0.4880046338711283,
      "parent": "Root",
      "has_children": true,
      "is_end_bone": false
    },
    "neck_01": {
      "name": "neck_01",
      "local": {
        "location": {
          "x": 0.0,
          "y": 0.0,
          "z": 0.0
        },
        "rotation_quaternion": {
          "w": 0.9925695061683655,
          "x": 0.02391279861330986,
          "y": -0.11034803837537766,
          "z": 0.04535794258117676
        },
        "scale": {
          "x": 1.0,
          "y": 1.0,
          "z": 1.0
        },
        "matrix_basis": [
          [
            0.9715319275856018,
            -0.09531927853822708,
            -0.21688692271709442,
            0.0
          ],
          [
            0.08476436138153076,
            0.994741678237915,
            -0.057480547577142715,
            0.0
          ],
          [
            0.22122547030448914,
            0.03745990991592407,
            0.9745029807090759,
            0.0
          ],
          [
            0.0,
            0.0,
            0.0,
            1.0
          ]
        ],
        "rotation_mode": "QUATERNION"
      },
      "armature_space": {
        "head": {
          "x": -0.036095667630434036,
          "y": 0.034116003662347794,
          "z": 0.5602849721908569
        },
        "tail": {
          "x": -0.05600205808877945,
          "y": 0.004945691674947739,
          "z": 0.6565324664115906
        }
      },
      "world_space": {
        "head": {
          "x": -0.036095667630434036,
          "y": 0.09736000001430511,
          "z": 1.510138988494873
        },
        "tail": {
          "x": -0.05600205808877945,
          "y": 0.06818969547748566,
          "z": 1.606386423110962
        },
        "rotation_quaternion": {
          "w": 0.572982132434845,
          "x": 0.7983874082565308,
          "y": -0.1715419739484787,
          "z": -0.06958848237991333
        },
        "matrix": [
          [
            0.9314613342285156,
            -0.19416826963424683,
            -0.3076988458633423,
            -0.036095667630434036
          ],
          [
            -0.35366058349609375,
            -0.2845291793346405,
            -0.8910485506057739,
            0.09736000001430511
          ],
          [
            0.08546429872512817,
            0.9388044476509094,
            -0.3337007164955139,
            1.510138988494873
          ],
          [
            0.0,
            0.0,
            0.0,
            1.0
          ]
        ]
      },
      "bone_length_armature_space": 0.10252195482365381,
      "parent": "spine_01",
      "has_children": true,
      "is_end_bone": false
    },
    "head": {
      "name": "head",
      "local": {
        "location": {
          "x": 0.0,
          "y": 0.0,
          "z": 0.0
        },
        "rotation_quaternion": {
          "w": 0.9791526198387146,
          "x": 0.07518479973077774,
          "y": -0.054369986057281494,
          "z": -0.18069696426391602
        },
        "scale": {
          "x": 1.0,
          "y": 1.0,
          "z": 1.0
        },
        "matrix_basis": [
          [
            0.9287850260734558,
            0.3456842303276062,
            -0.13364435732364655,
            0.0
          ],
          [
            -0.3620353937149048,
            0.9233916997909546,
            -0.12758579850196838,
            0.0
          ],
          [
            0.07930169999599457,
            0.16688376665115356,
            0.9827823042869568,
            0.0
          ],
          [
            0.0,
            0.0,
            0.0,
            1.0
          ]
        ],
        "rotation_mode": "QUATERNION"
      },
      "armature_space": {
        "head": {
          "x": -0.056002091616392136,
          "y": 0.004945574328303337,
          "z": 0.656532347202301
        },
        "tail": {
          "x": -0.025519834831357002,
          "y": -0.030130604282021523,
          "z": 0.8044977784156799
        }
      },
      "world_space": {
        "head": {
          "x": -0.056002091616392136,
          "y": 0.0681895762681961,
          "z": 1.606386423110962
        },
        "tail": {
          "x": -0.025519834831357002,
          "y": 0.033113397657871246,
          "z": 1.7543518543243408
        },
        "rotation_quaternion": {
          "w": 0.6172090768814087,
          "x": 0.7413274049758911,
          "y": -0.07726601511240005,
          "z": -0.252025306224823
        },
        "matrix": [
          [
            0.8610272407531738,
            0.1965453326702118,
            -0.4690438508987427,
            -0.056002091616392136
          ],
          [
            -0.42566215991973877,
            -0.22616629302501678,
            -0.8761624693870544,
            0.0681895762681961
          ],
          [
            -0.27828988432884216,
            0.954060435295105,
            -0.11107497662305832,
            1.606386423110962
          ],
          [
            0.0,
            0.0,
            0.0,
            1.0
          ]
        ]
      },
      "bone_length_armature_space": 0.15509118549422854,
      "parent": "neck_01",
      "has_children": false,
      "is_end_bone": true
    },
    "upperarm_l": {
      "name": "upperarm_l",
      "local": {
        "location": {
          "x": 0.0,
          "y": 0.0,
          "z": 0.0
        },
        "rotation_quaternion": {
          "w": 0.810436487197876,
          "x": -0.212955504655838,
          "y": 0.5051498413085938,
          "z": -0.2065584808588028
        },
        "scale": {
          "x": 1.0,
          "y": 1.0,
          "z": 1.0
        },
        "matrix_basis": [
          [
            0.40431445837020874,
            0.11965618282556534,
            0.9067592620849609,
            0.0
          ],
          [
            -0.5499539375305176,
            0.8239670991897583,
            0.13648785650730133,
            0.0
          ],
          [
            -0.7308081984519958,
            -0.5538597702980042,
            0.39894717931747437,
            0.0
          ],
          [
            0.0,
            0.0,
            0.0,
            1.0
          ]
        ],
        "rotation_mode": "QUATERNION"
      },
      "armature_space": {
        "head": {
          "x": 0.11551215499639511,
          "y": 0.004572276026010513,
          "z": 0.5039881467819214
        },
        "tail": {
          "x": 0.3495420515537262,
          "y": 0.1298358291387558,
          "z": 0.46729084849357605
        }
      },
      "world_space": {
        "head": {
          "x": 0.11551215499639511,
          "y": 0.06781627237796783,
          "z": 1.4538421630859375
        },
        "tail": {
          "x": 0.3495420515537262,
          "y": 0.19307982921600342,
          "z": 1.4171448945999146
        },
        "rotation_quaternion": {
          "w": 0.1856347620487213,
          "x": 0.4803476929664612,
          "y": 0.836222231388092,
          "z": -0.18851594626903534
        },
        "matrix": [
          [
            -0.46961140632629395,
            0.8733454942703247,
            0.1293559968471527,
            0.11551215499639511
          ],
          [
            0.7333649396896362,
            0.4674546420574188,
            -0.49362167716026306,
            0.06781627237796783
          ],
          [
            -0.4915729761123657,
            -0.13694581389427185,
            -0.8600093126296997,
            1.4538421630859375
          ],
          [
            0.0,
            0.0,
            0.0,
            1.0
          ]
        ]
      },
      "bone_length_armature_space": 0.2679694739608605,
      "parent": "spine_01",
      "has_children": true,
      "is_end_bone": false
    },
    "lowerarm_l": {
      "name": "lowerarm_l",
      "local": {
        "location": {
          "x": 0.0,
          "y": 0.0,
          "z": 0.0
        },
        "rotation_quaternion": {
          "w": 0.9875478744506836,
          "x": 0.12477230280637741,
          "y": 0.05175045505166054,
          "z": 0.08064096421003342
        },
        "scale": {
          "x": 1.0,
          "y": 1.0,
          "z": 1.0
        },
        "matrix_basis": [
          [
            0.9816378355026245,
            -0.14635957777500153,
            0.12233562022447586,
            0.0
          ],
          [
            0.1721876710653305,
            0.9558578133583069,
            -0.23809082806110382,
            0.0
          ],
          [
            -0.08208858966827393,
            0.25478366017341614,
            0.9635075330734253,
            0.0
          ],
          [
            0.0,
            0.0,
            0.0,
            1.0
          ]
        ],
        "rotation_mode": "QUATERNION"
      },
      "armature_space": {
        "head": {
          "x": 0.34954220056533813,
          "y": 0.12983576953411102,
          "z": 0.46729084849357605
        },
        "tail": {
          "x": 0.6043761968612671,
          "y": 0.14993777871131897,
          "z": 0.3883923888206482
        }
      },
      "world_space": {
        "head": {
          "x": 0.34954220056533813,
          "y": 0.19307976961135864,
          "z": 1.4171448945999146
        },
        "tail": {
          "x": 0.6043761968612671,
          "y": 0.2131817787885666,
          "z": 1.3382463455200195
        },
        "rotation_quaternion": {
          "w": 0.13561448454856873,
          "x": 0.6011912822723389,
          "y": 0.7205416560173035,
          "z": -0.31780102849006653
        },
        "matrix": [
          [
            -0.2403542697429657,
            0.9525634050369263,
            -0.18668906390666962,
            0.34954220056533813
          ],
          [
            0.7801709771156311,
            0.0751408189535141,
            -0.6210373044013977,
            0.19307976961135864
          ],
          [
            -0.5775526762008667,
            -0.2949204742908478,
            -0.761228621006012,
            1.4171448945999146
          ],
          [
            0.0,
            0.0,
            0.0,
            1.0
          ]
        ]
      },
      "bone_length_armature_space": 0.2675246175746488,
      "parent": "upperarm_l",
      "has_children": true,
      "is_end_bone": false
    },
    "metacarpal_thumb_l": {
      "name": "metacarpal_thumb_l",
      "local": {
        "location": {
          "x": 0.0,
          "y": 0.0,
          "z": 0.0
        },
        "rotation_quaternion": {
          "w": 0.9996658563613892,
          "x": -0.022152015939354897,
          "y": 0.001042699906975031,
          "z": -0.013280471786856651
        },
        "scale": {
          "x": 1.0,
          "y": 1.0,
          "z": 1.0
        },
        "matrix_basis": [
          [
            0.9996450543403625,
            0.02650587260723114,
            0.0026730813551694155,
            0.0
          ],
          [
            -0.026598263531923294,
            0.9986658096313477,
            0.04426153376698494,
            0.0
          ],
          [
            -0.001496324548497796,
            -0.04431692138314247,
            0.9990164041519165,
            0.0
          ],
          [
            0.0,
            0.0,
            0.0,
            1.0
          ]
        ],
        "rotation_mode": "QUATERNION"
      },
      "armature_space": {
        "head": {
          "x": 0.6043761968612671,
          "y": 0.14993777871131897,
          "z": 0.3883923888206482
        },
        "tail": {
          "x": 0.6357082724571228,
          "y": 0.14091192185878754,
          "z": 0.351103812456131
        }
      },
      "world_space": {
        "head": {
          "x": 0.6043761968612671,
          "y": 0.2131817787885666,
          "z": 1.3382463455200195
        },
        "tail": {
          "x": 0.6357082724571228,
          "y": 0.20415592193603516,
          "z": 1.3009577989578247
        },
        "rotation_quaternion": {
          "w": 0.4975500702857971,
          "x": -0.7686874866485596,
          "y": -0.40166571736335754,
          "z": -0.01510404422879219
        },
        "matrix": [
          [
            0.6768713593482971,
            0.6325410604476929,
            -0.37647944688796997,
            0.6043761968612671
          ],
          [
            0.6024833917617798,
            -0.1822165548801422,
            0.7770528197288513,
            0.2131817787885666
          ],
          [
            0.4229206442832947,
            -0.7527927756309509,
            -0.5044354200363159,
            1.3382463455200195
          ],
          [
            0.0,
            0.0,
            0.0,
            1.0
          ]
        ]
      },
      "bone_length_armature_space": 0.049533857214113984,
      "parent": "lowerarm_l",
      "has_children": true,
      "is_end_bone": false
    },
    "thumb_01_l": {
      "name": "thumb_01_l",
      "local": {
        "location": {
          "x": 0.0,
          "y": 0.0,
          "z": 0.0
        },
        "rotation_quaternion": {
          "w": 0.9658585786819458,
          "x": 0.2590149939060211,
          "y": -0.005003626924008131,
          "z": -0.0019058958860114217
        },
        "scale": {
          "x": 1.0,
          "y": 1.0,
          "z": 1.0
        },
        "matrix_basis": [
          [
            0.9999426603317261,
            0.0010896229650825262,
            -0.010652903467416763,
            0.0
          ],
          [
            -0.006273680366575718,
            0.8658152222633362,
            -0.5003246068954468,
            0.0
          ],
          [
            0.008678280748426914,
            0.500362753868103,
            0.8657723665237427,
            0.0
          ],
          [
            0.0,
            0.0,
            0.0,
            1.0
          ]
        ],
        "rotation_mode": "QUATERNION"
      },
      "armature_space": {
        "head": {
          "x": 0.6357082724571228,
          "y": 0.14091192185878754,
          "z": 0.351103812456131
        },
        "tail": {
          "x": 0.6491826772689819,
          "y": 0.16325649619102478,
          "z": 0.32924535870552063
        }
      },
      "world_space": {
        "head": {
          "x": 0.6357082724571228,
          "y": 0.20415592193603516,
          "z": 1.3009577989578247
        },
        "tail": {
          "x": 0.6491826772689819,
          "y": 0.2265004962682724,
          "z": 1.2790993452072144
        },
        "rotation_quaternion": {
          "w": 0.8826711177825928,
          "x": -0.28922632336616516,
          "y": 0.22162143886089325,
          "z": -0.29685652256011963
        },
        "matrix": [
          [
            0.7255196571350098,
            0.3958563804626465,
            0.5629553198814392,
            0.6357082724571228
          ],
          [
            -0.6522514820098877,
            0.6564485430717468,
            0.3790033459663391,
            0.20415592193603516
          ],
          [
            -0.2195224016904831,
            -0.6421667337417603,
            0.7344697713851929,
            1.3009577989578247
          ],
          [
            0.0,
            0.0,
            0.0,
            1.0
          ]
        ]
      },
      "bone_length_armature_space": 0.03403867772619018,
      "parent": "metacarpal_thumb_l",
      "has_children": true,
      "is_end_bone": false
    },
    "thumb_02_l": {
      "name": "thumb_02_l",
      "local": {
        "location": {
          "x": 0.0,
          "y": 0.0,
          "z": 0.0
        },
        "rotation_quaternion": {
          "w": 0.8980779647827148,
          "x": 0.4396762251853943,
          "y": -0.004122942220419645,
          "z": -0.011124197393655777
        },
        "scale": {
          "x": 1.0,
          "y": 1.0,
          "z": 1.0
        },
        "matrix_basis": [
          [
            0.9997184872627258,
            0.016355274245142937,
            -0.017187537625432014,
            0.0
          ],
          [
            -0.0236063115298748,
            0.6131221652030945,
            -0.7896353006362915,
            0.0
          ],
          [
            -0.0023766430094838142,
            0.7898187637329102,
            0.6133356094360352,
            0.0
          ],
          [
            0.0,
            0.0,
            0.0,
            1.0
          ]
        ],
        "rotation_mode": "QUATERNION"
      },
      "armature_space": {
        "head": {
          "x": 0.6491826176643372,
          "y": 0.16325649619102478,
          "z": 0.32924535870552063
        },
        "tail": {
          "x": 0.6765076518058777,
          "y": 0.14749816060066223,
          "z": 0.3541090488433838
        }
      },
      "world_space": {
        "head": {
          "x": 0.6491826176643372,
          "y": 0.2265004962682724,
          "z": 1.2790993452072144
        },
        "tail": {
          "x": 0.6765076518058777,
          "y": 0.21074216067790985,
          "z": 1.3039630651474
        },
        "rotation_quaternion": {
          "w": 0.5478723049163818,
          "x": 0.4903979003429413,
          "y": -0.06051018089056015,
          "z": -0.6750440001487732
        },
        "matrix": [
          [
            0.0813102051615715,
            0.6803300976753235,
            -0.7283810973167419,
            0.6491826176643372
          ],
          [
            -0.7990241050720215,
            -0.3923459053039551,
            -0.4556591212749481,
            0.2265004962682724
          ],
          [
            -0.5957810878753662,
            0.6190478801727295,
            0.5117015838623047,
            1.2790993452072144
          ],
          [
            0.0,
            0.0,
            0.0,
            1.0
          ]
        ]
      },
      "bone_length_armature_space": 0.04016448321469476,
      "parent": "thumb_01_l",
      "has_children": true,
      "is_end_bone": false
    },
    "thumb_03_l": {
      "name": "thumb_03_l",
      "local": {
        "location": {
          "x": 0.0,
          "y": 0.0,
          "z": 0.0
        },
        "rotation_quaternion": {
          "w": 0.9876512289047241,
          "x": 0.15654978156089783,
          "y": 0.00580058665946126,
          "z": -0.0019338160054758191
        },
        "scale": {
          "x": 1.0,
          "y": 1.0,
          "z": 1.0
        },
        "matrix_basis": [
          [
            0.9999252557754517,
            0.005636032670736313,
            0.010852436535060406,
            0.0
          ],
          [
            -0.002003710251301527,
            0.9509768486022949,
            -0.30925559997558594,
            0.0
          ],
          [
            -0.012063389644026756,
            0.30921074748039246,
            0.9509170651435852,
            0.0
          ],
          [
            0.0,
            0.0,
            0.0,
            1.0
          ]
        ],
        "rotation_mode": "QUATERNION"
      },
      "armature_space": {
        "head": {
          "x": 0.6765077114105225,
          "y": 0.14749816060066223,
          "z": 0.3541089594364166
        },
        "tail": {
          "x": 0.6820780038833618,
          "y": 0.13069294393062592,
          "z": 0.3788769841194153
        }
      },
      "world_space": {
        "head": {
          "x": 0.6765077114105225,
          "y": 0.21074216067790985,
          "z": 1.3039629459381104
        },
        "tail": {
          "x": 0.6820780038833618,
          "y": 0.19393694400787354,
          "z": 1.3287310600280762
        },
        "rotation_quaternion": {
          "w": 0.4448396563529968,
          "x": 0.7417616844177246,
          "y": -0.16162940859794617,
          "z": -0.47516658902168274
        },
        "matrix": [
          [
            0.49618667364120483,
            0.18296287953853607,
            -0.8487184047698975,
            0.6765077114105225
          ],
          [
            -0.6625263690948486,
            -0.5519880056381226,
            -0.5063282251358032,
            0.21074216067790985
          ],
          [
            -0.5611262917518616,
            0.8135367631912231,
            -0.15267299115657806,
            1.3039629459381104
          ],
          [
            0.0,
            0.0,
            0.0,
            1.0
          ]
        ]
      },
      "bone_length_armature_space": 0.030445007524352106,
      "parent": "thumb_02_l",
      "has_children": false,
      "is_end_bone": true
    },
    "metacarpal_index_l": {
      "name": "metacarpal_index_l",
      "local": {
        "location": {
          "x": 0.0,
          "y": 0.0,
          "z": 0.0
        },
        "rotation_quaternion": {
          "w": 0.9984888434410095,
          "x": -0.05400296673178673,
          "y": -0.008606642484664917,
          "z": -0.00545228086411953
        },
        "scale": {
          "x": 1.0,
          "y": 1.0,
          "z": 1.0
        },
        "matrix_basis": [
          [
            0.9997923970222473,
            0.01181765180081129,
            -0.016598394140601158,
            0.0
          ],
          [
            -0.00995851494371891,
            0.9941079020500183,
            0.1079365685582161,
            0.0
          ],
          [
            0.01777615211904049,
            -0.10774886608123779,
            0.9940192103385925,
            0.0
          ],
          [
            0.0,
            0.0,
            0.0,
            1.0
          ]
        ],
        "rotation_mode": "QUATERNION"
      },
      "armature_space": {
        "head": {
          "x": 0.6043761968612671,
          "y": 0.14993777871131897,
          "z": 0.3883923888206482
        },
        "tail": {
          "x": 0.708498477935791,
          "y": 0.13859517872333527,
          "z": 0.33586475253105164
        }
      },
      "world_space": {
        "head": {
          "x": 0.6043761968612671,
          "y": 0.2131817787885666,
          "z": 1.3382463455200195
        },
        "tail": {
          "x": 0.708498477935791,
          "y": 0.20183917880058289,
          "z": 1.2857187986373901
        },
        "rotation_quaternion": {
          "w": 0.2376498132944107,
          "x": -0.7364038825035095,
          "y": -0.6285862326622009,
          "z": 0.07817493379116058
        },
        "matrix": [
          [
            0.19753438234329224,
            0.8886297345161438,
            -0.4139050543308258,
            0.6043761968612671
          ],
          [
            0.962943971157074,
            -0.09680326282978058,
            0.2517303228378296,
            0.2131817787885666
          ],
          [
            0.1836298704147339,
            -0.44829612970352173,
            -0.8748284578323364,
            1.3382463455200195
          ],
          [
            0.0,
            0.0,
            0.0,
            1.0
          ]
        ]
      },
      "bone_length_armature_space": 0.11717191154144484,
      "parent": "lowerarm_l",
      "has_children": true,
      "is_end_bone": false
    },
    "index_01_l": {
      "name": "index_01_l",
      "local": {
        "location": {
          "x": 0.0,
          "y": 0.0,
          "z": 0.0
        },
        "rotation_quaternion": {
          "w": 0.9460690021514893,
          "x": 0.3237299919128418,
          "y": 0.00694248965010047,
          "z": 0.010212925262749195
        },
        "scale": {
          "x": 1.0,
          "y": 1.0,
          "z": 1.0
        },
        "matrix_basis": [
          [
            0.9996950030326843,
            -0.014829279854893684,
            0.019748609513044357,
            0.0
          ],
          [
            0.023819249123334885,
            0.7901892066001892,
            -0.6123999953269958,
            0.0
          ],
          [
            -0.006523687858134508,
            0.6126836538314819,
            0.7903013825416565,
            0.0
          ],
          [
            0.0,
            0.0,
            0.0,
            1.0
          ]
        ],
        "rotation_mode": "QUATERNION"
      },
      "armature_space": {
        "head": {
          "x": 0.708498477935791,
          "y": 0.13859517872333527,
          "z": 0.33586475253105164
        },
        "tail": {
          "x": 0.7248405814170837,
          "y": 0.14798176288604736,
          "z": 0.31446605920791626
        }
      },
      "world_space": {
        "head": {
          "x": 0.708498477935791,
          "y": 0.20183917880058289,
          "z": 1.2857187986373901
        },
        "tail": {
          "x": 0.7248405814170837,
          "y": 0.21122576296329498,
          "z": 1.2643201351165771
        },
        "rotation_quaternion": {
          "w": 0.4079059064388275,
          "x": -0.5346410274505615,
          "y": -0.705838143825531,
          "z": 0.2226303368806839
        },
        "matrix": [
          [
            -0.09554170817136765,
            0.5731176137924194,
            -0.8138844966888428,
            0.708498477935791
          ],
          [
            0.9363649487495422,
            0.3291877806186676,
            0.12188653647899628,
            0.20183917880058289
          ],
          [
            0.3377794027328491,
            -0.7504526972770691,
            -0.568102240562439,
            1.2857187986373901
          ],
          [
            0.0,
            0.0,
            0.0,
            1.0
          ]
        ]
      },
      "bone_length_armature_space": 0.02851449411212228,
      "parent": "metacarpal_index_l",
      "has_children": true,
      "is_end_bone": false
    },
    "index_02_l": {
      "name": "index_02_l",
      "local": {
        "location": {
          "x": 0.0,
          "y": 0.0,
          "z": 0.0
        },
        "rotation_quaternion": {
          "w": 0.8868066668510437,
          "x": 0.46212512254714966,
          "y": 0.0017499111127108335,
          "z": -0.003360425354912877
        },
        "scale": {
          "x": 1.0,
          "y": 1.0,
          "z": 1.0
        },
        "matrix_basis": [
          [
            0.9999712705612183,
            0.007577450945973396,
            -2.2082756458985386e-06,
            0.0
          ],
          [
            -0.004342739470303059,
            0.5728581547737122,
            -0.8196430206298828,
            0.0
          ],
          [
            -0.006209539715200663,
            0.8196195363998413,
            0.5728746056556702,
            0.0
          ],
          [
            0.0,
            0.0,
            0.0,
            1.0
          ]
        ],
        "rotation_mode": "QUATERNION"
      },
      "armature_space": {
        "head": {
          "x": 0.7248405814170837,
          "y": 0.1479817032814026,
          "z": 0.3144655227661133
        },
        "tail": {
          "x": 0.7170965671539307,
          "y": 0.15489278733730316,
          "z": 0.2910056710243225
        }
      },
      "world_space": {
        "head": {
          "x": 0.7248405814170837,
          "y": 0.2112257033586502,
          "z": 1.2643195390701294
        },
        "tail": {
          "x": 0.7170965671539307,
          "y": 0.21813678741455078,
          "z": 1.2408597469329834
        },
        "rotation_quaternion": {
          "w": 0.5794767737388611,
          "x": -0.2874472439289093,
          "y": -0.5467262268066406,
          "z": 0.5316683053970337
        },
        "matrix": [
          [
            -0.1631619930267334,
            -0.30187153816223145,
            -0.9392825365066528,
            0.7248405814170837
          ],
          [
            0.9304893016815186,
            0.26940372586250305,
            -0.24821674823760986,
            0.2112257033586502
          ],
          [
            0.3279789984226227,
            -0.9144980907440186,
            0.236933171749115,
            1.2643195390701294
          ],
          [
            0.0,
            0.0,
            0.0,
            1.0
          ]
        ]
      },
      "bone_length_armature_space": 0.025653411195157027,
      "parent": "index_01_l",
      "has_children": true,
      "is_end_bone": false
    },
    "index_03_l": {
      "name": "index_03_l",
      "local": {
        "location": {
          "x": 0.0,
          "y": 0.0,
          "z": 0.0
        },
        "rotation_quaternion": {
          "w": 0.9352610111236572,
          "x": 0.3539384603500366,
          "y": 0.0004706361796706915,
          "z": -0.0037598281633108854
        },
        "scale": {
          "x": 1.0,
          "y": 1.0,
          "z": 1.0
        },
        "matrix_basis": [
          [
            0.9999712705612183,
            0.007365993689745665,
            -0.001781160244718194,
            0.0
          ],
          [
            -0.006699688732624054,
            0.7494268417358398,
            -0.6620532274246216,
            0.0
          ],
          [
            -0.00354183092713356,
            0.6620461344718933,
            0.74945467710495,
            0.0
          ],
          [
            0.0,
            0.0,
            0.0,
            1.0
          ]
        ],
        "rotation_mode": "QUATERNION"
      },
      "armature_space": {
        "head": {
          "x": 0.717096745967865,
          "y": 0.15489278733730316,
          "z": 0.2910056412220001
        },
        "tail": {
          "x": 0.6906815767288208,
          "y": 0.15825966000556946,
          "z": 0.2789791226387024
        }
      },
      "world_space": {
        "head": {
          "x": 0.717096745967865,
          "y": 0.21813678741455078,
          "z": 1.2408596277236938
        },
        "tail": {
          "x": 0.6906815767288208,
          "y": 0.22150366008281708,
          "z": 1.2288331985473633
        },
        "rotation_quaternion": {
          "w": 0.685359001159668,
          "x": -0.012612085789442062,
          "y": -0.29647794365882874,
          "z": 0.6649998426437378
        },
        "matrix": [
          [
            -0.06024985387921333,
            -0.9040499925613403,
            -0.42315873503685,
            0.717096745967865
          ],
          [
            0.9190052151679993,
            0.11523011326789856,
            -0.37703001499176025,
            0.21813678741455078
          ],
          [
            0.38961827754974365,
            -0.41160398721694946,
            0.8238895535469055,
            1.2408596277236938
          ],
          [
            0.0,
            0.0,
            0.0,
            1.0
          ]
        ]
      },
      "bone_length_armature_space": 0.029218729781602452,
      "parent": "index_02_l",
      "has_children": false,
      "is_end_bone": true
    },
    "metacarpal_pinky_l": {
      "name": "metacarpal_pinky_l",
      "local": {
        "location": {
          "x": 0.0,
          "y": 0.0,
          "z": 0.0
        },
        "rotation_quaternion": {
          "w": 0.9994104504585266,
          "x": 0.02939862757921219,
          "y": 0.017178162932395935,
          "z": -0.004407951142638922
        },
        "scale": {
          "x": 1.0,
          "y": 1.0,
          "z": 1.0
        },
        "matrix_basis": [
          [
            0.9993709325790405,
            0.009820734150707722,
            0.03407689556479454,
            0.0
          ],
          [
            -0.007800675928592682,
            0.9982326030731201,
            -0.05891403183341026,
            0.0
          ],
          [
            -0.034595247358083725,
            0.058611150830984116,
            0.9976812601089478,
            0.0
          ],
          [
            0.0,
            0.0,
            0.0,
            1.0
          ]
        ],
        "rotation_mode": "QUATERNION"
      },
      "armature_space": {
        "head": {
          "x": 0.6043761968612671,
          "y": 0.14993777871131897,
          "z": 0.3883923888206482
        },
        "tail": {
          "x": 0.7061424851417542,
          "y": 0.17155897617340088,
          "z": 0.38399240374565125
        }
      },
      "world_space": {
        "head": {
          "x": 0.6043761968612671,
          "y": 0.2131817787885666,
          "z": 1.3382463455200195
        },
        "tail": {
          "x": 0.7061424851417542,
          "y": 0.2348029762506485,
          "z": 1.3338464498519897
        },
        "rotation_quaternion": {
          "w": 0.6204840540885925,
          "x": 0.3568459153175354,
          "y": 0.46777990460395813,
          "z": -0.5185003280639648
        },
        "matrix": [
          [
            0.024677954614162445,
            0.9772932529449463,
            0.21044906973838806,
            0.6043761968612671
          ],
          [
            -0.30959221720695496,
            0.20763510465621948,
            -0.9279227256774902,
            0.2131817787885666
          ],
          [
            -0.9505561590194702,
            -0.04225437715649605,
            0.3076876103878021,
            1.3382463455200195
          ],
          [
            0.0,
            0.0,
            0.0,
            1.0
          ]
        ]
      },
      "bone_length_armature_space": 0.10413075362893905,
      "parent": "lowerarm_l",
      "has_children": true,
      "is_end_bone": false
    },
    "pinky_01_l": {
      "name": "pinky_01_l",
      "local": {
        "location": {
          "x": 0.0,
          "y": 0.0,
          "z": 0.0
        },
        "rotation_quaternion": {
          "w": 0.9399728775024414,
          "x": 0.3405874967575073,
          "y": -0.012468100525438786,
          "z": 0.01719774678349495
        },
        "scale": {
          "x": 1.0,
          "y": 1.0,
          "z": 1.0
        },
        "matrix_basis": [
          [
            0.9990975856781006,
            -0.040823791176080704,
            -0.011724677868187428,
            0.0
          ],
          [
            0.023837871849536896,
            0.7674087882041931,
            -0.6407148838043213,
            0.0
          ],
          [
            0.03515402600169182,
            0.6398571729660034,
            0.7676894068717957,
            0.0
          ],
          [
            0.0,
            0.0,
            0.0,
            1.0
          ]
        ],
        "rotation_mode": "QUATERNION"
      },
      "armature_space": {
        "head": {
          "x": 0.7061424851417542,
          "y": 0.17155897617340088,
          "z": 0.38399240374565125
        },
        "tail": {
          "x": 0.7186924815177917,
