{
  "metadata": {
    "armature_name": "KIM_caucasian_male",
    "export_time": "2026-01-13T21:05:21.944452",
    "blender_version": "4.4.1",
    "bone_count": 56,
    "end_bone_count": 13,
    "spaces_included": [
      "LOCAL_CHANNELS",
      "ARMATURE_SPACE",
      "WORLD_SPACE"
    ],
    "note": "LOCAL matches Transform panel; replay pose via local.matrix_basis for best fidelity."
  },
  "bones": {
    "Root": {
      "name": "Root",
      "local": {
        "location": {
          "x": 0.0,
          "y": 0.0,
          "z": 0.0
        },
        "rotation_quaternion": {
          "w": 0.9998246431350708,
          "x": -0.003068844322115183,
          "y": -0.017051832750439644,
          "z": 0.007114646956324577
        },
        "scale": {
          "x": 1.0,
          "y": 1.0,
          "z": 1.0
        },
        "matrix_basis": [
          [
            0.9993172287940979,
            -0.014122139662504196,
            -0.03414135426282883,
            0.0
          ],
          [
            0.014331457205116749,
            0.9998799562454224,
            0.005893976893275976,
            0.0
          ],
          [
            0.034054018557071686,
            -0.006379248108714819,
            0.9993996620178223,
            0.0
          ],
          [
            0.0,
            0.0,
            0.0,
            1.0
          ]
        ],
        "rotation_mode": "QUATERNION"
      },
      "armature_space": {
        "head": {
          "x": 0.0,
          "y": 0.07072800397872925,
          "z": -0.009595036506652832
        },
        "tail": {
          "x": -0.0010079799685627222,
          "y": 6.970018148422241e-05,
          "z": 0.00045004207640886307
        }
      },
      "world_space": {
        "head": {
          "x": 0.0,
          "y": 0.13397200405597687,
          "z": 0.9402589797973633
        },
        "tail": {
          "x": -0.0010079799685627222,
          "y": 0.06331370025873184,
          "z": 0.9503040313720703
        },
        "rotation_quaternion": {
          "w": 0.07041772454977036,
          "x": 0.9973465800285339,
          "y": -0.008247231133282185,
          "z": -0.01653379760682583
        },
        "matrix": [
          [
            0.9993172287940979,
            -0.014122139662504196,
            -0.03414135426282883,
            0.0
          ],
          [
            -0.018779244273900986,
            -0.9899466633796692,
            -0.14018946886062622,
            0.13397200405597687
          ],
          [
            -0.03181857988238335,
            0.1407349407672882,
            -0.9895429611206055,
            0.9402589797973633
          ],
          [
            0.0,
            0.0,
            0.0,
            1.0
          ]
        ]
      },
      "bone_length_armature_space": 0.07137587479875653,
      "parent": null,
      "has_children": true,
      "is_end_bone": false
    },
    "spine_01": {
      "name": "spine_01",
      "local": {
        "location": {
          "x": 0.0,
          "y": 0.0,
          "z": 0.0
        },
        "rotation_quaternion": {
          "w": 0.9935579895973206,
          "x": 0.09875456243753433,
          "y": 0.018853504210710526,
          "z": 0.05229537561535835
        },
        "scale": {
          "x": 1.0,
          "y": 1.0,
          "z": 1.0
        },
        "matrix_basis": [
          [
            0.9938194751739502,
            -0.10019323974847794,
            0.047792911529541016,
            0.0
          ],
          [
            0.10764071345329285,
            0.975025475025177,
            -0.19426487386226654,
            0.0
          ],
          [
            -0.02713528648018837,
            0.19820867478847504,
            0.9797841906547546,
            0.0
          ],
          [
            0.0,
            0.0,
            0.0,
            1.0
          ]
        ],
        "rotation_mode": "QUATERNION"
      },
      "armature_space": {
        "head": {
          "x": -0.0010079799685627222,
          "y": 6.970018148422241e-05,
          "z": 0.00045004207640886307
        },
        "tail": {
          "x": -0.035929374396800995,
          "y": -0.0705779418349266,
          "z": 0.48204928636550903
        }
      },
      "world_space": {
        "head": {
          "x": -0.0010079799685627222,
          "y": 0.06331370025873184,
          "z": 0.9503040313720703
        },
        "tail": {
          "x": -0.035929374396800995,
          "y": -0.007333941757678986,
          "z": 1.43190336227417
        },
        "rotation_quaternion": {
          "w": 0.6536465287208557,
          "x": 0.7558517456054688,
          "y": -0.019009023904800415,
          "z": 0.032757773995399475
        },
        "matrix": [
          [
            0.9971312284469604,
            -0.07156004756689072,
            0.02466919831931591,
            -0.0010079799685627222
          ],
          [
            0.014087561517953873,
            -0.14476940035820007,
            -0.98936527967453,
            0.06331370025873184
          ],
          [
            0.07437089830636978,
            0.9868811964988708,
            -0.14334788918495178,
            0.9503040313720703
          ],
          [
            0.0,
            0.0,
            0.0,
            1.0
          ]
        ]
      },
      "bone_length_armature_space": 0.48800452747615664,
      "parent": "Root",
      "has_children": true,
      "is_end_bone": false
    },
    "neck_01": {
      "name": "neck_01",
      "local": {
        "location": {
          "x": 0.0,
          "y": 0.0,
          "z": 0.0
        },
        "rotation_quaternion": {
          "w": 0.9925912618637085,
          "x": -0.0864509865641594,
          "y": 0.032133907079696655,
          "z": -0.07909733802080154
        },
        "scale": {
          "x": 1.0,
          "y": 1.0,
          "z": 1.0
        },
        "matrix_basis": [
          [
            0.9854220747947693,
            0.15146663784980774,
            0.07746775448322296,
            0.0
          ],
          [
            -0.16257867217063904,
            0.9725396633148193,
            0.1665375679731369,
            0.0
          ],
          [
            -0.05011558532714844,
            -0.17670440673828125,
            0.9829872846603394,
            0.0
          ],
          [
            0.0,
            0.0,
            0.0,
            1.0
          ]
        ],
        "rotation_mode": "QUATERNION"
      },
      "armature_space": {
        "head": {
          "x": -0.04031335189938545,
          "y": -0.11548936367034912,
          "z": 0.5493358373641968
        },
        "tail": {
          "x": -0.03136802092194557,
          "y": -0.15053805708885193,
          "z": 0.6452645659446716
        }
      },
      "world_space": {
        "head": {
          "x": -0.04031335189938545,
          "y": -0.0522453635931015,
          "z": 1.499189853668213
        },
        "tail": {
          "x": -0.03136802092194557,
          "y": -0.08729405701160431,
          "z": 1.595118522644043
        },
        "rotation_quaternion": {
          "w": 0.5694905519485474,
          "x": 0.8187978863716125,
          "y": 0.06889557093381882,
          "z": 0.02244977094233036
        },
        "matrix": [
          [
            0.9894988536834717,
            0.08725334703922272,
            0.11523477733135223,
            -0.04031335189938545
          ],
          [
            0.1383933573961258,
            -0.3418673276901245,
            -0.9295023083686829,
            -0.0522453635931015
          ],
          [
            -0.04170731455087662,
            0.9356951117515564,
            -0.35035601258277893,
            1.499189853668213
          ],
          [
            0.0,
            0.0,
            0.0,
            1.0
          ]
        ]
      },
      "bone_length_armature_space": 0.10252195312037977,
      "parent": "spine_01",
      "has_children": true,
      "is_end_bone": false
    },
    "head": {
      "name": "head",
      "local": {
        "location": {
          "x": 0.0,
          "y": 0.0,
          "z": 0.0
        },
        "rotation_quaternion": {
          "w": 0.9840552806854248,
          "x": -0.1397753655910492,
          "y": -0.10380151867866516,
          "z": -0.03637870028614998
        },
        "scale": {
          "x": 1.0,
          "y": 1.0,
          "z": 1.0
        },
        "matrix_basis": [
          [
            0.9758036732673645,
            0.10061509162187576,
            -0.19412317872047424,
            0.0
          ],
          [
            -0.04257951304316521,
            0.9582788944244385,
            0.28264570236206055,
            0.0
          ],
          [
            0.21446256339550018,
            -0.2675410509109497,
            0.939376175403595,
            0.0
          ],
          [
            0.0,
            0.0,
            0.0,
            1.0
          ]
        ],
        "rotation_mode": "QUATERNION"
      },
      "armature_space": {
        "head": {
          "x": -0.031368009746074677,
          "y": -0.15053817629814148,
          "z": 0.6452644467353821
        },
        "tail": {
          "x": -0.015756916254758835,
          "y": -0.10476697981357574,
          "z": 0.7926231622695923
        }
      },
      "world_space": {
        "head": {
          "x": -0.031368009746074677,
          "y": -0.08729417622089386,
          "z": 1.595118522644043
        },
        "tail": {
          "x": -0.015756916254758835,
          "y": -0.041522979736328125,
          "z": 1.7424771785736084
        },
        "rotation_quaternion": {
          "w": 0.8046701550483704,
          "x": 0.5909740328788757,
          "y": 0.008297709748148918,
          "z": -0.056452080607414246
        },
        "matrix": [
          [
            0.9934887290000916,
            0.10065815597772598,
            -0.053370147943496704,
            -0.031368009746074677
          ],
          [
            -0.08104375004768372,
            0.2951262593269348,
            -0.9520151615142822,
            -0.08729417622089386
          ],
          [
            -0.08007780462503433,
            0.9501485228538513,
            0.3013633191585541,
            1.595118522644043
          ],
          [
            0.0,
            0.0,
            0.0,
            1.0
          ]
        ]
      },
      "bone_length_armature_space": 0.15509126079128102,
      "parent": "neck_01",
      "has_children": false,
      "is_end_bone": true
    },
    "upperarm_l": {
      "name": "upperarm_l",
      "local": {
        "location": {
          "x": 0.0,
          "y": 0.0,
          "z": 0.0
        },
        "rotation_quaternion": {
          "w": 0.9402388334274292,
          "x": -0.11255743354558945,
          "y": 0.2568015456199646,
          "z": -0.19322209060192108
        },
        "scale": {
          "x": 1.0,
          "y": 1.0,
          "z": 1.0
        },
        "matrix_basis": [
          [
            0.7934364080429077,
            0.30553996562957764,
            0.5264067649841309,
            0.0
          ],
          [
            -0.42115968465805054,
            0.8999921083450317,
            0.11242228001356125,
            0.0
          ],
          [
            -0.4394124150276184,
            -0.3109011948108673,
            0.842767596244812,
            0.0
          ],
          [
            0.0,
            0.0,
            0.0,
            1.0
          ]
        ],
        "rotation_mode": "QUATERNION"
      },
      "armature_space": {
        "head": {
          "x": 0.11414440721273422,
          "y": -0.10680180788040161,
          "z": 0.4937082529067993
        },
        "tail": {
          "x": 0.35305845737457275,
          "y": 0.002451881766319275,
          "z": 0.4408749043941498
        }
      },
      "world_space": {
        "head": {
          "x": 0.11414440721273422,
          "y": -0.04355780780315399,
          "z": 1.4435622692108154
        },
        "tail": {
          "x": 0.35305845737457275,
          "y": 0.0656958818435669,
          "z": 1.3907289505004883
        },
        "rotation_quaternion": {
          "w": 0.2945132255554199,
          "x": 0.45628949999809265,
          "y": 0.785568356513977,
          "z": -0.29655399918556213
        },
        "matrix": [
          [
            -0.4101230800151825,
            0.8915719985961914,
            0.19208982586860657,
            0.11414440721273422
          ],
          [
            0.5422157049179077,
            0.407709538936615,
            -0.7346941232681274,
            -0.04355780780315399
          ],
          [
            -0.7333540916442871,
            -0.19716189801692963,
            -0.6506406664848328,
            1.4435622692108154
          ],
          [
            0.0,
            0.0,
            0.0,
            1.0
          ]
        ]
      },
      "bone_length_armature_space": 0.26796949437930534,
      "parent": "spine_01",
      "has_children": true,
      "is_end_bone": false
    },
    "lowerarm_l": {
      "name": "lowerarm_l",
      "local": {
        "location": {
          "x": 0.0,
          "y": 0.0,
          "z": 0.0
        },
        "rotation_quaternion": {
          "w": 0.843706488609314,
          "x": 0.42510148882865906,
          "y": -0.26464003324508667,
          "z": 0.19342654943466187
        },
        "scale": {
          "x": 1.0,
          "y": 1.0,
          "z": 1.0
        },
        "matrix_basis": [
          [
            0.7851036190986633,
            -0.5513882040977478,
            -0.2821052074432373,
            0.0
          ],
          [
            0.1013927236199379,
            0.5637497901916504,
            -0.8196985721588135,
            0.0
          ],
          [
            0.611008882522583,
            0.6149449348449707,
            0.4985087513923645,
            0.0
          ],
          [
            0.0,
            0.0,
            0.0,
            1.0
          ]
        ],
        "rotation_mode": "QUATERNION"
      },
      "armature_space": {
        "head": {
          "x": 0.3530585765838623,
          "y": 0.0024518147110939026,
          "z": 0.44087493419647217
        },
        "tail": {
          "x": 0.5646272897720337,
          "y": -0.16121459007263184,
          "z": 0.44549551606178284
        }
      },
      "world_space": {
        "head": {
          "x": 0.3530585765838623,
          "y": 0.06569581478834152,
          "z": 1.3907289505004883
        },
        "tail": {
          "x": 0.5646272897720337,
          "y": -0.09797058999538422,
          "z": 1.3953495025634766
        },
        "rotation_quaternion": {
          "w": 0.33996737003326416,
          "x": 0.5859901905059814,
          "y": 0.2802351713180542,
          "z": -0.6800779700279236
        },
        "matrix": [
          [
            -0.08207524567842484,
            0.7908386588096619,
            -0.6064962148666382,
            0.3530585765838623
          ],
          [
            -0.13397935032844543,
            -0.6117810010910034,
            -0.779598593711853,
            0.06569581478834152
          ],
          [
            -0.9875867366790771,
            0.017271578311920166,
            0.1561683714389801,
            1.3907289505004883
          ],
          [
            0.0,
            0.0,
            0.0,
            1.0
          ]
        ]
      },
      "bone_length_armature_space": 0.26752449832789105,
      "parent": "upperarm_l",
      "has_children": true,
      "is_end_bone": false
    },
    "metacarpal_thumb_l": {
      "name": "metacarpal_thumb_l",
      "local": {
        "location": {
          "x": 0.0,
          "y": 0.0,
          "z": 0.0
        },
        "rotation_quaternion": {
          "w": 0.9999186992645264,
          "x": 0.005418168380856514,
          "y": -0.007590700406581163,
          "z": 0.008693425916135311
        },
        "scale": {
          "x": 1.0,
          "y": 1.0,
          "z": 1.0
        },
        "matrix_basis": [
          [
            0.9997336268424988,
            -0.017467694357037544,
            -0.015085961669683456,
            0.0
          ],
          [
            0.017303183674812317,
            0.9997901320457458,
            -0.010967434383928776,
            0.0
          ],
          [
            0.015274371020495892,
            0.010703477077186108,
            0.9998260736465454,
            0.0
          ],
          [
            0.0,
            0.0,
            0.0,
            1.0
          ]
        ],
        "rotation_mode": "QUATERNION"
      },
      "armature_space": {
        "head": {
          "x": 0.5646272897720337,
          "y": -0.16121459007263184,
          "z": 0.44549551606178284
        },
        "tail": {
          "x": 0.5761640667915344,
          "y": -0.2092144936323166,
          "z": 0.4414339065551758
        }
      },
      "world_space": {
        "head": {
          "x": 0.5646272897720337,
          "y": -0.09797058999538422,
          "z": 1.3953495025634766
        },
        "tail": {
          "x": 0.5761640667915344,
          "y": -0.14597049355506897,
          "z": 1.391287922859192
        },
        "rotation_quaternion": {
          "w": 0.028638051822781563,
          "x": -0.9866323471069336,
          "y": -0.12108641117811203,
          "z": 0.10523582249879837
        },
        "matrix": [
          [
            0.948526918888092,
            0.23290812969207764,
            -0.2145935297012329,
            0.5646272897720337
          ],
          [
            0.24496302008628845,
            -0.9690359234809875,
            0.031024422496557236,
            -0.09797058999538422
          ],
          [
            -0.200724259018898,
            -0.08199671655893326,
            -0.9762175679206848,
            1.3953495025634766
          ],
          [
            0.0,
            0.0,
            0.0,
            1.0
          ]
        ]
      },
      "bone_length_armature_space": 0.049533672079082484,
      "parent": "lowerarm_l",
      "has_children": true,
      "is_end_bone": false
    },
    "thumb_01_l": {
      "name": "thumb_01_l",
      "local": {
        "location": {
          "x": 0.0,
          "y": 0.0,
          "z": 0.0
        },
        "rotation_quaternion": {
          "w": 0.9613199830055237,
          "x": 0.2750163674354553,
          "y": -0.00241636554710567,
          "z": 0.014969431795179844
        },
        "scale": {
          "x": 1.0,
          "y": 1.0,
          "z": 1.0
        },
        "matrix_basis": [
          [
            0.9995401501655579,
            -0.030109908431768417,
            0.003587876446545124,
            0.0
          ],
          [
            0.02745174802839756,
            0.8482838273048401,
            -0.52882981300354,
            0.0
          ],
          [
            0.012879478745162487,
            0.5286850929260254,
            0.8487203121185303,
            0.0
          ],
          [
            0.0,
            0.0,
            0.0,
            1.0
          ]
        ],
        "rotation_mode": "QUATERNION"
      },
      "armature_space": {
        "head": {
          "x": 0.5761640667915344,
          "y": -0.2092144936323166,
          "z": 0.4414339065551758
        },
        "tail": {
          "x": 0.5893295407295227,
          "y": -0.22414672374725342,
          "z": 0.4138234853744507
        }
      },
      "world_space": {
        "head": {
          "x": 0.5761640667915344,
          "y": -0.14597049355506897,
          "z": 1.391287922859192
        },
        "tail": {
          "x": 0.5893295407295227,
          "y": -0.1609027236700058,
          "z": 1.3636775016784668
        },
        "rotation_quaternion": {
          "w": 0.5088744163513184,
          "x": -0.6338563561439514,
          "y": 0.1473189890384674,
          "z": -0.5635336637496948
        },
        "matrix": [
          [
            0.3214544653892517,
            0.3867807984352112,
            0.8643307089805603,
            0.5761640667915344
          ],
          [
            -0.7602938413619995,
            -0.43868568539619446,
            0.47907015681266785,
            -0.14597049355506897
          ],
          [
            0.56446772813797,
            -0.8111510276794434,
            0.1530512124300003,
            1.391287922859192
          ],
          [
            0.0,
            0.0,
            0.0,
            1.0
          ]
        ]
      },
      "bone_length_armature_space": 0.034038751258033455,
      "parent": "metacarpal_thumb_l",
      "has_children": true,
      "is_end_bone": false
    },
    "thumb_02_l": {
      "name": "thumb_02_l",
      "local": {
        "location": {
          "x": 0.0,
          "y": 0.0,
          "z": 0.0
        },
        "rotation_quaternion": {
          "w": 0.8861286044120789,
          "x": 0.46338531374931335,
          "y": -0.005298155825585127,
          "z": -0.004702593665570021
        },
        "scale": {
          "x": 1.0,
          "y": 1.0,
          "z": 1.0
        },
        "matrix_basis": [
          [
            0.9998996257781982,
            0.003424030262976885,
            -0.013747920282185078,
            0.0
          ],
          [
            -0.013244381174445152,
            0.5705038905143738,
            -0.8211881518363953,
            0.0
          ],
          [
            0.005031469278037548,
            0.8212878108024597,
            0.5704919695854187,
            0.0
          ],
          [
            0.0,
            0.0,
            0.0,
            1.0
          ]
        ],
        "rotation_mode": "QUATERNION"
      },
      "armature_space": {
        "head": {
          "x": 0.5893294811248779,
          "y": -0.22414670884609222,
          "z": 0.4138234853744507
        },
        "tail": {
          "x": 0.6139630675315857,
          "y": -0.22123046219348907,
          "z": 0.44541266560554504
        }
      },
      "world_space": {
        "head": {
          "x": 0.5893294811248779,
          "y": -0.1609027087688446,
          "z": 1.3636775016784668
        },
        "tail": {
          "x": 0.6139630675315857,
          "y": -0.15798646211624146,
          "z": 1.3952666521072388
        },
        "rotation_quaternion": {
          "w": 0.5353149175643921,
          "x": 0.10676832497119904,
          "y": -0.4997406303882599,
          "z": -0.6725309491157532
        },
        "matrix": [
          [
            -0.40407347679138184,
            0.6133184432983398,
            -0.6786495447158813,
            0.5893294811248779
          ],
          [
            -0.82674640417099,
            0.0726078599691391,
            0.5578697919845581,
            -0.1609027087688446
          ],
          [
            0.3914288282394409,
            0.7864971160888672,
            0.4777240455150604,
            1.3636775016784668
          ],
          [
            0.0,
            0.0,
            0.0,
            1.0
          ]
        ]
      },
      "bone_length_armature_space": 0.04016459089929345,
      "parent": "thumb_01_l",
      "has_children": true,
      "is_end_bone": false
    },
    "thumb_03_l": {
      "name": "thumb_03_l",
      "local": {
        "location": {
          "x": 0.0,
          "y": 0.0,
          "z": 0.0
        },
        "rotation_quaternion": {
          "w": 0.9877113103866577,
          "x": 0.15611954033374786,
          "y": 0.0072614592500030994,
          "z": 0.00060007389402017
        },
        "scale": {
          "x": 1.0,
          "y": 1.0,
          "z": 1.0
        },
        "matrix_basis": [
          [
            0.999893844127655,
            0.0010819118469953537,
            0.01453181728720665,
            0.0
          ],
          [
            0.003452710807323456,
            0.9512526392936707,
            -0.30839335918426514,
            0.0
          ],
          [
            -0.014157084748148918,
            0.30841079354286194,
            0.9511479139328003,
            0.0
          ],
          [
            0.0,
            0.0,
            0.0,
            1.0
          ]
        ],
        "rotation_mode": "QUATERNION"
      },
      "armature_space": {
        "head": {
          "x": 0.6139630675315857,
          "y": -0.22123053669929504,
          "z": 0.44541263580322266
        },
        "tail": {
          "x": 0.619067907333374,
          "y": -0.2094345986843109,
          "z": 0.4730115234851837
        }
      },
      "world_space": {
        "head": {
          "x": 0.6139630675315857,
          "y": -0.15798653662204742,
          "z": 1.3952666521072388
        },
        "tail": {
          "x": 0.619067907333374,
          "y": -0.1461905986070633,
          "z": 1.4228655099868774
        },
        "rotation_quaternion": {
          "w": 0.6285723447799683,
          "x": 0.34464704990386963,
          "y": -0.5464641451835632,
          "z": -0.43300357460975647
        },
        "matrix": [
          [
            0.027769971638917923,
            0.16767564415931702,
            -0.9854511618614197,
            0.6139630675315857
          ],
          [
            -0.9210228323936462,
            0.3874523937702179,
            0.03997119516134262,
            -0.15798653662204742
          ],
          [
            0.3885191082954407,
            0.9065199494361877,
            0.16519391536712646,
            1.3952666521072388
          ],
          [
            0.0,
            0.0,
            0.0,
            1.0
          ]
        ]
      },
      "bone_length_armature_space": 0.03044506724114227,
      "parent": "thumb_02_l",
      "has_children": false,
      "is_end_bone": true
    },
    "metacarpal_index_l": {
      "name": "metacarpal_index_l",
      "local": {
        "location": {
          "x": 0.0,
          "y": 0.0,
          "z": 0.0
        },
        "rotation_quaternion": {
          "w": 0.9993487596511841,
          "x": -0.03604637458920479,
          "y": 0.0008245022036135197,
          "z": 0.001475899713113904
        },
        "scale": {
          "x": 1.0,
          "y": 1.0,
          "z": 1.0
        },
        "matrix_basis": [
          [
            0.9999942779541016,
            -0.0030093176756054163,
            0.0015415288507938385,
            0.0
          ],
          [
            0.0028904364444315434,
            0.9973969459533691,
            0.07204823195934296,
            0.0
          ],
          [
            -0.001754332217387855,
            -0.07204336673021317,
            0.9973999857902527,
            0.0
          ],
          [
            0.0,
            0.0,
            0.0,
            1.0
          ]
        ],
        "rotation_mode": "QUATERNION"
      },
      "armature_space": {
        "head": {
          "x": 0.5646272897720337,
          "y": -0.16121459007263184,
          "z": 0.44549551606178284
        },
        "tail": {
          "x": 0.6349945664405823,
          "y": -0.2545638084411621,
          "z": 0.4534696340560913
        }
      },
      "world_space": {
        "head": {
          "x": 0.5646272897720337,
          "y": -0.09797058999538422,
          "z": 1.3953495025634766
        },
        "tail": {
          "x": 0.6349945664405823,
          "y": -0.1913198083639145,
          "z": 1.4033236503601074
        },
        "rotation_quaternion": {
          "w": 0.14887548983097076,
          "x": 0.8826432228088379,
          "y": 0.28194355964660645,
          "z": -0.34537649154663086
        },
        "matrix": [
          [
            0.6024453043937683,
            0.6005481481552124,
            -0.5257386565208435,
            0.5646272897720337
          ],
          [
            0.3948751389980316,
            -0.7966871857643127,
            -0.4575626254081726,
            -0.09797058999538422
          ],
          [
            -0.693642258644104,
            0.06805485486984253,
            -0.7171077728271484,
            1.3953495025634766
          ],
          [
            0.0,
            0.0,
            0.0,
            1.0
          ]
        ]
      },
      "bone_length_armature_space": 0.11717173767130679,
      "parent": "lowerarm_l",
      "has_children": true,
      "is_end_bone": false
    },
    "index_01_l": {
      "name": "index_01_l",
      "local": {
        "location": {
          "x": 0.0,
          "y": 0.0,
          "z": 0.0
        },
        "rotation_quaternion": {
          "w": 0.9432756900787354,
          "x": 0.3316246271133423,
          "y": -0.01596160978078842,
          "z": 0.0011375381145626307
        },
        "scale": {
          "x": 1.0,
          "y": 1.0,
          "z": 1.0
        },
        "matrix_basis": [
          [
            0.9994878768920898,
            -0.01273254957050085,
            -0.029357925057411194,
            0.0
          ],
          [
            -0.008440501987934113,
            0.7800476551055908,
            -0.6256632208824158,
            0.0
          ],
          [
            0.030866868793964386,
            0.6255905628204346,
            0.7795406579971313,
            0.0
          ],
          [
            0.0,
            0.0,
            0.0,
            1.0
          ]
        ],
        "rotation_mode": "QUATERNION"
      },
      "armature_space": {
        "head": {
          "x": 0.6349945664405823,
          "y": -0.2545638084411621,
          "z": 0.4534696340560913
        },
        "tail": {
          "x": 0.6460534930229187,
          "y": -0.2763093411922455,
          "z": 0.43870800733566284
        }
      },
      "world_space": {
        "head": {
          "x": 0.6349945664405823,
          "y": -0.1913198083639145,
          "z": 1.4033236503601074
        },
        "tail": {
          "x": 0.6460534930229187,
          "y": -0.21306534111499786,
          "z": 1.3885619640350342
        },
        "rotation_quaternion": {
          "w": 0.132203608751297,
          "x": -0.8080863356590271,
          "y": -0.31814131140708923,
          "z": 0.4778127074241638
        },
        "matrix": [
          [
            0.34096163511276245,
            0.3878365755081177,
            -0.8563454747200012,
            0.6349945664405823
          ],
          [
            0.6405087113380432,
            -0.7626162767410278,
            -0.09036248922348022,
            -0.1913198083639145
          ],
          [
            -0.6881132125854492,
            -0.5176912546157837,
            -0.508439302444458,
            1.4033236503601074
          ],
          [
            0.0,
            0.0,
            0.0,
            1.0
          ]
        ]
      },
      "bone_length_armature_space": 0.028514446395855358,
      "parent": "metacarpal_index_l",
      "has_children": true,
      "is_end_bone": false
    },
    "index_02_l": {
      "name": "index_02_l",
      "local": {
        "location": {
          "x": 0.0,
          "y": 0.0,
          "z": 0.0
        },
        "rotation_quaternion": {
          "w": 0.9083790183067322,
          "x": 0.4181189239025116,
          "y": -0.0021351631730794907,
          "z": 0.004424890503287315
        },
        "scale": {
          "x": 1.0,
          "y": 1.0,
          "z": 1.0
        },
        "matrix_basis": [
          [
            0.9999517202377319,
            -0.009824459441006184,
            -0.0001788139488780871,
            0.0
          ],
          [
            0.006253451108932495,
            0.6503139734268188,
            -0.7596397995948792,
            0.0
          ],
          [
            0.007579335942864418,
            0.7596020102500916,
            0.6503440141677856,
            0.0
          ],
          [
            0.0,
            0.0,
            0.0,
            1.0
          ]
        ],
        "rotation_mode": "QUATERNION"
      },
      "armature_space": {
        "head": {
          "x": 0.6460532546043396,
          "y": -0.2763098180294037,
          "z": 0.43870779871940613
        },
        "tail": {
          "x": 0.6363227367401123,
          "y": -0.2919074594974518,
          "z": 0.42081573605537415
        }
      },
      "world_space": {
        "head": {
          "x": 0.6460532546043396,
          "y": -0.21306581795215607,
          "z": 1.3885618448257446
        },
        "tail": {
          "x": 0.6363227367401123,
          "y": -0.22866345942020416,
          "z": 1.3706697225570679
        },
        "rotation_quaternion": {
          "w": 0.43110930919647217,
          "x": -0.6696560978889465,
          "y": -0.10067334771156311,
          "z": 0.5962972640991211
        },
        "matrix": [
          [
            0.268589049577713,
            -0.3793090581893921,
            -0.885428786277771,
            0.6460532546043396
          ],
          [
            0.6489718556404114,
            -0.6080173254013062,
            0.4573300778865814,
            -0.21306581795215607
          ],
          [
            -0.7118300199508667,
            -0.6974579095840454,
            0.08285528421401978,
            1.3885618448257446
          ],
          [
            0.0,
            0.0,
            0.0,
            1.0
          ]
        ]
      },
      "bone_length_armature_space": 0.025653367871348913,
      "parent": "index_01_l",
      "has_children": true,
      "is_end_bone": false
    },
    "index_03_l": {
      "name": "index_03_l",
      "local": {
        "location": {
          "x": 0.0,
          "y": 0.0,
          "z": 0.0
        },
        "rotation_quaternion": {
          "w": 0.9358632564544678,
          "x": 0.35231813788414,
          "y": -0.002928747795522213,
          "z": 0.004823006223887205
        },
        "scale": {
          "x": 1.0,
          "y": 1.0,
          "z": 1.0
        },
        "matrix_basis": [
          [
            0.9999363422393799,
            -0.011091050691902637,
            -0.0020833497401326895,
            0.0
          ],
          [
            0.006963646505028009,
            0.7516973614692688,
            -0.6594714522361755,
            0.0
          ],
          [
            0.008880279958248138,
            0.6594149470329285,
            0.7517266869544983,
            0.0
          ],
          [
            0.0,
            0.0,
            0.0,
            1.0
          ]
        ],
        "rotation_mode": "QUATERNION"
      },
      "armature_space": {
        "head": {
          "x": 0.6363228559494019,
          "y": -0.29190751910209656,
          "z": 0.42081576585769653
        },
        "tail": {
          "x": 0.61085444688797,
          "y": -0.29249534010887146,
          "z": 0.4065067768096924
        }
      },
      "world_space": {
        "head": {
          "x": 0.6363228559494019,
          "y": -0.22866351902484894,
          "z": 1.3706698417663574
        },
        "tail": {
          "x": 0.61085444688797,
          "y": -0.22925134003162384,
          "z": 1.3563607931137085
        },
        "rotation_quaternion": {
          "w": 0.6902304887771606,
          "x": -0.44840505719184875,
          "y": 0.1162937730550766,
          "z": 0.5558691620826721
        },
        "matrix": [
          [
            0.3549679219722748,
            -0.8716488480567932,
            -0.33797281980514526,
            0.6363228559494019
          ],
          [
            0.6630644202232361,
            -0.020117998123168945,
            0.7482919692993164,
            -0.22866351902484894
          ],
          [
            -0.6590514183044434,
            -0.4897209703922272,
            0.5708231925964355,
            1.3706698417663574
          ],
          [
            0.0,
            0.0,
            0.0,
            1.0
          ]
        ]
      },
      "bone_length_armature_space": 0.029218702251603536,
      "parent": "index_02_l",
      "has_children": false,
      "is_end_bone": true
    },
    "metacarpal_pinky_l": {
      "name": "metacarpal_pinky_l",
      "local": {
        "location": {
          "x": 0.0,
          "y": 0.0,
          "z": 0.0
        },
        "rotation_quaternion": {
          "w": 0.9999170303344727,
          "x": -0.001376753207296133,
          "y": -0.000917382538318634,
          "z": -0.012775099836289883
        },
        "scale": {
          "x": 1.0,
          "y": 1.0,
          "z": 1.0
        },
        "matrix_basis": [
          [
            0.9996719360351562,
            0.025550605729222298,
            -0.0017994365189224482,
            0.0
          ],
          [
            -0.025545554235577583,
            0.9996697902679443,
            0.0027767173014581203,
            0.0
          ],
          [
            0.0018697892082855105,
            -0.002729838714003563,
            0.9999945163726807,
            0.0
          ],
          [
            0.0,
            0.0,
            0.0,
            1.0
          ]
        ],
        "rotation_mode": "QUATERNION"
      },
      "armature_space": {
        "head": {
          "x": 0.5646272897720337,
          "y": -0.16121459007263184,
          "z": 0.44549551606178284
        },
        "tail": {
          "x": 0.6612632274627686,
          "y": -0.19975891709327698,
          "z": 0.44113102555274963
        }
      },
      "world_space": {
        "head": {
          "x": 0.5646272897720337,
          "y": -0.09797058999538422,
          "z": 1.3953495025634766
        },
        "tail": {
          "x": 0.6612632274627686,
          "y": -0.13651491701602936,
          "z": 1.3909850120544434
        },
        "rotation_quaternion": {
          "w": 0.5590084195137024,
          "x": 0.03547953441739082,
          "y": 0.049326132982969284,
          "z": -0.8269327282905579
        },
        "matrix": [
          [
            -0.37250155210494995,
            0.9280247688293457,
            -0.003530043875798583,
            0.5646272897720337
          ],
          [
            -0.9210248589515686,
            -0.3701530694961548,
            -0.12124495953321457,
            -0.09797058999538422
          ],
          [
            -0.11382676661014557,
            -0.04191344976425171,
            0.9926233291625977,
            1.3953495025634766
          ],
          [
            0.0,
            0.0,
            0.0,
            1.0
          ]
        ]
      },
      "bone_length_armature_space": 0.1041307759883872,
      "parent": "lowerarm_l",
      "has_children": true,
      "is_end_bone": false
    },
    "pinky_01_l": {
      "name": "pinky_01_l",
      "local": {
        "location": {
          "x": 0.0,
          "y": 0.0,
          "z": 0.0
        },
        "rotation_quaternion": {
          "w": 0.9463133215904236,
          "x": 0.32263314723968506,
          "y": -0.01274392195045948,
          "z": 0.01538268942385912
        },
        "scale": {
          "x": 1.0,
          "y": 1.0,
          "z": 1.0
        },
        "matrix_basis": [
          [
            0.9992019534111023,
            -0.037336912006139755,
            -0.01419355534017086,
            0.0
          ],
          [
            0.02089046500623226,
            0.7913424372673035,
            -0.6110161542892456,
            0.0
          ],
          [
            0.03404541686177254,
            0.6102319955825806,
            0.791490912437439,
            0.0
          ],
          [
            0.0,
            0.0,
            0.0,
            1.0
          ]
        ],
        "rotation_mode": "QUATERNION"
      },
      "armature_space": {
        "head": {
          "x": 0.6612632274627686,
          "y": -0.19975891709327698,
          "z": 0.44113102555274963
        },
