{
  "metadata": {
    "armature_name": "KIM_caucasian_male",
    "export_time": "2026-01-13T19:11:26.782471",
    "blender_version": "4.4.1",
    "bone_count": 56,
    "end_bone_count": 13,
    "spaces_included": [
      "LOCAL_CHANNELS",
      "ARMATURE_SPACE",
      "WORLD_SPACE"
    ],
    "note": "LOCAL matches Transform panel; replay pose via local.matrix_basis for best fidelity."
  },
  "bones": {
    "Root": {
      "name": "Root",
      "local": {
        "location": {
          "x": 0.0,
          "y": 0.0,
          "z": 0.0
        },
        "rotation_quaternion": {
          "w": 0.9998371601104736,
          "x": -0.0013860524632036686,
          "y": -0.01437445729970932,
          "z": -0.010827980004251003
        },
        "scale": {
          "x": 1.0,
          "y": 1.0,
          "z": 1.0
        },
        "matrix_basis": [
          [
            0.9993522763252258,
            0.02169228158891201,
            -0.028714217245578766,
            0.0
          ],
          [
            -0.021612586453557014,
            0.9997616410255432,
            0.003082946175709367,
            0.0
          ],
          [
            0.02877425029873848,
            -0.002460360759869218,
            0.9995828866958618,
            0.0
          ],
          [
            0.0,
            0.0,
            0.0,
            1.0
          ]
        ],
        "rotation_mode": "QUATERNION"
      },
      "armature_space": {
        "head": {
          "x": 0.0,
          "y": 0.07072800397872925,
          "z": -0.009595036506652832
        },
        "tail": {
          "x": 0.0015483055030927062,
          "y": 4.0471553802490234e-05,
          "z": 0.00017173029482364655
        }
      },
      "world_space": {
        "head": {
          "x": 0.0,
          "y": 0.13397200405597687,
          "z": 0.9402589797973633
        },
        "tail": {
          "x": 0.0015483055030927062,
          "y": 0.06328447163105011,
          "z": 0.950025737285614
        },
        "rotation_quaternion": {
          "w": 0.06873958557844162,
          "x": 0.9974722862243652,
          "y": 0.00983500573784113,
          "z": -0.015071263536810875
        },
        "matrix": [
          [
            0.9993522763252258,
            0.02169228158891201,
            -0.028714217245578766,
            0.0
          ],
          [
            0.017548298463225365,
            -0.9903562068939209,
            -0.13742858171463013,
            0.13397200405597687
          ],
          [
            -0.03141864761710167,
            0.13683569431304932,
            -0.9901024103164673,
            0.9402589797973633
          ],
          [
            0.0,
            0.0,
            0.0,
            1.0
          ]
        ]
      },
      "bone_length_armature_space": 0.07137586569117807,
      "parent": null,
      "has_children": true,
      "is_end_bone": false
    },
    "spine_01": {
      "name": "spine_01",
      "local": {
        "location": {
          "x": 0.0,
          "y": 0.0,
          "z": 0.0
        },
        "rotation_quaternion": {
          "w": 0.9975835084915161,
          "x": 0.06422824412584305,
          "y": -0.013732682913541794,
          "z": -0.022656263783574104
        },
        "scale": {
          "x": 1.0,
          "y": 1.0,
          "z": 1.0
        },
        "matrix_basis": [
          [
            0.99859619140625,
            0.043438978493213654,
            -0.030309339985251427,
            0.0
          ],
          [
            -0.04696708172559738,
            0.9907228350639343,
            -0.12752380967140198,
            0.0
          ],
          [
            0.024488652125000954,
            0.12876833975315094,
            0.991372287273407,
            0.0
          ],
          [
            0.0,
            0.0,
            0.0,
            1.0
          ]
        ],
        "rotation_mode": "QUATERNION"
      },
      "armature_space": {
        "head": {
          "x": 0.0015483055030927062,
          "y": 4.0471553802490234e-05,
          "z": 0.00017173029482364655
        },
        "tail": {
          "x": 0.03868330270051956,
          "y": -0.038274023681879044,
          "z": 0.4852505326271057
        }
      },
      "world_space": {
        "head": {
          "x": 0.0015483055030927062,
          "y": 0.06328447163105011,
          "z": 0.950025737285614
        },
        "tail": {
          "x": 0.03868330270051956,
          "y": 0.024969976395368576,
          "z": 1.4351046085357666
        },
        "rotation_quaternion": {
          "w": 0.6783986687660217,
          "x": 0.7336668372154236,
          "y": 0.022771554067730904,
          "z": -0.031458355486392975
        },
        "matrix": [
          [
            0.9969836473464966,
            0.07609611749649048,
            -0.015263009816408157,
            0.0015483055030927062
          ],
          [
            -0.009268656373023987,
            -0.07851311564445496,
            -0.9968699812889099,
            0.06328447163105011
          ],
          [
            -0.07705682516098022,
            0.9940114617347717,
            -0.07757245004177094,
            0.950025737285614
          ],
          [
            0.0,
            0.0,
            0.0,
            1.0
          ]
        ]
      },
      "bone_length_armature_space": 0.48800456814957344,
      "parent": "Root",
      "has_children": true,
      "is_end_bone": false
    },
    "neck_01": {
      "name": "neck_01",
      "local": {
        "location": {
          "x": 0.0,
          "y": 0.0,
          "z": 0.0
        },
        "rotation_quaternion": {
          "w": 0.9907605648040771,
          "x": -0.021331539377570152,
          "y": -0.028516629710793495,
          "z": 0.13086409866809845
        },
        "scale": {
          "x": 1.0,
          "y": 1.0,
          "z": 1.0
        },
        "matrix_basis": [
          [
            0.9641227722167969,
            -0.25809335708618164,
            -0.06208936870098114,
            0.0
          ],
          [
            0.2605265974998474,
            0.9648391008377075,
            0.0348052904009819,
            0.0
          ],
          [
            0.050923239439725876,
            -0.049732502549886703,
            0.9974635243415833,
            0.0
          ],
          [
            0.0,
            0.0,
            0.0,
            1.0
          ]
        ],
        "rotation_mode": "QUATERNION"
      },
      "armature_space": {
        "head": {
          "x": 0.04372561722993851,
          "y": -0.07859452068805695,
          "z": 0.5553402900695801
        },
        "tail": {
          "x": 0.023964898660779,
          "y": -0.11840353906154633,
          "z": 0.6477280259132385
        }
      },
      "world_space": {
        "head": {
          "x": 0.04372561722993851,
          "y": -0.015350520610809326,
          "z": 1.5051943063735962
        },
        "tail": {
          "x": 0.023964898660779,
          "y": -0.055159538984298706,
          "z": 1.5975821018218994
        },
        "rotation_quaternion": {
          "w": 0.5420089364051819,
          "x": 0.8331092596054077,
          "y": -0.1098913922905922,
          "z": 0.00889663491398096
        },
        "matrix": [
          [
            0.9756892919540405,
            -0.19274736940860748,
            -0.10430136322975159,
            0.04372561722993851
          ],
          [
            -0.17345979809761047,
            -0.388299822807312,
            -0.9050608277320862,
            -0.015350520610809326
          ],
          [
            0.1339486688375473,
            0.9011561870574951,
            -0.41229766607284546,
            1.5051943063735962
          ],
          [
            0.0,
            0.0,
            0.0,
            1.0
          ]
        ]
      },
      "bone_length_armature_space": 0.10252189052503917,
      "parent": "spine_01",
      "has_children": true,
      "is_end_bone": false
    },
    "head": {
      "name": "head",
      "local": {
        "location": {
          "x": 0.0,
          "y": 0.0,
          "z": 0.0
        },
        "rotation_quaternion": {
          "w": 0.9802810549736023,
          "x": 0.005522397346794605,
          "y": -0.0910535529255867,
          "z": 0.17529380321502686
        },
        "scale": {
          "x": 1.0,
          "y": 1.0,
          "z": 1.0
        },
        "matrix_basis": [
          [
            0.9219626784324646,
            -0.3446800708770752,
            -0.1765800565481186,
            0.0
          ],
          [
            0.34266871213912964,
            0.9384831786155701,
            -0.04274924844503403,
            0.0
          ],
          [
            0.18045222759246826,
            -0.021095244213938713,
            0.9833574891090393,
            0.0
          ],
          [
            0.0,
            0.0,
            0.0,
            1.0
          ]
        ],
        "rotation_mode": "QUATERNION"
      },
      "armature_space": {
        "head": {
          "x": 0.023964898660779,
          "y": -0.11840365082025528,
          "z": 0.647727906703949
        },
        "tail": {
          "x": -0.048362962901592255,
          "y": -0.11081098765134811,
          "z": 0.7847106456756592
        }
      },
      "world_space": {
        "head": {
          "x": 0.023964898660779,
          "y": -0.05515965074300766,
          "z": 1.5975818634033203
        },
        "tail": {
          "x": -0.048362962901592255,
          "y": -0.047566987574100494,
          "z": 1.7345646619796753
        },
        "rotation_quaternion": {
          "w": 0.6603686809539795,
          "x": 0.6882230043411255,
          "y": -0.29730644822120667,
          "z": 0.04325871914625168
        },
        "matrix": [
          [
            0.8194739818572998,
            -0.466359943151474,
            -0.33312296867370605,
            0.023964898660779
          ],
          [
            -0.3520955443382263,
            0.04895642399787903,
            -0.9346829056739807,
            -0.05515965074300766
          ],
          [
            0.45221003890037537,
            0.8832457065582275,
            -0.12408646196126938,
            1.5975818634033203
          ],
          [
            0.0,
            0.0,
            0.0,
            1.0
          ]
        ]
      },
      "bone_length_armature_space": 0.1550910650657826,
      "parent": "neck_01",
      "has_children": false,
      "is_end_bone": true
    },
    "upperarm_l": {
      "name": "upperarm_l",
      "local": {
        "location": {
          "x": 0.0,
          "y": 0.0,
          "z": 0.0
        },
        "rotation_quaternion": {
          "w": 0.9731541872024536,
          "x": 0.22166424989700317,
          "y": -0.043319977819919586,
          "z": 0.0442642867565155
        },
        "scale": {
          "x": 1.0,
          "y": 1.0,
          "z": 1.0
        },
        "matrix_basis": [
          [
            0.9923281073570251,
            -0.10535693168640137,
            -0.06469041854143143,
            0.0
          ],
          [
            0.06694696843624115,
            0.8978112936019897,
            -0.4352620542049408,
            0.0
          ],
          [
            0.10393765568733215,
            0.4275919198989868,
            0.8979766964912415,
            0.0
          ],
          [
            0.0,
            0.0,
            0.0,
            1.0
          ]
        ],
        "rotation_mode": "QUATERNION"
      },
      "armature_space": {
        "head": {
          "x": 0.18811023235321045,
          "y": -0.07788728177547455,
          "z": 0.4767290949821472
        },
        "tail": {
          "x": 0.4326986074447632,
          "y": -0.18712691962718964,
          "z": 0.46959778666496277
        }
      },
      "world_space": {
        "head": {
          "x": 0.18811023235321045,
          "y": -0.014643281698226929,
          "z": 1.4265830516815186
        },
        "tail": {
          "x": 0.4326986074447632,
          "y": -0.12388291954994202,
          "z": 1.4194518327713013
        },
        "rotation_quaternion": {
          "w": 0.3790602385997772,
          "x": 0.5846850275993347,
          "y": 0.3904934227466583,
          "z": -0.6016408205032349
        },
        "matrix": [
          [
            -0.02891378290951252,
            0.9127472639083862,
            -0.4075002670288086,
            0.18811023235321045
          ],
          [
            0.0005144774913787842,
            -0.40765708684921265,
            -0.9131350517272949,
            -0.014643281698226929
          ],
          [
            -0.9995887875556946,
            -0.026612449437379837,
            0.011316552758216858,
            1.4265830516815186
          ],
          [
            0.0,
            0.0,
            0.0,
            1.0
          ]
        ]
      },
      "bone_length_armature_space": 0.2679694504810047,
      "parent": "spine_01",
      "has_children": true,
      "is_end_bone": false
    },
    "lowerarm_l": {
      "name": "lowerarm_l",
      "local": {
        "location": {
          "x": 0.0,
          "y": 0.0,
          "z": 0.0
        },
        "rotation_quaternion": {
          "w": 0.9425537586212158,
          "x": 0.2933889329433441,
          "y": 0.017308464273810387,
          "z": 0.15879502892494202
        },
        "scale": {
          "x": 1.0,
          "y": 1.0,
          "z": 1.0
        },
        "matrix_basis": [
          [
            0.9489691257476807,
            -0.28918948769569397,
            0.12580572068691254,
            0.0
          ],
          [
            0.30950191617012024,
            0.7774141430854797,
            -0.547572672367096,
            0.0
          ],
          [
            0.060549091547727585,
            0.558566689491272,
            0.8272467255592346,
            0.0
          ],
          [
            0.0,
            0.0,
            0.0,
            1.0
          ]
        ],
        "rotation_mode": "QUATERNION"
      },
      "armature_space": {
        "head": {
          "x": 0.43269866704940796,
          "y": -0.1871269941329956,
          "z": 0.46959787607192993
        },
        "tail": {
          "x": 0.538122832775116,
          "y": -0.4077802002429962,
          "z": 0.5780754089355469
        }
      },
      "world_space": {
        "head": {
          "x": 0.43269866704940796,
          "y": -0.12388299405574799,
          "z": 1.4194519519805908
        },
        "tail": {
          "x": 0.538122832775116,
          "y": -0.3445361852645874,
          "z": 1.527929425239563
        },
        "rotation_quaternion": {
          "w": 0.2956468462944031,
          "x": 0.7156510353088379,
          "y": 0.013969769701361656,
          "z": -0.6326464414596558
        },
        "matrix": [
          [
            0.19912739098072052,
            0.3940729796886444,
            -0.8972483277320862,
            0.43269866704940796
          ],
          [
            -0.354084849357605,
            -0.8247963190078735,
            -0.44083452224731445,
            -0.12388299405574799
          ],
          [
            -0.913774847984314,
            0.4054863452911377,
            -0.024704813957214355,
            1.4194519519805908
          ],
          [
            0.0,
            0.0,
            0.0,
            1.0
          ]
        ]
      },
      "bone_length_armature_space": 0.2675247052044595,
      "parent": "upperarm_l",
      "has_children": true,
      "is_end_bone": false
    },
    "metacarpal_thumb_l": {
      "name": "metacarpal_thumb_l",
      "local": {
        "location": {
          "x": 0.0,
          "y": 0.0,
          "z": 0.0
        },
        "rotation_quaternion": {
          "w": 0.9983987808227539,
          "x": -0.05428007245063782,
          "y": 0.008637171238660812,
          "z": -0.013375439681112766
        },
        "scale": {
          "x": 1.0,
          "y": 1.0,
          "z": 1.0
        },
        "matrix_basis": [
          [
            0.9994930028915405,
            0.025770392268896103,
            0.01869872212409973,
            0.0
          ],
          [
            -0.027645697817206383,
            0.9937495589256287,
            0.1081552654504776,
            0.0
          ],
          [
            -0.01579464226961136,
            -0.10861736536026001,
            0.9939581751823425,
            0.0
          ],
          [
            0.0,
            0.0,
            0.0,
            1.0
          ]
        ],
        "rotation_mode": "QUATERNION"
      },
      "armature_space": {
        "head": {
          "x": 0.538122832775116,
          "y": -0.4077802002429962,
          "z": 0.5780754089355469
        },
        "tail": {
          "x": 0.529561460018158,
          "y": -0.45499753952026367,
          "z": 0.5903559327125549
        }
      },
      "world_space": {
        "head": {
          "x": 0.538122832775116,
          "y": -0.3445361852645874,
          "z": 1.527929425239563
        },
        "tail": {
          "x": 0.529561460018158,
          "y": -0.39175355434417725,
          "z": 1.5402100086212158
        },
        "rotation_quaternion": {
          "w": 0.13321055471897125,
          "x": 0.9837275147438049,
          "y": -0.07507491111755371,
          "z": 0.0943337082862854
        },
        "matrix": [
          [
            0.970929741859436,
            -0.17283906042575836,
            0.1655956357717514,
            0.538122832775116
          ],
          [
            -0.12257401645183563,
            -0.9532371759414673,
            -0.2762504816055298,
            -0.3445361852645874
          ],
          [
            0.20560017228126526,
            0.24792295694351196,
            -0.9467189908027649,
            1.527929425239563
          ],
          [
            0.0,
            0.0,
            0.0,
            1.0
          ]
        ]
      },
      "bone_length_armature_space": 0.049533679552066015,
      "parent": "lowerarm_l",
      "has_children": true,
      "is_end_bone": false
    },
    "thumb_01_l": {
      "name": "thumb_01_l",
      "local": {
        "location": {
          "x": 0.0,
          "y": 0.0,
          "z": 0.0
        },
        "rotation_quaternion": {
          "w": 0.9993777275085449,
          "x": -0.030988965183496475,
          "y": -0.010948862880468369,
          "z": 0.012814868241548538
        },
        "scale": {
          "x": 1.0,
          "y": 1.0,
          "z": 1.0
        },
        "matrix_basis": [
          [
            0.9994317889213562,
            -0.024935200810432434,
            -0.02267833799123764,
            0.0
          ],
          [
            0.026292376220226288,
            0.9977509379386902,
            0.061658747494220734,
            0.0
          ],
          [
            0.021089861169457436,
            -0.06221998110413551,
            0.997839629650116,
            0.0
          ],
          [
            0.0,
            0.0,
            0.0,
            1.0
          ]
        ],
        "rotation_mode": "QUATERNION"
      },
      "armature_space": {
        "head": {
          "x": 0.529561460018158,
          "y": -0.45499753952026367,
          "z": 0.5903559327125549
        },
        "tail": {
          "x": 0.524029016494751,
          "y": -0.4818945825099945,
          "z": 0.5702419877052307
        }
      },
      "world_space": {
        "head": {
          "x": 0.529561460018158,
          "y": -0.39175355434417725,
          "z": 1.5402100086212158
        },
        "tail": {
          "x": 0.524029016494751,
          "y": -0.4186505675315857,
          "z": 1.5200960636138916
        },
        "rotation_quaternion": {
          "w": 0.13467875123023987,
          "x": -0.6075111031532288,
          "y": 0.29455992579460144,
          "z": -0.72527676820755
        },
        "matrix": [
          [
            -0.22558508813381195,
            -0.16253513097763062,
            0.960569441318512,
            0.529561460018158
          ],
          [
            -0.5532548427581787,
            -0.7901931405067444,
            -0.2636355757713318,
            -0.39175355434417725
          ],
          [
            0.8018906116485596,
            -0.5909168720245361,
            0.0883328914642334,
            1.5402100086212158
          ],
          [
            0.0,
            0.0,
            0.0,
            1.0
          ]
        ]
      },
      "bone_length_armature_space": 0.034038648869173405,
      "parent": "metacarpal_thumb_l",
      "has_children": true,
      "is_end_bone": false
    },
    "thumb_02_l": {
      "name": "thumb_02_l",
      "local": {
        "location": {
          "x": 0.0,
          "y": 0.0,
          "z": 0.0
        },
        "rotation_quaternion": {
          "w": 0.9979333281517029,
          "x": 0.06412317603826523,
          "y": 0.00048370688455179334,
          "z": -0.004151157569140196
        },
        "scale": {
          "x": 1.0,
          "y": 1.0,
          "z": 1.0
        },
        "matrix_basis": [
          [
            0.9999650716781616,
            0.008347190916538239,
            0.00043304363498464227,
            0.0
          ],
          [
            -0.008223122917115688,
            0.991741955280304,
            -0.12798532843589783,
            0.0
          ],
          [
            -0.0014977852115407586,
            0.12797729671001434,
            0.9917759895324707,
            0.0
          ],
          [
            0.0,
            0.0,
            0.0,
            1.0
          ]
        ],
        "rotation_mode": "QUATERNION"
      },
      "armature_space": {
        "head": {
          "x": 0.5240289568901062,
          "y": -0.4818945527076721,
          "z": 0.5702419281005859
        },
        "tail": {
          "x": 0.5404424667358398,
          "y": -0.5153942704200745,
          "z": 0.5851263999938965
        }
      },
      "world_space": {
        "head": {
          "x": 0.5240289568901062,
          "y": -0.4186505675315857,
          "z": 1.520095944404602
        },
        "tail": {
          "x": 0.5404424667358398,
          "y": -0.45215028524398804,
          "z": 1.5349804162979126
        },
        "rotation_quaternion": {
          "w": 0.14870917797088623,
          "x": -0.2754068970680237,
          "y": -0.24668379127979279,
          "z": -0.9171607494354248
        },
        "matrix": [
          [
            -0.8040734529495239,
            0.4086575210094452,
            0.43181589245796204,
            0.5240289568901062
          ],
          [
            -0.13690391182899475,
            -0.8340650200843811,
            0.534408688545227,
            -0.4186505675315857
          ],
          [
            0.5785566568374634,
            0.37058842182159424,
            0.7266020774841309,
            1.520095944404602
          ],
          [
            0.0,
            0.0,
            0.0,
            1.0
          ]
        ]
      },
      "bone_length_armature_space": 0.04016443629577606,
      "parent": "thumb_01_l",
      "has_children": true,
      "is_end_bone": false
    },
    "thumb_03_l": {
      "name": "thumb_03_l",
      "local": {
        "location": {
          "x": 0.0,
          "y": 0.0,
          "z": 0.0
        },
        "rotation_quaternion": {
          "w": 0.9961676001548767,
          "x": 0.08738178759813309,
          "y": 0.0028670206665992737,
          "z": -0.0025235372595489025
        },
        "scale": {
          "x": 1.0,
          "y": 1.0,
          "z": 1.0
        },
        "matrix_basis": [
          [
            0.9999708533287048,
            0.005528782960027456,
            0.005271043628454208,
            0.0
          ],
          [
            -0.004526681266725063,
            0.9847161173820496,
            -0.17410828173160553,
            0.0
          ],
          [
            -0.00615308852866292,
            0.17407934367656708,
            0.9847124218940735,
            0.0
          ],
          [
            0.0,
            0.0,
            0.0,
            1.0
          ]
        ],
        "rotation_mode": "QUATERNION"
      },
      "armature_space": {
        "head": {
          "x": 0.5404424071311951,
          "y": -0.5153942704200745,
          "z": 0.5851263403892517
        },
        "tail": {
          "x": 0.5593320727348328,
          "y": -0.5310913324356079,
          "z": 0.6031174063682556
        }
      },
      "world_space": {
        "head": {
          "x": 0.5404424071311951,
          "y": -0.45215028524398804,
          "z": 1.534980297088623
        },
        "tail": {
          "x": 0.5593320727348328,
          "y": -0.4678473472595215,
          "z": 1.552971363067627
        },
        "rotation_quaternion": {
          "w": 0.3265613615512848,
          "x": -0.07321784645318985,
          "y": -0.36818811297416687,
          "z": -0.867429792881012
        },
        "matrix": [
          [
            -0.7759932279586792,
            0.6204541921615601,
            -0.11345098167657852,
            0.5404424071311951
          ],
          [
            -0.5126233696937561,
            -0.5155894756317139,
            0.6865746378898621,
            -0.45215028524398804
          ],
          [
            0.3674960732460022,
            0.5909385681152344,
            0.7181590795516968,
            1.534980297088623
          ],
          [
            0.0,
            0.0,
            0.0,
            1.0
          ]
        ]
      },
      "bone_length_armature_space": 0.03044496145959453,
      "parent": "thumb_02_l",
      "has_children": false,
      "is_end_bone": true
    },
    "metacarpal_index_l": {
      "name": "metacarpal_index_l",
      "local": {
        "location": {
          "x": 0.0,
          "y": 0.0,
          "z": 0.0
        },
        "rotation_quaternion": {
          "w": 0.9997557997703552,
          "x": -0.008085689507424831,
          "y": -0.016151398420333862,
          "z": 0.01273275911808014
        },
        "scale": {
          "x": 1.0,
          "y": 1.0,
          "z": 1.0
        },
        "matrix_basis": [
          [
            0.9991540312767029,
            -0.025198109447956085,
            -0.03250081464648247,
            0.0
          ],
          [
            0.025720490142703056,
            0.9995449781417847,
            0.01575612649321556,
            0.0
          ],
          [
            0.032089002430438995,
            -0.016578733921051025,
            0.9993475079536438,
            0.0
          ],
          [
            0.0,
            0.0,
            0.0,
            1.0
          ]
        ],
        "rotation_mode": "QUATERNION"
      },
      "armature_space": {
        "head": {
          "x": 0.538122832775116,
          "y": -0.4077802002429962,
          "z": 0.5780754089355469
        },
        "tail": {
          "x": 0.5492573976516724,
          "y": -0.5166881084442139,
          "z": 0.6198405623435974
        }
      },
      "world_space": {
        "head": {
          "x": 0.538122832775116,
          "y": -0.3445361852645874,
          "z": 1.527929425239563
        },
        "tail": {
          "x": 0.5492573976516724,
          "y": -0.45344412326812744,
          "z": 1.5696945190429688
        },
        "rotation_quaternion": {
          "w": 0.1877380758523941,
          "x": 0.9545720219612122,
          "y": 0.004272495862096548,
          "z": -0.23136205971240997
        },
        "matrix": [
          [
            0.8929067254066467,
            0.09502767771482468,
            -0.4400990903377533,
            0.538122832775116
          ],
          [
            -0.07871410250663757,
            -0.9294723272323608,
            -0.36039626598358154,
            -0.3445361852645874
          ],
          [
            -0.4433107376098633,
            0.3564438223838806,
            -0.8224581480026245,
            1.527929425239563
          ],
          [
            0.0,
            0.0,
            0.0,
            1.0
          ]
        ]
      },
      "bone_length_armature_space": 0.11717183460394057,
      "parent": "lowerarm_l",
      "has_children": true,
      "is_end_bone": false
    },
    "index_01_l": {
      "name": "index_01_l",
      "local": {
        "location": {
          "x": 0.0,
          "y": 0.0,
          "z": 0.0
        },
        "rotation_quaternion": {
          "w": 0.9912291765213013,
          "x": -0.13138321042060852,
          "y": 0.011665880680084229,
          "z": -0.008193092420697212
        },
        "scale": {
          "x": 1.0,
          "y": 1.0,
          "z": 1.0
        },
        "matrix_basis": [
          [
            0.9995935559272766,
            0.013177062384784222,
            0.025279991328716278,
            0.0
          ],
          [
            -0.01930786669254303,
            0.96534264087677,
            0.2602705955505371,
            0.0
          ],
          [
            -0.020974252372980118,
            -0.26065289974212646,
            0.9652047157287598,
            0.0
          ],
          [
            0.0,
            0.0,
            0.0,
            1.0
          ]
        ],
        "rotation_mode": "QUATERNION"
      },
      "armature_space": {
        "head": {
          "x": 0.5492573976516724,
          "y": -0.5166881084442139,
          "z": 0.6198405623435974
        },
        "tail": {
          "x": 0.5648433566093445,
          "y": -0.5362736582756042,
          "z": 0.633499026298523
        }
      },
      "world_space": {
        "head": {
          "x": 0.5492573976516724,
          "y": -0.45344412326812744,
          "z": 1.5696945190429688
        },
        "tail": {
          "x": 0.5648433566093445,
          "y": -0.4730296730995178,
          "z": 1.583353042602539
        },
        "rotation_quaternion": {
          "w": 0.32126444578170776,
          "x": 0.8946492671966553,
          "y": 0.230988010764122,
          "z": -0.20745229721069336
        },
        "matrix": [
          [
            0.8072161674499512,
            0.5466009378433228,
            -0.22277656197547913,
            0.5492573976516724
          ],
          [
            0.28001323342323303,
            -0.686866819858551,
            -0.6706763505935669,
            -0.45344412326812744
          ],
          [
            -0.51961350440979,
            0.4790029525756836,
            -0.7075110673904419,
            1.5696945190429688
          ],
          [
            0.0,
            0.0,
            0.0,
            1.0
          ]
        ]
      },
      "bone_length_armature_space": 0.028514373673048973,
      "parent": "metacarpal_index_l",
      "has_children": true,
      "is_end_bone": false
    },
    "index_02_l": {
      "name": "index_02_l",
      "local": {
        "location": {
          "x": 0.0,
          "y": 0.0,
          "z": 0.0
        },
        "rotation_quaternion": {
          "w": 0.998437762260437,
          "x": 0.05545021593570709,
          "y": -0.005175291560590267,
          "z": -0.004537242464721203
        },
        "scale": {
          "x": 1.0,
          "y": 1.0,
          "z": 1.0
        },
        "matrix_basis": [
          [
            0.9999052882194519,
            0.008486365899443626,
            -0.010837594978511333,
            0.0
          ],
          [
            -0.009634250774979591,
            0.9938094019889832,
            -0.11068021506071091,
            0.0
          ],
          [
            0.009831231087446213,
            0.11077414453029633,
            0.9937970042228699,
            0.0
          ],
          [
            0.0,
            0.0,
            0.0,
            1.0
          ]
        ],
        "rotation_mode": "QUATERNION"
      },
      "armature_space": {
        "head": {
          "x": 0.5648433566093445,
          "y": -0.536274254322052,
          "z": 0.6334990859031677
        },
        "tail": {
          "x": 0.5790451169013977,
          "y": -0.5549216866493225,
          "z": 0.6439237594604492
        }
      },
      "world_space": {
        "head": {
          "x": 0.5648433566093445,
          "y": -0.4730302691459656,
          "z": 1.583353042602539
        },
        "tail": {
          "x": 0.5790451169013977,
          "y": -0.4916777014732361,
          "z": 1.5937777757644653
        },
        "rotation_quaternion": {
          "w": 0.2923038899898529,
          "x": 0.8932177424430847,
          "y": 0.22606845200061798,
          "z": -0.2561514377593994
        },
        "matrix": [
          [
            0.7665590643882751,
            0.5536051392555237,
            -0.32543572783470154,
            0.5648433566093445
          ],
          [
            0.254109263420105,
            -0.7269024848937988,
            -0.6379979848861694,
            -0.4730302691459656
          ],
          [
            -0.5897629261016846,
            0.4063689410686493,
            -0.6978954672813416,
            1.583353042602539
          ],
          [
            0.0,
            0.0,
            0.0,
            1.0
          ]
        ]
      },
      "bone_length_armature_space": 0.025653275834603757,
      "parent": "index_01_l",
      "has_children": true,
      "is_end_bone": false
    },
    "index_03_l": {
      "name": "index_03_l",
      "local": {
        "location": {
          "x": 0.0,
          "y": 0.0,
          "z": 0.0
        },
        "rotation_quaternion": {
          "w": 0.9996711611747742,
          "x": 0.025314483791589737,
          "y": -0.0004738311981782317,
          "z": 0.004082804545760155
        },
        "scale": {
          "x": 1.0,
          "y": 1.0,
          "z": 1.0
        },
        "matrix_basis": [
          [
            0.9999662041664124,
            -0.008186913095414639,
            -0.0007406426011584699,
            0.0
          ],
          [
            0.008138934150338173,
            0.9986850023269653,
            -0.05061618611216545,
            0.0
          ],
          [
            0.0011540589621290565,
            0.050608448684215546,
            0.9987179040908813,
            0.0
          ],
          [
            0.0,
            0.0,
            0.0,
            1.0
          ]
        ],
        "rotation_mode": "QUATERNION"
      },
      "armature_space": {
        "head": {
          "x": 0.5790451765060425,
          "y": -0.554921567440033,
          "z": 0.6439238786697388
        },
        "tail": {
          "x": 0.5956072211265564,
          "y": -0.5778260827064514,
          "z": 0.6513275504112244
        }
      },
      "world_space": {
        "head": {
          "x": 0.5790451765060425,
          "y": -0.49167758226394653,
          "z": 1.5937778949737549
        },
        "tail": {
          "x": 0.5956072211265564,
          "y": -0.514582097530365,
          "z": 1.6011815071105957
        },
        "rotation_quaternion": {
          "w": 0.20959579944610596,
          "x": 0.909951388835907,
          "y": 0.25321903824806213,
          "z": -0.25286000967025757
        },
        "matrix": [
          [
            0.7438837885856628,
            0.5668312311172485,
            -0.3540325462818146,
            0.5790451765060425
          ],
          [
            0.3548375964164734,
            -0.7838988304138184,
            -0.5095027685165405,
            -0.49167758226394653
          ],
          [
            -0.5663315057754517,
            0.2533876895904541,
            -0.7842687368392944,
            1.5937778949737549
          ],
          [
            0.0,
            0.0,
            0.0,
            1.0
          ]
        ]
      },
      "bone_length_armature_space": 0.029218700973445227,
      "parent": "index_02_l",
      "has_children": false,
      "is_end_bone": true
    },
    "metacarpal_pinky_l": {
      "name": "metacarpal_pinky_l",
      "local": {
        "location": {
          "x": 0.0,
          "y": 0.0,
          "z": 0.0
        },
        "rotation_quaternion": {
          "w": 0.9981164336204529,
          "x": -0.059603672474622726,
          "y": -0.014041566289961338,
          "z": 0.0037368787452578545
        },
        "scale": {
          "x": 1.0,
          "y": 1.0,
          "z": 1.0
        },
        "matrix_basis": [
          [
            0.9995777606964111,
            -0.005785822402685881,
            -0.028475699946284294,
            0.0
          ],
          [
            0.009133538231253624,
            0.9928668737411499,
            0.11887786537408829,
            0.0
          ],
          [
            0.027584772557020187,
            -0.11908775568008423,
            0.9925004839897156,
            0.0
          ],
          [
            0.0,
            0.0,
            0.0,
            1.0
          ]
        ],
        "rotation_mode": "QUATERNION"
      },
      "armature_space": {
        "head": {
          "x": 0.538122832775116,
          "y": -0.4077802002429962,
          "z": 0.5780754089355469
        },
        "tail": {
          "x": 0.6104011535644531,
          "y": -0.47689029574394226,
          "z": 0.6071075201034546
        }
      },
      "world_space": {
        "head": {
          "x": 0.538122832775116,
          "y": -0.3445361852645874,
          "z": 1.527929425239563
        },
        "tail": {
          "x": 0.6104011535644531,
          "y": -0.41364628076553345,
          "z": 1.5569615364074707
        },
        "rotation_quaternion": {
          "w": 0.3965003490447998,
          "x": 0.11278197914361954,
          "y": -0.10461637377738953,
          "z": -0.9050542116165161
        },
        "matrix": [
          [
            -0.6601351499557495,
            0.6941109895706177,
            -0.28710854053497314,
            0.538122832775116
          ],
          [
            -0.7413065433502197,
            -0.66368567943573,
            0.09993035346269608,
            -0.3445361852645874
          ],
          [
            -0.12118854373693466,
            0.27880430221557617,
            0.9526780843734741,
            1.527929425239563
          ],
          [
            0.0,
            0.0,
            0.0,
            1.0
          ]
        ]
      },
      "bone_length_armature_space": 0.10413080519540911,
      "parent": "lowerarm_l",
      "has_children": true,
      "is_end_bone": false
    },
    "pinky_01_l": {
      "name": "pinky_01_l",
      "local": {
        "location": {
          "x": 0.0,
          "y": 0.0,
          "z": 0.0
        },
        "rotation_quaternion": {
          "w": 0.9588855504989624,
          "x": 0.28295835852622986,
          "y": 0.01765451394021511,
          "z": -0.012710132636129856
        },
        "scale": {
          "x": 1.0,
          "y": 1.0,
          "z": 1.0
        },
        "matrix_basis": [
          [
            0.9990535378456116,
            0.03436610847711563,
            0.02666443958878517,
            0.0
          ],
          [
            -0.014384140260517597,
            0.8395460247993469,
            -0.5430981516838074,
            0.0
          ],
          [
            -0.04105019196867943,
            0.5422005653381348,
            0.8392457962036133,
            0.0
          ],
          [
            0.0,
            0.0,
            0.0,
            1.0
          ]
        ],
        "rotation_mode": "QUATERNION"
      },
      "armature_space": {
        "head": {
          "x": 0.6104011535644531,
          "y": -0.47689029574394226,
          "z": 0.6071075201034546
        },
        "tail": {
