{
  "metadata": {
    "armature_name": "KIM_caucasian_male",
    "export_time": "2026-01-13T21:04:03.152757",
    "blender_version": "4.4.1",
    "bone_count": 56,
    "end_bone_count": 13,
    "spaces_included": [
      "LOCAL_CHANNELS",
      "ARMATURE_SPACE",
      "WORLD_SPACE"
    ],
    "note": "LOCAL matches Transform panel; replay pose via local.matrix_basis for best fidelity."
  },
  "bones": {
    "Root": {
      "name": "Root",
      "local": {
        "location": {
          "x": 0.0,
          "y": 0.0,
          "z": 0.0
        },
        "rotation_quaternion": {
          "w": 0.9997172355651855,
          "x": -0.010540705174207687,
          "y": -0.004804749973118305,
          "z": 0.02077033743262291
        },
        "scale": {
          "x": 1.0,
          "y": 1.0,
          "z": 1.0
        },
        "matrix_basis": [
          [
            0.9990910291671753,
            -0.04142763838171959,
            -0.010044651105999947,
            0.0
          ],
          [
            0.04163021966814995,
            0.9989149570465088,
            0.020875856280326843,
            0.0
          ],
          [
            0.009168914519250393,
            -0.02127504162490368,
            0.9997316002845764,
            0.0
          ],
          [
            0.0,
            0.0,
            0.0,
            1.0
          ]
        ],
        "rotation_mode": "QUATERNION"
      },
      "armature_space": {
        "head": {
          "x": 0.0,
          "y": 0.07072800397872925,
          "z": -0.009595036506652832
        },
        "tail": {
          "x": -0.002956933807581663,
          "y": 0.0002808794379234314,
          "z": 0.0014943405985832214
        }
      },
      "world_space": {
        "head": {
          "x": 0.0,
          "y": 0.13397200405597687,
          "z": 0.9402589797973633
        },
        "tail": {
          "x": -0.002956933807581663,
          "y": 0.06352487951517105,
          "z": 0.9513483643531799
        },
        "rotation_quaternion": {
          "w": 0.077865369617939,
          "x": 0.9967359304428101,
          "y": -0.021046841517090797,
          "z": -0.003394579514861107
        },
        "matrix": [
          [
            0.9990910291671753,
            -0.04142763838171959,
            -0.010044651105999947,
            0.0
          ],
          [
            -0.04248492419719696,
            -0.9869879484176636,
            -0.15507999062538147,
            0.13397200405597687
          ],
          [
            -0.003489416092634201,
            0.15536591410636902,
            -0.9878579378128052,
            0.9402589797973633
          ],
          [
            0.0,
            0.0,
            0.0,
            1.0
          ]
        ]
      },
      "bone_length_armature_space": 0.0713758713535499,
      "parent": null,
      "has_children": true,
      "is_end_bone": false
    },
    "spine_01": {
      "name": "spine_01",
      "local": {
        "location": {
          "x": 0.0,
          "y": 0.0,
          "z": 0.0
        },
        "rotation_quaternion": {
          "w": 0.9907160997390747,
          "x": 0.11395134031772614,
          "y": -0.011651448905467987,
          "z": -0.07321855425834656
        },
        "scale": {
          "x": 1.0,
          "y": 1.0,
          "z": 1.0
        },
        "matrix_basis": [
          [
            0.9890065789222717,
            0.14242219924926758,
            -0.039773259311914444,
            0.0
          ],
          [
            -0.14773300290107727,
            0.9633082747459412,
            -0.2240806519985199,
            0.0
          ],
          [
            0.00639985129237175,
            0.2274930626153946,
            0.9737586975097656,
            0.0
          ],
          [
            0.0,
            0.0,
            0.0,
            1.0
          ]
        ],
        "rotation_mode": "QUATERNION"
      },
      "armature_space": {
        "head": {
          "x": -0.002956933807581663,
          "y": 0.0002808794379234314,
          "z": 0.0014943405985832214
        },
        "tail": {
          "x": 0.06479310989379883,
          "y": -0.0815298855304718,
          "z": 0.47779810428619385
        }
      },
      "world_space": {
        "head": {
          "x": -0.002956933807581663,
          "y": 0.06352487951517105,
          "z": 0.9513483643531799
        },
        "tail": {
          "x": 0.06479310989379883,
          "y": -0.018285885453224182,
          "z": 1.42765212059021
        },
        "rotation_quaternion": {
          "w": 0.6445757150650024,
          "x": 0.7602441906929016,
          "y": 0.026451611891388893,
          "z": -0.07649397104978561
        },
        "matrix": [
          [
            0.9868980646133423,
            0.1388317048549652,
            -0.08220712840557098,
            -0.002956933807581663
          ],
          [
            -0.05839207023382187,
            -0.16764459013938904,
            -0.9841166734695435,
            0.06352487951517105
          ],
          [
            -0.15040931105613708,
            0.9760298132896423,
            -0.15734347701072693,
            0.9513483643531799
          ],
          [
            0.0,
            0.0,
            0.0,
            1.0
          ]
        ]
      },
      "bone_length_armature_space": 0.48800443813776007,
      "parent": "Root",
      "has_children": true,
      "is_end_bone": false
    },
    "neck_01": {
      "name": "neck_01",
      "local": {
        "location": {
          "x": 0.0,
          "y": 0.0,
          "z": 0.0
        },
        "rotation_quaternion": {
          "w": 0.9934970140457153,
          "x": -0.013119334354996681,
          "y": 0.044288307428359985,
          "z": -0.10406840592622757
        },
        "scale": {
          "x": 1.0,
          "y": 1.0,
          "z": 1.0
        },
        "matrix_basis": [
          [
            0.9744166135787964,
            0.20562122762203217,
            0.09073121845722198,
            0.0
          ],
          [
            -0.20794536173343658,
            0.9779952764511108,
            0.01685001142323017,
            0.0
          ],
          [
            -0.0852699875831604,
            -0.0352860651910305,
            0.995732843875885,
            0.0
          ],
          [
            0.0,
            0.0,
            0.0,
            1.0
          ]
        ],
        "rotation_mode": "QUATERNION"
      },
      "armature_space": {
        "head": {
          "x": 0.07210717350244522,
          "y": -0.12793417274951935,
          "z": 0.5438047647476196
        },
        "tail": {
          "x": 0.10312393307685852,
          "y": -0.1791684329509735,
          "z": 0.6270136833190918
        }
      },
      "world_space": {
        "head": {
          "x": 0.07210717350244522,
          "y": -0.06469017267227173,
          "z": 1.4936587810516357
        },
        "tail": {
          "x": 0.10312393307685852,
          "y": -0.11592443287372589,
          "z": 1.576867699623108
        },
        "rotation_quaternion": {
          "w": 0.4845641553401947,
          "x": 0.8610292077064514,
          "y": 0.12379886955022812,
          "z": -0.0921967402100563
        },
        "matrix": [
          [
            0.9523472189903259,
            0.302539587020874,
            -0.03878994286060333,
            0.07210717350244522
          ],
          [
            0.12383954226970673,
            -0.49974241852760315,
            -0.8572756052017212,
            -0.06469017267227173
          ],
          [
            -0.278746634721756,
            0.8116254806518555,
            -0.513399064540863,
            1.4936587810516357
          ],
          [
            0.0,
            0.0,
            0.0,
            1.0
          ]
        ]
      },
      "bone_length_armature_space": 0.10252176746333976,
      "parent": "spine_01",
      "has_children": true,
      "is_end_bone": false
    },
    "head": {
      "name": "head",
      "local": {
        "location": {
          "x": 0.0,
          "y": 0.0,
          "z": 0.0
        },
        "rotation_quaternion": {
          "w": 0.9954596757888794,
          "x": -0.019258342683315277,
          "y": 0.026046346873044968,
          "z": -0.08950338512659073
        },
        "scale": {
          "x": 1.0,
          "y": 1.0,
          "z": 1.0
        },
        "matrix_basis": [
          [
            0.9826214909553528,
            0.17719079554080963,
            0.05530355125665665,
            0.0
          ],
          [
            -0.17919723689556122,
            0.9832364916801453,
            0.03367933630943298,
            0.0
          ],
          [
            -0.04840880259871483,
            -0.04300427809357643,
            0.9979013800621033,
            0.0
          ],
          [
            0.0,
            0.0,
            0.0,
            1.0
          ]
        ],
        "rotation_mode": "QUATERNION"
      },
      "armature_space": {
        "head": {
          "x": 0.10312390327453613,
          "y": -0.17916852235794067,
          "z": 0.6270135641098022
        },
        "tail": {
          "x": 0.1738981008529663,
          "y": -0.1931173950433731,
          "z": 0.7643077373504639
        }
      },
      "world_space": {
        "head": {
          "x": 0.10312390327453613,
          "y": -0.11592452228069305,
          "z": 1.5768675804138184
        },
        "tail": {
          "x": 0.1738981008529663,
          "y": -0.1298733949661255,
          "z": 1.71416175365448
        },
        "rotation_quaternion": {
          "w": 0.6368236541748047,
          "x": 0.7310084104537964,
          "y": 0.22245298326015472,
          "z": -0.10294196754693985
        },
        "matrix": [
          [
            0.8798348307609558,
            0.45634210109710693,
            0.1328260600566864,
            0.10312390327453613
          ],
          [
            0.19412076473236084,
            -0.08994033932685852,
            -0.976845920085907,
            -0.11592452228069305
          ],
          [
            -0.43383240699768066,
            0.8852534890174866,
            -0.16772015392780304,
            1.5768675804138184
          ],
          [
            0.0,
            0.0,
            0.0,
            1.0
          ]
        ]
      },
      "bone_length_armature_space": 0.15509109490314685,
      "parent": "neck_01",
      "has_children": false,
      "is_end_bone": true
    },
    "upperarm_l": {
      "name": "upperarm_l",
      "local": {
        "location": {
          "x": 0.0,
          "y": 0.0,
          "z": 0.0
        },
        "rotation_quaternion": {
          "w": 0.9932728409767151,
          "x": 0.08640576153993607,
          "y": -0.07701496034860611,
          "z": -0.00344755407422781
        },
        "scale": {
          "x": 1.0,
          "y": 1.0,
          "z": 1.0
        },
        "matrix_basis": [
          [
            0.9881136417388916,
            -0.006460349075496197,
            -0.15358951687812805,
            0.0
          ],
          [
            -0.020157795399427414,
            0.9850443005561829,
            -0.17111796140670776,
            0.0
          ],
          [
            0.15239796042442322,
            0.17218001186847687,
            0.9732055068016052,
            0.0
          ],
          [
            0.0,
            0.0,
            0.0,
            1.0
          ]
        ],
        "rotation_mode": "QUATERNION"
      },
      "armature_space": {
        "head": {
          "x": 0.21054916083812714,
          "y": -0.12856443226337433,
          "z": 0.4551447927951813
        },
        "tail": {
          "x": 0.468921959400177,
          "y": -0.17842593789100647,
          "z": 0.40449902415275574
        }
      },
      "world_space": {
        "head": {
          "x": 0.21054916083812714,
          "y": -0.06532043218612671,
          "z": 1.404998779296875
        },
        "tail": {
          "x": 0.468921959400177,
          "y": -0.11518193781375885,
          "z": 1.3543530702590942
        },
        "rotation_quaternion": {
          "w": 0.3950366675853729,
          "x": 0.5016533732414246,
          "y": 0.5009083151817322,
          "z": -0.5842779278755188
        },
        "matrix": [
          [
            -0.18458044528961182,
            0.964187502861023,
            -0.19045336544513702,
            0.21054916083812714
          ],
          [
            0.040940672159194946,
            -0.18607163429260254,
            -0.9816829562187195,
            -0.06532043218612671
          ],
          [
            -0.9819712042808533,
            -0.18899831175804138,
            -0.005130261182785034,
            1.404998779296875
          ],
          [
            0.0,
            0.0,
            0.0,
            1.0
          ]
        ]
      },
      "bone_length_armature_space": 0.2679695095845292,
      "parent": "spine_01",
      "has_children": true,
      "is_end_bone": false
    },
    "lowerarm_l": {
      "name": "lowerarm_l",
      "local": {
        "location": {
          "x": 0.0,
          "y": 0.0,
          "z": 0.0
        },
        "rotation_quaternion": {
          "w": 0.9043643474578857,
          "x": 0.3481689989566803,
          "y": 0.22014647722244263,
          "z": -0.11153028905391693
        },
        "scale": {
          "x": 1.0,
          "y": 1.0,
          "z": 1.0
        },
        "matrix_basis": [
          [
            0.8781930208206177,
            0.35502439737319946,
            0.3205224573612213,
            0.0
          ],
          [
            -0.048431675881147385,
            0.7326787114143372,
            -0.6788492798805237,
            0.0
          ],
          [
            -0.4758480191230774,
            0.5806372761726379,
            0.6606277823448181,
            0.0
          ],
          [
            0.0,
            0.0,
            0.0,
            1.0
          ]
        ],
        "rotation_mode": "QUATERNION"
      },
      "armature_space": {
        "head": {
          "x": 0.46892204880714417,
          "y": -0.17842601239681244,
          "z": 0.4044991135597229
        },
        "tail": {
          "x": 0.5956555604934692,
          "y": -0.39503347873687744,
          "z": 0.31182050704956055
        }
      },
      "world_space": {
        "head": {
          "x": 0.46892204880714417,
          "y": -0.11518201231956482,
          "z": 1.3543531894683838
        },
        "tail": {
          "x": 0.5956555604934692,
          "y": -0.331789493560791,
          "z": 1.2616745233535767
        },
        "rotation_quaternion": {
          "w": 0.040262699127197266,
          "x": 0.6879720687866211,
          "y": 0.30584558844566345,
          "z": -0.6569108963012695
        },
        "matrix": [
          [
            -0.05014738440513611,
            0.4737267792224884,
            -0.8792427778244019,
            0.46892204880714417
          ],
          [
            0.3679283857345581,
            -0.8096734881401062,
            -0.45722848176956177,
            -0.11518201231956482
          ],
          [
            -0.9285070896148682,
            -0.34643039107322693,
            -0.13369585573673248,
            1.3543531894683838
          ],
          [
            0.0,
            0.0,
            0.0,
            1.0
          ]
        ]
      },
      "bone_length_armature_space": 0.26752476786709983,
      "parent": "upperarm_l",
      "has_children": true,
      "is_end_bone": false
    },
    "metacarpal_thumb_l": {
      "name": "metacarpal_thumb_l",
      "local": {
        "location": {
          "x": 0.0,
          "y": 0.0,
          "z": 0.0
        },
        "rotation_quaternion": {
          "w": 0.9995980262756348,
          "x": -0.02763361483812332,
          "y": 0.003952506463974714,
          "z": 0.0049765100702643394
        },
        "scale": {
          "x": 1.0,
          "y": 1.0,
          "z": 1.0
        },
        "matrix_basis": [
          [
            0.9999192357063293,
            -0.010167463682591915,
            0.007626797538250685,
            0.0
          ],
          [
            0.009730575606226921,
            0.9984232187271118,
            0.05528435483574867,
            0.0
          ],
          [
            -0.008176873438060284,
            -0.05520567297935486,
            0.9984415173530579,
            0.0
          ],
          [
            0.0,
            0.0,
            0.0,
            1.0
          ]
        ],
        "rotation_mode": "QUATERNION"
      },
      "armature_space": {
        "head": {
          "x": 0.5956555604934692,
          "y": -0.39503347873687744,
          "z": 0.31182050704956055
        },
        "tail": {
          "x": 0.5878551602363586,
          "y": -0.4379926323890686,
          "z": 0.2884269654750824
        }
      },
      "world_space": {
        "head": {
          "x": 0.5956555604934692,
          "y": -0.331789493560791,
          "z": 1.2616745233535767
        },
        "tail": {
          "x": 0.5878551602363586,
          "y": -0.3747486472129822,
          "z": 1.238281011581421
        },
        "rotation_quaternion": {
          "w": 0.2493187040090561,
          "x": -0.9640535712242126,
          "y": 0.06484093517065048,
          "z": 0.06509053707122803
        },
        "matrix": [
          [
            0.9831176996231079,
            -0.15747688710689545,
            -0.09316897392272949,
            0.5956555604934692
          ],
          [
            -0.09256390482187271,
            -0.867271900177002,
            0.48915374279022217,
            -0.331789493560791
          ],
          [
            -0.1578344851732254,
            -0.47227561473846436,
            -0.8672126531600952,
            1.2616745233535767
          ],
          [
            0.0,
            0.0,
            0.0,
            1.0
          ]
        ]
      },
      "bone_length_armature_space": 0.04953375542022812,
      "parent": "lowerarm_l",
      "has_children": true,
      "is_end_bone": false
    },
    "thumb_01_l": {
      "name": "thumb_01_l",
      "local": {
        "location": {
          "x": 0.0,
          "y": 0.0,
          "z": 0.0
        },
        "rotation_quaternion": {
          "w": 0.9863038063049316,
          "x": 0.16387322545051575,
          "y": 0.006641747429966927,
          "z": -0.017504481598734856
        },
        "scale": {
          "x": 1.0,
          "y": 1.0,
          "z": 1.0
        },
        "matrix_basis": [
          [
            0.9992989897727966,
            0.03670628368854523,
            0.007364529650658369,
            0.0
          ],
          [
            -0.032352663576602936,
            0.9456782937049866,
            -0.32349008321762085,
            0.0
          ],
          [
            -0.01883859373629093,
            0.32302504777908325,
            0.9462029337882996,
            0.0
          ],
          [
            0.0,
            0.0,
            0.0,
            1.0
          ]
        ],
        "rotation_mode": "QUATERNION"
      },
      "armature_space": {
        "head": {
          "x": 0.5878551602363586,
          "y": -0.4379926323890686,
          "z": 0.2884269654750824
        },
        "tail": {
          "x": 0.5888757109642029,
          "y": -0.4469392001628876,
          "z": 0.25560078024864197
        }
      },
      "world_space": {
        "head": {
          "x": 0.5878551602363586,
          "y": -0.3747486472129822,
          "z": 1.238281011581421
        },
        "tail": {
          "x": 0.5888757109642029,
          "y": -0.38369518518447876,
          "z": 1.2054548263549805
        },
        "rotation_quaternion": {
          "w": 0.42303988337516785,
          "x": -0.5357202291488647,
          "y": 0.435452938079834,
          "z": -0.5868746638298035
        },
        "matrix": [
          [
            -0.06808307766914368,
            0.029982328414916992,
            0.9972290396690369,
            0.5878551602363586
          ],
          [
            -0.9631044268608093,
            -0.26283639669418335,
            -0.05785093456506729,
            -0.3747486472129822
          ],
          [
            0.2603745758533478,
            -0.9643814563751221,
            0.046770960092544556,
            1.238281011581421
          ],
          [
            0.0,
            0.0,
            0.0,
            1.0
          ]
        ]
      },
      "bone_length_armature_space": 0.034038815805340905,
      "parent": "metacarpal_thumb_l",
      "has_children": true,
      "is_end_bone": false
    },
    "thumb_02_l": {
      "name": "thumb_02_l",
      "local": {
        "location": {
          "x": 0.0,
          "y": 0.0,
          "z": 0.0
        },
        "rotation_quaternion": {
          "w": 0.938845157623291,
          "x": 0.3442862629890442,
          "y": -0.004182823002338409,
          "z": 0.004394004121422768
        },
        "scale": {
          "x": 1.0,
          "y": 1.0,
          "z": 1.0
        },
        "matrix_basis": [
          [
            0.9999263882637024,
            -0.01113075576722622,
            -0.004828455857932568,
            0.0
          ],
          [
            0.005370401777327061,
            0.7628953456878662,
            -0.646499752998352,
            0.0
          ],
          [
            0.010879636742174625,
            0.6464262008666992,
            0.7628989219665527,
            0.0
          ],
          [
            0.0,
            0.0,
            0.0,
            1.0
          ]
        ],
        "rotation_mode": "QUATERNION"
      },
      "armature_space": {
        "head": {
          "x": 0.5888756513595581,
          "y": -0.4469391703605652,
          "z": 0.25560081005096436
        },
        "tail": {
          "x": 0.6164273023605347,
          "y": -0.4718027710914612,
          "z": 0.2709594964981079
        }
      },
      "world_space": {
        "head": {
          "x": 0.5888756513595581,
          "y": -0.38369518518447876,
          "z": 1.2054548263549805
        },
        "tail": {
          "x": 0.6164273023605347,
          "y": -0.40855878591537476,
          "z": 1.220813512802124
        },
        "rotation_quaternion": {
          "w": 0.36871474981307983,
          "x": -0.05036454647779465,
          "y": -0.23350860178470612,
          "z": -0.8983244299888611
        },
        "matrix": [
          [
            -0.7230255007743835,
            0.6859720349311829,
            -0.08170989155769348,
            0.5888756513595581
          ],
          [
            -0.6389302611351013,
            -0.6190457940101624,
            0.456673264503479,
            -0.38369518518447876
          ],
          [
            0.26268425583839417,
            0.3823953866958618,
            0.8858807682991028,
            1.2054548263549805
          ],
          [
            0.0,
            0.0,
            0.0,
            1.0
          ]
        ]
      },
      "bone_length_armature_space": 0.040164429593068915,
      "parent": "thumb_01_l",
      "has_children": true,
      "is_end_bone": false
    },
    "thumb_03_l": {
      "name": "thumb_03_l",
      "local": {
        "location": {
          "x": 0.0,
          "y": 0.0,
          "z": 0.0
        },
        "rotation_quaternion": {
          "w": 0.9852867722511292,
          "x": 0.17083406448364258,
          "y": -0.0005648801452480257,
          "z": 0.00504940515384078
        },
        "scale": {
          "x": 1.0,
          "y": 1.0,
          "z": 1.0
        },
        "matrix_basis": [
          [
            0.9999483823776245,
            -0.010143226012587547,
            0.0006120829493738711,
            0.0
          ],
          [
            0.00975722260773182,
            0.9415804743766785,
            -0.33664679527282715,
            0.0
          ],
          [
            0.002838358748704195,
            0.33663538098335266,
            0.9416307806968689,
            0.0
          ],
          [
            0.0,
            0.0,
            0.0,
            1.0
          ]
        ],
        "rotation_mode": "QUATERNION"
      },
      "armature_space": {
        "head": {
          "x": 0.6164272427558899,
          "y": -0.47180280089378357,
          "z": 0.27095943689346313
        },
        "tail": {
          "x": 0.6329730749130249,
          "y": -0.47896331548690796,
          "z": 0.2954923212528229
        }
      },
      "world_space": {
        "head": {
          "x": 0.6164272427558899,
          "y": -0.40855878591537476,
          "z": 1.220813512802124
        },
        "tail": {
          "x": 0.6329730749130249,
          "y": -0.41571933031082153,
          "z": 1.2453463077545166
        },
        "rotation_quaternion": {
          "w": 0.47515758872032166,
          "x": 0.21940627694129944,
          "y": -0.3957609534263611,
          "z": -0.7546254396438599
        },
        "matrix": [
          [
            -0.45217034220695496,
            0.5434675216674805,
            -0.7072376012802124,
            0.6164272427558899
          ],
          [
            -0.8907979130744934,
            -0.23519596457481384,
            0.38879579305648804,
            -0.40855878591537476
          ],
          [
            0.04495800659060478,
            0.8058130741119385,
            0.5904728770256042,
            1.220813512802124
          ],
          [
            0.0,
            0.0,
            0.0,
            1.0
          ]
        ]
      },
      "bone_length_armature_space": 0.03044503208024498,
      "parent": "thumb_02_l",
      "has_children": false,
      "is_end_bone": true
    },
    "metacarpal_index_l": {
      "name": "metacarpal_index_l",
      "local": {
        "location": {
          "x": 0.0,
          "y": 0.0,
          "z": 0.0
        },
        "rotation_quaternion": {
          "w": 0.9989401698112488,
          "x": -0.04387786611914635,
          "y": 0.012030083686113358,
          "z": -0.006969800218939781
        },
        "scale": {
          "x": 1.0,
          "y": 1.0,
          "z": 1.0
        },
        "matrix_basis": [
          [
            0.9996134042739868,
            0.01286911778151989,
            0.02464630827307701,
            0.0
          ],
          [
            -0.014980535954236984,
            0.9960523247718811,
            0.08749502897262573,
            0.0
          ],
          [
            -0.023423027247190475,
            -0.08783042430877686,
            0.9958600401878357,
            0.0
          ],
          [
            0.0,
            0.0,
            0.0,
            1.0
          ]
        ],
        "rotation_mode": "QUATERNION"
      },
      "armature_space": {
        "head": {
          "x": 0.5956555604934692,
          "y": -0.39503347873687744,
          "z": 0.31182050704956055
        },
        "tail": {
          "x": 0.6241772770881653,
          "y": -0.5007373690605164,
          "z": 0.27007776498794556
        }
      },
      "world_space": {
        "head": {
          "x": 0.5956555604934692,
          "y": -0.331789493560791,
          "z": 1.2616745233535767
        },
        "tail": {
          "x": 0.6241772770881653,
          "y": -0.43749338388442993,
          "z": 1.2199318408966064
        },
        "rotation_quaternion": {
          "w": 0.13755720853805542,
          "x": -0.9315778613090515,
          "y": -0.17324653267860413,
          "z": 0.2884901463985443
        },
        "matrix": [
          [
            0.7735178470611572,
            0.24341805279254913,
            -0.5851644277572632,
            0.5956555604934692
          ],
          [
            0.40215322375297546,
            -0.9021276831626892,
            0.15632933378219604,
            -0.331789493560791
          ],
          [
            -0.48984265327453613,
            -0.35625267028808594,
            -0.7957086563110352,
            1.2616745233535767
          ],
          [
            0.0,
            0.0,
            0.0,
            1.0
          ]
        ]
      },
      "bone_length_armature_space": 0.11717191359062706,
      "parent": "lowerarm_l",
      "has_children": true,
      "is_end_bone": false
    },
    "index_01_l": {
      "name": "index_01_l",
      "local": {
        "location": {
          "x": 0.0,
          "y": 0.0,
          "z": 0.0
        },
        "rotation_quaternion": {
          "w": 0.9737976789474487,
          "x": 0.22733688354492188,
          "y": 0.005118428263813257,
          "z": -0.0031581150833517313
        },
        "scale": {
          "x": 1.0,
          "y": 1.0,
          "z": 1.0
        },
        "matrix_basis": [
          [
            0.9999276399612427,
            0.008477944880723953,
            0.008532715030014515,
            0.0
          ],
          [
            -0.003823515260592103,
            0.8966159224510193,
            -0.4427925944328308,
            0.0
          ],
          [
            -0.011404539458453655,
            0.4427279233932495,
            0.8965834975242615,
            0.0
          ],
          [
            0.0,
            0.0,
            0.0,
            1.0
          ]
        ],
        "rotation_mode": "QUATERNION"
      },
      "armature_space": {
        "head": {
          "x": 0.6241772770881653,
          "y": -0.5007373690605164,
          "z": 0.27007776498794556
        },
        "tail": {
          "x": 0.6325133442878723,
          "y": -0.5181414484977722,
          "z": 0.24908527731895447
        }
      },
      "world_space": {
        "head": {
          "x": 0.6241772770881653,
          "y": -0.43749338388442993,
          "z": 1.2199318408966064
        },
        "tail": {
          "x": 0.6325133442878723,
          "y": -0.4548974633216858,
          "z": 1.198939323425293
        },
        "rotation_quaternion": {
          "w": 0.3319343328475952,
          "x": -0.8454549908638,
          "y": -0.2909276485443115,
          "z": 0.30064356327056885
        },
        "matrix": [
          [
            0.6499484181404114,
            0.2923455834388733,
            -0.7014989852905273,
            0.6241772770881653
          ],
          [
            0.6915209889411926,
            -0.6103617548942566,
            0.3863388001918793,
            -0.43749338388442993
          ],
          [
            -0.315225213766098,
            -0.7362073063850403,
            -0.598870575428009,
            1.2199318408966064
          ],
          [
            0.0,
            0.0,
            0.0,
            1.0
          ]
        ]
      },
      "bone_length_armature_space": 0.028514496791375545,
      "parent": "metacarpal_index_l",
      "has_children": true,
      "is_end_bone": false
    },
    "index_02_l": {
      "name": "index_02_l",
      "local": {
        "location": {
          "x": 0.0,
          "y": 0.0,
          "z": 0.0
        },
        "rotation_quaternion": {
          "w": 0.9175060987472534,
          "x": 0.39752110838890076,
          "y": 0.010176812298595905,
          "z": 0.007483053021132946
        },
        "scale": {
          "x": 1.0,
          "y": 1.0,
          "z": 1.0
        },
        "matrix_basis": [
          [
            0.9996808767318726,
            -0.005640498362481594,
            0.024623917415738106,
            0.0
          ],
          [
            0.021822489798069,
            0.6838419437408447,
            -0.729303777217865,
            0.0
          ],
          [
            -0.012725231237709522,
            0.729608416557312,
            0.6837468147277832,
            0.0
          ],
          [
            0.0,
            0.0,
            0.0,
            1.0
          ]
        ],
        "rotation_mode": "QUATERNION"
      },
      "armature_space": {
        "head": {
          "x": 0.6325130462646484,
          "y": -0.5181417465209961,
          "z": 0.24908488988876343
        },
        "tail": {
          "x": 0.6246473789215088,
          "y": -0.5228464007377625,
          "z": 0.22512458264827728
        }
      },
      "world_space": {
        "head": {
          "x": 0.6325130462646484,
          "y": -0.45489776134490967,
          "z": 1.1989388465881348
        },
        "tail": {
          "x": 0.6246473789215088,
          "y": -0.459602415561676,
          "z": 1.1749786138534546
        },
        "rotation_quaternion": {
          "w": 0.6192987561225891,
          "x": -0.6492303609848022,
          "y": -0.15739254653453827,
          "z": 0.41254907846450806
        },
        "matrix": [
          [
            0.6100596785545349,
            -0.3066139221191406,
            -0.7306263446807861,
            0.6325130462646484
          ],
          [
            0.7153518795967102,
            -0.18339470028877258,
            0.6742688417434692,
            -0.45489776134490967
          ],
          [
            -0.3407348394393921,
            -0.9340059161186218,
            0.10745644569396973,
            1.1989388465881348
          ],
          [
            0.0,
            0.0,
            0.0,
            1.0
          ]
        ]
      },
      "bone_length_armature_space": 0.025653437111409882,
      "parent": "index_01_l",
      "has_children": true,
      "is_end_bone": false
    },
    "index_03_l": {
      "name": "index_03_l",
      "local": {
        "location": {
          "x": 0.0,
          "y": 0.0,
          "z": 0.0
        },
        "rotation_quaternion": {
          "w": 0.9585670232772827,
          "x": 0.28485867381095886,
          "y": -0.001583568286150694,
          "z": 0.0015243650414049625
        },
        "scale": {
          "x": 1.0,
          "y": 1.0,
          "z": 1.0
        },
        "matrix_basis": [
          [
            0.9999903440475464,
            -0.003824598388746381,
            -0.0021674553863704205,
            0.0
          ],
          [
            0.0020202258601784706,
            0.837706446647644,
            -0.5461170673370361,
            0.0
          ],
          [
            0.003904369892552495,
            0.5461074113845825,
            0.8377060294151306,
            0.0
          ],
          [
            0.0,
            0.0,
            0.0,
            1.0
          ]
        ],
        "rotation_mode": "QUATERNION"
      },
      "armature_space": {
        "head": {
          "x": 0.6246474981307983,
          "y": -0.5228465795516968,
          "z": 0.22512459754943848
        },
        "tail": {
          "x": 0.6064407229423523,
          "y": -0.5126045346260071,
          "z": 0.20469540357589722
        }
      },
      "world_space": {
        "head": {
          "x": 0.6246474981307983,
          "y": -0.45960259437561035,
          "z": 1.1749786138534546
        },
        "tail": {
          "x": 0.6064407229423523,
          "y": -0.44936054944992065,
          "z": 1.1545493602752686
        },
        "rotation_quaternion": {
          "w": 0.8210538625717163,
          "x": -0.4095122218132019,
          "y": -0.033707037568092346,
          "z": 0.3962753415107727
        },
        "matrix": [
          [
            0.6836581230163574,
            -0.6231200695037842,
            -0.37991148233413696,
            0.6246474981307983
          ],
          [
            0.6783353686332703,
            0.35053008794784546,
            0.6457476615905762,
            -0.45960259437561035
          ],
          [
            -0.2692091166973114,
            -0.6991828083992004,
            0.6623324155807495,
            1.1749786138534546
          ],
          [
            0.0,
            0.0,
            0.0,
            1.0
          ]
        ]
      },
      "bone_length_armature_space": 0.02921879703165256,
      "parent": "index_02_l",
      "has_children": false,
      "is_end_bone": true
    },
    "metacarpal_pinky_l": {
      "name": "metacarpal_pinky_l",
      "local": {
        "location": {
          "x": 0.0,
          "y": 0.0,
          "z": 0.0
        },
        "rotation_quaternion": {
          "w": 0.9999468326568604,
          "x": -0.0025577303022146225,
          "y": -0.006701240316033363,
          "z": -0.007414450403302908
        },
        "scale": {
          "x": 1.0,
          "y": 1.0,
          "z": 1.0
        },
        "matrix_basis": [
          [
            0.9998002648353577,
            0.014862392097711563,
            -0.01336384005844593,
            0.0
          ],
          [
            -0.014793832786381245,
            0.9998769760131836,
            0.005214560776948929,
            0.0
          ],
          [
            0.013439696282148361,
            -0.005015816539525986,
            0.9998971223831177,
            0.0
          ],
          [
            0.0,
            0.0,
            0.0,
            1.0
          ]
        ],
        "rotation_mode": "QUATERNION"
      },
      "armature_space": {
        "head": {
          "x": 0.5956555604934692,
          "y": -0.39503347873687744,
          "z": 0.31182050704956055
        },
        "tail": {
          "x": 0.6694352626800537,
          "y": -0.46127039194107056,
          "z": 0.28000128269195557
        }
      },
      "world_space": {
        "head": {
          "x": 0.5956555604934692,
          "y": -0.331789493560791,
          "z": 1.2616745233535767
        },
        "tail": {
          "x": 0.6694352626800537,
          "y": -0.39802640676498413,
          "z": 1.2298552989959717
        },
        "rotation_quaternion": {
          "w": 0.3549423813819885,
          "x": 0.16257882118225098,
          "y": 0.23657746613025665,
          "z": -0.8897276520729065
        },
        "matrix": [
          [
            -0.6951680183410645,
            0.7085291743278503,
            -0.12135767936706543,
            0.5956555604934692
          ],
          [
            -0.5546802878379822,
            -0.6360937356948853,
            -0.5363907814025879,
            -0.331789493560791
          ],
          [
            -0.4572469890117645,
            -0.30556973814964294,
            0.8352044224739075,
            1.2616745233535767
          ],
          [
            0.0,
            0.0,
            0.0,
            1.0
          ]
        ]
      },
      "bone_length_armature_space": 0.10413086165297848,
      "parent": "lowerarm_l",
      "has_children": true,
      "is_end_bone": false
    },
    "pinky_01_l": {
      "name": "pinky_01_l",
      "local": {
        "location": {
          "x": 0.0,
          "y": 0.0,
          "z": 0.0
        },
        "rotation_quaternion": {
          "w": 0.9572527408599854,
          "x": 0.28898146748542786,
          "y": -0.010364255867898464,
          "z": -0.007049659267067909
        },
        "scale": {
          "x": 1.0,
          "y": 1.0,
          "z": 1.0
        },
        "matrix_basis": [
          [
            0.9996857643127441,
            0.007506455760449171,
            -0.02391686663031578,
            0.0
          ],
          [
            -0.019486766308546066,
            0.8328800201416016,
            -0.5531104803085327,
            0.0
          ],
          [
            0.015767982229590416,
            0.5534027218818665,
            0.8327645659446716,
            0.0
          ],
          [
            0.0,
            0.0,
            0.0,
            1.0
          ]
        ],
        "rotation_mode": "QUATERNION"
      },
      "armature_space": {
        "head": {
          "x": 0.6694352626800537,
          "y": -0.46127039194107056,
          "z": 0.28000128269195557
        },
        "tail": {
