{
  "metadata": {
    "armature_name": "KIM_caucasian_male",
    "export_time": "2026-01-13T21:02:44.286767",
    "blender_version": "4.4.1",
    "bone_count": 56,
    "end_bone_count": 13,
    "spaces_included": [
      "LOCAL_CHANNELS",
      "ARMATURE_SPACE",
      "WORLD_SPACE"
    ],
    "note": "LOCAL matches Transform panel; replay pose via local.matrix_basis for best fidelity."
  },
  "bones": {
    "Root": {
      "name": "Root",
      "local": {
        "location": {
          "x": 0.0,
          "y": 0.0,
          "z": 0.0
        },
        "rotation_quaternion": {
          "w": 0.9996815919876099,
          "x": -0.0029211186338216066,
          "y": -0.011474448256194592,
          "z": 0.022285904735326767
        },
        "scale": {
          "x": 1.0,
          "y": 1.0,
          "z": 1.0
        },
        "matrix_basis": [
          [
            0.9987433552742004,
            -0.04449057951569557,
            -0.023071788251399994,
            0.0
          ],
          [
            0.044624652713537216,
            0.9989895820617676,
            0.005328940227627754,
            0.0
          ],
          [
            0.022811390459537506,
            -0.006351814139634371,
            0.9997196197509766,
            0.0
          ],
          [
            0.0,
            0.0,
            0.0,
            1.0
          ]
        ],
        "rotation_mode": "QUATERNION"
      },
      "armature_space": {
        "head": {
          "x": 0.0,
          "y": 0.07072800397872925,
          "z": -0.009595036506652832
        },
        "tail": {
          "x": -0.0031755538657307625,
          "y": 0.00013241171836853027,
          "z": 0.00043955910950899124
        }
      },
      "world_space": {
        "head": {
          "x": 0.0,
          "y": 0.13397200405597687,
          "z": 0.9402589797973633
        },
        "tail": {
          "x": -0.0031755538657307625,
          "y": 0.06337641179561615,
          "z": 0.9502936005592346
        },
        "rotation_quaternion": {
          "w": 0.0702606812119484,
          "x": 0.9972137212753296,
          "y": -0.023008285090327263,
          "z": -0.009947027079761028
        },
        "matrix": [
          [
            0.9987433552742004,
            -0.04449057951569557,
            -0.023071788251399994,
            0.0
          ],
          [
            -0.047286130487918854,
            -0.9890680313110352,
            -0.13967257738113403,
            0.13397200405597687
          ],
          [
            -0.016605617478489876,
            0.14058807492256165,
            -0.9899359941482544,
            0.9402589797973633
          ],
          [
            0.0,
            0.0,
            0.0,
            1.0
          ]
        ]
      },
      "bone_length_armature_space": 0.07137587025133861,
      "parent": null,
      "has_children": true,
      "is_end_bone": false
    },
    "spine_01": {
      "name": "spine_01",
      "local": {
        "location": {
          "x": 0.0,
          "y": 0.0,
          "z": 0.0
        },
        "rotation_quaternion": {
          "w": 0.9964002370834351,
          "x": 0.06978737562894821,
          "y": 0.04370870813727379,
          "z": 0.02015082910656929
        },
        "scale": {
          "x": 1.0,
          "y": 1.0,
          "z": 1.0
        },
        "matrix_basis": [
          [
            0.9953669905662537,
            -0.03405594825744629,
            0.08991528302431107,
            0.0
          ],
          [
            0.04625721275806427,
            0.9894473552703857,
            -0.13731078803539276,
            0.0
          ],
          [
            -0.08429018408060074,
            0.14083385467529297,
            0.986438512802124,
            0.0
          ],
          [
            0.0,
            0.0,
            0.0,
            1.0
          ]
        ],
        "rotation_mode": "QUATERNION"
      },
      "armature_space": {
        "head": {
          "x": -0.0031755538657307625,
          "y": 0.00013241171836853027,
          "z": 0.00043955910950899124
        },
        "tail": {
          "x": -0.013752074912190437,
          "y": -0.04247032478451729,
          "z": 0.4864659607410431
        }
      },
      "world_space": {
        "head": {
          "x": -0.0031755538657307625,
          "y": 0.06337641179561615,
          "z": 0.9502936005592346
        },
        "tail": {
          "x": -0.013752074912190437,
          "y": 0.02077367529273033,
          "z": 1.4363199472427368
        },
        "rotation_quaternion": {
          "w": 0.6755096316337585,
          "x": 0.7369797825813293,
          "y": 0.006021958775818348,
          "z": 0.02261202037334442
        },
        "matrix": [
          [
            0.9989048838615417,
            -0.02167314477264881,
            0.04146481677889824,
            -0.0031755538657307625
          ],
          [
            0.039425238966941833,
            -0.08730047196149826,
            -0.9954015612602234,
            0.06337641179561615
          ],
          [
            0.02519359067082405,
            0.9959532618522644,
            -0.0863519161939621,
            0.9502936005592346
          ],
          [
            0.0,
            0.0,
            0.0,
            1.0
          ]
        ]
      },
      "bone_length_armature_space": 0.4880046384185586,
      "parent": "Root",
      "has_children": true,
      "is_end_bone": false
    },
    "neck_01": {
      "name": "neck_01",
      "local": {
        "location": {
          "x": 0.0,
          "y": 0.0,
          "z": 0.0
        },
        "rotation_quaternion": {
          "w": 0.9859644174575806,
          "x": 0.08875807374715805,
          "y": -0.06085854396224022,
          "z": -0.1276417374610901
        },
        "scale": {
          "x": 1.0,
          "y": 1.0,
          "z": 1.0
        },
        "matrix_basis": [
          [
            0.9600076675415039,
            0.2408970445394516,
            -0.14266718924045563,
            0.0
          ],
          [
            -0.26250380277633667,
            0.9516592025756836,
            -0.15948842465877533,
            0.0
          ],
          [
            0.09735024720430374,
            0.19056078791618347,
            0.9768365025520325,
            0.0
          ],
          [
            0.0,
            0.0,
            0.0,
            1.0
          ]
        ],
        "rotation_mode": "QUATERNION"
      },
      "armature_space": {
        "head": {
          "x": -0.013900931924581528,
          "y": -0.08338329195976257,
          "z": 0.5563933849334717
        },
        "tail": {
          "x": 0.01122814416885376,
          "y": -0.14456360042095184,
          "z": 0.6347272992134094
        }
      },
      "world_space": {
        "head": {
          "x": -0.013900931924581528,
          "y": -0.020139291882514954,
          "z": 1.5062474012374878
        },
        "tail": {
          "x": 0.01122814416885376,
          "y": -0.08131960034370422,
          "z": 1.5845813751220703
        },
        "rotation_quaternion": {
          "w": 0.4401484429836273,
          "x": 0.887993574142456,
          "y": 0.08883022516965866,
          "z": -0.0992269366979599
        },
        "matrix": [
          [
            0.9645265340805054,
            0.24511069059371948,
            -0.09802785515785217,
            -0.013900931924581528
          ],
          [
            0.07041294872760773,
            -0.5967568159103394,
            -0.7993269562721252,
            -0.020139291882514954
          ],
          [
            -0.2544240951538086,
            0.7640743851661682,
            -0.5928516387939453,
            1.5062474012374878
          ],
          [
            0.0,
            0.0,
            0.0,
            1.0
          ]
        ]
      },
      "bone_length_armature_space": 0.10252171891992981,
      "parent": "spine_01",
      "has_children": true,
      "is_end_bone": false
    },
    "head": {
      "name": "head",
      "local": {
        "location": {
          "x": 0.0,
          "y": 0.0,
          "z": 0.0
        },
        "rotation_quaternion": {
          "w": 0.9799374341964722,
          "x": -0.09961490333080292,
          "y": -0.0510014109313488,
          "z": -0.16491933166980743
        },
        "scale": {
          "x": 1.0,
          "y": 1.0,
          "z": 1.0
        },
        "matrix_basis": [
          [
            0.9404009580612183,
            0.333382248878479,
            -0.06709953397512436,
            0.0
          ],
          [
            -0.3130602538585663,
            0.9257569909095764,
            0.21205498278141022,
            0.0
          ],
          [
            0.1328132301568985,
            -0.17841051518917084,
            0.974951446056366,
            0.0
          ],
          [
            0.0,
            0.0,
            0.0,
            1.0
          ]
        ],
        "rotation_mode": "QUATERNION"
      },
      "armature_space": {
        "head": {
          "x": 0.011228110641241074,
          "y": -0.1445636749267578,
          "z": 0.6347271203994751
        },
        "tail": {
          "x": 0.0990765392780304,
          "y": -0.15288977324962616,
          "z": 0.7622674703598022
        }
      },
      "world_space": {
        "head": {
          "x": 0.011228110641241074,
          "y": -0.08131967484951019,
          "z": 1.5845811367034912
        },
        "tail": {
          "x": 0.0990765392780304,
          "y": -0.08964577317237854,
          "z": 1.7121214866638184
        },
        "rotation_quaternion": {
          "w": 0.6548026204109192,
          "x": 0.6951429843902588,
          "y": 0.21069183945655823,
          "z": -0.20885086059570312
        },
        "matrix": [
          [
            0.8239805698394775,
            0.566434383392334,
            -0.0144370561465621,
            0.011228110641241074
          ],
          [
            0.0194128155708313,
            -0.05368553102016449,
            -0.9983693361282349,
            -0.08131967484951019
          ],
          [
            -0.5662897229194641,
            0.8223623633384705,
            -0.0552331805229187,
            1.5845811367034912
          ],
          [
            0.0,
            0.0,
            0.0,
            1.0
          ]
        ]
      },
      "bone_length_armature_space": 0.15509097752404877,
      "parent": "neck_01",
      "has_children": false,
      "is_end_bone": true
    },
    "upperarm_l": {
      "name": "upperarm_l",
      "local": {
        "location": {
          "x": 0.0,
          "y": 0.0,
          "z": 0.0
        },
        "rotation_quaternion": {
          "w": 0.862805962562561,
          "x": -0.2639520764350891,
          "y": 0.33555930852890015,
          "z": -0.2707310914993286
        },
        "scale": {
          "x": 1.0,
          "y": 1.0,
          "z": 1.0
        },
        "matrix_basis": [
          [
            0.6282092332839966,
            0.29003363847732544,
            0.7219651937484741,
            0.0
          ],
          [
            -0.6443199515342712,
            0.7140679359436035,
            0.27378618717193604,
            0.0
          ],
          [
            -0.4361250698566437,
            -0.6371715068817139,
            0.6354585289955139,
            0.0
          ],
          [
            0.0,
            0.0,
            0.0,
            1.0
          ]
        ],
        "rotation_mode": "QUATERNION"
      },
      "armature_space": {
        "head": {
          "x": 0.13752363622188568,
          "y": -0.07477670907974243,
          "z": 0.4929612874984741
        },
        "tail": {
          "x": 0.31433284282684326,
          "y": 0.11829344928264618,
          "z": 0.4357767105102539
        }
      },
      "world_space": {
        "head": {
          "x": 0.13752363622188568,
          "y": -0.011532709002494812,
          "z": 1.4428153038024902
        },
        "tail": {
          "x": 0.31433284282684326,
          "y": 0.1815374493598938,
          "z": 1.38563072681427
        },
        "rotation_quaternion": {
          "w": 0.2530616223812103,
          "x": 0.31081125140190125,
          "y": 0.8923043012619019,
          "z": -0.20772437751293182
        },
        "matrix": [
          [
            -0.6787123680114746,
            0.6598110795021057,
            0.322488933801651,
            0.13752363622188568
          ],
          [
            0.4495426416397095,
            0.7204931974411011,
            -0.5280162692070007,
            -0.011532709002494812
          ],
          [
            -0.5807456374168396,
            -0.21339960396289825,
            -0.7856268286705017,
            1.4428153038024902
          ],
          [
            0.0,
            0.0,
            0.0,
            1.0
          ]
        ]
      },
      "bone_length_armature_space": 0.2679695087156593,
      "parent": "spine_01",
      "has_children": true,
      "is_end_bone": false
    },
    "lowerarm_l": {
      "name": "lowerarm_l",
      "local": {
        "location": {
          "x": 0.0,
          "y": 0.0,
          "z": 0.0
        },
        "rotation_quaternion": {
          "w": 0.9991704225540161,
          "x": 0.027935750782489777,
          "y": 0.029202381148934364,
          "z": -0.0050353496335446835
        },
        "scale": {
          "x": 1.0,
          "y": 1.0,
          "z": 1.0
        },
        "matrix_basis": [
          [
            0.9982437491416931,
            0.011693925596773624,
            0.05807497724890709,
            0.0
          ],
          [
            -0.008430764079093933,
            0.9983884692192078,
            -0.05611924082040787,
            0.0
          ],
          [
            -0.05863764509558678,
            0.05553106218576431,
            0.9967336058616638,
            0.0
          ],
          [
            0.0,
            0.0,
            0.0,
            1.0
          ]
        ],
        "rotation_mode": "QUATERNION"
      },
      "armature_space": {
        "head": {
          "x": 0.3143329620361328,
          "y": 0.11829341948032379,
          "z": 0.4357767403125763
        },
        "tail": {
          "x": 0.5147858262062073,
          "y": 0.27545732259750366,
          "z": 0.35399919748306274
        }
      },
      "world_space": {
        "head": {
          "x": 0.3143329620361328,
          "y": 0.1815374195575714,
          "z": 1.38563072681427
        },
        "tail": {
          "x": 0.5147858262062073,
          "y": 0.3387013077735901,
          "z": 1.3038532733917236
        },
        "rotation_quaternion": {
          "w": 0.2666337192058563,
          "x": 0.3498971462249756,
          "y": 0.8500850200653076,
          "z": -0.2895410656929016
        },
        "matrix": [
          [
            -0.6129568219184875,
            0.7492879033088684,
            0.25070226192474365,
            0.3143329620361328
          ],
          [
            0.4404826760292053,
            0.5874748229980469,
            -0.6788581609725952,
            0.1815374195575714
          ],
          [
            -0.6559455990791321,
            -0.3056824505329132,
            -0.6901506185531616,
            1.38563072681427
          ],
          [
            0.0,
            0.0,
            0.0,
            1.0
          ]
        ]
      },
      "bone_length_armature_space": 0.2675245955448036,
      "parent": "upperarm_l",
      "has_children": true,
      "is_end_bone": false
    },
    "metacarpal_thumb_l": {
      "name": "metacarpal_thumb_l",
      "local": {
        "location": {
          "x": 0.0,
          "y": 0.0,
          "z": 0.0
        },
        "rotation_quaternion": {
          "w": 0.9993407726287842,
          "x": -0.033601682633161545,
          "y": -0.008317641913890839,
          "z": 0.01095157116651535
        },
        "scale": {
          "x": 1.0,
          "y": 1.0,
          "z": 1.0
        },
        "matrix_basis": [
          [
            0.9996217489242554,
            -0.0213297288864851,
            -0.017360299825668335,
            0.0
          ],
          [
            0.022447677329182625,
            0.9975019693374634,
            0.0669768825173378,
            0.0
          ],
          [
            0.015888335183262825,
            -0.06734124571084976,
            0.9976034760475159,
            0.0
          ],
          [
            0.0,
            0.0,
            0.0,
            1.0
          ]
        ],
        "rotation_mode": "QUATERNION"
      },
      "armature_space": {
        "head": {
          "x": 0.5147858262062073,
          "y": 0.27545732259750366,
          "z": 0.35399919748306274
        },
        "tail": {
          "x": 0.5480321645736694,
          "y": 0.2804144024848938,
          "z": 0.31761637330055237
        }
      },
      "world_space": {
        "head": {
          "x": 0.5147858262062073,
          "y": 0.3387013077735901,
          "z": 1.3038532733917236
        },
        "tail": {
          "x": 0.5480321645736694,
          "y": 0.3436583876609802,
          "z": 1.267470359802246
        },
        "rotation_quaternion": {
          "w": 0.41557180881500244,
          "x": -0.652259886264801,
          "y": -0.6142774820327759,
          "z": 0.15658996999263763
        },
        "matrix": [
          [
            0.19628161191940308,
            0.6711872816085815,
            -0.7148294448852539,
            0.5147858262062073
          ],
          [
            0.9314871430397034,
            0.10007476061582565,
            0.34973812103271484,
            0.3387013077735901
          ],
          [
            0.30627933144569397,
            -0.7345067262649536,
            -0.6055633425712585,
            1.3038532733917236
          ],
          [
            0.0,
            0.0,
            0.0,
            1.0
          ]
        ]
      },
      "bone_length_armature_space": 0.04953384193770001,
      "parent": "lowerarm_l",
      "has_children": true,
      "is_end_bone": false
    },
    "thumb_01_l": {
      "name": "thumb_01_l",
      "local": {
        "location": {
          "x": 0.0,
          "y": 0.0,
          "z": 0.0
        },
        "rotation_quaternion": {
          "w": 0.9854589104652405,
          "x": 0.16984526813030243,
          "y": -0.0009523683111183345,
          "z": -0.004742042161524296
        },
        "scale": {
          "x": 1.0,
          "y": 1.0,
          "z": 1.0
        },
        "matrix_basis": [
          [
            0.9999532103538513,
            0.009022665210068226,
            -0.0034878666047006845,
            0.0
          ],
          [
            -0.009669685736298561,
            0.942260205745697,
            -0.3347420394420624,
            0.0
          ],
          [
            0.00026621282449923456,
            0.3347600996494293,
            0.9423033595085144,
            0.0
          ],
          [
            0.0,
            0.0,
            0.0,
            1.0
          ]
        ],
        "rotation_mode": "QUATERNION"
      },
      "armature_space": {
        "head": {
          "x": 0.5480321645736694,
          "y": 0.2804144024848938,
          "z": 0.31761637330055237
        },
        "tail": {
          "x": 0.5469295978546143,
          "y": 0.29816311597824097,
          "z": 0.2885921895503998
        }
      },
      "world_space": {
        "head": {
          "x": 0.5480321645736694,
          "y": 0.3436583876609802,
          "z": 1.267470359802246
        },
        "tail": {
          "x": 0.5469295978546143,
          "y": 0.3614071011543274,
          "z": 1.2384462356567383
        },
        "rotation_quaternion": {
          "w": 0.8663828372955322,
          "x": -0.4876998960971832,
          "y": 0.10047759115695953,
          "z": -0.03786630928516388
        },
        "matrix": [
          [
            0.9769408702850342,
            -0.0323924794793129,
            0.2110384702682495,
            0.5480321645736694
          ],
          [
            -0.16361922025680542,
            0.5214296579360962,
            0.837460458278656,
            0.3436583876609802
          ],
          [
            -0.13717028498649597,
            -0.8526847958564758,
            0.5041103363037109,
            1.267470359802246
          ],
          [
            0.0,
            0.0,
            0.0,
            1.0
          ]
        ]
      },
      "bone_length_armature_space": 0.03403873908734871,
      "parent": "metacarpal_thumb_l",
      "has_children": true,
      "is_end_bone": false
    },
    "thumb_02_l": {
      "name": "thumb_02_l",
      "local": {
        "location": {
          "x": 0.0,
          "y": 0.0,
          "z": 0.0
        },
        "rotation_quaternion": {
          "w": 0.9292250871658325,
          "x": 0.36947154998779297,
          "y": -0.0040437993593513966,
          "z": 0.003897457616403699
        },
        "scale": {
          "x": 1.0,
          "y": 1.0,
          "z": 1.0
        },
        "matrix_basis": [
          [
            0.9999369382858276,
            -0.010231368243694305,
            -0.004635200370103121,
            0.0
          ],
          [
            0.004255093168467283,
            0.7269511818885803,
            -0.6866759657859802,
            0.0
          ],
          [
            0.010395199060440063,
            0.6866129636764526,
            0.7269488573074341,
            0.0
          ],
          [
            0.0,
            0.0,
            0.0,
            1.0
          ]
        ],
        "rotation_mode": "QUATERNION"
      },
      "armature_space": {
        "head": {
          "x": 0.5469295382499695,
          "y": 0.2981630861759186,
          "z": 0.2885921895503998
        },
        "tail": {
          "x": 0.5784803032875061,
          "y": 0.313619464635849,
          "z": 0.3080558478832245
        }
      },
      "world_space": {
        "head": {
          "x": 0.5469295382499695,
          "y": 0.3614071011543274,
          "z": 1.2384462356567383
        },
        "tail": {
          "x": 0.5784803032875061,
          "y": 0.3768634796142578,
          "z": 1.257909893989563
        },
        "rotation_quaternion": {
          "w": 0.8312790393829346,
          "x": 0.3120378255844116,
          "y": 0.03728005290031433,
          "z": -0.458495169878006
        },
        "matrix": [
          [
            0.5767838954925537,
            0.7855404615402222,
            -0.224157452583313,
            0.5469295382499695
          ],
          [
            -0.7390111088752747,
            0.384828120470047,
            -0.5529648661613464,
            0.3614071011543274
          ],
          [
            -0.34811750054359436,
            0.48459988832473755,
            0.802490770816803,
            1.2384462356567383
          ],
          [
            0.0,
            0.0,
            0.0,
            1.0
          ]
        ]
      },
      "bone_length_armature_space": 0.040164466910829616,
      "parent": "thumb_01_l",
      "has_children": true,
      "is_end_bone": false
    },
    "thumb_03_l": {
      "name": "thumb_03_l",
      "local": {
        "location": {
          "x": 0.0,
          "y": 0.0,
          "z": 0.0
        },
        "rotation_quaternion": {
          "w": 0.9845621585845947,
          "x": 0.17490673065185547,
          "y": 0.0045576742850244045,
          "z": -0.004924760200083256
        },
        "scale": {
          "x": 1.0,
          "y": 1.0,
          "z": 1.0
        },
        "matrix_basis": [
          [
            0.9999099373817444,
            0.011291800998151302,
            0.007251879666000605,
            0.0
          ],
          [
            -0.00810312945395708,
            0.9387667775154114,
            -0.3444579839706421,
            0.0
          ],
          [
            -0.010697375051677227,
            0.34436821937561035,
            0.9387737512588501,
            0.0
          ],
          [
            0.0,
            0.0,
            0.0,
            1.0
          ]
        ],
        "rotation_mode": "QUATERNION"
      },
      "armature_space": {
        "head": {
          "x": 0.5784803032875061,
          "y": 0.3136194348335266,
          "z": 0.3080557584762573
        },
        "tail": {
          "x": 0.5943052172660828,
          "y": 0.3140537440776825,
          "z": 0.3340612053871155
        }
      },
      "world_space": {
        "head": {
          "x": 0.5784803032875061,
          "y": 0.37686342000961304,
          "z": 1.2579097747802734
        },
        "tail": {
          "x": 0.5943052172660828,
          "y": 0.3772977590560913,
          "z": 1.2839152812957764
        },
        "rotation_quaternion": {
          "w": 0.7100436091423035,
          "x": 0.6259034872055054,
          "y": 0.054503146559000015,
          "z": -0.3179817795753479
        },
        "matrix": [
          [
            0.7918330430984497,
            0.519789457321167,
            -0.3206547498703003,
            0.5784803032875061
          ],
          [
            -0.38333776593208313,
            0.014265328645706177,
            -0.923498272895813,
            0.37686342000961304
          ],
          [
            -0.4754541218280792,
            0.8541813492774963,
            0.21055114269256592,
            1.2579097747802734
          ],
          [
            0.0,
            0.0,
            0.0,
            1.0
          ]
        ]
      },
      "bone_length_armature_space": 0.03044502889663396,
      "parent": "thumb_02_l",
      "has_children": false,
      "is_end_bone": true
    },
    "metacarpal_index_l": {
      "name": "metacarpal_index_l",
      "local": {
        "location": {
          "x": 0.0,
          "y": 0.0,
          "z": 0.0
        },
        "rotation_quaternion": {
          "w": 0.9999310970306396,
          "x": -0.0009058357682079077,
          "y": 0.007806843612343073,
          "z": -0.008723251521587372
        },
        "scale": {
          "x": 1.0,
          "y": 1.0,
          "z": 1.0
        },
        "matrix_basis": [
          [
            0.9997259378433228,
            0.01743115670979023,
            0.01562841422855854,
            0.0
          ],
          [
            -0.0174594447016716,
            0.9998461604118347,
            0.0016753445379436016,
            0.0
          ],
          [
            -0.015596807934343815,
            -0.0019477488240227103,
            0.9998764395713806,
            0.0
          ],
          [
            0.0,
            0.0,
            0.0,
            1.0
          ]
        ],
        "rotation_mode": "QUATERNION"
      },
      "armature_space": {
        "head": {
          "x": 0.5147858262062073,
          "y": 0.27545732259750366,
          "z": 0.35399919748306274
        },
        "tail": {
          "x": 0.6029238700866699,
          "y": 0.32114970684051514,
          "z": 0.2917645573616028
        }
      },
      "world_space": {
        "head": {
          "x": 0.5147858262062073,
          "y": 0.3387013077735901,
          "z": 1.3038532733917236
        },
        "tail": {
          "x": 0.6029238700866699,
          "y": 0.38439369201660156,
          "z": 1.2416186332702637
        },
        "rotation_quaternion": {
          "w": 0.19740937650203705,
          "x": -0.5137563347816467,
          "y": -0.8099446892738342,
          "z": 0.202666237950325
        },
        "matrix": [
          [
            -0.39416682720184326,
            0.752212643623352,
            -0.5280234813690186,
            0.5147858262062073
          ],
          [
            0.9122454524040222,
            0.389960914850235,
            -0.1254546046257019,
            0.3387013077735901
          ],
          [
            0.11154167354106903,
            -0.5311405062675476,
            -0.8399181365966797,
            1.3038532733917236
          ],
          [
            0.0,
            0.0,
            0.0,
            1.0
          ]
        ]
      },
      "bone_length_armature_space": 0.11717192129058422,
      "parent": "lowerarm_l",
      "has_children": true,
      "is_end_bone": false
    },
    "index_01_l": {
      "name": "index_01_l",
      "local": {
        "location": {
          "x": 0.0,
          "y": 0.0,
          "z": 0.0
        },
        "rotation_quaternion": {
          "w": 0.9732489585876465,
          "x": 0.2284862995147705,
          "y": -0.02386360801756382,
          "z": -0.0033237733878195286
        },
        "scale": {
          "x": 1.0,
          "y": 1.0,
          "z": 1.0
        },
        "matrix_basis": [
          [
            0.9988389611244202,
            -0.004435297101736069,
            -0.04796933755278587,
            0.0
          ],
          [
            -0.017374733462929726,
            0.895565927028656,
            -0.4445894658565521,
            0.0
          ],
          [
            0.04493159055709839,
            0.44490674138069153,
            0.8944490551948547,
            0.0
          ],
          [
            0.0,
            0.0,
            0.0,
            1.0
          ]
        ],
        "rotation_mode": "QUATERNION"
      },
      "armature_space": {
        "head": {
          "x": 0.6029238700866699,
          "y": 0.32114970684051514,
          "z": 0.2917645573616028
        },
        "tail": {
          "x": 0.613425612449646,
          "y": 0.33842790126800537,
          "z": 0.2716585397720337
        }
      },
      "world_space": {
        "head": {
          "x": 0.6029238700866699,
          "y": 0.38439369201660156,
          "z": 1.2416186332702637
        },
        "tail": {
          "x": 0.613425612449646,
          "y": 0.4016718864440918,
          "z": 1.2215125560760498
        },
        "rotation_quaternion": {
          "w": 0.2698366045951843,
          "x": -0.31443843245506287,
          "y": -0.8544953465461731,
          "z": 0.3132963478565216
        },
        "matrix": [
          [
            -0.6566329598426819,
            0.3682955503463745,
            -0.6581729650497437,
            0.6029238700866699
          ],
          [
            0.7064507603645325,
            0.6059474945068359,
            -0.365725576877594,
            0.38439369201660156
          ],
          [
            0.2641257345676422,
            -0.7051186561584473,
            -0.6580725908279419,
            1.2416186332702637
          ],
          [
            0.0,
            0.0,
            0.0,
            1.0
          ]
        ]
      },
      "bone_length_armature_space": 0.028514461961063504,
      "parent": "metacarpal_index_l",
      "has_children": true,
      "is_end_bone": false
    },
    "index_02_l": {
      "name": "index_02_l",
      "local": {
        "location": {
          "x": 0.0,
          "y": 0.0,
          "z": 0.0
        },
        "rotation_quaternion": {
          "w": 0.9087628722190857,
          "x": 0.4171385169029236,
          "y": -0.007510324940085411,
          "z": -0.009443643502891064
        },
        "scale": {
          "x": 1.0,
          "y": 1.0,
          "z": 1.0
        },
        "matrix_basis": [
          [
            0.9997088313102722,
            0.010898374021053314,
            -0.0215288233011961,
            0.0
          ],
          [
            -0.023429756984114647,
            0.6518125534057617,
            -0.7580181360244751,
            0.0
          ],
          [
            0.005771594122052193,
            0.758301854133606,
            0.6518781185150146,
            0.0
          ],
          [
            0.0,
            0.0,
            0.0,
            1.0
          ]
        ],
        "rotation_mode": "QUATERNION"
      },
      "armature_space": {
        "head": {
          "x": 0.6134257316589355,
          "y": 0.338427871465683,
          "z": 0.2716580033302307
        },
        "tail": {
          "x": 0.6077404618263245,
          "y": 0.34175750613212585,
          "z": 0.24686506390571594
        }
      },
      "world_space": {
        "head": {
          "x": 0.6134257316589355,
          "y": 0.4016718864440918,
          "z": 1.2215120792388916
        },
        "tail": {
          "x": 0.6077404618263245,
          "y": 0.40500152111053467,
          "z": 1.1967190504074097
        },
        "rotation_quaternion": {
          "w": 0.3385501205921173,
          "x": -0.1579754501581192,
          "y": -0.6710298657417297,
          "z": 0.6404268741607666
        },
        "matrix": [
          [
            -0.7208539843559265,
            -0.22162042558193207,
            -0.6566992998123169,
            0.6134257316589355
          ],
          [
            0.6456475257873535,
            0.12979426980018616,
            -0.7525243759155273,
            0.4016718864440918
          ],
          [
            0.2520129978656769,
            -0.9664630889892578,
            0.04952561855316162,
            1.2215120792388916
          ],
          [
            0.0,
            0.0,
            0.0,
            1.0
          ]
        ]
      },
      "bone_length_armature_space": 0.02565343244932255,
      "parent": "index_01_l",
      "has_children": true,
      "is_end_bone": false
    },
    "index_03_l": {
      "name": "index_03_l",
      "local": {
        "location": {
          "x": 0.0,
          "y": 0.0,
          "z": 0.0
        },
        "rotation_quaternion": {
          "w": 0.9697142839431763,
          "x": 0.24420256912708282,
          "y": -0.004278701730072498,
          "z": -0.0009932939428836107
        },
        "scale": {
          "x": 1.0,
          "y": 1.0,
          "z": 1.0
        },
        "matrix_basis": [
          [
            0.9999614357948303,
            -0.00016331726510543376,
            -0.008783366531133652,
            0.0
          ],
          [
            -0.004016162361949682,
            0.8807282447814941,
            -0.4736049473285675,
            0.0
          ],
          [
            0.007813106290996075,
            0.4736219346523285,
            0.8806936144828796,
            0.0
          ],
          [
            0.0,
            0.0,
            0.0,
            1.0
          ]
        ],
        "rotation_mode": "QUATERNION"
      },
      "armature_space": {
        "head": {
          "x": 0.607740581035614,
          "y": 0.3417576253414154,
          "z": 0.24686507880687714
        },
        "tail": {
          "x": 0.5895083546638489,
          "y": 0.3349560797214508,
          "z": 0.22506912052631378
        }
      },
      "world_space": {
        "head": {
          "x": 0.607740581035614,
          "y": 0.4050016403198242,
          "z": 1.1967190504074097
        },
        "tail": {
          "x": 0.5895083546638489,
          "y": 0.3982000946998596,
          "z": 1.1749231815338135
        },
        "rotation_quaternion": {
          "w": 0.4158707559108734,
          "x": -0.03105038031935692,
          "y": -0.4589777886867523,
          "z": 0.7844915390014648
        },
        "matrix": [
          [
            -0.6521732211112976,
            -0.6239913702011108,
            -0.43047046661376953,
            0.607740581035614
          ],
          [
            0.6809993982315063,
            -0.23278102278709412,
            -0.6943002939224243,
            0.4050016403198242
          ],
          [
            0.33303505182266235,
            -0.7459596991539001,
            0.5767548084259033,
            1.1967190504074097
          ],
          [
            0.0,
            0.0,
            0.0,
            1.0
          ]
        ]
      },
      "bone_length_armature_space": 0.029218810914309678,
      "parent": "index_02_l",
      "has_children": false,
      "is_end_bone": true
    },
    "metacarpal_pinky_l": {
      "name": "metacarpal_pinky_l",
      "local": {
        "location": {
          "x": 0.0,
          "y": 0.0,
          "z": 0.0
        },
        "rotation_quaternion": {
          "w": 0.9996645450592041,
          "x": -0.02536800689995289,
          "y": 0.005179255269467831,
          "z": 0.0006359535036608577
        },
        "scale": {
          "x": 1.0,
          "y": 1.0,
          "z": 1.0
        },
        "matrix_basis": [
          [
            0.9999455213546753,
            -0.0015342551050707698,
            0.010322770103812218,
            0.0
          ],
          [
            0.0010087055852636695,
            0.9987121224403381,
            0.050725582987070084,
            0.0
          ],
          [
            -0.010387301445007324,
            -0.050712406635284424,
            0.9986592531204224,
            0.0
          ],
          [
            0.0,
            0.0,
            0.0,
            1.0
          ]
        ],
        "rotation_mode": "QUATERNION"
      },
      "armature_space": {
        "head": {
          "x": 0.5147858262062073,
          "y": 0.27545732259750366,
          "z": 0.35399919748306274
        },
        "tail": {
          "x": 0.5769285559654236,
          "y": 0.3582877516746521,
          "z": 0.34301671385765076
        }
      },
      "world_space": {
        "head": {
          "x": 0.5147858262062073,
          "y": 0.3387013077735901,
          "z": 1.3038532733917236
        },
        "tail": {
          "x": 0.5769285559654236,
          "y": 0.4215317368507385,
          "z": 1.2928707599639893
        },
        "rotation_quaternion": {
          "w": 0.7887213230133057,
          "x": 0.12817536294460297,
          "y": 0.5250166058540344,
          "z": -0.29299741983413696
        },
        "matrix": [
          [
            0.2770199477672577,
            0.5967758297920227,
            0.7530727982521057,
            0.5147858262062073
          ],
          [
            -0.32759901881217957,
            0.7954463362693787,
            -0.5098471641540527,
            0.3387013077735901
          ],
          [
            -0.9033001661300659,
            -0.10546814650297165,
            0.41585999727249146,
            1.3038532733917236
          ],
          [
            0.0,
            0.0,
            0.0,
            1.0
          ]
        ]
      },
      "bone_length_armature_space": 0.10413075404817874,
      "parent": "lowerarm_l",
      "has_children": true,
      "is_end_bone": false
    },
    "pinky_01_l": {
      "name": "pinky_01_l",
      "local": {
        "location": {
          "x": 0.0,
          "y": 0.0,
          "z": 0.0
        },
        "rotation_quaternion": {
          "w": 0.9326521754264832,
          "x": 0.3600977957248688,
          "y": 0.001848948304541409,
          "z": 0.022049980238080025
        },
        "scale": {
          "x": 1.0,
          "y": 1.0,
          "z": 1.0
        },
        "matrix_basis": [
          [
            0.9990207552909851,
            -0.0397983193397522,
            0.019329149276018143,
            0.0
          ],
          [
            0.04246152937412262,
            0.7396867275238037,
            -0.6716104745864868,
            0.0
          ],
          [
            0.012431447394192219,
            0.6717735528945923,
            0.740652322769165,
            0.0
          ],
          [
            0.0,
            0.0,
            0.0,
            1.0
          ]
        ],
        "rotation_mode": "QUATERNION"
      },
      "armature_space": {
        "head": {
          "x": 0.5769285559654236,
          "y": 0.3582877516746521,
          "z": 0.34301671385765076
        },
        "tail": {
          "x": 0.578070342540741,
          "y": 0.3736923635005951,
