{
  "metadata": {
    "armature_name": "KIM_caucasian_male",
    "export_time": "2026-01-13T21:02:20.476286",
    "blender_version": "4.4.1",
    "bone_count": 56,
    "end_bone_count": 13,
    "spaces_included": [
      "LOCAL_CHANNELS",
      "ARMATURE_SPACE",
      "WORLD_SPACE"
    ],
    "note": "LOCAL matches Transform panel; replay pose via local.matrix_basis for best fidelity."
  },
  "bones": {
    "Root": {
      "name": "Root",
      "local": {
        "location": {
          "x": 0.0,
          "y": 0.0,
          "z": 0.0
        },
        "rotation_quaternion": {
          "w": 0.9997366666793823,
          "x": 0.005053109489381313,
          "y": -0.006423178594559431,
          "z": 0.02144884131848812
        },
        "scale": {
          "x": 1.0,
          "y": 1.0,
          "z": 1.0
        },
        "matrix_basis": [
          [
            0.9989973902702332,
            -0.042951300740242004,
            -0.012626207433640957,
            0.0
          ],
          [
            0.04282147064805031,
            0.9990288019180298,
            -0.010379097424447536,
            0.0
          ],
          [
            0.013059740886092186,
            0.00982801802456379,
            0.9998664259910583,
            0.0
          ],
          [
            0.0,
            0.0,
            0.0,
            1.0
          ]
        ],
        "rotation_mode": "QUATERNION"
      },
      "armature_space": {
        "head": {
          "x": 0.0,
          "y": 0.07072800397872925,
          "z": -0.009595036506652832
        },
        "tail": {
          "x": -0.0030656864400953054,
          "y": -2.5607645511627197e-05,
          "z": -0.000704440288245678
        }
      },
      "world_space": {
        "head": {
          "x": 0.0,
          "y": 0.13397200405597687,
          "z": 0.9402589797973633
        },
        "tail": {
          "x": -0.0030656864400953054,
          "y": 0.06321839243173599,
          "z": 0.9491495490074158
        },
        "rotation_quaternion": {
          "w": 0.06230827420949936,
          "x": 0.9978057742118835,
          "y": -0.02183283306658268,
          "z": -0.004963624756783247
        },
        "matrix": [
          [
            0.9989973902702332,
            -0.042951300740242004,
            -0.012626207433640957,
            0.0
          ],
          [
            -0.04418840631842613,
            -0.9912819862365723,
            -0.1241268515586853,
            0.13397200405597687
          ],
          [
            -0.007184814196079969,
            0.12456025183200836,
            -0.9921931028366089,
            0.9402589797973633
          ],
          [
            0.0,
            0.0,
            0.0,
            1.0
          ]
        ]
      },
      "bone_length_armature_space": 0.07137586876685746,
      "parent": null,
      "has_children": true,
      "is_end_bone": false
    },
    "spine_01": {
      "name": "spine_01",
      "local": {
        "location": {
          "x": 0.0,
          "y": 0.0,
          "z": 0.0
        },
        "rotation_quaternion": {
          "w": 0.9942516088485718,
          "x": 0.10311365872621536,
          "y": 0.015190930105745792,
          "z": -0.024510471150279045
        },
        "scale": {
          "x": 1.0,
          "y": 1.0,
          "z": 1.0
        },
        "matrix_basis": [
          [
            0.9983369708061218,
            0.05187193676829338,
            0.025152483955025673,
            0.0
          ],
          [
            -0.04560636729001999,
            0.9775336384773254,
            -0.20578651130199432,
            0.0
          ],
          [
            -0.03526194393634796,
            0.20429717004299164,
            0.9782736301422119,
            0.0
          ],
          [
            0.0,
            0.0,
            0.0,
            1.0
          ]
        ],
        "rotation_mode": "QUATERNION"
      },
      "armature_space": {
        "head": {
          "x": -0.0030656864400953054,
          "y": -2.5607645511627197e-05,
          "z": -0.000704440288245678
        },
        "tail": {
          "x": 0.022043636068701744,
          "y": -0.08329278230667114,
          "z": 0.47948768734931946
        }
      },
      "world_space": {
        "head": {
          "x": -0.0030656864400953054,
          "y": 0.06321839243173599,
          "z": 0.9491495490074158
        },
        "tail": {
          "x": 0.022043636068701744,
          "y": -0.020048782229423523,
          "z": 1.4293416738510132
        },
        "rotation_quaternion": {
          "w": 0.6438219547271729,
          "x": 0.7646794319152832,
          "y": 0.013365120626986027,
          "z": -0.02408532053232193
        },
        "matrix": [
          [
            0.9984825849533081,
            0.051453400403261185,
            -0.019625237211585045,
            -0.0030656864400953054
          ],
          [
            -0.010572928935289383,
            -0.17062902450561523,
            -0.9852786660194397,
            0.06321839243173599
          ],
          [
            -0.05404496565461159,
            0.9839977622032166,
            -0.16982820630073547,
            0.9491495490074158
          ],
          [
            0.0,
            0.0,
            0.0,
            1.0
          ]
        ]
      },
      "bone_length_armature_space": 0.48800448030214555,
      "parent": "Root",
      "has_children": true,
      "is_end_bone": false
    },
    "neck_01": {
      "name": "neck_01",
      "local": {
        "location": {
          "x": 0.0,
          "y": 0.0,
          "z": 0.0
        },
        "rotation_quaternion": {
          "w": 0.9836636781692505,
          "x": 0.07323410362005234,
          "y": 0.0795736312866211,
          "z": 0.14391165971755981
        },
        "scale": {
          "x": 1.0,
          "y": 1.0,
          "z": 1.0
        },
        "matrix_basis": [
          [
            0.9459149241447449,
            -0.27146634459495544,
            0.1776258647441864,
            0.0
          ],
          [
            0.2947763502597809,
            0.947852373123169,
            -0.12117230892181396,
            0.0
          ],
          [
            -0.13546890020370483,
            0.1669785976409912,
            0.9766095876693726,
            0.0
          ],
          [
            0.0,
            0.0,
            0.0,
            1.0
          ]
        ],
        "rotation_mode": "QUATERNION"
      },
      "armature_space": {
        "head": {
          "x": 0.025130363181233406,
          "y": -0.12995587289333344,
          "z": 0.5456447601318359
        },
        "tail": {
          "x": 0.0005687959492206573,
          "y": -0.1958240419626236,
          "z": 0.6202691793441772
        }
      },
      "world_space": {
        "head": {
          "x": 0.025130363181233406,
          "y": -0.06671187281608582,
          "z": 1.495498776435852
        },
        "tail": {
          "x": 0.0005687959492206573,
          "y": -0.13258004188537598,
          "z": 1.5701231956481934
        },
        "rotation_quaternion": {
          "w": 0.4148695170879364,
          "x": 0.8992658257484436,
          "y": -0.08149749040603638,
          "z": 0.11208245158195496
        },
        "matrix": [
          [
            0.9615914821624756,
            -0.23957517743110657,
            0.13396133482456207,
            0.025130363181233406
          ],
          [
            -0.05357726663351059,
            -0.6424825191497803,
            -0.7644251585006714,
            -0.06671187281608582
          ],
          [
            0.2692068815231323,
            0.727891743183136,
            -0.6306466460227966,
            1.495498776435852
          ],
          [
            0.0,
            0.0,
            0.0,
            1.0
          ]
        ]
      },
      "bone_length_armature_space": 0.10252165589862647,
      "parent": "spine_01",
      "has_children": true,
      "is_end_bone": false
    },
    "head": {
      "name": "head",
      "local": {
        "location": {
          "x": 0.0,
          "y": 0.0,
          "z": 0.0
        },
        "rotation_quaternion": {
          "w": 0.9682270884513855,
          "x": -0.12535876035690308,
          "y": -0.03335656598210335,
          "z": 0.2137964963912964
        },
        "scale": {
          "x": 1.0,
          "y": 1.0,
          "z": 1.0
        },
        "matrix_basis": [
          [
            0.9063568115234375,
            -0.405644029378891,
            -0.11819598823785782,
            0.0
          ],
          [
            0.42237019538879395,
            0.8771525025367737,
            0.22848846018314362,
            0.0
          ],
          [
            0.010990934446454048,
            -0.25701454281806946,
            0.9663450121879578,
            0.0
          ],
          [
            0.0,
            0.0,
            0.0,
            1.0
          ]
        ],
        "rotation_mode": "QUATERNION"
      },
      "armature_space": {
        "head": {
          "x": 0.000568833202123642,
          "y": -0.19582411646842957,
          "z": 0.6202690005302429
        },
        "tail": {
          "x": -0.09839096665382385,
          "y": -0.19849435985088348,
          "z": 0.7396549582481384
        }
      },
      "world_space": {
        "head": {
          "x": 0.000568833202123642,
          "y": -0.13258011639118195,
          "z": 1.5701229572296143
        },
        "tail": {
          "x": -0.09839096665382385,
          "y": -0.13525035977363586,
          "z": 1.6895089149475098
        },
        "rotation_quaternion": {
          "w": 0.6325037479400635,
          "x": 0.69162917137146,
          "y": -0.3022090196609497,
          "z": 0.1739477664232254
        },
        "matrix": [
          [
            0.7568230032920837,
            -0.6380789875984192,
            -0.14168432354927063,
            0.000568833202123642
          ],
          [
            -0.1979910284280777,
            -0.017217382788658142,
            -0.9800527095794678,
            -0.13258011639118195
          ],
          [
            0.6229155659675598,
            0.7697839736938477,
            -0.13936635851860046,
            1.5701229572296143
          ],
          [
            0.0,
            0.0,
            0.0,
            1.0
          ]
        ]
      },
      "bone_length_armature_space": 0.1550908784692389,
      "parent": "neck_01",
      "has_children": false,
      "is_end_bone": true
    },
    "upperarm_l": {
      "name": "upperarm_l",
      "local": {
        "location": {
          "x": 0.0,
          "y": 0.0,
          "z": 0.0
        },
        "rotation_quaternion": {
          "w": 0.8341847658157349,
          "x": 0.2078254222869873,
          "y": 0.4991080164909363,
          "z": 0.10879155993461609
        },
        "scale": {
          "x": 1.0,
          "y": 1.0,
          "z": 1.0
        },
        "matrix_basis": [
          [
            0.4781111776828766,
            0.025950144976377487,
            0.8779159188270569,
            0.0
          ],
          [
            0.38895919919013977,
            0.8899459838867188,
            -0.23813211917877197,
            0.0
          ],
          [
            -0.7874773144721985,
            0.4553270936012268,
            0.41539955139160156,
            0.0
          ],
          [
            0.0,
            0.0,
            0.0,
            1.0
          ]
        ],
        "rotation_mode": "QUATERNION"
      },
      "armature_space": {
        "head": {
          "x": 0.1713820993900299,
          "y": -0.1232164055109024,
          "z": 0.4708641469478607
        },
        "tail": {
          "x": 0.41081494092941284,
          "y": -0.2339174449443817,
          "z": 0.4236956238746643
        }
      },
      "world_space": {
        "head": {
          "x": 0.1713820993900299,
          "y": -0.059972405433654785,
          "z": 1.4207181930541992
        },
        "tail": {
          "x": 0.41081494092941284,
          "y": -0.1706734448671341,
          "z": 1.3735496997833252
        },
        "rotation_quaternion": {
          "w": 0.0208413265645504,
          "x": 0.8178561925888062,
          "y": 0.5413040518760681,
          "z": -0.19407954812049866
        },
        "matrix": [
          [
            0.3386456370353699,
            0.8935080766677856,
            -0.29489442706108093,
            0.1713820993900299
          ],
          [
            0.8773277997970581,
            -0.4131106734275818,
            -0.24420426785945892,
            -0.059972405433654785
          ],
          [
            -0.34002402424812317,
            -0.1760219931602478,
            -0.9238041639328003,
            1.4207181930541992
          ],
          [
            0.0,
            0.0,
            0.0,
            1.0
          ]
        ]
      },
      "bone_length_armature_space": 0.2679695439048885,
      "parent": "spine_01",
      "has_children": true,
      "is_end_bone": false
    },
    "lowerarm_l": {
      "name": "lowerarm_l",
      "local": {
        "location": {
          "x": 0.0,
          "y": 0.0,
          "z": 0.0
        },
        "rotation_quaternion": {
          "w": 0.9358429908752441,
          "x": 0.2513767182826996,
          "y": -0.08296474069356918,
          "z": 0.2326468527317047
        },
        "scale": {
          "x": 1.0,
          "y": 1.0,
          "z": 1.0
        },
        "matrix_basis": [
          [
            0.8779845833778381,
            -0.47715267539024353,
            -0.03831993788480759,
            0.0
          ],
          [
            0.3937310576438904,
            0.7653703689575195,
            -0.5091012716293335,
            0.0
          ],
          [
            0.27224794030189514,
            0.43189531564712524,
            0.859853208065033,
            0.0
          ],
          [
            0.0,
            0.0,
            0.0,
            1.0
          ]
        ],
        "rotation_mode": "QUATERNION"
      },
      "armature_space": {
        "head": {
          "x": 0.41081497073173523,
          "y": -0.23391759395599365,
          "z": 0.4236955940723419
        },
        "tail": {
          "x": 0.485050767660141,
          "y": -0.4751977324485779,
          "z": 0.3351379632949829
        }
      },
      "world_space": {
        "head": {
          "x": 0.41081497073173523,
          "y": -0.17067359387874603,
          "z": 1.3735495805740356
        },
        "tail": {
          "x": 0.485050767660141,
          "y": -0.41195374727249146,
          "z": 1.284991979598999
        },
        "rotation_quaternion": {
          "w": 0.08385992050170898,
          "x": -0.8627897500991821,
          "y": -0.20498251914978027,
          "z": 0.4544706344604492
        },
        "matrix": [
          [
            0.502876877784729,
            0.27749156951904297,
            -0.8186045289039612,
            0.41081497073173523
          ],
          [
            0.42993760108947754,
            -0.9018992185592651,
            -0.04161214828491211,
            -0.17067359387874603
          ],
          [
            -0.7498506307601929,
            -0.3310263156890869,
            -0.5728524923324585,
            1.3735495805740356
          ],
          [
            0.0,
            0.0,
            0.0,
            1.0
          ]
        ]
      },
      "bone_length_armature_space": 0.26752479136558616,
      "parent": "upperarm_l",
      "has_children": true,
      "is_end_bone": false
    },
    "metacarpal_thumb_l": {
      "name": "metacarpal_thumb_l",
      "local": {
        "location": {
          "x": 0.0,
          "y": 0.0,
          "z": 0.0
        },
        "rotation_quaternion": {
          "w": 0.9988679885864258,
          "x": -0.04439910873770714,
          "y": 0.01026892475783825,
          "z": 0.013640361838042736
        },
        "scale": {
          "x": 1.0,
          "y": 1.0,
          "z": 1.0
        },
        "matrix_basis": [
          [
            0.9994170069694519,
            -0.028161704540252686,
            0.01930336095392704,
            0.0
          ],
          [
            0.02633797936141491,
            0.995685338973999,
            0.08897784352302551,
            0.0
          ],
          [
            -0.021725840866565704,
            -0.08841755241155624,
            0.9958465099334717,
            0.0
          ],
          [
            0.0,
            0.0,
            0.0,
            1.0
          ]
        ],
        "rotation_mode": "QUATERNION"
      },
      "armature_space": {
        "head": {
          "x": 0.485050767660141,
          "y": -0.4751977324485779,
          "z": 0.3351379632949829
        },
        "tail": {
          "x": 0.4733058214187622,
          "y": -0.509539008140564,
          "z": 0.3014283776283264
        }
      },
      "world_space": {
        "head": {
          "x": 0.485050767660141,
          "y": -0.41195374727249146,
          "z": 1.284991979598999
        },
        "tail": {
          "x": 0.4733058214187622,
          "y": -0.44629502296447754,
          "z": 1.2512824535369873
        },
        "rotation_quaternion": {
          "w": 0.33459213376045227,
          "x": -0.8997047543525696,
          "y": 0.20347633957862854,
          "z": -0.19281311333179474
        },
        "matrix": [
          [
            0.8428406715393066,
            -0.23711036145687103,
            0.4831131398677826,
            0.485050767660141
          ],
          [
            -0.4951651096343994,
            -0.6932913064956665,
            0.5236016511917114,
            -0.41195374727249146
          ],
          [
            0.21078792214393616,
            -0.6805390119552612,
            -0.7017472982406616,
            1.284991979598999
          ],
          [
            0.0,
            0.0,
            0.0,
            1.0
          ]
        ]
      },
      "bone_length_armature_space": 0.049533857801668274,
      "parent": "lowerarm_l",
      "has_children": true,
      "is_end_bone": false
    },
    "thumb_01_l": {
      "name": "thumb_01_l",
      "local": {
        "location": {
          "x": 0.0,
          "y": 0.0,
          "z": 0.0
        },
        "rotation_quaternion": {
          "w": 0.985381007194519,
          "x": 0.16976530849933624,
          "y": -0.00900037307292223,
          "z": -0.011090070009231567
        },
        "scale": {
          "x": 1.0,
          "y": 1.0,
          "z": 1.0
        },
        "matrix_basis": [
          [
            0.9995920062065125,
            0.01879998669028282,
            -0.021503010764718056,
            0.0
          ],
          [
            -0.0249117910861969,
            0.9421135187149048,
            -0.33436739444732666,
            0.0
          ],
          [
            0.013972175307571888,
            0.3347666561603546,
            0.9421974420547485,
            0.0
          ],
          [
            0.0,
            0.0,
            0.0,
            1.0
          ]
        ],
        "rotation_mode": "QUATERNION"
      },
      "armature_space": {
        "head": {
          "x": 0.4733058214187622,
          "y": -0.509539008140564,
          "z": 0.3014283776283264
        },
        "tail": {
          "x": 0.4859684705734253,
          "y": -0.516136646270752,
          "z": 0.2705290615558624
        }
      },
      "world_space": {
        "head": {
          "x": 0.4733058214187622,
          "y": -0.44629502296447754,
          "z": 1.2512824535369873
        },
        "tail": {
          "x": 0.4859684705734253,
          "y": -0.4528926610946655,
          "z": 1.2203830480575562
        },
        "rotation_quaternion": {
          "w": 0.4281237721443176,
          "x": -0.2657371163368225,
          "y": 0.4688240885734558,
          "z": -0.7254639863967896
        },
        "matrix": [
          [
            -0.4921858012676239,
            0.3720090687274933,
            0.7869958281517029,
            0.4733058214187622
          ],
          [
            -0.8703455924987793,
            -0.19382740557193756,
            -0.45269137620925903,
            -0.44629502296447754
          ],
          [
            -0.01586487889289856,
            -0.9077733159065247,
            0.41917818784713745,
            1.2512824535369873
          ],
          [
            0.0,
            0.0,
            0.0,
            1.0
          ]
        ]
      },
      "bone_length_armature_space": 0.03403879042863803,
      "parent": "metacarpal_thumb_l",
      "has_children": true,
      "is_end_bone": false
    },
    "thumb_02_l": {
      "name": "thumb_02_l",
      "local": {
        "location": {
          "x": 0.0,
          "y": 0.0,
          "z": 0.0
        },
        "rotation_quaternion": {
          "w": 0.9406206607818604,
          "x": 0.33939385414123535,
          "y": -0.0039701093919575214,
          "z": 0.0053891814313828945
        },
        "scale": {
          "x": 1.0,
          "y": 1.0,
          "z": 1.0
        },
        "matrix_basis": [
          [
            0.9999104142189026,
            -0.01283321250230074,
            -0.003810623660683632,
            0.0
          ],
          [
            0.007443489506840706,
            0.7695655226707458,
            -0.6385245323181152,
            0.0
          ],
          [
            0.011126844212412834,
            0.6384389400482178,
            0.7695921063423157,
            0.0
          ],
          [
            0.0,
            0.0,
            0.0,
            1.0
          ]
        ],
        "rotation_mode": "QUATERNION"
      },
      "armature_space": {
        "head": {
          "x": 0.4859684705734253,
          "y": -0.5161365866661072,
          "z": 0.2705290615558624
        },
        "tail": {
          "x": 0.4938829243183136,
          "y": -0.5509377717971802,
          "z": 0.2889525294303894
        }
      },
      "world_space": {
        "head": {
          "x": 0.4859684705734253,
          "y": -0.45289260149002075,
          "z": 1.2203830480575562
        },
        "tail": {
          "x": 0.4938829243183136,
          "y": -0.48769378662109375,
          "z": 1.2388064861297607
        },
        "rotation_quaternion": {
          "w": 0.1338071972131729,
          "x": 0.13344749808311462,
          "y": -0.22104698419570923,
          "z": -0.9567787647247314
        },
        "matrix": [
          [
            -0.9285747408866882,
            0.19705164432525635,
            -0.3145149052143097,
            0.4859684705734253
          ],
          [
            -0.3150443136692047,
            -0.8664677143096924,
            0.38727372884750366,
            -0.45289260149002075
          ],
          [
            -0.19620588421821594,
            0.4587012529373169,
            0.8666664361953735,
            1.2203830480575562
          ],
          [
            0.0,
            0.0,
            0.0,
            1.0
          ]
        ]
      },
      "bone_length_armature_space": 0.04016447750834272,
      "parent": "thumb_01_l",
      "has_children": true,
      "is_end_bone": false
    },
    "thumb_03_l": {
      "name": "thumb_03_l",
      "local": {
        "location": {
          "x": 0.0,
          "y": 0.0,
          "z": 0.0
        },
        "rotation_quaternion": {
          "w": 0.9843429327011108,
          "x": 0.17617954313755035,
          "y": -0.005359397269785404,
          "z": -0.00108250230550766
        },
        "scale": {
          "x": 1.0,
          "y": 1.0,
          "z": 1.0
        },
        "matrix_basis": [
          [
            0.9999402165412903,
            0.00024267466505989432,
            -0.010932398959994316,
            0.0
          ],
          [
            -0.004019539337605238,
            0.9379191994667053,
            -0.3468305766582489,
            0.0
          ],
          [
            0.010169540531933308,
            0.3468537926673889,
            0.9378640651702881,
            0.0
          ],
          [
            0.0,
            0.0,
            0.0,
            1.0
          ]
        ],
        "rotation_mode": "QUATERNION"
      },
      "armature_space": {
        "head": {
          "x": 0.4938828945159912,
          "y": -0.5509377121925354,
          "z": 0.28895244002342224
        },
        "tail": {
          "x": 0.49387869238853455,
          "y": -0.5658204555511475,
          "z": 0.31551191210746765
        }
      },
      "world_space": {
        "head": {
          "x": 0.4938828945159912,
          "y": -0.487693727016449,
          "z": 1.2388064861297607
        },
        "tail": {
          "x": 0.49387869238853455,
          "y": -0.502576470375061,
          "z": 1.2653659582138062
        },
        "rotation_quaternion": {
          "w": 0.19679610431194305,
          "x": 0.3359898030757904,
          "y": -0.46567225456237793,
          "z": -0.7946895956993103
        },
        "matrix": [
          [
            -0.6967649459838867,
            -0.00013753771781921387,
            -0.7172995805740356,
            0.4938828945159912
          ],
          [
            -0.6257057189941406,
            -0.48884153366088867,
            0.6078869700431824,
            -0.487693727016449
          ],
          [
            -0.3507325053215027,
            0.8723784685134888,
            0.34052446484565735,
            1.2388064861297607
          ],
          [
            0.0,
            0.0,
            0.0,
            1.0
          ]
        ]
      },
      "bone_length_armature_space": 0.030445059017245625,
      "parent": "thumb_02_l",
      "has_children": false,
      "is_end_bone": true
    },
    "metacarpal_index_l": {
      "name": "metacarpal_index_l",
      "local": {
        "location": {
          "x": 0.0,
          "y": 0.0,
          "z": 0.0
        },
        "rotation_quaternion": {
          "w": 0.9996474385261536,
          "x": -0.025223474949598312,
          "y": 0.005287589505314827,
          "z": -0.006403007078915834
        },
        "scale": {
          "x": 1.0,
          "y": 1.0,
          "z": 1.0
        },
        "matrix_basis": [
          [
            0.9998620748519897,
            0.01253475621342659,
            0.01089446246623993,
            0.0
          ],
          [
            -0.013068241998553276,
            0.998645544052124,
            0.050361450761556625,
            0.0
          ],
          [
            -0.010248438455164433,
            -0.05049687623977661,
            0.9986716508865356,
            0.0
          ],
          [
            0.0,
            0.0,
            0.0,
            1.0
          ]
        ],
        "rotation_mode": "QUATERNION"
      },
      "armature_space": {
        "head": {
          "x": 0.485050767660141,
          "y": -0.4751977324485779,
          "z": 0.3351379632949829
        },
        "tail": {
          "x": 0.49171435832977295,
          "y": -0.5774654150009155,
          "z": 0.27833837270736694
        }
      },
      "world_space": {
        "head": {
          "x": 0.485050767660141,
          "y": -0.41195374727249146,
          "z": 1.284991979598999
        },
        "tail": {
          "x": 0.49171435832977295,
          "y": -0.5142214298248291,
          "z": 1.2281923294067383
        },
        "rotation_quaternion": {
          "w": 0.24927042424678802,
          "x": -0.9670682549476624,
          "y": -0.03825681656599045,
          "z": 0.0343475341796875
        },
        "matrix": [
          [
            0.994713306427002,
            0.056870218366384506,
            -0.08550551533699036,
            0.485050767660141
          ],
          [
            0.09111770242452621,
            -0.8728016018867493,
            0.47949454188346863,
            -0.41195374727249146
          ],
          [
            -0.04736056923866272,
            -0.4847549498081207,
            -0.8733750581741333,
            1.284991979598999
          ],
          [
            0.0,
            0.0,
            0.0,
            1.0
          ]
        ]
      },
      "bone_length_armature_space": 0.1171719931516519,
      "parent": "lowerarm_l",
      "has_children": true,
      "is_end_bone": false
    },
    "index_01_l": {
      "name": "index_01_l",
      "local": {
        "location": {
          "x": 0.0,
          "y": 0.0,
          "z": 0.0
        },
        "rotation_quaternion": {
          "w": 0.9755933284759521,
          "x": 0.21900992095470428,
          "y": 0.015551269054412842,
          "z": -0.0032591503113508224
        },
        "scale": {
          "x": 1.0,
          "y": 1.0,
          "z": 1.0
        },
        "matrix_basis": [
          [
            0.9994950890541077,
            0.013170975260436535,
            0.028915856033563614,
            0.0
          ],
          [
            0.00045255382428877056,
            0.9040480852127075,
            -0.4274305999279022,
            0.0
          ],
          [
            -0.03177100047469139,
            0.42722785472869873,
            0.9035856127738953,
            0.0
          ],
          [
            0.0,
            0.0,
            0.0,
            1.0
          ]
        ],
        "rotation_mode": "QUATERNION"
      },
      "armature_space": {
        "head": {
          "x": 0.49171435832977295,
          "y": -0.5774654150009155,
          "z": 0.27833837270736694
        },
        "tail": {
          "x": 0.5022678971290588,
          "y": -0.5945076942443848,
          "z": 0.2580588757991791
        }
      },
      "world_space": {
        "head": {
          "x": 0.49171435832977295,
          "y": -0.5142214298248291,
          "z": 1.2281923294067383
        },
        "tail": {
          "x": 0.5022678971290588,
          "y": -0.5312637090682983,
          "z": 1.2079129219055176
        },
        "rotation_quaternion": {
          "w": 0.39759400486946106,
          "x": -0.8937761187553406,
          "y": -0.20756182074546814,
          "z": 0.0011505986331030726
        },
        "matrix": [
          [
            0.9138332009315491,
            0.37011292576789856,
            -0.16710862517356873,
            0.49171435832977295
          ],
          [
            0.3719438314437866,
            -0.5976743698120117,
            0.7102417945861816,
            -0.5142214298248291
          ],
          [
            0.16299468278884888,
            -0.7112031579017639,
            -0.6838399767875671,
            1.2281923294067383
          ],
          [
            0.0,
            0.0,
            0.0,
            1.0
          ]
        ]
      },
      "bone_length_armature_space": 0.028514460557643444,
      "parent": "metacarpal_index_l",
      "has_children": true,
      "is_end_bone": false
    },
    "index_02_l": {
      "name": "index_02_l",
      "local": {
        "location": {
          "x": 0.0,
          "y": 0.0,
          "z": 0.0
        },
        "rotation_quaternion": {
          "w": 0.9121072292327881,
          "x": 0.40995073318481445,
          "y": 0.0008493916830047965,
          "z": 0.0005475929356180131
        },
        "scale": {
          "x": 1.0,
          "y": 1.0,
          "z": 1.0
        },
        "matrix_basis": [
          [
            0.9999979734420776,
            -0.0003025094629265368,
            0.0019984447862952948,
            0.0
          ],
          [
            0.0016953444574028254,
            0.6638801693916321,
            -0.7478371262550354,
            0.0
          ],
          [
            -0.0011005003470927477,
            0.7478389739990234,
            0.6638793349266052,
            0.0
          ],
          [
            0.0,
            0.0,
            0.0,
            1.0
          ]
        ],
        "rotation_mode": "QUATERNION"
      },
      "armature_space": {
        "head": {
          "x": 0.5022677779197693,
          "y": -0.5945078134536743,
          "z": 0.2580583393573761
        },
        "tail": {
          "x": 0.505064845085144,
          "y": -0.5921938419342041,
          "z": 0.23266303539276123
        }
      },
      "world_space": {
        "head": {
          "x": 0.5022677779197693,
          "y": -0.5312638282775879,
          "z": 1.2079123258590698
        },
        "tail": {
          "x": 0.505064845085144,
          "y": -0.5289498567581177,
          "z": 1.1825170516967773
        },
        "rotation_quaternion": {
          "w": 0.7095820903778076,
          "x": -0.6647191643714905,
          "y": -0.20394769310951233,
          "z": 0.11422426998615265
        },
        "matrix": [
          [
            0.8907167911529541,
            0.10903267562389374,
            -0.44128841161727905,
            0.5022677779197693
          ],
          [
            0.43323805928230286,
            0.09020254015922546,
            0.8967545032501221,
            -0.5312638282775879
          ],
          [
            0.13758233189582825,
            -0.9899441003799438,
            0.03310886025428772,
            1.2079123258590698
          ],
          [
            0.0,
            0.0,
            0.0,
            1.0
          ]
        ]
      },
      "bone_length_armature_space": 0.025653449865671082,
      "parent": "index_01_l",
      "has_children": true,
      "is_end_bone": false
    },
    "index_03_l": {
      "name": "index_03_l",
      "local": {
        "location": {
          "x": 0.0,
          "y": 0.0,
          "z": 0.0
        },
        "rotation_quaternion": {
          "w": 0.9655581116676331,
          "x": 0.2601434886455536,
          "y": 0.004640038125216961,
          "z": -0.0012062351452186704
        },
        "scale": {
          "x": 1.0,
          "y": 1.0,
          "z": 1.0
        },
        "matrix_basis": [
          [
            0.9999540448188782,
            0.004743531811982393,
            0.008332864381372929,
            0.0
          ],
          [
            8.477114897686988e-05,
            0.8646478056907654,
            -0.502378523349762,
            0.0
          ],
          [
            -0.009588041342794895,
            0.5023561120033264,
            0.8646076917648315,
            0.0
          ],
          [
            0.0,
            0.0,
            0.0,
            1.0
          ]
        ],
        "rotation_mode": "QUATERNION"
      },
      "armature_space": {
        "head": {
          "x": 0.505064845085144,
          "y": -0.5921939611434937,
          "z": 0.23266305029392242
        },
        "tail": {
          "x": 0.5032758116722107,
          "y": -0.5735200643539429,
          "z": 0.21026167273521423
        }
      },
      "world_space": {
        "head": {
          "x": 0.505064845085144,
          "y": -0.5289499759674072,
          "z": 1.1825170516967773
        },
        "tail": {
          "x": 0.5032758116722107,
          "y": -0.5102760791778564,
          "z": 1.1601157188415527
        },
        "rotation_quaternion": {
          "w": 0.8883038759231567,
          "x": -0.4089735448360443,
          "y": -0.17455846071243286,
          "z": 0.11483078449964523
        },
        "matrix": [
          [
            0.9126865267753601,
            -0.06122992932796478,
            -0.40404725074768066,
            0.505064845085144
          ],
          [
            0.34678903222084045,
            0.6391090154647827,
            0.6864964365959167,
            -0.5289499759674072
          ],
          [
            0.21619804203510284,
            -0.7666800618171692,
            0.604544997215271,
            1.1825170516967773
          ],
          [
            0.0,
            0.0,
            0.0,
            1.0
          ]
        ]
      },
      "bone_length_armature_space": 0.029218773834215825,
      "parent": "index_02_l",
      "has_children": false,
      "is_end_bone": true
    },
    "metacarpal_pinky_l": {
      "name": "metacarpal_pinky_l",
      "local": {
        "location": {
          "x": 0.0,
          "y": 0.0,
          "z": 0.0
        },
        "rotation_quaternion": {
          "w": 0.9996771812438965,
          "x": -0.01159830205142498,
          "y": -0.02215409278869629,
          "z": -0.0044943224638700485
        },
        "scale": {
          "x": 1.0,
          "y": 1.0,
          "z": 1.0
        },
        "matrix_basis": [
          [
            0.9989780187606812,
            0.009499642997980118,
            -0.04418962821364403,
            0.0
          ],
          [
            -0.008471843786537647,
            0.9996905326843262,
            0.023388251662254333,
            0.0
          ],
          [
            0.04439813643693924,
            -0.02298998087644577,
            0.9987493753433228,
            0.0
          ],
          [
            0.0,
            0.0,
            0.0,
            1.0
          ]
        ],
        "rotation_mode": "QUATERNION"
      },
      "armature_space": {
        "head": {
          "x": 0.485050767660141,
          "y": -0.4751977324485779,
          "z": 0.3351379632949829
        },
        "tail": {
          "x": 0.5398007035255432,
          "y": -0.562074601650238,
          "z": 0.3178732395172119
        }
      },
      "world_space": {
        "head": {
          "x": 0.485050767660141,
          "y": -0.41195374727249146,
          "z": 1.284991979598999
        },
        "tail": {
          "x": 0.5398007035255432,
          "y": -0.4988306164741516,
          "z": 1.267727255821228
        },
        "rotation_quaternion": {
          "w": 0.21018770337104797,
          "x": 0.41366690397262573,
          "y": 0.19664235413074493,
          "z": -0.863731861114502
        },
        "matrix": [
          [
            -0.5694019794464111,
            0.5257806181907654,
            -0.6319305300712585,
            0.485050767660141
          ],
          [
            -0.20040374994277954,
            -0.8343057632446289,
            -0.5135876536369324,
            -0.41195374727249146
          ],
          [
            -0.7972636818885803,
            -0.16579850018024445,
            0.5804271697998047,
            1.284991979598999
          ],
          [
            0.0,
            0.0,
            0.0,
            1.0
          ]
        ]
      },
      "bone_length_armature_space": 0.10413076704460851,
      "parent": "lowerarm_l",
      "has_children": true,
      "is_end_bone": false
    },
    "pinky_01_l": {
      "name": "pinky_01_l",
      "local": {
        "location": {
          "x": 0.0,
          "y": 0.0,
          "z": 0.0
        },
        "rotation_quaternion": {
          "w": 0.9484378099441528,
          "x": 0.3167659342288971,
          "y": -0.00905114971101284,
          "z": 0.006582657806575298
        },
        "scale": {
          "x": 1.0,
          "y": 1.0,
          "z": 1.0
        },
        "matrix_basis": [
          [
            0.999749481678009,
            -0.018220674246549606,
            -0.012998581863939762,
            0.0
          ],
          [
            0.006752291228622198,
            0.799232006072998,
            -0.6009847521781921,
            0.0
          ],
          [
            0.021339228376746178,
            0.6007463932037354,
            0.7991548180580139,
            0.0
          ],
          [
            0.0,
            0.0,
            0.0,
            1.0
          ]
        ],
        "rotation_mode": "QUATERNION"
      },
      "armature_space": {
        "head": {
          "x": 0.5398007035255432,
          "y": -0.562074601650238,
          "z": 0.3178732395172119
        },
        "tail": {
