{
  "metadata": {
    "armature_name": "KIM_caucasian_male",
    "export_time": "2026-01-13T20:55:39.808933",
    "blender_version": "4.4.1",
    "bone_count": 56,
    "end_bone_count": 13,
    "spaces_included": [
      "LOCAL_CHANNELS",
      "ARMATURE_SPACE",
      "WORLD_SPACE"
    ],
    "note": "LOCAL matches Transform panel; replay pose via local.matrix_basis for best fidelity."
  },
  "bones": {
    "Root": {
      "name": "Root",
      "local": {
        "location": {
          "x": 0.0,
          "y": 0.0,
          "z": 0.0
        },
        "rotation_quaternion": {
          "w": 0.9998924732208252,
          "x": 0.011992680840194225,
          "y": 0.006328867748379707,
          "z": -0.005595811642706394
        },
        "scale": {
          "x": 1.0,
          "y": 1.0,
          "z": 1.0
        },
        "matrix_basis": [
          [
            0.9998572468757629,
            0.01134222000837326,
            0.012522157281637192,
            0.0
          ],
          [
            -0.01103862002491951,
            0.999649703502655,
            -0.02405361272394657,
            0.0
          ],
          [
            -0.012790592387318611,
            0.02391195297241211,
            0.9996322393417358,
            0.0
          ],
          [
            0.0,
            0.0,
            0.0,
            1.0
          ]
        ],
        "rotation_mode": "QUATERNION"
      },
      "armature_space": {
        "head": {
          "x": 0.0,
          "y": 0.07072800397872925,
          "z": -0.009595036506652832
        },
        "tail": {
          "x": 0.0008095608209259808,
          "y": -0.00020465999841690063,
          "z": -0.0016946177929639816
        }
      },
      "world_space": {
        "head": {
          "x": 0.0,
          "y": 0.13397200405597687,
          "z": 0.9402589797973633
        },
        "tail": {
          "x": 0.0008095608209259808,
          "y": 0.06303934007883072,
          "z": 0.948159396648407
        },
        "rotation_quaternion": {
          "w": 0.0553949736058712,
          "x": 0.9984288215637207,
          "y": 0.006009462755173445,
          "z": 0.005937513429671526
        },
        "matrix": [
          [
            0.9998572468757629,
            0.01134222000837326,
            0.012522157281637192,
            0.0
          ],
          [
            0.012657860293984413,
            -0.9937905073165894,
            -0.11054496467113495,
            0.13397200405597687
          ],
          [
            0.011190665885806084,
            0.11068753153085709,
            -0.9937992691993713,
            0.9402589797973633
          ],
          [
            0.0,
            0.0,
            0.0,
            1.0
          ]
        ]
      },
      "bone_length_armature_space": 0.07137586943264407,
      "parent": null,
      "has_children": true,
      "is_end_bone": false
    },
    "spine_01": {
      "name": "spine_01",
      "local": {
        "location": {
          "x": 0.0,
          "y": 0.0,
          "z": 0.0
        },
        "rotation_quaternion": {
          "w": 0.9966215491294861,
          "x": 0.07010599970817566,
          "y": 0.018748046830296516,
          "z": 0.03846036642789841
        },
        "scale": {
          "x": 1.0,
          "y": 1.0,
          "z": 1.0
        },
        "matrix_basis": [
          [
            0.9963386058807373,
            -0.07403215765953064,
            0.042762018740177155,
            0.0
          ],
          [
            0.07928956300020218,
            0.9872118830680847,
            -0.1382961869239807,
            0.0
          ],
          [
            -0.031976811587810516,
            0.14118041098117828,
            0.9894673228263855,
            0.0
          ],
          [
            0.0,
            0.0,
            0.0,
            1.0
          ]
        ],
        "rotation_mode": "QUATERNION"
      },
      "armature_space": {
        "head": {
          "x": 0.0008095608209259808,
          "y": -0.00020465999841690063,
          "z": -0.0016946177929639816
        },
        "tail": {
          "x": -0.03998737782239914,
          "y": -0.05860196426510811,
          "z": 0.4810825288295746
        }
      },
      "world_space": {
        "head": {
          "x": 0.0008095608209259808,
          "y": 0.06303934007883072,
          "z": 0.948159396648407
        },
        "tail": {
          "x": -0.03998737782239914,
          "y": 0.004642035812139511,
          "z": 1.430936574935913
        },
        "rotation_quaternion": {
          "w": 0.663333535194397,
          "x": 0.7466148138046265,
          "y": -0.012463792227208614,
          "z": 0.04898648336529732
        },
        "matrix": [
          [
            0.9948899745941162,
            -0.08360007405281067,
            0.05661218613386154,
            0.0008095608209259808
          ],
          [
            0.04637690633535385,
            -0.11966630816459656,
            -0.9917303919792175,
            0.06303934007883072
          ],
          [
            0.08968397229909897,
            0.9892949461936951,
            -0.1151794046163559,
            0.948159396648407
          ],
          [
            0.0,
            0.0,
            0.0,
            1.0
          ]
        ]
      },
      "bone_length_armature_space": 0.48800451459425265,
      "parent": "Root",
      "has_children": true,
      "is_end_bone": false
    },
    "neck_01": {
      "name": "neck_01",
      "local": {
        "location": {
          "x": 0.0,
          "y": 0.0,
          "z": 0.0
        },
        "rotation_quaternion": {
          "w": 0.992345929145813,
          "x": 0.019086597487330437,
          "y": 0.06601466983556747,
          "z": -0.10260315239429474
        },
        "scale": {
          "x": 1.0,
          "y": 1.0,
          "z": 1.0
        },
        "matrix_basis": [
          [
            0.9702293276786804,
            0.20615562796592712,
            0.1271020919084549,
            0.0
          ],
          [
            -0.2011156529188156,
            0.9782165884971619,
            -0.05142764002084732,
            0.0
          ],
          [
            -0.13493546843528748,
            0.024334387853741646,
            0.9905555248260498,
            0.0
          ],
          [
            0.0,
            0.0,
            0.0,
            1.0
          ]
        ],
        "rotation_mode": "QUATERNION"
      },
      "armature_space": {
        "head": {
          "x": -0.04414511099457741,
          "y": -0.10175739228725433,
          "z": 0.5495226979255676
        },
        "tail": {
          "x": -0.02850775420665741,
          "y": -0.15187059342861176,
          "z": 0.637584388256073
        }
      },
      "world_space": {
        "head": {
          "x": -0.04414511099457741,
          "y": -0.038513392210006714,
          "z": 1.4993767738342285
        },
        "tail": {
          "x": -0.02850775420665741,
          "y": -0.08862659335136414,
          "z": 1.5874383449554443
        },
        "rotation_quaternion": {
          "w": 0.4912284016609192,
          "x": 0.8610782027244568,
          "y": 0.11954379081726074,
          "z": 0.05429806932806969
        },
        "matrix": [
          [
            0.9655219316482544,
            0.1525278240442276,
            0.21095682680606842,
            -0.04414511099457741
          ],
          [
            0.25921911001205444,
            -0.4888074994087219,
            -0.8329903483390808,
            -0.038513392210006714
          ],
          [
            -0.02393682301044464,
            0.8589597940444946,
            -0.5114967823028564,
            1.4993767738342285
          ],
          [
            0.0,
            0.0,
            0.0,
            1.0
          ]
        ]
      },
      "bone_length_armature_space": 0.10252180876780205,
      "parent": "spine_01",
      "has_children": true,
      "is_end_bone": false
    },
    "head": {
      "name": "head",
      "local": {
        "location": {
          "x": 0.0,
          "y": 0.0,
          "z": 0.0
        },
        "rotation_quaternion": {
          "w": 0.9824124574661255,
          "x": -0.09149442613124847,
          "y": -0.14019763469696045,
          "z": -0.08269929140806198
        },
        "scale": {
          "x": 1.0,
          "y": 1.0,
          "z": 1.0
        },
        "matrix_basis": [
          [
            0.94701087474823,
            0.1881442368030548,
            -0.26033076643943787,
            0.0
          ],
          [
            -0.1368350237607956,
            0.9695792198181152,
            0.20295901596546173,
            0.0
          ],
          [
            0.2905968427658081,
            -0.1565820425748825,
            0.9439467787742615,
            0.0
          ],
          [
            0.0,
            0.0,
            0.0,
            1.0
          ]
        ],
        "rotation_mode": "QUATERNION"
      },
      "armature_space": {
        "head": {
          "x": -0.02850773185491562,
          "y": -0.15187068283557892,
          "z": 0.6375842690467834
        },
        "tail": {
          "x": 0.0034697428345680237,
          "y": -0.14449863135814667,
          "z": 0.7891639471054077
        }
      },
      "world_space": {
        "head": {
          "x": -0.02850773185491562,
          "y": -0.0886266827583313,
          "z": 1.5874383449554443
        },
        "tail": {
          "x": 0.0034697428345680237,
          "y": -0.08125463128089905,
          "z": 1.7390179634094238
        },
        "rotation_quaternion": {
          "w": 0.7202983498573303,
          "x": 0.6858745217323303,
          "y": 0.07026351243257523,
          "z": -0.0762200653553009
        },
        "matrix": [
          [
            0.9785071611404419,
            0.20618629455566406,
            -0.0033346563577651978,
            -0.02850773185491562
          ],
          [
            -0.013419866561889648,
            0.04753395915031433,
            -0.9987796545028687,
            -0.0886266827583313
          ],
          [
            -0.20577754080295563,
            0.9773644208908081,
            0.049278661608695984,
            1.5874383449554443
          ],
          [
            0.0,
            0.0,
            0.0,
            1.0
          ]
        ]
      },
      "bone_length_armature_space": 0.15509127797354724,
      "parent": "neck_01",
      "has_children": false,
      "is_end_bone": true
    },
    "upperarm_l": {
      "name": "upperarm_l",
      "local": {
        "location": {
          "x": 0.0,
          "y": 0.0,
          "z": 0.0
        },
        "rotation_quaternion": {
          "w": 0.9100078344345093,
          "x": 0.3710891306400299,
          "y": -0.07691640406847,
          "z": 0.16811475157737732
        },
        "scale": {
          "x": 1.0,
          "y": 1.0,
          "z": 1.0
        },
        "matrix_basis": [
          [
            0.9316425919532776,
            -0.3630571663379669,
            -0.015217946842312813,
            0.0
          ],
          [
            0.24888579547405243,
            0.6680606007575989,
            -0.7012495994567871,
            0.0
          ],
          [
            0.26476016640663147,
            0.6495264768600464,
            0.7127534747123718,
            0.0
          ],
          [
            0.0,
            0.0,
            0.0,
            1.0
          ]
        ],
        "rotation_mode": "QUATERNION"
      },
      "armature_space": {
        "head": {
          "x": 0.11088751256465912,
          "y": -0.08992110937833786,
          "z": 0.4961197078227997
        },
        "tail": {
          "x": 0.2998500168323517,
          "y": -0.2596518099308014,
          "z": 0.5815149545669556
        }
      },
      "world_space": {
        "head": {
          "x": 0.11088751256465912,
          "y": -0.02667710930109024,
          "z": 1.4459737539291382
        },
        "tail": {
          "x": 0.2998500168323517,
          "y": -0.19640780985355377,
          "z": 1.5313689708709717
        },
        "rotation_quaternion": {
          "w": 0.37489303946495056,
          "x": 0.7236186861991882,
          "y": 0.2067793756723404,
          "z": -0.5413625836372375
        },
        "matrix": [
          [
            0.32833799719810486,
            0.7051644325256348,
            -0.6284403204917908,
            0.11088751256465912
          ],
          [
            -0.10664668679237366,
            -0.633395791053772,
            -0.7664440870285034,
            -0.02667710930109024
          ],
          [
            -0.9385271072387695,
            0.31867536902427673,
            -0.132765993475914,
            1.4459737539291382
          ],
          [
            0.0,
            0.0,
            0.0,
            1.0
          ]
        ]
      },
      "bone_length_armature_space": 0.26796956041341413,
      "parent": "spine_01",
      "has_children": true,
      "is_end_bone": false
    },
    "lowerarm_l": {
      "name": "lowerarm_l",
      "local": {
        "location": {
          "x": 0.0,
          "y": 0.0,
          "z": 0.0
        },
        "rotation_quaternion": {
          "w": 0.9182332754135132,
          "x": 0.36277201771736145,
          "y": -0.05154653638601303,
          "z": 0.1502903252840042
        },
        "scale": {
          "x": 1.0,
          "y": 1.0,
          "z": 1.0
        },
        "matrix_basis": [
          [
            0.9495115280151367,
            -0.3134024441242218,
            0.014378759078681469,
            0.0
          ],
          [
            0.238603875041008,
            0.6916185617446899,
            -0.6817125678062439,
            0.0
          ],
          [
            0.20370574295520782,
            0.6507247686386108,
            0.7314788103103638,
            0.0
          ],
          [
            0.0,
            0.0,
            0.0,
            1.0
          ]
        ],
        "rotation_mode": "QUATERNION"
      },
      "armature_space": {
        "head": {
          "x": 0.2998500168323517,
          "y": -0.25965189933776855,
          "z": 0.5815150737762451
        },
        "tail": {
          "x": 0.2579730749130249,
          "y": -0.48467808961868286,
          "z": 0.7200037240982056
        }
      },
      "world_space": {
        "head": {
          "x": 0.2998500168323517,
          "y": -0.19640789926052094,
          "z": 1.5313690900802612
        },
        "tail": {
          "x": 0.2579730749130249,
          "y": -0.42143410444259644,
          "z": 1.6698577404022217
        },
        "rotation_quaternion": {
          "w": 0.16868622601032257,
          "x": 0.7721631526947021,
          "y": -0.22577328979969025,
          "z": -0.5695045590400696
        },
        "matrix": [
          [
            0.24938234686851501,
            -0.15653502941131592,
            -0.9556699991226196,
            0.2998500168323517
          ],
          [
            -0.5408034324645996,
            -0.8411424160003662,
            -0.003347069025039673,
            -0.19640789926052094
          ],
          [
            -0.8033367991447449,
            0.5176671743392944,
            -0.2944226861000061,
            1.5313690900802612
          ],
          [
            0.0,
            0.0,
            0.0,
            1.0
          ]
        ]
      },
      "bone_length_armature_space": 0.26752489797906304,
      "parent": "upperarm_l",
      "has_children": true,
      "is_end_bone": false
    },
    "metacarpal_thumb_l": {
      "name": "metacarpal_thumb_l",
      "local": {
        "location": {
          "x": 0.0,
          "y": 0.0,
          "z": 0.0
        },
        "rotation_quaternion": {
          "w": 0.9998270273208618,
          "x": 0.002643631072714925,
          "y": 0.0182694923132658,
          "z": -0.0022555971518158913
        },
        "scale": {
          "x": 1.0,
          "y": 1.0,
          "z": 1.0
        },
        "matrix_basis": [
          [
            0.9993222951889038,
            0.004607009701430798,
            0.036520738154649734,
            0.0
          ],
          [
            -0.004413818474858999,
            0.999975860118866,
            -0.005368764977902174,
            0.0
          ],
          [
            -0.036544591188430786,
            0.0052039301954209805,
            0.9993184804916382,
            0.0
          ],
          [
            0.0,
            0.0,
            0.0,
            1.0
          ]
        ],
        "rotation_mode": "QUATERNION"
      },
      "armature_space": {
        "head": {
          "x": 0.2579730749130249,
          "y": -0.48467808961868286,
          "z": 0.7200037240982056
        },
        "tail": {
          "x": 0.22652626037597656,
          "y": -0.5227116346359253,
          "z": 0.7242619395256042
        }
      },
      "world_space": {
        "head": {
          "x": 0.2579730749130249,
          "y": -0.42143410444259644,
          "z": 1.6698577404022217
        },
        "tail": {
          "x": 0.22652626037597656,
          "y": -0.45946764945983887,
          "z": 1.6741158962249756
        },
        "rotation_quaternion": {
          "w": 0.13001690804958344,
          "x": 0.909304141998291,
          "y": -0.3149276077747345,
          "z": 0.23891906440258026
        },
        "matrix": [
          [
            0.687476396560669,
            -0.6348574161529541,
            0.3526076078414917,
            0.2579730749130249
          ],
          [
            -0.5106028914451599,
            -0.7678318619728088,
            -0.386935293674469,
            -0.42143410444259644
          ],
          [
            0.5163952708244324,
            0.08596634864807129,
            -0.8520327806472778,
            1.6698577404022217
          ],
          [
            0.0,
            0.0,
            0.0,
            1.0
          ]
        ]
      },
      "bone_length_armature_space": 0.049533677128395806,
      "parent": "lowerarm_l",
      "has_children": true,
      "is_end_bone": false
    },
    "thumb_01_l": {
      "name": "thumb_01_l",
      "local": {
        "location": {
          "x": 0.0,
          "y": 0.0,
          "z": 0.0
        },
        "rotation_quaternion": {
          "w": 0.9869770407676697,
          "x": 0.1581747978925705,
          "y": 0.024593567475676537,
          "z": -0.015879545360803604
        },
        "scale": {
          "x": 1.0,
          "y": 1.0,
          "z": 1.0
        },
        "matrix_basis": [
          [
            0.9982860088348389,
            0.03912565857172012,
            0.04352308437228203,
            0.0
          ],
          [
            -0.023565327748656273,
            0.9494571685791016,
            -0.3130108714103699,
            0.0
          ],
          [
            -0.053570061922073364,
            0.31144872307777405,
            0.9487518072128296,
            0.0
          ],
          [
            0.0,
            0.0,
            0.0,
            1.0
          ]
        ],
        "rotation_mode": "QUATERNION"
      },
      "armature_space": {
        "head": {
          "x": 0.22652626037597656,
          "y": -0.5227116346359253,
          "z": 0.7242619395256042
        },
        "tail": {
          "x": 0.2247925102710724,
          "y": -0.553196370601654,
          "z": 0.7092185020446777
        }
      },
      "world_space": {
        "head": {
          "x": 0.22652626037597656,
          "y": -0.45946764945983887,
          "z": 1.6741158962249756
        },
        "tail": {
          "x": 0.2247925102710724,
          "y": -0.4899523854255676,
          "z": 1.6590725183486938
        },
        "rotation_quaternion": {
          "w": 0.05862274765968323,
          "x": -0.35588085651397705,
          "y": 0.22083258628845215,
          "z": -0.9061705470085144
        },
        "matrix": [
          [
            -0.7398244738578796,
            -0.05093489587306976,
            0.6708688735961914,
            0.22652626037597656
          ],
          [
            -0.2634243071079254,
            -0.8955933451652527,
            -0.3584975600242615,
            -0.45946764945983887
          ],
          [
            0.6190898418426514,
            -0.4419524669647217,
            0.6491687297821045,
            1.6741158962249756
          ],
          [
            0.0,
            0.0,
            0.0,
            1.0
          ]
        ]
      },
      "bone_length_armature_space": 0.034038654887733784,
      "parent": "metacarpal_thumb_l",
      "has_children": true,
      "is_end_bone": false
    },
    "thumb_02_l": {
      "name": "thumb_02_l",
      "local": {
        "location": {
          "x": 0.0,
          "y": 0.0,
          "z": 0.0
        },
        "rotation_quaternion": {
          "w": 0.9244100451469421,
          "x": 0.3812984228134155,
          "y": 0.008565546944737434,
          "z": -0.0020750027615576982
        },
        "scale": {
          "x": 1.0,
          "y": 1.0,
          "z": 1.0
        },
        "matrix_basis": [
          [
            0.9998446702957153,
            0.010368365794420242,
            0.014253764413297176,
            0.0
          ],
          [
            0.0026957523077726364,
            0.7092143893241882,
            -0.7049877047538757,
            0.0
          ],
          [
            -0.017418546602129936,
            0.7049166560173035,
            0.7090762853622437,
            0.0
          ],
          [
            0.0,
            0.0,
            0.0,
            1.0
          ]
        ],
        "rotation_mode": "QUATERNION"
      },
      "armature_space": {
        "head": {
          "x": 0.2247925102710724,
          "y": -0.5531963109970093,
          "z": 0.709218442440033
        },
        "tail": {
          "x": 0.22539038956165314,
          "y": -0.5608214735984802,
          "z": 0.7486481070518494
        }
      },
      "world_space": {
        "head": {
          "x": 0.2247925102710724,
          "y": -0.48995232582092285,
          "z": 1.6590723991394043
        },
        "tail": {
          "x": 0.22539038956165314,
          "y": -0.4975774884223938,
          "z": 1.6985020637512207
        },
        "rotation_quaternion": {
          "w": 0.03745970502495766,
          "x": 0.05706580728292465,
          "y": 0.6353518962860107,
          "z": 0.7691997289657593
        },
        "matrix": [
          [
            -0.990680456161499,
            0.014885835349559784,
            0.1353899985551834,
            0.2247925102710724
          ],
          [
            0.1301417052745819,
            -0.1898488998413086,
            0.9731498956680298,
            -0.48995232582092285
          ],
          [
            0.04019007831811905,
            0.9817072153091431,
            0.18614459037780762,
            1.6590723991394043
          ],
          [
            0.0,
            0.0,
            0.0,
            1.0
          ]
        ]
      },
      "bone_length_armature_space": 0.04016464882344824,
      "parent": "thumb_01_l",
      "has_children": true,
      "is_end_bone": false
    },
    "thumb_03_l": {
      "name": "thumb_03_l",
      "local": {
        "location": {
          "x": 0.0,
          "y": 0.0,
          "z": 0.0
        },
        "rotation_quaternion": {
          "w": 0.9811378121376038,
          "x": 0.19322103261947632,
          "y": -0.005659615620970726,
          "z": 0.00151617091614753
        },
        "scale": {
          "x": 1.0,
          "y": 1.0,
          "z": 1.0
        },
        "matrix_basis": [
          [
            0.9999313354492188,
            -0.005162258632481098,
            -0.010519813746213913,
            0.0
          ],
          [
            0.0007880316697992384,
            0.9253266453742981,
            -0.37917008996009827,
            0.0
          ],
          [
            0.011691638268530369,
            0.37913575768470764,
            0.925267219543457,
            0.0
          ],
          [
            0.0,
            0.0,
            0.0,
            1.0
          ]
        ],
        "rotation_mode": "QUATERNION"
      },
      "armature_space": {
        "head": {
          "x": 0.22539031505584717,
          "y": -0.560821533203125,
          "z": 0.7486481070518494
        },
        "tail": {
          "x": 0.2284293919801712,
          "y": -0.5478913187980652,
          "z": 0.7760429382324219
        }
      },
      "world_space": {
        "head": {
          "x": 0.22539031505584717,
          "y": -0.4975775480270386,
          "z": 1.6985020637512207
        },
        "tail": {
          "x": 0.2284293919801712,
          "y": -0.48464733362197876,
          "z": 1.725896954536438
        },
        "rotation_quaternion": {
          "w": 0.1608419120311737,
          "x": 0.04353156313300133,
          "y": -0.8285436034202576,
          "z": -0.5345563888549805
        },
        "matrix": [
          [
            -0.9444698691368103,
            0.09982231259346008,
            -0.31306859850883484,
            0.22539031505584717
          ],
          [
            -0.2440929412841797,
            0.424709677696228,
            0.8718031048774719,
            -0.4975775480270386
          ],
          [
            0.2199898660182953,
            0.8998162746429443,
            -0.37676146626472473,
            1.6985020637512207
          ],
          [
            0.0,
            0.0,
            0.0,
            1.0
          ]
        ]
      },
      "bone_length_armature_space": 0.03044508532942153,
      "parent": "thumb_02_l",
      "has_children": false,
      "is_end_bone": true
    },
    "metacarpal_index_l": {
      "name": "metacarpal_index_l",
      "local": {
        "location": {
          "x": 0.0,
          "y": 0.0,
          "z": 0.0
        },
        "rotation_quaternion": {
          "w": 0.9998211860656738,
          "x": -0.014133035205304623,
          "y": -0.012502023950219154,
          "z": 0.0012775397626683116
        },
        "scale": {
          "x": 1.0,
          "y": 1.0,
          "z": 1.0
        },
        "matrix_basis": [
          [
            0.9996841549873352,
            -0.0022012395784258842,
            -0.025035688653588295,
            0.0
          ],
          [
            0.0029080058448016644,
            0.9995972514152527,
            0.02822907269001007,
            0.0
          ],
          [
            0.024963466450572014,
            -0.028292959555983543,
            0.9992879033088684,
            0.0
          ],
          [
            0.0,
            0.0,
            0.0,
            1.0
          ]
        ],
        "rotation_mode": "QUATERNION"
      },
      "armature_space": {
        "head": {
          "x": 0.2579730749130249,
          "y": -0.48467808961868286,
          "z": 0.7200037240982056
        },
        "tail": {
          "x": 0.20857758820056915,
          "y": -0.5807039141654968,
          "z": 0.7654829621315002
        }
      },
      "world_space": {
        "head": {
          "x": 0.2579730749130249,
          "y": -0.42143410444259644,
          "z": 1.6698577404022217
        },
        "tail": {
          "x": 0.20857758820056915,
          "y": -0.5174599289894104,
          "z": 1.7153370380401611
        },
        "rotation_quaternion": {
          "w": 0.17332574725151062,
          "x": 0.945880115032196,
          "y": -0.24534212052822113,
          "z": -0.1227855235338211
        },
        "matrix": [
          [
            0.8494616746902466,
            -0.42156487703323364,
            -0.31732913851737976,
            0.2579730749130249
          ],
          [
            -0.5066924691200256,
            -0.8195308446884155,
            -0.26764175295829773,
            -0.42143410444259644
          ],
          [
            -0.14723430573940277,
            0.3881416618824005,
            -0.9097703695297241,
            1.6698577404022217
          ],
          [
            0.0,
            0.0,
            0.0,
            1.0
          ]
        ]
      },
      "bone_length_armature_space": 0.11717181299436612,
      "parent": "lowerarm_l",
      "has_children": true,
      "is_end_bone": false
    },
    "index_01_l": {
      "name": "index_01_l",
      "local": {
        "location": {
          "x": 0.0,
          "y": 0.0,
          "z": 0.0
        },
        "rotation_quaternion": {
          "w": 0.9722790718078613,
          "x": 0.23377084732055664,
          "y": 0.0028471755795180798,
          "z": -0.004072434734553099
        },
        "scale": {
          "x": 1.0,
          "y": 1.0,
          "z": 1.0
        },
        "matrix_basis": [
          [
            0.999950647354126,
            0.009250259026885033,
            0.0036324653774499893,
            0.0
          ],
          [
            -0.006587912794202566,
            0.8906692266464233,
            -0.45460420846939087,
            0.0
          ],
          [
            -0.007440531626343727,
            0.4545578062534332,
            0.8906861543655396,
            0.0
          ],
          [
            0.0,
            0.0,
            0.0,
            1.0
          ]
        ],
        "rotation_mode": "QUATERNION"
      },
      "armature_space": {
        "head": {
          "x": 0.20857758820056915,
          "y": -0.5807039141654968,
          "z": 0.7654829621315002
        },
        "tail": {
          "x": 0.20325158536434174,
          "y": -0.6087148189544678,
          "z": 0.7651811242103577
        }
      },
      "world_space": {
        "head": {
          "x": 0.20857758820056915,
          "y": -0.5174599289894104,
          "z": 1.7153370380401611
        },
        "tail": {
          "x": 0.20325158536434174,
          "y": -0.5454708337783813,
          "z": 1.7150352001190186
        },
        "rotation_quaternion": {
          "w": 0.01752559095621109,
          "x": -0.9870437979698181,
          "y": 0.09230797737836838,
          "z": 0.13006466627120972
        },
        "matrix": [
          [
            0.949124813079834,
            -0.18678295612335205,
            -0.2535232901573181,
            0.20857758820056915
          ],
          [
            -0.17766514420509338,
            -0.9823442697525024,
            0.05860874056816101,
            -0.5174599289894104
          ],
          [
            -0.2599964141845703,
            -0.0105857253074646,
            -0.9655588269233704,
            1.7153370380401611
          ],
          [
            0.0,
            0.0,
            0.0,
            1.0
          ]
        ]
      },
      "bone_length_armature_space": 0.0285143510946531,
      "parent": "metacarpal_index_l",
      "has_children": true,
      "is_end_bone": false
    },
    "index_02_l": {
      "name": "index_02_l",
      "local": {
        "location": {
          "x": 0.0,
          "y": 0.0,
          "z": 0.0
        },
        "rotation_quaternion": {
          "w": 0.9210610389709473,
          "x": 0.3893880546092987,
          "y": 0.0011954193469136953,
          "z": -0.004720604978501797
        },
        "scale": {
          "x": 1.0,
          "y": 1.0,
          "z": 1.0
        },
        "matrix_basis": [
          [
            0.9999525547027588,
            0.009626894257962704,
            -0.0014741859631612897,
            0.0
          ],
          [
            -0.007764966692775488,
            0.6967093348503113,
            -0.7173116207122803,
            0.0
          ],
          [
            -0.005878402851521969,
            0.7172890305519104,
            0.6967509984970093,
            0.0
          ],
          [
            0.0,
            0.0,
            0.0,
            1.0
          ]
        ],
        "rotation_mode": "QUATERNION"
      },
      "armature_space": {
        "head": {
          "x": 0.2032512128353119,
          "y": -0.6087151765823364,
          "z": 0.7651808857917786
        },
        "tail": {
          "x": 0.19492113590240479,
          "y": -0.625796914100647,
          "z": 0.7479495406150818
        }
      },
      "world_space": {
        "head": {
          "x": 0.2032512128353119,
          "y": -0.54547119140625,
          "z": 1.7150349617004395
        },
        "tail": {
          "x": 0.19492113590240479,
          "y": -0.5625529289245605,
          "z": 1.6978034973144531
        },
        "rotation_quaternion": {
          "w": 0.38825616240501404,
          "x": -0.904664158821106,
          "y": 0.12775751948356628,
          "z": 0.12049046903848648
        },
        "matrix": [
          [
            0.9383200407028198,
            -0.32471778988838196,
            -0.11880035698413849,
            0.2032512128353119
          ],
          [
            -0.137594074010849,
            -0.6658707857131958,
            0.7332695722579956,
            -0.54547119140625
          ],
          [
            -0.3172138035297394,
            -0.6717007160186768,
            -0.6694831848144531,
            1.7150349617004395
          ],
          [
            0.0,
            0.0,
            0.0,
            1.0
          ]
        ]
      },
      "bone_length_armature_space": 0.025653366027780986,
      "parent": "index_01_l",
      "has_children": true,
      "is_end_bone": false
    },
    "index_03_l": {
      "name": "index_03_l",
      "local": {
        "location": {
          "x": 0.0,
          "y": 0.0,
          "z": 0.0
        },
        "rotation_quaternion": {
          "w": 0.9636094570159912,
          "x": 0.2673081159591675,
          "y": -0.0016977046616375446,
          "z": -0.0005584771279245615
        },
        "scale": {
          "x": 1.0,
          "y": 1.0,
          "z": 1.0
        },
        "matrix_basis": [
          [
            0.999993622303009,
            0.0001686872128630057,
            -0.003570419503375888,
            0.0
          ],
          [
            -0.0019839282613247633,
            0.8570921421051025,
            -0.5151593685150146,
            0.0
          ],
          [
            0.00297327758744359,
            0.5151631236076355,
            0.8570869565010071,
            0.0
          ],
          [
            0.0,
            0.0,
            0.0,
            1.0
          ]
        ],
        "rotation_mode": "QUATERNION"
      },
      "armature_space": {
        "head": {
          "x": 0.19492113590240479,
          "y": -0.6257970333099365,
          "z": 0.7479497194290161
        },
        "tail": {
          "x": 0.18836164474487305,
          "y": -0.6292654275894165,
          "z": 0.7196886539459229
        }
      },
      "world_space": {
        "head": {
          "x": 0.19492113590240479,
          "y": -0.5625530481338501,
          "z": 1.6978037357330322
        },
        "tail": {
          "x": 0.18836164474487305,
          "y": -0.5660214424133301,
          "z": 1.669542670249939
        },
        "rotation_quaternion": {
          "w": 0.6529945135116577,
          "x": -0.7470626831054688,
          "y": 0.11935726553201675,
          "z": 0.03534628823399544
        },
        "matrix": [
          [
            0.9690085649490356,
            -0.22449661791324615,
            0.10306894779205322,
            0.19492113590240479
          ],
          [
            -0.13217437267303467,
            -0.11870467662811279,
            0.984093189239502,
            -0.5625530481338501
          ],
          [
            -0.2086925357580185,
            -0.9672249555587769,
            -0.14469850063323975,
            1.6978037357330322
          ],
          [
            0.0,
            0.0,
            0.0,
            1.0
          ]
        ]
      },
      "bone_length_armature_space": 0.029218906349617085,
      "parent": "index_02_l",
      "has_children": false,
      "is_end_bone": true
    },
    "metacarpal_pinky_l": {
      "name": "metacarpal_pinky_l",
      "local": {
        "location": {
          "x": 0.0,
          "y": 0.0,
          "z": 0.0
        },
        "rotation_quaternion": {
          "w": 0.9998891949653625,
          "x": -0.003555753268301487,
          "y": -0.0005787722766399384,
          "z": 0.01444514375180006
        },
        "scale": {
          "x": 1.0,
          "y": 1.0,
          "z": 1.0
        },
        "matrix_basis": [
          [
            0.9995819926261902,
            -0.02888297103345394,
            -0.00126014300622046,
            0.0
          ],
          [
            0.028891202062368393,
            0.999557375907898,
            0.007093997672200203,
            0.0
          ],
          [
            0.001054689520969987,
            -0.0071274396032094955,
            0.9999740719795227,
            0.0
          ],
          [
            0.0,
            0.0,
            0.0,
            1.0
          ]
        ],
        "rotation_mode": "QUATERNION"
      },
      "armature_space": {
        "head": {
          "x": 0.2579730749130249,
          "y": -0.48467808961868286,
          "z": 0.7200037240982056
        },
        "tail": {
          "x": 0.2757398188114166,
          "y": -0.5674359202384949,
          "z": 0.7806563973426819
        }
      },
      "world_space": {
        "head": {
          "x": 0.2579730749130249,
          "y": -0.42143410444259644,
          "z": 1.6698577404022217
        },
        "tail": {
          "x": 0.2757398188114166,
          "y": -0.5041919350624084,
          "z": 1.7305104732513428
        },
        "rotation_quaternion": {
          "w": 0.15910720825195312,
          "x": 0.22038280963897705,
          "y": -0.27804747223854065,
          "z": -0.9213066697120667
        },
        "matrix": [
          [
            -0.8522325754165649,
            0.17061960697174072,
            -0.49455904960632324,
            0.2579730749130249
          ],
          [
            -0.4157271981239319,
            -0.7947490215301514,
            0.4422047734260559,
            -0.42143410444259644
          ],
          [
            -0.3176039457321167,
            0.582466185092926,
            0.7482478618621826,
            1.6698577404022217
          ],
          [
            0.0,
            0.0,
            0.0,
            1.0
          ]
        ]
      },
      "bone_length_armature_space": 0.10413098770417391,
      "parent": "lowerarm_l",
      "has_children": true,
      "is_end_bone": false
    },
    "pinky_01_l": {
      "name": "pinky_01_l",
      "local": {
        "location": {
          "x": 0.0,
          "y": 0.0,
          "z": 0.0
        },
        "rotation_quaternion": {
          "w": 0.947647750377655,
          "x": 0.31869781017303467,
          "y": -0.0009829759364947677,
          "z": -0.019863871857523918
        },
        "scale": {
          "x": 1.0,
          "y": 1.0,
          "z": 1.0
        },
        "matrix_basis": [
          [
            0.999208927154541,
            0.03702136129140854,
            -0.014524174854159355,
            0.0
          ],
          [
            -0.03827445209026337,
            0.7960742712020874,
            -0.603987455368042,
            0.0
          ],
          [
            -0.010798115283250809,
            0.6040655970573425,
            0.796861469745636,
            0.0
          ],
          [
            0.0,
            0.0,
            0.0,
            1.0
          ]
        ],
        "rotation_mode": "QUATERNION"
      },
      "armature_space": {
        "head": {
          "x": 0.2757398188114166,
          "y": -0.5674359202384949,
          "z": 0.7806563973426819
        },
