{
  "metadata": {
    "armature_name": "KIM_caucasian_male",
    "export_time": "2026-01-13T21:04:41.526228",
    "blender_version": "4.4.1",
    "bone_count": 56,
    "end_bone_count": 13,
    "spaces_included": [
      "LOCAL_CHANNELS",
      "ARMATURE_SPACE",
      "WORLD_SPACE"
    ],
    "note": "LOCAL matches Transform panel; replay pose via local.matrix_basis for best fidelity."
  },
  "bones": {
    "Root": {
      "name": "Root",
      "local": {
        "location": {
          "x": 0.0,
          "y": 0.0,
          "z": 0.0
        },
        "rotation_quaternion": {
          "w": 0.9999212622642517,
          "x": 0.0032904634717851877,
          "y": 0.002995125250890851,
          "z": -0.011737300083041191
        },
        "scale": {
          "x": 1.0,
          "y": 1.0,
          "z": 1.0
        },
        "matrix_basis": [
          [
            0.999706506729126,
            0.023492462933063507,
            0.005912536755204201,
            0.0
          ],
          [
            -0.023453041911125183,
            0.9997028112411499,
            -0.006650717929005623,
            0.0
          ],
          [
            -0.006067021284252405,
            0.006510099396109581,
            0.9999604225158691,
            0.0
          ],
          [
            0.0,
            0.0,
            0.0,
            1.0
          ]
        ],
        "rotation_mode": "QUATERNION"
      },
      "armature_space": {
        "head": {
          "x": 0.0,
          "y": 0.07072800397872925,
          "z": -0.009595036506652832
        },
        "tail": {
          "x": 0.0016767949564382434,
          "y": -4.1447579860687256e-05,
          "z": -0.00046330131590366364
        }
      },
      "world_space": {
        "head": {
          "x": 0.0,
          "y": 0.13397200405597687,
          "z": 0.9402589797973633
        },
        "tail": {
          "x": 0.0016767949564382434,
          "y": 0.06320255249738693,
          "z": 0.949390709400177
        },
        "rotation_quaternion": {
          "w": 0.06407935917377472,
          "x": 0.9978712797164917,
          "y": 0.011912412010133266,
          "z": 0.0021976041607558727
        },
        "matrix": [
          [
            0.999706506729126,
            0.023492462933063507,
            0.005912536755204201,
            0.0
          ],
          [
            0.02405574917793274,
            -0.9915038347244263,
            -0.1278340220451355,
            0.13397200405597687
          ],
          [
            0.00285920943133533,
            0.12793868780136108,
            -0.9917850494384766,
            0.9402589797973633
          ],
          [
            0.0,
            0.0,
            0.0,
            1.0
          ]
        ]
      },
      "bone_length_armature_space": 0.07137587427950672,
      "parent": null,
      "has_children": true,
      "is_end_bone": false
    },
    "spine_01": {
      "name": "spine_01",
      "local": {
        "location": {
          "x": 0.0,
          "y": 0.0,
          "z": 0.0
        },
        "rotation_quaternion": {
          "w": 0.9980365037918091,
          "x": 0.03676306828856468,
          "y": -0.04947277903556824,
          "z": 0.011143607087433338
        },
        "scale": {
          "x": 1.0,
          "y": 1.0,
          "z": 1.0
        },
        "matrix_basis": [
          [
            0.9948565363883972,
            -0.025880996137857437,
            -0.09793192893266678,
            0.0
          ],
          [
            0.01860591024160385,
            0.9970486164093018,
            -0.07448437809944153,
            0.0
          ],
          [
            0.0995706245303154,
            0.07227915525436401,
            0.9924018383026123,
            0.0
          ],
          [
            0.0,
            0.0,
            0.0,
            1.0
          ]
        ],
        "rotation_mode": "QUATERNION"
      },
      "armature_space": {
        "head": {
          "x": 0.0016767949564382434,
          "y": -4.1447579860687256e-05,
          "z": -0.00046330131590366364
        },
        "tail": {
          "x": -0.011965815909206867,
          "y": -0.01605965383350849,
          "z": 0.48708754777908325
        }
      },
      "world_space": {
        "head": {
          "x": 0.0016767949564382434,
          "y": 0.06320255249738693,
          "z": 0.949390709400177
        },
        "tail": {
          "x": -0.011965815909206867,
          "y": 0.04718434810638428,
          "z": 1.4369416236877441
        },
        "rotation_quaternion": {
          "w": 0.6944851279258728,
          "x": 0.7184206247329712,
          "y": -0.03575173392891884,
          "z": -0.016856716945767403
        },
        "matrix": [
          [
            0.9968752861022949,
            -0.027956100180745125,
            -0.0738786831498146,
            0.0016767949564382434
          ],
          [
            -0.07478321343660355,
            -0.032824110239744186,
            -0.9966595768928528,
            0.06320255249738693
          ],
          [
            0.025437818840146065,
            0.9990770816802979,
            -0.034813348203897476,
            0.949390709400177
          ],
          [
            0.0,
            0.0,
            0.0,
            1.0
          ]
        ]
      },
      "bone_length_armature_space": 0.4880046571599349,
      "parent": "Root",
      "has_children": true,
      "is_end_bone": false
    },
    "neck_01": {
      "name": "neck_01",
      "local": {
        "location": {
          "x": 0.0,
          "y": 0.0,
          "z": 0.0
        },
        "rotation_quaternion": {
          "w": 0.9915152788162231,
          "x": 0.035715047270059586,
          "y": 0.07792675495147705,
          "z": -0.0977206751704216
        },
        "scale": {
          "x": 1.0,
          "y": 1.0,
          "z": 1.0
        },
        "matrix_basis": [
          [
            0.9687561988830566,
            0.19934940338134766,
            0.14755094051361084,
            0.0
          ],
          [
            -0.18821677565574646,
            0.9783502221107483,
            -0.08605413883924484,
            0.0
          ],
          [
            -0.16151133179664612,
            0.05559391900897026,
            0.9853036999702454,
            0.0
          ],
          [
            0.0,
            0.0,
            0.0,
            1.0
          ]
        ],
        "rotation_mode": "QUATERNION"
      },
      "armature_space": {
        "head": {
          "x": -0.016574865207076073,
          "y": -0.05302757769823074,
          "z": 0.559031069278717
        },
        "tail": {
          "x": -0.0019510723650455475,
          "y": -0.10079412162303925,
          "z": 0.6485589146614075
        }
      },
      "world_space": {
        "head": {
          "x": -0.016574865207076073,
          "y": 0.010216422379016876,
          "z": 1.508885145187378
        },
        "tail": {
          "x": -0.0019510723650455475,
          "y": -0.037550121545791626,
          "z": 1.5984129905700684
        },
        "rotation_quaternion": {
          "w": 0.509651780128479,
          "x": 0.8561230301856995,
          "y": 0.08541584759950638,
          "z": 0.0035432514268904924
        },
        "matrix": [
          [
            0.9853830337524414,
            0.14264145493507385,
            0.0931321531534195,
            -0.016574865207076073
          ],
          [
            0.14986516535282135,
            -0.46591803431510925,
            -0.8720443248748779,
            0.010216422379016876
          ],
          [
            -0.08099811524152756,
            0.873260498046875,
            -0.4804888367652893,
            1.508885145187378
          ],
          [
            0.0,
            0.0,
            0.0,
            1.0
          ]
        ]
      },
      "bone_length_armature_space": 0.10252186604045677,
      "parent": "spine_01",
      "has_children": true,
      "is_end_bone": false
    },
    "head": {
      "name": "head",
      "local": {
        "location": {
          "x": 0.0,
          "y": 0.0,
          "z": 0.0
        },
        "rotation_quaternion": {
          "w": 0.9756549596786499,
          "x": -0.035061854869127274,
          "y": -0.07199059426784515,
          "z": 0.20417027175426483
        },
        "scale": {
          "x": 1.0,
          "y": 1.0,
          "z": 1.0
        },
        "matrix_basis": [
          [
            0.9062637090682983,
            -0.3933512270450592,
            -0.1547931432723999,
            0.0
          ],
          [
            0.4034477174282074,
            0.9141703248023987,
            0.0390198677778244,
            0.0
          ],
          [
            0.12615878880023956,
            -0.09781322628259659,
            0.9871760606765747,
            0.0
          ],
          [
            0.0,
            0.0,
            0.0,
            1.0
          ]
        ],
        "rotation_mode": "QUATERNION"
      },
      "armature_space": {
        "head": {
          "x": -0.001951068639755249,
          "y": -0.100794218480587,
          "z": 0.6485587954521179
        },
        "tail": {
          "x": -0.050153207033872604,
          "y": -0.11176402866840363,
          "z": 0.7955604791641235
        }
      },
      "world_space": {
        "head": {
          "x": -0.001951068639755249,
          "y": -0.037550218403339386,
          "z": 1.5984127521514893
        },
        "tail": {
          "x": -0.050153207033872604,
          "y": -0.048520028591156006,
          "z": 1.7454144954681396
        },
        "rotation_quaternion": {
          "w": 0.6708773970603943,
          "x": 0.7246389389038086,
          "y": -0.12065531313419342,
          "z": 0.10131320357322693
        },
        "matrix": [
          [
            0.9503557682037354,
            -0.3108006417751312,
            -0.015060707926750183,
            -0.001951068639755249
          ],
          [
            -0.03892756998538971,
            -0.07073180377483368,
            -0.9967358112335205,
            -0.037550218403339386
          ],
          [
            0.30872291326522827,
            0.9478463530540466,
            -0.07932054996490479,
            1.5984127521514893
          ],
          [
            0.0,
            0.0,
            0.0,
            1.0
          ]
        ]
      },
      "bone_length_armature_space": 0.15509119025600585,
      "parent": "neck_01",
      "has_children": false,
      "is_end_bone": true
    },
    "upperarm_l": {
      "name": "upperarm_l",
      "local": {
        "location": {
          "x": 0.0,
          "y": 0.0,
          "z": 0.0
        },
        "rotation_quaternion": {
          "w": 0.9927060604095459,
          "x": 0.07073098421096802,
          "y": -0.07305769622325897,
          "z": 0.06476563215255737
        },
        "scale": {
          "x": 1.0,
          "y": 1.0,
          "z": 1.0
        },
        "matrix_basis": [
          [
            0.9809359908103943,
            -0.1389213502407074,
            -0.1358877569437027,
            0.0
          ],
          [
            0.11825158447027206,
            0.981605052947998,
            -0.1498934030532837,
            0.0
          ],
          [
            0.15421150624752045,
            0.1309669017791748,
            0.9793193936347961,
            0.0
          ],
          [
            0.0,
            0.0,
            0.0,
            1.0
          ]
        ],
        "rotation_mode": "QUATERNION"
      },
      "armature_space": {
        "head": {
          "x": 0.1345997005701065,
          "y": -0.0652175024151802,
          "z": 0.4955900013446808
        },
        "tail": {
          "x": 0.3960035443305969,
          "y": -0.11160248517990112,
          "z": 0.5319777131080627
        }
      },
      "world_space": {
        "head": {
          "x": 0.1345997005701065,
          "y": -0.0019735023379325867,
          "z": 1.4454439878463745
        },
        "tail": {
          "x": 0.3960035443305969,
          "y": -0.0483584851026535,
          "z": 1.4818317890167236
        },
        "rotation_quaternion": {
          "w": 0.5059844255447388,
          "x": 0.551167368888855,
          "y": 0.3967748284339905,
          "z": -0.5317556262016296
        },
        "matrix": [
          [
            0.11961167305707932,
            0.9754988551139832,
            -0.18464791774749756,
            0.1345997005701065
          ],
          [
            -0.10074135661125183,
            -0.17309804260730743,
            -0.9797390699386597,
            -0.0019735023379325867
          ],
          [
            -0.9877035021781921,
            0.13579061627388,
            0.0775681734085083,
            1.4454439878463745
          ],
          [
            0.0,
            0.0,
            0.0,
            1.0
          ]
        ]
      },
      "bone_length_armature_space": 0.2679694224803066,
      "parent": "spine_01",
      "has_children": true,
      "is_end_bone": false
    },
    "lowerarm_l": {
      "name": "lowerarm_l",
      "local": {
        "location": {
          "x": 0.0,
          "y": 0.0,
          "z": 0.0
        },
        "rotation_quaternion": {
          "w": 0.9570071697235107,
          "x": 0.2799098789691925,
          "y": -0.07570700347423553,
          "z": -0.007496391423046589
        },
        "scale": {
          "x": 1.0,
          "y": 1.0,
          "z": 1.0
        },
        "matrix_basis": [
          [
            0.9884244799613953,
            -0.02803407609462738,
            -0.1491009145975113,
            0.0
          ],
          [
            -0.0567304752767086,
            0.8431885242462158,
            -0.5346164703369141,
            0.0
          ],
          [
            0.14070765674114227,
            0.5368865728378296,
            0.8318378329277039,
            0.0
          ],
          [
            0.0,
            0.0,
            0.0,
            1.0
          ]
        ],
        "rotation_mode": "QUATERNION"
      },
      "armature_space": {
        "head": {
          "x": 0.3960036337375641,
          "y": -0.1116025447845459,
          "z": 0.5319778919219971
        },
        "tail": {
          "x": 0.5603741407394409,
          "y": -0.30556732416152954,
          "z": 0.6152209639549255
        }
      },
      "world_space": {
        "head": {
          "x": 0.3960036337375641,
          "y": -0.04835854470729828,
          "z": 1.4818319082260132
        },
        "tail": {
          "x": 0.5603741407394409,
          "y": -0.24232332408428192,
          "z": 1.5650749206542969
        },
        "rotation_quaternion": {
          "w": 0.3569074869155884,
          "x": 0.6284408569335938,
          "y": 0.1004914939403534,
          "z": -0.6837987303733826
        },
        "matrix": [
          [
            0.04464245215058327,
            0.6144129633903503,
            -0.7877202033996582,
            0.3960036337375641
          ],
          [
            -0.36180049180984497,
            -0.725035548210144,
            -0.5860241651535034,
            -0.04835854470729828
          ],
          [
            -0.931192934513092,
            0.3111605942249298,
            0.18992848694324493,
            1.4818319082260132
          ],
          [
            0.0,
            0.0,
            0.0,
            1.0
          ]
        ]
      },
      "bone_length_armature_space": 0.2675245964151185,
      "parent": "upperarm_l",
      "has_children": true,
      "is_end_bone": false
    },
    "metacarpal_thumb_l": {
      "name": "metacarpal_thumb_l",
      "local": {
        "location": {
          "x": 0.0,
          "y": 0.0,
          "z": 0.0
        },
        "rotation_quaternion": {
          "w": 0.9998314380645752,
          "x": -0.012272221967577934,
          "y": 0.013078919611871243,
          "z": 0.003938278183341026
        },
        "scale": {
          "x": 1.0,
          "y": 1.0,
          "z": 1.0
        },
        "matrix_basis": [
          [
            0.999626874923706,
            -0.008196243084967136,
            0.026056766510009766,
            0.0
          ],
          [
            0.007554213982075453,
            0.999667763710022,
            0.024643324315547943,
            0.0
          ],
          [
            -0.026250092312693596,
            -0.02443728968501091,
            0.9993566870689392,
            0.0
          ],
          [
            0.0,
            0.0,
            0.0,
            1.0
          ]
        ],
        "rotation_mode": "QUATERNION"
      },
      "armature_space": {
        "head": {
          "x": 0.5603741407394409,
          "y": -0.30556732416152954,
          "z": 0.6152209639549255
        },
        "tail": {
          "x": 0.5614495277404785,
          "y": -0.3539716601371765,
          "z": 0.6256828308105469
        }
      },
      "world_space": {
        "head": {
          "x": 0.5603741407394409,
          "y": -0.24232332408428192,
          "z": 1.5650749206542969
        },
        "tail": {
          "x": 0.5614495277404785,
          "y": -0.2907276749610901,
          "z": 1.575536847114563
        },
        "rotation_quaternion": {
          "w": 0.10624343901872635,
          "x": 0.9942790269851685,
          "y": 0.01058831438422203,
          "z": -0.003079434623941779
        },
        "matrix": [
          [
            0.9997565746307373,
            0.02170969545841217,
            -0.0038736965507268906,
            0.5603741407394409
          ],
          [
            0.020401256158947945,
            -0.9772003889083862,
            -0.21133694052696228,
            -0.24232332408428192
          ],
          [
            -0.008373597636818886,
            0.2112070471048355,
            -0.9774127006530762,
            1.5650749206542969
          ],
          [
            0.0,
            0.0,
            0.0,
            1.0
          ]
        ]
      },
      "bone_length_armature_space": 0.049533693305703674,
      "parent": "lowerarm_l",
      "has_children": true,
      "is_end_bone": false
    },
    "thumb_01_l": {
      "name": "thumb_01_l",
      "local": {
        "location": {
          "x": 0.0,
          "y": 0.0,
          "z": 0.0
        },
        "rotation_quaternion": {
          "w": 0.9995556473731995,
          "x": 0.018990391865372658,
          "y": 0.017777929082512856,
          "z": -0.014557283371686935
        },
        "scale": {
          "x": 1.0,
          "y": 1.0,
          "z": 1.0
        },
        "matrix_basis": [
          [
            0.9989440441131592,
            0.02977684885263443,
            0.03498716279864311,
            0.0
          ],
          [
            -0.028426410630345345,
            0.9988548755645752,
            -0.03848150372505188,
            0.0
          ],
          [
            -0.036092955619096756,
            0.03744630888104439,
            0.99864661693573,
            0.0
          ],
          [
            0.0,
            0.0,
            0.0,
            1.0
          ]
        ],
        "rotation_mode": "QUATERNION"
      },
      "armature_space": {
        "head": {
          "x": 0.5614495277404785,
          "y": -0.3539716601371765,
          "z": 0.6256828308105469
        },
        "tail": {
          "x": 0.5590059757232666,
          "y": -0.382013738155365,
          "z": 0.606543779373169
        }
      },
      "world_space": {
        "head": {
          "x": 0.5614495277404785,
          "y": -0.2907276749610901,
          "z": 1.575536847114563
        },
        "tail": {
          "x": 0.5590059757232666,
          "y": -0.31876975297927856,
          "z": 1.556397795677185
        },
        "rotation_quaternion": {
          "w": 0.18207040429115295,
          "x": -0.6766135692596436,
          "y": 0.2343808114528656,
          "z": -0.673876941204071
        },
        "matrix": [
          [
            -0.018088148906826973,
            -0.07178790122270584,
            0.9972557425498962,
            0.5614495277404785
          ],
          [
            -0.562556266784668,
            -0.823832094669342,
            -0.06950737535953522,
            -0.2907276749610901
          ],
          [
            0.8265662789344788,
            -0.5622746348381042,
            -0.025483503937721252,
            1.575536847114563
          ],
          [
            0.0,
            0.0,
            0.0,
            1.0
          ]
        ]
      },
      "bone_length_armature_space": 0.034038689335788644,
      "parent": "metacarpal_thumb_l",
      "has_children": true,
      "is_end_bone": false
    },
    "thumb_02_l": {
      "name": "thumb_02_l",
      "local": {
        "location": {
          "x": 0.0,
          "y": 0.0,
          "z": 0.0
        },
        "rotation_quaternion": {
          "w": 0.9946560859680176,
          "x": 0.10290879011154175,
          "y": 0.008251499384641647,
          "z": 0.0010259775444865227
        },
        "scale": {
          "x": 1.0,
          "y": 1.0,
          "z": 1.0
        },
        "matrix_basis": [
          [
            0.9998617172241211,
            -0.0003426859911996871,
            0.01662597246468067,
            0.0
          ],
          [
            0.003739293199032545,
            0.9788174629211426,
            -0.2047007828950882,
            0.0
          ],
          [
            -0.01620364375412464,
            0.20473463833332062,
            0.9786834120750427,
            0.0
          ],
          [
            0.0,
            0.0,
            0.0,
            1.0
          ]
        ],
        "rotation_mode": "QUATERNION"
      },
      "armature_space": {
        "head": {
          "x": 0.5590059161186218,
          "y": -0.3820137083530426,
          "z": 0.606543779373169
        },
        "tail": {
          "x": 0.5847014784812927,
          "y": -0.4090859889984131,
          "z": 0.6213765144348145
        }
      },
      "world_space": {
        "head": {
          "x": 0.5590059161186218,
          "y": -0.3187696933746338,
          "z": 1.556397795677185
        },
        "tail": {
          "x": 0.5847014784812927,
          "y": -0.34584200382232666,
          "z": 1.5712305307388306
        },
        "rotation_quaternion": {
          "w": 0.26793530583381653,
          "x": -0.2891325056552887,
          "y": -0.30197983980178833,
          "z": -0.8679984211921692
        },
        "matrix": [
          [
            -0.6892261505126953,
            0.6397595405578613,
            0.34011000394821167,
            0.5590059161186218
          ],
          [
            -0.29051122069358826,
            -0.674036979675293,
            0.6791740655899048,
            -0.3187696933746338
          ],
          [
            0.6637592315673828,
            0.36930051445961,
            0.6504265666007996,
            1.556397795677185
          ],
          [
            0.0,
            0.0,
            0.0,
            1.0
          ]
        ]
      },
      "bone_length_armature_space": 0.04016441654995991,
      "parent": "thumb_01_l",
      "has_children": true,
      "is_end_bone": false
    },
    "thumb_03_l": {
      "name": "thumb_03_l",
      "local": {
        "location": {
          "x": 0.0,
          "y": 0.0,
          "z": 0.0
        },
        "rotation_quaternion": {
          "w": 0.9976386427879333,
          "x": 0.06864534318447113,
          "y": -0.0006284213741309941,
          "z": 0.0021533104591071606
        },
        "scale": {
          "x": 1.0,
          "y": 1.0,
          "z": 1.0
        },
        "matrix_basis": [
          [
            0.999989926815033,
            -0.004382727667689323,
            -0.0009582454222254455,
            0.0
          ],
          [
            0.004210175015032291,
            0.9905663728713989,
            -0.136969193816185,
            0.0
          ],
          [
            0.00154950434807688,
            0.13696378469467163,
            0.990574836730957,
            0.0
          ],
          [
            0.0,
            0.0,
            0.0,
            1.0
          ]
        ],
        "rotation_mode": "QUATERNION"
      },
      "armature_space": {
        "head": {
          "x": 0.584701418876648,
          "y": -0.4090860188007355,
          "z": 0.6213764548301697
        },
        "tail": {
          "x": 0.6088736057281494,
          "y": -0.418708473443985,
          "z": 0.6371880769729614
        }
      },
      "world_space": {
        "head": {
          "x": 0.584701418876648,
          "y": -0.34584200382232666,
          "z": 1.571230411529541
        },
        "tail": {
          "x": 0.6088736057281494,
          "y": -0.35546445846557617,
          "z": 1.5870420932769775
        },
        "rotation_quaternion": {
          "w": 0.4510616660118103,
          "x": -0.0895308330655098,
          "y": -0.3721716105937958,
          "z": -0.806235671043396
        },
        "matrix": [
          [
            -0.5770543217658997,
            0.7939656376838684,
            -0.1913808286190033,
            0.584701418876648
          ],
          [
            -0.6606837511062622,
            -0.3160618543624878,
            0.6808831691741943,
            -0.34584200382232666
          ],
          [
            0.48011234402656555,
            0.5193520188331604,
            0.7069509029388428,
            1.571230411529541
          ],
          [
            0.0,
            0.0,
            0.0,
            1.0
          ]
        ]
      },
      "bone_length_armature_space": 0.030444928120854906,
      "parent": "thumb_02_l",
      "has_children": false,
      "is_end_bone": true
    },
    "metacarpal_index_l": {
      "name": "metacarpal_index_l",
      "local": {
        "location": {
          "x": 0.0,
          "y": 0.0,
          "z": 0.0
        },
        "rotation_quaternion": {
          "w": 0.9997812509536743,
          "x": -0.006002312526106834,
          "y": 0.003862193785607815,
          "z": 0.019663555547595024
        },
        "scale": {
          "x": 1.0,
          "y": 1.0,
          "z": 1.0
        },
        "matrix_basis": [
          [
            0.9991968274116516,
            -0.03936487436294556,
            0.007486644200980663,
            0.0
          ],
          [
            0.03927214443683624,
            0.9991546273231506,
            0.012153888121247292,
            0.0
          ],
          [
            -0.007958751171827316,
            -0.01185011025518179,
            0.9998981356620789,
            0.0
          ],
          [
            0.0,
            0.0,
            0.0,
            1.0
          ]
        ],
        "rotation_mode": "QUATERNION"
      },
      "armature_space": {
        "head": {
          "x": 0.5603741407394409,
          "y": -0.30556732416152954,
          "z": 0.6152209639549255
        },
        "tail": {
          "x": 0.5980498194694519,
          "y": -0.4091334640979767,
          "z": 0.6550183296203613
        }
      },
      "world_space": {
        "head": {
          "x": 0.5603741407394409,
          "y": -0.24232332408428192,
          "z": 1.5650749206542969
        },
        "tail": {
          "x": 0.5980498194694519,
          "y": -0.34588944911956787,
          "z": 1.6048723459243774
        },
        "rotation_quaternion": {
          "w": 0.21809272468090057,
          "x": 0.9216033220291138,
          "y": 0.10243991017341614,
          "z": -0.3042844831943512
        },
        "matrix": [
          [
            0.7938339710235596,
            0.321542352437973,
            -0.5161758065223694,
            0.5603741407394409
          ],
          [
            0.056093815714120865,
            -0.8838833570480347,
            -0.46433210372924805,
            -0.24232332408428192
          ],
          [
            -0.6055459976196289,
            0.33964985609054565,
            -0.7196986675262451,
            1.5650749206542969
          ],
          [
            0.0,
            0.0,
            0.0,
            1.0
          ]
        ]
      },
      "bone_length_armature_space": 0.11717180703310351,
      "parent": "lowerarm_l",
      "has_children": true,
      "is_end_bone": false
    },
    "index_01_l": {
      "name": "index_01_l",
      "local": {
        "location": {
          "x": 0.0,
          "y": 0.0,
          "z": 0.0
        },
        "rotation_quaternion": {
          "w": 0.9972723722457886,
          "x": -0.07262534648180008,
          "y": 0.01069248653948307,
          "z": 0.007689769845455885
        },
        "scale": {
          "x": 1.0,
          "y": 1.0,
          "z": 1.0
        },
        "matrix_basis": [
          [
            0.9996531009674072,
            -0.01689068041741848,
            0.020209698006510735,
            0.0
          ],
          [
            0.013784498907625675,
            0.9893328547477722,
            0.14501895010471344,
            0.0
          ],
          [
            -0.022443586960434914,
            -0.14469005167484283,
            0.9892224669456482,
            0.0
          ],
          [
            0.0,
            0.0,
            0.0,
            1.0
          ]
        ],
        "rotation_mode": "QUATERNION"
      },
      "armature_space": {
        "head": {
          "x": 0.5980498194694519,
          "y": -0.4091334640979767,
          "z": 0.6550183296203613
        },
        "tail": {
          "x": 0.6175820231437683,
          "y": -0.42787015438079834,
          "z": 0.6639904975891113
        }
      },
      "world_space": {
        "head": {
          "x": 0.5980498194694519,
          "y": -0.34588944911956787,
          "z": 1.6048723459243774
        },
        "tail": {
          "x": 0.6175820231437683,
          "y": -0.3646261692047119,
          "z": 1.6138445138931274
        },
        "rotation_quaternion": {
          "w": 0.28098466992378235,
          "x": 0.8653886914253235,
          "y": 0.30413633584976196,
          "z": -0.2822256088256836
        },
        "matrix": [
          [
            0.6556993722915649,
            0.6849946975708008,
            -0.3175532817840576,
            0.5980498194694519
          ],
          [
            0.36779093742370605,
            -0.6570966839790344,
            -0.6579926013946533,
            -0.34588944911956787
          ],
          [
            -0.6593890190124512,
            0.3146536350250244,
            -0.6827981472015381,
            1.6048723459243774
          ],
          [
            0.0,
            0.0,
            0.0,
            1.0
          ]
        ]
      },
      "bone_length_armature_space": 0.02851438821762509,
      "parent": "metacarpal_index_l",
      "has_children": true,
      "is_end_bone": false
    },
    "index_02_l": {
      "name": "index_02_l",
      "local": {
        "location": {
          "x": 0.0,
          "y": 0.0,
          "z": 0.0
        },
        "rotation_quaternion": {
          "w": 0.9986053109169006,
          "x": 0.051488518714904785,
          "y": 0.009981052950024605,
          "z": 0.006068962626159191
        },
        "scale": {
          "x": 1.0,
          "y": 1.0,
          "z": 1.0
        },
        "matrix_basis": [
          [
            0.9997270703315735,
            -0.011093176901340485,
            0.02055922895669937,
            0.0
          ],
          [
            0.013148816302418709,
            0.9946241974830627,
            -0.10271226614713669,
            0.0
          ],
          [
            -0.019309300929307938,
            0.10295456647872925,
            0.994498610496521,
            0.0
          ],
          [
            0.0,
            0.0,
            0.0,
            1.0
          ]
        ],
        "rotation_mode": "QUATERNION"
      },
      "armature_space": {
        "head": {
          "x": 0.6175820231437683,
          "y": -0.4278707206249237,
          "z": 0.6639904975891113
        },
        "tail": {
          "x": 0.6347841620445251,
          "y": -0.4457034170627594,
          "z": 0.6706367135047913
        }
      },
      "world_space": {
        "head": {
          "x": 0.6175820231437683,
          "y": -0.3646267056465149,
          "z": 1.6138445138931274
        },
        "tail": {
          "x": 0.6347841620445251,
          "y": -0.3824594020843506,
          "z": 1.6204907894134521
        },
        "rotation_quaternion": {
          "w": 0.2566545009613037,
          "x": 0.8652483820915222,
          "y": 0.2942051887512207,
          "z": -0.3145110607147217
        },
        "matrix": [
          [
            0.6290519833564758,
            0.670562744140625,
            -0.39324119687080383,
            0.6175820231437683
          ],
          [
            0.34768033027648926,
            -0.6951428055763245,
            -0.6292020082473755,
            -0.3646267056465149
          ],
          [
            -0.6952828764915466,
            0.25907963514328003,
            -0.6704278588294983,
            1.6138445138931274
          ],
          [
            0.0,
            0.0,
            0.0,
            1.0
          ]
        ]
      },
      "bone_length_armature_space": 0.0256532810816998,
      "parent": "index_01_l",
      "has_children": true,
      "is_end_bone": false
    },
    "index_03_l": {
      "name": "index_03_l",
      "local": {
        "location": {
          "x": 0.0,
          "y": 0.0,
          "z": 0.0
        },
        "rotation_quaternion": {
          "w": 0.999505877494812,
          "x": 0.030807500705122948,
          "y": -0.005461493507027626,
          "z": -0.003030829131603241
        },
        "scale": {
          "x": 1.0,
          "y": 1.0,
          "z": 1.0
        },
        "matrix_basis": [
          [
            0.999921977519989,
            0.005722153000533581,
            -0.011104334145784378,
            0.0
          ],
          [
            -0.006395172793418169,
            0.9980834126472473,
            -0.061551451683044434,
            0.0
          ],
          [
            0.010730844922363758,
            0.061617661267519,
            0.9980421662330627,
            0.0
          ],
          [
            0.0,
            0.0,
            0.0,
            1.0
          ]
        ],
        "rotation_mode": "QUATERNION"
      },
      "armature_space": {
        "head": {
          "x": 0.6347841620445251,
          "y": -0.44570332765579224,
          "z": 0.6706368923187256
        },
        "tail": {
          "x": 0.6541962623596191,
          "y": -0.46739834547042847,
          "z": 0.6731327176094055
        }
      },
      "world_space": {
        "head": {
          "x": 0.6347841620445251,
          "y": -0.3824593424797058,
          "z": 1.6204909086227417
        },
        "tail": {
          "x": 0.6541962623596191,
          "y": -0.40415436029434204,
          "z": 1.6229867935180664
        },
        "rotation_quaternion": {
          "w": 0.1660042554140091,
          "x": 0.8758190870285034,
          "y": 0.31810346245765686,
          "z": -0.32279059290885925
        },
        "matrix": [
          [
            0.5892324447631836,
            0.6643719673156738,
            -0.45979833602905273,
            0.6347841620445251
          ],
          [
            0.4500332772731781,
            -0.7425045967102051,
            -0.49614229798316956,
            -0.3824593424797058
          ],
          [
            -0.6710298657417297,
            0.08541837334632874,
            -0.736503005027771,
            1.6204909086227417
          ],
          [
            0.0,
            0.0,
            0.0,
            1.0
          ]
        ]
      },
      "bone_length_armature_space": 0.029218702903328068,
      "parent": "index_02_l",
      "has_children": false,
      "is_end_bone": true
    },
    "metacarpal_pinky_l": {
      "name": "metacarpal_pinky_l",
      "local": {
        "location": {
          "x": 0.0,
          "y": 0.0,
          "z": 0.0
        },
        "rotation_quaternion": {
          "w": 0.9990971088409424,
          "x": -0.04125361144542694,
          "y": -0.009652753360569477,
          "z": -0.0031533108558505774
        },
        "scale": {
          "x": 1.0,
          "y": 1.0,
          "z": 1.0
        },
        "matrix_basis": [
          [
            0.9997937679290771,
            0.007097349502146244,
            -0.01902790553867817,
            0.0
          ],
          [
            -0.005504505708813667,
            0.9965763688087463,
            0.0824936032295227,
            0.0
          ],
          [
            0.019548246636986732,
            -0.08237185329198837,
            0.9964099526405334,
            0.0
          ],
          [
            0.0,
            0.0,
            0.0,
            1.0
          ]
        ],
        "rotation_mode": "QUATERNION"
      },
      "armature_space": {
        "head": {
          "x": 0.5603741407394409,
          "y": -0.30556732416152954,
          "z": 0.6152209639549255
        },
        "tail": {
          "x": 0.647209107875824,
          "y": -0.3607843816280365,
          "z": 0.6311575770378113
        }
      },
      "world_space": {
        "head": {
          "x": 0.5603741407394409,
          "y": -0.24232332408428192,
          "z": 1.5650749206542969
        },
        "tail": {
          "x": 0.647209107875824,
          "y": -0.2975403666496277,
          "z": 1.5810115337371826
        },
        "rotation_quaternion": {
          "w": 0.4787568151950836,
          "x": 0.02244161255657673,
          "y": -0.07522344589233398,
          "z": -0.8744310736656189
        },
        "matrix": [
          [
            -0.5405764579772949,
            0.8339031338691711,
            -0.11127498000860214,
            0.5603741407394409
          ],
          [
            -0.8406562805175781,
            -0.5302666425704956,
            0.11006729304790497,
            -0.24232332408428192
          ],
          [
            0.03277964890003204,
            0.15304432809352875,
            0.9876826405525208,
            1.5650749206542969
          ],
          [
            0.0,
            0.0,
            0.0,
            1.0
          ]
        ]
      },
      "bone_length_armature_space": 0.10413073811706906,
      "parent": "lowerarm_l",
      "has_children": true,
      "is_end_bone": false
    },
    "pinky_01_l": {
      "name": "pinky_01_l",
      "local": {
        "location": {
          "x": 0.0,
          "y": 0.0,
          "z": 0.0
        },
        "rotation_quaternion": {
          "w": 0.9579417705535889,
          "x": 0.2868753671646118,
          "y": -0.004509375896304846,
          "z": -0.005468816962093115
        },
        "scale": {
          "x": 1.0,
          "y": 1.0,
          "z": 1.0
        },
        "matrix_basis": [
          [
            0.9998995065689087,
            0.007890358567237854,
            -0.011777176521718502,
            0.0
          ],
          [
            -0.013064874336123466,
            0.8353452086448669,
            -0.5495705008506775,
            0.0
          ],
          [
            0.0055017014965415,
            0.549669086933136,
            0.8353644013404846,
            0.0
          ],
          [
            0.0,
            0.0,
            0.0,
            1.0
          ]
        ],
        "rotation_mode": "QUATERNION"
      },
      "armature_space": {
        "head": {
          "x": 0.647209107875824,
          "y": -0.3607843816280365,
          "z": 0.6311575770378113
        },
        "tail": {
