{
  "metadata": {
    "armature_name": "KIM_caucasian_male",
    "export_time": "2026-01-13T21:04:17.175097",
    "blender_version": "4.4.1",
    "bone_count": 56,
    "end_bone_count": 13,
    "spaces_included": [
      "LOCAL_CHANNELS",
      "ARMATURE_SPACE",
      "WORLD_SPACE"
    ],
    "note": "LOCAL matches Transform panel; replay pose via local.matrix_basis for best fidelity."
  },
  "bones": {
    "Root": {
      "name": "Root",
      "local": {
        "location": {
          "x": 0.0,
          "y": 0.0,
          "z": 0.0
        },
        "rotation_quaternion": {
          "w": 0.9995450973510742,
          "x": 0.011556845158338547,
          "y": 0.014964223839342594,
          "z": 0.02349877916276455
        },
        "scale": {
          "x": 1.0,
          "y": 1.0,
          "z": 1.0
        },
        "matrix_basis": [
          [
            0.9984477758407593,
            -0.04663030058145523,
            0.030457977205514908,
            0.0
          ],
          [
            0.04732205718755722,
            0.9986284971237183,
            -0.022399893030524254,
            0.0
          ],
          [
            -0.02937169000506401,
            0.023806458339095116,
            0.9992850422859192,
            0.0
          ],
          [
            0.0,
            0.0,
            0.0,
            1.0
          ]
        ],
        "rotation_mode": "QUATERNION"
      },
      "armature_space": {
        "head": {
          "x": 0.0,
          "y": 0.07072800397872925,
          "z": -0.009595036506652832
        },
        "tail": {
          "x": -0.0033282781951129436,
          "y": -0.0001314207911491394,
          "z": -0.0016969554126262665
        }
      },
      "world_space": {
        "head": {
          "x": 0.0,
          "y": 0.13397200405597687,
          "z": 0.9402589797973633
        },
        "tail": {
          "x": -0.0033282781951129436,
          "y": 0.06311257928609848,
          "z": 0.9481570720672607
        },
        "rotation_quaternion": {
          "w": 0.05580640956759453,
          "x": 0.9980528950691223,
          "y": -0.022437285631895065,
          "z": 0.016513289883732796
        },
        "matrix": [
          [
            0.9984477758407593,
            -0.04663030058145523,
            0.030457977205514908,
            0.0
          ],
          [
            -0.04294409602880478,
            -0.992764413356781,
            -0.11213700473308563,
            0.13397200405597687
          ],
          [
            0.03546678274869919,
            0.1106547862291336,
            -0.9932329654693604,
            0.9402589797973633
          ],
          [
            0.0,
            0.0,
            0.0,
            1.0
          ]
        ]
      },
      "bone_length_armature_space": 0.07137587229648211,
      "parent": null,
      "has_children": true,
      "is_end_bone": false
    },
    "spine_01": {
      "name": "spine_01",
      "local": {
        "location": {
          "x": 0.0,
          "y": 0.0,
          "z": 0.0
        },
        "rotation_quaternion": {
          "w": 0.9980752468109131,
          "x": 0.017528703436255455,
          "y": -0.05494068190455437,
          "z": -0.02280590869486332
        },
        "scale": {
          "x": 1.0,
          "y": 1.0,
          "z": 1.0
        },
        "matrix_basis": [
          [
            0.992922842502594,
            0.04359794780611992,
            -0.11046938598155975,
            0.0
          ],
          [
            -0.04745010286569595,
            0.9983452558517456,
            -0.032483987510204315,
            0.0
          ],
          [
            0.10887034982442856,
            0.037495873868465424,
            0.9933485388755798,
            0.0
          ],
          [
            0.0,
            0.0,
            0.0,
            1.0
          ]
        ],
        "rotation_mode": "QUATERNION"
      },
      "armature_space": {
        "head": {
          "x": -0.0033282781951129436,
          "y": -0.0001314207911491394,
          "z": -0.0016969554126262665
        },
        "tail": {
          "x": 0.0003337573725730181,
          "y": -0.007447963580489159,
          "z": 0.48623913526535034
        }
      },
      "world_space": {
        "head": {
          "x": -0.0033282781951129436,
          "y": 0.06311257928609848,
          "z": 0.9481570720672607
        },
        "tail": {
          "x": 0.0003337573725730181,
          "y": 0.05579603463411331,
          "z": 1.4360930919647217
        },
        "rotation_quaternion": {
          "w": 0.6999258399009705,
          "x": 0.7100909352302551,
          "y": -0.051060356199741364,
          "z": -0.05716261267662048
        },
        "matrix": [
          [
            0.9882506132125854,
            0.00750415213406086,
            -0.1526581346988678,
            -0.0033282781951129436
          ],
          [
            -0.15253408253192902,
            -0.014992877840995789,
            -0.9881845712661743,
            0.06311257928609848
          ],
          [
            -0.009704478085041046,
            0.9998664855957031,
            -0.013673080131411552,
            0.9481570720672607
          ],
          [
            0.0,
            0.0,
            0.0,
            1.0
          ]
        ]
      },
      "bone_length_armature_space": 0.48800467359218513,
      "parent": "Root",
      "has_children": true,
      "is_end_bone": false
    },
    "neck_01": {
      "name": "neck_01",
      "local": {
        "location": {
          "x": 0.0,
          "y": 0.0,
          "z": 0.0
        },
        "rotation_quaternion": {
          "w": 0.9994341135025024,
          "x": 0.0039625996723771095,
          "y": -0.03313875198364258,
          "z": -0.004218278452754021
        },
        "scale": {
          "x": 1.0,
          "y": 1.0,
          "z": 1.0
        },
        "matrix_basis": [
          [
            0.9977680444717407,
            0.008169151842594147,
            -0.06627342849969864,
            0.0
          ],
          [
            -0.008694414049386978,
            0.9999330043792725,
            -0.007641137577593327,
            0.0
          ],
          [
            0.06620656698942184,
            0.00820029154419899,
            0.997772216796875,
            0.0
          ],
          [
            0.0,
            0.0,
            0.0,
            1.0
          ]
        ],
        "rotation_mode": "QUATERNION"
      },
      "armature_space": {
        "head": {
          "x": -0.004411051049828529,
          "y": -0.0428163968026638,
          "z": 0.5589736104011536
        },
        "tail": {
          "x": -0.00893986877053976,
          "y": -0.08361588418483734,
          "z": 0.6529184579849243
        }
      },
      "world_space": {
        "head": {
          "x": -0.004411051049828529,
          "y": 0.020427603274583817,
          "z": 1.5088276863098145
        },
        "tail": {
          "x": -0.00893986877053976,
          "y": -0.02037188410758972,
          "z": 1.6027724742889404
        },
        "rotation_quaternion": {
          "w": 0.5432958006858826,
          "x": 0.8325394988059998,
          "y": -0.07647913694381714,
          "z": -0.07654169201850891
        },
        "matrix": [
          [
            0.9765846729278564,
            -0.04417439177632332,
            -0.21054959297180176,
            -0.004411051049828529
          ],
          [
            -0.21051347255706787,
            -0.39796096086502075,
            -0.8929230570793152,
            0.020427603274583817
          ],
          [
            -0.044346682727336884,
            0.9163442254066467,
            -0.39794546365737915,
            1.5088276863098145
          ],
          [
            0.0,
            0.0,
            0.0,
            1.0
          ]
        ]
      },
      "bone_length_armature_space": 0.10252191433540282,
      "parent": "spine_01",
      "has_children": true,
      "is_end_bone": false
    },
    "head": {
      "name": "head",
      "local": {
        "location": {
          "x": 0.0,
          "y": 0.0,
          "z": 0.0
        },
        "rotation_quaternion": {
          "w": 0.9843080043792725,
          "x": -0.05423910170793533,
          "y": 0.10574689507484436,
          "z": -0.13043604791164398
        },
        "scale": {
          "x": 1.0,
          "y": 1.0,
          "z": 1.0
        },
        "matrix_basis": [
          [
            0.9436080455780029,
            0.24530725181102753,
            0.22232450544834137,
            0.0
          ],
          [
            -0.2682497203350067,
            0.9600890874862671,
            0.07918954640626907,
            0.0
          ],
          [
            -0.19402556121349335,
            -0.1343623846769333,
            0.9717514514923096,
            0.0
          ],
          [
            0.0,
            0.0,
            0.0,
            1.0
          ]
        ],
        "rotation_mode": "QUATERNION"
      },
      "armature_space": {
        "head": {
          "x": -0.008939897641539574,
          "y": -0.0836159959435463,
          "z": 0.6529183387756348
        },
        "tail": {
          "x": 0.03778418153524399,
          "y": -0.07857027649879456,
          "z": 0.800717830657959
        }
      },
      "world_space": {
        "head": {
          "x": -0.008939897641539574,
          "y": -0.020371995866298676,
          "z": 1.6027723550796509
        },
        "tail": {
          "x": 0.03778418153524399,
          "y": -0.015326276421546936,
          "z": 1.750571846961975
        },
        "rotation_quaternion": {
          "w": 0.7100698351860046,
          "x": 0.6874162554740906,
          "y": 0.10985241830348969,
          "z": -0.10579358041286469
        },
        "matrix": [
          [
            0.9534804224967957,
            0.3012703061103821,
            0.01055559515953064,
            -0.008939897641539574
          ],
          [
            0.0007850080728530884,
            0.032534077763557434,
            -0.999470591545105,
            -0.020371995866298676
          ],
          [
            -0.3014562427997589,
            0.9529903531074524,
            0.03078332170844078,
            1.6027723550796509
          ],
          [
            0.0,
            0.0,
            0.0,
            1.0
          ]
        ]
      },
      "bone_length_armature_space": 0.15509123037925163,
      "parent": "neck_01",
      "has_children": false,
      "is_end_bone": true
    },
    "upperarm_l": {
      "name": "upperarm_l",
      "local": {
        "location": {
          "x": 0.0,
          "y": 0.0,
          "z": 0.0
        },
        "rotation_quaternion": {
          "w": 0.9184091687202454,
          "x": 0.10690107941627502,
          "y": 0.37403616309165955,
          "z": 0.07206825911998749
        },
        "scale": {
          "x": 1.0,
          "y": 1.0,
          "z": 1.0
        },
        "matrix_basis": [
          [
            0.7098062038421631,
            -0.05240656062960625,
            0.702444851398468,
            0.0
          ],
          [
            0.21234603226184845,
            0.9667566418647766,
            -0.14244559407234192,
            0.0
          ],
          [
            -0.6716281175613403,
            0.25027012825012207,
            0.6973382234573364,
            0.0
          ],
          [
            0.0,
            0.0,
            0.0,
            1.0
          ]
        ],
        "rotation_mode": "QUATERNION"
      },
      "armature_space": {
        "head": {
          "x": 0.1428353637456894,
          "y": -0.0678403228521347,
          "z": 0.4902755618095398
        },
        "tail": {
          "x": 0.392790824174881,
          "y": -0.16437292098999023,
          "z": 0.4936453104019165
        }
      },
      "world_space": {
        "head": {
          "x": 0.1428353637456894,
          "y": -0.004596322774887085,
          "z": 1.4401295185089111
        },
        "tail": {
          "x": 0.392790824174881,
          "y": -0.10112892091274261,
          "z": 1.4434993267059326
        },
        "rotation_quaternion": {
          "w": 0.2148028463125229,
          "x": 0.7670534253120422,
          "y": 0.5232016444206238,
          "z": -0.3029007911682129
        },
        "matrix": [
          [
            0.2690214216709137,
            0.9327760338783264,
            -0.23990952968597412,
            0.1428353637456894
          ],
          [
            0.6725194454193115,
            -0.36023736000061035,
            -0.6464882493019104,
            -0.004596322774887085
          ],
          [
            -0.6894571185112,
            0.012575075961649418,
            -0.7242271304130554,
            1.4401295185089111
          ],
          [
            0.0,
            0.0,
            0.0,
            1.0
          ]
        ]
      },
      "bone_length_armature_space": 0.26796946059689253,
      "parent": "spine_01",
      "has_children": true,
      "is_end_bone": false
    },
    "lowerarm_l": {
      "name": "lowerarm_l",
      "local": {
        "location": {
          "x": 0.0,
          "y": 0.0,
          "z": 0.0
        },
        "rotation_quaternion": {
          "w": 0.8939796686172485,
          "x": 0.30313125252723694,
          "y": 0.10770045965909958,
          "z": -0.3119491934776306
        },
        "scale": {
          "x": 1.0,
          "y": 1.0,
          "z": 1.0
        },
        "matrix_basis": [
          [
            0.7821766138076782,
            0.6230472326278687,
            0.003440943080931902,
            0.0
          ],
          [
            -0.49245771765708923,
            0.6215983033180237,
            -0.6091805100440979,
            0.0
          ],
          [
            -0.38168713450431824,
            0.4747922122478485,
            0.7930241227149963,
            0.0
          ],
          [
            0.0,
            0.0,
            0.0,
            1.0
          ]
        ],
        "rotation_mode": "QUATERNION"
      },
      "armature_space": {
        "head": {
          "x": 0.39279085397720337,
          "y": -0.16437307000160217,
          "z": 0.4936453402042389
        },
        "tail": {
          "x": 0.5362995266914368,
          "y": -0.23874127864837646,
          "z": 0.28046780824661255
        }
      },
      "world_space": {
        "head": {
          "x": 0.39279085397720337,
          "y": -0.10112906992435455,
          "z": 1.4434993267059326
        },
        "tail": {
          "x": 0.5362995266914368,
          "y": -0.17549727857112885,
          "z": 1.2303218841552734
        },
        "rotation_quaternion": {
          "w": 0.21111862361431122,
          "x": -0.650938093662262,
          "y": -0.5625253915786743,
          "z": 0.463976114988327
        },
        "matrix": [
          [
            -0.06341969966888428,
            0.5364319086074829,
            -0.8415572643280029,
            0.39279085397720337
          ],
          [
            0.928246259689331,
            -0.2779865860939026,
            -0.24714913964271545,
            -0.10112906992435455
          ],
          [
            -0.366521954536438,
            -0.7968523502349854,
            -0.480314701795578,
            1.4434993267059326
          ],
          [
            0.0,
            0.0,
            0.0,
            1.0
          ]
        ]
      },
      "bone_length_armature_space": 0.2675257530611266,
      "parent": "upperarm_l",
      "has_children": true,
      "is_end_bone": false
    },
    "metacarpal_thumb_l": {
      "name": "metacarpal_thumb_l",
      "local": {
        "location": {
          "x": 0.0,
          "y": 0.0,
          "z": 0.0
        },
        "rotation_quaternion": {
          "w": 0.9998196363449097,
          "x": -0.016057291999459267,
          "y": -0.006328807678073645,
          "z": -0.00793464109301567
        },
        "scale": {
          "x": 1.0,
          "y": 1.0,
          "z": 1.0
        },
        "matrix_basis": [
          [
            0.9997939467430115,
            0.016069667413830757,
            -0.01240051444619894,
            0.0
          ],
          [
            -0.01566317304968834,
            0.9993584156036377,
            0.03220922499895096,
            0.0
          ],
          [
            0.012910149991512299,
            -0.03200835734605789,
            0.9994041919708252,
            0.0
          ],
          [
            0.0,
            0.0,
            0.0,
            1.0
          ]
        ],
        "rotation_mode": "QUATERNION"
      },
      "armature_space": {
        "head": {
          "x": 0.5362995266914368,
          "y": -0.23874127864837646,
          "z": 0.28046780824661255
        },
        "tail": {
          "x": 0.5331344604492188,
          "y": -0.24986186623573303,
          "z": 0.23230212926864624
        }
      },
      "world_space": {
        "head": {
          "x": 0.5362995266914368,
          "y": -0.17549727857112885,
          "z": 1.2303218841552734
        },
        "tail": {
          "x": 0.5331344604492188,
          "y": -0.1866178661584854,
          "z": 1.1821560859680176
        },
        "rotation_quaternion": {
          "w": 0.6224637627601624,
          "x": -0.7790992856025696,
          "y": -0.01692083850502968,
          "z": 0.07250436395406723
        },
        "matrix": [
          [
            0.9889136552810669,
            -0.06389671564102173,
            -0.1340409219264984,
            0.5362995266914368
          ],
          [
            0.11662833392620087,
            -0.22450554370880127,
            0.9674685597419739,
            -0.17549727857112885
          ],
          [
            -0.09191149473190308,
            -0.972382664680481,
            -0.2145649790763855,
            1.2303218841552734
          ],
          [
            0.0,
            0.0,
            0.0,
            1.0
          ]
        ]
      },
      "bone_length_armature_space": 0.04953400648940163,
      "parent": "lowerarm_l",
      "has_children": true,
      "is_end_bone": false
    },
    "thumb_01_l": {
      "name": "thumb_01_l",
      "local": {
        "location": {
          "x": 0.0,
          "y": 0.0,
          "z": 0.0
        },
        "rotation_quaternion": {
          "w": 0.9998969435691833,
          "x": 0.012536099180579185,
          "y": 0.006070252042263746,
          "z": 0.0034997225739061832
        },
        "scale": {
          "x": 1.0,
          "y": 1.0,
          "z": 1.0
        },
        "matrix_basis": [
          [
            0.9999018311500549,
            -0.006846529431641102,
            0.012226998805999756,
            0.0
          ],
          [
            0.007150918245315552,
            0.9996612071990967,
            -0.02502712607383728,
            0.0
          ],
          [
            -0.012051506899297237,
            0.025112103670835495,
            0.9996119737625122,
            0.0
          ],
          [
            0.0,
            0.0,
            0.0,
            1.0
          ]
        ],
        "rotation_mode": "QUATERNION"
      },
      "armature_space": {
        "head": {
          "x": 0.5331344604492188,
          "y": -0.24986186623573303,
          "z": 0.23230212926864624
        },
        "tail": {
          "x": 0.5250601768493652,
          "y": -0.23063597083091736,
          "z": 0.20539849996566772
        }
      },
      "world_space": {
        "head": {
          "x": 0.5331344604492188,
          "y": -0.1866178661584854,
          "z": 1.1821560859680176
        },
        "tail": {
          "x": 0.5250601768493652,
          "y": -0.16739197075366974,
          "z": 1.155252456665039
        },
        "rotation_quaternion": {
          "w": 0.5937520861625671,
          "x": -0.39928609132766724,
          "y": 0.655646562576294,
          "z": -0.24115696549415588
        },
        "matrix": [
          [
            0.023941289633512497,
            -0.23720940947532654,
            0.9711634516716003,
            0.5331344604492188
          ],
          [
            -0.8099568486213684,
            0.5648266673088074,
            0.15792781114578247,
            -0.1866178661584854
          ],
          [
            -0.5860056281089783,
            -0.790386438369751,
            -0.17860782146453857,
            1.1821560859680176
          ],
          [
            0.0,
            0.0,
            0.0,
            1.0
          ]
        ]
      },
      "bone_length_armature_space": 0.03403871908787157,
      "parent": "metacarpal_thumb_l",
      "has_children": true,
      "is_end_bone": false
    },
    "thumb_02_l": {
      "name": "thumb_02_l",
      "local": {
        "location": {
          "x": 0.0,
          "y": 0.0,
          "z": 0.0
        },
        "rotation_quaternion": {
          "w": 0.9886369705200195,
          "x": 0.15004774928092957,
          "y": -0.008827362209558487,
          "z": -0.002194224391132593
        },
        "scale": {
          "x": 1.0,
          "y": 1.0,
          "z": 1.0
        },
        "matrix_basis": [
          [
            0.9998345375061035,
            0.0016895310254767537,
            -0.01811259053647518,
            0.0
          ],
          [
            -0.00698763458058238,
            0.9549617171287537,
            -0.29664677381515503,
            0.0
          ],
          [
            0.01679563708603382,
            0.29672423005104065,
            0.9548155069351196,
            0.0
          ],
          [
            0.0,
            0.0,
            0.0,
            1.0
          ]
        ],
        "rotation_mode": "QUATERNION"
      },
      "armature_space": {
        "head": {
          "x": 0.5250601172447205,
          "y": -0.23063595592975616,
          "z": 0.2053985446691513
        },
        "tail": {
          "x": 0.5509512424468994,
          "y": -0.2437017560005188,
          "z": 0.17761144042015076
        }
      },
      "world_space": {
        "head": {
          "x": 0.5250601172447205,
          "y": -0.16739195585250854,
          "z": 1.1552525758743286
        },
        "tail": {
          "x": 0.5509512424468994,
          "y": -0.18045775592327118,
          "z": 1.1274654865264893
        },
        "rotation_quaternion": {
          "w": 0.43397757411003113,
          "x": -0.07618387043476105,
          "y": 0.3860167860984802,
          "z": -0.8104631304740906
        },
        "matrix": [
          [
            -0.6117172837257385,
            0.6446292996406555,
            0.45853564143180847,
            0.5250601172447205
          ],
          [
            -0.7622641324996948,
            -0.3253081440925598,
            -0.5595787763595581,
            -0.16739195585250854
          ],
          [
            -0.21155761182308197,
            -0.6918342113494873,
            0.6903786659240723,
            1.1552525758743286
          ],
          [
            0.0,
            0.0,
            0.0,
            1.0
          ]
        ]
      },
      "bone_length_armature_space": 0.040164520351251794,
      "parent": "thumb_01_l",
      "has_children": true,
      "is_end_bone": false
    },
    "thumb_03_l": {
      "name": "thumb_03_l",
      "local": {
        "location": {
          "x": 0.0,
          "y": 0.0,
          "z": 0.0
        },
        "rotation_quaternion": {
          "w": 0.9944552183151245,
          "x": 0.10508653521537781,
          "y": 0.0015954364789649844,
          "z": -0.00362796732224524
        },
        "scale": {
          "x": 1.0,
          "y": 1.0,
          "z": 1.0
        },
        "matrix_basis": [
          [
            0.9999685883522034,
            0.007551020011305809,
            0.0024106791242957115,
            0.0
          ],
          [
            -0.006880384404212236,
            0.9778873324394226,
            -0.20901928842067719,
            0.0
          ],
          [
            -0.003935681190341711,
            0.20899613201618195,
            0.9779085516929626,
            0.0
          ],
          [
            0.0,
            0.0,
            0.0,
            1.0
          ]
        ],
        "rotation_mode": "QUATERNION"
      },
      "armature_space": {
        "head": {
          "x": 0.5509511828422546,
          "y": -0.2437017560005188,
          "z": 0.17761141061782837
        },
        "tail": {
          "x": 0.576012372970581,
          "y": -0.2585695683956146,
          "z": 0.16879232227802277
        }
      },
      "world_space": {
        "head": {
          "x": 0.5509511828422546,
          "y": -0.18045775592327118,
          "z": 1.1274654865264893
        },
        "tail": {
          "x": 0.576012372970581,
          "y": -0.195325568318367,
          "z": 1.1186463832855225
        },
        "rotation_quaternion": {
          "w": 0.4201669692993164,
          "x": 0.21513043344020844,
          "y": 0.28157272934913635,
          "z": -0.8354014158248901
        },
        "matrix": [
          [
            -0.5543569922447205,
            0.8231662511825562,
            -0.1228237897157669,
            0.5509511828422546
          ],
          [
            -0.5808678269386292,
            -0.48835211992263794,
            -0.6512336134910583,
            -0.18045775592327118
          ],
          [
            -0.596059262752533,
            -0.2896738052368164,
            0.7488767504692078,
            1.1274654865264893
          ],
          [
            0.0,
            0.0,
            0.0,
            1.0
          ]
        ]
      },
      "bone_length_armature_space": 0.03044489095827416,
      "parent": "thumb_02_l",
      "has_children": false,
      "is_end_bone": true
    },
    "metacarpal_index_l": {
      "name": "metacarpal_index_l",
      "local": {
        "location": {
          "x": 0.0,
          "y": 0.0,
          "z": 0.0
        },
        "rotation_quaternion": {
          "w": 0.9986766576766968,
          "x": -0.050992611795663834,
          "y": 0.005211851093918085,
          "z": -0.004206248093396425
        },
        "scale": {
          "x": 1.0,
          "y": 1.0,
          "z": 1.0
        },
        "matrix_basis": [
          [
            0.999910295009613,
            0.007869832217693329,
            0.010838882997632027,
            0.0
          ],
          [
            -0.00893289502710104,
            0.9947641491889954,
            0.10180641710758209,
            0.0
          ],
          [
            -0.00998093280941248,
            -0.10189411044120789,
            0.9947451949119568,
            0.0
          ],
          [
            0.0,
            0.0,
            0.0,
            1.0
          ]
        ],
        "rotation_mode": "QUATERNION"
      },
      "armature_space": {
        "head": {
          "x": 0.5362995266914368,
          "y": -0.23874127864837646,
          "z": 0.28046780824661255
        },
        "tail": {
          "x": 0.5736107230186462,
          "y": -0.2803548574447632,
          "z": 0.17748451232910156
        }
      },
      "world_space": {
        "head": {
          "x": 0.5362995266914368,
          "y": -0.17549727857112885,
          "z": 1.2303218841552734
        },
        "tail": {
          "x": 0.5736107230186462,
          "y": -0.21711085736751556,
          "z": 1.1273385286331177
        },
        "rotation_quaternion": {
          "w": 0.4770506024360657,
          "x": -0.8022790551185608,
          "y": -0.30797338485717773,
          "z": 0.184183731675148
        },
        "matrix": [
          [
            0.7424566149711609,
            0.3184316158294678,
            -0.5893720388412476,
            0.5362995266914368
          ],
          [
            0.6698922514915466,
            -0.355150431394577,
            0.652006983757019,
            -0.17549727857112885
          ],
          [
            -0.001695476472377777,
            -0.8789091110229492,
            -0.4770013391971588,
            1.2303218841552734
          ],
          [
            0.0,
            0.0,
            0.0,
            1.0
          ]
        ]
      },
      "bone_length_armature_space": 0.11717241557709768,
      "parent": "lowerarm_l",
      "has_children": true,
      "is_end_bone": false
    },
    "index_01_l": {
      "name": "index_01_l",
      "local": {
        "location": {
          "x": 0.0,
          "y": 0.0,
          "z": 0.0
        },
        "rotation_quaternion": {
          "w": 0.9956344366073608,
          "x": -0.09266376495361328,
          "y": 0.01111476682126522,
          "z": 0.0014123101718723774
        },
        "scale": {
          "x": 1.0,
          "y": 1.0,
          "z": 1.0
        },
        "matrix_basis": [
          [
            0.999748945236206,
            -0.00487216142937541,
            0.021870749071240425,
            0.0
          ],
          [
            0.0007524170214310288,
            0.982822835445404,
            0.18454986810684204,
            0.0
          ],
          [
            -0.022394228726625443,
            -0.18448707461357117,
            0.98257976770401,
            0.0
          ],
          [
            0.0,
            0.0,
            0.0,
            1.0
          ]
        ],
        "rotation_mode": "QUATERNION"
      },
      "armature_space": {
        "head": {
          "x": 0.5736107230186462,
          "y": -0.2803548574447632,
          "z": 0.17748451232910156
        },
        "tail": {
          "x": 0.5938300490379333,
          "y": -0.2890545427799225,
          "z": 0.15935803949832916
        }
      },
      "world_space": {
        "head": {
          "x": 0.5736107230186462,
          "y": -0.21711085736751556,
          "z": 1.1273385286331177
        },
        "tail": {
          "x": 0.5938300490379333,
          "y": -0.22581054270267487,
          "z": 1.109212040901184
        },
        "rotation_quaternion": {
          "w": 0.3860480487346649,
          "x": -0.8076916337013245,
          "y": -0.4454406797885895,
          "z": 0.013554631732404232
        },
        "matrix": [
          [
            0.6027963161468506,
            0.7090919613838196,
            -0.36582112312316895,
            0.5736107230186462
          ],
          [
            0.7300249934196472,
            -0.3050982356071472,
            0.6115382313728333,
            -0.21711085736751556
          ],
          [
            0.3220284581184387,
            -0.6356962323188782,
            -0.7015712857246399,
            1.1273385286331177
          ],
          [
            0.0,
            0.0,
            0.0,
            1.0
          ]
        ]
      },
      "bone_length_armature_space": 0.02851446451273616,
      "parent": "metacarpal_index_l",
      "has_children": true,
      "is_end_bone": false
    },
    "index_02_l": {
      "name": "index_02_l",
      "local": {
        "location": {
          "x": 0.0,
          "y": 0.0,
          "z": 0.0
        },
        "rotation_quaternion": {
          "w": 0.9806349277496338,
          "x": 0.1957450956106186,
          "y": 0.005621953401714563,
          "z": 0.002739350311458111
        },
        "scale": {
          "x": 1.0,
          "y": 1.0,
          "z": 1.0
        },
        "matrix_basis": [
          [
            0.9999217987060547,
            -0.003171665593981743,
            0.012098596431314945,
            0.0
          ],
          [
            0.007573544979095459,
            0.9233527183532715,
            -0.3838781416416168,
            0.0
          ],
          [
            -0.009953739121556282,
            0.3839397430419922,
            0.9233044981956482,
            0.0
          ],
          [
            0.0,
            0.0,
            0.0,
            1.0
          ]
        ],
        "rotation_mode": "QUATERNION"
      },
      "armature_space": {
        "head": {
          "x": 0.5938300490379333,
          "y": -0.28905466198921204,
          "z": 0.159357488155365
        },
        "tail": {
          "x": 0.607583224773407,
          "y": -0.29086947441101074,
          "z": 0.13777849078178406
        }
      },
      "world_space": {
        "head": {
          "x": 0.5938300490379333,
          "y": -0.22581066191196442,
          "z": 1.1092114448547363
        },
        "tail": {
          "x": 0.607583224773407,
          "y": -0.22762547433376312,
          "z": 1.0876325368881226
        },
        "rotation_quaternion": {
          "w": 0.5105805993080139,
          "x": -0.7227219939231873,
          "y": -0.45159196853637695,
          "z": 0.11421533674001694
        },
        "matrix": [
          [
            0.5660366415977478,
            0.5361185073852539,
            -0.6262422204017639,
            0.5938300490379333
          ],
          [
            0.7693853974342346,
            -0.07074342668056488,
            0.6348557472229004,
            -0.22581066191196442
          ],
          [
            0.2960582971572876,
            -0.8411791324615479,
            -0.452527791261673,
            1.1092114448547363
          ],
          [
            0.0,
            0.0,
            0.0,
            1.0
          ]
        ]
      },
      "bone_length_armature_space": 0.025653392014985864,
      "parent": "index_01_l",
      "has_children": true,
      "is_end_bone": false
    },
    "index_03_l": {
      "name": "index_03_l",
      "local": {
        "location": {
          "x": 0.0,
          "y": 0.0,
          "z": 0.0
        },
        "rotation_quaternion": {
          "w": 0.9713166952133179,
          "x": 0.23762311041355133,
          "y": 0.006510548293590546,
          "z": -0.0060749659314751625
        },
        "scale": {
          "x": 1.0,
          "y": 1.0,
          "z": 1.0
        },
        "matrix_basis": [
          [
            0.9998413920402527,
            0.014895545318722725,
            0.00976050365716219,
            0.0
          ],
          [
            -0.00870731845498085,
            0.8869966864585876,
            -0.4616937041282654,
            0.0
          ],
          [
            -0.015534712933003902,
            0.4615354835987091,
            0.886985719203949,
            0.0
          ],
          [
            0.0,
            0.0,
            0.0,
            1.0
          ]
        ],
        "rotation_mode": "QUATERNION"
      },
      "armature_space": {
        "head": {
          "x": 0.6075832843780518,
          "y": -0.2908695638179779,
          "z": 0.13777855038642883
        },
        "tail": {
          "x": 0.612955629825592,
          "y": -0.2798258662223816,
          "z": 0.11126600205898285
        }
      },
      "world_space": {
        "head": {
          "x": 0.6075832843780518,
          "y": -0.22762556374073029,
          "z": 1.0876325368881226
        },
        "tail": {
          "x": 0.612955629825592,
          "y": -0.21658186614513397,
          "z": 1.0611200332641602
        },
        "rotation_quaternion": {
          "w": 0.7127179503440857,
          "x": -0.5260889530181885,
          "y": -0.4254603981971741,
          "z": 0.18505977094173431
        },
        "matrix": [
          [
            0.5694742202758789,
            0.18386760354042053,
            -0.801181435585022,
            0.6075832843780518
          ],
          [
            0.711449921131134,
            0.3779674470424652,
            0.5924355387687683,
            -0.22762556374073029
          ],
          [
            0.4117538630962372,
            -0.9073832631111145,
            0.0844312310218811,
            1.0876325368881226
          ],
          [
            0.0,
            0.0,
            0.0,
            1.0
          ]
        ]
      },
      "bone_length_armature_space": 0.029218839769049,
      "parent": "index_02_l",
      "has_children": false,
      "is_end_bone": true
    },
    "metacarpal_pinky_l": {
      "name": "metacarpal_pinky_l",
      "local": {
        "location": {
          "x": 0.0,
          "y": 0.0,
          "z": 0.0
        },
        "rotation_quaternion": {
          "w": 0.9977993965148926,
          "x": -0.06277210265398026,
          "y": 0.02101677469909191,
          "z": 0.0037793349474668503
        },
        "scale": {
          "x": 1.0,
          "y": 1.0,
          "z": 1.0
        },
        "matrix_basis": [
          [
            0.9990880489349365,
            -0.010180570185184479,
            0.04146657511591911,
            0.0
          ],
          [
            0.004903501830995083,
            0.9920907616615295,
            0.125426784157753,
            0.0
          ],
          [
            -0.042415522038936615,
            -0.12510907649993896,
            0.9912359118461609,
            0.0
          ],
          [
            0.0,
            0.0,
            0.0,
            1.0
          ]
        ],
        "rotation_mode": "QUATERNION"
      },
      "armature_space": {
        "head": {
          "x": 0.5362995266914368,
          "y": -0.23874127864837646,
          "z": 0.28046780824661255
        },
        "tail": {
          "x": 0.6175245642662048,
          "y": -0.24499495327472687,
          "z": 0.21560901403427124
        }
      },
      "world_space": {
        "head": {
          "x": 0.5362995266914368,
          "y": -0.17549727857112885,
          "z": 1.2303218841552734
        },
        "tail": {
          "x": 0.6175245642662048,
          "y": -0.18175095319747925,
          "z": 1.1654629707336426
        },
        "rotation_quaternion": {
          "w": 0.3028043806552887,
          "x": 0.3097532391548157,
          "y": 0.6150467991828918,
          "z": -0.6588473916053772
        },
        "matrix": [
          [
            -0.6247251629829407,
            0.7800289988517761,
            -0.03568194806575775,
            0.5362995266914368
          ],
          [
            -0.01798199862241745,
            -0.060055918991565704,
            -0.9980332255363464,
            -0.17549727857112885
          ],
          [
            -0.7806432843208313,
            -0.6228591799736023,
            0.051544204354286194,
            1.2303218841552734
          ],
          [
            0.0,
            0.0,
            0.0,
            1.0
          ]
        ]
      },
      "bone_length_armature_space": 0.10413106288763023,
      "parent": "lowerarm_l",
      "has_children": true,
      "is_end_bone": false
    },
    "pinky_01_l": {
      "name": "pinky_01_l",
      "local": {
        "location": {
          "x": 0.0,
          "y": 0.0,
          "z": 0.0
        },
        "rotation_quaternion": {
          "w": 0.9960269927978516,
          "x": 0.08712909370660782,
          "y": -0.018066108226776123,
          "z": -0.0035278298892080784
        },
        "scale": {
          "x": 1.0,
          "y": 1.0,
          "z": 1.0
        },
        "matrix_basis": [
          [
            0.9993223547935486,
            0.003879460273310542,
            -0.0366034172475338,
            0.0
          ],
          [
            -0.010175795294344425,
            0.984792172908783,
            -0.17343838512897491,
            0.0
          ],
          [
            0.03537391126155853,
            0.17369332909584045,
            0.984164297580719,
            0.0
          ],
          [
            0.0,
            0.0,
            0.0,
            1.0
          ]
        ],
        "rotation_mode": "QUATERNION"
      },
      "armature_space": {
        "head": {
          "x": 0.6175245642662048,
          "y": -0.24499495327472687,
          "z": 0.21560901403427124
