{
  "metadata": {
    "armature_name": "KIM_caucasian_male",
    "export_time": "2026-01-13T21:12:56.129615",
    "blender_version": "4.4.1",
    "bone_count": 56,
    "end_bone_count": 13,
    "spaces_included": [
      "LOCAL_CHANNELS",
      "ARMATURE_SPACE",
      "WORLD_SPACE"
    ],
    "note": "LOCAL matches Transform panel; replay pose via local.matrix_basis for best fidelity."
  },
  "bones": {
    "Root": {
      "name": "Root",
      "local": {
        "location": {
          "x": 0.0,
          "y": 0.0,
          "z": 0.0
        },
        "rotation_quaternion": {
          "w": 0.9998139142990112,
          "x": 0.003191862953826785,
          "y": -0.01868516020476818,
          "z": 0.0035806114319711924
        },
        "scale": {
          "x": 1.0,
          "y": 1.0,
          "z": 1.0
        },
        "matrix_basis": [
          [
            0.9992761015892029,
            -0.007279171142727137,
            -0.03734050691127777,
            0.0
          ],
          [
            0.007040609139949083,
            0.9999539852142334,
            -0.006516346707940102,
            0.0
          ],
          [
            0.037386223673820496,
            0.006248729303479195,
            0.9992813467979431,
            0.0
          ],
          [
            0.0,
            0.0,
            0.0,
            1.0
          ]
        ],
        "rotation_mode": "QUATERNION"
      },
      "armature_space": {
        "head": {
          "x": 0.0,
          "y": 0.07072800397872925,
          "z": -0.009595036506652832
        },
        "tail": {
          "x": -0.0005195571575313807,
          "y": -5.669891834259033e-05,
          "z": -0.00044240523129701614
        }
      },
      "world_space": {
        "head": {
          "x": 0.0,
          "y": 0.13397200405597687,
          "z": 0.9402589797973633
        },
        "tail": {
          "x": -0.0005195571575313807,
          "y": 0.06318730115890503,
          "z": 0.9494116306304932
        },
        "rotation_quaternion": {
          "w": 0.06417051702737808,
          "x": 0.997757613658905,
          "y": -0.004831256810575724,
          "z": -0.0184014942497015
        },
        "matrix": [
          [
            0.9992761015892029,
            -0.007279171142727137,
            -0.03734050691127777,
            0.0
          ],
          [
            -0.012002521194517612,
            -0.9917175769805908,
            -0.1278758943080902,
            0.13397200405597687
          ],
          [
            -0.03610067069530487,
            0.1282314509153366,
            -0.9910940527915955,
            0.9402589797973633
          ],
          [
            0.0,
            0.0,
            0.0,
            1.0
          ]
        ]
      },
      "bone_length_armature_space": 0.0713758685297307,
      "parent": null,
      "has_children": true,
      "is_end_bone": false
    },
    "spine_01": {
      "name": "spine_01",
      "local": {
        "location": {
          "x": 0.0,
          "y": 0.0,
          "z": 0.0
        },
        "rotation_quaternion": {
          "w": 0.9967441558837891,
          "x": 0.07373876124620438,
          "y": -0.030398279428482056,
          "z": 0.011822917498648167
        },
        "scale": {
          "x": 1.0,
          "y": 1.0,
          "z": 1.0
        },
        "matrix_basis": [
          [
            0.9978723526000977,
            -0.028051910921931267,
            -0.058855000883340836,
            0.0
          ],
          [
            0.019085785374045372,
            0.9888456463813782,
            -0.14771614968776703,
            0.0
          ],
          [
            0.06234223023056984,
            0.14627856016159058,
            0.987277090549469,
            0.0
          ],
          [
            0.0,
            0.0,
            0.0,
            1.0
          ]
        ],
        "rotation_mode": "QUATERNION"
      },
      "armature_space": {
        "head": {
          "x": -0.0005195571575313807,
          "y": -5.669891834259033e-05,
          "z": -0.00044240523129701614
        },
        "tail": {
          "x": 0.0026889995206147432,
          "y": -0.05184405297040939,
          "z": 0.4847958981990814
        }
      },
      "world_space": {
        "head": {
          "x": -0.0005195571575313807,
          "y": 0.06318730115890503,
          "z": 0.9494116306304932
        },
        "tail": {
          "x": 0.0026889995206147432,
          "y": 0.011399947106838226,
          "z": 1.43464994430542
        },
        "rotation_quaternion": {
          "w": 0.6681557893753052,
          "x": 0.7430769205093384,
          "y": -0.022515682503581047,
          "z": -0.029960591346025467
        },
        "matrix": [
          [
            0.9971908330917358,
            0.006574894767254591,
            -0.07461392879486084,
            -0.0005195571575313807
          ],
          [
            -0.07349838316440582,
            -0.10612136125564575,
            -0.9916332364082336,
            0.06318730115890503
          ],
          [
            -0.014438183046877384,
            0.99433833360672,
            -0.10534162074327469,
            0.9494116306304932
          ],
          [
            0.0,
            0.0,
            0.0,
            1.0
          ]
        ]
      },
      "bone_length_armature_space": 0.4880045626591097,
      "parent": "Root",
      "has_children": true,
      "is_end_bone": false
    },
    "neck_01": {
      "name": "neck_01",
      "local": {
        "location": {
          "x": 0.0,
          "y": 0.0,
          "z": 0.0
        },
        "rotation_quaternion": {
          "w": 0.9986475706100464,
          "x": 0.015223613940179348,
          "y": 0.02265934832394123,
          "z": -0.044249679893255234
        },
        "scale": {
          "x": 1.0,
          "y": 1.0,
          "z": 1.0
        },
        "matrix_basis": [
          [
            0.9950570464134216,
            0.08906958252191544,
            0.04391012713313103,
            0.0
          ],
          [
            -0.08768975734710693,
            0.9956204295158386,
            -0.03241138905286789,
            0.0
          ],
          [
            -0.04660468548536301,
            0.028400711715221405,
            0.9985095858573914,
            0.0
          ],
          [
            0.0,
            0.0,
            0.0,
            1.0
          ]
        ],
        "rotation_mode": "QUATERNION"
      },
      "armature_space": {
        "head": {
          "x": 0.0005827592685818672,
          "y": -0.09400437772274017,
          "z": 0.5539465546607971
        },
        "tail": {
          "x": 0.007201656233519316,
          "y": -0.14571546018123627,
          "z": 0.6422238349914551
        }
      },
      "world_space": {
        "head": {
          "x": 0.0005827592685818672,
          "y": -0.030760377645492554,
          "z": 1.503800630569458
        },
        "tail": {
          "x": 0.007201656233519316,
          "y": -0.08247146010398865,
          "z": 1.5920778512954712
        },
        "rotation_quaternion": {
          "w": 0.49736008048057556,
          "x": 0.866824209690094,
          "y": 0.020884370431303978,
          "z": -0.028505481779575348
        },
        "matrix": [
          [
            0.9975025653839111,
            0.06456116586923599,
            -0.028644084930419922,
            0.0005827592685818672
          ],
          [
            0.00785144791007042,
            -0.5043933391571045,
            -0.863438606262207,
            -0.030760377645492554
          ],
          [
            -0.07019294798374176,
            0.8610626459121704,
            -0.5036448240280151,
            1.503800630569458
          ],
          [
            0.0,
            0.0,
            0.0,
            1.0
          ]
        ]
      },
      "bone_length_armature_space": 0.10252182297951395,
      "parent": "spine_01",
      "has_children": true,
      "is_end_bone": false
    },
    "head": {
      "name": "head",
      "local": {
        "location": {
          "x": 0.0,
          "y": 0.0,
          "z": 0.0
        },
        "rotation_quaternion": {
          "w": 0.9874780178070068,
          "x": -0.1491786539554596,
          "y": -0.018105773255228996,
          "z": -0.048011429607868195
        },
        "scale": {
          "x": 1.0,
          "y": 1.0,
          "z": 1.0
        },
        "matrix_basis": [
          [
            0.9947341680526733,
            0.10022245347499847,
            -0.021433545276522636,
            0.0
          ],
          [
            -0.08941847085952759,
            0.9508812427520752,
            0.2963598370552063,
            0.0
          ],
          [
            0.05008266866207123,
            -0.2928827106952667,
            0.954835832118988,
            0.0
          ],
          [
            0.0,
            0.0,
            0.0,
            1.0
          ]
        ],
        "rotation_mode": "QUATERNION"
      },
      "armature_space": {
        "head": {
          "x": 0.007201647385954857,
          "y": -0.14571554958820343,
          "z": 0.6422237157821655
        },
        "tail": {
          "x": 0.033307790756225586,
          "y": -0.12411350756883621,
          "z": 0.7935681343078613
        }
      },
      "world_space": {
        "head": {
          "x": 0.007201647385954857,
          "y": -0.08247154951095581,
          "z": 1.5920777320861816
        },
        "tail": {
          "x": 0.033307790756225586,
          "y": -0.06086950749158859,
          "z": 1.7434221506118774
        },
        "rotation_quaternion": {
          "w": 0.7529000639915466,
          "x": 0.6526833176612854,
          "y": 0.052771005779504776,
          "z": -0.06604009866714478
        },
        "matrix": [
          [
            0.9857078194618225,
            0.16832874715328217,
            -0.006745004560798407,
            0.007201647385954857
          ],
          [
            -0.03055880032479763,
            0.13928695023059845,
            -0.9897807240486145,
            -0.08247154951095581
          ],
          [
            -0.16567018628120422,
            0.9758474230766296,
            0.14244018495082855,
            1.5920777320861816
          ],
          [
            0.0,
            0.0,
            0.0,
            1.0
          ]
        ]
      },
      "bone_length_armature_space": 0.15509130418676198,
      "parent": "neck_01",
      "has_children": false,
      "is_end_bone": true
    },
    "upperarm_l": {
      "name": "upperarm_l",
      "local": {
        "location": {
          "x": 0.0,
          "y": 0.0,
          "z": 0.0
        },
        "rotation_quaternion": {
          "w": 0.9743587374687195,
          "x": -0.08798383921384811,
          "y": 0.11463852226734161,
          "z": 0.17245852947235107
        },
        "scale": {
          "x": 1.0,
          "y": 1.0,
          "z": 1.0
        },
        "matrix_basis": [
          [
            0.9142321348190308,
            -0.35624563694000244,
            0.19305096566677094,
            0.0
          ],
          [
            0.3159002661705017,
            0.9250338077545166,
            0.21099643409252167,
            0.0
          ],
          [
            -0.2537452280521393,
            -0.1319148689508438,
            0.9582337141036987,
            0.0
          ],
          [
            0.0,
            0.0,
            0.0,
            1.0
          ]
        ],
        "rotation_mode": "QUATERNION"
      },
      "armature_space": {
        "head": {
          "x": 0.14948154985904694,
          "y": -0.10105939954519272,
          "z": 0.4846176505088806
        },
        "tail": {
          "x": 0.4010195732116699,
          "y": -0.08658666163682938,
          "z": 0.5758694410324097
        }
      },
      "world_space": {
        "head": {
          "x": 0.14948154985904694,
          "y": -0.0378153994679451,
          "z": 1.434471607208252
        },
        "tail": {
          "x": 0.4010195732116699,
          "y": -0.023342661559581757,
          "z": 1.5257234573364258
        },
        "rotation_quaternion": {
          "w": 0.5075609087944031,
          "x": 0.6262170076370239,
          "y": 0.5190236568450928,
          "z": -0.2843390703201294
        },
        "matrix": [
          [
            0.2995297610759735,
            0.9386818408966064,
            0.17075803875923157,
            0.14948154985904694
          ],
          [
            0.3614058196544647,
            0.05400891602039337,
            -0.9308432936668396,
            -0.0378153994679451
          ],
          [
            -0.8829938769340515,
            0.34053054451942444,
            -0.3230708837509155,
            1.434471607208252
          ],
          [
            0.0,
            0.0,
            0.0,
            1.0
          ]
        ]
      },
      "bone_length_armature_space": 0.2679696579168731,
      "parent": "spine_01",
      "has_children": true,
      "is_end_bone": false
    },
    "lowerarm_l": {
      "name": "lowerarm_l",
      "local": {
        "location": {
          "x": 0.0,
          "y": 0.0,
          "z": 0.0
        },
        "rotation_quaternion": {
          "w": 0.972572922706604,
          "x": 0.20250484347343445,
          "y": -0.05022050067782402,
          "z": -0.10281924903392792
        },
        "scale": {
          "x": 1.0,
          "y": 1.0,
          "z": 1.0
        },
        "matrix_basis": [
          [
            0.9738122224807739,
            0.1796586513519287,
            -0.1393289864063263,
            0.0
          ],
          [
            -0.22033822536468506,
            0.89683997631073,
            -0.3835741877555847,
            0.0
          ],
          [
            0.05604340508580208,
            0.40422871708869934,
            0.9129393696784973,
            0.0
          ],
          [
            0.0,
            0.0,
            0.0,
            1.0
          ]
        ],
        "rotation_mode": "QUATERNION"
      },
      "armature_space": {
        "head": {
          "x": 0.4010196626186371,
          "y": -0.08658674359321594,
          "z": 0.5758695602416992
        },
        "tail": {
          "x": 0.6427351236343384,
          "y": -0.19982975721359253,
          "z": 0.593729555606842
        }
      },
      "world_space": {
        "head": {
          "x": 0.4010196626186371,
          "y": -0.023342743515968323,
          "z": 1.5257235765457153
        },
        "tail": {
          "x": 0.6427351236343384,
          "y": -0.1365857571363449,
          "z": 1.543583631515503
        },
        "rotation_quaternion": {
          "w": 0.3542473316192627,
          "x": 0.6732702255249023,
          "y": 0.4035573899745941,
          "z": -0.5082889199256897
        },
        "matrix": [
          [
            0.15756691992282867,
            0.9035266041755676,
            -0.3985123336315155,
            0.4010196626186371
          ],
          [
            0.18328633904457092,
            -0.423299640417099,
            -0.887256383895874,
            -0.023342743515968323
          ],
          [
            -0.9703564047813416,
            0.06676033139228821,
            -0.23230452835559845,
            1.5257235765457153
          ],
          [
            0.0,
            0.0,
            0.0,
            1.0
          ]
        ]
      },
      "bone_length_armature_space": 0.26752443812654836,
      "parent": "upperarm_l",
      "has_children": true,
      "is_end_bone": false
    },
    "metacarpal_thumb_l": {
      "name": "metacarpal_thumb_l",
      "local": {
        "location": {
          "x": 0.0,
          "y": 0.0,
          "z": 0.0
        },
        "rotation_quaternion": {
          "w": 0.999843180179596,
          "x": -0.013861294835805893,
          "y": -0.0027917148545384407,
          "z": -0.010671153664588928
        },
        "scale": {
          "x": 1.0,
          "y": 1.0,
          "z": 1.0
        },
        "matrix_basis": [
          [
            0.9997566938400269,
            0.021416354924440384,
            -0.005286721978336573,
            0.0
          ],
          [
            -0.021261567249894142,
            0.9993879795074463,
            0.02777782455086708,
            0.0
          ],
          [
            0.005878386087715626,
            -0.02765865996479988,
            0.9996001124382019,
            0.0
          ],
          [
            0.0,
            0.0,
            0.0,
            1.0
          ]
        ],
        "rotation_mode": "QUATERNION"
      },
      "armature_space": {
        "head": {
          "x": 0.6427351236343384,
          "y": -0.19982975721359253,
          "z": 0.593729555606842
        },
        "tail": {
          "x": 0.668712854385376,
          "y": -0.24042151868343353,
          "z": 0.5822817087173462
        }
      },
      "world_space": {
        "head": {
          "x": 0.6427351236343384,
          "y": -0.1365857571363449,
          "z": 1.543583631515503
        },
        "tail": {
          "x": 0.668712854385376,
          "y": -0.1771775186061859,
          "z": 1.5321357250213623
        },
        "rotation_quaternion": {
          "w": 0.13418036699295044,
          "x": -0.9527079463005066,
          "y": -0.2688058018684387,
          "z": -0.045681633055210114
        },
        "matrix": [
          [
            0.8513131141662598,
            0.5244458317756653,
            0.014904942363500595,
            0.6427351236343384
          ],
          [
            0.49992796778678894,
            -0.8194781541824341,
            0.2802278399467468,
            -0.1365857571363449
          ],
          [
            0.159180149435997,
            -0.23111267387866974,
            -0.9598241448402405,
            1.543583631515503
          ],
          [
            0.0,
            0.0,
            0.0,
            1.0
          ]
        ]
      },
      "bone_length_armature_space": 0.04953369387375121,
      "parent": "lowerarm_l",
      "has_children": true,
      "is_end_bone": false
    },
    "thumb_01_l": {
      "name": "thumb_01_l",
      "local": {
        "location": {
          "x": 0.0,
          "y": 0.0,
          "z": 0.0
        },
        "rotation_quaternion": {
          "w": 0.9989936947822571,
          "x": 0.040178392082452774,
          "y": -0.013707381673157215,
          "z": -0.014474638737738132
        },
        "scale": {
          "x": 1.0,
          "y": 1.0,
          "z": 1.0
        },
        "matrix_basis": [
          [
            0.9992051720619202,
            0.02781866490840912,
            -0.02855031192302704,
            0.0
          ],
          [
            -0.030021626502275467,
            0.9963523745536804,
            -0.07987910509109497,
            0.0
          ],
          [
            0.026224039494991302,
            0.0806727409362793,
            0.9963955879211426,
            0.0
          ],
          [
            0.0,
            0.0,
            0.0,
            1.0
          ]
        ],
        "rotation_mode": "QUATERNION"
      },
      "armature_space": {
        "head": {
          "x": 0.668712854385376,
          "y": -0.24042151868343353,
          "z": 0.5822817087173462
        },
        "tail": {
          "x": 0.6801362633705139,
          "y": -0.2532908022403717,
          "z": 0.5529129505157471
        }
      },
      "world_space": {
        "head": {
          "x": 0.668712854385376,
          "y": -0.1771775186061859,
          "z": 1.5321357250213623
        },
        "tail": {
          "x": 0.6801362633705139,
          "y": -0.19004680216312408,
          "z": 1.5027669668197632
        },
        "rotation_quaternion": {
          "w": 0.5308124423027039,
          "x": -0.6441951394081116,
          "y": 0.17087823152542114,
          "z": -0.5234992504119873
        },
        "matrix": [
          [
            0.3934943974018097,
            0.33560124039649963,
            0.8558818101882935,
            0.668712854385376
          ],
          [
            -0.7759191989898682,
            -0.37807920575141907,
            0.504980742931366,
            -0.1771775186061859
          ],
          [
            0.49306589365005493,
            -0.8628087639808655,
            0.11162859201431274,
            1.5321357250213623
          ],
          [
            0.0,
            0.0,
            0.0,
            1.0
          ]
        ]
      },
      "bone_length_armature_space": 0.03403875296807443,
      "parent": "metacarpal_thumb_l",
      "has_children": true,
      "is_end_bone": false
    },
    "thumb_02_l": {
      "name": "thumb_02_l",
      "local": {
        "location": {
          "x": 0.0,
          "y": 0.0,
          "z": 0.0
        },
        "rotation_quaternion": {
          "w": 0.9906977415084839,
          "x": 0.1357898712158203,
          "y": -0.0019004344940185547,
          "z": 0.00869023147970438
        },
        "scale": {
          "x": 1.0,
          "y": 1.0,
          "z": 1.0
        },
        "matrix_basis": [
          [
            0.9998417496681213,
            -0.01773490570485592,
            -0.0014054215280339122,
            0.0
          ],
          [
            0.016702665016055107,
            0.9629712104797363,
            -0.26908648014068604,
            0.0
          ],
          [
            0.006125603336840868,
            0.2690204083919525,
            0.9631149768829346,
            0.0
          ],
          [
            0.0,
            0.0,
            0.0,
            1.0
          ]
        ],
        "rotation_mode": "QUATERNION"
      },
      "armature_space": {
        "head": {
          "x": 0.6801361441612244,
          "y": -0.2532908022403717,
          "z": 0.5529129505157471
        },
        "tail": {
          "x": 0.7181475162506104,
          "y": -0.26345294713974,
          "z": 0.5609779953956604
        }
      },
      "world_space": {
        "head": {
          "x": 0.6801361441612244,
          "y": -0.19004680216312408,
          "z": 1.5027669668197632
        },
        "tail": {
          "x": 0.7181475162506104,
          "y": -0.20020894706249237,
          "z": 1.5108320713043213
        },
        "rotation_quaternion": {
          "w": 0.5787312388420105,
          "x": -0.09322746843099594,
          "y": -0.1963740885257721,
          "z": -0.7860127687454224
        },
        "matrix": [
          [
            -0.3127572536468506,
            0.9463949799537659,
            -0.08074131608009338,
            0.6801361441612244
          ],
          [
            -0.8731657266616821,
            -0.2530137896537781,
            0.41661232709884644,
            -0.19004680216312408
          ],
          [
            0.37385293841362,
            0.2008001208305359,
            0.9054982662200928,
            1.5027669668197632
          ],
          [
            0.0,
            0.0,
            0.0,
            1.0
          ]
        ]
      },
      "bone_length_armature_space": 0.04016439435854944,
      "parent": "thumb_01_l",
      "has_children": true,
      "is_end_bone": false
    },
    "thumb_03_l": {
      "name": "thumb_03_l",
      "local": {
        "location": {
          "x": 0.0,
          "y": 0.0,
          "z": 0.0
        },
        "rotation_quaternion": {
          "w": 0.9969038367271423,
          "x": 0.07799055427312851,
          "y": 0.009790412150323391,
          "z": 0.0020986839663237333
        },
        "scale": {
          "x": 1.0,
          "y": 1.0,
          "z": 1.0
        },
        "matrix_basis": [
          [
            0.9997994899749756,
            -0.0026572528295218945,
            0.019847553223371506,
            0.0
          ],
          [
            0.00571149168536067,
            0.9878261089324951,
            -0.15545706450939178,
            0.0
          ],
          [
            -0.01919284462928772,
            0.15553925931453705,
            0.9876432418823242,
            0.0
          ],
          [
            0.0,
            0.0,
            0.0,
            1.0
          ]
        ],
        "rotation_mode": "QUATERNION"
      },
      "armature_space": {
        "head": {
          "x": 0.7181474566459656,
          "y": -0.26345300674438477,
          "z": 0.5609779357910156
        },
        "tail": {
          "x": 0.7442441582679749,
          "y": -0.26255881786346436,
          "z": 0.5766322016716003
        }
      },
      "world_space": {
        "head": {
          "x": 0.7181474566459656,
          "y": -0.20020900666713715,
          "z": 1.5108319520950317
        },
        "tail": {
          "x": 0.7442441582679749,
          "y": -0.19931481778621674,
          "z": 1.5264861583709717
        },
        "rotation_quaternion": {
          "w": 0.6848288774490356,
          "x": 0.16407273709774017,
          "y": -0.21376408636569977,
          "z": -0.6770483255386353
        },
        "matrix": [
          [
            -0.008181420154869556,
            0.8571786880493164,
            -0.5149539709091187,
            0.7181474566459656
          ],
          [
            -0.9974700808525085,
            0.029370758682489395,
            0.06473717093467712,
            -0.20020900666713715
          ],
          [
            0.07061541080474854,
            0.514184296131134,
            0.8547759056091309,
            1.5108319520950317
          ],
          [
            0.0,
            0.0,
            0.0,
            1.0
          ]
        ]
      },
      "bone_length_armature_space": 0.030444924724618124,
      "parent": "thumb_02_l",
      "has_children": false,
      "is_end_bone": true
    },
    "metacarpal_index_l": {
      "name": "metacarpal_index_l",
      "local": {
        "location": {
          "x": 0.0,
          "y": 0.0,
          "z": 0.0
        },
        "rotation_quaternion": {
          "w": 0.9986028075218201,
          "x": -0.0509265772998333,
          "y": -0.004504408221691847,
          "z": -0.013371949084103107
        },
        "scale": {
          "x": 1.0,
          "y": 1.0,
          "z": 1.0
        },
        "matrix_basis": [
          [
            0.9996017813682556,
            0.02716531977057457,
            -0.007634254172444344,
            0.0
          ],
          [
            -0.026247743517160416,
            0.9944553375244141,
            0.10183130949735641,
            0.0
          ],
          [
            0.010358204133808613,
            -0.10159038007259369,
            0.9947723746299744,
            0.0
          ],
          [
            0.0,
            0.0,
            0.0,
            1.0
          ]
        ],
        "rotation_mode": "QUATERNION"
      },
      "armature_space": {
        "head": {
          "x": 0.6427351236343384,
          "y": -0.19982975721359253,
          "z": 0.593729555606842
        },
        "tail": {
          "x": 0.7349302768707275,
          "y": -0.2720687687397003,
          "z": 0.5970149040222168
        }
      },
      "world_space": {
        "head": {
          "x": 0.6427351236343384,
          "y": -0.1365857571363449,
          "z": 1.543583631515503
        },
        "tail": {
          "x": 0.7349302768707275,
          "y": -0.2088247686624527,
          "z": 1.546868920326233
        },
        "rotation_quaternion": {
          "w": 0.09679990261793137,
          "x": 0.8833121061325073,
          "y": 0.4270460605621338,
          "z": -0.16739551723003387
        },
        "matrix": [
          [
            0.5792205929756165,
            0.7868378758430481,
            -0.213048055768013,
            0.6427351236343384
          ],
          [
            0.7220221161842346,
            -0.6165225505828857,
            -0.31398138403892517,
            -0.1365857571363449
          ],
          [
            -0.37840333580970764,
            0.028038568794727325,
            -0.9252235889434814,
            1.543583631515503
          ],
          [
            0.0,
            0.0,
            0.0,
            1.0
          ]
        ]
      },
      "bone_length_armature_space": 0.11717173131417498,
      "parent": "lowerarm_l",
      "has_children": true,
      "is_end_bone": false
    },
    "index_01_l": {
      "name": "index_01_l",
      "local": {
        "location": {
          "x": 0.0,
          "y": 0.0,
          "z": 0.0
        },
        "rotation_quaternion": {
          "w": 0.9973189830780029,
          "x": -0.06595544517040253,
          "y": 0.02427506446838379,
          "z": -0.020387478172779083
        },
        "scale": {
          "x": 1.0,
          "y": 1.0,
          "z": 1.0
        },
        "matrix_basis": [
          [
            0.9979901313781738,
            0.03746349364519119,
            0.05110929533839226,
            0.0
          ],
          [
            -0.04386778175830841,
            0.990468442440033,
            0.13056741654872894,
            0.0
          ],
          [
            -0.04573063552379608,
            -0.1325470507144928,
            0.9901211857795715,
            0.0
          ],
          [
            0.0,
            0.0,
            0.0,
            1.0
          ]
        ],
        "rotation_mode": "QUATERNION"
      },
      "armature_space": {
        "head": {
          "x": 0.7349302768707275,
          "y": -0.2720687687397003,
          "z": 0.5970149040222168
        },
        "tail": {
          "x": 0.7626183032989502,
          "y": -0.2777966260910034,
          "z": 0.6007073521614075
        }
      },
      "world_space": {
        "head": {
          "x": 0.7349302768707275,
          "y": -0.2088247686624527,
          "z": 1.546868920326233
        },
        "tail": {
          "x": 0.7626183032989502,
          "y": -0.2145526260137558,
          "z": 1.5505614280700684
        },
        "rotation_quaternion": {
          "w": 0.15008312463760376,
          "x": 0.7704359889030457,
          "y": 0.6140331625938416,
          "z": -0.08286642283201218
        },
        "matrix": [
          [
            0.23219265043735504,
            0.971019983291626,
            0.05662692338228226,
            0.7349302768707275
          ],
          [
            0.9212729334831238,
            -0.20087608695030212,
            -0.3330245018005371,
            -0.2088247686624527
          ],
          [
            -0.31199973821640015,
            0.1294952630996704,
            -0.9412232041358948,
            1.546868920326233
          ],
          [
            0.0,
            0.0,
            0.0,
            1.0
          ]
        ]
      },
      "bone_length_armature_space": 0.02851437035586391,
      "parent": "metacarpal_index_l",
      "has_children": true,
      "is_end_bone": false
    },
    "index_02_l": {
      "name": "index_02_l",
      "local": {
        "location": {
          "x": 0.0,
          "y": 0.0,
          "z": 0.0
        },
        "rotation_quaternion": {
          "w": 0.9822710156440735,
          "x": 0.18746648728847504,
          "y": -8.767215331317857e-05,
          "z": -0.0003177867329213768
        },
        "scale": {
          "x": 1.0,
          "y": 1.0,
          "z": 1.0
        },
        "matrix_basis": [
          [
            0.9999997615814209,
            0.0005914341891184449,
            -0.0002913843491114676,
            0.0
          ],
          [
            -0.000657176598906517,
            0.9297124147415161,
            -0.36828574538230896,
            0.0
          ],
          [
            5.308690379024483e-05,
            0.3682858347892761,
            0.9297125935554504,
            0.0
          ],
          [
            0.0,
            0.0,
            0.0,
            1.0
          ]
        ],
        "rotation_mode": "QUATERNION"
      },
      "armature_space": {
        "head": {
          "x": 0.7626186013221741,
          "y": -0.27779704332351685,
          "z": 0.6007072329521179
        },
        "tail": {
          "x": 0.7866075038909912,
          "y": -0.28538277745246887,
          "z": 0.5956991910934448
        }
      },
      "world_space": {
        "head": {
          "x": 0.7626186013221741,
          "y": -0.21455304324626923,
          "z": 1.5505611896514893
        },
        "tail": {
          "x": 0.7866075038909912,
          "y": -0.22213877737522125,
          "z": 1.545553207397461
        },
        "rotation_quaternion": {
          "w": 0.03772253170609474,
          "x": 0.7758564352989197,
          "y": 0.5922207832336426,
          "z": -0.21423915028572083
        },
        "matrix": [
          [
            0.20675154030323029,
            0.9351203441619873,
            -0.2877561151981354,
            0.7626186013221741
          ],
          [
            0.9027929902076721,
            -0.29570239782333374,
            -0.3122903108596802,
            -0.21455304324626923
          ],
          [
            -0.37712085247039795,
            -0.195219486951828,
            -0.9053636193275452,
            1.5505611896514893
          ],
          [
            0.0,
            0.0,
            0.0,
            1.0
          ]
        ]
      },
      "bone_length_armature_space": 0.025653289555048572,
      "parent": "index_01_l",
      "has_children": true,
      "is_end_bone": false
    },
    "index_03_l": {
      "name": "index_03_l",
      "local": {
        "location": {
          "x": 0.0,
          "y": 0.0,
          "z": 0.0
        },
        "rotation_quaternion": {
          "w": 0.9727814793586731,
          "x": 0.2316862791776657,
          "y": 0.003689127042889595,
          "z": 0.0020217765122652054
        },
        "scale": {
          "x": 1.0,
          "y": 1.0,
          "z": 1.0
        },
        "matrix_basis": [
          [
            0.9999645948410034,
            -0.002224053256213665,
            0.008114264346659184,
            0.0
          ],
          [
            0.0056429337710142136,
            0.8926347494125366,
            -0.4507453143596649,
            0.0
          ],
          [
            -0.006240593269467354,
            0.450775146484375,
            0.8926157355308533,
            0.0
          ],
          [
            0.0,
            0.0,
            0.0,
            1.0
          ]
        ],
        "rotation_mode": "QUATERNION"
      },
      "armature_space": {
        "head": {
          "x": 0.786607563495636,
          "y": -0.28538277745246887,
          "z": 0.5956993699073792
        },
        "tail": {
          "x": 0.805876612663269,
          "y": -0.29459601640701294,
          "z": 0.575760543346405
        }
      },
      "world_space": {
        "head": {
          "x": 0.786607563495636,
          "y": -0.22213877737522125,
          "z": 1.54555344581604
        },
        "tail": {
          "x": 0.805876612663269,
          "y": -0.23135201632976532,
          "z": 1.5256145000457764
        },
        "rotation_quaternion": {
          "w": 0.20484434068202972,
          "x": -0.7320544719696045,
          "y": -0.5480679273605347,
          "z": 0.3489364981651306
        },
        "matrix": [
          [
            0.15572726726531982,
            0.6594769954681396,
            -0.7354175448417664,
            0.786607563495636
          ],
          [
            0.9453865885734558,
            -0.3153197765350342,
            -0.08257028460502625,
            -0.22213877737522125
          ],
          [
            -0.286345899105072,
            -0.6824007034301758,
            -0.672569215297699,
            1.54555344581604
          ],
          [
            0.0,
            0.0,
            0.0,
            1.0
          ]
        ]
      },
      "bone_length_armature_space": 0.02921877536722379,
      "parent": "index_02_l",
      "has_children": false,
      "is_end_bone": true
    },
    "metacarpal_pinky_l": {
      "name": "metacarpal_pinky_l",
      "local": {
        "location": {
          "x": 0.0,
          "y": 0.0,
          "z": 0.0
        },
        "rotation_quaternion": {
          "w": 0.9991211891174316,
          "x": -0.038020774722099304,
          "y": 0.017492812126874924,
          "z": -0.002331867115572095
        },
        "scale": {
          "x": 1.0,
          "y": 1.0,
          "z": 1.0
        },
        "matrix_basis": [
          [
            0.9993771314620972,
            0.003329455154016614,
            0.03513219580054283,
            0.0
          ],
          [
            -0.005989816039800644,
            0.9970979690551758,
            0.07589314132928848,
            0.0
          ],
          [
            -0.03477755934000015,
            -0.07605630159378052,
            0.996496856212616,
            0.0
          ],
          [
            0.0,
            0.0,
            0.0,
            1.0
          ]
        ],
        "rotation_mode": "QUATERNION"
      },
      "armature_space": {
        "head": {
          "x": 0.6427351236343384,
          "y": -0.19982975721359253,
          "z": 0.593729555606842
        },
        "tail": {
          "x": 0.7461329102516174,
          "y": -0.21046027541160583,
          "z": 0.5999829769134521
        }
      },
      "world_space": {
        "head": {
          "x": 0.6427351236343384,
          "y": -0.1365857571363449,
          "z": 1.543583631515503
        },
        "tail": {
          "x": 0.7461329102516174,
          "y": -0.14721627533435822,
          "z": 1.5498369932174683
        },
        "rotation_quaternion": {
          "w": 0.6537948846817017,
          "x": 0.2059057503938675,
          "y": 0.1466532051563263,
          "z": -0.7131955623626709
        },
        "matrix": [
          [
            -0.06030930578708649,
            0.9929608702659607,
            -0.10193707793951035,
            0.6427351236343384
          ],
          [
            -0.872174084186554,
            -0.1020880937576294,
            -0.47842535376548767,
            -0.1365857571363449
          ],
          [
            -0.4854683578014374,
            0.06005360186100006,
            0.8721972107887268,
            1.543583631515503
          ],
          [
            0.0,
            0.0,
            0.0,
            1.0
          ]
        ]
      },
      "bone_length_armature_space": 0.10413076293955359,
      "parent": "lowerarm_l",
      "has_children": true,
      "is_end_bone": false
    },
    "pinky_01_l": {
      "name": "pinky_01_l",
      "local": {
        "location": {
          "x": 0.0,
          "y": 0.0,
          "z": 0.0
        },
        "rotation_quaternion": {
          "w": 0.9992802143096924,
          "x": 0.036542680114507675,
          "y": 0.005674778018146753,
          "z": -0.008462407626211643
        },
        "scale": {
          "x": 1.0,
          "y": 1.0,
          "z": 1.0
        },
        "matrix_basis": [
          [
            0.9997923970222473,
            0.01732737571001053,
            0.01072290912270546,
            0.0
          ],
          [
            -0.016497889533638954,
            0.9971860647201538,
            -0.07312879711389542,
            0.0
          ],
          [
            -0.011959864757955074,
            0.07293670624494553,
            0.9972648620605469,
            0.0
          ],
          [
            0.0,
            0.0,
            0.0,
            1.0
          ]
        ],
        "rotation_mode": "QUATERNION"
      },
      "armature_space": {
        "head": {
          "x": 0.7461329102516174,
          "y": -0.21046027541160583,
          "z": 0.5999829769134521
        },
        "tail": {
