{
  "metadata": {
    "armature_name": "KIM_caucasian_male",
    "export_time": "2026-01-13T19:11:50.366060",
    "blender_version": "4.4.1",
    "bone_count": 56,
    "end_bone_count": 13,
    "spaces_included": [
      "LOCAL_CHANNELS",
      "ARMATURE_SPACE",
      "WORLD_SPACE"
    ],
    "note": "LOCAL matches Transform panel; replay pose via local.matrix_basis for best fidelity."
  },
  "bones": {
    "Root": {
      "name": "Root",
      "local": {
        "location": {
          "x": 0.0,
          "y": 0.0,
          "z": 0.0
        },
        "rotation_quaternion": {
          "w": 0.9997841715812683,
          "x": 0.017634667456150055,
          "y": -0.0033620342146605253,
          "z": -0.010462252423167229
        },
        "scale": {
          "x": 1.0,
          "y": 1.0,
          "z": 1.0
        },
        "matrix_basis": [
          [
            0.9997584819793701,
            0.02080141194164753,
            -0.007091613952070475,
            0.0
          ],
          [
            -0.021038565784692764,
            0.9991590976715088,
            -0.0351913720369339,
            0.0
          ],
          [
            0.0063536204397678375,
            0.03533207252621651,
            0.9993554353713989,
            0.0
          ],
          [
            0.0,
            0.0,
            0.0,
            1.0
          ]
        ],
        "rotation_mode": "QUATERNION"
      },
      "armature_space": {
        "head": {
          "x": 0.0,
          "y": 0.07072800397872925,
          "z": -0.009595036506652832
        },
        "tail": {
          "x": 0.0014847188722342253,
          "y": -0.0002795308828353882,
          "z": -0.002507053315639496
        }
      },
      "world_space": {
        "head": {
          "x": 0.0,
          "y": 0.13397200405597687,
          "z": 0.9402589797973633
        },
        "tail": {
          "x": 0.0014847188722342253,
          "y": 0.06296446919441223,
          "z": 0.9473469853401184
        },
        "rotation_quaternion": {
          "w": 0.04975850135087967,
          "x": 0.9987008571624756,
          "y": 0.01021199207752943,
          "z": -0.004059215541929007
        },
        "matrix": [
          [
            0.9997584819793701,
            0.02080141194164753,
            -0.007091613952070475,
            0.0
          ],
          [
            0.019993485882878304,
            -0.9948395490646362,
            -0.0994710922241211,
            0.13397200405597687
          ],
          [
            -0.009124202653765678,
            0.09930503368377686,
            -0.9950222373008728,
            0.9402589797973633
          ],
          [
            0.0,
            0.0,
            0.0,
            1.0
          ]
        ]
      },
      "bone_length_armature_space": 0.07137586393432956,
      "parent": null,
      "has_children": true,
      "is_end_bone": false
    },
    "spine_01": {
      "name": "spine_01",
      "local": {
        "location": {
          "x": 0.0,
          "y": 0.0,
          "z": 0.0
        },
        "rotation_quaternion": {
          "w": 0.9988832473754883,
          "x": 0.034914810210466385,
          "y": 0.03154387325048447,
          "z": -0.004275556653738022
        },
        "scale": {
          "x": 1.0,
          "y": 1.0,
          "z": 1.0
        },
        "matrix_basis": [
          [
            0.9979733824729919,
            0.010744260624051094,
            0.06271873414516449,
            0.0
          ],
          [
            -0.006338867358863354,
            0.9975253343582153,
            -0.0700213760137558,
            0.0
          ],
          [
            -0.06331585347652435,
            0.06948190182447433,
            0.9955718517303467,
            0.0
          ],
          [
            0.0,
            0.0,
            0.0,
            1.0
          ]
        ],
        "rotation_mode": "QUATERNION"
      },
      "armature_space": {
        "head": {
          "x": 0.0014847188722342253,
          "y": -0.0002795308828353882,
          "z": -0.002507053315639496
        },
        "tail": {
          "x": 0.011737639084458351,
          "y": -0.028440460562705994,
          "z": 0.48457643389701843
        }
      },
      "world_space": {
        "head": {
          "x": 0.0014847188722342253,
          "y": 0.06296446919441223,
          "z": 0.9473469853401184
        },
        "tail": {
          "x": 0.011737639084458351,
          "y": 0.034803539514541626,
          "z": 1.434430480003357
        },
        "rotation_quaternion": {
          "w": 0.6854650378227234,
          "x": 0.7268697023391724,
          "y": 0.0358346551656723,
          "z": 0.02267383597791195
        },
        "matrix": [
          [
            0.9964035153388977,
            0.021010028198361397,
            0.08208875358104706,
            0.0014847188722342253
          ],
          [
            0.08317858725786209,
            -0.05770667642354965,
            -0.9948624968528748,
            0.06296446919441223
          ],
          [
            -0.016165057197213173,
            0.9981194138526917,
            -0.059248052537441254,
            0.9473469853401184
          ],
          [
            0.0,
            0.0,
            0.0,
            1.0
          ]
        ]
      },
      "bone_length_armature_space": 0.48800459871427226,
      "parent": "Root",
      "has_children": true,
      "is_end_bone": false
    },
    "neck_01": {
      "name": "neck_01",
      "local": {
        "location": {
          "x": 0.0,
          "y": 0.0,
          "z": 0.0
        },
        "rotation_quaternion": {
          "w": 0.9958606362342834,
          "x": 0.04697710648179054,
          "y": -0.07630523294210434,
          "z": 0.015244741924107075
        },
        "scale": {
          "x": 1.0,
          "y": 1.0,
          "z": 1.0
        },
        "matrix_basis": [
          [
            0.9878902435302734,
            -0.03753247484564781,
            -0.15054644644260406,
            0.0
          ],
          [
            0.023194078356027603,
            0.9951214790344238,
            -0.0958918109536171,
            0.0
          ],
          [
            0.15341106057167053,
            0.09123879671096802,
            0.9839413166046143,
            0.0
          ],
          [
            0.0,
            0.0,
            0.0,
            1.0
          ]
        ],
        "rotation_mode": "QUATERNION"
      },
      "armature_space": {
        "head": {
          "x": 0.016122834756970406,
          "y": -0.06716792285442352,
          "z": 0.555602490901947
        },
        "tail": {
          "x": 0.01807207614183426,
          "y": -0.11989116668701172,
          "z": 0.6435068845748901
        }
      },
      "world_space": {
        "head": {
          "x": 0.016122834756970406,
          "y": -0.003923922777175903,
          "z": 1.5054564476013184
        },
        "tail": {
          "x": 0.01807207614183426,
          "y": -0.0566471666097641,
          "z": 1.5933609008789062
        },
        "rotation_quaternion": {
          "w": 0.4926200211048126,
          "x": 0.8690328001976013,
          "y": -0.013867874629795551,
          "z": -0.04376222565770149
        },
        "matrix": [
          [
            0.9957851767539978,
            0.019013023003935814,
            -0.08972464501857758,
            0.016122834756970406
          ],
          [
            -0.06721949577331543,
            -0.5142660140991211,
            -0.8549925684928894,
            -0.003923922777175903
          ],
          [
            -0.06239882856607437,
            0.8574253916740417,
            -0.5108247399330139,
            1.5054564476013184
          ],
          [
            0.0,
            0.0,
            0.0,
            1.0
          ]
        ]
      },
      "bone_length_armature_space": 0.1025218141992134,
      "parent": "spine_01",
      "has_children": true,
      "is_end_bone": false
    },
    "head": {
      "name": "head",
      "local": {
        "location": {
          "x": 0.0,
          "y": 0.0,
          "z": 0.0
        },
        "rotation_quaternion": {
          "w": 0.9934545755386353,
          "x": -0.08845493197441101,
          "y": -0.07226479798555374,
          "z": 0.0012149809626862407
        },
        "scale": {
          "x": 1.0,
          "y": 1.0,
          "z": 1.0
        },
        "matrix_basis": [
          [
            0.9895526170730591,
            0.010370299220085144,
            -0.14379853010177612,
            0.0
          ],
          [
            0.015198412351310253,
            0.984348475933075,
            0.175576314330101,
            0.0
          ],
          [
            0.1433686465024948,
            -0.1759275197982788,
            0.9739070534706116,
            0.0
          ],
          [
            0.0,
            0.0,
            0.0,
            1.0
          ]
        ],
        "rotation_mode": "QUATERNION"
      },
      "armature_space": {
        "head": {
          "x": 0.018072059378027916,
          "y": -0.11989125609397888,
          "z": 0.6435067653656006
        },
        "tail": {
          "x": 0.02941233664751053,
          "y": -0.11919532716274261,
          "z": 0.7981812953948975
        }
      },
      "world_space": {
        "head": {
          "x": 0.018072059378027916,
          "y": -0.05664725601673126,
          "z": 1.5933607816696167
        },
        "tail": {
          "x": 0.02941233664751053,
          "y": -0.055951327085494995,
          "z": 1.7480353116989136
        },
        "rotation_quaternion": {
          "w": 0.7069180011749268,
          "x": 0.6982220411300659,
          "y": -0.050104305148124695,
          "z": -0.10120584070682526
        },
        "matrix": [
          [
            0.9744938015937805,
            0.07312051951885223,
            -0.21216805279254913,
            0.018072059378027916
          ],
          [
            -0.21305687725543976,
            0.004487276077270508,
            -0.9770296216011047,
            -0.05664725601673126
          ],
          [
            -0.0704895406961441,
            0.9973199367523193,
            0.019950836896896362,
            1.5933607816696167
          ],
          [
            0.0,
            0.0,
            0.0,
            1.0
          ]
        ]
      },
      "bone_length_armature_space": 0.15509125455244663,
      "parent": "neck_01",
      "has_children": false,
      "is_end_bone": true
    },
    "upperarm_l": {
      "name": "upperarm_l",
      "local": {
        "location": {
          "x": 0.0,
          "y": 0.0,
          "z": 0.0
        },
        "rotation_quaternion": {
          "w": 0.9744143486022949,
          "x": -0.18428242206573486,
          "y": 0.08542214334011078,
          "z": -0.09622842073440552
        },
        "scale": {
          "x": 1.0,
          "y": 1.0,
          "z": 1.0
        },
        "matrix_basis": [
          [
            0.9668862819671631,
            0.15604910254478455,
            0.20193953812122345,
            0.0
          ],
          [
            -0.21901631355285645,
            0.913560152053833,
            0.34269478917121887,
            0.0
          ],
          [
            -0.13100671768188477,
            -0.3755749464035034,
            0.9174860715866089,
            0.0
          ],
          [
            0.0,
            0.0,
            0.0,
            1.0
          ]
        ],
        "rotation_mode": "QUATERNION"
      },
      "armature_space": {
        "head": {
          "x": 0.16443313658237457,
          "y": -0.05398554354906082,
          "z": 0.4859074056148529
        },
        "tail": {
          "x": 0.39322882890701294,
          "y": 0.07908136397600174,
          "z": 0.4440341591835022
        }
      },
      "world_space": {
        "head": {
          "x": 0.16443313658237457,
          "y": 0.009258456528186798,
          "z": 1.4357614517211914
        },
        "tail": {
          "x": 0.39322882890701294,
          "y": 0.14232537150382996,
          "z": 1.393888235092163
        },
        "rotation_quaternion": {
          "w": 0.48179662227630615,
          "x": 0.3595735728740692,
          "y": 0.7184426784515381,
          "z": -0.3498843312263489
        },
        "matrix": [
          [
            -0.2771573066711426,
            0.8538126945495605,
            0.4406675398349762,
            0.16443313658237457
          ],
          [
            0.17952033877372742,
            0.49657493829727173,
            -0.849226713180542,
            0.009258456528186798
          ],
          [
            -0.9439112544059753,
            -0.15626126527786255,
            -0.2909088730812073,
            1.4357614517211914
          ],
          [
            0.0,
            0.0,
            0.0,
            1.0
          ]
        ]
      },
      "bone_length_armature_space": 0.2679694776535581,
      "parent": "spine_01",
      "has_children": true,
      "is_end_bone": false
    },
    "lowerarm_l": {
      "name": "lowerarm_l",
      "local": {
        "location": {
          "x": 0.0,
          "y": 0.0,
          "z": 0.0
        },
        "rotation_quaternion": {
          "w": 0.9408566355705261,
          "x": 0.14885969460010529,
          "y": 0.06971199065446854,
          "z": -0.2962600290775299
        },
        "scale": {
          "x": 1.0,
          "y": 1.0,
          "z": 1.0
        },
        "matrix_basis": [
          [
            0.8147404789924622,
            0.5782310366630554,
            0.04297562316060066,
            0.0
          ],
          [
            -0.5367218255996704,
            0.7801415920257568,
            -0.3214170038700104,
            0.0
          ],
          [
            -0.21938033401966095,
            0.23880551755428314,
            0.9459620714187622,
            0.0
          ],
          [
            0.0,
            0.0,
            0.0,
            1.0
          ]
        ],
        "rotation_mode": "QUATERNION"
      },
      "armature_space": {
        "head": {
          "x": 0.3932289779186249,
          "y": 0.07908134907484055,
          "z": 0.44403424859046936
        },
        "tail": {
          "x": 0.5823991894721985,
          "y": 0.11248177289962769,
          "z": 0.25783848762512207
        }
      },
      "world_space": {
        "head": {
          "x": 0.3932289779186249,
          "y": 0.14232534170150757,
          "z": 1.393888235092163
        },
        "tail": {
          "x": 0.5823991894721985,
          "y": 0.1757257729768753,
          "z": 1.2076925039291382
        },
        "rotation_quaternion": {
          "w": 0.26717016100883484,
          "x": 0.2752002775669098,
          "y": 0.7007458806037903,
          "z": -0.601531445980072
        },
        "matrix": [
          [
            -0.7057697772979736,
            0.7071136832237244,
            0.043351948261260986,
            0.3932289779186249
          ],
          [
            0.064271479845047,
            0.12484997510910034,
            -0.990091860294342,
            0.14232534170150757
          ],
          [
            -0.705524742603302,
            -0.6959952712059021,
            -0.13356444239616394,
            1.393888235092163
          ],
          [
            0.0,
            0.0,
            0.0,
            1.0
          ]
        ]
      },
      "bone_length_armature_space": 0.26752536468449756,
      "parent": "upperarm_l",
      "has_children": true,
      "is_end_bone": false
    },
    "metacarpal_thumb_l": {
      "name": "metacarpal_thumb_l",
      "local": {
        "location": {
          "x": 0.0,
          "y": 0.0,
          "z": 0.0
        },
        "rotation_quaternion": {
          "w": 0.9980078935623169,
          "x": -0.0628366693854332,
          "y": 0.001329854130744934,
          "z": -0.005483595654368401
        },
        "scale": {
          "x": 1.0,
          "y": 1.0,
          "z": 1.0
        },
        "matrix_basis": [
          [
            0.9999363422393799,
            0.010778216645121574,
            0.003343551652505994,
            0.0
          ],
          [
            -0.011112471111118793,
            0.9920429587364197,
            0.12540839612483978,
            0.0
          ],
          [
            -0.001965268049389124,
            -0.12543757259845734,
            0.9920995831489563,
            0.0
          ],
          [
            0.0,
            0.0,
            0.0,
            1.0
          ]
        ],
        "rotation_mode": "QUATERNION"
      },
      "armature_space": {
        "head": {
          "x": 0.5823991894721985,
          "y": 0.11248177289962769,
          "z": 0.25783848762512207
        },
        "tail": {
          "x": 0.610024094581604,
          "y": 0.08918699622154236,
          "z": 0.22395896911621094
        }
      },
      "world_space": {
        "head": {
          "x": 0.5823991894721985,
          "y": 0.1757257729768753,
          "z": 1.2076925039291382
        },
        "tail": {
          "x": 0.610024094581604,
          "y": 0.15243099629878998,
          "z": 1.173812985420227
        },
        "rotation_quaternion": {
          "w": 0.2297634780406952,
          "x": -0.7814999222755432,
          "y": -0.4605080485343933,
          "z": 0.35270243883132935
        },
        "matrix": [
          [
            0.3270649313926697,
            0.5576990246772766,
            -0.7628895044326782,
            0.5823991894721985
          ],
          [
            0.8818507790565491,
            -0.4702816903591156,
            0.03427344188094139,
            0.1757257729768753
          ],
          [
            -0.3396601676940918,
            -0.6839693188667297,
            -0.6456243991851807,
            1.2076925039291382
          ],
          [
            0.0,
            0.0,
            0.0,
            1.0
          ]
        ]
      },
      "bone_length_armature_space": 0.049533864999207755,
      "parent": "lowerarm_l",
      "has_children": true,
      "is_end_bone": false
    },
    "thumb_01_l": {
      "name": "thumb_01_l",
      "local": {
        "location": {
          "x": 0.0,
          "y": 0.0,
          "z": 0.0
        },
        "rotation_quaternion": {
          "w": 0.9994608163833618,
          "x": 0.030421730130910873,
          "y": -0.01172149833291769,
          "z": 0.0039175585843622684
        },
        "scale": {
          "x": 1.0,
          "y": 1.0,
          "z": 1.0
        },
        "matrix_basis": [
          [
            0.9996945261955261,
            -0.008544068783521652,
            -0.02319199964404106,
            0.0
          ],
          [
            0.007117716129869223,
            0.9981183409690857,
            -0.06090249493718147,
            0.0
          ],
          [
            0.023668713867664337,
            0.06071881577372551,
            0.9978742599487305,
            0.0
          ],
          [
            0.0,
            0.0,
            0.0,
            1.0
          ]
        ],
        "rotation_mode": "QUATERNION"
      },
      "armature_space": {
        "head": {
          "x": 0.610024094581604,
          "y": 0.08918699622154236,
          "z": 0.22395896911621094
        },
        "tail": {
          "x": 0.6023333072662354,
          "y": 0.07771988213062286,
          "z": 0.19284634292125702
        }
      },
      "world_space": {
        "head": {
          "x": 0.610024094581604,
          "y": 0.15243099629878998,
          "z": 1.173812985420227
        },
        "tail": {
          "x": 0.6023333072662354,
          "y": 0.14096388220787048,
          "z": 1.1427003145217896
        },
        "rotation_quaternion": {
          "w": 0.5470296144485474,
          "x": -0.8152747750282288,
          "y": 0.17976605892181396,
          "z": -0.06139858812093735
        },
        "matrix": [
          [
            0.9278284311294556,
            -0.2259441465139389,
            0.2967890799045563,
            0.610024094581604
          ],
          [
            -0.3602921962738037,
            -0.33688580989837646,
            0.8698838353157043,
            0.15243099629878998
          ],
          [
            -0.09656194597482681,
            -0.9140403270721436,
            -0.3939800560474396,
            1.173812985420227
          ],
          [
            0.0,
            0.0,
            0.0,
            1.0
          ]
        ]
      },
      "bone_length_armature_space": 0.034038777977413906,
      "parent": "metacarpal_thumb_l",
      "has_children": true,
      "is_end_bone": false
    },
    "thumb_02_l": {
      "name": "thumb_02_l",
      "local": {
        "location": {
          "x": 0.0,
          "y": 0.0,
          "z": 0.0
        },
        "rotation_quaternion": {
          "w": 0.9935017228126526,
          "x": 0.11377531290054321,
          "y": -0.003028624691069126,
          "z": 0.0006050738738849759
        },
        "scale": {
          "x": 1.0,
          "y": 1.0,
          "z": 1.0
        },
        "matrix_basis": [
          [
            0.9999809265136719,
            -0.0018914493266493082,
            -0.005880202632397413,
            0.0
          ],
          [
            0.0005131184007041156,
            0.9741096496582031,
            -0.22607560455799103,
            0.0
          ],
          [
            0.006155572831630707,
            0.22606827318668365,
            0.9740920066833496,
            0.0
          ],
          [
            0.0,
            0.0,
            0.0,
            1.0
          ]
        ],
        "rotation_mode": "QUATERNION"
      },
      "armature_space": {
        "head": {
          "x": 0.6023332476615906,
          "y": 0.07771986722946167,
          "z": 0.1928463727235794
        },
        "tail": {
          "x": 0.6330575942993164,
          "y": 0.08800364285707474,
          "z": 0.16910934448242188
        }
      },
      "world_space": {
        "head": {
          "x": 0.6023332476615906,
          "y": 0.1409638673067093,
          "z": 1.142700433731079
        },
        "tail": {
          "x": 0.6330575942993164,
          "y": 0.15124765038490295,
          "z": 1.118963360786438
        },
        "rotation_quaternion": {
          "w": 0.7916511297225952,
          "x": -0.35044339299201965,
          "y": 0.03619484230875969,
          "z": -0.49916714429855347
        },
        "matrix": [
          [
            0.49904268980026245,
            0.7649640440940857,
            0.4071689248085022,
            0.6023332476615906
          ],
          [
            -0.815702497959137,
            0.2560420036315918,
            0.5187219381332397,
            0.1409638673067093
          ],
          [
            0.2925526201725006,
            -0.5909968614578247,
            0.7517644762992859,
            1.142700433731079
          ],
          [
            0.0,
            0.0,
            0.0,
            1.0
          ]
        ]
      },
      "bone_length_armature_space": 0.0401645118370198,
      "parent": "thumb_01_l",
      "has_children": true,
      "is_end_bone": false
    },
    "thumb_03_l": {
      "name": "thumb_03_l",
      "local": {
        "location": {
          "x": 0.0,
          "y": 0.0,
          "z": 0.0
        },
        "rotation_quaternion": {
          "w": 0.9982213973999023,
          "x": 0.05919348821043968,
          "y": 0.0062336972914636135,
          "z": 0.0033884989097714424
        },
        "scale": {
          "x": 1.0,
          "y": 1.0,
          "z": 1.0
        },
        "matrix_basis": [
          [
            0.9998993277549744,
            -0.006026955787092447,
            0.012846373952925205,
            0.0
          ],
          [
            0.007502933032810688,
            0.992969274520874,
            -0.11813417077064514,
            0.0
          ],
          [
            -0.01204406563192606,
            0.11821866035461426,
            0.9929145574569702,
            0.0
          ],
          [
            0.0,
            0.0,
            0.0,
            1.0
          ]
        ],
        "rotation_mode": "QUATERNION"
      },
      "armature_space": {
        "head": {
          "x": 0.6330575942993164,
          "y": 0.08800355345010757,
          "z": 0.16910932958126068
        },
        "tail": {
          "x": 0.6573017835617065,
          "y": 0.10409735888242722,
          "z": 0.16015948355197906
        }
      },
      "world_space": {
        "head": {
          "x": 0.6330575942993164,
          "y": 0.1512475609779358,
          "z": 1.118963360786438
        },
        "tail": {
          "x": 0.6573017835617065,
          "y": 0.16734135150909424,
          "z": 1.110013484954834
        },
        "rotation_quaternion": {
          "w": 0.8633480072021484,
          "x": -0.09433422982692719,
          "y": 0.13762524724006653,
          "z": -0.4762253165245056
        },
        "matrix": [
          [
            0.5085370540618896,
            0.7963311672210693,
            0.3274856209754944,
            0.6330575942993164
          ],
          [
            -0.8482623100280762,
            0.5286209583282471,
            0.031804509460926056,
            0.1512475609779358
          ],
          [
            -0.14779049158096313,
            -0.29396897554397583,
            0.9443275332450867,
            1.118963360786438
          ],
          [
            0.0,
            0.0,
            0.0,
            1.0
          ]
        ]
      },
      "bone_length_armature_space": 0.03044488558104811,
      "parent": "thumb_02_l",
      "has_children": false,
      "is_end_bone": true
    },
    "metacarpal_index_l": {
      "name": "metacarpal_index_l",
      "local": {
        "location": {
          "x": 0.0,
          "y": 0.0,
          "z": 0.0
        },
        "rotation_quaternion": {
          "w": 0.9987213015556335,
          "x": -0.04743741452693939,
          "y": 0.004108458757400513,
          "z": -0.016993718221783638
        },
        "scale": {
          "x": 1.0,
          "y": 1.0,
          "z": 1.0
        },
        "matrix_basis": [
          [
            0.9993886947631836,
            0.033554188907146454,
            0.009818687103688717,
            0.0
          ],
          [
            -0.034333765506744385,
            0.9949218034744263,
            0.09461387991905212,
            0.0
          ],
          [
            -0.006594134494662285,
            -0.09489315003156662,
            0.9954656362533569,
            0.0
          ],
          [
            0.0,
            0.0,
            0.0,
            1.0
          ]
        ],
        "rotation_mode": "QUATERNION"
      },
      "armature_space": {
        "head": {
          "x": 0.5823991894721985,
          "y": 0.11248177289962769,
          "z": 0.25783848762512207
        },
        "tail": {
          "x": 0.6648417711257935,
          "y": 0.10049258917570114,
          "z": 0.1754443645477295
        }
      },
      "world_space": {
        "head": {
          "x": 0.5823991894721985,
          "y": 0.1757257729768753,
          "z": 1.2076925039291382
        },
        "tail": {
          "x": 0.6648417711257935,
          "y": 0.16373658180236816,
          "z": 1.1252983808517456
        },
        "rotation_quaternion": {
          "w": 0.07838921248912811,
          "x": -0.5829117298126221,
          "y": -0.6653537154197693,
          "z": 0.4597538411617279
        },
        "matrix": [
          [
            -0.30813494324684143,
            0.7036049365997314,
            -0.6403070688247681,
            0.5823991894721985
          ],
          [
            0.8477661609649658,
            -0.10232146084308624,
            -0.5204066634178162,
            0.1757257729768753
          ],
          [
            -0.43168002367019653,
            -0.7031910419464111,
            -0.564967930316925,
            1.2076925039291382
          ],
          [
            0.0,
            0.0,
            0.0,
            1.0
          ]
        ]
      },
      "bone_length_armature_space": 0.1171721437197733,
      "parent": "lowerarm_l",
      "has_children": true,
      "is_end_bone": false
    },
    "index_01_l": {
      "name": "index_01_l",
      "local": {
        "location": {
          "x": 0.0,
          "y": 0.0,
          "z": 0.0
        },
        "rotation_quaternion": {
          "w": 0.9908236265182495,
          "x": -0.13391414284706116,
          "y": -0.007658818736672401,
          "z": 0.01664452627301216
        },
        "scale": {
          "x": 1.0,
          "y": 1.0,
          "z": 1.0
        },
        "matrix_basis": [
          [
            0.99932861328125,
            -0.030932331457734108,
            -0.019634952768683434,
            0.0
          ],
          [
            0.03503482788801193,
            0.9635799527168274,
            0.2651156485080719,
            0.0
          ],
          [
            0.01071920245885849,
            -0.265625536441803,
            0.9640166759490967,
            0.0
          ],
          [
            0.0,
            0.0,
            0.0,
            1.0
          ]
        ],
        "rotation_mode": "QUATERNION"
      },
      "armature_space": {
        "head": {
          "x": 0.6648417711257935,
          "y": 0.10049258917570114,
          "z": 0.1754443645477295
        },
        "tail": {
          "x": 0.6869971752166748,
          "y": 0.11069813370704651,
          "z": 0.16067761182785034
        }
      },
      "world_space": {
        "head": {
          "x": 0.6648417711257935,
          "y": 0.16373658180236816,
          "z": 1.1252983808517456
        },
        "tail": {
          "x": 0.6869971752166748,
          "y": 0.17394213378429413,
          "z": 1.1105315685272217
        },
        "rotation_quaternion": {
          "w": 0.05531708151102066,
          "x": -0.49151507019996643,
          "y": -0.8221282362937927,
          "z": 0.281883180141449
        },
        "matrix": [
          [
            -0.5107050538063049,
            0.7769910097122192,
            -0.3680564761161804,
            0.6648417711257935
          ],
          [
            0.8393638134002686,
            0.3579087257385254,
            -0.40910881757736206,
            0.16373658180236816
          ],
          [
            -0.18614377081394196,
            -0.5178704261779785,
            -0.8349698781967163,
            1.1252983808517456
          ],
          [
            0.0,
            0.0,
            0.0,
            1.0
          ]
        ]
      },
      "bone_length_armature_space": 0.028514418582593414,
      "parent": "metacarpal_index_l",
      "has_children": true,
      "is_end_bone": false
    },
    "index_02_l": {
      "name": "index_02_l",
      "local": {
        "location": {
          "x": 0.0,
          "y": 0.0,
          "z": 0.0
        },
        "rotation_quaternion": {
          "w": 0.9992343783378601,
          "x": 0.038959015160799026,
          "y": -0.003571956418454647,
          "z": -0.00040253123734146357
        },
        "scale": {
          "x": 1.0,
          "y": 1.0,
          "z": 1.0
        },
        "matrix_basis": [
          [
            0.9999741315841675,
            0.0005261262995190918,
            -0.00716980779543519,
            0.0
          ],
          [
            -0.001082765869796276,
            0.9969640374183655,
            -0.07785549759864807,
            0.0
          ],
          [
            0.007107079029083252,
            0.0778612494468689,
            0.9969388842582703,
            0.0
          ],
          [
            0.0,
            0.0,
            0.0,
            1.0
          ]
        ],
        "rotation_mode": "QUATERNION"
      },
      "armature_space": {
        "head": {
          "x": 0.6869974732398987,
          "y": 0.11069793999195099,
          "z": 0.16067719459533691
        },
        "tail": {
          "x": 0.7061492204666138,
          "y": 0.11998416483402252,
          "z": 0.14635692536830902
        }
      },
      "world_space": {
        "head": {
          "x": 0.6869974732398987,
          "y": 0.1739419400691986,
          "z": 1.110531210899353
        },
        "tail": {
          "x": 0.7061492204666138,
          "y": 0.18322816491127014,
          "z": 1.0962109565734863
        },
        "rotation_quaternion": {
          "w": 0.03929191827774048,
          "x": -0.46792900562286377,
          "y": -0.8242886066436768,
          "z": 0.3163019120693207
        },
        "matrix": [
          [
            -0.5589962601661682,
            0.7465609312057495,
            -0.36079102754592896,
            0.6869974732398987
          ],
          [
            0.7962745428085327,
            0.36198997497558594,
            -0.48467546701431274,
            0.1739419400691986
          ],
          [
            -0.23123788833618164,
            -0.5582238435745239,
            -0.7968244552612305,
            1.110531210899353
          ],
          [
            0.0,
            0.0,
            0.0,
            1.0
          ]
        ]
      },
      "bone_length_armature_space": 0.02565333355260119,
      "parent": "index_01_l",
      "has_children": true,
      "is_end_bone": false
    },
    "index_03_l": {
      "name": "index_03_l",
      "local": {
        "location": {
          "x": 0.0,
          "y": 0.0,
          "z": 0.0
        },
        "rotation_quaternion": {
          "w": 0.9999724626541138,
          "x": 0.007394456770271063,
          "y": 0.0006958100711926818,
          "z": -9.264564141631126e-06
        },
        "scale": {
          "x": 1.0,
          "y": 1.0,
          "z": 1.0
        },
        "matrix_basis": [
          [
            0.9999990463256836,
            2.881889304262586e-05,
            0.0013914448209106922,
            0.0
          ],
          [
            -8.238343070843257e-06,
            0.9998906254768372,
            -0.014788519591093063,
            0.0
          ],
          [
            -0.0013917188625782728,
            0.014788493514060974,
            0.9998896718025208,
            0.0
          ],
          [
            0.0,
            0.0,
            0.0,
            1.0
          ]
        ],
        "rotation_mode": "QUATERNION"
      },
      "armature_space": {
        "head": {
          "x": 0.7061492800712585,
          "y": 0.1199842095375061,
          "z": 0.14635705947875977
        },
        "tail": {
          "x": 0.7251734137535095,
          "y": 0.13113999366760254,
          "z": 0.1271902322769165
        }
      },
      "world_space": {
        "head": {
          "x": 0.7061492800712585,
          "y": 0.18322820961475372,
          "z": 1.0962110757827759
        },
        "tail": {
          "x": 0.7251734137535095,
          "y": 0.19438399374485016,
          "z": 1.0770442485809326
        },
        "rotation_quaternion": {
          "w": 0.10765694826841354,
          "x": -0.4394650459289551,
          "y": -0.8242039680480957,
          "z": 0.340541273355484
        },
        "matrix": [
          [
            -0.5905598402023315,
            0.6510944962501526,
            -0.47677579522132874,
            0.7061492800712585
          ],
          [
            0.7977421879768372,
            0.3818032741546631,
            -0.46672680974006653,
            0.18322820961475372
          ],
          [
            -0.12184882909059525,
            -0.655978262424469,
            -0.7448887825012207,
            1.0962110757827759
          ],
          [
            0.0,
            0.0,
            0.0,
            1.0
          ]
        ]
      },
      "bone_length_armature_space": 0.02921876851926882,
      "parent": "index_02_l",
      "has_children": false,
      "is_end_bone": true
    },
    "metacarpal_pinky_l": {
      "name": "metacarpal_pinky_l",
      "local": {
        "location": {
          "x": 0.0,
          "y": 0.0,
          "z": 0.0
        },
        "rotation_quaternion": {
          "w": 0.999590277671814,
          "x": -0.025950098410248756,
          "y": -0.0007375090499408543,
          "z": -0.012060929089784622
        },
        "scale": {
          "x": 1.0,
          "y": 1.0,
          "z": 1.0
        },
        "matrix_basis": [
          [
            0.9997079968452454,
            0.02415025234222412,
            -0.0008484491845592856,
            0.0
          ],
          [
            -0.02407369762659073,
            0.9983622431755066,
            0.05189672112464905,
            0.0
          ],
          [
            0.0021003782749176025,
            -0.05186114087700844,
            0.9986521005630493,
            0.0
          ],
          [
            0.0,
            0.0,
            0.0,
            1.0
          ]
        ],
        "rotation_mode": "QUATERNION"
      },
      "armature_space": {
        "head": {
          "x": 0.5823991894721985,
          "y": 0.11248177289962769,
          "z": 0.25783848762512207
        },
        "tail": {
          "x": 0.6467586755752563,
          "y": 0.15562576055526733,
          "z": 0.18827034533023834
        }
      },
      "world_space": {
        "head": {
          "x": 0.5823991894721985,
          "y": 0.1757257729768753,
          "z": 1.2076925039291382
        },
        "tail": {
          "x": 0.6467586755752563,
          "y": 0.21886976063251495,
          "z": 1.1381243467330933
        },
        "rotation_quaternion": {
          "w": 0.7087013125419617,
          "x": -0.13695171475410461,
          "y": 0.45266562700271606,
          "z": -0.5235270857810974
        },
        "matrix": [
          [
            0.04202492535114288,
            0.6180644035339355,
            0.7850034236907959,
            0.5823991894721985
          ],
          [
            -0.8660358190536499,
            0.414325088262558,
            -0.27985191345214844,
            0.1757257729768753
          ],
          [
            -0.4982174038887024,
            -0.668084442615509,
            0.5526813864707947,
            1.2076925039291382
          ],
          [
            0.0,
            0.0,
            0.0,
            1.0
          ]
        ]
      },
      "bone_length_armature_space": 0.1041310388512895,
      "parent": "lowerarm_l",
      "has_children": true,
      "is_end_bone": false
    },
    "pinky_01_l": {
      "name": "pinky_01_l",
      "local": {
        "location": {
          "x": 0.0,
          "y": 0.0,
          "z": 0.0
        },
        "rotation_quaternion": {
          "w": 0.9690567255020142,
          "x": 0.2463425248861313,
          "y": 0.003982034046202898,
          "z": 0.015119776129722595
        },
        "scale": {
          "x": 1.0,
          "y": 1.0,
          "z": 1.0
        },
        "matrix_basis": [
          [
            0.9995110630989075,
            -0.027341952547430992,
            0.01516692154109478,
            0.0
          ],
          [
            0.031265731900930405,
            0.8781735301017761,
            -0.4773193597793579,
            0.0
          ],
          [
            -0.0002683461061678827,
            0.4775601625442505,
            0.8785989880561829,
            0.0
          ],
          [
            0.0,
            0.0,
            0.0,
            1.0
          ]
        ],
        "rotation_mode": "QUATERNION"
      },
      "armature_space": {
        "head": {
          "x": 0.6467586755752563,
          "y": 0.15562576055526733,
          "z": 0.18827034533023834
        },
        "tail": {
