{
  "metadata": {
    "armature_name": "KIM_caucasian_male",
    "export_time": "2026-01-13T21:04:08.871638",
    "blender_version": "4.4.1",
    "bone_count": 56,
    "end_bone_count": 13,
    "spaces_included": [
      "LOCAL_CHANNELS",
      "ARMATURE_SPACE",
      "WORLD_SPACE"
    ],
    "note": "LOCAL matches Transform panel; replay pose via local.matrix_basis for best fidelity."
  },
  "bones": {
    "Root": {
      "name": "Root",
      "local": {
        "location": {
          "x": 0.0,
          "y": 0.0,
          "z": 0.0
        },
        "rotation_quaternion": {
          "w": 0.9995865225791931,
          "x": 0.000285114161670208,
          "y": -0.017795955762267113,
          "z": 0.022586585953831673
        },
        "scale": {
          "x": 1.0,
          "y": 1.0,
          "z": 1.0
        },
        "matrix_basis": [
          [
            0.9983463287353516,
            -0.04516464099287987,
            -0.03556431457400322,
            0.0
          ],
          [
            0.04514434561133385,
            0.9989795088768005,
            -0.0013738923007622361,
            0.0
          ],
          [
            0.035590074956417084,
            -0.00023390722344629467,
            0.9993664622306824,
            0.0
          ],
          [
            0.0,
            0.0,
            0.0,
            1.0
          ]
        ],
        "rotation_mode": "QUATERNION"
      },
      "armature_space": {
        "head": {
          "x": 0.0,
          "y": 0.07072800397872925,
          "z": -0.009595036506652832
        },
        "tail": {
          "x": -0.003223665524274111,
          "y": 7.442384958267212e-05,
          "z": 6.752088665962219e-06
        }
      },
      "world_space": {
        "head": {
          "x": 0.0,
          "y": 0.13397200405597687,
          "z": 0.9402589797973633
        },
        "tail": {
          "x": -0.003223665524274111,
          "y": 0.06331842392683029,
          "z": 0.9498607516288757
        },
        "rotation_quaternion": {
          "w": 0.06705533713102341,
          "x": 0.9973348379135132,
          "y": -0.02373415231704712,
          "z": -0.01623391918838024
        },
        "matrix": [
          [
            0.9983463287353516,
            -0.04516464099287987,
            -0.03556431457400322,
            0.0
          ],
          [
            -0.04951894283294678,
            -0.9898804426193237,
            -0.13298311829566956,
            0.13397200405597687
          ],
          [
            -0.0291985385119915,
            0.13452430069446564,
            -0.9904870986938477,
            0.9402589797973633
          ],
          [
            0.0,
            0.0,
            0.0,
            1.0
          ]
        ]
      },
      "bone_length_armature_space": 0.07137587087571264,
      "parent": null,
      "has_children": true,
      "is_end_bone": false
    },
    "spine_01": {
      "name": "spine_01",
      "local": {
        "location": {
          "x": 0.0,
          "y": 0.0,
          "z": 0.0
        },
        "rotation_quaternion": {
          "w": 0.9992086291313171,
          "x": -0.035400357097387314,
          "y": -0.01757337525486946,
          "z": -0.0044814241118729115
        },
        "scale": {
          "x": 1.0,
          "y": 1.0,
          "z": 1.0
        },
        "matrix_basis": [
          [
            0.9993422031402588,
            0.010199963115155697,
            -0.03480164706707001,
            0.0
          ],
          [
            -0.007711547892540693,
            0.9974534511566162,
            0.07090219110250473,
            0.0
          ],
          [
            0.035436224192380905,
            -0.07058718055486679,
            0.9968760013580322,
            0.0
          ],
          [
            0.0,
            0.0,
            0.0,
            1.0
          ]
        ],
        "rotation_mode": "QUATERNION"
      },
      "armature_space": {
        "head": {
          "x": -0.003223665524274111,
          "y": 7.442384958267212e-05,
          "z": 6.752088665962219e-06
        },
        "tail": {
          "x": 0.018713394179940224,
          "y": 0.05629018694162369,
          "z": 0.48426610231399536
        }
      },
      "world_space": {
        "head": {
          "x": -0.003223665524274111,
          "y": 0.06331842392683029,
          "z": 0.9498607516288757
        },
        "tail": {
          "x": 0.018713394179940224,
          "y": 0.11953418701887131,
          "z": 1.4341201782226562
        },
        "rotation_quaternion": {
          "w": 0.7465708255767822,
          "x": 0.6637040376663208,
          "y": -0.015157144516706467,
          "z": -0.04358097165822983
        },
        "matrix": [
          [
            0.9957419633865356,
            0.0449528768658638,
            -0.08048176765441895,
            -0.003223665524274111
          ],
          [
            -0.08519256860017776,
            0.11519594490528107,
            -0.9896827936172485,
            0.06331842392683029
          ],
          [
            -0.035218246281147,
            0.9923322200775146,
            0.11853498220443726,
            0.9498607516288757
          ],
          [
            0.0,
            0.0,
            0.0,
            1.0
          ]
        ]
      },
      "bone_length_armature_space": 0.48800465707047724,
      "parent": "Root",
      "has_children": true,
      "is_end_bone": false
    },
    "neck_01": {
      "name": "neck_01",
      "local": {
        "location": {
          "x": 0.0,
          "y": 0.0,
          "z": 0.0
        },
        "rotation_quaternion": {
          "w": 0.9851102828979492,
          "x": -0.12326831370592117,
          "y": -0.10331348329782486,
          "z": -0.06073679029941559
        },
        "scale": {
          "x": 1.0,
          "y": 1.0,
          "z": 1.0
        },
        "matrix_basis": [
          [
            0.971274733543396,
            0.14513543248176575,
            -0.18857650458812714,
            0.0
          ],
          [
            -0.09419431537389755,
            0.9622319340705872,
            0.2554156184196472,
            0.0
          ],
          [
            0.21852418780326843,
            -0.2303159087896347,
            0.9482625126838684,
            0.0
          ],
          [
            0.0,
            0.0,
            0.0,
            1.0
          ]
        ],
        "rotation_mode": "QUATERNION"
      },
      "armature_space": {
        "head": {
          "x": 0.019213629886507988,
          "y": 0.03040201961994171,
          "z": 0.5610339641571045
        },
        "tail": {
          "x": 0.037315353751182556,
          "y": 0.025177689269185066,
          "z": 0.6618099212646484
        }
      },
      "world_space": {
        "head": {
          "x": 0.019213629886507988,
          "y": 0.09364601969718933,
          "z": 1.5108879804611206
        },
        "tail": {
          "x": 0.037315353751182556,
          "y": 0.08842168748378754,
          "z": 1.6116639375686646
        },
        "rotation_quaternion": {
          "w": 0.6880850791931152,
          "x": 0.7066270709037781,
          "y": -0.03255359083414078,
          "z": -0.16173295676708221
        },
        "matrix": [
          [
            0.9455658793449402,
            0.17656540870666504,
            -0.27336785197257996,
            0.019213629886507988
          ],
          [
            -0.26857733726501465,
            -0.05095846951007843,
            -0.9619094133377075,
            0.09364601969718933
          ],
          [
            -0.18377186357975006,
            0.9829757213592529,
            -0.0007640719413757324,
            1.5108879804611206
          ],
          [
            0.0,
            0.0,
            0.0,
            1.0
          ]
        ]
      },
      "bone_length_armature_space": 0.10252199426508539,
      "parent": "spine_01",
      "has_children": true,
      "is_end_bone": false
    },
    "head": {
      "name": "head",
      "local": {
        "location": {
          "x": 0.0,
          "y": 0.0,
          "z": 0.0
        },
        "rotation_quaternion": {
          "w": 0.9958539605140686,
          "x": 0.028609994798898697,
          "y": 0.08254734426736832,
          "z": 0.025347182527184486
        },
        "scale": {
          "x": 1.0,
          "y": 1.0,
          "z": 1.0
        },
        "matrix_basis": [
          [
            0.9850869178771973,
            -0.04576082527637482,
            0.16586056351661682,
            0.0
          ],
          [
            0.055207543075084686,
            0.997078001499176,
            -0.0527980662882328,
            0.0
          ],
          [
            -0.16295982897281647,
            0.061167437583208084,
            0.984734833240509,
            0.0
          ],
          [
            0.0,
            0.0,
            0.0,
            1.0
          ]
        ],
        "rotation_mode": "QUATERNION"
      },
      "armature_space": {
        "head": {
          "x": 0.03731529414653778,
          "y": 0.025177543982863426,
          "z": 0.6618098616600037
        },
        "tail": {
          "x": 0.06941461563110352,
          "y": 0.06487791985273361,
          "z": 0.8082571029663086
        }
      },
      "world_space": {
        "head": {
          "x": 0.03731529414653778,
          "y": 0.0884215459227562,
          "z": 1.611663818359375
        },
        "tail": {
          "x": 0.06941461563110352,
          "y": 0.12812191247940063,
          "z": 1.7581111192703247
        },
        "rotation_quaternion": {
          "w": 0.7912476658821106,
          "x": 0.602088212966919,
          "y": 0.043796107172966,
          "z": -0.0974622443318367
        },
        "matrix": [
          [
            0.9771661162376404,
            0.2069719433784485,
            -0.04805570840835571,
            0.03731529414653778
          ],
          [
            -0.10149653255939484,
            0.2559824585914612,
            -0.961338460445404,
            0.0884215459227562
          ],
          [
            -0.18667002022266388,
            0.9442715048789978,
            0.271145224571228,
            1.611663818359375
          ],
          [
            0.0,
            0.0,
            0.0,
            1.0
          ]
        ]
      },
      "bone_length_armature_space": 0.15509120013141545,
      "parent": "neck_01",
      "has_children": false,
      "is_end_bone": true
    },
    "upperarm_l": {
      "name": "upperarm_l",
      "local": {
        "location": {
          "x": 0.0,
          "y": 0.0,
          "z": 0.0
        },
        "rotation_quaternion": {
          "w": 0.8293375968933105,
          "x": 0.3527355194091797,
          "y": 0.27846935391426086,
          "z": 0.3320116102695465
        },
        "scale": {
          "x": 1.0,
          "y": 1.0,
          "z": 1.0
        },
        "matrix_basis": [
          [
            0.6244462132453918,
            -0.3542473614215851,
            0.6961147785186768,
            0.0
          ],
          [
            0.7471514940261841,
            0.5306918621063232,
            -0.40016353130340576,
            0.0
          ],
          [
            -0.22766563296318054,
            0.7699837684631348,
            0.5960649251937866,
            0.0
          ],
          [
            0.0,
            0.0,
            0.0,
            1.0
          ]
        ],
        "rotation_mode": "QUATERNION"
      },
      "armature_space": {
        "head": {
          "x": 0.16529707610607147,
          "y": 0.006724849343299866,
          "z": 0.4894368648529053
        },
        "tail": {
          "x": 0.30442291498184204,
          "y": -0.19698701798915863,
          "z": 0.594094455242157
        }
      },
      "world_space": {
        "head": {
          "x": 0.16529707610607147,
          "y": 0.06996884942054749,
          "z": 1.4392908811569214
        },
        "tail": {
          "x": 0.30442291498184204,
          "y": -0.133743017911911,
          "z": 1.5439484119415283
        },
        "rotation_quaternion": {
          "w": 0.29210540652275085,
          "x": 0.8783272504806519,
          "y": 0.1859341412782669,
          "z": -0.3296123445034027
        },
        "matrix": [
          [
            0.7135686874389648,
            0.519185483455658,
            -0.47038963437080383,
            0.16529707610607147
          ],
          [
            0.13405948877334595,
            -0.7602056264877319,
            -0.6357008218765259,
            0.06996884942054749
          ],
          [
            -0.6876441240310669,
            0.39055800437927246,
            -0.6120654344558716,
            1.4392908811569214
          ],
          [
            0.0,
            0.0,
            0.0,
            1.0
          ]
        ]
      },
      "bone_length_armature_space": 0.2679696507758524,
      "parent": "spine_01",
      "has_children": true,
      "is_end_bone": false
    },
    "lowerarm_l": {
      "name": "lowerarm_l",
      "local": {
        "location": {
          "x": 0.0,
          "y": 0.0,
          "z": 0.0
        },
        "rotation_quaternion": {
          "w": 0.9773297309875488,
          "x": 0.1821707785129547,
          "y": -0.0412365086376667,
          "z": 0.09969992935657501
        },
        "scale": {
          "x": 1.0,
          "y": 1.0,
          "z": 1.0
        },
        "matrix_basis": [
          [
            0.9767189621925354,
            -0.20990358293056488,
            -0.044278502464294434,
            0.0
          ],
          [
            0.17985524237155914,
            0.9137474894523621,
            -0.36430439352989197,
            0.0
          ],
          [
            0.11692816019058228,
            0.34785929322242737,
            0.930226743221283,
            0.0
          ],
          [
            0.0,
            0.0,
            0.0,
            1.0
          ]
        ],
        "rotation_mode": "QUATERNION"
      },
      "armature_space": {
        "head": {
          "x": 0.30442285537719727,
          "y": -0.19698713719844818,
          "z": 0.5940945744514465
        },
        "tail": {
          "x": 0.30903807282447815,
          "y": -0.4524196982383728,
          "z": 0.6734816431999207
        }
      },
      "world_space": {
        "head": {
          "x": 0.30442285537719727,
          "y": -0.13374313712120056,
          "z": 1.5439486503601074
        },
        "tail": {
          "x": 0.30903807282447815,
          "y": -0.3891757130622864,
          "z": 1.623335599899292
        },
        "rotation_quaternion": {
          "w": 0.13991901278495789,
          "x": 0.8976213335990906,
          "y": -0.05497610196471214,
          "z": -0.4143383800983429
        },
        "matrix": [
          [
            0.6506028771400452,
            0.017251551151275635,
            -0.7592222690582275,
            0.30442285537719727
          ],
          [
            -0.21464328467845917,
            -0.9548006057739258,
            -0.20563074946403503,
            -0.13374313712120056
          ],
          [
            -0.7284586429595947,
            0.29674702882766724,
            -0.6174975633621216,
            1.5439486503601074
          ],
          [
            0.0,
            0.0,
            0.0,
            1.0
          ]
        ]
      },
      "bone_length_armature_space": 0.2675245632547587,
      "parent": "upperarm_l",
      "has_children": true,
      "is_end_bone": false
    },
    "metacarpal_thumb_l": {
      "name": "metacarpal_thumb_l",
      "local": {
        "location": {
          "x": 0.0,
          "y": 0.0,
          "z": 0.0
        },
        "rotation_quaternion": {
          "w": 0.9994251728057861,
          "x": -0.029814790934324265,
          "y": -0.013428516685962677,
          "z": 0.008946409448981285
        },
        "scale": {
          "x": 1.0,
          "y": 1.0,
          "z": 1.0
        },
        "matrix_basis": [
          [
            0.9994792938232422,
            -0.017081797122955322,
            -0.02737506665289402,
            0.0
          ],
          [
            0.01868326961994171,
            0.9980620741844177,
            0.059355031698942184,
            0.0
          ],
          [
            0.026308124884963036,
            -0.05983557924628258,
            0.9978615045547485,
            0.0
          ],
          [
            0.0,
            0.0,
            0.0,
            1.0
          ]
        ],
        "rotation_mode": "QUATERNION"
      },
      "armature_space": {
        "head": {
          "x": 0.30903807282447815,
          "y": -0.4524196982383728,
          "z": 0.6734816431999207
        },
        "tail": {
          "x": 0.2909446656703949,
          "y": -0.4971250593662262,
          "z": 0.6621836423873901
        }
      },
      "world_space": {
        "head": {
          "x": 0.30903807282447815,
          "y": -0.3891757130622864,
          "z": 1.623335599899292
        },
        "tail": {
          "x": 0.2909446656703949,
          "y": -0.4338810443878174,
          "z": 1.6120376586914062
        },
        "rotation_quaternion": {
          "w": 0.04506029561161995,
          "x": -0.9153125286102295,
          "y": 0.21611791849136353,
          "z": -0.3368465006351471
        },
        "matrix": [
          [
            0.679654598236084,
            -0.365275114774704,
            0.6361162662506104,
            0.30903807282447815
          ],
          [
            -0.42598772048950195,
            -0.9025249481201172,
            -0.06311017274856567,
            -0.3891757130622864
          ],
          [
            0.5971671938896179,
            -0.22808699309825897,
            -0.769013524055481,
            1.623335599899292
          ],
          [
            0.0,
            0.0,
            0.0,
            1.0
          ]
        ]
      },
      "bone_length_armature_space": 0.04953368094751245,
      "parent": "lowerarm_l",
      "has_children": true,
      "is_end_bone": false
    },
    "thumb_01_l": {
      "name": "thumb_01_l",
      "local": {
        "location": {
          "x": 0.0,
          "y": 0.0,
          "z": 0.0
        },
        "rotation_quaternion": {
          "w": 0.9868106842041016,
          "x": 0.16104957461357117,
          "y": 0.005370895378291607,
          "z": -0.015453473664820194
        },
        "scale": {
          "x": 1.0,
          "y": 1.0,
          "z": 1.0
        },
        "matrix_basis": [
          [
            0.9994646906852722,
            0.03222926706075668,
            0.005622562952339649,
            0.0
          ],
          [
            -0.028769344091415405,
            0.9476484656333923,
            -0.3180168867111206,
            0.0
          ],
          [
            -0.015577664598822594,
            0.3176848888397217,
            0.948068380355835,
            0.0
          ],
          [
            0.0,
            0.0,
            0.0,
            1.0
          ]
        ],
        "rotation_mode": "QUATERNION"
      },
      "armature_space": {
        "head": {
          "x": 0.2909446656703949,
          "y": -0.4971250593662262,
          "z": 0.6621836423873901
        },
        "tail": {
          "x": 0.3025256097316742,
          "y": -0.5223280787467957,
          "z": 0.6424524188041687
        }
      },
      "world_space": {
        "head": {
          "x": 0.2909446656703949,
          "y": -0.4338810443878174,
          "z": 1.6120376586914062
        },
        "tail": {
          "x": 0.3025256097316742,
          "y": -0.45908409357070923,
          "z": 1.59230637550354
        },
        "rotation_quaternion": {
          "w": 0.2646372616291046,
          "x": -0.2705715596675873,
          "y": 0.24444767832756042,
          "z": -0.8927505016326904
        },
        "matrix": [
          [
            -0.7135158181190491,
            0.34022992849349976,
            0.6124858856201172,
            0.2909446656703949
          ],
          [
            -0.604791522026062,
            -0.7404251098632812,
            -0.29325366020202637,
            -0.4338810443878174
          ],
          [
            0.35372820496559143,
            -0.5796722173690796,
            0.7340781688690186,
            1.6120376586914062
          ],
          [
            0.0,
            0.0,
            0.0,
            1.0
          ]
        ]
      },
      "bone_length_armature_space": 0.034038678794968115,
      "parent": "metacarpal_thumb_l",
      "has_children": true,
      "is_end_bone": false
    },
    "thumb_02_l": {
      "name": "thumb_02_l",
      "local": {
        "location": {
          "x": 0.0,
          "y": 0.0,
          "z": 0.0
        },
        "rotation_quaternion": {
          "w": 0.9320629239082336,
          "x": 0.36227524280548096,
          "y": 0.0030424846336245537,
          "z": 0.0024885395541787148
        },
        "scale": {
          "x": 1.0,
          "y": 1.0,
          "z": 1.0
        },
        "matrix_basis": [
          [
            0.9999691247940063,
            -0.0024345172569155693,
            0.007474646903574467,
            0.0
          ],
          [
            0.006843384820967913,
            0.7375009059906006,
            -0.6753115057945251,
            0.0
          ],
          [
            -0.0038685016334056854,
            0.675341784954071,
            0.7374947667121887,
            0.0
          ],
          [
            0.0,
            0.0,
            0.0,
            1.0
          ]
        ],
        "rotation_mode": "QUATERNION"
      },
      "armature_space": {
        "head": {
          "x": 0.3025256097316742,
          "y": -0.5223280191421509,
          "z": 0.6424523591995239
        },
        "tail": {
          "x": 0.29884371161460876,
          "y": -0.5399760007858276,
          "z": 0.6783437132835388
        }
      },
      "world_space": {
        "head": {
          "x": 0.3025256097316742,
          "y": -0.45908403396606445,
          "z": 1.59230637550354
        },
        "tail": {
          "x": 0.29884371161460876,
          "y": -0.4767320156097412,
          "z": 1.6281976699829102
        },
        "rotation_quaternion": {
          "w": 0.024413662031292915,
          "x": 0.12539704144001007,
          "y": -0.5288733243942261,
          "z": -0.8390308022499084
        },
        "matrix": [
          [
            -0.9673594832420349,
            -0.09167051315307617,
            -0.23624683916568756,
            0.3025256097316742
          ],
          [
            -0.17360536754131317,
            -0.43939363956451416,
            0.8813592195510864,
            -0.45908403396606445
          ],
          [
            -0.18460151553153992,
            0.8936108946800232,
            0.40914082527160645,
            1.59230637550354
          ],
          [
            0.0,
            0.0,
            0.0,
            1.0
          ]
        ]
      },
      "bone_length_armature_space": 0.04016462323518639,
      "parent": "thumb_01_l",
      "has_children": true,
      "is_end_bone": false
    },
    "thumb_03_l": {
      "name": "thumb_03_l",
      "local": {
        "location": {
          "x": 0.0,
          "y": 0.0,
          "z": 0.0
        },
        "rotation_quaternion": {
          "w": 0.9845939874649048,
          "x": 0.17461055517196655,
          "y": -0.005921283271163702,
          "z": 0.00712944008409977
        },
        "scale": {
          "x": 1.0,
          "y": 1.0,
          "z": 1.0
        },
        "matrix_basis": [
          [
            0.9998282194137573,
            -0.016107045114040375,
            -0.009170369245111942,
            0.0
          ],
          [
            0.011971370317041874,
            0.9389206767082214,
            -0.34392544627189636,
            0.0
          ],
          [
            0.014149870723485947,
            0.3437565863132477,
            0.9389522075653076,
            0.0
          ],
          [
            0.0,
            0.0,
            0.0,
            1.0
          ]
        ],
        "rotation_mode": "QUATERNION"
      },
      "armature_space": {
        "head": {
          "x": 0.29884371161460876,
          "y": -0.5399760603904724,
          "z": 0.678343653678894
        },
        "tail": {
          "x": 0.29343298077583313,
          "y": -0.5354976058006287,
          "z": 0.7079674601554871
        }
      },
      "world_space": {
        "head": {
          "x": 0.29884371161460876,
          "y": -0.476732075214386,
          "z": 1.6281976699829102
        },
        "tail": {
          "x": 0.29343298077583313,
          "y": -0.47225362062454224,
          "z": 1.6578214168548584
        },
        "rotation_quaternion": {
          "w": 0.1551973819732666,
          "x": 0.24648943543434143,
          "y": -0.7412586212158203,
          "z": -0.6047250032424927
        },
        "matrix": [
          [
            -0.8303130865097046,
            -0.17772169411182404,
            -0.5282004475593567,
            0.29884371161460876
          ],
          [
            -0.5531290769577026,
            0.14710122346878052,
            0.8200056552886963,
            -0.476732075214386
          ],
          [
            -0.06803484261035919,
            0.9730314016342163,
            -0.22044385969638824,
            1.6281976699829102
          ],
          [
            0.0,
            0.0,
            0.0,
            1.0
          ]
        ]
      },
      "bone_length_armature_space": 0.030445072827449314,
      "parent": "thumb_02_l",
      "has_children": false,
      "is_end_bone": true
    },
    "metacarpal_index_l": {
      "name": "metacarpal_index_l",
      "local": {
        "location": {
          "x": 0.0,
          "y": 0.0,
          "z": 0.0
        },
        "rotation_quaternion": {
          "w": 0.9994979500770569,
          "x": -0.030112402513623238,
          "y": 0.009862780570983887,
          "z": 0.00015530516975559294
        },
        "scale": {
          "x": 1.0,
          "y": 1.0,
          "z": 1.0
        },
        "matrix_basis": [
          [
            0.9998053908348083,
            -0.000904438435100019,
            0.019706305116415024,
            0.0
          ],
          [
            -0.00028352963272482157,
            0.9981864094734192,
            0.060197632759809494,
            0.0
          ],
          [
            -0.01972501166164875,
            -0.060191504657268524,
            0.9979919195175171,
            0.0
          ],
          [
            0.0,
            0.0,
            0.0,
            1.0
          ]
        ],
        "rotation_mode": "QUATERNION"
      },
      "armature_space": {
        "head": {
          "x": 0.30903807282447815,
          "y": -0.4524196982383728,
          "z": 0.6734816431999207
        },
        "tail": {
          "x": 0.28682267665863037,
          "y": -0.5666546821594238,
          "z": 0.6871217489242554
        }
      },
      "world_space": {
        "head": {
          "x": 0.30903807282447815,
          "y": -0.3891757130622864,
          "z": 1.623335599899292
        },
        "tail": {
          "x": 0.28682267665863037,
          "y": -0.5034106969833374,
          "z": 1.6369757652282715
        },
        "rotation_quaternion": {
          "w": 0.06474252045154572,
          "x": 0.9915475845336914,
          "y": -0.09132398664951324,
          "z": 0.06558828800916672
        },
        "matrix": [
          [
            0.974716305732727,
            -0.1895969659090042,
            0.11824273318052292,
            0.30903807282447815
          ],
          [
            -0.17261135578155518,
            -0.9749365448951721,
            -0.140370711684227,
            -0.3891757130622864
          ],
          [
            0.14189375936985016,
            0.11641140282154083,
            -0.9830201268196106,
            1.623335599899292
          ],
          [
            0.0,
            0.0,
            0.0,
            1.0
          ]
        ]
      },
      "bone_length_armature_space": 0.11717170177951045,
      "parent": "lowerarm_l",
      "has_children": true,
      "is_end_bone": false
    },
    "index_01_l": {
      "name": "index_01_l",
      "local": {
        "location": {
          "x": 0.0,
          "y": 0.0,
          "z": 0.0
        },
        "rotation_quaternion": {
          "w": 0.9658051133155823,
          "x": 0.2583652138710022,
          "y": -0.013685612007975578,
          "z": -0.016751591116189957
        },
        "scale": {
          "x": 1.0,
          "y": 1.0,
          "z": 1.0
        },
        "matrix_basis": [
          [
            0.9990641474723816,
            0.02528577297925949,
            -0.035091325640678406,
            0.0
          ],
          [
            -0.03942931815981865,
            0.8659335970878601,
            -0.49860239028930664,
            0.0
          ],
          [
            0.017779210582375526,
            0.499519407749176,
            0.8661202192306519,
            0.0
          ],
          [
            0.0,
            0.0,
            0.0,
            1.0
          ]
        ],
        "rotation_mode": "QUATERNION"
      },
      "armature_space": {
        "head": {
          "x": 0.28682267665863037,
          "y": -0.5666546821594238,
          "z": 0.6871217489242554
        },
        "tail": {
          "x": 0.29319047927856445,
          "y": -0.5937069654464722,
          "z": 0.6807424426078796
        }
      },
      "world_space": {
        "head": {
          "x": 0.28682267665863037,
          "y": -0.5034106969833374,
          "z": 1.6369757652282715
        },
        "tail": {
          "x": 0.29319047927856445,
          "y": -0.5304629802703857,
          "z": 1.630596399307251
        },
        "rotation_quaternion": {
          "w": 0.11612518876791,
          "x": -0.9867870807647705,
          "y": -0.11023999750614166,
          "z": -0.02476678229868412
        },
        "matrix": [
          [
            0.9744676351547241,
            0.2233189344406128,
            0.02327558398246765,
            0.28682267665863037
          ],
          [
            0.21181485056877136,
            -0.9487242698669434,
            0.23464177548885345,
            -0.5034106969833374
          ],
          [
            0.0744827389717102,
            -0.22372320294380188,
            -0.9718097448348999,
            1.6369757652282715
          ],
          [
            0.0,
            0.0,
            0.0,
            1.0
          ]
        ]
      },
      "bone_length_armature_space": 0.02851439045034445,
      "parent": "metacarpal_index_l",
      "has_children": true,
      "is_end_bone": false
    },
    "index_02_l": {
      "name": "index_02_l",
      "local": {
        "location": {
          "x": 0.0,
          "y": 0.0,
          "z": 0.0
        },
        "rotation_quaternion": {
          "w": 0.9245233535766602,
          "x": 0.3811091482639313,
          "y": -0.0020023155957460403,
          "z": 0.002900088904425502
        },
        "scale": {
          "x": 1.0,
          "y": 1.0,
          "z": 1.0
        },
        "matrix_basis": [
          [
            0.9999751448631287,
            -0.006888601463288069,
            -0.001491874223574996,
            0.0
          ],
          [
            0.0038361982442438602,
            0.7094948291778564,
            -0.704700231552124,
            0.0
          ],
          [
            0.005912875756621361,
            0.7046769857406616,
            0.7095035910606384,
            0.0
          ],
          [
            0.0,
            0.0,
            0.0,
            1.0
          ]
        ],
        "rotation_mode": "QUATERNION"
      },
      "armature_space": {
        "head": {
          "x": 0.2931903302669525,
          "y": -0.5937073230743408,
          "z": 0.6807420253753662
        },
        "tail": {
          "x": 0.2970409393310547,
          "y": -0.6076736450195312,
          "z": 0.6595710515975952
        }
      },
      "world_space": {
        "head": {
          "x": 0.2931903302669525,
          "y": -0.5304633378982544,
          "z": 1.6305960416793823
        },
        "tail": {
          "x": 0.2970409393310547,
          "y": -0.5444296598434448,
          "z": 1.6094250679016113
        },
        "rotation_quaternion": {
          "w": 0.4633391797542572,
          "x": -0.8770527839660645,
          "y": -0.11446918547153473,
          "z": 0.054699741303920746
        },
        "matrix": [
          [
            0.9678094983100891,
            0.15010222792625427,
            -0.20202569663524628,
            0.2931903302669525
          ],
          [
            0.2514806389808655,
            -0.5444275140762329,
            0.8002225160598755,
            -0.5304633378982544
          ],
          [
            0.010127117857336998,
            -0.8252747058868408,
            -0.5646529793739319,
            1.6305960416793823
          ],
          [
            0.0,
            0.0,
            0.0,
            1.0
          ]
        ]
      },
      "bone_length_armature_space": 0.02565337162939081,
      "parent": "index_01_l",
      "has_children": true,
      "is_end_bone": false
    },
    "index_03_l": {
      "name": "index_03_l",
      "local": {
        "location": {
          "x": 0.0,
          "y": 0.0,
          "z": 0.0
        },
        "rotation_quaternion": {
          "w": 0.9610035419464111,
          "x": 0.27641382813453674,
          "y": 0.008039381355047226,
          "z": -0.0017788303084671497
        },
        "scale": {
          "x": 1.0,
          "y": 1.0,
          "z": 1.0
        },
        "matrix_basis": [
          [
            0.999864399433136,
            0.007863316684961319,
            0.014468361623585224,
            0.0
          ],
          [
            0.0010254678782075644,
            0.8471844792366028,
            -0.5312979221343994,
            0.0
          ],
          [
            -0.016435135155916214,
            0.5312407612800598,
            0.8470615148544312,
            0.0
          ],
          [
            0.0,
            0.0,
            0.0,
            1.0
          ]
        ],
        "rotation_mode": "QUATERNION"
      },
      "armature_space": {
        "head": {
          "x": 0.2970409393310547,
          "y": -0.6076737642288208,
          "z": 0.65957111120224
        },
        "tail": {
          "x": 0.30035483837127686,
          "y": -0.6052824258804321,
          "z": 0.6306394338607788
        }
      },
      "world_space": {
        "head": {
          "x": 0.2970409393310547,
          "y": -0.5444297790527344,
          "z": 1.6094250679016113
        },
        "tail": {
          "x": 0.30035483837127686,
          "y": -0.5420384407043457,
          "z": 1.580493450164795
        },
        "rotation_quaternion": {
          "w": 0.7250206470489502,
          "x": -0.676537811756134,
          "y": -0.12355916947126389,
          "z": 0.03708004578948021
        },
        "matrix": [
          [
            0.9667167067527771,
            0.11341721564531326,
            -0.2293371856212616,
            0.2970409393310547
          ],
          [
            0.22095170617103577,
            0.08184313774108887,
            0.9718446135520935,
            -0.5444297790527344
          ],
          [
            0.1289946287870407,
            -0.9901776909828186,
            0.05406072735786438,
            1.6094250679016113
          ],
          [
            0.0,
            0.0,
            0.0,
            1.0
          ]
        ]
      },
      "bone_length_armature_space": 0.029218869993346257,
      "parent": "index_02_l",
      "has_children": false,
      "is_end_bone": true
    },
    "metacarpal_pinky_l": {
      "name": "metacarpal_pinky_l",
      "local": {
        "location": {
          "x": 0.0,
          "y": 0.0,
          "z": 0.0
        },
        "rotation_quaternion": {
          "w": 0.9997401237487793,
          "x": -0.012885122559964657,
          "y": -0.01614823192358017,
          "z": 0.009645137935876846
        },
        "scale": {
          "x": 1.0,
          "y": 1.0,
          "z": 1.0
        },
        "matrix_basis": [
          [
            0.9992924332618713,
            -0.01886911876499653,
            -0.03253662958741188,
            0.0
          ],
          [
            0.019701406359672546,
            0.9994819164276123,
            0.02545204386115074,
            0.0
          ],
          [
            0.03203951194882393,
            -0.026075052097439766,
            0.9991464018821716,
            0.0
          ],
          [
            0.0,
            0.0,
            0.0,
            1.0
          ]
        ],
        "rotation_mode": "QUATERNION"
      },
      "armature_space": {
        "head": {
          "x": 0.30903807282447815,
          "y": -0.4524196982383728,
          "z": 0.6734816431999207
        },
        "tail": {
          "x": 0.33834466338157654,
          "y": -0.5398824214935303,
          "z": 0.7217996716499329
        }
      },
      "world_space": {
        "head": {
          "x": 0.30903807282447815,
          "y": -0.3891757130622864,
          "z": 1.623335599899292
        },
        "tail": {
          "x": 0.33834466338157654,
          "y": -0.47663843631744385,
          "z": 1.6716537475585938
        },
        "rotation_quaternion": {
          "w": 0.2374008446931839,
          "x": 0.41765278577804565,
          "y": -0.15386594831943512,
          "z": -0.8634421229362488
        },
        "matrix": [
          [
            -0.5384140014648438,
            0.28144025802612305,
            -0.7942934036254883,
            0.30903807282447815
          ],
          [
            -0.5384894609451294,
            -0.8399319052696228,
            0.06740514189004898,
            -0.3891757130622864
          ],
          [
            -0.648186981678009,
            0.46401292085647583,
            0.603787899017334,
            1.623335599899292
          ],
          [
            0.0,
            0.0,
            0.0,
            1.0
          ]
        ]
      },
      "bone_length_armature_space": 0.10413086165297848,
      "parent": "lowerarm_l",
      "has_children": true,
      "is_end_bone": false
    },
    "pinky_01_l": {
      "name": "pinky_01_l",
      "local": {
        "location": {
          "x": 0.0,
          "y": 0.0,
          "z": 0.0
        },
        "rotation_quaternion": {
          "w": 0.9562803506851196,
          "x": 0.29244348406791687,
          "y": 0.000499535643029958,
          "z": 0.0021200792398303747
        },
        "scale": {
          "x": 1.0,
          "y": 1.0,
          "z": 1.0
        },
        "matrix_basis": [
          [
            0.9999905228614807,
            -0.0037626083940267563,
            0.002195399021729827,
            0.0
          ],
          [
            0.004346952307969332,
            0.8289446234703064,
            -0.5593137741088867,
            0.0
          ],
          [
            0.0002846144780050963,
            0.5593180060386658,
            0.8289531469345093,
            0.0
          ],
          [
            0.0,
            0.0,
            0.0,
            1.0
          ]
        ],
        "rotation_mode": "QUATERNION"
      },
      "armature_space": {
        "head": {
          "x": 0.33834466338157654,
          "y": -0.5398824214935303,
          "z": 0.7217996716499329
        },
        "tail": {
