{
  "metadata": {
    "armature_name": "KIM_caucasian_male",
    "export_time": "2026-01-13T21:07:52.693661",
    "blender_version": "4.4.1",
    "bone_count": 56,
    "end_bone_count": 13,
    "spaces_included": [
      "LOCAL_CHANNELS",
      "ARMATURE_SPACE",
      "WORLD_SPACE"
    ],
    "note": "LOCAL matches Transform panel; replay pose via local.matrix_basis for best fidelity."
  },
  "bones": {
    "Root": {
      "name": "Root",
      "local": {
        "location": {
          "x": 0.0,
          "y": 0.0,
          "z": 0.0
        },
        "rotation_quaternion": {
          "w": 0.9997701644897461,
          "x": -0.012646552175283432,
          "y": -0.007074832450598478,
          "z": 0.01580488681793213
        },
        "scale": {
          "x": 1.0,
          "y": 1.0,
          "z": 1.0
        },
        "matrix_basis": [
          [
            0.9994003176689148,
            -0.03142356500029564,
            -0.014546167105436325,
            0.0
          ],
          [
            0.031781453639268875,
            0.9991805553436279,
            0.025063658133149147,
            0.0
          ],
          [
            0.013746658340096474,
            -0.02551092579960823,
            0.9995800256729126,
            0.0
          ],
          [
            0.0,
            0.0,
            0.0,
            1.0
          ]
        ],
        "rotation_mode": "QUATERNION"
      },
      "armature_space": {
        "head": {
          "x": 0.0,
          "y": 0.07072800397872925,
          "z": -0.009595036506652832
        },
        "tail": {
          "x": -0.0022428843658417463,
          "y": 0.0003027394413948059,
          "z": 0.0017964867874979973
        }
      },
      "world_space": {
        "head": {
          "x": 0.0,
          "y": 0.13397200405597687,
          "z": 0.9402589797973633
        },
        "tail": {
          "x": -0.0022428843658417463,
          "y": 0.06354673951864243,
          "z": 0.9516505002975464
        },
        "rotation_quaternion": {
          "w": 0.07996999472379684,
          "x": 0.9966468811035156,
          "y": -0.01624559983611107,
          "z": -0.005994016770273447
        },
        "matrix": [
          [
            0.9994003176689148,
            -0.03142356500029564,
            -0.014546167105436325,
            0.0
          ],
          [
            -0.0333409383893013,
            -0.9866817593574524,
            -0.15920940041542053,
            0.13397200405597687
          ],
          [
            -0.009349606931209564,
            0.15959908068180084,
            -0.9871447682380676,
            0.9402589797973633
          ],
          [
            0.0,
            0.0,
            0.0,
            1.0
          ]
        ]
      },
      "bone_length_armature_space": 0.07137587263733935,
      "parent": null,
      "has_children": true,
      "is_end_bone": false
    },
    "spine_01": {
      "name": "spine_01",
      "local": {
        "location": {
          "x": 0.0,
          "y": 0.0,
          "z": 0.0
        },
        "rotation_quaternion": {
          "w": 0.9983789920806885,
          "x": 0.0060359882190823555,
          "y": -0.05273917317390442,
          "z": -0.02053358219563961
        },
        "scale": {
          "x": 1.0,
          "y": 1.0,
          "z": 1.0
        },
        "matrix_basis": [
          [
            0.9935939311981201,
            0.04036392644047737,
            -0.10555524379014969,
            0.0
          ],
          [
            -0.04163726046681404,
            0.9990838766098022,
            -0.009886559098958969,
            0.0
          ],
          [
            0.10505948215723038,
            0.014218255877494812,
            0.994364321231842,
            0.0
          ],
          [
            0.0,
            0.0,
            0.0,
            1.0
          ]
        ],
        "rotation_mode": "QUATERNION"
      },
      "armature_space": {
        "head": {
          "x": -0.0022428843658417463,
          "y": 0.0003027394413948059,
          "z": 0.0017964867874979973
        },
        "tail": {
          "x": 0.022933688014745712,
          "y": 0.027733126655220985,
          "z": 0.48837873339653015
        }
      },
      "world_space": {
        "head": {
          "x": -0.0022428843658417463,
          "y": 0.06354673951864243,
          "z": 0.9516505002975464
        },
        "tail": {
          "x": 0.022933688014745712,
          "y": 0.09097712486982346,
          "z": 1.4382327795028687
        },
        "rotation_quaternion": {
          "w": 0.7259749174118042,
          "x": 0.6837425827980042,
          "y": -0.03263469785451889,
          "z": -0.06626859307289124
        },
        "matrix": [
          [
            0.9890868663787842,
            0.05159120634198189,
            -0.1380055993795395,
            -0.0022428843658417463
          ],
          [
            -0.14084650576114655,
            0.05620966851711273,
            -0.9884346127510071,
            0.06354673951864243
          ],
          [
            -0.04323771223425865,
            0.9970922470092773,
            0.06286222487688065,
            0.9516505002975464
          ],
          [
            0.0,
            0.0,
            0.0,
            1.0
          ]
        ]
      },
      "bone_length_armature_space": 0.4880046835499384,
      "parent": "Root",
      "has_children": true,
      "is_end_bone": false
    },
    "neck_01": {
      "name": "neck_01",
      "local": {
        "location": {
          "x": 0.0,
          "y": 0.0,
          "z": 0.0
        },
        "rotation_quaternion": {
          "w": 0.993790864944458,
          "x": -0.06891331076622009,
          "y": -0.08242013305425644,
          "z": -0.02894211933016777
        },
        "scale": {
          "x": 1.0,
          "y": 1.0,
          "z": 1.0
        },
        "matrix_basis": [
          [
            0.9847385287284851,
            0.06888451427221298,
            -0.15982775390148163,
            0.0
          ],
          [
            -0.046165138483047485,
            0.9888266324996948,
            0.14174166321754456,
            0.0
          ],
          [
            0.1678057461977005,
            -0.13220001757144928,
            0.9769157767295837,
            0.0
          ],
          [
            0.0,
            0.0,
            0.0,
            1.0
          ]
        ],
        "rotation_mode": "QUATERNION"
      },
      "armature_space": {
        "head": {
          "x": 0.021925020962953568,
          "y": -0.002430632710456848,
          "z": 0.5635643601417542
        },
        "tail": {
          "x": 0.030450476333498955,
          "y": -0.023554837331175804,
          "z": 0.6635235548019409
        }
      },
      "world_space": {
        "head": {
          "x": 0.021925020962953568,
          "y": 0.06081336736679077,
          "z": 1.513418436050415
        },
        "tail": {
          "x": 0.030450476333498955,
          "y": 0.039689160883426666,
          "z": 1.613377571105957
        },
        "rotation_quaternion": {
          "w": 0.62666916847229,
          "x": 0.7627338767051697,
          "y": -0.06528563797473907,
          "z": -0.14580991864204407
        },
        "matrix": [
          [
            0.948954701423645,
            0.08315786719322205,
            -0.3042526841163635,
            0.021925020962953568
          ],
          [
            -0.2823396921157837,
            -0.2060469090938568,
            -0.9369255304336548,
            0.06081336736679077
          ],
          [
            -0.14060425758361816,
            0.9750089645385742,
            -0.1720525026321411,
            1.513418436050415
          ],
          [
            0.0,
            0.0,
            0.0,
            1.0
          ]
        ]
      },
      "bone_length_armature_space": 0.10252197742751704,
      "parent": "spine_01",
      "has_children": true,
      "is_end_bone": false
    },
    "head": {
      "name": "head",
      "local": {
        "location": {
          "x": 0.0,
          "y": 0.0,
          "z": 0.0
        },
        "rotation_quaternion": {
          "w": 0.9924755096435547,
          "x": -0.04834418371319771,
          "y": -0.05617673695087433,
          "z": 0.09746512025594711
        },
        "scale": {
          "x": 1.0,
          "y": 1.0,
          "z": 1.0
        },
        "matrix_basis": [
          [
            0.9746894240379333,
            -0.1880318522453308,
            -0.12093181163072586,
            0.0
          ],
          [
            0.19889512658119202,
            0.9763267636299133,
            0.08501029014587402,
            0.0
          ],
          [
            0.10208433121442795,
            -0.10691138356924057,
            0.9890140295028687,
            0.0
          ],
          [
            0.0,
            0.0,
            0.0,
            1.0
          ]
        ],
        "rotation_mode": "QUATERNION"
      },
      "armature_space": {
        "head": {
          "x": 0.030450424179434776,
          "y": -0.02355496771633625,
          "z": 0.6635234951972961
        },
        "tail": {
          "x": 0.03535236418247223,
          "y": 0.022687463089823723,
          "z": 0.8114792704582214
        }
      },
      "world_space": {
        "head": {
          "x": 0.030450424179434776,
          "y": 0.03968903422355652,
          "z": 1.613377571105957
        },
        "tail": {
          "x": 0.03535236418247223,
          "y": 0.08593146502971649,
          "z": 1.7613332271575928
        },
        "rotation_quaternion": {
          "w": 0.7942373156547546,
          "x": 0.5803759694099426,
          "y": -0.13516360521316528,
          "z": -0.11866619437932968
        },
        "matrix": [
          [
            0.9352982640266418,
            0.03160703554749489,
            -0.35244596004486084,
            0.030450424179434776
          ],
          [
            -0.34538963437080383,
            0.2981647253036499,
            -0.8898338675498962,
            0.03968903422355652
          ],
          [
            0.07696216553449631,
            0.9539980888366699,
            0.2897908091545105,
            1.613377571105957
          ],
          [
            0.0,
            0.0,
            0.0,
            1.0
          ]
        ]
      },
      "bone_length_armature_space": 0.15509127544605358,
      "parent": "neck_01",
      "has_children": false,
      "is_end_bone": true
    },
    "upperarm_l": {
      "name": "upperarm_l",
      "local": {
        "location": {
          "x": 0.0,
          "y": 0.0,
          "z": 0.0
        },
        "rotation_quaternion": {
          "w": 0.7735574245452881,
          "x": 0.1436048001050949,
          "y": 0.4130488336086273,
          "z": 0.458668977022171
        },
        "scale": {
          "x": 1.0,
          "y": 1.0,
          "z": 1.0
        },
        "matrix_basis": [
          [
            0.23802685737609863,
            -0.5909820199012756,
            0.7707681059837341,
            0.0
          ],
          [
            0.8282451629638672,
            0.5380008816719055,
            0.1567322462797165,
            0.0
          ],
          [
            -0.5072998404502869,
            0.6010785102844238,
            0.6175366640090942,
            0.0
          ],
          [
            0.0,
            0.0,
            0.0,
            1.0
          ]
        ],
        "rotation_mode": "QUATERNION"
      },
      "armature_space": {
        "head": {
          "x": 0.1663806140422821,
          "y": -0.030487583950161934,
          "z": 0.4902668595314026
        },
        "tail": {
          "x": 0.30441176891326904,
          "y": -0.20087040960788727,
          "z": 0.6442961096763611
        }
      },
      "world_space": {
        "head": {
          "x": 0.1663806140422821,
          "y": 0.032756417989730835,
          "z": 1.4401209354400635
        },
        "tail": {
          "x": 0.30441176891326904,
          "y": -0.13762640953063965,
          "z": 1.5941500663757324
        },
        "rotation_quaternion": {
          "w": 0.3405269384384155,
          "x": 0.9012063145637512,
          "y": 0.2571508288383484,
          "z": -0.07577726989984512
        },
        "matrix": [
          [
            0.8562623858451843,
            0.5151004195213318,
            0.0385529026389122,
            0.1663806140422821
          ],
          [
            0.4118843376636505,
            -0.6358293294906616,
            -0.6527424454689026,
            0.032756417989730835
          ],
          [
            -0.31171664595603943,
            0.574801504611969,
            -0.7566043138504028,
            1.4401209354400635
          ],
          [
            0.0,
            0.0,
            0.0,
            1.0
          ]
        ]
      },
      "bone_length_armature_space": 0.26796999658567117,
      "parent": "spine_01",
      "has_children": true,
      "is_end_bone": false
    },
    "lowerarm_l": {
      "name": "lowerarm_l",
      "local": {
        "location": {
          "x": 0.0,
          "y": 0.0,
          "z": 0.0
        },
        "rotation_quaternion": {
          "w": 0.9044870138168335,
          "x": 0.4110026955604553,
          "y": 0.11389655619859695,
          "z": 0.0027945982292294502
        },
        "scale": {
          "x": 1.0,
          "y": 1.0,
          "z": 1.0
        },
        "matrix_basis": [
          [
            0.9740395545959473,
            0.08856822550296783,
            0.2083330899477005,
            0.0
          ],
          [
            0.09867893904447556,
            0.6621379256248474,
            -0.7428566217422485,
            0.0
          ],
          [
            -0.203738734126091,
            0.7441297769546509,
            0.636208713054657,
            0.0
          ],
          [
            0.0,
            0.0,
            0.0,
            1.0
          ]
        ],
        "rotation_mode": "QUATERNION"
      },
      "armature_space": {
        "head": {
          "x": 0.30441170930862427,
          "y": -0.20087052881717682,
          "z": 0.6442961692810059
        },
        "tail": {
          "x": 0.3772144019603729,
          "y": -0.4475456476211548,
          "z": 0.5706712603569031
        }
      },
      "world_space": {
        "head": {
          "x": 0.30441170930862427,
          "y": -0.1376265287399292,
          "z": 1.594150185585022
        },
        "tail": {
          "x": 0.3772144019603729,
          "y": -0.38430166244506836,
          "z": 1.5205252170562744
        },
        "rotation_quaternion": {
          "w": 0.12451892346143723,
          "x": -0.9745647311210632,
          "y": -0.1531742513179779,
          "z": 0.1060958132147789
        },
        "matrix": [
          [
            0.9305626153945923,
            0.2721347212791443,
            -0.2449408918619156,
            0.30441170930862427
          ],
          [
            0.3249785304069519,
            -0.9220656752586365,
            0.2102004885673523,
            -0.1376265287399292
          ],
          [
            -0.1686496138572693,
            -0.27520808577537537,
            -0.9464840292930603,
            1.594150185585022
          ],
          [
            0.0,
            0.0,
            0.0,
            1.0
          ]
        ]
      },
      "bone_length_armature_space": 0.26752471912949194,
      "parent": "upperarm_l",
      "has_children": true,
      "is_end_bone": false
    },
    "metacarpal_thumb_l": {
      "name": "metacarpal_thumb_l",
      "local": {
        "location": {
          "x": 0.0,
          "y": 0.0,
          "z": 0.0
        },
        "rotation_quaternion": {
          "w": 0.9997521638870239,
          "x": -0.01845437102019787,
          "y": -0.00770052894949913,
          "z": -0.009786298498511314
        },
        "scale": {
          "x": 1.0,
          "y": 1.0,
          "z": 1.0
        },
        "matrix_basis": [
          [
            0.9996898770332336,
            0.019851963967084885,
            -0.015036040917038918,
            0.0
          ],
          [
            -0.019283529371023178,
            0.9991273283958435,
            0.037050314247608185,
            0.0
          ],
          [
            0.015758441761136055,
            -0.03674887493252754,
            0.9992002844810486,
            0.0
          ],
          [
            0.0,
            0.0,
            0.0,
            1.0
          ]
        ],
        "rotation_mode": "QUATERNION"
      },
      "armature_space": {
        "head": {
          "x": 0.3772144019603729,
          "y": -0.4475456476211548,
          "z": 0.5706712603569031
        },
        "tail": {
          "x": 0.38792577385902405,
          "y": -0.4760073125362396,
          "z": 0.5315712690353394
        }
      },
      "world_space": {
        "head": {
          "x": 0.3772144019603729,
          "y": -0.38430166244506836,
          "z": 1.5205252170562744
        },
        "tail": {
          "x": 0.38792577385902405,
          "y": -0.4127632975578308,
          "z": 1.4814252853393555
        },
        "rotation_quaternion": {
          "w": 0.43400633335113525,
          "x": -0.725997805595398,
          "y": 0.15602269768714905,
          "z": -0.5101200938224792
        },
        "matrix": [
          [
            0.43087038397789,
            0.21624425053596497,
            0.8761216998100281,
            0.3772144019603729
          ],
          [
            -0.6693339347839355,
            -0.5745923519134521,
            0.47099465131759644,
            -0.38430166244506836
          ],
          [
            0.605266273021698,
            -0.7893614768981934,
            -0.10283549129962921,
            1.5205252170562744
          ],
          [
            0.0,
            0.0,
            0.0,
            1.0
          ]
        ]
      },
      "bone_length_armature_space": 0.04953391927449731,
      "parent": "lowerarm_l",
      "has_children": true,
      "is_end_bone": false
    },
    "thumb_01_l": {
      "name": "thumb_01_l",
      "local": {
        "location": {
          "x": 0.0,
          "y": 0.0,
          "z": 0.0
        },
        "rotation_quaternion": {
          "w": 0.997642457485199,
          "x": -0.0684974193572998,
          "y": -0.0035298937000334263,
          "z": -0.0022766750771552324
        },
        "scale": {
          "x": 1.0,
          "y": 1.0,
          "z": 1.0
        },
        "matrix_basis": [
          [
            0.999964714050293,
            0.005026192869991064,
            -0.006731250789016485,
            0.0
          ],
          [
            -0.004059038124978542,
            0.9906058311462402,
            0.13668793439865112,
            0.0
          ],
          [
            0.007355036213994026,
            -0.136655792593956,
            0.990591287612915,
            0.0
          ],
          [
            0.0,
            0.0,
            0.0,
            1.0
          ]
        ],
        "rotation_mode": "QUATERNION"
      },
      "armature_space": {
        "head": {
          "x": 0.38792577385902405,
          "y": -0.4760073125362396,
          "z": 0.5315712690353394
        },
        "tail": {
          "x": 0.4103773534297943,
          "y": -0.4712962806224823,
          "z": 0.5064243674278259
        }
      },
      "world_space": {
        "head": {
          "x": 0.38792577385902405,
          "y": -0.4127632975578308,
          "z": 1.4814252853393555
        },
        "tail": {
          "x": 0.4103773534297943,
          "y": -0.4080522656440735,
          "z": 1.4562783241271973
        },
        "rotation_quaternion": {
          "w": 0.5358794927597046,
          "x": -0.04005921632051468,
          "y": 0.5310686230659485,
          "z": -0.6551294326782227
        },
        "matrix": [
          [
            -0.4224536418914795,
            0.6595922708511353,
            0.6216680407524109,
            0.38792577385902405
          ],
          [
            -0.7446919083595276,
            0.1384030133485794,
            -0.6529003977775574,
            -0.4127632975578308
          ],
          [
            -0.5166927576065063,
            -0.7387761473655701,
            0.43272656202316284,
            1.4814252853393555
          ],
          [
            0.0,
            0.0,
            0.0,
            1.0
          ]
        ]
      },
      "bone_length_armature_space": 0.03403871275536934,
      "parent": "metacarpal_thumb_l",
      "has_children": true,
      "is_end_bone": false
    },
    "thumb_02_l": {
      "name": "thumb_02_l",
      "local": {
        "location": {
          "x": 0.0,
          "y": 0.0,
          "z": 0.0
        },
        "rotation_quaternion": {
          "w": 0.9985905289649963,
          "x": 0.05286987125873566,
          "y": 0.002172758337110281,
          "z": -0.004134767223149538
        },
        "scale": {
          "x": 1.0,
          "y": 1.0,
          "z": 1.0
        },
        "matrix_basis": [
          [
            0.9999563694000244,
            0.008487625978887081,
            0.0039021826814860106,
            0.0
          ],
          [
            -0.008028131909668446,
            0.9943753480911255,
            -0.10560867190361023,
            0.0
          ],
          [
            -0.00477660121396184,
            0.10557273775339127,
            0.9944000840187073,
            0.0
          ],
          [
            0.0,
            0.0,
            0.0,
            1.0
          ]
        ],
        "rotation_mode": "QUATERNION"
      },
      "armature_space": {
        "head": {
          "x": 0.4103773236274719,
          "y": -0.4712962210178375,
          "z": 0.5064244270324707
        },
        "tail": {
          "x": 0.42550235986709595,
          "y": -0.5056188702583313,
          "z": 0.49205875396728516
        }
      },
      "world_space": {
        "head": {
          "x": 0.4103773236274719,
          "y": -0.4080522060394287,
          "z": 1.4562784433364868
        },
        "tail": {
          "x": 0.42550235986709595,
          "y": -0.4423748850822449,
          "z": 1.4419127702713013
        },
        "rotation_quaternion": {
          "w": 0.13034850358963013,
          "x": 0.29069072008132935,
          "y": 0.23607730865478516,
          "z": -0.9180282354354858
        },
        "matrix": [
          [
            -0.7970166802406311,
            0.376578152179718,
            -0.4721793830394745,
            0.4103773236274719
          ],
          [
            -0.10207700729370117,
            -0.8545539379119873,
            -0.5092330574989319,
            -0.4080522060394287
          ],
          [
            -0.5952728986740112,
            -0.3576716184616089,
            0.7195380926132202,
            1.4562784433364868
          ],
          [
            0.0,
            0.0,
            0.0,
            1.0
          ]
        ]
      },
      "bone_length_armature_space": 0.0401644560415825,
      "parent": "thumb_01_l",
      "has_children": true,
      "is_end_bone": false
    },
    "thumb_03_l": {
      "name": "thumb_03_l",
      "local": {
        "location": {
          "x": 0.0,
          "y": 0.0,
          "z": 0.0
        },
        "rotation_quaternion": {
          "w": 0.995872974395752,
          "x": 0.09041209518909454,
          "y": -0.007228096481412649,
          "z": -0.0032163981813937426
        },
        "scale": {
          "x": 1.0,
          "y": 1.0,
          "z": 1.0
        },
        "matrix_basis": [
          [
            0.9998748302459717,
            0.005099233239889145,
            -0.014978134073317051,
            0.0
          ],
          [
            -0.007713262923061848,
            0.9836305975914001,
            -0.1800314337015152,
            0.0
          ],
          [
            0.013814928941428661,
            0.1801244169473648,
            0.983546793460846,
            0.0
          ],
          [
            0.0,
            0.0,
            0.0,
            1.0
          ]
        ],
        "rotation_mode": "QUATERNION"
      },
      "armature_space": {
        "head": {
          "x": 0.42550233006477356,
          "y": -0.5056188106536865,
          "z": 0.4920586943626404
        },
        "tail": {
          "x": 0.43173032999038696,
          "y": -0.5354003310203552,
          "z": 0.4931384027004242
        }
      },
      "world_space": {
        "head": {
          "x": 0.42550233006477356,
          "y": -0.4423748254776001,
          "z": 1.4419126510620117
        },
        "tail": {
          "x": 0.43173032999038696,
          "y": -0.4721563458442688,
          "z": 1.4429924488067627
        },
        "rotation_quaternion": {
          "w": 0.09796524047851562,
          "x": 0.4976416528224945,
          "y": 0.036023885011672974,
          "z": -0.8610795140266418
        },
        "matrix": [
          [
            -0.4855112135410309,
            0.20456592738628387,
            -0.8499598503112793,
            0.42550233006477356
          ],
          [
            -0.1328582763671875,
            -0.9782102704048157,
            -0.15954212844371796,
            -0.4423748254776001
          ],
          [
            -0.8640823364257812,
            0.035464148968458176,
            0.5021135807037354,
            1.4419126510620117
          ],
          [
            0.0,
            0.0,
            0.0,
            1.0
          ]
        ]
      },
      "bone_length_armature_space": 0.03044491249330814,
      "parent": "thumb_02_l",
      "has_children": false,
      "is_end_bone": true
    },
    "metacarpal_index_l": {
      "name": "metacarpal_index_l",
      "local": {
        "location": {
          "x": 0.0,
          "y": 0.0,
          "z": 0.0
        },
        "rotation_quaternion": {
          "w": 0.9997117519378662,
          "x": -0.009022108279168606,
          "y": 0.020649157464504242,
          "z": 0.008284404873847961
        },
        "scale": {
          "x": 1.0,
          "y": 1.0,
          "z": 1.0
        },
        "matrix_basis": [
          [
            0.9990099668502808,
            -0.016936631873250008,
            0.04113692417740822,
            0.0
          ],
          [
            0.01619143597781658,
            0.9996999502182007,
            0.0183811467140913,
            0.0
          ],
          [
            -0.04143589735031128,
            -0.017696883529424667,
            0.9989844560623169,
            0.0
          ],
          [
            0.0,
            0.0,
            0.0,
            1.0
          ]
        ],
        "rotation_mode": "QUATERNION"
      },
      "armature_space": {
        "head": {
          "x": 0.3772144019603729,
          "y": -0.4475456476211548,
          "z": 0.5706712603569031
        },
        "tail": {
          "x": 0.4015367031097412,
          "y": -0.5416694283485413,
          "z": 0.5052616000175476
        }
      },
      "world_space": {
        "head": {
          "x": 0.3772144019603729,
          "y": -0.38430166244506836,
          "z": 1.5205252170562744
        },
        "tail": {
          "x": 0.4015367031097412,
          "y": -0.47842544317245483,
          "z": 1.455115556716919
        },
        "rotation_quaternion": {
          "w": 0.3136054575443268,
          "x": -0.8881480097770691,
          "y": 0.0017526154406368732,
          "z": -0.3359188735485077
        },
        "matrix": [
          [
            0.7743114233016968,
            0.20757821202278137,
            0.5977903008460999,
            0.3772144019603729
          ],
          [
            -0.2138044834136963,
            -0.8032978773117065,
            0.5558779835700989,
            -0.38430166244506836
          ],
          [
            0.5955957770347595,
            -0.558237612247467,
            -0.577625036239624,
            1.5205252170562744
          ],
          [
            0.0,
            0.0,
            0.0,
            1.0
          ]
        ]
      },
      "bone_length_armature_space": 0.11717202809638935,
      "parent": "lowerarm_l",
      "has_children": true,
      "is_end_bone": false
    },
    "index_01_l": {
      "name": "index_01_l",
      "local": {
        "location": {
          "x": 0.0,
          "y": 0.0,
          "z": 0.0
        },
        "rotation_quaternion": {
          "w": 0.9965774416923523,
          "x": -0.08024421334266663,
          "y": -0.01971953548491001,
          "z": -0.0023254225961863995
        },
        "scale": {
          "x": 1.0,
          "y": 1.0,
          "z": 1.0
        },
        "matrix_basis": [
          [
            0.9992114901542664,
            0.007799684535712004,
            -0.03893088549375534,
            0.0
          ],
          [
            -0.0014701702166348696,
            0.9871109127998352,
            0.16003085672855377,
            0.0
          ],
          [
            0.03967729210853577,
            -0.1598474383354187,
            0.986344039440155,
            0.0
          ],
          [
            0.0,
            0.0,
            0.0,
            1.0
          ]
        ],
        "rotation_mode": "QUATERNION"
      },
      "armature_space": {
        "head": {
          "x": 0.4015367031097412,
          "y": -0.5416694283485413,
          "z": 0.5052616000175476
        },
        "tail": {
          "x": 0.4093555808067322,
          "y": -0.568834662437439,
          "z": 0.5015220642089844
        }
      },
      "world_space": {
        "head": {
          "x": 0.4015367031097412,
          "y": -0.47842544317245483,
          "z": 1.455115556716919
        },
        "tail": {
          "x": 0.4093555808067322,
          "y": -0.5055906772613525,
          "z": 1.4513760805130005
        },
        "rotation_quaternion": {
          "w": 0.11596342921257019,
          "x": -0.9070139527320862,
          "y": -0.10104098916053772,
          "z": -0.39200636744499207
        },
        "matrix": [
          [
            0.6722437739372253,
            0.2742078900337219,
            0.687676191329956,
            0.4015367031097412
          ],
          [
            0.09237491339445114,
            -0.952686607837677,
            0.2895779311656952,
            -0.47842544317245483
          ],
          [
            0.7345496416091919,
            -0.13114476203918457,
            -0.6657718420028687,
            1.455115556716919
          ],
          [
            0.0,
            0.0,
            0.0,
            1.0
          ]
        ]
      },
      "bone_length_armature_space": 0.028514362940040134,
      "parent": "metacarpal_index_l",
      "has_children": true,
      "is_end_bone": false
    },
    "index_02_l": {
      "name": "index_02_l",
      "local": {
        "location": {
          "x": 0.0,
          "y": 0.0,
          "z": 0.0
        },
        "rotation_quaternion": {
          "w": 0.9972514510154724,
          "x": 0.07305149734020233,
          "y": 0.011446156539022923,
          "z": -0.004688039422035217
        },
        "scale": {
          "x": 1.0,
          "y": 1.0,
          "z": 1.0
        },
        "matrix_basis": [
          [
            0.9996939897537231,
            0.011022626422345638,
            0.022144455462694168,
            0.0
          ],
          [
            -0.007677990477532148,
            0.98928302526474,
            -0.14580874145030975,
            0.0
          ],
          [
            -0.02351432852447033,
            0.14559410512447357,
            0.9890649318695068,
            0.0
          ],
          [
            0.0,
            0.0,
            0.0,
            1.0
          ]
        ],
        "rotation_mode": "QUATERNION"
      },
      "armature_space": {
        "head": {
          "x": 0.4093557298183441,
          "y": -0.5688349604606628,
          "z": 0.501521646976471
        },
        "tail": {
          "x": 0.41887056827545166,
          "y": -0.5922020673751831,
          "z": 0.4968809187412262
        }
      },
      "world_space": {
        "head": {
          "x": 0.4093557298183441,
          "y": -0.5055909752845764,
          "z": 1.4513757228851318
        },
        "tail": {
          "x": 0.41887056827545166,
          "y": -0.5289580821990967,
          "z": 1.44673490524292
        },
        "rotation_quaternion": {
          "w": 0.1570548564195633,
          "x": -0.9058107137680054,
          "y": -0.1410408914089203,
          "z": -0.3673528730869293
        },
        "matrix": [
          [
            0.6903190016746521,
            0.370901882648468,
            0.6212018132209778,
            0.4093557298183441
          ],
          [
            0.14012426137924194,
            -0.9108825325965881,
            0.38814717531204224,
            -0.5055909752845764
          ],
          [
            0.7098116278648376,
            -0.18090206384658813,
            -0.6807762384414673,
            1.4513757228851318
          ],
          [
            0.0,
            0.0,
            0.0,
            1.0
          ]
        ]
      },
      "bone_length_armature_space": 0.025653268531211533,
      "parent": "index_01_l",
      "has_children": true,
      "is_end_bone": false
    },
    "index_03_l": {
      "name": "index_03_l",
      "local": {
        "location": {
          "x": 0.0,
          "y": 0.0,
          "z": 0.0
        },
        "rotation_quaternion": {
          "w": 0.9993718862533569,
          "x": 0.03538891673088074,
          "y": 0.0005061232368461788,
          "z": 0.0017964625731110573
        },
        "scale": {
          "x": 1.0,
          "y": 1.0,
          "z": 1.0
        },
        "matrix_basis": [
          [
            0.9999930262565613,
            -0.0035548461601138115,
            0.0011387603590264916,
            0.0
          ],
          [
            0.0036264907103031874,
            0.997488796710968,
            -0.07073155790567398,
            0.0
          ],
          [
            -0.0008844609255902469,
            0.07073519378900528,
            0.9974947571754456,
            0.0
          ],
          [
            0.0,
            0.0,
            0.0,
            1.0
          ]
        ],
        "rotation_mode": "QUATERNION"
      },
      "armature_space": {
        "head": {
          "x": 0.4188704490661621,
          "y": -0.5922021269798279,
          "z": 0.49688100814819336
        },
        "tail": {
          "x": 0.43424907326698303,
          "y": -0.6161959171295166,
          "z": 0.4904367923736572
        }
      },
      "world_space": {
        "head": {
          "x": 0.4188704490661621,
          "y": -0.5289581418037415,
          "z": 1.4467350244522095
        },
        "tail": {
          "x": 0.43424907326698303,
          "y": -0.5529519319534302,
          "z": 1.4402908086776733
        },
        "rotation_quaternion": {
          "w": 0.2186933010816574,
          "x": -0.8699324727058411,
          "y": -0.20391987264156342,
          "z": -0.3921830356121063
        },
        "matrix": [
          [
            0.6092185974121094,
            0.5263287425041199,
            0.5931532979011536,
            0.4188704490661621
          ],
          [
            0.18325835466384888,
            -0.8211798667907715,
            0.5404442548751831,
            -0.5289581418037415
          ],
          [
            0.7715426683425903,
            -0.22055073082447052,
            -0.5967358946800232,
            1.4467350244522095
          ],
          [
            0.0,
            0.0,
            0.0,
            1.0
          ]
        ]
      },
      "bone_length_armature_space": 0.02921869151079203,
      "parent": "index_02_l",
      "has_children": false,
      "is_end_bone": true
    },
    "metacarpal_pinky_l": {
      "name": "metacarpal_pinky_l",
      "local": {
        "location": {
          "x": 0.0,
          "y": 0.0,
          "z": 0.0
        },
        "rotation_quaternion": {
          "w": 0.9985655546188354,
          "x": -0.052490416914224625,
          "y": -0.010504488833248615,
          "z": 0.0011824328685179353
        },
        "scale": {
          "x": 1.0,
          "y": 1.0,
          "z": 1.0
        },
        "matrix_basis": [
          [
            0.9997765421867371,
            -0.001258703414350748,
            -0.02110297419130802,
            0.0
          ],
          [
            0.0034642433747649193,
            0.9944866895675659,
            0.10480540245771408,
            0.0
          ],
          [
            0.020854707807302475,
            -0.10485508292913437,
            0.9942688345909119,
            0.0
          ],
          [
            0.0,
            0.0,
            0.0,
            1.0
          ]
        ],
        "rotation_mode": "QUATERNION"
      },
      "armature_space": {
        "head": {
          "x": 0.3772144019603729,
          "y": -0.4475456476211548,
          "z": 0.5706712603569031
        },
        "tail": {
          "x": 0.4224781095981598,
          "y": -0.5412486791610718,
          "z": 0.5744335651397705
        }
      },
      "world_space": {
        "head": {
          "x": 0.3772144019603729,
          "y": -0.38430166244506836,
          "z": 1.5205252170562744
        },
        "tail": {
          "x": 0.4224781095981598,
          "y": -0.47800469398498535,
          "z": 1.5242875814437866
        },
        "rotation_quaternion": {
          "w": 0.16440190374851227,
          "x": 0.7182229161262512,
          "y": 0.15179695188999176,
          "z": -0.6588517427444458
        },
        "matrix": [
          [
            0.08574394881725311,
            0.43468135595321655,
            -0.8964933156967163,
            0.3772144019603729
          ],
          [
            0.0014148182235658169,
            -0.8998593688011169,
            -0.4361782670021057,
            -0.38430166244506836
          ],
          [
            -0.9963233470916748,
            0.03613058105111122,
            -0.07777347415685654,
            1.5205252170562744
          ],
          [
            0.0,
            0.0,
            0.0,
            1.0
          ]
        ]
      },
      "bone_length_armature_space": 0.10413076382170369,
      "parent": "lowerarm_l",
      "has_children": true,
      "is_end_bone": false
    },
    "pinky_01_l": {
      "name": "pinky_01_l",
      "local": {
        "location": {
          "x": 0.0,
          "y": 0.0,
          "z": 0.0
        },
        "rotation_quaternion": {
          "w": 0.996900200843811,
          "x": -0.07651378959417343,
          "y": -0.003498004050925374,
          "z": -0.017984554171562195
        },
        "scale": {
          "x": 1.0,
          "y": 1.0,
          "z": 1.0
        },
        "matrix_basis": [
          [
            0.99932861328125,
            0.036392901092767715,
            -0.004222189076244831,
            0.0
          ],
          [
            -0.035322319716215134,
            0.987644374370575,
            0.15267904102802277,
            0.0
          ],
          [
            0.009726454503834248,
            -0.15242740511894226,
            0.9882668256759644,
            0.0
          ],
          [
            0.0,
            0.0,
            0.0,
            1.0
          ]
        ],
        "rotation_mode": "QUATERNION"
      },
      "armature_space": {
        "head": {
          "x": 0.4224781095981598,
          "y": -0.5412486791610718,
          "z": 0.5744335651397705
        },
        "tail": {
