{
  "metadata": {
    "armature_name": "KIM_caucasian_male",
    "export_time": "2026-01-13T21:08:14.136531",
    "blender_version": "4.4.1",
    "bone_count": 56,
    "end_bone_count": 13,
    "spaces_included": [
      "LOCAL_CHANNELS",
      "ARMATURE_SPACE",
      "WORLD_SPACE"
    ],
    "note": "LOCAL matches Transform panel; replay pose via local.matrix_basis for best fidelity."
  },
  "bones": {
    "Root": {
      "name": "Root",
      "local": {
        "location": {
          "x": 0.0,
          "y": 0.0,
          "z": 0.0
        },
        "rotation_quaternion": {
          "w": 0.9999128580093384,
          "x": -0.009210391901433468,
          "y": -0.00527215376496315,
          "z": 0.007864098995923996
        },
        "scale": {
          "x": 1.0,
          "y": 1.0,
          "z": 1.0
        },
        "matrix_basis": [
          [
            0.9998207092285156,
            -0.015629710629582405,
            -0.010688251815736294,
            0.0
          ],
          [
            0.01582394540309906,
            0.9997066259384155,
            0.018336256965994835,
            0.0
          ],
          [
            0.01039852574467659,
            -0.018502099439501762,
            0.9997747540473938,
            0.0
          ],
          [
            0.0,
            0.0,
            0.0,
            1.0
          ]
        ],
        "rotation_mode": "QUATERNION"
      },
      "armature_space": {
        "head": {
          "x": 0.0,
          "y": 0.07072800397872925,
          "z": -0.009595036506652832
        },
        "tail": {
          "x": -0.0011155841639265418,
          "y": 0.00019828230142593384,
          "z": 0.0013058101758360863
        }
      },
      "world_space": {
        "head": {
          "x": 0.0,
          "y": 0.13397200405597687,
          "z": 0.9402589797973633
        },
        "tail": {
          "x": -0.0011155841639265418,
          "y": 0.06344228237867355,
          "z": 0.9511598348617554
        },
        "rotation_quaternion": {
          "w": 0.07655125111341476,
          "x": 0.9970207214355469,
          "y": -0.008201408199965954,
          "z": -0.00473038898780942
        },
        "matrix": [
          [
            0.9998207092285156,
            -0.015629710629582405,
            -0.010688251815736294,
            0.0
          ],
          [
            -0.017078185454010963,
            -0.9881452322006226,
            -0.1525692343711853,
            0.13397200405597687
          ],
          [
            -0.008177005685865879,
            0.15272453427314758,
            -0.9882420301437378,
            0.9402589797973633
          ],
          [
            0.0,
            0.0,
            0.0,
            1.0
          ]
        ]
      },
      "bone_length_armature_space": 0.07137586839732996,
      "parent": null,
      "has_children": true,
      "is_end_bone": false
    },
    "spine_01": {
      "name": "spine_01",
      "local": {
        "location": {
          "x": 0.0,
          "y": 0.0,
          "z": 0.0
        },
        "rotation_quaternion": {
          "w": 0.9921519756317139,
          "x": 0.10813388973474503,
          "y": 0.019157707691192627,
          "z": -0.059787072241306305
        },
        "scale": {
          "x": 1.0,
          "y": 1.0,
          "z": 1.0
        },
        "matrix_basis": [
          [
            0.9921169877052307,
            0.12277891486883163,
            0.02508469857275486,
            0.0
          ],
          [
            -0.11449252814054489,
            0.9694651365280151,
            -0.2168612778186798,
            0.0
          ],
          [
            -0.0509447306394577,
            0.21227973699569702,
            0.9758800864219666,
            0.0
          ],
          [
            0.0,
            0.0,
            0.0,
            1.0
          ]
        ],
        "rotation_mode": "QUATERNION"
      },
      "armature_space": {
        "head": {
          "x": -0.0011155841639265418,
          "y": 0.00019828230142593384,
          "z": 0.0013058101758360863
        },
        "tail": {
          "x": 0.06146620959043503,
          "y": -0.07340723276138306,
          "z": 0.47965097427368164
        }
      },
      "world_space": {
        "head": {
          "x": -0.0011155841639265418,
          "y": 0.06344228237867355,
          "z": 0.9511598348617554
        },
        "tail": {
          "x": 0.06146620959043503,
          "y": -0.010163232684135437,
          "z": 1.4295049905776978
        },
        "rotation_quaternion": {
          "w": 0.6495990753173828,
          "x": 0.757548987865448,
          "y": 0.051045577973127365,
          "z": -0.03917950391769409
        },
        "matrix": [
          [
            0.9917186498641968,
            0.12824106216430664,
            0.006958337500691414,
            -0.0011155841639265418
          ],
          [
            0.02643788978457451,
            -0.15083059668540955,
            -0.9882060885429382,
            0.06344228237867355
          ],
          [
            -0.12567992508411407,
            0.9802130460739136,
            -0.15297392010688782,
            0.9511598348617554
          ],
          [
            0.0,
            0.0,
            0.0,
            1.0
          ]
        ]
      },
      "bone_length_armature_space": 0.4880044543594194,
      "parent": "Root",
      "has_children": true,
      "is_end_bone": false
    },
    "neck_01": {
      "name": "neck_01",
      "local": {
        "location": {
          "x": 0.0,
          "y": 0.0,
          "z": 0.0
        },
        "rotation_quaternion": {
          "w": 0.9870747923851013,
          "x": -0.14845488965511322,
          "y": -0.023381736129522324,
          "z": 0.05565764009952545
        },
        "scale": {
          "x": 1.0,
          "y": 1.0,
          "z": 1.0
        },
        "matrix_basis": [
          [
            0.992711067199707,
            -0.10293424129486084,
            -0.06268434226512909,
            0.0
          ],
          [
            0.11681877076625824,
            0.9497267603874207,
            0.2904694080352783,
            0.0
          ],
          [
            0.029633747413754463,
            -0.2956748902797699,
            0.9548288583755493,
            0.0
          ],
          [
            0.0,
            0.0,
            0.0,
            1.0
          ]
        ],
        "rotation_mode": "QUATERNION"
      },
      "armature_space": {
        "head": {
          "x": 0.07109714299440384,
          "y": -0.11872224509716034,
          "z": 0.5461154580116272
        },
        "tail": {
          "x": 0.07377420365810394,
          "y": -0.14315001666545868,
          "z": 0.645648717880249
        }
      },
      "world_space": {
        "head": {
          "x": 0.07109714299440384,
          "y": -0.05547824501991272,
          "z": 1.495969533920288
        },
        "tail": {
          "x": 0.07377420365810394,
          "y": -0.07990601658821106,
          "z": 1.5955027341842651
        },
        "rotation_quaternion": {
          "w": 0.6170438528060913,
          "x": 0.7860634922981262,
          "y": -0.011027311906218529,
          "z": -0.03520704060792923
        },
        "matrix": [
          [
            0.9972777962684631,
            0.026112230494618416,
            -0.06895840167999268,
            0.07109714299440384
          ],
          [
            -0.06078473478555679,
            -0.23827007412910461,
            -0.9692950248718262,
            -0.05547824501991272
          ],
          [
            -0.04174153506755829,
            0.9708544015884399,
            -0.23603686690330505,
            1.495969533920288
          ],
          [
            0.0,
            0.0,
            0.0,
            1.0
          ]
        ]
      },
      "bone_length_armature_space": 0.1025219588467515,
      "parent": "spine_01",
      "has_children": true,
      "is_end_bone": false
    },
    "head": {
      "name": "head",
      "local": {
        "location": {
          "x": 0.0,
          "y": 0.0,
          "z": 0.0
        },
        "rotation_quaternion": {
          "w": 0.9909567832946777,
          "x": -0.07288754731416702,
          "y": -0.04267042502760887,
          "z": -0.10426636040210724
        },
        "scale": {
          "x": 1.0,
          "y": 1.0,
          "z": 1.0
        },
        "matrix_basis": [
          [
            0.9746155142784119,
            0.21286720037460327,
            -0.06936965882778168,
            0.0
          ],
          [
            -0.2004266232252121,
            0.9676318764686584,
            0.15335500240325928,
            0.0
          ],
          [
            0.09976853430271149,
            -0.13555863499641418,
            0.9857332706451416,
            0.0
          ],
          [
            0.0,
            0.0,
            0.0,
            1.0
          ]
        ],
        "rotation_mode": "QUATERNION"
      },
      "armature_space": {
        "head": {
          "x": 0.07377419620752335,
          "y": -0.14315015077590942,
          "z": 0.6456485986709595
        },
        "tail": {
          "x": 0.11521016061306,
          "y": -0.10519416630268097,
          "z": 0.7902020215988159
        }
      },
      "world_space": {
        "head": {
          "x": 0.07377419620752335,
          "y": -0.0799061506986618,
          "z": 1.5955026149749756
        },
        "tail": {
          "x": 0.11521016061306,
          "y": -0.04195016622543335,
          "z": 1.740056037902832
        },
        "rotation_quaternion": {
          "w": 0.7881802916526794,
          "x": 0.5974312424659729,
          "y": 0.03375010937452316,
          "z": -0.1439051330089569
        },
        "matrix": [
          [
            0.9563043713569641,
            0.26717332005500793,
            -0.11874592304229736,
            0.07377419620752335
          ],
          [
            -0.18652121722698212,
            0.24473489820957184,
            -0.9514804482460022,
            -0.0799061506986618
          ],
          [
            -0.22515064477920532,
            0.9320601224899292,
            0.2838755249977112,
            1.5955026149749756
          ],
          [
            0.0,
            0.0,
            0.0,
            1.0
          ]
        ]
      },
      "bone_length_armature_space": 0.15509122302547423,
      "parent": "neck_01",
      "has_children": false,
      "is_end_bone": true
    },
    "upperarm_l": {
      "name": "upperarm_l",
      "local": {
        "location": {
          "x": 0.0,
          "y": 0.0,
          "z": 0.0
        },
        "rotation_quaternion": {
          "w": 0.9247901439666748,
          "x": 0.12258365750312805,
          "y": 0.3546161949634552,
          "z": -0.06311774998903275
        },
        "scale": {
          "x": 1.0,
          "y": 1.0,
          "z": 1.0
        },
        "matrix_basis": [
          [
            0.7405270338058472,
            0.20368164777755737,
            0.6404167413711548,
            0.0
          ],
          [
            -0.02980104647576809,
            0.9619787931442261,
            -0.27149346470832825,
            0.0
          ],
          [
            -0.6713655591011047,
            0.18196316063404083,
            0.7184411883354187,
            0.0
          ],
          [
            0.0,
            0.0,
            0.0,
            1.0
          ]
        ],
        "rotation_mode": "QUATERNION"
      },
      "armature_space": {
        "head": {
          "x": 0.21125833690166473,
          "y": -0.10777109116315842,
          "z": 0.4608977138996124
        },
        "tail": {
          "x": 0.459659606218338,
          "y": -0.1285548359155655,
          "z": 0.362548291683197
        }
      },
      "world_space": {
        "head": {
          "x": 0.21125833690166473,
          "y": -0.0445270910859108,
          "z": 1.4107517004013062
        },
        "tail": {
          "x": 0.459659606218338,
          "y": -0.06531083583831787,
          "z": 1.3124022483825684
        },
        "rotation_quaternion": {
          "w": 0.09655340760946274,
          "x": 0.637122631072998,
          "y": 0.6722341775894165,
          "z": -0.3644908368587494
        },
        "matrix": [
          [
            -0.16950245201587677,
            0.9269761443138123,
            -0.33464038372039795,
            0.21125833690166473
          ],
          [
            0.786206841468811,
            -0.07756014168262482,
            -0.6130771040916443,
            -0.0445270910859108
          ],
          [
            -0.5942660570144653,
            -0.36701729893684387,
            -0.7156538367271423,
            1.4107517004013062
          ],
          [
            0.0,
            0.0,
            0.0,
            1.0
          ]
        ]
      },
      "bone_length_armature_space": 0.26796970616627425,
      "parent": "spine_01",
      "has_children": true,
      "is_end_bone": false
    },
    "lowerarm_l": {
      "name": "lowerarm_l",
      "local": {
        "location": {
          "x": 0.0,
          "y": 0.0,
          "z": 0.0
        },
        "rotation_quaternion": {
          "w": 0.858808696269989,
          "x": 0.4093138873577118,
          "y": -0.2624463737010956,
          "z": 0.16134341061115265
        },
        "scale": {
          "x": 1.0,
          "y": 1.0,
          "z": 1.0
        },
        "matrix_basis": [
          [
            0.8101804256439209,
            -0.4919721484184265,
            -0.31870225071907043,
            0.0
          ],
          [
            0.062280356884002686,
            0.612860918045044,
            -0.7877326607704163,
            0.0
          ],
          [
            0.5828626751899719,
            0.6183566451072693,
            0.5271680951118469,
            0.0
          ],
          [
            0.0,
            0.0,
            0.0,
            1.0
          ]
        ],
        "rotation_mode": "QUATERNION"
      },
      "armature_space": {
        "head": {
          "x": 0.4596596956253052,
          "y": -0.12855497002601624,
          "z": 0.362548291683197
        },
        "tail": {
          "x": 0.5580067038536072,
          "y": -0.3678168058395386,
          "z": 0.29434943199157715
        }
      },
      "world_space": {
        "head": {
          "x": 0.4596596956253052,
          "y": -0.06531096994876862,
          "z": 1.3124022483825684
        },
        "tail": {
          "x": 0.5580067038536072,
          "y": -0.30457282066345215,
          "z": 1.2442034482955933
        },
        "rotation_quaternion": {
          "w": 0.07456307113170624,
          "x": 0.5765784382820129,
          "y": 0.21740125119686127,
          "z": -0.7840500473976135
        },
        "matrix": [
          [
            -0.3239959180355072,
            0.3676187992095947,
            -0.8717125058174133,
            0.4596596956253052
          ],
          [
            0.13377457857131958,
            -0.8943549394607544,
            -0.4268885850906372,
            -0.06531096994876862
          ],
          [
            -0.9365593194961548,
            -0.2549257278442383,
            0.24059060215950012,
            1.3124022483825684
          ],
          [
            0.0,
            0.0,
            0.0,
            1.0
          ]
        ]
      },
      "bone_length_armature_space": 0.26752466342935777,
      "parent": "upperarm_l",
      "has_children": true,
      "is_end_bone": false
    },
    "metacarpal_thumb_l": {
      "name": "metacarpal_thumb_l",
      "local": {
        "location": {
          "x": 0.0,
          "y": 0.0,
          "z": 0.0
        },
        "rotation_quaternion": {
          "w": 0.9998605251312256,
          "x": -0.010155306197702885,
          "y": 0.004281666595488787,
          "z": 0.012557009235024452
        },
        "scale": {
          "x": 1.0,
          "y": 1.0,
          "z": 1.0
        },
        "matrix_basis": [
          [
            0.9996479749679565,
            -0.025197479873895645,
            0.008307098411023617,
            0.0
          ],
          [
            0.025023551657795906,
            0.9994783997535706,
            0.020415309816598892,
            0.0
          ],
          [
            -0.008817179128527641,
            -0.020200248807668686,
            0.9997570514678955,
            0.0
          ],
          [
            0.0,
            0.0,
            0.0,
            1.0
          ]
        ],
        "rotation_mode": "QUATERNION"
      },
      "armature_space": {
        "head": {
          "x": 0.5580067038536072,
          "y": -0.3678168058395386,
          "z": 0.29434943199157715
        },
        "tail": {
          "x": 0.5432697534561157,
          "y": -0.41403642296791077,
          "z": 0.28434163331985474
        }
      },
      "world_space": {
        "head": {
          "x": 0.5580067038536072,
          "y": -0.30457282066345215,
          "z": 1.2442034482955933
        },
        "tail": {
          "x": 0.5432697534561157,
          "y": -0.35079240798950195,
          "z": 1.2341957092285156
        },
        "rotation_quaternion": {
          "w": 0.13052530586719513,
          "x": -0.9638981819152832,
          "y": 0.12812405824661255,
          "z": 0.1935141533613205
        },
        "matrix": [
          [
            0.8922728896141052,
            -0.2975141108036041,
            -0.3396085798740387,
            0.5580067038536072
          ],
          [
            -0.196480393409729,
            -0.9330947995185852,
            0.3012135326862335,
            -0.30457282066345215
          ],
          [
            -0.40650540590286255,
            -0.20204052329063416,
            -0.891037106513977,
            1.2442034482955933
          ],
          [
            0.0,
            0.0,
            0.0,
            1.0
          ]
        ]
      },
      "bone_length_armature_space": 0.04953369350652856,
      "parent": "lowerarm_l",
      "has_children": true,
      "is_end_bone": false
    },
    "thumb_01_l": {
      "name": "thumb_01_l",
      "local": {
        "location": {
          "x": 0.0,
          "y": 0.0,
          "z": 0.0
        },
        "rotation_quaternion": {
          "w": 0.996914267539978,
          "x": -0.07747400552034378,
          "y": -0.010305430740118027,
          "z": 0.007311375346034765
        },
        "scale": {
          "x": 1.0,
          "y": 1.0,
          "z": 1.0
        },
        "matrix_basis": [
          [
            0.9996806979179382,
            -0.01298082247376442,
            -0.02168014459311962,
            0.0
          ],
          [
            0.01617443561553955,
            0.9878886342048645,
            0.1543191820383072,
            0.0
          ],
          [
            0.019414378330111504,
            -0.15462057292461395,
            0.9877831339836121,
            0.0
          ],
          [
            0.0,
            0.0,
            0.0,
            1.0
          ]
        ],
        "rotation_mode": "QUATERNION"
      },
      "armature_space": {
        "head": {
          "x": 0.5432697534561157,
          "y": -0.41403642296791077,
          "z": 0.28434163331985474
        },
        "tail": {
          "x": 0.5201935172080994,
          "y": -0.42474663257598877,
          "z": 0.2617272138595581
        }
      },
      "world_space": {
        "head": {
          "x": 0.5432697534561157,
          "y": -0.35079240798950195,
          "z": 1.2341957092285156
        },
        "tail": {
          "x": 0.5201935172080994,
          "y": -0.36150264739990234,
          "z": 1.2115812301635742
        },
        "rotation_quaternion": {
          "w": 0.13762055337429047,
          "x": -0.6962355971336365,
          "y": 0.5689772367477417,
          "z": -0.41542935371398926
        },
        "matrix": [
          [
            0.007363960146903992,
            -0.6779428124427795,
            0.7350775599479675,
            0.5432697534561157
          ],
          [
            -0.9066272974014282,
            -0.31464919447898865,
            -0.28111016750335693,
            -0.35079240798950195
          ],
          [
            0.42187032103538513,
            -0.664376437664032,
            -0.6169632077217102,
            1.2341957092285156
          ],
          [
            0.0,
            0.0,
            0.0,
            1.0
          ]
        ]
      },
      "bone_length_armature_space": 0.03403870220119635,
      "parent": "metacarpal_thumb_l",
      "has_children": true,
      "is_end_bone": false
    },
    "thumb_02_l": {
      "name": "thumb_02_l",
      "local": {
        "location": {
          "x": 0.0,
          "y": 0.0,
          "z": 0.0
        },
        "rotation_quaternion": {
          "w": 0.995549738407135,
          "x": 0.09403261542320251,
          "y": -4.9829955969471484e-05,
          "z": 0.006221930496394634
        },
        "scale": {
          "x": 1.0,
          "y": 1.0,
          "z": 1.0
        },
        "matrix_basis": [
          [
            0.9999225735664368,
            -0.012397853657603264,
            0.0010709123453125358,
            0.0
          ],
          [
            0.012379111722111702,
            0.9822382926940918,
            -0.18722891807556152,
            0.0
          ],
          [
            0.0012693451717495918,
            0.18722766637802124,
            0.982315719127655,
            0.0
          ],
          [
            0.0,
            0.0,
            0.0,
            1.0
          ]
        ],
        "rotation_mode": "QUATERNION"
      },
      "armature_space": {
        "head": {
          "x": 0.5201935172080994,
          "y": -0.4247466027736664,
          "z": 0.2617272138595581
        },
        "tail": {
          "x": 0.5317100882530212,
          "y": -0.46053454279899597,
          "z": 0.2475930005311966
        }
      },
      "world_space": {
        "head": {
          "x": 0.5201935172080994,
          "y": -0.36150258779525757,
          "z": 1.2115812301635742
        },
        "tail": {
          "x": 0.5317100882530212,
          "y": -0.39729052782058716,
          "z": 1.1974470615386963
        },
        "rotation_quaternion": {
          "w": 0.2185668796300888,
          "x": -0.490318238735199,
          "y": 0.08191673457622528,
          "z": -0.8397060036659241
        },
        "matrix": [
          [
            -0.42363280057907104,
            0.2867352068424225,
            0.8592542409896851,
            0.5201935172080994
          ],
          [
            -0.44739457964897156,
            -0.8910360932350159,
            0.07676480710506439,
            -0.36150258779525757
          ],
          [
            0.7876430153846741,
            -0.35190898180007935,
            0.5057595372200012,
            1.2115812301635742
          ],
          [
            0.0,
            0.0,
            0.0,
            1.0
          ]
        ]
      },
      "bone_length_armature_space": 0.04016446292543935,
      "parent": "thumb_01_l",
      "has_children": true,
      "is_end_bone": false
    },
    "thumb_03_l": {
      "name": "thumb_03_l",
      "local": {
        "location": {
          "x": 0.0,
          "y": 0.0,
          "z": 0.0
        },
        "rotation_quaternion": {
          "w": 0.9954833984375,
          "x": 0.09474391490221024,
          "y": -0.004787561949342489,
          "z": -0.0036885705776512623
        },
        "scale": {
          "x": 1.0,
          "y": 1.0,
          "z": 1.0
        },
        "matrix_basis": [
          [
            0.9999269247055054,
            0.006436636671423912,
            -0.010230815969407558,
            0.0
          ],
          [
            -0.008251006714999676,
            0.9820199608802795,
            -0.1885966658592224,
            0.0
          ],
          [
            0.00883293803781271,
            0.18866731226444244,
            0.9820013642311096,
            0.0
          ],
          [
            0.0,
            0.0,
            0.0,
            1.0
          ]
        ],
        "rotation_mode": "QUATERNION"
      },
      "armature_space": {
        "head": {
          "x": 0.5317099690437317,
          "y": -0.4605345129966736,
          "z": 0.24759303033351898
        },
        "tail": {
          "x": 0.5519205927848816,
          "y": -0.4827827513217926,
          "z": 0.24275170266628265
        }
      },
      "world_space": {
        "head": {
          "x": 0.5317099690437317,
          "y": -0.39729052782058716,
          "z": 1.1974470615386963
        },
        "tail": {
          "x": 0.5519205927848816,
          "y": -0.4195387363433838,
          "z": 1.19260573387146
        },
        "rotation_quaternion": {
          "w": 0.3665630519390106,
          "x": -0.25515854358673096,
          "y": -0.015674583613872528,
          "z": -0.8945837020874023
        },
        "matrix": [
          [
            -0.6010507345199585,
            0.6638423204421997,
            0.4450293779373169,
            0.5317099690437317
          ],
          [
            -0.647843599319458,
            -0.7307711839675903,
            0.21510955691337585,
            -0.39729052782058716
          ],
          [
            0.46801629662513733,
            -0.15901947021484375,
            0.8693031072616577,
            1.1974470615386963
          ],
          [
            0.0,
            0.0,
            0.0,
            1.0
          ]
        ]
      },
      "bone_length_armature_space": 0.030444898904617587,
      "parent": "thumb_02_l",
      "has_children": false,
      "is_end_bone": true
    },
    "metacarpal_index_l": {
      "name": "metacarpal_index_l",
      "local": {
        "location": {
          "x": 0.0,
          "y": 0.0,
          "z": 0.0
        },
        "rotation_quaternion": {
          "w": 0.9990448951721191,
          "x": -0.04368673264980316,
          "y": -0.0003928644582629204,
          "z": 0.0007943391683511436
        },
        "scale": {
          "x": 1.0,
          "y": 1.0,
          "z": 1.0
        },
        "matrix_basis": [
          [
            0.9999984502792358,
            -0.0015528351068496704,
            -0.0008543826406821609,
            0.0
          ],
          [
            0.0016214869683608413,
            0.9961816668510437,
            0.08728939294815063,
            0.0
          ],
          [
            0.0007155743078328669,
            -0.08729063719511032,
            0.9961826205253601,
            0.0
          ],
          [
            0.0,
            0.0,
            0.0,
            1.0
          ]
        ],
        "rotation_mode": "QUATERNION"
      },
      "armature_space": {
        "head": {
          "x": 0.5580067038536072,
          "y": -0.3678168058395386,
          "z": 0.29434943199157715
        },
        "tail": {
          "x": 0.5741057991981506,
          "y": -0.482269823551178,
          "z": 0.27509960532188416
        }
      },
      "world_space": {
        "head": {
          "x": 0.5580067038536072,
          "y": -0.30457282066345215,
          "z": 1.2442034482955933
        },
        "tail": {
          "x": 0.5741057991981506,
          "y": -0.41902583837509155,
          "z": 1.2249536514282227
        },
        "rotation_quaternion": {
          "w": 0.042210739105939865,
          "x": -0.8856561779975891,
          "y": -0.09909483045339584,
          "z": 0.4516764283180237
        },
        "matrix": [
          [
            0.5723369717597961,
            0.1373976320028305,
            -0.8084255456924438,
            0.5580067038536072
          ],
          [
            0.2136591076850891,
            -0.9767970442771912,
            -0.014750443398952484,
            -0.30457282066345215
          ],
          [
            -0.7916998267173767,
            -0.1642872840166092,
            -0.588417649269104,
            1.2442034482955933
          ],
          [
            0.0,
            0.0,
            0.0,
            1.0
          ]
        ]
      },
      "bone_length_armature_space": 0.11717179759443706,
      "parent": "lowerarm_l",
      "has_children": true,
      "is_end_bone": false
    },
    "index_01_l": {
      "name": "index_01_l",
      "local": {
        "location": {
          "x": 0.0,
          "y": 0.0,
          "z": 0.0
        },
        "rotation_quaternion": {
          "w": 0.9929710626602173,
          "x": -0.11737067997455597,
          "y": 0.011686980724334717,
          "z": -0.009800592437386513
        },
        "scale": {
          "x": 1.0,
          "y": 1.0,
          "z": 1.0
        },
        "matrix_basis": [
          [
            0.9995347261428833,
            0.016719991341233253,
            0.02551027201116085,
            0.0
          ],
          [
            -0.022206827998161316,
            0.9722561240196228,
            0.23286229372024536,
            0.0
          ],
          [
            -0.020909063518047333,
            -0.2333204597234726,
            0.9721750617027283,
            0.0
          ],
          [
            0.0,
            0.0,
            0.0,
            1.0
          ]
        ],
        "rotation_mode": "QUATERNION"
      },
      "armature_space": {
        "head": {
          "x": 0.5741057991981506,
          "y": -0.482269823551178,
          "z": 0.27509960532188416
        },
        "tail": {
          "x": 0.591330885887146,
          "y": -0.5042856931686401,
          "z": 0.26947200298309326
        }
      },
      "world_space": {
        "head": {
          "x": 0.5741057991981506,
          "y": -0.41902583837509155,
          "z": 1.2249536514282227
        },
        "tail": {
          "x": 0.591330885887146,
          "y": -0.4410417079925537,
          "z": 1.2193260192871094
        },
        "rotation_quaternion": {
          "w": 0.028924448415637016,
          "x": 0.8664203882217407,
          "y": 0.3363254964351654,
          "z": -0.36791902780532837
        },
        "matrix": [
          [
            0.5030406713485718,
            0.6040834188461304,
            -0.6180880665779114,
            0.5741057991981506
          ],
          [
            0.5615149736404419,
            -0.7720963358879089,
            -0.2976044714450836,
            -0.41902583837509155
          ],
          [
            -0.6570057272911072,
            -0.19736053049564362,
            -0.7276032567024231,
            1.2249536514282227
          ],
          [
            0.0,
            0.0,
            0.0,
            1.0
          ]
        ]
      },
      "bone_length_armature_space": 0.028514417689506574,
      "parent": "metacarpal_index_l",
      "has_children": true,
      "is_end_bone": false
    },
    "index_02_l": {
      "name": "index_02_l",
      "local": {
        "location": {
          "x": 0.0,
          "y": 0.0,
          "z": 0.0
        },
        "rotation_quaternion": {
          "w": 0.9997715353965759,
          "x": 0.019382992759346962,
          "y": -0.008515945635735989,
          "z": 0.0029447765555232763
        },
        "scale": {
          "x": 1.0,
          "y": 1.0,
          "z": 1.0
        },
        "matrix_basis": [
          [
            0.9998376369476318,
            -0.006218336522579193,
            -0.016913842409849167,
            0.0
          ],
          [
            0.005558078642934561,
            0.9992312788963318,
            -0.03880728408694267,
            0.0
          ],
          [
            0.0171421580016613,
            0.03870697319507599,
            0.9991035461425781,
            0.0
          ],
          [
            0.0,
            0.0,
            0.0,
            1.0
          ]
        ],
        "rotation_mode": "QUATERNION"
      },
      "armature_space": {
        "head": {
          "x": 0.5913307666778564,
          "y": -0.5042861700057983,
          "z": 0.26947182416915894
        },
        "tail": {
          "x": 0.6070541143417358,
          "y": -0.5237936973571777,
          "z": 0.26396507024765015
        }
      },
      "world_space": {
        "head": {
          "x": 0.5913307666778564,
          "y": -0.4410421848297119,
          "z": 1.2193257808685303
        },
        "tail": {
          "x": 0.6070541143417358,
          "y": -0.4605497121810913,
          "z": 1.2138190269470215
        },
        "rotation_quaternion": {
          "w": 0.03752477467060089,
          "x": 0.8466204404830933,
          "y": 0.34405893087387085,
          "z": -0.40428856015205383
        },
        "matrix": [
          [
            0.4363475441932678,
            0.6129177212715149,
            -0.6587353348731995,
            0.5913307666778564
          ],
          [
            0.552233099937439,
            -0.7604296803474426,
            -0.3417387008666992,
            -0.4410421848297119
          ],
          [
            -0.7103843688964844,
            -0.21466073393821716,
            -0.6702903509140015,
            1.2193257808685303
          ],
          [
            0.0,
            0.0,
            0.0,
            1.0
          ]
        ]
      },
      "bone_length_armature_space": 0.025653296184821605,
      "parent": "index_01_l",
      "has_children": true,
      "is_end_bone": false
    },
    "index_03_l": {
      "name": "index_03_l",
      "local": {
        "location": {
          "x": 0.0,
          "y": 0.0,
          "z": 0.0
        },
        "rotation_quaternion": {
          "w": 0.9997320175170898,
          "x": 0.02059061825275421,
          "y": 0.009978359565138817,
          "z": 0.0035318760201334953
        },
        "scale": {
          "x": 1.0,
          "y": 1.0,
          "z": 1.0
        },
        "matrix_basis": [
          [
            0.9997759461402893,
            -0.006650937721133232,
            0.02009681798517704,
            0.0
          ],
          [
            0.00747278006747365,
            0.9991270899772644,
            -0.04109971597790718,
            0.0
          ],
          [
            -0.019805924966931343,
            0.04124068468809128,
            0.9989529252052307,
            0.0
          ],
          [
            0.0,
            0.0,
            0.0,
            1.0
          ]
        ],
        "rotation_mode": "QUATERNION"
      },
      "armature_space": {
        "head": {
          "x": 0.6070542335510254,
          "y": -0.523793637752533,
          "z": 0.2639651894569397
        },
        "tail": {
          "x": 0.6233594417572021,
          "y": -0.545632541179657,
          "z": 0.25343266129493713
        }
      },
      "world_space": {
        "head": {
          "x": 0.6070542335510254,
          "y": -0.46054965257644653,
          "z": 1.2138192653656006
        },
        "tail": {
          "x": 0.6233594417572021,
          "y": -0.48238855600357056,
          "z": 1.2032866477966309
        },
        "rotation_quaternion": {
          "w": 0.050911277532577515,
          "x": -0.8497249484062195,
          "y": -0.35169968008995056,
          "z": 0.3894648849964142
        },
        "matrix": [
          [
            0.4492478668689728,
            0.5580412745475769,
            -0.6976860761642456,
            0.6070542335510254
          ],
          [
            0.6373525261878967,
            -0.7474299669265747,
            -0.1874304562807083,
            -0.46054965257644653
          ],
          [
            -0.6260695457458496,
            -0.3604724407196045,
            -0.6914556622505188,
            1.2138192653656006
          ],
          [
            0.0,
            0.0,
            0.0,
            1.0
          ]
        ]
      },
      "bone_length_armature_space": 0.029218687215244506,
      "parent": "index_02_l",
      "has_children": false,
      "is_end_bone": true
    },
    "metacarpal_pinky_l": {
      "name": "metacarpal_pinky_l",
      "local": {
        "location": {
          "x": 0.0,
          "y": 0.0,
          "z": 0.0
        },
        "rotation_quaternion": {
          "w": 0.9997162818908691,
          "x": 0.023586928844451904,
          "y": 0.003329778555780649,
          "z": -0.000362313148798421
        },
        "scale": {
          "x": 1.0,
          "y": 1.0,
          "z": 1.0
        },
        "matrix_basis": [
          [
            0.9999775886535645,
            0.0008814992033876479,
            0.00664057582616806,
            0.0
          ],
          [
            -0.0005673422128893435,
            0.9988870620727539,
            -0.04716288670897484,
            0.0
          ],
          [
            -0.006674759555608034,
            0.04715806245803833,
            0.9988651275634766,
            0.0
          ],
          [
            0.0,
            0.0,
            0.0,
            1.0
          ]
        ],
        "rotation_mode": "QUATERNION"
      },
      "armature_space": {
        "head": {
          "x": 0.5580067038536072,
          "y": -0.3678168058395386,
          "z": 0.29434943199157715
        },
        "tail": {
          "x": 0.6223229169845581,
          "y": -0.4444912075996399,
          "z": 0.2655797302722931
        }
      },
      "world_space": {
        "head": {
          "x": 0.5580067038536072,
          "y": -0.30457282066345215,
          "z": 1.2442034482955933
        },
        "tail": {
          "x": 0.6223229169845581,
          "y": -0.38124722242355347,
          "z": 1.2154337167739868
        },
        "rotation_quaternion": {
          "w": 0.3304665982723236,
          "x": 0.006099620833992958,
          "y": 0.1504257172346115,
          "z": -0.9317331910133362
        },
        "matrix": [
          [
            -0.7815090417861938,
            0.6176484227180481,
            0.08805576711893082,
            0.5580067038536072
          ],
          [
            -0.6139788031578064,
            -0.7363279461860657,
            -0.2843440771102905,
            -0.30457282066345215
          ],
          [
            -0.11078809946775436,
            -0.27628442645072937,
            0.9546765089035034,
            1.2442034482955933
          ],
          [
            0.0,
            0.0,
            0.0,
            1.0
          ]
        ]
      },
      "bone_length_armature_space": 0.10413085550413578,
      "parent": "lowerarm_l",
      "has_children": true,
      "is_end_bone": false
    },
    "pinky_01_l": {
      "name": "pinky_01_l",
      "local": {
        "location": {
          "x": 0.0,
          "y": 0.0,
          "z": 0.0
        },
        "rotation_quaternion": {
          "w": 0.9919885396957397,
          "x": -0.12498150765895844,
          "y": 0.015249494463205338,
          "z": -0.010289221070706844
        },
        "scale": {
          "x": 1.0,
          "y": 1.0,
          "z": 1.0
        },
        "matrix_basis": [
          [
            0.9993231892585754,
            0.016601769253611565,
            0.03282657265663147,
            0.0
          ],
          [
            -0.0242253877222538,
            0.968547523021698,
            0.24764662981033325,
            0.0
          ],
          [
            -0.027682723477482796,
            -0.24827425181865692,
            0.9682941436767578,
            0.0
          ],
          [
            0.0,
            0.0,
            0.0,
            1.0
          ]
        ],
        "rotation_mode": "QUATERNION"
      },
      "armature_space": {
        "head": {
          "x": 0.6223229169845581,
          "y": -0.4444912075996399,
          "z": 0.2655797302722931
        },
