{
  "metadata": {
    "armature_name": "KIM_caucasian_male",
    "export_time": "2026-01-13T21:13:14.652360",
    "blender_version": "4.4.1",
    "bone_count": 56,
    "end_bone_count": 13,
    "spaces_included": [
      "LOCAL_CHANNELS",
      "ARMATURE_SPACE",
      "WORLD_SPACE"
    ],
    "note": "LOCAL matches Transform panel; replay pose via local.matrix_basis for best fidelity."
  },
  "bones": {
    "Root": {
      "name": "Root",
      "local": {
        "location": {
          "x": 0.0,
          "y": 0.0,
          "z": 0.0
        },
        "rotation_quaternion": {
          "w": 0.9998617172241211,
          "x": 0.015513671562075615,
          "y": -0.003453682642430067,
          "z": 0.004910628776997328
        },
        "scale": {
          "x": 1.0,
          "y": 1.0,
          "z": 1.0
        },
        "matrix_basis": [
          [
            0.9999279379844666,
            -0.009927057661116123,
            -0.006754046306014061,
            0.0
          ],
          [
            0.009712740778923035,
            0.9994704127311707,
            -0.031056972220540047,
            0.0
          ],
          [
            0.007058773655444384,
            0.030989132821559906,
            0.9994947910308838,
            0.0
          ],
          [
            0.0,
            0.0,
            0.0,
            1.0
          ]
        ],
        "rotation_mode": "QUATERNION"
      },
      "armature_space": {
        "head": {
          "x": 0.0,
          "y": 0.07072800397872925,
          "z": -0.009595036506652832
        },
        "tail": {
          "x": -0.0007085523684509099,
          "y": -0.00025988370180130005,
          "z": -0.0021968972869217396
        }
      },
      "world_space": {
        "head": {
          "x": 0.0,
          "y": 0.13397200405597687,
          "z": 0.9402589797973633
        },
        "tail": {
          "x": -0.0007085523684509099,
          "y": 0.06298411637544632,
          "z": 0.9476571083068848
        },
        "rotation_quaternion": {
          "w": 0.05187990516424179,
          "x": 0.9986352920532227,
          "y": -0.005132140591740608,
          "z": -0.003115018829703331
        },
        "matrix": [
          [
            0.9999279379844666,
            -0.009927057661116123,
            -0.006754046306014061,
            0.0
          ],
          [
            -0.010573488660156727,
            -0.9945642948150635,
            -0.10358670353889465,
            0.13397200405597687
          ],
          [
            -0.005689071491360664,
            0.10365042835474014,
            -0.9946045875549316,
            0.9402589797973633
          ],
          [
            0.0,
            0.0,
            0.0,
            1.0
          ]
        ]
      },
      "bone_length_armature_space": 0.07137586980495896,
      "parent": null,
      "has_children": true,
      "is_end_bone": false
    },
    "spine_01": {
      "name": "spine_01",
      "local": {
        "location": {
          "x": 0.0,
          "y": 0.0,
          "z": 0.0
        },
        "rotation_quaternion": {
          "w": 0.9990279674530029,
          "x": -0.0439685583114624,
          "y": 0.003114130115136504,
          "z": 0.0004975709598511457
        },
        "scale": {
          "x": 1.0,
          "y": 1.0,
          "z": 1.0
        },
        "matrix_basis": [
          [
            0.999980092048645,
            -0.0012680222280323505,
            0.006178451236337423,
            0.0
          ],
          [
            0.0007203269633464515,
            0.996133029460907,
            0.08785473555326462,
            0.0
          ],
          [
            -0.0062659610994160175,
            -0.08784853667020798,
            0.9961141347885132,
            0.0
          ],
          [
            0.0,
            0.0,
            0.0,
            1.0
          ]
        ],
        "rotation_mode": "QUATERNION"
      },
      "armature_space": {
        "head": {
          "x": -0.0007085523684509099,
          "y": -0.00025988370180130005,
          "z": -0.0021968972869217396
        },
        "tail": {
          "x": 0.001968091120943427,
          "y": 0.05023844167590141,
          "z": 0.48318061232566833
        }
      },
      "world_space": {
        "head": {
          "x": -0.0007085523684509099,
          "y": 0.06298411637544632,
          "z": 0.9476571083068848
        },
        "tail": {
          "x": 0.001968091120943427,
          "y": 0.11348244547843933,
          "z": 1.4330346584320068
        },
        "rotation_quaternion": {
          "w": 0.7427917718887329,
          "x": 0.6695142984390259,
          "y": 0.0004435360024217516,
          "z": -0.0032923107501119375
        },
        "matrix": [
          [
            0.9999779462814331,
            0.005484911147505045,
            -0.0037496243603527546,
            -0.0007085523684509099
          ],
          [
            -0.004297133069485426,
            0.10347991436719894,
            -0.9946224093437195,
            0.06298411637544632
          ],
          [
            -0.00506744347512722,
            0.9946235418319702,
            0.10350100696086884,
            0.9476571083068848
          ],
          [
            0.0,
            0.0,
            0.0,
            1.0
          ]
        ]
      },
      "bone_length_armature_space": 0.48800469504804017,
      "parent": "Root",
      "has_children": true,
      "is_end_bone": false
    },
    "neck_01": {
      "name": "neck_01",
      "local": {
        "location": {
          "x": 0.0,
          "y": 0.0,
          "z": 0.0
        },
        "rotation_quaternion": {
          "w": 0.9858241081237793,
          "x": 0.0825580507516861,
          "y": 0.016919955611228943,
          "z": 0.14508217573165894
        },
        "scale": {
          "x": 1.0,
          "y": 1.0,
          "z": 1.0
        },
        "matrix_basis": [
          [
            0.9573297500610352,
            -0.28325724601745605,
            0.05731560289859772,
            0.0
          ],
          [
            0.2888447642326355,
            0.944270670413971,
            -0.15786586701869965,
            0.0
          ],
          [
            -0.009404797106981277,
            0.16768500208854675,
            0.985795795917511,
            0.0
          ],
          [
            0.0,
            0.0,
            0.0,
            1.0
          ]
        ],
        "rotation_mode": "QUATERNION"
      },
      "armature_space": {
        "head": {
          "x": 0.002239649184048176,
          "y": 0.023321136832237244,
          "z": 0.5595948696136475
        },
        "tail": {
          "x": -0.026571445167064667,
          "y": -0.02031109482049942,
          "z": 0.647781491279602
        }
      },
      "world_space": {
        "head": {
          "x": 0.002239649184048176,
          "y": 0.08656513690948486,
          "z": 1.5094488859176636
        },
        "tail": {
          "x": -0.026571445167064667,
          "y": 0.0429329052567482,
          "z": 1.5976355075836182
        },
        "rotation_quaternion": {
          "w": 0.5251097083091736,
          "x": 0.8387312889099121,
          "y": -0.10706942528486252,
          "z": 0.0965704619884491
        },
        "matrix": [
          [
            0.9584206342697144,
            -0.28102535009384155,
            0.04954568296670914,
            0.002239649184048176
          ],
          [
            -0.07818598300218582,
            -0.42559170722961426,
            -0.9015315771102905,
            0.08656513690948486
          ],
          [
            0.2744412422180176,
            0.8601780533790588,
            -0.4298718571662903,
            1.5094488859176636
          ],
          [
            0.0,
            0.0,
            0.0,
            1.0
          ]
        ]
      },
      "bone_length_armature_space": 0.10252185574983343,
      "parent": "spine_01",
      "has_children": true,
      "is_end_bone": false
    },
    "head": {
      "name": "head",
      "local": {
        "location": {
          "x": 0.0,
          "y": 0.0,
          "z": 0.0
        },
        "rotation_quaternion": {
          "w": 0.9772855639457703,
          "x": 0.06362437456846237,
          "y": 0.011175762861967087,
          "z": -0.20184195041656494
        },
        "scale": {
          "x": 1.0,
          "y": 1.0,
          "z": 1.0
        },
        "matrix_basis": [
          [
            0.9182698726654053,
            0.3959365487098694,
            -0.003840312361717224,
            0.0
          ],
          [
            -0.3930923342704773,
            0.9104235172271729,
            -0.12886984646320343,
            0.0
          ],
          [
            -0.04752795770764351,
            0.1198468878865242,
            0.991654098033905,
            0.0
          ],
          [
            0.0,
            0.0,
            0.0,
            1.0
          ]
        ],
        "rotation_mode": "QUATERNION"
      },
      "armature_space": {
        "head": {
          "x": -0.02657141536474228,
          "y": -0.020311200991272926,
          "z": 0.6477813720703125
        },
        "tail": {
          "x": -0.008434340357780457,
          "y": -0.05378253012895584,
          "z": 0.7981276512145996
        }
      },
      "world_space": {
        "head": {
          "x": -0.02657141536474228,
          "y": 0.04293280094861984,
          "z": 1.5976353883743286
        },
        "tail": {
          "x": -0.008434340357780457,
          "y": 0.009461469948291779,
          "z": 1.7479816675186157
        },
        "rotation_quaternion": {
          "w": 0.6250336170196533,
          "x": 0.7782934904098511,
          "y": 0.03773010894656181,
          "z": -0.04656955972313881
        },
        "matrix": [
          [
            0.9928154945373535,
            0.11694532632827759,
            -0.025323625653982162,
            -0.02657141536474228
          ],
          [
            0.0005158223211765289,
            -0.21581846475601196,
            -0.9764336943626404,
            0.04293280094861984
          ],
          [
            -0.119655542075634,
            0.9694117307662964,
            -0.21433058381080627,
            1.5976353883743286
          ],
          [
            0.0,
            0.0,
            0.0,
            1.0
          ]
        ]
      },
      "bone_length_armature_space": 0.15509122152422458,
      "parent": "neck_01",
      "has_children": false,
      "is_end_bone": true
    },
    "upperarm_l": {
      "name": "upperarm_l",
      "local": {
        "location": {
          "x": 0.0,
          "y": 0.0,
          "z": 0.0
        },
        "rotation_quaternion": {
          "w": 0.9734792709350586,
          "x": -0.036320239305496216,
          "y": -0.22443437576293945,
          "z": 0.025462990626692772
        },
        "scale": {
          "x": 1.0,
          "y": 1.0,
          "z": 1.0
        },
        "matrix_basis": [
          [
            0.8979616761207581,
            -0.03327236697077751,
            -0.43881407380104065,
            0.0
          ],
          [
            0.06587840616703033,
            0.9960649609565735,
            0.05928445979952812,
            0.0
          ],
          [
            0.4351147711277008,
            -0.08214353770017624,
            0.8966200947761536,
            0.0
          ],
          [
            0.0,
            0.0,
            0.0,
            1.0
          ]
        ],
        "rotation_mode": "QUATERNION"
      },
      "armature_space": {
        "head": {
          "x": 0.15185576677322388,
          "y": 0.01254994049668312,
          "z": 0.49231842160224915
        },
        "tail": {
          "x": 0.41799086332321167,
          "y": 0.04383140429854393,
          "z": 0.49122002720832825
        }
      },
      "world_space": {
        "head": {
          "x": 0.15185576677322388,
          "y": 0.07579393684864044,
          "z": 1.4421724081039429
        },
        "tail": {
          "x": 0.41799086332321167,
          "y": 0.10707540810108185,
          "z": 1.441074013710022
        },
        "rotation_quaternion": {
          "w": 0.6477090120315552,
          "x": 0.3290025293827057,
          "y": 0.3726153075695038,
          "z": -0.5773979425430298
        },
        "matrix": [
          [
            0.05553752928972244,
            0.9931546449661255,
            0.10275936126708984,
            0.15185576677322388
          ],
          [
            -0.5027894973754883,
            0.11673519015312195,
            -0.8564905524253845,
            0.07579393684864044
          ],
          [
            -0.8626295328140259,
            -0.004098919685930014,
            0.5058335661888123,
            1.4421724081039429
          ],
          [
            0.0,
            0.0,
            0.0,
            1.0
          ]
        ]
      },
      "bone_length_armature_space": 0.26796944409345175,
      "parent": "spine_01",
      "has_children": true,
      "is_end_bone": false
    },
    "lowerarm_l": {
      "name": "lowerarm_l",
      "local": {
        "location": {
          "x": 0.0,
          "y": 0.0,
          "z": 0.0
        },
        "rotation_quaternion": {
          "w": 0.8618287444114685,
          "x": 0.5004700422286987,
          "y": -0.07228872179985046,
          "z": -0.039439812302589417
        },
        "scale": {
          "x": 1.0,
          "y": 1.0,
          "z": 1.0
        },
        "matrix_basis": [
          [
            0.9864376783370972,
            -0.004375951364636421,
            -0.16407789289951324,
            0.0
          ],
          [
            -0.14033740758895874,
            0.49594846367836,
            -0.8569368124008179,
            0.0
          ],
          [
            0.08512410521507263,
            0.8683410286903381,
            0.48860815167427063,
            0.0
          ],
          [
            0.0,
            0.0,
            0.0,
            1.0
          ]
        ],
        "rotation_mode": "QUATERNION"
      },
      "armature_space": {
        "head": {
          "x": 0.41799095273017883,
          "y": 0.04383142665028572,
          "z": 0.4912201762199402
        },
        "tail": {
          "x": 0.5424603819847107,
          "y": -0.1314876228570938,
          "z": 0.6504064798355103
        }
      },
      "world_space": {
        "head": {
          "x": 0.41799095273017883,
          "y": 0.10707542300224304,
          "z": 1.4410741329193115
        },
        "tail": {
          "x": 0.5424603819847107,
          "y": -0.06824362277984619,
          "z": 1.6002604961395264
        },
        "rotation_quaternion": {
          "w": 0.4043674170970917,
          "x": 0.5713559985160828,
          "y": -0.09389901906251907,
          "z": -0.7079705595970154
        },
        "matrix": [
          [
            -0.02007797732949257,
            0.4652637839317322,
            -0.8849443793296814,
            0.41799095273017883
          ],
          [
            -0.6798608303070068,
            -0.6553383469581604,
            -0.3291223347187042,
            0.10707542300224304
          ],
          [
            -0.7330721020698547,
            0.5950344204902649,
            0.3294745683670044,
            1.4410741329193115
          ],
          [
            0.0,
            0.0,
            0.0,
            1.0
          ]
        ]
      },
      "bone_length_armature_space": 0.26752511425198566,
      "parent": "upperarm_l",
      "has_children": true,
      "is_end_bone": false
    },
    "metacarpal_thumb_l": {
      "name": "metacarpal_thumb_l",
      "local": {
        "location": {
          "x": 0.0,
          "y": 0.0,
          "z": 0.0
        },
        "rotation_quaternion": {
          "w": 0.9996612668037415,
          "x": -0.01872187852859497,
          "y": 0.018008604645729065,
          "z": -0.0016073057195171714
        },
        "scale": {
          "x": 1.0,
          "y": 1.0,
          "z": 1.0
        },
        "matrix_basis": [
          [
            0.9993461966514587,
            0.002539212815463543,
            0.03606519103050232,
            0.0
          ],
          [
            -0.003887832397595048,
            0.9992938041687012,
            0.03737318143248558,
            0.0
          ],
          [
            -0.035944826900959015,
            -0.03748896345496178,
            0.9986503720283508,
            0.0
          ],
          [
            0.0,
            0.0,
            0.0,
            1.0
          ]
        ],
        "rotation_mode": "QUATERNION"
      },
      "armature_space": {
        "head": {
          "x": 0.5424603819847107,
          "y": -0.1314876228570938,
          "z": 0.6504064798355103
        },
        "tail": {
          "x": 0.5349090695381165,
          "y": -0.17181210219860077,
          "z": 0.6781644821166992
        }
      },
      "world_space": {
        "head": {
          "x": 0.5424603819847107,
          "y": -0.06824362277984619,
          "z": 1.6002604961395264
        },
        "tail": {
          "x": 0.5349090695381165,
          "y": -0.10856810212135315,
          "z": 1.6280184984207153
        },
        "rotation_quaternion": {
          "w": 0.2948322594165802,
          "x": 0.9523563981056213,
          "y": -0.07767068594694138,
          "z": 0.007644797675311565
        },
        "matrix": [
          [
            0.9878175854682922,
            -0.15244826674461365,
            -0.031238798052072525,
            0.5424603819847107
          ],
          [
            -0.14343273639678955,
            -0.8140822052955627,
            -0.5627588033676147,
            -0.06824362277984619
          ],
          [
            0.060360923409461975,
            0.5603868961334229,
            -0.8260369896888733,
            1.6002604961395264
          ],
          [
            0.0,
            0.0,
            0.0,
            1.0
          ]
        ]
      },
      "bone_length_armature_space": 0.04953375218867276,
      "parent": "lowerarm_l",
      "has_children": true,
      "is_end_bone": false
    },
    "thumb_01_l": {
      "name": "thumb_01_l",
      "local": {
        "location": {
          "x": 0.0,
          "y": 0.0,
          "z": 0.0
        },
        "rotation_quaternion": {
          "w": 0.9970698356628418,
          "x": -0.07417447119951248,
          "y": 0.014394115656614304,
          "z": -0.011950257234275341
        },
        "scale": {
          "x": 1.0,
          "y": 1.0,
          "z": 1.0
        },
        "matrix_basis": [
          [
            0.9993000030517578,
            0.021695129573345184,
            0.030476685613393784,
            0.0
          ],
          [
            -0.02596583403646946,
            0.9887107014656067,
            0.14757022261619568,
            0.0
          ],
          [
            -0.026931069791316986,
            -0.1482582837343216,
            0.9885818958282471,
            0.0
          ],
          [
            0.0,
            0.0,
            0.0,
            1.0
          ]
        ],
        "rotation_mode": "QUATERNION"
      },
      "armature_space": {
        "head": {
          "x": 0.5349090695381165,
          "y": -0.17181210219860077,
          "z": 0.6781644821166992
        },
        "tail": {
          "x": 0.521776556968689,
          "y": -0.20221483707427979,
          "z": 0.6703008413314819
        }
      },
      "world_space": {
        "head": {
          "x": 0.5349090695381165,
          "y": -0.10856810212135315,
          "z": 1.6280184984207153
        },
        "tail": {
          "x": 0.521776556968689,
          "y": -0.13897083699703217,
          "z": 1.620154857635498
        },
        "rotation_quaternion": {
          "w": 0.06469786167144775,
          "x": 0.6614235043525696,
          "y": -0.22186103463172913,
          "z": 0.7135199904441833
        },
        "matrix": [
          [
            -0.11666678637266159,
            -0.38581302762031555,
            0.9151706099510193,
            0.5349090695381165
          ],
          [
            -0.20116102695465088,
            -0.8931847214698792,
            -0.40218862891197205,
            -0.10856810212135315
          ],
          [
            0.9725923538208008,
            -0.23102104663848877,
            0.026594290509819984,
            1.6280184984207153
          ],
          [
            0.0,
            0.0,
            0.0,
            1.0
          ]
        ]
      },
      "bone_length_armature_space": 0.034038596178335205,
      "parent": "metacarpal_thumb_l",
      "has_children": true,
      "is_end_bone": false
    },
    "thumb_02_l": {
      "name": "thumb_02_l",
      "local": {
        "location": {
          "x": 0.0,
          "y": 0.0,
          "z": 0.0
        },
        "rotation_quaternion": {
          "w": 0.9968273639678955,
          "x": 0.07843949645757675,
          "y": 0.010982775129377842,
          "z": -0.007862395606935024
        },
        "scale": {
          "x": 1.0,
          "y": 1.0,
          "z": 1.0
        },
        "matrix_basis": [
          [
            0.9996351003646851,
            0.017397869378328323,
            0.020662417635321617,
            0.0
          ],
          [
            -0.013951935805380344,
            0.9875708818435669,
            -0.1565539687871933,
            0.0
          ],
          [
            -0.023129306733608246,
            0.1562085747718811,
            0.9874532222747803,
            0.0
          ],
          [
            0.0,
            0.0,
            0.0,
            1.0
          ]
        ],
        "rotation_mode": "QUATERNION"
      },
      "armature_space": {
        "head": {
          "x": 0.5217764973640442,
          "y": -0.2022148072719574,
          "z": 0.6703008413314819
        },
        "tail": {
          "x": 0.5370644330978394,
          "y": -0.23058804869651794,
          "z": 0.694267988204956
        }
      },
      "world_space": {
        "head": {
          "x": 0.5217764973640442,
          "y": -0.13897080719470978,
          "z": 1.620154857635498
        },
        "tail": {
          "x": 0.5370644330978394,
          "y": -0.16734404861927032,
          "z": 1.6441220045089722
        },
        "rotation_quaternion": {
          "w": 0.049462638795375824,
          "x": -0.3920501172542572,
          "y": -0.3799211382865906,
          "z": -0.8363672494888306
        },
        "matrix": [
          [
            -0.6877011060714722,
            0.38063356280326843,
            0.6182113885879517,
            0.5217764973640442
          ],
          [
            0.2151576727628708,
            -0.7064275145530701,
            0.6742904186248779,
            -0.13897080719470978
          ],
          [
            0.693384051322937,
            0.5967267155647278,
            0.40391796827316284,
            1.620154857635498
          ],
          [
            0.0,
            0.0,
            0.0,
            1.0
          ]
        ]
      },
      "bone_length_armature_space": 0.04016448556969696,
      "parent": "thumb_01_l",
      "has_children": true,
      "is_end_bone": false
    },
    "thumb_03_l": {
      "name": "thumb_03_l",
      "local": {
        "location": {
          "x": 0.0,
          "y": 0.0,
          "z": 0.0
        },
        "rotation_quaternion": {
          "w": 0.9947792887687683,
          "x": 0.10202603042125702,
          "y": 0.0013700228882953525,
          "z": 0.00177714042365551
        },
        "scale": {
          "x": 1.0,
          "y": 1.0,
          "z": 1.0
        },
        "matrix_basis": [
          [
            0.999989926815033,
            -0.0032561689149588346,
            0.0030883699655532837,
            0.0
          ],
          [
            0.0038152809720486403,
            0.9791750907897949,
            -0.2029818892478943,
            0.0
          ],
          [
            -0.0023631115909665823,
            0.20299163460731506,
            0.9791776537895203,
            0.0
          ],
          [
            0.0,
            0.0,
            0.0,
            1.0
          ]
        ],
        "rotation_mode": "QUATERNION"
      },
      "armature_space": {
        "head": {
          "x": 0.5370643138885498,
          "y": -0.23058804869651794,
          "z": 0.6942680478096008
        },
        "tail": {
          "x": 0.5575535893440247,
          "y": -0.24103637039661407,
          "z": 0.7142159342765808
        }
      },
      "world_space": {
        "head": {
          "x": 0.5370643138885498,
          "y": -0.16734404861927032,
          "z": 1.6441221237182617
        },
        "tail": {
          "x": 0.5575535893440247,
          "y": -0.17779237031936646,
          "z": 1.6640698909759521
        },
        "rotation_quaternion": {
          "w": 0.2810938358306885,
          "x": -0.2312888503074646,
          "y": -0.4993918836116791,
          "z": -0.7861930727958679
        },
        "matrix": [
          [
            -0.7349832057952881,
            0.6729960441589355,
            0.08292168378829956,
            0.5370643138885498
          ],
          [
            -0.21098273992538452,
            -0.3431880474090576,
            0.9152642488479614,
            -0.16734404861927032
          ],
          [
            0.6444311738014221,
            0.6552129983901978,
            0.394231379032135,
            1.6441221237182617
          ],
          [
            0.0,
            0.0,
            0.0,
            1.0
          ]
        ]
      },
      "bone_length_armature_space": 0.030444966836807176,
      "parent": "thumb_02_l",
      "has_children": false,
      "is_end_bone": true
    },
    "metacarpal_index_l": {
      "name": "metacarpal_index_l",
      "local": {
        "location": {
          "x": 0.0,
          "y": 0.0,
          "z": 0.0
        },
        "rotation_quaternion": {
          "w": 0.9996888637542725,
          "x": -0.02225957065820694,
          "y": -0.010966647416353226,
          "z": 0.0025392305105924606
        },
        "scale": {
          "x": 1.0,
          "y": 1.0,
          "z": 1.0
        },
        "matrix_basis": [
          [
            0.999746561050415,
            -0.004588655196130276,
            -0.022039514034986496,
            0.0
          ],
          [
            0.0055651068687438965,
            0.9989961385726929,
            0.04444959759712219,
            0.0
          ],
          [
            0.021813426166772842,
            -0.044560983777046204,
            0.9987685084342957,
            0.0
          ],
          [
            0.0,
            0.0,
            0.0,
            1.0
          ]
        ],
        "rotation_mode": "QUATERNION"
      },
      "armature_space": {
        "head": {
          "x": 0.5424603819847107,
          "y": -0.1314876228570938,
          "z": 0.6504064798355103
        },
        "tail": {
          "x": 0.5652313828468323,
          "y": -0.2169916033744812,
          "z": 0.7272169589996338
        }
      },
      "world_space": {
        "head": {
          "x": 0.5424603819847107,
          "y": -0.06824362277984619,
          "z": 1.6002604961395264
        },
        "tail": {
          "x": 0.5652313828468323,
          "y": -0.15374760329723358,
          "z": 1.67707097530365
        },
        "rotation_quaternion": {
          "w": 0.3663211166858673,
          "x": 0.8664259314537048,
          "y": -0.030709968879818916,
          "z": -0.33789321780204773
        },
        "matrix": [
          [
            0.7697706818580627,
            0.19433847069740295,
            -0.6080178618431091,
            0.5424603819847107
          ],
          [
            -0.3007703423500061,
            -0.7297321557998657,
            -0.6140267848968506,
            -0.06824362277984619
          ],
          [
            -0.5630232691764832,
            0.6555374264717102,
            -0.5032789707183838,
            1.6002604961395264
          ],
          [
            0.0,
            0.0,
            0.0,
            1.0
          ]
        ]
      },
      "bone_length_armature_space": 0.11717209118628433,
      "parent": "lowerarm_l",
      "has_children": true,
      "is_end_bone": false
    },
    "index_01_l": {
      "name": "index_01_l",
      "local": {
        "location": {
          "x": 0.0,
          "y": 0.0,
          "z": 0.0
        },
        "rotation_quaternion": {
          "w": 0.99520343542099,
          "x": -0.09638068825006485,
          "y": -0.015068273060023785,
          "z": 0.007352510467171669
        },
        "scale": {
          "x": 1.0,
          "y": 1.0,
          "z": 1.0
        },
        "matrix_basis": [
          [
            0.9994377493858337,
            -0.011729906313121319,
            -0.03140927478671074,
            0.0
          ],
          [
            0.017539069056510925,
            0.9813134074211121,
            0.19161520898342133,
            0.0
          ],
          [
            0.028574714437127113,
            -0.19205836951732635,
            0.9809674024581909,
            0.0
          ],
          [
            0.0,
            0.0,
            0.0,
            1.0
          ]
        ],
        "rotation_mode": "QUATERNION"
      },
      "armature_space": {
        "head": {
          "x": 0.5652313828468323,
          "y": -0.2169916033744812,
          "z": 0.7272169589996338
        },
        "tail": {
          "x": 0.5826736688613892,
          "y": -0.23266230523586273,
          "z": 0.7434424757957458
        }
      },
      "world_space": {
        "head": {
          "x": 0.5652313828468323,
          "y": -0.15374760329723358,
          "z": 1.67707097530365
        },
        "tail": {
          "x": 0.5826736688613892,
          "y": -0.1694183051586151,
          "z": 1.6932964324951172
        },
        "rotation_quaternion": {
          "w": 0.44097065925598145,
          "x": 0.7952567338943481,
          "y": 0.17538335919380188,
          "z": -0.37729597091674805
        },
        "matrix": [
          [
            0.6537774205207825,
            0.6117024421691895,
            -0.4454159140586853,
            0.5652313828468323
          ],
          [
            -0.053801730275154114,
            -0.5495719313621521,
            -0.833712637424469,
            -0.15374760329723358
          ],
          [
            -0.7547773122787476,
            0.5690299868583679,
            -0.32638978958129883,
            1.67707097530365
          ],
          [
            0.0,
            0.0,
            0.0,
            1.0
          ]
        ]
      },
      "bone_length_armature_space": 0.028514411182730164,
      "parent": "metacarpal_index_l",
      "has_children": true,
      "is_end_bone": false
    },
    "index_02_l": {
      "name": "index_02_l",
      "local": {
        "location": {
          "x": 0.0,
          "y": 0.0,
          "z": 0.0
        },
        "rotation_quaternion": {
          "w": 0.9998498558998108,
          "x": 0.012995891273021698,
          "y": -0.011409449391067028,
          "z": 0.001162757514975965
        },
        "scale": {
          "x": 1.0,
          "y": 1.0,
          "z": 1.0
        },
        "matrix_basis": [
          [
            0.9997369647026062,
            -0.0026217177510261536,
            -0.0227852500975132,
            0.0
          ],
          [
            0.0020286140497773886,
            0.999659538269043,
            -0.026014413684606552,
            0.0
          ],
          [
            0.022845694795250893,
            0.025961346924304962,
            0.999401867389679,
            0.0
          ],
          [
            0.0,
            0.0,
            0.0,
            1.0
          ]
        ],
        "rotation_mode": "QUATERNION"
      },
      "armature_space": {
        "head": {
          "x": 0.5826736688613892,
          "y": -0.23266276717185974,
          "z": 0.7434427738189697
        },
        "tail": {
          "x": 0.5989097952842712,
          "y": -0.24660353362560272,
          "z": 0.7575896978378296
        }
      },
      "world_space": {
        "head": {
          "x": 0.5826736688613892,
          "y": -0.16941876709461212,
          "z": 1.6932967901229858
        },
        "tail": {
          "x": 0.5989097952842712,
          "y": -0.1833595335483551,
          "z": 1.7074437141418457
        },
        "rotation_quaternion": {
          "w": 0.4472683072090149,
          "x": 0.7731645703315735,
          "y": 0.16803689301013947,
          "z": -0.4170507788658142
        },
        "matrix": [
          [
            0.5956653356552124,
            0.6329070925712585,
            -0.49458229541778564,
            0.5826736688613892
          ],
          [
            -0.1132253110408783,
            -0.5434303879737854,
            -0.8317837119102478,
            -0.16941876709461212
          ],
          [
            -0.7952182292938232,
            0.5514671802520752,
            -0.25204381346702576,
            1.6932967901229858
          ],
          [
            0.0,
            0.0,
            0.0,
            1.0
          ]
        ]
      },
      "bone_length_armature_space": 0.02565330873529634,
      "parent": "index_01_l",
      "has_children": true,
      "is_end_bone": false
    },
    "index_03_l": {
      "name": "index_03_l",
      "local": {
        "location": {
          "x": 0.0,
          "y": 0.0,
          "z": 0.0
        },
        "rotation_quaternion": {
          "w": 0.9997276067733765,
          "x": 0.021957263350486755,
          "y": 0.004791563376784325,
          "z": 0.006305379327386618
        },
        "scale": {
          "x": 1.0,
          "y": 1.0,
          "z": 1.0
        },
        "matrix_basis": [
          [
            0.9998745918273926,
            -0.01239690463989973,
            0.009857414290308952,
            0.0
          ],
          [
            0.012817743234336376,
            0.9989562630653381,
            -0.0438421405851841,
            0.0
          ],
          [
            -0.009303618222475052,
            0.0439629890024662,
            0.9989898204803467,
            0.0
          ],
          [
            0.0,
            0.0,
            0.0,
            1.0
          ]
        ],
        "rotation_mode": "QUATERNION"
      },
      "armature_space": {
        "head": {
          "x": 0.598909854888916,
          "y": -0.24660339951515198,
          "z": 0.7575897574424744
        },
        "tail": {
          "x": 0.6166765093803406,
          "y": -0.26577919721603394,
          "z": 0.7706422805786133
        }
      },
      "world_space": {
        "head": {
          "x": 0.598909854888916,
          "y": -0.18335939943790436,
          "z": 1.7074437141418457
        },
        "tail": {
          "x": 0.6166765093803406,
          "y": -0.20253519713878632,
          "z": 1.7204962968826294
        },
        "rotation_quaternion": {
          "w": 0.370483934879303,
          "x": 0.8105705976486206,
          "y": 0.18600842356681824,
          "z": -0.41366395354270935
        },
        "matrix": [
          [
            0.5885664820671082,
            0.6080575585365295,
            -0.5327811241149902,
            0.598909854888916
          ],
          [
            -0.004964752588421106,
            -0.6562855839729309,
            -0.754496693611145,
            -0.18335939943790436
          ],
          [
            -0.8084394335746765,
            0.44671905040740967,
            -0.3832518458366394,
            1.7074437141418457
          ],
          [
            0.0,
            0.0,
            0.0,
            1.0
          ]
        ]
      },
      "bone_length_armature_space": 0.02921871971197968,
      "parent": "index_02_l",
      "has_children": false,
      "is_end_bone": true
    },
    "metacarpal_pinky_l": {
      "name": "metacarpal_pinky_l",
      "local": {
        "location": {
          "x": 0.0,
          "y": 0.0,
          "z": 0.0
        },
        "rotation_quaternion": {
          "w": 0.999854564666748,
          "x": -0.01267668604850769,
          "y": 0.00898472685366869,
          "z": 0.007032107096165419
        },
        "scale": {
          "x": 1.0,
          "y": 1.0,
          "z": 1.0
        },
        "matrix_basis": [
          [
            0.9997396469116211,
            -0.014289962127804756,
            0.01778855361044407,
            0.0
          ],
          [
            0.013834375888109207,
            0.9995797276496887,
            0.02547604776918888,
            0.0
          ],
          [
            -0.018145127221941948,
            -0.025223322212696075,
            0.9995171427726746,
            0.0
          ],
          [
            0.0,
            0.0,
            0.0,
            1.0
          ]
        ],
        "rotation_mode": "QUATERNION"
      },
      "armature_space": {
        "head": {
          "x": 0.5424603819847107,
          "y": -0.1314876228570938,
          "z": 0.6504064798355103
        },
        "tail": {
          "x": 0.6180121898651123,
          "y": -0.18679752945899963,
          "z": 0.6959694623947144
        }
      },
      "world_space": {
        "head": {
          "x": 0.5424603819847107,
          "y": -0.06824362277984619,
          "z": 1.6002604961395264
        },
        "tail": {
          "x": 0.6180121898651123,
          "y": -0.12355352938175201,
          "z": 1.6458234786987305
        },
        "rotation_quaternion": {
          "w": 0.4052866995334625,
          "x": -0.03167722374200821,
          "y": -0.2648836076259613,
          "z": -0.8744003772735596
        },
        "matrix": [
          [
            -0.6694780588150024,
            0.7255473136901855,
            -0.159311905503273,
            0.5424603819847107
          ],
          [
            -0.691985011100769,
            -0.5311581492424011,
            0.488905131816864,
            -0.06824362277984619
          ],
          [
            0.27010542154312134,
            0.437555193901062,
            0.8576727509498596,
            1.6002604961395264
          ],
          [
            0.0,
            0.0,
            0.0,
            1.0
          ]
        ]
      },
      "bone_length_armature_space": 0.10413091140269247,
      "parent": "lowerarm_l",
      "has_children": true,
      "is_end_bone": false
    },
    "pinky_01_l": {
      "name": "pinky_01_l",
      "local": {
        "location": {
          "x": 0.0,
          "y": 0.0,
          "z": 0.0
        },
        "rotation_quaternion": {
          "w": 0.9906604886054993,
          "x": -0.13447029888629913,
          "y": 0.01825072430074215,
          "z": -0.013287823647260666
        },
        "scale": {
          "x": 1.0,
          "y": 1.0,
          "z": 1.0
        },
        "matrix_basis": [
          [
            0.998980700969696,
            0.021419083699584007,
            0.03973417729139328,
            0.0
          ],
          [
            -0.03123580478131771,
            0.9634823203086853,
            0.2659437954425812,
            0.0
          ],
          [
            -0.03258690610527992,
            -0.26691386103630066,
            0.963169276714325,
            0.0
          ],
          [
            0.0,
            0.0,
            0.0,
            1.0
          ]
        ],
        "rotation_mode": "QUATERNION"
      },
      "armature_space": {
        "head": {
          "x": 0.6180121898651123,
          "y": -0.18679752945899963,
