{
  "metadata": {
    "armature_name": "KIM_caucasian_male",
    "export_time": "2026-01-13T21:05:05.320921",
    "blender_version": "4.4.1",
    "bone_count": 56,
    "end_bone_count": 13,
    "spaces_included": [
      "LOCAL_CHANNELS",
      "ARMATURE_SPACE",
      "WORLD_SPACE"
    ],
    "note": "LOCAL matches Transform panel; replay pose via local.matrix_basis for best fidelity."
  },
  "bones": {
    "Root": {
      "name": "Root",
      "local": {
        "location": {
          "x": 0.0,
          "y": 0.0,
          "z": 0.0
        },
        "rotation_quaternion": {
          "w": 0.9997066259384155,
          "x": -0.017401497811079025,
          "y": 0.016359036788344383,
          "z": 0.004037555772811174
        },
        "scale": {
          "x": 1.0,
          "y": 1.0,
          "z": 1.0
        },
        "matrix_basis": [
          [
            0.9994321465492249,
            -0.008642085827887058,
            0.03256795555353165,
            0.0
          ],
          [
            0.007503399159759283,
            0.9993617534637451,
            0.034924887120723724,
            0.0
          ],
          [
            -0.03284899517893791,
            -0.03466068580746651,
            0.998859167098999,
            0.0
          ],
          [
            0.0,
            0.0,
            0.0,
            1.0
          ]
        ],
        "rotation_mode": "QUATERNION"
      },
      "armature_space": {
        "head": {
          "x": 0.0,
          "y": 0.07072800397872925,
          "z": -0.009595036506652832
        },
        "tail": {
          "x": -0.0006168363615870476,
          "y": 0.0003777146339416504,
          "z": 0.002445373684167862
        }
      },
      "world_space": {
        "head": {
          "x": 0.0,
          "y": 0.13397200405597687,
          "z": 0.9402589797973633
        },
        "tail": {
          "x": -0.0006168363615870476,
          "y": 0.06362171471118927,
          "z": 0.9522994160652161
        },
        "rotation_quaternion": {
          "w": 0.08470986038446426,
          "x": 0.9962632060050964,
          "y": -0.002926309360191226,
          "z": 0.016593877226114273
        },
        "matrix": [
          [
            0.9994321465492249,
            -0.008642085827887058,
            0.03256795555353165,
            0.0
          ],
          [
            -0.0030194115824997425,
            -0.9856312870979309,
            -0.16888421773910522,
            0.13397200405597687
          ],
          [
            0.03355973958969116,
            0.16869020462036133,
            -0.9851047992706299,
            0.9402589797973633
          ],
          [
            0.0,
            0.0,
            0.0,
            1.0
          ]
        ]
      },
      "bone_length_armature_space": 0.07137587227736862,
      "parent": null,
      "has_children": true,
      "is_end_bone": false
    },
    "spine_01": {
      "name": "spine_01",
      "local": {
        "location": {
          "x": 0.0,
          "y": 0.0,
          "z": 0.0
        },
        "rotation_quaternion": {
          "w": 0.9972444772720337,
          "x": 0.05287830904126167,
          "y": 0.051969245076179504,
          "z": 0.002562728011980653
        },
        "scale": {
          "x": 1.0,
          "y": 1.0,
          "z": 1.0
        },
        "matrix_basis": [
          [
            0.9945852756500244,
            0.00038475889596156776,
            0.10392311215400696,
            0.0
          ],
          [
            0.010607424192130566,
            0.9943946599960327,
            -0.10519883781671524,
            0.0
          ],
          [
            -0.10338106006383896,
            0.10573156923055649,
            0.9890061616897583,
            0.0
          ],
          [
            0.0,
            0.0,
            0.0,
            1.0
          ]
        ],
        "rotation_mode": "QUATERNION"
      },
      "armature_space": {
        "head": {
          "x": -0.0006168363615870476,
          "y": 0.0003777146339416504,
          "z": 0.002445373684167862
        },
        "tail": {
          "x": -0.01683729887008667,
          "y": -0.011486918665468693,
          "z": 0.4900360703468323
        }
      },
      "world_space": {
        "head": {
          "x": -0.0006168363615870476,
          "y": 0.06362171471118927,
          "z": 0.9522994160652161
        },
        "tail": {
          "x": -0.01683729887008667,
          "y": 0.0517570823431015,
          "z": 1.4398901462554932
        },
        "rotation_quaternion": {
          "w": 0.6980560421943665,
          "x": 0.7140370011329651,
          "y": 0.02368919737637043,
          "z": 0.048039477318525314
        },
        "matrix": [
          [
            0.9942620992660522,
            -0.03323856741189957,
            0.10167642682790756,
            -0.0006168363615870476
          ],
          [
            0.10089818388223648,
            -0.024312712252140045,
            -0.9945997595787048,
            0.06362171471118927
          ],
          [
            0.03553143888711929,
            0.9991587400436401,
            -0.020820580422878265,
            0.9522994160652161
          ],
          [
            0.0,
            0.0,
            0.0,
            1.0
          ]
        ]
      },
      "bone_length_armature_space": 0.4880046740376096,
      "parent": "Root",
      "has_children": true,
      "is_end_bone": false
    },
    "neck_01": {
      "name": "neck_01",
      "local": {
        "location": {
          "x": 0.0,
          "y": 0.0,
          "z": 0.0
        },
        "rotation_quaternion": {
          "w": 0.9956490993499756,
          "x": -0.05621029809117317,
          "y": -0.053168728947639465,
          "z": 0.05192599818110466
        },
        "scale": {
          "x": 1.0,
          "y": 1.0,
          "z": 1.0
        },
        "matrix_basis": [
          [
            0.9889535307884216,
            -0.09742288291454315,
            -0.11171234399080276,
            0.0
          ],
          [
            0.1093774065375328,
            0.988288164138794,
            0.10640978813171387,
            0.0
          ],
          [
            0.10003723949193954,
            -0.11745314300060272,
            0.9880269765853882,
            0.0
          ],
          [
            0.0,
            0.0,
            0.0,
            1.0
          ]
        ],
        "rotation_mode": "QUATERNION"
      },
      "armature_space": {
        "head": {
          "x": -0.01574479043483734,
          "y": -0.047760218381881714,
          "z": 0.5624708533287048
        },
        "tail": {
          "x": -0.02614251896739006,
          "y": -0.07834534347057343,
          "z": 0.6597703695297241
        }
      },
      "world_space": {
        "head": {
          "x": -0.01574479043483734,
          "y": 0.015483781695365906,
          "z": 1.5123248100280762
        },
        "tail": {
          "x": -0.02614251896739006,
          "y": -0.015101343393325806,
          "z": 1.6096243858337402
        },
        "rotation_quaternion": {
          "w": 0.5907589793205261,
          "x": 0.805242121219635,
          "y": -0.04288318380713463,
          "z": 0.027386270463466644
        },
        "matrix": [
          [
            0.9948220252990723,
            -0.10142014175653458,
            -0.006562642753124237,
            -0.01574479043483734
          ],
          [
            -0.036705851554870605,
            -0.2983293831348419,
            -0.9537571668624878,
            0.015483781695365906
          ],
          [
            0.09477294981479645,
            0.9490656852722168,
            -0.300510436296463,
            1.5123248100280762
          ],
          [
            0.0,
            0.0,
            0.0,
            1.0
          ]
        ]
      },
      "bone_length_armature_space": 0.1025219897407654,
      "parent": "spine_01",
      "has_children": true,
      "is_end_bone": false
    },
    "head": {
      "name": "head",
      "local": {
        "location": {
          "x": 0.0,
          "y": 0.0,
          "z": 0.0
        },
        "rotation_quaternion": {
          "w": 0.9701805710792542,
          "x": -0.12908154726028442,
          "y": 0.038374755531549454,
          "z": 0.20153221487998962
        },
        "scale": {
          "x": 1.0,
          "y": 1.0,
          "z": 1.0
        },
        "matrix_basis": [
          [
            0.915824294090271,
            -0.40095221996307373,
            0.022432703524827957,
            0.0
          ],
          [
            0.38113832473754883,
            0.8854454159736633,
            0.2659323215484619,
            0.0
          ],
          [
            -0.12648905813694,
            -0.23499731719493866,
            0.9637306928634644,
            0.0
          ],
          [
            0.0,
            0.0,
            0.0,
            1.0
          ]
        ],
        "rotation_mode": "QUATERNION"
      },
      "armature_space": {
        "head": {
          "x": -0.026142513379454613,
          "y": -0.07834547013044357,
          "z": 0.6597701907157898
        },
        "tail": {
          "x": -0.09906972944736481,
          "y": -0.030389677733182907,
          "z": 0.7879695892333984
        }
      },
      "world_space": {
        "head": {
          "x": -0.026142513379454613,
          "y": -0.015101470053195953,
          "z": 1.6096241474151611
        },
        "tail": {
          "x": -0.09906972944736481,
          "y": 0.03285432234406471,
          "z": 1.7378236055374146
        },
        "rotation_quaternion": {
          "w": 0.793285608291626,
          "x": 0.5579953193664551,
          "y": -0.15907122194766998,
          "z": 0.18448729813098907
        },
        "matrix": [
          [
            0.8813216090202332,
            -0.4702244699001312,
            -0.04648984223604202,
            -0.026142513379454613
          ],
          [
            0.1151827797293663,
            0.30921223759651184,
            -0.9439921975135803,
            -0.015101470053195953
          ],
          [
            0.4582667350769043,
            0.8266118168830872,
            0.32667845487594604,
            1.6096241474151611
          ],
          [
            0.0,
            0.0,
            0.0,
            1.0
          ]
        ]
      },
      "bone_length_armature_space": 0.15509101059850386,
      "parent": "neck_01",
      "has_children": false,
      "is_end_bone": true
    },
    "upperarm_l": {
      "name": "upperarm_l",
      "local": {
        "location": {
          "x": 0.0,
          "y": 0.0,
          "z": 0.0
        },
        "rotation_quaternion": {
          "w": -0.6789602041244507,
          "x": 0.46250277757644653,
          "y": 0.04889247938990593,
          "z": 0.5680789947509766
        },
        "scale": {
          "x": 1.0,
          "y": 1.0,
          "z": 1.0
        },
        "matrix_basis": [
          [
            0.349791556596756,
            0.8166318535804749,
            0.4590841233730316,
            0.0
          ],
          [
            -0.7261802554130554,
            -0.07324513047933578,
            0.6835915446281433,
            0.0
          ],
          [
            0.5918683409690857,
            -0.5724923610687256,
            0.5674014091491699,
            0.0
          ],
          [
            0.0,
            0.0,
            0.0,
            1.0
          ]
        ],
        "rotation_mode": "QUATERNION"
      },
      "armature_space": {
        "head": {
          "x": 0.1359526813030243,
          "y": -0.03416339308023453,
          "z": 0.5005829930305481
        },
        "tail": {
          "x": 0.09668542444705963,
          "y": 0.1248343363404274,
          "z": 0.28848397731781006
        }
      },
      "world_space": {
        "head": {
          "x": 0.1359526813030243,
          "y": 0.029080606997013092,
          "z": 1.450437068939209
        },
        "tail": {
          "x": 0.09668542444705963,
          "y": 0.18807834386825562,
          "z": 1.2383379936218262
        },
        "rotation_quaternion": {
          "w": 0.3488304913043976,
          "x": -0.2488410323858261,
          "y": 0.8215769529342651,
          "z": -0.3760409951210022
        },
        "matrix": [
          [
            -0.6327910423278809,
            -0.14653632044792175,
            0.7603306174278259,
            0.1359526813030243
          ],
          [
            -0.671233594417572,
            0.5933427810668945,
            -0.4442861080169678,
            0.029080606997013092
          ],
          [
            -0.3860359191894531,
            -0.7915045619010925,
            -0.4738258421421051,
            1.450437068939209
          ],
          [
            0.0,
            0.0,
            0.0,
            1.0
          ]
        ]
      },
      "bone_length_armature_space": 0.2679704957500624,
      "parent": "spine_01",
      "has_children": true,
      "is_end_bone": false
    },
    "lowerarm_l": {
      "name": "lowerarm_l",
      "local": {
        "location": {
          "x": 0.0,
          "y": 0.0,
          "z": 0.0
        },
        "rotation_quaternion": {
          "w": 0.88432377576828,
          "x": 0.30266696214675903,
          "y": -0.2670878767967224,
          "z": 0.23458096385002136
        },
        "scale": {
          "x": 1.0,
          "y": 1.0,
          "z": 1.0
        },
        "matrix_basis": [
          [
            0.7472716569900513,
            -0.5765684247016907,
            -0.3303844928741455,
            0.0
          ],
          [
            0.25321370363235474,
            0.7067289352416992,
            -0.6606186628341675,
            0.0
          ],
          [
            0.614384114742279,
            0.4100037217140198,
            0.6741135716438293,
            0.0
          ],
          [
            0.0,
            0.0,
            0.0,
            1.0
          ]
        ],
        "rotation_mode": "QUATERNION"
      },
      "armature_space": {
        "head": {
          "x": 0.09668552875518799,
          "y": 0.12483443319797516,
          "z": 0.28848394751548767
        },
        "tail": {
          "x": 0.2685561180114746,
          "y": 0.2965606451034546,
          "z": 0.17650137841701508
        }
      },
      "world_space": {
        "head": {
          "x": 0.09668552875518799,
          "y": 0.18807843327522278,
          "z": 1.2383379936218262
        },
        "tail": {
          "x": 0.2685561180114746,
          "y": 0.359804630279541,
          "z": 1.1263554096221924
        },
        "rotation_quaternion": {
          "w": 0.7512315511703491,
          "x": 0.006689880974590778,
          "y": 0.5065633058547974,
          "z": -0.42308399081230164
        },
        "matrix": [
          [
            0.12878620624542236,
            0.6424480676651001,
            0.7554301619529724,
            0.09668552875518799
          ],
          [
            -0.628891110420227,
            0.6419084072113037,
            -0.4386909604072571,
            0.18807843327522278
          ],
          [
            -0.7667590379714966,
            -0.41858813166618347,
            0.4867015779018402,
            1.2383379936218262
          ],
          [
            0.0,
            0.0,
            0.0,
            1.0
          ]
        ]
      },
      "bone_length_armature_space": 0.26752474001703924,
      "parent": "upperarm_l",
      "has_children": true,
      "is_end_bone": false
    },
    "metacarpal_thumb_l": {
      "name": "metacarpal_thumb_l",
      "local": {
        "location": {
          "x": 0.0,
          "y": 0.0,
          "z": 0.0
        },
        "rotation_quaternion": {
          "w": 0.9999251365661621,
          "x": 0.0027251748833805323,
          "y": 0.006952820345759392,
          "z": 0.009697391651570797
        },
        "scale": {
          "x": 1.0,
          "y": 1.0,
          "z": 1.0
        },
        "matrix_basis": [
          [
            0.9997152090072632,
            -0.01935543678700924,
            0.013957453891634941,
            0.0
          ],
          [
            0.019431225955486298,
            0.9997970461845398,
            -0.005315093323588371,
            0.0
          ],
          [
            -0.013851745054125786,
            0.005584790371358395,
            0.9998884797096252,
            0.0
          ],
          [
            0.0,
            0.0,
            0.0,
            1.0
          ]
        ],
        "rotation_mode": "QUATERNION"
      },
      "armature_space": {
        "head": {
          "x": 0.2685561180114746,
          "y": 0.2965606451034546,
          "z": 0.17650137841701508
        },
        "tail": {
          "x": 0.31699487566947937,
          "y": 0.3022994101047516,
          "z": 0.1678793877363205
        }
      },
      "world_space": {
        "head": {
          "x": 0.2685561180114746,
          "y": 0.359804630279541,
          "z": 1.1263554096221924
        },
        "tail": {
          "x": 0.31699487566947937,
          "y": 0.3655434250831604,
          "z": 1.117733359336853
        },
        "rotation_quaternion": {
          "w": 0.22572222352027893,
          "x": 0.5887808203697205,
          "y": 0.712024450302124,
          "z": -0.30888184905052185
        },
        "matrix": [
          [
            -0.20477227866649628,
            0.9778954982757568,
            -0.04229051619768143,
            0.2685561180114746
          ],
          [
            0.6990101337432861,
            0.11585577577352524,
            -0.7056645750999451,
            0.359804630279541
          ],
          [
            -0.685170590877533,
            -0.17406314611434937,
            -0.7072886228561401,
            1.1263554096221924
          ],
          [
            0.0,
            0.0,
            0.0,
            1.0
          ]
        ]
      },
      "bone_length_armature_space": 0.04953368017634469,
      "parent": "lowerarm_l",
      "has_children": true,
      "is_end_bone": false
    },
    "thumb_01_l": {
      "name": "thumb_01_l",
      "local": {
        "location": {
          "x": 0.0,
          "y": 0.0,
          "z": 0.0
        },
        "rotation_quaternion": {
          "w": 0.9823421835899353,
          "x": 0.18535621464252472,
          "y": -0.021969644352793694,
          "z": 0.012817218899726868
        },
        "scale": {
          "x": 1.0,
          "y": 1.0,
          "z": 1.0
        },
        "matrix_basis": [
          [
            0.9987061023712158,
            -0.03332620859146118,
            -0.03841191530227661,
            0.0
          ],
          [
            0.017037369310855865,
            0.930957555770874,
            -0.364729642868042,
            0.0
          ],
          [
            0.04791491851210594,
            0.36360326409339905,
            0.9303207993507385,
            0.0
          ],
          [
            0.0,
            0.0,
            0.0,
            1.0
          ]
        ],
        "rotation_mode": "QUATERNION"
      },
      "armature_space": {
        "head": {
          "x": 0.31699487566947937,
          "y": 0.3022994101047516,
          "z": 0.1678793877363205
        },
        "tail": {
          "x": 0.3348322808742523,
          "y": 0.29277870059013367,
          "z": 0.14049656689167023
        }
      },
      "world_space": {
        "head": {
          "x": 0.31699487566947937,
          "y": 0.3655434250831604,
          "z": 1.117733359336853
        },
        "tail": {
          "x": 0.3348322808742523,
          "y": 0.3560227155685425,
          "z": 1.09035062789917
        },
        "rotation_quaternion": {
          "w": 0.49216800928115845,
          "x": -0.7995025515556335,
          "y": -0.34339287877082825,
          "z": 0.02545076049864292
        },
        "matrix": [
          [
            0.7628657221794128,
            0.5240352153778076,
            -0.37871187925338745,
            0.31699487566947937
          ],
          [
            0.5741411447525024,
            -0.279703825712204,
            0.7694984674453735,
            0.3655434250831604
          ],
          [
            0.2973197102546692,
            -0.8044642210006714,
            -0.5142493844032288,
            1.117733359336853
          ],
          [
            0.0,
            0.0,
            0.0,
            1.0
          ]
        ]
      },
      "bone_length_armature_space": 0.03403873971525462,
      "parent": "metacarpal_thumb_l",
      "has_children": true,
      "is_end_bone": false
    },
    "thumb_02_l": {
      "name": "thumb_02_l",
      "local": {
        "location": {
          "x": 0.0,
          "y": 0.0,
          "z": 0.0
        },
        "rotation_quaternion": {
          "w": 0.9275059700012207,
          "x": 0.37370699644088745,
          "y": -0.008436768315732479,
          "z": 0.0021760561503469944
        },
        "scale": {
          "x": 1.0,
          "y": 1.0,
          "z": 1.0
        },
        "matrix_basis": [
          [
            0.9998481869697571,
            -0.010342368856072426,
            -0.014023890718817711,
            0.0
          ],
          [
            -0.0022691485937684774,
            0.7206767201423645,
            -0.6932676434516907,
            0.0
          ],
          [
            0.017276721075177193,
            0.6931942105293274,
            0.7205438017845154,
            0.0
          ],
          [
            0.0,
            0.0,
            0.0,
            1.0
          ]
        ],
        "rotation_mode": "QUATERNION"
      },
      "armature_space": {
        "head": {
          "x": 0.3348322808742523,
          "y": 0.2927786409854889,
          "z": 0.14049659669399261
        },
        "tail": {
          "x": 0.3379928767681122,
          "y": 0.33281588554382324,
          "z": 0.14095443487167358
        }
      },
      "world_space": {
        "head": {
          "x": 0.3348322808742523,
          "y": 0.3560226559638977,
          "z": 1.09035062789917
        },
        "tail": {
          "x": 0.3379928767681122,
          "y": 0.39605987071990967,
          "z": 1.090808391571045
        },
        "rotation_quaternion": {
          "w": 0.9356223940849304,
          "x": -0.008481538854539394,
          "y": -0.3507530987262726,
          "z": -0.0388730950653553
        },
        "matrix": [
          [
            0.7509220838546753,
            0.07869112491607666,
            -0.6556854844093323,
            0.3348322808742523
          ],
          [
            -0.06679123640060425,
            0.9968339800834656,
            0.04314151406288147,
            0.3560226559638977
          ],
          [
            0.6570088863372803,
            0.011399269104003906,
            0.7538059949874878,
            1.09035062789917
          ],
          [
            0.0,
            0.0,
            0.0,
            1.0
          ]
        ]
      },
      "bone_length_armature_space": 0.04016441197581304,
      "parent": "thumb_01_l",
      "has_children": true,
      "is_end_bone": false
    },
    "thumb_03_l": {
      "name": "thumb_03_l",
      "local": {
        "location": {
          "x": 0.0,
          "y": 0.0,
          "z": 0.0
        },
        "rotation_quaternion": {
          "w": 0.9771822094917297,
          "x": 0.2121242880821228,
          "y": -0.010843913070857525,
          "z": 0.000781546114012599
        },
        "scale": {
          "x": 1.0,
          "y": 1.0,
          "z": 1.0
        },
        "matrix_basis": [
          [
            0.9997636079788208,
            -0.0061279404908418655,
            -0.020861387252807617,
            0.0
          ],
          [
            -0.003073088824748993,
            0.9100053310394287,
            -0.4145851135253906,
            0.0
          ],
          [
            0.021524528041481972,
            0.4145511984825134,
            0.9097713828086853,
            0.0
          ],
          [
            0.0,
            0.0,
            0.0,
            1.0
          ]
        ],
        "rotation_mode": "QUATERNION"
      },
      "armature_space": {
        "head": {
          "x": 0.33799293637275696,
          "y": 0.33281582593917847,
          "z": 0.14095443487167358
        },
        "tail": {
          "x": 0.32762062549591064,
          "y": 0.3573688864707947,
          "z": 0.15566693246364594
        }
      },
      "world_space": {
        "head": {
          "x": 0.33799293637275696,
          "y": 0.3960598111152649,
          "z": 1.090808391571045
        },
        "tail": {
          "x": 0.32762062549591064,
          "y": 0.4206128716468811,
          "z": 1.1055209636688232
        },
        "rotation_quaternion": {
          "w": 0.9376532435417175,
          "x": 0.28007346391677856,
          "y": -0.1550614833831787,
          "z": 0.13535605370998383
        },
        "matrix": [
          [
            0.9152693748474121,
            -0.3406915068626404,
            -0.21496766805648804,
            0.33799293637275696
          ],
          [
            0.16697756946086884,
            0.8064755201339722,
            -0.5672001242637634,
            0.3960598111152649
          ],
          [
            0.3666091561317444,
            0.4832504093647003,
            0.7950352430343628,
            1.090808391571045
          ],
          [
            0.0,
            0.0,
            0.0,
            1.0
          ]
        ]
      },
      "bone_length_armature_space": 0.030444953692507912,
      "parent": "thumb_02_l",
      "has_children": false,
      "is_end_bone": true
    },
    "metacarpal_index_l": {
      "name": "metacarpal_index_l",
      "local": {
        "location": {
          "x": 0.0,
          "y": 0.0,
          "z": 0.0
        },
        "rotation_quaternion": {
          "w": 0.9987111687660217,
          "x": -0.049301519989967346,
          "y": -0.008163852617144585,
          "z": 0.008872843347489834
        },
        "scale": {
          "x": 1.0,
          "y": 1.0,
          "z": 1.0
        },
        "matrix_basis": [
          [
            0.9997092485427856,
            -0.01691783405840397,
            -0.017181551083922386,
            0.0
          ],
          [
            0.018527796491980553,
            0.9949812889099121,
            0.09833108633756638,
            0.0
          ],
          [
            0.015431771986186504,
            -0.09862083196640015,
            0.9950054287910461,
            0.0
          ],
          [
            0.0,
            0.0,
            0.0,
            1.0
          ]
        ],
        "rotation_mode": "QUATERNION"
      },
      "armature_space": {
        "head": {
          "x": 0.2685561180114746,
          "y": 0.2965606451034546,
          "z": 0.17650137841701508
        },
        "tail": {
          "x": 0.36381563544273376,
          "y": 0.35844844579696655,
          "z": 0.14778295159339905
        }
      },
      "world_space": {
        "head": {
          "x": 0.2685561180114746,
          "y": 0.359804630279541,
          "z": 1.1263554096221924
        },
        "tail": {
          "x": 0.36381563544273376,
          "y": 0.421692430973053,
          "z": 1.0976369380950928
        },
        "rotation_quaternion": {
          "w": 0.4741714596748352,
          "x": 0.3146171271800995,
          "y": 0.7343376874923706,
          "z": -0.3700348734855652
        },
        "matrix": [
          [
            -0.35235491394996643,
            0.8129906058311462,
            0.463564932346344,
            0.2685561180114746
          ],
          [
            0.11115115880966187,
            0.5281803011894226,
            -0.8418261408805847,
            0.359804630279541
          ],
          [
            -0.9292487502098083,
            -0.24509689211845398,
            -0.27647462487220764,
            1.1263554096221924
          ],
          [
            0.0,
            0.0,
            0.0,
            1.0
          ]
        ]
      },
      "bone_length_armature_space": 0.1171717710171354,
      "parent": "lowerarm_l",
      "has_children": true,
      "is_end_bone": false
    },
    "index_01_l": {
      "name": "index_01_l",
      "local": {
        "location": {
          "x": 0.0,
          "y": 0.0,
          "z": 0.0
        },
        "rotation_quaternion": {
          "w": 0.9694543480873108,
          "x": 0.2447120100259781,
          "y": -0.005421606358140707,
          "z": -0.01565558649599552
        },
        "scale": {
          "x": 1.0,
          "y": 1.0,
          "z": 1.0
        },
        "matrix_basis": [
          [
            0.9994510412216187,
            0.02770128846168518,
            -0.018174219876527786,
            0.0
          ],
          [
            -0.03300821781158447,
            0.8797418475151062,
            -0.4743044972419739,
            0.0
          ],
          [
            0.0028497795574367046,
            0.4746440052986145,
            0.8801732659339905,
            0.0
          ],
          [
            0.0,
            0.0,
            0.0,
            1.0
          ]
        ],
        "rotation_mode": "QUATERNION"
      },
      "armature_space": {
        "head": {
          "x": 0.36381563544273376,
          "y": 0.35844844579696655,
          "z": 0.14778295159339905
        },
        "tail": {
          "x": 0.3849765658378601,
          "y": 0.3641371726989746,
          "z": 0.12953665852546692
        }
      },
      "world_space": {
        "head": {
          "x": 0.36381563544273376,
          "y": 0.421692430973053,
          "z": 1.0976369380950928
        },
        "tail": {
          "x": 0.3849765658378601,
          "y": 0.42738115787506104,
          "z": 1.0793906450271606
        },
        "rotation_quaternion": {
          "w": 0.35608619451522827,
          "x": 0.23552004992961884,
          "y": 0.6877166628837585,
          "z": -0.587178647518158
        },
        "matrix": [
          [
            -0.6354663372039795,
            0.7421144247055054,
            0.21318736672401428,
            0.36381563544273376
          ],
          [
            -0.094227634370327,
            0.19950422644615173,
            -0.9753561019897461,
            0.421692430973053
          ],
          [
            -0.7663629055023193,
            -0.6398982405662537,
            -0.0568520724773407,
            1.0976369380950928
          ],
          [
            0.0,
            0.0,
            0.0,
            1.0
          ]
        ]
      },
      "bone_length_armature_space": 0.028514449266488644,
      "parent": "metacarpal_index_l",
      "has_children": true,
      "is_end_bone": false
    },
    "index_02_l": {
      "name": "index_02_l",
      "local": {
        "location": {
          "x": 0.0,
          "y": 0.0,
          "z": 0.0
        },
        "rotation_quaternion": {
          "w": 0.9200358986854553,
          "x": 0.3918062746524811,
          "y": 0.0014537412207573652,
          "z": -0.004443633370101452
        },
        "scale": {
          "x": 1.0,
          "y": 1.0,
          "z": 1.0
        },
        "matrix_basis": [
          [
            0.9999563097953796,
            0.009315773844718933,
            -0.0008070986368693411,
            0.0
          ],
          [
            -0.0070374347269535065,
            0.6929361820220947,
            -0.7209646105766296,
            0.0
          ],
          [
            -0.0061570750549435616,
            0.7209387421607971,
            0.6929714679718018,
            0.0
          ],
          [
            0.0,
            0.0,
            0.0,
            1.0
          ]
        ],
        "rotation_mode": "QUATERNION"
      },
      "armature_space": {
        "head": {
          "x": 0.3849770426750183,
          "y": 0.3641369938850403,
          "z": 0.12953658401966095
        },
        "tail": {
          "x": 0.4027146100997925,
          "y": 0.3504466712474823,
          "z": 0.11704473197460175
        }
      },
      "world_space": {
        "head": {
          "x": 0.3849770426750183,
          "y": 0.4273809790611267,
          "z": 1.0793906450271606
        },
        "tail": {
          "x": 0.4027146100997925,
          "y": 0.4136906862258911,
          "z": 1.0668987035751343
        },
        "rotation_quaternion": {
          "w": 0.26204365491867065,
          "x": 0.3277375400066376,
          "y": 0.4055856168270111,
          "z": -0.8120477199554443
        },
        "matrix": [
          [
            -0.6478427052497864,
            0.6914354562759399,
            -0.3197139501571655,
            0.3849770426750183
          ],
          [
            -0.1597348302602768,
            -0.5336676239967346,
            -0.8304721713066101,
            0.4273809790611267
          ],
          [
            -0.7448440194129944,
            -0.4869498014450073,
            0.4561811089515686,
            1.0793906450271606
          ],
          [
            0.0,
            0.0,
            0.0,
            1.0
          ]
        ]
      },
      "bone_length_armature_space": 0.025653315258704512,
      "parent": "index_01_l",
      "has_children": true,
      "is_end_bone": false
    },
    "index_03_l": {
      "name": "index_03_l",
      "local": {
        "location": {
          "x": 0.0,
          "y": 0.0,
          "z": 0.0
        },
        "rotation_quaternion": {
          "w": 0.9624283909797668,
          "x": 0.2714443504810333,
          "y": -0.004275484476238489,
          "z": -0.005594346672296524
        },
        "scale": {
          "x": 1.0,
          "y": 1.0,
          "z": 1.0
        },
        "matrix_basis": [
          [
            0.9999008178710938,
            0.008447203785181046,
            -0.011266802437603474,
            0.0
          ],
          [
            -0.013089428655803204,
            0.8525733351707458,
            -0.5224436521530151,
            0.0
          ],
          [
            0.0051925876177847385,
            0.5225393176078796,
            0.8525993824005127,
            0.0
          ],
          [
            0.0,
            0.0,
            0.0,
            1.0
          ]
        ],
        "rotation_mode": "QUATERNION"
      },
      "armature_space": {
        "head": {
          "x": 0.40271469950675964,
          "y": 0.35044679045677185,
          "z": 0.11704469472169876
        },
        "tail": {
          "x": 0.41096019744873047,
          "y": 0.3230742812156677,
          "z": 0.1110040545463562
        }
      },
      "world_space": {
        "head": {
          "x": 0.40271469950675964,
          "y": 0.41369080543518066,
          "z": 1.0668987035751343
        },
        "tail": {
          "x": 0.41096019744873047,
          "y": 0.38631826639175415,
          "z": 1.0608580112457275
        },
        "rotation_quaternion": {
          "w": 0.09095878154039383,
          "x": 0.38440999388694763,
          "y": 0.152705118060112,
          "z": -0.9058900475502014
        },
        "matrix": [
          [
            -0.6879111528396606,
            0.2821999192237854,
            -0.6686863899230957,
            0.40271469950675964
          ],
          [
            -0.04739505425095558,
            -0.9368157386779785,
            -0.3465982973575592,
            0.41369080543518066
          ],
          [
            -0.7242507934570312,
            -0.20673900842666626,
            0.6578249931335449,
            1.0668987035751343
          ],
          [
            0.0,
            0.0,
            0.0,
            1.0
          ]
        ]
      },
      "bone_length_armature_space": 0.02921868958090844,
      "parent": "index_02_l",
      "has_children": false,
      "is_end_bone": true
    },
    "metacarpal_pinky_l": {
      "name": "metacarpal_pinky_l",
      "local": {
        "location": {
          "x": 0.0,
          "y": 0.0,
          "z": 0.0
        },
        "rotation_quaternion": {
          "w": 0.9998966455459595,
          "x": 0.007158888969570398,
          "y": 0.007100652437657118,
          "z": -0.010247048921883106
        },
        "scale": {
          "x": 1.0,
          "y": 1.0,
          "z": 1.0
        },
        "matrix_basis": [
          [
            0.9996891617774963,
            0.02059364505112171,
            0.014053122140467167,
            0.0
          ],
          [
            -0.020390314981341362,
            0.9996874928474426,
            -0.014461820013821125,
            0.0
          ],
          [
            -0.014346552081406116,
            0.014170777052640915,
            0.9997966885566711,
            0.0
          ],
          [
            0.0,
            0.0,
            0.0,
            1.0
          ]
        ],
        "rotation_mode": "QUATERNION"
      },
      "armature_space": {
        "head": {
          "x": 0.2685561180114746,
          "y": 0.2965606451034546,
          "z": 0.17650137841701508
        },
        "tail": {
          "x": 0.31060922145843506,
          "y": 0.37373101711273193,
          "z": 0.12064868211746216
        }
      },
      "world_space": {
        "head": {
          "x": 0.2685561180114746,
          "y": 0.359804630279541,
          "z": 1.1263554096221924
        },
        "tail": {
          "x": 0.31060922145843506,
          "y": 0.43697500228881836,
          "z": 1.070502758026123
        },
        "rotation_quaternion": {
          "w": 0.9330247044563293,
          "x": -0.28667306900024414,
          "y": 0.0032685569021850824,
          "z": -0.21742340922355652
        },
        "matrix": [
          [
            0.9054326415061951,
            0.40384891629219055,
            0.13075889647006989,
            0.2685561180114746
          ],
          [
            -0.40759727358818054,
            0.7410908937454224,
            0.5335249900817871,
            0.359804630279541
          ],
          [
            0.11855963617563248,
            -0.5363708138465881,
            0.8356218934059143,
            1.1263554096221924
          ],
          [
            0.0,
            0.0,
            0.0,
            1.0
          ]
        ]
      },
      "bone_length_armature_space": 0.1041309438238416,
      "parent": "lowerarm_l",
      "has_children": true,
      "is_end_bone": false
    },
    "pinky_01_l": {
      "name": "pinky_01_l",
      "local": {
        "location": {
          "x": 0.0,
          "y": 0.0,
          "z": 0.0
        },
        "rotation_quaternion": {
          "w": 0.9568256139755249,
          "x": 0.29061973094940186,
          "y": 0.004881018772721291,
          "z": -0.0010997771751135588
        },
        "scale": {
          "x": 1.0,
          "y": 1.0,
          "z": 1.0
        },
        "matrix_basis": [
          [
            0.9999499320983887,
            0.004941630642861128,
            0.008701333776116371,
            0.0
          ],
          [
            0.000732450804207474,
            0.8310779333114624,
            -0.5561555624008179,
            0.0
          ],
          [
            -0.009979801252484322,
            0.556134045124054,
            0.8310326933860779,
            0.0
          ],
          [
            0.0,
            0.0,
            0.0,
            1.0
          ]
        ],
        "rotation_mode": "QUATERNION"
      },
      "armature_space": {
        "head": {
          "x": 0.31060922145843506,
          "y": 0.37373101711273193,
          "z": 0.12064868211746216
        },
        "tail": {
          "x": 0.3247458040714264,
