{
  "metadata": {
    "armature_name": "KIM_caucasian_male",
    "export_time": "2026-01-13T21:04:28.667161",
    "blender_version": "4.4.1",
    "bone_count": 56,
    "end_bone_count": 13,
    "spaces_included": [
      "LOCAL_CHANNELS",
      "ARMATURE_SPACE",
      "WORLD_SPACE"
    ],
    "note": "LOCAL matches Transform panel; replay pose via local.matrix_basis for best fidelity."
  },
  "bones": {
    "Root": {
      "name": "Root",
      "local": {
        "location": {
          "x": 0.0,
          "y": 0.0,
          "z": 0.0
        },
        "rotation_quaternion": {
          "w": 0.9997628927230835,
          "x": 0.006539859808981419,
          "y": -0.009977268986403942,
          "z": 0.0182174202054739
        },
        "scale": {
          "x": 1.0,
          "y": 1.0,
          "z": 1.0
        },
        "matrix_basis": [
          [
            0.9991371631622314,
            -0.036556702107191086,
            -0.019711527973413467,
            0.0
          ],
          [
            0.03629570081830025,
            0.9992507100105286,
            -0.013440138660371304,
            0.0
          ],
          [
            0.020188085734844208,
            0.012713097967207432,
            0.9997153878211975,
            0.0
          ],
          [
            0.0,
            0.0,
            0.0,
            1.0
          ]
        ],
        "rotation_mode": "QUATERNION"
      },
      "armature_space": {
        "head": {
          "x": 0.0,
          "y": 0.07072800397872925,
          "z": -0.009595036506652832
        },
        "tail": {
          "x": -0.002609266433864832,
          "y": -6.898492574691772e-05,
          "z": -0.0009063687175512314
        }
      },
      "world_space": {
        "head": {
          "x": 0.0,
          "y": 0.13397200405597687,
          "z": 0.9402589797973633
        },
        "tail": {
          "x": -0.002609266433864832,
          "y": 0.0631750151515007,
          "z": 0.9489476680755615
        },
        "rotation_quaternion": {
          "w": 0.06082667410373688,
          "x": 0.9979322552680969,
          "y": -0.018848180770874023,
          "z": -0.008727334439754486
        },
        "matrix": [
          [
            0.9991371631622314,
            -0.036556702107191086,
            -0.019711527973413467,
            0.0
          ],
          [
            -0.03868012875318527,
            -0.9918897151947021,
            -0.12107328325510025,
            0.13397200405597687
          ],
          [
            -0.015125764533877373,
            0.12173116952180862,
            -0.9924548864364624,
            0.9402589797973633
          ],
          [
            0.0,
            0.0,
            0.0,
            1.0
          ]
        ]
      },
      "bone_length_armature_space": 0.0713758708470424,
      "parent": null,
      "has_children": true,
      "is_end_bone": false
    },
    "spine_01": {
      "name": "spine_01",
      "local": {
        "location": {
          "x": 0.0,
          "y": 0.0,
          "z": 0.0
        },
        "rotation_quaternion": {
          "w": 0.9980103969573975,
          "x": -0.01307462528347969,
          "y": 0.019908379763364792,
          "z": 0.05837802216410637
        },
        "scale": {
          "x": 1.0,
          "y": 1.0,
          "z": 1.0
        },
        "matrix_basis": [
          [
            0.9923913478851318,
            -0.11704433709383011,
            0.038210999220609665,
            0.0
          ],
          [
            0.11600315570831299,
            0.9928421378135681,
            0.02842164784669876,
            0.0
          ],
          [
            -0.04126408323645592,
            -0.023772800341248512,
            0.9988654255867004,
            0.0
          ],
          [
            0.0,
            0.0,
            0.0,
            1.0
          ]
        ],
        "rotation_mode": "QUATERNION"
      },
      "armature_space": {
        "head": {
          "x": -0.002609266433864832,
          "y": -6.898492574691772e-05,
          "z": -0.0009063687175512314
        },
        "tail": {
          "x": -0.05127992853522301,
          "y": 0.02988395094871521,
          "z": 0.4837404191493988
        }
      },
      "world_space": {
        "head": {
          "x": -0.002609266433864832,
          "y": 0.0631750151515007,
          "z": 0.9489476680755615
        },
        "tail": {
          "x": -0.05127992853522301,
          "y": 0.09312795102596283,
          "z": 1.4335944652557373
        },
        "rotation_quaternion": {
          "w": 0.7276902198791504,
          "x": 0.6840862035751343,
          "y": -0.03400246426463127,
          "z": 0.03656327351927757
        },
        "matrix": [
          [
            0.9950138926506042,
            -0.09973470866680145,
            0.0005389973521232605,
            -0.002609266433864832
          ],
          [
            0.006692938506603241,
            0.06137881428003311,
            -0.9980922341346741,
            0.0631750151515007
          ],
          [
            0.09951204806566238,
            0.9931262135505676,
            0.061739809811115265,
            0.9489476680755615
          ],
          [
            0.0,
            0.0,
            0.0,
            1.0
          ]
        ]
      },
      "bone_length_armature_space": 0.4880046415644858,
      "parent": "Root",
      "has_children": true,
      "is_end_bone": false
    },
    "neck_01": {
      "name": "neck_01",
      "local": {
        "location": {
          "x": 0.0,
          "y": 0.0,
          "z": 0.0
        },
        "rotation_quaternion": {
          "w": 0.9922000169754028,
          "x": -0.10123120993375778,
          "y": 0.06043960154056549,
          "z": 0.04047790914773941
        },
        "scale": {
          "x": 1.0,
          "y": 1.0,
          "z": 1.0
        },
        "matrix_basis": [
          [
            0.9894171953201294,
            -0.09256111085414886,
            0.1117410883307457,
            0.0
          ],
          [
            0.0680876150727272,
            0.9762275815010071,
            0.2057761549949646,
            0.0
          ],
          [
            -0.12813159823417664,
            -0.19599027931690216,
            0.9721986055374146,
            0.0
          ],
          [
            0.0,
            0.0,
            0.0,
            1.0
          ]
        ],
        "rotation_mode": "QUATERNION"
      },
      "armature_space": {
        "head": {
          "x": -0.058563657104969025,
          "y": -0.00023626536130905151,
          "z": 0.5585967302322388
        },
        "tail": {
          "x": -0.0779559314250946,
          "y": -0.013531142845749855,
          "z": 0.65838623046875
        }
      },
      "world_space": {
        "head": {
          "x": -0.058563657104969025,
          "y": 0.06300773471593857,
          "z": 1.5084507465362549
        },
        "tail": {
          "x": -0.0779559314250946,
          "y": 0.049712859094142914,
          "z": 1.6082402467727661
        },
        "rotation_quaternion": {
          "w": 0.6590495109558105,
          "x": 0.7432671785354614,
          "y": -0.02853153832256794,
          "z": 0.11132729053497314
        },
        "matrix": [
          [
            0.9735845327377319,
            -0.1891535371541977,
            0.127883180975914,
            -0.058563657104969025
          ],
          [
            0.10432609915733337,
            -0.1296791285276413,
            -0.9860527515411377,
            0.06300773471593857
          ],
          [
            0.20310062170028687,
            0.9733536839485168,
            -0.1065215915441513,
            1.5084507465362549
          ],
          [
            0.0,
            0.0,
            0.0,
            1.0
          ]
        ]
      },
      "bone_length_armature_space": 0.1025219884633103,
      "parent": "spine_01",
      "has_children": true,
      "is_end_bone": false
    },
    "head": {
      "name": "head",
      "local": {
        "location": {
          "x": 0.0,
          "y": 0.0,
          "z": 0.0
        },
        "rotation_quaternion": {
          "w": 0.979302167892456,
          "x": 0.02172965183854103,
          "y": -0.1300314962863922,
          "z": 0.15358036756515503
        },
        "scale": {
          "x": 1.0,
          "y": 1.0,
          "z": 1.0
        },
        "matrix_basis": [
          [
            0.9190097451210022,
            -0.30645424127578735,
            -0.24800576269626617,
            0.0
          ],
          [
            0.29515209794044495,
            0.9518817663192749,
            -0.08250036090612411,
            0.0
          ],
          [
            0.2613547444343567,
            0.002619220409542322,
            0.9652392864227295,
            0.0
          ],
          [
            0.0,
            0.0,
            0.0,
            1.0
          ]
        ],
        "rotation_mode": "QUATERNION"
      },
      "armature_space": {
        "head": {
          "x": -0.07795590162277222,
          "y": -0.01353128720074892,
          "z": 0.6583861708641052
        },
        "tail": {
          "x": -0.15716059505939484,
          "y": 0.016012925654649734,
          "z": 0.7884130477905273
        }
      },
      "world_space": {
        "head": {
          "x": -0.07795590162277222,
          "y": 0.049712713807821274,
          "z": 1.6082401275634766
        },
        "tail": {
          "x": -0.15716059505939484,
          "y": 0.07925692200660706,
          "z": 1.7382670640945435
        },
        "rotation_quaternion": {
          "w": 0.7325149178504944,
          "x": 0.6197700500488281,
          "y": -0.242218017578125,
          "z": 0.14365707337856293
        },
        "matrix": [
          [
            0.8413865566253662,
            -0.5107007622718811,
            -0.17678609490394592,
            -0.07795590162277222
          ],
          [
            -0.08977404236793518,
            0.19049695134162903,
            -0.9775747060775757,
            0.049712713807821274
          ],
          [
            0.5329288840293884,
            0.8383949398994446,
            0.11443378031253815,
            1.6082401275634766
          ],
          [
            0.0,
            0.0,
            0.0,
            1.0
          ]
        ]
      },
      "bone_length_armature_space": 0.1550910428754121,
      "parent": "neck_01",
      "has_children": false,
      "is_end_bone": true
    },
    "upperarm_l": {
      "name": "upperarm_l",
      "local": {
        "location": {
          "x": 0.0,
          "y": 0.0,
          "z": 0.0
        },
        "rotation_quaternion": {
          "w": 0.9453156590461731,
          "x": 0.17431965470314026,
          "y": 0.27564767003059387,
          "z": -0.0030709265265613794
        },
        "scale": {
          "x": 1.0,
          "y": 1.0,
          "z": 1.0
        },
        "matrix_basis": [
          [
            0.8480178713798523,
            0.10190760344266891,
            0.5200774669647217,
            0.0
          ],
          [
            0.09029562026262283,
            0.9392064809799194,
            -0.33126717805862427,
            0.0
          ],
          [
            -0.5222187638282776,
            0.32788121700286865,
            0.7872620224952698,
            0.0
          ],
          [
            0.0,
            0.0,
            0.0,
            1.0
          ]
        ],
        "rotation_mode": "QUATERNION"
      },
      "armature_space": {
        "head": {
          "x": 0.09739309549331665,
          "y": -0.006540503352880478,
          "z": 0.5069746971130371
        },
        "tail": {
          "x": 0.35384923219680786,
          "y": -0.08410291373729706,
          "z": 0.5022903680801392
        }
      },
      "world_space": {
        "head": {
          "x": 0.09739309549331665,
          "y": 0.05670349672436714,
          "z": 1.4568287134170532
        },
        "tail": {
          "x": 0.35384923219680786,
          "y": -0.02085891366004944,
          "z": 1.4521443843841553
        },
        "rotation_quaternion": {
          "w": 0.28861668705940247,
          "x": 0.6953200697898865,
          "y": 0.5215137600898743,
          "z": -0.401564359664917
        },
        "matrix": [
          [
            0.13353759050369263,
            0.9570350646972656,
            -0.2573939263820648,
            0.09739309549331665
          ],
          [
            0.49344146251678467,
            -0.2894449830055237,
            -0.820205807685852,
            0.05670349672436714
          ],
          [
            -0.8594725728034973,
            -0.017480937764048576,
            -0.5108968019485474,
            1.4568287134170532
          ],
          [
            0.0,
            0.0,
            0.0,
            1.0
          ]
        ]
      },
      "bone_length_armature_space": 0.2679694327777758,
      "parent": "spine_01",
      "has_children": true,
      "is_end_bone": false
    },
    "lowerarm_l": {
      "name": "lowerarm_l",
      "local": {
        "location": {
          "x": 0.0,
          "y": 0.0,
          "z": 0.0
        },
        "rotation_quaternion": {
          "w": 0.9853419065475464,
          "x": 0.10758192092180252,
          "y": -0.018405579030513763,
          "z": -0.1311059594154358
        },
        "scale": {
          "x": 1.0,
          "y": 1.0,
          "z": 1.0
        },
        "matrix_basis": [
          [
            0.9649448990821838,
            0.25440818071365356,
            -0.06448084115982056,
            0.0
          ],
          [
            -0.2623285949230194,
            0.9424747228622437,
            -0.20718379318714142,
            0.0
          ],
          [
            0.008062315173447132,
            0.2168361097574234,
            0.9761747121810913,
            0.0
          ],
          [
            0.0,
            0.0,
            0.0,
            1.0
          ]
        ],
        "rotation_mode": "QUATERNION"
      },
      "armature_space": {
        "head": {
          "x": 0.35384929180145264,
          "y": -0.0841030403971672,
          "z": 0.5022904276847839
        },
        "tail": {
          "x": 0.570379376411438,
          "y": -0.21362605690956116,
          "z": 0.4133634567260742
        }
      },
      "world_space": {
        "head": {
          "x": 0.35384929180145264,
          "y": -0.020859040319919586,
          "z": 1.4521443843841553
        },
        "tail": {
          "x": 0.570379376411438,
          "y": -0.15038205683231354,
          "z": 1.3632174730300903
        },
        "rotation_quaternion": {
          "w": 0.16189883649349213,
          "x": 0.650955319404602,
          "y": 0.4813629686832428,
          "z": -0.564212441444397
        },
        "matrix": [
          [
            -0.10009367018938065,
            0.8093841075897217,
            -0.5786869525909424,
            0.35384929180145264
          ],
          [
            0.44400033354759216,
            -0.4841539263725281,
            -0.7539622783660889,
            -0.020859040319919586
          ],
          [
            -0.890424370765686,
            -0.3324068486690521,
            -0.31090885400772095,
            1.4521443843841553
          ],
          [
            0.0,
            0.0,
            0.0,
            1.0
          ]
        ]
      },
      "bone_length_armature_space": 0.26752475394206987,
      "parent": "upperarm_l",
      "has_children": true,
      "is_end_bone": false
    },
    "metacarpal_thumb_l": {
      "name": "metacarpal_thumb_l",
      "local": {
        "location": {
          "x": 0.0,
          "y": 0.0,
          "z": 0.0
        },
        "rotation_quaternion": {
          "w": 0.999420166015625,
          "x": 0.031086456030607224,
          "y": 0.004565518815070391,
          "z": -0.013116782531142235
        },
        "scale": {
          "x": 1.0,
          "y": 1.0,
          "z": 1.0
        },
        "matrix_basis": [
          [
            0.9996142387390137,
            0.026502205058932304,
            0.008310234174132347,
            0.0
          ],
          [
            -0.025934502482414246,
            0.9977231621742249,
            -0.06225663051009178,
            0.0
          ],
          [
            -0.009941251948475838,
            0.06201709061861038,
            0.9980255961418152,
            0.0
          ],
          [
            0.0,
            0.0,
            0.0,
            1.0
          ]
        ],
        "rotation_mode": "QUATERNION"
      },
      "armature_space": {
        "head": {
          "x": 0.570379376411438,
          "y": -0.21362605690956116,
          "z": 0.4133634567260742
        },
        "tail": {
          "x": 0.5847333073616028,
          "y": -0.24818187952041626,
          "z": 0.3809064030647278
        }
      },
      "world_space": {
        "head": {
          "x": 0.570379376411438,
          "y": -0.15038205683231354,
          "z": 1.3632174730300903
        },
        "tail": {
          "x": 0.5847333073616028,
          "y": -0.18493787944316864,
          "z": 1.3307604789733887
        },
        "rotation_quaternion": {
          "w": 0.34510013461112976,
          "x": -0.9195142984390259,
          "y": -0.17914937436580658,
          "z": 0.057489559054374695
        },
        "matrix": [
          [
            0.9292006492614746,
            0.2897816598415375,
            -0.22937451303005219,
            0.570379376411438
          ],
          [
            0.3691408038139343,
            -0.697623074054718,
            0.6140499711036682,
            -0.15038205683231354
          ],
          [
            0.017923850566148758,
            -0.65525221824646,
            -0.755206823348999,
            1.3632174730300903
          ],
          [
            0.0,
            0.0,
            0.0,
            1.0
          ]
        ]
      },
      "bone_length_armature_space": 0.049533832096161586,
      "parent": "lowerarm_l",
      "has_children": true,
      "is_end_bone": false
    },
    "thumb_01_l": {
      "name": "thumb_01_l",
      "local": {
        "location": {
          "x": 0.0,
          "y": 0.0,
          "z": 0.0
        },
        "rotation_quaternion": {
          "w": 0.999077320098877,
          "x": -0.040710579603910446,
          "y": -0.009761744178831577,
          "z": 0.00958852656185627
        },
        "scale": {
          "x": 1.0,
          "y": 1.0,
          "z": 1.0
        },
        "matrix_basis": [
          [
            0.999625563621521,
            -0.018364546820521355,
            -0.020286183804273605,
            0.0
          ],
          [
            0.019954171031713486,
            0.9965014457702637,
            0.0811588317155838,
            0.0
          ],
          [
            0.01872476562857628,
            -0.08153323829174042,
            0.996494710445404,
            0.0
          ],
          [
            0.0,
            0.0,
            0.0,
            1.0
          ]
        ],
        "rotation_mode": "QUATERNION"
      },
      "armature_space": {
        "head": {
          "x": 0.5847333073616028,
          "y": -0.24818187952041626,
          "z": 0.3809064030647278
        },
        "tail": {
          "x": 0.5788392424583435,
          "y": -0.2503003776073456,
          "z": 0.34744876623153687
        }
      },
      "world_space": {
        "head": {
          "x": 0.5847333073616028,
          "y": -0.18493787944316864,
          "z": 1.3307604789733887
        },
        "tail": {
          "x": 0.5788392424583435,
          "y": -0.18705637753009796,
          "z": 1.2973027229309082
        },
        "rotation_quaternion": {
          "w": 0.5325592160224915,
          "x": -0.6376851797103882,
          "y": 0.4304203689098358,
          "z": -0.35281261801719666
        },
        "matrix": [
          [
            0.38052213191986084,
            -0.17315813899040222,
            0.9084157943725586,
            0.5847333073616028
          ],
          [
            -0.9247329831123352,
            -0.06223782151937485,
            0.37549376487731934,
            -0.18493787944316864
          ],
          [
            -0.00848277099430561,
            -0.9829326868057251,
            -0.18380898237228394,
            1.3307604789733887
          ],
          [
            0.0,
            0.0,
            0.0,
            1.0
          ]
        ]
      },
      "bone_length_armature_space": 0.034038822672210665,
      "parent": "metacarpal_thumb_l",
      "has_children": true,
      "is_end_bone": false
    },
    "thumb_02_l": {
      "name": "thumb_02_l",
      "local": {
        "location": {
          "x": 0.0,
          "y": 0.0,
          "z": 0.0
        },
        "rotation_quaternion": {
          "w": 0.997727632522583,
          "x": 0.06627202779054642,
          "y": 0.012018765322864056,
          "z": 0.0018159113824367523
        },
        "scale": {
          "x": 1.0,
          "y": 1.0,
          "z": 1.0
        },
        "matrix_basis": [
          [
            0.9997044801712036,
            -0.0020305539947003126,
            0.02422359772026539,
            0.0
          ],
          [
            0.00521658593788743,
            0.9912094473838806,
            -0.1321992129087448,
            0.0
          ],
          [
            -0.02374221943318844,
            0.13228651881217957,
            0.9909271597862244,
            0.0
          ],
          [
            0.0,
            0.0,
            0.0,
            1.0
          ]
        ],
        "rotation_mode": "QUATERNION"
      },
      "armature_space": {
        "head": {
          "x": 0.5788391828536987,
          "y": -0.2503003478050232,
          "z": 0.34744879603385925
        },
        "tail": {
          "x": 0.6101949214935303,
          "y": -0.2658713459968567,
          "z": 0.3277626037597656
        }
      },
      "world_space": {
        "head": {
          "x": 0.5788391828536987,
          "y": -0.18705634772777557,
          "z": 1.2973028421401978
        },
        "tail": {
          "x": 0.6101949214935303,
          "y": -0.20262734591960907,
          "z": 1.2776166200637817
        },
        "rotation_quaternion": {
          "w": 0.530777096748352,
          "x": -0.22557023167610168,
          "y": 0.15631549060344696,
          "z": -0.8018473982810974
        },
        "matrix": [
          [
            -0.334786057472229,
            0.7806848287582397,
            0.5276831388473511,
            0.5788391828536987
          ],
          [
            -0.9217249751091003,
            -0.38768187165260315,
            -0.011224890127778053,
            -0.18705634772777557
          ],
          [
            0.19581077992916107,
            -0.49014052748680115,
            0.8493731021881104,
            1.2973028421401978
          ],
          [
            0.0,
            0.0,
            0.0,
            1.0
          ]
        ]
      },
      "bone_length_armature_space": 0.040164467997754166,
      "parent": "thumb_01_l",
      "has_children": true,
      "is_end_bone": false
    },
    "thumb_03_l": {
      "name": "thumb_03_l",
      "local": {
        "location": {
          "x": 0.0,
          "y": 0.0,
          "z": 0.0
        },
        "rotation_quaternion": {
          "w": 0.9977889657020569,
          "x": 0.06634831428527832,
          "y": 0.0038057288620620966,
          "z": 0.0008366662659682333
        },
        "scale": {
          "x": 1.0,
          "y": 1.0,
          "z": 1.0
        },
        "matrix_basis": [
          [
            0.9999696612358093,
            -0.0011646253988146782,
            0.007705651223659515,
            0.0
          ],
          [
            0.0021746400743722916,
            0.9911944270133972,
            -0.13239686191082,
            0.0
          ],
          [
            -0.00748360576108098,
            0.13240960240364075,
            0.9911668300628662,
            0.0
          ],
          [
            0.0,
            0.0,
            0.0,
            1.0
          ]
        ],
        "rotation_mode": "QUATERNION"
      },
      "armature_space": {
        "head": {
          "x": 0.6101948022842407,
          "y": -0.26587140560150146,
          "z": 0.32776257395744324
        },
        "tail": {
          "x": 0.6392967104911804,
          "y": -0.27372831106185913,
          "z": 0.3234916627407074
        }
      },
      "world_space": {
        "head": {
          "x": 0.6101948022842407,
          "y": -0.20262740552425385,
          "z": 1.2776166200637817
        },
        "tail": {
          "x": 0.6392967104911804,
          "y": -0.2104843109846115,
          "z": 1.273345708847046
        },
        "rotation_quaternion": {
          "w": 0.5953595042228699,
          "x": 0.0529862679541111,
          "y": 0.12849803268909454,
          "z": -0.7913455963134766
        },
        "matrix": [
          [
            -0.2854786515235901,
            0.955887496471405,
            0.06914576888084412,
            0.6101948022842407
          ],
          [
            -0.9286534190177917,
            -0.2580699026584625,
            -0.26646363735198975,
            -0.20262740552425385
          ],
          [
            -0.23686720430850983,
            -0.14028340578079224,
            0.9613682627677917,
            1.2776166200637817
          ],
          [
            0.0,
            0.0,
            0.0,
            1.0
          ]
        ]
      },
      "bone_length_armature_space": 0.03044491261653614,
      "parent": "thumb_02_l",
      "has_children": false,
      "is_end_bone": true
    },
    "metacarpal_index_l": {
      "name": "metacarpal_index_l",
      "local": {
        "location": {
          "x": 0.0,
          "y": 0.0,
          "z": 0.0
        },
        "rotation_quaternion": {
          "w": 0.9999192953109741,
          "x": -0.0025489565450698137,
          "y": -0.0007086461992003024,
          "z": -0.012434914708137512
        },
        "scale": {
          "x": 1.0,
          "y": 1.0,
          "z": 1.0
        },
        "matrix_basis": [
          [
            0.9996897578239441,
            0.02487143501639366,
            -0.0013537858612835407,
            0.0
          ],
          [
            -0.024864209815859795,
            0.9996777772903442,
            0.005115125793963671,
            0.0
          ],
          [
            0.0014805701794102788,
            -0.005079877562820911,
            0.9999859929084778,
            0.0
          ],
          [
            0.0,
            0.0,
            0.0,
            1.0
          ]
        ],
        "rotation_mode": "QUATERNION"
      },
      "armature_space": {
        "head": {
          "x": 0.570379376411438,
          "y": -0.21362605690956116,
          "z": 0.4133634567260742
        },
        "tail": {
          "x": 0.6412676572799683,
          "y": -0.28974851965904236,
          "z": 0.35942375659942627
        }
      },
      "world_space": {
        "head": {
          "x": 0.570379376411438,
          "y": -0.15038205683231354,
          "z": 1.3632174730300903
        },
        "tail": {
          "x": 0.6412676572799683,
          "y": -0.22650451958179474,
          "z": 1.3092777729034424
        },
        "rotation_quaternion": {
          "w": 0.1468013972043991,
          "x": -0.8697410821914673,
          "y": -0.3919394016265869,
          "z": 0.26150232553482056
        },
        "matrix": [
          [
            0.555999219417572,
            0.6049946546554565,
            -0.5699530243873596,
            0.570379376411438
          ],
          [
            0.7585497498512268,
            -0.6496657133102417,
            0.050370365381240845,
            -0.15038205683231354
          ],
          [
            -0.33980682492256165,
            -0.46034738421440125,
            -0.8201376795768738,
            1.3632174730300903
          ],
          [
            0.0,
            0.0,
            0.0,
            1.0
          ]
        ]
      },
      "bone_length_armature_space": 0.11717196401291796,
      "parent": "lowerarm_l",
      "has_children": true,
      "is_end_bone": false
    },
    "index_01_l": {
      "name": "index_01_l",
      "local": {
        "location": {
          "x": 0.0,
          "y": 0.0,
          "z": 0.0
        },
        "rotation_quaternion": {
          "w": 0.9927798509597778,
          "x": -0.11937598139047623,
          "y": -0.009000035934150219,
          "z": -0.007526926696300507
        },
        "scale": {
          "x": 1.0,
          "y": 1.0,
          "z": 1.0
        },
        "matrix_basis": [
          [
            0.9997246861457825,
            0.01709393784403801,
            -0.016073040664196014,
            0.0
          ],
          [
            -0.012796386145055294,
            0.9713854193687439,
            0.23716361820697784,
            0.0
          ],
          [
            0.01966717652976513,
            -0.23689265549182892,
            0.9713367223739624,
            0.0
          ],
          [
            0.0,
            0.0,
            0.0,
            1.0
          ]
        ],
        "rotation_mode": "QUATERNION"
      },
      "armature_space": {
        "head": {
          "x": 0.6412676572799683,
          "y": -0.28974851965904236,
          "z": 0.35942375659942627
        },
        "tail": {
          "x": 0.6675063371658325,
          "y": -0.2990691363811493,
          "z": 0.35328149795532227
        }
      },
      "world_space": {
        "head": {
          "x": 0.6412676572799683,
          "y": -0.22650451958179474,
          "z": 1.3092777729034424
        },
        "tail": {
          "x": 0.6675063371658325,
          "y": -0.23582513630390167,
          "z": 1.3031355142593384
        },
        "rotation_quaternion": {
          "w": 0.04070472717285156,
          "x": -0.804148256778717,
          "y": -0.5787104368209839,
          "z": 0.12954948842525482
        },
        "matrix": [
          [
            0.29662200808525085,
            0.9201915860176086,
            -0.2554662823677063,
            0.6412676572799683
          ],
          [
            0.9412845373153687,
            -0.32687467336654663,
            -0.08447971194982529,
            -0.22650451958179474
          ],
          [
            -0.1612432897090912,
            -0.2154097706079483,
            -0.9631268978118896,
            1.3092777729034424
          ],
          [
            0.0,
            0.0,
            0.0,
            1.0
          ]
        ]
      },
      "bone_length_armature_space": 0.02851437488509727,
      "parent": "metacarpal_index_l",
      "has_children": true,
      "is_end_bone": false
    },
    "index_02_l": {
      "name": "index_02_l",
      "local": {
        "location": {
          "x": 0.0,
          "y": 0.0,
          "z": 0.0
        },
        "rotation_quaternion": {
          "w": 0.9999266862869263,
          "x": 0.008427528664469719,
          "y": -0.003829167690128088,
          "z": 0.007817959412932396
        },
        "scale": {
          "x": 1.0,
          "y": 1.0,
          "z": 1.0
        },
        "matrix_basis": [
          [
            0.9998484253883362,
            -0.015699313953518867,
            -0.007526001892983913,
            0.0
          ],
          [
            0.015570231713354588,
            0.9997357130050659,
            -0.01691369339823723,
            0.0
          ],
          [
            0.00778954615816474,
            0.016793949529528618,
            0.9998286366462708,
            0.0
          ],
          [
            0.0,
            0.0,
            0.0,
            1.0
          ]
        ],
        "rotation_mode": "QUATERNION"
      },
      "armature_space": {
        "head": {
          "x": 0.6675065755844116,
          "y": -0.29906952381134033,
          "z": 0.3532811403274536
        },
        "tail": {
          "x": 0.6913384795188904,
          "y": -0.3070654273033142,
          "z": 0.3481628894805908
        }
      },
      "world_space": {
        "head": {
          "x": 0.6675065755844116,
          "y": -0.2358255237340927,
          "z": 1.3031351566314697
        },
        "tail": {
          "x": 0.6913384795188904,
          "y": -0.2438214272260666,
          "z": 1.298016905784607
        },
        "rotation_quaternion": {
          "w": 0.012633672915399075,
          "x": -0.7952674031257629,
          "y": -0.5865103602409363,
          "z": 0.15295706689357758
        },
        "matrix": [
          [
            0.2652190625667572,
            0.9290005564689636,
            -0.25810256600379944,
            0.6675065755844116
          ],
          [
            0.936729907989502,
            -0.3116917312145233,
            -0.15932929515838623,
            -0.2358255237340927
          ],
          [
            -0.2284662127494812,
            -0.1995169073343277,
            -0.9528957605361938,
            1.3031351566314697
          ],
          [
            0.0,
            0.0,
            0.0,
            1.0
          ]
        ]
      },
      "bone_length_armature_space": 0.025653276330950724,
      "parent": "index_01_l",
      "has_children": true,
      "is_end_bone": false
    },
    "index_03_l": {
      "name": "index_03_l",
      "local": {
        "location": {
          "x": 0.0,
          "y": 0.0,
          "z": 0.0
        },
        "rotation_quaternion": {
          "w": 0.9998582601547241,
          "x": 0.015313112176954746,
          "y": -0.003349924460053444,
          "z": 0.006162128411233425
        },
        "scale": {
          "x": 1.0,
          "y": 1.0,
          "z": 1.0
        },
        "matrix_basis": [
          [
            0.9999015927314758,
            -0.012425105087459087,
            -0.006510176695883274,
            0.0
          ],
          [
            0.012219914235174656,
            0.9994550943374634,
            -0.03066316805779934,
            0.0
          ],
          [
            0.006887622177600861,
            0.03058059886097908,
            0.9995085597038269,
            0.0
          ],
          [
            0.0,
            0.0,
            0.0,
            1.0
          ]
        ],
        "rotation_mode": "QUATERNION"
      },
      "armature_space": {
        "head": {
          "x": 0.6913385391235352,
          "y": -0.3070654273033142,
          "z": 0.34816303849220276
        },
        "tail": {
          "x": 0.7179235219955444,
          "y": -0.3144330382347107,
          "z": 0.3385353982448578
        }
      },
      "world_space": {
        "head": {
          "x": 0.6913385391235352,
          "y": -0.2438214272260666,
          "z": 1.2980170249938965
        },
        "tail": {
          "x": 0.7179235219955444,
          "y": -0.25118905305862427,
          "z": 1.2883894443511963
        },
        "rotation_quaternion": {
          "w": 0.0854019820690155,
          "x": -0.7743044495582581,
          "y": -0.6054993867874146,
          "z": 0.16287952661514282
        },
        "matrix": [
          [
            0.21368080377578735,
            0.9098615050315857,
            -0.3556582033634186,
            0.6913385391235352
          ],
          [
            0.9655022025108337,
            -0.2521539330482483,
            -0.06499484926462173,
            -0.2438214272260666
          ],
          [
            -0.14881712198257446,
            -0.3295031785964966,
            -0.9323599338531494,
            1.2980170249938965
          ],
          [
            0.0,
            0.0,
            0.0,
            1.0
          ]
        ]
      },
      "bone_length_armature_space": 0.029218734902012083,
      "parent": "index_02_l",
      "has_children": false,
      "is_end_bone": true
    },
    "metacarpal_pinky_l": {
      "name": "metacarpal_pinky_l",
      "local": {
        "location": {
          "x": 0.0,
          "y": 0.0,
          "z": 0.0
        },
        "rotation_quaternion": {
          "w": 0.9997529983520508,
          "x": -0.0049848295748233795,
          "y": -0.019242601469159126,
          "z": 0.009946474805474281
        },
        "scale": {
          "x": 1.0,
          "y": 1.0,
          "z": 1.0
        },
        "matrix_basis": [
          [
            0.9990615844726562,
            -0.019696194678544998,
            -0.038574859499931335,
            0.0
          ],
          [
            0.020079879090189934,
            0.9997524619102478,
            0.009584404528141022,
            0.0
          ],
          [
            0.03837653249502182,
            -0.01034998893737793,
            0.9992097616195679,
            0.0
          ],
          [
            0.0,
            0.0,
            0.0,
            1.0
          ]
        ],
        "rotation_mode": "QUATERNION"
      },
      "armature_space": {
        "head": {
          "x": 0.570379376411438,
          "y": -0.21362605690956116,
          "z": 0.4133634567260742
        },
        "tail": {
          "x": 0.6695401668548584,
          "y": -0.23538734018802643,
          "z": 0.390194296836853
        }
      },
      "world_space": {
        "head": {
          "x": 0.570379376411438,
          "y": -0.15038205683231354,
          "z": 1.3632174730300903
        },
        "tail": {
          "x": 0.6695401668548584,
          "y": -0.1721433401107788,
          "z": 1.3400483131408691
        },
        "rotation_quaternion": {
          "w": 0.5611776113510132,
          "x": 0.18390412628650665,
          "y": 0.28388139605522156,
          "z": -0.755427360534668
        },
        "matrix": [
          [
            -0.3025171458721161,
            0.9522718191146851,
            0.040765754878520966,
            0.570379376411438
          ],
          [
            -0.7434452772140503,
            -0.20898032188415527,
            -0.6353084444999695,
            -0.15038205683231354
          ],
          [
            -0.5964717864990234,
            -0.22250060737133026,
            0.7711868286132812,
            1.3632174730300903
          ],
          [
            0.0,
            0.0,
            0.0,
            1.0
          ]
        ]
      },
      "bone_length_armature_space": 0.10413081288146614,
      "parent": "lowerarm_l",
      "has_children": true,
      "is_end_bone": false
    },
    "pinky_01_l": {
      "name": "pinky_01_l",
      "local": {
        "location": {
          "x": 0.0,
          "y": 0.0,
          "z": 0.0
        },
        "rotation_quaternion": {
          "w": 0.9932940006256104,
          "x": -0.11538544297218323,
          "y": -0.002510939259082079,
          "z": 0.006853458937257528
        },
        "scale": {
          "x": 1.0,
          "y": 1.0,
          "z": 1.0
        },
        "matrix_basis": [
          [
            0.9998934268951416,
            -0.0130355479195714,
            -0.00656978040933609,
            0.0
          ],
          [
            0.01419445127248764,
            0.9732784628868103,
            0.2291889190673828,
            0.0
          ],
          [
            0.003406622912734747,
            -0.2292577475309372,
            0.9733597636222839,
            0.0
          ],
          [
            0.0,
            0.0,
            0.0,
            1.0
          ]
        ],
        "rotation_mode": "QUATERNION"
      },
      "armature_space": {
        "head": {
          "x": 0.6695401668548584,
          "y": -0.23538734018802643,
          "z": 0.390194296836853
