{
  "metadata": {
    "armature_name": "KIM_caucasian_male",
    "export_time": "2026-01-13T21:04:58.612389",
    "blender_version": "4.4.1",
    "bone_count": 56,
    "end_bone_count": 13,
    "spaces_included": [
      "LOCAL_CHANNELS",
      "ARMATURE_SPACE",
      "WORLD_SPACE"
    ],
    "note": "LOCAL matches Transform panel; replay pose via local.matrix_basis for best fidelity."
  },
  "bones": {
    "Root": {
      "name": "Root",
      "local": {
        "location": {
          "x": 0.0,
          "y": 0.0,
          "z": 0.0
        },
        "rotation_quaternion": {
          "w": 0.9998303651809692,
          "x": -0.012428919784724712,
          "y": 0.008330104872584343,
          "z": 0.010751630179584026
        },
        "scale": {
          "x": 1.0,
          "y": 1.0,
          "z": 1.0
        },
        "matrix_basis": [
          [
            0.9996300339698792,
            -0.021706681698560715,
            0.01639012061059475,
            0.0
          ],
          [
            0.021292544901371002,
            0.9994598627090454,
            0.02503274753689766,
            0.0
          ],
          [
            -0.016924645751714706,
            -0.024674497544765472,
            0.9995522499084473,
            0.0
          ],
          [
            0.0,
            0.0,
            0.0,
            1.0
          ]
        ],
        "rotation_mode": "QUATERNION"
      },
      "armature_space": {
        "head": {
          "x": 0.0,
          "y": 0.07072800397872925,
          "z": -0.009595036506652832
        },
        "tail": {
          "x": -0.0015493332175537944,
          "y": 0.00027495622634887695,
          "z": 0.0017400067299604416
        }
      },
      "world_space": {
        "head": {
          "x": 0.0,
          "y": 0.13397200405597687,
          "z": 0.9402589797973633
        },
        "tail": {
          "x": -0.0015493332175537944,
          "y": 0.0635189563035965,
          "z": 0.9515939950942993
        },
        "rotation_quaternion": {
          "w": 0.07975690811872482,
          "x": 0.9967215657234192,
          "y": -0.010166024789214134,
          "z": 0.009035497903823853
        },
        "matrix": [
          [
            0.9996300339698792,
            -0.021706681698560715,
            0.01639012061059475,
            0.0
          ],
          [
            -0.018824102357029915,
            -0.9870709180831909,
            -0.15917503833770752,
            0.13397200405597687
          ],
          [
            0.019633494317531586,
            0.15880778431892395,
            -0.9871213436126709,
            0.9402589797973633
          ],
          [
            0.0,
            0.0,
            0.0,
            1.0
          ]
        ]
      },
      "bone_length_armature_space": 0.07137587397528367,
      "parent": null,
      "has_children": true,
      "is_end_bone": false
    },
    "spine_01": {
      "name": "spine_01",
      "local": {
        "location": {
          "x": 0.0,
          "y": 0.0,
          "z": 0.0
        },
        "rotation_quaternion": {
          "w": 0.9907962083816528,
          "x": 0.1052122488617897,
          "y": 0.052824947983026505,
          "z": -0.0668056532740593
        },
        "scale": {
          "x": 1.0,
          "y": 1.0,
          "z": 1.0
        },
        "matrix_basis": [
          [
            0.9854930639266968,
            0.14349724352359772,
            0.09061997383832932,
            0.0
          ],
          [
            -0.12126591056585312,
            0.9689347743988037,
            -0.21554580330848694,
            0.0
          ],
          [
            -0.11873506009578705,
            0.20142978429794312,
            0.9722797870635986,
            0.0
          ],
          [
            0.0,
            0.0,
            0.0,
            1.0
          ]
        ],
        "rotation_mode": "QUATERNION"
      },
      "armature_space": {
        "head": {
          "x": -0.0015493332175537944,
          "y": 0.00027495622634887695,
          "z": 0.0017400067299604416
        },
        "tail": {
          "x": 0.057845085859298706,
          "y": -0.06515537202358246,
          "z": 0.48167702555656433
        }
      },
      "world_space": {
        "head": {
          "x": -0.0015493332175537944,
          "y": 0.0635189563035965,
          "z": 0.9515939950942993
        },
        "tail": {
          "x": 0.057845085859298706,
          "y": -0.0019113719463348389,
          "z": 1.4315310716629028
        },
        "rotation_quaternion": {
          "w": 0.6541903614997864,
          "x": 0.7529296278953552,
          "y": 0.07067988812923431,
          "z": -0.011675119400024414
        },
        "matrix": [
          [
            0.989736020565033,
            0.12170957028865814,
            0.07489585876464844,
            -0.0015493332175537944
          ],
          [
            0.0911591649055481,
            -0.13407820463180542,
            -0.9867689609527588,
            0.0635189563035965
          ],
          [
            -0.1100580170750618,
            0.9834750294685364,
            -0.14379888772964478,
            0.9515939950942993
          ],
          [
            0.0,
            0.0,
            0.0,
            1.0
          ]
        ]
      },
      "bone_length_armature_space": 0.4880044741593852,
      "parent": "Root",
      "has_children": true,
      "is_end_bone": false
    },
    "neck_01": {
      "name": "neck_01",
      "local": {
        "location": {
          "x": 0.0,
          "y": 0.0,
          "z": 0.0
        },
        "rotation_quaternion": {
          "w": 0.9941176176071167,
          "x": -0.09435287117958069,
          "y": -0.037504710257053375,
          "z": 0.03769835829734802
        },
        "scale": {
          "x": 1.0,
          "y": 1.0,
          "z": 1.0
        },
        "matrix_basis": [
          [
            0.9943444728851318,
            -0.06787584722042084,
            -0.08168208599090576,
            0.0
          ],
          [
            0.08203055709600449,
            0.9793527126312256,
            0.1847679764032364,
            0.0
          ],
          [
            0.06745429337024689,
            -0.19042342901229858,
            0.9793818593025208,
            0.0
          ],
          [
            0.0,
            0.0,
            0.0,
            1.0
          ]
        ],
        "rotation_mode": "QUATERNION"
      },
      "armature_space": {
        "head": {
          "x": 0.06935389339923859,
          "y": -0.10919395834207535,
          "z": 0.5486985445022583
        },
        "tail": {
          "x": 0.07621097564697266,
          "y": -0.1430811882019043,
          "z": 0.6452147960662842
        }
      },
      "world_space": {
        "head": {
          "x": 0.06935389339923859,
          "y": -0.04594995826482773,
          "z": 1.4985525608062744
        },
        "tail": {
          "x": 0.07621097564697266,
          "y": -0.07983718812465668,
          "z": 1.5950688123703003
        },
        "rotation_quaternion": {
          "w": 0.5782952308654785,
          "x": 0.8149643540382385,
          "y": 0.01747383177280426,
          "z": -0.033203911036252975
        },
        "matrix": [
          [
            0.9971843361854553,
            0.06688445806503296,
            -0.03390952944755554,
            0.06935389339923859
          ],
          [
            -0.00992187112569809,
            -0.33053824305534363,
            -0.9437405467033386,
            -0.04594995826482773
          ],
          [
            -0.07433051615953445,
            0.9414259195327759,
            -0.32894718647003174,
            1.4985525608062744
          ],
          [
            0.0,
            0.0,
            0.0,
            1.0
          ]
        ]
      },
      "bone_length_armature_space": 0.10252195061869597,
      "parent": "spine_01",
      "has_children": true,
      "is_end_bone": false
    },
    "head": {
      "name": "head",
      "local": {
        "location": {
          "x": 0.0,
          "y": 0.0,
          "z": 0.0
        },
        "rotation_quaternion": {
          "w": 0.973036527633667,
          "x": -0.014886226505041122,
          "y": -0.11655589938163757,
          "z": 0.19847702980041504
        },
        "scale": {
          "x": 1.0,
          "y": 1.0,
          "z": 1.0
        },
        "matrix_basis": [
          [
            0.8940432071685791,
            -0.38278064131736755,
            -0.23273544013500214,
            0.0
          ],
          [
            0.38972094655036926,
            0.920770525932312,
            -0.01729765348136425,
            0.0
          ],
          [
            0.22091715037822723,
            -0.07523702085018158,
            0.9723862409591675,
            0.0
          ],
          [
            0.0,
            0.0,
            0.0,
            1.0
          ]
        ],
        "rotation_mode": "QUATERNION"
      },
      "armature_space": {
        "head": {
          "x": 0.07621096819639206,
          "y": -0.14308130741119385,
          "z": 0.6452146768569946
        },
        "tail": {
          "x": 0.027699366211891174,
          "y": -0.12594324350357056,
          "z": 0.7915232181549072
        }
      },
      "world_space": {
        "head": {
          "x": 0.07621096819639206,
          "y": -0.07983730733394623,
          "z": 1.5950686931610107
        },
        "tail": {
          "x": 0.027699366211891174,
          "y": -0.06269924342632294,
          "z": 1.7413772344589233
        },
        "rotation_quaternion": {
          "w": 0.7178744673728943,
          "x": 0.6661022901535034,
          "y": -0.1997690349817276,
          "z": 0.03250075504183769
        },
        "matrix": [
          [
            0.9180725812911987,
            -0.312796026468277,
            -0.2435188591480255,
            0.07621096819639206
          ],
          [
            -0.21946826577186584,
            0.11050380766391754,
            -0.9693414568901062,
            -0.07983730733394623
          ],
          [
            0.3301180303096771,
            0.9433771371841431,
            0.032800957560539246,
            1.5950686931610107
          ],
          [
            0.0,
            0.0,
            0.0,
            1.0
          ]
        ]
      },
      "bone_length_armature_space": 0.15509119056094722,
      "parent": "neck_01",
      "has_children": false,
      "is_end_bone": true
    },
    "upperarm_l": {
      "name": "upperarm_l",
      "local": {
        "location": {
          "x": 0.0,
          "y": 0.0,
          "z": 0.0
        },
        "rotation_quaternion": {
          "w": 0.8426521420478821,
          "x": 0.2816257178783417,
          "y": 0.3275183141231537,
          "z": 0.32149049639701843
        },
        "scale": {
          "x": 1.0,
          "y": 1.0,
          "z": 1.0
        },
        "matrix_basis": [
          [
            0.5787512063980103,
            -0.3573341369628906,
            0.7330480217933655,
            0.0
          ],
          [
            0.7262844443321228,
            0.6346616148948669,
            -0.26403698325157166,
            0.0
          ],
          [
            -0.37088802456855774,
            0.6852130889892578,
            0.626837432384491,
            0.0
          ],
          [
            0.0,
            0.0,
            0.0,
            1.0
          ]
        ],
        "rotation_mode": "QUATERNION"
      },
      "armature_space": {
        "head": {
          "x": 0.20987331867218018,
          "y": -0.08965592086315155,
          "z": 0.4656341075897217
        },
        "tail": {
          "x": 0.4112616777420044,
          "y": -0.26172998547554016,
          "z": 0.5061418414115906
        }
      },
      "world_space": {
        "head": {
          "x": 0.20987331867218018,
          "y": -0.02641192078590393,
          "z": 1.4154881238937378
        },
        "tail": {
          "x": 0.4112616777420044,
          "y": -0.19848598539829254,
          "z": 1.455995798110962
        },
        "rotation_quaternion": {
          "w": 0.1972530633211136,
          "x": 0.8691606521606445,
          "y": 0.374193012714386,
          "z": -0.25618481636047363
        },
        "matrix": [
          [
            0.5886975526809692,
            0.7515347599983215,
            -0.2977088689804077,
            0.20987331867218018
          ],
          [
            0.5494015216827393,
            -0.6421406269073486,
            -0.5346152782440186,
            -0.02641192078590393
          ],
          [
            -0.5929566025733948,
            0.15116548538208008,
            -0.7909270524978638,
            1.4154881238937378
          ],
          [
            0.0,
            0.0,
            0.0,
            1.0
          ]
        ]
      },
      "bone_length_armature_space": 0.26796946440329006,
      "parent": "spine_01",
      "has_children": true,
      "is_end_bone": false
    },
    "lowerarm_l": {
      "name": "lowerarm_l",
      "local": {
        "location": {
          "x": 0.0,
          "y": 0.0,
          "z": 0.0
        },
        "rotation_quaternion": {
          "w": 0.9929401874542236,
          "x": 0.01424076221883297,
          "y": 0.007489974144846201,
          "z": -0.11751988530158997
        },
        "scale": {
          "x": 1.0,
          "y": 1.0,
          "z": 1.0
        },
        "matrix_basis": [
          [
            0.9722659587860107,
            0.23359376192092896,
            0.011527047492563725,
            0.0
          ],
          [
            -0.2331671118736267,
            0.9719725251197815,
            -0.030040891841053963,
            0.0
          ],
          [
            -0.018221337348222733,
            0.026520008221268654,
            0.9994822144508362,
            0.0
          ],
          [
            0.0,
            0.0,
            0.0,
            1.0
          ]
        ],
        "rotation_mode": "QUATERNION"
      },
      "armature_space": {
        "head": {
          "x": 0.4112616181373596,
          "y": -0.2617301344871521,
          "z": 0.5061419010162354
        },
        "tail": {
          "x": 0.6179640293121338,
          "y": -0.4301126003265381,
          "z": 0.48398831486701965
        }
      },
      "world_space": {
        "head": {
          "x": 0.4112616181373596,
          "y": -0.19848613440990448,
          "z": 1.4559959173202515
        },
        "tail": {
          "x": 0.6179640293121338,
          "y": -0.36686861515045166,
          "z": 1.4338423013687134
        },
        "rotation_quaternion": {
          "w": 0.12322957813739777,
          "x": 0.8323730230331421,
          "y": 0.4124426543712616,
          "z": -0.3490854501724243
        },
        "matrix": [
          [
            0.4160599410533905,
            0.7726486921310425,
            -0.47948703169822693,
            0.4112616181373596
          ],
          [
            0.6005769371986389,
            -0.6294096112251282,
            -0.4931032955646515,
            -0.19848613440990448
          ],
          [
            -0.6827936768531799,
            -0.08280954509973526,
            -0.7259129285812378,
            1.4559959173202515
          ],
          [
            0.0,
            0.0,
            0.0,
            1.0
          ]
        ]
      },
      "bone_length_armature_space": 0.2675244362771281,
      "parent": "upperarm_l",
      "has_children": true,
      "is_end_bone": false
    },
    "metacarpal_thumb_l": {
      "name": "metacarpal_thumb_l",
      "local": {
        "location": {
          "x": 0.0,
          "y": 0.0,
          "z": 0.0
        },
        "rotation_quaternion": {
          "w": 0.9996355772018433,
          "x": -0.007901648990809917,
          "y": -0.01496719941496849,
          "z": 0.021033043041825294
        },
        "scale": {
          "x": 1.0,
          "y": 1.0,
          "z": 1.0
        },
        "matrix_basis": [
          [
            0.9986671805381775,
            -0.041814226657152176,
            -0.030255882069468498,
            0.0
          ],
          [
            0.04228728637099266,
            0.9989903569221497,
            0.015167927369475365,
            0.0
          ],
          [
            0.029591098427772522,
            -0.01642714999616146,
            0.999427080154419,
            0.0
          ],
          [
            0.0,
            0.0,
            0.0,
            1.0
          ]
        ],
        "rotation_mode": "QUATERNION"
      },
      "armature_space": {
        "head": {
          "x": 0.6179640293121338,
          "y": -0.4301126003265381,
          "z": 0.48398831486701965
        },
        "tail": {
          "x": 0.6358649134635925,
          "y": -0.46432438492774963,
          "z": 0.45296069979667664
        }
      },
      "world_space": {
        "head": {
          "x": 0.6179640293121338,
          "y": -0.36686861515045166,
          "z": 1.4338423013687134
        },
        "tail": {
          "x": 0.6358649134635925,
          "y": -0.4010803699493408,
          "z": 1.4028147459030151
        },
        "rotation_quaternion": {
          "w": 0.3750256597995758,
          "x": -0.8977624177932739,
          "y": -0.118394635617733,
          "z": -0.1983962208032608
        },
        "matrix": [
          [
            0.8932434320449829,
            0.36138781905174255,
            0.2674221992492676,
            0.6179640293121338
          ],
          [
            0.0637744665145874,
            -0.6906772255897522,
            0.7203454375267029,
            -0.36686861515045166
          ],
          [
            0.44502994418144226,
            -0.6263943314552307,
            -0.639994204044342,
            1.4338423013687134
          ],
          [
            0.0,
            0.0,
            0.0,
            1.0
          ]
        ]
      },
      "bone_length_armature_space": 0.04953383415260261,
      "parent": "lowerarm_l",
      "has_children": true,
      "is_end_bone": false
    },
    "thumb_01_l": {
      "name": "thumb_01_l",
      "local": {
        "location": {
          "x": 0.0,
          "y": 0.0,
          "z": 0.0
        },
        "rotation_quaternion": {
          "w": 0.9989560842514038,
          "x": -0.045390136539936066,
          "y": -0.0038226605392992496,
          "z": 0.0034648170694708824
        },
        "scale": {
          "x": 1.0,
          "y": 1.0,
          "z": 1.0
        },
        "matrix_basis": [
          [
            0.9999467730522156,
            -0.006575378123670816,
            -0.00795187707990408,
            0.0
          ],
          [
            0.007269422523677349,
            0.995855450630188,
            0.0906590148806572,
            0.0
          ],
          [
            0.0073228031396865845,
            -0.09071199595928192,
            0.9958502650260925,
            0.0
          ],
          [
            0.0,
            0.0,
            0.0,
            1.0
          ]
        ],
        "rotation_mode": "QUATERNION"
      },
      "armature_space": {
        "head": {
          "x": 0.6358649134635925,
          "y": -0.46432438492774963,
          "z": 0.45296069979667664
        },
        "tail": {
          "x": 0.6440831422805786,
          "y": -0.46192899346351624,
          "z": 0.4200158715248108
        }
      },
      "world_space": {
        "head": {
          "x": 0.6358649134635925,
          "y": -0.4010803699493408,
          "z": 1.4028147459030151
        },
        "tail": {
          "x": 0.6440831422805786,
          "y": -0.3986849784851074,
          "z": 1.3698699474334717
        },
        "rotation_quaternion": {
          "w": 0.5947017073631287,
          "x": -0.44164395332336426,
          "y": 0.42604807019233704,
          "z": -0.5193878412246704
        },
        "matrix": [
          [
            0.09743743389844894,
            0.24143917858600616,
            0.9655117392539978,
            0.6358649134635925
          ],
          [
            -0.9940846562385559,
            0.07037243247032166,
            0.08272350579500198,
            -0.4010803699493408
          ],
          [
            -0.04797396808862686,
            -0.9678677320480347,
            0.24686989188194275,
            1.4028147459030151
          ],
          [
            0.0,
            0.0,
            0.0,
            1.0
          ]
        ]
      },
      "bone_length_armature_space": 0.034038785031326846,
      "parent": "metacarpal_thumb_l",
      "has_children": true,
      "is_end_bone": false
    },
    "thumb_02_l": {
      "name": "thumb_02_l",
      "local": {
        "location": {
          "x": 0.0,
          "y": 0.0,
          "z": 0.0
        },
        "rotation_quaternion": {
          "w": 0.9921213984489441,
          "x": 0.12474280595779419,
          "y": 0.009027182124555111,
          "z": 0.007283337414264679
        },
        "scale": {
          "x": 1.0,
          "y": 1.0,
          "z": 1.0
        },
        "matrix_basis": [
          [
            0.9997309446334839,
            -0.012199757620692253,
            0.019729208201169968,
            0.0
          ],
          [
            0.01670406199991703,
            0.9687723517417908,
            -0.24738851189613342,
            0.0
          ],
          [
            -0.016095032915472984,
            0.24765151739120483,
            0.968715488910675,
            0.0
          ],
          [
            0.0,
            0.0,
            0.0,
            1.0
          ]
        ],
        "rotation_mode": "QUATERNION"
      },
      "armature_space": {
        "head": {
          "x": 0.6440830826759338,
          "y": -0.46192896366119385,
          "z": 0.4200158715248108
        },
        "tail": {
          "x": 0.6762009859085083,
          "y": -0.4856157898902893,
          "z": 0.41548222303390503
        }
      },
      "world_space": {
        "head": {
          "x": 0.6440830826759338,
          "y": -0.3986849784851074,
          "z": 1.3698699474334717
        },
        "tail": {
          "x": 0.6762009859085083,
          "y": -0.4223718047142029,
          "z": 1.3653361797332764
        },
        "rotation_quaternion": {
          "w": 0.4459567666053772,
          "x": 0.03138529881834984,
          "y": 0.07905060052871704,
          "z": -0.891004204750061
        },
        "matrix": [
          [
            -0.6002749800682068,
            0.7996606826782227,
            0.01457834243774414,
            0.6440830826759338
          ],
          [
            -0.7897368669509888,
            -0.5897469520568848,
            -0.16886132955551147,
            -0.3986849784851074
          ],
          [
            -0.1264360100030899,
            -0.1128774881362915,
            0.9855387806892395,
            1.3698699474334717
          ],
          [
            0.0,
            0.0,
            0.0,
            1.0
          ]
        ]
      },
      "bone_length_armature_space": 0.04016440423146418,
      "parent": "thumb_01_l",
      "has_children": true,
      "is_end_bone": false
    },
    "thumb_03_l": {
      "name": "thumb_03_l",
      "local": {
        "location": {
          "x": 0.0,
          "y": 0.0,
          "z": 0.0
        },
        "rotation_quaternion": {
          "w": 0.9980494976043701,
          "x": 0.06224367767572403,
          "y": -0.004723961930721998,
          "z": 0.0008159824064932764
        },
        "scale": {
          "x": 1.0,
          "y": 1.0,
          "z": 1.0
        },
        "matrix_basis": [
          [
            0.9999540448188782,
            -0.0022168552968651056,
            -0.00932791642844677,
            0.0
          ],
          [
            0.0010407081572338939,
            0.9922501444816589,
            -0.12425225228071213,
            0.0
          ],
          [
            0.00953107513487339,
            0.1242368295788765,
            0.9922068119049072,
            0.0
          ],
          [
            0.0,
            0.0,
            0.0,
            1.0
          ]
        ],
        "rotation_mode": "QUATERNION"
      },
      "armature_space": {
        "head": {
          "x": 0.6762009263038635,
          "y": -0.4856158196926117,
          "z": 0.41548216342926025
        },
        "tail": {
          "x": 0.7007853388786316,
          "y": -0.5013092160224915,
          "z": 0.424212247133255
        }
      },
      "world_space": {
        "head": {
          "x": 0.6762009263038635,
          "y": -0.4223718047142029,
          "z": 1.3653361797332764
        },
        "tail": {
          "x": 0.7007853388786316,
          "y": -0.43806523084640503,
          "z": 1.3740662336349487
        },
        "rotation_quaternion": {
          "w": 0.4921894073486328,
          "x": 0.28495246171951294,
          "y": -0.0037985690869390965,
          "z": -0.8225189447402954
        },
        "matrix": [
          [
            -0.3531026244163513,
            0.8075063824653625,
            -0.47249525785446167,
            0.6762009263038635
          ],
          [
            -0.8118351101875305,
            -0.5154691934585571,
            -0.27425381541252136,
            -0.4223718047142029
          ],
          [
            -0.46502262353897095,
            0.2867501974105835,
            0.8375813364982605,
            1.3653361797332764
          ],
          [
            0.0,
            0.0,
            0.0,
            1.0
          ]
        ]
      },
      "bone_length_armature_space": 0.030444875185075052,
      "parent": "thumb_02_l",
      "has_children": false,
      "is_end_bone": true
    },
    "metacarpal_index_l": {
      "name": "metacarpal_index_l",
      "local": {
        "location": {
          "x": 0.0,
          "y": 0.0,
          "z": 0.0
        },
        "rotation_quaternion": {
          "w": 0.9991676807403564,
          "x": -0.04062419384717941,
          "y": 0.001768335117958486,
          "z": -0.0032649615313857794
        },
        "scale": {
          "x": 1.0,
          "y": 1.0,
          "z": 1.0
        },
        "matrix_basis": [
          [
            0.999972403049469,
            0.006380813661962748,
            0.003798999357968569,
            0.0
          ],
          [
            -0.006668162532150745,
            0.9966780543327332,
            0.08116921782493591,
            0.0
          ],
          [
            -0.0032684537582099438,
            -0.08119230717420578,
            0.9966930747032166,
            0.0
          ],
          [
            0.0,
            0.0,
            0.0,
            1.0
          ]
        ],
        "rotation_mode": "QUATERNION"
      },
      "armature_space": {
        "head": {
          "x": 0.6179640293121338,
          "y": -0.4301126003265381,
          "z": 0.48398831486701965
        },
        "tail": {
          "x": 0.6906025409698486,
          "y": -0.5169751644134521,
          "z": 0.4538591206073761
        }
      },
      "world_space": {
        "head": {
          "x": 0.6179640293121338,
          "y": -0.36686861515045166,
          "z": 1.4338423013687134
        },
        "tail": {
          "x": 0.6906025409698486,
          "y": -0.4537311792373657,
          "z": 1.4037131071090698
        },
        "rotation_quaternion": {
          "w": 0.14881697297096252,
          "x": -0.9325717687606812,
          "y": -0.32739874720573425,
          "z": -0.03120126947760582
        },
        "matrix": [
          [
            0.7836728692054749,
            0.6199321150779724,
            -0.03925104811787605,
            0.6179640293121338
          ],
          [
            0.6013596057891846,
            -0.7413269877433777,
            0.2979948818683624,
            -0.36686861515045166
          ],
          [
            0.15564052760601044,
            -0.25713711977005005,
            -0.9537666440010071,
            1.4338423013687134
          ],
          [
            0.0,
            0.0,
            0.0,
            1.0
          ]
        ]
      },
      "bone_length_armature_space": 0.11717178442997998,
      "parent": "lowerarm_l",
      "has_children": true,
      "is_end_bone": false
    },
    "index_01_l": {
      "name": "index_01_l",
      "local": {
        "location": {
          "x": 0.0,
          "y": 0.0,
          "z": 0.0
        },
        "rotation_quaternion": {
          "w": 0.9911495447158813,
          "x": -0.13244515657424927,
          "y": 0.006944459863007069,
          "z": -0.005731291603296995
        },
        "scale": {
          "x": 1.0,
          "y": 1.0,
          "z": 1.0
        },
        "matrix_basis": [
          [
            0.9998378753662109,
            0.009521613828837872,
            0.015284160152077675,
            0.0
          ],
          [
            -0.013200654648244381,
            0.9648508429527283,
            0.26246631145477295,
            0.0
          ],
          [
            -0.012247832491993904,
            -0.262625515460968,
            0.9648200869560242,
            0.0
          ],
          [
            0.0,
            0.0,
            0.0,
            1.0
          ]
        ],
        "rotation_mode": "QUATERNION"
      },
      "armature_space": {
        "head": {
          "x": 0.6906025409698486,
          "y": -0.5169751644134521,
          "z": 0.4538591206073761
        },
        "tail": {
          "x": 0.713556170463562,
          "y": -0.532902181148529,
          "z": 0.4595626890659332
        }
      },
      "world_space": {
        "head": {
          "x": 0.6906025409698486,
          "y": -0.4537311792373657,
          "z": 1.4037131071090698
        },
        "tail": {
          "x": 0.713556170463562,
          "y": -0.4696581959724426,
          "z": 1.409416675567627
        },
        "rotation_quaternion": {
          "w": 0.026957714930176735,
          "x": 0.867520272731781,
          "y": 0.4690333306789398,
          "z": 0.16337020695209503
        },
        "matrix": [
          [
            0.5066356062889099,
            0.8049837350845337,
            0.3087412714958191,
            0.6906025409698486
          ],
          [
            0.8226001262664795,
            -0.5585617423057556,
            0.10648009926080704,
            -0.4537311792373657
          ],
          [
            0.2581685781478882,
            0.20002484321594238,
            -0.9451736807823181,
            1.4037131071090698
          ],
          [
            0.0,
            0.0,
            0.0,
            1.0
          ]
        ]
      },
      "bone_length_armature_space": 0.028514376033353498,
      "parent": "metacarpal_index_l",
      "has_children": true,
      "is_end_bone": false
    },
    "index_02_l": {
      "name": "index_02_l",
      "local": {
        "location": {
          "x": 0.0,
          "y": 0.0,
          "z": 0.0
        },
        "rotation_quaternion": {
          "w": 0.9980002045631409,
          "x": 0.0628557950258255,
          "y": 0.005636915564537048,
          "z": -0.0036180326715111732
        },
        "scale": {
          "x": 1.0,
          "y": 1.0,
          "z": 1.0
        },
        "matrix_basis": [
          [
            0.999910295009613,
            0.007930220104753971,
            0.010796457529067993,
            0.0
          ],
          [
            -0.006512969266623259,
            0.9920721054077148,
            -0.12550097703933716,
            0.0
          ],
          [
            -0.011706114746630192,
            0.12541940808296204,
            0.9920347332954407,
            0.0
          ],
          [
            0.0,
            0.0,
            0.0,
            1.0
          ]
        ],
        "rotation_mode": "QUATERNION"
      },
      "armature_space": {
        "head": {
          "x": 0.7135564684867859,
          "y": -0.5329025387763977,
          "z": 0.45956242084503174
        },
        "tail": {
          "x": 0.7352321743965149,
          "y": -0.5462691783905029,
          "z": 0.4626587927341461
        }
      },
      "world_space": {
        "head": {
          "x": 0.7135564684867859,
          "y": -0.4696585536003113,
          "z": 1.4094164371490479
        },
        "tail": {
          "x": 0.7352321743965149,
          "y": -0.4830251932144165,
          "z": 1.4125127792358398
        },
        "rotation_quaternion": {
          "w": 0.003514752723276615,
          "x": 0.8641805648803711,
          "y": 0.48934903740882874,
          "z": 0.1171211376786232
        },
        "matrix": [
          [
            0.49364039301872253,
            0.8449483513832092,
            0.20586669445037842,
            0.7135564684867859
          ],
          [
            0.8465951681137085,
            -0.5210500955581665,
            0.1085517629981041,
            -0.4696585536003113
          ],
          [
            0.1989898979663849,
            0.12070053815841675,
            -0.9725475311279297,
            1.4094164371490479
          ],
          [
            0.0,
            0.0,
            0.0,
            1.0
          ]
        ]
      },
      "bone_length_armature_space": 0.025653280727166317,
      "parent": "index_01_l",
      "has_children": true,
      "is_end_bone": false
    },
    "index_03_l": {
      "name": "index_03_l",
      "local": {
        "location": {
          "x": 0.0,
          "y": 0.0,
          "z": 0.0
        },
        "rotation_quaternion": {
          "w": 0.9996922016143799,
          "x": 0.024446586146950722,
          "y": 0.0036448542959988117,
          "z": 0.0021243086084723473
        },
        "scale": {
          "x": 1.0,
          "y": 1.0,
          "z": 1.0
        },
        "matrix_basis": [
          [
            0.9999644160270691,
            -0.004069101065397263,
            0.007391328923404217,
            0.0
          ],
          [
            0.004425518214702606,
            0.9987956881523132,
            -0.04886263608932495,
            0.0
          ],
          [
            -0.0071836006827652454,
            0.048893608152866364,
            0.9987781643867493,
            0.0
          ],
          [
            0.0,
            0.0,
            0.0,
            1.0
          ]
        ],
        "rotation_mode": "QUATERNION"
      },
      "armature_space": {
        "head": {
          "x": 0.7352321147918701,
          "y": -0.5462691783905029,
          "z": 0.46265891194343567
        },
        "tail": {
          "x": 0.761706531047821,
          "y": -0.5586313605308533,
          "z": 0.46277257800102234
        }
      },
      "world_space": {
        "head": {
          "x": 0.7352321147918701,
          "y": -0.4830251932144165,
          "z": 1.4125128984451294
        },
        "tail": {
          "x": 0.761706531047821,
          "y": -0.49538737535476685,
          "z": 1.4126266241073608
        },
        "rotation_quaternion": {
          "w": 0.0709376335144043,
          "x": -0.835655689239502,
          "y": -0.5323734879493713,
          "z": -0.11500486731529236
        },
        "matrix": [
          [
            0.40670475363731384,
            0.9060781002044678,
            0.116676926612854,
            0.7352321147918701
          ],
          [
            0.8734456300735474,
            -0.4230921268463135,
            0.2410098910331726,
            -0.4830251932144165
          ],
          [
            0.2677417993545532,
            0.0038906708359718323,
            -0.9634902477264404,
            1.4125128984451294
          ],
          [
            0.0,
            0.0,
            0.0,
            1.0
          ]
        ]
      },
      "bone_length_armature_space": 0.029218679085765878,
      "parent": "index_02_l",
      "has_children": false,
      "is_end_bone": true
    },
    "metacarpal_pinky_l": {
      "name": "metacarpal_pinky_l",
      "local": {
        "location": {
          "x": 0.0,
          "y": 0.0,
          "z": 0.0
        },
        "rotation_quaternion": {
          "w": 0.9996153116226196,
          "x": -0.027715763077139854,
          "y": 0.0005393620231188834,
          "z": 0.0009200798813253641
        },
        "scale": {
          "x": 1.0,
          "y": 1.0,
          "z": 1.0
        },
        "matrix_basis": [
          [
            0.9999977350234985,
            -0.0018693495076149702,
            0.0010273075895383954,
            0.0
          ],
          [
            0.001809554174542427,
            0.9984619617462158,
            0.055411193519830704,
            0.0
          ],
          [
            -0.001129310461692512,
            -0.055409207940101624,
            0.9984630942344666,
            0.0
          ],
          [
            0.0,
            0.0,
            0.0,
            1.0
          ]
        ],
        "rotation_mode": "QUATERNION"
      },
      "armature_space": {
        "head": {
          "x": 0.6179640293121338,
          "y": -0.4301126003265381,
          "z": 0.48398831486701965
        },
        "tail": {
          "x": 0.7125223875045776,
          "y": -0.4720913767814636,
          "z": 0.4958081841468811
        }
      },
      "world_space": {
        "head": {
          "x": 0.6179640293121338,
          "y": -0.36686861515045166,
          "z": 1.4338423013687134
        },
        "tail": {
          "x": 0.7125223875045776,
          "y": -0.4088473916053772,
          "z": 1.445662260055542
        },
        "rotation_quaternion": {
          "w": 0.4917917251586914,
          "x": 0.4553934335708618,
          "y": 0.23784922063350677,
          "z": -0.7029833793640137
        },
        "matrix": [
          [
            -0.10151459276676178,
            0.9080734252929688,
            -0.4063214361667633,
            0.6179640293121338
          ],
          [
            -0.474813312292099,
            -0.4031350612640381,
            -0.7823262810707092,
            -0.36686861515045166
          ],
          [
            -0.8742190003395081,
            0.11350975930690765,
            0.47209200263023376,
            1.4338423013687134
          ],
          [
            0.0,
            0.0,
            0.0,
            1.0
          ]
        ]
      },
      "bone_length_armature_space": 0.10413073748820943,
      "parent": "lowerarm_l",
      "has_children": true,
      "is_end_bone": false
    },
    "pinky_01_l": {
      "name": "pinky_01_l",
      "local": {
        "location": {
          "x": 0.0,
          "y": 0.0,
          "z": 0.0
        },
        "rotation_quaternion": {
          "w": 0.9580408930778503,
          "x": 0.2861715853214264,
          "y": 0.010522914119064808,
          "z": -0.012362894602119923
        },
        "scale": {
          "x": 1.0,
          "y": 1.0,
          "z": 1.0
        },
        "matrix_basis": [
          [
            0.9994728565216064,
            0.029711036011576653,
            0.013086945749819279,
            0.0
          ],
          [
            -0.017665598541498184,
            0.8359059691429138,
            -0.5485883355140686,
            0.0
          ],
          [
            -0.02723858319222927,
            0.5480679869651794,
            0.8359901905059814,
            0.0
          ],
          [
            0.0,
            0.0,
            0.0,
            1.0
          ]
        ],
        "rotation_mode": "QUATERNION"
      },
      "armature_space": {
        "head": {
          "x": 0.7125223875045776,
          "y": -0.4720913767814636,
          "z": 0.4958081841468811
        },
        "tail": {
