{
  "metadata": {
    "armature_name": "KIM_caucasian_male",
    "export_time": "2026-01-13T20:26:49.324677",
    "blender_version": "4.4.1",
    "bone_count": 56,
    "end_bone_count": 13,
    "spaces_included": [
      "LOCAL_CHANNELS",
      "ARMATURE_SPACE",
      "WORLD_SPACE"
    ],
    "note": "LOCAL matches Transform panel; replay pose via local.matrix_basis for best fidelity."
  },
  "bones": {
    "Root": {
      "name": "Root",
      "local": {
        "location": {
          "x": 0.0,
          "y": 0.0,
          "z": 0.0
        },
        "rotation_quaternion": {
          "w": 0.9997998476028442,
          "x": -0.01836550049483776,
          "y": 0.0007589978049509227,
          "z": -0.007898001931607723
        },
        "scale": {
          "x": 1.0,
          "y": 1.0,
          "z": 1.0
        },
        "matrix_basis": [
          [
            0.9998741149902344,
            0.015764962881803513,
            0.0018077932763844728,
            0.0
          ],
          [
            -0.01582072116434574,
            0.9992006421089172,
            0.03671165928244591,
            0.0
          ],
          [
            -0.0012275902554392815,
            -0.03673563897609711,
            0.9993242621421814,
            0.0
          ],
          [
            0.0,
            0.0,
            0.0,
            1.0
          ]
        ],
        "rotation_mode": "QUATERNION"
      },
      "armature_space": {
        "head": {
          "x": 0.0,
          "y": 0.07072800397872925,
          "z": -0.009595036506652832
        },
        "tail": {
          "x": 0.0011252379044890404,
          "y": 0.0004090145230293274,
          "z": 0.002590586431324482
        }
      },
      "world_space": {
        "head": {
          "x": 0.0,
          "y": 0.13397200405597687,
          "z": 0.9402589797973633
        },
        "tail": {
          "x": 0.0011252379044890404,
          "y": 0.06365301460027695,
          "z": 0.9524446129798889
        },
        "rotation_quaternion": {
          "w": 0.08567794412374496,
          "x": 0.9962913393974304,
          "y": 0.00793119054287672,
          "z": 0.0002252007689094171
        },
        "matrix": [
          [
            0.9998741149902344,
            0.015764962881803513,
            0.0018077932763844728,
            0.0
          ],
          [
            0.015842143446207047,
            -0.9851927161216736,
            -0.1707172840833664,
            0.13397200405597687
          ],
          [
            -0.0009103184565901756,
            0.17072468996047974,
            -0.9853254556655884,
            0.9402589797973633
          ],
          [
            0.0,
            0.0,
            0.0,
            1.0
          ]
        ]
      },
      "bone_length_armature_space": 0.07137587768011505,
      "parent": null,
      "has_children": true,
      "is_end_bone": false
    },
    "spine_01": {
      "name": "spine_01",
      "local": {
        "location": {
          "x": 0.0,
          "y": 0.0,
          "z": 0.0
        },
        "rotation_quaternion": {
          "w": 0.9986490607261658,
          "x": 0.03886624053120613,
          "y": 0.010445977561175823,
          "z": 0.032869067043066025
        },
        "scale": {
          "x": 1.0,
          "y": 1.0,
          "z": 1.0
        },
        "matrix_basis": [
          [
            0.9976209998130798,
            -0.06483733654022217,
            0.0234187263995409,
            0.0
          ],
          [
            0.06646131724119186,
            0.9948180913925171,
            -0.07694076746702194,
            0.0
          ],
          [
            -0.018308736383914948,
            0.0783141702413559,
            0.9967606067657471,
            0.0
          ],
          [
            0.0,
            0.0,
            0.0,
            1.0
          ]
        ],
        "rotation_mode": "QUATERNION"
      },
      "armature_space": {
        "head": {
          "x": 0.0011252379044890404,
          "y": 0.0004090145230293274,
          "z": 0.002590586431324482
        },
        "tail": {
          "x": -0.030106209218502045,
          "y": 0.002311393618583679,
          "z": 0.489591121673584
        }
      },
      "world_space": {
        "head": {
          "x": 0.0011252379044890404,
          "y": 0.06365301460027695,
          "z": 0.9524446129798889
        },
        "tail": {
          "x": -0.030106209218502045,
          "y": 0.0655553936958313,
          "z": 1.4394451379776
        },
        "rotation_quaternion": {
          "w": 0.7084306478500366,
          "x": 0.7047799825668335,
          "y": -0.008658703416585922,
          "z": 0.03655528649687767
        },
        "matrix": [
          [
            0.9971774220466614,
            -0.06399870663881302,
            0.03925911337137222,
            0.0011252379044890404
          ],
          [
            0.03958927094936371,
            0.003898307681083679,
            -0.9992085099220276,
            0.06365301460027695
          ],
          [
            0.06379547715187073,
            0.9979493618011475,
            0.006420105695724487,
            0.9524446129798889
          ],
          [
            0.0,
            0.0,
            0.0,
            1.0
          ]
        ]
      },
      "bone_length_armature_space": 0.4880046378515276,
      "parent": "Root",
      "has_children": true,
      "is_end_bone": false
    },
    "neck_01": {
      "name": "neck_01",
      "local": {
        "location": {
          "x": 0.0,
          "y": 0.0,
          "z": 0.0
        },
        "rotation_quaternion": {
          "w": 0.9871655702590942,
          "x": -0.034872520714998245,
          "y": -0.030601277947425842,
          "z": 0.1528121680021286
        },
        "scale": {
          "x": 1.0,
          "y": 1.0,
          "z": 1.0
        },
        "matrix_basis": [
          [
            0.9514240026473999,
            -0.2995675206184387,
            -0.0710749477148056,
            0.0
          ],
          [
            0.3038361072540283,
            0.9508646726608276,
            0.0594974085688591,
            0.0
          ],
          [
            0.049759164452552795,
            -0.07820239663124084,
            0.9956949353218079,
            0.0
          ],
          [
            0.0,
            0.0,
            0.0,
            1.0
          ]
        ],
        "rotation_mode": "QUATERNION"
      },
      "armature_space": {
        "head": {
          "x": -0.03343057259917259,
          "y": -0.03205617144703865,
          "z": 0.5628820657730103
        },
        "tail": {
          "x": -0.06884846836328506,
          "y": -0.06245298683643341,
          "z": 0.6541637182235718
        }
      },
      "world_space": {
        "head": {
          "x": -0.03343057259917259,
          "y": 0.03118782863020897,
          "z": 1.5127360820770264
        },
        "tail": {
          "x": -0.06884846836328506,
          "y": 0.000791013240814209,
          "z": 1.604017734527588
        },
        "rotation_quaternion": {
          "w": 0.5746123194694519,
          "x": 0.7993603944778442,
          "y": -0.14688177406787872,
          "z": 0.09627825766801834
        },
        "matrix": [
          [
            0.938312292098999,
            -0.34546852111816406,
            -0.014879792928695679,
            -0.03343057259917259
          ],
          [
            -0.12417928874492645,
            -0.2964925765991211,
            -0.9469276666641235,
            0.03118782863020897
          ],
          [
            0.32272404432296753,
            0.8903673887252808,
            -0.32110580801963806,
            1.5127360820770264
          ],
          [
            0.0,
            0.0,
            0.0,
            1.0
          ]
        ]
      },
      "bone_length_armature_space": 0.10252186994379638,
      "parent": "spine_01",
      "has_children": true,
      "is_end_bone": false
    },
    "head": {
      "name": "head",
      "local": {
        "location": {
          "x": 0.0,
          "y": 0.0,
          "z": 0.0
        },
        "rotation_quaternion": {
          "w": 0.9857093095779419,
          "x": -0.14911216497421265,
          "y": -0.0605413056910038,
          "z": 0.04977492615580559
        },
        "scale": {
          "x": 1.0,
          "y": 1.0,
          "z": 1.0
        },
        "matrix_basis": [
          [
            0.987714409828186,
            -0.0800723284482956,
            -0.13419635593891144,
            0.0
          ],
          [
            0.1161821037530899,
            0.9505760669708252,
            0.28793561458587646,
            0.0
          ],
          [
            0.1045081615447998,
            -0.29998937249183655,
            0.9482006430625916,
            0.0
          ],
          [
            0.0,
            0.0,
            0.0,
            1.0
          ]
        ],
        "rotation_mode": "QUATERNION"
      },
      "armature_space": {
        "head": {
          "x": -0.06884844601154327,
          "y": -0.06245311349630356,
          "z": 0.6541635990142822
        },
        "tail": {
          "x": -0.12068622559309006,
          "y": -0.005105655640363693,
          "z": 0.7886157035827637
        }
      },
      "world_space": {
        "head": {
          "x": -0.06884844601154327,
          "y": 0.0007908865809440613,
          "z": 1.6040176153182983
        },
        "tail": {
          "x": -0.12068622559309006,
          "y": 0.058138344436883926,
          "z": 1.7384697198867798
        },
        "rotation_quaternion": {
          "w": 0.7895662188529968,
          "x": 0.5602126717567444,
          "y": -0.24792921543121338,
          "z": 0.03575178235769272
        },
        "matrix": [
          [
            0.874506413936615,
            -0.3342427611351013,
            -0.35145440697669983,
            -0.06884844601154327
          ],
          [
            -0.22132746875286102,
            0.3697683811187744,
            -0.9023779034614563,
            0.0007908865809440613
          ],
          [
            0.43157270550727844,
            0.8669281601905823,
            0.24938860535621643,
            1.6040176153182983
          ],
          [
            0.0,
            0.0,
            0.0,
            1.0
          ]
        ]
      },
      "bone_length_armature_space": 0.15509111643671275,
      "parent": "neck_01",
      "has_children": false,
      "is_end_bone": true
    },
    "upperarm_l": {
      "name": "upperarm_l",
      "local": {
        "location": {
          "x": 0.0,
          "y": 0.0,
          "z": 0.0
        },
        "rotation_quaternion": {
          "w": 0.8488796949386597,
          "x": 0.3993239998817444,
          "y": -0.010879461653530598,
          "z": -0.3461577892303467
        },
        "scale": {
          "x": 1.0,
          "y": 1.0,
          "z": 1.0
        },
        "matrix_basis": [
          [
            0.7601128220558167,
            0.5790037512779236,
            -0.2949289381504059,
            0.0
          ],
          [
            -0.5963814854621887,
            0.4414302706718445,
            -0.6704240441322327,
            0.0
          ],
          [
            -0.25798752903938293,
            0.6854881048202515,
            0.6808439493179321,
            0.0
          ],
          [
            0.0,
            0.0,
            0.0,
            1.0
          ]
        ],
        "rotation_mode": "QUATERNION"
      },
      "armature_space": {
        "head": {
          "x": 0.12057246267795563,
          "y": -0.029566379263997078,
          "z": 0.5054019689559937
        },
        "tail": {
          "x": 0.2591995596885681,
          "y": -0.20039524137973785,
          "z": 0.3524051308631897
        }
      },
      "world_space": {
        "head": {
          "x": 0.12057246267795563,
          "y": 0.03367762267589569,
          "z": 1.4552559852600098
        },
        "tail": {
          "x": 0.2591995596885681,
          "y": -0.13715124130249023,
          "z": 1.3022592067718506
        },
        "rotation_quaternion": {
          "w": 0.09292654693126678,
          "x": 0.44655367732048035,
          "y": 0.41547393798828125,
          "z": -0.7869790196418762
        },
        "matrix": [
          [
            -0.5839099884033203,
            0.5173242688179016,
            -0.6256393790245056,
            0.12057246267795563
          ],
          [
            0.22479857504367828,
            -0.6374938488006592,
            -0.7369310855865479,
            0.03367762267589569
          ],
          [
            -0.7800787091255188,
            -0.5709487795829773,
            0.25594645738601685,
            1.4552559852600098
          ],
          [
            0.0,
            0.0,
            0.0,
            1.0
          ]
        ]
      },
      "bone_length_armature_space": 0.2679701599328676,
      "parent": "spine_01",
      "has_children": true,
      "is_end_bone": false
    },
    "lowerarm_l": {
      "name": "lowerarm_l",
      "local": {
        "location": {
          "x": 0.0,
          "y": 0.0,
          "z": 0.0
        },
        "rotation_quaternion": {
          "w": 0.922012984752655,
          "x": 0.2268398553133011,
          "y": -0.048154186457395554,
          "z": 0.3100273311138153
        },
        "scale": {
          "x": 1.0,
          "y": 1.0,
          "z": 1.0
        },
        "matrix_basis": [
          [
            0.8031284809112549,
            -0.5935450196266174,
            0.05185553804039955,
            0.0
          ],
          [
            0.5498518943786621,
            0.7048534750938416,
            -0.44815680384635925,
            0.0
          ],
          [
            0.22945067286491394,
            0.3884403705596924,
            0.8924497365951538,
            0.0
          ],
          [
            0.0,
            0.0,
            0.0,
            1.0
          ]
        ],
        "rotation_mode": "QUATERNION"
      },
      "armature_space": {
        "head": {
          "x": 0.2591996490955353,
          "y": -0.2003953754901886,
          "z": 0.3524051904678345
        },
        "tail": {
          "x": 0.3892035484313965,
          "y": -0.4217253029346466,
          "z": 0.4277805685997009
        }
      },
      "world_space": {
        "head": {
          "x": 0.2591996490955353,
          "y": -0.13715137541294098,
          "z": 1.3022592067718506
        },
        "tail": {
          "x": 0.3892035484313965,
          "y": -0.3584812879562378,
          "z": 1.3776345252990723
        },
        "rotation_quaternion": {
          "w": 0.293811172246933,
          "x": 0.4697997272014618,
          "y": -0.003414969425648451,
          "z": -0.8324371576309204
        },
        "matrix": [
          [
            -0.38592588901519775,
            0.48595142364501953,
            -0.7841633558273315,
            0.2591996490955353
          ],
          [
            -0.49236804246902466,
            -0.8273258805274963,
            -0.27038079500198364,
            -0.13715137541294098
          ],
          [
            -0.7801563143730164,
            0.2817513346672058,
            0.5585572123527527,
            1.3022592067718506
          ],
          [
            0.0,
            0.0,
            0.0,
            1.0
          ]
        ]
      },
      "bone_length_armature_space": 0.2675245781385049,
      "parent": "upperarm_l",
      "has_children": true,
      "is_end_bone": false
    },
    "metacarpal_thumb_l": {
      "name": "metacarpal_thumb_l",
      "local": {
        "location": {
          "x": 0.0,
          "y": 0.0,
          "z": 0.0
        },
        "rotation_quaternion": {
          "w": 0.9986430406570435,
          "x": -0.05207378417253494,
          "y": -9.573275747243315e-05,
          "z": -0.0007657964015379548
        },
        "scale": {
          "x": 1.0,
          "y": 1.0,
          "z": 1.0
        },
        "matrix_basis": [
          [
            0.9999988079071045,
            0.0015394848305732012,
            -0.00011144987365696579,
            0.0
          ],
          [
            -0.0015195441665127873,
            0.9945754408836365,
            0.10400638729333878,
            0.0
          ],
          [
            0.0002709615509957075,
            -0.1040060967206955,
            0.994576632976532,
            0.0
          ],
          [
            0.0,
            0.0,
            0.0,
            1.0
          ]
        ],
        "rotation_mode": "QUATERNION"
      },
      "armature_space": {
        "head": {
          "x": 0.3892035484313965,
          "y": -0.4217253029346466,
          "z": 0.4277805685997009
        },
        "tail": {
          "x": 0.3841637372970581,
          "y": -0.4645112156867981,
          "z": 0.45222553610801697
        }
      },
      "world_space": {
        "head": {
          "x": 0.3892035484313965,
          "y": -0.3584812879562378,
          "z": 1.3776345252990723
        },
        "tail": {
          "x": 0.3841637372970581,
          "y": -0.40126723051071167,
          "z": 1.4020795822143555
        },
        "rotation_quaternion": {
          "w": 0.23829367756843567,
          "x": 0.9427545070648193,
          "y": -0.10643720626831055,
          "z": -0.20760850608348846
        },
        "matrix": [
          [
            0.891139566898346,
            -0.10174497961997986,
            -0.44217416644096375,
            0.3892035484313965
          ],
          [
            -0.2996319830417633,
            -0.8637744188308716,
            -0.405110239982605,
            -0.3584812879562378
          ],
          [
            -0.34072357416152954,
            0.4935019910335541,
            -0.8002355694770813,
            1.3776345252990723
          ],
          [
            0.0,
            0.0,
            0.0,
            1.0
          ]
        ]
      },
      "bone_length_armature_space": 0.049533730136974034,
      "parent": "lowerarm_l",
      "has_children": true,
      "is_end_bone": false
    },
    "thumb_01_l": {
      "name": "thumb_01_l",
      "local": {
        "location": {
          "x": 0.0,
          "y": 0.0,
          "z": 0.0
        },
        "rotation_quaternion": {
          "w": 0.988101601600647,
          "x": 0.1528240442276001,
          "y": 0.00422049080953002,
          "z": 0.016804885119199753
        },
        "scale": {
          "x": 1.0,
          "y": 1.0,
          "z": 1.0
        },
        "matrix_basis": [
          [
            0.9993995428085327,
            -0.03191988170146942,
            0.013476928696036339,
            0.0
          ],
          [
            0.03449985384941101,
            0.952724814414978,
            -0.3018695116043091,
            0.0
          ],
          [
            -0.0032041664235293865,
            0.30215322971343994,
            0.953253984451294,
            0.0
          ],
          [
            0.0,
            0.0,
            0.0,
            1.0
          ]
        ],
        "rotation_mode": "QUATERNION"
      },
      "armature_space": {
        "head": {
          "x": 0.3841637372970581,
          "y": -0.4645112156867981,
          "z": 0.45222553610801697
        },
        "tail": {
          "x": 0.37623539566993713,
          "y": -0.4953260123729706,
          "z": 0.44013354182243347
        }
      },
      "world_space": {
        "head": {
          "x": 0.3841637372970581,
          "y": -0.40126723051071167,
          "z": 1.4020795822143555
        },
        "tail": {
          "x": 0.37623539566993713,
          "y": -0.43208199739456177,
          "z": 1.389987587928772
        },
        "rotation_quaternion": {
          "w": 0.07011188566684723,
          "x": -0.769618034362793,
          "y": 0.20600683987140656,
          "z": -0.6002780199050903
        },
        "matrix": [
          [
            0.1944548636674881,
            -0.23292222619056702,
            0.9528559446334839,
            0.3841637372970581
          ],
          [
            -0.4012663662433624,
            -0.9052907228469849,
            -0.1394062638282776,
            -0.40126723051071167
          ],
          [
            0.8950881361961365,
            -0.35524410009384155,
            -0.2695041596889496,
            1.4020795822143555
          ],
          [
            0.0,
            0.0,
            0.0,
            1.0
          ]
        ]
      },
      "bone_length_armature_space": 0.03403860483545621,
      "parent": "metacarpal_thumb_l",
      "has_children": true,
      "is_end_bone": false
    },
    "thumb_02_l": {
      "name": "thumb_02_l",
      "local": {
        "location": {
          "x": 0.0,
          "y": 0.0,
          "z": 0.0
        },
        "rotation_quaternion": {
          "w": 0.9403419494628906,
          "x": 0.34016329050064087,
          "y": -0.006698885466903448,
          "z": -0.0010790822561830282
        },
        "scale": {
          "x": 1.0,
          "y": 1.0,
          "z": 1.0
        },
        "matrix_basis": [
          [
            0.999907910823822,
            -0.0025280171539634466,
            -0.013332614675164223,
            0.0
          ],
          [
            -0.006586842238903046,
            0.7685755491256714,
            -0.6397251486778259,
            0.0
          ],
          [
            0.011864357627928257,
            0.639754056930542,
            0.7684881091117859,
            0.0
          ],
          [
            0.0,
            0.0,
            0.0,
            1.0
          ]
        ],
        "rotation_mode": "QUATERNION"
      },
      "armature_space": {
        "head": {
          "x": 0.37623536586761475,
          "y": -0.4953259825706482,
          "z": 0.4401335120201111
        },
        "tail": {
          "x": 0.4110659062862396,
          "y": -0.5035527944564819,
          "z": 0.4583635926246643
        }
      },
      "world_space": {
        "head": {
          "x": 0.37623536586761475,
          "y": -0.43208199739456177,
          "z": 1.3899874687194824
        },
        "tail": {
          "x": 0.4110659062862396,
          "y": -0.4403088092803955,
          "z": 1.4082176685333252
        },
        "rotation_quaternion": {
          "w": 0.3519587218761444,
          "x": -0.3696650266647339,
          "y": -0.5231737494468689,
          "z": -0.6824676394462585
        },
        "matrix": [
          [
            -0.47894543409347534,
            0.8671990633010864,
            0.1362971067428589,
            0.37623536586761475
          ],
          [
            -0.0936049073934555,
            -0.2048288881778717,
            0.9743115901947021,
            -0.43208199739456177
          ],
          [
            0.8728458285331726,
            0.45388686656951904,
            0.17927801609039307,
            1.3899874687194824
          ],
          [
            0.0,
            0.0,
            0.0,
            1.0
          ]
        ]
      },
      "bone_length_armature_space": 0.040164446621565965,
      "parent": "thumb_01_l",
      "has_children": true,
      "is_end_bone": false
    },
    "thumb_03_l": {
      "name": "thumb_03_l",
      "local": {
        "location": {
          "x": 0.0,
          "y": 0.0,
          "z": 0.0
        },
        "rotation_quaternion": {
          "w": 0.9832520484924316,
          "x": 0.18224620819091797,
          "y": -0.0009469712385907769,
          "z": 0.000906452420167625
        },
        "scale": {
          "x": 1.0,
          "y": 1.0,
          "z": 1.0
        },
        "matrix_basis": [
          [
            0.999996542930603,
            -0.002127706306055188,
            -0.0015318278456106782,
            0.0
          ],
          [
            0.0014373785816133022,
            0.9335709810256958,
            -0.35838964581489563,
            0.0
          ],
          [
            0.0021926178596913815,
            0.35838618874549866,
            0.9335708618164062,
            0.0
          ],
          [
            0.0,
            0.0,
            0.0,
            1.0
          ]
        ],
        "rotation_mode": "QUATERNION"
      },
      "armature_space": {
        "head": {
          "x": 0.41106584668159485,
          "y": -0.5035528540611267,
          "z": 0.4583636224269867
        },
        "tail": {
          "x": 0.4352279305458069,
          "y": -0.49149659276008606,
          "z": 0.4724254310131073
        }
      },
      "world_space": {
        "head": {
          "x": 0.41106584668159485,
          "y": -0.4403088688850403,
          "z": 1.4082176685333252
        },
        "tail": {
          "x": 0.4352279305458069,
          "y": -0.42825257778167725,
          "z": 1.4222794771194458
        },
        "rotation_quaternion": {
          "w": 0.5903527140617371,
          "x": -0.14076267182826996,
          "y": -0.5911741852760315,
          "z": -0.5312085151672363
        },
        "matrix": [
          [
            -0.2633410692214966,
            0.7936332821846008,
            -0.5484501123428345,
            0.41106584668159485
          ],
          [
            -0.4607692360877991,
            0.39600279927253723,
            0.7942754030227661,
            -0.4403088688850403
          ],
          [
            0.8475567698478699,
            0.461877703666687,
            0.26140064001083374,
            1.4082176685333252
          ],
          [
            0.0,
            0.0,
            0.0,
            1.0
          ]
        ]
      },
      "bone_length_armature_space": 0.030444937321872714,
      "parent": "thumb_02_l",
      "has_children": false,
      "is_end_bone": true
    },
    "metacarpal_index_l": {
      "name": "metacarpal_index_l",
      "local": {
        "location": {
          "x": 0.0,
          "y": 0.0,
          "z": 0.0
        },
        "rotation_quaternion": {
          "w": 0.9999596476554871,
          "x": 0.0010932981967926025,
          "y": -0.007226161193102598,
          "z": 0.00523048359900713
        },
        "scale": {
          "x": 1.0,
          "y": 1.0,
          "z": 1.0
        },
        "matrix_basis": [
          [
            0.9998408555984497,
            -0.010476346127688885,
            -0.014440301805734634,
            0.0
          ],
          [
            0.010444744490087032,
            0.9999428987503052,
            -0.002262100810185075,
            0.0
          ],
          [
            0.014463176019489765,
            0.0021109154913574457,
            0.9998931884765625,
            0.0
          ],
          [
            0.0,
            0.0,
            0.0,
            1.0
          ]
        ],
        "rotation_mode": "QUATERNION"
      },
      "armature_space": {
        "head": {
          "x": 0.3892035484313965,
          "y": -0.4217253029346466,
          "z": 0.4277805685997009
        },
        "tail": {
          "x": 0.4122135639190674,
          "y": -0.5262596607208252,
          "z": 0.47544971108436584
        }
      },
      "world_space": {
        "head": {
          "x": 0.3892035484313965,
          "y": -0.3584812879562378,
          "z": 1.3776345252990723
        },
        "tail": {
          "x": 0.4122135639190674,
          "y": -0.46301567554473877,
          "z": 1.4253036975860596
        },
        "rotation_quaternion": {
          "w": 0.23108318448066711,
          "x": 0.829836368560791,
          "y": -0.02296769618988037,
          "z": -0.5073901414871216
        },
        "matrix": [
          [
            0.48405590653419495,
            0.19637854397296906,
            -0.8527162671089172,
            0.3892035484313965
          ],
          [
            -0.27261748909950256,
            -0.8921465277671814,
            -0.3602144122123718,
            -0.3584812879562378
          ],
          [
            -0.8314923644065857,
            0.40683144330978394,
            -0.3783154785633087,
            1.3776345252990723
          ],
          [
            0.0,
            0.0,
            0.0,
            1.0
          ]
        ]
      },
      "bone_length_armature_space": 0.11717184081358767,
      "parent": "lowerarm_l",
      "has_children": true,
      "is_end_bone": false
    },
    "index_01_l": {
      "name": "index_01_l",
      "local": {
        "location": {
          "x": 0.0,
          "y": 0.0,
          "z": 0.0
        },
        "rotation_quaternion": {
          "w": 0.9711715579032898,
          "x": 0.23819413781166077,
          "y": -0.0026487999130040407,
          "z": -0.009079509414732456
        },
        "scale": {
          "x": 1.0,
          "y": 1.0,
          "z": 1.0
        },
        "matrix_basis": [
          [
            0.9998210668563843,
            0.016373666003346443,
            -0.009470250457525253,
            0.0
          ],
          [
            -0.01889738067984581,
            0.8863622546195984,
            -0.46260663866996765,
            0.0
          ],
          [
            0.0008195064147002995,
            0.46270284056663513,
            0.8865130543708801,
            0.0
          ],
          [
            0.0,
            0.0,
            0.0,
            1.0
          ]
        ],
        "rotation_mode": "QUATERNION"
      },
      "armature_space": {
        "head": {
          "x": 0.4122135639190674,
          "y": -0.5262596607208252,
          "z": 0.47544971108436584
        },
        "tail": {
          "x": 0.41361203789711,
          "y": -0.554686427116394,
          "z": 0.47370851039886475
        }
      },
      "world_space": {
        "head": {
          "x": 0.4122135639190674,
          "y": -0.46301567554473877,
          "z": 1.4253036975860596
        },
        "tail": {
          "x": 0.41361203789711,
          "y": -0.4914424419403076,
          "z": 1.4235625267028809
        },
        "rotation_quaternion": {
          "w": 0.011852621100842953,
          "x": -0.8320371508598328,
          "y": -0.03735461086034775,
          "z": 0.5533340573310852
        },
        "matrix": [
          [
            0.38485223054885864,
            0.04904448986053467,
            -0.9216741323471069,
            0.4122135639190674
          ],
          [
            0.07527761906385422,
            -0.9969283938407898,
            -0.021616309881210327,
            -0.46301567554473877
          ],
          [
            -0.919909656047821,
            -0.06106356531381607,
            -0.3873647451400757,
            1.4253036975860596
          ],
          [
            0.0,
            0.0,
            0.0,
            1.0
          ]
        ]
      },
      "bone_length_armature_space": 0.02851435735026201,
      "parent": "metacarpal_index_l",
      "has_children": true,
      "is_end_bone": false
    },
    "index_02_l": {
      "name": "index_02_l",
      "local": {
        "location": {
          "x": 0.0,
          "y": 0.0,
          "z": 0.0
        },
        "rotation_quaternion": {
          "w": 0.9008861184120178,
          "x": 0.43395811319351196,
          "y": 0.004143272992223501,
          "z": 0.008211466483771801
        },
        "scale": {
          "x": 1.0,
          "y": 1.0,
          "z": 1.0
        },
        "matrix_basis": [
          [
            0.9998307824134827,
            -0.01119917817413807,
            0.014592099003493786,
            0.0
          ],
          [
            0.018391206860542297,
            0.6232258677482605,
            -0.7818256616592407,
            0.0
          ],
          [
            -0.00033836925285868347,
            0.7819617390632629,
            0.6233263611793518,
            0.0
          ],
          [
            0.0,
            0.0,
            0.0,
            1.0
          ]
        ],
        "rotation_mode": "QUATERNION"
      },
      "armature_space": {
        "head": {
          "x": 0.41361168026924133,
          "y": -0.5546868443489075,
          "z": 0.4737085998058319
        },
        "tail": {
          "x": 0.3961009383201599,
          "y": -0.5718490481376648,
          "z": 0.4661637842655182
        }
      },
      "world_space": {
        "head": {
          "x": 0.41361168026924133,
          "y": -0.49144285917282104,
          "z": 1.4235626459121704
        },
        "tail": {
          "x": 0.3961009383201599,
          "y": -0.5086050629615784,
          "z": 1.416017770767212
        },
        "rotation_quaternion": {
          "w": 0.35196492075920105,
          "x": -0.7334473133087158,
          "y": 0.2040049135684967,
          "z": 0.5445712208747864
        },
        "matrix": [
          [
            0.3236490488052368,
            -0.6825927495956421,
            -0.6552238464355469,
            0.41361168026924133
          ],
          [
            0.08408483862876892,
            -0.6690067052841187,
            0.7384849786758423,
            -0.49144285917282104
          ],
          [
            -0.9424400925636292,
            -0.2941069006919861,
            -0.1591281294822693,
            1.4235626459121704
          ],
          [
            0.0,
            0.0,
            0.0,
            1.0
          ]
        ]
      },
      "bone_length_armature_space": 0.025653295404848397,
      "parent": "index_01_l",
      "has_children": true,
      "is_end_bone": false
    },
    "index_03_l": {
      "name": "index_03_l",
      "local": {
        "location": {
          "x": 0.0,
          "y": 0.0,
          "z": 0.0
        },
        "rotation_quaternion": {
          "w": 0.963221549987793,
          "x": 0.2684601843357086,
          "y": -0.011398183181881905,
          "z": 0.0018937371205538511
        },
        "scale": {
          "x": 1.0,
          "y": 1.0,
          "z": 1.0
        },
        "matrix_basis": [
          [
            0.9997329711914062,
            -0.009768093936145306,
            -0.02094116620719433,
            0.0
          ],
          [
            -0.0024717398919165134,
            0.8558511137962341,
            -0.5172164440155029,
            0.0
          ],
          [
            0.022974736988544464,
            0.5171300768852234,
            0.8555984497070312,
            0.0
          ],
          [
            0.0,
            0.0,
            0.0,
            1.0
          ]
        ],
        "rotation_mode": "QUATERNION"
      },
      "armature_space": {
        "head": {
          "x": 0.3961010277271271,
          "y": -0.5718491673469543,
          "z": 0.46616384387016296
        },
        "tail": {
          "x": 0.3698047995567322,
          "y": -0.5745298862457275,
          "z": 0.45371171832084656
        }
      },
      "world_space": {
        "head": {
          "x": 0.3961010277271271,
          "y": -0.5086051821708679,
          "z": 1.4160178899765015
        },
        "tail": {
          "x": 0.3698047995567322,
          "y": -0.5112859010696411,
          "z": 1.403565764427185
        },
        "rotation_quaternion": {
          "w": 0.5875370502471924,
          "x": -0.6027165055274963,
          "y": 0.33004099130630493,
          "z": 0.4273242950439453
        },
        "matrix": [
          [
            0.41693297028541565,
            -0.8999801874160767,
            -0.12728846073150635,
            0.3961010277271271
          ],
          [
            0.10429808497428894,
            -0.09174573421478271,
            0.990305483341217,
            -0.5086051821708679
          ],
          [
            -0.9029396176338196,
            -0.4261699616909027,
            0.0556156188249588,
            1.4160178899765015
          ],
          [
            0.0,
            0.0,
            0.0,
            1.0
          ]
        ]
      },
      "bone_length_armature_space": 0.02921871537752739,
      "parent": "index_02_l",
      "has_children": false,
      "is_end_bone": true
    },
    "metacarpal_pinky_l": {
      "name": "metacarpal_pinky_l",
      "local": {
        "location": {
          "x": 0.0,
          "y": 0.0,
          "z": 0.0
        },
        "rotation_quaternion": {
          "w": 0.9996194839477539,
          "x": -0.024801315739750862,
          "y": 0.011915653012692928,
          "z": 0.0019766849000006914
        },
        "scale": {
          "x": 1.0,
          "y": 1.0,
          "z": 1.0
        },
        "matrix_basis": [
          [
            0.9997082352638245,
            -0.0045429132878780365,
            0.023724189028143883,
            0.0
          ],
          [
            0.003360817674547434,
            0.9987619519233704,
            0.04963086545467377,
            0.0
          ],
          [
            -0.02392028644680977,
            -0.04953664913773537,
            0.998485803604126,
            0.0
          ],
          [
            0.0,
            0.0,
            0.0,
            1.0
          ]
        ],
        "rotation_mode": "QUATERNION"
      },
      "armature_space": {
        "head": {
          "x": 0.3892035484313965,
          "y": -0.4217253029346466,
          "z": 0.4277805685997009
        },
        "tail": {
          "x": 0.46112531423568726,
          "y": -0.49686646461486816,
          "z": 0.4327080547809601
        }
      },
      "world_space": {
        "head": {
          "x": 0.3892035484313965,
          "y": -0.3584812879562378,
          "z": 1.3776345252990723
        },
        "tail": {
          "x": 0.46112531423568726,
          "y": -0.43362247943878174,
          "z": 1.3825620412826538
        },
        "rotation_quaternion": {
          "w": 0.3619254231452942,
          "x": -0.16325153410434723,
          "y": -0.09059770405292511,
          "z": -0.9133187532424927
        },
        "matrix": [
          [
            -0.6847177147865295,
            0.6906871199607849,
            0.23262141644954681,
            0.3892035484313965
          ],
          [
            -0.6315261721611023,
            -0.7216037511825562,
            0.28365984559059143,
            -0.3584812879562378
          ],
          [
            0.3637829124927521,
            0.04732014983892441,
            0.9302884936332703,
            1.3776345252990723
          ],
          [
            0.0,
            0.0,
            0.0,
            1.0
          ]
        ]
      },
      "bone_length_armature_space": 0.10413075748070369,
      "parent": "lowerarm_l",
      "has_children": true,
      "is_end_bone": false
    },
    "pinky_01_l": {
      "name": "pinky_01_l",
      "local": {
        "location": {
          "x": 0.0,
          "y": 0.0,
          "z": 0.0
        },
        "rotation_quaternion": {
          "w": 0.930901288986206,
          "x": 0.36476388573646545,
          "y": 0.014917878434062004,
          "z": 0.012154709547758102
        },
        "scale": {
          "x": 1.0,
          "y": 1.0,
          "z": 1.0
        },
        "matrix_basis": [
          [
            0.9992594122886658,
            -0.0117466626688838,
            0.03664134442806244,
            0.0
          ],
          [
            0.03351267799735069,
            0.7335991263389587,
            -0.6787557005882263,
            0.0
          ],
          [
            -0.01890694722533226,
            0.6794809699058533,
            0.7334495186805725,
            0.0
          ],
          [
            0.0,
            0.0,
            0.0,
            1.0
          ]
        ],
        "rotation_mode": "QUATERNION"
      },
      "armature_space": {
        "head": {
          "x": 0.46112531423568726,
          "y": -0.49686646461486816,
          "z": 0.4327080547809601
        },
