{
  "metadata": {
    "armature_name": "KIM_caucasian_male",
    "export_time": "2026-01-13T21:01:22.330805",
    "blender_version": "4.4.1",
    "bone_count": 56,
    "end_bone_count": 13,
    "spaces_included": [
      "LOCAL_CHANNELS",
      "ARMATURE_SPACE",
      "WORLD_SPACE"
    ],
    "note": "LOCAL matches Transform panel; replay pose via local.matrix_basis for best fidelity."
  },
  "bones": {
    "Root": {
      "name": "Root",
      "local": {
        "location": {
          "x": 0.0,
          "y": 0.0,
          "z": 0.0
        },
        "rotation_quaternion": {
          "w": 0.9999101161956787,
          "x": 0.0061726332642138,
          "y": -0.010316469706594944,
          "z": 0.005944845732301474
        },
        "scale": {
          "x": 1.0,
          "y": 1.0,
          "z": 1.0
        },
        "matrix_basis": [
          [
            0.9997164607048035,
            -0.012015982531011105,
            -0.020557694137096405,
            0.0
          ],
          [
            0.011761263012886047,
            0.9998531341552734,
            -0.01246681623160839,
            0.0
          ],
          [
            0.020704476162791252,
            0.012221497483551502,
            0.9997109174728394,
            0.0
          ],
          [
            0.0,
            0.0,
            0.0,
            1.0
          ]
        ],
        "rotation_mode": "QUATERNION"
      },
      "armature_space": {
        "head": {
          "x": 0.0,
          "y": 0.07072800397872925,
          "z": -0.009595036506652832
        },
        "tail": {
          "x": -0.0008576511754654348,
          "y": -0.00010687857866287231,
          "z": -0.0008658180013298988
        }
      },
      "world_space": {
        "head": {
          "x": 0.0,
          "y": 0.13397200405597687,
          "z": 0.9402589797973633
        },
        "tail": {
          "x": -0.0008576511754654348,
          "y": 0.06313712149858475,
          "z": 0.9489881992340088
        },
        "rotation_quaternion": {
          "w": 0.06120298430323601,
          "x": 0.9980543255805969,
          "y": -0.006626339163631201,
          "z": -0.009892542846500874
        },
        "matrix": [
          [
            0.9997164607048035,
            -0.012015982531011105,
            -0.020557694137096405,
            0.0
          ],
          [
            -0.01443780492991209,
            -0.9924205541610718,
            -0.12203717231750488,
            0.13397200405597687
          ],
          [
            -0.01893562637269497,
            0.12229929864406586,
            -0.992319643497467,
            0.9402589797973633
          ],
          [
            0.0,
            0.0,
            0.0,
            1.0
          ]
        ]
      },
      "bone_length_armature_space": 0.07137587327684489,
      "parent": null,
      "has_children": true,
      "is_end_bone": false
    },
    "spine_01": {
      "name": "spine_01",
      "local": {
        "location": {
          "x": 0.0,
          "y": 0.0,
          "z": 0.0
        },
        "rotation_quaternion": {
          "w": 0.9987624883651733,
          "x": 0.023396791890263557,
          "y": -0.008644208312034607,
          "z": -0.04302666708827019
        },
        "scale": {
          "x": 1.0,
          "y": 1.0,
          "z": 1.0
        },
        "matrix_basis": [
          [
            0.9961479902267456,
            0.08554235100746155,
            -0.019280394539237022,
            0.0
          ],
          [
            -0.08635133504867554,
            0.9952026009559631,
            -0.04599181190133095,
            0.0
          ],
          [
            0.015253650024533272,
            0.0474795401096344,
            0.9987557530403137,
            0.0
          ],
          [
            0.0,
            0.0,
            0.0,
            1.0
          ]
        ],
        "rotation_mode": "QUATERNION"
      },
      "armature_space": {
        "head": {
          "x": -0.0008576511754654348,
          "y": -0.00010687857866287231,
          "z": -0.0008658180013298988
        },
        "tail": {
          "x": 0.0499880388379097,
          "y": -0.007223998196423054,
          "z": 0.48443055152893066
        }
      },
      "world_space": {
        "head": {
          "x": -0.0008576511754654348,
          "y": 0.06313712149858475,
          "z": 0.9489881992340088
        },
        "tail": {
          "x": 0.0499880388379097,
          "y": 0.05602000281214714,
          "z": 1.4342845678329468
        },
        "rotation_quaternion": {
          "w": 0.7014791369438171,
          "x": 0.7105745673179626,
          "y": 0.02519339695572853,
          "z": -0.04874566197395325
        },
        "matrix": [
          [
            0.9939783215522766,
            0.10419172793626785,
            -0.033928826451301575,
            -0.0008576511754654348
          ],
          [
            -0.03258385509252548,
            -0.014584224671125412,
            -0.9993626475334167,
            0.06313712149858475
          ],
          [
            -0.10462089627981186,
            0.9944572448730469,
            -0.01110241562128067,
            0.9489881992340088
          ],
          [
            0.0,
            0.0,
            0.0,
            1.0
          ]
        ]
      },
      "bone_length_armature_space": 0.4880046179253027,
      "parent": "Root",
      "has_children": true,
      "is_end_bone": false
    },
    "neck_01": {
      "name": "neck_01",
      "local": {
        "location": {
          "x": 0.0,
          "y": 0.0,
          "z": 0.0
        },
        "rotation_quaternion": {
          "w": 0.998551607131958,
          "x": -0.04425487667322159,
          "y": 0.006391433998942375,
          "z": 0.0299263596534729
        },
        "scale": {
          "x": 1.0,
          "y": 1.0,
          "z": 1.0
        },
        "matrix_basis": [
          [
            0.9981271028518677,
            -0.06033173203468323,
            0.010115578770637512,
            0.0
          ],
          [
            0.05920032411813736,
            0.9942918419837952,
            0.08876410126686096,
            0.0
          ],
          [
            -0.015413127839565277,
            -0.08799900859594345,
            0.9960013031959534,
            0.0
          ],
          [
            0.0,
            0.0,
            0.0,
            1.0
          ]
        ],
        "rotation_mode": "QUATERNION"
      },
      "armature_space": {
        "head": {
          "x": 0.05644013360142708,
          "y": -0.04295017197728157,
          "z": 0.5568581223487854
        },
        "tail": {
          "x": 0.05945945903658867,
          "y": -0.07452531158924103,
          "z": 0.6543499231338501
        }
      },
      "world_space": {
        "head": {
          "x": 0.05644013360142708,
          "y": 0.02029382809996605,
          "z": 1.5067121982574463
        },
        "tail": {
          "x": 0.05945945903658867,
          "y": -0.011281311511993408,
          "z": 1.6042039394378662
        },
        "rotation_quaternion": {
          "w": 0.5882079601287842,
          "x": 0.8081082105636597,
          "y": -0.0042641740292310715,
          "z": -0.03089257702231407
        },
        "matrix": [
          [
            0.9980549216270447,
            0.029450688511133194,
            -0.05494533106684685,
            0.05644013360142708
          ],
          [
            -0.04323416203260422,
            -0.3079860210418701,
            -0.9504082202911377,
            0.02029382809996605
          ],
          [
            -0.0449129119515419,
            0.9509413242340088,
            -0.3061167597770691,
            1.5067121982574463
          ],
          [
            0.0,
            0.0,
            0.0,
            1.0
          ]
        ]
      },
      "bone_length_armature_space": 0.10252198499910041,
      "parent": "spine_01",
      "has_children": true,
      "is_end_bone": false
    },
    "head": {
      "name": "head",
      "local": {
        "location": {
          "x": 0.0,
          "y": 0.0,
          "z": 0.0
        },
        "rotation_quaternion": {
          "w": 0.9664095640182495,
          "x": -0.1170128732919693,
          "y": 0.11456343531608582,
          "z": -0.1980806440114975
        },
        "scale": {
          "x": 1.0,
          "y": 1.0,
          "z": 1.0
        },
        "matrix_basis": [
          [
            0.8952785730361938,
            0.3560432493686676,
            0.2677863836288452,
            0.0
          ],
          [
            -0.4096648395061493,
            0.8941441178321838,
            0.1807791143655777,
            0.0
          ],
          [
            -0.17507442831993103,
            -0.27155032753944397,
            0.9463664293289185,
            0.0
          ],
          [
            0.0,
            0.0,
            0.0,
            1.0
          ]
        ],
        "rotation_mode": "QUATERNION"
      },
      "armature_space": {
        "head": {
          "x": 0.05945944786071777,
          "y": -0.07452543824911118,
          "z": 0.6543497443199158
        },
        "tail": {
          "x": 0.12287633121013641,
          "y": -0.027247045189142227,
          "z": 0.7877525091171265
        }
      },
      "world_space": {
        "head": {
          "x": 0.05945944786071777,
          "y": -0.011281438171863556,
          "z": 1.604203701019287
        },
        "tail": {
          "x": 0.12287633121013641,
          "y": 0.03599695488810539,
          "z": 1.7376065254211426
        },
        "rotation_quaternion": {
          "w": 0.7763092517852783,
          "x": 0.5816531181335449,
          "y": 0.22308193147182465,
          "z": -0.09621845930814743
        },
        "matrix": [
          [
            0.8819534182548523,
            0.40890321135520935,
            0.23442798852920532,
            0.05945944786071777
          ],
          [
            0.11011970788240433,
            0.304844468832016,
            -0.9460147023200989,
            -0.011281438171863556
          ],
          [
            -0.4582955539226532,
            0.8601623773574829,
            0.22383089363574982,
            1.604203701019287
          ],
          [
            0.0,
            0.0,
            0.0,
            1.0
          ]
        ]
      },
      "bone_length_armature_space": 0.1550910886635727,
      "parent": "neck_01",
      "has_children": false,
      "is_end_bone": true
    },
    "upperarm_l": {
      "name": "upperarm_l",
      "local": {
        "location": {
          "x": 0.0,
          "y": 0.0,
          "z": 0.0
        },
        "rotation_quaternion": {
          "w": 0.7458007335662842,
          "x": 0.57752925157547,
          "y": -0.2792111337184906,
          "z": 0.17967325448989868
        },
        "scale": {
          "x": 1.0,
          "y": 1.0,
          "z": 1.0
        },
        "matrix_basis": [
          [
            0.7795173525810242,
            -0.5905060768127441,
            -0.2089386135339737,
            0.0
          ],
          [
            -0.05450430512428284,
            0.26835498213768005,
            -0.9617770314216614,
            0.0
          ],
          [
            0.6240048408508301,
            0.7611099481582642,
            0.1770022064447403,
            0.0
          ],
          [
            0.0,
            0.0,
            0.0,
            1.0
          ]
        ],
        "rotation_mode": "QUATERNION"
      },
      "armature_space": {
        "head": {
          "x": 0.19842618703842163,
          "y": -0.050044670701026917,
          "z": 0.47429436445236206
        },
        "tail": {
          "x": 0.2900969386100769,
          "y": -0.259549081325531,
          "z": 0.6139805316925049
        }
      },
      "world_space": {
        "head": {
          "x": 0.19842618703842163,
          "y": 0.013199329376220703,
          "z": 1.4241483211517334
        },
        "tail": {
          "x": 0.2900969386100769,
          "y": -0.1963050812482834,
          "z": 1.563834547996521
        },
        "rotation_quaternion": {
          "w": 0.3115135431289673,
          "x": 0.5721733570098877,
          "y": -0.10976243019104004,
          "z": -0.7506858110427856
        },
        "matrix": [
          [
            -0.1511535793542862,
            0.3420940041542053,
            -0.9274290204048157,
            0.19842618703842163
          ],
          [
            -0.5933047533035278,
            -0.7818220853805542,
            -0.1916874498128891,
            0.013199329376220703
          ],
          [
            -0.7906654477119446,
            0.521276593208313,
            0.32114332914352417,
            1.4241483211517334
          ],
          [
            0.0,
            0.0,
            0.0,
            1.0
          ]
        ]
      },
      "bone_length_armature_space": 0.26796986451765237,
      "parent": "spine_01",
      "has_children": true,
      "is_end_bone": false
    },
    "lowerarm_l": {
      "name": "lowerarm_l",
      "local": {
        "location": {
          "x": 0.0,
          "y": 0.0,
          "z": 0.0
        },
        "rotation_quaternion": {
          "w": 0.943076491355896,
          "x": 0.3317577838897705,
          "y": 0.01399069931358099,
          "z": 0.018652042374014854
        },
        "scale": {
          "x": 1.0,
          "y": 1.0,
          "z": 1.0
        },
        "matrix_basis": [
          [
            0.9989127516746521,
            -0.0258975587785244,
            0.03876452147960663,
            0.0
          ],
          [
            0.04446365311741829,
            0.779177725315094,
            -0.6252239942550659,
            0.0
          ],
          [
            -0.014012678526341915,
            0.6262678503990173,
            0.7794820666313171,
            0.0
          ],
          [
            0.0,
            0.0,
            0.0,
            1.0
          ]
        ],
        "rotation_mode": "QUATERNION"
      },
      "armature_space": {
        "head": {
          "x": 0.2900969386100769,
          "y": -0.259549081325531,
          "z": 0.6139807105064392
        },
        "tail": {
          "x": 0.18609583377838135,
          "y": -0.4140189588069916,
          "z": 0.8060553073883057
        }
      },
      "world_space": {
        "head": {
          "x": 0.2900969386100769,
          "y": -0.1963050812482834,
          "z": 1.5638346672058105
        },
        "tail": {
          "x": 0.18609583377838135,
          "y": -0.35077494382858276,
          "z": 1.7559093236923218
        },
        "rotation_quaternion": {
          "w": 0.11545467376708984,
          "x": 0.60545414686203,
          "y": -0.44493457674980164,
          "z": -0.6497144103050232
        },
        "matrix": [
          [
            -0.2401908040046692,
            -0.38875359296798706,
            -0.8894826769828796,
            0.2900969386100769
          ],
          [
            -0.6888008117675781,
            -0.5774046182632446,
            0.43835777044296265,
            -0.1963050812482834
          ],
          [
            -0.684009850025177,
            0.7179702520370483,
            -0.1290867030620575,
            1.5638346672058105
          ],
          [
            0.0,
            0.0,
            0.0,
            1.0
          ]
        ]
      },
      "bone_length_armature_space": 0.2675253718645748,
      "parent": "upperarm_l",
      "has_children": true,
      "is_end_bone": false
    },
    "metacarpal_thumb_l": {
      "name": "metacarpal_thumb_l",
      "local": {
        "location": {
          "x": 0.0,
          "y": 0.0,
          "z": 0.0
        },
        "rotation_quaternion": {
          "w": 0.9998511672019958,
          "x": -0.0019277890678495169,
          "y": 0.004502959083765745,
          "z": -0.016543781384825706
        },
        "scale": {
          "x": 1.0,
          "y": 1.0,
          "z": 1.0
        },
        "matrix_basis": [
          [
            0.9994120597839355,
            0.033065278083086014,
            0.009068363346159458,
            0.0
          ],
          [
            -0.03310000151395798,
            0.9994451999664307,
            0.003706012386828661,
            0.0
          ],
          [
            -0.008940791711211205,
            -0.004003996029496193,
            0.9999520182609558,
            0.0
          ],
          [
            0.0,
            0.0,
            0.0,
            1.0
          ]
        ],
        "rotation_mode": "QUATERNION"
      },
      "armature_space": {
        "head": {
          "x": 0.18609583377838135,
          "y": -0.4140189588069916,
          "z": 0.8060553073883057
        },
        "tail": {
          "x": 0.14366696774959564,
          "y": -0.43110156059265137,
          "z": 0.8250701427459717
        }
      },
      "world_space": {
        "head": {
          "x": 0.18609583377838135,
          "y": -0.35077494382858276,
          "z": 1.7559093236923218
        },
        "tail": {
          "x": 0.14366696774959564,
          "y": -0.36785757541656494,
          "z": 1.7749241590499878
        },
        "rotation_quaternion": {
          "w": 0.3019846975803375,
          "x": 0.8126155138015747,
          "y": -0.4861791729927063,
          "z": 0.1099601686000824
        },
        "matrix": [
          [
            0.5030765533447266,
            -0.8565662503242493,
            -0.11492859572172165,
            0.18609583377838135
          ],
          [
            -0.7237417697906494,
            -0.3448687791824341,
            -0.5977151989936829,
            -0.35077494382858276
          ],
          [
            0.47234979271888733,
            0.3838775157928467,
            -0.793434202671051,
            1.7559093236923218
          ],
          [
            0.0,
            0.0,
            0.0,
            1.0
          ]
        ]
      },
      "bone_length_armature_space": 0.049533705184207355,
      "parent": "lowerarm_l",
      "has_children": true,
      "is_end_bone": false
    },
    "thumb_01_l": {
      "name": "thumb_01_l",
      "local": {
        "location": {
          "x": 0.0,
          "y": 0.0,
          "z": 0.0
        },
        "rotation_quaternion": {
          "w": 0.9999498724937439,
          "x": 0.009018607437610626,
          "y": 0.0006573024438694119,
          "z": -0.0042995125986635685
        },
        "scale": {
          "x": 1.0,
          "y": 1.0,
          "z": 1.0
        },
        "matrix_basis": [
          [
            0.9999621510505676,
            0.008610449731349945,
            0.001236987765878439,
            0.0
          ],
          [
            -0.008586738258600235,
            0.9998003840446472,
            -0.018041962757706642,
            0.0
          ],
          [
            -0.0013920902274549007,
            0.01803065836429596,
            0.9998364448547363,
            0.0
          ],
          [
            0.0,
            0.0,
            0.0,
            1.0
          ]
        ],
        "rotation_mode": "QUATERNION"
      },
      "armature_space": {
        "head": {
          "x": 0.14366696774959564,
          "y": -0.43110156059265137,
          "z": 0.8250701427459717
        },
        "tail": {
          "x": 0.11954246461391449,
          "y": -0.4513959586620331,
          "z": 0.8122337460517883
        }
      },
      "world_space": {
        "head": {
          "x": 0.14366696774959564,
          "y": -0.36785757541656494,
          "z": 1.7749241590499878
        },
        "tail": {
          "x": 0.11954246461391449,
          "y": -0.38815194368362427,
          "z": 1.7620878219604492
        },
        "rotation_quaternion": {
          "w": 0.2663366496562958,
          "x": 0.3864438533782959,
          "y": -0.36187872290611267,
          "z": 0.8054624795913696
        },
        "matrix": [
          [
            -0.5594524145126343,
            -0.7087401151657104,
            0.42976847290992737,
            0.14366696774959564
          ],
          [
            0.14935855567455292,
            -0.5962178111076355,
            -0.7888070344924927,
            -0.36785757541656494
          ],
          [
            0.8153004050254822,
            -0.3771135210990906,
            0.43941399455070496,
            1.7749241590499878
          ],
          [
            0.0,
            0.0,
            0.0,
            1.0
          ]
        ]
      },
      "bone_length_armature_space": 0.034038614881988935,
      "parent": "metacarpal_thumb_l",
      "has_children": true,
      "is_end_bone": false
    },
    "thumb_02_l": {
      "name": "thumb_02_l",
      "local": {
        "location": {
          "x": 0.0,
          "y": 0.0,
          "z": 0.0
        },
        "rotation_quaternion": {
          "w": 0.991033136844635,
          "x": 0.13324196636676788,
          "y": -0.009753299877047539,
          "z": -0.0021996560972183943
        },
        "scale": {
          "x": 1.0,
          "y": 1.0,
          "z": 1.0
        },
        "matrix_basis": [
          [
            0.9998000860214233,
            0.0017607664922252297,
            -0.019917860627174377,
            0.0
          ],
          [
            -0.0069589619524776936,
            0.9644834995269775,
            -0.26405149698257446,
            0.0
          ],
          [
            0.018745513632893562,
            0.264137327671051,
            0.9643028974533081,
            0.0
          ],
          [
            0.0,
            0.0,
            0.0,
            1.0
          ]
        ],
        "rotation_mode": "QUATERNION"
      },
      "armature_space": {
        "head": {
          "x": 0.11954247951507568,
          "y": -0.4513959288597107,
          "z": 0.8122336864471436
        },
        "tail": {
          "x": 0.10922537744045258,
          "y": -0.4749964773654938,
          "z": 0.8430519104003906
        }
      },
      "world_space": {
        "head": {
          "x": 0.11954247951507568,
          "y": -0.38815194368362427,
          "z": 1.7620877027511597
        },
        "tail": {
          "x": 0.10922537744045258,
          "y": -0.41175246238708496,
          "z": 1.7929059267044067
        },
        "rotation_quaternion": {
          "w": 0.29286375641822815,
          "x": 0.32873618602752686,
          "y": 0.3470325171947479,
          "z": 0.82808917760849
        },
        "matrix": [
          [
            -0.6123265624046326,
            -0.25687170028686523,
            0.747712254524231,
            0.11954247951507568
          ],
          [
            0.7131995558738708,
            -0.5875983238220215,
            0.3821973204612732,
            -0.38815194368362427
          ],
          [
            0.34118175506591797,
            0.7673021554946899,
            0.5430067777633667,
            1.7620877027511597
          ],
          [
            0.0,
            0.0,
            0.0,
            1.0
          ]
        ]
      },
      "bone_length_armature_space": 0.04016455449873856,
      "parent": "thumb_01_l",
      "has_children": true,
      "is_end_bone": false
    },
    "thumb_03_l": {
      "name": "thumb_03_l",
      "local": {
        "location": {
          "x": 0.0,
          "y": 0.0,
          "z": 0.0
        },
        "rotation_quaternion": {
          "w": 0.9979603886604309,
          "x": 0.06366346031427383,
          "y": 0.004139970522373915,
          "z": 0.0022324654273688793
        },
        "scale": {
          "x": 1.0,
          "y": 1.0,
          "z": 1.0
        },
        "matrix_basis": [
          [
            0.9999557733535767,
            -0.003928694408386946,
            0.008547306060791016,
            0.0
          ],
          [
            0.004982953891158104,
            0.9918839335441589,
            -0.12704874575138092,
            0.0
          ],
          [
            -0.007978800684213638,
            0.12708570063114166,
            0.9918596744537354,
            0.0
          ],
          [
            0.0,
            0.0,
            0.0,
            1.0
          ]
        ],
        "rotation_mode": "QUATERNION"
      },
      "armature_space": {
        "head": {
          "x": 0.1092253178358078,
          "y": -0.474996417760849,
          "z": 0.8430518507957458
        },
        "tail": {
          "x": 0.11294402927160263,
          "y": -0.48939186334609985,
          "z": 0.8696195483207703
        }
      },
      "world_space": {
        "head": {
          "x": 0.1092253178358078,
          "y": -0.4117524027824402,
          "z": 1.7929058074951172
        },
        "tail": {
          "x": 0.11294402927160263,
          "y": -0.4261478781700134,
          "z": 1.8194735050201416
        },
        "rotation_quaternion": {
          "w": 0.07346003502607346,
          "x": 0.23933619260787964,
          "y": 0.5081194639205933,
          "z": 0.8240973949432373
        },
        "matrix": [
          [
            -0.87464439868927,
            0.12214580178260803,
            0.4691249430179596,
            0.1092253178358078
          ],
          [
            0.364298552274704,
            -0.4728366732597351,
            0.8023167848587036,
            -0.4117524027824402
          ],
          [
            0.31982162594795227,
            0.8726487159729004,
            0.3690696656703949,
            1.7929058074951172
          ],
          [
            0.0,
            0.0,
            0.0,
            1.0
          ]
        ]
      },
      "bone_length_armature_space": 0.0304450362475752,
      "parent": "thumb_02_l",
      "has_children": false,
      "is_end_bone": true
    },
    "metacarpal_index_l": {
      "name": "metacarpal_index_l",
      "local": {
        "location": {
          "x": 0.0,
          "y": 0.0,
          "z": 0.0
        },
        "rotation_quaternion": {
          "w": 0.9988080263137817,
          "x": -0.046025440096855164,
          "y": -0.013909300789237022,
          "z": 0.008408011868596077
        },
        "scale": {
          "x": 1.0,
          "y": 1.0,
          "z": 1.0
        },
        "matrix_basis": [
          [
            0.9994716644287109,
            -0.015515616163611412,
            -0.028559407219290733,
            0.0
          ],
          [
            0.018076343461871147,
            0.995621919631958,
            0.0917072594165802,
            0.0
          ],
          [
            0.027011478319764137,
            -0.09217505902051926,
            0.9953764081001282,
            0.0
          ],
          [
            0.0,
            0.0,
            0.0,
            1.0
          ]
        ],
        "rotation_mode": "QUATERNION"
      },
      "armature_space": {
        "head": {
          "x": 0.18609583377838135,
          "y": -0.4140189588069916,
          "z": 0.8060553073883057
        },
        "tail": {
          "x": 0.11545225232839584,
          "y": -0.4628504514694214,
          "z": 0.8857690095901489
        }
      },
      "world_space": {
        "head": {
          "x": 0.18609583377838135,
          "y": -0.35077494382858276,
          "z": 1.7559093236923218
        },
        "tail": {
          "x": 0.11545225232839584,
          "y": -0.39960646629333496,
          "z": 1.835623025894165
        },
        "rotation_quaternion": {
          "w": 0.2771848440170288,
          "x": 0.8023905158042908,
          "y": -0.4634571969509125,
          "z": -0.2540580928325653
        },
        "matrix": [
          [
            0.44132259488105774,
            -0.602906346321106,
            -0.6646344065666199,
            0.18609583377838135
          ],
          [
            -0.8845900893211365,
            -0.41675135493278503,
            -0.20932964980602264,
            -0.35077494382858276
          ],
          [
            -0.15078316628932953,
            0.6803151369094849,
            -0.7172516584396362,
            1.7559093236923218
          ],
          [
            0.0,
            0.0,
            0.0,
            1.0
          ]
        ]
      },
      "bone_length_armature_space": 0.11717211602481634,
      "parent": "lowerarm_l",
      "has_children": true,
      "is_end_bone": false
    },
    "index_01_l": {
      "name": "index_01_l",
      "local": {
        "location": {
          "x": 0.0,
          "y": 0.0,
          "z": 0.0
        },
        "rotation_quaternion": {
          "w": 0.9979994893074036,
          "x": -0.06119692698121071,
          "y": -0.01366591826081276,
          "z": 0.008073277771472931
        },
        "scale": {
          "x": 1.0,
          "y": 1.0,
          "z": 1.0
        },
        "matrix_basis": [
          [
            0.9994961023330688,
            -0.014441629871726036,
            -0.028265278786420822,
            0.0
          ],
          [
            0.01778687909245491,
            0.9923795461654663,
            0.12192834913730621,
            0.0
          ],
          [
            0.026289040222764015,
            -0.1223696619272232,
            0.9921363592147827,
            0.0
          ],
          [
            0.0,
            0.0,
            0.0,
            1.0
          ]
        ],
        "rotation_mode": "QUATERNION"
      },
      "armature_space": {
        "head": {
          "x": 0.11545225232839584,
          "y": -0.4628504514694214,
          "z": 0.8857690095901489
        },
        "tail": {
          "x": 0.10860154032707214,
          "y": -0.48027998208999634,
          "z": 0.9072714447975159
        }
      },
      "world_space": {
        "head": {
          "x": 0.11545225232839584,
          "y": -0.39960646629333496,
          "z": 1.835623025894165
        },
        "tail": {
          "x": 0.10860154032707214,
          "y": -0.4170359969139099,
          "z": 1.8571255207061768
        },
        "rotation_quaternion": {
          "w": 0.33760759234428406,
          "x": 0.8301215767860413,
          "y": -0.2835385799407959,
          "z": -0.3413577973842621
        },
        "matrix": [
          [
            0.6061615943908691,
            -0.24025467038154602,
            -0.7581862807273865,
            0.11545225232839584
          ],
          [
            -0.7012335062026978,
            -0.6112539172172546,
            -0.3669339120388031,
            -0.39960646629333496
          ],
          [
            -0.3752901554107666,
            0.7540913820266724,
            -0.5389969944953918,
            1.835623025894165
          ],
          [
            0.0,
            0.0,
            0.0,
            1.0
          ]
        ]
      },
      "bone_length_armature_space": 0.028514479057265937,
      "parent": "metacarpal_index_l",
      "has_children": true,
      "is_end_bone": false
    },
    "index_02_l": {
      "name": "index_02_l",
      "local": {
        "location": {
          "x": 0.0,
          "y": 0.0,
          "z": 0.0
        },
        "rotation_quaternion": {
          "w": 0.9852584004402161,
          "x": 0.17103442549705505,
          "y": 0.0031801743898540735,
          "z": -0.001716107944957912
        },
        "scale": {
          "x": 1.0,
          "y": 1.0,
          "z": 1.0
        },
        "matrix_basis": [
          [
            0.9999738931655884,
            0.0044694580137729645,
            0.0056795598939061165,
            0.0
          ],
          [
            -0.0022937809117138386,
            0.9414885640144348,
            -0.3370371162891388,
            0.0
          ],
          [
            -0.006853614002466202,
            0.337015300989151,
            0.941474199295044,
            0.0
          ],
          [
            0.0,
            0.0,
            0.0,
            1.0
          ]
        ],
        "rotation_mode": "QUATERNION"
      },
      "armature_space": {
        "head": {
          "x": 0.10860107094049454,
          "y": -0.48028016090393066,
          "z": 0.9072716236114502
        },
        "tail": {
          "x": 0.09700465202331543,
          "y": -0.4982919991016388,
          "z": 0.9213850498199463
        }
      },
      "world_space": {
        "head": {
          "x": 0.10860107094049454,
          "y": -0.41703617572784424,
          "z": 1.8571256399154663
        },
        "tail": {
          "x": 0.09700465202331543,
          "y": -0.43504798412323,
          "z": 1.8712390661239624
        },
        "rotation_quaternion": {
          "w": 0.19330313801765442,
          "x": 0.8639235496520996,
          "y": -0.33402159810066223,
          "z": -0.32357314229011536
        },
        "matrix": [
          [
            0.5674597024917603,
            -0.45204436779022217,
            -0.6882195472717285,
            0.10860107094049454
          ],
          [
            -0.7022343277931213,
            -0.702126681804657,
            -0.11783632636070251,
            -0.41703617572784424
          ],
          [
            -0.42995381355285645,
            0.5501617789268494,
            -0.7158743143081665,
            1.8571256399154663
          ],
          [
            0.0,
            0.0,
            0.0,
            1.0
          ]
        ]
      },
      "bone_length_armature_space": 0.025653304480898812,
      "parent": "index_01_l",
      "has_children": true,
      "is_end_bone": false
    },
    "index_03_l": {
      "name": "index_03_l",
      "local": {
        "location": {
          "x": 0.0,
          "y": 0.0,
          "z": 0.0
        },
        "rotation_quaternion": {
          "w": 0.9763190150260925,
          "x": 0.21633100509643555,
          "y": -0.0010421891929581761,
          "z": 0.0010157772339880466
        },
        "scale": {
          "x": 1.0,
          "y": 1.0,
          "z": 1.0
        },
        "matrix_basis": [
          [
            0.999995768070221,
            -0.0024343610275536776,
            -0.0015955300768837333,
            0.0
          ],
          [
            0.001532529597170651,
            0.9063997268676758,
            -0.4224182665348053,
            0.0
          ],
          [
            0.0024745063856244087,
            0.42241403460502625,
            0.9063996076583862,
            0.0
          ],
          [
            0.0,
            0.0,
            0.0,
            1.0
          ]
        ],
        "rotation_mode": "QUATERNION"
      },
      "armature_space": {
        "head": {
          "x": 0.09700474143028259,
          "y": -0.498291939496994,
          "z": 0.9213851690292358
        },
        "tail": {
          "x": 0.07739996910095215,
          "y": -0.5198639631271362,
          "z": 0.9233932495117188
        }
      },
      "world_space": {
        "head": {
          "x": 0.09700474143028259,
          "y": -0.4350479245185852,
          "z": 1.871239185333252
        },
        "tail": {
          "x": 0.07739996910095215,
          "y": -0.4566199779510498,
          "z": 1.8732472658157349
        },
        "rotation_quaternion": {
          "w": 0.046561673283576965,
          "x": -0.9074859023094177,
          "y": 0.35872551798820496,
          "z": 0.21358220279216766
        },
        "matrix": [
          [
            0.6513975262641907,
            -0.6709669828414917,
            -0.35423916578292847,
            0.09700474143028259
          ],
          [
            -0.6311876177787781,
            -0.7382957339286804,
            0.2377433478832245,
            -0.4350479245185852
          ],
          [
            -0.4210548400878906,
            0.0687258243560791,
            -0.9044356346130371,
            1.871239185333252
          ],
          [
            0.0,
            0.0,
            0.0,
            1.0
          ]
        ]
      },
      "bone_length_armature_space": 0.02921868747204356,
      "parent": "index_02_l",
      "has_children": false,
      "is_end_bone": true
    },
    "metacarpal_pinky_l": {
      "name": "metacarpal_pinky_l",
      "local": {
        "location": {
          "x": 0.0,
          "y": 0.0,
          "z": 0.0
        },
        "rotation_quaternion": {
          "w": 0.9987654685974121,
          "x": -0.048831723630428314,
          "y": 0.00011864141561090946,
          "z": -0.00911238044500351
        },
        "scale": {
          "x": 1.0,
          "y": 1.0,
          "z": 1.0
        },
        "matrix_basis": [
          [
            0.999833881855011,
            0.018190674483776093,
            0.0011269364040344954,
            0.0
          ],
          [
            -0.018213849514722824,
            0.9950648546218872,
            0.0975407138466835,
            0.0
          ],
          [
            0.0006529566016979516,
            -0.09754504263401031,
            0.9952309131622314,
            0.0
          ],
          [
            0.0,
            0.0,
            0.0,
            1.0
          ]
        ],
        "rotation_mode": "QUATERNION"
      },
      "armature_space": {
        "head": {
          "x": 0.18609583377838135,
          "y": -0.4140189588069916,
          "z": 0.8060553073883057
        },
        "tail": {
          "x": 0.17397794127464294,
          "y": -0.49246644973754883,
          "z": 0.8734527826309204
        }
      },
      "world_space": {
        "head": {
          "x": 0.18609583377838135,
          "y": -0.35077494382858276,
          "z": 1.7559093236923218
        },
        "tail": {
          "x": 0.17397794127464294,
          "y": -0.4292224645614624,
          "z": 1.8233067989349365
        },
        "rotation_quaternion": {
          "w": 0.047796644270420074,
          "x": -0.03872222080826759,
          "y": 0.34790459275245667,
          "z": 0.9355097413063049
        },
        "matrix": [
          [
            -0.9924322962760925,
            -0.11637189984321594,
            -0.039192505180835724,
            0.18609583377838135
          ],
          [
            0.062485288828611374,
            -0.7533555626869202,
            0.6546382904052734,
            -0.35077494382858276
          ],
          [
            -0.10570774227380753,
            0.6472387909889221,
            0.7549318075180054,
            1.7559093236923218
          ],
          [
            0.0,
            0.0,
            0.0,
            1.0
          ]
        ]
      },
      "bone_length_armature_space": 0.10413103130499533,
      "parent": "lowerarm_l",
      "has_children": true,
      "is_end_bone": false
    },
    "pinky_01_l": {
      "name": "pinky_01_l",
      "local": {
        "location": {
          "x": 0.0,
          "y": 0.0,
          "z": 0.0
        },
        "rotation_quaternion": {
          "w": 0.9996916651725769,
          "x": 0.02475297451019287,
          "y": -0.0019105937099084258,
          "z": 0.0004783006734214723
        },
        "scale": {
          "x": 1.0,
          "y": 1.0,
          "z": 1.0
        },
        "matrix_basis": [
          [
            0.9999922513961792,
            -0.0010508921695873141,
            -0.0037963304203003645,
            0.0
          ],
          [
            0.000861720647662878,
            0.9987741112709045,
            -0.04949251189827919,
            0.0
          ],
          [
            0.003843687940388918,
            0.0494888573884964,
            0.9987672567367554,
            0.0
          ],
          [
            0.0,
            0.0,
            0.0,
            1.0
          ]
        ],
        "rotation_mode": "QUATERNION"
      },
      "armature_space": {
        "head": {
          "x": 0.17397794127464294,
          "y": -0.49246644973754883,
