{
  "metadata": {
    "armature_name": "KIM_caucasian_male",
    "export_time": "2026-01-13T21:16:41.194812",
    "blender_version": "4.4.1",
    "bone_count": 56,
    "end_bone_count": 13,
    "spaces_included": [
      "LOCAL_CHANNELS",
      "ARMATURE_SPACE",
      "WORLD_SPACE"
    ],
    "note": "LOCAL matches Transform panel; replay pose via local.matrix_basis for best fidelity."
  },
  "bones": {
    "Root": {
      "name": "Root",
      "local": {
        "location": {
          "x": 0.0,
          "y": 0.0,
          "z": 0.0
        },
        "rotation_quaternion": {
          "w": 0.9996561408042908,
          "x": -0.008757428266108036,
          "y": -0.0025390947703272104,
          "z": -0.024585194885730743
        },
        "scale": {
          "x": 1.0,
          "y": 1.0,
          "z": 1.0
        },
        "matrix_basis": [
          [
            0.998778223991394,
            0.049197953194379807,
            -0.004645837005227804,
            0.0
          ],
          [
            -0.04910901188850403,
            0.9986377358436584,
            0.017633682116866112,
            0.0
          ],
          [
            0.0055070496164262295,
            -0.017383985221385956,
            0.9998337030410767,
            0.0
          ],
          [
            0.0,
            0.0,
            0.0,
            1.0
          ]
        ],
        "rotation_mode": "QUATERNION"
      },
      "armature_space": {
        "head": {
          "x": 0.0,
          "y": 0.07072800397872925,
          "z": -0.009595036506652832
        },
        "tail": {
          "x": 0.0035115466453135014,
          "y": 0.0002631545066833496,
          "z": 0.0012164711952209473
        }
      },
      "world_space": {
        "head": {
          "x": 0.0,
          "y": 0.13397200405597687,
          "z": 0.9402589797973633
        },
        "tail": {
          "x": 0.0035115466453135014,
          "y": 0.06350715458393097,
          "z": 0.9510704874992371
        },
        "rotation_quaternion": {
          "w": 0.0760820284485817,
          "x": 0.9967952966690063,
          "y": 0.024358291178941727,
          "z": -0.004189581144601107
        },
        "matrix": [
          [
            0.998778223991394,
            0.049197953194379807,
            -0.004645837005227804,
            0.0
          ],
          [
            0.04792294651269913,
            -0.9872363209724426,
            -0.15188096463680267,
            0.13397200405597687
          ],
          [
            -0.012058811262249947,
            0.15147286653518677,
            -0.9883949160575867,
            0.9402589797973633
          ],
          [
            0.0,
            0.0,
            0.0,
            1.0
          ]
        ]
      },
      "bone_length_armature_space": 0.07137586944857198,
      "parent": null,
      "has_children": true,
      "is_end_bone": false
    },
    "spine_01": {
      "name": "spine_01",
      "local": {
        "location": {
          "x": 0.0,
          "y": 0.0,
          "z": 0.0
        },
        "rotation_quaternion": {
          "w": 0.9997899532318115,
          "x": -0.019132627174258232,
          "y": -0.006179749500006437,
          "z": -0.003999507054686546
        },
        "scale": {
          "x": 1.0,
          "y": 1.0,
          "z": 1.0
        },
        "matrix_basis": [
          [
            0.9998916387557983,
            0.008233803324401379,
            -0.012203861027956009,
            0.0
          ],
          [
            -0.007760864216834307,
            0.9992358684539795,
            0.03830664977431297,
            0.0
          ],
          [
            0.012509944848716259,
            -0.03820778429508209,
            0.9991915225982666,
            0.0
          ],
          [
            0.0,
            0.0,
            0.0,
            1.0
          ]
        ],
        "rotation_mode": "QUATERNION"
      },
      "armature_space": {
        "head": {
          "x": 0.0035115466453135014,
          "y": 0.0002631545066833496,
          "z": 0.0012164711952209473
        },
        "tail": {
          "x": 0.010985663160681725,
          "y": 0.05046665295958519,
          "z": 0.4865743815898895
        }
      },
      "world_space": {
        "head": {
          "x": 0.0035115466453135014,
          "y": 0.06350715458393097,
          "z": 0.9510704874992371
        },
        "tail": {
          "x": 0.010985663160681725,
          "y": 0.11371065676212311,
          "z": 1.436428427696228
        },
        "rotation_quaternion": {
          "w": 0.7423514127731323,
          "x": 0.6697153449058533,
          "y": 0.01876317523419857,
          "z": 0.006611555814743042
        },
        "matrix": [
          [
            0.9992084503173828,
            0.015315773896872997,
            0.036713358014822006,
            0.0035115466453135014
          ],
          [
            0.03494805842638016,
            0.10287576168775558,
            -0.994080126285553,
            0.06350715458393097
          ],
          [
            -0.019002120941877365,
            0.9945833683013916,
            0.10225886106491089,
            0.9510704874992371
          ],
          [
            0.0,
            0.0,
            0.0,
            1.0
          ]
        ]
      },
      "bone_length_armature_space": 0.4880046741270673,
      "parent": "Root",
      "has_children": true,
      "is_end_bone": false
    },
    "neck_01": {
      "name": "neck_01",
      "local": {
        "location": {
          "x": 0.0,
          "y": 0.0,
          "z": 0.0
        },
        "rotation_quaternion": {
          "w": 0.9916735887527466,
          "x": -0.03850848972797394,
          "y": 0.11474638432264328,
          "z": 0.043976835906505585
        },
        "scale": {
          "x": 1.0,
          "y": 1.0,
          "z": 1.0
        },
        "matrix_basis": [
          [
            0.9697986245155334,
            -0.09605875611305237,
            0.2241949588060379,
            0.0
          ],
          [
            0.0783839151263237,
            0.9931662678718567,
            0.08646807074546814,
            0.0
          ],
          [
            -0.2309688776731491,
            -0.06628333777189255,
            0.970700740814209,
            0.0
          ],
          [
            0.0,
            0.0,
            0.0,
            1.0
          ]
        ],
        "rotation_mode": "QUATERNION"
      },
      "armature_space": {
        "head": {
          "x": 0.013380296528339386,
          "y": 0.023523923009634018,
          "z": 0.562942624092102
        },
        "tail": {
          "x": 0.006222833413630724,
          "y": 0.0009477213025093079,
          "z": 0.6626915335655212
        }
      },
      "world_space": {
        "head": {
          "x": 0.013380296528339386,
          "y": 0.08676792681217194,
          "z": 1.5127966403961182
        },
        "tail": {
          "x": 0.006222833413630724,
          "y": 0.06419172137975693,
          "z": 1.6125454902648926
        },
        "rotation_quaternion": {
          "w": 0.6222130656242371,
          "x": 0.7716491222381592,
          "y": 0.05240187048912048,
          "z": 0.1210889220237732
        },
        "matrix": [
          [
            0.9651831984519958,
            -0.06981437653303146,
            0.2520860433578491,
            0.013380296528339386
          ],
          [
            0.2315574437379837,
            -0.22020979225635529,
            -0.9475700855255127,
            0.08676792681217194
          ],
          [
            0.12166687101125717,
            0.9729575514793396,
            -0.19637899100780487,
            1.5127966403961182
          ],
          [
            0.0,
            0.0,
            0.0,
            1.0
          ]
        ]
      },
      "bone_length_armature_space": 0.10252199493929776,
      "parent": "spine_01",
      "has_children": true,
      "is_end_bone": false
    },
    "head": {
      "name": "head",
      "local": {
        "location": {
          "x": 0.0,
          "y": 0.0,
          "z": 0.0
        },
        "rotation_quaternion": {
          "w": 0.9771901369094849,
          "x": 0.010121583007276058,
          "y": -0.1497364640235901,
          "z": -0.1502530723810196
        },
        "scale": {
          "x": 1.0,
          "y": 1.0,
          "z": 1.0
        },
        "matrix_basis": [
          [
            0.9100059866905212,
            0.29062050580978394,
            -0.2956835925579071,
            0.0
          ],
          [
            -0.29668277502059937,
            0.9546431303024292,
            0.025215305387973785,
            0.0
          ],
          [
            0.2896004021167755,
            0.0647781491279602,
            0.9549530744552612,
            0.0
          ],
          [
            0.0,
            0.0,
            0.0,
            1.0
          ]
        ],
        "rotation_mode": "QUATERNION"
      },
      "armature_space": {
        "head": {
          "x": 0.0062228781171143055,
          "y": 0.0009475890547037125,
          "z": 0.6626914143562317
        },
        "tail": {
          "x": 0.02860870026051998,
          "y": 0.021870896220207214,
          "z": 0.8147256374359131
        }
      },
      "world_space": {
        "head": {
          "x": 0.0062228781171143055,
          "y": 0.06419158726930618,
          "z": 1.6125454902648926
        },
        "tail": {
          "x": 0.02860870026051998,
          "y": 0.08511489629745483,
          "z": 1.7645796537399292
        },
        "rotation_quaternion": {
          "w": 0.7531917691230774,
          "x": 0.6521706581115723,
          "y": 0.012540162540972233,
          "z": -0.08496107161045074
        },
        "matrix": [
          [
            0.9852486848831177,
            0.1443406492471695,
            -0.09192885458469391,
            0.0062228781171143055
          ],
          [
            -0.11162829399108887,
            0.13491055369377136,
            -0.984549880027771,
            0.06419158726930618
          ],
          [
            -0.12970945239067078,
            0.9802953004837036,
            0.1490330547094345,
            1.6125454902648926
          ],
          [
            0.0,
            0.0,
            0.0,
            1.0
          ]
        ]
      },
      "bone_length_armature_space": 0.15509131319425487,
      "parent": "neck_01",
      "has_children": false,
      "is_end_bone": true
    },
    "upperarm_l": {
      "name": "upperarm_l",
      "local": {
        "location": {
          "x": 0.0,
          "y": 0.0,
          "z": 0.0
        },
        "rotation_quaternion": {
          "w": 0.8648574352264404,
          "x": 0.3870493173599243,
          "y": 0.09214980900287628,
          "z": 0.3061421811580658
        },
        "scale": {
          "x": 1.0,
          "y": 1.0,
          "z": 1.0
        },
        "matrix_basis": [
          [
            0.7955707311630249,
            -0.4582056403160095,
            0.3963771462440491,
            0.0
          ],
          [
            0.600871741771698,
            0.5129395723342896,
            -0.6130630970001221,
            0.0
          ],
          [
            0.07759135216474533,
            0.7259068489074707,
            0.6834024786949158,
            0.0
          ],
          [
            0.0,
            0.0,
            0.0,
            1.0
          ]
        ],
        "rotation_mode": "QUATERNION"
      },
      "armature_space": {
        "head": {
          "x": 0.16234931349754333,
          "y": 0.018681835383176804,
          "z": 0.49357467889785767
        },
        "tail": {
          "x": 0.31866756081581116,
          "y": -0.15507689118385315,
          "z": 0.6246484518051147
        }
      },
      "world_space": {
        "head": {
          "x": 0.16234931349754333,
          "y": 0.08192583918571472,
          "z": 1.4434287548065186
        },
        "tail": {
          "x": 0.31866756081581116,
          "y": -0.09183289110660553,
          "z": 1.5745024681091309
        },
        "rotation_quaternion": {
          "w": 0.3905627727508545,
          "x": 0.7963652610778809,
          "y": 0.1524708867073059,
          "z": -0.43590816855430603
        },
        "matrix": [
          [
            0.5734741687774658,
            0.5833435654640198,
            -0.5751850008964539,
            0.16234931349754333
          ],
          [
            -0.09765288978815079,
            -0.648427426815033,
            -0.7549875378608704,
            0.08192583918571472
          ],
          [
            -0.8133885264396667,
            0.48913711309432983,
            -0.3148939907550812,
            1.4434287548065186
          ],
          [
            0.0,
            0.0,
            0.0,
            1.0
          ]
        ]
      },
      "bone_length_armature_space": 0.26796982281194864,
      "parent": "spine_01",
      "has_children": true,
      "is_end_bone": false
    },
    "lowerarm_l": {
      "name": "lowerarm_l",
      "local": {
        "location": {
          "x": 0.0,
          "y": 0.0,
          "z": 0.0
        },
        "rotation_quaternion": {
          "w": 0.9856178164482117,
          "x": 0.15183572471141815,
          "y": 0.016020284965634346,
          "z": -0.07243481278419495
        },
        "scale": {
          "x": 1.0,
          "y": 1.0,
          "z": 1.0
        },
        "matrix_basis": [
          [
            0.9889931082725525,
            0.14765098690986633,
            0.009583371691405773,
            0.0
          ],
          [
            -0.13792118430137634,
            0.9433982372283936,
            -0.3016248345375061,
            0.0
          ],
          [
            -0.053576141595840454,
            0.29698315262794495,
            0.9533784985542297,
            0.0
          ],
          [
            0.0,
            0.0,
            0.0,
            1.0
          ]
        ],
        "rotation_mode": "QUATERNION"
      },
      "armature_space": {
        "head": {
          "x": 0.3186675012111664,
          "y": -0.1550769805908203,
          "z": 0.6246485710144043
        },
        "tail": {
          "x": 0.40095192193984985,
          "y": -0.39845407009124756,
          "z": 0.6992559432983398
        }
      },
      "world_space": {
        "head": {
          "x": 0.3186675012111664,
          "y": -0.09183298051357269,
          "z": 1.5745025873184204
        },
        "tail": {
          "x": 0.40095192193984985,
          "y": -0.33521008491516113,
          "z": 1.649109959602356
        },
        "rotation_quaternion": {
          "w": 0.20347365736961365,
          "x": 0.8367692232131958,
          "y": 0.06107170134782791,
          "z": -0.5046641230583191
        },
        "matrix": [
          [
            0.48316895961761475,
            0.30757710337638855,
            -0.8197219967842102,
            0.3186675012111664
          ],
          [
            -0.10316578298807144,
            -0.9097377061843872,
            -0.40216225385665894,
            -0.09183298051357269
          ],
          [
            -0.8694339990615845,
            0.27888059616088867,
            -0.407828688621521,
            1.5745025873184204
          ],
          [
            0.0,
            0.0,
            0.0,
            1.0
          ]
        ]
      },
      "bone_length_armature_space": 0.26752456334315006,
      "parent": "upperarm_l",
      "has_children": true,
      "is_end_bone": false
    },
    "metacarpal_thumb_l": {
      "name": "metacarpal_thumb_l",
      "local": {
        "location": {
          "x": 0.0,
          "y": 0.0,
          "z": 0.0
        },
        "rotation_quaternion": {
          "w": 0.9997799396514893,
          "x": -0.009455853141844273,
          "y": -0.013709825463593006,
          "z": -0.012760013341903687
        },
        "scale": {
          "x": 1.0,
          "y": 1.0,
          "z": 1.0
        },
        "matrix_basis": [
          [
            0.9992984533309937,
            0.025773687288165092,
            -0.027172302827239037,
            0.0
          ],
          [
            -0.02525513432919979,
            0.9994955658912659,
            0.01925741881132126,
            0.0
          ],
          [
            0.02765493094921112,
            -0.01855766959488392,
            0.9994452595710754,
            0.0
          ],
          [
            0.0,
            0.0,
            0.0,
            1.0
          ]
        ],
        "rotation_mode": "QUATERNION"
      },
      "armature_space": {
        "head": {
          "x": 0.40095192193984985,
          "y": -0.39845407009124756,
          "z": 0.6992559432983398
        },
        "tail": {
          "x": 0.3941499888896942,
          "y": -0.446944922208786,
          "z": 0.6917755007743835
        }
      },
      "world_space": {
        "head": {
          "x": 0.40095192193984985,
          "y": -0.33521008491516113,
          "z": 1.649109959602356
        },
        "tail": {
          "x": 0.3941499888896942,
          "y": -0.3837009072303772,
          "z": 1.6416294574737549
        },
        "rotation_quaternion": {
          "w": 0.05899195745587349,
          "x": -0.9706856608390808,
          "y": 0.0839424580335617,
          "z": -0.2173544019460678
        },
        "matrix": [
          [
            0.8914214372634888,
            -0.13731952011585236,
            0.4318694770336151,
            0.40095192193984985
          ],
          [
            -0.18860766291618347,
            -0.9789472818374634,
            0.07803402841091156,
            -0.33521008491516113
          ],
          [
            0.4120646119117737,
            -0.15101702511310577,
            -0.8985603451728821,
            1.649109959602356
          ],
          [
            0.0,
            0.0,
            0.0,
            1.0
          ]
        ]
      },
      "bone_length_armature_space": 0.04953368590501919,
      "parent": "lowerarm_l",
      "has_children": true,
      "is_end_bone": false
    },
    "thumb_01_l": {
      "name": "thumb_01_l",
      "local": {
        "location": {
          "x": 0.0,
          "y": 0.0,
          "z": 0.0
        },
        "rotation_quaternion": {
          "w": 0.9992566108703613,
          "x": -0.037298042327165604,
          "y": 0.009722244925796986,
          "z": -0.0008449183078482747
        },
        "scale": {
          "x": 1.0,
          "y": 1.0,
          "z": 1.0
        },
        "matrix_basis": [
          [
            0.9998095035552979,
            0.0009633390000090003,
            0.019493062049150467,
            0.0
          ],
          [
            -0.0024138218723237514,
            0.9972162842750549,
            0.07452420145273209,
            0.0
          ],
          [
            -0.019367007538676262,
            -0.07455705851316452,
            0.997028648853302,
            0.0
          ],
          [
            0.0,
            0.0,
            0.0,
            1.0
          ]
        ],
        "rotation_mode": "QUATERNION"
      },
      "armature_space": {
        "head": {
          "x": 0.3941499888896942,
          "y": -0.446944922208786,
          "z": 0.6917755007743835
        },
        "tail": {
          "x": 0.3959519565105438,
          "y": -0.46550220251083374,
          "z": 0.6632971167564392
        }
      },
      "world_space": {
        "head": {
          "x": 0.3941499888896942,
          "y": -0.3837009072303772,
          "z": 1.6416294574737549
        },
        "tail": {
          "x": 0.3959519565105438,
          "y": -0.4022582173347473,
          "z": 1.6131510734558105
        },
        "rotation_quaternion": {
          "w": 0.2778278887271881,
          "x": -0.46595796942710876,
          "y": 0.38758212327957153,
          "z": -0.7453019022941589
        },
        "matrix": [
          [
            -0.41139039397239685,
            0.05293931066989899,
            0.9099205732345581,
            0.3941499888896942
          ],
          [
            -0.7753251194953918,
            -0.5451840162277222,
            -0.3188185691833496,
            -0.3837009072303772
          ],
          [
            0.47919872403144836,
            -0.8366495966911316,
            0.2653302550315857,
            1.6416294574737549
          ],
          [
            0.0,
            0.0,
            0.0,
            1.0
          ]
        ]
      },
      "bone_length_armature_space": 0.034038773091108775,
      "parent": "metacarpal_thumb_l",
      "has_children": true,
      "is_end_bone": false
    },
    "thumb_02_l": {
      "name": "thumb_02_l",
      "local": {
        "location": {
          "x": 0.0,
          "y": 0.0,
          "z": 0.0
        },
        "rotation_quaternion": {
          "w": 0.9981983304023743,
          "x": 0.059360526502132416,
          "y": -0.00814303569495678,
          "z": 0.0031968511175364256
        },
        "scale": {
          "x": 1.0,
          "y": 1.0,
          "z": 1.0
        },
        "matrix_basis": [
          [
            0.9998469352722168,
            -0.007348932791501284,
            -0.015877196565270424,
            0.0
          ],
          [
            0.005415433086454868,
            0.9929322004318237,
            -0.11855921894311905,
            0.0
          ],
          [
            0.016636263579130173,
            0.11845508962869644,
            0.9928200244903564,
            0.0
          ],
          [
            0.0,
            0.0,
            0.0,
            1.0
          ]
        ],
        "rotation_mode": "QUATERNION"
      },
      "armature_space": {
        "head": {
          "x": 0.3959519565105438,
          "y": -0.46550217270851135,
          "z": 0.6632971167564392
        },
        "tail": {
          "x": 0.4098247289657593,
          "y": -0.5026088356971741,
          "z": 0.6699168086051941
        }
      },
      "world_space": {
        "head": {
          "x": 0.3959519565105438,
          "y": -0.40225815773010254,
          "z": 1.6131510734558105
        },
        "tail": {
          "x": 0.4098247289657593,
          "y": -0.43936485052108765,
          "z": 1.6197707653045654
        },
        "rotation_quaternion": {
          "w": 0.16448135673999786,
          "x": -0.11999183893203735,
          "y": -0.10493336617946625,
          "z": -0.9734150767326355
        },
        "matrix": [
          [
            -0.9170957803726196,
            0.3453996777534485,
            0.19908440113067627,
            0.3959519565105438
          ],
          [
            -0.2950350046157837,
            -0.9238694310188293,
            0.24376091361045837,
            -0.40225815773010254
          ],
          [
            0.2681244909763336,
            0.16481554508209229,
            0.9491886496543884,
            1.6131510734558105
          ],
          [
            0.0,
            0.0,
            0.0,
            1.0
          ]
        ]
      },
      "bone_length_armature_space": 0.04016439435854944,
      "parent": "thumb_01_l",
      "has_children": true,
      "is_end_bone": false
    },
    "thumb_03_l": {
      "name": "thumb_03_l",
      "local": {
        "location": {
          "x": 0.0,
          "y": 0.0,
          "z": 0.0
        },
        "rotation_quaternion": {
          "w": 0.9939898252487183,
          "x": 0.1092832162976265,
          "y": 0.006385001353919506,
          "z": -0.0008386045228689909
        },
        "scale": {
          "x": 1.0,
          "y": 1.0,
          "z": 1.0
        },
        "matrix_basis": [
          [
            0.9999170303344727,
            0.0030626757070422173,
            0.012509961612522602,
            0.0
          ],
          [
            -0.0002715817536227405,
            0.976112961769104,
            -0.21726351976394653,
            0.0
          ],
          [
            -0.012876543216407299,
            0.21724210679531097,
            0.9760327935218811,
            0.0
          ],
          [
            0.0,
            0.0,
            0.0,
            1.0
          ]
        ],
        "rotation_mode": "QUATERNION"
      },
      "armature_space": {
        "head": {
          "x": 0.4098246693611145,
          "y": -0.5026088356971741,
          "z": 0.6699168086051941
        },
        "tail": {
          "x": 0.423891544342041,
          "y": -0.5234736800193787,
          "z": 0.6870537996292114
        }
      },
      "world_space": {
        "head": {
          "x": 0.4098246693611145,
          "y": -0.43936485052108765,
          "z": 1.6197707653045654
        },
        "tail": {
          "x": 0.423891544342041,
          "y": -0.46022969484329224,
          "z": 1.6369078159332275
        },
        "rotation_quaternion": {
          "w": 0.28695979714393616,
          "x": 0.11122274398803711,
          "y": -0.2738402187824249,
          "z": -0.9112052917480469
        },
        "matrix": [
          [
            -0.810566782951355,
            0.46204429864883423,
            -0.35985636711120605,
            0.4098246693611145
          ],
          [
            -0.5838736891746521,
            -0.6853308081626892,
            0.4352160692214966,
            -0.43936485052108765
          ],
          [
            -0.04553244262933731,
            0.5628857612609863,
            0.8252881169319153,
            1.6197707653045654
          ],
          [
            0.0,
            0.0,
            0.0,
            1.0
          ]
        ]
      },
      "bone_length_armature_space": 0.030444952856052313,
      "parent": "thumb_02_l",
      "has_children": false,
      "is_end_bone": true
    },
    "metacarpal_index_l": {
      "name": "metacarpal_index_l",
      "local": {
        "location": {
          "x": 0.0,
          "y": 0.0,
          "z": 0.0
        },
        "rotation_quaternion": {
          "w": 0.9997920989990234,
          "x": -0.01965060457587242,
          "y": 0.0030223599169403315,
          "z": 0.004542742855846882
        },
        "scale": {
          "x": 1.0,
          "y": 1.0,
          "z": 1.0
        },
        "matrix_basis": [
          [
            0.9999404549598694,
            -0.009202378802001476,
            0.005864928010851145,
            0.0
          ],
          [
            0.008964814245700836,
            0.9991864562034607,
            0.03932049870491028,
            0.0
          ],
          [
            -0.006221998482942581,
            -0.03926558047533035,
            0.999209463596344,
            0.0
          ],
          [
            0.0,
            0.0,
            0.0,
            1.0
          ]
        ],
        "rotation_mode": "QUATERNION"
      },
      "armature_space": {
        "head": {
          "x": 0.40095192193984985,
          "y": -0.39845407009124756,
          "z": 0.6992559432983398
        },
        "tail": {
          "x": 0.40825971961021423,
          "y": -0.5142954587936401,
          "z": 0.7152743339538574
        }
      },
      "world_space": {
        "head": {
          "x": 0.40095192193984985,
          "y": -0.33521008491516113,
          "z": 1.649109959602356
        },
        "tail": {
          "x": 0.40825971961021423,
          "y": -0.4510514736175537,
          "z": 1.6651283502578735
        },
        "rotation_quaternion": {
          "w": 0.07027126848697662,
          "x": 0.9954279661178589,
          "y": 0.027183176949620247,
          "z": -0.05870489776134491
        },
        "matrix": [
          [
            0.9916297197341919,
            0.06236822158098221,
            -0.11305253952741623,
            0.40095192193984985
          ],
          [
            0.045867372304201126,
            -0.9886461496353149,
            -0.1430920660495758,
            -0.33521008491516113
          ],
          [
            -0.12069424241781235,
            0.13670888543128967,
            -0.9832383990287781,
            1.649109959602356
          ],
          [
            0.0,
            0.0,
            0.0,
            1.0
          ]
        ]
      },
      "bone_length_armature_space": 0.11717175602082817,
      "parent": "lowerarm_l",
      "has_children": true,
      "is_end_bone": false
    },
    "index_01_l": {
      "name": "index_01_l",
      "local": {
        "location": {
          "x": 0.0,
          "y": 0.0,
          "z": 0.0
        },
        "rotation_quaternion": {
          "w": 0.992988109588623,
          "x": -0.11702278256416321,
          "y": -0.01230625156313181,
          "z": -0.011348355561494827
        },
        "scale": {
          "x": 1.0,
          "y": 1.0,
          "z": 1.0
        },
        "matrix_basis": [
          [
            0.999439537525177,
            0.025417787954211235,
            -0.021783890202641487,
            0.0
          ],
          [
            -0.01965733990073204,
            0.9723537564277649,
            0.23268377780914307,
            0.0
          ],
          [
            0.02709595486521721,
            -0.2321251481771469,
            0.9723084568977356,
            0.0
          ],
          [
            0.0,
            0.0,
            0.0,
            1.0
          ]
        ],
        "rotation_mode": "QUATERNION"
      },
      "armature_space": {
        "head": {
          "x": 0.40825971961021423,
          "y": -0.5142954587936401,
          "z": 0.7152743339538574
        },
        "tail": {
          "x": 0.4207238554954529,
          "y": -0.536811888217926,
          "z": 0.7275514006614685
        }
      },
      "world_space": {
        "head": {
          "x": 0.40825971961021423,
          "y": -0.4510514736175537,
          "z": 1.6651283502578735
        },
        "tail": {
          "x": 0.4207238554954529,
          "y": -0.4735679030418396,
          "z": 1.6774053573608398
        },
        "rotation_quaternion": {
          "w": 0.23715749382972717,
          "x": 0.9451038837432861,
          "y": 0.22120194137096405,
          "z": -0.0400582030415535
        },
        "matrix": [
          [
            0.8989301919937134,
            0.43711787462234497,
            0.029201775789260864,
            0.40825971961021423
          ],
          [
            0.39911797642707825,
            -0.7896517515182495,
            -0.4659992456436157,
            -0.4510514736175537
          ],
          [
            -0.18063831329345703,
            0.43055784702301025,
            -0.8843098878860474,
            1.6651283502578735
          ],
          [
            0.0,
            0.0,
            0.0,
            1.0
          ]
        ]
      },
      "bone_length_armature_space": 0.028514393831319148,
      "parent": "metacarpal_index_l",
      "has_children": true,
      "is_end_bone": false
    },
    "index_02_l": {
      "name": "index_02_l",
      "local": {
        "location": {
          "x": 0.0,
          "y": 0.0,
          "z": 0.0
        },
        "rotation_quaternion": {
          "w": 0.9994572401046753,
          "x": 0.03238300234079361,
          "y": -0.004467606544494629,
          "z": -0.004082230385392904
        },
        "scale": {
          "x": 1.0,
          "y": 1.0,
          "z": 1.0
        },
        "matrix_basis": [
          [
            0.999926745891571,
            0.007870680652558804,
            -0.009194753132760525,
            0.0
          ],
          [
            -0.008449378423392773,
            0.9978693723678589,
            -0.0646943747997284,
            0.0
          ],
          [
            0.00866597332060337,
            0.06476733088493347,
            0.9978627562522888,
            0.0
          ],
          [
            0.0,
            0.0,
            0.0,
            1.0
          ]
        ],
        "rotation_mode": "QUATERNION"
      },
      "armature_space": {
        "head": {
          "x": 0.4207238256931305,
          "y": -0.536812424659729,
          "z": 0.7275513410568237
        },
        "tail": {
          "x": 0.432748019695282,
          "y": -0.5570588111877441,
          "z": 0.7377294301986694
        }
      },
      "world_space": {
        "head": {
          "x": 0.4207238256931305,
          "y": -0.4735684394836426,
          "z": 1.6774053573608398
        },
        "tail": {
          "x": 0.432748019695282,
          "y": -0.4938148260116577,
          "z": 1.6875834465026855
        },
        "rotation_quaternion": {
          "w": 0.23070934414863586,
          "x": 0.94217848777771,
          "y": 0.2283780574798584,
          "z": -0.08316482603549957
        },
        "matrix": [
          [
            0.881854236125946,
            0.4687196612358093,
            -0.05133357271552086,
            0.4207238256931305
          ],
          [
            0.39197248220443726,
            -0.7892329692840576,
            -0.47272536158561707,
            -0.4735684394836426
          ],
          [
            -0.2620913088321686,
            0.3967553377151489,
            -0.879720151424408,
            1.6774053573608398
          ],
          [
            0.0,
            0.0,
            0.0,
            1.0
          ]
        ]
      },
      "bone_length_armature_space": 0.025653282358020297,
      "parent": "index_01_l",
      "has_children": true,
      "is_end_bone": false
    },
    "index_03_l": {
      "name": "index_03_l",
      "local": {
        "location": {
          "x": 0.0,
          "y": 0.0,
          "z": 0.0
        },
        "rotation_quaternion": {
          "w": 0.9998086094856262,
          "x": 0.018512504175305367,
          "y": 0.0062372758984565735,
          "z": -0.0010566001292318106
        },
        "scale": {
          "x": 1.0,
          "y": 1.0,
          "z": 1.0
        },
        "matrix_basis": [
          [
            0.9999199509620667,
            0.002343731001019478,
            0.01243304368108511,
            0.0
          ],
          [
            -0.001881860662251711,
            0.9993123412132263,
            -0.03703110292553902,
            0.0
          ],
          [
            -0.01251128502190113,
            0.0370047427713871,
            0.9992367625236511,
            0.0
          ],
          [
            0.0,
            0.0,
            0.0,
            1.0
          ]
        ],
        "rotation_mode": "QUATERNION"
      },
      "armature_space": {
        "head": {
          "x": 0.4327479898929596,
          "y": -0.5570587515830994,
          "z": 0.737729549407959
        },
        "tail": {
          "x": 0.4485470652580261,
          "y": -0.5804603695869446,
          "z": 0.7452452182769775
        }
      },
      "world_space": {
        "head": {
          "x": 0.4327479898929596,
          "y": -0.49381476640701294,
          "z": 1.687583565711975
        },
        "tail": {
          "x": 0.4485470652580261,
          "y": -0.5172163844108582,
          "z": 1.6950992345809937
        },
        "rotation_quaternion": {
          "w": 0.15596984326839447,
          "x": 0.9463918805122375,
          "y": 0.27425694465637207,
          "z": -0.06927396357059479
        },
        "matrix": [
          [
            0.8399685621261597,
            0.5407184958457947,
            -0.04556845873594284,
            0.4327479898929596
          ],
          [
            0.49750012159347534,
            -0.8009128570556641,
            -0.3332155644893646,
            -0.49381476640701294
          ],
          [
            -0.21667319536209106,
            0.25722113251686096,
            -0.9417558312416077,
            1.687583565711975
          ],
          [
            0.0,
            0.0,
            0.0,
            1.0
          ]
        ]
      },
      "bone_length_armature_space": 0.02921868877160238,
      "parent": "index_02_l",
      "has_children": false,
      "is_end_bone": true
    },
    "metacarpal_pinky_l": {
      "name": "metacarpal_pinky_l",
      "local": {
        "location": {
          "x": 0.0,
          "y": 0.0,
          "z": 0.0
        },
        "rotation_quaternion": {
          "w": 0.9993978142738342,
          "x": -0.03286516293883324,
          "y": -0.007761040702462196,
          "z": -0.007989790290594101
        },
        "scale": {
          "x": 1.0,
          "y": 1.0,
          "z": 1.0
        },
        "matrix_basis": [
          [
            0.9997518658638,
            0.0164800938218832,
            -0.014987562783062458,
            0.0
          ],
          [
            -0.015459822490811348,
            0.9977120757102966,
            0.06581476330757141,
            0.0
          ],
          [
            0.01603790558874607,
            -0.06556672602891922,
            0.9977192878723145,
            0.0
          ],
          [
            0.0,
            0.0,
            0.0,
            1.0
          ]
        ],
        "rotation_mode": "QUATERNION"
      },
      "armature_space": {
        "head": {
          "x": 0.40095192193984985,
          "y": -0.39845407009124756,
          "z": 0.6992559432983398
        },
        "tail": {
          "x": 0.46103107929229736,
          "y": -0.47645220160484314,
          "z": 0.7331677675247192
        }
      },
      "world_space": {
        "head": {
          "x": 0.40095192193984985,
          "y": -0.33521008491516113,
          "z": 1.649109959602356
        },
        "tail": {
          "x": 0.46103107929229736,
          "y": -0.4132081866264343,
          "z": 1.6830217838287354
        },
        "rotation_quaternion": {
          "w": 0.3493865132331848,
          "x": 0.3191673159599304,
          "y": -0.05838390067219734,
          "z": -0.8790066838264465
        },
        "matrix": [
          [
            -0.5521222352981567,
            0.5769586563110352,
            -0.6018968820571899,
            0.40095192193984985
          ],
          [
            -0.6514951586723328,
            -0.7490402460098267,
            -0.12038706243038177,
            -0.33521008491516113
          ],
          [
            -0.5203075408935547,
            0.32566598057746887,
            0.7894529104232788,
            1.649109959602356
          ],
          [
            0.0,
            0.0,
            0.0,
            1.0
          ]
        ]
      },
      "bone_length_armature_space": 0.10413081078526883,
      "parent": "lowerarm_l",
      "has_children": true,
      "is_end_bone": false
    },
    "pinky_01_l": {
      "name": "pinky_01_l",
      "local": {
        "location": {
          "x": 0.0,
          "y": 0.0,
          "z": 0.0
        },
        "rotation_quaternion": {
          "w": 0.9951329231262207,
          "x": -0.09728822112083435,
          "y": -0.007739703170955181,
          "z": 0.013629470020532608
        },
        "scale": {
          "x": 1.0,
          "y": 1.0,
          "z": 1.0
        },
        "matrix_basis": [
          [
            0.9995086789131165,
            -0.02562030404806137,
            -0.01805604062974453,
            0.0
          ],
          [
            0.028632232919335365,
            0.9806984663009644,
            0.1934184432029724,
            0.0
          ],
          [
            0.012752093374729156,
            -0.1938403993844986,
            0.9809501767158508,
            0.0
          ],
          [
            0.0,
            0.0,
            0.0,
            1.0
          ]
        ],
        "rotation_mode": "QUATERNION"
      },
      "armature_space": {
        "head": {
          "x": 0.46103107929229736,
          "y": -0.47645220160484314,
          "z": 0.7331677675247192
        },
