{
  "metadata": {
    "armature_name": "KIM_caucasian_male",
    "export_time": "2026-01-13T21:08:07.891661",
    "blender_version": "4.4.1",
    "bone_count": 56,
    "end_bone_count": 13,
    "spaces_included": [
      "LOCAL_CHANNELS",
      "ARMATURE_SPACE",
      "WORLD_SPACE"
    ],
    "note": "LOCAL matches Transform panel; replay pose via local.matrix_basis for best fidelity."
  },
  "bones": {
    "Root": {
      "name": "Root",
      "local": {
        "location": {
          "x": 0.0,
          "y": 0.0,
          "z": 0.0
        },
        "rotation_quaternion": {
          "w": 0.9997981786727905,
          "x": 0.012221679091453552,
          "y": 0.014668170362710953,
          "z": -0.006254652049392462
        },
        "scale": {
          "x": 1.0,
          "y": 1.0,
          "z": 1.0
        },
        "matrix_basis": [
          [
            0.9994914531707764,
            0.012865318916738033,
            0.029177535325288773,
            0.0
          ],
          [
            -0.012148239649832249,
            0.9996230006217957,
            -0.024621913209557533,
            0.0
          ],
          [
            -0.029483305290341377,
            0.0242549367249012,
            0.9992709755897522,
            0.0
          ],
          [
            0.0,
            0.0,
            0.0,
            1.0
          ]
        ],
        "rotation_mode": "QUATERNION"
      },
      "armature_space": {
        "head": {
          "x": 0.0,
          "y": 0.07072800397872925,
          "z": -0.009595036506652832
        },
        "tail": {
          "x": 0.0009182733483612537,
          "y": -0.00020606070756912231,
          "z": -0.0017191329970955849
        }
      },
      "world_space": {
        "head": {
          "x": 0.0,
          "y": 0.13397200405597687,
          "z": 0.9402589797973633
        },
        "tail": {
          "x": 0.0009182733483612537,
          "y": 0.0630379393696785,
          "z": 0.9481348991394043
        },
        "rotation_quaternion": {
          "w": 0.05516014248132706,
          "x": 0.998350203037262,
          "y": 0.007228606380522251,
          "z": 0.014213485643267632
        },
        "matrix": [
          [
            0.9994914531707764,
            0.012865318916738033,
            0.029177535325288773,
            0.0
          ],
          [
            0.016001403331756592,
            -0.9938101768493652,
            -0.1099332645535469,
            0.13397200405597687
          ],
          [
            0.027582814916968346,
            0.1103440672159195,
            -0.9935176968574524,
            0.9402589797973633
          ],
          [
            0.0,
            0.0,
            0.0,
            1.0
          ]
        ]
      },
      "bone_length_armature_space": 0.07137586887994561,
      "parent": null,
      "has_children": true,
      "is_end_bone": false
    },
    "spine_01": {
      "name": "spine_01",
      "local": {
        "location": {
          "x": 0.0,
          "y": 0.0,
          "z": 0.0
        },
        "rotation_quaternion": {
          "w": 0.9986559152603149,
          "x": 0.025654073804616928,
          "y": 0.013411558233201504,
          "z": -0.042994219809770584
        },
        "scale": {
          "x": 1.0,
          "y": 1.0,
          "z": 1.0
        },
        "matrix_basis": [
          [
            0.9959432482719421,
            0.08656098693609238,
            0.02458111010491848,
            0.0
          ],
          [
            -0.0851847380399704,
            0.9949867129325867,
            -0.052392423152923584,
            0.0
          ],
          [
            -0.028993017971515656,
            0.050085946917533875,
            0.9983239769935608,
            0.0
          ],
          [
            0.0,
            0.0,
            0.0,
            1.0
          ]
        ],
        "rotation_mode": "QUATERNION"
      },
      "armature_space": {
        "head": {
          "x": 0.0009182733483612537,
          "y": -0.00020606070756912231,
          "z": -0.0017191329970955849
        },
        "tail": {
          "x": 0.0299517884850502,
          "y": -0.013240697793662548,
          "z": 0.4852466583251953
        }
      },
      "world_space": {
        "head": {
          "x": 0.0009182733483612537,
          "y": 0.0630379393696785,
          "z": 0.9481348991394043
        },
        "tail": {
          "x": 0.0299517884850502,
          "y": 0.0500033013522625,
          "z": 1.4351006746292114
        },
        "rotation_quaternion": {
          "w": 0.6966812014579773,
          "x": 0.7164638638496399,
          "y": 0.03577709197998047,
          "z": -0.005905677564442158
        },
        "matrix": [
          [
            0.9973702430725098,
            0.059494759887456894,
            0.04138844832777977,
            0.0009182733483612537
          ],
          [
            0.043037623167037964,
            -0.026710255071520805,
            -0.998716413974762,
            0.0630379393696785
          ],
          [
            -0.05831326171755791,
            0.9978782534599304,
            -0.029201649129390717,
            0.9481348991394043
          ],
          [
            0.0,
            0.0,
            0.0,
            1.0
          ]
        ]
      },
      "bone_length_armature_space": 0.4880046518222956,
      "parent": "Root",
      "has_children": true,
      "is_end_bone": false
    },
    "neck_01": {
      "name": "neck_01",
      "local": {
        "location": {
          "x": 0.0,
          "y": 0.0,
          "z": 0.0
        },
        "rotation_quaternion": {
          "w": 0.9899518489837646,
          "x": -0.13361462950706482,
          "y": -0.04582282900810242,
          "z": -0.00653651962056756
        },
        "scale": {
          "x": 1.0,
          "y": 1.0,
          "z": 1.0
        },
        "matrix_basis": [
          [
            0.9957150816917419,
            0.025186879560351372,
            -0.08897803723812103,
            0.0
          ],
          [
            -0.0006964787025935948,
            0.9642087817192078,
            0.26514315605163574,
            0.0
          ],
          [
            0.09247153997421265,
            -0.2639450430870056,
            0.9600948095321655,
            0.0
          ],
          [
            0.0,
            0.0,
            0.0,
            1.0
          ]
        ],
        "rotation_mode": "QUATERNION"
      },
      "armature_space": {
        "head": {
          "x": 0.03574327379465103,
          "y": -0.049832310527563095,
          "z": 0.5572970509529114
        },
        "tail": {
          "x": 0.04493594914674759,
          "y": -0.06494694203138351,
          "z": 0.6582812666893005
        }
      },
      "world_space": {
        "head": {
          "x": 0.03574327379465103,
          "y": 0.013411689549684525,
          "z": 1.5071511268615723
        },
        "tail": {
          "x": 0.04493594914674759,
          "y": -0.0017029419541358948,
          "z": 1.6081352233886719
        },
        "rotation_quaternion": {
          "w": 0.6527223587036133,
          "x": 0.7557346224784851,
          "y": 0.015454008243978024,
          "z": -0.050793182104825974
        },
        "matrix": [
          [
            0.9943625330924988,
            0.0896659791469574,
            -0.056597355753183365,
            0.03574327379465103
          ],
          [
            -0.04294885694980621,
            -0.14742910861968994,
            -0.9881398677825928,
            0.013411689549684525
          ],
          [
            -0.09694734215736389,
            0.9850066900253296,
            -0.1427488774061203,
            1.5071511268615723
          ],
          [
            0.0,
            0.0,
            0.0,
            1.0
          ]
        ]
      },
      "bone_length_armature_space": 0.10252204215189532,
      "parent": "spine_01",
      "has_children": true,
      "is_end_bone": false
    },
    "head": {
      "name": "head",
      "local": {
        "location": {
          "x": 0.0,
          "y": 0.0,
          "z": 0.0
        },
        "rotation_quaternion": {
          "w": 0.9960927963256836,
          "x": 0.013475785031914711,
          "y": -0.03664204478263855,
          "z": 0.07921525090932846
        },
        "scale": {
          "x": 1.0,
          "y": 1.0,
          "z": 1.0
        },
        "matrix_basis": [
          [
            0.9847646355628967,
            -0.15879903733730316,
            -0.070862777531147,
            0.0
          ],
          [
            0.15682391822338104,
            0.9870867133140564,
            -0.03265148401260376,
            0.0
          ],
          [
            0.07513272762298584,
            0.02104104682803154,
            0.9969515204429626,
            0.0
          ],
          [
            0.0,
            0.0,
            0.0,
            1.0
          ]
        ],
        "rotation_mode": "QUATERNION"
      },
      "armature_space": {
        "head": {
          "x": 0.044935934245586395,
          "y": -0.06494708359241486,
          "z": 0.6582812070846558
        },
        "tail": {
          "x": 0.03620506078004837,
          "y": -0.03335457667708397,
          "z": 0.8098694682121277
        }
      },
      "world_space": {
        "head": {
          "x": 0.044935934245586395,
          "y": -0.0017030835151672363,
          "z": 1.6081352233886719
        },
        "tail": {
          "x": 0.03620506078004837,
          "y": 0.02988942340016365,
          "z": 1.759723424911499
        },
        "rotation_quaternion": {
          "w": 0.7738025188446045,
          "x": 0.6309273838996887,
          "y": -0.05551116168498993,
          "z": -0.008885703049600124
        },
        "matrix": [
          [
            0.9936791658401489,
            -0.056295447051525116,
            -0.09712141752243042,
            0.044935934245586395
          ],
          [
            -0.08379817008972168,
            0.20370405912399292,
            -0.9754397869110107,
            -0.0017030835151672363
          ],
          [
            0.07469730824232101,
            0.977419912815094,
            0.19769947230815887,
            1.6081352233886719
          ],
          [
            0.0,
            0.0,
            0.0,
            1.0
          ]
        ]
      },
      "bone_length_armature_space": 0.1550913126547436,
      "parent": "neck_01",
      "has_children": false,
      "is_end_bone": true
    },
    "upperarm_l": {
      "name": "upperarm_l",
      "local": {
        "location": {
          "x": 0.0,
          "y": 0.0,
          "z": 0.0
        },
        "rotation_quaternion": {
          "w": 0.9742395281791687,
          "x": 0.15833765268325806,
          "y": 0.09981276839971542,
          "z": 0.12579406797885895
        },
        "scale": {
          "x": 1.0,
          "y": 1.0,
          "z": 1.0
        },
        "matrix_basis": [
          [
            0.9484265446662903,
            -0.21349886059761047,
            0.23431895673274994,
            0.0
          ],
          [
            0.27671533823013306,
            0.9182100892066956,
            -0.2834059000015259,
            0.0
          ],
          [
            -0.15464721620082855,
            0.333629310131073,
            0.9299331903457642,
            0.0
          ],
          [
            0.0,
            0.0,
            0.0,
            1.0
          ]
        ],
        "rotation_mode": "QUATERNION"
      },
      "armature_space": {
        "head": {
          "x": 0.18148230016231537,
          "y": -0.044766563922166824,
          "z": 0.4813917875289917
        },
        "tail": {
          "x": 0.43769097328186035,
          "y": -0.11624723672866821,
          "z": 0.5138766169548035
        }
      },
      "world_space": {
        "head": {
          "x": 0.18148230016231537,
          "y": 0.018477436155080795,
          "z": 1.4312458038330078
        },
        "tail": {
          "x": 0.43769097328186035,
          "y": -0.05300323665142059,
          "z": 1.4637305736541748
        },
        "rotation_quaternion": {
          "w": 0.40435174107551575,
          "x": 0.6545260548591614,
          "y": 0.450693279504776,
          "z": -0.45273730158805847
        },
        "matrix": [
          [
            0.1838081032037735,
            0.9561115503311157,
            -0.22817839682102203,
            0.18148230016231537
          ],
          [
            0.22385117411613464,
            -0.26674938201904297,
            -0.9374091029167175,
            0.018477436155080795
          ],
          [
            -0.9571405649185181,
            0.12122593075037003,
            -0.2630600333213806,
            1.4312458038330078
          ],
          [
            0.0,
            0.0,
            0.0,
            1.0
          ]
        ]
      },
      "bone_length_armature_space": 0.26796945658345944,
      "parent": "spine_01",
      "has_children": true,
      "is_end_bone": false
    },
    "lowerarm_l": {
      "name": "lowerarm_l",
      "local": {
        "location": {
          "x": 0.0,
          "y": 0.0,
          "z": 0.0
        },
        "rotation_quaternion": {
          "w": 0.950527548789978,
          "x": 0.06452737003564835,
          "y": -0.15013487637043,
          "z": 0.26418372988700867
        },
        "scale": {
          "x": 1.0,
          "y": 1.0,
          "z": 1.0
        },
        "matrix_basis": [
          [
            0.8153329491615295,
            -0.5216034650802612,
            -0.2513205111026764,
            0.0
          ],
          [
            0.4828522205352783,
            0.8520863652229309,
            -0.20199647545814514,
            0.0
          ],
          [
            0.319508820772171,
            0.04334370419383049,
            0.9465914964675903,
            0.0
          ],
          [
            0.0,
            0.0,
            0.0,
            1.0
          ]
        ],
        "rotation_mode": "QUATERNION"
      },
      "armature_space": {
        "head": {
          "x": 0.43769100308418274,
          "y": -0.11624734848737717,
          "z": 0.513876736164093
        },
        "tail": {
          "x": 0.6123985648155212,
          "y": -0.22547964751720428,
          "z": 0.6845088005065918
        }
      },
      "world_space": {
        "head": {
          "x": 0.43769100308418274,
          "y": -0.05300334841012955,
          "z": 1.463730812072754
        },
        "tail": {
          "x": 0.6123985648155212,
          "y": -0.16223564743995667,
          "z": 1.634362816810608
        },
        "rotation_quaternion": {
          "w": 0.5371420979499817,
          "x": 0.673469603061676,
          "y": 0.08558207005262375,
          "z": -0.5005925297737122
        },
        "matrix": [
          [
            0.48416292667388916,
            0.6530526280403137,
            -0.5823301076889038,
            0.43769100308418274
          ],
          [
            -0.4225088357925415,
            -0.40830767154693604,
            -0.8091796040534973,
            -0.05300334841012955
          ],
          [
            -0.766212522983551,
            0.6378183960914612,
            0.07823292911052704,
            1.463730812072754
          ],
          [
            0.0,
            0.0,
            0.0,
            1.0
          ]
        ]
      },
      "bone_length_armature_space": 0.2675251908395381,
      "parent": "upperarm_l",
      "has_children": true,
      "is_end_bone": false
    },
    "metacarpal_thumb_l": {
      "name": "metacarpal_thumb_l",
      "local": {
        "location": {
          "x": 0.0,
          "y": 0.0,
          "z": 0.0
        },
        "rotation_quaternion": {
          "w": 0.9994808435440063,
          "x": -0.03110923059284687,
          "y": 0.008323867805302143,
          "z": 0.0010183316189795732
        },
        "scale": {
          "x": 1.0,
          "y": 1.0,
          "z": 1.0
        },
        "matrix_basis": [
          [
            0.9998593330383301,
            -0.002553504193201661,
            0.016575733199715614,
            0.0
          ],
          [
            0.0015177075983956456,
            0.9980623722076416,
            0.06220311298966408,
            0.0
          ],
          [
            -0.016702452674508095,
            -0.06216920539736748,
            0.997925877571106,
            0.0
          ],
          [
            0.0,
            0.0,
            0.0,
            1.0
          ]
        ],
        "rotation_mode": "QUATERNION"
      },
      "armature_space": {
        "head": {
          "x": 0.6123985648155212,
          "y": -0.22547964751720428,
          "z": 0.6845088005065918
        },
        "tail": {
          "x": 0.6239903569221497,
          "y": -0.26785826683044434,
          "z": 0.707383930683136
        }
      },
      "world_space": {
        "head": {
          "x": 0.6123985648155212,
          "y": -0.16223564743995667,
          "z": 1.634362816810608
        },
        "tail": {
          "x": 0.6239903569221497,
          "y": -0.20461426675319672,
          "z": 1.6572380065917969
        },
        "rotation_quaternion": {
          "w": 0.21260955929756165,
          "x": 0.9460352063179016,
          "y": 0.16438144445419312,
          "z": 0.1810898333787918
        },
        "matrix": [
          [
            0.8803702592849731,
            0.23401851952075958,
            0.41253283619880676,
            0.6123985648155212
          ],
          [
            0.3880244493484497,
            -0.8555518984794617,
            -0.34273651242256165,
            -0.16223564743995667
          ],
          [
            0.27273881435394287,
            0.4618102014064789,
            -0.8440136909484863,
            1.634362816810608
          ],
          [
            0.0,
            0.0,
            0.0,
            1.0
          ]
        ]
      },
      "bone_length_armature_space": 0.04953371105976797,
      "parent": "lowerarm_l",
      "has_children": true,
      "is_end_bone": false
    },
    "thumb_01_l": {
      "name": "thumb_01_l",
      "local": {
        "location": {
          "x": 0.0,
          "y": 0.0,
          "z": 0.0
        },
        "rotation_quaternion": {
          "w": 0.9570891857147217,
          "x": 0.2889910340309143,
          "y": -0.015359141863882542,
          "z": -0.015122178941965103
        },
        "scale": {
          "x": 1.0,
          "y": 1.0,
          "z": 1.0
        },
        "matrix_basis": [
          [
            0.9990708231925964,
            0.020069239661097527,
            -0.03814048692584038,
            0.0
          ],
          [
            -0.03782385587692261,
            0.8325110077857971,
            -0.5527158379554749,
            0.0
          ],
          [
            0.020659789443016052,
            0.5536448955535889,
            0.8324965834617615,
            0.0
          ],
          [
            0.0,
            0.0,
            0.0,
            1.0
          ]
        ],
        "rotation_mode": "QUATERNION"
      },
      "armature_space": {
        "head": {
          "x": 0.6239903569221497,
          "y": -0.26785826683044434,
          "z": 0.707383930683136
        },
        "tail": {
          "x": 0.6514623761177063,
          "y": -0.287330687046051,
          "z": 0.7024101614952087
        }
      },
      "world_space": {
        "head": {
          "x": 0.6239903569221497,
          "y": -0.20461426675319672,
          "z": 1.6572380065917969
        },
        "tail": {
          "x": 0.6514623761177063,
          "y": -0.2240866869688034,
          "z": 1.65226411819458
        },
        "rotation_quaternion": {
          "w": 0.41455188393592834,
          "x": -0.5285828709602356,
          "y": -0.20521056652069092,
          "z": -0.7117833495140076
        },
        "matrix": [
          [
            -0.09749239683151245,
            0.8070852756500244,
            0.5823303461074829,
            0.6239903569221497
          ],
          [
            -0.3732004463672638,
            -0.5720688104629517,
            0.7303829193115234,
            -0.20461426675319672
          ],
          [
            0.9226202368736267,
            -0.14612078666687012,
            0.3569801449775696,
            1.6572380065917969
          ],
          [
            0.0,
            0.0,
            0.0,
            1.0
          ]
        ]
      },
      "bone_length_armature_space": 0.03403858677306545,
      "parent": "metacarpal_thumb_l",
      "has_children": true,
      "is_end_bone": false
    },
    "thumb_02_l": {
      "name": "thumb_02_l",
      "local": {
        "location": {
          "x": 0.0,
          "y": 0.0,
          "z": 0.0
        },
        "rotation_quaternion": {
          "w": 0.889089822769165,
          "x": 0.45765969157218933,
          "y": -0.0007589836604893208,
          "z": -0.008157040923833847
        },
        "scale": {
          "x": 1.0,
          "y": 1.0,
          "z": 1.0
        },
        "matrix_basis": [
          [
            0.9998657703399658,
            0.013809971511363983,
            -0.008815906941890717,
            0.0
          ],
          [
            -0.015199396759271622,
            0.5809621214866638,
            -0.8137887716293335,
            0.0
          ],
          [
            -0.006116688251495361,
            0.8138135075569153,
            0.5810940861701965,
            0.0
          ],
          [
            0.0,
            0.0,
            0.0,
            1.0
          ]
        ],
        "rotation_mode": "QUATERNION"
      },
      "armature_space": {
        "head": {
          "x": 0.6514623761177063,
          "y": -0.287330687046051,
          "z": 0.7024101614952087
        },
        "tail": {
          "x": 0.6513765454292297,
          "y": -0.26660892367362976,
          "z": 0.7368165254592896
        }
      },
      "world_space": {
        "head": {
          "x": 0.6514623761177063,
          "y": -0.2240866869688034,
          "z": 1.65226411819458
        },
        "tail": {
          "x": 0.6513765454292297,
          "y": -0.20336492359638214,
          "z": 1.6866705417633057
        },
        "rotation_quaternion": {
          "w": 0.4102393686771393,
          "x": 0.23290391266345978,
          "y": -0.7678964138031006,
          "z": -0.4333525598049164
        },
        "matrix": [
          [
            -0.5549195408821106,
            -0.00213700532913208,
            -0.8319013714790344,
            0.6514623761177063
          ],
          [
            -0.713248610496521,
            0.5159236788749695,
            0.4744468331336975,
            -0.2240866869688034
          ],
          [
            0.4281858205795288,
            0.8566386699676514,
            -0.28782182931900024,
            1.65226411819458
          ],
          [
            0.0,
            0.0,
            0.0,
            1.0
          ]
        ]
      },
      "bone_length_armature_space": 0.04016461984988229,
      "parent": "thumb_01_l",
      "has_children": true,
      "is_end_bone": false
    },
    "thumb_03_l": {
      "name": "thumb_03_l",
      "local": {
        "location": {
          "x": 0.0,
          "y": 0.0,
          "z": 0.0
        },
        "rotation_quaternion": {
          "w": 0.9900467395782471,
          "x": 0.14052732288837433,
          "y": 0.00602240115404129,
          "z": 0.004836593754589558
        },
        "scale": {
          "x": 1.0,
          "y": 1.0,
          "z": 1.0
        },
        "matrix_basis": [
          [
            0.9998806715011597,
            -0.007884283550083637,
            0.013284264132380486,
            0.0
          ],
          [
            0.011269531212747097,
            0.9604573845863342,
            -0.2781989872455597,
            0.0
          ],
          [
            -0.010565570555627346,
            0.2783154845237732,
            0.9604315757751465,
            0.0
          ],
          [
            0.0,
            0.0,
            0.0,
            1.0
          ]
        ],
        "rotation_mode": "QUATERNION"
      },
      "armature_space": {
        "head": {
          "x": 0.6513765454292297,
          "y": -0.2666090130805969,
          "z": 0.7368165254592896
        },
        "tail": {
          "x": 0.639229416847229,
          "y": -0.24455641210079193,
          "z": 0.7539345026016235
        }
      },
      "world_space": {
        "head": {
          "x": 0.6513765454292297,
          "y": -0.2033650130033493,
          "z": 1.6866705417633057
        },
        "tail": {
          "x": 0.639229416847229,
          "y": -0.1813124120235443,
          "z": 1.7037885189056396
        },
        "rotation_quaternion": {
          "w": 0.5202315449714661,
          "x": 0.347591757774353,
          "y": -0.7691112756729126,
          "z": -0.13041122257709503
        },
        "matrix": [
          [
            -0.21707750856876373,
            -0.39898809790611267,
            -0.8908905982971191,
            0.6513765454292297
          ],
          [
            -0.6703619956970215,
            0.7243451476097107,
            -0.16105756163597107,
            -0.2033650130033493
          ],
          [
            0.7095763683319092,
            0.5622618198394775,
            -0.42470860481262207,
            1.6866705417633057
          ],
          [
            0.0,
            0.0,
            0.0,
            1.0
          ]
        ]
      },
      "bone_length_armature_space": 0.0304449516611157,
      "parent": "thumb_02_l",
      "has_children": false,
      "is_end_bone": true
    },
    "metacarpal_index_l": {
      "name": "metacarpal_index_l",
      "local": {
        "location": {
          "x": 0.0,
          "y": 0.0,
          "z": 0.0
        },
        "rotation_quaternion": {
          "w": 0.9997503757476807,
          "x": -0.01867956481873989,
          "y": 0.002640412887558341,
          "z": 0.011971714906394482
        },
        "scale": {
          "x": 1.0,
          "y": 1.0,
          "z": 1.0
        },
        "matrix_basis": [
          [
            0.9996994137763977,
            -0.024036096408963203,
            0.004832254722714424,
            0.0
          ],
          [
            0.02383880876004696,
            0.9990155100822449,
            0.03741302341222763,
            0.0
          ],
          [
            -0.0057267602533102036,
            -0.037286583334207535,
            0.9992882013320923,
            0.0
          ],
          [
            0.0,
            0.0,
            0.0,
            1.0
          ]
        ],
        "rotation_mode": "QUATERNION"
      },
      "armature_space": {
        "head": {
          "x": 0.6123985648155212,
          "y": -0.22547964751720428,
          "z": 0.6845088005065918
        },
        "tail": {
          "x": 0.6649656295776367,
          "y": -0.3001338541507721,
          "z": 0.7579441070556641
        }
      },
      "world_space": {
        "head": {
          "x": 0.6123985648155212,
          "y": -0.16223564743995667,
          "z": 1.634362816810608
        },
        "tail": {
          "x": 0.6649656295776367,
          "y": -0.23688985407352448,
          "z": 1.7077981233596802
        },
        "rotation_quaternion": {
          "w": 0.37392425537109375,
          "x": 0.898038387298584,
          "y": 0.20399262011051178,
          "z": -0.10997652262449265
        },
        "matrix": [
          [
            0.8925842642784119,
            0.4486324191093445,
            -0.04496941342949867,
            0.6123985648155212
          ],
          [
            0.28414174914360046,
            -0.6371349096298218,
            -0.7164656519889832,
            -0.16223564743995667
          ],
          [
            -0.3500836193561554,
            0.6267320513725281,
            -0.6961773633956909,
            1.634362816810608
          ],
          [
            0.0,
            0.0,
            0.0,
            1.0
          ]
        ]
      },
      "bone_length_armature_space": 0.11717205641233067,
      "parent": "lowerarm_l",
      "has_children": true,
      "is_end_bone": false
    },
    "index_01_l": {
      "name": "index_01_l",
      "local": {
        "location": {
          "x": 0.0,
          "y": 0.0,
          "z": 0.0
        },
        "rotation_quaternion": {
          "w": 0.9395784735679626,
          "x": 0.3419555723667145,
          "y": -0.0006938969600014389,
          "z": -0.01607261411845684
        },
        "scale": {
          "x": 1.0,
          "y": 1.0,
          "z": 1.0
        },
        "matrix_basis": [
          [
            0.9994823932647705,
            0.029728401452302933,
            -0.012296181172132492,
            0.0
          ],
          [
            -0.03067752905189991,
            0.7656161189079285,
            -0.642565906047821,
            0.0
          ],
          [
            -0.009688298217952251,
            0.642610490322113,
            0.7661318182945251,
            0.0
          ],
          [
            0.0,
            0.0,
            0.0,
            1.0
          ]
        ],
        "rotation_mode": "QUATERNION"
      },
      "armature_space": {
        "head": {
          "x": 0.6649656295776367,
          "y": -0.3001338541507721,
          "z": 0.7579441070556641
        },
        "tail": {
          "x": 0.6825792789459229,
          "y": -0.32255762815475464,
          "z": 0.7579865455627441
        }
      },
      "world_space": {
        "head": {
          "x": 0.6649656295776367,
          "y": -0.23688985407352448,
          "z": 1.7077981233596802
        },
        "tail": {
          "x": 0.6825792789459229,
          "y": -0.2593136429786682,
          "z": 1.7078405618667603
        },
        "rotation_quaternion": {
          "w": 0.09443750232458115,
          "x": 0.9054271578788757,
          "y": 0.31285756826400757,
          "z": -0.270930677652359
        },
        "matrix": [
          [
            0.6574332118034363,
            0.6177121996879578,
            -0.431524395942688,
            0.6649656295776367
          ],
          [
            0.5153676271438599,
            -0.7864029407501221,
            -0.3405393958091736,
            -0.23688985407352448
          ],
          [
            -0.5497108101844788,
            0.0014874637126922607,
            -0.835362434387207,
            1.7077981233596802
          ],
          [
            0.0,
            0.0,
            0.0,
            1.0
          ]
        ]
      },
      "bone_length_armature_space": 0.028514348861930657,
      "parent": "metacarpal_index_l",
      "has_children": true,
      "is_end_bone": false
    },
    "index_02_l": {
      "name": "index_02_l",
      "local": {
        "location": {
          "x": 0.0,
          "y": 0.0,
          "z": 0.0
        },
        "rotation_quaternion": {
          "w": 0.8960565328598022,
          "x": 0.44387221336364746,
          "y": 0.001027968362905085,
          "z": 0.007697014138102531
        },
        "scale": {
          "x": 1.0,
          "y": 1.0,
          "z": 1.0
        },
        "matrix_basis": [
          [
            0.9998794198036194,
            -0.012881346046924591,
            0.00867521669715643,
            0.0
          ],
          [
            0.01470649242401123,
            0.6058364510536194,
            -0.7954533696174622,
            0.0
          ],
          [
            0.004990745801478624,
            0.7954850196838379,
            0.605952799320221,
            0.0
          ],
          [
            0.0,
            0.0,
            0.0,
            1.0
          ]
        ],
        "rotation_mode": "QUATERNION"
      },
      "armature_space": {
        "head": {
          "x": 0.6825792789459229,
          "y": -0.32255819439888,
          "z": 0.7579864263534546
        },
        "tail": {
          "x": 0.6833258271217346,
          "y": -0.342703253030777,
          "z": 0.7421209216117859
        }
      },
      "world_space": {
        "head": {
          "x": 0.6825792789459229,
          "y": -0.2593141794204712,
          "z": 1.7078404426574707
        },
        "tail": {
          "x": 0.6833258271217346,
          "y": -0.27945923805236816,
          "z": 1.6919748783111572
        },
        "rotation_quaternion": {
          "w": 0.28834617137908936,
          "x": -0.851614236831665,
          "y": -0.15561489760875702,
          "z": 0.40913787484169006
        },
        "matrix": [
          [
            0.6167809963226318,
            0.029102623462677002,
            -0.7865967750549316,
            0.6825792789459229
          ],
          [
            0.5009943246841431,
            -0.7852818965911865,
            0.36378222703933716,
            -0.2593141794204712
          ],
          [
            -0.6071169376373291,
            -0.6184595227241516,
            -0.4989303648471832,
            1.7078404426574707
          ],
          [
            0.0,
            0.0,
            0.0,
            1.0
          ]
        ]
      },
      "bone_length_armature_space": 0.025653361125263473,
      "parent": "index_01_l",
      "has_children": true,
      "is_end_bone": false
    },
    "index_03_l": {
      "name": "index_03_l",
      "local": {
        "location": {
          "x": 0.0,
          "y": 0.0,
          "z": 0.0
        },
        "rotation_quaternion": {
          "w": 0.9276683926582336,
          "x": 0.37336885929107666,
          "y": -0.004245297983288765,
          "z": -0.003016766393557191
        },
        "scale": {
          "x": 1.0,
          "y": 1.0,
          "z": 1.0
        },
        "matrix_basis": [
          [
            0.9999457597732544,
            0.002426993567496538,
            -0.010129190981388092,
            0.0
          ],
          [
            -0.00876724161207676,
            0.7211731672286987,
            -0.6926993727684021,
            0.0
          ],
          [
            0.005623724311590195,
            0.6927505731582642,
            0.7211553454399109,
            0.0
          ],
          [
            0.0,
            0.0,
            0.0,
            1.0
          ]
        ],
        "rotation_mode": "QUATERNION"
      },
      "armature_space": {
        "head": {
          "x": 0.6833259463310242,
          "y": -0.34270331263542175,
          "z": 0.7421209812164307
        },
        "tail": {
          "x": 0.6686687469482422,
          "y": -0.34795358777046204,
          "z": 0.7173956632614136
        }
      },
      "world_space": {
        "head": {
          "x": 0.6833259463310242,
          "y": -0.27945929765701294,
          "z": 1.6919749975204468
        },
        "tail": {
          "x": 0.6686687469482422,
          "y": -0.2847095727920532,
          "z": 1.6672496795654297
        },
        "rotation_quaternion": {
          "w": 0.6402134299278259,
          "x": -0.6501434445381165,
          "y": -0.016814017668366432,
          "z": 0.40884914994239807
        },
        "matrix": [
          [
            0.6651170253753662,
            -0.5016385912895203,
            -0.5531530976295471,
            0.6833259463310242
          ],
          [
            0.5453673601150513,
            -0.17968937754631042,
            0.8187103271484375,
            -0.27945929765701294
          ],
          [
            -0.5100955367088318,
            -0.8462158441543579,
            0.15406477451324463,
            1.6919749975204468
          ],
          [
            0.0,
            0.0,
            0.0,
            1.0
          ]
        ]
      },
      "bone_length_armature_space": 0.02921883304561714,
      "parent": "index_02_l",
      "has_children": false,
      "is_end_bone": true
    },
    "metacarpal_pinky_l": {
      "name": "metacarpal_pinky_l",
      "local": {
        "location": {
          "x": 0.0,
          "y": 0.0,
          "z": 0.0
        },
        "rotation_quaternion": {
          "w": 0.9986506700515747,
          "x": -0.05116632208228111,
          "y": 0.007678891997784376,
          "z": -0.004473584238439798
        },
        "scale": {
          "x": 1.0,
          "y": 1.0,
          "z": 1.0
        },
        "matrix_basis": [
          [
            0.9998420476913452,
            0.008149294182658195,
            0.01579485461115837,
            0.0
          ],
          [
            -0.009720897302031517,
            0.9947239756584167,
            0.1021258607506752,
            0.0
          ],
          [
            -0.014879267662763596,
            -0.10226326435804367,
            0.9946460723876953,
            0.0
          ],
          [
            0.0,
            0.0,
            0.0,
            1.0
          ]
        ],
        "rotation_mode": "QUATERNION"
      },
      "armature_space": {
        "head": {
          "x": 0.6123985648155212,
          "y": -0.22547964751720428,
          "z": 0.6845088005065918
        },
        "tail": {
          "x": 0.7011918425559998,
          "y": -0.2431500405073166,
          "z": 0.7359554767608643
        }
      },
      "world_space": {
        "head": {
          "x": 0.6123985648155212,
          "y": -0.16223564743995667,
          "z": 1.634362816810608
        },
        "tail": {
          "x": 0.7011918425559998,
          "y": -0.17990604043006897,
          "z": 1.6858094930648804
        },
        "rotation_quaternion": {
          "w": 0.609302282333374,
          "x": 0.14736731350421906,
          "y": -0.20953086018562317,
          "z": -0.7504201531410217
        },
        "matrix": [
          [
            -0.2140655815601349,
            0.8527095317840576,
            -0.47651049494743347,
            0.6123985648155212
          ],
          [
            -0.9762221574783325,
            -0.1696942150592804,
            0.13488779962062836,
            -0.16223564743995667
          ],
          [
            0.034158434718847275,
            0.49405816197395325,
            0.8687658309936523,
            1.634362816810608
          ],
          [
            0.0,
            0.0,
            0.0,
            1.0
          ]
        ]
      },
      "bone_length_armature_space": 0.10413092551707329,
      "parent": "lowerarm_l",
      "has_children": true,
      "is_end_bone": false
    },
    "pinky_01_l": {
      "name": "pinky_01_l",
      "local": {
        "location": {
          "x": 0.0,
          "y": 0.0,
          "z": 0.0
        },
        "rotation_quaternion": {
          "w": 0.9307005405426025,
          "x": 0.3655024766921997,
          "y": 0.0007345322519540787,
          "z": 0.014282746240496635
        },
        "scale": {
          "x": 1.0,
          "y": 1.0,
          "z": 1.0
        },
        "matrix_basis": [
          [
            0.9995909333229065,
            -0.026048973202705383,
            0.011808017268776894,
            0.0
          ],
          [
            0.027122866362333298,
            0.7324078679084778,
            -0.6803257465362549,
            0.0
          ],
          [
            0.009073498658835888,
            0.6803677082061768,
            0.7328147888183594,
            0.0
          ],
          [
            0.0,
            0.0,
            0.0,
            1.0
          ]
        ],
        "rotation_mode": "QUATERNION"
      },
      "armature_space": {
        "head": {
          "x": 0.7011918425559998,
          "y": -0.2431500405073166,
          "z": 0.7359554767608643
        },
        "tail": {
