{
  "metadata": {
    "armature_name": "KIM_caucasian_male",
    "export_time": "2026-01-13T21:01:16.862374",
    "blender_version": "4.4.1",
    "bone_count": 56,
    "end_bone_count": 13,
    "spaces_included": [
      "LOCAL_CHANNELS",
      "ARMATURE_SPACE",
      "WORLD_SPACE"
    ],
    "note": "LOCAL matches Transform panel; replay pose via local.matrix_basis for best fidelity."
  },
  "bones": {
    "Root": {
      "name": "Root",
      "local": {
        "location": {
          "x": 0.0,
          "y": 0.0,
          "z": 0.0
        },
        "rotation_quaternion": {
          "w": 0.9998675584793091,
          "x": -0.005332056898623705,
          "y": 0.015378916636109352,
          "z": -0.0001547761494293809
        },
        "scale": {
          "x": 1.0,
          "y": 1.0,
          "z": 1.0
        },
        "matrix_basis": [
          [
            0.9995269179344177,
            0.00014550879132002592,
            0.030755409970879555,
            0.0
          ],
          [
            -0.00047351382090710104,
            0.9999430775642395,
            0.010657940991222858,
            0.0
          ],
          [
            -0.030752109363675117,
            -0.010667461901903152,
            0.9994701147079468,
            0.0
          ],
          [
            0.0,
            0.0,
            0.0,
            1.0
          ]
        ],
        "rotation_mode": "QUATERNION"
      },
      "armature_space": {
        "head": {
          "x": 0.0,
          "y": 0.07072800397872925,
          "z": -0.009595036506652832
        },
        "tail": {
          "x": 1.0385816494817846e-05,
          "y": 0.00010637938976287842,
          "z": 0.0007539466023445129
        }
      },
      "world_space": {
        "head": {
          "x": 0.0,
          "y": 0.13397200405597687,
          "z": 0.9402589797973633
        },
        "tail": {
          "x": 1.0385816494817846e-05,
          "y": 0.0633503794670105,
          "z": 0.95060795545578
        },
        "rotation_quaternion": {
          "w": 0.07267867028713226,
          "x": 0.9972368478775024,
          "y": 0.0011904697166755795,
          "z": 0.015333551913499832
        },
        "matrix": [
          [
            0.9995269179344177,
            0.00014550879132002592,
            0.030755409970879555,
            0.0
          ],
          [
            0.004603212233632803,
            -0.9894327521324158,
            -0.14491966366767883,
            0.13397200405597687
          ],
          [
            0.030409539118409157,
            0.14499273896217346,
            -0.9889724254608154,
            0.9402589797973633
          ],
          [
            0.0,
            0.0,
            0.0,
            1.0
          ]
        ]
      },
      "bone_length_armature_space": 0.07137587513546627,
      "parent": null,
      "has_children": true,
      "is_end_bone": false
    },
    "spine_01": {
      "name": "spine_01",
      "local": {
        "location": {
          "x": 0.0,
          "y": 0.0,
          "z": 0.0
        },
        "rotation_quaternion": {
          "w": 0.9936220049858093,
          "x": 0.10502233356237411,
          "y": -0.02695913054049015,
          "z": -0.030965246260166168
        },
        "scale": {
          "x": 1.0,
          "y": 1.0,
          "z": 1.0
        },
        "matrix_basis": [
          [
            0.9966287016868591,
            0.055872879922389984,
            -0.0600784569978714,
            0.0
          ],
          [
            -0.06719812005758286,
            0.9760228991508484,
            -0.20703540742397308,
            0.0
          ],
          [
            0.04707028716802597,
            0.2103745937347412,
            0.9764870405197144,
            0.0
          ],
          [
            0.0,
            0.0,
            0.0,
            1.0
          ]
        ],
        "rotation_mode": "QUATERNION"
      },
      "armature_space": {
        "head": {
          "x": 1.0385816494817846e-05,
          "y": 0.00010637938976287842,
          "z": 0.0007539466023445129
        },
        "tail": {
          "x": 0.012970233336091042,
          "y": -0.07496047019958496,
          "z": 0.4827761650085449
        }
      },
      "world_space": {
        "head": {
          "x": 1.0385816494817846e-05,
          "y": 0.0633503794670105,
          "z": 0.95060795545578
        },
        "tail": {
          "x": 0.012970233336091042,
          "y": -0.011716470122337341,
          "z": 1.432630181312561
        },
        "rotation_quaternion": {
          "w": 0.6504192352294922,
          "x": 0.7590320706367493,
          "y": -0.006488392129540443,
          "z": -0.02798718400299549
        },
        "matrix": [
          [
            0.9983492493629456,
            0.026556996628642082,
            -0.05092647299170494,
            1.0385816494817846e-05
          ],
          [
            -0.046256404370069504,
            -0.15382511913776398,
            -0.9870148301124573,
            0.0633503794670105
          ],
          [
            -0.03404620289802551,
            0.9877479672431946,
            -0.1523447483778,
            0.95060795545578
          ],
          [
            0.0,
            0.0,
            0.0,
            1.0
          ]
        ]
      },
      "bone_length_armature_space": 0.48800453035371155,
      "parent": "Root",
      "has_children": true,
      "is_end_bone": false
    },
    "neck_01": {
      "name": "neck_01",
      "local": {
        "location": {
          "x": 0.0,
          "y": 0.0,
          "z": 0.0
        },
        "rotation_quaternion": {
          "w": 0.9958741664886475,
          "x": 0.030630629509687424,
          "y": -0.056851018220186234,
          "z": -0.06375198811292648
        },
        "scale": {
          "x": 1.0,
          "y": 1.0,
          "z": 1.0
        },
        "matrix_basis": [
          [
            0.985407292842865,
            0.12349515408277512,
            -0.11713844537734985,
            0.0
          ],
          [
            -0.1304606795310974,
            0.9899948835372925,
            -0.053759776055812836,
            0.0
          ],
          [
            0.10932739078998566,
            0.06825723499059677,
            0.9916594624519348,
            0.0
          ],
          [
            0.0,
            0.0,
            0.0,
            1.0
          ]
        ],
        "rotation_mode": "QUATERNION"
      },
      "armature_space": {
        "head": {
          "x": 0.013148542493581772,
          "y": -0.12045341730117798,
          "z": 0.5498141646385193
        },
        "tail": {
          "x": 0.02590451017022133,
          "y": -0.17953717708587646,
          "z": 0.6326218247413635
        }
      },
      "world_space": {
        "head": {
          "x": 0.013148542493581772,
          "y": -0.05720941722393036,
          "z": 1.4996681213378906
        },
        "tail": {
          "x": 0.02590451017022133,
          "y": -0.11629317700862885,
          "z": 1.5824759006500244
        },
        "rotation_quaternion": {
          "w": 0.46003642678260803,
          "x": 0.8812745213508606,
          "y": 0.014591090381145477,
          "z": -0.10727957636117935
        },
        "matrix": [
          [
            0.9765565395355225,
            0.1244225725531578,
            -0.17566004395484924,
            0.013148542493581772
          ],
          [
            -0.07298705726861954,
            -0.5763069987297058,
            -0.8139677047729492,
            -0.05720941722393036
          ],
          [
            -0.2025115191936493,
            0.8077113032341003,
            -0.553719699382782,
            1.4996681213378906
          ],
          [
            0.0,
            0.0,
            0.0,
            1.0
          ]
        ]
      },
      "bone_length_armature_space": 0.10252177385062883,
      "parent": "spine_01",
      "has_children": true,
      "is_end_bone": false
    },
    "head": {
      "name": "head",
      "local": {
        "location": {
          "x": 0.0,
          "y": 0.0,
          "z": 0.0
        },
        "rotation_quaternion": {
          "w": 0.9882030487060547,
          "x": -0.11670006066560745,
          "y": 0.06480204313993454,
          "z": 0.075076624751091
        },
        "scale": {
          "x": 1.0,
          "y": 1.0,
          "z": 1.0
        },
        "matrix_basis": [
          [
            0.980328381061554,
            -0.16350670158863068,
            0.11055225878953934,
            0.0
          ],
          [
            0.13325709104537964,
            0.961489200592041,
            0.24037694931030273,
            0.0
          ],
          [
            -0.14559805393218994,
            -0.2209164798259735,
            0.9643635749816895,
            0.0
          ],
          [
            0.0,
            0.0,
            0.0,
            1.0
          ]
        ],
        "rotation_mode": "QUATERNION"
      },
      "armature_space": {
        "head": {
          "x": 0.025904474779963493,
          "y": -0.17953726649284363,
          "z": 0.632621705532074
        },
        "tail": {
          "x": 0.03199441358447075,
          "y": -0.18071724474430084,
          "z": 0.787588894367218
        }
      },
      "world_space": {
        "head": {
          "x": 0.025904474779963493,
          "y": -0.11629326641559601,
          "z": 1.5824756622314453
        },
        "tail": {
          "x": 0.03199441358447075,
          "y": -0.11747324466705322,
          "z": 1.737442970275879
        },
        "rotation_quaternion": {
          "w": 0.7039405107498169,
          "x": 0.7097892165184021,
          "y": 0.025754034519195557,
          "z": -0.001922869123518467
        },
        "matrix": [
          [
            0.9986661076545715,
            0.03926707059144974,
            0.03352922201156616,
            0.025904474779963493
          ],
          [
            0.0338529497385025,
            -0.007608354091644287,
            -0.9993979930877686,
            -0.11629326641559601
          ],
          [
            -0.038988545536994934,
            0.9992067813873291,
            -0.008928537368774414,
            1.5824756622314453
          ],
          [
            0.0,
            0.0,
            0.0,
            1.0
          ]
        ]
      },
      "bone_length_armature_space": 0.15509129062714155,
      "parent": "neck_01",
      "has_children": false,
      "is_end_bone": true
    },
    "upperarm_l": {
      "name": "upperarm_l",
      "local": {
        "location": {
          "x": 0.0,
          "y": 0.0,
          "z": 0.0
        },
        "rotation_quaternion": {
          "w": 0.8803707361221313,
          "x": -0.3117753565311432,
          "y": 0.16095326840877533,
          "z": -0.31911996006965637
        },
        "scale": {
          "x": 1.0,
          "y": 1.0,
          "z": 1.0
        },
        "matrix_basis": [
          [
            0.7445129752159119,
            0.46152523159980774,
            0.4823845624923706,
            0.0
          ],
          [
            -0.662250280380249,
            0.6019171476364136,
            0.4462290108203888,
            0.0
          ],
          [
            -0.08440961688756943,
            -0.6516826152801514,
            0.7537803649902344,
            0.0
          ],
          [
            0.0,
            0.0,
            0.0,
            1.0
          ]
        ],
        "rotation_mode": "QUATERNION"
      },
      "armature_space": {
        "head": {
          "x": 0.16095368564128876,
          "y": -0.12020134925842285,
          "z": 0.47783708572387695
        },
        "tail": {
          "x": 0.3183608651161194,
          "y": 0.07301448285579681,
          "z": 0.37935692071914673
        }
      },
      "world_space": {
        "head": {
          "x": 0.16095368564128876,
          "y": -0.05695734918117523,
          "z": 1.427691102027893
        },
        "tail": {
          "x": 0.3183608651161194,
          "y": 0.13625848293304443,
          "z": 1.3292109966278076
        },
        "rotation_quaternion": {
          "w": 0.31401902437210083,
          "x": 0.2308664470911026,
          "y": 0.8728749752044678,
          "z": -0.29356783628463745
        },
        "matrix": [
          [
            -0.6961855888366699,
            0.5874072909355164,
            0.41264796257019043,
            0.16095368564128876
          ],
          [
            0.21866397559642792,
            0.7210368514060974,
            -0.6574892997741699,
            -0.05695734918117523
          ],
          [
            -0.6837528944015503,
            -0.36750519275665283,
            -0.6304252743721008,
            1.427691102027893
          ],
          [
            0.0,
            0.0,
            0.0,
            1.0
          ]
        ]
      },
      "bone_length_armature_space": 0.26796962123428936,
      "parent": "spine_01",
      "has_children": true,
      "is_end_bone": false
    },
    "lowerarm_l": {
      "name": "lowerarm_l",
      "local": {
        "location": {
          "x": 0.0,
          "y": 0.0,
          "z": 0.0
        },
        "rotation_quaternion": {
          "w": 0.8771798610687256,
          "x": 0.33970561623573303,
          "y": -0.2524547874927521,
          "z": 0.22676430642604828
        },
        "scale": {
          "x": 1.0,
          "y": 1.0,
          "z": 1.0
        },
        "matrix_basis": [
          [
            0.7696890830993652,
            -0.5693467855453491,
            -0.2888302803039551,
            0.0
          ],
          [
            0.2263055443763733,
            0.666356086730957,
            -0.7104613184928894,
            0.0
          ],
          [
            0.5969627499580383,
            0.48147037625312805,
            0.6417333483695984,
            0.0
          ],
          [
            0.0,
            0.0,
            0.0,
            1.0
          ]
        ],
        "rotation_mode": "QUATERNION"
      },
      "armature_space": {
        "head": {
          "x": 0.3183610439300537,
          "y": 0.07301448285579681,
          "z": 0.3793569505214691
        },
        "tail": {
          "x": 0.5853726267814636,
          "y": 0.06099816784262657,
          "z": 0.36796581745147705
        }
      },
      "world_space": {
        "head": {
          "x": 0.3183610439300537,
          "y": 0.13625848293304443,
          "z": 1.3292109966278076
        },
        "tail": {
          "x": 0.5853726267814636,
          "y": 0.12424217164516449,
          "z": 1.3178198337554932
        },
        "rotation_quaternion": {
          "w": 0.5242024064064026,
          "x": 0.4471838176250458,
          "y": 0.4502813518047333,
          "z": -0.5678778886795044
        },
        "matrix": [
          [
            -0.05047646164894104,
            0.9980828166007996,
            -0.03581389784812927,
            0.3183610439300537
          ],
          [
            -0.1926497220993042,
            -0.04491668939590454,
            -0.9802391529083252,
            0.13625848293304443
          ],
          [
            -0.9799755811691284,
            -0.0425797700881958,
            0.1945478916168213,
            1.3292109966278076
          ],
          [
            0.0,
            0.0,
            0.0,
            1.0
          ]
        ]
      },
      "bone_length_armature_space": 0.2675244598572356,
      "parent": "upperarm_l",
      "has_children": true,
      "is_end_bone": false
    },
    "metacarpal_thumb_l": {
      "name": "metacarpal_thumb_l",
      "local": {
        "location": {
          "x": 0.0,
          "y": 0.0,
          "z": 0.0
        },
        "rotation_quaternion": {
          "w": 0.999780535697937,
          "x": 0.0009500720771029592,
          "y": 0.018935009837150574,
          "z": -0.008923633024096489
        },
        "scale": {
          "x": 1.0,
          "y": 1.0,
          "z": 1.0
        },
        "matrix_basis": [
          [
            0.9991236925125122,
            0.01787932775914669,
            0.03784475103020668,
            0.0
          ],
          [
            -0.0178073700517416,
            0.9998389482498169,
            -0.002237665234133601,
            0.0
          ],
          [
            -0.03787866607308388,
            0.0015617889584973454,
            0.999281108379364,
            0.0
          ],
          [
            0.0,
            0.0,
            0.0,
            1.0
          ]
        ],
        "rotation_mode": "QUATERNION"
      },
      "armature_space": {
        "head": {
          "x": 0.5853726267814636,
          "y": 0.06099816784262657,
          "z": 0.36796581745147705
        },
        "tail": {
          "x": 0.6233490705490112,
          "y": 0.029615405946969986,
          "z": 0.36281850934028625
        }
      },
      "world_space": {
        "head": {
          "x": 0.5853726267814636,
          "y": 0.12424217164516449,
          "z": 1.3178198337554932
        },
        "tail": {
          "x": 0.6233490705490112,
          "y": 0.09285940229892731,
          "z": 1.31267249584198
        },
        "rotation_quaternion": {
          "w": 0.0012830868363380432,
          "x": -0.8959311246871948,
          "y": -0.4280376136302948,
          "z": 0.11869928240776062
        },
        "matrix": [
          [
            0.6053882837295532,
            0.7666799426078796,
            -0.2137911170721054,
            0.5853726267814636
          ],
          [
            0.7672891020774841,
            -0.6335642337799072,
            -0.09931765496730804,
            0.12424217164516449
          ],
          [
            -0.21159589290618896,
            -0.10391522198915482,
            -0.9718244671821594,
            1.3178198337554932
          ],
          [
            0.0,
            0.0,
            0.0,
            1.0
          ]
        ]
      },
      "bone_length_armature_space": 0.04953365281824258,
      "parent": "lowerarm_l",
      "has_children": true,
      "is_end_bone": false
    },
    "thumb_01_l": {
      "name": "thumb_01_l",
      "local": {
        "location": {
          "x": 0.0,
          "y": 0.0,
          "z": 0.0
        },
        "rotation_quaternion": {
          "w": 0.9996659755706787,
          "x": -0.016591167077422142,
          "y": -0.014544135890901089,
          "z": 0.013461139053106308
        },
        "scale": {
          "x": 1.0,
          "y": 1.0,
          "z": 1.0
        },
        "matrix_basis": [
          [
            0.9992145299911499,
            -0.026430677622556686,
            -0.02952522784471512,
            0.0
          ],
          [
            0.02739589288830757,
            0.9990870356559753,
            0.03277968987822533,
            0.0
          ],
          [
            0.02863188274204731,
            -0.03356281295418739,
            0.9990264177322388,
            0.0
          ],
          [
            0.0,
            0.0,
            0.0,
            1.0
          ]
        ],
        "rotation_mode": "QUATERNION"
      },
      "armature_space": {
        "head": {
          "x": 0.6233490705490112,
          "y": 0.029615405946969986,
          "z": 0.36281850934028625
        },
        "tail": {
          "x": 0.6312995553016663,
          "y": 0.009298739954829216,
          "z": 0.3366907835006714
        }
      },
      "world_space": {
        "head": {
          "x": 0.6233490705490112,
          "y": 0.09285940229892731,
          "z": 1.31267249584198
        },
        "tail": {
          "x": 0.6312995553016663,
          "y": 0.07254274189472198,
          "z": 1.2865447998046875
        },
        "rotation_quaternion": {
          "w": 0.44587230682373047,
          "x": -0.8185174465179443,
          "y": 0.052561212331056595,
          "z": -0.358419269323349
        },
        "matrix": [
          [
            0.7375467419624329,
            0.23357290029525757,
            0.633615255355835,
            0.6233490705490112
          ],
          [
            -0.4056617021560669,
            -0.5968717932701111,
            0.6922303438186646,
            0.09285940229892731
          ],
          [
            0.5398765802383423,
            -0.7675917744636536,
            -0.34547102451324463,
            1.31267249584198
          ],
          [
            0.0,
            0.0,
            0.0,
            1.0
          ]
        ]
      },
      "bone_length_armature_space": 0.03403873041690215,
      "parent": "metacarpal_thumb_l",
      "has_children": true,
      "is_end_bone": false
    },
    "thumb_02_l": {
      "name": "thumb_02_l",
      "local": {
        "location": {
          "x": 0.0,
          "y": 0.0,
          "z": 0.0
        },
        "rotation_quaternion": {
          "w": 0.997398853302002,
          "x": 0.07202298194169998,
          "y": 0.0007528539281338453,
          "z": -0.002786156954243779
        },
        "scale": {
          "x": 1.0,
          "y": 1.0,
          "z": 1.0
        },
        "matrix_basis": [
          [
            0.9999833703041077,
            0.0056662652641534805,
            0.0011004565749317408,
            0.0
          ],
          [
            -0.0054493737407028675,
            0.9896098375320435,
            -0.14367547631263733,
            0.0
          ],
          [
            -0.0019031258998438716,
            0.1436670869588852,
            0.9896242618560791,
            0.0
          ],
          [
            0.0,
            0.0,
            0.0,
            1.0
          ]
        ],
        "rotation_mode": "QUATERNION"
      },
      "armature_space": {
        "head": {
          "x": 0.6312995553016663,
          "y": 0.00929873064160347,
          "z": 0.3366908133029938
        },
        "tail": {
          "x": 0.6710407137870789,
          "y": 0.007946303114295006,
          "z": 0.3310348093509674
        }
      },
      "world_space": {
        "head": {
          "x": 0.6312995553016663,
          "y": 0.07254272699356079,
          "z": 1.2865447998046875
        },
        "tail": {
          "x": 0.6710407137870789,
          "y": 0.07119030505418777,
          "z": 1.2808887958526611
        },
        "rotation_quaternion": {
          "w": 0.659260094165802,
          "x": -0.32166653871536255,
          "y": -0.2203216403722763,
          "z": -0.6429349780082703
        },
        "matrix": [
          [
            0.07618460804224014,
            0.9894623160362244,
            0.123125821352005,
            0.6312995553016663
          ],
          [
            -0.7059829235076904,
            -0.03367229551076889,
            0.7074282169342041,
            0.07254272699356079
          ],
          [
            0.7041237354278564,
            -0.14082098007202148,
            0.6959837079048157,
            1.2865447998046875
          ],
          [
            0.0,
            0.0,
            0.0,
            1.0
          ]
        ]
      },
      "bone_length_armature_space": 0.040164400664987235,
      "parent": "thumb_01_l",
      "has_children": true,
      "is_end_bone": false
    },
    "thumb_03_l": {
      "name": "thumb_03_l",
      "local": {
        "location": {
          "x": 0.0,
          "y": 0.0,
          "z": 0.0
        },
        "rotation_quaternion": {
          "w": 0.9964404106140137,
          "x": 0.08422988653182983,
          "y": 0.0030932787340134382,
          "z": 0.0015194122679531574
        },
        "scale": {
          "x": 1.0,
          "y": 1.0,
          "z": 1.0
        },
        "matrix_basis": [
          [
            0.9999762177467346,
            -0.002506914548575878,
            0.006420495919883251,
            0.0
          ],
          [
            0.003549100598320365,
            0.9858060479164124,
            -0.16785073280334473,
            0.0
          ],
          [
            -0.005908575840294361,
            0.16786952316761017,
            0.9857915043830872,
            0.0
          ],
          [
            0.0,
            0.0,
            0.0,
            1.0
          ]
        ],
        "rotation_mode": "QUATERNION"
      },
      "armature_space": {
        "head": {
          "x": 0.6710406541824341,
          "y": 0.00794622115790844,
          "z": 0.3310348391532898
        },
        "tail": {
          "x": 0.6995844841003418,
          "y": 0.018117615953087807,
          "z": 0.3339814245700836
        }
      },
      "world_space": {
        "head": {
          "x": 0.6710406541824341,
          "y": 0.07119022309780121,
          "z": 1.2808887958526611
        },
        "tail": {
          "x": 0.6995844841003418,
          "y": 0.08136161416769028,
          "z": 1.2838354110717773
        },
        "rotation_quaternion": {
          "w": 0.7966536283493042,
          "x": -0.06868240982294083,
          "y": -0.17997033894062042,
          "z": -0.5729191899299622
        },
        "matrix": [
          [
            0.2787480056285858,
            0.9375581741333008,
            -0.20804786682128906,
            0.6710406541824341
          ],
          [
            -0.8881145715713501,
            0.33409208059310913,
            0.3156506419181824,
            0.07119022309780121
          ],
          [
            0.3654496967792511,
            0.09678429365158081,
            0.925793468952179,
            1.2808887958526611
          ],
          [
            0.0,
            0.0,
            0.0,
            1.0
          ]
        ]
      },
      "bone_length_armature_space": 0.030444865655429965,
      "parent": "thumb_02_l",
      "has_children": false,
      "is_end_bone": true
    },
    "metacarpal_index_l": {
      "name": "metacarpal_index_l",
      "local": {
        "location": {
          "x": 0.0,
          "y": 0.0,
          "z": 0.0
        },
        "rotation_quaternion": {
          "w": 0.9996008276939392,
          "x": -0.027126001194119453,
          "y": -0.003694231389090419,
          "z": -0.006990785710513592
        },
        "scale": {
          "x": 1.0,
          "y": 1.0,
          "z": 1.0
        },
        "matrix_basis": [
          [
            0.9998749494552612,
            0.01417640969157219,
            -0.007006249390542507,
            0.0
          ],
          [
            -0.013775571249425411,
            0.998430609703064,
            0.05428199842572212,
            0.0
          ],
          [
            0.007764777634292841,
            -0.05417869612574577,
            0.9985010623931885,
            0.0
          ],
          [
            0.0,
            0.0,
            0.0,
            1.0
          ]
        ],
        "rotation_mode": "QUATERNION"
      },
      "armature_space": {
        "head": {
          "x": 0.5853726267814636,
          "y": 0.06099816784262657,
          "z": 0.36796581745147705
        },
        "tail": {
          "x": 0.6969584226608276,
          "y": 0.025254860520362854,
          "z": 0.36747512221336365
        }
      },
      "world_space": {
        "head": {
          "x": 0.5853726267814636,
          "y": 0.12424217164516449,
          "z": 1.3178198337554932
        },
        "tail": {
          "x": 0.6969584226608276,
          "y": 0.08849886059761047,
          "z": 1.3173291683197021
        },
        "rotation_quaternion": {
          "w": 0.2363097071647644,
          "x": 0.738608717918396,
          "y": 0.5400288105010986,
          "z": -0.3270837366580963
        },
        "matrix": [
          [
            0.20276883244514465,
            0.9523268342018127,
            -0.22794321179389954,
            0.5853726267814636
          ],
          [
            0.6431537866592407,
            -0.3050505816936493,
            -0.702351450920105,
            0.12424217164516449
          ],
          [
            -0.7384068369865417,
            -0.004187881946563721,
            -0.6743529438972473,
            1.3178198337554932
          ],
          [
            0.0,
            0.0,
            0.0,
            1.0
          ]
        ]
      },
      "bone_length_armature_space": 0.11717173117603445,
      "parent": "lowerarm_l",
      "has_children": true,
      "is_end_bone": false
    },
    "index_01_l": {
      "name": "index_01_l",
      "local": {
        "location": {
          "x": 0.0,
          "y": 0.0,
          "z": 0.0
        },
        "rotation_quaternion": {
          "w": 0.9935829639434814,
          "x": -0.11222854256629944,
          "y": 0.0021480279974639416,
          "z": 0.013897247612476349
        },
        "scale": {
          "x": 1.0,
          "y": 1.0,
          "z": 1.0
        },
        "matrix_basis": [
          [
            0.9996045231819153,
            -0.028098277747631073,
            0.0011491524055600166,
            0.0
          ],
          [
            0.027133997529745102,
            0.9744232296943665,
            0.22307643294334412,
            0.0
          ],
          [
            -0.007387823890894651,
            -0.22295702993869781,
            0.9748002886772156,
            0.0
          ],
          [
            0.0,
            0.0,
            0.0,
            1.0
          ]
        ],
        "rotation_mode": "QUATERNION"
      },
      "armature_space": {
        "head": {
          "x": 0.6969584226608276,
          "y": 0.025254860520362854,
          "z": 0.36747512221336365
        },
        "tail": {
          "x": 0.7250761389732361,
          "y": 0.029978303238749504,
          "z": 0.3678668737411499
        }
      },
      "world_space": {
        "head": {
          "x": 0.6969584226608276,
          "y": 0.08849886059761047,
          "z": 1.3173291683197021
        },
        "tail": {
          "x": 0.7250761389732361,
          "y": 0.09322230517864227,
          "z": 1.317720890045166
        },
        "rotation_quaternion": {
          "w": 0.28420695662498474,
          "x": 0.6027559638023376,
          "y": 0.7085573077201843,
          "z": -0.23207366466522217
        },
        "matrix": [
          [
            -0.11182218790054321,
            0.9860885739326477,
            0.12298335880041122,
            0.6969584226608276
          ],
          [
            0.7222601771354675,
            0.16565130650997162,
            -0.6714909672737122,
            0.08849886059761047
          ],
          [
            -0.6825259327888489,
            0.0137387216091156,
            -0.7307418584823608,
            1.3173291683197021
          ],
          [
            0.0,
            0.0,
            0.0,
            1.0
          ]
        ]
      },
      "bone_length_armature_space": 0.028514388332998873,
      "parent": "metacarpal_index_l",
      "has_children": true,
      "is_end_bone": false
    },
    "index_02_l": {
      "name": "index_02_l",
      "local": {
        "location": {
          "x": 0.0,
          "y": 0.0,
          "z": 0.0
        },
        "rotation_quaternion": {
          "w": 0.997394323348999,
          "x": 0.07175656408071518,
          "y": -0.007040868047624826,
          "z": -0.002443204168230295
        },
        "scale": {
          "x": 1.0,
          "y": 1.0,
          "z": 1.0
        },
        "matrix_basis": [
          [
            0.9998888969421387,
            0.0038632189389318228,
            -0.014395675621926785,
            0.0
          ],
          [
            -0.005884132813662291,
            0.9896900653839111,
            -0.14310477674007416,
            0.0
          ],
          [
            0.01369441207498312,
            0.14317359030246735,
            0.9896028637886047,
            0.0
          ],
          [
            0.0,
            0.0,
            0.0,
            1.0
          ]
        ],
        "rotation_mode": "QUATERNION"
      },
      "armature_space": {
        "head": {
          "x": 0.7250765562057495,
          "y": 0.029977982863783836,
          "z": 0.3678668141365051
        },
        "tail": {
          "x": 0.7504851818084717,
          "y": 0.03279580920934677,
          "z": 0.36573326587677
        }
      },
      "world_space": {
        "head": {
          "x": 0.7250765562057495,
          "y": 0.0932219848036766,
          "z": 1.317720890045166
        },
        "tail": {
          "x": 0.7504851818084717,
          "y": 0.09603980928659439,
          "z": 1.3155872821807861
        },
        "rotation_quaternion": {
          "w": 0.27646028995513916,
          "x": 0.5966073274612427,
          "y": 0.6917316913604736,
          "z": -0.29855793714523315
        },
        "matrix": [
          [
            -0.13525767624378204,
            0.990463137626648,
            0.02622605860233307,
            0.7250765562057495
          ],
          [
            0.6603056192398071,
            0.10984276980161667,
            -0.7429207563400269,
            0.0932219848036766
          ],
          [
            -0.7387208938598633,
            -0.08316895365715027,
            -0.6688710451126099,
            1.317720890045166
          ],
          [
            0.0,
            0.0,
            0.0,
            1.0
          ]
        ]
      },
      "bone_length_armature_space": 0.02565327374285571,
      "parent": "index_01_l",
      "has_children": true,
      "is_end_bone": false
    },
    "index_03_l": {
      "name": "index_03_l",
      "local": {
        "location": {
          "x": 0.0,
          "y": 0.0,
          "z": 0.0
        },
        "rotation_quaternion": {
          "w": 0.9994643926620483,
          "x": 0.03235439956188202,
          "y": -0.00482544582337141,
          "z": 0.000889396877028048
        },
        "scale": {
          "x": 1.0,
          "y": 1.0,
          "z": 1.0
        },
        "matrix_basis": [
          [
            0.9999518394470215,
            -0.0020900897216051817,
            -0.009588170796632767,
            0.0
          ],
          [
            0.0014655921841040254,
            0.9979047775268555,
            -0.0646827220916748,
            0.0
          ],
          [
            0.009703274816274643,
            0.06466555595397949,
            0.9978598356246948,
            0.0
          ],
          [
            0.0,
            0.0,
            0.0,
            1.0
          ]
        ],
        "rotation_mode": "QUATERNION"
      },
      "armature_space": {
        "head": {
          "x": 0.7504851818084717,
          "y": 0.032795898616313934,
          "z": 0.3657333552837372
        },
        "tail": {
          "x": 0.7787113189697266,
          "y": 0.034439366310834885,
          "z": 0.3583633601665497
        }
      },
      "world_space": {
        "head": {
          "x": 0.7504851818084717,
          "y": 0.09603989869356155,
          "z": 1.3155874013900757
        },
        "tail": {
          "x": 0.7787113189697266,
          "y": 0.0976833701133728,
          "z": 1.3082174062728882
        },
        "rotation_quaternion": {
          "w": 0.19529572129249573,
          "x": 0.5935626029968262,
          "y": 0.6999890208244324,
          "z": -0.345772385597229
        },
        "matrix": [
          [
            -0.2190847396850586,
            0.966029942035675,
            -0.1370680332183838,
            0.7504851818084717
          ],
          [
            0.6959197521209717,
            0.056247174739837646,
            -0.7159134745597839,
            0.09603989869356155
          ],
          [
            -0.6838882565498352,
            -0.2522357702255249,
            -0.6846078634262085,
            1.3155874013900757
          ],
          [
            0.0,
            0.0,
            0.0,
            1.0
          ]
        ]
      },
      "bone_length_armature_space": 0.029218703113436273,
      "parent": "index_02_l",
      "has_children": false,
      "is_end_bone": true
    },
    "metacarpal_pinky_l": {
      "name": "metacarpal_pinky_l",
      "local": {
        "location": {
          "x": 0.0,
          "y": 0.0,
          "z": 0.0
        },
        "rotation_quaternion": {
          "w": 0.9986023902893066,
          "x": -0.049305260181427,
          "y": 0.01635373756289482,
          "z": 0.009739704430103302
        },
        "scale": {
          "x": 1.0,
          "y": 1.0,
          "z": 1.0
        },
        "matrix_basis": [
          [
            0.9992753863334656,
            -0.02106483466923237,
            0.03170132637023926,
            0.0
          ],
          [
            0.01783953420817852,
            0.9949482679367065,
            0.09879126399755478,
            0.0
          ],
          [
            -0.03362220153212547,
            -0.09815414249897003,
            0.9946030974388123,
            0.0
          ],
          [
            0.0,
            0.0,
            0.0,
            1.0
          ]
        ],
        "rotation_mode": "QUATERNION"
      },
      "armature_space": {
        "head": {
          "x": 0.5853726267814636,
          "y": 0.06099816784262657,
          "z": 0.36796581745147705
        },
        "tail": {
          "x": 0.6831714510917664,
          "y": 0.0901055634021759,
          "z": 0.3471963405609131
        }
      },
      "world_space": {
        "head": {
          "x": 0.5853726267814636,
          "y": 0.12424217164516449,
          "z": 1.3178198337554932
        },
        "tail": {
          "x": 0.6831714510917664,
          "y": 0.15334956347942352,
          "z": 1.2970503568649292
        },
        "rotation_quaternion": {
          "w": 0.7917482256889343,
          "x": -0.04005550965666771,
          "y": 0.11357247829437256,
          "z": -0.5988587141036987
        },
        "matrix": [
          [
            0.2569389045238495,
            0.9391922950744629,
            0.22781601548194885,
            0.5853726267814636
          ],
          [
            -0.9573890566825867,
            0.27952736616134644,
            -0.07260063290596008,
            0.12424217164516449
          ],
          [
            -0.13186867535114288,
            -0.19945567846298218,
            0.971000611782074,
            1.3178198337554932
          ],
          [
            0.0,
            0.0,
            0.0,
            1.0
          ]
        ]
      },
      "bone_length_armature_space": 0.1041307921989841,
      "parent": "lowerarm_l",
      "has_children": true,
      "is_end_bone": false
    },
    "pinky_01_l": {
      "name": "pinky_01_l",
      "local": {
        "location": {
          "x": 0.0,
          "y": 0.0,
          "z": 0.0
        },
        "rotation_quaternion": {
          "w": 0.9683823585510254,
          "x": 0.24879468977451324,
          "y": -0.004849516786634922,
          "z": -0.017701726406812668
        },
        "scale": {
          "x": 1.0,
          "y": 1.0,
          "z": 1.0
        },
        "matrix_basis": [
          [
            0.9993262887001038,
            0.0318710096180439,
            -0.01820056326687336,
            0.0
          ],
          [
            -0.0366971455514431,
            0.8755757212638855,
            -0.4816851019859314,
            0.0
          ],
          [
            0.0005841819220222533,
            0.48202845454216003,
            0.8761553764343262,
            0.0
          ],
          [
            0.0,
            0.0,
            0.0,
            1.0
          ]
        ],
        "rotation_mode": "QUATERNION"
      },
      "armature_space": {
        "head": {
          "x": 0.6831714510917664,
          "y": 0.0901055634021759,
          "z": 0.3471963405609131
        },
        "tail": {
