{
  "metadata": {
    "armature_name": "KIM_caucasian_male",
    "export_time": "2026-01-13T21:07:38.586307",
    "blender_version": "4.4.1",
    "bone_count": 56,
    "end_bone_count": 13,
    "spaces_included": [
      "LOCAL_CHANNELS",
      "ARMATURE_SPACE",
      "WORLD_SPACE"
    ],
    "note": "LOCAL matches Transform panel; replay pose via local.matrix_basis for best fidelity."
  },
  "bones": {
    "Root": {
      "name": "Root",
      "local": {
        "location": {
          "x": 0.0,
          "y": 0.0,
          "z": 0.0
        },
        "rotation_quaternion": {
          "w": 0.9998593330383301,
          "x": 0.006004661787301302,
          "y": 0.009021191857755184,
          "z": 0.012810984626412392
        },
        "scale": {
          "x": 1.0,
          "y": 1.0,
          "z": 1.0
        },
        "matrix_basis": [
          [
            0.9995089769363403,
            -0.025510026142001152,
            0.018193697556853294,
            0.0
          ],
          [
            0.02572670392692089,
            0.9995996356010437,
            -0.011776493862271309,
            0.0
          ],
          [
            -0.017885994166135788,
            0.012238775379955769,
            0.9997650980949402,
            0.0
          ],
          [
            0.0,
            0.0,
            0.0,
            1.0
          ]
        ],
        "rotation_mode": "QUATERNION"
      },
      "armature_space": {
        "head": {
          "x": 0.0,
          "y": 0.07072800397872925,
          "z": -0.009595036506652832
        },
        "tail": {
          "x": -0.0018208002438768744,
          "y": -8.911639451980591e-05,
          "z": -0.00086947251111269
        }
      },
      "world_space": {
        "head": {
          "x": 0.0,
          "y": 0.13397200405597687,
          "z": 0.9402589797973633
        },
        "tail": {
          "x": -0.0018208002438768744,
          "y": 0.06315488368272781,
          "z": 0.9489845633506775
        },
        "rotation_quaternion": {
          "w": 0.061367154121398926,
          "x": 0.9979922771453857,
          "y": -0.012174143455922604,
          "z": 0.009863747283816338
        },
        "matrix": [
          [
            0.9995089769363403,
            -0.025510026142001152,
            0.018193697556853294,
            0.0
          ],
          [
            -0.02308877930045128,
            -0.9921717047691345,
            -0.12272851914167404,
            0.13397200405597687
          ],
          [
            0.02118220552802086,
            0.1222480982542038,
            -0.9922805428504944,
            0.9402589797973633
          ],
          [
            0.0,
            0.0,
            0.0,
            1.0
          ]
        ]
      },
      "bone_length_armature_space": 0.07137587321870802,
      "parent": null,
      "has_children": true,
      "is_end_bone": false
    },
    "spine_01": {
      "name": "spine_01",
      "local": {
        "location": {
          "x": 0.0,
          "y": 0.0,
          "z": 0.0
        },
        "rotation_quaternion": {
          "w": 0.9960029125213623,
          "x": 0.019898606464266777,
          "y": -0.056940313428640366,
          "z": 0.06587862223386765
        },
        "scale": {
          "x": 1.0,
          "y": 1.0,
          "z": 1.0
        },
        "matrix_basis": [
          [
            0.9848356246948242,
            -0.13349667191505432,
            -0.11080364882946014,
            0.0
          ],
          [
            0.12896452844142914,
            0.9905281066894531,
            -0.04714043810963631,
            0.0
          ],
          [
            0.1160472184419632,
            0.03213584050536156,
            0.9927237033843994,
            0.0
          ],
          [
            0.0,
            0.0,
            0.0,
            1.0
          ]
        ],
        "rotation_mode": "QUATERNION"
      },
      "armature_space": {
        "head": {
          "x": -0.0018208002438768744,
          "y": -8.911639451980591e-05,
          "z": -0.00086947251111269
        },
        "tail": {
          "x": -0.07715386152267456,
          "y": 0.002651435788720846,
          "z": 0.4812776744365692
        }
      },
      "world_space": {
        "head": {
          "x": -0.0018208002438768744,
          "y": 0.06315488368272781,
          "z": 0.9489845633506775
        },
        "tail": {
          "x": -0.07715386152267456,
          "y": 0.0658954381942749,
          "z": 1.4311317205429077
        },
        "rotation_quaternion": {
          "w": 0.7016699314117432,
          "x": 0.7050819993019104,
          "y": -0.10230843722820282,
          "z": 0.007196346297860146
        },
        "matrix": [
          [
            0.978962242603302,
            -0.15437063574790955,
            -0.1334265172481537,
            -0.0018208002438768744
          ],
          [
            -0.13417372107505798,
            0.005615871399641037,
            -0.9909420013427734,
            0.06315488368272781
          ],
          [
            0.15372256934642792,
            0.9880039691925049,
            -0.015215769410133362,
            0.9489845633506775
          ],
          [
            0.0,
            0.0,
            0.0,
            1.0
          ]
        ]
      },
      "bone_length_armature_space": 0.4880045678858597,
      "parent": "Root",
      "has_children": true,
      "is_end_bone": false
    },
    "neck_01": {
      "name": "neck_01",
      "local": {
        "location": {
          "x": 0.0,
          "y": 0.0,
          "z": 0.0
        },
        "rotation_quaternion": {
          "w": 0.9885435700416565,
          "x": -0.12095702439546585,
          "y": -0.08947716653347015,
          "z": 0.012041878886520863
        },
        "scale": {
          "x": 1.0,
          "y": 1.0,
          "z": 1.0
        },
        "matrix_basis": [
          [
            0.9836976528167725,
            -0.002162060234695673,
            -0.17981725931167603,
            0.0
          ],
          [
            0.04545362666249275,
            0.9704487919807434,
            0.2369876354932785,
            0.0
          ],
          [
            0.17399105429649353,
            -0.24129752814769745,
            0.9547264575958252,
            0.0
          ],
          [
            0.0,
            0.0,
            0.0,
            1.0
          ]
        ],
        "rotation_mode": "QUATERNION"
      },
      "armature_space": {
        "head": {
          "x": -0.0930839329957962,
          "y": -0.031303685158491135,
          "z": 0.5530901551246643
        },
        "tail": {
          "x": -0.1109064444899559,
          "y": -0.04548823460936546,
          "z": 0.6530497074127197
        }
      },
      "world_space": {
        "head": {
          "x": -0.0930839329957962,
          "y": 0.031940314918756485,
          "z": 1.5029442310333252
        },
        "tail": {
          "x": -0.1109064444899559,
          "y": 0.017755765467882156,
          "z": 1.6029037237167358
        },
        "rotation_quaternion": {
          "w": 0.636362612247467,
          "x": 0.7525337338447571,
          "y": -0.16082237660884857,
          "z": -0.05359107255935669
        },
        "matrix": [
          [
            0.9425280690193176,
            -0.17384199798107147,
            -0.285341739654541,
            -0.0930839329957962
          ],
          [
            -0.31025606393814087,
            -0.13835705816745758,
            -0.9405311346054077,
            0.031940314918756485
          ],
          [
            0.12402529269456863,
            0.975012481212616,
            -0.1843430995941162,
            1.5029442310333252
          ],
          [
            0.0,
            0.0,
            0.0,
            1.0
          ]
        ]
      },
      "bone_length_armature_space": 0.10252197583069797,
      "parent": "spine_01",
      "has_children": true,
      "is_end_bone": false
    },
    "head": {
      "name": "head",
      "local": {
        "location": {
          "x": 0.0,
          "y": 0.0,
          "z": 0.0
        },
        "rotation_quaternion": {
          "w": 0.997855544090271,
          "x": -0.021878551691770554,
          "y": -0.03821508213877678,
          "z": 0.048429813235998154
        },
        "scale": {
          "x": 1.0,
          "y": 1.0,
          "z": 1.0
        },
        "matrix_basis": [
          [
            0.9923883080482483,
            -0.09497973322868347,
            -0.07838541269302368,
            0.0
          ],
          [
            0.09832409769296646,
            0.9943517446517944,
            0.03996177017688751,
            0.0
          ],
          [
            0.07414711266756058,
            -0.047364767640829086,
            0.996121883392334,
            0.0
          ],
          [
            0.0,
            0.0,
            0.0,
            1.0
          ]
        ],
        "rotation_mode": "QUATERNION"
      },
      "armature_space": {
        "head": {
          "x": -0.11090648174285889,
          "y": -0.045488372445106506,
          "z": 0.653049647808075
        },
        "tail": {
          "x": -0.1315183937549591,
          "y": -0.0015070326626300812,
          "z": 0.8003387451171875
        }
      },
      "world_space": {
        "head": {
          "x": -0.11090648174285889,
          "y": 0.017755627632141113,
          "z": 1.6029036045074463
        },
        "tail": {
          "x": -0.1315183937549591,
          "y": 0.06173696741461754,
          "z": 1.7501927614212036
        },
        "rotation_quaternion": {
          "w": 0.7739757299423218,
          "x": 0.5940548181533813,
          "y": -0.20677027106285095,
          "z": -0.07284647226333618
        },
        "matrix": [
          [
            0.9038793444633484,
            -0.13290272653102875,
            -0.406619131565094,
            -0.11090648174285889
          ],
          [
            -0.35842764377593994,
            0.2835855185985565,
            -0.8894432783126831,
            0.017755627632141113
          ],
          [
            0.23352192342281342,
            0.9496996402740479,
            0.20869165658950806,
            1.6029036045074463
          ],
          [
            0.0,
            0.0,
            0.0,
            1.0
          ]
        ]
      },
      "bone_length_armature_space": 0.1550912254650049,
      "parent": "neck_01",
      "has_children": false,
      "is_end_bone": true
    },
    "upperarm_l": {
      "name": "upperarm_l",
      "local": {
        "location": {
          "x": 0.0,
          "y": 0.0,
          "z": 0.0
        },
        "rotation_quaternion": {
          "w": 0.8750216364860535,
          "x": 0.4537496566772461,
          "y": -0.09918500483036041,
          "z": -0.13642127811908722
        },
        "scale": {
          "x": 1.0,
          "y": 1.0,
          "z": 1.0
        },
        "matrix_basis": [
          [
            0.9431031346321106,
            0.14873281121253967,
            -0.297380268573761,
            0.0
          ],
          [
            -0.3287534713745117,
            0.5510009527206421,
            -0.7670196294784546,
            0.0
          ],
          [
            0.04977583512663841,
            0.8211434483528137,
            0.5685471892356873,
            0.0
          ],
          [
            0.0,
            0.0,
            0.0,
            1.0
          ]
        ],
        "rotation_mode": "QUATERNION"
      },
      "armature_space": {
        "head": {
          "x": 0.0637097954750061,
          "y": -0.05496741831302643,
          "z": 0.5096984505653381
        },
        "tail": {
          "x": 0.19459359347820282,
          "y": -0.28719404339790344,
          "z": 0.48235100507736206
        }
      },
      "world_space": {
        "head": {
          "x": 0.0637097954750061,
          "y": 0.008276581764221191,
          "z": 1.459552526473999
        },
        "tail": {
          "x": 0.19459359347820282,
          "y": -0.22395004332065582,
          "z": 1.4322049617767334
        },
        "rotation_quaternion": {
          "w": 0.16251125931739807,
          "x": 0.6106034517288208,
          "y": 0.20070452988147736,
          "z": -0.7486462593078613
        },
        "matrix": [
          [
            -0.20150704681873322,
            0.4884280860424042,
            -0.8490188121795654,
            0.0637097954750061
          ],
          [
            0.001774117350578308,
            -0.8666161298751831,
            -0.49897268414497375,
            0.008276581764221191
          ],
          [
            -0.9794923067092896,
            -0.10205432027578354,
            0.1737634837627411,
            1.459552526473999
          ],
          [
            0.0,
            0.0,
            0.0,
            1.0
          ]
        ]
      },
      "bone_length_armature_space": 0.26796950828122434,
      "parent": "spine_01",
      "has_children": true,
      "is_end_bone": false
    },
    "lowerarm_l": {
      "name": "lowerarm_l",
      "local": {
        "location": {
          "x": 0.0,
          "y": 0.0,
          "z": 0.0
        },
        "rotation_quaternion": {
          "w": 0.9376157522201538,
          "x": 0.3365986943244934,
          "y": -0.07951387017965317,
          "z": 0.035434067249298096
        },
        "scale": {
          "x": 1.0,
          "y": 1.0,
          "z": 1.0
        },
        "matrix_basis": [
          [
            0.9848439693450928,
            -0.11997561156749725,
            -0.12525279819965363,
            0.0
          ],
          [
            0.012918549589812756,
            0.7708914875984192,
            -0.6368354558944702,
            0.0
          ],
          [
            0.1729610413312912,
            0.6255654692649841,
            0.7607577443122864,
            0.0
          ],
          [
            0.0,
            0.0,
            0.0,
            1.0
          ]
        ],
        "rotation_mode": "QUATERNION"
      },
      "armature_space": {
        "head": {
          "x": 0.1945936232805252,
          "y": -0.287194162607193,
          "z": 0.4823511242866516
        },
        "tail": {
          "x": 0.1413699835538864,
          "y": -0.5365023612976074,
          "z": 0.5634810924530029
        }
      },
      "world_space": {
        "head": {
          "x": 0.1945936232805252,
          "y": -0.22395016252994537,
          "z": 1.4322052001953125
        },
        "tail": {
          "x": 0.1413699835538864,
          "y": -0.473258376121521,
          "z": 1.513335108757019
        },
        "rotation_quaternion": {
          "w": 0.0017387379193678498,
          "x": -0.5313441753387451,
          "y": 0.18450768291950226,
          "z": 0.826817512512207
        },
        "matrix": [
          [
            -0.43534088134765625,
            -0.1989486813545227,
            -0.8780077695846558,
            0.1945936232805252
          ],
          [
            -0.19319920241832733,
            -0.9319080114364624,
            0.30695539712905884,
            -0.22395016252994537
          ],
          [
            -0.8792971968650818,
            0.3032618761062622,
            0.3672638237476349,
            1.4322052001953125
          ],
          [
            0.0,
            0.0,
            0.0,
            1.0
          ]
        ]
      },
      "bone_length_armature_space": 0.2675245851010245,
      "parent": "upperarm_l",
      "has_children": true,
      "is_end_bone": false
    },
    "metacarpal_thumb_l": {
      "name": "metacarpal_thumb_l",
      "local": {
        "location": {
          "x": 0.0,
          "y": 0.0,
          "z": 0.0
        },
        "rotation_quaternion": {
          "w": 0.9992225170135498,
          "x": -0.03639974072575569,
          "y": -0.0068057505413889885,
          "z": -0.013534467667341232
        },
        "scale": {
          "x": 1.0,
          "y": 1.0,
          "z": 1.0
        },
        "matrix_basis": [
          [
            0.9995409846305847,
            0.02754334546625614,
            -0.01261561643332243,
            0.0
          ],
          [
            -0.026552435010671616,
            0.9969837665557861,
            0.07292710244655609,
            0.0
          ],
          [
            0.014586220495402813,
            -0.07255865633487701,
            0.9972574710845947,
            0.0
          ],
          [
            0.0,
            0.0,
            0.0,
            1.0
          ]
        ],
        "rotation_mode": "QUATERNION"
      },
      "armature_space": {
        "head": {
          "x": 0.1413699835538864,
          "y": -0.5365023612976074,
          "z": 0.5634810924530029
        },
        "tail": {
          "x": 0.10621243715286255,
          "y": -0.5665895342826843,
          "z": 0.5811529755592346
        }
      },
      "world_space": {
        "head": {
          "x": 0.1413699835538864,
          "y": -0.473258376121521,
          "z": 1.513335108757019
        },
        "tail": {
          "x": 0.10621243715286255,
          "y": -0.5033455491065979,
          "z": 1.5310070514678955
        },
        "rotation_quaternion": {
          "w": 0.11925400048494339,
          "x": 0.8798099756240845,
          "y": -0.42670127749443054,
          "z": -0.17216011881828308
        },
        "matrix": [
          [
            0.5765733122825623,
            -0.7097707390785217,
            -0.40470778942108154,
            0.1413699835538864
          ],
          [
            -0.7918936610221863,
            -0.6074088215827942,
            -0.06291899085044861,
            -0.473258376121521
          ],
          [
            -0.2011672556400299,
            0.35676491260528564,
            -0.9122852683067322,
            1.513335108757019
          ],
          [
            0.0,
            0.0,
            0.0,
            1.0
          ]
        ]
      },
      "bone_length_armature_space": 0.04953369049530277,
      "parent": "lowerarm_l",
      "has_children": true,
      "is_end_bone": false
    },
    "thumb_01_l": {
      "name": "thumb_01_l",
      "local": {
        "location": {
          "x": 0.0,
          "y": 0.0,
          "z": 0.0
        },
        "rotation_quaternion": {
          "w": 0.9971566200256348,
          "x": -0.07373339682817459,
          "y": 0.015179749578237534,
          "z": 0.0034154122695326805
        },
        "scale": {
          "x": 1.0,
          "y": 1.0,
          "z": 1.0
        },
        "matrix_basis": [
          [
            0.9995158314704895,
            -0.009049911051988602,
            0.029769515618681908,
            0.0
          ],
          [
            0.004572893027216196,
            0.9891034364700317,
            0.1471511870622635,
            0.0
          ],
          [
            -0.03077683597803116,
            -0.14694379270076752,
            0.9886659383773804,
            0.0
          ],
          [
            0.0,
            0.0,
            0.0,
            1.0
          ]
        ],
        "rotation_mode": "QUATERNION"
      },
      "armature_space": {
        "head": {
          "x": 0.10621243715286255,
          "y": -0.5665895342826843,
          "z": 0.5811529755592346
        },
        "tail": {
          "x": 0.0756792426109314,
          "y": -0.5740931630134583,
          "z": 0.5681127905845642
        }
      },
      "world_space": {
        "head": {
          "x": 0.10621243715286255,
          "y": -0.5033455491065979,
          "z": 1.5310070514678955
        },
        "tail": {
          "x": 0.0756792426109314,
          "y": -0.5108491778373718,
          "z": 1.5179667472839355
        },
        "rotation_quaternion": {
          "w": 0.23237399756908417,
          "x": 0.5525814890861511,
          "y": -0.5794662237167358,
          "z": 0.5521548390388489
        },
        "matrix": [
          [
            -0.2813095152378082,
            -0.8970173597335815,
            0.34091708064079285,
            0.10621243715286255
          ],
          [
            -0.38379377126693726,
            -0.2204442322254181,
            -0.8967199325561523,
            -0.5033455491065979
          ],
          [
            0.8795323371887207,
            -0.383100688457489,
            -0.2822595536708832,
            1.5310070514678955
          ],
          [
            0.0,
            0.0,
            0.0,
            1.0
          ]
        ]
      },
      "bone_length_armature_space": 0.03403860782804074,
      "parent": "metacarpal_thumb_l",
      "has_children": true,
      "is_end_bone": false
    },
    "thumb_02_l": {
      "name": "thumb_02_l",
      "local": {
        "location": {
          "x": 0.0,
          "y": 0.0,
          "z": 0.0
        },
        "rotation_quaternion": {
          "w": 0.9975787997245789,
          "x": 0.06946909427642822,
          "y": -0.002966859843581915,
          "z": -0.001329521182924509
        },
        "scale": {
          "x": 1.0,
          "y": 1.0,
          "z": 1.0
        },
        "matrix_basis": [
          [
            0.9999788403511047,
            0.002240394242107868,
            -0.006104074418544769,
            0.0
          ],
          [
            -0.0030648144893348217,
            0.9903445839881897,
            -0.1385938972234726,
            0.0
          ],
          [
            0.005734631791710854,
            0.13860967755317688,
            0.9903304576873779,
            0.0
          ],
          [
            0.0,
            0.0,
            0.0,
            1.0
          ]
        ],
        "rotation_mode": "QUATERNION"
      },
      "armature_space": {
        "head": {
          "x": 0.075679250061512,
          "y": -0.5740930438041687,
          "z": 0.5681127309799194
        },
        "tail": {
          "x": 0.06398915499448776,
          "y": -0.611070990562439,
          "z": 0.5785604119300842
        }
      },
      "world_space": {
        "head": {
          "x": 0.075679250061512,
          "y": -0.5108490586280823,
          "z": 1.5179667472839355
        },
        "tail": {
          "x": 0.06398915499448776,
          "y": -0.5478270053863525,
          "z": 1.5284144878387451
        },
        "rotation_quaternion": {
          "w": 0.19704146683216095,
          "x": 0.5395784378051758,
          "y": 0.029022853821516037,
          "z": 0.8180387616157532
        },
        "matrix": [
          [
            -0.3400592505931854,
            -0.2910561263561249,
            0.894228994846344,
            0.075679250061512
          ],
          [
            0.3536961078643799,
            -0.9206641316413879,
            -0.16515611112117767,
            -0.5108490586280823
          ],
          [
            0.8713608980178833,
            0.26012328267097473,
            0.41602858901023865,
            1.5179667472839355
          ],
          [
            0.0,
            0.0,
            0.0,
            1.0
          ]
        ]
      },
      "bone_length_armature_space": 0.0401644227997835,
      "parent": "thumb_01_l",
      "has_children": true,
      "is_end_bone": false
    },
    "thumb_03_l": {
      "name": "thumb_03_l",
      "local": {
        "location": {
          "x": 0.0,
          "y": 0.0,
          "z": 0.0
        },
        "rotation_quaternion": {
          "w": 0.9969668984413147,
          "x": 0.07744500786066055,
          "y": -0.006236359477043152,
          "z": 0.004517723340541124
        },
        "scale": {
          "x": 1.0,
          "y": 1.0,
          "z": 1.0
        },
        "matrix_basis": [
          [
            0.999881386756897,
            -0.009973990730941296,
            -0.011735137552022934,
            0.0
          ],
          [
            0.008042091503739357,
            0.9879637360572815,
            -0.1544765681028366,
            0.0
          ],
          [
            0.013134637847542763,
            0.15436387062072754,
            0.9879267811775208,
            0.0
          ],
          [
            0.0,
            0.0,
            0.0,
            1.0
          ]
        ],
        "rotation_mode": "QUATERNION"
      },
      "armature_space": {
        "head": {
          "x": 0.06398908793926239,
          "y": -0.6110709309577942,
          "z": 0.578560471534729
        },
        "tail": {
          "x": 0.0682525634765625,
          "y": -0.6396852731704712,
          "z": 0.5880438685417175
        }
      },
      "world_space": {
        "head": {
          "x": 0.06398908793926239,
          "y": -0.5478269457817078,
          "z": 1.5284144878387451
        },
        "tail": {
          "x": 0.0682525634765625,
          "y": -0.5764412879943848,
          "z": 1.5378978252410889
        },
        "rotation_quaternion": {
          "w": 0.0002740722266025841,
          "x": 0.4052504599094391,
          "y": 0.1733885556459427,
          "z": 0.8976126909255981
        },
        "matrix": [
          [
            -0.6715439558029175,
            0.14003925025463104,
            0.72761070728302,
            0.06398908793926239
          ],
          [
            0.14102376997470856,
            -0.9398726224899292,
            0.3110491633415222,
            -0.5478269457817078
          ],
          [
            0.727425754070282,
            0.31149476766586304,
            0.6114217042922974,
            1.5284144878387451
          ],
          [
            0.0,
            0.0,
            0.0,
            1.0
          ]
        ]
      },
      "bone_length_armature_space": 0.030444910973496116,
      "parent": "thumb_02_l",
      "has_children": false,
      "is_end_bone": true
    },
    "metacarpal_index_l": {
      "name": "metacarpal_index_l",
      "local": {
        "location": {
          "x": 0.0,
          "y": 0.0,
          "z": 0.0
        },
        "rotation_quaternion": {
          "w": 0.9993923902511597,
          "x": -0.030735451728105545,
          "y": 0.016443364322185516,
          "z": 0.00012581633927766234
        },
        "scale": {
          "x": 1.0,
          "y": 1.0,
          "z": 1.0
        },
        "matrix_basis": [
          [
            0.9994592070579529,
            -0.0012622682843357325,
            0.032859012484550476,
            0.0
          ],
          [
            -0.0007593086920678616,
            0.9981106519699097,
            0.0614376924932003,
            0.0
          ],
          [
            -0.03287447988986969,
            -0.06142941489815712,
            0.9975699186325073,
            0.0
          ],
          [
            0.0,
            0.0,
            0.0,
            1.0
          ]
        ],
        "rotation_mode": "QUATERNION"
      },
      "armature_space": {
        "head": {
          "x": 0.1413699835538864,
          "y": -0.5365023612976074,
          "z": 0.5634810924530029
        },
        "tail": {
          "x": 0.09094852209091187,
          "y": -0.6317852735519409,
          "z": 0.609394907951355
        }
      },
      "world_space": {
        "head": {
          "x": 0.1413699835538864,
          "y": -0.473258376121521,
          "z": 1.513335108757019
        },
        "tail": {
          "x": 0.09094852209091187,
          "y": -0.5685412883758545,
          "z": 1.559248924255371
        },
        "rotation_quaternion": {
          "w": 0.07360493391752243,
          "x": 0.8376780152320862,
          "y": -0.29662561416625977,
          "z": -0.45264893770217896
        },
        "matrix": [
          [
            0.4142439663410187,
            -0.43032100796699524,
            -0.8020135760307312,
            0.1413699835538864
          ],
          [
            -0.563588559627533,
            -0.8131905198097229,
            0.1452215015888214,
            -0.473258376121521
          ],
          [
            -0.7146872282028198,
            0.39185044169425964,
            -0.5793871879577637,
            1.513335108757019
          ],
          [
            0.0,
            0.0,
            0.0,
            1.0
          ]
        ]
      },
      "bone_length_armature_space": 0.11717181994917213,
      "parent": "lowerarm_l",
      "has_children": true,
      "is_end_bone": false
    },
    "index_01_l": {
      "name": "index_01_l",
      "local": {
        "location": {
          "x": 0.0,
          "y": 0.0,
          "z": 0.0
        },
        "rotation_quaternion": {
          "w": 0.9928137063980103,
          "x": -0.11962635815143585,
          "y": -0.0006551070255227387,
          "z": 0.0032008071430027485
        },
        "scale": {
          "x": 1.0,
          "y": 1.0,
          "z": 1.0
        },
        "matrix_basis": [
          [
            0.9999786615371704,
            -0.006198874209076166,
            -0.0020666003692895174,
            0.0
          ],
          [
            0.006512346677482128,
            0.971358597278595,
            0.2375291883945465,
            0.0
          ],
          [
            0.000534996681381017,
            -0.23753756284713745,
            0.9713782072067261,
            0.0
          ],
          [
            0.0,
            0.0,
            0.0,
            1.0
          ]
        ],
        "rotation_mode": "QUATERNION"
      },
      "armature_space": {
        "head": {
          "x": 0.09094852209091187,
          "y": -0.6317852735519409,
          "z": 0.609394907951355
        },
        "tail": {
          "x": 0.09225668758153915,
          "y": -0.6586753726005554,
          "z": 0.6187907457351685
        }
      },
      "world_space": {
        "head": {
          "x": 0.09094852209091187,
          "y": -0.5685412883758545,
          "z": 1.559248924255371
        },
        "tail": {
          "x": 0.09225668758153915,
          "y": -0.595431387424469,
          "z": 1.5686447620391846
        },
        "rotation_quaternion": {
          "w": 0.15781234204769135,
          "x": 0.8647128939628601,
          "y": -0.05980734899640083,
          "z": -0.4730643630027771
        },
        "matrix": [
          [
            0.5452664494514465,
            0.04587751626968384,
            -0.8370063900947571,
            0.09094852209091187
          ],
          [
            -0.2527434527873993,
            -0.9430369138717651,
            -0.21633870899677277,
            -0.5685412883758545
          ],
          [
            -0.799258828163147,
            0.32951152324676514,
            -0.5026149153709412,
            1.559248924255371
          ],
          [
            0.0,
            0.0,
            0.0,
            1.0
          ]
        ]
      },
      "bone_length_armature_space": 0.028514391389282627,
      "parent": "metacarpal_index_l",
      "has_children": true,
      "is_end_bone": false
    },
    "index_02_l": {
      "name": "index_02_l",
      "local": {
        "location": {
          "x": 0.0,
          "y": 0.0,
          "z": 0.0
        },
        "rotation_quaternion": {
          "w": 0.9976665377616882,
          "x": 0.06770819425582886,
          "y": 0.008669624105095863,
          "z": 0.001421964610926807
        },
        "scale": {
          "x": 1.0,
          "y": 1.0,
          "z": 1.0
        },
        "matrix_basis": [
          [
            0.9998456239700317,
            -0.0016632837941870093,
            0.01749134436249733,
            0.0
          ],
          [
            0.004011302255094051,
            0.9908271431922913,
            -0.13507574796676636,
            0.0
          ],
          [
            -0.017106231302022934,
            0.1351250559091568,
            0.9906808733940125,
            0.0
          ],
          [
            0.0,
            0.0,
            0.0,
            1.0
          ]
        ],
        "rotation_mode": "QUATERNION"
      },
      "armature_space": {
        "head": {
          "x": 0.09225630760192871,
          "y": -0.6586757302284241,
          "z": 0.618790864944458
        },
        "tail": {
          "x": 0.09155651181936264,
          "y": -0.6834297776222229,
          "z": 0.6254869103431702
        }
      },
      "world_space": {
        "head": {
          "x": 0.09225630760192871,
          "y": -0.5954317450523376,
          "z": 1.5686448812484741
        },
        "tail": {
          "x": 0.09155651181936264,
          "y": -0.6201857924461365,
          "z": 1.575340986251831
        },
        "rotation_quaternion": {
          "w": 0.10740955173969269,
          "x": 0.8600649237632751,
          "y": -0.07739032804965973,
          "z": -0.4927091896533966
        },
        "matrix": [
          [
            0.5024969577789307,
            -0.027278952300548553,
            -0.8641485571861267,
            0.09225630760192871
          ],
          [
            -0.23896506428718567,
            -0.9649478197097778,
            -0.10849595814943314,
            -0.5954317450523376
          ],
          [
            -0.8309047222137451,
            0.2610210180282593,
            -0.491405725479126,
            1.5686448812484741
          ],
          [
            0.0,
            0.0,
            0.0,
            1.0
          ]
        ]
      },
      "bone_length_armature_space": 0.025653257299139764,
      "parent": "index_01_l",
      "has_children": true,
      "is_end_bone": false
    },
    "index_03_l": {
      "name": "index_03_l",
      "local": {
        "location": {
          "x": 0.0,
          "y": 0.0,
          "z": 0.0
        },
        "rotation_quaternion": {
          "w": 0.9974857568740845,
          "x": 0.07036595791578293,
          "y": 0.005280374549329281,
          "z": 0.00655135465785861
        },
        "scale": {
          "x": 1.0,
          "y": 1.0,
          "z": 1.0
        },
        "matrix_basis": [
          [
            0.9998583793640137,
            -0.012326648458838463,
            0.011456181295216084,
            0.0
          ],
          [
            0.013812882825732231,
            0.9900113940238953,
            -0.1403089016675949,
            0.0
          ],
          [
            -0.00961221195757389,
            0.14044727385044098,
            0.9900414943695068,
            0.0
          ],
          [
            0.0,
            0.0,
            0.0,
            1.0
          ]
        ],
        "rotation_mode": "QUATERNION"
      },
      "armature_space": {
        "head": {
          "x": 0.0915566235780716,
          "y": -0.6834297776222229,
          "z": 0.6254869699478149
        },
        "tail": {
          "x": 0.0863141417503357,
          "y": -0.7121034860610962,
          "z": 0.627503514289856
        }
      },
      "world_space": {
        "head": {
          "x": 0.0915566235780716,
          "y": -0.6201857924461365,
          "z": 1.575340986251831
        },
        "tail": {
          "x": 0.0863141417503357,
          "y": -0.6488595008850098,
          "z": 1.577357530593872
        },
        "rotation_quaternion": {
          "w": 0.010007886216044426,
          "x": -0.8869361281394958,
          "y": 0.09605038166046143,
          "z": 0.4516841471195221
        },
        "matrix": [
          [
            0.57351154088974,
            -0.1794222593307495,
            -0.7993072867393494,
            0.0915566235780716
          ],
          [
            -0.1613406538963318,
            -0.9813482165336609,
            0.10452154278755188,
            -0.6201857924461365
          ],
          [
            -0.8031581044197083,
            0.06901586800813675,
            -0.5917668342590332,
            1.575340986251831
          ],
          [
            0.0,
            0.0,
            0.0,
            1.0
          ]
        ]
      },
      "bone_length_armature_space": 0.029218686623828493,
      "parent": "index_02_l",
      "has_children": false,
      "is_end_bone": true
    },
    "metacarpal_pinky_l": {
      "name": "metacarpal_pinky_l",
      "local": {
        "location": {
          "x": 0.0,
          "y": 0.0,
          "z": 0.0
        },
        "rotation_quaternion": {
          "w": 0.9999600052833557,
          "x": -0.0038665495812892914,
          "y": -0.0004475177847780287,
          "z": 0.008060451596975327
        },
        "scale": {
          "x": 1.0,
          "y": 1.0,
          "z": 1.0
        },
        "matrix_basis": [
          [
            0.9998696446418762,
            -0.016116797924041748,
            -0.0009573320276103914,
            0.0
          ],
          [
            0.01612371951341629,
            0.9998401403427124,
            0.007725575473159552,
            0.0
          ],
          [
            0.0008326675160788,
            -0.007740004453808069,
            0.9999697208404541,
            0.0
          ],
          [
            0.0,
            0.0,
            0.0,
            1.0
          ]
        ],
        "rotation_mode": "QUATERNION"
      },
      "armature_space": {
        "head": {
          "x": 0.1413699835538864,
          "y": -0.5365023612976074,
          "z": 0.5634810924530029
        },
        "tail": {
          "x": 0.1506565362215042,
          "y": -0.638834536075592,
          "z": 0.5803659558296204
        }
      },
      "world_space": {
        "head": {
          "x": 0.1413699835538864,
          "y": -0.473258376121521,
          "z": 1.513335108757019
        },
        "tail": {
          "x": 0.1506565362215042,
          "y": -0.5755905508995056,
          "z": 1.5302200317382812
        },
        "rotation_quaternion": {
          "w": 0.036877281963825226,
          "x": -0.09423089027404785,
          "y": -0.08530030399560928,
          "z": -0.9912035465240479
        },
        "matrix": [
          [
            -0.9795211553573608,
            0.08918160945177078,
            0.18051262199878693,
            0.1413699835538864
          ],
          [
            -0.057029977440834045,
            -0.9827277660369873,
            0.17605039477348328,
            -0.473258376121521
          ],
          [
            0.1930966079235077,
            0.16215063631534576,
            0.9676957130432129,
            1.513335108757019
          ],
          [
            0.0,
            0.0,
            0.0,
            1.0
          ]
        ]
      },
      "bone_length_armature_space": 0.10413074761983654,
      "parent": "lowerarm_l",
      "has_children": true,
      "is_end_bone": false
    },
    "pinky_01_l": {
      "name": "pinky_01_l",
      "local": {
        "location": {
          "x": 0.0,
          "y": 0.0,
          "z": 0.0
        },
        "rotation_quaternion": {
          "w": 0.9917449355125427,
          "x": -0.12710784375667572,
          "y": -0.01668383739888668,
          "z": -0.0027205946389585733
        },
        "scale": {
          "x": 1.0,
          "y": 1.0,
          "z": 1.0
        },
        "matrix_basis": [
          [
            0.9994285106658936,
            0.009637565352022648,
            -0.03240060433745384,
            0.0
          ],
          [
            -0.001154978759586811,
            0.9676724076271057,
            0.2522079050540924,
            0.0
          ],
          [
            0.033783841878175735,
            -0.25202634930610657,
            0.9671304821968079,
            0.0
          ],
          [
            0.0,
            0.0,
            0.0,
            1.0
          ]
        ],
        "rotation_mode": "QUATERNION"
      },
      "armature_space": {
        "head": {
          "x": 0.1506565362215042,
          "y": -0.638834536075592,
          "z": 0.5803659558296204
        },
        "tail": {
