{
  "metadata": {
    "armature_name": "KIM_caucasian_male",
    "export_time": "2026-01-13T21:05:11.717288",
    "blender_version": "4.4.1",
    "bone_count": 56,
    "end_bone_count": 13,
    "spaces_included": [
      "LOCAL_CHANNELS",
      "ARMATURE_SPACE",
      "WORLD_SPACE"
    ],
    "note": "LOCAL matches Transform panel; replay pose via local.matrix_basis for best fidelity."
  },
  "bones": {
    "Root": {
      "name": "Root",
      "local": {
        "location": {
          "x": 0.0,
          "y": 0.0,
          "z": 0.0
        },
        "rotation_quaternion": {
          "w": 0.9997077584266663,
          "x": 0.00021955717238597572,
          "y": -0.0068710800260305405,
          "z": -0.02317791059613228
        },
        "scale": {
          "x": 1.0,
          "y": 1.0,
          "z": 1.0
        },
        "matrix_basis": [
          [
            0.9988311529159546,
            0.046339258551597595,
            -0.013748321682214737,
            0.0
          ],
          [
            -0.046345289796590805,
            0.9989254474639893,
            -0.00012047145719407126,
            0.0
          ],
          [
            0.013727966696023941,
            0.0007575005874969065,
            0.9999054670333862,
            0.0
          ],
          [
            0.0,
            0.0,
            0.0,
            1.0
          ]
        ],
        "rotation_mode": "QUATERNION"
      },
      "armature_space": {
        "head": {
          "x": 0.0,
          "y": 0.07072800397872925,
          "z": -0.009595036506652832
        },
        "tail": {
          "x": 0.0033075048122555017,
          "y": 6.873160600662231e-05,
          "z": -6.388779729604721e-05
        }
      },
      "world_space": {
        "head": {
          "x": 0.0,
          "y": 0.13397200405597687,
          "z": 0.9402589797973633
        },
        "tail": {
          "x": 0.0033075048122555017,
          "y": 0.06331273168325424,
          "z": 0.9497901201248169
        },
        "rotation_quaternion": {
          "w": 0.06712891161441803,
          "x": 0.9974514245986938,
          "y": 0.022662365809082985,
          "z": -0.008416918106377125
        },
        "matrix": [
          [
            0.9988311529159546,
            0.046339258551597595,
            -0.013748321682214737,
            0.0
          ],
          [
            0.04407917708158493,
            -0.9899601936340332,
            -0.13429760932922363,
            0.13397200405597687
          ],
          [
            -0.01983363926410675,
            0.13353461027145386,
            -0.9908527135848999,
            0.9402589797973633
          ],
          [
            0.0,
            0.0,
            0.0,
            1.0
          ]
        ]
      },
      "bone_length_armature_space": 0.07137587241753422,
      "parent": null,
      "has_children": true,
      "is_end_bone": false
    },
    "spine_01": {
      "name": "spine_01",
      "local": {
        "location": {
          "x": 0.0,
          "y": 0.0,
          "z": 0.0
        },
        "rotation_quaternion": {
          "w": 0.9965182542800903,
          "x": 0.07855941355228424,
          "y": -0.02729872055351734,
          "z": -0.005889393854886293
        },
        "scale": {
          "x": 1.0,
          "y": 1.0,
          "z": 1.0
        },
        "matrix_basis": [
          [
            0.9984402060508728,
            0.007448634132742882,
            -0.05533268302679062,
            0.0
          ],
          [
            -0.016026919707655907,
            0.9875874519348145,
            -0.1562502384185791,
            0.0
          ],
          [
            0.05348201096057892,
            0.15689332783222198,
            0.9861664175987244,
            0.0
          ],
          [
            0.0,
            0.0,
            0.0,
            1.0
          ]
        ],
        "rotation_mode": "QUATERNION"
      },
      "armature_space": {
        "head": {
          "x": 0.0033075048122555017,
          "y": 6.873160600662231e-05,
          "z": -6.388779729604721e-05
        },
        "tail": {
          "x": 0.01894460804760456,
          "y": -0.053674615919589996,
          "z": 0.4847201406955719
        }
      },
      "world_space": {
        "head": {
          "x": 0.0033075048122555017,
          "y": 0.06331273168325424,
          "z": 0.9497901201248169
        },
        "tail": {
          "x": 0.01894460804760456,
          "y": 0.009569384157657623,
          "z": 1.4345741271972656
        },
        "rotation_quaternion": {
          "w": 0.6669939160346985,
          "x": 0.7448592782020569,
          "y": 0.007361594121903181,
          "z": -0.01579958014190197
        },
        "matrix": [
          [
            0.9993923902511597,
            0.03204316273331642,
            -0.013716429471969604,
            0.0033075048122555017
          ],
          [
            -0.010109540075063705,
            -0.11012953519821167,
            -0.9938658475875854,
            0.06331273168325424
          ],
          [
            -0.03335742652416229,
            0.9934074282646179,
            -0.10974036157131195,
            0.9497901201248169
          ],
          [
            0.0,
            0.0,
            0.0,
            1.0
          ]
        ]
      },
      "bone_length_armature_space": 0.48800453144211314,
      "parent": "Root",
      "has_children": true,
      "is_end_bone": false
    },
    "neck_01": {
      "name": "neck_01",
      "local": {
        "location": {
          "x": 0.0,
          "y": 0.0,
          "z": 0.0
        },
        "rotation_quaternion": {
          "w": 0.988714337348938,
          "x": -0.02326294593513012,
          "y": 0.113652303814888,
          "z": 0.09479450434446335
        },
        "scale": {
          "x": 1.0,
          "y": 1.0,
          "z": 1.0
        },
        "matrix_basis": [
          [
            0.9561943411827087,
            -0.1927371472120285,
            0.2203289270401001,
            0.0
          ],
          [
            0.1821615993976593,
            0.9809456467628479,
            0.06754804402589798,
            0.0
          ],
          [
            -0.229149729013443,
            -0.02445358783006668,
            0.9730839729309082,
            0.0
          ],
          [
            0.0,
            0.0,
            0.0,
            1.0
          ]
        ],
        "rotation_mode": "QUATERNION"
      },
      "armature_space": {
        "head": {
          "x": 0.020815066993236542,
          "y": -0.09620583802461624,
          "z": 0.5536500811576843
        },
        "tail": {
          "x": 0.003591848537325859,
          "y": -0.14199255406856537,
          "z": 0.6437481641769409
        }
      },
      "world_space": {
        "head": {
          "x": 0.020815066993236542,
          "y": -0.03296183794736862,
          "z": 1.5035040378570557
        },
        "tail": {
          "x": 0.003591848537325859,
          "y": -0.07874855399131775,
          "z": 1.593602180480957
        },
        "rotation_quaternion": {
          "w": 0.5256601572036743,
          "x": 0.8406782150268555,
          "y": -0.01944364607334137,
          "z": 0.12869980931282043
        },
        "matrix": [
          [
            0.9661168456077576,
            -0.16799642145633698,
            0.19594785571098328,
            0.020815066993236542
          ],
          [
            0.10261225700378418,
            -0.44660666584968567,
            -0.8888270258903503,
            -0.03296183794736862
          ],
          [
            0.2368331104516983,
            0.8788228631019592,
            -0.41423946619033813,
            1.5035040378570557
          ],
          [
            0.0,
            0.0,
            0.0,
            1.0
          ]
        ]
      },
      "bone_length_armature_space": 0.10252183800737698,
      "parent": "spine_01",
      "has_children": true,
      "is_end_bone": false
    },
    "head": {
      "name": "head",
      "local": {
        "location": {
          "x": 0.0,
          "y": 0.0,
          "z": 0.0
        },
        "rotation_quaternion": {
          "w": 0.9888930916786194,
          "x": -0.005806979723274708,
          "y": -0.10779934376478195,
          "z": -0.10215751081705093
        },
        "scale": {
          "x": 1.0,
          "y": 1.0,
          "z": 1.0
        },
        "matrix_basis": [
          [
            0.9558863043785095,
            0.2032976895570755,
            -0.21201759576797485,
            0.0
          ],
          [
            -0.20079374313354492,
            0.9790602326393127,
            0.0335099883377552,
            0.0
          ],
          [
            0.21439050137996674,
            0.010540060698986053,
            0.9766911864280701,
            0.0
          ],
          [
            0.0,
            0.0,
            0.0,
            1.0
          ]
        ],
        "rotation_mode": "QUATERNION"
      },
      "armature_space": {
        "head": {
          "x": 0.0035918913781642914,
          "y": -0.14199265837669373,
          "z": 0.6437480449676514
        },
        "tail": {
          "x": -0.00037757307291030884,
          "y": -0.15492123365402222,
          "z": 0.7982485294342041
        }
      },
      "world_space": {
        "head": {
          "x": 0.0035918913781642914,
          "y": -0.0787486582994461,
          "z": 1.5936020612716675
        },
        "tail": {
          "x": -0.00037757307291030884,
          "y": -0.0916772335767746,
          "z": 1.7481025457382202
        },
        "rotation_quaternion": {
          "w": 0.6756864786148071,
          "x": 0.7355012893676758,
          "y": -0.04203231260180473,
          "z": -0.026813585311174393
        },
        "matrix": [
          [
            0.9950287342071533,
            -0.025594552978873253,
            -0.09624432772397995,
            0.0035918913781642914
          ],
          [
            -0.09806490689516068,
            -0.0833616703748703,
            -0.9916826486587524,
            -0.0787486582994461
          ],
          [
            0.017358604818582535,
            0.996197521686554,
            -0.08545873314142227,
            1.5936020612716675
          ],
          [
            0.0,
            0.0,
            0.0,
            1.0
          ]
        ]
      },
      "bone_length_armature_space": 0.1550912761145786,
      "parent": "neck_01",
      "has_children": false,
      "is_end_bone": true
    },
    "upperarm_l": {
      "name": "upperarm_l",
      "local": {
        "location": {
          "x": 0.0,
          "y": 0.0,
          "z": 0.0
        },
        "rotation_quaternion": {
          "w": 0.936509370803833,
          "x": 0.007079965900629759,
          "y": 0.2863425314426422,
          "z": -0.20225770771503448
        },
        "scale": {
          "x": 1.0,
          "y": 1.0,
          "z": 1.0
        },
        "matrix_basis": [
          [
            0.7541995644569397,
            0.382887065410614,
            0.5334609746932983,
            0.0
          ],
          [
            -0.3747778832912445,
            0.9180833697319031,
            -0.12909087538719177,
            0.0
          ],
          [
            -0.5391888618469238,
            -0.10256905853748322,
            0.8359156847000122,
            0.0
          ],
          [
            0.0,
            0.0,
            0.0,
            1.0
          ]
        ],
        "rotation_mode": "QUATERNION"
      },
      "armature_space": {
        "head": {
          "x": 0.16852664947509766,
          "y": -0.09349027276039124,
          "z": 0.4815318286418915
        },
        "tail": {
          "x": 0.4078473448753357,
          "y": -0.044828299432992935,
          "z": 0.3712350130081177
        }
      },
      "world_space": {
        "head": {
          "x": 0.16852664947509766,
          "y": -0.030246272683143616,
          "z": 1.43138587474823
        },
        "tail": {
          "x": 0.4078473448753357,
          "y": 0.018415700644254684,
          "z": 1.3210890293121338
        },
        "rotation_quaternion": {
          "w": 0.17231324315071106,
          "x": 0.5061479210853577,
          "y": 0.7490707039833069,
          "z": -0.3911721706390381
        },
        "matrix": [
          [
            -0.4282436668872833,
            0.8930895924568176,
            -0.13783469796180725,
            0.16852664947509766
          ],
          [
            0.6234743595123291,
            0.18159523606300354,
            -0.7604624032974243,
            -0.030246272683143616
          ],
          [
            -0.6541348695755005,
            -0.41160228848457336,
            -0.6345906257629395,
            1.43138587474823
          ],
          [
            0.0,
            0.0,
            0.0,
            1.0
          ]
        ]
      },
      "bone_length_armature_space": 0.26796971594105334,
      "parent": "spine_01",
      "has_children": true,
      "is_end_bone": false
    },
    "lowerarm_l": {
      "name": "lowerarm_l",
      "local": {
        "location": {
          "x": 0.0,
          "y": 0.0,
          "z": 0.0
        },
        "rotation_quaternion": {
          "w": 0.9181373119354248,
          "x": 0.25566256046295166,
          "y": -0.18860475718975067,
          "z": 0.23683099448680878
        },
        "scale": {
          "x": 1.0,
          "y": 1.0,
          "z": 1.0
        },
        "matrix_basis": [
          [
            0.8166786432266235,
            -0.531325101852417,
            -0.22523249685764313,
            0.0
          ],
          [
            0.3384484052658081,
            0.757095456123352,
            -0.5588015913963318,
            0.0
          ],
          [
            0.4674277603626251,
            0.3801317811012268,
            0.7981297969818115,
            0.0
          ],
          [
            0.0,
            0.0,
            0.0,
            1.0
          ]
        ],
        "rotation_mode": "QUATERNION"
      },
      "armature_space": {
        "head": {
          "x": 0.40784746408462524,
          "y": -0.044828396290540695,
          "z": 0.3712350130081177
        },
        "tail": {
          "x": 0.626971960067749,
          "y": -0.1955047845840454,
          "z": 0.34207233786582947
        }
      },
      "world_space": {
        "head": {
          "x": 0.40784746408462524,
          "y": 0.018415603786706924,
          "z": 1.3210890293121338
        },
        "tail": {
          "x": 0.626971960067749,
          "y": -0.1322607845067978,
          "z": 1.291926383972168
        },
        "rotation_quaternion": {
          "w": 0.299649178981781,
          "x": 0.5977063775062561,
          "y": 0.35860639810562134,
          "z": -0.6514284610748291
        },
        "matrix": [
          [
            -0.10591539740562439,
            0.8190819621086121,
            -0.5638142228126526,
            0.40784746408462524
          ],
          [
            0.03828167915344238,
            -0.5632246732711792,
            -0.8254168033599854,
            0.018415603786706924
          ],
          [
            -0.9936450123786926,
            -0.10900935530662537,
            0.02829766273498535,
            1.3210890293121338
          ],
          [
            0.0,
            0.0,
            0.0,
            1.0
          ]
        ]
      },
      "bone_length_armature_space": 0.26752454017101185,
      "parent": "upperarm_l",
      "has_children": true,
      "is_end_bone": false
    },
    "metacarpal_thumb_l": {
      "name": "metacarpal_thumb_l",
      "local": {
        "location": {
          "x": 0.0,
          "y": 0.0,
          "z": 0.0
        },
        "rotation_quaternion": {
          "w": 0.9995570778846741,
          "x": -0.02425939030945301,
          "y": 0.0008545193704776466,
          "z": -0.017219319939613342
        },
        "scale": {
          "x": 1.0,
          "y": 1.0,
          "z": 1.0
        },
        "matrix_basis": [
          [
            0.9994055032730103,
            0.0343819260597229,
            0.0025437420699745417,
            0.0
          ],
          [
            -0.034464847296476364,
            0.99822998046875,
            0.048467863351106644,
            0.0
          ],
          [
            -0.0008728213724680245,
            -0.04852671921253204,
            0.998821496963501,
            0.0
          ],
          [
            0.0,
            0.0,
            0.0,
            1.0
          ]
        ],
        "rotation_mode": "QUATERNION"
      },
      "armature_space": {
        "head": {
          "x": 0.626971960067749,
          "y": -0.1955047845840454,
          "z": 0.34207233786582947
        },
        "tail": {
          "x": 0.6436696648597717,
          "y": -0.2409745752811432,
          "z": 0.3317151367664337
        }
      },
      "world_space": {
        "head": {
          "x": 0.626971960067749,
          "y": -0.1322607845067978,
          "z": 1.291926383972168
        },
        "tail": {
          "x": 0.6436696648597717,
          "y": -0.17773057520389557,
          "z": 1.2815691232681274
        },
        "rotation_quaternion": {
          "w": 0.09016542136669159,
          "x": -0.9749680757522583,
          "y": -0.1813603639602661,
          "z": 0.09173813462257385
        },
        "matrix": [
          [
            0.9173848628997803,
            0.33709797263145447,
            -0.21158863604068756,
            0.626971960067749
          ],
          [
            0.37018445134162903,
            -0.9179573655128479,
            0.14254078269004822,
            -0.1322607845067978
          ],
          [
            -0.14617973566055298,
            -0.2090938836336136,
            -0.9669153690338135,
            1.291926383972168
          ],
          [
            0.0,
            0.0,
            0.0,
            1.0
          ]
        ]
      },
      "bone_length_armature_space": 0.04953369416752932,
      "parent": "lowerarm_l",
      "has_children": true,
      "is_end_bone": false
    },
    "thumb_01_l": {
      "name": "thumb_01_l",
      "local": {
        "location": {
          "x": 0.0,
          "y": 0.0,
          "z": 0.0
        },
        "rotation_quaternion": {
          "w": 0.999706506729126,
          "x": -0.02275920659303665,
          "y": -0.0028261421248316765,
          "z": 0.007807238958775997
        },
        "scale": {
          "x": 1.0,
          "y": 1.0,
          "z": 1.0
        },
        "matrix_basis": [
          [
            0.9998621344566345,
            -0.0154812540858984,
            -0.0060059987008571625,
            0.0
          ],
          [
            0.015738537535071373,
            0.9988421201705933,
            0.04546092450618744,
            0.0
          ],
          [
            0.005295252427458763,
            -0.0455491840839386,
            0.9989480376243591,
            0.0
          ],
          [
            0.0,
            0.0,
            0.0,
            1.0
          ]
        ],
        "rotation_mode": "QUATERNION"
      },
      "armature_space": {
        "head": {
          "x": 0.6436696648597717,
          "y": -0.2409745752811432,
          "z": 0.3317151367664337
        },
        "tail": {
          "x": 0.6404950618743896,
          "y": -0.25956636667251587,
          "z": 0.3033795654773712
        }
      },
      "world_space": {
        "head": {
          "x": 0.6436696648597717,
          "y": -0.17773057520389557,
          "z": 1.2815691232681274
        },
        "tail": {
          "x": 0.6404950618743896,
          "y": -0.19632236659526825,
          "z": 1.253233551979065
        },
        "rotation_quaternion": {
          "w": 0.3736671805381775,
          "x": -0.7461623549461365,
          "y": 0.2954220175743103,
          "z": -0.4651241898536682
        },
        "matrix": [
          [
            0.3927711546421051,
            -0.09326429665088654,
            0.9148947596549988,
            0.6436696648597717
          ],
          [
            -0.7884687185287476,
            -0.5461978912353516,
            0.28281617164611816,
            -0.17773057520389557
          ],
          [
            0.4733395576477051,
            -0.8324544429779053,
            -0.2880685031414032,
            1.2815691232681274
          ],
          [
            0.0,
            0.0,
            0.0,
            1.0
          ]
        ]
      },
      "bone_length_armature_space": 0.034038763241678184,
      "parent": "metacarpal_thumb_l",
      "has_children": true,
      "is_end_bone": false
    },
    "thumb_02_l": {
      "name": "thumb_02_l",
      "local": {
        "location": {
          "x": 0.0,
          "y": 0.0,
          "z": 0.0
        },
        "rotation_quaternion": {
          "w": 0.9932274222373962,
          "x": 0.11601801216602325,
          "y": 0.0015507929492741823,
          "z": -0.006063883192837238
        },
        "scale": {
          "x": 1.0,
          "y": 1.0,
          "z": 1.0
        },
        "matrix_basis": [
          [
            0.9999216198921204,
            0.01240547001361847,
            0.001673540798947215,
            0.0
          ],
          [
            -0.011685790494084358,
            0.9730061292648315,
            -0.23048335313796997,
            0.0
          ],
          [
            -0.004487619735300541,
            0.2304457277059555,
            0.9730748534202576,
            0.0
          ],
          [
            0.0,
            0.0,
            0.0,
            1.0
          ]
        ],
        "rotation_mode": "QUATERNION"
      },
      "armature_space": {
        "head": {
          "x": 0.6404950022697449,
          "y": -0.25956636667251587,
          "z": 0.3033795654773712
        },
        "tail": {
          "x": 0.6750458478927612,
          "y": -0.2796570658683777,
          "z": 0.2994067072868347
        }
      },
      "world_space": {
        "head": {
          "x": 0.6404950022697449,
          "y": -0.19632236659526825,
          "z": 1.253233551979065
        },
        "tail": {
          "x": 0.6750458478927612,
          "y": -0.21641306579113007,
          "z": 1.249260663986206
        },
        "rotation_quaternion": {
          "w": 0.48405376076698303,
          "x": -0.3106789290904999,
          "y": -0.12484176456928253,
          "z": -0.8084461092948914
        },
        "matrix": [
          [
            -0.3383401930332184,
            0.8602351546287537,
            0.3814724087715149,
            0.6404950022697449
          ],
          [
            -0.7050911784172058,
            -0.5002114176750183,
            0.5026281476020813,
            -0.19632236659526825
          ],
          [
            0.623198926448822,
            -0.09891471266746521,
            0.7757918238639832,
            1.253233551979065
          ],
          [
            0.0,
            0.0,
            0.0,
            1.0
          ]
        ]
      },
      "bone_length_armature_space": 0.04016442069386479,
      "parent": "thumb_01_l",
      "has_children": true,
      "is_end_bone": false
    },
    "thumb_03_l": {
      "name": "thumb_03_l",
      "local": {
        "location": {
          "x": 0.0,
          "y": 0.0,
          "z": 0.0
        },
        "rotation_quaternion": {
          "w": 0.9969979524612427,
          "x": 0.07739732414484024,
          "y": -0.0006481323507614434,
          "z": 0.00211817747913301
        },
        "scale": {
          "x": 1.0,
          "y": 1.0,
          "z": 1.0
        },
        "matrix_basis": [
          [
            0.9999901652336121,
            -0.004323964472860098,
            -0.0009644906967878342,
            0.0
          ],
          [
            0.004123309627175331,
            0.9880103468894958,
            -0.15433269739151,
            0.0
          ],
          [
            0.0016202557599171996,
            0.15432719886302948,
            0.9880184531211853,
            0.0
          ],
          [
            0.0,
            0.0,
            0.0,
            1.0
          ]
        ],
        "rotation_mode": "QUATERNION"
      },
      "armature_space": {
        "head": {
          "x": 0.6750457882881165,
          "y": -0.2796570956707001,
          "z": 0.2994067072868347
        },
        "tail": {
          "x": 0.7046071290969849,
          "y": -0.2850027084350586,
          "z": 0.3043506443500519
        }
      },
      "world_space": {
        "head": {
          "x": 0.6750457882881165,
          "y": -0.21641309559345245,
          "z": 1.249260663986206
        },
        "tail": {
          "x": 0.7046071290969849,
          "y": -0.22175870835781097,
          "z": 1.2542046308517456
        },
        "rotation_quaternion": {
          "w": 0.6231785416603088,
          "x": -0.05916428565979004,
          "y": -0.15445517003536224,
          "z": -0.7643898129463196
        },
        "matrix": [
          [
            -0.21629592776298523,
            0.9709789156913757,
            -0.10205842554569244,
            0.6750457882881165
          ],
          [
            -0.9344262480735779,
            -0.17558366060256958,
            0.3098675608634949,
            -0.21641309559345245
          ],
          [
            0.282956063747406,
            0.16239017248153687,
            0.9452933073043823,
            1.249260663986206
          ],
          [
            0.0,
            0.0,
            0.0,
            1.0
          ]
        ]
      },
      "bone_length_armature_space": 0.030444884356235376,
      "parent": "thumb_02_l",
      "has_children": false,
      "is_end_bone": true
    },
    "metacarpal_index_l": {
      "name": "metacarpal_index_l",
      "local": {
        "location": {
          "x": 0.0,
          "y": 0.0,
          "z": 0.0
        },
        "rotation_quaternion": {
          "w": 0.997878909111023,
          "x": -0.06261686235666275,
          "y": 0.013051406480371952,
          "z": -0.012109391391277313
        },
        "scale": {
          "x": 1.0,
          "y": 1.0,
          "z": 1.0
        },
        "matrix_basis": [
          [
            0.999366044998169,
            0.022532936185598373,
            0.027563950046896935,
            0.0
          ],
          [
            -0.0258018895983696,
            0.9918649792671204,
            0.12465200573205948,
            0.0
          ],
          [
            -0.024530941620469093,
            -0.12528418004512787,
            0.9918175935745239,
            0.0
          ],
          [
            0.0,
            0.0,
            0.0,
            1.0
          ]
        ],
        "rotation_mode": "QUATERNION"
      },
      "armature_space": {
        "head": {
          "x": 0.626971960067749,
          "y": -0.1955047845840454,
          "z": 0.34207233786582947
        },
        "tail": {
          "x": 0.7067368030548096,
          "y": -0.2810249924659729,
          "z": 0.3347868025302887
        }
      },
      "world_space": {
        "head": {
          "x": 0.626971960067749,
          "y": -0.1322607845067978,
          "z": 1.291926383972168
        },
        "tail": {
          "x": 0.7067368030548096,
          "y": -0.21778099238872528,
          "z": 1.2846407890319824
        },
        "rotation_quaternion": {
          "w": 0.08941620588302612,
          "x": 0.8777514696121216,
          "y": 0.35646748542785645,
          "z": -0.30738940834999084
        },
        "matrix": [
          [
            0.556884765625,
            0.6807516813278198,
            -0.4758741855621338,
            0.626971960067749
          ],
          [
            0.5708085298538208,
            -0.7298706769943237,
            -0.3761207163333893,
            -0.1322607845067978
          ],
          [
            -0.6033750772476196,
            -0.06217826157808304,
            -0.7950387597084045,
            1.291926383972168
          ],
          [
            0.0,
            0.0,
            0.0,
            1.0
          ]
        ]
      },
      "bone_length_armature_space": 0.11717173417837726,
      "parent": "lowerarm_l",
      "has_children": true,
      "is_end_bone": false
    },
    "index_01_l": {
      "name": "index_01_l",
      "local": {
        "location": {
          "x": 0.0,
          "y": 0.0,
          "z": 0.0
        },
        "rotation_quaternion": {
          "w": 0.9930987358093262,
          "x": -0.11661571264266968,
          "y": -0.005422346293926239,
          "z": 0.011240615509450436
        },
        "scale": {
          "x": 1.0,
          "y": 1.0,
          "z": 1.0
        },
        "matrix_basis": [
          [
            0.9996885061264038,
            -0.021061420440673828,
            -0.013391515240073204,
            0.0
          ],
          [
            0.02359074354171753,
            0.9725488424301147,
            0.23149992525577545,
            0.0
          ],
          [
            0.008148185908794403,
            -0.2317437380552292,
            0.9727427363395691,
            0.0
          ],
          [
            0.0,
            0.0,
            0.0,
            1.0
          ]
        ],
        "rotation_mode": "QUATERNION"
      },
      "armature_space": {
        "head": {
          "x": 0.7067368030548096,
          "y": -0.2810249924659729,
          "z": 0.3347868025302887
        },
        "tail": {
          "x": 0.7335439324378967,
          "y": -0.29064515233039856,
          "z": 0.33616507053375244
        }
      },
      "world_space": {
        "head": {
          "x": 0.7067368030548096,
          "y": -0.21778099238872528,
          "z": 1.2846407890319824
        },
        "tail": {
          "x": 0.7335439324378967,
          "y": -0.22740115225315094,
          "z": 1.2860190868377686
        },
        "rotation_quaternion": {
          "w": 0.1829194575548172,
          "x": 0.7876641154289246,
          "y": 0.545756459236145,
          "z": -0.21971726417541504
        },
        "matrix": [
          [
            0.3077479302883148,
            0.9401269555091858,
            -0.14646589756011963,
            0.7067368030548096
          ],
          [
            0.7793645858764648,
            -0.33737924695014954,
            -0.5279834270477295,
            -0.21778099238872528
          ],
          [
            -0.5457890629768372,
            0.04833553731441498,
            -0.8365358114242554,
            1.2846407890319824
          ],
          [
            0.0,
            0.0,
            0.0,
            1.0
          ]
        ]
      },
      "bone_length_armature_space": 0.028514369610294618,
      "parent": "metacarpal_index_l",
      "has_children": true,
      "is_end_bone": false
    },
    "index_02_l": {
      "name": "index_02_l",
      "local": {
        "location": {
          "x": 0.0,
          "y": 0.0,
          "z": 0.0
        },
        "rotation_quaternion": {
          "w": 0.9988548755645752,
          "x": 0.047646403312683105,
          "y": -0.0042124539613723755,
          "z": -0.0010788105428218842
        },
        "scale": {
          "x": 1.0,
          "y": 1.0,
          "z": 1.0
        },
        "matrix_basis": [
          [
            0.9999622106552124,
            0.0017537337262183428,
            -0.008518063463270664,
            0.0
          ],
          [
            -0.002556566847488284,
            0.9954572916030884,
            -0.09517459571361542,
            0.0
          ],
          [
            0.008312457241117954,
            0.09519277513027191,
            0.9954241514205933,
            0.0
          ],
          [
            0.0,
            0.0,
            0.0,
            1.0
          ]
        ],
        "rotation_mode": "QUATERNION"
      },
      "armature_space": {
        "head": {
          "x": 0.7335441708564758,
          "y": -0.29064562916755676,
          "z": 0.3361649513244629
        },
        "tail": {
          "x": 0.7575902342796326,
          "y": -0.2995724380016327,
          "z": 0.3357293903827667
        }
      },
      "world_space": {
        "head": {
          "x": 0.7335441708564758,
          "y": -0.22740162909030914,
          "z": 1.286018967628479
        },
        "tail": {
          "x": 0.7575902342796326,
          "y": -0.23632843792438507,
          "z": 1.2855833768844604
        },
        "rotation_quaternion": {
          "w": 0.17657631635665894,
          "x": 0.7759981155395508,
          "y": 0.5429829359054565,
          "z": -0.2679876685142517
        },
        "matrix": [
          [
            0.2667035162448883,
            0.9373484253883362,
            -0.2241578996181488,
            0.7335441708564758
          ],
          [
            0.7480668425559998,
            -0.3479788601398468,
            -0.5650725960731506,
            -0.22740162909030914
          ],
          [
            -0.6076757311820984,
            -0.01697864755988121,
            -0.794012725353241,
            1.286018967628479
          ],
          [
            0.0,
            0.0,
            0.0,
            1.0
          ]
        ]
      },
      "bone_length_armature_space": 0.025653280940163385,
      "parent": "index_01_l",
      "has_children": true,
      "is_end_bone": false
    },
    "index_03_l": {
      "name": "index_03_l",
      "local": {
        "location": {
          "x": 0.0,
          "y": 0.0,
          "z": 0.0
        },
        "rotation_quaternion": {
          "w": 0.9999681711196899,
          "x": 0.004065736662596464,
          "y": -0.004391382914036512,
          "z": -0.005283305421471596
        },
        "scale": {
          "x": 1.0,
          "y": 1.0,
          "z": 1.0
        },
        "matrix_basis": [
          [
            0.9999055862426758,
            0.010530565865337849,
            -0.008825447410345078,
            0.0
          ],
          [
            -0.010601982474327087,
            0.9999111294746399,
            -0.008084812201559544,
            0.0
          ],
          [
            0.008739525452256203,
            0.008177616633474827,
            0.99992835521698,
            0.0
          ],
          [
            0.0,
            0.0,
            0.0,
            1.0
          ]
        ],
        "rotation_mode": "QUATERNION"
      },
      "armature_space": {
        "head": {
          "x": 0.7575902342796326,
          "y": -0.2995723485946655,
          "z": 0.33572953939437866
        },
        "tail": {
          "x": 0.7848788499832153,
          "y": -0.3089914917945862,
          "z": 0.3312190771102905
        }
      },
      "world_space": {
        "head": {
          "x": 0.7575902342796326,
          "y": -0.2363283485174179,
          "z": 1.28558349609375
        },
        "tail": {
          "x": 0.7848788499832153,
          "y": -0.24574749171733856,
          "z": 1.2810730934143066
        },
        "rotation_quaternion": {
          "w": 0.10747037082910538,
          "x": 0.7639724016189575,
          "y": 0.5720715522766113,
          "z": -0.27844297885894775
        },
        "matrix": [
          [
            0.19040614366531372,
            0.9339432120323181,
            -0.30248185992240906,
            0.7575902342796326
          ],
          [
            0.8142446279525757,
            -0.3223666846752167,
            -0.48278945684432983,
            -0.2363283485174179
          ],
          [
            -0.5484110713005066,
            -0.1543695479631424,
            -0.8218452334403992,
            1.28558349609375
          ],
          [
            0.0,
            0.0,
            0.0,
            1.0
          ]
        ]
      },
      "bone_length_armature_space": 0.029218710778493823,
      "parent": "index_02_l",
      "has_children": false,
      "is_end_bone": true
    },
    "metacarpal_pinky_l": {
      "name": "metacarpal_pinky_l",
      "local": {
        "location": {
          "x": 0.0,
          "y": 0.0,
          "z": 0.0
        },
        "rotation_quaternion": {
          "w": 0.9997571110725403,
          "x": -0.012180870398879051,
          "y": 0.012827032245695591,
          "z": 0.013147013261914253
        },
        "scale": {
          "x": 1.0,
          "y": 1.0,
          "z": 1.0
        },
        "matrix_basis": [
          [
            0.9993252754211426,
            -0.026600128039717674,
            0.025327548384666443,
            0.0
          ],
          [
            0.025975150987505913,
            0.9993575811386108,
            0.024693097919225693,
            0.0
          ],
          [
            -0.025968117639422417,
            -0.0240185484290123,
            0.9993742108345032,
            0.0
          ],
          [
            0.0,
            0.0,
            0.0,
            1.0
          ]
        ],
        "rotation_mode": "QUATERNION"
      },
      "armature_space": {
        "head": {
          "x": 0.626971960067749,
          "y": -0.1955047845840454,
          "z": 0.34207233786582947
        },
        "tail": {
          "x": 0.7267196774482727,
          "y": -0.22197656333446503,
          "z": 0.3281850814819336
        }
      },
      "world_space": {
        "head": {
          "x": 0.626971960067749,
          "y": -0.1322607845067978,
          "z": 1.291926383972168
        },
        "tail": {
          "x": 0.7267196774482727,
          "y": -0.1587325632572174,
          "z": 1.2780390977859497
        },
        "rotation_quaternion": {
          "w": 0.5930457711219788,
          "x": 0.08091467618942261,
          "y": 0.1455608457326889,
          "z": -0.7877573370933533
        },
        "matrix": [
          [
            -0.28349870443344116,
            0.9579082727432251,
            0.04516814649105072,
            0.626971960067749
          ],
          [
            -0.9107969999313354,
            -0.2542167603969574,
            -0.3253048062324524,
            -0.1322607845067978
          ],
          [
            -0.3001326620578766,
            -0.13336358964443207,
            0.9445362687110901,
            1.291926383972168
          ],
          [
            0.0,
            0.0,
            0.0,
            1.0
          ]
        ]
      },
      "bone_length_armature_space": 0.10413077249472373,
      "parent": "lowerarm_l",
      "has_children": true,
      "is_end_bone": false
    },
    "pinky_01_l": {
      "name": "pinky_01_l",
      "local": {
        "location": {
          "x": 0.0,
          "y": 0.0,
          "z": 0.0
        },
        "rotation_quaternion": {
          "w": 0.9913036823272705,
          "x": -0.1299893856048584,
          "y": 0.016142264008522034,
          "z": 0.012619921006262302
        },
        "scale": {
          "x": 1.0,
          "y": 1.0,
          "z": 1.0
        },
        "matrix_basis": [
          [
            0.9991603493690491,
            -0.02921699360013008,
            0.028722859919071198,
            0.0
          ],
          [
            0.020823702216148376,
            0.9658870100975037,
            0.25812533497810364,
            0.0
          ],
          [
            -0.03528468310832977,
            -0.2573104798793793,
            0.9656843543052673,
            0.0
          ],
          [
            0.0,
            0.0,
            0.0,
            1.0
          ]
        ],
        "rotation_mode": "QUATERNION"
      },
      "armature_space": {
        "head": {
          "x": 0.7267196774482727,
          "y": -0.22197656333446503,
          "z": 0.3281850814819336
        },
        "tail": {
