{
  "metadata": {
    "armature_name": "KIM_caucasian_male",
    "export_time": "2026-01-13T21:04:06.671309",
    "blender_version": "4.4.1",
    "bone_count": 56,
    "end_bone_count": 13,
    "spaces_included": [
      "LOCAL_CHANNELS",
      "ARMATURE_SPACE",
      "WORLD_SPACE"
    ],
    "note": "LOCAL matches Transform panel; replay pose via local.matrix_basis for best fidelity."
  },
  "bones": {
    "Root": {
      "name": "Root",
      "local": {
        "location": {
          "x": 0.0,
          "y": 0.0,
          "z": 0.0
        },
        "rotation_quaternion": {
          "w": 0.9998515844345093,
          "x": 0.013695969246327877,
          "y": 0.00196773000061512,
          "z": -0.010267864912748337
        },
        "scale": {
          "x": 1.0,
          "y": 1.0,
          "z": 1.0
        },
        "matrix_basis": [
          [
            0.9997813701629639,
            0.020586581900715828,
            0.0036536192055791616,
            0.0
          ],
          [
            -0.020478781312704086,
            0.9994139671325684,
            -0.02742828242480755,
            0.0
          ],
          [
            -0.004216132685542107,
            0.027347464114427567,
            0.9996170997619629,
            0.0
          ],
          [
            0.0,
            0.0,
            0.0,
            1.0
          ]
        ],
        "rotation_mode": "QUATERNION"
      },
      "armature_space": {
        "head": {
          "x": 0.0,
          "y": 0.07072800397872925,
          "z": -0.009595036506652832
        },
        "tail": {
          "x": 0.0014693852281197906,
          "y": -0.00022094696760177612,
          "z": -0.0019398690201342106
        }
      },
      "world_space": {
        "head": {
          "x": 0.0,
          "y": 0.13397200405597687,
          "z": 0.9402589797973633
        },
        "tail": {
          "x": 0.0014693852281197906,
          "y": 0.06302305310964584,
          "z": 0.9479141235351562
        },
        "rotation_quaternion": {
          "w": 0.05369279906153679,
          "x": 0.998502790927887,
          "y": 0.010377100668847561,
          "z": 0.0012715363409370184
        },
        "matrix": [
          [
            0.9997813701629639,
            0.020586581900715828,
            0.0036536192055791616,
            0.0
          ],
          [
            0.020859671756625175,
            -0.9940187335014343,
            -0.10719890147447586,
            0.13397200405597687
          ],
          [
            0.0014249368105083704,
            0.10725148022174835,
            -0.9942379593849182,
            0.9402589797973633
          ],
          [
            0.0,
            0.0,
            0.0,
            1.0
          ]
        ]
      },
      "bone_length_armature_space": 0.07137586772676496,
      "parent": null,
      "has_children": true,
      "is_end_bone": false
    },
    "spine_01": {
      "name": "spine_01",
      "local": {
        "location": {
          "x": 0.0,
          "y": 0.0,
          "z": 0.0
        },
        "rotation_quaternion": {
          "w": 0.9969881772994995,
          "x": 0.0445200651884079,
          "y": -0.03117532655596733,
          "z": -0.05532368645071983
        },
        "scale": {
          "x": 1.0,
          "y": 1.0,
          "z": 1.0
        },
        "matrix_basis": [
          [
            0.9919347763061523,
            0.10753826797008514,
            -0.06708889454603195,
            0.0
          ],
          [
            -0.11308997869491577,
            0.9899145364761353,
            -0.08532249182462692,
            0.0
          ],
          [
            0.05723683536052704,
            0.09222142398357391,
            0.9940921068191528,
            0.0
          ],
          [
            0.0,
            0.0,
            0.0,
            1.0
          ]
        ],
        "rotation_mode": "QUATERNION"
      },
      "armature_space": {
        "head": {
          "x": 0.0014693852281197906,
          "y": -0.00022094696760177612,
          "z": -0.0019398690201342106
        },
        "tail": {
          "x": 0.053990770131349564,
          "y": -0.03476917743682861,
          "z": 0.48199859261512756
        }
      },
      "world_space": {
        "head": {
          "x": 0.0014693852281197906,
          "y": 0.06302305310964584,
          "z": 0.9479141235351562
        },
        "tail": {
          "x": 0.053990770131349564,
          "y": 0.028474822640419006,
          "z": 1.4318525791168213
        },
        "rotation_quaternion": {
          "w": 0.6812083125114441,
          "x": 0.7297353744506836,
          "y": 0.023609692230820656,
          "z": -0.05370446667075157
        },
        "matrix": [
          [
            0.9931168556213379,
            0.10762552171945572,
            -0.04621309041976929,
            0.0014693852281197906
          ],
          [
            -0.03870946541428566,
            -0.07079537957906723,
            -0.9967394471168518,
            0.06302305310964584
          ],
          [
            -0.11054711043834686,
            0.9916746616363525,
            -0.06614336371421814,
            0.9479141235351562
          ],
          [
            0.0,
            0.0,
            0.0,
            1.0
          ]
        ]
      },
      "bone_length_armature_space": 0.48800461132780104,
      "parent": "Root",
      "has_children": true,
      "is_end_bone": false
    },
    "neck_01": {
      "name": "neck_01",
      "local": {
        "location": {
          "x": 0.0,
          "y": 0.0,
          "z": 0.0
        },
        "rotation_quaternion": {
          "w": 0.9962490200996399,
          "x": -0.03768664970993996,
          "y": 0.018080584704875946,
          "z": 0.07576827704906464
        },
        "scale": {
          "x": 1.0,
          "y": 1.0,
          "z": 1.0
        },
        "matrix_basis": [
          [
            0.9878644943237305,
            -0.1523309350013733,
            0.030314624309539795,
            0.0
          ],
          [
            0.14960534870624542,
            0.9856777787208557,
            0.07783044874668121,
            0.0
          ],
          [
            -0.041736435145139694,
            -0.07235070317983627,
            0.996505618095398,
            0.0
          ],
          [
            0.0,
            0.0,
            0.0,
            1.0
          ]
        ],
        "rotation_mode": "QUATERNION"
      },
      "armature_space": {
        "head": {
          "x": 0.060268256813287735,
          "y": -0.0745200663805008,
          "z": 0.5523135662078857
        },
        "tail": {
          "x": 0.05368044599890709,
          "y": -0.11213484406471252,
          "z": 0.6474580764770508
        }
      },
      "world_space": {
        "head": {
          "x": 0.060268256813287735,
          "y": -0.011276066303253174,
          "z": 1.5021675825119019
        },
        "tail": {
          "x": 0.05368044599890709,
          "y": -0.048890843987464905,
          "z": 1.597312092781067
        },
        "rotation_quaternion": {
          "w": 0.5611867308616638,
          "x": 0.8267070055007935,
          "y": -0.04025911167263985,
          "z": -0.002055578399449587
        },
        "matrix": [
          [
            0.9967499375343323,
            -0.06425794959068298,
            -0.04858475178480148,
            0.060268256813287735
          ],
          [
            -0.0688723623752594,
            -0.3668970763683319,
            -0.9277085661888123,
            -0.011276066303253174
          ],
          [
            0.041787244379520416,
            0.9280458092689514,
            -0.37013372778892517,
            1.5021675825119019
          ],
          [
            0.0,
            0.0,
            0.0,
            1.0
          ]
        ]
      },
      "bone_length_armature_space": 0.10252194188941585,
      "parent": "spine_01",
      "has_children": true,
      "is_end_bone": false
    },
    "head": {
      "name": "head",
      "local": {
        "location": {
          "x": 0.0,
          "y": 0.0,
          "z": 0.0
        },
        "rotation_quaternion": {
          "w": 0.9785901308059692,
          "x": -0.09242503345012665,
          "y": 0.1198740154504776,
          "z": -0.1394605189561844
        },
        "scale": {
          "x": 1.0,
          "y": 1.0,
          "z": 1.0
        },
        "matrix_basis": [
          [
            0.9323619604110718,
            0.25079065561294556,
            0.2603943347930908,
            0.0
          ],
          [
            -0.2951080799102783,
            0.9440167546272278,
            0.1474570631980896,
            0.0
          ],
          [
            -0.20883576571941376,
            -0.2143278419971466,
            0.9541756510734558,
            0.0
          ],
          [
            0.0,
            0.0,
            0.0,
            1.0
          ]
        ],
        "rotation_mode": "QUATERNION"
      },
      "armature_space": {
        "head": {
          "x": 0.05368044227361679,
          "y": -0.11213496327400208,
          "z": 0.6474579572677612
        },
        "tail": {
          "x": 0.08852550387382507,
          "y": -0.08275452256202698,
          "z": 0.7957006692886353
        }
      },
      "world_space": {
        "head": {
          "x": 0.05368044227361679,
          "y": -0.048890963196754456,
          "z": 1.5973119735717773
        },
        "tail": {
          "x": 0.08852550387382507,
          "y": -0.019510522484779358,
          "z": 1.7455546855926514
        },
        "rotation_quaternion": {
          "w": 0.7575010657310486,
          "x": 0.636048436164856,
          "y": 0.14461065828800201,
          "z": -0.026876112446188927
        },
        "matrix": [
          [
            0.9567311406135559,
            0.22467607259750366,
            0.18489506840705872,
            0.05368044227361679
          ],
          [
            0.1432398557662964,
            0.1894409954547882,
            -0.9713879227638245,
            -0.048890963196754456
          ],
          [
            -0.2532760202884674,
            0.9558483958244324,
            0.14906170964241028,
            1.5973119735717773
          ],
          [
            0.0,
            0.0,
            0.0,
            1.0
          ]
        ]
      },
      "bone_length_armature_space": 0.1550912297810975,
      "parent": "neck_01",
      "has_children": false,
      "is_end_bone": true
    },
    "upperarm_l": {
      "name": "upperarm_l",
      "local": {
        "location": {
          "x": 0.0,
          "y": 0.0,
          "z": 0.0
        },
        "rotation_quaternion": {
          "w": 0.9863122701644897,
          "x": -0.06315162032842636,
          "y": 0.15143075585365295,
          "z": -0.01639387756586075
        },
        "scale": {
          "x": 1.0,
          "y": 1.0,
          "z": 1.0
        },
        "matrix_basis": [
          [
            0.9535999298095703,
            0.013212770223617554,
            0.3007866144180298,
            0.0
          ],
          [
            -0.05146516114473343,
            0.9914862513542175,
            0.11960936337709427,
            0.0
          ],
          [
            -0.2966454327106476,
            -0.12953950464725494,
            0.9461612105369568,
            0.0
          ],
          [
            0.0,
            0.0,
            0.0,
            1.0
          ]
        ],
        "rotation_mode": "QUATERNION"
      },
      "armature_space": {
        "head": {
          "x": 0.2018551528453827,
          "y": -0.0787472277879715,
          "z": 0.4688723683357239
        },
        "tail": {
          "x": 0.4652092754840851,
          "y": -0.04334963485598564,
          "z": 0.43424224853515625
        }
      },
      "world_space": {
        "head": {
          "x": 0.2018551528453827,
          "y": -0.015503227710723877,
          "z": 1.4187264442443848
        },
        "tail": {
          "x": 0.4652092754840851,
          "y": 0.019894365221261978,
          "z": 1.3840962648391724
        },
        "rotation_quaternion": {
          "w": 0.3737635910511017,
          "x": 0.5241652727127075,
          "y": 0.652954638004303,
          "z": -0.39900100231170654
        },
        "matrix": [
          [
            -0.1711016744375229,
            0.9827767610549927,
            0.06981446593999863,
            0.2018551528453827
          ],
          [
            0.38624876737594604,
            0.13209563493728638,
            -0.9128870368003845,
            -0.015503227710723877
          ],
          [
            -0.9063923954963684,
            -0.12923160195350647,
            -0.4022018015384674,
            1.4187264442443848
          ],
          [
            0.0,
            0.0,
            0.0,
            1.0
          ]
        ]
      },
      "bone_length_armature_space": 0.26796944941528117,
      "parent": "spine_01",
      "has_children": true,
      "is_end_bone": false
    },
    "lowerarm_l": {
      "name": "lowerarm_l",
      "local": {
        "location": {
          "x": 0.0,
          "y": 0.0,
          "z": 0.0
        },
        "rotation_quaternion": {
          "w": 0.9066362380981445,
          "x": 0.27349957823753357,
          "y": -0.174921452999115,
          "z": 0.2694648504257202
        },
        "scale": {
          "x": 1.0,
          "y": 1.0,
          "z": 1.0
        },
        "matrix_basis": [
          [
            0.7935823798179626,
            -0.5842950940132141,
            -0.16978320479393005,
            0.0
          ],
          [
            0.3929313123226166,
            0.7051733732223511,
            -0.5901996493339539,
            0.0
          ],
          [
            0.4645772874355316,
            0.40165889263153076,
            0.7892009615898132,
            0.0
          ],
          [
            0.0,
            0.0,
            0.0,
            1.0
          ]
        ],
        "rotation_mode": "QUATERNION"
      },
      "armature_space": {
        "head": {
          "x": 0.46520939469337463,
          "y": -0.04334971308708191,
          "z": 0.434242308139801
        },
        "tail": {
          "x": 0.6660112142562866,
          "y": -0.18779869377613068,
          "z": 0.5361372232437134
        }
      },
      "world_space": {
        "head": {
          "x": 0.46520939469337463,
          "y": 0.01989428699016571,
          "z": 1.384096384048462
        },
        "tail": {
          "x": 0.6660112142562866,
          "y": -0.12455469369888306,
          "z": 1.4859912395477295
        },
        "rotation_quaternion": {
          "w": 0.44125136733055115,
          "x": 0.6719511151313782,
          "y": 0.18794351816177368,
          "z": -0.5643193125724792
        },
        "matrix": [
          [
            0.2924425005912781,
            0.7505924105644226,
            -0.5925269722938538,
            0.46520939469337463
          ],
          [
            -0.24543534219264984,
            -0.5399467945098877,
            -0.8051206469535828,
            0.01989428699016571
          ],
          [
            -0.9242573380470276,
            0.3808807134628296,
            0.026318013668060303,
            1.384096384048462
          ],
          [
            0.0,
            0.0,
            0.0,
            1.0
          ]
        ]
      },
      "bone_length_armature_space": 0.2675246790950217,
      "parent": "upperarm_l",
      "has_children": true,
      "is_end_bone": false
    },
    "metacarpal_thumb_l": {
      "name": "metacarpal_thumb_l",
      "local": {
        "location": {
          "x": 0.0,
          "y": 0.0,
          "z": 0.0
        },
        "rotation_quaternion": {
          "w": 0.9983769655227661,
          "x": -0.05694429203867912,
          "y": 0.00015640009951312095,
          "z": 0.000948903732933104
        },
        "scale": {
          "x": 1.0,
          "y": 1.0,
          "z": 1.0
        },
        "matrix_basis": [
          [
            0.999998152256012,
            -0.0019125394755974412,
            0.00020422320812940598,
            0.0
          ],
          [
            0.001876915106549859,
            0.9935128688812256,
            0.11370403319597244,
            0.0
          ],
          [
            -0.0004203618154861033,
            -0.11370344460010529,
            0.9935146570205688,
            0.0
          ],
          [
            0.0,
            0.0,
            0.0,
            1.0
          ]
        ],
        "rotation_mode": "QUATERNION"
      },
      "armature_space": {
        "head": {
          "x": 0.6660112142562866,
          "y": -0.18779869377613068,
          "z": 0.5361372232437134
        },
        "tail": {
          "x": 0.6795169115066528,
          "y": -0.23372185230255127,
          "z": 0.5488747358322144
        }
      },
      "world_space": {
        "head": {
          "x": 0.6660112142562866,
          "y": -0.12455469369888306,
          "z": 1.4859912395477295
        },
        "tail": {
          "x": 0.6795169115066528,
          "y": -0.17047785222530365,
          "z": 1.4987287521362305
        },
        "rotation_quaternion": {
          "w": 0.11785714328289032,
          "x": 0.9775689244270325,
          "y": 0.15018193423748016,
          "z": 0.08896151930093765
        },
        "matrix": [
          [
            0.9390622973442078,
            0.2726568281650543,
            0.2093321830034256,
            0.6660112142562866
          ],
          [
            0.314596027135849,
            -0.9271100759506226,
            -0.20370638370513916,
            -0.12455469369888306
          ],
          [
            0.13853327929973602,
            0.25714898109436035,
            -0.9563980102539062,
            1.4859912395477295
          ],
          [
            0.0,
            0.0,
            0.0,
            1.0
          ]
        ]
      },
      "bone_length_armature_space": 0.04953367051838554,
      "parent": "lowerarm_l",
      "has_children": true,
      "is_end_bone": false
    },
    "thumb_01_l": {
      "name": "thumb_01_l",
      "local": {
        "location": {
          "x": 0.0,
          "y": 0.0,
          "z": 0.0
        },
        "rotation_quaternion": {
          "w": 0.9874459505081177,
          "x": 0.1560242772102356,
          "y": 0.015180826187133789,
          "z": 0.019407739862799644
        },
        "scale": {
          "x": 1.0,
          "y": 1.0,
          "z": 1.0
        },
        "matrix_basis": [
          [
            0.9987857937812805,
            -0.03359103202819824,
            0.036036647856235504,
            0.0
          ],
          [
            0.04306534305214882,
            0.9505595564842224,
            -0.3075418174266815,
            0.0
          ],
          [
            -0.023924333974719048,
            0.30872032046318054,
            0.9508519172668457,
            0.0
          ],
          [
            0.0,
            0.0,
            0.0,
            1.0
          ]
        ],
        "rotation_mode": "QUATERNION"
      },
      "armature_space": {
        "head": {
          "x": 0.6795169115066528,
          "y": -0.23372185230255127,
          "z": 0.5488747358322144
        },
        "tail": {
          "x": 0.6968421936035156,
          "y": -0.25672510266304016,
          "z": 0.5307276248931885
        }
      },
      "world_space": {
        "head": {
          "x": 0.6795169115066528,
          "y": -0.17047785222530365,
          "z": 1.4987287521362305
        },
        "tail": {
          "x": 0.6968421936035156,
          "y": -0.19348110258579254,
          "z": 1.4805816411972046
        },
        "rotation_quaternion": {
          "w": 0.4009602963924408,
          "x": -0.602094829082489,
          "y": 0.036474280059337616,
          "z": -0.6894797086715698
        },
        "matrix": [
          [
            0.04657573625445366,
            0.5089890956878662,
            0.8595118522644043,
            0.6795169115066528
          ],
          [
            -0.5968299508094788,
            -0.6757991313934326,
            0.4325387477874756,
            -0.17047785222530365
          ],
          [
            0.8010200262069702,
            -0.533132791519165,
            0.2723064124584198,
            1.4987287521362305
          ],
          [
            0.0,
            0.0,
            0.0,
            1.0
          ]
        ]
      },
      "bone_length_armature_space": 0.034038692689078144,
      "parent": "metacarpal_thumb_l",
      "has_children": true,
      "is_end_bone": false
    },
    "thumb_02_l": {
      "name": "thumb_02_l",
      "local": {
        "location": {
          "x": 0.0,
          "y": 0.0,
          "z": 0.0
        },
        "rotation_quaternion": {
          "w": 0.9411243796348572,
          "x": 0.3378785252571106,
          "y": -0.011031071655452251,
          "z": 0.0012135588331148028
        },
        "scale": {
          "x": 1.0,
          "y": 1.0,
          "z": 1.0
        },
        "matrix_basis": [
          [
            0.9997537136077881,
            -0.009738544002175331,
            -0.019943149760365486,
            0.0
          ],
          [
            -0.005170105025172234,
            0.7716732621192932,
            -0.6359981894493103,
            0.0
          ],
          [
            0.02158329263329506,
            0.635944664478302,
            0.7714328169822693,
            0.0
          ],
          [
            0.0,
            0.0,
            0.0,
            1.0
          ]
        ],
        "rotation_mode": "QUATERNION"
      },
      "armature_space": {
        "head": {
          "x": 0.6968421339988708,
          "y": -0.2567250728607178,
          "z": 0.5307276248931885
        },
        "tail": {
          "x": 0.7200090289115906,
          "y": -0.2548809051513672,
          "z": 0.5634856224060059
        }
      },
      "world_space": {
        "head": {
          "x": 0.6968421339988708,
          "y": -0.19348107278347015,
          "z": 1.4805816411972046
        },
        "tail": {
          "x": 0.7200090289115906,
          "y": -0.19163690507411957,
          "z": 1.513339638710022
        },
        "rotation_quaternion": {
          "w": 0.4424254298210144,
          "x": 0.02953569032251835,
          "y": -0.572028636932373,
          "z": -0.6900511384010315
        },
        "matrix": [
          [
            -0.6067721843719482,
            0.5768019556999207,
            -0.5469249486923218,
            0.6968421339988708
          ],
          [
            -0.6443855166435242,
            0.045915812253952026,
            0.7633212804794312,
            -0.19348107278347015
          ],
          [
            0.46540045738220215,
            0.8155984282493591,
            0.3438255786895752,
            1.4805816411972046
          ],
          [
            0.0,
            0.0,
            0.0,
            1.0
          ]
        ]
      },
      "bone_length_armature_space": 0.040164566149184136,
      "parent": "thumb_01_l",
      "has_children": true,
      "is_end_bone": false
    },
    "thumb_03_l": {
      "name": "thumb_03_l",
      "local": {
        "location": {
          "x": 0.0,
          "y": 0.0,
          "z": 0.0
        },
        "rotation_quaternion": {
          "w": 0.9858720302581787,
          "x": 0.16731593012809753,
          "y": 0.007351151201874018,
          "z": 0.0027993549592792988
        },
        "scale": {
          "x": 1.0,
          "y": 1.0,
          "z": 1.0
        },
        "matrix_basis": [
          [
            0.9998762607574463,
            -0.0030596822034567595,
            0.015431341715157032,
            0.0
          ],
          [
            0.007979541085660458,
            0.9439950585365295,
            -0.329863041639328,
            0.0
          ],
          [
            -0.01355783548206091,
            0.3299453556537628,
            0.9439026713371277,
            0.0
          ],
          [
            0.0,
            0.0,
            0.0,
            1.0
          ]
        ],
        "rotation_mode": "QUATERNION"
      },
      "armature_space": {
        "head": {
          "x": 0.7200090289115906,
          "y": -0.25488099455833435,
          "z": 0.5634856224060059
        },
        "tail": {
          "x": 0.7258967757225037,
          "y": -0.24029716849327087,
          "z": 0.5895537734031677
        }
      },
      "world_space": {
        "head": {
          "x": 0.7200090289115906,
          "y": -0.19163699448108673,
          "z": 1.513339638710022
        },
        "tail": {
          "x": 0.7258967757225037,
          "y": -0.17705316841602325,
          "z": 1.539407730102539
        },
        "rotation_quaternion": {
          "w": 0.5770164728164673,
          "x": 0.25067412853240967,
          "y": -0.6376239061355591,
          "z": -0.44457873702049255
        },
        "matrix": [
          [
            -0.2084282785654068,
            0.19339007139205933,
            -0.958727240562439,
            0.7200090289115906
          ],
          [
            -0.8327304720878601,
            0.47902363538742065,
            0.27766281366348267,
            -0.19163699448108673
          ],
          [
            0.5129531025886536,
            0.8562406897544861,
            0.061200469732284546,
            1.513339638710022
          ],
          [
            0.0,
            0.0,
            0.0,
            1.0
          ]
        ]
      },
      "bone_length_armature_space": 0.030445065717603807,
      "parent": "thumb_02_l",
      "has_children": false,
      "is_end_bone": true
    },
    "metacarpal_index_l": {
      "name": "metacarpal_index_l",
      "local": {
        "location": {
          "x": 0.0,
          "y": 0.0,
          "z": 0.0
        },
        "rotation_quaternion": {
          "w": 0.9998177886009216,
          "x": -0.016802804544568062,
          "y": 0.004595723003149033,
          "z": 0.007815136574208736
        },
        "scale": {
          "x": 1.0,
          "y": 1.0,
          "z": 1.0
        },
        "matrix_basis": [
          [
            0.9998356103897095,
            -0.015781866386532784,
            0.008927138522267342,
            0.0
          ],
          [
            0.01547298301011324,
            0.9993131756782532,
            0.03367131948471069,
            0.0
          ],
          [
            -0.009452403523027897,
            -0.03352765366435051,
            0.999393105506897,
            0.0
          ],
          [
            0.0,
            0.0,
            0.0,
            1.0
          ]
        ],
        "rotation_mode": "QUATERNION"
      },
      "armature_space": {
        "head": {
          "x": 0.6660112142562866,
          "y": -0.18779869377613068,
          "z": 0.5361372232437134
        },
        "tail": {
          "x": 0.7296487092971802,
          "y": -0.27677783370018005,
          "z": 0.5781159996986389
        }
      },
      "world_space": {
        "head": {
          "x": 0.6660112142562866,
          "y": -0.12455469369888306,
          "z": 1.4859912395477295
        },
        "tail": {
          "x": 0.7296487092971802,
          "y": -0.21353383362293243,
          "z": 1.5279700756072998
        },
        "rotation_quaternion": {
          "w": 0.24483917653560638,
          "x": 0.919121265411377,
          "y": 0.24567900598049164,
          "z": -0.18684740364551544
        },
        "matrix": [
          [
            0.8094596862792969,
            0.5431128144264221,
            -0.22316613793373108,
            0.6660112142562866
          ],
          [
            0.3601228892803192,
            -0.7593908309936523,
            -0.5418831706047058,
            -0.12455469369888306
          ],
          [
            -0.4637771248817444,
            0.3582671582698822,
            -0.8102899789810181,
            1.4859912395477295
          ],
          [
            0.0,
            0.0,
            0.0,
            1.0
          ]
        ]
      },
      "bone_length_armature_space": 0.11717182442011863,
      "parent": "lowerarm_l",
      "has_children": true,
      "is_end_bone": false
    },
    "index_01_l": {
      "name": "index_01_l",
      "local": {
        "location": {
          "x": 0.0,
          "y": 0.0,
          "z": 0.0
        },
        "rotation_quaternion": {
          "w": 0.9759133458137512,
          "x": 0.2174055427312851,
          "y": -0.016957899555563927,
          "z": 0.006366051733493805
        },
        "scale": {
          "x": 1.0,
          "y": 1.0,
          "z": 1.0
        },
        "matrix_basis": [
          [
            0.9993438124656677,
            -0.01979891210794449,
            -0.030330851674079895,
            0.0
          ],
          [
            0.005051947198808193,
            0.905388593673706,
            -0.42455384135246277,
            0.0
          ],
          [
            0.035866912454366684,
            0.42412203550338745,
            0.9048945307731628,
            0.0
          ],
          [
            0.0,
            0.0,
            0.0,
            1.0
          ]
        ],
        "rotation_mode": "QUATERNION"
      },
      "armature_space": {
        "head": {
          "x": 0.7296487092971802,
          "y": -0.27677783370018005,
          "z": 0.5781159996986389
        },
        "tail": {
          "x": 0.7489858865737915,
          "y": -0.29764464497566223,
          "z": 0.5761877298355103
        }
      },
      "world_space": {
        "head": {
          "x": 0.7296487092971802,
          "y": -0.21353383362293243,
          "z": 1.5279700756072998
        },
        "tail": {
          "x": 0.7489858865737915,
          "y": -0.2344006448984146,
          "z": 1.5260417461395264
        },
        "rotation_quaternion": {
          "w": 0.08077716082334518,
          "x": 0.882769763469696,
          "y": 0.3571760654449463,
          "z": -0.294309139251709
        },
        "matrix": [
          [
            0.5716142058372498,
            0.6781561970710754,
            -0.461910218000412,
            0.7296487092971802
          ],
          [
            0.583061695098877,
            -0.731799840927124,
            -0.35285741090774536,
            -0.21353383362293243
          ],
          [
            -0.5773220062255859,
            -0.06762516498565674,
            -0.8137202262878418,
            1.5279700756072998
          ],
          [
            0.0,
            0.0,
            0.0,
            1.0
          ]
        ]
      },
      "bone_length_armature_space": 0.0285143551613971,
      "parent": "metacarpal_index_l",
      "has_children": true,
      "is_end_bone": false
    },
    "index_02_l": {
      "name": "index_02_l",
      "local": {
        "location": {
          "x": 0.0,
          "y": 0.0,
          "z": 0.0
        },
        "rotation_quaternion": {
          "w": 0.9156957864761353,
          "x": 0.40182584524154663,
          "y": 0.005765174049884081,
          "z": -0.0020253662951290607
        },
        "scale": {
          "x": 1.0,
          "y": 1.0,
          "z": 1.0
        },
        "matrix_basis": [
          [
            0.9999253153800964,
            0.008342430926859379,
            0.008930602110922337,
            0.0
          ],
          [
            0.0009239530772902071,
            0.6770637631416321,
            -0.7359238266944885,
            0.0
          ],
          [
            -0.012185980565845966,
            0.7358770966529846,
            0.6770055294036865,
            0.0
          ],
          [
            0.0,
            0.0,
            0.0,
            1.0
          ]
        ],
        "rotation_mode": "QUATERNION"
      },
      "armature_space": {
        "head": {
          "x": 0.7489858865737915,
          "y": -0.2976451814174652,
          "z": 0.5761876106262207
        },
        "tail": {
          "x": 0.7525213360786438,
          "y": -0.317552387714386,
          "z": 0.5603984594345093
        }
      },
      "world_space": {
        "head": {
          "x": 0.7489858865737915,
          "y": -0.2344011813402176,
          "z": 1.5260416269302368
        },
        "tail": {
          "x": 0.7525213360786438,
          "y": -0.25430840253829956,
          "z": 1.5102524757385254
        },
        "rotation_quaternion": {
          "w": 0.25567826628685,
          "x": -0.8354063034057617,
          "y": -0.21592484414577484,
          "z": 0.43600621819496155
        },
        "matrix": [
          [
            0.5265502333641052,
            0.13781726360321045,
            -0.8388986587524414,
            0.7489858865737915
          ],
          [
            0.5837247967720032,
            -0.7760106921195984,
            0.2388996183872223,
            -0.2344011813402176
          ],
          [
            -0.6180738210678101,
            -0.615483820438385,
            -0.4890592694282532,
            1.5260416269302368
          ],
          [
            0.0,
            0.0,
            0.0,
            1.0
          ]
        ]
      },
      "bone_length_armature_space": 0.025653334669379343,
      "parent": "index_01_l",
      "has_children": true,
      "is_end_bone": false
    },
    "index_03_l": {
      "name": "index_03_l",
      "local": {
        "location": {
          "x": 0.0,
          "y": 0.0,
          "z": 0.0
        },
        "rotation_quaternion": {
          "w": 0.9646967649459839,
          "x": 0.26321184635162354,
          "y": 0.004059407860040665,
          "z": 0.007958853617310524
        },
        "scale": {
          "x": 1.0,
          "y": 1.0,
          "z": 1.0
        },
        "matrix_basis": [
          [
            0.9998403787612915,
            -0.013218792155385017,
            0.012021924369037151,
            0.0
          ],
          [
            0.01749272830784321,
            0.8613123893737793,
            -0.5077745914459229,
            0.0
          ],
          [
            -0.003642466152086854,
            0.5079038739204407,
            0.8614060878753662,
            0.0
          ],
          [
            0.0,
            0.0,
            0.0,
            1.0
          ]
        ],
        "rotation_mode": "QUATERNION"
      },
      "armature_space": {
        "head": {
          "x": 0.7525214552879333,
          "y": -0.3175524175167084,
          "z": 0.560398519039154
        },
        "tail": {
          "x": 0.743048906326294,
          "y": -0.3301163613796234,
          "z": 0.5357782244682312
        }
      },
      "world_space": {
        "head": {
          "x": 0.7525214552879333,
          "y": -0.25430840253829956,
          "z": 1.5102524757385254
        },
        "tail": {
          "x": 0.743048906326294,
          "y": -0.2668723464012146,
          "z": 1.4856321811676025
        },
        "rotation_quaternion": {
          "w": 0.5242297053337097,
          "x": -0.7175465226173401,
          "y": -0.1009235829114914,
          "z": 0.4473530054092407
        },
        "matrix": [
          [
            0.5793812274932861,
            -0.3241952061653137,
            -0.7478064894676208,
            0.7525214552879333
          ],
          [
            0.6138643622398376,
            -0.4299973249435425,
            0.6620219945907593,
            -0.25430840253829956
          ],
          [
            -0.5361825227737427,
            -0.8426215052604675,
            -0.05012020468711853,
            1.5102524757385254
          ],
          [
            0.0,
            0.0,
            0.0,
            1.0
          ]
        ]
      },
      "bone_length_armature_space": 0.02921884309963736,
      "parent": "index_02_l",
      "has_children": false,
      "is_end_bone": true
    },
    "metacarpal_pinky_l": {
      "name": "metacarpal_pinky_l",
      "local": {
        "location": {
          "x": 0.0,
          "y": 0.0,
          "z": 0.0
        },
        "rotation_quaternion": {
          "w": 0.9989193677902222,
          "x": -0.04562394693493843,
          "y": -0.008610564284026623,
          "z": -0.002127563813701272
        },
        "scale": {
          "x": 1.0,
          "y": 1.0,
          "z": 1.0
        },
        "matrix_basis": [
          [
            0.999842643737793,
            0.005036225076764822,
            -0.017008382827043533,
            0.0
          ],
          [
            -0.003464833600446582,
            0.995827853679657,
            0.09118592739105225,
            0.0
          ],
          [
            0.017396654933691025,
            -0.0911126509308815,
            0.9956886172294617,
            0.0
          ],
          [
            0.0,
            0.0,
            0.0,
            1.0
          ]
        ],
        "rotation_mode": "QUATERNION"
      },
      "armature_space": {
        "head": {
          "x": 0.6660112142562866,
          "y": -0.18779869377613068,
          "z": 0.5361372232437134
        },
        "tail": {
          "x": 0.762345552444458,
          "y": -0.21628913283348083,
          "z": 0.5635454058647156
        }
      },
      "world_space": {
        "head": {
          "x": 0.6660112142562866,
          "y": -0.12455469369888306,
          "z": 1.4859912395477295
        },
        "tail": {
          "x": 0.762345552444458,
          "y": -0.15304513275623322,
          "z": 1.513399362564087
        },
        "rotation_quaternion": {
          "w": 0.5978404879570007,
          "x": 0.11975587904453278,
          "y": -0.07606122642755508,
          "z": -0.7889612913131714
        },
        "matrix": [
          [
            -0.2564900517463684,
            0.925128698348999,
            -0.2799100875854492,
            0.6660112142562866
          ],
          [
            -0.9615638256072998,
            -0.27360257506370544,
            -0.023172102868556976,
            -0.12455469369888306
          ],
          [
            -0.09802277386188507,
            0.2632094919681549,
            0.9597533941268921,
            1.4859912395477295
          ],
          [
            0.0,
            0.0,
            0.0,
            1.0
          ]
        ]
      },
      "bone_length_armature_space": 0.10413077361269606,
      "parent": "lowerarm_l",
      "has_children": true,
      "is_end_bone": false
    },
    "pinky_01_l": {
      "name": "pinky_01_l",
      "local": {
        "location": {
          "x": 0.0,
          "y": 0.0,
          "z": 0.0
        },
        "rotation_quaternion": {
          "w": 0.9510374069213867,
          "x": 0.30857935547828674,
          "y": -0.00892121996730566,
          "z": -0.01507246121764183
        },
        "scale": {
          "x": 1.0,
          "y": 1.0,
          "z": 1.0
        },
        "matrix_basis": [
          [
            0.9993864893913269,
            0.023163139820098877,
            -0.026270927861332893,
            0.0
          ],
          [
            -0.034174758940935135,
            0.8091031908988953,
            -0.5866720676422119,
            0.0
          ],
          [
            0.007666727062314749,
            0.587209939956665,
            0.8093984127044678,
            0.0
          ],
          [
            0.0,
            0.0,
            0.0,
            1.0
          ]
        ],
        "rotation_mode": "QUATERNION"
      },
      "armature_space": {
        "head": {
          "x": 0.762345552444458,
          "y": -0.21628913283348083,
          "z": 0.5635454058647156
        },
        "tail": {
