{
  "metadata": {
    "armature_name": "KIM_caucasian_male",
    "export_time": "2026-01-13T19:11:29.388994",
    "blender_version": "4.4.1",
    "bone_count": 56,
    "end_bone_count": 13,
    "spaces_included": [
      "LOCAL_CHANNELS",
      "ARMATURE_SPACE",
      "WORLD_SPACE"
    ],
    "note": "LOCAL matches Transform panel; replay pose via local.matrix_basis for best fidelity."
  },
  "bones": {
    "Root": {
      "name": "Root",
      "local": {
        "location": {
          "x": 0.0,
          "y": 0.0,
          "z": 0.0
        },
        "rotation_quaternion": {
          "w": 0.9996805191040039,
          "x": 0.01291580218821764,
          "y": -0.011633798480033875,
          "z": -0.01834719069302082
        },
        "scale": {
          "x": 1.0,
          "y": 1.0,
          "z": 1.0
        },
        "matrix_basis": [
          [
            0.9990560412406921,
            0.03638213872909546,
            -0.02373410016298294,
            0.0
          ],
          [
            -0.036983177065849304,
            0.9989930987358093,
            -0.025396456941962242,
            0.0
          ],
          [
            0.022786226123571396,
            0.026250246912240982,
            0.9993956685066223,
            0.0
          ],
          [
            0.0,
            0.0,
            0.0,
            1.0
          ]
        ],
        "rotation_mode": "QUATERNION"
      },
      "armature_space": {
        "head": {
          "x": 0.0,
          "y": 0.07072800397872925,
          "z": -0.009595036506652832
        },
        "tail": {
          "x": 0.0025968067348003387,
          "y": -0.00018065422773361206,
          "z": -0.001866302452981472
        }
      },
      "world_space": {
        "head": {
          "x": 0.0,
          "y": 0.13397200405597687,
          "z": 0.9402589797973633
        },
        "tail": {
          "x": 0.0025968067348003387,
          "y": 0.06306334584951401,
          "z": 0.9479877352714539
        },
        "rotation_quaternion": {
          "w": 0.054459672421216965,
          "x": 0.9982796311378479,
          "y": 0.01752176508307457,
          "z": -0.012843378819525242
        },
        "matrix": [
          [
            0.9990560412406921,
            0.03638213872909546,
            -0.02373410016298294,
            0.0
          ],
          [
            0.033584341406822205,
            -0.9934542179107666,
            -0.10918251425027847,
            0.13397200405597687
          ],
          [
            -0.02755119651556015,
            0.108282171189785,
            -0.9937453866004944,
            0.9402589797973633
          ],
          [
            0.0,
            0.0,
            0.0,
            1.0
          ]
        ]
      },
      "bone_length_armature_space": 0.07137586816478247,
      "parent": null,
      "has_children": true,
      "is_end_bone": false
    },
    "spine_01": {
      "name": "spine_01",
      "local": {
        "location": {
          "x": 0.0,
          "y": 0.0,
          "z": 0.0
        },
        "rotation_quaternion": {
          "w": 0.9962366819381714,
          "x": -0.05250288173556328,
          "y": 0.05043332651257515,
          "z": 0.04703648015856743
        },
        "scale": {
          "x": 1.0,
          "y": 1.0,
          "z": 1.0
        },
        "matrix_basis": [
          [
            0.9904881119728088,
            -0.09901472181081772,
            0.09554795920848846,
            0.0
          ],
          [
            0.08842314034700394,
            0.9900620579719543,
            0.10935500264167786,
            0.0
          ],
          [
            -0.10542616248130798,
            -0.09986618161201477,
            0.9893998503684998,
            0.0
          ],
          [
            0.0,
            0.0,
            0.0,
            1.0
          ]
        ],
        "rotation_mode": "QUATERNION"
      },
      "armature_space": {
        "head": {
          "x": 0.0025968067348003387,
          "y": -0.00018065422773361206,
          "z": -0.001866302452981472
        },
        "tail": {
          "x": -0.03437230363488197,
          "y": 0.0572158582508564,
          "z": 0.48133912682533264
        }
      },
      "world_space": {
        "head": {
          "x": 0.0025968067348003387,
          "y": 0.06306334584951401,
          "z": 0.9479877352714539
        },
        "tail": {
          "x": -0.03437230363488197,
          "y": 0.12045985460281372,
          "z": 1.4311931133270264
        },
        "rotation_quaternion": {
          "w": 0.7471323013305664,
          "x": 0.6602699160575867,
          "y": 0.024512751027941704,
          "z": 0.0723608136177063
        },
        "matrix": [
          [
            0.9883260130882263,
            -0.07575618475675583,
            0.13218434154987335,
            0.0025968067348003387
          ],
          [
            0.14049677550792694,
            0.11761550605297089,
            -0.9830703735351562,
            0.06306334584951401
          ],
          [
            0.058927271515131,
            0.9901725649833679,
            0.12688595056533813,
            0.9479877352714539
          ],
          [
            0.0,
            0.0,
            0.0,
            1.0
          ]
        ]
      },
      "bone_length_armature_space": 0.48800468897703503,
      "parent": "Root",
      "has_children": true,
      "is_end_bone": false
    },
    "neck_01": {
      "name": "neck_01",
      "local": {
        "location": {
          "x": 0.0,
          "y": 0.0,
          "z": 0.0
        },
        "rotation_quaternion": {
          "w": 0.9962873458862305,
          "x": 0.03729597479104996,
          "y": -0.03896450623869896,
          "z": 0.06709955632686615
        },
        "scale": {
          "x": 1.0,
          "y": 1.0,
          "z": 1.0
        },
        "matrix_basis": [
          [
            0.9879588484764099,
            -0.1366073191165924,
            -0.07263460010290146,
            0.0
          ],
          [
            0.1307944357395172,
            0.988213300704956,
            -0.07954401522874832,
            0.0
          ],
          [
            0.08264477550983429,
            0.06908601522445679,
            0.9941815733909607,
            0.0
          ],
          [
            0.0,
            0.0,
            0.0,
            1.0
          ]
        ],
        "rotation_mode": "QUATERNION"
      },
      "armature_space": {
        "head": {
          "x": -0.03533484414219856,
          "y": 0.0317341685295105,
          "z": 0.5582385063171387
        },
        "tail": {
          "x": -0.050134532153606415,
          "y": -0.0037839561700820923,
          "z": 0.6532657146453857
        }
      },
      "world_space": {
        "head": {
          "x": -0.03533484414219856,
          "y": 0.09497816860675812,
          "z": 1.5080925226211548
        },
        "tail": {
          "x": -0.050134532153606415,
          "y": 0.05946004390716553,
          "z": 1.6031197309494019
        },
        "rotation_quaternion": {
          "w": 0.5704505443572998,
          "x": 0.8171904683113098,
          "y": -0.03691907599568367,
          "z": 0.07364115864038467
        },
        "matrix": [
          [
            0.9864279627799988,
            -0.14435714483261108,
            0.07823587208986282,
            -0.03533484414219856
          ],
          [
            0.02367667853832245,
            -0.34644615650177,
            -0.937771201133728,
            0.09497816860675812
          ],
          [
            0.16247963905334473,
            0.9269020557403564,
            -0.3383295238018036,
            1.5080925226211548
          ],
          [
            0.0,
            0.0,
            0.0,
            1.0
          ]
        ]
      },
      "bone_length_armature_space": 0.10252189378964971,
      "parent": "spine_01",
      "has_children": true,
      "is_end_bone": false
    },
    "head": {
      "name": "head",
      "local": {
        "location": {
          "x": 0.0,
          "y": 0.0,
          "z": 0.0
        },
        "rotation_quaternion": {
          "w": 0.988897442817688,
          "x": 0.0357641838490963,
          "y": -0.12058604508638382,
          "z": 0.07913227379322052
        },
        "scale": {
          "x": 1.0,
          "y": 1.0,
          "z": 1.0
        },
        "matrix_basis": [
          [
            0.9583941698074341,
            -0.16513273119926453,
            -0.23283426463603973,
            0.0
          ],
          [
            0.14788208901882172,
            0.9849179983139038,
            -0.08981871604919434,
            0.0
          ],
          [
            0.2441546618938446,
            0.05164972320199013,
            0.9683598279953003,
            0.0
          ],
          [
            0.0,
            0.0,
            0.0,
            1.0
          ]
        ],
        "rotation_mode": "QUATERNION"
      },
      "armature_space": {
        "head": {
          "x": -0.050134509801864624,
          "y": -0.003784075379371643,
          "z": 0.6532655954360962
        },
        "tail": {
          "x": -0.10022835433483124,
          "y": -0.009881237521767616,
          "z": 0.7999172210693359
        }
      },
      "world_space": {
        "head": {
          "x": -0.050134509801864624,
          "y": 0.05945992469787598,
          "z": 1.6031196117401123
        },
        "tail": {
          "x": -0.10022835433483124,
          "y": 0.05336276441812515,
          "z": 1.749771237373352
        },
        "rotation_quaternion": {
          "w": 0.6667342782020569,
          "x": 0.719874918460846,
          "y": -0.18923109769821167,
          "z": 0.037910472601652145
        },
        "matrix": [
          [
            0.9255083203315735,
            -0.3229980766773224,
            -0.19775401055812836,
            -0.050134509801864624
          ],
          [
            -0.22189494967460632,
            -0.03931364789605141,
            -0.9742778539657593,
            0.05945992469787598
          ],
          [
            0.30691733956336975,
            0.9455893039703369,
            -0.10805841535329819,
            1.6031196117401123
          ],
          [
            0.0,
            0.0,
            0.0,
            1.0
          ]
        ]
      },
      "bone_length_armature_space": 0.15509115851864008,
      "parent": "neck_01",
      "has_children": false,
      "is_end_bone": true
    },
    "upperarm_l": {
      "name": "upperarm_l",
      "local": {
        "location": {
          "x": 0.0,
          "y": 0.0,
          "z": 0.0
        },
        "rotation_quaternion": {
          "w": 0.9619635343551636,
          "x": -0.02653253637254238,
          "y": -0.20731763541698456,
          "z": 0.17590220272541046
        },
        "scale": {
          "x": 1.0,
          "y": 1.0,
          "z": 1.0
        },
        "matrix_basis": [
          [
            0.8521556258201599,
            -0.3274216949939728,
            -0.4081982672214508,
            0.0
          ],
          [
            0.3494243323802948,
            0.9367088675498962,
            -0.021888593211770058,
            0.0
          ],
          [
            0.3895297348499298,
            -0.12398192286491394,
            0.9126308560371399,
            0.0
          ],
          [
            0.0,
            0.0,
            0.0,
            1.0
          ]
        ],
        "rotation_mode": "QUATERNION"
      },
      "armature_space": {
        "head": {
          "x": 0.11842702329158783,
          "y": 0.041768878698349,
          "z": 0.5009350180625916
        },
        "tail": {
          "x": 0.3552752137184143,
          "y": 0.12708780169487,
          "z": 0.5927574634552002
        }
      },
      "world_space": {
        "head": {
          "x": 0.11842702329158783,
          "y": 0.10501287877559662,
          "z": 1.450788974761963
        },
        "tail": {
          "x": 0.3552752137184143,
          "y": 0.19033180177211761,
          "z": 1.5426114797592163
        },
        "rotation_quaternion": {
          "w": 0.7536816000938416,
          "x": 0.39830103516578674,
          "y": 0.3019265830516815,
          "z": -0.4268028140068054
        },
        "matrix": [
          [
            0.45335879921913147,
            0.8838627338409424,
            0.11511966586112976,
            0.11842702329158783
          ],
          [
            -0.4028337299823761,
            0.31839054822921753,
            -0.8581099510192871,
            0.10501287877559662
          ],
          [
            -0.795110285282135,
            0.34266021847724915,
            0.5003975629806519,
            1.450788974761963
          ],
          [
            0.0,
            0.0,
            0.0,
            1.0
          ]
        ]
      },
      "bone_length_armature_space": 0.26796966989097964,
      "parent": "spine_01",
      "has_children": true,
      "is_end_bone": false
    },
    "lowerarm_l": {
      "name": "lowerarm_l",
      "local": {
        "location": {
          "x": 0.0,
          "y": 0.0,
          "z": 0.0
        },
        "rotation_quaternion": {
          "w": 0.9951988458633423,
          "x": 0.08796391636133194,
          "y": -0.036536552011966705,
          "z": 0.022514594718813896
        },
        "scale": {
          "x": 1.0,
          "y": 1.0,
          "z": 1.0
        },
        "matrix_basis": [
          [
            0.9963163733482361,
            -0.051240794360637665,
            -0.06876132637262344,
            0.0
          ],
          [
            0.03838520124554634,
            0.9835109114646912,
            -0.17672838270664215,
            0.0
          ],
          [
            0.07668321579694748,
            0.1734379678964615,
            0.9818548560142517,
            0.0
          ],
          [
            0.0,
            0.0,
            0.0,
            1.0
          ]
        ],
        "rotation_mode": "QUATERNION"
      },
      "armature_space": {
        "head": {
          "x": 0.3552752435207367,
          "y": 0.12708783149719238,
          "z": 0.5927575826644897
        },
        "tail": {
          "x": 0.5709671378135681,
          "y": 0.1600276678800583,
          "z": 0.7475531101226807
        }
      },
      "world_space": {
        "head": {
          "x": 0.3552752435207367,
          "y": 0.19033183157444,
          "z": 1.5426115989685059
        },
        "tail": {
          "x": 0.5709671378135681,
          "y": 0.2232716679573059,
          "z": 1.6974071264266968
        },
        "rotation_quaternion": {
          "w": 0.7377395629882812,
          "x": 0.47450515627861023,
          "y": 0.13154858350753784,
          "z": -0.46182289719581604
        },
        "matrix": [
          [
            0.5388277769088745,
            0.8062511086463928,
            -0.24417957663536072,
            0.3552752435207367
          ],
          [
            -0.5565719604492188,
            0.12312830984592438,
            -0.8216248750686646,
            0.19033183157444
          ],
          [
            -0.6323754191398621,
            0.5786218643188477,
            0.5150845646858215,
            1.5426115989685059
          ],
          [
            0.0,
            0.0,
            0.0,
            1.0
          ]
        ]
      },
      "bone_length_armature_space": 0.2675251057664316,
      "parent": "upperarm_l",
      "has_children": true,
      "is_end_bone": false
    },
    "metacarpal_thumb_l": {
      "name": "metacarpal_thumb_l",
      "local": {
        "location": {
          "x": 0.0,
          "y": 0.0,
          "z": 0.0
        },
        "rotation_quaternion": {
          "w": 0.999078631401062,
          "x": -0.04226650670170784,
          "y": -0.007443602196872234,
          "z": -0.00041890382999554276
        },
        "scale": {
          "x": 1.0,
          "y": 1.0,
          "z": 1.0
        },
        "matrix_basis": [
          [
            0.9998888373374939,
            0.0014662658795714378,
            -0.014838076196610928,
            0.0
          ],
          [
            -0.00020780561317224056,
            0.9964267611503601,
            0.08446136116981506,
            0.0
          ],
          [
            0.014908898621797562,
            -0.08444888889789581,
            0.9963162541389465,
            0.0
          ],
          [
            0.0,
            0.0,
            0.0,
            1.0
          ]
        ],
        "rotation_mode": "QUATERNION"
      },
      "armature_space": {
        "head": {
          "x": 0.5709671378135681,
          "y": 0.1600276678800583,
          "z": 0.7475531101226807
        },
        "tail": {
          "x": 0.5985136032104492,
          "y": 0.13821209967136383,
          "z": 0.7824654579162598
        }
      },
      "world_space": {
        "head": {
          "x": 0.5709671378135681,
          "y": 0.2232716679573059,
          "z": 1.6974071264266968
        },
        "tail": {
          "x": 0.5985136032104492,
          "y": 0.20145609974861145,
          "z": 1.7323194742202759
        },
        "rotation_quaternion": {
          "w": 0.37924322485923767,
          "x": 0.8441246747970581,
          "y": 0.3687339723110199,
          "z": 0.0875411331653595
        },
        "matrix": [
          [
            0.7127425074577332,
            0.5561163425445557,
            0.4274723529815674,
            0.5709671378135681
          ],
          [
            0.688914954662323,
            -0.44041889905929565,
            -0.575697660446167,
            0.2232716679573059
          ],
          [
            -0.1318882703781128,
            0.7048205137252808,
            -0.6970274448394775,
            1.6974071264266968
          ],
          [
            0.0,
            0.0,
            0.0,
            1.0
          ]
        ]
      },
      "bone_length_armature_space": 0.04953381476329812,
      "parent": "lowerarm_l",
      "has_children": true,
      "is_end_bone": false
    },
    "thumb_01_l": {
      "name": "thumb_01_l",
      "local": {
        "location": {
          "x": 0.0,
          "y": 0.0,
          "z": 0.0
        },
        "rotation_quaternion": {
          "w": 0.9987117648124695,
          "x": 0.04909909516572952,
          "y": 0.002683431375771761,
          "z": -0.012528822757303715
        },
        "scale": {
          "x": 1.0,
          "y": 1.0,
          "z": 1.0
        },
        "matrix_basis": [
          [
            0.9996716380119324,
            0.02528887428343296,
            0.0041296412236988544,
            0.0
          ],
          [
            -0.024761857464909554,
            0.9948646426200867,
            -0.09813892841339111,
            0.0
          ],
          [
            -0.006590256467461586,
            0.09800444543361664,
            0.995164155960083,
            0.0
          ],
          [
            0.0,
            0.0,
            0.0,
            1.0
          ]
        ],
        "rotation_mode": "QUATERNION"
      },
      "armature_space": {
        "head": {
          "x": 0.5985136032104492,
          "y": 0.13821209967136383,
          "z": 0.7824654579162598
        },
        "tail": {
          "x": 0.621505081653595,
          "y": 0.11312451213598251,
          "z": 0.7816723585128784
        }
      },
      "world_space": {
        "head": {
          "x": 0.5985136032104492,
          "y": 0.20145609974861145,
          "z": 1.7323194742202759
        },
        "tail": {
          "x": 0.621505081653595,
          "y": 0.17636850476264954,
          "z": 1.7315263748168945
        },
        "rotation_quaternion": {
          "w": 0.24788837134838104,
          "x": -0.7017182111740112,
          "y": -0.2646404802799225,
          "z": -0.6132768392562866
        },
        "matrix": [
          [
            0.10771390795707703,
            0.6754542589187622,
            0.7294925451278687,
            0.5985136032104492
          ],
          [
            0.06735850870609283,
            -0.737034022808075,
            0.6724910736083984,
            0.20145609974861145
          ],
          [
            0.9919042587280273,
            -0.02330010011792183,
            -0.12488662451505661,
            1.7323194742202759
          ],
          [
            0.0,
            0.0,
            0.0,
            1.0
          ]
        ]
      },
      "bone_length_armature_space": 0.034038568498578795,
      "parent": "metacarpal_thumb_l",
      "has_children": true,
      "is_end_bone": false
    },
    "thumb_02_l": {
      "name": "thumb_02_l",
      "local": {
        "location": {
          "x": 0.0,
          "y": 0.0,
          "z": 0.0
        },
        "rotation_quaternion": {
          "w": 0.9934958815574646,
          "x": 0.11345751583576202,
          "y": -0.007951512932777405,
          "z": -0.005487504415214062
        },
        "scale": {
          "x": 1.0,
          "y": 1.0,
          "z": 1.0
        },
        "matrix_basis": [
          [
            0.9998133182525635,
            0.009099308401346207,
            -0.017044788226485252,
            0.0
          ],
          [
            -0.01270794402807951,
            0.9741945862770081,
            -0.22535188496112823,
            0.0
          ],
          [
            0.014554393477737904,
            0.22552642226219177,
            0.9741283059120178,
            0.0
          ],
          [
            0.0,
            0.0,
            0.0,
            1.0
          ]
        ],
        "rotation_mode": "QUATERNION"
      },
      "armature_space": {
        "head": {
          "x": 0.6215050220489502,
          "y": 0.11312448978424072,
          "z": 0.7816722989082336
        },
        "tail": {
          "x": 0.6518431305885315,
          "y": 0.12489792704582214,
          "z": 0.8052131533622742
        }
      },
      "world_space": {
        "head": {
          "x": 0.6215050220489502,
          "y": 0.17636848986148834,
          "z": 1.7315263748168945
        },
        "tail": {
          "x": 0.6518431305885315,
          "y": 0.18814192712306976,
          "z": 1.7550671100616455
        },
        "rotation_quaternion": {
          "w": 0.4717472791671753,
          "x": -0.16654446721076965,
          "y": -0.6511681079864502,
          "z": -0.570699155330658
        },
        "matrix": [
          [
            -0.49943259358406067,
            0.7553488612174988,
            -0.4242819845676422,
            0.6215050220489502
          ],
          [
            -0.3215579688549042,
            0.29313117265701294,
            0.9003749489784241,
            0.17636848986148834
          ],
          [
            0.8044725060462952,
            0.5861119031906128,
            0.09649069607257843,
            1.7315263748168945
          ],
          [
            0.0,
            0.0,
            0.0,
            1.0
          ]
        ]
      },
      "bone_length_armature_space": 0.04016449335931863,
      "parent": "thumb_01_l",
      "has_children": true,
      "is_end_bone": false
    },
    "thumb_03_l": {
      "name": "thumb_03_l",
      "local": {
        "location": {
          "x": 0.0,
          "y": 0.0,
          "z": 0.0
        },
        "rotation_quaternion": {
          "w": 0.9978768825531006,
          "x": 0.06467633694410324,
          "y": -0.007011160254478455,
          "z": -0.003108016913756728
        },
        "scale": {
          "x": 1.0,
          "y": 1.0,
          "z": 1.0
        },
        "matrix_basis": [
          [
            0.9998823404312134,
            0.005295923911035061,
            -0.014394579455256462,
            0.0
          ],
          [
            -0.007109748665243387,
            0.9916146397590637,
            -0.12903445959091187,
            0.0
          ],
          [
            0.013590519316494465,
            0.12912163138389587,
            0.9915356040000916,
            0.0
          ],
          [
            0.0,
            0.0,
            0.0,
            1.0
          ]
        ],
        "rotation_mode": "QUATERNION"
      },
      "armature_space": {
        "head": {
          "x": 0.6518430709838867,
          "y": 0.12489783763885498,
          "z": 0.8052131533622742
        },
        "tail": {
          "x": 0.6695957183837891,
          "y": 0.14461877942085266,
          "z": 0.8201404213905334
        }
      },
      "world_space": {
        "head": {
          "x": 0.6518430709838867,
          "y": 0.1881418377161026,
          "z": 1.7550671100616455
        },
        "tail": {
          "x": 0.6695957183837891,
          "y": 0.20786277949810028,
          "z": 1.7699944972991943
        },
        "rotation_quaternion": {
          "w": 0.6561806797981262,
          "x": -0.02668093517422676,
          "y": -0.6271423101425171,
          "z": -0.4188169240951538
        },
        "matrix": [
          [
            -0.13743136823177338,
            0.5831073522567749,
            -0.800686240196228,
            0.6518430709838867
          ],
          [
            -0.5161736011505127,
            0.6477587819099426,
            0.5603337287902832,
            0.1881418377161026
          ],
          [
            0.8453912734985352,
            0.49030429124832153,
            0.21196430921554565,
            1.7550671100616455
          ],
          [
            0.0,
            0.0,
            0.0,
            1.0
          ]
        ]
      },
      "bone_length_armature_space": 0.030444956440861863,
      "parent": "thumb_02_l",
      "has_children": false,
      "is_end_bone": true
    },
    "metacarpal_index_l": {
      "name": "metacarpal_index_l",
      "local": {
        "location": {
          "x": 0.0,
          "y": 0.0,
          "z": 0.0
        },
        "rotation_quaternion": {
          "w": 0.9999271631240845,
          "x": -0.0013727430487051606,
          "y": 0.00841356161981821,
          "z": 0.00855266023427248
        },
        "scale": {
          "x": 1.0,
          "y": 1.0,
          "z": 1.0
        },
        "matrix_basis": [
          [
            0.9997121095657349,
            -0.017127173021435738,
            0.016802417114377022,
            0.0
          ],
          [
            0.01708097569644451,
            0.9998499155044556,
            0.002889202907681465,
            0.0
          ],
          [
            -0.016849378123879433,
            -0.0026013695169240236,
            0.9998546838760376,
            0.0
          ],
          [
            0.0,
            0.0,
            0.0,
            1.0
          ]
        ],
        "rotation_mode": "QUATERNION"
      },
      "armature_space": {
        "head": {
          "x": 0.5709671378135681,
          "y": 0.1600276678800583,
          "z": 0.7475531101226807
        },
        "tail": {
          "x": 0.653840959072113,
          "y": 0.1406717449426651,
          "z": 0.8280924558639526
        }
      },
      "world_space": {
        "head": {
          "x": 0.5709671378135681,
          "y": 0.2232716679573059,
          "z": 1.6974071264266968
        },
        "tail": {
          "x": 0.653840959072113,
          "y": 0.20391574501991272,
          "z": 1.7779464721679688
        },
        "rotation_quaternion": {
          "w": 0.5386509299278259,
          "x": 0.7457504272460938,
          "y": 0.3567330539226532,
          "z": -0.1626441329717636
        },
        "matrix": [
          [
            0.6925758719444275,
            0.7072849273681641,
            0.14172759652137756,
            0.5709671378135681
          ],
          [
            0.3568534553050995,
            -0.16519281268119812,
            -0.9194386601448059,
            0.2232716679573059
          ],
          [
            -0.6268966794013977,
            0.6873614192008972,
            -0.3668089509010315,
            1.6974071264266968
          ],
          [
            0.0,
            0.0,
            0.0,
            1.0
          ]
        ]
      },
      "bone_length_armature_space": 0.11717213192147405,
      "parent": "lowerarm_l",
      "has_children": true,
      "is_end_bone": false
    },
    "index_01_l": {
      "name": "index_01_l",
      "local": {
        "location": {
          "x": 0.0,
          "y": 0.0,
          "z": 0.0
        },
        "rotation_quaternion": {
          "w": 0.9953239560127258,
          "x": -0.09459400922060013,
          "y": -0.004125223495066166,
          "z": -0.019111912697553635
        },
        "scale": {
          "x": 1.0,
          "y": 1.0,
          "z": 1.0
        },
        "matrix_basis": [
          [
            0.9992354512214661,
            0.03882553055882454,
            -0.004596122540533543,
            0.0
          ],
          [
            -0.03726464509963989,
            0.9813734292984009,
            0.1884610503911972,
            0.0
          ],
          [
            0.011827612295746803,
            -0.1881456822156906,
            0.9820699095726013,
            0.0
          ],
          [
            0.0,
            0.0,
            0.0,
            1.0
          ]
        ],
        "rotation_mode": "QUATERNION"
      },
      "armature_space": {
        "head": {
          "x": 0.653840959072113,
          "y": 0.1406717449426651,
          "z": 0.8280924558639526
        },
        "tail": {
          "x": 0.6773986220359802,
          "y": 0.1485685408115387,
          "z": 0.8420835137367249
        }
      },
      "world_space": {
        "head": {
          "x": 0.653840959072113,
          "y": 0.20391574501991272,
          "z": 1.7779464721679688
        },
        "tail": {
          "x": 0.6773986220359802,
          "y": 0.21181254088878632,
          "z": 1.7919375896453857
        },
        "rotation_quaternion": {
          "w": 0.5981605648994446,
          "x": 0.572610080242157,
          "y": 0.5297865867614746,
          "z": -0.18343327939510345
        },
        "matrix": [
          [
            0.37135404348373413,
            0.8261677026748657,
            0.4237253665924072,
            0.653840959072113
          ],
          [
            0.3872799575328827,
            0.27694106101989746,
            -0.8793852925300598,
            0.20391574501991272
          ],
          [
            -0.8438720107078552,
            0.49066704511642456,
            -0.2171172797679901,
            1.7779464721679688
          ],
          [
            0.0,
            0.0,
            0.0,
            1.0
          ]
        ]
      },
      "bone_length_armature_space": 0.028514427385876506,
      "parent": "metacarpal_index_l",
      "has_children": true,
      "is_end_bone": false
    },
    "index_02_l": {
      "name": "index_02_l",
      "local": {
        "location": {
          "x": 0.0,
          "y": 0.0,
          "z": 0.0
        },
        "rotation_quaternion": {
          "w": 0.9852757453918457,
          "x": 0.1707834005355835,
          "y": -0.00753839872777462,
          "z": 0.002820658264681697
        },
        "scale": {
          "x": 1.0,
          "y": 1.0,
          "z": 1.0
        },
        "matrix_basis": [
          [
            0.9998704195022583,
            -0.008133118972182274,
            -0.01389135979115963,
            0.0
          ],
          [
            0.0029833856970071793,
            0.9416501522064209,
            -0.3365800082683563,
            0.0
          ],
          [
            0.015818245708942413,
            0.33649495244026184,
            0.9415524005889893,
            0.0
          ],
          [
            0.0,
            0.0,
            0.0,
            1.0
          ]
        ],
        "rotation_mode": "QUATERNION"
      },
      "armature_space": {
        "head": {
          "x": 0.6773989796638489,
          "y": 0.1485682725906372,
          "z": 0.8420838713645935
        },
        "tail": {
          "x": 0.7008817791938782,
          "y": 0.14850971102714539,
          "z": 0.8524108529090881
        }
      },
      "world_space": {
        "head": {
          "x": 0.6773989796638489,
          "y": 0.21181227266788483,
          "z": 1.7919378280639648
        },
        "tail": {
          "x": 0.7008817791938782,
          "y": 0.211753711104393,
          "z": 1.802264928817749
        },
        "rotation_quaternion": {
          "w": 0.5242713093757629,
          "x": 0.6457650661468506,
          "y": 0.47328394651412964,
          "z": -0.29005080461502075
        },
        "matrix": [
          [
            0.3837442994117737,
            0.9153915047645569,
            0.12165039777755737,
            0.6773989796638489
          ],
          [
            0.3071320056915283,
            -0.002283066511154175,
            -0.9516645669937134,
            0.21181227266788483
          ],
          [
            -0.8708733916282654,
            0.40256115794181824,
            -0.2820248007774353,
            1.7919378280639648
          ],
          [
            0.0,
            0.0,
            0.0,
            1.0
          ]
        ]
      },
      "bone_length_armature_space": 0.025653300700290593,
      "parent": "index_01_l",
      "has_children": true,
      "is_end_bone": false
    },
    "index_03_l": {
      "name": "index_03_l",
      "local": {
        "location": {
          "x": 0.0,
          "y": 0.0,
          "z": 0.0
        },
        "rotation_quaternion": {
          "w": 0.9670098423957825,
          "x": 0.254676878452301,
          "y": 0.0034083244390785694,
          "z": 0.004491748288273811
        },
        "scale": {
          "x": 1.0,
          "y": 1.0,
          "z": 1.0
        },
        "matrix_basis": [
          [
            0.9999364018440247,
            -0.006951086688786745,
            0.008879655040800571,
            0.0
          ],
          [
            0.010423172265291214,
            0.8702390193939209,
            -0.49251946806907654,
            0.0
          ],
          [
            -0.004303877707570791,
            0.49258071184158325,
            0.8702561259269714,
            0.0
          ],
          [
            0.0,
            0.0,
            0.0,
            1.0
          ]
        ],
        "rotation_mode": "QUATERNION"
      },
      "armature_space": {
        "head": {
          "x": 0.7008817195892334,
          "y": 0.14850983023643494,
          "z": 0.8524109721183777
        },
        "tail": {
          "x": 0.725935697555542,
          "y": 0.1336483210325241,
          "z": 0.8546834588050842
        }
      },
      "world_space": {
        "head": {
          "x": 0.7008817195892334,
          "y": 0.21175383031368256,
          "z": 1.802264928817749
        },
        "tail": {
          "x": 0.725935697555542,
          "y": 0.19689232110977173,
          "z": 1.8045375347137451
        },
        "rotation_quaternion": {
          "w": 0.28067219257354736,
          "x": 0.7573546767234802,
          "y": 0.4085429608821869,
          "z": -0.4251231849193573
        },
        "matrix": [
          [
            0.3047249913215637,
            0.8574653267860413,
            -0.41460344195365906,
            0.7008817195892334
          ],
          [
            0.38018369674682617,
            -0.5086302161216736,
            -0.7725000381469727,
            0.21175383031368256
          ],
          [
            -0.8732772469520569,
            0.07777471840381622,
            -0.480990469455719,
            1.802264928817749
          ],
          [
            0.0,
            0.0,
            0.0,
            1.0
          ]
        ]
      },
      "bone_length_armature_space": 0.0292186663833864,
      "parent": "index_02_l",
      "has_children": false,
      "is_end_bone": true
    },
    "metacarpal_pinky_l": {
      "name": "metacarpal_pinky_l",
      "local": {
        "location": {
          "x": 0.0,
          "y": 0.0,
          "z": 0.0
        },
        "rotation_quaternion": {
          "w": 0.9994200468063354,
          "x": 0.025327488780021667,
          "y": 0.009464668110013008,
          "z": 0.02070358209311962
        },
        "scale": {
          "x": 1.0,
          "y": 1.0,
          "z": 1.0
        },
        "matrix_basis": [
          [
            0.9989635348320007,
            -0.040903717279434204,
            0.01996709778904915,
            0.0
          ],
          [
            0.04186258092522621,
            0.99785977602005,
            -0.05023369565606117,
            0.0
          ],
          [
            -0.01786961778998375,
            0.051017504185438156,
            0.9985378980636597,
            0.0
          ],
          [
            0.0,
            0.0,
            0.0,
            1.0
          ]
        ],
        "rotation_mode": "QUATERNION"
      },
      "armature_space": {
        "head": {
          "x": 0.5709671378135681,
          "y": 0.1600276678800583,
          "z": 0.7475531101226807
        },
        "tail": {
          "x": 0.6554108262062073,
          "y": 0.20332801342010498,
          "z": 0.7904201149940491
        }
      },
      "world_space": {
        "head": {
          "x": 0.5709671378135681,
          "y": 0.2232716679573059,
          "z": 1.6974071264266968
        },
        "tail": {
          "x": 0.6554108262062073,
          "y": 0.2665719985961914,
          "z": 1.74027419090271
        },
        "rotation_quaternion": {
          "w": 0.7736340761184692,
          "x": 0.03549050912261009,
          "y": -0.3307632803916931,
          "z": -0.5392833352088928
        },
        "matrix": [
          [
            0.19953663647174835,
            0.8109391927719116,
            -0.5500569343566895,
            0.5709671378135681
          ],
          [
            -0.8578935861587524,
            0.4158266484737396,
            0.3018396496772766,
            0.2232716679573059
          ],
          [
            0.4735044240951538,
            0.4116654098033905,
            0.7786778807640076,
            1.6974071264266968
          ],
          [
            0.0,
            0.0,
            0.0,
            1.0
          ]
        ]
      },
      "bone_length_armature_space": 0.10413086277094985,
      "parent": "lowerarm_l",
      "has_children": true,
      "is_end_bone": false
    },
    "pinky_01_l": {
      "name": "pinky_01_l",
      "local": {
        "location": {
          "x": 0.0,
          "y": 0.0,
          "z": 0.0
        },
        "rotation_quaternion": {
          "w": 0.9986488819122314,
          "x": 0.049621641635894775,
          "y": 0.010026252828538418,
          "z": 0.011732228100299835
        },
        "scale": {
          "x": 1.0,
          "y": 1.0,
          "z": 1.0
        },
        "matrix_basis": [
          [
            0.9995236396789551,
            -0.02243771404027939,
            0.02118975669145584,
            0.0
          ],
          [
            0.02442779205739498,
            0.9948000907897949,
            -0.09887393563985825,
            0.0
          ],
          [
            -0.018861068412661552,
            0.09934445470571518,
            0.9948743581771851,
            0.0
          ],
          [
            0.0,
            0.0,
            0.0,
            1.0
          ]
        ],
        "rotation_mode": "QUATERNION"
      },
      "armature_space": {
        "head": {
          "x": 0.6554108262062073,
          "y": 0.20332801342010498,
          "z": 0.7904201149940491
        },
        "tail": {
          "x": 0.6760963201522827,
          "y": 0.2059115171432495,
          "z": 0.8009904026985168
