{
  "metadata": {
    "armature_name": "KIM_caucasian_male",
    "export_time": "2026-01-13T19:11:19.782179",
    "blender_version": "4.4.1",
    "bone_count": 56,
    "end_bone_count": 13,
    "spaces_included": [
      "LOCAL_CHANNELS",
      "ARMATURE_SPACE",
      "WORLD_SPACE"
    ],
    "note": "LOCAL matches Transform panel; replay pose via local.matrix_basis for best fidelity."
  },
  "bones": {
    "Root": {
      "name": "Root",
      "local": {
        "location": {
          "x": 0.0,
          "y": 0.0,
          "z": 0.0
        },
        "rotation_quaternion": {
          "w": 0.9996176958084106,
          "x": 0.005555606447160244,
          "y": 0.0012803038116544485,
          "z": 0.027057450264692307
        },
        "scale": {
          "x": 1.0,
          "y": 1.0,
          "z": 1.0
        },
        "matrix_basis": [
          [
            0.9985325336456299,
            -0.05407998710870743,
            0.0028602697420865297,
            0.0
          ],
          [
            0.05410843715071678,
            0.9984740614891052,
            -0.011037681251764297,
            0.0
          ],
          [
            -0.002258987631648779,
            0.011176248081028461,
            0.99993497133255,
            0.0
          ],
          [
            0.0,
            0.0,
            0.0,
            1.0
          ]
        ],
        "rotation_mode": "QUATERNION"
      },
      "armature_space": {
        "head": {
          "x": 0.0,
          "y": 0.07072800397872925,
          "z": -0.009595036506652832
        },
        "tail": {
          "x": -0.003860006108880043,
          "y": 6.92903995513916e-07,
          "z": -0.0008051209151744843
        }
      },
      "world_space": {
        "head": {
          "x": 0.0,
          "y": 0.13397200405597687,
          "z": 0.9402589797973633
        },
        "tail": {
          "x": -0.003860006108880043,
          "y": 0.06324469298124313,
          "z": 0.9490488767623901
        },
        "rotation_quaternion": {
          "w": 0.061798907816410065,
          "x": 0.9977210164070129,
          "y": -0.026909731328487396,
          "z": 0.0031001975294202566
        },
        "matrix": [
          [
            0.9985325336456299,
            -0.05407998710870743,
            0.0028602697420865297,
            0.0
          ],
          [
            -0.05331362783908844,
            -0.990913450717926,
            -0.12348344922065735,
            0.13397200405597687
          ],
          [
            0.0095122791826725,
            0.12314967811107635,
            -0.9923495650291443,
            0.9402589797973633
          ],
          [
            0.0,
            0.0,
            0.0,
            1.0
          ]
        ]
      },
      "bone_length_armature_space": 0.0713758689707347,
      "parent": null,
      "has_children": true,
      "is_end_bone": false
    },
    "spine_01": {
      "name": "spine_01",
      "local": {
        "location": {
          "x": 0.0,
          "y": 0.0,
          "z": 0.0
        },
        "rotation_quaternion": {
          "w": 0.997968852519989,
          "x": 0.02005411498248577,
          "y": 0.020800577476620674,
          "z": 0.056776467710733414
        },
        "scale": {
          "x": 1.0,
          "y": 1.0,
          "z": 1.0
        },
        "matrix_basis": [
          [
            0.9926875233650208,
            -0.11248801648616791,
            0.04379386082291603,
            0.0
          ],
          [
            0.1141565665602684,
            0.9927485585212708,
            -0.03766479715704918,
            0.0
          ],
          [
            -0.03923945501446724,
            0.04238872975111008,
            0.9983303546905518,
            0.0
          ],
          [
            0.0,
            0.0,
            0.0,
            1.0
          ]
        ],
        "rotation_mode": "QUATERNION"
      },
      "armature_space": {
        "head": {
          "x": -0.003860006108880043,
          "y": 6.92903995513916e-07,
          "z": -0.0008051209151744843
        },
        "tail": {
          "x": -0.06346796452999115,
          "y": -0.0003549337270669639,
          "z": 0.4835452437400818
        }
      },
      "world_space": {
        "head": {
          "x": -0.003860006108880043,
          "y": 0.06324469298124313,
          "z": 0.9490488767623901
        },
        "tail": {
          "x": -0.06346796452999115,
          "y": 0.06288906931877136,
          "z": 1.4333992004394531
        },
        "rotation_quaternion": {
          "w": 0.7053070068359375,
          "x": 0.7062402367591858,
          "y": -0.046662889420986176,
          "z": 0.039866819977760315
        },
        "matrix": [
          [
            0.9924664497375488,
            -0.12214715033769608,
            -0.00951310247182846,
            -0.003860006108880043
          ],
          [
            -0.009674541652202606,
            -0.0007287412881851196,
            -0.9999529719352722,
            0.06324469298124313
          ],
          [
            0.12213532626628876,
            0.9925187230110168,
            -0.001905888319015503,
            0.9490488767623901
          ],
          [
            0.0,
            0.0,
            0.0,
            1.0
          ]
        ]
      },
      "bone_length_armature_space": 0.4880046151889819,
      "parent": "Root",
      "has_children": true,
      "is_end_bone": false
    },
    "neck_01": {
      "name": "neck_01",
      "local": {
        "location": {
          "x": 0.0,
          "y": 0.0,
          "z": 0.0
        },
        "rotation_quaternion": {
          "w": 0.9877768754959106,
          "x": -0.11940022557973862,
          "y": -0.04460935294628143,
          "z": -0.08972403407096863
        },
        "scale": {
          "x": 1.0,
          "y": 1.0,
          "z": 1.0
        },
        "matrix_basis": [
          [
            0.9799191951751709,
            0.1879073828458786,
            -0.06670203804969788,
            0.0
          ],
          [
            -0.16660191118717194,
            0.9553863406181335,
            0.24388661980628967,
            0.0
          ],
          [
            0.10955431312322617,
            -0.22787649929523468,
            0.9675071835517883,
            0.0
          ],
          [
            0.0,
            0.0,
            0.0,
            1.0
          ]
        ],
        "rotation_mode": "QUATERNION"
      },
      "armature_space": {
        "head": {
          "x": -0.0727413073182106,
          "y": -0.03508710116147995,
          "z": 0.5561498403549194
        },
        "tail": {
          "x": -0.06587979197502136,
          "y": -0.05097639188170433,
          "z": 0.6572003960609436
        }
      },
      "world_space": {
        "head": {
          "x": -0.0727413073182106,
          "y": 0.02815689891576767,
          "z": 1.5060038566589355
        },
        "tail": {
          "x": -0.06587979197502136,
          "y": 0.01226760819554329,
          "z": 1.6070544719696045
        },
        "rotation_quaternion": {
          "w": 0.6499786376953125,
          "x": 0.758621096611023,
          "y": 0.005920340307056904,
          "z": -0.04457461088895798
        },
        "matrix": [
          [
            0.9959561228752136,
            0.06692769378423691,
            -0.05993383005261421,
            -0.0727413073182106
          ],
          [
            -0.0489620678126812,
            -0.1549852043390274,
            -0.9867028594017029,
            0.02815689891576767
          ],
          [
            -0.07532714307308197,
            0.9856538772583008,
            -0.1510835438966751,
            1.5060038566589355
          ],
          [
            0.0,
            0.0,
            0.0,
            1.0
          ]
        ]
      },
      "bone_length_armature_space": 0.10252201898028872,
      "parent": "spine_01",
      "has_children": true,
      "is_end_bone": false
    },
    "head": {
      "name": "head",
      "local": {
        "location": {
          "x": 0.0,
          "y": 0.0,
          "z": 0.0
        },
        "rotation_quaternion": {
          "w": 0.9717854857444763,
          "x": -0.06587566435337067,
          "y": -0.1010432168841362,
          "z": 0.20269103348255157
        },
        "scale": {
          "x": 1.0,
          "y": 1.0,
          "z": 1.0
        },
        "matrix_basis": [
          [
            0.8974132537841797,
            -0.38063183426856995,
            -0.22308947145938873,
            0.0
          ],
          [
            0.40725699067115784,
            0.9091534614562988,
            0.08707292377948761,
            0.0
          ],
          [
            0.16967985033988953,
            -0.16899514198303223,
            0.9709013104438782,
            0.0
          ],
          [
            0.0,
            0.0,
            0.0,
            1.0
          ]
        ],
        "rotation_mode": "QUATERNION"
      },
      "armature_space": {
        "head": {
          "x": -0.06587979942560196,
          "y": -0.05097653344273567,
          "z": 0.6572003364562988
        },
        "tail": {
          "x": -0.11199632287025452,
          "y": 0.007579348981380463,
          "z": 0.7932066917419434
        }
      },
      "world_space": {
        "head": {
          "x": -0.06587979942560196,
          "y": 0.012267466634511948,
          "z": 1.607054352760315
        },
        "tail": {
          "x": -0.11199632287025452,
          "y": 0.07082334905862808,
          "z": 1.7430607080459595
        },
        "rotation_quaternion": {
          "w": 0.807789146900177,
          "x": 0.5553335547447205,
          "y": -0.19041112065315247,
          "z": 0.05315101146697998
        },
        "matrix": [
          [
            0.921837568283081,
            -0.2973529100418091,
            -0.24858954548835754,
            -0.06587979942560196
          ],
          [
            -0.1256120204925537,
            0.3775601387023926,
            -0.917425811290741,
            0.012267466634511948
          ],
          [
            0.3666591942310333,
            0.8769498467445374,
            0.3106992840766907,
            1.607054352760315
          ],
          [
            0.0,
            0.0,
            0.0,
            1.0
          ]
        ]
      },
      "bone_length_armature_space": 0.15509111193296063,
      "parent": "neck_01",
      "has_children": false,
      "is_end_bone": true
    },
    "upperarm_l": {
      "name": "upperarm_l",
      "local": {
        "location": {
          "x": 0.0,
          "y": 0.0,
          "z": 0.0
        },
        "rotation_quaternion": {
          "w": 0.9319192171096802,
          "x": -0.140346959233284,
          "y": -0.2036251574754715,
          "z": -0.2652663290500641
        },
        "scale": {
          "x": 1.0,
          "y": 1.0,
          "z": 1.0
        },
        "matrix_basis": [
          [
            0.7763411402702332,
            0.551569938659668,
            -0.30506575107574463,
            0.0
          ],
          [
            -0.43725723028182983,
            0.819873034954071,
            0.3696138560771942,
            0.0
          ],
          [
            0.45398303866386414,
            -0.1535542607307434,
            0.8776790499687195,
            0.0
          ],
          [
            0.0,
            0.0,
            0.0,
            1.0
          ]
        ],
        "rotation_mode": "QUATERNION"
      },
      "armature_space": {
        "head": {
          "x": 0.08430756628513336,
          "y": -0.03967828303575516,
          "z": 0.5077590942382812
        },
        "tail": {
          "x": 0.31621605157852173,
          "y": 0.011595897376537323,
          "z": 0.38367339968681335
        }
      },
      "world_space": {
        "head": {
          "x": 0.08430756628513336,
          "y": 0.023565717041492462,
          "z": 1.4576131105422974
        },
        "tail": {
          "x": 0.31621605157852173,
          "y": 0.07483989745378494,
          "z": 1.3335274457931519
        },
        "rotation_quaternion": {
          "w": 0.5407546758651733,
          "x": 0.18985292315483093,
          "y": 0.5506865978240967,
          "z": -0.6068646311759949
        },
        "matrix": [
          [
            -0.34307846426963806,
            0.8654288053512573,
            0.3651442229747772,
            0.08430756628513336
          ],
          [
            -0.44723376631736755,
            0.19134339690208435,
            -0.8737104535102844,
            0.023565717041492462
          ],
          [
            -0.826008141040802,
            -0.46305912733078003,
            0.3214046061038971,
            1.4576131105422974
          ],
          [
            0.0,
            0.0,
            0.0,
            1.0
          ]
        ]
      },
      "bone_length_armature_space": 0.26796986451765237,
      "parent": "spine_01",
      "has_children": true,
      "is_end_bone": false
    },
    "lowerarm_l": {
      "name": "lowerarm_l",
      "local": {
        "location": {
          "x": 0.0,
          "y": 0.0,
          "z": 0.0
        },
        "rotation_quaternion": {
          "w": 0.9858096837997437,
          "x": 0.0629144087433815,
          "y": 0.01019298192113638,
          "z": 0.15529748797416687
        },
        "scale": {
          "x": 1.0,
          "y": 1.0,
          "z": 1.0
        },
        "matrix_basis": [
          [
            0.9515575766563416,
            -0.304904967546463,
            0.03963758051395416,
            0.0
          ],
          [
            0.3074701130390167,
            0.9438489079475403,
            -0.12087737768888474,
            0.0
          ],
          [
            -0.0005557812983170152,
            0.1272091567516327,
            0.9918757677078247,
            0.0
          ],
          [
            0.0,
            0.0,
            0.0,
            1.0
          ]
        ],
        "rotation_mode": "QUATERNION"
      },
      "armature_space": {
        "head": {
          "x": 0.3162161707878113,
          "y": 0.011595923453569412,
          "z": 0.38367345929145813
        },
        "tail": {
          "x": 0.5792156457901001,
          "y": 0.05950421839952469,
          "z": 0.37340718507766724
        }
      },
      "world_space": {
        "head": {
          "x": 0.3162161707878113,
          "y": 0.07483991980552673,
          "z": 1.3335274457931519
        },
        "tail": {
          "x": 0.5792156457901001,
          "y": 0.12274821847677231,
          "z": 1.3232612609863281
        },
        "rotation_quaternion": {
          "w": 0.6575481295585632,
          "x": 0.30914703011512756,
          "y": 0.39644908905029297,
          "z": -0.5611477494239807
        },
        "matrix": [
          [
            0.05588141828775406,
            0.9830857515335083,
            0.1744120717048645,
            0.3162161707878113
          ],
          [
            -0.4928416311740875,
            0.1790800392627716,
            -0.8514914512634277,
            0.07483991980552673
          ],
          [
            -0.8683292865753174,
            -0.03837503120303154,
            0.4945155382156372,
            1.3335274457931519
          ],
          [
            0.0,
            0.0,
            0.0,
            1.0
          ]
        ]
      },
      "bone_length_armature_space": 0.26752443846651536,
      "parent": "upperarm_l",
      "has_children": true,
      "is_end_bone": false
    },
    "metacarpal_thumb_l": {
      "name": "metacarpal_thumb_l",
      "local": {
        "location": {
          "x": 0.0,
          "y": 0.0,
          "z": 0.0
        },
        "rotation_quaternion": {
          "w": 0.9982479810714722,
          "x": -0.05691497027873993,
          "y": -0.008886435069143772,
          "z": 0.013515579514205456
        },
        "scale": {
          "x": 1.0,
          "y": 1.0,
          "z": 1.0
        },
        "matrix_basis": [
          [
            0.9994767308235168,
            -0.025972258299589157,
            -0.01928021013736725,
            0.0
          ],
          [
            0.027995342388749123,
            0.9931560158729553,
            0.11339029669761658,
            0.0
          ],
          [
            0.016203254461288452,
            -0.11387071758508682,
            0.9933634400367737,
            0.0
          ],
          [
            0.0,
            0.0,
            0.0,
            1.0
          ]
        ],
        "rotation_mode": "QUATERNION"
      },
      "armature_space": {
        "head": {
          "x": 0.5792156457901001,
          "y": 0.05950421839952469,
          "z": 0.37340718507766724
        },
        "tail": {
          "x": 0.6230933666229248,
          "y": 0.039083726704120636,
          "z": 0.3839585483074188
        }
      },
      "world_space": {
        "head": {
          "x": 0.5792156457901001,
          "y": 0.12274821847677231,
          "z": 1.3232612609863281
        },
        "tail": {
          "x": 0.6230933666229248,
          "y": 0.10232772678136826,
          "z": 1.3338125944137573
        },
        "rotation_quaternion": {
          "w": 0.2268805354833603,
          "x": 0.8242532014846802,
          "y": 0.49233853816986084,
          "z": -0.16350755095481873
        },
        "matrix": [
          [
            0.46173566579818726,
            0.8858166337013245,
            -0.046137504279613495,
            0.5792156457901001
          ],
          [
            0.7374303936958313,
            -0.4122547507286072,
            -0.5350165367126465,
            0.12274821847677231
          ],
          [
            -0.49294978380203247,
            0.213014155626297,
            -0.8435872197151184,
            1.3232612609863281
          ],
          [
            0.0,
            0.0,
            0.0,
            1.0
          ]
        ]
      },
      "bone_length_armature_space": 0.049533646208229073,
      "parent": "lowerarm_l",
      "has_children": true,
      "is_end_bone": false
    },
    "thumb_01_l": {
      "name": "thumb_01_l",
      "local": {
        "location": {
          "x": 0.0,
          "y": 0.0,
          "z": 0.0
        },
        "rotation_quaternion": {
          "w": 0.9981268644332886,
          "x": -0.058346450328826904,
          "y": -0.008913025259971619,
          "z": -0.016094163060188293
        },
        "scale": {
          "x": 1.0,
          "y": 1.0,
          "z": 1.0
        },
        "matrix_basis": [
          [
            0.9993230700492859,
            0.03316811844706535,
            -0.015914585441350937,
            0.0
          ],
          [
            -0.03108794614672661,
            0.9926733374595642,
            0.116761215031147,
            0.0
          ],
          [
            0.01967073418200016,
            -0.11618742346763611,
            0.9930325150489807,
            0.0
          ],
          [
            0.0,
            0.0,
            0.0,
            1.0
          ]
        ],
        "rotation_mode": "QUATERNION"
      },
      "armature_space": {
        "head": {
          "x": 0.6230933666229248,
          "y": 0.039083726704120636,
          "z": 0.3839585483074188
        },
        "tail": {
          "x": 0.6384970545768738,
          "y": 0.01094813458621502,
          "z": 0.3725680708885193
        }
      },
      "world_space": {
        "head": {
          "x": 0.6230933666229248,
          "y": 0.10232772678136826,
          "z": 1.3338125944137573
        },
        "tail": {
          "x": 0.6384970545768738,
          "y": 0.07419213652610779,
          "z": 1.3224220275878906
        },
        "rotation_quaternion": {
          "w": 0.2526036202907562,
          "x": -0.882321834564209,
          "y": -0.15133348107337952,
          "z": -0.3671480417251587
        },
        "matrix": [
          [
            0.6846011877059937,
            0.45253539085388184,
            0.5714302659034729,
            0.6230933666229248
          ],
          [
            0.08156483620405197,
            -0.8265795707702637,
            0.5568784475326538,
            0.10232772678136826
          ],
          [
            0.7243448495864868,
            -0.3346341848373413,
            -0.6027921438217163,
            1.3338125944137573
          ],
          [
            0.0,
            0.0,
            0.0,
            1.0
          ]
        ]
      },
      "bone_length_armature_space": 0.03403862706607783,
      "parent": "metacarpal_thumb_l",
      "has_children": true,
      "is_end_bone": false
    },
    "thumb_02_l": {
      "name": "thumb_02_l",
      "local": {
        "location": {
          "x": 0.0,
          "y": 0.0,
          "z": 0.0
        },
        "rotation_quaternion": {
          "w": 0.996852695941925,
          "x": 0.07892576605081558,
          "y": -0.006351371295750141,
          "z": 0.003889900166541338
        },
        "scale": {
          "x": 1.0,
          "y": 1.0,
          "z": 1.0
        },
        "matrix_basis": [
          [
            0.999889075756073,
            -0.008757888339459896,
            -0.012048736214637756,
            0.0
          ],
          [
            0.006752741057425737,
            0.987511157989502,
            -0.15740413963794708,
            0.0
          ],
          [
            0.013276790268719196,
            0.15730531513690948,
            0.9874607920646667,
            0.0
          ],
          [
            0.0,
            0.0,
            0.0,
            1.0
          ]
        ],
        "rotation_mode": "QUATERNION"
      },
      "armature_space": {
        "head": {
          "x": 0.638496994972229,
          "y": 0.010948115959763527,
          "z": 0.3725680708885193
        },
        "tail": {
          "x": 0.6782470941543579,
          "y": 0.016465958207845688,
          "z": 0.3709362745285034
        }
      },
      "world_space": {
        "head": {
          "x": 0.638496994972229,
          "y": 0.074192114174366,
          "z": 1.3224220275878906
        },
        "tail": {
          "x": 0.6782470941543579,
          "y": 0.0797099620103836,
          "z": 1.3207902908325195
        },
        "rotation_quaternion": {
          "w": 0.5998440980911255,
          "x": -0.4191100001335144,
          "y": -0.45703235268592834,
          "z": -0.5056236386299133
        },
        "matrix": [
          [
            0.07093091309070587,
            0.9896844625473022,
            -0.1244710236787796,
            0.638496994972229
          ],
          [
            -0.22349707782268524,
            0.1373814344406128,
            0.9649743437767029,
            0.074192114174366
          ],
          [
            0.9721269011497498,
            -0.04062784090638161,
            0.2309386432170868,
            1.3224220275878906
          ],
          [
            0.0,
            0.0,
            0.0,
            1.0
          ]
        ]
      },
      "bone_length_armature_space": 0.0401644083414039,
      "parent": "thumb_01_l",
      "has_children": true,
      "is_end_bone": false
    },
    "thumb_03_l": {
      "name": "thumb_03_l",
      "local": {
        "location": {
          "x": 0.0,
          "y": 0.0,
          "z": 0.0
        },
        "rotation_quaternion": {
          "w": 0.9979684948921204,
          "x": 0.0635533481836319,
          "y": -0.0015573174459859729,
          "z": 0.004176612477749586
        },
        "scale": {
          "x": 1.0,
          "y": 1.0,
          "z": 1.0
        },
        "matrix_basis": [
          [
            0.9999602437019348,
            -0.008534200489521027,
            -0.0025774319656193256,
            0.0
          ],
          [
            0.00813831016421318,
            0.9918870329856873,
            -0.12686148285865784,
            0.0
          ],
          [
            0.0036391830071806908,
            0.12683546543121338,
            0.991917073726654,
            0.0
          ],
          [
            0.0,
            0.0,
            0.0,
            1.0
          ]
        ],
        "rotation_mode": "QUATERNION"
      },
      "armature_space": {
        "head": {
          "x": 0.6782470345497131,
          "y": 0.01646587997674942,
          "z": 0.3709363341331482
        },
        "tail": {
          "x": 0.7040969729423523,
          "y": 0.032433122396469116,
          "z": 0.3690076768398285
        }
      },
      "world_space": {
        "head": {
          "x": 0.6782470345497131,
          "y": 0.07970988005399704,
          "z": 1.3207902908325195
        },
        "tail": {
          "x": 0.7040969729423523,
          "y": 0.09567712247371674,
          "z": 1.318861722946167
        },
        "rotation_quaternion": {
          "w": 0.7882411479949951,
          "x": -0.24182714521884918,
          "y": -0.375378280878067,
          "z": -0.42342284321784973
        },
        "matrix": [
          [
            0.35960766673088074,
            0.8490725755691528,
            -0.386985182762146,
            0.6782470345497131
          ],
          [
            -0.4859654903411865,
            0.5244638323783875,
            0.6991246938705444,
            0.07970988005399704
          ],
          [
            0.7965726256370544,
            -0.0633491724729538,
            0.6012261509895325,
            1.3207902908325195
          ],
          [
            0.0,
            0.0,
            0.0,
            1.0
          ]
        ]
      },
      "bone_length_armature_space": 0.03044489863949056,
      "parent": "thumb_02_l",
      "has_children": false,
      "is_end_bone": true
    },
    "metacarpal_index_l": {
      "name": "metacarpal_index_l",
      "local": {
        "location": {
          "x": 0.0,
          "y": 0.0,
          "z": 0.0
        },
        "rotation_quaternion": {
          "w": 0.999849796295166,
          "x": 0.0006279281806200743,
          "y": 0.0005963705480098724,
          "z": -0.017311960458755493
        },
        "scale": {
          "x": 1.0,
          "y": 1.0,
          "z": 1.0
        },
        "matrix_basis": [
          [
            0.9993999004364014,
            0.034619469195604324,
            0.0011708205565810204,
            0.0
          ],
          [
            -0.03461797162890434,
            0.9993997812271118,
            -0.0012763164704665542,
            0.0
          ],
          [
            -0.001214303309097886,
            0.0012350190663710237,
            0.9999985098838806,
            0.0
          ],
          [
            0.0,
            0.0,
            0.0,
            1.0
          ]
        ],
        "rotation_mode": "QUATERNION"
      },
      "armature_space": {
        "head": {
          "x": 0.5792156457901001,
          "y": 0.05950421839952469,
          "z": 0.37340718507766724
        },
        "tail": {
          "x": 0.6956993937492371,
          "y": 0.04766689985990524,
          "z": 0.37794896960258484
        }
      },
      "world_space": {
        "head": {
          "x": 0.5792156457901001,
          "y": 0.12274821847677231,
          "z": 1.3232612609863281
        },
        "tail": {
          "x": 0.6956993937492371,
          "y": 0.11091089993715286,
          "z": 1.3278030157089233
        },
        "rotation_quaternion": {
          "w": 0.370761901140213,
          "x": 0.6337022185325623,
          "y": 0.5585888028144836,
          "z": -0.385921835899353
        },
        "matrix": [
          [
            0.07808399200439453,
            0.9941282868385315,
            -0.07490964978933334,
            0.5792156457901001
          ],
          [
            0.42178764939308167,
            -0.10102538019418716,
            -0.9010489583015442,
            0.12274821847677231
          ],
          [
            -0.9033321738243103,
            0.03876175731420517,
            -0.4272034168243408,
            1.3232612609863281
          ],
          [
            0.0,
            0.0,
            0.0,
            1.0
          ]
        ]
      },
      "bone_length_armature_space": 0.11717172718475584,
      "parent": "lowerarm_l",
      "has_children": true,
      "is_end_bone": false
    },
    "index_01_l": {
      "name": "index_01_l",
      "local": {
        "location": {
          "x": 0.0,
          "y": 0.0,
          "z": 0.0
        },
        "rotation_quaternion": {
          "w": 0.9936249256134033,
          "x": -0.11189243197441101,
          "y": -0.012955686077475548,
          "z": -0.0046755475923419
        },
        "scale": {
          "x": 1.0,
          "y": 1.0,
          "z": 1.0
        },
        "matrix_basis": [
          [
            0.9996205568313599,
            0.01219076756387949,
            -0.024699868634343147,
            0.0
          ],
          [
            -0.006392194889485836,
            0.9749164581298828,
            0.22247937321662903,
            0.0
          ],
          [
            0.026792502030730247,
            -0.22223706543445587,
            0.9746244549751282,
            0.0
          ],
          [
            0.0,
            0.0,
            0.0,
            1.0
          ]
        ],
        "rotation_mode": "QUATERNION"
      },
      "armature_space": {
        "head": {
          "x": 0.6956993937492371,
          "y": 0.04766689985990524,
          "z": 0.37794896960258484
        },
        "tail": {
          "x": 0.7219951748847961,
          "y": 0.05816377326846123,
          "z": 0.3745702803134918
        }
      },
      "world_space": {
        "head": {
          "x": 0.6956993937492371,
          "y": 0.11091089993715286,
          "z": 1.3278030157089233
        },
        "tail": {
          "x": 0.7219951748847961,
          "y": 0.12140777707099915,
          "z": 1.3244242668151855
        },
        "rotation_quaternion": {
          "w": 0.3892762064933777,
          "x": 0.4581744372844696,
          "y": 0.729745090007782,
          "z": -0.3255954086780548
        },
        "matrix": [
          [
            -0.2770794928073883,
            0.9221947193145752,
            0.2697840929031372,
            0.6956993937492371
          ],
          [
            0.4152085483074188,
            0.3681257665157318,
            -0.8319167494773865,
            0.11091089993715286
          ],
          [
            -0.8665095567703247,
            -0.11849094927310944,
            -0.48490747809410095,
            1.3278030157089233
          ],
          [
            0.0,
            0.0,
            0.0,
            1.0
          ]
        ]
      },
      "bone_length_armature_space": 0.028514347645894254,
      "parent": "metacarpal_index_l",
      "has_children": true,
      "is_end_bone": false
    },
    "index_02_l": {
      "name": "index_02_l",
      "local": {
        "location": {
          "x": 0.0,
          "y": 0.0,
          "z": 0.0
        },
        "rotation_quaternion": {
          "w": 0.9985092878341675,
          "x": 0.054201819002628326,
          "y": 0.0027780761010944843,
          "z": -0.005812696181237698
        },
        "scale": {
          "x": 1.0,
          "y": 1.0,
          "z": 1.0
        },
        "matrix_basis": [
          [
            0.9999169707298279,
            0.011909215711057186,
            0.004917751997709274,
            0.0
          ],
          [
            -0.011306908912956715,
            0.994056761264801,
            -0.10827433317899704,
            0.0
          ],
          [
            -0.0061779869720339775,
            0.10820974409580231,
            0.9941089153289795,
            0.0
          ],
          [
            0.0,
            0.0,
            0.0,
            1.0
          ]
        ],
        "rotation_mode": "QUATERNION"
      },
      "armature_space": {
        "head": {
          "x": 0.7219956517219543,
          "y": 0.05816355347633362,
          "z": 0.3745702803134918
        },
        "tail": {
          "x": 0.7458325624465942,
          "y": 0.06636951863765717,
          "z": 0.36982104182243347
        }
      },
      "world_space": {
        "head": {
          "x": 0.7219956517219543,
          "y": 0.12140755355358124,
          "z": 1.3244242668151855
        },
        "tail": {
          "x": 0.7458325624465942,
          "y": 0.12961351871490479,
          "z": 1.319675087928772
        },
        "rotation_quaternion": {
          "w": 0.3882639706134796,
          "x": 0.44789767265319824,
          "y": 0.7135768532752991,
          "z": -0.3734259605407715
        },
        "matrix": [
          [
            -0.29727670550346375,
            0.9291948080062866,
            0.21959778666496277,
            0.7219956517219543
          ],
          [
            0.3492439091205597,
            0.31988003849983215,
            -0.8807415962219238,
            0.12140755355358124
          ],
          [
            -0.8886314034461975,
            -0.18513181805610657,
            -0.419612318277359,
            1.3244242668151855
          ],
          [
            0.0,
            0.0,
            0.0,
            1.0
          ]
        ]
      },
      "bone_length_armature_space": 0.02565329345491527,
      "parent": "index_01_l",
      "has_children": true,
      "is_end_bone": false
    },
    "index_03_l": {
      "name": "index_03_l",
      "local": {
        "location": {
          "x": 0.0,
          "y": 0.0,
          "z": 0.0
        },
        "rotation_quaternion": {
          "w": 0.9993685483932495,
          "x": 0.0349101722240448,
          "y": -0.00579705648124218,
          "z": 0.0031977989710867405
        },
        "scale": {
          "x": 1.0,
          "y": 1.0,
          "z": 1.0
        },
        "matrix_basis": [
          [
            0.9999123215675354,
            -0.006796312052756548,
            -0.011363520286977291,
            0.0
          ],
          [
            0.005986806936562061,
            0.9975420832633972,
            -0.0698133334517479,
            0.0
          ],
          [
            0.011810063384473324,
            0.06973917782306671,
            0.9974953532218933,
            0.0
          ],
          [
            0.0,
            0.0,
            0.0,
            1.0
          ]
        ],
        "rotation_mode": "QUATERNION"
      },
      "armature_space": {
        "head": {
          "x": 0.7458324432373047,
          "y": 0.06636963784694672,
          "z": 0.36982113122940063
        },
        "tail": {
          "x": 0.772778332233429,
          "y": 0.07240845263004303,
          "z": 0.3602721393108368
        }
      },
      "world_space": {
        "head": {
          "x": 0.7458324432373047,
          "y": 0.12961363792419434,
          "z": 1.3196752071380615
        },
        "tail": {
          "x": 0.772778332233429,
          "y": 0.13565245270729065,
          "z": 1.3101261854171753
        },
        "rotation_quaternion": {
          "w": 0.314681738615036,
          "x": 0.45751288533210754,
          "y": 0.7101508975028992,
          "z": -0.4328314960002899
        },
        "matrix": [
          [
            -0.38331371545791626,
            0.9222148656845093,
            0.050889670848846436,
            0.7458324432373047
          ],
          [
            0.3773997128009796,
            0.20667646825313568,
            -0.902692973613739,
            0.12961363792419434
          ],
          [
            -0.8430002331733704,
            -0.3268110454082489,
            -0.4272693693637848,
            1.3196752071380615
          ],
          [
            0.0,
            0.0,
            0.0,
            1.0
          ]
        ]
      },
      "bone_length_armature_space": 0.029218683044204996,
      "parent": "index_02_l",
      "has_children": false,
      "is_end_bone": true
    },
    "metacarpal_pinky_l": {
      "name": "metacarpal_pinky_l",
      "local": {
        "location": {
          "x": 0.0,
          "y": 0.0,
          "z": 0.0
        },
        "rotation_quaternion": {
          "w": 0.9990032911300659,
          "x": -0.043488938361406326,
          "y": 0.0028417413122951984,
          "z": -0.009648474864661694
        },
        "scale": {
          "x": 1.0,
          "y": 1.0,
          "z": 1.0
        },
        "matrix_basis": [
          [
            0.9997976422309875,
            0.01903054676949978,
            0.006517021916806698,
            0.0
          ],
          [
            -0.019524885341525078,
            0.9960312247276306,
            0.08683634549379349,
            0.0
          ],
          [
            -0.004838613793253899,
            -0.0869460254907608,
            0.9962012767791748,
            0.0
          ],
          [
            0.0,
            0.0,
            0.0,
            1.0
          ]
        ],
        "rotation_mode": "QUATERNION"
      },
      "armature_space": {
        "head": {
          "x": 0.5792156457901001,
          "y": 0.05950421839952469,
          "z": 0.37340718507766724
        },
        "tail": {
          "x": 0.6711304187774658,
          "y": 0.09956079721450806,
          "z": 0.34529370069503784
        }
      },
      "world_space": {
        "head": {
          "x": 0.5792156457901001,
          "y": 0.12274821847677231,
          "z": 1.3232612609863281
        },
        "tail": {
          "x": 0.6711304187774658,
          "y": 0.16280479729175568,
          "z": 1.2951476573944092
        },
        "rotation_quaternion": {
          "w": 0.8319105505943298,
          "x": -0.17254279553890228,
          "y": -0.016219239681959152,
          "z": -0.5271535515785217
        },
        "matrix": [
          [
            0.44369184970855713,
            0.8826860785484314,
            0.1549283266067505,
            0.5792156457901001
          ],
          [
            -0.8714924454689026,
            0.3846758008003235,
            0.3041801154613495,
            0.12274821847677231
          ],
          [
            0.20889915525913239,
            -0.26998257637023926,
            0.9399386644363403,
            1.3232612609863281
          ],
          [
            0.0,
            0.0,
            0.0,
            1.0
          ]
        ]
      },
      "bone_length_armature_space": 0.10413079597213991,
      "parent": "lowerarm_l",
      "has_children": true,
      "is_end_bone": false
    },
    "pinky_01_l": {
      "name": "pinky_01_l",
      "local": {
        "location": {
          "x": 0.0,
          "y": 0.0,
          "z": 0.0
        },
        "rotation_quaternion": {
          "w": 0.9910186529159546,
          "x": -0.13273093104362488,
          "y": 0.015965227037668228,
          "z": -0.0031312573701143265
        },
        "scale": {
          "x": 1.0,
          "y": 1.0,
          "z": 1.0
        },
        "matrix_basis": [
          [
            0.999470591545105,
            0.001968109980225563,
            0.032474905252456665,
            0.0
          ],
          [
            -0.010444427840411663,
            0.9647454023361206,
            0.262977659702301,
            0.0
          ],
          [
            -0.030812446027994156,
            -0.26317763328552246,
            0.9642552137374878,
            0.0
          ],
          [
            0.0,
            0.0,
            0.0,
            1.0
          ]
        ],
        "rotation_mode": "QUATERNION"
      },
      "armature_space": {
        "head": {
          "x": 0.6711304187774658,
          "y": 0.09956079721450806,
          "z": 0.34529370069503784
        },
        "tail": {
          "x": 0.6931798458099365,
