{
  "metadata": {
    "armature_name": "KIM_caucasian_male",
    "export_time": "2026-01-13T21:13:16.586331",
    "blender_version": "4.4.1",
    "bone_count": 56,
    "end_bone_count": 13,
    "spaces_included": [
      "LOCAL_CHANNELS",
      "ARMATURE_SPACE",
      "WORLD_SPACE"
    ],
    "note": "LOCAL matches Transform panel; replay pose via local.matrix_basis for best fidelity."
  },
  "bones": {
    "Root": {
      "name": "Root",
      "local": {
        "location": {
          "x": 0.0,
          "y": 0.0,
          "z": 0.0
        },
        "rotation_quaternion": {
          "w": 0.9995827674865723,
          "x": 0.012847185134887695,
          "y": 0.01222663838416338,
          "z": -0.022802161052823067
        },
        "scale": {
          "x": 1.0,
          "y": 1.0,
          "z": 1.0
        },
        "matrix_basis": [
          [
            0.9986611604690552,
            0.04589945077896118,
            0.02385718747973442,
            0.0
          ],
          [
            -0.0452711395919323,
            0.9986300468444824,
            -0.026241237297654152,
            0.0
          ],
          [
            -0.025028960779309273,
            0.025126062333583832,
            0.9993709325790405,
            0.0
          ],
          [
            0.0,
            0.0,
            0.0,
            1.0
          ]
        ],
        "rotation_mode": "QUATERNION"
      },
      "armature_space": {
        "head": {
          "x": 0.0,
          "y": 0.07072800397872925,
          "z": -0.009595036506652832
        },
        "tail": {
          "x": 0.003276113187894225,
          "y": -0.00014419108629226685,
          "z": -0.0017902739346027374
        }
      },
      "world_space": {
        "head": {
          "x": 0.0,
          "y": 0.13397200405597687,
          "z": 0.9402589797973633
        },
        "tail": {
          "x": 0.003276113187894225,
          "y": 0.06309980899095535,
          "z": 0.9480637311935425
        },
        "rotation_quaternion": {
          "w": 0.05452154204249382,
          "x": 0.9981773495674133,
          "y": 0.023574043065309525,
          "z": 0.010662730783224106
        },
        "matrix": [
          [
            0.9986611604690552,
            0.04589945077896118,
            0.02385718747973442,
            0.0
          ],
          [
            0.048224858939647675,
            -0.9929433465003967,
            -0.10834208130836487,
            0.13397200405597687
          ],
          [
            0.01871616765856743,
            0.10934735834598541,
            -0.9938344359397888,
            0.9402589797973633
          ],
          [
            0.0,
            0.0,
            0.0,
            1.0
          ]
        ]
      },
      "bone_length_armature_space": 0.07137587325852779,
      "parent": null,
      "has_children": true,
      "is_end_bone": false
    },
    "spine_01": {
      "name": "spine_01",
      "local": {
        "location": {
          "x": 0.0,
          "y": 0.0,
          "z": 0.0
        },
        "rotation_quaternion": {
          "w": 0.998571515083313,
          "x": -0.034616462886333466,
          "y": 0.0369841568171978,
          "z": -0.01700153946876526
        },
        "scale": {
          "x": 1.0,
          "y": 1.0,
          "z": 1.0
        },
        "matrix_basis": [
          [
            0.9966862201690674,
            0.03139398619532585,
            0.07503971457481384,
            0.0
          ],
          [
            -0.03651502728462219,
            0.9970253109931946,
            0.06787645071744919,
            0.0
          ],
          [
            -0.07268558442592621,
            -0.07039160281419754,
            0.994867742061615,
            0.0
          ],
          [
            0.0,
            0.0,
            0.0,
            1.0
          ]
        ],
        "rotation_mode": "QUATERNION"
      },
      "armature_space": {
        "head": {
          "x": 0.003276113187894225,
          "y": -0.00014419108629226685,
          "z": -0.0017902739346027374
        },
        "tail": {
          "x": 0.007335072383284569,
          "y": 0.044908806681632996,
          "z": 0.4841133654117584
        }
      },
      "world_space": {
        "head": {
          "x": 0.003276113187894225,
          "y": 0.06309980899095535,
          "z": 0.9480637311935425
        },
        "tail": {
          "x": 0.007335072383284569,
          "y": 0.10815280675888062,
          "z": 1.4339673519134521
        },
        "rotation_quaternion": {
          "w": 0.7374885678291321,
          "x": 0.6726133823394775,
          "y": 0.04765627905726433,
          "z": 0.03782498091459274
        },
        "matrix": [
          [
            0.9925962686538696,
            0.00831751897931099,
            0.12117502838373184,
            0.003276113187894225
          ],
          [
            0.11989941447973251,
            0.0923214852809906,
            -0.9884842038154602,
            0.06309980899095535
          ],
          [
            -0.0194088201969862,
            0.9957016706466675,
            0.09064042568206787,
            0.9480637311935425
          ],
          [
            0.0,
            0.0,
            0.0,
            1.0
          ]
        ]
      },
      "bone_length_armature_space": 0.4880047184905991,
      "parent": "Root",
      "has_children": true,
      "is_end_bone": false
    },
    "neck_01": {
      "name": "neck_01",
      "local": {
        "location": {
          "x": 0.0,
          "y": 0.0,
          "z": 0.0
        },
        "rotation_quaternion": {
          "w": 0.992152214050293,
          "x": 0.020123852416872978,
          "y": -0.10706336051225662,
          "z": -0.061371855437755585
        },
        "scale": {
          "x": 1.0,
          "y": 1.0,
          "z": 1.0
        },
        "matrix_basis": [
          [
            0.9695418477058411,
            0.11747138947248459,
            -0.2149163782596588,
            0.0
          ],
          [
            -0.12608949840068817,
            0.9916570782661438,
            -0.026790495961904526,
            0.0
          ],
          [
            0.2099762260913849,
            0.053073205053806305,
            0.9762649536132812,
            0.0
          ],
          [
            0.0,
            0.0,
            0.0,
            1.0
          ]
        ],
        "rotation_mode": "QUATERNION"
      },
      "armature_space": {
        "head": {
          "x": 0.012146471999585629,
          "y": 0.017387375235557556,
          "z": 0.5601605772972107
        },
        "tail": {
          "x": 0.030148543417453766,
          "y": -0.01585175096988678,
          "z": 0.6554592251777649
        }
      },
      "world_space": {
        "head": {
          "x": 0.012146471999585629,
          "y": 0.08063137531280518,
          "z": 1.510014533996582
        },
        "tail": {
          "x": 0.030148543417453766,
          "y": 0.04739224910736084,
          "z": 1.6053133010864258
        },
        "rotation_quaternion": {
          "w": 0.5799460411071777,
          "x": 0.8079624176025391,
          "y": 0.03942377120256424,
          "z": -0.09646372497081757
        },
        "matrix": [
          [
            0.9782811403274536,
            0.17559342086315155,
            -0.11014976352453232,
            0.012146471999585629
          ],
          [
            -0.0481807142496109,
            -0.32421666383743286,
            -0.9447553157806396,
            0.08063137531280518
          ],
          [
            -0.2016066461801529,
            0.929549515247345,
            -0.30871790647506714,
            1.510014533996582
          ],
          [
            0.0,
            0.0,
            0.0,
            1.0
          ]
        ]
      },
      "bone_length_armature_space": 0.10252193012617745,
      "parent": "spine_01",
      "has_children": true,
      "is_end_bone": false
    },
    "head": {
      "name": "head",
      "local": {
        "location": {
          "x": 0.0,
          "y": 0.0,
          "z": 0.0
        },
        "rotation_quaternion": {
          "w": 0.9971158504486084,
          "x": 0.06940957903862,
          "y": 0.017804035916924477,
          "z": 0.025007277727127075
        },
        "scale": {
          "x": 1.0,
          "y": 1.0,
          "z": 1.0
        },
        "matrix_basis": [
          [
            0.9981153011322021,
            -0.04739876464009285,
            0.03897686302661896,
            0.0
          ],
          [
            0.052341848611831665,
            0.9891138672828674,
            -0.13752831518650055,
            0.0
          ],
          [
            -0.03203388303518295,
            0.13930924236774445,
            0.9897306561470032,
            0.0
          ],
          [
            0.0,
            0.0,
            0.0,
            1.0
          ]
        ],
        "rotation_mode": "QUATERNION"
      },
      "armature_space": {
        "head": {
          "x": 0.030148513615131378,
          "y": -0.01585187204182148,
          "z": 0.6554591059684753
        },
        "tail": {
          "x": 0.05317436903715134,
          "y": -0.03101225197315216,
          "z": 0.8080804347991943
        }
      },
      "world_space": {
        "head": {
          "x": 0.030148513615131378,
          "y": 0.04739212989807129,
          "z": 1.6053130626678467
        },
        "tail": {
          "x": 0.05317436903715134,
          "y": 0.03223174810409546,
          "z": 1.7579344511032104
        },
        "rotation_quaternion": {
          "w": 0.6701815724372864,
          "x": 0.7382846474647522,
          "y": 0.044502537697553635,
          "z": -0.06174173206090927
        },
        "matrix": [
          [
            0.9884150624275208,
            0.1484675109386444,
            -0.03151535242795944,
            0.030148513615131378
          ],
          [
            -0.017044320702552795,
            -0.09775200486183167,
            -0.9950650930404663,
            0.04739212989807129
          ],
          [
            -0.15081657469272614,
            0.9840811491012573,
            -0.09409067034721375,
            1.6053130626678467
          ],
          [
            0.0,
            0.0,
            0.0,
            1.0
          ]
        ]
      },
      "bone_length_armature_space": 0.1550912535665187,
      "parent": "neck_01",
      "has_children": false,
      "is_end_bone": true
    },
    "upperarm_l": {
      "name": "upperarm_l",
      "local": {
        "location": {
          "x": 0.0,
          "y": 0.0,
          "z": 0.0
        },
        "rotation_quaternion": {
          "w": 0.8906954526901245,
          "x": 0.13976849615573883,
          "y": 0.39239299297332764,
          "z": 0.18208307027816772
        },
        "scale": {
          "x": 1.0,
          "y": 1.0,
          "z": 1.0
        },
        "matrix_basis": [
          [
            0.6257469654083252,
            -0.2146727740764618,
            0.7499042749404907,
            0.0
          ],
          [
            0.43404948711395264,
            0.8946210741996765,
            -0.10608608275651932,
            0.0
          ],
          [
            -0.6481063365936279,
            0.39187857508659363,
            0.6529850363731384,
            0.0
          ],
          [
            0.0,
            0.0,
            0.0,
            1.0
          ]
        ],
        "rotation_mode": "QUATERNION"
      },
      "armature_space": {
        "head": {
          "x": 0.16086336970329285,
          "y": 0.02601516619324684,
          "z": 0.490619421005249
        },
        "tail": {
          "x": 0.41606342792510986,
          "y": -0.03582029044628143,
          "z": 0.5440698266029358
        }
      },
      "world_space": {
        "head": {
          "x": 0.16086336970329285,
          "y": 0.08925916254520416,
          "z": 1.4404734373092651
        },
        "tail": {
          "x": 0.41606342792510986,
          "y": 0.027423709630966187,
          "z": 1.4939239025115967
        },
        "rotation_quaternion": {
          "w": 0.3053015172481537,
          "x": 0.747486412525177,
          "y": 0.5398259162902832,
          "z": -0.23799800872802734
        },
        "matrix": [
          [
            0.30388888716697693,
            0.9523476958274841,
            -0.02617882937192917,
            0.16086336970329285
          ],
          [
            0.6617035865783691,
            -0.23075564205646515,
            -0.7133726477622986,
            0.08925916254520416
          ],
          [
            -0.6854239106178284,
            0.19946454465389252,
            -0.7003015875816345,
            1.4404734373092651
          ],
          [
            0.0,
            0.0,
            0.0,
            1.0
          ]
        ]
      },
      "bone_length_armature_space": 0.2679694700509454,
      "parent": "spine_01",
      "has_children": true,
      "is_end_bone": false
    },
    "lowerarm_l": {
      "name": "lowerarm_l",
      "local": {
        "location": {
          "x": 0.0,
          "y": 0.0,
          "z": 0.0
        },
        "rotation_quaternion": {
          "w": 0.8933186531066895,
          "x": 0.38472697138786316,
          "y": 0.2073778510093689,
          "z": -0.1046963706612587
        },
        "scale": {
          "x": 1.0,
          "y": 1.0,
          "z": 1.0
        },
        "matrix_basis": [
          [
            0.8920661807060242,
            0.34662213921546936,
            0.2899499833583832,
            0.0
          ],
          [
            -0.027486735954880714,
            0.6820476651191711,
            -0.7307909727096558,
            0.0
          ],
          [
            -0.45106804370880127,
            0.6439441442489624,
            0.6179591417312622,
            0.0
          ],
          [
            0.0,
            0.0,
            0.0,
            1.0
          ]
        ],
        "rotation_mode": "QUATERNION"
      },
      "armature_space": {
        "head": {
          "x": 0.41606348752975464,
          "y": -0.03582042455673218,
          "z": 0.5440698862075806
        },
        "tail": {
          "x": 0.5840327143669128,
          "y": -0.18257729709148407,
          "z": 0.3963591754436493
        }
      },
      "world_space": {
        "head": {
          "x": 0.41606348752975464,
          "y": 0.027423575520515442,
          "z": 1.4939239025115967
        },
        "tail": {
          "x": 0.5840327143669128,
          "y": -0.11933329701423645,
          "z": 1.3462132215499878
        },
        "rotation_quaternion": {
          "w": 0.15335457026958466,
          "x": -0.8129762411117554,
          "y": -0.44966137409210205,
          "z": 0.3366849422454834
        },
        "matrix": [
          [
            0.3688942790031433,
            0.6278649568557739,
            -0.6853482723236084,
            0.41606348752975464
          ],
          [
            0.8343926668167114,
            -0.5485736131668091,
            -0.05344367027282715,
            0.027423575520515442
          ],
          [
            -0.40952152013778687,
            -0.5521390438079834,
            -0.7262568473815918,
            1.4939239025115967
          ],
          [
            0.0,
            0.0,
            0.0,
            1.0
          ]
        ]
      },
      "bone_length_armature_space": 0.2675251281769968,
      "parent": "upperarm_l",
      "has_children": true,
      "is_end_bone": false
    },
    "metacarpal_thumb_l": {
      "name": "metacarpal_thumb_l",
      "local": {
        "location": {
          "x": 0.0,
          "y": 0.0,
          "z": 0.0
        },
        "rotation_quaternion": {
          "w": 0.9997564554214478,
          "x": -0.019075466319918633,
          "y": -0.009198496118187904,
          "z": 0.006206966936588287
        },
        "scale": {
          "x": 1.0,
          "y": 1.0,
          "z": 1.0
        },
        "matrix_basis": [
          [
            0.9997537136077881,
            -0.012059979140758514,
            -0.01862931251525879,
            0.0
          ],
          [
            0.012761841528117657,
            0.9991952180862427,
            0.03802745044231415,
            0.0
          ],
          [
            0.018155710771679878,
            -0.038255829364061356,
            0.9991030097007751,
            0.0
          ],
          [
            0.0,
            0.0,
            0.0,
            1.0
          ]
        ],
        "rotation_mode": "QUATERNION"
      },
      "armature_space": {
        "head": {
          "x": 0.5840327143669128,
          "y": -0.18257729709148407,
          "z": 0.3963591754436493
        },
        "tail": {
          "x": 0.5908124446868896,
          "y": -0.1996137797832489,
          "z": 0.35034385323524475
        }
      },
      "world_space": {
        "head": {
          "x": 0.5840327143669128,
          "y": -0.11933329701423645,
          "z": 1.3462132215499878
        },
        "tail": {
          "x": 0.5908124446868896,
          "y": -0.13636977970600128,
          "z": 1.3001978397369385
        },
        "rotation_quaternion": {
          "w": 0.5723196864128113,
          "x": -0.8058054447174072,
          "y": 0.021953264251351357,
          "z": -0.1504853367805481
        },
        "matrix": [
          [
            0.9537445902824402,
            0.13687118887901306,
            0.2676514685153961,
            0.5840327143669128
          ],
          [
            -0.20763060450553894,
            -0.34393730759620667,
            0.9157494306564331,
            -0.11933329701423645
          ],
          [
            0.21739637851715088,
            -0.9289705753326416,
            -0.29961097240448,
            1.3462132215499878
          ],
          [
            0.0,
            0.0,
            0.0,
            1.0
          ]
        ]
      },
      "bone_length_armature_space": 0.049533991470087996,
      "parent": "lowerarm_l",
      "has_children": true,
      "is_end_bone": false
    },
    "thumb_01_l": {
      "name": "thumb_01_l",
      "local": {
        "location": {
          "x": 0.0,
          "y": 0.0,
          "z": 0.0
        },
        "rotation_quaternion": {
          "w": 0.9961965084075928,
          "x": -0.0829436257481575,
          "y": 0.020643100142478943,
          "z": -0.016936136409640312
        },
        "scale": {
          "x": 1.0,
          "y": 1.0,
          "z": 1.0
        },
        "matrix_basis": [
          [
            0.9985740780830383,
            0.030319012701511383,
            0.04393865913152695,
            0.0
          ],
          [
            -0.03716786578297615,
            0.9856670498847961,
            0.1645570695400238,
            0.0
          ],
          [
            -0.03831968083977699,
            -0.1659555286169052,
            0.985388457775116,
            0.0
          ],
          [
            0.0,
            0.0,
            0.0,
            1.0
          ]
        ],
        "rotation_mode": "QUATERNION"
      },
      "armature_space": {
        "head": {
          "x": 0.5908124446868896,
          "y": -0.1996137797832489,
          "z": 0.35034385323524475
        },
        "tail": {
          "x": 0.5909997820854187,
          "y": -0.18363109230995178,
          "z": 0.32029131054878235
        }
      },
      "world_space": {
        "head": {
          "x": 0.5908124446868896,
          "y": -0.13636977970600128,
          "z": 1.3001978397369385
        },
        "tail": {
          "x": 0.5909997820854187,
          "y": -0.12038709223270416,
          "z": 1.270145297050476
        },
        "rotation_quaternion": {
          "w": 0.5684361457824707,
          "x": -0.33910730481147766,
          "y": 0.6416024565696716,
          "z": -0.3875989615917206
        },
        "matrix": [
          [
            -0.12377487123012543,
            0.005503475666046143,
            0.9922950267791748,
            0.5908124446868896
          ],
          [
            -0.8757948279380798,
            0.46954646706581116,
            -0.11184734106063843,
            -0.13636977970600128
          ],
          [
            -0.46654820442199707,
            -0.8828965425491333,
            -0.053298674523830414,
            1.3001978397369385
          ],
          [
            0.0,
            0.0,
            0.0,
            1.0
          ]
        ]
      },
      "bone_length_armature_space": 0.034038752910512934,
      "parent": "metacarpal_thumb_l",
      "has_children": true,
      "is_end_bone": false
    },
    "thumb_02_l": {
      "name": "thumb_02_l",
      "local": {
        "location": {
          "x": 0.0,
          "y": 0.0,
          "z": 0.0
        },
        "rotation_quaternion": {
          "w": 0.99759840965271,
          "x": 0.0682329311966896,
          "y": 0.009782260283827782,
          "z": -0.006782853044569492
        },
        "scale": {
          "x": 1.0,
          "y": 1.0,
          "z": 1.0
        },
        "matrix_basis": [
          [
            0.999716579914093,
            0.014868071302771568,
            0.018591906875371933,
            0.0
          ],
          [
            -0.012198181822896004,
            0.9905965328216553,
            -0.13627083599567413,
            0.0
          ],
          [
            -0.020443161949515343,
            0.1360054314136505,
            0.9904971718788147,
            0.0
          ],
          [
            0.0,
            0.0,
            0.0,
            1.0
          ]
        ],
        "rotation_mode": "QUATERNION"
      },
      "armature_space": {
        "head": {
          "x": 0.5909997224807739,
          "y": -0.1836310625076294,
          "z": 0.32029134035110474
        },
        "tail": {
          "x": 0.6133796572685242,
          "y": -0.20328888297080994,
          "z": 0.2933488190174103
        }
      },
      "world_space": {
        "head": {
          "x": 0.5909997224807739,
          "y": -0.12038706243038177,
          "z": 1.2701454162597656
        },
        "tail": {
          "x": 0.6133796572685242,
          "y": -0.14004488289356232,
          "z": 1.243202805519104
        },
        "rotation_quaternion": {
          "w": 0.33197885751724243,
          "x": -0.020486535504460335,
          "y": 0.38088440895080566,
          "z": -0.8627267479896545
        },
        "matrix": [
          [
            -0.7787398099899292,
            0.5572084188461304,
            0.2882414758205414,
            0.5909997224807739
          ],
          [
            -0.5884217023849487,
            -0.48943382501602173,
            -0.6435950994491577,
            -0.12038706243038177
          ],
          [
            -0.21754354238510132,
            -0.6708057522773743,
            0.7090194821357727,
            1.2701454162597656
          ],
          [
            0.0,
            0.0,
            0.0,
            1.0
          ]
        ]
      },
      "bone_length_armature_space": 0.040164547343166816,
      "parent": "thumb_01_l",
      "has_children": true,
      "is_end_bone": false
    },
    "thumb_03_l": {
      "name": "thumb_03_l",
      "local": {
        "location": {
          "x": 0.0,
          "y": 0.0,
          "z": 0.0
        },
        "rotation_quaternion": {
          "w": 0.9991260766983032,
          "x": 0.0414450466632843,
          "y": 0.002217100467532873,
          "z": -0.004957043565809727
        },
        "scale": {
          "x": 1.0,
          "y": 1.0,
          "z": 1.0
        },
        "matrix_basis": [
          [
            0.9999410510063171,
            0.010089199058711529,
            0.004019435960799456,
            0.0
          ],
          [
            -0.009721647016704082,
            0.9965154528617859,
            -0.08283963799476624,
            0.0
          ],
          [
            -0.004841215442866087,
            0.08279567211866379,
            0.9965547919273376,
            0.0
          ],
          [
            0.0,
            0.0,
            0.0,
            1.0
          ]
        ],
        "rotation_mode": "QUATERNION"
      },
      "armature_space": {
        "head": {
          "x": 0.6133795976638794,
          "y": -0.20328885316848755,
          "z": 0.2933487892150879
        },
        "tail": {
          "x": 0.6350209712982178,
          "y": -0.22172652184963226,
          "z": 0.282458633184433
        }
      },
      "world_space": {
        "head": {
          "x": 0.6133795976638794,
          "y": -0.14004485309123993,
          "z": 1.243202805519104
        },
        "tail": {
          "x": 0.6350209712982178,
          "y": -0.15848252177238464,
          "z": 1.2323126792907715
        },
        "rotation_quaternion": {
          "w": 0.33049389719963074,
          "x": 0.23483037948608398,
          "y": 0.2965964674949646,
          "z": -0.8646727800369263
        },
        "matrix": [
          [
            -0.6712568998336792,
            0.7108383774757385,
            -0.2100549191236496,
            0.6133795976638794
          ],
          [
            -0.43223994970321655,
            -0.6056082844734192,
            -0.6681374311447144,
            -0.14004485309123993
          ],
          [
            -0.6021532416343689,
            -0.3577006459236145,
            0.7137759327888489,
            1.243202805519104
          ],
          [
            0.0,
            0.0,
            0.0,
            1.0
          ]
        ]
      },
      "bone_length_armature_space": 0.03044490422209436,
      "parent": "thumb_02_l",
      "has_children": false,
      "is_end_bone": true
    },
    "metacarpal_index_l": {
      "name": "metacarpal_index_l",
      "local": {
        "location": {
          "x": 0.0,
          "y": 0.0,
          "z": 0.0
        },
        "rotation_quaternion": {
          "w": 0.999735951423645,
          "x": -0.016348151490092278,
          "y": 0.011210362426936626,
          "z": 0.011630946770310402
        },
        "scale": {
          "x": 1.0,
          "y": 1.0,
          "z": 1.0
        },
        "matrix_basis": [
          [
            0.9994781017303467,
            -0.023622289299964905,
            0.02203451655805111,
            0.0
          ],
          [
            0.022889213636517525,
            0.9991949200630188,
            0.03294844552874565,
            0.0
          ],
          [
            -0.022795094177126884,
            -0.03242689371109009,
            0.9992141127586365,
            0.0
          ],
          [
            0.0,
            0.0,
            0.0,
            1.0
          ]
        ],
        "rotation_mode": "QUATERNION"
      },
      "armature_space": {
        "head": {
          "x": 0.5840327143669128,
          "y": -0.18257729709148407,
          "z": 0.3963591754436493
        },
        "tail": {
          "x": 0.6299739480018616,
          "y": -0.24467211961746216,
          "z": 0.30825144052505493
        }
      },
      "world_space": {
        "head": {
          "x": 0.5840327143669128,
          "y": -0.11933329701423645,
          "z": 1.3462132215499878
        },
        "tail": {
          "x": 0.6299739480018616,
          "y": -0.18142811954021454,
          "z": 1.2581055164337158
        },
        "rotation_quaternion": {
          "w": 0.4317309558391571,
          "x": -0.8745970129966736,
          "y": -0.22053322196006775,
          "z": -0.007329809945076704
        },
        "matrix": [
          [
            0.9026222229003906,
            0.39208459854125977,
            -0.1776021122932434,
            0.5840327143669128
          ],
          [
            0.3794279098510742,
            -0.5299471616744995,
            0.7584134340286255,
            -0.11933329701423645
          ],
          [
            0.20324425399303436,
            -0.7519538402557373,
            -0.6271136403083801,
            1.3462132215499878
          ],
          [
            0.0,
            0.0,
            0.0,
            1.0
          ]
        ]
      },
      "bone_length_armature_space": 0.11717225213987824,
      "parent": "lowerarm_l",
      "has_children": true,
      "is_end_bone": false
    },
    "index_01_l": {
      "name": "index_01_l",
      "local": {
        "location": {
          "x": 0.0,
          "y": 0.0,
          "z": 0.0
        },
        "rotation_quaternion": {
          "w": 0.9924063682556152,
          "x": -0.12224985659122467,
          "y": 0.010089704766869545,
          "z": -0.00910724326968193
        },
        "scale": {
          "x": 1.0,
          "y": 1.0,
          "z": 1.0
        },
        "matrix_basis": [
          [
            0.9996305108070374,
            0.01560924295336008,
            0.022252893075346947,
            0.0
          ],
          [
            -0.02054310217499733,
            0.9699440598487854,
            0.24245929718017578,
            0.0
          ],
          [
            -0.017799455672502518,
            -0.24282684922218323,
            0.9699063301086426,
            0.0
          ],
          [
            0.0,
            0.0,
            0.0,
            1.0
          ]
        ],
        "rotation_mode": "QUATERNION"
      },
      "armature_space": {
        "head": {
          "x": 0.6299739480018616,
          "y": -0.24467211961746216,
          "z": 0.30825144052505493
        },
        "tail": {
          "x": 0.6501501798629761,
          "y": -0.262148380279541,
          "z": 0.29822292923927307
        }
      },
      "world_space": {
        "head": {
          "x": 0.6299739480018616,
          "y": -0.18142811954021454,
          "z": 1.2581055164337158
        },
        "tail": {
          "x": 0.6501501798629761,
          "y": -0.1989043802022934,
          "z": 1.2480769157409668
        },
        "rotation_quaternion": {
          "w": 0.26601970195770264,
          "x": -0.8821897506713867,
          "y": -0.3504096567630768,
          "z": -0.16789290308952332
        },
        "matrix": [
          [
            0.6980499029159546,
            0.7075814008712769,
            0.10979359596967697,
            0.6299739480018616
          ],
          [
            0.5289313197135925,
            -0.6128928661346436,
            0.5870217084884644,
            -0.18142811954021454
          ],
          [
            0.48266127705574036,
            -0.3517002463340759,
            -0.8020967841148376,
            1.2581055164337158
          ],
          [
            0.0,
            0.0,
            0.0,
            1.0
          ]
        ]
      },
      "bone_length_armature_space": 0.0285144012311869,
      "parent": "metacarpal_index_l",
      "has_children": true,
      "is_end_bone": false
    },
    "index_02_l": {
      "name": "index_02_l",
      "local": {
        "location": {
          "x": 0.0,
          "y": 0.0,
          "z": 0.0
        },
        "rotation_quaternion": {
          "w": 0.9998908042907715,
          "x": 0.011961663141846657,
          "y": -0.007266652304679155,
          "z": -0.0047422852367162704
        },
        "scale": {
          "x": 1.0,
          "y": 1.0,
          "z": 1.0
        },
        "matrix_basis": [
          [
            0.9998494386672974,
            0.009309692308306694,
            -0.0146451685577631,
            0.0
          ],
          [
            -0.009657377377152443,
            0.9996688365936279,
            -0.023851793259382248,
            0.0
          ],
          [
            0.014418266713619232,
            0.023989634588360786,
            0.9996082186698914,
            0.0
          ],
          [
            0.0,
            0.0,
            0.0,
            1.0
          ]
        ],
        "rotation_mode": "QUATERNION"
      },
      "armature_space": {
        "head": {
          "x": 0.6501503586769104,
          "y": -0.26214855909347534,
          "z": 0.2982224225997925
        },
        "tail": {
          "x": 0.6689544320106506,
          "y": -0.27748268842697144,
          "z": 0.28989407420158386
        }
      },
      "world_space": {
        "head": {
          "x": 0.6501503586769104,
          "y": -0.19890455901622772,
          "z": 1.2480764389038086
        },
        "tail": {
          "x": 0.6689544320106506,
          "y": -0.21423868834972382,
          "z": 1.2397481203079224
        },
        "rotation_quaternion": {
          "w": 0.2433219850063324,
          "x": -0.8828672170639038,
          "y": -0.37672415375709534,
          "z": -0.13935185968875885
        },
        "matrix": [
          [
            0.6773196458816528,
            0.7330094575881958,
            0.06272631138563156,
            0.6501503586769104
          ],
          [
            0.5973813533782959,
            -0.5977461934089661,
            0.5346358418464661,
            -0.19890455901622772
          ],
          [
            0.4293912649154663,
            -0.32465073466300964,
            -0.8427569270133972,
            1.2480764389038086
          ],
          [
            0.0,
            0.0,
            0.0,
            1.0
          ]
        ]
      },
      "bone_length_armature_space": 0.02565326647491626,
      "parent": "index_01_l",
      "has_children": true,
      "is_end_bone": false
    },
    "index_03_l": {
      "name": "index_03_l",
      "local": {
        "location": {
          "x": 0.0,
          "y": 0.0,
          "z": 0.0
        },
        "rotation_quaternion": {
          "w": 0.9997544288635254,
          "x": 0.0211496539413929,
          "y": 0.0054620420560240746,
          "z": 0.003726501716300845
        },
        "scale": {
          "x": 1.0,
          "y": 1.0,
          "z": 1.0
        },
        "matrix_basis": [
          [
            0.9999125599861145,
            -0.007220132742077112,
            0.011079030111432076,
            0.0
          ],
          [
            0.007682213559746742,
            0.9990776181221008,
            -0.042248211801052094,
            0.0
          ],
          [
            -0.010763772763311863,
            0.04232962802052498,
            0.999045729637146,
            0.0
          ],
          [
            0.0,
            0.0,
            0.0,
            1.0
          ]
        ],
        "rotation_mode": "QUATERNION"
      },
      "armature_space": {
        "head": {
          "x": 0.6689544320106506,
          "y": -0.277482807636261,
          "z": 0.2898941934108734
        },
        "tail": {
          "x": 0.6920555830001831,
          "y": -0.29118672013282776,
          "z": 0.2783932089805603
        }
      },
      "world_space": {
        "head": {
          "x": 0.6689544320106506,
          "y": -0.21423880755901337,
          "z": 1.239748239517212
        },
        "tail": {
          "x": 0.6920555830001831,
          "y": -0.22794272005558014,
          "z": 1.2282471656799316
        },
        "rotation_quaternion": {
          "w": 0.31107524037361145,
          "x": -0.8422133326530457,
          "y": -0.4107624590396881,
          "z": -0.1586923897266388
        },
        "matrix": [
          [
            0.6121812462806702,
            0.7906297445297241,
            0.011747840791940689,
            0.6689544320106506
          ],
          [
            0.5931704640388489,
            -0.4690120220184326,
            0.6543523073196411,
            -0.21423880755901337
          ],
          [
            0.5228646993637085,
            -0.39361703395843506,
            -0.7561033368110657,
            1.239748239517212
          ],
          [
            0.0,
            0.0,
            0.0,
            1.0
          ]
        ]
      },
      "bone_length_armature_space": 0.029218710996383755,
      "parent": "index_02_l",
      "has_children": false,
      "is_end_bone": true
    },
    "metacarpal_pinky_l": {
      "name": "metacarpal_pinky_l",
      "local": {
        "location": {
          "x": 0.0,
          "y": 0.0,
          "z": 0.0
        },
        "rotation_quaternion": {
          "w": 0.9985103011131287,
          "x": -0.05291709303855896,
          "y": -0.01321561448276043,
          "z": 0.0015594074502587318
        },
        "scale": {
          "x": 1.0,
          "y": 1.0,
          "z": 1.0
        },
        "matrix_basis": [
          [
            0.9996458292007446,
            -0.0017155050300061703,
            -0.026556892320513725,
            0.0
          ],
          [
            0.004512832500040531,
            0.9943947196006775,
            0.10563530772924423,
            0.0
          ],
          [
            0.026226816698908806,
            -0.1057177409529686,
            0.9940502643585205,
            0.0
          ],
          [
            0.0,
            0.0,
            0.0,
            1.0
          ]
        ],
        "rotation_mode": "QUATERNION"
      },
      "armature_space": {
        "head": {
          "x": 0.5840327143669128,
          "y": -0.18257729709148407,
          "z": 0.3963591754436493
        },
        "tail": {
          "x": 0.6730242371559143,
          "y": -0.22503891587257385,
          "z": 0.3628815710544586
        }
      },
      "world_space": {
        "head": {
          "x": 0.5840327143669128,
          "y": -0.11933329701423645,
          "z": 1.3462132215499878
        },
        "tail": {
          "x": 0.6730242371559143,
          "y": -0.16179491579532623,
          "z": 1.3127355575561523
        },
        "rotation_quaternion": {
          "w": 0.312117338180542,
          "x": 0.473810613155365,
          "y": 0.4457549452781677,
          "z": -0.6923790574073792
        },
        "matrix": [
          [
            -0.35617291927337646,
            0.8546133637428284,
            -0.37785804271698,
            0.5840327143669128
          ],
          [
            -0.009802336804568768,
            -0.40777212381362915,
            -0.9130313992500305,
            -0.11933329701423645
          ],
          [
            -0.9343754053115845,
            -0.32149583101272583,
            0.15361469984054565,
            1.3462132215499878
          ],
          [
            0.0,
            0.0,
            0.0,
            1.0
          ]
        ]
      },
      "bone_length_armature_space": 0.10413083258571887,
      "parent": "lowerarm_l",
      "has_children": true,
      "is_end_bone": false
    },
    "pinky_01_l": {
      "name": "pinky_01_l",
      "local": {
        "location": {
          "x": 0.0,
          "y": 0.0,
          "z": 0.0
        },
        "rotation_quaternion": {
          "w": 0.9896556735038757,
          "x": -0.1433546245098114,
          "y": 0.003916244488209486,
          "z": 0.003983190283179283
        },
        "scale": {
          "x": 1.0,
          "y": 1.0,
          "z": 1.0
        },
        "matrix_basis": [
          [
            0.9999375939369202,
            -0.009006797336041927,
            0.006609449628740549,
            0.0
          ],
          [
            0.006761150434613228,
            0.9588671922683716,
            0.28377464413642883,
            0.0
          ],
          [
            -0.008893484249711037,
            -0.283712238073349,
            0.9588682055473328,
            0.0
          ],
          [
            0.0,
            0.0,
            0.0,
            1.0
          ]
        ],
        "rotation_mode": "QUATERNION"
      },
      "armature_space": {
        "head": {
          "x": 0.6730242371559143,
          "y": -0.22503891587257385,
          "z": 0.3628815710544586
        },
