{
  "metadata": {
    "armature_name": "KIM_caucasian_male",
    "export_time": "2026-01-13T21:02:50.754782",
    "blender_version": "4.4.1",
    "bone_count": 56,
    "end_bone_count": 13,
    "spaces_included": [
      "LOCAL_CHANNELS",
      "ARMATURE_SPACE",
      "WORLD_SPACE"
    ],
    "note": "LOCAL matches Transform panel; replay pose via local.matrix_basis for best fidelity."
  },
  "bones": {
    "Root": {
      "name": "Root",
      "local": {
        "location": {
          "x": 0.0,
          "y": 0.0,
          "z": 0.0
        },
        "rotation_quaternion": {
          "w": 0.9995427131652832,
          "x": -0.014745837077498436,
          "y": -0.013180962763726711,
          "z": 0.022874943912029266
        },
        "scale": {
          "x": 1.0,
          "y": 1.0,
          "z": 1.0
        },
        "matrix_basis": [
          [
            0.9986060261726379,
            -0.04534024000167847,
            -0.027024490758776665,
            0.0
          ],
          [
            0.04611769691109657,
            0.9985185861587524,
            0.028875160962343216,
            0.0
          ],
          [
            0.025675250217318535,
            -0.030081216245889664,
            0.9992176294326782,
            0.0
          ],
          [
            0.0,
            0.0,
            0.0,
            1.0
          ]
        ],
        "rotation_mode": "QUATERNION"
      },
      "armature_space": {
        "head": {
          "x": 0.0,
          "y": 0.07072800397872925,
          "z": -0.009595036506652832
        },
        "tail": {
          "x": -0.0032361990306526423,
          "y": 0.00039340555667877197,
          "z": 0.0021133851259946823
        }
      },
      "world_space": {
        "head": {
          "x": 0.0,
          "y": 0.13397200405597687,
          "z": 0.9402589797973633
        },
        "tail": {
          "x": -0.0032361990306526423,
          "y": 0.06363740563392639,
          "z": 0.9519674181938171
        },
        "rotation_quaternion": {
          "w": 0.08204919844865799,
          "x": 0.9962786436080933,
          "y": -0.023710954934358597,
          "z": -0.011609982699155807
        },
        "matrix": [
          [
            0.9986060261726379,
            -0.04534024000167847,
            -0.027024490758776665,
            0.0
          ],
          [
            -0.049150608479976654,
            -0.9854114055633545,
            -0.16293758153915405,
            0.13397200405597687
          ],
          [
            -0.019242793321609497,
            0.16403894126415253,
            -0.9862732291221619,
            0.9402589797973633
          ],
          [
            0.0,
            0.0,
            0.0,
            1.0
          ]
        ]
      },
      "bone_length_armature_space": 0.07137587871224345,
      "parent": null,
      "has_children": true,
      "is_end_bone": false
    },
    "spine_01": {
      "name": "spine_01",
      "local": {
        "location": {
          "x": 0.0,
          "y": 0.0,
          "z": 0.0
        },
        "rotation_quaternion": {
          "w": 0.9981588125228882,
          "x": -0.02708381973206997,
          "y": -0.03381572663784027,
          "z": 0.04244861751794815
        },
        "scale": {
          "x": 1.0,
          "y": 1.0,
          "z": 1.0
        },
        "matrix_basis": [
          [
            0.9941092133522034,
            -0.08290920406579971,
            -0.06980627030134201,
            0.0
          ],
          [
            0.08657263964414597,
            0.9949291348457336,
            0.05119704455137253,
            0.0
          ],
          [
            0.0652075931429863,
            -0.056938767433166504,
            0.9962459206581116,
            0.0
          ],
          [
            0.0,
            0.0,
            0.0,
            1.0
          ]
        ],
        "rotation_mode": "QUATERNION"
      },
      "armature_space": {
        "head": {
          "x": -0.0032361990306526423,
          "y": 0.00039340555667877197,
          "z": 0.0021133851259946823
        },
        "tail": {
          "x": -0.031184881925582886,
          "y": 0.06677067279815674,
          "z": 0.4847741425037384
        }
      },
      "world_space": {
        "head": {
          "x": -0.0032361990306526423,
          "y": 0.06363740563392639,
          "z": 0.9519674181938171
        },
        "tail": {
          "x": -0.031184881925582886,
          "y": 0.13001467287540436,
          "z": 1.4346281290054321
        },
        "rotation_quaternion": {
          "w": 0.7510594129562378,
          "x": 0.6570495367050171,
          "y": -0.062601238489151,
          "z": -0.01663813367486
        },
        "matrix": [
          [
            0.9916085600852966,
            -0.057271748781204224,
            -0.1158982589840889,
            -0.0032361990306526423
          ],
          [
            -0.10725626349449158,
            0.13601864874362946,
            -0.9848833084106445,
            0.06363740563392639
          ],
          [
            0.07217071950435638,
            0.9890564680099487,
            0.1287345141172409,
            0.9519674181938171
          ],
          [
            0.0,
            0.0,
            0.0,
            1.0
          ]
        ]
      },
      "bone_length_armature_space": 0.4880045972531306,
      "parent": "Root",
      "has_children": true,
      "is_end_bone": false
    },
    "neck_01": {
      "name": "neck_01",
      "local": {
        "location": {
          "x": 0.0,
          "y": 0.0,
          "z": 0.0
        },
        "rotation_quaternion": {
          "w": 0.996656060218811,
          "x": 0.048158567398786545,
          "y": -0.058354299515485764,
          "z": -0.030859166756272316
        },
        "scale": {
          "x": 1.0,
          "y": 1.0,
          "z": 1.0
        },
        "matrix_basis": [
          [
            0.991284966468811,
            0.055891431868076324,
            -0.11929059773683548,
            0.0
          ],
          [
            -0.06713247299194336,
            0.9934569001197815,
            -0.09239352494478226,
            0.0
          ],
          [
            0.11334606260061264,
            0.09959658980369568,
            0.9885510802268982,
            0.0
          ],
          [
            0.0,
            0.0,
            0.0,
            1.0
          ]
        ],
        "rotation_mode": "QUATERNION"
      },
      "armature_space": {
        "head": {
          "x": -0.03939763456583023,
          "y": 0.04257356375455856,
          "z": 0.5616559386253357
        },
        "tail": {
          "x": -0.044486984610557556,
          "y": 0.00682792067527771,
          "z": 0.6576095223426819
        }
      },
      "world_space": {
        "head": {
          "x": -0.03939763456583023,
          "y": 0.10581756383180618,
          "z": 1.511509895324707
        },
        "tail": {
          "x": -0.044486984610557556,
          "y": 0.07007192075252533,
          "z": 1.6074635982513428
        },
        "rotation_quaternion": {
          "w": 0.565538227558136,
          "x": 0.8184685707092285,
          "y": -0.07637866586446762,
          "z": -0.0666491761803627
        },
        "matrix": [
          [
            0.9794483184814453,
            -0.04964188113808632,
            -0.19549068808555603,
            -0.03939763456583023
          ],
          [
            -0.20041251182556152,
            -0.34866541624069214,
            -0.915569543838501,
            0.10581756383180618
          ],
          [
            -0.02271057479083538,
            0.9359378814697266,
            -0.3514518439769745,
            1.511509895324707
          ],
          [
            0.0,
            0.0,
            0.0,
            1.0
          ]
        ]
      },
      "bone_length_armature_space": 0.10252191425556183,
      "parent": "spine_01",
      "has_children": true,
      "is_end_bone": false
    },
    "head": {
      "name": "head",
      "local": {
        "location": {
          "x": 0.0,
          "y": 0.0,
          "z": 0.0
        },
        "rotation_quaternion": {
          "w": 0.9861878156661987,
          "x": -0.006686367094516754,
          "y": 0.14349636435508728,
          "z": 0.08244918286800385
        },
        "scale": {
          "x": 1.0,
          "y": 1.0,
          "z": 1.0
        },
        "matrix_basis": [
          [
            0.9452218413352966,
            -0.16453969478607178,
            0.28192615509033203,
            0.0
          ],
          [
            0.16070182621479034,
            0.9863148331642151,
            0.03685034438967705,
            0.0
          ],
          [
            -0.2841312885284424,
            0.01047428883612156,
            0.9587281942367554,
            0.0
          ],
          [
            0.0,
            0.0,
            0.0,
            1.0
          ]
        ],
        "rotation_mode": "QUATERNION"
      },
      "armature_space": {
        "head": {
          "x": -0.044487010687589645,
          "y": 0.006827805191278458,
          "z": 0.6576094031333923
        },
        "tail": {
          "x": -0.06616022437810898,
          "y": 0.011347560212016106,
          "z": 0.8111123442649841
        }
      },
      "world_space": {
        "head": {
          "x": -0.044487010687589645,
          "y": 0.07007180154323578,
          "z": 1.6074633598327637
        },
        "tail": {
          "x": -0.06616022437810898,
          "y": 0.07459156215190887,
          "z": 1.7609663009643555
        },
        "rotation_quaternion": {
          "w": 0.7170825600624084,
          "x": 0.6922306418418884,
          "y": -0.019072821363806725,
          "z": 0.07902880012989044
        },
        "matrix": [
          [
            0.9867812991142273,
            -0.13974586129188538,
            0.08205968141555786,
            -0.044487010687589645
          ],
          [
            0.08693580329418182,
            0.029142744839191437,
            -0.9957877993583679,
            0.07007180154323578
          ],
          [
            0.13676682114601135,
            0.989765465259552,
            0.040905825793743134,
            1.6074633598327637
          ],
          [
            0.0,
            0.0,
            0.0,
            1.0
          ]
        ]
      },
      "bone_length_armature_space": 0.1550912910625624,
      "parent": "neck_01",
      "has_children": false,
      "is_end_bone": true
    },
    "upperarm_l": {
      "name": "upperarm_l",
      "local": {
        "location": {
          "x": 0.0,
          "y": 0.0,
          "z": 0.0
        },
        "rotation_quaternion": {
          "w": 0.9411318302154541,
          "x": -0.15576744079589844,
          "y": -0.06364798545837402,
          "z": 0.2931833565235138
        },
        "scale": {
          "x": 1.0,
          "y": 1.0,
          "z": 1.0
        },
        "matrix_basis": [
          [
            0.8199849128723145,
            -0.5320197939872742,
            -0.21113912761211395,
            0.0
          ],
          [
            0.5716769695281982,
            0.7795600295066833,
            0.2558743357658386,
            0.0
          ],
          [
            0.028465447947382927,
            -0.3305164575576782,
            0.9433708786964417,
            0.0
          ],
          [
            0.0,
            0.0,
            0.0,
            1.0
          ]
        ],
        "rotation_mode": "QUATERNION"
      },
      "armature_space": {
        "head": {
          "x": 0.11282315105199814,
          "y": 0.014202691614627838,
          "z": 0.506419837474823
        },
        "tail": {
          "x": 0.3223860263824463,
          "y": 0.10272599011659622,
          "z": 0.6480353474617004
        }
      },
      "world_space": {
        "head": {
          "x": 0.11282315105199814,
          "y": 0.07744669169187546,
          "z": 1.4562737941741943
        },
        "tail": {
          "x": 0.3223860263824463,
          "y": 0.16596999764442444,
          "z": 1.5978894233703613
        },
        "rotation_quaternion": {
          "w": 0.7500901818275452,
          "x": 0.4862072765827179,
          "y": 0.3202165365219116,
          "z": -0.31373345851898193
        },
        "matrix": [
          [
            0.5980654954910278,
            0.7820401787757874,
            0.17530271410942078,
            0.11282315105199814
          ],
          [
            -0.15927627682685852,
            0.33034849166870117,
            -0.9303231239318848,
            0.07744669169187546
          ],
          [
            -0.7854665517807007,
            0.528476357460022,
            0.32213181257247925,
            1.4562737941741943
          ],
          [
            0.0,
            0.0,
            0.0,
            1.0
          ]
        ]
      },
      "bone_length_armature_space": 0.26797000179888114,
      "parent": "spine_01",
      "has_children": true,
      "is_end_bone": false
    },
    "lowerarm_l": {
      "name": "lowerarm_l",
      "local": {
        "location": {
          "x": 0.0,
          "y": 0.0,
          "z": 0.0
        },
        "rotation_quaternion": {
          "w": 0.9322806596755981,
          "x": 0.2871065139770508,
          "y": 0.06934915482997894,
          "z": -0.20883840322494507
        },
        "scale": {
          "x": 1.0,
          "y": 1.0,
          "z": 1.0
        },
        "matrix_basis": [
          [
            0.9031544327735901,
            0.42921319603919983,
            0.00938801933079958,
            0.0
          ],
          [
            -0.3495708107948303,
            0.7479127645492554,
            -0.5642932057380676,
            0.0
          ],
          [
            -0.2492234855890274,
            0.5063621401786804,
            0.8255211114883423,
            0.0
          ],
          [
            0.0,
            0.0,
            0.0,
            1.0
          ]
        ],
        "rotation_mode": "QUATERNION"
      },
      "armature_space": {
        "head": {
          "x": 0.3223860263824463,
          "y": 0.10272599756717682,
          "z": 0.64803546667099
        },
        "tail": {
          "x": 0.5476926565170288,
          "y": -0.00890541821718216,
          "z": 0.7393854856491089
        }
      },
      "world_space": {
        "head": {
          "x": 0.3223860263824463,
          "y": 0.16596999764442444,
          "z": 1.5978894233703613
        },
        "tail": {
          "x": 0.5476926565170288,
          "y": 0.05433858186006546,
          "z": 1.689239501953125
        },
        "rotation_quaternion": {
          "w": 0.4628585875034332,
          "x": 0.6725918054580688,
          "y": 0.2777133584022522,
          "z": -0.5062187910079956
        },
        "matrix": [
          [
            0.33323603868484497,
            0.8421905636787415,
            -0.4238737225532532,
            0.3223860263824463
          ],
          [
            -0.09503902494907379,
            -0.4172755181789398,
            -0.9037969708442688,
            0.16596999764442444
          ],
          [
            -0.9380478858947754,
            0.341464102268219,
            -0.05901134014129639,
            1.5978894233703613
          ],
          [
            0.0,
            0.0,
            0.0,
            1.0
          ]
        ]
      },
      "bone_length_armature_space": 0.26752472261074994,
      "parent": "upperarm_l",
      "has_children": true,
      "is_end_bone": false
    },
    "metacarpal_thumb_l": {
      "name": "metacarpal_thumb_l",
      "local": {
        "location": {
          "x": 0.0,
          "y": 0.0,
          "z": 0.0
        },
        "rotation_quaternion": {
          "w": 0.9997482299804688,
          "x": 0.0037596761249005795,
          "y": 0.019113769754767418,
          "z": -0.0111389746889472
        },
        "scale": {
          "x": 1.0,
          "y": 1.0,
          "z": 1.0
        },
        "matrix_basis": [
          [
            0.9990211725234985,
            0.022416064515709877,
            0.03813415765762329,
            0.0
          ],
          [
            -0.022128617390990257,
            0.9997235536575317,
            -0.007943274453282356,
            0.0
          ],
          [
            -0.03830167278647423,
            0.007091643288731575,
            0.999241054058075,
            0.0
          ],
          [
            0.0,
            0.0,
            0.0,
            1.0
          ]
        ],
        "rotation_mode": "QUATERNION"
      },
      "armature_space": {
        "head": {
          "x": 0.5476926565170288,
          "y": -0.00890541821718216,
          "z": 0.7393854856491089
        },
        "tail": {
          "x": 0.572247326374054,
          "y": -0.05182059481739998,
          "z": 0.7423755526542664
        }
      },
      "world_space": {
        "head": {
          "x": 0.5476926565170288,
          "y": 0.05433858186006546,
          "z": 1.689239501953125
        },
        "tail": {
          "x": 0.572247326374054,
          "y": 0.011423405259847641,
          "z": 1.6922295093536377
        },
        "rotation_quaternion": {
          "w": 0.0007029650150798261,
          "x": 0.9592490792274475,
          "y": 0.25847145915031433,
          "z": 0.11416343599557877
        },
        "matrix": [
          [
            0.8403183817863464,
            0.4957166314125061,
            0.21938557922840118,
            0.5476926565170288
          ],
          [
            0.49603763222694397,
            -0.866383969783783,
            0.05766730755567551,
            0.05433858186006546
          ],
          [
            0.21866059303283691,
            0.06036420539021492,
            -0.9739392399787903,
            1.689239501953125
          ],
          [
            0.0,
            0.0,
            0.0,
            1.0
          ]
        ]
      },
      "bone_length_armature_space": 0.049533672648277835,
      "parent": "lowerarm_l",
      "has_children": true,
      "is_end_bone": false
    },
    "thumb_01_l": {
      "name": "thumb_01_l",
      "local": {
        "location": {
          "x": 0.0,
          "y": 0.0,
          "z": 0.0
        },
        "rotation_quaternion": {
          "w": 0.9991709589958191,
          "x": 0.03933069109916687,
          "y": -0.00018628146790433675,
          "z": 0.010505924932658672
        },
        "scale": {
          "x": 1.0,
          "y": 1.0,
          "z": 1.0
        },
        "matrix_basis": [
          [
            0.9997791647911072,
            -0.021009083837270737,
            0.00045415651402436197,
            0.0
          ],
          [
            0.020979776978492737,
            0.9966854453086853,
            -0.07860008627176285,
            0.0
          ],
          [
            0.0011986646568402648,
            0.07859225571155548,
            0.9969061017036438,
            0.0
          ],
          [
            0.0,
            0.0,
            0.0,
            1.0
          ]
        ],
        "rotation_mode": "QUATERNION"
      },
      "armature_space": {
        "head": {
          "x": 0.572247326374054,
          "y": -0.05182059481739998,
          "z": 0.7423755526542664
        },
        "tail": {
          "x": 0.5876515507698059,
          "y": -0.07018217444419861,
          "z": 0.7182053923606873
        }
      },
      "world_space": {
        "head": {
          "x": 0.572247326374054,
          "y": 0.011423405259847641,
          "z": 1.6922295093536377
        },
        "tail": {
          "x": 0.5876515507698059,
          "y": -0.006938174366950989,
          "z": 1.6680593490600586
        },
        "rotation_quaternion": {
          "w": 0.469749391078949,
          "x": -0.6278769969940186,
          "y": 0.0980674996972084,
          "z": -0.6127714514732361
        },
        "matrix": [
          [
            0.22978854179382324,
            0.45255279541015625,
            0.8616225719451904,
            0.572247326374054
          ],
          [
            -0.6988465785980225,
            -0.5394344329833984,
            0.4697062075138092,
            0.011423405259847641
          ],
          [
            0.6773595809936523,
            -0.710080623626709,
            0.19231073558330536,
            1.6922295093536377
          ],
          [
            0.0,
            0.0,
            0.0,
            1.0
          ]
        ]
      },
      "bone_length_armature_space": 0.03403871919474923,
      "parent": "metacarpal_thumb_l",
      "has_children": true,
      "is_end_bone": false
    },
    "thumb_02_l": {
      "name": "thumb_02_l",
      "local": {
        "location": {
          "x": 0.0,
          "y": 0.0,
          "z": 0.0
        },
        "rotation_quaternion": {
          "w": 0.9916926622390747,
          "x": 0.12854239344596863,
          "y": -0.0025201980024576187,
          "z": 0.004022819921374321
        },
        "scale": {
          "x": 1.0,
          "y": 1.0,
          "z": 1.0
        },
        "matrix_basis": [
          [
            0.9999549388885498,
            -0.008626706898212433,
            -0.003964317962527275,
            0.0
          ],
          [
            0.007330897264182568,
            0.966921329498291,
            -0.25496935844421387,
            0.0
          ],
          [
            0.006032729521393776,
            0.2549288272857666,
            0.9669409990310669,
            0.0
          ],
          [
            0.0,
            0.0,
            0.0,
            1.0
          ]
        ],
        "rotation_mode": "QUATERNION"
      },
      "armature_space": {
        "head": {
          "x": 0.5876514911651611,
          "y": -0.07018216699361801,
          "z": 0.7182053923606873
        },
        "tail": {
          "x": 0.6225153207778931,
          "y": -0.08144904673099518,
          "z": 0.7346599698066711
        }
      },
      "world_space": {
        "head": {
          "x": 0.5876514911651611,
          "y": -0.006938166916370392,
          "z": 1.6680593490600586
        },
        "tail": {
          "x": 0.6225153207778931,
          "y": -0.01820504665374756,
          "z": 1.684514045715332
        },
        "rotation_quaternion": {
          "w": 0.5151724815368652,
          "x": -0.07721511274576187,
          "y": -0.3071433901786804,
          "z": -0.796428382396698
        },
        "matrix": [
          [
            -0.4572693705558777,
            0.8680281639099121,
            -0.19347316026687622,
            0.5876514911651611
          ],
          [
            -0.7731647491455078,
            -0.28051894903182983,
            0.568792998790741,
            -0.006938166916370392
          ],
          [
            0.43945783376693726,
            0.4096806049346924,
            0.7994074821472168,
            1.6680593490600586
          ],
          [
            0.0,
            0.0,
            0.0,
            1.0
          ]
        ]
      },
      "bone_length_armature_space": 0.04016444154924845,
      "parent": "thumb_01_l",
      "has_children": true,
      "is_end_bone": false
    },
    "thumb_03_l": {
      "name": "thumb_03_l",
      "local": {
        "location": {
          "x": 0.0,
          "y": 0.0,
          "z": 0.0
        },
        "rotation_quaternion": {
          "w": 0.9979991912841797,
          "x": 0.06232172250747681,
          "y": 0.007839626632630825,
          "z": -0.007226262241601944
        },
        "scale": {
          "x": 1.0,
          "y": 1.0,
          "z": 1.0
        },
        "matrix_basis": [
          [
            0.9997726678848267,
            0.015400765463709831,
            0.014747176319360733,
            0.0
          ],
          [
            -0.013446449302136898,
            0.9921275973320007,
            -0.1245073601603508,
            0.0
          ],
          [
            -0.01654858887195587,
            0.12428075820207596,
            0.9921090602874756,
            0.0
          ],
          [
            0.0,
            0.0,
            0.0,
            1.0
          ]
        ],
        "rotation_mode": "QUATERNION"
      },
      "armature_space": {
        "head": {
          "x": 0.6225152611732483,
          "y": -0.08144911378622055,
          "z": 0.7346599102020264
        },
        "tail": {
          "x": 0.6460217833518982,
          "y": -0.080514095723629,
          "z": 0.7539851665496826
        }
      },
      "world_space": {
        "head": {
          "x": 0.6225152611732483,
          "y": -0.01820511370897293,
          "z": 1.6845139265060425
        },
        "tail": {
          "x": 0.6460217833518982,
          "y": -0.017270095646381378,
          "z": 1.7038391828536987
        },
        "rotation_quaternion": {
          "w": 0.6397303342819214,
          "x": 0.14997173845767975,
          "y": -0.32573041319847107,
          "z": -0.6798186302185059
        },
        "matrix": [
          [
            -0.13650435209274292,
            0.7720999717712402,
            -0.620667576789856,
            0.6225152611732483
          ],
          [
            -0.9675027132034302,
            0.030711818486452103,
            0.25098928809165955,
            -0.01820511370897293
          ],
          [
            0.21285130083560944,
            0.6347628235816956,
            0.7428218722343445,
            1.6845139265060425
          ],
          [
            0.0,
            0.0,
            0.0,
            1.0
          ]
        ]
      },
      "bone_length_armature_space": 0.03044497307567962,
      "parent": "thumb_02_l",
      "has_children": false,
      "is_end_bone": true
    },
    "metacarpal_index_l": {
      "name": "metacarpal_index_l",
      "local": {
        "location": {
          "x": 0.0,
          "y": 0.0,
          "z": 0.0
        },
        "rotation_quaternion": {
          "w": 0.9987372756004333,
          "x": -0.047903187572956085,
          "y": 0.010439747013151646,
          "z": 0.010958614759147167
        },
        "scale": {
          "x": 1.0,
          "y": 1.0,
          "z": 1.0
        },
        "matrix_basis": [
          [
            0.9995418190956116,
            -0.022889748215675354,
            0.019803224131464958,
            0.0
          ],
          [
            0.020889360457658768,
            0.9951704144477844,
            0.09591420739889145,
            0.0
          ],
          [
            -0.021903034299612045,
            -0.09545658528804779,
            0.9951925873756409,
            0.0
          ],
          [
            0.0,
            0.0,
            0.0,
            1.0
          ]
        ],
        "rotation_mode": "QUATERNION"
      },
      "armature_space": {
        "head": {
          "x": 0.5476926565170288,
          "y": -0.00890541821718216,
          "z": 0.7393854856491089
        },
        "tail": {
          "x": 0.6276656985282898,
          "y": -0.08404717594385147,
          "z": 0.780461847782135
        }
      },
      "world_space": {
        "head": {
          "x": 0.5476926565170288,
          "y": 0.05433858186006546,
          "z": 1.689239501953125
        },
        "tail": {
          "x": 0.6276656985282898,
          "y": -0.02080317586660385,
          "z": 1.730315923690796
        },
        "rotation_quaternion": {
          "w": 0.24544091522693634,
          "x": 0.8965600728988647,
          "y": 0.3451237976551056,
          "z": -0.12972478568553925
        },
        "matrix": [
          [
            0.728121817111969,
            0.6825282573699951,
            -0.06319573521614075,
            0.5476926565170288
          ],
          [
            0.555169403553009,
            -0.6412959694862366,
            -0.5296475887298584,
            0.05433858186006546
          ],
          [
            -0.4020290672779083,
            0.3505654036998749,
            -0.8458667397499084,
            1.689239501953125
          ],
          [
            0.0,
            0.0,
            0.0,
            1.0
          ]
        ]
      },
      "bone_length_armature_space": 0.1171718338587829,
      "parent": "lowerarm_l",
      "has_children": true,
      "is_end_bone": false
    },
    "index_01_l": {
      "name": "index_01_l",
      "local": {
        "location": {
          "x": 0.0,
          "y": 0.0,
          "z": 0.0
        },
        "rotation_quaternion": {
          "w": 0.9968167543411255,
          "x": -0.07919348776340485,
          "y": 0.008865443989634514,
          "z": -0.0024926268961280584
        },
        "scale": {
          "x": 1.0,
          "y": 1.0,
          "z": 1.0
        },
        "matrix_basis": [
          [
            0.9998303651809692,
            0.003565213643014431,
            0.018069244921207428,
            0.0
          ],
          [
            -0.006373555399477482,
            0.9874443411827087,
            0.1578385978937149,
            0.0
          ],
          [
            -0.017279647290706635,
            -0.1579269915819168,
            0.9872995615005493,
            0.0
          ],
          [
            0.0,
            0.0,
            0.0,
            1.0
          ]
        ],
        "rotation_mode": "QUATERNION"
      },
      "armature_space": {
        "head": {
          "x": 0.6276656985282898,
          "y": -0.08404717594385147,
          "z": 0.780461847782135
        },
        "tail": {
          "x": 0.6525882482528687,
          "y": -0.09081842750310898,
          "z": 0.7925485968589783
        }
      },
      "world_space": {
        "head": {
          "x": 0.6276656985282898,
          "y": -0.02080317586660385,
          "z": 1.730315923690796
        },
        "tail": {
          "x": 0.6525882482528687,
          "y": -0.02757442742586136,
          "z": 1.7424025535583496
        },
        "rotation_quaternion": {
          "w": 0.3284459114074707,
          "x": 0.7819012403488159,
          "y": 0.5228656530380249,
          "z": -0.08582108467817307
        },
        "matrix": [
          [
            0.43849143385887146,
            0.8740337491035461,
            0.20926114916801453,
            0.6276656985282898
          ],
          [
            0.7612846493721008,
            -0.2374681532382965,
            -0.6033694744110107,
            -0.02080317586660385
          ],
          [
            -0.47767511010169983,
            0.42388224601745605,
            -0.7695221304893494,
            1.730315923690796
          ],
          [
            0.0,
            0.0,
            0.0,
            1.0
          ]
        ]
      },
      "bone_length_armature_space": 0.028514431978892692,
      "parent": "metacarpal_index_l",
      "has_children": true,
      "is_end_bone": false
    },
    "index_02_l": {
      "name": "index_02_l",
      "local": {
        "location": {
          "x": 0.0,
          "y": 0.0,
          "z": 0.0
        },
        "rotation_quaternion": {
          "w": 0.9872602820396423,
          "x": 0.15910249948501587,
          "y": 0.0006790354964323342,
          "z": -0.0017766397213563323
        },
        "scale": {
          "x": 1.0,
          "y": 1.0,
          "z": 1.0
        },
        "matrix_basis": [
          [
            0.9999927878379822,
            0.003724084235727787,
            0.0007754339021630585,
            0.0
          ],
          [
            -0.003291939152404666,
            0.9493664503097534,
            -0.3141535818576813,
            0.0
          ],
          [
            -0.0019061052007600665,
            0.31414875388145447,
            0.949371874332428,
            0.0
          ],
          [
            0.0,
            0.0,
            0.0,
            1.0
          ]
        ],
        "rotation_mode": "QUATERNION"
      },
      "armature_space": {
        "head": {
          "x": 0.6525884866714478,
          "y": -0.09081889688968658,
          "z": 0.7925485968589783
        },
        "tail": {
          "x": 0.675758421421051,
          "y": -0.10075907409191132,
          "z": 0.7972853779792786
        }
      },
      "world_space": {
        "head": {
          "x": 0.6525884866714478,
          "y": -0.027574896812438965,
          "z": 1.7424025535583496
        },
        "tail": {
          "x": 0.675758421421051,
          "y": -0.037515074014663696,
          "z": 1.7471394538879395
        },
        "rotation_quaternion": {
          "w": 0.23112624883651733,
          "x": 0.8111305832862854,
          "y": 0.5028310418128967,
          "z": -0.18923239409923553
        },
        "matrix": [
          [
            0.4227035939693451,
            0.9031966924667358,
            -0.07454748451709747,
            0.6525884866714478
          ],
          [
            0.7282504439353943,
            -0.38748180866241455,
            -0.5652515292167664,
            -0.027574896812438965
          ],
          [
            -0.5394222736358643,
            0.1846453696489334,
            -0.8215495347976685,
            1.7424025535583496
          ],
          [
            0.0,
            0.0,
            0.0,
            1.0
          ]
        ]
      },
      "bone_length_armature_space": 0.025653266900356676,
      "parent": "index_01_l",
      "has_children": true,
      "is_end_bone": false
    },
    "index_03_l": {
      "name": "index_03_l",
      "local": {
        "location": {
          "x": 0.0,
          "y": 0.0,
          "z": 0.0
        },
        "rotation_quaternion": {
          "w": 0.9776378870010376,
          "x": 0.2101844847202301,
          "y": 0.006774794310331345,
          "z": -0.0008495000656694174
        },
        "scale": {
          "x": 1.0,
          "y": 1.0,
          "z": 1.0
        },
        "matrix_basis": [
          [
            0.9999067783355713,
            0.0045089200139045715,
            0.01288948766887188,
            0.0
          ],
          [
            0.001186906360089779,
            0.9116435050964355,
            -0.41098013520240784,
            0.0
          ],
          [
            -0.01360369473695755,
            0.41095712780952454,
            0.911553144454956,
            0.0
          ],
          [
            0.0,
            0.0,
            0.0,
            1.0
          ]
        ],
        "rotation_mode": "QUATERNION"
      },
      "armature_space": {
        "head": {
          "x": 0.675758421421051,
          "y": -0.10075899958610535,
          "z": 0.7972854971885681
        },
        "tail": {
          "x": 0.6989452242851257,
          "y": -0.11617429554462433,
          "z": 0.7884269952774048
        }
      },
      "world_space": {
        "head": {
          "x": 0.675758421421051,
          "y": -0.03751499950885773,
          "z": 1.7471394538879395
        },
        "tail": {
          "x": 0.6989452242851257,
          "y": -0.05293029546737671,
          "z": 1.738281011581421
        },
        "rotation_quaternion": {
          "w": 0.009362073615193367,
          "x": -0.8222563862800598,
          "y": -0.4859219193458557,
          "z": 0.2961193919181824
        },
        "matrix": [
          [
            0.3523852229118347,
            0.7935613393783569,
            -0.49606943130493164,
            0.675758421421051
          ],
          [
            0.8046492338180542,
            -0.5275835990905762,
            -0.2723881006240845,
            -0.03751499950885773
          ],
          [
            -0.4778774082660675,
            -0.3031790852546692,
            -0.8244569897651672,
            1.7471394538879395
          ],
          [
            0.0,
            0.0,
            0.0,
            1.0
          ]
        ]
      },
      "bone_length_armature_space": 0.029218696926916275,
      "parent": "index_02_l",
      "has_children": false,
      "is_end_bone": true
    },
    "metacarpal_pinky_l": {
      "name": "metacarpal_pinky_l",
      "local": {
        "location": {
          "x": 0.0,
          "y": 0.0,
          "z": 0.0
        },
        "rotation_quaternion": {
          "w": 0.9987152814865112,
          "x": -0.04892444610595703,
          "y": 0.003019836498424411,
          "z": 0.012848780490458012
        },
        "scale": {
          "x": 1.0,
          "y": 1.0,
          "z": 1.0
        },
        "matrix_basis": [
          [
            0.9996515512466431,
            -0.025960033759474754,
            0.0047746747732162476,
            0.0
          ],
          [
            0.025369059294462204,
            0.9948826432228088,
            0.09780078381299973,
            0.0
          ],
          [
            -0.007289152592420578,
            -0.0976455807685852,
            0.9951945543289185,
            0.0
          ],
          [
            0.0,
            0.0,
            0.0,
            1.0
          ]
        ],
        "rotation_mode": "QUATERNION"
      },
      "armature_space": {
        "head": {
          "x": 0.5476926565170288,
          "y": -0.00890541821718216,
          "z": 0.7393854856491089
        },
        "tail": {
          "x": 0.6481064558029175,
          "y": -0.01729753240942955,
          "z": 0.7656506896018982
        }
      },
      "world_space": {
        "head": {
          "x": 0.5476926565170288,
          "y": 0.05433858186006546,
          "z": 1.689239501953125
        },
        "tail": {
          "x": 0.6481064558029175,
          "y": 0.04594646766781807,
          "z": 1.7155046463012695
        },
        "rotation_quaternion": {
          "w": 0.6776683926582336,
          "x": 0.16319745779037476,
          "y": -0.021658383309841156,
          "z": -0.7167028188705444
        },
        "matrix": [
          [
            -0.028263311833143234,
            0.9643051624298096,
            -0.26328110694885254,
            0.5476926565170288
          ],
          [
            -0.9784429669380188,
            -0.0805920660495758,
            -0.19014349579811096,
            0.05433858186006546
          ],
          [
            -0.20457682013511658,
            0.25223293900489807,
            0.9458016157150269,
            1.689239501953125
          ],
          [
            0.0,
            0.0,
            0.0,
            1.0
          ]
        ]
      },
      "bone_length_armature_space": 0.10413078217217123,
      "parent": "lowerarm_l",
      "has_children": true,
      "is_end_bone": false
    },
    "pinky_01_l": {
      "name": "pinky_01_l",
      "local": {
        "location": {
          "x": 0.0,
          "y": 0.0,
          "z": 0.0
        },
        "rotation_quaternion": {
          "w": 0.9983665943145752,
          "x": 0.055687256157398224,
          "y": -0.002064013620838523,
          "z": 0.012607202865183353
        },
        "scale": {
          "x": 1.0,
          "y": 1.0,
          "z": 1.0
        },
        "matrix_basis": [
          [
            0.99967360496521,
            -0.0254030991345644,
            -0.0027171634137630463,
            0.0
          ],
          [
            0.024943342432379723,
            0.9934799671173096,
            -0.11124463379383087,
            0.0
          ],
          [
            0.005525405518710613,
            0.11114054918289185,
            0.9937893152236938,
            0.0
          ],
          [
            0.0,
            0.0,
            0.0,
            1.0
          ]
        ],
        "rotation_mode": "QUATERNION"
      },
      "armature_space": {
        "head": {
          "x": 0.6481064558029175,
          "y": -0.01729753240942955,
          "z": 0.7656506896018982
        },
        "tail": {
