{
  "metadata": {
    "armature_name": "KIM_caucasian_male",
    "export_time": "2026-01-13T21:16:10.319014",
    "blender_version": "4.4.1",
    "bone_count": 56,
    "end_bone_count": 13,
    "spaces_included": [
      "LOCAL_CHANNELS",
      "ARMATURE_SPACE",
      "WORLD_SPACE"
    ],
    "note": "LOCAL matches Transform panel; replay pose via local.matrix_basis for best fidelity."
  },
  "bones": {
    "Root": {
      "name": "Root",
      "local": {
        "location": {
          "x": 0.0,
          "y": 0.0,
          "z": 0.0
        },
        "rotation_quaternion": {
          "w": 0.9997742176055908,
          "x": -0.013963387347757816,
          "y": 0.012034573592245579,
          "z": 0.010572046972811222
        },
        "scale": {
          "x": 1.0,
          "y": 1.0,
          "z": 1.0
        },
        "matrix_basis": [
          [
            0.9994868040084839,
            -0.021475406363606453,
            0.02376846969127655,
            0.0
          ],
          [
            0.020803233608603477,
            0.9993864893913269,
            0.028174929320812225,
            0.0
          ],
          [
            -0.024358956143260002,
            -0.027666009962558746,
            0.999320387840271,
            0.0
          ],
          [
            0.0,
            0.0,
            0.0,
            1.0
          ]
        ],
        "rotation_mode": "QUATERNION"
      },
      "armature_space": {
        "head": {
          "x": 0.0,
          "y": 0.07072800397872925,
          "z": -0.009595036506652832
        },
        "tail": {
          "x": -0.0015328257577493787,
          "y": 0.00030885636806488037,
          "z": 0.0019508879631757736
        }
      },
      "world_space": {
        "head": {
          "x": 0.0,
          "y": 0.13397200405597687,
          "z": 0.9402589797973633
        },
        "tail": {
          "x": -0.0015328257577493787,
          "y": 0.0635528564453125,
          "z": 0.9518048763275146
        },
        "rotation_quaternion": {
          "w": 0.08128411322832108,
          "x": 0.9965622425079346,
          "y": -0.009737284854054451,
          "z": 0.012719452381134033
        },
        "matrix": [
          [
            0.9994868040084839,
            -0.021475406363606453,
            0.02376846969127655,
            0.0
          ],
          [
            -0.017339838668704033,
            -0.9865960478782654,
            -0.16225752234458923,
            0.13397200405597687
          ],
          [
            0.02693459764122963,
            0.1617622971534729,
            -0.9864692091941833,
            0.9402589797973633
          ],
          [
            0.0,
            0.0,
            0.0,
            1.0
          ]
        ]
      },
      "bone_length_armature_space": 0.07137586649713032,
      "parent": null,
      "has_children": true,
      "is_end_bone": false
    },
    "spine_01": {
      "name": "spine_01",
      "local": {
        "location": {
          "x": 0.0,
          "y": 0.0,
          "z": 0.0
        },
        "rotation_quaternion": {
          "w": 0.9991403818130493,
          "x": -0.017597263678908348,
          "y": -0.037343136966228485,
          "z": 0.0038139428943395615
        },
        "scale": {
          "x": 1.0,
          "y": 1.0,
          "z": 1.0
        },
        "matrix_basis": [
          [
            0.9971818923950195,
            -0.006307054776698351,
            -0.07475630193948746,
            0.0
          ],
          [
            0.008935602381825447,
            0.9993515610694885,
            0.034879423677921295,
            0.0
          ],
          [
            0.0744878426194191,
            -0.03544912114739418,
            0.9965916275978088,
            0.0
          ],
          [
            0.0,
            0.0,
            0.0,
            1.0
          ]
        ],
        "rotation_mode": "QUATERNION"
      },
      "armature_space": {
        "head": {
          "x": -0.0015328257577493787,
          "y": 0.00030885636806488037,
          "z": 0.0019508879631757736
        },
        "tail": {
          "x": -0.01674310304224491,
          "y": 0.054108016192913055,
          "z": 0.48674243688583374
        }
      },
      "world_space": {
        "head": {
          "x": -0.0015328257577493787,
          "y": 0.0635528564453125,
          "z": 0.9518048763275146
        },
        "tail": {
          "x": -0.01674310304224491,
          "y": 0.11735201627016068,
          "z": 1.436596393585205
        },
        "rotation_quaternion": {
          "w": 0.7436577677726746,
          "x": 0.6666897535324097,
          "y": -0.045770443975925446,
          "z": -0.02007700316607952
        },
        "matrix": [
          [
            0.9950039386749268,
            -0.03116852045059204,
            -0.09484512358903885,
            -0.0015328257577493787
          ],
          [
            -0.09088996797800064,
            0.11024390161037445,
            -0.9897400140762329,
            0.0635528564453125
          ],
          [
            0.04130503162741661,
            0.99342280626297,
            0.10686004906892776,
            0.9518048763275146
          ],
          [
            0.0,
            0.0,
            0.0,
            1.0
          ]
        ]
      },
      "bone_length_armature_space": 0.48800465678719473,
      "parent": "Root",
      "has_children": true,
      "is_end_bone": false
    },
    "neck_01": {
      "name": "neck_01",
      "local": {
        "location": {
          "x": 0.0,
          "y": 0.0,
          "z": 0.0
        },
        "rotation_quaternion": {
          "w": 0.9812456369400024,
          "x": -0.14603199064731598,
          "y": 0.037579283118247986,
          "z": 0.120081327855587
        },
        "scale": {
          "x": 1.0,
          "y": 1.0,
          "z": 1.0
        },
        "matrix_basis": [
          [
            0.9683365225791931,
            -0.2466341108083725,
            0.03867758437991142,
            0.0
          ],
          [
            0.2246830016374588,
            0.9285102486610413,
            0.2956116497516632,
            0.0
          ],
          [
            -0.10882044583559036,
            -0.27756136655807495,
            0.9545249342918396,
            0.0
          ],
          [
            0.0,
            0.0,
            0.0,
            1.0
          ]
        ],
        "rotation_mode": "QUATERNION"
      },
      "armature_space": {
        "head": {
          "x": -0.022314483299851418,
          "y": 0.027855284512043,
          "z": 0.5631852746009827
        },
        "tail": {
          "x": -0.05143554508686066,
          "y": 0.03135039284825325,
          "z": 0.6614222526550293
        }
      },
      "world_space": {
        "head": {
          "x": -0.022314483299851418,
          "y": 0.09109928458929062,
          "z": 1.5130393505096436
        },
        "tail": {
          "x": -0.05143554508686066,
          "y": 0.09459438920021057,
          "z": 1.6112762689590454
        },
        "rotation_quaternion": {
          "w": 0.708979606628418,
          "x": 0.6899054050445557,
          "y": -0.11997240036725998,
          "z": 0.08357763290405273
        },
        "matrix": [
          [
            0.9572429060935974,
            -0.28404879570007324,
            -0.054793018847703934,
            -0.022314483299851418
          ],
          [
            -0.04702761024236679,
            0.0340915322303772,
            -0.9983118176460266,
            0.09109928458929062
          ],
          [
            0.2854391634464264,
            0.958210289478302,
            0.019274920225143433,
            1.5130393505096436
          ],
          [
            0.0,
            0.0,
            0.0,
            1.0
          ]
        ]
      },
      "bone_length_armature_space": 0.10252197939249157,
      "parent": "spine_01",
      "has_children": true,
      "is_end_bone": false
    },
    "head": {
      "name": "head",
      "local": {
        "location": {
          "x": 0.0,
          "y": 0.0,
          "z": 0.0
        },
        "rotation_quaternion": {
          "w": 0.977011501789093,
          "x": -0.12104986608028412,
          "y": -0.17418426275253296,
          "z": -0.0213386919349432
        },
        "scale": {
          "x": 1.0,
          "y": 1.0,
          "z": 1.0
        },
        "matrix_basis": [
          [
            0.9384090304374695,
            0.08386626094579697,
            -0.3351939618587494,
            0.0
          ],
          [
            0.00047366844955831766,
            0.9697831869125366,
            0.2439679503440857,
            0.0
          ],
          [
            0.34552615880966187,
            -0.22910049557685852,
            0.9100135564804077,
            0.0
          ],
          [
            0.0,
            0.0,
            0.0,
            1.0
          ]
        ],
        "rotation_mode": "QUATERNION"
      },
      "armature_space": {
        "head": {
          "x": -0.05143553391098976,
          "y": 0.031350236386060715,
          "z": 0.6614221930503845
        },
        "tail": {
          "x": -0.07037119567394257,
          "y": 0.12239964306354523,
          "z": 0.7855377197265625
        }
      },
      "world_space": {
        "head": {
          "x": -0.05143553391098976,
          "y": 0.09459424018859863,
          "z": 1.6112761497497559
        },
        "tail": {
          "x": -0.07037119567394257,
          "y": 0.18564364314079285,
          "z": 1.7353917360305786
        },
        "rotation_quaternion": {
          "w": 0.848720133304596,
          "x": 0.44877859950065613,
          "y": -0.27057453989982605,
          "z": -0.07114306092262268
        },
        "matrix": [
          [
            0.8434567451477051,
            -0.12209448218345642,
            -0.5231384038925171,
            -0.05143553391098976
          ],
          [
            -0.3636165261268616,
            0.5870738625526428,
            -0.7232756614685059,
            0.09459424018859863
          ],
          [
            0.39543116092681885,
            0.8002795577049255,
            0.4507782459259033,
            1.6112761497497559
          ],
          [
            0.0,
            0.0,
            0.0,
            1.0
          ]
        ]
      },
      "bone_length_armature_space": 0.15509099586747083,
      "parent": "neck_01",
      "has_children": false,
      "is_end_bone": true
    },
    "upperarm_l": {
      "name": "upperarm_l",
      "local": {
        "location": {
          "x": 0.0,
          "y": 0.0,
          "z": 0.0
        },
        "rotation_quaternion": {
          "w": 0.850949764251709,
          "x": 0.14734050631523132,
          "y": 0.4182957410812378,
          "z": 0.2814321517944336
        },
        "scale": {
          "x": 1.0,
          "y": 1.0,
          "z": 1.0
        },
        "matrix_basis": [
          [
            0.49164924025535583,
            -0.3557054400444031,
            0.7948300242424011,
            0.0
          ],
          [
            0.6022330522537231,
            0.7981734275817871,
            -0.015314997173845768,
            0.0
          ],
          [
            -0.6289646029472351,
            0.4862024784088135,
            0.6066389083862305,
            0.0
          ],
          [
            0.0,
            0.0,
            0.0,
            1.0
          ]
        ],
        "rotation_mode": "QUATERNION"
      },
      "armature_space": {
        "head": {
          "x": 0.12872840464115143,
          "y": 0.003656134009361267,
          "z": 0.5029561519622803
        },
        "tail": {
          "x": 0.33401668071746826,
          "y": -0.12957479059696198,
          "z": 0.6121074557304382
        }
      },
      "world_space": {
        "head": {
          "x": 0.12872840464115143,
          "y": 0.06690013408660889,
          "z": 1.4528101682662964
        },
        "tail": {
          "x": 0.33401668071746826,
          "y": -0.06633079051971436,
          "z": 1.5619614124298096
        },
        "rotation_quaternion": {
          "w": 0.317359983921051,
          "x": 0.8485347628593445,
          "y": 0.3881863057613373,
          "z": -0.16906504333019257
        },
        "matrix": [
          [
            0.6414564847946167,
            0.7660883665084839,
            -0.04052390158176422,
            0.12872840464115143
          ],
          [
            0.5514711141586304,
            -0.4971870183944702,
            -0.6698393821716309,
            0.06690013408660889
          ],
          [
            -0.5333073735237122,
            0.40732744336128235,
            -0.7414052486419678,
            1.4528101682662964
          ],
          [
            0.0,
            0.0,
            0.0,
            1.0
          ]
        ]
      },
      "bone_length_armature_space": 0.26796970812123005,
      "parent": "spine_01",
      "has_children": true,
      "is_end_bone": false
    },
    "lowerarm_l": {
      "name": "lowerarm_l",
      "local": {
        "location": {
          "x": 0.0,
          "y": 0.0,
          "z": 0.0
        },
        "rotation_quaternion": {
          "w": 0.940562903881073,
          "x": 0.3026854991912842,
          "y": 0.1465756595134735,
          "z": -0.047314055263996124
        },
        "scale": {
          "x": 1.0,
          "y": 1.0,
          "z": 1.0
        },
        "matrix_basis": [
          [
            0.952553927898407,
            0.1777363419532776,
            0.24708469212055206,
            0.0
          ],
          [
            -0.00027103707543574274,
            0.8122857213020325,
            -0.5832597017288208,
            0.0
          ],
          [
            -0.30436980724334717,
            0.5555193424224854,
            0.7737941145896912,
            0.0
          ],
          [
            0.0,
            0.0,
            0.0,
            1.0
          ]
        ],
        "rotation_mode": "QUATERNION"
      },
      "armature_space": {
        "head": {
          "x": 0.33401668071746826,
          "y": -0.12957492470741272,
          "z": 0.612107515335083
        },
        "tail": {
          "x": 0.486789345741272,
          "y": -0.34172144532203674,
          "z": 0.5553292632102966
        }
      },
      "world_space": {
        "head": {
          "x": 0.33401668071746826,
          "y": -0.0663309246301651,
          "z": 1.5619615316390991
        },
        "tail": {
          "x": 0.486789345741272,
          "y": -0.27847743034362793,
          "z": 1.505183219909668
        },
        "rotation_quaternion": {
          "w": 0.041181329637765884,
          "x": -0.92244553565979,
          "y": -0.3190686106681824,
          "z": 0.21352693438529968
        },
        "matrix": [
          [
            0.705202579498291,
            0.5710605382919312,
            -0.4202130436897278,
            0.33401668071746826
          ],
          [
            0.6062334775924683,
            -0.7929985523223877,
            -0.06028592586517334,
            -0.0663309246301651
          ],
          [
            -0.36765730381011963,
            -0.21223574876785278,
            -0.905427098274231,
            1.5619615316390991
          ],
          [
            0.0,
            0.0,
            0.0,
            1.0
          ]
        ]
      },
      "bone_length_armature_space": 0.26752458249007965,
      "parent": "upperarm_l",
      "has_children": true,
      "is_end_bone": false
    },
    "metacarpal_thumb_l": {
      "name": "metacarpal_thumb_l",
      "local": {
        "location": {
          "x": 0.0,
          "y": 0.0,
          "z": 0.0
        },
        "rotation_quaternion": {
          "w": 0.9982322454452515,
          "x": -0.05558881536126137,
          "y": 0.021032782271504402,
          "z": 0.0001299991417909041
        },
        "scale": {
          "x": 1.0,
          "y": 1.0,
          "z": 1.0
        },
        "matrix_basis": [
          [
            0.9991152286529541,
            -0.0025979136116802692,
            0.041976749897003174,
            0.0
          ],
          [
            -0.002078836318105459,
            0.9938197135925293,
            0.11098656803369522,
            0.0
          ],
          [
            -0.04200565442442894,
            -0.11097563058137894,
            0.9929350018501282,
            0.0
          ],
          [
            0.0,
            0.0,
            0.0,
            1.0
          ]
        ],
        "rotation_mode": "QUATERNION"
      },
      "armature_space": {
        "head": {
          "x": 0.486789345741272,
          "y": -0.34172144532203674,
          "z": 0.5553292632102966
        },
        "tail": {
          "x": 0.49968796968460083,
          "y": -0.37284180521965027,
          "z": 0.5190146565437317
        }
      },
      "world_space": {
        "head": {
          "x": 0.486789345741272,
          "y": -0.27847743034362793,
          "z": 1.505183219909668
        },
        "tail": {
          "x": 0.49968796968460083,
          "y": -0.30959779024124146,
          "z": 1.4688687324523926
        },
        "rotation_quaternion": {
          "w": 0.42886701226234436,
          "x": -0.8149440288543701,
          "y": 0.0440492182970047,
          "z": -0.3872971534729004
        },
        "matrix": [
          [
            0.6961222290992737,
            0.26040133833885193,
            0.6690326929092407,
            0.486789345741272
          ],
          [
            -0.40399184823036194,
            -0.6282668113708496,
            0.6648845076560974,
            -0.27847743034362793
          ],
          [
            0.5934718251228333,
            -0.7331302762031555,
            -0.33215224742889404,
            1.505183219909668
          ],
          [
            0.0,
            0.0,
            0.0,
            1.0
          ]
        ]
      },
      "bone_length_armature_space": 0.04953384693191279,
      "parent": "lowerarm_l",
      "has_children": true,
      "is_end_bone": false
    },
    "thumb_01_l": {
      "name": "thumb_01_l",
      "local": {
        "location": {
          "x": 0.0,
          "y": 0.0,
          "z": 0.0
        },
        "rotation_quaternion": {
          "w": 0.9954390525817871,
          "x": -0.09413714706897736,
          "y": -0.0021980185993015766,
          "z": 0.015313254669308662
        },
        "scale": {
          "x": 1.0,
          "y": 1.0,
          "z": 1.0
        },
        "matrix_basis": [
          [
            0.9995213747024536,
            -0.03007299266755581,
            -0.00725907925516367,
            0.0
          ],
          [
            0.030900653451681137,
            0.9818074107170105,
            0.18734826147556305,
            0.0
          ],
          [
            0.0014928948367014527,
            -0.18748290836811066,
            0.9822667241096497,
            0.0
          ],
          [
            0.0,
            0.0,
            0.0,
            1.0
          ]
        ],
        "rotation_mode": "QUATERNION"
      },
      "armature_space": {
        "head": {
          "x": 0.49968796968460083,
          "y": -0.37284180521965027,
          "z": 0.5190146565437317
        },
        "tail": {
          "x": 0.5145283341407776,
          "y": -0.3651418089866638,
          "z": 0.4893648624420166
        }
      },
      "world_space": {
        "head": {
          "x": 0.49968796968460083,
          "y": -0.30959779024124146,
          "z": 1.4688687324523926
        },
        "tail": {
          "x": 0.5145283341407776,
          "y": -0.3018978238105774,
          "z": 1.4392188787460327
        },
        "rotation_quaternion": {
          "w": 0.5774643421173096,
          "x": -0.22218777239322662,
          "y": 0.5288111567497253,
          "z": -0.5809702277183533
        },
        "matrix": [
          [
            -0.23433105647563934,
            0.4359872341156006,
            0.8689097166061401,
            0.49968796968460083
          ],
          [
            -0.905971109867096,
            0.226214200258255,
            -0.3578316867351532,
            -0.30959779024124146
          ],
          [
            -0.35257288813591003,
            -0.8710640668869019,
            0.34198492765426636,
            1.4688687324523926
          ],
          [
            0.0,
            0.0,
            0.0,
            1.0
          ]
        ]
      },
      "bone_length_armature_space": 0.0340387522733703,
      "parent": "metacarpal_thumb_l",
      "has_children": true,
      "is_end_bone": false
    },
    "thumb_02_l": {
      "name": "thumb_02_l",
      "local": {
        "location": {
          "x": 0.0,
          "y": 0.0,
          "z": 0.0
        },
        "rotation_quaternion": {
          "w": 0.9948689937591553,
          "x": 0.10112182050943375,
          "y": 0.001202321145683527,
          "z": -0.0029610656201839447
        },
        "scale": {
          "x": 1.0,
          "y": 1.0,
          "z": 1.0
        },
        "matrix_basis": [
          [
            0.999979555606842,
            0.006134906783699989,
            0.0017934474162757397,
            0.0
          ],
          [
            -0.005648583173751831,
            0.9795312285423279,
            -0.2012130469083786,
            0.0
          ],
          [
            -0.0029911608435213566,
            0.20119880139827728,
            0.9795458912849426,
            0.0
          ],
          [
            0.0,
            0.0,
            0.0,
            1.0
          ]
        ],
        "rotation_mode": "QUATERNION"
      },
      "armature_space": {
        "head": {
          "x": 0.5145283341407776,
          "y": -0.36514174938201904,
          "z": 0.489364892244339
        },
        "tail": {
          "x": 0.5368700623512268,
          "y": -0.39664095640182495,
          "z": 0.47832733392715454
        }
      },
      "world_space": {
        "head": {
          "x": 0.5145283341407776,
          "y": -0.3018977642059326,
          "z": 1.4392188787460327
        },
        "tail": {
          "x": 0.5368700623512268,
          "y": -0.3333969712257385,
          "z": 1.4281814098358154
        },
        "rotation_quaternion": {
          "w": 0.2654942572116852,
          "x": 0.16034166514873505,
          "y": 0.1933497190475464,
          "z": -0.9308164715766907
        },
        "matrix": [
          [
            -0.8076067566871643,
            0.5562570095062256,
            -0.19582997262477875,
            0.5145283341407776
          ],
          [
            -0.4322495460510254,
            -0.7842570543289185,
            -0.4450855851173401,
            -0.3018977642059326
          ],
          [
            -0.40116623044013977,
            -0.27480918169021606,
            0.8738189935684204,
            1.4392188787460327
          ],
          [
            0.0,
            0.0,
            0.0,
            1.0
          ]
        ]
      },
      "bone_length_armature_space": 0.04016441827092592,
      "parent": "thumb_01_l",
      "has_children": true,
      "is_end_bone": false
    },
    "thumb_03_l": {
      "name": "thumb_03_l",
      "local": {
        "location": {
          "x": 0.0,
          "y": 0.0,
          "z": 0.0
        },
        "rotation_quaternion": {
          "w": 0.9986135959625244,
          "x": 0.05174228921532631,
          "y": 0.009627694264054298,
          "z": -0.0010394486598670483
        },
        "scale": {
          "x": 1.0,
          "y": 1.0,
          "z": 1.0
        },
        "matrix_basis": [
          [
            0.9998124837875366,
            0.0030723330564796925,
            0.01912112534046173,
            0.0
          ],
          [
            -0.00107969727832824,
            0.9946433305740356,
            -0.10336112231016159,
            0.0
          ],
          [
            -0.019336258992552757,
            0.10332109034061432,
            0.9944601058959961,
            0.0
          ],
          [
            0.0,
            0.0,
            0.0,
            1.0
          ]
        ],
        "rotation_mode": "QUATERNION"
      },
      "armature_space": {
        "head": {
          "x": 0.536870002746582,
          "y": -0.39664092659950256,
          "z": 0.47832727432250977
        },
        "tail": {
          "x": 0.5532698631286621,
          "y": -0.4220764935016632,
          "z": 0.48163896799087524
        }
      },
      "world_space": {
        "head": {
          "x": 0.536870002746582,
          "y": -0.33339691162109375,
          "z": 1.4281812906265259
        },
        "tail": {
          "x": 0.5532698631286621,
          "y": -0.3588324785232544,
          "z": 1.4314930438995361
        },
        "rotation_quaternion": {
          "w": 0.27887240052223206,
          "x": 0.40394625067710876,
          "y": 0.06707035005092621,
          "z": -0.8686537146568298
        },
        "matrix": [
          [
            -0.5181151032447815,
            0.5386735796928406,
            -0.6643700003623962,
            0.536870002746582
          ],
          [
            -0.43030208349227905,
            -0.8354628086090088,
            -0.3418216109275818,
            -0.33339691162109375
          ],
          [
            -0.7391923069953918,
            0.1087769940495491,
            0.6646627187728882,
            1.4281812906265259
          ],
          [
            0.0,
            0.0,
            0.0,
            1.0
          ]
        ]
      },
      "bone_length_armature_space": 0.03044488166762189,
      "parent": "thumb_02_l",
      "has_children": false,
      "is_end_bone": true
    },
    "metacarpal_index_l": {
      "name": "metacarpal_index_l",
      "local": {
        "location": {
          "x": 0.0,
          "y": 0.0,
          "z": 0.0
        },
        "rotation_quaternion": {
          "w": 0.9989932775497437,
          "x": -0.043947555124759674,
          "y": -0.003389210905879736,
          "z": -0.0083515839651227
        },
        "scale": {
          "x": 1.0,
          "y": 1.0,
          "z": 1.0
        },
        "matrix_basis": [
          [
            0.9998375177383423,
            0.0169842466711998,
            -0.006037534214556217,
            0.0
          ],
          [
            -0.016388457268476486,
            0.9959977269172668,
            0.08786323666572571,
            0.0
          ],
          [
            0.007505661342293024,
            -0.08775001019239426,
            0.9961142539978027,
            0.0
          ],
          [
            0.0,
            0.0,
            0.0,
            1.0
          ]
        ],
        "rotation_mode": "QUATERNION"
      },
      "armature_space": {
        "head": {
          "x": 0.486789345741272,
          "y": -0.34172144532203674,
          "z": 0.5553292632102966
        },
        "tail": {
          "x": 0.5388349890708923,
          "y": -0.43433892726898193,
          "z": 0.5059074759483337
        }
      },
      "world_space": {
        "head": {
          "x": 0.486789345741272,
          "y": -0.27847743034362793,
          "z": 1.505183219909668
        },
        "tail": {
          "x": 0.5388349890708923,
          "y": -0.3710949420928955,
          "z": 1.455761432647705
        },
        "rotation_quaternion": {
          "w": 0.265273779630661,
          "x": -0.9271079301834106,
          "y": -0.18549619615077972,
          "z": -0.18892309069633484
        },
        "matrix": [
          [
            0.8597985506057739,
            0.44418275356292725,
            0.25188878178596497,
            0.486789345741272
          ],
          [
            0.24371829628944397,
            -0.7904420495033264,
            0.5619634389877319,
            -0.27847743034362793
          ],
          [
            0.4487212598323822,
            -0.4217892289161682,
            -0.7878815531730652,
            1.505183219909668
          ],
          [
            0.0,
            0.0,
            0.0,
            1.0
          ]
        ]
      },
      "bone_length_armature_space": 0.11717192427121266,
      "parent": "lowerarm_l",
      "has_children": true,
      "is_end_bone": false
    },
    "index_01_l": {
      "name": "index_01_l",
      "local": {
        "location": {
          "x": 0.0,
          "y": 0.0,
          "z": 0.0
        },
        "rotation_quaternion": {
          "w": 0.9904407262802124,
          "x": -0.13779497146606445,
          "y": 0.005714538972824812,
          "z": -0.002673050155863166
        },
        "scale": {
          "x": 1.0,
          "y": 1.0,
          "z": 1.0
        },
        "matrix_basis": [
          [
            0.9999203681945801,
            0.0037201261147856712,
            0.012056490406394005,
            0.0
          ],
          [
            -0.006869865115731955,
            0.9620108008384705,
            0.2729249596595764,
            0.0
          ],
          [
            -0.01058315858244896,
            -0.2729860544204712,
            0.9619597792625427,
            0.0
          ],
          [
            0.0,
            0.0,
            0.0,
            1.0
          ]
        ],
        "rotation_mode": "QUATERNION"
      },
      "armature_space": {
        "head": {
          "x": 0.5388349890708923,
          "y": -0.43433892726898193,
          "z": 0.5059074759483337
        },
        "tail": {
          "x": 0.5546844601631165,
          "y": -0.45788854360580444,
          "z": 0.5086051821708679
        }
      },
      "world_space": {
        "head": {
          "x": 0.5388349890708923,
          "y": -0.3710949420928955,
          "z": 1.455761432647705
        },
        "tail": {
          "x": 0.5546844601631165,
          "y": -0.394644558429718,
          "z": 1.4584591388702393
        },
        "rotation_quaternion": {
          "w": 0.047042712569236755,
          "x": -0.9043222069740295,
          "y": -0.2912790775299072,
          "z": -0.30845558643341064
        },
        "matrix": [
          [
            0.6400229930877686,
            0.5558421611785889,
            0.5304808616638184,
            0.5388349890708923
          ],
          [
            0.49779969453811646,
            -0.8258864879608154,
            0.26477763056755066,
            -0.3710949420928955
          ],
          [
            0.5852960348129272,
            0.094609335064888,
            -0.8052899837493896,
            1.455761432647705
          ],
          [
            0.0,
            0.0,
            0.0,
            1.0
          ]
        ]
      },
      "bone_length_armature_space": 0.028514343347902878,
      "parent": "metacarpal_index_l",
      "has_children": true,
      "is_end_bone": false
    },
    "index_02_l": {
      "name": "index_02_l",
      "local": {
        "location": {
          "x": 0.0,
          "y": 0.0,
          "z": 0.0
        },
        "rotation_quaternion": {
          "w": 0.9984627962112427,
          "x": 0.05399774760007858,
          "y": 0.007210259325802326,
          "z": 0.0102156400680542
        },
        "scale": {
          "x": 1.0,
          "y": 1.0,
          "z": 1.0
        },
        "matrix_basis": [
          [
            0.9996873140335083,
            -0.019621197134256363,
            0.015501594170928001,
            0.0
          ],
          [
            0.02117854915559292,
            0.9939597845077515,
            -0.10768216848373413,
            0.0
          ],
          [
            -0.013295108452439308,
            0.10797680169343948,
            0.9940645098686218,
            0.0
          ],
          [
            0.0,
            0.0,
            0.0,
            1.0
          ]
        ],
        "rotation_mode": "QUATERNION"
      },
      "armature_space": {
        "head": {
          "x": 0.5546846985816956,
          "y": -0.4578889012336731,
          "z": 0.508604884147644
        },
        "tail": {
          "x": 0.5699581503868103,
          "y": -0.4784757196903229,
          "z": 0.5096026659011841
        }
      },
      "world_space": {
        "head": {
          "x": 0.5546846985816956,
          "y": -0.39464491605758667,
          "z": 1.4584589004516602
        },
        "tail": {
          "x": 0.5699581503868103,
          "y": -0.41523170471191406,
          "z": 1.4594566822052002
        },
        "rotation_quaternion": {
          "w": 0.07096372544765472,
          "x": -0.908876359462738,
          "y": -0.30612510442733765,
          "z": -0.2742176055908203
        },
        "matrix": [
          [
            0.6621840000152588,
            0.5953792929649353,
            0.45501166582107544,
            0.5546846985816956
          ],
          [
            0.5175412893295288,
            -0.8025026321411133,
            0.2968848943710327,
            -0.39464491605758667
          ],
          [
            0.5419114232063293,
            0.0388944074511528,
            -0.8395436406135559,
            1.4584589004516602
          ],
          [
            0.0,
            0.0,
            0.0,
            1.0
          ]
        ]
      },
      "bone_length_armature_space": 0.025653284042054185,
      "parent": "index_01_l",
      "has_children": true,
      "is_end_bone": false
    },
    "index_03_l": {
      "name": "index_03_l",
      "local": {
        "location": {
          "x": 0.0,
          "y": 0.0,
          "z": 0.0
        },
        "rotation_quaternion": {
          "w": 0.9996799826622009,
          "x": 0.0252159982919693,
          "y": -0.0015096620190888643,
          "z": 0.001381498877890408
        },
        "scale": {
          "x": 1.0,
          "y": 1.0,
          "z": 1.0
        },
        "matrix_basis": [
          [
            0.9999915957450867,
            -0.0028382488526403904,
            -0.0029486860148608685,
            0.0
          ],
          [
            0.0026859783101826906,
            0.9987244606018066,
            -0.05042002722620964,
            0.0
          ],
          [
            0.0030880295671522617,
            0.050411686301231384,
            0.9987237453460693,
            0.0
          ],
          [
            0.0,
            0.0,
            0.0,
            1.0
          ]
        ],
        "rotation_mode": "QUATERNION"
      },
      "armature_space": {
        "head": {
          "x": 0.5699580311775208,
          "y": -0.47847574949264526,
          "z": 0.5096027851104736
        },
        "tail": {
          "x": 0.5907160043716431,
          "y": -0.4990221858024597,
          "z": 0.5087764859199524
        }
      },
      "world_space": {
        "head": {
          "x": 0.5699580311775208,
          "y": -0.41523176431655884,
          "z": 1.4594568014144897
        },
        "tail": {
          "x": 0.5907160043716431,
          "y": -0.4357782006263733,
          "z": 1.4586305618286133
        },
        "rotation_quaternion": {
          "w": 0.13323363661766052,
          "x": -0.8778802156448364,
          "y": -0.36145666241645813,
          "z": -0.28447166085243225
        },
        "matrix": [
          [
            0.576849639415741,
            0.7104342579841614,
            0.40314677357673645,
            0.5699580311775208
          ],
          [
            0.5588296055793762,
            -0.7031949162483215,
            0.4395752251148224,
            -0.41523176431655884
          ],
          [
            0.5957847833633423,
            -0.028279390186071396,
            -0.8026549816131592,
            1.4594568014144897
          ],
          [
            0.0,
            0.0,
            0.0,
            1.0
          ]
        ]
      },
      "bone_length_armature_space": 0.0292186969570707,
      "parent": "index_02_l",
      "has_children": false,
      "is_end_bone": true
    },
    "metacarpal_pinky_l": {
      "name": "metacarpal_pinky_l",
      "local": {
        "location": {
          "x": 0.0,
          "y": 0.0,
          "z": 0.0
        },
        "rotation_quaternion": {
          "w": 0.9992513656616211,
          "x": -0.03837054595351219,
          "y": -0.00022254284704104066,
          "z": -0.004955882206559181
        },
        "scale": {
          "x": 1.0,
          "y": 1.0,
          "z": 1.0
        },
        "matrix_basis": [
          [
            0.9999507665634155,
            0.009921422228217125,
            -6.443267920985818e-05,
            0.0
          ],
          [
            -0.009887265972793102,
            0.9970062971115112,
            0.0766858458518982,
            0.0
          ],
          [
            0.0008250722894445062,
            -0.07668143510818481,
            0.9970552921295166,
            0.0
          ],
          [
            0.0,
            0.0,
            0.0,
            1.0
          ]
        ],
        "rotation_mode": "QUATERNION"
      },
      "armature_space": {
        "head": {
          "x": 0.486789345741272,
          "y": -0.34172144532203674,
          "z": 0.5553292632102966
        },
        "tail": {
          "x": 0.5627661943435669,
          "y": -0.4127192497253418,
          "z": 0.5608106851577759
        }
      },
      "world_space": {
        "head": {
          "x": 0.486789345741272,
          "y": -0.27847743034362793,
          "z": 1.505183219909668
        },
        "tail": {
          "x": 0.5627661943435669,
          "y": -0.34947526454925537,
          "z": 1.510664701461792
        },
        "rotation_quaternion": {
          "w": 0.3128398656845093,
          "x": 0.6191467642784119,
          "y": 0.24743536114692688,
          "z": -0.6764350533485413
        },
        "matrix": [
          [
            -0.037577074021101,
            0.7296292185783386,
            -0.682809591293335,
            0.486789345741272
          ],
          [
            -0.11683481931686401,
            -0.6818137764930725,
            -0.7221355438232422,
            -0.27847743034362793
          ],
          [
            -0.9924473762512207,
            0.05263986438512802,
            0.11086670309305191,
            1.505183219909668
          ],
          [
            0.0,
            0.0,
            0.0,
            1.0
          ]
        ]
      },
      "bone_length_armature_space": 0.1041307644243607,
      "parent": "lowerarm_l",
      "has_children": true,
      "is_end_bone": false
    },
    "pinky_01_l": {
      "name": "pinky_01_l",
      "local": {
        "location": {
          "x": 0.0,
          "y": 0.0,
          "z": 0.0
        },
        "rotation_quaternion": {
          "w": 0.9924955368041992,
          "x": -0.1182456910610199,
          "y": -0.026858681812882423,
          "z": -0.015785152092576027
        },
        "scale": {
          "x": 1.0,
          "y": 1.0,
          "z": 1.0
        },
        "matrix_basis": [
          [
            0.9980588555335999,
            0.03768523409962654,
            -0.049581192433834076,
            0.0
          ],
          [
            -0.024981539696455002,
            0.9715375900268555,
            0.23556457459926605,
            0.0
          ],
          [
            0.057047296315431595,
            -0.23386870324611664,
            0.9705931544303894,
            0.0
          ],
          [
            0.0,
            0.0,
            0.0,
            1.0
          ]
        ],
        "rotation_mode": "QUATERNION"
      },
      "armature_space": {
        "head": {
          "x": 0.5627661943435669,
          "y": -0.4127192497253418,
          "z": 0.5608106851577759
        },
        "tail": {
