{
  "metadata": {
    "armature_name": "KIM_caucasian_male",
    "export_time": "2026-01-13T21:05:29.629929",
    "blender_version": "4.4.1",
    "bone_count": 56,
    "end_bone_count": 13,
    "spaces_included": [
      "LOCAL_CHANNELS",
      "ARMATURE_SPACE",
      "WORLD_SPACE"
    ],
    "note": "LOCAL matches Transform panel; replay pose via local.matrix_basis for best fidelity."
  },
  "bones": {
    "Root": {
      "name": "Root",
      "local": {
        "location": {
          "x": 0.0,
          "y": 0.0,
          "z": 0.0
        },
        "rotation_quaternion": {
          "w": 0.9995534420013428,
          "x": -0.00403582165017724,
          "y": -0.00046896812273189425,
          "z": 0.029607350006699562
        },
        "scale": {
          "x": 1.0,
          "y": 1.0,
          "z": 1.0
        },
        "matrix_basis": [
          [
            0.9982463717460632,
            -0.059184473007917404,
            -0.0011764973169192672,
            0.0
          ],
          [
            0.05919204279780388,
            0.9982142448425293,
            0.008040268905460835,
            0.0
          ],
          [
            0.0006985374493524432,
            -0.008095808327198029,
            0.9999669790267944,
            0.0
          ],
          [
            0.0,
            0.0,
            0.0,
            1.0
          ]
        ],
        "rotation_mode": "QUATERNION"
      },
      "armature_space": {
        "head": {
          "x": 0.0,
          "y": 0.07072800397872925,
          "z": -0.009595036506652832
        },
        "tail": {
          "x": -0.004224343225359917,
          "y": 0.00020398199558258057,
          "z": 0.0005554696545004845
        }
      },
      "world_space": {
        "head": {
          "x": 0.0,
          "y": 0.13397200405597687,
          "z": 0.9402589797973633
        },
        "tail": {
          "x": -0.004224343225359917,
          "y": 0.0634479820728302,
          "z": 0.950409471988678
        },
        "rotation_quaternion": {
          "w": 0.07136422395706177,
          "x": 0.9970107078552246,
          "y": -0.02957168221473694,
          "z": 0.0015266829868778586
        },
        "matrix": [
          [
            0.9982463717460632,
            -0.059184473007917404,
            -0.0011764973169192672,
            0.0
          ],
          [
            -0.05874866992235184,
            -0.9880653023719788,
            -0.14239254593849182,
            0.13397200405597687
          ],
          [
            0.007264966145157814,
            0.14221201837062836,
            -0.9898166060447693,
            0.9402589797973633
          ],
          [
            0.0,
            0.0,
            0.0,
            1.0
          ]
        ]
      },
      "bone_length_armature_space": 0.07137587634217081,
      "parent": null,
      "has_children": true,
      "is_end_bone": false
    },
    "spine_01": {
      "name": "spine_01",
      "local": {
        "location": {
          "x": 0.0,
          "y": 0.0,
          "z": 0.0
        },
        "rotation_quaternion": {
          "w": 0.9986511468887329,
          "x": 0.047787100076675415,
          "y": 0.00391340209171176,
          "z": -0.01992460899055004
        },
        "scale": {
          "x": 1.0,
          "y": 1.0,
          "z": 1.0
        },
        "matrix_basis": [
          [
            0.9991753697395325,
            0.04016948863863945,
            0.005911968182772398,
            0.0
          ],
          [
            -0.039421446621418,
            0.9946388006210327,
            -0.09560123085975647,
            0.0
          ],
          [
            -0.009720525704324245,
            0.09528934210538864,
            0.9954021573066711,
            0.0
          ],
          [
            0.0,
            0.0,
            0.0,
            1.0
          ]
        ],
        "rotation_mode": "QUATERNION"
      },
      "armature_space": {
        "head": {
          "x": -0.004224343225359917,
          "y": 0.00020398199558258057,
          "z": 0.0005554696545004845
        },
        "tail": {
          "x": 0.010639477521181107,
          "y": -0.020640280097723007,
          "z": 0.4878880977630615
        }
      },
      "world_space": {
        "head": {
          "x": -0.004224343225359917,
          "y": 0.0634479820728302,
          "z": 0.950409471988678
        },
        "tail": {
          "x": 0.010639477521181107,
          "y": 0.04260371997952461,
          "z": 1.4377421140670776
        },
        "rotation_quaternion": {
          "w": 0.6918030977249146,
          "x": 0.7214475870132446,
          "y": -0.007179285865277052,
          "z": -0.02950083464384079
        },
        "matrix": [
          [
            0.9981562495231628,
            0.030458573251962662,
            -0.0524996854364872,
            -0.004224343225359917
          ],
          [
            -0.051176268607378006,
            -0.04271354526281357,
            -0.9977758526802063,
            0.0634479820728302
          ],
          [
            -0.032633546739816666,
            0.9986299276351929,
            -0.04107722267508507,
            0.950409471988678
          ],
          [
            0.0,
            0.0,
            0.0,
            1.0
          ]
        ]
      },
      "bone_length_armature_space": 0.4880046251937366,
      "parent": "Root",
      "has_children": true,
      "is_end_bone": false
    },
    "neck_01": {
      "name": "neck_01",
      "local": {
        "location": {
          "x": 0.0,
          "y": 0.0,
          "z": 0.0
        },
        "rotation_quaternion": {
          "w": 0.9977302551269531,
          "x": -0.05182312801480293,
          "y": -0.009056583978235722,
          "z": 0.04203293099999428
        },
        "scale": {
          "x": 1.0,
          "y": 1.0,
          "z": 1.0
        },
        "matrix_basis": [
          [
            0.9963024258613586,
            -0.0829363763332367,
            -0.022428611293435097,
            0.0
          ],
          [
            0.08481373637914658,
            0.9910951852798462,
            0.10264965891838074,
            0.0
          ],
          [
            0.013715500012040138,
            -0.10417235642671585,
            0.9944646954536438,
            0.0
          ],
          [
            0.0,
            0.0,
            0.0,
            1.0
          ]
        ],
        "rotation_mode": "QUATERNION"
      },
      "armature_space": {
        "head": {
          "x": 0.011048895306885242,
          "y": -0.058371007442474365,
          "z": 0.5595816969871521
        },
        "tail": {
          "x": 0.004059815779328346,
          "y": -0.09076942503452301,
          "z": 0.6565984487533569
        }
      },
      "world_space": {
        "head": {
          "x": 0.011048895306885242,
          "y": 0.004872992634773254,
          "z": 1.5094356536865234
        },
        "tail": {
          "x": 0.004059815779328346,
          "y": -0.02752542495727539,
          "z": 1.606452465057373
        },
        "rotation_quaternion": {
          "w": 0.5824848413467407,
          "x": 0.811058521270752,
          "y": -0.051990360021591187,
          "z": -0.01387383695691824
        },
        "matrix": [
          [
            0.9942089915275574,
            -0.06817194819450378,
            -0.08307249844074249,
            0.011048895306885242
          ],
          [
            -0.10049735754728317,
            -0.3160163164138794,
            -0.9434162974357605,
            0.004872992634773254
          ],
          [
            0.03806242719292641,
            0.9463076591491699,
            -0.32104048132896423,
            1.5094356536865234
          ],
          [
            0.0,
            0.0,
            0.0,
            1.0
          ]
        ]
      },
      "bone_length_armature_space": 0.10252197414516671,
      "parent": "spine_01",
      "has_children": true,
      "is_end_bone": false
    },
    "head": {
      "name": "head",
      "local": {
        "location": {
          "x": 0.0,
          "y": 0.0,
          "z": 0.0
        },
        "rotation_quaternion": {
          "w": 0.973142147064209,
          "x": 0.03175150603055954,
          "y": -0.11817795783281326,
          "z": -0.19498805701732635
        },
        "scale": {
          "x": 1.0,
          "y": 1.0,
          "z": 1.0
        },
        "matrix_basis": [
          [
            0.8960272669792175,
            0.37199753522872925,
            -0.2423902302980423,
            0.0
          ],
          [
            -0.38700684905052185,
            0.9219430088996887,
            -0.015710877254605293,
            0.0
          ],
          [
            0.21762557327747345,
            0.10788404196500778,
            0.970051646232605,
            0.0
          ],
          [
            0.0,
            0.0,
            0.0,
            1.0
          ]
        ],
        "rotation_mode": "QUATERNION"
      },
      "armature_space": {
        "head": {
          "x": 0.004059808328747749,
          "y": -0.09076954424381256,
          "z": 0.6565982699394226
        },
        "tail": {
          "x": 0.0547572523355484,
          "y": -0.1067187637090683,
          "z": 0.8022988438606262
        }
      },
      "world_space": {
        "head": {
          "x": 0.004059808328747749,
          "y": -0.02752554416656494,
          "z": 1.606452226638794
        },
        "tail": {
          "x": 0.0547572523355484,
          "y": -0.04347476363182068,
          "z": 1.752152919769287
        },
        "rotation_quaternion": {
          "w": 0.669761598110199,
          "x": 0.7013299465179443,
          "y": -5.706728643417591e-06,
          "z": -0.24404072761535645
        },
        "matrix": [
          [
            0.880887508392334,
            0.3268900513648987,
            -0.34231582283973694,
            0.004059808328747749
          ],
          [
            -0.3269086480140686,
            -0.10283833742141724,
            -0.9394442439079285,
            -0.02752554416656494
          ],
          [
            -0.3423008322715759,
            0.9394569993019104,
            0.01627338118851185,
            1.606452226638794
          ],
          [
            0.0,
            0.0,
            0.0,
            1.0
          ]
        ]
      },
      "bone_length_armature_space": 0.15509115584453803,
      "parent": "neck_01",
      "has_children": false,
      "is_end_bone": true
    },
    "upperarm_l": {
      "name": "upperarm_l",
      "local": {
        "location": {
          "x": 0.0,
          "y": 0.0,
          "z": 0.0
        },
        "rotation_quaternion": {
          "w": 0.9049625992774963,
          "x": 0.21007300913333893,
          "y": 0.2837579548358917,
          "z": 0.2374735027551651
        },
        "scale": {
          "x": 1.0,
          "y": 1.0,
          "z": 1.0
        },
        "matrix_basis": [
          [
            0.7261755466461182,
            -0.3105894923210144,
            0.6133542060852051,
            0.0
          ],
          [
            0.5490290522575378,
            0.7989513278007507,
            -0.24544644355773926,
            0.0
          ],
          [
            -0.41380712389945984,
            0.5149863958358765,
            0.7507014870643616,
            0.0
          ],
          [
            0.0,
            0.0,
            0.0,
            1.0
          ]
        ],
        "rotation_mode": "QUATERNION"
      },
      "armature_space": {
        "head": {
          "x": 0.15855784714221954,
          "y": -0.06635880470275879,
          "z": 0.48743996024131775
        },
        "tail": {
          "x": 0.37464460730552673,
          "y": -0.2120532989501953,
          "z": 0.5497879385948181
        }
      },
      "world_space": {
        "head": {
          "x": 0.15855784714221954,
          "y": -0.0031148046255111694,
          "z": 1.4372940063476562
        },
        "tail": {
          "x": 0.37464460730552673,
          "y": -0.1488092988729477,
          "z": 1.4996418952941895
        },
        "rotation_quaternion": {
          "w": 0.2847602963447571,
          "x": 0.8229051232337952,
          "y": 0.38348644971847534,
          "z": -0.30769622325897217
        },
        "matrix": [
          [
            0.5165219902992249,
            0.80638587474823,
            -0.2880047857761383,
            0.15855784714221954
          ],
          [
            0.45590731501579285,
            -0.5436981916427612,
            -0.704656720161438,
            -0.0031148046255111694
          ],
          [
            -0.7248176336288452,
            0.23266834020614624,
            -0.6484744548797607,
            1.4372940063476562
          ],
          [
            0.0,
            0.0,
            0.0,
            1.0
          ]
        ]
      },
      "bone_length_armature_space": 0.26796948351843064,
      "parent": "spine_01",
      "has_children": true,
      "is_end_bone": false
    },
    "lowerarm_l": {
      "name": "lowerarm_l",
      "local": {
        "location": {
          "x": 0.0,
          "y": 0.0,
          "z": 0.0
        },
        "rotation_quaternion": {
          "w": 0.9786014556884766,
          "x": 0.07091569155454636,
          "y": -0.0018463568994775414,
          "z": -0.19314971566200256
        },
        "scale": {
          "x": 1.0,
          "y": 1.0,
          "z": 1.0
        },
        "matrix_basis": [
          [
            0.9253795742988586,
            0.3777713179588318,
            -0.031008386984467506,
            0.0
          ],
          [
            -0.37829506397247314,
            0.915328323841095,
            -0.13808314502239227,
            0.0
          ],
          [
            -0.02378099597990513,
            0.1395096480846405,
            0.9899351000785828,
            0.0
          ],
          [
            0.0,
            0.0,
            0.0,
            1.0
          ]
        ],
        "rotation_mode": "QUATERNION"
      },
      "armature_space": {
        "head": {
          "x": 0.37464460730552673,
          "y": -0.21205344796180725,
          "z": 0.5497880578041077
        },
        "tail": {
          "x": 0.5880129933357239,
          "y": -0.36515939235687256,
          "z": 0.498779296875
        }
      },
      "world_space": {
        "head": {
          "x": 0.37464460730552673,
          "y": -0.14880944788455963,
          "z": 1.4996421337127686
        },
        "tail": {
          "x": 0.5880129933357239,
          "y": -0.30191540718078613,
          "z": 1.4486333131790161
        },
        "rotation_quaternion": {
          "w": 0.13358820974826813,
          "x": 0.7660325765609741,
          "y": 0.44271889328956604,
          "z": -0.4464845061302185
        },
        "matrix": [
          [
            0.20930182933807373,
            0.797565758228302,
            -0.5657572746276855,
            0.37464460730552673
          ],
          [
            0.5589839220046997,
            -0.572306215763092,
            -0.6000024080276489,
            -0.14880944788455963
          ],
          [
            -0.8023329973220825,
            -0.19066956639289856,
            -0.565615713596344,
            1.4996421337127686
          ],
          [
            0.0,
            0.0,
            0.0,
            1.0
          ]
        ]
      },
      "bone_length_armature_space": 0.2675245642134651,
      "parent": "upperarm_l",
      "has_children": true,
      "is_end_bone": false
    },
    "metacarpal_thumb_l": {
      "name": "metacarpal_thumb_l",
      "local": {
        "location": {
          "x": 0.0,
          "y": 0.0,
          "z": 0.0
        },
        "rotation_quaternion": {
          "w": 0.9977574348449707,
          "x": -0.06353233009576797,
          "y": -0.011590130627155304,
          "z": -0.01759338565170765
        },
        "scale": {
          "x": 1.0,
          "y": 1.0,
          "z": 1.0
        },
        "matrix_basis": [
          [
            0.9991123080253601,
            0.036580558866262436,
            -0.020892780274152756,
            0.0
          ],
          [
            -0.03363516554236412,
            0.9913082122802734,
            0.12718753516674042,
            0.0
          ],
          [
            0.025363774970173836,
            -0.12637189030647278,
            0.991658627986908,
            0.0
          ],
          [
            0.0,
            0.0,
            0.0,
            1.0
          ]
        ],
        "rotation_mode": "QUATERNION"
      },
      "armature_space": {
        "head": {
          "x": 0.5880129933357239,
          "y": -0.36515939235687256,
          "z": 0.498779296875
        },
        "tail": {
          "x": 0.6055855751037598,
          "y": -0.4035817086696625,
          "z": 0.4729234278202057
        }
      },
      "world_space": {
        "head": {
          "x": 0.5880129933357239,
          "y": -0.30191540718078613,
          "z": 1.4486333131790161
        },
        "tail": {
          "x": 0.6055855751037598,
          "y": -0.34033769369125366,
          "z": 1.4227774143218994
        },
        "rotation_quaternion": {
          "w": 0.2964803874492645,
          "x": -0.9362202882766724,
          "y": -0.15575286746025085,
          "z": -0.10645191371440887
        },
        "matrix": [
          [
            0.9288180470466614,
            0.3547597825527191,
            0.10696867108345032,
            0.5880129933357239
          ],
          [
            0.22851714491844177,
            -0.7756810188293457,
            0.5883018970489502,
            -0.30191540718078613
          ],
          [
            0.2916817367076874,
            -0.521985650062561,
            -0.8015403747558594,
            1.4486333131790161
          ],
          [
            0.0,
            0.0,
            0.0,
            1.0
          ]
        ]
      },
      "bone_length_armature_space": 0.04953378597310472,
      "parent": "lowerarm_l",
      "has_children": true,
      "is_end_bone": false
    },
    "thumb_01_l": {
      "name": "thumb_01_l",
      "local": {
        "location": {
          "x": 0.0,
          "y": 0.0,
          "z": 0.0
        },
        "rotation_quaternion": {
          "w": 0.984557032585144,
          "x": 0.1737145483493805,
          "y": -0.011079030111432076,
          "z": -0.018656032159924507
        },
        "scale": {
          "x": 1.0,
          "y": 1.0,
          "z": 1.0
        },
        "matrix_basis": [
          [
            0.9990584254264832,
            0.032886676490306854,
            -0.02829752303659916,
            0.0
          ],
          [
            -0.04058503359556198,
            0.9389504194259644,
            -0.3416503667831421,
            0.0
          ],
          [
            0.01533422525972128,
            0.34247714281082153,
            0.9394010305404663,
            0.0
          ],
          [
            0.0,
            0.0,
            0.0,
            1.0
          ]
        ],
        "rotation_mode": "QUATERNION"
      },
      "armature_space": {
        "head": {
          "x": 0.6055855751037598,
          "y": -0.4035817086696625,
          "z": 0.4729234278202057
        },
        "tail": {
          "x": 0.623426616191864,
          "y": -0.40549030900001526,
          "z": 0.4439978003501892
        }
      },
      "world_space": {
        "head": {
          "x": 0.6055855751037598,
          "y": -0.34033769369125366,
          "z": 1.4227774143218994
        },
        "tail": {
          "x": 0.623426616191864,
          "y": -0.34224629402160645,
          "z": 1.3938517570495605
        },
        "rotation_quaternion": {
          "w": 0.6391262412071228,
          "x": -0.4354740083217621,
          "y": 0.25195786356925964,
          "z": -0.5817193388938904
        },
        "matrix": [
          [
            0.1962359994649887,
            0.5241416692733765,
            0.8287140130996704,
            0.6055855751037598
          ],
          [
            -0.9630271196365356,
            -0.056071795523166656,
            0.26350516080856323,
            -0.34033769369125366
          ],
          [
            0.18458192050457,
            -0.8497893214225769,
            0.4937630593776703,
            1.4227774143218994
          ],
          [
            0.0,
            0.0,
            0.0,
            1.0
          ]
        ]
      },
      "bone_length_armature_space": 0.034038763705927434,
      "parent": "metacarpal_thumb_l",
      "has_children": true,
      "is_end_bone": false
    },
    "thumb_02_l": {
      "name": "thumb_02_l",
      "local": {
        "location": {
          "x": 0.0,
          "y": 0.0,
          "z": 0.0
        },
        "rotation_quaternion": {
          "w": 0.9439938068389893,
          "x": 0.3298760950565338,
          "y": -0.0019791675731539726,
          "z": -0.00732808094471693
        },
        "scale": {
          "x": 1.0,
          "y": 1.0,
          "z": 1.0
        },
        "matrix_basis": [
          [
            0.9998847842216492,
            0.012529565952718258,
            -0.008571361191570759,
            0.0
          ],
          [
            -0.015141086652874947,
            0.7822561264038086,
            -0.6227729916572571,
            0.0
          ],
          [
            -0.0010980735532939434,
            0.6228309869766235,
            0.7823556661605835,
            0.0
          ],
          [
            0.0,
            0.0,
            0.0,
            1.0
          ]
        ],
        "rotation_mode": "QUATERNION"
      },
      "armature_space": {
        "head": {
          "x": 0.6234265565872192,
          "y": -0.40549027919769287,
          "z": 0.4439977705478668
        },
        "tail": {
          "x": 0.6494786143302917,
          "y": -0.42347225546836853,
          "z": 0.4687187373638153
        }
      },
      "world_space": {
        "head": {
          "x": 0.6234265565872192,
          "y": -0.34224629402160645,
          "z": 1.3938517570495605
        },
        "tail": {
          "x": 0.6494786143302917,
          "y": -0.3602282404899597,
          "z": 1.4185727834701538
        },
        "rotation_quaternion": {
          "w": 0.4596993625164032,
          "x": 0.21328967809677124,
          "y": -0.25460100173950195,
          "z": -0.8236275911331177
        },
        "matrix": [
          [
            -0.4863668382167816,
            0.64863520860672,
            -0.5854225754737854,
            0.6234265565872192
          ],
          [
            -0.8658505082130432,
            -0.4477091133594513,
            0.22329315543174744,
            -0.34224629402160645
          ],
          [
            -0.11726490408182144,
            0.6154947280883789,
            0.7793775796890259,
            1.3938517570495605
          ],
          [
            0.0,
            0.0,
            0.0,
            1.0
          ]
        ]
      },
      "bone_length_armature_space": 0.040164503866247786,
      "parent": "thumb_01_l",
      "has_children": true,
      "is_end_bone": false
    },
    "thumb_03_l": {
      "name": "thumb_03_l",
      "local": {
        "location": {
          "x": 0.0,
          "y": 0.0,
          "z": 0.0
        },
        "rotation_quaternion": {
          "w": 0.9856024980545044,
          "x": 0.1688486486673355,
          "y": -0.007903109304606915,
          "z": 0.003925453871488571
        },
        "scale": {
          "x": 1.0,
          "y": 1.0,
          "z": 1.0
        },
        "matrix_basis": [
          [
            0.9998442530632019,
            -0.010406732559204102,
            -0.014253033325076103,
            0.0
          ],
          [
            0.005069015547633171,
            0.9429494738578796,
            -0.3328973352909088,
            0.0
          ],
          [
            0.016904262825846672,
            0.33277323842048645,
            0.9428553581237793,
            0.0
          ],
          [
            0.0,
            0.0,
            0.0,
            1.0
          ]
        ],
        "rotation_mode": "QUATERNION"
      },
      "armature_space": {
        "head": {
          "x": 0.6494786143302917,
          "y": -0.4234722852706909,
          "z": 0.46871864795684814
        },
        "tail": {
          "x": 0.656364381313324,
          "y": -0.4300966262817383,
          "z": 0.49762552976608276
        }
      },
      "world_space": {
        "head": {
          "x": 0.6494786143302917,
          "y": -0.3602283000946045,
          "z": 1.4185726642608643
        },
        "tail": {
          "x": 0.656364381313324,
          "y": -0.36685264110565186,
          "z": 1.447479486465454
        },
        "rotation_quaternion": {
          "w": 0.4818117320537567,
          "x": 0.46940040588378906,
          "y": -0.3988288342952728,
          "z": -0.6232626438140869
        },
        "matrix": [
          [
            -0.09504121541976929,
            0.2261713445186615,
            -0.9694399833679199,
            0.6494786143302917
          ],
          [
            -0.9750118255615234,
            -0.21758469939231873,
            0.044824518263339996,
            -0.3602283000946045
          ],
          [
            -0.2007995843887329,
            0.9494820237159729,
            0.24120089411735535,
            1.4185726642608643
          ],
          [
            0.0,
            0.0,
            0.0,
            1.0
          ]
        ]
      },
      "bone_length_armature_space": 0.030445089914970382,
      "parent": "thumb_02_l",
      "has_children": false,
      "is_end_bone": true
    },
    "metacarpal_index_l": {
      "name": "metacarpal_index_l",
      "local": {
        "location": {
          "x": 0.0,
          "y": 0.0,
          "z": 0.0
        },
        "rotation_quaternion": {
          "w": 0.999519944190979,
          "x": -0.02921392023563385,
          "y": 0.009488657116889954,
          "z": 0.0040442440658807755
        },
        "scale": {
          "x": 1.0,
          "y": 1.0,
          "z": 1.0
        },
        "matrix_basis": [
          [
            0.9997872114181519,
            -0.00863900687545538,
            0.01873190701007843,
            0.0
          ],
          [
            0.007530203554779291,
            0.9982603788375854,
            0.05847654119133949,
            0.0
          ],
          [
            -0.019204501062631607,
            -0.05832304432988167,
            0.9981130361557007,
            0.0
          ],
          [
            0.0,
            0.0,
            0.0,
            1.0
          ]
        ],
        "rotation_mode": "QUATERNION"
      },
      "armature_space": {
        "head": {
          "x": 0.5880129933357239,
          "y": -0.36515939235687256,
          "z": 0.498779296875
        },
        "tail": {
          "x": 0.6591544151306152,
          "y": -0.4493245482444763,
          "z": 0.4589751362800598
        }
      },
      "world_space": {
        "head": {
          "x": 0.5880129933357239,
          "y": -0.30191540718078613,
          "z": 1.4486333131790161
        },
        "tail": {
          "x": 0.6591544151306152,
          "y": -0.3860805630683899,
          "z": 1.4088292121887207
        },
        "rotation_quaternion": {
          "w": 0.1521836817264557,
          "x": -0.9229356050491333,
          "y": -0.34305569529533386,
          "z": 0.08569137006998062
        },
        "matrix": [
          [
            0.7499390840530396,
            0.607154905796051,
            -0.26259076595306396,
            0.5880129933357239
          ],
          [
            0.659318745136261,
            -0.7183058857917786,
            0.22211647033691406,
            -0.30191540718078613
          ],
          [
            -0.05376122146844864,
            -0.33970800042152405,
            -0.9390007853507996,
            1.4486333131790161
          ],
          [
            0.0,
            0.0,
            0.0,
            1.0
          ]
        ]
      },
      "bone_length_armature_space": 0.11717186912957424,
      "parent": "lowerarm_l",
      "has_children": true,
      "is_end_bone": false
    },
    "index_01_l": {
      "name": "index_01_l",
      "local": {
        "location": {
          "x": 0.0,
          "y": 0.0,
          "z": 0.0
        },
        "rotation_quaternion": {
          "w": 0.9693033695220947,
          "x": 0.24547752737998962,
          "y": -0.005070761777460575,
          "z": 0.012888971716165543
        },
        "scale": {
          "x": 1.0,
          "y": 1.0,
          "z": 1.0
        },
        "matrix_basis": [
          [
            0.9996163249015808,
            -0.02747616358101368,
            -0.003502307226881385,
            0.0
          ],
          [
            0.022497130557894707,
            0.879149317741394,
            -0.4760150909423828,
            0.0
          ],
          [
            0.016158118844032288,
            0.47575366497039795,
            0.8794301152229309,
            0.0
          ],
          [
            0.0,
            0.0,
            0.0,
            1.0
          ]
        ],
        "rotation_mode": "QUATERNION"
      },
      "armature_space": {
        "head": {
          "x": 0.6591544151306152,
          "y": -0.4493245482444763,
          "z": 0.4589751362800598
        },
        "tail": {
          "x": 0.6782975196838379,
          "y": -0.4594862461090088,
          "z": 0.44044530391693115
        }
      },
      "world_space": {
        "head": {
          "x": 0.6591544151306152,
          "y": -0.3860805630683899,
          "z": 1.4088292121887207
        },
        "tail": {
          "x": 0.6782975196838379,
          "y": -0.39624226093292236,
          "z": 1.3902993202209473
        },
        "rotation_quaternion": {
          "w": 0.31489327549934387,
          "x": -0.8101195693016052,
          "y": -0.4718647003173828,
          "z": 0.14796005189418793
        },
        "matrix": [
          [
            0.5109012722969055,
            0.6713504195213318,
            -0.5369060039520264,
            0.6591544151306152
          ],
          [
            0.8577183485031128,
            -0.3563712239265442,
            0.3705659508705139,
            -0.3860805630683899
          ],
          [
            0.057442933320999146,
            -0.649841845035553,
            -0.757905125617981,
            1.4088292121887207
          ],
          [
            0.0,
            0.0,
            0.0,
            1.0
          ]
        ]
      },
      "bone_length_armature_space": 0.028514439378750544,
      "parent": "metacarpal_index_l",
      "has_children": true,
      "is_end_bone": false
    },
    "index_02_l": {
      "name": "index_02_l",
      "local": {
        "location": {
          "x": 0.0,
          "y": 0.0,
          "z": 0.0
        },
        "rotation_quaternion": {
          "w": 0.9074550867080688,
          "x": 0.42004573345184326,
          "y": 0.0074156164191663265,
          "z": -0.005647219251841307
        },
        "scale": {
          "x": 1.0,
          "y": 1.0,
          "z": 1.0
        },
        "matrix_basis": [
          [
            0.9998262524604797,
            0.016478991135954857,
            0.008714497089385986,
            0.0
          ],
          [
            -0.004019399639219046,
            0.6470593810081482,
            -0.7624290585517883,
            0.0
          ],
          [
            -0.018202858045697212,
            0.7622615098953247,
            0.6470131874084473,
            0.0
          ],
          [
            0.0,
            0.0,
            0.0,
            1.0
          ]
        ],
        "rotation_mode": "QUATERNION"
      },
      "armature_space": {
        "head": {
          "x": 0.6782975196838379,
          "y": -0.4594864845275879,
          "z": 0.44044479727745056
        },
        "tail": {
          "x": 0.6795549988746643,
          "y": -0.4589053988456726,
          "z": 0.4148287773132324
        }
      },
      "world_space": {
        "head": {
          "x": 0.6782975196838379,
          "y": -0.39624249935150146,
          "z": 1.390298843383789
        },
        "tail": {
          "x": 0.6795549988746643,
          "y": -0.3956614136695862,
          "z": 1.3646827936172485
        },
        "rotation_quaternion": {
          "w": 0.6023998856544495,
          "x": -0.6066645383834839,
          "y": -0.38527974486351013,
          "z": 0.34732118248939514
        },
        "matrix": [
          [
            0.461854487657547,
            0.04901838302612305,
            -0.8855999708175659,
            0.6782975196838379
          ],
          [
            0.8859241604804993,
            0.0226517915725708,
            0.46327704191207886,
            -0.39624249935150146
          ],
          [
            0.0427706241607666,
            -0.9985480904579163,
            -0.032964468002319336,
            1.390298843383789
          ],
          [
            0.0,
            0.0,
            0.0,
            1.0
          ]
        ]
      },
      "bone_length_armature_space": 0.025653448223194698,
      "parent": "index_01_l",
      "has_children": true,
      "is_end_bone": false
    },
    "index_03_l": {
      "name": "index_03_l",
      "local": {
        "location": {
          "x": 0.0,
          "y": 0.0,
          "z": 0.0
        },
        "rotation_quaternion": {
          "w": 0.966055154800415,
          "x": 0.25826317071914673,
          "y": 0.005937696900218725,
          "z": -0.0015213366132229567
        },
        "scale": {
          "x": 1.0,
          "y": 1.0,
          "z": 1.0
        },
        "matrix_basis": [
          [
            0.9999248385429382,
            0.006006367038935423,
            0.010686474852263927,
            0.0
          ],
          [
            0.000127586696180515,
            0.8665956258773804,
            -0.49901100993156433,
            0.0
          ],
          [
            -0.012258095666766167,
            0.49897485971450806,
            0.8665297627449036,
            0.0
          ],
          [
            0.0,
            0.0,
            0.0,
            1.0
          ]
        ],
        "rotation_mode": "QUATERNION"
      },
      "armature_space": {
        "head": {
          "x": 0.6795551180839539,
          "y": -0.45890548825263977,
          "z": 0.4148287773132324
        },
        "tail": {
          "x": 0.667523980140686,
          "y": -0.4475758969783783,
          "z": 0.3907324969768524
        }
      },
      "world_space": {
        "head": {
          "x": 0.6795551180839539,
          "y": -0.39566147327423096,
          "z": 1.3646827936172485
        },
        "tail": {
          "x": 0.667523980140686,
          "y": -0.3843318819999695,
          "z": 1.340586543083191
        },
        "rotation_quaternion": {
          "w": 0.7858677506446838,
          "x": -0.3850551247596741,
          "y": -0.2762029469013214,
          "z": 0.3973115384578705
        },
        "matrix": [
          [
            0.5317097306251526,
            -0.41176268458366394,
            -0.7400918006896973,
            0.6795551180839539
          ],
          [
            0.8371763229370117,
            0.38775140047073364,
            0.38572636246681213,
            -0.39566147327423096
          ],
          [
            0.12814559042453766,
            -0.8246873617172241,
            0.5508936047554016,
            1.3646827936172485
          ],
          [
            0.0,
            0.0,
            0.0,
            1.0
          ]
        ]
      },
      "bone_length_armature_space": 0.029218806369763456,
      "parent": "index_02_l",
      "has_children": false,
      "is_end_bone": true
    },
    "metacarpal_pinky_l": {
      "name": "metacarpal_pinky_l",
      "local": {
        "location": {
          "x": 0.0,
          "y": 0.0,
          "z": 0.0
        },
        "rotation_quaternion": {
          "w": 0.9996527433395386,
          "x": -0.022613361477851868,
          "y": 0.0003162848297506571,
          "z": 0.013524848036468029
        },
        "scale": {
          "x": 1.0,
          "y": 1.0,
          "z": 1.0
        },
        "matrix_basis": [
          [
            0.9996339678764343,
            -0.02705460786819458,
            2.0665440388256684e-05,
            0.0
          ],
          [
            0.027025997638702393,
            0.9986114501953125,
            0.04521957412362099,
            0.0
          ],
          [
            -0.0012440345017239451,
            -0.04520246386528015,
            0.9989770650863647,
            0.0
          ],
          [
            0.0,
            0.0,
            0.0,
            1.0
          ]
        ],
        "rotation_mode": "QUATERNION"
      },
      "armature_space": {
        "head": {
          "x": 0.5880129933357239,
          "y": -0.36515939235687256,
          "z": 0.498779296875
        },
        "tail": {
          "x": 0.6869653463363647,
          "y": -0.3975182771682739,
          "z": 0.49664849042892456
        }
      },
      "world_space": {
        "head": {
          "x": 0.5880129933357239,
          "y": -0.30191540718078613,
          "z": 1.4486333131790161
        },
        "tail": {
          "x": 0.6869653463363647,
          "y": -0.3342742919921875,
          "z": 1.446502447128296
        },
        "rotation_quaternion": {
          "w": 0.5232466459274292,
          "x": 0.3514096736907959,
          "y": 0.2661497890949249,
          "z": -0.7293068766593933
        },
        "matrix": [
          [
            -0.20544758439064026,
            0.950270414352417,
            -0.23404499888420105,
            0.5880129933357239
          ],
          [
            -0.5761606097221375,
            -0.310752272605896,
            -0.7559580206871033,
            -0.30191540718078613
          ],
          [
            -0.7911006808280945,
            -0.020462706685066223,
            0.6113553047180176,
            1.4486333131790161
          ],
          [
            0.0,
            0.0,
            0.0,
            1.0
          ]
        ]
      },
      "bone_length_armature_space": 0.10413071418764688,
      "parent": "lowerarm_l",
      "has_children": true,
      "is_end_bone": false
    },
    "pinky_01_l": {
      "name": "pinky_01_l",
      "local": {
        "location": {
          "x": 0.0,
          "y": 0.0,
          "z": 0.0
        },
        "rotation_quaternion": {
          "w": 0.9546634554862976,
          "x": 0.29768410325050354,
          "y": 6.369978655129671e-05,
          "z": 0.001378745655529201
        },
        "scale": {
          "x": 1.0,
          "y": 1.0,
          "z": 1.0
        },
        "matrix_basis": [
          [
            0.9999961853027344,
            -0.0025945513043552637,
            0.0009424850577488542,
            0.0
          ],
          [
            0.002670401008799672,
            0.8227645754814148,
            -0.5683760643005371,
            0.0
          ],
          [
            0.0006992376293055713,
            0.5683764219284058,
            0.8227683305740356,
            0.0
          ],
          [
            0.0,
            0.0,
            0.0,
            1.0
          ]
        ],
        "rotation_mode": "QUATERNION"
      },
      "armature_space": {
        "head": {
          "x": 0.6869653463363647,
          "y": -0.3975182771682739,
          "z": 0.49664849042892456
        },
        "tail": {
