{
  "metadata": {
    "armature_name": "KIM_caucasian_male",
    "export_time": "2026-01-13T21:08:22.459656",
    "blender_version": "4.4.1",
    "bone_count": 56,
    "end_bone_count": 13,
    "spaces_included": [
      "LOCAL_CHANNELS",
      "ARMATURE_SPACE",
      "WORLD_SPACE"
    ],
    "note": "LOCAL matches Transform panel; replay pose via local.matrix_basis for best fidelity."
  },
  "bones": {
    "Root": {
      "name": "Root",
      "local": {
        "location": {
          "x": 0.0,
          "y": 0.0,
          "z": 0.0
        },
        "rotation_quaternion": {
          "w": 0.9996144771575928,
          "x": -0.0047677350230515,
          "y": -0.01002228632569313,
          "z": -0.025454692542552948
        },
        "scale": {
          "x": 1.0,
          "y": 1.0,
          "z": 1.0
        },
        "matrix_basis": [
          [
            0.9985032081604004,
            0.05098532512784004,
            -0.019794123247265816,
            0.0
          ],
          [
            -0.05079419165849686,
            0.9986586570739746,
            0.010042021982371807,
            0.0
          ],
          [
            0.020279567688703537,
            -0.009021565318107605,
            0.9997536540031433,
            0.0
          ],
          [
            0.0,
            0.0,
            0.0,
            1.0
          ]
        ],
        "rotation_mode": "QUATERNION"
      },
      "armature_space": {
        "head": {
          "x": 0.0,
          "y": 0.07072800397872925,
          "z": -0.009595036506652832
        },
        "tail": {
          "x": 0.0036391220055520535,
          "y": 0.00018143653869628906,
          "z": 0.00062521081417799
        }
      },
      "world_space": {
        "head": {
          "x": 0.0,
          "y": 0.13397200405597687,
          "z": 0.9402589797973633
        },
        "tail": {
          "x": 0.0036391220055520535,
          "y": 0.06342543661594391,
          "z": 0.9504792094230652
        },
        "rotation_quaternion": {
          "w": 0.07209859043359756,
          "x": 0.997022271156311,
          "y": 0.024721689522266388,
          "z": -0.011714350432157516
        },
        "matrix": [
          [
            0.9985032081604004,
            0.05098532512784004,
            -0.019794123247265816,
            0.0
          ],
          [
            0.04760696738958359,
            -0.9883812069892883,
            -0.14434745907783508,
            0.13397200405597687
          ],
          [
            -0.026923883706331253,
            0.14318911731243134,
            -0.9893361330032349,
            0.9402589797973633
          ],
          [
            0.0,
            0.0,
            0.0,
            1.0
          ]
        ]
      },
      "bone_length_armature_space": 0.07137587130895176,
      "parent": null,
      "has_children": true,
      "is_end_bone": false
    },
    "spine_01": {
      "name": "spine_01",
      "local": {
        "location": {
          "x": 0.0,
          "y": 0.0,
          "z": 0.0
        },
        "rotation_quaternion": {
          "w": 0.9993408918380737,
          "x": -0.021832063794136047,
          "y": -0.01695415750145912,
          "z": -0.023531801998615265
        },
        "scale": {
          "x": 1.0,
          "y": 1.0,
          "z": 1.0
        },
        "matrix_basis": [
          [
            0.9983175992965698,
            0.04777287319302559,
            -0.0328584685921669,
            0.0
          ],
          [
            -0.046292293816804886,
            0.9979392290115356,
            0.04443327337503433,
            0.0
          ],
          [
            0.03491346165537834,
            -0.04283742606639862,
            0.9984718561172485,
            0.0
          ],
          [
            0.0,
            0.0,
            0.0,
            1.0
          ]
        ],
        "rotation_mode": "QUATERNION"
      },
      "armature_space": {
        "head": {
          "x": 0.0036391220055520535,
          "y": 0.00018143653869628906,
          "z": 0.00062521081417799
        },
        "tail": {
          "x": 0.037678662687540054,
          "y": 0.04981981962919235,
          "z": 0.4849039614200592
        }
      },
      "world_space": {
        "head": {
          "x": 0.0036391220055520535,
          "y": 0.06342543661594391,
          "z": 0.9504792094230652
        },
        "tail": {
          "x": 0.037678662687540054,
          "y": 0.11306381970643997,
          "z": 1.434757947921753
        },
        "rotation_quaternion": {
          "w": 0.7416003942489624,
          "x": 0.6698781251907349,
          "y": 0.029793359339237213,
          "z": -0.02011672966182232
        },
        "matrix": [
          [
            0.99741530418396,
            0.06975298374891281,
            0.01723756268620491,
            0.0036391220055520535
          ],
          [
            0.010078202933073044,
            0.1017177402973175,
            -0.9947623610496521,
            0.06342543661594391
          ],
          [
            -0.07114148139953613,
            0.9923719763755798,
            0.10075162351131439,
            0.9504792094230652
          ],
          [
            0.0,
            0.0,
            0.0,
            1.0
          ]
        ]
      },
      "bone_length_armature_space": 0.48800466058914443,
      "parent": "Root",
      "has_children": true,
      "is_end_bone": false
    },
    "neck_01": {
      "name": "neck_01",
      "local": {
        "location": {
          "x": 0.0,
          "y": 0.0,
          "z": 0.0
        },
        "rotation_quaternion": {
          "w": 0.9828194379806519,
          "x": -0.15798228979110718,
          "y": -0.05096309259533882,
          "z": 0.08068718016147614
        },
        "scale": {
          "x": 1.0,
          "y": 1.0,
          "z": 1.0
        },
        "matrix_basis": [
          [
            0.9817847013473511,
            -0.14249932765960693,
            -0.12566933035850525,
            0.0
          ],
          [
            0.1747043877840042,
            0.9370623230934143,
            0.3023119866847992,
            0.0
          ],
          [
            0.07468074560165405,
            -0.3187602758407593,
            0.944888710975647,
            0.0
          ],
          [
            0.0,
            0.0,
            0.0,
            1.0
          ]
        ],
        "rotation_mode": "QUATERNION"
      },
      "armature_space": {
        "head": {
          "x": 0.043383676558732986,
          "y": 0.022768639028072357,
          "z": 0.5610580444335938
        },
        "tail": {
          "x": 0.03604203835129738,
          "y": 0.026714272797107697,
          "z": 0.6632407307624817
        }
      },
      "world_space": {
        "head": {
          "x": 0.043383676558732986,
          "y": 0.08601263910531998,
          "z": 1.5109120607376099
        },
        "tail": {
          "x": 0.03604203835129738,
          "y": 0.08995827287435532,
          "z": 1.6130948066711426
        },
        "rotation_quaternion": {
          "w": 0.7175047993659973,
          "x": 0.6932171583175659,
          "y": -0.06655538082122803,
          "z": -0.014399794861674309
        },
        "matrix": [
          [
            0.990726113319397,
            -0.07161083072423935,
            -0.1154714897274971,
            0.043383676558732986
          ],
          [
            -0.11293800920248032,
            0.038485974073410034,
            -0.9928566217422485,
            0.08601263910531998
          ],
          [
            0.07554373145103455,
            0.996696949005127,
            0.0300406813621521,
            1.5109120607376099
          ],
          [
            0.0,
            0.0,
            0.0,
            1.0
          ]
        ]
      },
      "bone_length_armature_space": 0.10252204185914535,
      "parent": "spine_01",
      "has_children": true,
      "is_end_bone": false
    },
    "head": {
      "name": "head",
      "local": {
        "location": {
          "x": 0.0,
          "y": 0.0,
          "z": 0.0
        },
        "rotation_quaternion": {
          "w": 0.9795477390289307,
          "x": -0.12417009472846985,
          "y": -0.15735003352165222,
          "z": 0.01757936365902424
        },
        "scale": {
          "x": 1.0,
          "y": 1.0,
          "z": 1.0
        },
        "matrix_basis": [
          [
            0.949863851070404,
            0.004636685363948345,
            -0.3126294016838074,
            0.0
          ],
          [
            0.07351598888635635,
            0.9685454964637756,
            0.23772884905338287,
            0.0
          ],
          [
            0.30389806628227234,
            -0.24879330396652222,
            0.9196454882621765,
            0.0
          ],
          [
            0.0,
            0.0,
            0.0,
            1.0
          ]
        ],
        "rotation_mode": "QUATERNION"
      },
      "armature_space": {
        "head": {
          "x": 0.03604202717542648,
          "y": 0.026714114472270012,
          "z": 0.6632406711578369
        },
        "tail": {
          "x": 0.03816957399249077,
          "y": 0.1211145669221878,
          "z": 0.7862741947174072
        }
      },
      "world_space": {
        "head": {
          "x": 0.03604202717542648,
          "y": 0.08995811641216278,
          "z": 1.613094687461853
        },
        "tail": {
          "x": 0.03816957399249077,
          "y": 0.18435856699943542,
          "z": 1.7361282110214233
        },
        "rotation_quaternion": {
          "w": 0.8742159008979797,
          "x": 0.4293994903564453,
          "y": -0.20021632313728333,
          "z": -0.10618846863508224
        },
        "matrix": [
          [
            0.8972749710083008,
            0.013718118891119957,
            -0.44125890731811523,
            0.03604202717542648
          ],
          [
            -0.35760876536369324,
            0.6086809039115906,
            -0.7082541584968567,
            0.08995811641216278
          ],
          [
            0.2588713467121124,
            0.7933029532432556,
            0.5510629415512085,
            1.613094687461853
          ],
          [
            0.0,
            0.0,
            0.0,
            1.0
          ]
        ]
      },
      "bone_length_armature_space": 0.15509100232549253,
      "parent": "neck_01",
      "has_children": false,
      "is_end_bone": true
    },
    "upperarm_l": {
      "name": "upperarm_l",
      "local": {
        "location": {
          "x": 0.0,
          "y": 0.0,
          "z": 0.0
        },
        "rotation_quaternion": {
          "w": 0.9425177574157715,
          "x": 0.05278784781694412,
          "y": 0.2939838171005249,
          "z": -0.14982426166534424
        },
        "scale": {
          "x": 1.0,
          "y": 1.0,
          "z": 1.0
        },
        "matrix_basis": [
          [
            0.7822524309158325,
            0.3134616017341614,
            0.5383521318435669,
            0.0
          ],
          [
            -0.25138649344444275,
            0.9495322704315186,
            -0.18759877979755402,
            0.0
          ],
          [
            -0.5699877142906189,
            0.011415150947868824,
            0.8215739130973816,
            0.0
          ],
          [
            0.0,
            0.0,
            0.0,
            1.0
          ]
        ],
        "rotation_mode": "QUATERNION"
      },
      "armature_space": {
        "head": {
          "x": 0.18836301565170288,
          "y": 0.014271721243858337,
          "z": 0.48401302099227905
        },
        "tail": {
          "x": 0.4336926341056824,
          "y": 0.016569053754210472,
          "z": 0.37623605132102966
        }
      },
      "world_space": {
        "head": {
          "x": 0.18836301565170288,
          "y": 0.07751572132110596,
          "z": 1.4338669776916504
        },
        "tail": {
          "x": 0.4336926341056824,
          "y": 0.07981305569410324,
          "z": 1.3260900974273682
        },
        "rotation_quaternion": {
          "w": 0.22313940525054932,
          "x": 0.5229751467704773,
          "y": 0.6741634607315063,
          "z": -0.471390962600708
        },
        "matrix": [
          [
            -0.3534097969532013,
            0.9155134558677673,
            -0.1921887844800949,
            0.18836301565170288
          ],
          [
            0.4947717487812042,
            0.00857311300933361,
            -0.868980884552002,
            0.07751572132110596
          ],
          [
            -0.7939211130142212,
            -0.40219879150390625,
            -0.45600396394729614,
            1.4338669776916504
          ],
          [
            0.0,
            0.0,
            0.0,
            1.0
          ]
        ]
      },
      "bone_length_armature_space": 0.26796972537133906,
      "parent": "spine_01",
      "has_children": true,
      "is_end_bone": false
    },
    "lowerarm_l": {
      "name": "lowerarm_l",
      "local": {
        "location": {
          "x": 0.0,
          "y": 0.0,
          "z": 0.0
        },
        "rotation_quaternion": {
          "w": 0.9500077962875366,
          "x": 0.01654292829334736,
          "y": -0.01877059042453766,
          "z": 0.31122246384620667
        },
        "scale": {
          "x": 1.0,
          "y": 1.0,
          "z": 1.0
        },
        "matrix_basis": [
          [
            0.805576503276825,
            -0.5919485688209534,
            -0.02536735311150551,
            0.0
          ],
          [
            0.590706467628479,
            0.8057337999343872,
            -0.04311548173427582,
            0.0
          ],
          [
            0.04596147686243057,
            0.019748162478208542,
            0.9987480044364929,
            0.0
          ],
          [
            0.0,
            0.0,
            0.0,
            1.0
          ]
        ],
        "rotation_mode": "QUATERNION"
      },
      "armature_space": {
        "head": {
          "x": 0.4336927533149719,
          "y": 0.016568951308727264,
          "z": 0.37623608112335205
        },
        "tail": {
          "x": 0.680336058139801,
          "y": -0.07337573915719986,
          "z": 0.427679181098938
        }
      },
      "world_space": {
        "head": {
          "x": 0.4336927533149719,
          "y": 0.07981295138597488,
          "z": 1.3260900974273682
        },
        "tail": {
          "x": 0.680336058139801,
          "y": -0.01013173907995224,
          "z": 1.377533197402954
        },
        "rotation_quaternion": {
          "w": 0.41093960404396057,
          "x": 0.6798350811004639,
          "y": 0.40376099944114685,
          "z": -0.4537951946258545
        },
        "matrix": [
          [
            0.2620932459831238,
            0.9219467043876648,
            -0.28516846895217896,
            0.4336927533149719
          ],
          [
            0.1760178506374359,
            -0.33621105551719666,
            -0.9251919984817505,
            0.07981295138597488
          ],
          [
            -0.9488611221313477,
            0.19229301810264587,
            -0.2504003047943115,
            1.3260900974273682
          ],
          [
            0.0,
            0.0,
            0.0,
            1.0
          ]
        ]
      },
      "bone_length_armature_space": 0.2675245054671955,
      "parent": "upperarm_l",
      "has_children": true,
      "is_end_bone": false
    },
    "metacarpal_thumb_l": {
      "name": "metacarpal_thumb_l",
      "local": {
        "location": {
          "x": 0.0,
          "y": 0.0,
          "z": 0.0
        },
        "rotation_quaternion": {
          "w": 0.9984206557273865,
          "x": -0.054679594933986664,
          "y": -0.011152023449540138,
          "z": 0.006484261713922024
        },
        "scale": {
          "x": 1.0,
          "y": 1.0,
          "z": 1.0
        },
        "matrix_basis": [
          [
            0.9996671676635742,
            -0.011728465557098389,
            -0.022977935150265694,
            0.0
          ],
          [
            0.01416761800646782,
            0.9939361810684204,
            0.10904184728860855,
            0.0
          ],
          [
            0.021559707820415497,
            -0.10933110117912292,
            0.9937715530395508,
            0.0
          ],
          [
            0.0,
            0.0,
            0.0,
            1.0
          ]
        ],
        "rotation_mode": "QUATERNION"
      },
      "armature_space": {
        "head": {
          "x": 0.680336058139801,
          "y": -0.07337573915719986,
          "z": 0.427679181098938
        },
        "tail": {
          "x": 0.7092124819755554,
          "y": -0.11348690837621689,
          "z": 0.42438820004463196
        }
      },
      "world_space": {
        "head": {
          "x": 0.680336058139801,
          "y": -0.01013173907995224,
          "z": 1.377533197402954
        },
        "tail": {
          "x": 0.7092124819755554,
          "y": -0.05024290829896927,
          "z": 1.3742421865463257
        },
        "rotation_quaternion": {
          "w": 0.06638382375240326,
          "x": -0.9461681842803955,
          "y": -0.3011731207370758,
          "z": -0.09825338423252106
        },
        "matrix": [
          [
            0.799281895160675,
            0.5829655528068542,
            0.14594177901744843,
            0.680336058139801
          ],
          [
            0.5568763017654419,
            -0.8097758293151855,
            0.18480302393436432,
            -0.01013173907995224
          ],
          [
            0.22591614723205566,
            -0.06643923372030258,
            -0.9718858003616333,
            1.377533197402954
          ],
          [
            0.0,
            0.0,
            0.0,
            1.0
          ]
        ]
      },
      "bone_length_armature_space": 0.049533667901922894,
      "parent": "lowerarm_l",
      "has_children": true,
      "is_end_bone": false
    },
    "thumb_01_l": {
      "name": "thumb_01_l",
      "local": {
        "location": {
          "x": 0.0,
          "y": 0.0,
          "z": 0.0
        },
        "rotation_quaternion": {
          "w": 0.983057975769043,
          "x": 0.1829376369714737,
          "y": 0.011128375306725502,
          "z": -0.002644001506268978
        },
        "scale": {
          "x": 1.0,
          "y": 1.0,
          "z": 1.0
        },
        "matrix_basis": [
          [
            0.999738335609436,
            0.009270010516047478,
            0.020912300795316696,
            0.0
          ],
          [
            -0.0011268161470070481,
            0.9330536723136902,
            -0.3597354590892792,
            0.0
          ],
          [
            -0.022847050800919533,
            0.35961776971817017,
            0.9328199625015259,
            0.0
          ],
          [
            0.0,
            0.0,
            0.0,
            1.0
          ]
        ],
        "rotation_mode": "QUATERNION"
      },
      "armature_space": {
        "head": {
          "x": 0.7092124819755554,
          "y": -0.11348690837621689,
          "z": 0.42438820004463196
        },
        "tail": {
          "x": 0.7323684692382812,
          "y": -0.12234845012426376,
          "z": 0.4010664224624634
        }
      },
      "world_space": {
        "head": {
          "x": 0.7092124819755554,
          "y": -0.05024290829896927,
          "z": 1.3742421865463257
        },
        "tail": {
          "x": 0.7323684692382812,
          "y": -0.059104450047016144,
          "z": 1.3509204387664795
        },
        "rotation_quaternion": {
          "w": 0.6074925065040588,
          "x": -0.5369507670402527,
          "y": 0.028019949793815613,
          "z": -0.5846808552742004
        },
        "matrix": [
          [
            0.31472185254096985,
            0.6802868843078613,
            0.6619361042976379,
            0.7092124819755554
          ],
          [
            -0.7404714226722717,
            -0.2603381276130676,
            0.619617760181427,
            -0.05024290829896927
          ],
          [
            0.5938487648963928,
            -0.685157299041748,
            0.42180269956588745,
            1.3742421865463257
          ],
          [
            0.0,
            0.0,
            0.0,
            1.0
          ]
        ]
      },
      "bone_length_armature_space": 0.0340386830700795,
      "parent": "metacarpal_thumb_l",
      "has_children": true,
      "is_end_bone": false
    },
    "thumb_02_l": {
      "name": "thumb_02_l",
      "local": {
        "location": {
          "x": 0.0,
          "y": 0.0,
          "z": 0.0
        },
        "rotation_quaternion": {
          "w": 0.9260029792785645,
          "x": 0.3773232698440552,
          "y": -0.008939120918512344,
          "z": -0.008112514391541481
        },
        "scale": {
          "x": 1.0,
          "y": 1.0,
          "z": 1.0
        },
        "matrix_basis": [
          [
            0.9997085332870483,
            0.00827854871749878,
            -0.022677386179566383,
            0.0
          ],
          [
            -0.021770302206277847,
            0.7151226997375488,
            -0.6986598968505859,
            0.0
          ],
          [
            0.010433224029839039,
            0.6989499926567078,
            0.7150945067405701,
            0.0
          ],
          [
            0.0,
            0.0,
            0.0,
            1.0
          ]
        ],
        "rotation_mode": "QUATERNION"
      },
      "armature_space": {
        "head": {
          "x": 0.7323684096336365,
          "y": -0.12234845012426376,
          "z": 0.401066392660141
        },
        "tail": {
          "x": 0.7526314854621887,
          "y": -0.12105663865804672,
          "z": 0.43572089076042175
        }
      },
      "world_space": {
        "head": {
          "x": 0.7323684096336365,
          "y": -0.059104450047016144,
          "z": 1.3509204387664795
        },
        "tail": {
          "x": 0.7526314854621887,
          "y": -0.0578126385807991,
          "z": 1.3855749368667603
        },
        "rotation_quaternion": {
          "w": 0.5424267649650574,
          "x": 0.22320453822612762,
          "y": -0.47101354598999023,
          "z": -0.6588621139526367
        },
        "matrix": [
          [
            -0.3119027316570282,
            0.5045038461685181,
            -0.8051037192344666,
            0.7323684096336365
          ],
          [
            -0.9250346422195435,
            0.032163023948669434,
            0.37851887941360474,
            -0.059104450047016144
          ],
          [
            0.21685948967933655,
            0.8628164529800415,
            0.45665544271469116,
            1.3509204387664795
          ],
          [
            0.0,
            0.0,
            0.0,
            1.0
          ]
        ]
      },
      "bone_length_armature_space": 0.04016460268134779,
      "parent": "thumb_01_l",
      "has_children": true,
      "is_end_bone": false
    },
    "thumb_03_l": {
      "name": "thumb_03_l",
      "local": {
        "location": {
          "x": 0.0,
          "y": 0.0,
          "z": 0.0
        },
        "rotation_quaternion": {
          "w": 0.9858748912811279,
          "x": 0.16732124984264374,
          "y": 0.004683307372033596,
          "z": 0.005705482792109251
        },
        "scale": {
          "x": 1.0,
          "y": 1.0,
          "z": 1.0
        },
        "matrix_basis": [
          [
            0.9998910427093506,
            -0.0096825510263443,
            0.011143607087433338,
            0.0
          ],
          [
            0.01281701773405075,
            0.9439420700073242,
            -0.32986220717430115,
            0.0
          ],
          [
            -0.007325013168156147,
            0.3299690783023834,
            0.943963348865509,
            0.0
          ],
          [
            0.0,
            0.0,
            0.0,
            1.0
          ]
        ],
        "rotation_mode": "QUATERNION"
      },
      "armature_space": {
        "head": {
          "x": 0.7526315450668335,
          "y": -0.12105671316385269,
          "z": 0.435720831155777
        },
        "tail": {
          "x": 0.7520604729652405,
          "y": -0.11288648098707199,
          "z": 0.4650436043739319
        }
      },
      "world_space": {
        "head": {
          "x": 0.7526315450668335,
          "y": -0.05781271308660507,
          "z": 1.3855748176574707
        },
        "tail": {
          "x": 0.7520604729652405,
          "y": -0.04964248090982437,
          "z": 1.4148976802825928
        },
        "rotation_quaternion": {
          "w": 0.5930923819541931,
          "x": 0.4582271873950958,
          "y": -0.5314337015151978,
          "z": -0.3947753310203552
        },
        "matrix": [
          [
            0.12346254289150238,
            -0.018756717443466187,
            -0.9921717047691345,
            0.7526315450668335
          ],
          [
            -0.9553108811378479,
            0.2683613896369934,
            -0.12394921481609344,
            -0.05781271308660507
          ],
          [
            0.2685866355895996,
            0.9631428718566895,
            0.015213966369628906,
            1.3855748176574707
          ],
          [
            0.0,
            0.0,
            0.0,
            1.0
          ]
        ]
      },
      "bone_length_armature_space": 0.030445096015186943,
      "parent": "thumb_02_l",
      "has_children": false,
      "is_end_bone": true
    },
    "metacarpal_index_l": {
      "name": "metacarpal_index_l",
      "local": {
        "location": {
          "x": 0.0,
          "y": 0.0,
          "z": 0.0
        },
        "rotation_quaternion": {
          "w": 0.9989280104637146,
          "x": -0.03964037448167801,
          "y": 0.021884363144636154,
          "z": -0.00962691381573677
        },
        "scale": {
          "x": 1.0,
          "y": 1.0,
          "z": 1.0
        },
        "matrix_basis": [
          [
            0.998856782913208,
            0.017498178407549858,
            0.04448503628373146,
            0.0
          ],
          [
            -0.020968196913599968,
            0.9966719150543213,
            0.07877440005540848,
            0.0
          ],
          [
            -0.0429585762321949,
            -0.07961712032556534,
            0.9958994388580322,
            0.0
          ],
          [
            0.0,
            0.0,
            0.0,
            1.0
          ]
        ],
        "rotation_mode": "QUATERNION"
      },
      "armature_space": {
        "head": {
          "x": 0.680336058139801,
          "y": -0.07337573915719986,
          "z": 0.427679181098938
        },
        "tail": {
          "x": 0.7766318321228027,
          "y": -0.1384194791316986,
          "z": 0.44270095229148865
        }
      },
      "world_space": {
        "head": {
          "x": 0.680336058139801,
          "y": -0.01013173907995224,
          "z": 1.377533197402954
        },
        "tail": {
          "x": 0.7766318321228027,
          "y": -0.07517547905445099,
          "z": 1.3925549983978271
        },
        "rotation_quaternion": {
          "w": 0.1220460832118988,
          "x": 0.8767490983009338,
          "y": 0.4555736184120178,
          "z": -0.09417351335287094
        },
        "matrix": [
          [
            0.5671678781509399,
            0.82183438539505,
            -0.053930290043354034,
            0.680336058139801
          ],
          [
            0.775860607624054,
            -0.5551146268844604,
            -0.29981401562690735,
            -0.01013173907995224
          ],
          [
            -0.2763362526893616,
            0.12820303440093994,
            -0.9524791240692139,
            1.377533197402954
          ],
          [
            0.0,
            0.0,
            0.0,
            1.0
          ]
        ]
      },
      "bone_length_armature_space": 0.1171717463027233,
      "parent": "lowerarm_l",
      "has_children": true,
      "is_end_bone": false
    },
    "index_01_l": {
      "name": "index_01_l",
      "local": {
        "location": {
          "x": 0.0,
          "y": 0.0,
          "z": 0.0
        },
        "rotation_quaternion": {
          "w": 0.9718449115753174,
          "x": 0.23522941768169403,
          "y": 0.007841126061975956,
          "z": 0.011100965552031994
        },
        "scale": {
          "x": 1.0,
          "y": 1.0,
          "z": 1.0
        },
        "matrix_basis": [
          [
            0.9996305704116821,
            -0.017887907102704048,
            0.020463263615965843,
            0.0
          ],
          [
            0.025265760719776154,
            0.8890877962112427,
            -0.457038938999176,
            0.0
          ],
          [
            -0.01001816987991333,
            0.45738711953163147,
            0.8892112970352173,
            0.0
          ],
          [
            0.0,
            0.0,
            0.0,
            1.0
          ]
        ],
        "rotation_mode": "QUATERNION"
      },
      "armature_space": {
        "head": {
          "x": 0.7766318321228027,
          "y": -0.1384194791316986,
          "z": 0.44270095229148865
        },
        "tail": {
          "x": 0.802017867565155,
          "y": -0.14837589859962463,
          "z": 0.4343649744987488
        }
      },
      "world_space": {
        "head": {
          "x": 0.7766318321228027,
          "y": -0.07517547905445099,
          "z": 1.3925549983978271
        },
        "tail": {
          "x": 0.802017867565155,
          "y": -0.08513189852237701,
          "z": 1.3842189311981201
        },
        "rotation_quaternion": {
          "w": 0.03821425139904022,
          "x": -0.7957510948181152,
          "y": -0.5691690444946289,
          "z": 0.2033878117799759
        },
        "matrix": [
          [
            0.26935911178588867,
            0.8902894854545593,
            -0.36719220876693726,
            0.7766318321228027
          ],
          [
            0.9213782548904419,
            -0.3491722047328949,
            -0.17070816457271576,
            -0.07517547905445099
          ],
          [
            -0.28019413352012634,
            -0.2923433780670166,
            -0.9143527150154114,
            1.3925549983978271
          ],
          [
            0.0,
            0.0,
            0.0,
            1.0
          ]
        ]
      },
      "bone_length_armature_space": 0.02851437507647331,
      "parent": "metacarpal_index_l",
      "has_children": true,
      "is_end_bone": false
    },
    "index_02_l": {
      "name": "index_02_l",
      "local": {
        "location": {
          "x": 0.0,
          "y": 0.0,
          "z": 0.0
        },
        "rotation_quaternion": {
          "w": 0.9213323593139648,
          "x": 0.3885793387889862,
          "y": -0.012321245856583118,
          "z": 0.0010597240179777145
        },
        "scale": {
          "x": 1.0,
          "y": 1.0,
          "z": 1.0
        },
        "matrix_basis": [
          [
            0.9996941089630127,
            -0.01152827963232994,
            -0.02188035100698471,
            0.0
          ],
          [
            -0.007622846867889166,
            0.6980099678039551,
            -0.7160475254058838,
            0.0
          ],
          [
            0.02352749928832054,
            0.7159953117370605,
            0.6977085471153259,
            0.0
          ],
          [
            0.0,
            0.0,
            0.0,
            1.0
          ]
        ],
        "rotation_mode": "QUATERNION"
      },
      "armature_space": {
        "head": {
          "x": 0.8020180463790894,
          "y": -0.14837631583213806,
          "z": 0.4343646168708801
        },
        "tail": {
          "x": 0.8118056058883667,
          "y": -0.15873341262340546,
          "z": 0.4130331575870514
        }
      },
      "world_space": {
        "head": {
          "x": 0.8020180463790894,
          "y": -0.08513231575489044,
          "z": 1.384218692779541
        },
        "tail": {
          "x": 0.8118056058883667,
          "y": -0.09548941254615784,
          "z": 1.3628871440887451
        },
        "rotation_quaternion": {
          "w": 0.30366843938827515,
          "x": -0.7138428092002869,
          "y": -0.4537822902202606,
          "z": 0.43851539492607117
        },
        "matrix": [
          [
            0.20357055962085724,
            0.3815333843231201,
            -0.9016602039337158,
            0.8020180463790894
          ],
          [
            0.9141852855682373,
            -0.4037337601184845,
            0.035560354590415955,
            -0.08513231575489044
          ],
          [
            -0.35046476125717163,
            -0.8315297961235046,
            -0.4309837222099304,
            1.384218692779541
          ],
          [
            0.0,
            0.0,
            0.0,
            1.0
          ]
        ]
      },
      "bone_length_armature_space": 0.02565339963742159,
      "parent": "index_01_l",
      "has_children": true,
      "is_end_bone": false
    },
    "index_03_l": {
      "name": "index_03_l",
      "local": {
        "location": {
          "x": 0.0,
          "y": 0.0,
          "z": 0.0
        },
        "rotation_quaternion": {
          "w": 0.9687780737876892,
          "x": 0.2479030191898346,
          "y": 0.0034669707529246807,
          "z": 0.0010842286283150315
        },
        "scale": {
          "x": 1.0,
          "y": 1.0,
          "z": 1.0
        },
        "matrix_basis": [
          [
            0.9999735951423645,
            -0.0003818088152911514,
            0.0072550177574157715,
            0.0
          ],
          [
            0.0038196989335119724,
            0.8770858645439148,
            -0.48031848669052124,
            0.0
          ],
          [
            -0.006179883610457182,
            0.480333536863327,
            0.8770641684532166,
            0.0
          ],
          [
            0.0,
            0.0,
            0.0,
            1.0
          ]
        ],
        "rotation_mode": "QUATERNION"
      },
      "armature_space": {
        "head": {
          "x": 0.8118057250976562,
          "y": -0.15873342752456665,
          "z": 0.41303324699401855
        },
        "tail": {
          "x": 0.8070580959320068,
          "y": -0.16491065919399261,
          "z": 0.3848721981048584
        }
      },
      "world_space": {
        "head": {
          "x": 0.8118057250976562,
          "y": -0.09548942744731903,
          "z": 1.3628872632980347
        },
        "tail": {
          "x": 0.8070580959320068,
          "y": -0.101666659116745,
          "z": 1.3347262144088745
        },
        "rotation_quaternion": {
          "w": 0.5324317812919617,
          "x": -0.5821382403373718,
          "y": -0.3328816592693329,
          "z": 0.5165475606918335
        },
        "matrix": [
          [
            0.24473482370376587,
            -0.16248586773872375,
            -0.9558781385421753,
            0.8118057250976562
          ],
          [
            0.9376192688941956,
            -0.2114136815071106,
            0.2759973704814911,
            -0.09548942744731903
          ],
          [
            -0.24693208932876587,
            -0.9638030529022217,
            0.1006104052066803,
            1.3628872632980347
          ],
          [
            0.0,
            0.0,
            0.0,
            1.0
          ]
        ]
      },
      "bone_length_armature_space": 0.029218878553259983,
      "parent": "index_02_l",
      "has_children": false,
      "is_end_bone": true
    },
    "metacarpal_pinky_l": {
      "name": "metacarpal_pinky_l",
      "local": {
        "location": {
          "x": 0.0,
          "y": 0.0,
          "z": 0.0
        },
        "rotation_quaternion": {
          "w": 0.9999813437461853,
          "x": -0.0009724742849357426,
          "y": -0.004264217801392078,
          "z": 0.004274281673133373
        },
        "scale": {
          "x": 1.0,
          "y": 1.0,
          "z": 1.0
        },
        "matrix_basis": [
          [
            0.9999271035194397,
            -0.008540109731256962,
            -0.008536589331924915,
            0.0
          ],
          [
            0.008556697517633438,
            0.9999615550041199,
            0.0019084593513980508,
            0.0
          ],
          [
            0.00851996336132288,
            -0.0019813652615994215,
            0.9999617338180542,
            0.0
          ],
          [
            0.0,
            0.0,
            0.0,
            1.0
          ]
        ],
        "rotation_mode": "QUATERNION"
      },
      "armature_space": {
        "head": {
          "x": 0.680336058139801,
          "y": -0.07337573915719986,
          "z": 0.427679181098938
        },
        "tail": {
          "x": 0.7809453010559082,
          "y": -0.07648633420467377,
          "z": 0.4543497860431671
        }
      },
      "world_space": {
        "head": {
          "x": 0.680336058139801,
          "y": -0.01013173907995224,
          "z": 1.377533197402954
        },
        "tail": {
          "x": 0.7809453010559082,
          "y": -0.013242334127426147,
          "z": 1.4042037725448608
        },
        "rotation_quaternion": {
          "w": 0.6936060786247253,
          "x": 0.24591213464736938,
          "y": 0.06305097043514252,
          "z": -0.6741382479667664
        },
        "matrix": [
          [
            0.0831230953335762,
            0.9661820530891418,
            -0.2440950721502304,
            0.680336058139801
          ],
          [
            -0.9041639566421509,
            -0.029872041195631027,
            -0.4261403977870941,
            -0.01013173907995224
          ],
          [
            -0.4190245270729065,
            0.2561259865760803,
            0.8711097836494446,
            1.377533197402954
          ],
          [
            0.0,
            0.0,
            0.0,
            1.0
          ]
        ]
      },
      "bone_length_armature_space": 0.10413076886131362,
      "parent": "lowerarm_l",
      "has_children": true,
      "is_end_bone": false
    },
    "pinky_01_l": {
      "name": "pinky_01_l",
      "local": {
        "location": {
          "x": 0.0,
          "y": 0.0,
          "z": 0.0
        },
        "rotation_quaternion": {
          "w": 0.9456570148468018,
          "x": 0.3248462975025177,
          "y": 0.011866523884236813,
          "z": -0.00818514171987772
        },
        "scale": {
          "x": 1.0,
          "y": 1.0,
          "z": 1.0
        },
        "matrix_basis": [
          [
            0.9995843768119812,
            0.023190265521407127,
            0.01712549664080143,
            0.0
          ],
          [
            -0.0077710808254778385,
            0.7888157963752747,
            -0.6145806312561035,
            0.0
          ],
          [
            -0.027761148288846016,
            0.6141921281814575,
            0.788668155670166,
            0.0
          ],
          [
            0.0,
            0.0,
            0.0,
            1.0
          ]
        ],
        "rotation_mode": "QUATERNION"
      },
      "armature_space": {
        "head": {
          "x": 0.7809453010559082,
          "y": -0.07648633420467377,
          "z": 0.4543497860431671
        },
        "tail": {
          "x": 0.8008898496627808,
