{
  "metadata": {
    "armature_name": "KIM_caucasian_male",
    "export_time": "2026-01-13T21:02:24.652140",
    "blender_version": "4.4.1",
    "bone_count": 56,
    "end_bone_count": 13,
    "spaces_included": [
      "LOCAL_CHANNELS",
      "ARMATURE_SPACE",
      "WORLD_SPACE"
    ],
    "note": "LOCAL matches Transform panel; replay pose via local.matrix_basis for best fidelity."
  },
  "bones": {
    "Root": {
      "name": "Root",
      "local": {
        "location": {
          "x": 0.0,
          "y": 0.0,
          "z": 0.0
        },
        "rotation_quaternion": {
          "w": 0.9999064207077026,
          "x": 0.0008177506388165057,
          "y": -0.012491785921156406,
          "z": -0.005518879741430283
        },
        "scale": {
          "x": 1.0,
          "y": 1.0,
          "z": 1.0
        },
        "matrix_basis": [
          [
            0.9996269941329956,
            0.011016296222805977,
            -0.0249902606010437,
            0.0
          ],
          [
            -0.011057157069444656,
            0.9999377727508545,
            -0.0014974669320508838,
            0.0
          ],
          [
            0.024972207844257355,
            0.001773229567334056,
            0.999686598777771,
            0.0
          ],
          [
            0.0,
            0.0,
            0.0,
            1.0
          ]
        ],
        "rotation_mode": "QUATERNION"
      },
      "armature_space": {
        "head": {
          "x": 0.0,
          "y": 0.07072800397872925,
          "z": -0.009595036506652832
        },
        "tail": {
          "x": 0.0007862977217882872,
          "y": -1.2606382369995117e-05,
          "z": -0.00012601446360349655
        }
      },
      "world_space": {
        "head": {
          "x": 0.0,
          "y": 0.13397200405597687,
          "z": 0.9402589797973633
        },
        "tail": {
          "x": 0.0007862977217882872,
          "y": 0.06323139369487762,
          "z": 0.9497280120849609
        },
        "rotation_quaternion": {
          "w": 0.06654545664787292,
          "x": 0.997689962387085,
          "y": 0.004664796870201826,
          "z": -0.012835202738642693
        },
        "matrix": [
          [
            0.9996269941329956,
            0.011016296222805977,
            -0.0249902606010437,
            0.0
          ],
          [
            0.007599786855280399,
            -0.9910998344421387,
            -0.13290369510650635,
            0.13397200405597687
          ],
          [
            -0.026232125237584114,
            0.13266418874263763,
            -0.9908209443092346,
            0.9402589797973633
          ],
          [
            0.0,
            0.0,
            0.0,
            1.0
          ]
        ]
      },
      "bone_length_armature_space": 0.07137586977071395,
      "parent": null,
      "has_children": true,
      "is_end_bone": false
    },
    "spine_01": {
      "name": "spine_01",
      "local": {
        "location": {
          "x": 0.0,
          "y": 0.0,
          "z": 0.0
        },
        "rotation_quaternion": {
          "w": 0.9992771148681641,
          "x": -0.018187375739216805,
          "y": -0.006969168782234192,
          "z": 0.032647550106048584
        },
        "scale": {
          "x": 1.0,
          "y": 1.0,
          "z": 1.0
        },
        "matrix_basis": [
          [
            0.997771143913269,
            -0.06499439477920532,
            -0.015115808695554733,
            0.0
          ],
          [
            0.06550139933824539,
            0.9972066879272461,
            0.03589340299367905,
            0.0
          ],
          [
            0.01274071540683508,
            -0.036803510040044785,
            0.999241292476654,
            0.0
          ],
          [
            0.0,
            0.0,
            0.0,
            1.0
          ]
        ],
        "rotation_mode": "QUATERNION"
      },
      "armature_space": {
        "head": {
          "x": 0.0007862977217882872,
          "y": -1.2606382369995117e-05,
          "z": -0.00012601446360349655
        },
        "tail": {
          "x": -0.01849115826189518,
          "y": 0.039684876799583435,
          "z": 0.48587918281555176
        }
      },
      "world_space": {
        "head": {
          "x": 0.0007862977217882872,
          "y": 0.06323139369487762,
          "z": 0.9497280120849609
        },
        "tail": {
          "x": -0.01849115826189518,
          "y": 0.10292887687683105,
          "z": 1.4357331991195679
        },
        "rotation_quaternion": {
          "w": 0.7351441383361816,
          "x": 0.677617609500885,
          "y": -0.015379918739199638,
          "z": 0.012691034935414791
        },
        "matrix": [
          [
            0.9992048144340515,
            -0.03950288146734238,
            -0.0054133133962750435,
            0.0007862977217882872
          ],
          [
            -0.002183651551604271,
            0.08134710043668747,
            -0.9966834783554077,
            0.06323139369487762
          ],
          [
            0.03981250897049904,
            0.9959097504615784,
            0.08119581639766693,
            0.9497280120849609
          ],
          [
            0.0,
            0.0,
            0.0,
            1.0
          ]
        ]
      },
      "bone_length_armature_space": 0.48800467036984646,
      "parent": "Root",
      "has_children": true,
      "is_end_bone": false
    },
    "neck_01": {
      "name": "neck_01",
      "local": {
        "location": {
          "x": 0.0,
          "y": 0.0,
          "z": 0.0
        },
        "rotation_quaternion": {
          "w": 0.9842859506607056,
          "x": -0.06695890426635742,
          "y": -0.06698482483625412,
          "z": 0.14903271198272705
        },
        "scale": {
          "x": 1.0,
          "y": 1.0,
          "z": 1.0
        },
        "matrix_basis": [
          [
            0.9466045498847961,
            -0.28441116213798523,
            -0.15182258188724518,
            0.0
          ],
          [
            0.30235207080841064,
            0.9466115236282349,
            0.11184755712747574,
            0.0
          ],
          [
            0.11190631240606308,
            -0.15177927911281586,
            0.9820590615272522,
            0.0
          ],
          [
            0.0,
            0.0,
            0.0,
            1.0
          ]
        ],
        "rotation_mode": "QUATERNION"
      },
      "armature_space": {
        "head": {
          "x": -0.021571233868598938,
          "y": 0.011075567454099655,
          "z": 0.5616140365600586
        },
        "tail": {
          "x": -0.05458104982972145,
          "y": -0.0034288903698325157,
          "z": 0.6575865745544434
        }
      },
      "world_space": {
        "head": {
          "x": -0.021571233868598938,
          "y": 0.07431957125663757,
          "z": 1.5114680528640747
        },
        "tail": {
          "x": -0.05458104982972145,
          "y": 0.05981510877609253,
          "z": 1.6074405908584595
        },
        "rotation_quaternion": {
          "w": 0.6317247748374939,
          "x": 0.7539791464805603,
          "y": -0.17373816668987274,
          "z": 0.04748097062110901
        },
        "matrix": [
          [
            0.9351209402084351,
            -0.32197996973991394,
            -0.14791178703308105,
            -0.021571233868598938
          ],
          [
            -0.20200181007385254,
            -0.14147745072841644,
            -0.9691128730773926,
            0.07431957125663757
          ],
          [
            0.2911105155944824,
            0.9361223578453064,
            -0.19734129309654236,
            1.5114680528640747
          ],
          [
            0.0,
            0.0,
            0.0,
            1.0
          ]
        ]
      },
      "bone_length_armature_space": 0.10252197519197034,
      "parent": "spine_01",
      "has_children": true,
      "is_end_bone": false
    },
    "head": {
      "name": "head",
      "local": {
        "location": {
          "x": 0.0,
          "y": 0.0,
          "z": 0.0
        },
        "rotation_quaternion": {
          "w": 0.9677574634552002,
          "x": -0.1022392213344574,
          "y": -0.000793424085713923,
          "z": 0.23019999265670776
        },
        "scale": {
          "x": 1.0,
          "y": 1.0,
          "z": 1.0
        },
        "matrix_basis": [
          [
            0.8940146565437317,
            -0.44539329409599304,
            -0.048606619238853455,
            0.0
          ],
          [
            0.4457177519798279,
            0.8731102347373962,
            0.19752024114131927,
            0.0
          ],
          [
            -0.04553525149822235,
            -0.19825083017349243,
            0.9790930151939392,
            0.0
          ],
          [
            0.0,
            0.0,
            0.0,
            1.0
          ]
        ],
        "rotation_mode": "QUATERNION"
      },
      "armature_space": {
        "head": {
          "x": -0.05458104982972145,
          "y": -0.003429030068218708,
          "z": 0.6575864553451538
        },
        "tail": {
          "x": -0.14469633996486664,
          "y": 0.06964368373155594,
          "z": 0.7605075836181641
        }
      },
      "world_space": {
        "head": {
          "x": -0.05458104982972145,
          "y": 0.059814970940351486,
          "z": 1.60744047164917
        },
        "tail": {
          "x": -0.14469633996486664,
          "y": 0.13288769125938416,
          "z": 1.7103615999221802
        },
        "rotation_quaternion": {
          "w": 0.7953595519065857,
          "x": 0.48552078008651733,
          "y": -0.3209110200405121,
          "z": 0.1693781167268753
        },
        "matrix": [
          [
            0.736655056476593,
            -0.5810508131980896,
            -0.34600508213043213,
            -0.05458104982972145
          ],
          [
            -0.042182497680187225,
            0.47116267681121826,
            -0.8810373544692993,
            0.059814970940351486
          ],
          [
            0.6749566197395325,
            0.6636209487915039,
            0.32257550954818726,
            1.60744047164917
          ],
          [
            0.0,
            0.0,
            0.0,
            1.0
          ]
        ]
      },
      "bone_length_armature_space": 0.15509076889679146,
      "parent": "neck_01",
      "has_children": false,
      "is_end_bone": true
    },
    "upperarm_l": {
      "name": "upperarm_l",
      "local": {
        "location": {
          "x": 0.0,
          "y": 0.0,
          "z": 0.0
        },
        "rotation_quaternion": {
          "w": 0.8082712888717651,
          "x": 0.2176268994808197,
          "y": 0.37559258937835693,
          "z": 0.3978271782398224
        },
        "scale": {
          "x": 1.0,
          "y": 1.0,
          "z": 1.0
        },
        "matrix_basis": [
          [
            0.4013274908065796,
            -0.47962647676467896,
            0.7803171873092651,
            0.0
          ],
          [
            0.8065826892852783,
            0.5887441635131836,
            -0.05296126753091812,
            0.0
          ],
          [
            -0.43400561809539795,
            0.6506450176239014,
            0.6231374740600586,
            0.0
          ],
          [
            0.0,
            0.0,
            0.0,
            1.0
          ]
        ],
        "rotation_mode": "QUATERNION"
      },
      "armature_space": {
        "head": {
          "x": 0.13094711303710938,
          "y": 0.0021023117005825043,
          "z": 0.5009120106697083
        },
        "tail": {
          "x": 0.2923980951309204,
          "y": -0.1589471697807312,
          "z": 0.6416404843330383
        }
      },
      "world_space": {
        "head": {
          "x": 0.13094711303710938,
          "y": 0.06534631550312042,
          "z": 1.4507660865783691
        },
        "tail": {
          "x": 0.2923980951309204,
          "y": -0.09570316970348358,
          "z": 1.5914945602416992
        },
        "rotation_quaternion": {
          "w": 0.33664363622665405,
          "x": 0.8863539695739746,
          "y": 0.2935490012168884,
          "z": -0.12196996062994003
        },
        "matrix": [
          [
            0.7979044914245605,
            0.6024978160858154,
            -0.01857297308743,
            0.13094711303710938
          ],
          [
            0.43825697898864746,
            -0.6009994745254517,
            -0.6683792471885681,
            0.06534631550312042
          ],
          [
            -0.41386184096336365,
            0.5251662135124207,
            -0.743594765663147,
            1.4507660865783691
          ],
          [
            0.0,
            0.0,
            0.0,
            1.0
          ]
        ]
      },
      "bone_length_armature_space": 0.26796988537050176,
      "parent": "spine_01",
      "has_children": true,
      "is_end_bone": false
    },
    "lowerarm_l": {
      "name": "lowerarm_l",
      "local": {
        "location": {
          "x": 0.0,
          "y": 0.0,
          "z": 0.0
        },
        "rotation_quaternion": {
          "w": 0.973942756652832,
          "x": 0.007457721512764692,
          "y": 0.08995293080806732,
          "z": -0.20805862545967102
        },
        "scale": {
          "x": 1.0,
          "y": 1.0,
          "z": 1.0
        },
        "matrix_basis": [
          [
            0.897240161895752,
            0.40661606192588806,
            0.17211472988128662,
            0.0
          ],
          [
            -0.40393269062042236,
            0.9133119583129883,
            -0.05195775255560875,
            0.0
          ],
          [
            -0.17832130193710327,
            -0.022904178127646446,
            0.9837056994438171,
            0.0
          ],
          [
            0.0,
            0.0,
            0.0,
            1.0
          ]
        ],
        "rotation_mode": "QUATERNION"
      },
      "armature_space": {
        "head": {
          "x": 0.2923980951309204,
          "y": -0.15894733369350433,
          "z": 0.6416405439376831
        },
        "tail": {
          "x": 0.5141302347183228,
          "y": -0.293864369392395,
          "z": 0.70646071434021
        }
      },
      "world_space": {
        "head": {
          "x": 0.2923980951309204,
          "y": -0.09570333361625671,
          "z": 1.5914945602416992
        },
        "tail": {
          "x": 0.5141302347183228,
          "y": -0.2306203693151474,
          "z": 1.656314730644226
        },
        "rotation_quaternion": {
          "w": 0.2307073473930359,
          "x": 0.8504210710525513,
          "y": 0.44115230441093445,
          "z": -0.17012596130371094
        },
        "matrix": [
          [
            0.552883505821228,
            0.8288292288780212,
            -0.08580183982849121,
            0.2923980951309204
          ],
          [
            0.671832263469696,
            -0.5043165683746338,
            -0.5425001978874207,
            -0.09570333361625671
          ],
          [
            -0.49291402101516724,
            0.24229614436626434,
            -0.8356689810752869,
            1.5914945602416992
          ],
          [
            0.0,
            0.0,
            0.0,
            1.0
          ]
        ]
      },
      "bone_length_armature_space": 0.2675245816197647,
      "parent": "upperarm_l",
      "has_children": true,
      "is_end_bone": false
    },
    "metacarpal_thumb_l": {
      "name": "metacarpal_thumb_l",
      "local": {
        "location": {
          "x": 0.0,
          "y": 0.0,
          "z": 0.0
        },
        "rotation_quaternion": {
          "w": 0.9987438321113586,
          "x": -0.04501040279865265,
          "y": 0.012679163366556168,
          "z": 0.018003474920988083
        },
        "scale": {
          "x": 1.0,
          "y": 1.0,
          "z": 1.0
        },
        "matrix_basis": [
          [
            0.9990302324295044,
            -0.03710310906171799,
            0.02370578423142433,
            0.0
          ],
          [
            0.034820329397916794,
            0.9952998757362366,
            0.09036426246166229,
            0.0
          ],
          [
            -0.026947159320116043,
            -0.08945118635892868,
            0.9956266283988953,
            0.0
          ],
          [
            0.0,
            0.0,
            0.0,
            1.0
          ]
        ],
        "rotation_mode": "QUATERNION"
      },
      "armature_space": {
        "head": {
          "x": 0.5141302347183228,
          "y": -0.293864369392395,
          "z": 0.70646071434021
        },
        "tail": {
          "x": 0.5459941625595093,
          "y": -0.3269529640674591,
          "z": 0.6879289746284485
        }
      },
      "world_space": {
        "head": {
          "x": 0.5141302347183228,
          "y": -0.2306203693151474,
          "z": 1.656314730644226
        },
        "tail": {
          "x": 0.5459941625595093,
          "y": -0.2637089490890503,
          "z": 1.6377830505371094
        },
        "rotation_quaternion": {
          "w": 0.3312602937221527,
          "x": -0.8328956961631775,
          "y": -0.23720398545265198,
          "z": -0.3745473623275757
        },
        "matrix": [
          [
            0.6068974733352661,
            0.6432775855064392,
            0.46676474809646606,
            0.5141302347183228
          ],
          [
            0.14698876440525055,
            -0.668002188205719,
            0.7294982075691223,
            -0.2306203693151474
          ],
          [
            0.7810754179954529,
            -0.3741246461868286,
            -0.4999661445617676,
            1.656314730644226
          ],
          [
            0.0,
            0.0,
            0.0,
            1.0
          ]
        ]
      },
      "bone_length_armature_space": 0.04953373044911306,
      "parent": "lowerarm_l",
      "has_children": true,
      "is_end_bone": false
    },
    "thumb_01_l": {
      "name": "thumb_01_l",
      "local": {
        "location": {
          "x": 0.0,
          "y": 0.0,
          "z": 0.0
        },
        "rotation_quaternion": {
          "w": 0.967491865158081,
          "x": 0.2522658705711365,
          "y": -0.01696181669831276,
          "z": -0.005802052561193705
        },
        "scale": {
          "x": 1.0,
          "y": 1.0,
          "z": 1.0
        },
        "matrix_basis": [
          [
            0.999357283115387,
            0.0026691025123000145,
            -0.035748157650232315,
            0.0
          ],
          [
            -0.019784651696681976,
            0.872656524181366,
            -0.48793351650238037,
            0.0
          ],
          [
            0.02989351935684681,
            0.48832717537879944,
            0.8721484541893005,
            0.0
          ],
          [
            0.0,
            0.0,
            0.0,
            1.0
          ]
        ],
        "rotation_mode": "QUATERNION"
      },
      "armature_space": {
        "head": {
          "x": 0.5459941625595093,
          "y": -0.3269529640674591,
          "z": 0.6879289746284485
        },
        "tail": {
          "x": 0.5783066153526306,
          "y": -0.32204562425613403,
          "z": 0.6784184575080872
        }
      },
      "world_space": {
        "head": {
          "x": 0.5459941625595093,
          "y": -0.2637089490890503,
          "z": 1.6377830505371094
        },
        "tail": {
          "x": 0.5783066153526306,
          "y": -0.2588016390800476,
          "z": 1.628272533416748
        },
        "rotation_quaternion": {
          "w": 0.7540926933288574,
          "x": -0.13556037843227386,
          "y": 0.058560315519571304,
          "z": -0.6399519443511963
        },
        "matrix": [
          [
            0.17406393587589264,
            0.9492891430854797,
            0.26182451844215393,
            0.5459941625595093
          ],
          [
            -0.9810431003570557,
            0.1441699117422104,
            0.12949764728546143,
            -0.2637089490890503
          ],
          [
            0.08518318086862564,
            -0.2794036567211151,
            0.956395149230957,
            1.6377830505371094
          ],
          [
            0.0,
            0.0,
            0.0,
            1.0
          ]
        ]
      },
      "bone_length_armature_space": 0.034038602884932226,
      "parent": "metacarpal_thumb_l",
      "has_children": true,
      "is_end_bone": false
    },
    "thumb_02_l": {
      "name": "thumb_02_l",
      "local": {
        "location": {
          "x": 0.0,
          "y": 0.0,
          "z": 0.0
        },
        "rotation_quaternion": {
          "w": 0.8948231339454651,
          "x": 0.44627487659454346,
          "y": 0.00913778692483902,
          "z": 0.006852748803794384
        },
        "scale": {
          "x": 1.0,
          "y": 1.0,
          "z": 1.0
        },
        "matrix_basis": [
          [
            0.9997391104698181,
            -0.0041080666705966,
            0.02246982604265213,
            0.0
          ],
          [
            0.020419925451278687,
            0.6015835404396057,
            -0.7985489368438721,
            0.0
          ],
          [
            -0.01023698691278696,
            0.7987993955612183,
            0.6015104651451111,
            0.0
          ],
          [
            0.0,
            0.0,
            0.0,
            1.0
          ]
        ],
        "rotation_mode": "QUATERNION"
      },
      "armature_space": {
        "head": {
          "x": 0.5783066153526306,
          "y": -0.32204559445381165,
          "z": 0.6784183979034424
        },
        "tail": {
          "x": 0.5746744275093079,
          "y": -0.3441077172756195,
          "z": 0.7117840051651001
        }
      },
      "world_space": {
        "head": {
          "x": 0.5783066153526306,
          "y": -0.25880157947540283,
          "z": 1.6282724142074585
        },
        "tail": {
          "x": 0.5746744275093079,
          "y": -0.2808637022972107,
          "z": 1.6616380214691162
        },
        "rotation_quaternion": {
          "w": 0.2829151749610901,
          "x": 0.5979418754577637,
          "y": -0.38119661808013916,
          "z": -0.645843505859375
        },
        "matrix": [
          [
            -0.12484772503376007,
            -0.0904327929019928,
            -0.9880461096763611,
            0.5783066153526306
          ],
          [
            -0.8213051557540894,
            -0.5492955446243286,
            0.15405362844467163,
            -0.25880157947540283
          ],
          [
            -0.5566655397415161,
            0.830725908279419,
            -0.00569462776184082,
            1.6282724142074585
          ],
          [
            0.0,
            0.0,
            0.0,
            1.0
          ]
        ]
      },
      "bone_length_armature_space": 0.0401645842079342,
      "parent": "thumb_01_l",
      "has_children": true,
      "is_end_bone": false
    },
    "thumb_03_l": {
      "name": "thumb_03_l",
      "local": {
        "location": {
          "x": 0.0,
          "y": 0.0,
          "z": 0.0
        },
        "rotation_quaternion": {
          "w": 0.9892948865890503,
          "x": 0.1457887887954712,
          "y": 0.005088727921247482,
          "z": 0.003920151852071285
        },
        "scale": {
          "x": 1.0,
          "y": 1.0,
          "z": 1.0
        },
        "matrix_basis": [
          [
            0.9999174475669861,
            -0.006272613536566496,
            0.011211533099412918,
            0.0
          ],
          [
            0.00924013089388609,
            0.9574605226516724,
            -0.2884162962436676,
            0.0
          ],
          [
            -0.008925477042794228,
            0.28849610686302185,
            0.9574394822120667,
            0.0
          ],
          [
            0.0,
            0.0,
            0.0,
            1.0
          ]
        ],
        "rotation_mode": "QUATERNION"
      },
      "armature_space": {
        "head": {
          "x": 0.5746744871139526,
          "y": -0.3441077470779419,
          "z": 0.7117839455604553
        },
        "tail": {
          "x": 0.5568241477012634,
          "y": -0.3546910285949707,
          "z": 0.7340607643127441
        }
      },
      "world_space": {
        "head": {
          "x": 0.5746744871139526,
          "y": -0.28086376190185547,
          "z": 1.6616380214691162
        },
        "tail": {
          "x": 0.5568241477012634,
          "y": -0.2914470434188843,
          "z": 1.6839147806167603
        },
        "rotation_quaternion": {
          "w": 0.24160003662109375,
          "x": 0.7360844016075134,
          "y": -0.5175115466117859,
          "z": -0.363305926322937
        },
        "matrix": [
          [
            0.20037946105003357,
            -0.5863166451454163,
            -0.7849084138870239,
            0.5746744871139526
          ],
          [
            -0.9374140501022339,
            -0.34762150049209595,
            0.020355768501758575,
            -0.28086376190185547
          ],
          [
            -0.28478875756263733,
            0.7317099571228027,
            -0.6192821264266968,
            1.6616380214691162
          ],
          [
            0.0,
            0.0,
            0.0,
            1.0
          ]
        ]
      },
      "bone_length_armature_space": 0.030444984641348947,
      "parent": "thumb_02_l",
      "has_children": false,
      "is_end_bone": true
    },
    "metacarpal_index_l": {
      "name": "metacarpal_index_l",
      "local": {
        "location": {
          "x": 0.0,
          "y": 0.0,
          "z": 0.0
        },
        "rotation_quaternion": {
          "w": 0.9975599050521851,
          "x": -0.06933479011058807,
          "y": -0.007898643612861633,
          "z": 0.0021587153896689415
        },
        "scale": {
          "x": 1.0,
          "y": 1.0,
          "z": 1.0
        },
        "matrix_basis": [
          [
            0.9998658895492554,
            -0.0032115941867232323,
            -0.016058089211583138,
            0.0
          ],
          [
            0.0054021975956857204,
            0.9903760552406311,
            0.13829711079597473,
            0.0
          ],
          [
            0.015459392219781876,
            -0.13836531341075897,
            0.9902606010437012,
            0.0
          ],
          [
            0.0,
            0.0,
            0.0,
            1.0
          ]
        ],
        "rotation_mode": "QUATERNION"
      },
      "armature_space": {
        "head": {
          "x": 0.5141302347183228,
          "y": -0.293864369392395,
          "z": 0.70646071434021
        },
        "tail": {
          "x": 0.6020005345344543,
          "y": -0.37087416648864746,
          "z": 0.7152649164199829
        }
      },
      "world_space": {
        "head": {
          "x": 0.5141302347183228,
          "y": -0.2306203693151474,
          "z": 1.656314730644226
        },
        "tail": {
          "x": 0.6020005345344543,
          "y": -0.30763018131256104,
          "z": 1.665118932723999
        },
        "rotation_quaternion": {
          "w": 0.05195139721035957,
          "x": -0.887201189994812,
          "y": -0.41070854663848877,
          "z": -0.2037002593278885
        },
        "matrix": [
          [
            0.5796492695808411,
            0.7499275803565979,
            0.31877145171165466,
            0.5141302347183228
          ],
          [
            0.7075974941253662,
            -0.6572386622428894,
            0.2595060467720032,
            -0.2306203693151474
          ],
          [
            0.4041232466697693,
            0.07513923943042755,
            -0.9116210341453552,
            1.656314730644226
          ],
          [
            0.0,
            0.0,
            0.0,
            1.0
          ]
        ]
      },
      "bone_length_armature_space": 0.11717172158830598,
      "parent": "lowerarm_l",
      "has_children": true,
      "is_end_bone": false
    },
    "index_01_l": {
      "name": "index_01_l",
      "local": {
        "location": {
          "x": 0.0,
          "y": 0.0,
          "z": 0.0
        },
        "rotation_quaternion": {
          "w": 0.9458377361297607,
          "x": 0.3246229588985443,
          "y": 0.0001555255294078961,
          "z": -0.0033311485312879086
        },
        "scale": {
          "x": 1.0,
          "y": 1.0,
          "z": 1.0
        },
        "matrix_basis": [
          [
            0.9999777674674988,
            0.006402426399290562,
            -0.0018685307586565614,
            0.0
          ],
          [
            -0.006200477480888367,
            0.7892176508903503,
            -0.6140823364257812,
            0.0
          ],
          [
            -0.0024569383822381496,
            0.6140802502632141,
            0.7892398238182068,
            0.0
          ],
          [
            0.0,
            0.0,
            0.0,
            1.0
          ]
        ],
        "rotation_mode": "QUATERNION"
      },
      "armature_space": {
        "head": {
          "x": 0.6020005345344543,
          "y": -0.37087416648864746,
          "z": 0.7152649164199829
        },
        "tail": {
          "x": 0.62896329164505,
          "y": -0.37595251202583313,
          "z": 0.7075002193450928
        }
      },
      "world_space": {
        "head": {
          "x": 0.6020005345344543,
          "y": -0.30763018131256104,
          "z": 1.665118932723999
        },
        "tail": {
          "x": 0.62896329164505,
          "y": -0.3127084970474243,
          "z": 1.6573542356491089
        },
        "rotation_quaternion": {
          "w": 0.2251463681459427,
          "x": -0.7651334404945374,
          "y": -0.6002163887023926,
          "z": -0.060168661177158356
        },
        "matrix": [
          [
            0.2722393274307251,
            0.9455845355987549,
            -0.17820116877555847,
            0.6020005345344543
          ],
          [
            0.8913989067077637,
            -0.1780977100133896,
            0.4167608916759491,
            -0.30763018131256104
          ],
          [
            0.36234885454177856,
            -0.27230918407440186,
            -0.8913840651512146,
            1.665118932723999
          ],
          [
            0.0,
            0.0,
            0.0,
            1.0
          ]
        ]
      },
      "bone_length_armature_space": 0.028514389333984792,
      "parent": "metacarpal_index_l",
      "has_children": true,
      "is_end_bone": false
    },
    "index_02_l": {
      "name": "index_02_l",
      "local": {
        "location": {
          "x": 0.0,
          "y": 0.0,
          "z": 0.0
        },
        "rotation_quaternion": {
          "w": 0.9006463289260864,
          "x": 0.43445202708244324,
          "y": 0.008582872338593006,
          "z": -0.003741632215678692
        },
        "scale": {
          "x": 1.0,
          "y": 1.0,
          "z": 1.0
        },
        "matrix_basis": [
          [
            0.9998246431350708,
            0.014197466894984245,
            0.012209145352244377,
            0.0
          ],
          [
            0.0007179179228842258,
            0.6224748492240906,
            -0.7826395034790039,
            0.0
          ],
          [
            -0.018711384385824203,
            0.7825109958648682,
            0.6223555207252502,
            0.0
          ],
          [
            0.0,
            0.0,
            0.0,
            1.0
          ]
        ],
        "rotation_mode": "QUATERNION"
      },
      "armature_space": {
        "head": {
          "x": 0.6289635300636292,
          "y": -0.37595266103744507,
          "z": 0.7074996829032898
        },
        "tail": {
          "x": 0.6411365270614624,
          "y": -0.37119361758232117,
          "z": 0.6854255795478821
        }
      },
      "world_space": {
        "head": {
          "x": 0.6289635300636292,
          "y": -0.31270867586135864,
          "z": 1.6573536396026611
        },
        "tail": {
          "x": 0.6411365270614624,
          "y": -0.30794960260391235,
          "z": 1.635279655456543
        },
        "rotation_quaternion": {
          "w": 0.5078067779541016,
          "x": -0.6002111434936523,
          "y": -0.5786953568458557,
          "z": 0.21677318215370178
        },
        "matrix": [
          [
            0.23623795807361603,
            0.4745196998119354,
            -0.8479520082473755,
            0.6289635300636292
          ],
          [
            0.9148380756378174,
            0.18551380932331085,
            0.3586869239807129,
            -0.31270867586135864
          ],
          [
            0.32751405239105225,
            -0.8604801893234253,
            -0.3902857005596161,
            1.6573536396026611
          ],
          [
            0.0,
            0.0,
            0.0,
            1.0
          ]
        ]
      },
      "bone_length_armature_space": 0.0256533897814345,
      "parent": "index_01_l",
      "has_children": true,
      "is_end_bone": false
    },
    "index_03_l": {
      "name": "index_03_l",
      "local": {
        "location": {
          "x": 0.0,
          "y": 0.0,
          "z": 0.0
        },
        "rotation_quaternion": {
          "w": 0.9220786094665527,
          "x": 0.3869379162788391,
          "y": 0.00682269548997283,
          "z": 0.0019348661880940199
        },
        "scale": {
          "x": 1.0,
          "y": 1.0,
          "z": 1.0
        },
        "matrix_basis": [
          [
            0.9998993873596191,
            0.0017117216484621167,
            0.014079469256103039,
            0.0
          ],
          [
            0.008848116733133793,
            0.7005506157875061,
            -0.713547945022583,
            0.0
          ],
          [
            -0.011084777303040028,
            0.713600754737854,
            0.7004650235176086,
            0.0
          ],
          [
            0.0,
            0.0,
            0.0,
            1.0
          ]
        ],
        "rotation_mode": "QUATERNION"
      },
      "armature_space": {
        "head": {
          "x": 0.641136646270752,
          "y": -0.37119370698928833,
          "z": 0.6854256391525269
        },
        "tail": {
          "x": 0.6315310001373291,
          "y": -0.3566945493221283,
          "z": 0.6619470119476318
        }
      },
      "world_space": {
        "head": {
          "x": 0.641136646270752,
          "y": -0.3079497218132019,
          "z": 1.635279655456543
        },
        "tail": {
          "x": 0.6315310001373291,
          "y": -0.2934505343437195,
          "z": 1.611801028251648
        },
        "rotation_quaternion": {
          "w": 0.7394400238990784,
          "x": -0.29852256178855896,
          "y": -0.4487132132053375,
          "z": 0.40344682335853577
        },
        "matrix": [
          [
            0.2717738747596741,
            -0.32874980568885803,
            -0.9044681787490845,
            0.641136646270752
          ],
          [
            0.8645521402359009,
            0.4962291121482849,
            0.07941392064094543,
            -0.3079497218132019
          ],
          [
            0.42271992564201355,
            -0.8035477995872498,
            0.4190865159034729,
            1.635279655456543
          ],
          [
            0.0,
            0.0,
            0.0,
            1.0
          ]
        ]
      },
      "bone_length_armature_space": 0.02921882853220137,
      "parent": "index_02_l",
      "has_children": false,
      "is_end_bone": true
    },
    "metacarpal_pinky_l": {
      "name": "metacarpal_pinky_l",
      "local": {
        "location": {
          "x": 0.0,
          "y": 0.0,
          "z": 0.0
        },
        "rotation_quaternion": {
          "w": 0.9998286366462708,
          "x": -0.01681418903172016,
          "y": -0.007402620278298855,
          "z": -0.0022967285476624966
        },
        "scale": {
          "x": 1.0,
          "y": 1.0,
          "z": 1.0
        },
        "matrix_basis": [
          [
            0.9998798370361328,
            0.004841607995331287,
            -0.01472546812146902,
            0.0
          ],
          [
            -0.004343731794506311,
            0.9994240403175354,
            0.03365661948919296,
            0.0
          ],
          [
            0.014879939146339893,
            -0.03358861058950424,
            0.9993249773979187,
            0.0
          ],
          [
            0.0,
            0.0,
            0.0,
            1.0
          ]
        ],
        "rotation_mode": "QUATERNION"
      },
      "armature_space": {
        "head": {
          "x": 0.5141302347183228,
          "y": -0.293864369392395,
          "z": 0.70646071434021
        },
        "tail": {
          "x": 0.6011759638786316,
          "y": -0.3236870765686035,
          "z": 0.7552140951156616
        }
      },
      "world_space": {
        "head": {
          "x": 0.5141302347183228,
          "y": -0.2306203693151474,
          "z": 1.656314730644226
        },
        "tail": {
          "x": 0.6011759638786316,
          "y": -0.2604430913925171,
          "z": 1.7050681114196777
        },
        "rotation_quaternion": {
          "w": 0.5756229162216187,
          "x": 0.5645771622657776,
          "y": 0.15956272184848785,
          "z": -0.5696057677268982
        },
        "matrix": [
          [
            0.30017539858818054,
            0.8359271287918091,
            -0.4594784677028656,
            0.5141302347183228
          ],
          [
            -0.47558844089508057,
            -0.2863967716693878,
            -0.8317409157752991,
            -0.2306203693151474
          ],
          [
            -0.8268741965293884,
            0.46819382905960083,
            0.3115893006324768,
            1.656314730644226
          ],
          [
            0.0,
            0.0,
            0.0,
            1.0
          ]
        ]
      },
      "bone_length_armature_space": 0.10413090189993994,
      "parent": "lowerarm_l",
      "has_children": true,
      "is_end_bone": false
    },
    "pinky_01_l": {
      "name": "pinky_01_l",
      "local": {
        "location": {
          "x": 0.0,
          "y": 0.0,
          "z": 0.0
        },
        "rotation_quaternion": {
          "w": 0.9574609994888306,
          "x": 0.2877357006072998,
          "y": 0.005615364294499159,
          "z": 0.021100809797644615
        },
        "scale": {
          "x": 1.0,
          "y": 1.0,
          "z": 1.0
        },
        "matrix_basis": [
          [
            0.9990464448928833,
            -0.03717492148280144,
            0.022895896807312965,
            0.0
          ],
          [
            0.04363788664340973,
            0.8335258364677429,
            -0.5507544279098511,
            0.0
          ],
          [
            0.0013899279292672873,
            0.551228404045105,
            0.8343532681465149,
            0.0
          ],
          [
            0.0,
            0.0,
            0.0,
            1.0
          ]
        ],
        "rotation_mode": "QUATERNION"
      },
      "armature_space": {
        "head": {
          "x": 0.6011759638786316,
          "y": -0.3236870765686035,
          "z": 0.7552140951156616
        },
        "tail": {
          "x": 0.6241576671600342,
