{
  "metadata": {
    "armature_name": "KIM_caucasian_male",
    "export_time": "2026-01-13T21:05:47.470094",
    "blender_version": "4.4.1",
    "bone_count": 56,
    "end_bone_count": 13,
    "spaces_included": [
      "LOCAL_CHANNELS",
      "ARMATURE_SPACE",
      "WORLD_SPACE"
    ],
    "note": "LOCAL matches Transform panel; replay pose via local.matrix_basis for best fidelity."
  },
  "bones": {
    "Root": {
      "name": "Root",
      "local": {
        "location": {
          "x": 0.0,
          "y": 0.0,
          "z": 0.0
        },
        "rotation_quaternion": {
          "w": 0.9998883605003357,
          "x": 0.009752260521054268,
          "y": 0.01081978902220726,
          "z": 0.0033405523281544447
        },
        "scale": {
          "x": 1.0,
          "y": 1.0,
          "z": 1.0
        },
        "matrix_basis": [
          [
            0.9997435212135315,
            -0.006469323765486479,
            0.021702317520976067,
            0.0
          ],
          [
            0.006891393568366766,
            0.999787449836731,
            -0.01943005621433258,
            0.0
          ],
          [
            -0.02157200686633587,
            0.01957463100552559,
            0.999575674533844,
            0.0
          ],
          [
            0.0,
            0.0,
            0.0,
            1.0
          ]
        ],
        "rotation_mode": "QUATERNION"
      },
      "armature_space": {
        "head": {
          "x": 0.0,
          "y": 0.07072800397872925,
          "z": -0.009595036506652832
        },
        "tail": {
          "x": -0.000461753603303805,
          "y": -0.0001727864146232605,
          "z": -0.001386525109410286
        }
      },
      "world_space": {
        "head": {
          "x": 0.0,
          "y": 0.13397200405597687,
          "z": 0.9402589797973633
        },
        "tail": {
          "x": -0.000461753603303805,
          "y": 0.06307121366262436,
          "z": 0.948467493057251
        },
        "rotation_quaternion": {
          "w": 0.0576300211250782,
          "x": 0.9982738494873047,
          "y": -0.0026040570810437202,
          "z": 0.011020253412425518
        },
        "matrix": [
          [
            0.9997435212135315,
            -0.006469323765486479,
            0.021702317520976067,
            0.0
          ],
          [
            -0.003928923513740301,
            -0.9933439493179321,
            -0.11511895805597305,
            0.13397200405597687
          ],
          [
            0.022302759811282158,
            0.11500401794910431,
            -0.9931217432022095,
            0.9402589797973633
          ],
          [
            0.0,
            0.0,
            0.0,
            1.0
          ]
        ]
      },
      "bone_length_armature_space": 0.07137587107899258,
      "parent": null,
      "has_children": true,
      "is_end_bone": false
    },
    "spine_01": {
      "name": "spine_01",
      "local": {
        "location": {
          "x": 0.0,
          "y": 0.0,
          "z": 0.0
        },
        "rotation_quaternion": {
          "w": 0.9980001449584961,
          "x": 0.011665944941341877,
          "y": -0.0554104819893837,
          "z": -0.02809782326221466
        },
        "scale": {
          "x": 1.0,
          "y": 1.0,
          "z": 1.0
        },
        "matrix_basis": [
          [
            0.9922803640365601,
            0.0547904334962368,
            -0.11125491559505463,
            0.0
          ],
          [
            -0.05737609416246414,
            0.9981488585472107,
            -0.020171402022242546,
            0.0
          ],
          [
            0.10994376242160797,
            0.02639905735850334,
            0.9935871958732605,
            0.0
          ],
          [
            0.0,
            0.0,
            0.0,
            1.0
          ]
        ],
        "rotation_mode": "QUATERNION"
      },
      "armature_space": {
        "head": {
          "x": -0.000461753603303805,
          "y": -0.0001727864146232605,
          "z": -0.001386525109410286
        },
        "tail": {
          "x": 0.0154033824801445,
          "y": 0.00013683619908988476,
          "z": 0.4863600730895996
        }
      },
      "world_space": {
        "head": {
          "x": -0.000461753603303805,
          "y": 0.06307121366262436,
          "z": 0.948467493057251
        },
        "tail": {
          "x": 0.0154033824801445,
          "y": 0.06338083744049072,
          "z": 1.4362140893936157
        },
        "rotation_quaternion": {
          "w": 0.7067202925682068,
          "x": 0.704944372177124,
          "y": -0.02938372641801834,
          "z": -0.05231083929538727
        },
        "matrix": [
          [
            0.9928002953529358,
            0.03251044452190399,
            -0.11528486013412476,
            -0.000461753603303805
          ],
          [
            -0.11536631733179092,
            0.0006344709545373917,
            -0.9933229088783264,
            0.06307121366262436
          ],
          [
            -0.03222056105732918,
            0.9994782209396362,
            0.004379609599709511,
            0.948467493057251
          ],
          [
            0.0,
            0.0,
            0.0,
            1.0
          ]
        ]
      },
      "bone_length_armature_space": 0.4880046504188924,
      "parent": "Root",
      "has_children": true,
      "is_end_bone": false
    },
    "neck_01": {
      "name": "neck_01",
      "local": {
        "location": {
          "x": 0.0,
          "y": 0.0,
          "z": 0.0
        },
        "rotation_quaternion": {
          "w": 0.9931696057319641,
          "x": -0.04140852019190788,
          "y": -0.10822140425443649,
          "z": 0.013702893629670143
        },
        "scale": {
          "x": 1.0,
          "y": 1.0,
          "z": 1.0
        },
        "matrix_basis": [
          [
            0.9762006998062134,
            -0.018256017938256264,
            -0.21609924733638763,
            0.0
          ],
          [
            0.036181170493364334,
            0.9961951375007629,
            0.07928547263145447,
            0.0
          ],
          [
            0.21382959187030792,
            -0.08521725982427597,
            0.973146915435791,
            0.0
          ],
          [
            0.0,
            0.0,
            0.0,
            1.0
          ]
        ],
        "rotation_mode": "QUATERNION"
      },
      "armature_space": {
        "head": {
          "x": 0.013785618357360363,
          "y": -0.034265585243701935,
          "z": 0.5596922039985657
        },
        "tail": {
          "x": 0.011580932885408401,
          "y": -0.06449946761131287,
          "z": 0.6576299667358398
        }
      },
      "world_space": {
        "head": {
          "x": 0.013785618357360363,
          "y": 0.028978414833545685,
          "z": 1.5095462799072266
        },
        "tail": {
          "x": 0.011580932885408401,
          "y": -0.0012554675340652466,
          "z": 1.607483983039856
        },
        "rotation_quaternion": {
          "w": 0.5836923122406006,
          "x": 0.7941234111785889,
          "y": -0.10886440426111221,
          "z": -0.12969084084033966
        },
        "matrix": [
          [
            0.9426576495170593,
            -0.02150464802980423,
            -0.3330675959587097,
            0.013785618357360363
          ],
          [
            -0.32430267333984375,
            -0.2949032783508301,
            -0.8988105058670044,
            0.028978414833545685
          ],
          [
            -0.0788949728012085,
            0.9552914500236511,
            -0.284969687461853,
            1.5095462799072266
          ],
          [
            0.0,
            0.0,
            0.0,
            1.0
          ]
        ]
      },
      "bone_length_armature_space": 0.10252196848532998,
      "parent": "spine_01",
      "has_children": true,
      "is_end_bone": false
    },
    "head": {
      "name": "head",
      "local": {
        "location": {
          "x": 0.0,
          "y": 0.0,
          "z": 0.0
        },
        "rotation_quaternion": {
          "w": 0.9798464775085449,
          "x": 0.04986490309238434,
          "y": 0.11738398671150208,
          "z": 0.1537383496761322
        },
        "scale": {
          "x": 1.0,
          "y": 1.0,
          "z": 1.0
        },
        "matrix_basis": [
          [
            0.9251710176467896,
            -0.2895732820034027,
            0.2453688681125641,
            0.0
          ],
          [
            0.3129866421222687,
            0.9477560520172119,
            -0.06162706017494202,
            0.0
          ],
          [
            -0.21470427513122559,
            0.13381274044513702,
            0.9674689769744873,
            0.0
          ],
          [
            0.0,
            0.0,
            0.0,
            1.0
          ]
        ],
        "rotation_mode": "QUATERNION"
      },
      "armature_space": {
        "head": {
          "x": 0.011580882593989372,
          "y": -0.06449958682060242,
          "z": 0.6576298475265503
        },
        "tail": {
          "x": -0.02271493338048458,
          "y": -0.0620187409222126,
          "z": 0.808861255645752
        }
      },
      "world_space": {
        "head": {
          "x": 0.011580882593989372,
          "y": -0.0012555867433547974,
          "z": 1.6074838638305664
        },
        "tail": {
          "x": -0.02271493338048458,
          "y": 0.001225259155035019,
          "z": 1.758715271949768
        },
        "rotation_quaternion": {
          "w": 0.7043349146842957,
          "x": 0.6997458934783936,
          "y": -0.10913403332233429,
          "z": 0.04855813458561897
        },
        "matrix": [
          [
            0.9714635610580444,
            -0.22113461792469025,
            -0.08577863872051239,
            0.011580882593989372
          ],
          [
            -0.08433125913143158,
            0.015996143221855164,
            -0.9963096976280212,
            -0.0012555867433547974
          ],
          [
            0.22169210016727448,
            0.9751189947128296,
            -0.0031099095940589905,
            1.6074838638305664
          ],
          [
            0.0,
            0.0,
            0.0,
            1.0
          ]
        ]
      },
      "bone_length_armature_space": 0.15509125326890774,
      "parent": "neck_01",
      "has_children": false,
      "is_end_bone": true
    },
    "upperarm_l": {
      "name": "upperarm_l",
      "local": {
        "location": {
          "x": 0.0,
          "y": 0.0,
          "z": 0.0
        },
        "rotation_quaternion": {
          "w": 0.7109320163726807,
          "x": 0.3200872242450714,
          "y": 0.5024406313896179,
          "z": 0.37372899055480957
        },
        "scale": {
          "x": 1.0,
          "y": 1.0,
          "z": 1.0
        },
        "matrix_basis": [
          [
            0.21576011180877686,
            -0.20974215865135193,
            0.9536539912223816,
            0.0
          ],
          [
            0.8530414700508118,
            0.5157416462898254,
            -0.07956725358963013,
            0.0
          ],
          [
            -0.47515052556991577,
            0.8306737542152405,
            0.29019516706466675,
            0.0
          ],
          [
            0.0,
            0.0,
            0.0,
            1.0
          ]
        ],
        "rotation_mode": "QUATERNION"
      },
      "armature_space": {
        "head": {
          "x": 0.16015304625034332,
          "y": -0.05478100851178169,
          "z": 0.4877004325389862
        },
        "tail": {
          "x": 0.28341227769851685,
          "y": -0.28865572810173035,
          "z": 0.531488835811615
        }
      },
      "world_space": {
        "head": {
          "x": 0.16015304625034332,
          "y": 0.008462991565465927,
          "z": 1.4375544786453247
        },
        "tail": {
          "x": 0.28341227769851685,
          "y": -0.22541172802448273,
          "z": 1.4813427925109863
        },
        "rotation_quaternion": {
          "w": 0.10967111587524414,
          "x": 0.9619799256324768,
          "y": 0.22713221609592438,
          "z": -0.10477518290281296
        },
        "matrix": [
          [
            0.8748663663864136,
            0.459975004196167,
            -0.15176326036453247,
            0.16015304625034332
          ],
          [
            0.41401177644729614,
            -0.872766375541687,
            -0.2585991322994232,
            0.008462991565465927
          ],
          [
            -0.251404345035553,
            0.16340823471546173,
            -0.9539957046508789,
            1.4375544786453247
          ],
          [
            0.0,
            0.0,
            0.0,
            1.0
          ]
        ]
      },
      "bone_length_armature_space": 0.2679694937276529,
      "parent": "spine_01",
      "has_children": true,
      "is_end_bone": false
    },
    "lowerarm_l": {
      "name": "lowerarm_l",
      "local": {
        "location": {
          "x": 0.0,
          "y": 0.0,
          "z": 0.0
        },
        "rotation_quaternion": {
          "w": 0.9926678538322449,
          "x": 0.11407990753650665,
          "y": 0.03537964075803757,
          "z": 0.01856536790728569
        },
        "scale": {
          "x": 1.0,
          "y": 1.0,
          "z": 1.0
        },
        "matrix_basis": [
          [
            0.9968072175979614,
            -0.028786275535821915,
            0.07447633147239685,
            0.0
          ],
          [
            0.044930700212717056,
            0.9732822179794312,
            -0.2251732349395752,
            0.0
          ],
          [
            -0.06600459665060043,
            0.22780059278011322,
            0.9714680910110474,
            0.0
          ],
          [
            0.0,
            0.0,
            0.0,
            1.0
          ]
        ],
        "rotation_mode": "QUATERNION"
      },
      "armature_space": {
        "head": {
          "x": 0.28341221809387207,
          "y": -0.2886558473110199,
          "z": 0.531488835811615
        },
        "tail": {
          "x": 0.35480090975761414,
          "y": -0.5440547466278076,
          "z": 0.49621230363845825
        }
      },
      "world_space": {
        "head": {
          "x": 0.28341221809387207,
          "y": -0.22541184723377228,
          "z": 1.4813427925109863
        },
        "tail": {
          "x": 0.35480090975761414,
          "y": -0.4808107614517212,
          "z": 1.4460663795471191
        },
        "rotation_quaternion": {
          "w": 0.04304661601781845,
          "x": -0.974526584148407,
          "y": -0.14425520598888397,
          "z": 0.1662387251853943
        },
        "matrix": [
          [
            0.9031102657318115,
            0.266849160194397,
            -0.33642756938934326,
            0.28341221809387207
          ],
          [
            0.29547321796417236,
            -0.9546749591827393,
            0.03593769669532776,
            -0.22541184723377228
          ],
          [
            -0.31159090995788574,
            -0.1318628489971161,
            -0.941029965877533,
            1.4813427925109863
          ],
          [
            0.0,
            0.0,
            0.0,
            1.0
          ]
        ]
      },
      "bone_length_armature_space": 0.2675245320118078,
      "parent": "upperarm_l",
      "has_children": true,
      "is_end_bone": false
    },
    "metacarpal_thumb_l": {
      "name": "metacarpal_thumb_l",
      "local": {
        "location": {
          "x": 0.0,
          "y": 0.0,
          "z": 0.0
        },
        "rotation_quaternion": {
          "w": 0.999805212020874,
          "x": -0.01638389565050602,
          "y": -0.01094150822609663,
          "z": 0.0012067061616107821
        },
        "scale": {
          "x": 1.0,
          "y": 1.0,
          "z": 1.0
        },
        "matrix_basis": [
          [
            0.9997576475143433,
            -0.0020544130820780993,
            -0.021918294951319695,
            0.0
          ],
          [
            0.0027714711613953114,
            0.9994602203369141,
            0.03273500129580498,
            0.0
          ],
          [
            0.021839212626218796,
            -0.03278781473636627,
            0.9992237091064453,
            0.0
          ],
          [
            0.0,
            0.0,
            0.0,
            1.0
          ]
        ],
        "rotation_mode": "QUATERNION"
      },
      "armature_space": {
        "head": {
          "x": 0.35480090975761414,
          "y": -0.5440547466278076,
          "z": 0.49621230363845825
        },
        "tail": {
          "x": 0.36214011907577515,
          "y": -0.5782860517501831,
          "z": 0.4611700773239136
        }
      },
      "world_space": {
        "head": {
          "x": 0.35480090975761414,
          "y": -0.4808107614517212,
          "z": 1.4460663795471191
        },
        "tail": {
          "x": 0.36214011907577515,
          "y": -0.5150420665740967,
          "z": 1.4110240936279297
        },
        "rotation_quaternion": {
          "w": 0.37057843804359436,
          "x": -0.7858258485794067,
          "y": 0.13090653717517853,
          "z": -0.477507084608078
        },
        "matrix": [
          [
            0.5097021460533142,
            0.14816607534885406,
            0.8474966883659363,
            0.35480090975761414
          ],
          [
            -0.5596463680267334,
            -0.6910713911056519,
            0.4574017822742462,
            -0.4808107614517212
          ],
          [
            0.6534563302993774,
            -0.7074424028396606,
            -0.269321471452713,
            1.4460663795471191
          ],
          [
            0.0,
            0.0,
            0.0,
            1.0
          ]
        ]
      },
      "bone_length_armature_space": 0.04953386639464896,
      "parent": "lowerarm_l",
      "has_children": true,
      "is_end_bone": false
    },
    "thumb_01_l": {
      "name": "thumb_01_l",
      "local": {
        "location": {
          "x": 0.0,
          "y": 0.0,
          "z": 0.0
        },
        "rotation_quaternion": {
          "w": 0.9787944555282593,
          "x": 0.2041649967432022,
          "y": -0.014102872461080551,
          "z": -0.00890769250690937
        },
        "scale": {
          "x": 1.0,
          "y": 1.0,
          "z": 1.0
        },
        "matrix_basis": [
          [
            0.999443531036377,
            0.011678974144160748,
            -0.031244905665516853,
            0.0
          ],
          [
            -0.023196225985884666,
            0.9164746403694153,
            -0.3994198739528656,
            0.0
          ],
          [
            0.02397034876048565,
            0.39992237091064453,
            0.9162355065345764,
            0.0
          ],
          [
            0.0,
            0.0,
            0.0,
            1.0
          ]
        ],
        "rotation_mode": "QUATERNION"
      },
      "armature_space": {
        "head": {
          "x": 0.36214011907577515,
          "y": -0.5782860517501831,
          "z": 0.4611700773239136
        },
        "tail": {
          "x": 0.39075207710266113,
          "y": -0.5879539847373962,
          "z": 0.4454692304134369
        }
      },
      "world_space": {
        "head": {
          "x": 0.36214011907577515,
          "y": -0.5150420665740967,
          "z": 1.4110240936279297
        },
        "tail": {
          "x": 0.39075207710266113,
          "y": -0.5247099995613098,
          "z": 1.3953232765197754
        },
        "rotation_quaternion": {
          "w": 0.5212883353233337,
          "x": 0.008943667635321617,
          "y": 0.29367300868034363,
          "z": -0.8012083172798157
        },
        "matrix": [
          [
            -0.4563559293746948,
            0.8405740261077881,
            0.2918471693992615,
            0.36214011907577515
          ],
          [
            -0.830069363117218,
            -0.2840283215045929,
            -0.4799093008041382,
            -0.5150420665740967
          ],
          [
            -0.3205091059207916,
            -0.4612661600112915,
            0.8273581266403198,
            1.4110240936279297
          ],
          [
            0.0,
            0.0,
            0.0,
            1.0
          ]
        ]
      },
      "bone_length_armature_space": 0.03403864951044071,
      "parent": "metacarpal_thumb_l",
      "has_children": true,
      "is_end_bone": false
    },
    "thumb_02_l": {
      "name": "thumb_02_l",
      "local": {
        "location": {
          "x": 0.0,
          "y": 0.0,
          "z": 0.0
        },
        "rotation_quaternion": {
          "w": 0.9417840242385864,
          "x": 0.3360815644264221,
          "y": -0.0026006761472672224,
          "z": -0.009245878085494041
        },
        "scale": {
          "x": 1.0,
          "y": 1.0,
          "z": 1.0
        },
        "matrix_basis": [
          [
            0.9998155236244202,
            0.015667162835597992,
            -0.011113288812339306,
            0.0
          ],
          [
            -0.01916331984102726,
            0.7739273905754089,
            -0.6329843997955322,
            0.0
          ],
          [
            -0.0013161879032850266,
            0.6330806016921997,
            0.7740848660469055,
            0.0
          ],
          [
            0.0,
            0.0,
            0.0,
            1.0
          ]
        ],
        "rotation_mode": "QUATERNION"
      },
      "armature_space": {
        "head": {
          "x": 0.39075207710266113,
          "y": -0.5879539251327515,
          "z": 0.4454692304134369
        },
        "tail": {
          "x": 0.3811034560203552,
          "y": -0.6222901344299316,
          "z": 0.46393850445747375
        }
      },
      "world_space": {
        "head": {
          "x": 0.39075207710266113,
          "y": -0.524709939956665,
          "z": 1.3953232765197754
        },
        "tail": {
          "x": 0.3811034560203552,
          "y": -0.5590461492538452,
          "z": 1.4137924909591675
        },
        "rotation_quaternion": {
          "w": 0.00296659953892231,
          "x": -0.4364973306655884,
          "y": 0.2693434953689575,
          "z": 0.8584377765655518
        },
        "matrix": [
          [
            -0.6189231872558594,
            -0.24022801220417023,
            -0.7478134632110596,
            0.39075207710266113
          ],
          [
            -0.23004208505153656,
            -0.8548910617828369,
            0.4650183916091919,
            -0.524709939956665
          ],
          [
            -0.7510147094726562,
            0.459841787815094,
            0.47385284304618835,
            1.3953232765197754
          ],
          [
            0.0,
            0.0,
            0.0,
            1.0
          ]
        ]
      },
      "bone_length_armature_space": 0.04016447687430355,
      "parent": "thumb_01_l",
      "has_children": true,
      "is_end_bone": false
    },
    "thumb_03_l": {
      "name": "thumb_03_l",
      "local": {
        "location": {
          "x": 0.0,
          "y": 0.0,
          "z": 0.0
        },
        "rotation_quaternion": {
          "w": 0.9819393157958984,
          "x": 0.18902568519115448,
          "y": -0.0047138649970293045,
          "z": 0.006506953854113817
        },
        "scale": {
          "x": 1.0,
          "y": 1.0,
          "z": 1.0
        },
        "matrix_basis": [
          [
            0.9998708963394165,
            -0.014560950919985771,
            -0.006797495763748884,
            0.0
          ],
          [
            0.010996784083545208,
            0.9284539222717285,
            -0.3712848424911499,
            0.0
          ],
          [
            0.011717421934008598,
            0.37116214632987976,
            0.9284941554069519,
            0.0
          ],
          [
            0.0,
            0.0,
            0.0,
            1.0
          ]
        ],
        "rotation_mode": "QUATERNION"
      },
      "armature_space": {
        "head": {
          "x": 0.3811034858226776,
          "y": -0.6222900748252869,
          "z": 0.4639384150505066
        },
        "tail": {
          "x": 0.3621169328689575,
          "y": -0.6347712278366089,
          "z": 0.48420238494873047
        }
      },
      "world_space": {
        "head": {
          "x": 0.3811034858226776,
          "y": -0.5590460896492004,
          "z": 1.413792371749878
        },
        "tail": {
          "x": 0.3621169328689575,
          "y": -0.5715272426605225,
          "z": 1.4340564012527466
        },
        "rotation_quaternion": {
          "w": 0.01743362285196781,
          "x": -0.5541215538978577,
          "y": 0.5428765416145325,
          "z": 0.6308174133300781
        },
        "matrix": [
          [
            -0.3852921724319458,
            -0.6236369609832764,
            -0.6801671981811523,
            0.3811034858226776
          ],
          [
            -0.5796443223953247,
            -0.40995845198631287,
            0.7042349576950073,
            -0.5590460896492004
          ],
          [
            -0.7180323600769043,
            0.665595531463623,
            -0.20353472232818604,
            1.413792371749878
          ],
          [
            0.0,
            0.0,
            0.0,
            1.0
          ]
        ]
      },
      "bone_length_armature_space": 0.03044498057856852,
      "parent": "thumb_02_l",
      "has_children": false,
      "is_end_bone": true
    },
    "metacarpal_index_l": {
      "name": "metacarpal_index_l",
      "local": {
        "location": {
          "x": 0.0,
          "y": 0.0,
          "z": 0.0
        },
        "rotation_quaternion": {
          "w": 0.9998858571052551,
          "x": -0.007312759757041931,
          "y": -0.008835229091346264,
          "z": 0.009837822057306767
        },
        "scale": {
          "x": 1.0,
          "y": 1.0,
          "z": 1.0
        },
        "matrix_basis": [
          [
            0.9996502995491028,
            -0.019544178619980812,
            -0.017812324687838554,
            0.0
          ],
          [
            0.019802618771791458,
            0.9996994733810425,
            0.014450010843575,
            0.0
          ],
          [
            0.017524557188153267,
            -0.014797689393162727,
            0.9997369050979614,
            0.0
          ],
          [
            0.0,
            0.0,
            0.0,
            1.0
          ]
        ],
        "rotation_mode": "QUATERNION"
      },
      "armature_space": {
        "head": {
          "x": 0.35480090975761414,
          "y": -0.5440547466278076,
          "z": 0.49621230363845825
        },
        "tail": {
          "x": 0.3750484585762024,
          "y": -0.6480261087417603,
          "z": 0.4461197853088379
        }
      },
      "world_space": {
        "head": {
          "x": 0.35480090975761414,
          "y": -0.4808107614517212,
          "z": 1.4460663795471191
        },
        "tail": {
          "x": 0.3750484585762024,
          "y": -0.5847821235656738,
          "z": 1.395973801612854
        },
        "rotation_quaternion": {
          "w": 0.23588259518146515,
          "x": -0.9353708028793335,
          "y": -0.026247894391417503,
          "z": -0.26220619678497314
        },
        "matrix": [
          [
            0.8611183166503906,
            0.1728023886680603,
            0.4781367778778076,
            0.35480090975761414
          ],
          [
            -0.07459618896245956,
            -0.8873413801193237,
            0.45503944158554077,
            -0.4808107614517212
          ],
          [
            0.5029059052467346,
            -0.4275137186050415,
            -0.7512202858924866,
            1.4460663795471191
          ],
          [
            0.0,
            0.0,
            0.0,
            1.0
          ]
        ]
      },
      "bone_length_armature_space": 0.1171719596661696,
      "parent": "lowerarm_l",
      "has_children": true,
      "is_end_bone": false
    },
    "index_01_l": {
      "name": "index_01_l",
      "local": {
        "location": {
          "x": 0.0,
          "y": 0.0,
          "z": 0.0
        },
        "rotation_quaternion": {
          "w": 0.9666569232940674,
          "x": 0.2555083632469177,
          "y": 0.011729389429092407,
          "z": -0.012343194335699081
        },
        "scale": {
          "x": 1.0,
          "y": 1.0,
          "z": 1.0
        },
        "matrix_basis": [
          [
            0.9994201064109802,
            0.029857182875275612,
            0.016369013115763664,
            0.0
          ],
          [
            -0.017869355157017708,
            0.8691262602806091,
            -0.49426740407943726,
            0.0
          ],
          [
            -0.02898417040705681,
            0.49368831515312195,
            0.8691558241844177,
            0.0
          ],
          [
            0.0,
            0.0,
            0.0,
            1.0
          ]
        ],
        "rotation_mode": "QUATERNION"
      },
      "armature_space": {
        "head": {
          "x": 0.3750484585762024,
          "y": -0.6480261087417603,
          "z": 0.4461197853088379
        },
        "tail": {
          "x": 0.39307156205177307,
          "y": -0.6656273603439331,
          "z": 0.4327617883682251
        }
      },
      "world_space": {
        "head": {
          "x": 0.3750484585762024,
          "y": -0.5847821235656738,
          "z": 1.395973801612854
        },
        "tail": {
          "x": 0.39307156205177307,
          "y": -0.6023833751678467,
          "z": 1.3826158046722412
        },
        "rotation_quaternion": {
          "w": 0.3555273115634918,
          "x": -0.8561038374900818,
          "y": -0.2548770010471344,
          "z": -0.27518048882484436
        },
        "matrix": [
          [
            0.7186271548271179,
            0.6320708990097046,
            0.28993362188339233,
            0.3750484585762024
          ],
          [
            0.24073585867881775,
            -0.6172763705253601,
            0.7490103840827942,
            -0.5847821235656738
          ],
          [
            0.6524015665054321,
            -0.46846550703048706,
            -0.5957571268081665,
            1.395973801612854
          ],
          [
            0.0,
            0.0,
            0.0,
            1.0
          ]
        ]
      },
      "bone_length_armature_space": 0.028514423941113882,
      "parent": "metacarpal_index_l",
      "has_children": true,
      "is_end_bone": false
    },
    "index_02_l": {
      "name": "index_02_l",
      "local": {
        "location": {
          "x": 0.0,
          "y": 0.0,
          "z": 0.0
        },
        "rotation_quaternion": {
          "w": 0.9151477813720703,
          "x": 0.4030693471431732,
          "y": 0.0012209294363856316,
          "z": 0.006186783779412508
        },
        "scale": {
          "x": 1.0,
          "y": 1.0,
          "z": 1.0
        },
        "matrix_basis": [
          [
            0.9999204874038696,
            -0.010339404456317425,
            0.007222067564725876,
            0.0
          ],
          [
            0.012307881377637386,
            0.674993634223938,
            -0.7377209067344666,
            0.0
          ],
          [
            0.0027527441270649433,
            0.7377511262893677,
            0.6750672459602356,
            0.0
          ],
          [
            0.0,
            0.0,
            0.0,
            1.0
          ]
        ],
        "rotation_mode": "QUATERNION"
      },
      "armature_space": {
        "head": {
          "x": 0.393071711063385,
          "y": -0.6656274199485779,
          "z": 0.4327612817287445
        },
        "tail": {
          "x": 0.4090544581413269,
          "y": -0.6632905602455139,
          "z": 0.41283172369003296
        }
      },
      "world_space": {
        "head": {
          "x": 0.393071711063385,
          "y": -0.6023834347724915,
          "z": 1.382615327835083
        },
        "tail": {
          "x": 0.4090544581413269,
          "y": -0.6000465750694275,
          "z": 1.3626856803894043
        },
        "rotation_quaternion": {
          "w": 0.6511132121086121,
          "x": -0.6627206206321716,
          "y": -0.3487103581428528,
          "z": -0.12350696325302124
        },
        "matrix": [
          [
            0.72629314661026,
            0.6230294108390808,
            -0.2904008626937866,
            0.393071711063385
          ],
          [
            0.3013649582862854,
            0.09109407663345337,
            0.9491478204727173,
            -0.6023834347724915
          ],
          [
            0.6178053617477417,
            -0.7768813967704773,
            -0.12159836292266846,
            1.382615327835083
          ],
          [
            0.0,
            0.0,
            0.0,
            1.0
          ]
        ]
      },
      "bone_length_armature_space": 0.025653389311679625,
      "parent": "index_01_l",
      "has_children": true,
      "is_end_bone": false
    },
    "index_03_l": {
      "name": "index_03_l",
      "local": {
        "location": {
          "x": 0.0,
          "y": 0.0,
          "z": 0.0
        },
        "rotation_quaternion": {
          "w": 0.961721658706665,
          "x": 0.27399152517318726,
          "y": 0.002540051005780697,
          "z": -0.003719237633049488
        },
        "scale": {
          "x": 1.0,
          "y": 1.0,
          "z": 1.0
        },
        "matrix_basis": [
          [
            0.999959409236908,
            0.008545647375285625,
            0.002847564872354269,
            0.0
          ],
          [
            -0.005761838052421808,
            0.8498296141624451,
            -0.5270260572433472,
            0.0
          ],
          [
            -0.006923723500221968,
            0.5269882678985596,
            0.8498443961143494,
            0.0
          ],
          [
            0.0,
            0.0,
            0.0,
            1.0
          ]
        ],
        "rotation_mode": "QUATERNION"
      },
      "armature_space": {
        "head": {
          "x": 0.4090544581413269,
          "y": -0.6632906794548035,
          "z": 0.41283175349235535
        },
        "tail": {
          "x": 0.4209786355495453,
          "y": -0.6435418725013733,
          "z": 0.394900381565094
        }
      },
      "world_space": {
        "head": {
          "x": 0.4090544581413269,
          "y": -0.600046694278717,
          "z": 1.3626857995986938
        },
        "tail": {
          "x": 0.4209786355495453,
          "y": -0.5802978873252869,
          "z": 1.3447544574737549
        },
        "rotation_quaternion": {
          "w": 0.8282784819602966,
          "x": -0.3982129693031311,
          "y": -0.38974729180336,
          "z": -0.05897554010152817
        },
        "matrix": [
          [
            0.6892386674880981,
            0.40810078382492065,
            -0.5986684560775757,
            0.4090544581413269
          ],
          [
            0.21270769834518433,
            0.675897479057312,
            0.7056335210800171,
            -0.600046694278717
          ],
          [
            0.6926129460334778,
            -0.613694965839386,
            0.3790515661239624,
            1.3626857995986938
          ],
          [
            0.0,
            0.0,
            0.0,
            1.0
          ]
        ]
      },
      "bone_length_armature_space": 0.029218752333187072,
      "parent": "index_02_l",
      "has_children": false,
      "is_end_bone": true
    },
    "metacarpal_pinky_l": {
      "name": "metacarpal_pinky_l",
      "local": {
        "location": {
          "x": 0.0,
          "y": 0.0,
          "z": 0.0
        },
        "rotation_quaternion": {
          "w": 0.9993331432342529,
          "x": -0.03363287076354027,
          "y": 0.01044816616922617,
          "z": 0.009646113961935043
        },
        "scale": {
          "x": 1.0,
          "y": 1.0,
          "z": 1.0
        },
        "matrix_basis": [
          [
            0.999595582485199,
            -0.019982166588306427,
            0.02023354358971119,
            0.0
          ],
          [
            0.01857655867934227,
            0.9975515604019165,
            0.06742245703935623,
            0.0
          ],
          [
            -0.021531250327825546,
            -0.06701931357383728,
            0.997519314289093,
            0.0
          ],
          [
            0.0,
            0.0,
            0.0,
            1.0
          ]
        ],
        "rotation_mode": "QUATERNION"
      },
      "armature_space": {
        "head": {
          "x": 0.35480090975761414,
          "y": -0.5440547466278076,
          "z": 0.49621230363845825
        },
        "tail": {
          "x": 0.3988073170185089,
          "y": -0.6366644501686096,
          "z": 0.5143808722496033
        }
      },
      "world_space": {
        "head": {
          "x": 0.35480090975761414,
          "y": -0.4808107614517212,
          "z": 1.4460663795471191
        },
        "tail": {
          "x": 0.3988073170185089,
          "y": -0.5734204649925232,
          "z": 1.4642348289489746
        },
        "rotation_quaternion": {
          "w": 0.21724705398082733,
          "x": 0.6868664026260376,
          "y": 0.09013152867555618,
          "z": -0.6876733303070068
        },
        "matrix": [
          [
            0.03796365112066269,
            0.42260730266571045,
            -0.9055175185203552,
            0.35480090975761414
          ],
          [
            -0.17497381567955017,
            -0.8893596529960632,
            -0.42240241169929504,
            -0.4808107614517212
          ],
          [
            -0.9838480353355408,
            0.1744781881570816,
            0.0401817187666893,
            1.4460663795471191
          ],
          [
            0.0,
            0.0,
            0.0,
            1.0
          ]
        ]
      },
      "bone_length_armature_space": 0.10413077263447028,
      "parent": "lowerarm_l",
      "has_children": true,
      "is_end_bone": false
    },
    "pinky_01_l": {
      "name": "pinky_01_l",
      "local": {
        "location": {
          "x": 0.0,
          "y": 0.0,
          "z": 0.0
        },
        "rotation_quaternion": {
          "w": 0.9373512268066406,
          "x": 0.3482722043991089,
          "y": -0.008584683761000633,
          "z": 0.002374886767938733
        },
        "scale": {
          "x": 1.0,
          "y": 1.0,
          "z": 1.0
        },
        "matrix_basis": [
          [
            0.9998413324356079,
            -0.010431819595396519,
            -0.01443951390683651,
            0.0
          ],
          [
            -0.0015274074394255877,
            0.7574016451835632,
            -0.6529475450515747,
            0.0
          ],
          [
            0.017747942358255386,
            0.652866005897522,
            0.757265567779541,
            0.0
          ],
          [
            0.0,
            0.0,
            0.0,
            1.0
          ]
        ],
        "rotation_mode": "QUATERNION"
      },
      "armature_space": {
        "head": {
          "x": 0.3988073170185089,
          "y": -0.6366644501686096,
          "z": 0.5143808722496033
        },
        "tail": {
