{
  "metadata": {
    "armature_name": "KIM_caucasian_male",
    "export_time": "2026-01-13T21:16:03.566472",
    "blender_version": "4.4.1",
    "bone_count": 56,
    "end_bone_count": 13,
    "spaces_included": [
      "LOCAL_CHANNELS",
      "ARMATURE_SPACE",
      "WORLD_SPACE"
    ],
    "note": "LOCAL matches Transform panel; replay pose via local.matrix_basis for best fidelity."
  },
  "bones": {
    "Root": {
      "name": "Root",
      "local": {
        "location": {
          "x": 0.0,
          "y": 0.0,
          "z": 0.0
        },
        "rotation_quaternion": {
          "w": 0.9996128082275391,
          "x": 0.0070676663890480995,
          "y": -0.0020956366788595915,
          "z": 0.026830466464161873
        },
        "scale": {
          "x": 1.0,
          "y": 1.0,
          "z": 1.0
        },
        "matrix_basis": [
          [
            0.9985514879226685,
            -0.053669776767492294,
            -0.003810392925515771,
            0.0
          ],
          [
            0.053610533475875854,
            0.9984603524208069,
            -0.014242313802242279,
            0.0
          ],
          [
            0.004568907897919416,
            0.014017405919730663,
            0.9998913407325745,
            0.0
          ],
          [
            0.0,
            0.0,
            0.0,
            1.0
          ]
        ],
        "rotation_mode": "QUATERNION"
      },
      "armature_space": {
        "head": {
          "x": 0.0,
          "y": 0.07072800397872925,
          "z": -0.009595036506652832
        },
        "tail": {
          "x": -0.003830726956948638,
          "y": -2.5600194931030273e-05,
          "z": -0.0010062037035822868
        }
      },
      "world_space": {
        "head": {
          "x": 0.0,
          "y": 0.13397200405597687,
          "z": 0.9402589797973633
        },
        "tail": {
          "x": -0.003830726956948638,
          "y": 0.06321839988231659,
          "z": 0.9488478302955627
        },
        "rotation_quaternion": {
          "w": 0.06028996780514717,
          "x": 0.9978180527687073,
          "y": -0.02691069431602955,
          "z": -0.00028336516697891057
        },
        "matrix": [
          [
            0.9985514879226685,
            -0.053669776767492294,
            -0.003810392925515771,
            0.0
          ],
          [
            -0.05373811721801758,
            -0.9912818074226379,
            -0.12030205130577087,
            0.13397200405597687
          ],
          [
            0.0026793787255883217,
            0.12033244222402573,
            -0.9927371144294739,
            0.9402589797973633
          ],
          [
            0.0,
            0.0,
            0.0,
            1.0
          ]
        ]
      },
      "bone_length_armature_space": 0.0713758719142123,
      "parent": null,
      "has_children": true,
      "is_end_bone": false
    },
    "spine_01": {
      "name": "spine_01",
      "local": {
        "location": {
          "x": 0.0,
          "y": 0.0,
          "z": 0.0
        },
        "rotation_quaternion": {
          "w": 0.9986095428466797,
          "x": -0.047965072095394135,
          "y": -0.016785824671387672,
          "z": 0.01402843277901411
        },
        "scale": {
          "x": 1.0,
          "y": 1.0,
          "z": 1.0
        },
        "matrix_basis": [
          [
            0.9990428686141968,
            -0.02640758641064167,
            -0.03487071767449379,
            0.0
          ],
          [
            0.029628120362758636,
            0.9950051307678223,
            0.09532579779624939,
            0.0
          ],
          [
            0.032179221510887146,
            -0.0962677150964737,
            0.9948351979255676,
            0.0
          ],
          [
            0.0,
            0.0,
            0.0,
            1.0
          ]
        ],
        "rotation_mode": "QUATERNION"
      },
      "armature_space": {
        "head": {
          "x": -0.003830726956948638,
          "y": -2.5600194931030273e-05,
          "z": -0.0010062037035822868
        },
        "tail": {
          "x": -0.014621145091950893,
          "y": 0.06339848041534424,
          "z": 0.48273906111717224
        }
      },
      "world_space": {
        "head": {
          "x": -0.003830726956948638,
          "y": 0.06321839988231659,
          "z": 0.9488478302955627
        },
        "tail": {
          "x": -0.014621145091950893,
          "y": 0.12664248049259186,
          "z": 1.4325931072235107
        },
        "rotation_quaternion": {
          "w": 0.7505587339401245,
          "x": 0.6592269539833069,
          "y": -0.040557727217674255,
          "z": -0.02089245803654194
        },
        "matrix": [
          [
            0.9958371520042419,
            -0.022111456841230392,
            -0.08842749893665314,
            -0.003830726956948638
          ],
          [
            -0.08483537286520004,
            0.12996704876422882,
            -0.9878823757171631,
            0.06321839988231659
          ],
          [
            0.0333363302052021,
            0.9912788271903992,
            0.1275501549243927,
            0.9488478302955627
          ],
          [
            0.0,
            0.0,
            0.0,
            1.0
          ]
        ]
      },
      "bone_length_armature_space": 0.48800464816944183,
      "parent": "Root",
      "has_children": true,
      "is_end_bone": false
    },
    "neck_01": {
      "name": "neck_01",
      "local": {
        "location": {
          "x": 0.0,
          "y": 0.0,
          "z": 0.0
        },
        "rotation_quaternion": {
          "w": 0.999589204788208,
          "x": 0.013412878848612309,
          "y": 0.012894215062260628,
          "z": -0.02180386334657669
        },
        "scale": {
          "x": 1.0,
          "y": 1.0,
          "z": 1.0
        },
        "matrix_basis": [
          [
            0.9987166523933411,
            0.043935708701610565,
            0.025192931294441223,
            0.0
          ],
          [
            -0.04324391484260559,
            0.9986893534660339,
            -0.027377024292945862,
            0.0
          ],
          [
            -0.026362741366028786,
            0.026252450421452522,
            0.9993076920509338,
            0.0
          ],
          [
            0.0,
            0.0,
            0.0,
            1.0
          ]
        ],
        "rotation_mode": "QUATERNION"
      },
      "armature_space": {
        "head": {
          "x": -0.019306816160678864,
          "y": 0.03865427151322365,
          "z": 0.5597425103187561
        },
        "tail": {
          "x": -0.020557768642902374,
          "y": 0.00955631397664547,
          "z": 0.6580405235290527
        }
      },
      "world_space": {
        "head": {
          "x": -0.019306816160678864,
          "y": 0.10189826786518097,
          "z": 1.509596586227417
        },
        "tail": {
          "x": -0.020557768642902374,
          "y": 0.07280031591653824,
          "z": 1.6078945398330688
        },
        "rotation_quaternion": {
          "w": 0.5980898141860962,
          "x": 0.801038384437561,
          "y": -0.01940804347395897,
          "z": -0.015793059021234512
        },
        "matrix": [
          [
            0.9987477660179138,
            -0.012201874516904354,
            -0.04851723089814186,
            -0.019306816160678864
          ],
          [
            -0.04998454451560974,
            -0.2838234305381775,
            -0.9575730562210083,
            0.10189826786518097
          ],
          [
            -0.0020862012170255184,
            0.9588053226470947,
            -0.2840808033943176,
            1.509596586227417
          ],
          [
            0.0,
            0.0,
            0.0,
            1.0
          ]
        ]
      },
      "bone_length_armature_space": 0.10252197653207858,
      "parent": "spine_01",
      "has_children": true,
      "is_end_bone": false
    },
    "head": {
      "name": "head",
      "local": {
        "location": {
          "x": 0.0,
          "y": 0.0,
          "z": 0.0
        },
        "rotation_quaternion": {
          "w": 0.9870907664299011,
          "x": 0.05082691088318825,
          "y": 0.048426881432533264,
          "z": -0.14395585656166077
        },
        "scale": {
          "x": 1.0,
          "y": 1.0,
          "z": 1.0
        },
        "matrix_basis": [
          [
            0.9538630843162537,
            0.2891177833080292,
            0.08096979558467865,
            0.0
          ],
          [
            -0.2792722284793854,
            0.953386664390564,
            -0.1142842173576355,
            0.0
          ],
          [
            -0.11023712158203125,
            0.0863988846540451,
            0.9901429414749146,
            0.0
          ],
          [
            0.0,
            0.0,
            0.0,
            1.0
          ]
        ],
        "rotation_mode": "QUATERNION"
      },
      "armature_space": {
        "head": {
          "x": -0.020557774230837822,
          "y": 0.009556185454130173,
          "z": 0.6580404043197632
        },
        "tail": {
          "x": 0.024331187829375267,
          "y": 0.005907000973820686,
          "z": 0.8064484596252441
        }
      },
      "world_space": {
        "head": {
          "x": -0.020557774230837822,
          "y": 0.07280018925666809,
          "z": 1.6078944206237793
        },
        "tail": {
          "x": 0.024331187829375267,
          "y": 0.06915099918842316,
          "z": 1.7563024759292603
        },
        "rotation_quaternion": {
          "w": 0.689237654209137,
          "x": 0.7094674110412598,
          "y": 0.11483301222324371,
          "z": -0.09176599234342575
        },
        "matrix": [
          [
            0.9567846655845642,
            0.28943774104118347,
            0.028086382895708084,
            -0.020557774230837822
          ],
          [
            0.036445267498493195,
            -0.023529432713985443,
            -0.9990588426589966,
            0.07280018925666809
          ],
          [
            -0.2885064482688904,
            0.9569143056869507,
            -0.033062420785427094,
            1.6078944206237793
          ],
          [
            0.0,
            0.0,
            0.0,
            1.0
          ]
        ]
      },
      "bone_length_armature_space": 0.15509121637247517,
      "parent": "neck_01",
      "has_children": false,
      "is_end_bone": true
    },
    "upperarm_l": {
      "name": "upperarm_l",
      "local": {
        "location": {
          "x": 0.0,
          "y": 0.0,
          "z": 0.0
        },
        "rotation_quaternion": {
          "w": 0.9620888233184814,
          "x": 0.22940482199192047,
          "y": 0.14267849922180176,
          "z": -0.03743577003479004
        },
        "scale": {
          "x": 1.0,
          "y": 1.0,
          "z": 1.0
        },
        "matrix_basis": [
          [
            0.9564828276634216,
            0.13749533891677856,
            0.25736287236213684,
            0.0
          ],
          [
            -0.006570800673216581,
            0.8919439911842346,
            -0.45209819078445435,
            0.0
          ],
          [
            -0.2917146682739258,
            0.4307330846786499,
            0.854032576084137,
            0.0
          ],
          [
            0.0,
            0.0,
            0.0,
            1.0
          ]
        ],
        "rotation_mode": "QUATERNION"
      },
      "armature_space": {
        "head": {
          "x": 0.1312728077173233,
          "y": 0.014043685048818588,
          "z": 0.49852806329727173
        },
        "tail": {
          "x": 0.3643525242805481,
          "y": -0.11614836752414703,
          "z": 0.4754737913608551
        }
      },
      "world_space": {
        "head": {
          "x": 0.1312728077173233,
          "y": 0.0772876888513565,
          "z": 1.4483821392059326
        },
        "tail": {
          "x": 0.3643525242805481,
          "y": -0.052904367446899414,
          "z": 1.4253277778625488
        },
        "rotation_quaternion": {
          "w": 0.2972169518470764,
          "x": 0.6451860070228577,
          "y": 0.4107772707939148,
          "z": -0.5715410709381104
        },
        "matrix": [
          [
            0.009204692207276821,
            0.8697996735572815,
            -0.4933191239833832,
            0.1312728077173233
          ],
          [
            0.1903117150068283,
            -0.48584669828414917,
            -0.8530736565589905,
            0.0772876888513565
          ],
          [
            -0.9816873669624329,
            -0.08603321015834808,
            -0.17000705003738403,
            1.4483821392059326
          ],
          [
            0.0,
            0.0,
            0.0,
            1.0
          ]
        ]
      },
      "bone_length_armature_space": 0.26796944952388996,
      "parent": "spine_01",
      "has_children": true,
      "is_end_bone": false
    },
    "lowerarm_l": {
      "name": "lowerarm_l",
      "local": {
        "location": {
          "x": 0.0,
          "y": 0.0,
          "z": 0.0
        },
        "rotation_quaternion": {
          "w": 0.9481607675552368,
          "x": 0.1134796142578125,
          "y": -0.013041602447628975,
          "z": 0.2965526580810547
        },
        "scale": {
          "x": 1.0,
          "y": 1.0,
          "z": 1.0
        },
        "matrix_basis": [
          [
            0.8237728476524353,
            -0.5653191208839417,
            0.04257429018616676,
            0.0
          ],
          [
            0.5593993067741394,
            0.7983577847480774,
            -0.22292888164520264,
            0.0
          ],
          [
            0.09203643351793289,
            0.20745879411697388,
            0.9739046096801758,
            0.0
          ],
          [
            0.0,
            0.0,
            0.0,
            1.0
          ]
        ],
        "rotation_mode": "QUATERNION"
      },
      "armature_space": {
        "head": {
          "x": 0.36435258388519287,
          "y": -0.11614848673343658,
          "z": 0.47547391057014465
        },
        "tail": {
          "x": 0.5053662657737732,
          "y": -0.29340967535972595,
          "z": 0.6178227663040161
        }
      },
      "world_space": {
        "head": {
          "x": 0.36435258388519287,
          "y": -0.052904486656188965,
          "z": 1.4253278970718384
        },
        "tail": {
          "x": 0.5053662657737732,
          "y": -0.23016567528247833,
          "z": 1.5676767826080322
        },
        "rotation_quaternion": {
          "w": 0.4073171019554138,
          "x": 0.7249332666397095,
          "y": 0.05286238715052605,
          "z": -0.5529649257659912
        },
        "matrix": [
          [
            0.38287192583084106,
            0.5271056890487671,
            -0.7586622834205627,
            0.36435258388519287
          ],
          [
            -0.37381982803344727,
            -0.6625980138778687,
            -0.6490167379379272,
            -0.052904486656188965
          ],
          [
            -0.8447948694229126,
            0.5320964455604553,
            -0.056648556143045425,
            1.4253278970718384
          ],
          [
            0.0,
            0.0,
            0.0,
            1.0
          ]
        ]
      },
      "bone_length_armature_space": 0.2675249193017533,
      "parent": "upperarm_l",
      "has_children": true,
      "is_end_bone": false
    },
    "metacarpal_thumb_l": {
      "name": "metacarpal_thumb_l",
      "local": {
        "location": {
          "x": 0.0,
          "y": 0.0,
          "z": 0.0
        },
        "rotation_quaternion": {
          "w": 0.9983105063438416,
          "x": -0.05723653733730316,
          "y": 0.009326353669166565,
          "z": -0.003642107592895627
        },
        "scale": {
          "x": 1.0,
          "y": 1.0,
          "z": 1.0
        },
        "matrix_basis": [
          [
            0.9997994899749756,
            0.006204292178153992,
            0.019038116559386253,
            0.0
          ],
          [
            -0.008339525200426579,
            0.9934214353561401,
            0.11421173810958862,
            0.0
          ],
          [
            -0.01820426993072033,
            -0.11434760689735413,
            0.9932739734649658,
            0.0
          ],
          [
            0.0,
            0.0,
            0.0,
            1.0
          ]
        ],
        "rotation_mode": "QUATERNION"
      },
      "armature_space": {
        "head": {
          "x": 0.5053662657737732,
          "y": -0.29340967535972595,
          "z": 0.6178227663040161
        },
        "tail": {
          "x": 0.5057944655418396,
          "y": -0.34002524614334106,
          "z": 0.6345676183700562
        }
      },
      "world_space": {
        "head": {
          "x": 0.5053662657737732,
          "y": -0.23016567528247833,
          "z": 1.5676767826080322
        },
        "tail": {
          "x": 0.5057944655418396,
          "y": -0.27678126096725464,
          "z": 1.5844216346740723
        },
        "rotation_quaternion": {
          "w": 0.16832807660102844,
          "x": 0.9708294868469238,
          "y": 0.03348304331302643,
          "z": 0.1674356460571289
        },
        "matrix": [
          [
            0.9416882395744324,
            0.008644293993711472,
            0.33637505769729614,
            0.5053662657737732
          ],
          [
            0.12138107419013977,
            -0.9410889148712158,
            -0.31562337279319763,
            -0.23016567528247833
          ],
          [
            0.3138328492641449,
            0.33804991841316223,
            -0.8872683644294739,
            1.5676767826080322
          ],
          [
            0.0,
            0.0,
            0.0,
            1.0
          ]
        ]
      },
      "bone_length_armature_space": 0.049533673759126796,
      "parent": "lowerarm_l",
      "has_children": true,
      "is_end_bone": false
    },
    "thumb_01_l": {
      "name": "thumb_01_l",
      "local": {
        "location": {
          "x": 0.0,
          "y": 0.0,
          "z": 0.0
        },
        "rotation_quaternion": {
          "w": 0.9991058111190796,
          "x": 0.03666127845644951,
          "y": -0.017173146829009056,
          "z": 0.012191802263259888
        },
        "scale": {
          "x": 1.0,
          "y": 1.0,
          "z": 1.0
        },
        "matrix_basis": [
          [
            0.9991129040718079,
            -0.02562098018825054,
            -0.03342164680361748,
            0.0
          ],
          [
            0.023102622479200363,
            0.9970146417617798,
            -0.073675736784935,
            0.0
          ],
          [
            0.03520951420068741,
            0.07283824682235718,
            0.9967220425605774,
            0.0
          ],
          [
            0.0,
            0.0,
            0.0,
            1.0
          ]
        ],
        "rotation_mode": "QUATERNION"
      },
      "armature_space": {
        "head": {
          "x": 0.5057944655418396,
          "y": -0.34002524614334106,
          "z": 0.6345676183700562
        },
        "tail": {
          "x": 0.5131674408912659,
          "y": -0.36908262968063354,
          "z": 0.6184450387954712
        }
      },
      "world_space": {
        "head": {
          "x": 0.5057944655418396,
          "y": -0.27678126096725464,
          "z": 1.5844216346740723
        },
        "tail": {
          "x": 0.5131674408912659,
          "y": -0.3058386445045471,
          "z": 1.5682990550994873
        },
        "rotation_quaternion": {
          "w": 0.2399880737066269,
          "x": -0.5920361280441284,
          "y": 0.12480181455612183,
          "z": -0.7591596841812134
        },
        "matrix": [
          [
            -0.1837979406118393,
            0.21660691499710083,
            0.9588010907173157,
            0.5057944655418396
          ],
          [
            -0.5121530294418335,
            -0.8536601066589355,
            0.09467675536870956,
            -0.27678126096725464
          ],
          [
            0.839003324508667,
            -0.4736557602882385,
            0.26783883571624756,
            1.5844216346740723
          ],
          [
            0.0,
            0.0,
            0.0,
            1.0
          ]
        ]
      },
      "bone_length_armature_space": 0.0340386523427045,
      "parent": "metacarpal_thumb_l",
      "has_children": true,
      "is_end_bone": false
    },
    "thumb_02_l": {
      "name": "thumb_02_l",
      "local": {
        "location": {
          "x": 0.0,
          "y": 0.0,
          "z": 0.0
        },
        "rotation_quaternion": {
          "w": 0.9927248954772949,
          "x": 0.12006164342164993,
          "y": -0.008979435078799725,
          "z": 0.0013567961286753416
        },
        "scale": {
          "x": 1.0,
          "y": 1.0,
          "z": 1.0
        },
        "matrix_basis": [
          [
            0.9998350739479065,
            -0.004850022029131651,
            -0.017502419650554657,
            0.0
          ],
          [
            0.0005376791232265532,
            0.971166729927063,
            -0.23840072751045227,
            0.0
          ],
          [
            0.018154015764594078,
            0.2383520007133484,
            0.9710091352462769,
            0.0
          ],
          [
            0.0,
            0.0,
            0.0,
            1.0
          ]
        ],
        "rotation_mode": "QUATERNION"
      },
      "armature_space": {
        "head": {
          "x": 0.5131673812866211,
          "y": -0.36908259987831116,
          "z": 0.6184450387954712
        },
        "tail": {
          "x": 0.5370293855667114,
          "y": -0.3895626664161682,
          "z": 0.6434321999549866
        }
      },
      "world_space": {
        "head": {
          "x": 0.5131673812866211,
          "y": -0.30583858489990234,
          "z": 1.5682990550994873
        },
        "tail": {
          "x": 0.5370293855667114,
          "y": -0.3263186812400818,
          "z": 1.5932862758636475
        },
        "rotation_quaternion": {
          "w": 0.27298054099082947,
          "x": -0.15407507121562958,
          "y": -0.41295093297958374,
          "z": -0.8551105856895447
        },
        "matrix": [
          [
            -0.8034847378730774,
            0.5941081047058105,
            0.03804574906826019,
            0.5131673812866211
          ],
          [
            -0.33960774540901184,
            -0.5099055767059326,
            0.7903561592102051,
            -0.30583858489990234
          ],
          [
            0.4889599680900574,
            0.6221223473548889,
            0.6114702820777893,
            1.5682990550994873
          ],
          [
            0.0,
            0.0,
            0.0,
            1.0
          ]
        ]
      },
      "bone_length_armature_space": 0.04016449444624246,
      "parent": "thumb_01_l",
      "has_children": true,
      "is_end_bone": false
    },
    "thumb_03_l": {
      "name": "thumb_03_l",
      "local": {
        "location": {
          "x": 0.0,
          "y": 0.0,
          "z": 0.0
        },
        "rotation_quaternion": {
          "w": 0.9928790926933289,
          "x": 0.11882400512695312,
          "y": -0.005099121015518904,
          "z": 0.00677892891690135
        },
        "scale": {
          "x": 1.0,
          "y": 1.0,
          "z": 1.0
        },
        "matrix_basis": [
          [
            0.9998561143875122,
            -0.014673109166324139,
            -0.00851462222635746,
            0.0
          ],
          [
            0.012249517254531384,
            0.9716697931289673,
            -0.236024871468544,
            0.0
          ],
          [
            0.011736620217561722,
            0.2358866035938263,
            0.9717097282409668,
            0.0
          ],
          [
            0.0,
            0.0,
            0.0,
            1.0
          ]
        ],
        "rotation_mode": "QUATERNION"
      },
      "armature_space": {
        "head": {
          "x": 0.5370293259620667,
          "y": -0.3895626962184906,
          "z": 0.6434321403503418
        },
        "tail": {
          "x": 0.5553101301193237,
          "y": -0.3907361924648285,
          "z": 0.6677494645118713
        }
      },
      "world_space": {
        "head": {
          "x": 0.5370293259620667,
          "y": -0.3263186812400818,
          "z": 1.593286156654358
        },
        "tail": {
          "x": 0.5553101301193237,
          "y": -0.3274921774864197,
          "z": 1.6176035404205322
        },
        "rotation_quaternion": {
          "w": 0.45044419169425964,
          "x": 0.04502175748348236,
          "y": -0.5270928144454956,
          "z": -0.71919846534729
        },
        "matrix": [
          [
            -0.5901438593864441,
            0.6004561185836792,
            -0.5396131277084351,
            0.5370293259620667
          ],
          [
            -0.6953809261322021,
            -0.03854474425315857,
            0.7176069617271423,
            -0.3263186812400818
          ],
          [
            0.4100944399833679,
            0.7987335920333862,
            0.4402967095375061,
            1.593286156654358
          ],
          [
            0.0,
            0.0,
            0.0,
            1.0
          ]
        ]
      },
      "bone_length_armature_space": 0.03044498563090476,
      "parent": "thumb_02_l",
      "has_children": false,
      "is_end_bone": true
    },
    "metacarpal_index_l": {
      "name": "metacarpal_index_l",
      "local": {
        "location": {
          "x": 0.0,
          "y": 0.0,
          "z": 0.0
        },
        "rotation_quaternion": {
          "w": 0.9984443187713623,
          "x": -0.0542006641626358,
          "y": -0.009948218241333961,
          "z": 0.008503489196300507
        },
        "scale": {
          "x": 1.0,
          "y": 1.0,
          "z": 1.0
        },
        "matrix_basis": [
          [
            0.9996574521064758,
            -0.015902120620012283,
            -0.020787272602319717,
            0.0
          ],
          [
            0.01805892027914524,
            0.9939799308776855,
            0.10806350409984589,
            0.0
          ],
          [
            0.018943695351481438,
            -0.10840187966823578,
            0.9939266443252563,
            0.0
          ],
          [
            0.0,
            0.0,
            0.0,
            1.0
          ]
        ],
        "rotation_mode": "QUATERNION"
      },
      "armature_space": {
        "head": {
          "x": 0.5053662657737732,
          "y": -0.29340967535972595,
          "z": 0.6178227663040161
        },
        "tail": {
          "x": 0.5400601029396057,
          "y": -0.3858255445957184,
          "z": 0.6809488534927368
        }
      },
      "world_space": {
        "head": {
          "x": 0.5053662657737732,
          "y": -0.23016567528247833,
          "z": 1.5676767826080322
        },
        "tail": {
          "x": 0.5400601029396057,
          "y": -0.32258152961730957,
          "z": 1.630802869796753
        },
        "rotation_quaternion": {
          "w": 0.30553317070007324,
          "x": 0.9344441890716553,
          "y": 0.11085384339094162,
          "z": -0.14551657438278198
        },
        "matrix": [
          [
            0.9330727458000183,
            0.2960937023162842,
            -0.20421448349952698,
            0.5053662657737732
          ],
          [
            0.11825372278690338,
            -0.7887215614318848,
            -0.6032698154449463,
            -0.23016567528247833
          ],
          [
            -0.33969518542289734,
            0.538748562335968,
            -0.7709547877311707,
            1.5676767826080322
          ],
          [
            0.0,
            0.0,
            0.0,
            1.0
          ]
        ]
      },
      "bone_length_armature_space": 0.11717191681964141,
      "parent": "lowerarm_l",
      "has_children": true,
      "is_end_bone": false
    },
    "index_01_l": {
      "name": "index_01_l",
      "local": {
        "location": {
          "x": 0.0,
          "y": 0.0,
          "z": 0.0
        },
        "rotation_quaternion": {
          "w": 0.9984530210494995,
          "x": -0.05545671284198761,
          "y": 0.0027741282247006893,
          "z": -0.002925800858065486
        },
        "scale": {
          "x": 1.0,
          "y": 1.0,
          "z": 1.0
        },
        "matrix_basis": [
          [
            0.9999675154685974,
            0.005534861236810684,
            0.005864183884114027,
            0.0
          ],
          [
            -0.006150237284600735,
            0.993831992149353,
            0.11072561144828796,
            0.0
          ],
          [
            -0.005215162876993418,
            -0.11075808107852936,
            0.9938337206840515,
            0.0
          ],
          [
            0.0,
            0.0,
            0.0,
            1.0
          ]
        ],
        "rotation_mode": "QUATERNION"
      },
      "armature_space": {
        "head": {
          "x": 0.5400601029396057,
          "y": -0.3858255445957184,
          "z": 0.6809488534927368
        },
        "tail": {
          "x": 0.5582083463668823,
          "y": -0.40094098448753357,
          "z": 0.6969249844551086
        }
      },
      "world_space": {
        "head": {
          "x": 0.5400601029396057,
          "y": -0.32258152961730957,
          "z": 1.630802869796753
        },
        "tail": {
          "x": 0.5582083463668823,
          "y": -0.33769696950912476,
          "z": 1.6467790603637695
        },
        "rotation_quaternion": {
          "w": 0.380023330450058,
          "x": 0.8606535196304321,
          "y": 0.30088570713996887,
          "z": -0.15596729516983032
        },
        "matrix": [
          [
            0.7702837586402893,
            0.6364591717720032,
            -0.03977885842323303,
            0.5400601029396057
          ],
          [
            0.39937567710876465,
            -0.5300993323326111,
            -0.7479931712150574,
            -0.32258152961730957
          ],
          [
            -0.49715715646743774,
            0.5602837204933167,
            -0.6625186204910278,
            1.630802869796753
          ],
          [
            0.0,
            0.0,
            0.0,
            1.0
          ]
        ]
      },
      "bone_length_armature_space": 0.028514417561922738,
      "parent": "metacarpal_index_l",
      "has_children": true,
      "is_end_bone": false
    },
    "index_02_l": {
      "name": "index_02_l",
      "local": {
        "location": {
          "x": 0.0,
          "y": 0.0,
          "z": 0.0
        },
        "rotation_quaternion": {
          "w": 0.9777095317840576,
          "x": 0.20979991555213928,
          "y": -0.0014977920800447464,
          "z": 0.008120758458971977
        },
        "scale": {
          "x": 1.0,
          "y": 1.0,
          "z": 1.0
        },
        "matrix_basis": [
          [
            0.9998636245727539,
            -0.016507958993315697,
            0.00047865769010968506,
            0.0
          ],
          [
            0.01525101251900196,
            0.9118360877037048,
            -0.4102710783481598,
            0.0
          ],
          [
            0.006336280144751072,
            0.41022244095802307,
            0.9119635224342346,
            0.0
          ],
          [
            0.0,
            0.0,
            0.0,
            1.0
          ]
        ],
        "rotation_mode": "QUATERNION"
      },
      "armature_space": {
        "head": {
          "x": 0.5582084059715271,
          "y": -0.40094152092933655,
          "z": 0.6969251036643982
        },
        "tail": {
          "x": 0.5726574659347534,
          "y": -0.42091307044029236,
          "z": 0.7040281295776367
        }
      },
      "world_space": {
        "head": {
          "x": 0.5582084059715271,
          "y": -0.33769750595092773,
          "z": 1.6467790603637695
        },
        "tail": {
          "x": 0.5726574659347534,
          "y": -0.35766905546188354,
          "z": 1.6538821458816528
        },
        "rotation_quaternion": {
          "w": 0.21852824091911316,
          "x": 0.9114290475845337,
          "y": 0.25096970796585083,
          "z": -0.24198536574840546
        },
        "matrix": [
          [
            0.756914496421814,
            0.5632435083389282,
            -0.33141618967056274,
            0.5582084059715271
          ],
          [
            0.35172131657600403,
            -0.778518557548523,
            -0.5198085904121399,
            -0.33769750595092773
          ],
          [
            -0.5507962107658386,
            0.2768856883049011,
            -0.7873829007148743,
            1.6467790603637695
          ],
          [
            0.0,
            0.0,
            0.0,
            1.0
          ]
        ]
      },
      "bone_length_armature_space": 0.02565328639970145,
      "parent": "index_01_l",
      "has_children": true,
      "is_end_bone": false
    },
    "index_03_l": {
      "name": "index_03_l",
      "local": {
        "location": {
          "x": 0.0,
          "y": 0.0,
          "z": 0.0
        },
        "rotation_quaternion": {
          "w": 0.9704548120498657,
          "x": 0.2412148416042328,
          "y": 0.005629377905279398,
          "z": -0.0011323494836688042
        },
        "scale": {
          "x": 1.0,
          "y": 1.0,
          "z": 1.0
        },
        "matrix_basis": [
          [
            0.9999340772628784,
            0.00491356709972024,
            0.010379835031926632,
            0.0
          ],
          [
            0.000517990963999182,
            0.883628249168396,
            -0.46818897128105164,
            0.0
          ],
          [
            -0.011472392827272415,
            0.46816346049308777,
            0.8835673928260803,
            0.0
          ],
          [
            0.0,
            0.0,
            0.0,
            1.0
          ]
        ],
        "rotation_mode": "QUATERNION"
      },
      "armature_space": {
        "head": {
          "x": 0.5726574659347534,
          "y": -0.4209130108356476,
          "z": 0.7040282487869263
        },
        "tail": {
          "x": 0.583672285079956,
          "y": -0.4468801021575928,
          "z": 0.6964048743247986
        }
      },
      "world_space": {
        "head": {
          "x": 0.5726574659347534,
          "y": -0.35766899585723877,
          "z": 1.6538822650909424
        },
        "tail": {
          "x": 0.583672285079956,
          "y": -0.38363611698150635,
          "z": 1.64625883102417
        },
        "rotation_quaternion": {
          "w": 0.07088027149438858,
          "x": -0.9283190965652466,
          "y": -0.22498472034931183,
          "z": 0.28737032413482666
        },
        "matrix": [
          [
            0.7335999011993408,
            0.37697795033454895,
            -0.5654363632202148,
            0.5726574659347534
          ],
          [
            0.4584531784057617,
            -0.8887156248092651,
            0.00228959321975708,
            -0.35766899585723877
          ],
          [
            -0.5016522407531738,
            -0.2609085142612457,
            -0.8247942924499512,
            1.6538822650909424
          ],
          [
            0.0,
            0.0,
            0.0,
            1.0
          ]
        ]
      },
      "bone_length_armature_space": 0.029218691075011877,
      "parent": "index_02_l",
      "has_children": false,
      "is_end_bone": true
    },
    "metacarpal_pinky_l": {
      "name": "metacarpal_pinky_l",
      "local": {
        "location": {
          "x": 0.0,
          "y": 0.0,
          "z": 0.0
        },
        "rotation_quaternion": {
          "w": 0.9994994401931763,
          "x": -0.02448344975709915,
          "y": 0.016289306804537773,
          "z": 0.01166488416492939
        },
        "scale": {
          "x": 1.0,
          "y": 1.0,
          "z": 1.0
        },
        "matrix_basis": [
          [
            0.9991971850395203,
            -0.024115726351737976,
            0.03199111297726631,
            0.0
          ],
          [
            0.022520452737808228,
            0.9985289573669434,
            0.04932241514325142,
            0.0
          ],
          [
            -0.03313349932432175,
            -0.04856236279010773,
            0.9982704520225525,
            0.0
          ],
          [
            0.0,
            0.0,
            0.0,
            1.0
          ]
        ],
        "rotation_mode": "QUATERNION"
      },
      "armature_space": {
        "head": {
          "x": 0.5053662657737732,
          "y": -0.29340967535972595,
          "z": 0.6178227663040161
        },
        "tail": {
          "x": 0.5854681134223938,
          "y": -0.3372279107570648,
          "z": 0.6678916811943054
        }
      },
      "world_space": {
        "head": {
          "x": 0.5053662657737732,
          "y": -0.23016567528247833,
          "z": 1.5676767826080322
        },
        "tail": {
          "x": 0.5854681134223938,
          "y": -0.273983895778656,
          "z": 1.6177456378936768
        },
        "rotation_quaternion": {
          "w": 0.5095029473304749,
          "x": 0.19290533661842346,
          "y": -0.17322367429733276,
          "z": -0.8204802870750427
        },
        "matrix": [
          [
            -0.4063875675201416,
            0.7692431211471558,
            -0.4930659532546997,
            0.5053662657737732
          ],
          [
            -0.9029062390327454,
            -0.42080000042915344,
            0.08768001943826675,
            -0.23016567528247833
          ],
          [
            -0.1400366574525833,
            0.48082736134529114,
            0.8655685186386108,
            1.5676767826080322
          ],
          [
            0.0,
            0.0,
            0.0,
            1.0
          ]
        ]
      },
      "bone_length_armature_space": 0.10413087842254765,
      "parent": "lowerarm_l",
      "has_children": true,
      "is_end_bone": false
    },
    "pinky_01_l": {
      "name": "pinky_01_l",
      "local": {
        "location": {
          "x": 0.0,
          "y": 0.0,
          "z": 0.0
        },
        "rotation_quaternion": {
          "w": 0.9995495080947876,
          "x": 0.026851285248994827,
          "y": -0.006596905644983053,
          "z": -0.011682250536978245
        },
        "scale": {
          "x": 1.0,
          "y": 1.0,
          "z": 1.0
        },
        "matrix_basis": [
          [
            0.9996399879455566,
            0.022999703884124756,
            -0.013815234415233135,
            0.0
          ],
          [
            -0.023708246648311615,
            0.9982850551605225,
            -0.05352424457669258,
            0.0
          ],
          [
            0.012560500763356686,
            0.053832512348890305,
            0.9984709620475769,
            0.0
          ],
          [
            0.0,
            0.0,
            0.0,
            1.0
          ]
        ],
        "rotation_mode": "QUATERNION"
      },
      "armature_space": {
        "head": {
          "x": 0.5854681134223938,
          "y": -0.3372279107570648,
          "z": 0.6678916811943054
