{
  "metadata": {
    "armature_name": "KIM_caucasian_male",
    "export_time": "2026-01-13T20:24:30.296517",
    "blender_version": "4.4.1",
    "bone_count": 56,
    "end_bone_count": 13,
    "spaces_included": [
      "LOCAL_CHANNELS",
      "ARMATURE_SPACE",
      "WORLD_SPACE"
    ],
    "note": "LOCAL matches Transform panel; replay pose via local.matrix_basis for best fidelity."
  },
  "bones": {
    "Root": {
      "name": "Root",
      "local": {
        "location": {
          "x": 0.0,
          "y": 0.0,
          "z": 0.0
        },
        "rotation_quaternion": {
          "w": 0.9995442628860474,
          "x": -0.007948032580316067,
          "y": -0.01153497863560915,
          "z": -0.026743881404399872
        },
        "scale": {
          "x": 1.0,
          "y": 1.0,
          "z": 1.0
        },
        "matrix_basis": [
          [
            0.9983034133911133,
            0.0536467470228672,
            -0.022634321823716164,
            0.0
          ],
          [
            -0.053280025720596313,
            0.9984431862831116,
            0.016505800187587738,
            0.0
          ],
          [
            0.023484565317630768,
            -0.015271840617060661,
            0.9996075630187988,
            0.0
          ],
          [
            0.0,
            0.0,
            0.0,
            1.0
          ]
        ],
        "rotation_mode": "QUATERNION"
      },
      "armature_space": {
        "head": {
          "x": 0.0,
          "y": 0.07072800397872925,
          "z": -0.009595036506652832
        },
        "tail": {
          "x": 0.0038290831726044416,
          "y": 0.0002566426992416382,
          "z": 0.001065216027200222
        }
      },
      "world_space": {
        "head": {
          "x": 0.0,
          "y": 0.13397200405597687,
          "z": 0.9402589797973633
        },
        "tail": {
          "x": 0.0038290831726044416,
          "y": 0.06350064277648926,
          "z": 0.9509192109107971
        },
        "rotation_quaternion": {
          "w": 0.07526692003011703,
          "x": 0.9967380166053772,
          "y": 0.025906037539243698,
          "z": -0.013310454785823822
        },
        "matrix": [
          [
            0.9983034133911133,
            0.0536467470228672,
            -0.022634321823716164,
            0.0
          ],
          [
            0.04963938891887665,
            -0.987327516078949,
            -0.15073291957378387,
            0.13397200405597687
          ],
          [
            -0.030433982610702515,
            0.1493537276983261,
            -0.9883224964141846,
            0.9402589797973633
          ],
          [
            0.0,
            0.0,
            0.0,
            1.0
          ]
        ]
      },
      "bone_length_armature_space": 0.07137587662887314,
      "parent": null,
      "has_children": true,
      "is_end_bone": false
    },
    "spine_01": {
      "name": "spine_01",
      "local": {
        "location": {
          "x": 0.0,
          "y": 0.0,
          "z": 0.0
        },
        "rotation_quaternion": {
          "w": 0.9964836835861206,
          "x": -0.04770159721374512,
          "y": -0.02986152283847332,
          "z": 0.06207511946558952
        },
        "scale": {
          "x": 1.0,
          "y": 1.0,
          "z": 1.0
        },
        "matrix_basis": [
          [
            0.9905099272727966,
            -0.12086480110883713,
            -0.06543520838022232,
            0.0
          ],
          [
            0.12656256556510925,
            0.9877424836158752,
            0.0913604125380516,
            0.0
          ],
          [
            0.05359087511897087,
            -0.09877504408359528,
            0.9936656951904297,
            0.0
          ],
          [
            0.0,
            0.0,
            0.0,
            1.0
          ]
        ],
        "rotation_mode": "QUATERNION"
      },
      "armature_space": {
        "head": {
          "x": 0.0038290831726044416,
          "y": 0.0002566426992416382,
          "z": 0.001065216027200222
        },
        "tail": {
          "x": -0.04439026117324829,
          "y": 0.07588411867618561,
          "z": 0.4807567000389099
        }
      },
      "world_space": {
        "head": {
          "x": 0.0038290831726044416,
          "y": 0.06350064277648926,
          "z": 0.9509192109107971
        },
        "tail": {
          "x": -0.04439026117324829,
          "y": 0.13912811875343323,
          "z": 1.4306106567382812
        },
        "rotation_quaternion": {
          "w": 0.759043276309967,
          "x": 0.6491317749023438,
          "y": -0.03660610690712929,
          "z": 0.03378298506140709
        },
        "matrix": [
          [
            0.9950373768806458,
            -0.09880988299846649,
            -0.011711403727531433,
            0.0038290831726044416
          ],
          [
            0.003761790692806244,
            0.15497393906116486,
            -0.9879114627838135,
            0.06350064277648926
          ],
          [
            0.09943107515573502,
            0.9829718470573425,
            0.15457671880722046,
            0.9509192109107971
          ],
          [
            0.0,
            0.0,
            0.0,
            1.0
          ]
        ]
      },
      "bone_length_armature_space": 0.4880046416241242,
      "parent": "Root",
      "has_children": true,
      "is_end_bone": false
    },
    "neck_01": {
      "name": "neck_01",
      "local": {
        "location": {
          "x": 0.0,
          "y": 0.0,
          "z": 0.0
        },
        "rotation_quaternion": {
          "w": 0.9964743852615356,
          "x": -0.045538268983364105,
          "y": -0.06711257249116898,
          "z": -0.02147486060857773
        },
        "scale": {
          "x": 1.0,
          "y": 1.0,
          "z": 1.0
        },
        "matrix_basis": [
          [
            0.9900694489479065,
            0.048910677433013916,
            -0.13179606199264526,
            0.0
          ],
          [
            -0.036685917526483536,
            0.9949302077293396,
            0.09363790601491928,
            0.0
          ],
          [
            0.1357077807188034,
            -0.08787297457456589,
            0.9868443608283997,
            0.0
          ],
          [
            0.0,
            0.0,
            0.0,
            1.0
          ]
        ],
        "rotation_mode": "QUATERNION"
      },
      "armature_space": {
        "head": {
          "x": -0.052031125873327255,
          "y": 0.05296986550092697,
          "z": 0.5580891370773315
        },
        "tail": {
          "x": -0.057043299078941345,
          "y": 0.038083747029304504,
          "z": 0.6594007611274719
        }
      },
      "world_space": {
        "head": {
          "x": -0.052031125873327255,
          "y": 0.11621386557817459,
          "z": 1.5079431533813477
        },
        "tail": {
          "x": -0.057043299078941345,
          "y": 0.10132774710655212,
          "z": 1.6092548370361328
        },
        "rotation_quaternion": {
          "w": 0.6513281464576721,
          "x": 0.7561909556388855,
          "y": -0.05631522461771965,
          "z": -0.027851630002260208
        },
        "matrix": [
          [
            0.9921056628227234,
            -0.04888907074928284,
            -0.1154818907380104,
            -0.052031125873327255
          ],
          [
            -0.12145145982503891,
            -0.14520017802715302,
            -0.9819200038909912,
            0.11621386557817459
          ],
          [
            0.031237252056598663,
            0.9882006049156189,
            -0.14999356865882874,
            1.5079431533813477
          ],
          [
            0.0,
            0.0,
            0.0,
            1.0
          ]
        ]
      },
      "bone_length_armature_space": 0.10252201695765205,
      "parent": "spine_01",
      "has_children": true,
      "is_end_bone": false
    },
    "head": {
      "name": "head",
      "local": {
        "location": {
          "x": 0.0,
          "y": 0.0,
          "z": 0.0
        },
        "rotation_quaternion": {
          "w": 0.9698266983032227,
          "x": -0.10205055773258209,
          "y": 0.13155657052993774,
          "z": -0.17808644473552704
        },
        "scale": {
          "x": 1.0,
          "y": 1.0,
          "z": 1.0
        },
        "matrix_basis": [
          [
            0.9019562005996704,
            0.3185751438140869,
            0.2915217876434326,
            0.0
          ],
          [
            -0.37227681279182434,
            0.9157418012619019,
            0.15108582377433777,
            0.0
          ],
          [
            -0.2188265025615692,
            -0.24479959905147552,
            0.9445571303367615,
            0.0
          ],
          [
            0.0,
            0.0,
            0.0,
            1.0
          ]
        ],
        "rotation_mode": "QUATERNION"
      },
      "armature_space": {
        "head": {
          "x": -0.05704331398010254,
          "y": 0.03808360546827316,
          "z": 0.6594007015228271
        },
        "tail": {
          "x": -0.0038057230412960052,
          "y": 0.09987971186637878,
          "z": 0.7913106679916382
        }
      },
      "world_space": {
        "head": {
          "x": -0.05704331398010254,
          "y": 0.10132760554552078,
          "z": 1.6092547178268433
        },
        "tail": {
          "x": -0.0038057230412960052,
          "y": 0.1631237119436264,
          "z": 1.7411646842956543
        },
        "rotation_quaternion": {
          "w": 0.8192670941352844,
          "x": 0.5393678545951843,
          "y": 0.16741369664669037,
          "z": -0.09927979111671448
        },
        "matrix": [
          [
            0.9242326617240906,
            0.3432685434818268,
            0.16721487045288086,
            -0.05704331398010254
          ],
          [
            0.017919868230819702,
            0.39845263957977295,
            -0.9170141220092773,
            0.10132760554552078
          ],
          [
            -0.38141191005706787,
            0.8505371809005737,
            0.36211323738098145,
            1.6092547178268433
          ],
          [
            0.0,
            0.0,
            0.0,
            1.0
          ]
        ]
      },
      "bone_length_armature_space": 0.1550910653941813,
      "parent": "neck_01",
      "has_children": false,
      "is_end_bone": true
    },
    "upperarm_l": {
      "name": "upperarm_l",
      "local": {
        "location": {
          "x": 0.0,
          "y": 0.0,
          "z": 0.0
        },
        "rotation_quaternion": {
          "w": 0.8953074216842651,
          "x": 0.009632883593440056,
          "y": 0.44356685876846313,
          "z": 0.03975322097539902
        },
        "scale": {
          "x": 1.0,
          "y": 1.0,
          "z": 1.0
        },
        "matrix_basis": [
          [
            0.6033362746238708,
            -0.06263705343008041,
            0.7950232625007629,
            0.0
          ],
          [
            0.07972836494445801,
            0.9966537952423096,
            0.018017638474702835,
            0.0
          ],
          [
            -0.793491542339325,
            0.05251520872116089,
            0.6063113212585449,
            0.0
          ],
          [
            0.0,
            0.0,
            0.0,
            1.0
          ]
        ],
        "rotation_mode": "QUATERNION"
      },
      "armature_space": {
        "head": {
          "x": 0.10382793843746185,
          "y": 0.039968106895685196,
          "z": 0.5074334740638733
        },
        "tail": {
          "x": 0.36913883686065674,
          "y": 0.03865813836455345,
          "z": 0.5450637340545654
        }
      },
      "world_space": {
        "head": {
          "x": 0.10382793843746185,
          "y": 0.10321210324764252,
          "z": 1.4572875499725342
        },
        "tail": {
          "x": 0.36913883686065674,
          "y": 0.10190214216709137,
          "z": 1.4949177503585815
        },
        "rotation_quaternion": {
          "w": 0.3138934075832367,
          "x": 0.6727871298789978,
          "y": 0.6316843032836914,
          "z": -0.2231665998697281
        },
        "matrix": [
          [
            0.10234170407056808,
            0.9900790452957153,
            0.09627898782491684,
            0.10382793843746185
          ],
          [
            0.709877610206604,
            -0.00488850474357605,
            -0.7043083310127258,
            0.10321210324764252
          ],
          [
            -0.6968544721603394,
            0.1404273360967636,
            -0.7033407688140869,
            1.4572875499725342
          ],
          [
            0.0,
            0.0,
            0.0,
            1.0
          ]
        ]
      },
      "bone_length_armature_space": 0.2679694373550414,
      "parent": "spine_01",
      "has_children": true,
      "is_end_bone": false
    },
    "lowerarm_l": {
      "name": "lowerarm_l",
      "local": {
        "location": {
          "x": 0.0,
          "y": 0.0,
          "z": 0.0
        },
        "rotation_quaternion": {
          "w": 0.9830406904220581,
          "x": 0.03082713484764099,
          "y": 0.0752803236246109,
          "z": 0.16435815393924713
        },
        "scale": {
          "x": 1.0,
          "y": 1.0,
          "z": 1.0
        },
        "matrix_basis": [
          [
            0.9346385598182678,
            -0.3185001611709595,
            0.158140629529953,
            0.0
          ],
          [
            0.32778286933898926,
            0.9440721869468689,
            -0.03586278483271599,
            0.0
          ],
          [
            -0.13787385821342468,
            0.0853545293211937,
            0.9867651462554932,
            0.0
          ],
          [
            0.0,
            0.0,
            0.0,
            1.0
          ]
        ],
        "rotation_mode": "QUATERNION"
      },
      "armature_space": {
        "head": {
          "x": 0.3691389560699463,
          "y": 0.0386580154299736,
          "z": 0.5450637340545654
        },
        "tail": {
          "x": 0.6025313138961792,
          "y": -0.06495857238769531,
          "z": 0.6248198747634888
        }
      },
      "world_space": {
        "head": {
          "x": 0.3691389560699463,
          "y": 0.10190201550722122,
          "z": 1.4949177503585815
        },
        "tail": {
          "x": 0.6025313138961792,
          "y": -0.0017145723104476929,
          "z": 1.5746738910675049
        },
        "rotation_quaternion": {
          "w": 0.3023642897605896,
          "x": 0.8072469830513,
          "y": 0.46359139680862427,
          "z": -0.2049664556980133
        },
        "matrix": [
          [
            0.4861430525779724,
            0.8724148273468018,
            -0.05056820437312126,
            0.3691389560699463
          ],
          [
            0.6245173811912537,
            -0.3873162865638733,
            -0.6782069206237793,
            0.10190201550722122
          ],
          [
            -0.6112673878669739,
            0.2981264889240265,
            -0.7331351041793823,
            1.4949177503585815
          ],
          [
            0.0,
            0.0,
            0.0,
            1.0
          ]
        ]
      },
      "bone_length_armature_space": 0.2675246373199159,
      "parent": "upperarm_l",
      "has_children": true,
      "is_end_bone": false
    },
    "metacarpal_thumb_l": {
      "name": "metacarpal_thumb_l",
      "local": {
        "location": {
          "x": 0.0,
          "y": 0.0,
          "z": 0.0
        },
        "rotation_quaternion": {
          "w": 0.9998878240585327,
          "x": -0.013859695754945278,
          "y": 0.00015991824329830706,
          "z": 0.005692765582352877
        },
        "scale": {
          "x": 1.0,
          "y": 1.0,
          "z": 1.0
        },
        "matrix_basis": [
          [
            0.9999351501464844,
            -0.01138868648558855,
            0.00016200060781557113,
            0.0
          ],
          [
            0.011379821226000786,
            0.999550998210907,
            0.02771810255944729,
            0.0
          ],
          [
            -0.00047760060988366604,
            -0.027714461088180542,
            0.9996157884597778,
            0.0
          ],
          [
            0.0,
            0.0,
            0.0,
            1.0
          ]
        ],
        "rotation_mode": "QUATERNION"
      },
      "armature_space": {
        "head": {
          "x": 0.6025313138961792,
          "y": -0.06495857238769531,
          "z": 0.6248198747634888
        },
        "tail": {
          "x": 0.638725757598877,
          "y": -0.0953674167394638,
          "z": 0.6100262999534607
        }
      },
      "world_space": {
        "head": {
          "x": 0.6025313138961792,
          "y": -0.0017145723104476929,
          "z": 1.5746738910675049
        },
        "tail": {
          "x": 0.638725757598877,
          "y": -0.032123416662216187,
          "z": 1.559880256652832
        },
        "rotation_quaternion": {
          "w": 0.2978765666484833,
          "x": -0.8416728973388672,
          "y": -0.3229832053184509,
          "z": -0.3139079809188843
        },
        "matrix": [
          [
            0.5942871570587158,
            0.7307043075561523,
            0.3359964191913605,
            0.6025313138961792
          ],
          [
            0.35668230056762695,
            -0.6139024496078491,
            0.7042028903961182,
            -0.0017145723104476929
          ],
          [
            0.7208386659622192,
            -0.29865747690200806,
            -0.6254675388336182,
            1.5746738910675049
          ],
          [
            0.0,
            0.0,
            0.0,
            1.0
          ]
        ]
      },
      "bone_length_armature_space": 0.04953367991928877,
      "parent": "lowerarm_l",
      "has_children": true,
      "is_end_bone": false
    },
    "thumb_01_l": {
      "name": "thumb_01_l",
      "local": {
        "location": {
          "x": 0.0,
          "y": 0.0,
          "z": 0.0
        },
        "rotation_quaternion": {
          "w": 0.9993587136268616,
          "x": -0.03345916420221329,
          "y": 0.010222711600363255,
          "z": 0.007629716768860817
        },
        "scale": {
          "x": 1.0,
          "y": 1.0,
          "z": 1.0
        },
        "matrix_basis": [
          [
            0.9996745586395264,
            -0.01593373529613018,
            0.019921744242310524,
            0.0
          ],
          [
            0.014565560966730118,
            0.9976445436477661,
            0.06703140586614609,
            0.0
          ],
          [
            -0.02094287984073162,
            -0.0667194202542305,
            0.9975519776344299,
            0.0
          ],
          [
            0.0,
            0.0,
            0.0,
            1.0
          ]
        ],
        "rotation_mode": "QUATERNION"
      },
      "armature_space": {
        "head": {
          "x": 0.638725757598877,
          "y": -0.0953674167394638,
          "z": 0.6100262999534607
        },
        "tail": {
          "x": 0.6594029068946838,
          "y": -0.09319198131561279,
          "z": 0.5830752849578857
        }
      },
      "world_space": {
        "head": {
          "x": 0.638725757598877,
          "y": -0.032123416662216187,
          "z": 1.559880256652832
        },
        "tail": {
          "x": 0.6594029068946838,
          "y": -0.029947981238365173,
          "z": 1.5329293012619019
        },
        "rotation_quaternion": {
          "w": 0.7011494040489197,
          "x": -0.4071156680583954,
          "y": 0.20086243748664856,
          "z": -0.549818754196167
        },
        "matrix": [
          [
            0.3147040903568268,
            0.60746169090271,
            0.7293499708175659,
            0.638725757598877
          ],
          [
            -0.93455970287323,
            0.06391085684299469,
            0.3500194549560547,
            -0.032123416662216187
          ],
          [
            0.166010320186615,
            -0.7917793989181519,
            0.5878268480300903,
            1.559880256652832
          ],
          [
            0.0,
            0.0,
            0.0,
            1.0
          ]
        ]
      },
      "bone_length_armature_space": 0.034038716683124026,
      "parent": "metacarpal_thumb_l",
      "has_children": true,
      "is_end_bone": false
    },
    "thumb_02_l": {
      "name": "thumb_02_l",
      "local": {
        "location": {
          "x": 0.0,
          "y": 0.0,
          "z": 0.0
        },
        "rotation_quaternion": {
          "w": 0.9939718246459961,
          "x": 0.1094847321510315,
          "y": -0.0021882576402276754,
          "z": 0.005323437042534351
        },
        "scale": {
          "x": 1.0,
          "y": 1.0,
          "z": 1.0
        },
        "matrix_basis": [
          [
            0.9999337196350098,
            -0.011061854660511017,
            -0.0031844626646488905,
            0.0
          ],
          [
            0.010103531181812286,
            0.9759694933891296,
            -0.21767278015613556,
            0.0
          ],
          [
            0.00551580311730504,
            0.2176261842250824,
            0.9760165810585022,
            0.0
          ],
          [
            0.0,
            0.0,
            0.0,
            1.0
          ]
        ],
        "rotation_mode": "QUATERNION"
      },
      "armature_space": {
        "head": {
          "x": 0.6594027876853943,
          "y": -0.0931919664144516,
          "z": 0.5830752849578857
        },
        "tail": {
          "x": 0.6950198411941528,
          "y": -0.10782552510499954,
          "z": 0.5944973826408386
        }
      },
      "world_space": {
        "head": {
          "x": 0.6594027876853943,
          "y": -0.02994796633720398,
          "z": 1.5329293012619019
        },
        "tail": {
          "x": 0.6950198411941528,
          "y": -0.04458152502775192,
          "z": 1.54435133934021
        },
        "rotation_quaternion": {
          "w": 0.5602438449859619,
          "x": 0.16290158033370972,
          "y": -0.06289511173963547,
          "z": -0.8097124695777893
        },
        "matrix": [
          [
            -0.3191792964935303,
            0.886781632900238,
            -0.33427923917770386,
            0.6594027876853943
          ],
          [
            -0.9277642965316772,
            -0.36434149742126465,
            -0.08067648112773895,
            -0.02994796633720398
          ],
          [
            -0.1933366060256958,
            0.2843838334083557,
            0.9390213489532471,
            1.5329293012619019
          ],
          [
            0.0,
            0.0,
            0.0,
            1.0
          ]
        ]
      },
      "bone_length_armature_space": 0.04016441020955817,
      "parent": "thumb_01_l",
      "has_children": true,
      "is_end_bone": false
    },
    "thumb_03_l": {
      "name": "thumb_03_l",
      "local": {
        "location": {
          "x": 0.0,
          "y": 0.0,
          "z": 0.0
        },
        "rotation_quaternion": {
          "w": 0.9980685710906982,
          "x": 0.06174701452255249,
          "y": 0.0027234931476414204,
          "z": -0.006254753563553095
        },
        "scale": {
          "x": 1.0,
          "y": 1.0,
          "z": 1.0
        },
        "matrix_basis": [
          [
            0.9999068975448608,
            0.01282168086618185,
            0.004664041101932526,
            0.0
          ],
          [
            -0.01214901078492403,
            0.9922963976860046,
            -0.1232895776629448,
            0.0
          ],
          [
            -0.006208890583366156,
            0.12322144210338593,
            0.9923597574234009,
            0.0
          ],
          [
            0.0,
            0.0,
            0.0,
            1.0
          ]
        ],
        "rotation_mode": "QUATERNION"
      },
      "armature_space": {
        "head": {
          "x": 0.6950197815895081,
          "y": -0.10782555490732193,
          "z": 0.5944973230361938
        },
        "tail": {
          "x": 0.7170512080192566,
          "y": -0.11612530052661896,
          "z": 0.6138008832931519
        }
      },
      "world_space": {
        "head": {
          "x": 0.6950197815895081,
          "y": -0.04458155483007431,
          "z": 1.54435133934021
        },
        "tail": {
          "x": 0.7170512080192566,
          "y": -0.05288130044937134,
          "z": 1.563654899597168
        },
        "rotation_quaternion": {
          "w": 0.5931382179260254,
          "x": 0.40860044956207275,
          "y": -0.10898678749799728,
          "z": -0.6850945949554443
        },
        "matrix": [
          [
            0.03753667697310448,
            0.7236495018005371,
            -0.6891459226608276,
            0.6950197815895081
          ],
          [
            -0.9017755389213562,
            -0.27261531352996826,
            -0.33538299798965454,
            -0.04458155483007431
          ],
          [
            -0.43057554960250854,
            0.6340485215187073,
            0.6423407196998596,
            1.54435133934021
          ],
          [
            0.0,
            0.0,
            0.0,
            1.0
          ]
        ]
      },
      "bone_length_armature_space": 0.0304449826099588,
      "parent": "thumb_02_l",
      "has_children": false,
      "is_end_bone": true
    },
    "metacarpal_index_l": {
      "name": "metacarpal_index_l",
      "local": {
        "location": {
          "x": 0.0,
          "y": 0.0,
          "z": 0.0
        },
        "rotation_quaternion": {
          "w": 0.9994874000549316,
          "x": -0.021980060264468193,
          "y": 0.018252728506922722,
          "z": 0.014446101151406765
        },
        "scale": {
          "x": 1.0,
          "y": 1.0,
          "z": 1.0
        },
        "matrix_basis": [
          [
            0.9989162683486938,
            -0.029679784551262856,
            0.03585169091820717,
            0.0
          ],
          [
            0.028075000271201134,
            0.9986163973808289,
            0.044464949518442154,
            0.0
          ],
          [
            -0.03712179511785507,
            -0.043410226702690125,
            0.998367428779602,
            0.0
          ],
          [
            0.0,
            0.0,
            0.0,
            1.0
          ]
        ],
        "rotation_mode": "QUATERNION"
      },
      "armature_space": {
        "head": {
          "x": 0.6025313138961792,
          "y": -0.06495857238769531,
          "z": 0.6248198747634888
        },
        "tail": {
          "x": 0.6979848742485046,
          "y": -0.13252168893814087,
          "z": 0.6321043968200684
        }
      },
      "world_space": {
        "head": {
          "x": 0.6025313138961792,
          "y": -0.0017145723104476929,
          "z": 1.5746738910675049
        },
        "tail": {
          "x": 0.6979848742485046,
          "y": -0.06927768886089325,
          "z": 1.5819584131240845
        },
        "rotation_quaternion": {
          "w": 0.046781353652477264,
          "x": -0.8738353848457336,
          "y": -0.4577152729034424,
          "z": -0.15722575783729553
        },
        "matrix": [
          [
            0.531553328037262,
            0.8146464824676514,
            0.23195284605026245,
            0.6025313138961792
          ],
          [
            0.7852255702018738,
            -0.5766162276268005,
            0.22568802535533905,
            -0.0017145723104476929
          ],
          [
            0.31760653853416443,
            0.06216982752084732,
            -0.9461898803710938,
            1.5746738910675049
          ],
          [
            0.0,
            0.0,
            0.0,
            1.0
          ]
        ]
      },
      "bone_length_armature_space": 0.11717175861335762,
      "parent": "lowerarm_l",
      "has_children": true,
      "is_end_bone": false
    },
    "index_01_l": {
      "name": "index_01_l",
      "local": {
        "location": {
          "x": 0.0,
          "y": 0.0,
          "z": 0.0
        },
        "rotation_quaternion": {
          "w": 0.9927858114242554,
          "x": -0.11947068572044373,
          "y": -0.007661399431526661,
          "z": 0.006678396835923195
        },
        "scale": {
          "x": 1.0,
          "y": 1.0,
          "z": 1.0
        },
        "matrix_basis": [
          [
            0.9997934103012085,
            -0.011429809965193272,
            -0.016808003187179565,
            0.0
          ],
          [
            0.015091060660779476,
            0.9713643193244934,
            0.237115278840065,
            0.0
          ],
          [
            0.013616511598229408,
            -0.2373199313879013,
            0.9713361263275146,
            0.0
          ],
          [
            0.0,
            0.0,
            0.0,
            1.0
          ]
        ],
        "rotation_mode": "QUATERNION"
      },
      "armature_space": {
        "head": {
          "x": 0.6979848742485046,
          "y": -0.13252168893814087,
          "z": 0.6321043968200684
        },
        "tail": {
          "x": 0.7206725478172302,
          "y": -0.1423608660697937,
          "z": 0.6463006138801575
        }
      },
      "world_space": {
        "head": {
          "x": 0.6979848742485046,
          "y": -0.06927768886089325,
          "z": 1.5819584131240845
        },
        "tail": {
          "x": 0.7206725478172302,
          "y": -0.07911686599254608,
          "z": 1.5961546897888184
        },
        "rotation_quaternion": {
          "w": 0.12640634179115295,
          "x": 0.7741169929504395,
          "y": 0.5581135749816895,
          "z": 0.2706908881664276
        },
        "matrix": [
          [
            0.2304697036743164,
            0.7956573963165283,
            0.5601900815963745,
            0.6979848742485046
          ],
          [
            0.9325248599052429,
            -0.3450605273246765,
            0.10644790530204773,
            -0.06927768886089325
          ],
          [
            0.2779982388019562,
            0.49786120653152466,
            -0.8215020298957825,
            1.5819584131240845
          ],
          [
            0.0,
            0.0,
            0.0,
            1.0
          ]
        ]
      },
      "bone_length_armature_space": 0.028514426237622344,
      "parent": "metacarpal_index_l",
      "has_children": true,
      "is_end_bone": false
    },
    "index_02_l": {
      "name": "index_02_l",
      "local": {
        "location": {
          "x": 0.0,
          "y": 0.0,
          "z": 0.0
        },
        "rotation_quaternion": {
          "w": 0.9981661438941956,
          "x": 0.06050209701061249,
          "y": 0.00012531373067758977,
          "z": -0.0019676811061799526
        },
        "scale": {
          "x": 1.0,
          "y": 1.0,
          "z": 1.0
        },
        "matrix_basis": [
          [
            0.9999922513961792,
            0.003943308722227812,
            1.207018067361787e-05,
            0.0
          ],
          [
            -0.003912982065230608,
            0.9926712512969971,
            -0.12078278511762619,
            0.0
          ],
          [
            -0.0004882655048277229,
            0.1207817941904068,
            0.9926789402961731,
            0.0
          ],
          [
            0.0,
            0.0,
            0.0,
            1.0
          ]
        ],
        "rotation_mode": "QUATERNION"
      },
      "armature_space": {
        "head": {
          "x": 0.7206729650497437,
          "y": -0.14236119389533997,
          "z": 0.6463004946708679
        },
        "tail": {
          "x": 0.7424014806747437,
          "y": -0.1502957046031952,
          "z": 0.657391369342804
        }
      },
      "world_space": {
        "head": {
          "x": 0.7206729650497437,
          "y": -0.07911719381809235,
          "z": 1.5961544513702393
        },
        "tail": {
          "x": 0.7424014806747437,
          "y": -0.08705170452594757,
          "z": 1.6072454452514648
        },
        "rotation_quaternion": {
          "w": 0.11582928150892258,
          "x": 0.7790186405181885,
          "y": 0.5761372447013855,
          "z": 0.2185850739479065
        },
        "matrix": [
          [
            0.24057146906852722,
            0.8470068573951721,
            0.474030077457428,
            0.7206729650497437
          ],
          [
            0.9482807517051697,
            -0.30929824709892273,
            0.07140545547008514,
            -0.07911719381809235
          ],
          [
            0.2070997953414917,
            0.4323381185531616,
            -0.8776148557662964,
            1.5961544513702393
          ],
          [
            0.0,
            0.0,
            0.0,
            1.0
          ]
        ]
      },
      "bone_length_armature_space": 0.025653310720681614,
      "parent": "index_01_l",
      "has_children": true,
      "is_end_bone": false
    },
    "index_03_l": {
      "name": "index_03_l",
      "local": {
        "location": {
          "x": 0.0,
          "y": 0.0,
          "z": 0.0
        },
        "rotation_quaternion": {
          "w": 0.9989380836486816,
          "x": 0.046048372983932495,
          "y": 0.0015100206946954131,
          "z": 7.416598964482546e-05
        },
        "scale": {
          "x": 1.0,
          "y": 1.0,
          "z": 1.0
        },
        "matrix_basis": [
          [
            0.9999954104423523,
            -9.106471225095447e-06,
            0.0030236646998673677,
            0.0
          ],
          [
            0.000287242466583848,
            0.9957590699195862,
            -0.09199872612953186,
            0.0
          ],
          [
            -0.0030100038275122643,
            0.09199917316436768,
            0.9957545399665833,
            0.0
          ],
          [
            0.0,
            0.0,
            0.0,
            1.0
          ]
        ],
        "rotation_mode": "QUATERNION"
      },
      "armature_space": {
        "head": {
          "x": 0.7424013614654541,
          "y": -0.15029573440551758,
          "z": 0.6573914885520935
        },
        "tail": {
          "x": 0.7697908878326416,
          "y": -0.15609632432460785,
          "z": 0.6657520532608032
        }
      },
      "world_space": {
        "head": {
          "x": 0.7424013614654541,
          "y": -0.08705173432826996,
          "z": 1.6072454452514648
        },
        "tail": {
          "x": 0.7697908878326416,
          "y": -0.09285232424736023,
          "z": 1.6156060695648193
        },
        "rotation_quaternion": {
          "w": 0.03343573212623596,
          "x": 0.7512984275817871,
          "y": 0.6321551203727722,
          "z": 0.18658193945884705
        },
        "matrix": [
          [
            0.1311335563659668,
            0.9373975992202759,
            0.32262909412384033,
            0.7424013614654541
          ],
          [
            0.9623512029647827,
            -0.19852347671985626,
            0.18565841019153595,
            -0.08705173432826996
          ],
          [
            0.23808766901493073,
            0.2861381769180298,
            -0.9281452298164368,
            1.6072454452514648
          ],
          [
            0.0,
            0.0,
            0.0,
            1.0
          ]
        ]
      },
      "bone_length_armature_space": 0.02921869331616689,
      "parent": "index_02_l",
      "has_children": false,
      "is_end_bone": true
    },
    "metacarpal_pinky_l": {
      "name": "metacarpal_pinky_l",
      "local": {
        "location": {
          "x": 0.0,
          "y": 0.0,
          "z": 0.0
        },
        "rotation_quaternion": {
          "w": 0.9986393451690674,
          "x": -0.051764607429504395,
          "y": 0.0062906453385949135,
          "z": -0.0005772984586656094
        },
        "scale": {
          "x": 1.0,
          "y": 1.0,
          "z": 1.0
        },
        "matrix_basis": [
          [
            0.9999201893806458,
            0.0005017603398300707,
            0.012623938731849194,
            0.0
          ],
          [
            -0.0018042915035039186,
            0.9946401715278625,
            0.10338108241558075,
            0.0
          ],
          [
            -0.012504404410719872,
            -0.10339561104774475,
            0.9945617318153381,
            0.0
          ],
          [
            0.0,
            0.0,
            0.0,
            1.0
          ]
        ],
        "rotation_mode": "QUATERNION"
      },
      "armature_space": {
        "head": {
          "x": 0.6025313138961792,
          "y": -0.06495857238769531,
          "z": 0.6248198747634888
        },
        "tail": {
          "x": 0.6948662400245667,
          "y": -0.07283809781074524,
          "z": 0.6723111271858215
        }
      },
      "world_space": {
        "head": {
          "x": 0.6025313138961792,
          "y": -0.0017145723104476929,
          "z": 1.5746738910675049
        },
        "tail": {
          "x": 0.6948662400245667,
          "y": -0.00959409773349762,
          "z": 1.6221652030944824
        },
        "rotation_quaternion": {
          "w": 0.6584855914115906,
          "x": 0.487028568983078,
          "y": 0.16900496184825897,
          "z": -0.5483039617538452
        },
        "matrix": [
          [
            0.34159818291664124,
            0.8867210149765015,
            -0.3115067481994629,
            0.6025313138961792
          ],
          [
            -0.5574829578399658,
            -0.07566956430673599,
            -0.8267329931259155,
            -0.0017145723104476929
          ],
          [
            -0.7566588521003723,
            0.45607322454452515,
            0.4684857130050659,
            1.5746738910675049
          ],
          [
            0.0,
            0.0,
            0.0,
            1.0
          ]
        ]
      },
      "bone_length_armature_space": 0.10413090053741286,
      "parent": "lowerarm_l",
      "has_children": true,
      "is_end_bone": false
    },
    "pinky_01_l": {
      "name": "pinky_01_l",
      "local": {
        "location": {
          "x": 0.0,
          "y": 0.0,
          "z": 0.0
        },
        "rotation_quaternion": {
          "w": 0.9640369415283203,
          "x": 0.26562705636024475,
          "y": 0.007688675541430712,
          "z": 0.003998910542577505
        },
        "scale": {
          "x": 1.0,
          "y": 1.0,
          "z": 1.0
        },
        "matrix_basis": [
          [
            0.999849796295166,
            -0.003625554498285055,
            0.016948772594332695,
            0.0
          ],
          [
            0.011794835329055786,
            0.8588525652885437,
            -0.5120871067047119,
            0.0
          ],
          [
            -0.012699896469712257,
            0.5122100710868835,
            0.8587663173675537,
            0.0
          ],
          [
            0.0,
            0.0,
            0.0,
            1.0
          ]
        ],
        "rotation_mode": "QUATERNION"
      },
      "armature_space": {
        "head": {
          "x": 0.6948662400245667,
          "y": -0.07283809781074524,
          "z": 0.6723111271858215
        },
        "tail": {
