{
  "metadata": {
    "armature_name": "KIM_caucasian_male",
    "export_time": "2026-01-13T19:11:04.822141",
    "blender_version": "4.4.1",
    "bone_count": 56,
    "end_bone_count": 13,
    "spaces_included": [
      "LOCAL_CHANNELS",
      "ARMATURE_SPACE",
      "WORLD_SPACE"
    ],
    "note": "LOCAL matches Transform panel; replay pose via local.matrix_basis for best fidelity."
  },
  "bones": {
    "Root": {
      "name": "Root",
      "local": {
        "location": {
          "x": 0.0,
          "y": 0.0,
          "z": 0.0
        },
        "rotation_quaternion": {
          "w": 0.9997655153274536,
          "x": -0.01889386586844921,
          "y": -0.009604940190911293,
          "z": -0.0044486946426332
        },
        "scale": {
          "x": 1.0,
          "y": 1.0,
          "z": 1.0
        },
        "matrix_basis": [
          [
            0.9997758865356445,
            0.009258251637220383,
            -0.019037269055843353,
            0.0
          ],
          [
            -0.008532353676855564,
            0.9992464780807495,
            0.037864331156015396,
            0.0
          ],
          [
            0.01937348209321499,
            -0.037693411111831665,
            0.9991015195846558,
            0.0
          ],
          [
            0.0,
            0.0,
            0.0,
            1.0
          ]
        ],
        "rotation_mode": "QUATERNION"
      },
      "armature_space": {
        "head": {
          "x": 0.0,
          "y": 0.07072800397872925,
          "z": -0.009595036506652832
        },
        "tail": {
          "x": 0.000660815741866827,
          "y": 0.00041496753692626953,
          "z": 0.002658768557012081
        }
      },
      "world_space": {
        "head": {
          "x": 0.0,
          "y": 0.13397200405597687,
          "z": 0.9402589797973633
        },
        "tail": {
          "x": 0.000660815741866827,
          "y": 0.06365896761417389,
          "z": 0.952512800693512
        },
        "rotation_quaternion": {
          "w": 0.08620280772447586,
          "x": 0.9962213635444641,
          "y": 0.0037915236316621304,
          "z": -0.009882820770144463
        },
        "matrix": [
          [
            0.9997758865356445,
            0.009258251637220383,
            -0.019037269055843353,
            0.0
          ],
          [
            0.0058505358174443245,
            -0.9851093888282776,
            -0.17182955145835876,
            0.13397200405597687
          ],
          [
            -0.020344769582152367,
            0.17167994379997253,
            -0.9849497675895691,
            0.9402589797973633
          ],
          [
            0.0,
            0.0,
            0.0,
            1.0
          ]
        ]
      },
      "bone_length_armature_space": 0.07137587486366274,
      "parent": null,
      "has_children": true,
      "is_end_bone": false
    },
    "spine_01": {
      "name": "spine_01",
      "local": {
        "location": {
          "x": 0.0,
          "y": 0.0,
          "z": 0.0
        },
        "rotation_quaternion": {
          "w": 0.996977686882019,
          "x": 0.057732418179512024,
          "y": 0.018854448571801186,
          "z": -0.04844670370221138
        },
        "scale": {
          "x": 1.0,
          "y": 1.0,
          "z": 1.0
        },
        "matrix_basis": [
          [
            0.9945948719978333,
            0.09877759218215942,
            0.032001037150621414,
            0.0
          ],
          [
            -0.09442353993654251,
            0.988639771938324,
            -0.11694273352622986,
            0.0
          ],
          [
            -0.04318882152438164,
            0.1132889911532402,
            0.992622971534729,
            0.0
          ],
          [
            0.0,
            0.0,
            0.0,
            1.0
          ]
        ],
        "rotation_mode": "QUATERNION"
      },
      "armature_space": {
        "head": {
          "x": 0.000660815741866827,
          "y": 0.00041496753692626953,
          "z": 0.002658768557012081
        },
        "tail": {
          "x": 0.05881286785006523,
          "y": -0.013619715347886086,
          "z": 0.48698288202285767
        }
      },
      "world_space": {
        "head": {
          "x": 0.000660815741866827,
          "y": 0.06365896761417389,
          "z": 0.952512800693512
        },
        "tail": {
          "x": 0.05881286785006523,
          "y": 0.04962428659200668,
          "z": 1.4368369579315186
        },
        "rotation_quaternion": {
          "w": 0.694624662399292,
          "x": 0.7166491150856018,
          "y": 0.05582796037197113,
          "z": -0.028177518397569656
        },
        "matrix": [
          [
            0.9921784996986389,
            0.11916374415159225,
            0.03717297688126564,
            0.000660815741866827
          ],
          [
            0.04087331146001816,
            -0.02875952422618866,
            -0.9987505078315735,
            0.06365896761417389
          ],
          [
            -0.1179465502500534,
            0.9924649596214294,
            -0.03340631723403931,
            0.952512800693512
          ],
          [
            0.0,
            0.0,
            0.0,
            1.0
          ]
        ]
      },
      "bone_length_armature_space": 0.48800460672073204,
      "parent": "Root",
      "has_children": true,
      "is_end_bone": false
    },
    "neck_01": {
      "name": "neck_01",
      "local": {
        "location": {
          "x": 0.0,
          "y": 0.0,
          "z": 0.0
        },
        "rotation_quaternion": {
          "w": 0.993507981300354,
          "x": 0.06272245943546295,
          "y": -0.013312911614775658,
          "z": 0.09397187829017639
        },
        "scale": {
          "x": 1.0,
          "y": 1.0,
          "z": 1.0
        },
        "matrix_basis": [
          [
            0.9819840788841248,
            -0.18839365243911743,
            -0.014664673246443272,
            0.0
          ],
          [
            0.18505358695983887,
            0.9744703769683838,
            -0.1271326094865799,
            0.0
          ],
          [
            0.03824126347899437,
            0.1221284493803978,
            0.9917773008346558,
            0.0
          ],
          [
            0.0,
            0.0,
            0.0,
            1.0
          ]
        ],
        "rotation_mode": "QUATERNION"
      },
      "armature_space": {
        "head": {
          "x": 0.06882702559232712,
          "y": -0.05036254972219467,
          "z": 0.5584911108016968
        },
        "tail": {
          "x": 0.06192941591143608,
          "y": -0.10311689227819443,
          "z": 0.646127462387085
        }
      },
      "world_space": {
        "head": {
          "x": 0.06882702559232712,
          "y": 0.012881450355052948,
          "z": 1.508345127105713
        },
        "tail": {
          "x": 0.06192941591143608,
          "y": -0.03987289220094681,
          "z": 1.595981478691101
        },
        "rotation_quaternion": {
          "w": 0.49104592204093933,
          "x": 0.8702185153961182,
          "y": -0.03986285254359245,
          "z": -0.002137397648766637
        },
        "matrix": [
          [
            0.9968127608299255,
            -0.06727973371744156,
            -0.042869243770837784,
            0.06882702559232712
          ],
          [
            -0.07147815823554993,
            -0.5145694017410278,
            -0.854464590549469,
            0.012881450355052948
          ],
          [
            0.03542912378907204,
            0.8548106551170349,
            -0.5177426934242249,
            1.508345127105713
          ],
          [
            0.0,
            0.0,
            0.0,
            1.0
          ]
        ]
      },
      "bone_length_armature_space": 0.10252184125424674,
      "parent": "spine_01",
      "has_children": true,
      "is_end_bone": false
    },
    "head": {
      "name": "head",
      "local": {
        "location": {
          "x": 0.0,
          "y": 0.0,
          "z": 0.0
        },
        "rotation_quaternion": {
          "w": 0.9727954864501953,
          "x": -0.04937170445919037,
          "y": -0.03338272124528885,
          "z": -0.22386810183525085
        },
        "scale": {
          "x": 1.0,
          "y": 1.0,
          "z": 1.0
        },
        "matrix_basis": [
          [
            0.897537350654602,
            0.43885207176208496,
            -0.04284362122416496,
            0.0
          ],
          [
            -0.4322594404220581,
            0.8948910236358643,
            0.11100379377603531,
            0.0
          ],
          [
            0.08705461770296097,
            -0.08111049234867096,
            0.9928960800170898,
            0.0
          ],
          [
            0.0,
            0.0,
            0.0,
            1.0
          ]
        ],
        "rotation_mode": "QUATERNION"
      },
      "armature_space": {
        "head": {
          "x": 0.06192941591143608,
          "y": -0.10311698913574219,
          "z": 0.6461273431777954
        },
        "tail": {
          "x": 0.12396262586116791,
          "y": -0.11954181641340256,
          "z": 0.7873199582099915
        }
      },
      "world_space": {
        "head": {
          "x": 0.06192941591143608,
          "y": -0.03987298905849457,
          "z": 1.5959813594818115
        },
        "tail": {
          "x": 0.12396262586116791,
          "y": -0.05629781633615494,
          "z": 1.7371740341186523
        },
        "rotation_quaternion": {
          "w": 0.6592674255371094,
          "x": 0.7211222648620605,
          "y": 0.11141893267631531,
          "z": -0.1814802885055542
        },
        "matrix": [
          [
            0.9093016982078552,
            0.39998143911361694,
            -0.11482717096805573,
            0.06192941591143608
          ],
          [
            -0.07859240472316742,
            -0.1059049740433693,
            -0.9912658929824829,
            -0.03987298905849457
          ],
          [
            -0.4086515009403229,
            0.9103902578353882,
            -0.06486543267965317,
            1.5959813594818115
          ],
          [
            0.0,
            0.0,
            0.0,
            1.0
          ]
        ]
      },
      "bone_length_armature_space": 0.155091098140219,
      "parent": "neck_01",
      "has_children": false,
      "is_end_bone": true
    },
    "upperarm_l": {
      "name": "upperarm_l",
      "local": {
        "location": {
          "x": 0.0,
          "y": 0.0,
          "z": 0.0
        },
        "rotation_quaternion": {
          "w": 0.9278032779693604,
          "x": -0.15134784579277039,
          "y": 0.2511503994464874,
          "z": -0.23064789175987244
        },
        "scale": {
          "x": 1.0,
          "y": 1.0,
          "z": 1.0
        },
        "matrix_basis": [
          [
            0.7674500346183777,
            0.3519695997238159,
            0.5358524322509766,
            0.0
          ],
          [
            -0.5040138959884644,
            0.8477907776832581,
            0.16498742997646332,
            0.0
          ],
          [
            -0.39622020721435547,
            -0.39669668674468994,
            0.8280346393585205,
            0.0
          ],
          [
            0.0,
            0.0,
            0.0,
            1.0
          ]
        ],
        "rotation_mode": "QUATERNION"
      },
      "armature_space": {
        "head": {
          "x": 0.20976363122463226,
          "y": -0.04548383504152298,
          "z": 0.4739912450313568
        },
        "tail": {
          "x": 0.41285520792007446,
          "y": 0.08350939303636551,
          "z": 0.3559982478618622
        }
      },
      "world_space": {
        "head": {
          "x": 0.20976363122463226,
          "y": 0.01776016503572464,
          "z": 1.4238452911376953
        },
        "tail": {
          "x": 0.41285520792007446,
          "y": 0.14675340056419373,
          "z": 1.3058522939682007
        },
        "rotation_quaternion": {
          "w": 0.2456611543893814,
          "x": 0.34897202253341675,
          "y": 0.8248258233070374,
          "z": -0.37085264921188354
        },
        "matrix": [
          [
            -0.6357380151748657,
            0.7578908801078796,
            0.1464194357395172,
            0.20976363122463226
          ],
          [
            0.3934754729270935,
            0.4813729524612427,
            -0.7832354307174683,
            0.01776016503572464
          ],
          [
            -0.6640933752059937,
            -0.4403226375579834,
            -0.604243278503418,
            1.4238452911376953
          ],
          [
            0.0,
            0.0,
            0.0,
            1.0
          ]
        ]
      },
      "bone_length_armature_space": 0.2679697515646899,
      "parent": "spine_01",
      "has_children": true,
      "is_end_bone": false
    },
    "lowerarm_l": {
      "name": "lowerarm_l",
      "local": {
        "location": {
          "x": 0.0,
          "y": 0.0,
          "z": 0.0
        },
        "rotation_quaternion": {
          "w": 0.9572102427482605,
          "x": 0.2775297164916992,
          "y": -0.08200856298208237,
          "z": 0.0006802605930715799
        },
        "scale": {
          "x": 1.0,
          "y": 1.0,
          "z": 1.0
        },
        "matrix_basis": [
          [
            0.9865482449531555,
            -0.04682192951440811,
            -0.1566212922334671,
            0.0
          ],
          [
            -0.044217322021722794,
            0.8459535837173462,
            -0.5314201712608337,
            0.0
          ],
          [
            0.1573764532804489,
            0.5311970114707947,
            0.8325036764144897,
            0.0
          ],
          [
            0.0,
            0.0,
            0.0,
            1.0
          ]
        ],
        "rotation_mode": "QUATERNION"
      },
      "armature_space": {
        "head": {
          "x": 0.4128553569316864,
          "y": 0.08350935578346252,
          "z": 0.3559982478618622
        },
        "tail": {
          "x": 0.6233046054840088,
          "y": 0.03533484786748886,
          "z": 0.19801077246665955
        }
      },
      "world_space": {
        "head": {
          "x": 0.4128553569316864,
          "y": 0.14675335586071014,
          "z": 1.3058522939682007
        },
        "tail": {
          "x": 0.6233046054840088,
          "y": 0.09857884794473648,
          "z": 1.147864818572998
        },
        "rotation_quaternion": {
          "w": 0.24365845322608948,
          "x": 0.3925877809524536,
          "y": 0.5921087265014648,
          "z": -0.6602368950843811
        },
        "matrix": [
          [
            -0.573009729385376,
            0.7866541743278503,
            -0.2298586666584015,
            0.4128553569316864
          ],
          [
            0.1431681513786316,
            -0.18007513880729675,
            -0.973178505897522,
            0.14675335586071014
          ],
          [
            -0.8069519400596619,
            -0.590553343296051,
            -0.009439945220947266,
            1.3058522939682007
          ],
          [
            0.0,
            0.0,
            0.0,
            1.0
          ]
        ]
      },
      "bone_length_armature_space": 0.2675251595082693,
      "parent": "upperarm_l",
      "has_children": true,
      "is_end_bone": false
    },
    "metacarpal_thumb_l": {
      "name": "metacarpal_thumb_l",
      "local": {
        "location": {
          "x": 0.0,
          "y": 0.0,
          "z": 0.0
        },
        "rotation_quaternion": {
          "w": 0.9995394349098206,
          "x": 0.016713181510567665,
          "y": 0.02046375349164009,
          "z": 0.014926640316843987
        },
        "scale": {
          "x": 1.0,
          "y": 1.0,
          "z": 1.0
        },
        "matrix_basis": [
          [
            0.9987168312072754,
            -0.02915550209581852,
            0.04140760004520416,
            0.0
          ],
          [
            0.03052356094121933,
            0.9989957213401794,
            -0.03280005604028702,
            0.0
          ],
          [
            -0.04040971398353577,
            0.034021876752376556,
            0.9986038208007812,
            0.0
          ],
          [
            0.0,
            0.0,
            0.0,
            1.0
          ]
        ],
        "rotation_mode": "QUATERNION"
      },
      "armature_space": {
        "head": {
          "x": 0.6233046054840088,
          "y": 0.03533484786748886,
          "z": 0.19801077246665955
        },
        "tail": {
          "x": 0.6400664448738098,
          "y": 0.0006732568144798279,
          "z": 0.16684645414352417
        }
      },
      "world_space": {
        "head": {
          "x": 0.6233046054840088,
          "y": 0.09857884794473648,
          "z": 1.147864818572998
        },
        "tail": {
          "x": 0.6400664448738098,
          "y": 0.06391725689172745,
          "z": 1.1167004108428955
        },
        "rotation_quaternion": {
          "w": 0.2603810727596283,
          "x": -0.8689984679222107,
          "y": -0.2869194746017456,
          "z": 0.3077671229839325
        },
        "matrix": [
          [
            0.6459126472473145,
            0.3383927643299103,
            -0.684315025806427,
            0.6233046054840088
          ],
          [
            0.6589391827583313,
            -0.6997581720352173,
            0.2759314179420471,
            0.09857884794473648
          ],
          [
            -0.38548386096954346,
            -0.6291543841362,
            -0.6749671101570129,
            1.147864818572998
          ],
          [
            0.0,
            0.0,
            0.0,
            1.0
          ]
        ]
      },
      "bone_length_armature_space": 0.049533825926838,
      "parent": "lowerarm_l",
      "has_children": true,
      "is_end_bone": false
    },
    "thumb_01_l": {
      "name": "thumb_01_l",
      "local": {
        "location": {
          "x": 0.0,
          "y": 0.0,
          "z": 0.0
        },
        "rotation_quaternion": {
          "w": 0.9781680703163147,
          "x": 0.2074396163225174,
          "y": -0.008610525168478489,
          "z": -0.009056922979652882
        },
        "scale": {
          "x": 1.0,
          "y": 1.0,
          "z": 1.0
        },
        "matrix_basis": [
          [
            0.999687671661377,
            0.014146057888865471,
            -0.02060260996222496,
            0.0
          ],
          [
            -0.021290713921189308,
            0.9137735366821289,
            -0.40566563606262207,
            0.0
          ],
          [
            0.013087552040815353,
            0.4059775769710541,
            0.9137893319129944,
            0.0
          ],
          [
            0.0,
            0.0,
            0.0,
            1.0
          ]
        ],
        "rotation_mode": "QUATERNION"
      },
      "armature_space": {
        "head": {
          "x": 0.6400664448738098,
          "y": 0.0006732568144798279,
          "z": 0.16684645414352417
        },
        "tail": {
          "x": 0.6375651359558105,
          "y": -0.0015896991826593876,
          "z": 0.13297517597675323
        }
      },
      "world_space": {
        "head": {
          "x": 0.6400664448738098,
          "y": 0.06391725689172745,
          "z": 1.1167004108428955
        },
        "tail": {
          "x": 0.6375651359558105,
          "y": 0.06165429949760437,
          "z": 1.082829236984253
        },
        "rotation_quaternion": {
          "w": 0.6235833764076233,
          "x": -0.6866758465766907,
          "y": 0.27911096811294556,
          "z": -0.24842946231365204
        },
        "matrix": [
          [
            0.720759391784668,
            -0.07348446547985077,
            0.6892791986465454,
            0.6400664448738098
          ],
          [
            -0.6931509375572205,
            -0.06648209691047668,
            0.7177203297615051,
            0.06391725689172745
          ],
          [
            -0.006917267572134733,
            -0.9950848817825317,
            -0.09885355830192566,
            1.1167004108428955
          ],
          [
            0.0,
            0.0,
            0.0,
            1.0
          ]
        ]
      },
      "bone_length_armature_space": 0.03403881559158618,
      "parent": "metacarpal_thumb_l",
      "has_children": true,
      "is_end_bone": false
    },
    "thumb_02_l": {
      "name": "thumb_02_l",
      "local": {
        "location": {
          "x": 0.0,
          "y": 0.0,
          "z": 0.0
        },
        "rotation_quaternion": {
          "w": 0.9270287752151489,
          "x": 0.3749738335609436,
          "y": -0.00014595873653888702,
          "z": 0.0035021209623664618
        },
        "scale": {
          "x": 1.0,
          "y": 1.0,
          "z": 1.0
        },
        "matrix_basis": [
          [
            0.9999754428863525,
            -0.006602595094591379,
            0.0023557916283607483,
            0.0
          ],
          [
            0.00638367235660553,
            0.7187647223472595,
            -0.6952241063117981,
            0.0
          ],
          [
            0.002897023456171155,
            0.695222020149231,
            0.7187892198562622,
            0.0
          ],
          [
            0.0,
            0.0,
            0.0,
            1.0
          ]
        ],
        "rotation_mode": "QUATERNION"
      },
      "armature_space": {
        "head": {
          "x": 0.6375650763511658,
          "y": -0.0015897072153165936,
          "z": 0.13297519087791443
        },
        "tail": {
          "x": 0.6769359111785889,
          "y": 0.0023227576166391373,
          "z": 0.13988980650901794
        }
      },
      "world_space": {
        "head": {
          "x": 0.6375650763511658,
          "y": 0.06165429204702377,
          "z": 1.082829236984253
        },
        "tail": {
          "x": 0.6769359111785889,
          "y": 0.06556675583124161,
          "z": 1.0897438526153564
        },
        "rotation_quaternion": {
          "w": 0.7312434315681458,
          "x": 0.009068196639418602,
          "y": -0.11827416718006134,
          "z": -0.6717231869697571
        },
        "matrix": [
          [
            0.06959785521030426,
            0.9802412986755371,
            -0.18515658378601074,
            0.6375650763511658
          ],
          [
            -0.9845315217971802,
            0.09741124510765076,
            0.14563444256782532,
            0.06165429204702377
          ],
          [
            0.16079342365264893,
            0.17215773463249207,
            0.9718645811080933,
            1.082829236984253
          ],
          [
            0.0,
            0.0,
            0.0,
            1.0
          ]
        ]
      },
      "bone_length_armature_space": 0.04016443659015169,
      "parent": "thumb_01_l",
      "has_children": true,
      "is_end_bone": false
    },
    "thumb_03_l": {
      "name": "thumb_03_l",
      "local": {
        "location": {
          "x": 0.0,
          "y": 0.0,
          "z": 0.0
        },
        "rotation_quaternion": {
          "w": 0.9861055612564087,
          "x": 0.1659773886203766,
          "y": -0.006840979214757681,
          "z": -0.0008139285491779447
        },
        "scale": {
          "x": 1.0,
          "y": 1.0,
          "z": 1.0
        },
        "matrix_basis": [
          [
            0.9999050498008728,
            -0.0006656568148173392,
            -0.013762042857706547,
            0.0
          ],
          [
            -0.003876134753227234,
            0.944901704788208,
            -0.3273313045501709,
            0.0
          ],
          [
            0.01322166807949543,
            0.3273535966873169,
            0.9448094367980957,
            0.0
          ],
          [
            0.0,
            0.0,
            0.0,
            1.0
          ]
        ],
        "rotation_mode": "QUATERNION"
      },
      "armature_space": {
        "head": {
          "x": 0.6769358515739441,
          "y": 0.0023226896300911903,
          "z": 0.13988974690437317
        },
        "tail": {
          "x": 0.6986560225486755,
          "y": 0.00803462415933609,
          "z": 0.16044467687606812
        }
      },
      "world_space": {
        "head": {
          "x": 0.6769358515739441,
          "y": 0.06556668877601624,
          "z": 1.089743733406067
        },
        "tail": {
          "x": 0.6986560225486755,
          "y": 0.07127862423658371,
          "z": 1.1102986335754395
        },
        "rotation_quaternion": {
          "w": 0.7544506788253784,
          "x": 0.3346538245677948,
          "y": -0.15688367187976837,
          "z": -0.5424007773399353
        },
        "matrix": [
          [
            0.3623753488063812,
            0.7134256362915039,
            -0.5997565388679504,
            0.6769358515739441
          ],
          [
            -0.9234340786933899,
            0.1876155585050583,
            -0.3347693085670471,
            0.06556668877601624
          ],
          [
            -0.12631098926067352,
            0.6751523017883301,
            0.7267934083938599,
            1.089743733406067
          ],
          [
            0.0,
            0.0,
            0.0,
            1.0
          ]
        ]
      },
      "bone_length_armature_space": 0.030444985597297206,
      "parent": "thumb_02_l",
      "has_children": false,
      "is_end_bone": true
    },
    "metacarpal_index_l": {
      "name": "metacarpal_index_l",
      "local": {
        "location": {
          "x": 0.0,
          "y": 0.0,
          "z": 0.0
        },
        "rotation_quaternion": {
          "w": 0.99980628490448,
          "x": -0.011035406030714512,
          "y": 0.011984432116150856,
          "z": -0.011044641956686974
        },
        "scale": {
          "x": 1.0,
          "y": 1.0,
          "z": 1.0
        },
        "matrix_basis": [
          [
            0.9994688034057617,
            0.021820498630404472,
            0.024207985028624535,
            0.0
          ],
          [
            -0.022349510341882706,
            0.9995124936103821,
            0.02180180884897709,
            0.0
          ],
          [
            -0.023720456287264824,
            -0.02233126387000084,
            0.9994691610336304,
            0.0
          ],
          [
            0.0,
            0.0,
            0.0,
            1.0
          ]
        ],
        "rotation_mode": "QUATERNION"
      },
      "armature_space": {
        "head": {
          "x": 0.6233046054840088,
          "y": 0.03533484786748886,
          "z": 0.19801077246665955
        },
        "tail": {
          "x": 0.7013484835624695,
          "y": -0.015615280717611313,
          "z": 0.12699997425079346
        }
      },
      "world_space": {
        "head": {
          "x": 0.6233046054840088,
          "y": 0.09857884794473648,
          "z": 1.147864818572998
        },
        "tail": {
          "x": 0.7013484835624695,
          "y": 0.04762871935963631,
          "z": 1.0768539905548096
        },
        "rotation_quaternion": {
          "w": 0.08499309420585632,
          "x": -0.7095667123794556,
          "y": -0.5247464179992676,
          "z": 0.46252837777137756
        },
        "matrix": [
          [
            0.021415166556835175,
            0.6660639047622681,
            -0.745587170124054,
            0.6233046054840088
          ],
          [
            0.8233085870742798,
            -0.43483293056488037,
            -0.3648066520690918,
            0.09857884794473648
          ],
          [
            -0.567193329334259,
            -0.6060404181480408,
            -0.5576921105384827,
            1.147864818572998
          ],
          [
            0.0,
            0.0,
            0.0,
            1.0
          ]
        ]
      },
      "bone_length_armature_space": 0.1171720782702456,
      "parent": "lowerarm_l",
      "has_children": true,
      "is_end_bone": false
    },
    "index_01_l": {
      "name": "index_01_l",
      "local": {
        "location": {
          "x": 0.0,
          "y": 0.0,
          "z": 0.0
        },
        "rotation_quaternion": {
          "w": 0.9791319966316223,
          "x": 0.20252294838428497,
          "y": -0.008771072141826153,
          "z": 0.014422781765460968
        },
        "scale": {
          "x": 1.0,
          "y": 1.0,
          "z": 1.0
        },
        "matrix_basis": [
          [
            0.9994301199913025,
            -0.031796302646398544,
            -0.011334186419844627,
            0.0
          ],
          [
            0.02469092793762684,
            0.9175528883934021,
            -0.3968464136123657,
            0.0
          ],
          [
            0.023017963394522667,
            0.39634039998054504,
            0.9178150296211243,
            0.0
          ],
          [
            0.0,
            0.0,
            0.0,
            1.0
          ]
        ],
        "rotation_mode": "QUATERNION"
      },
      "armature_space": {
        "head": {
          "x": 0.7013484835624695,
          "y": -0.015615280717611313,
          "z": 0.12699997425079346
        },
        "tail": {
          "x": 0.7130954265594482,
          "y": -0.02250710129737854,
          "z": 0.10194821655750275
        }
      },
      "world_space": {
        "head": {
          "x": 0.7013484835624695,
          "y": 0.04762871935963631,
          "z": 1.0768539905548096
        },
        "tail": {
          "x": 0.7130954265594482,
          "y": 0.04073689877986908,
          "z": 1.0518022775650024
        },
        "rotation_quaternion": {
          "w": 0.23889383673667908,
          "x": -0.5850982666015625,
          "y": -0.5675216317176819,
          "z": 0.5277396440505981
        },
        "matrix": [
          [
            -0.20118141174316406,
            0.411965936422348,
            -0.8887125849723816,
            0.7013484835624695
          ],
          [
            0.9162592887878418,
            -0.24169643223285675,
            -0.31945642828941345,
            0.04762871935963631
          ],
          [
            -0.3464052081108093,
            -0.8785660266876221,
            -0.3288451135158539,
            1.0768539905548096
          ],
          [
            0.0,
            0.0,
            0.0,
            1.0
          ]
        ]
      },
      "bone_length_armature_space": 0.028514530345811744,
      "parent": "metacarpal_index_l",
      "has_children": true,
      "is_end_bone": false
    },
    "index_02_l": {
      "name": "index_02_l",
      "local": {
        "location": {
          "x": 0.0,
          "y": 0.0,
          "z": 0.0
        },
        "rotation_quaternion": {
          "w": 0.9065629839897156,
          "x": 0.4219527244567871,
          "y": 0.009966877289116383,
          "z": 0.0005970853962935507
        },
        "scale": {
          "x": 1.0,
          "y": 1.0,
          "z": 1.0
        },
        "matrix_basis": [
          [
            0.9998006224632263,
            0.007328511215746403,
            0.018575087189674377,
            0.0
          ],
          [
            0.0094936927780509,
            0.6439110636711121,
            -0.7650415301322937,
            0.0
          ],
          [
            -0.01756731979548931,
            0.7650653719902039,
            0.643713116645813,
            0.0
          ],
          [
            0.0,
            0.0,
            0.0,
            1.0
          ]
        ],
        "rotation_mode": "QUATERNION"
      },
      "armature_space": {
        "head": {
          "x": 0.7130953669548035,
          "y": -0.02250751294195652,
          "z": 0.1019478589296341
        },
        "tail": {
          "x": 0.703403651714325,
          "y": -0.033265531063079834,
          "z": 0.08077163994312286
        }
      },
      "world_space": {
        "head": {
          "x": 0.7130953669548035,
          "y": 0.04073648899793625,
          "z": 1.0518019199371338
        },
        "tail": {
          "x": 0.703403651714325,
          "y": 0.029978469014167786,
          "z": 1.0306257009506226
        },
        "rotation_quaternion": {
          "w": 0.4404875934123993,
          "x": -0.4243246614933014,
          "y": -0.31030508875846863,
          "z": 0.7277569770812988
        },
        "matrix": [
          [
            -0.2518373131752014,
            -0.37779706716537476,
            -0.890981137752533,
            0.7130953669548035
          ],
          [
            0.9044766426086426,
            -0.41936251521110535,
            -0.0778321772813797,
            0.04073648899793625
          ],
          [
            -0.3442406952381134,
            -0.8254785537719727,
            0.4473227560520172,
            1.0518019199371338
          ],
          [
            0.0,
            0.0,
            0.0,
            1.0
          ]
        ]
      },
      "bone_length_armature_space": 0.025653392688596555,
      "parent": "index_01_l",
      "has_children": true,
      "is_end_bone": false
    },
    "index_03_l": {
      "name": "index_03_l",
      "local": {
        "location": {
          "x": 0.0,
          "y": 0.0,
          "z": 0.0
        },
        "rotation_quaternion": {
          "w": 0.9702528715133667,
          "x": 0.24193231761455536,
          "y": 0.008187789469957352,
          "z": 0.0033121786545962095
        },
        "scale": {
          "x": 1.0,
          "y": 1.0,
          "z": 1.0
        },
        "matrix_basis": [
          [
            0.999843955039978,
            -0.0024655198212713003,
            0.01749109849333763,
            0.0
          ],
          [
            0.010389083065092564,
            0.8829155564308167,
            -0.4694168269634247,
            0.0
          ],
          [
            -0.014285806566476822,
            0.4695252776145935,
            0.8828034400939941,
            0.0
          ],
          [
            0.0,
            0.0,
            0.0,
            1.0
          ]
        ],
        "rotation_mode": "QUATERNION"
      },
      "armature_space": {
        "head": {
          "x": 0.7034037709236145,
          "y": -0.03326553851366043,
          "z": 0.08077158778905869
        },
        "tail": {
          "x": 0.6792490482330322,
          "y": -0.041810233145952225,
          "z": 0.06672623753547668
        }
      },
      "world_space": {
        "head": {
          "x": 0.7034037709236145,
          "y": 0.02997846156358719,
          "z": 1.030625581741333
        },
        "tail": {
          "x": 0.6792490482330322,
          "y": 0.021433766931295395,
          "z": 1.0165802240371704
        },
        "rotation_quaternion": {
          "w": 0.5872166156768799,
          "x": -0.2883647382259369,
          "y": -0.09463886171579361,
          "z": 0.7503772377967834
        },
        "matrix": [
          [
            -0.14404290914535522,
            -0.826687753200531,
            -0.543910801410675,
            0.7034037709236145
          ],
          [
            0.9358488917350769,
            -0.29243946075439453,
            0.19663845002651215,
            0.02997846156358719
          ],
          [
            -0.32162079215049744,
            -0.48069751262664795,
            0.8157843351364136,
            1.030625581741333
          ],
          [
            0.0,
            0.0,
            0.0,
            1.0
          ]
        ]
      },
      "bone_length_armature_space": 0.029218731415775835,
      "parent": "index_02_l",
      "has_children": false,
      "is_end_bone": true
    },
    "metacarpal_pinky_l": {
      "name": "metacarpal_pinky_l",
      "local": {
        "location": {
          "x": 0.0,
          "y": 0.0,
          "z": 0.0
        },
        "rotation_quaternion": {
          "w": 0.9993156790733337,
          "x": -0.03605743497610092,
          "y": 0.007864370942115784,
          "z": 0.002483834745362401
        },
        "scale": {
          "x": 1.0,
          "y": 1.0,
          "z": 1.0
        },
        "matrix_basis": [
          [
            0.9998639822006226,
            -0.00553140789270401,
            0.015538857318460941,
            0.0
          ],
          [
            0.004397131968289614,
            0.9973874092102051,
            0.07210458815097809,
            0.0
          ],
          [
            -0.015897098928689957,
            -0.07202645391225815,
            0.9972760081291199,
            0.0
          ],
          [
            0.0,
            0.0,
            0.0,
            1.0
          ]
        ],
        "rotation_mode": "QUATERNION"
      },
      "armature_space": {
        "head": {
          "x": 0.6233046054840088,
          "y": 0.03533484786748886,
          "z": 0.19801077246665955
        },
        "tail": {
          "x": 0.703944981098175,
          "y": 0.05181889235973358,
          "z": 0.13422462344169617
        }
      },
      "world_space": {
        "head": {
          "x": 0.6233046054840088,
          "y": 0.09857884794473648,
          "z": 1.147864818572998
        },
        "tail": {
          "x": 0.703944981098175,
          "y": 0.1150628924369812,
          "z": 1.0840786695480347
        },
        "rotation_quaternion": {
          "w": 0.650434672832489,
          "x": -0.07983521372079849,
          "y": 0.3950784206390381,
          "z": -0.6437968015670776
        },
        "matrix": [
          [
            -0.14112488925457,
            0.7744147777557373,
            0.6167379021644592,
            0.6233046054840088
          ],
          [
            -0.9005774259567261,
            0.15830141305923462,
            -0.40484774112701416,
            0.09857884794473648
          ],
          [
            -0.41115400195121765,
            -0.6125582456588745,
            0.675084114074707,
            1.147864818572998
          ],
          [
            0.0,
            0.0,
            0.0,
            1.0
          ]
        ]
      },
      "bone_length_armature_space": 0.10413100587118505,
      "parent": "lowerarm_l",
      "has_children": true,
      "is_end_bone": false
    },
    "pinky_01_l": {
      "name": "pinky_01_l",
      "local": {
        "location": {
          "x": 0.0,
          "y": 0.0,
          "z": 0.0
        },
        "rotation_quaternion": {
          "w": 0.9548230171203613,
          "x": 0.29686352610588074,
          "y": 0.002757386537268758,
          "z": -0.013320088386535645
        },
        "scale": {
          "x": 1.0,
          "y": 1.0,
          "z": 1.0
        },
        "matrix_basis": [
          [
            0.9996299147605896,
            0.02707378938794136,
            -0.0026428645942360163,
            0.0
          ],
          [
            -0.02379951812326908,
            0.8233892321586609,
            -0.5669777393341064,
            0.0
          ],
          [
            -0.013174128718674183,
            0.5668308138847351,
            0.8237288594245911,
            0.0
          ],
          [
            0.0,
            0.0,
            0.0,
            1.0
          ]
        ],
        "rotation_mode": "QUATERNION"
      },
      "armature_space": {
        "head": {
          "x": 0.703944981098175,
          "y": 0.05181889235973358,
          "z": 0.13422462344169617
        },
        "tail": {
          "x": 0.7081849575042725,
