{
  "metadata": {
    "armature_name": "KIM_caucasian_male",
    "export_time": "2026-01-13T20:55:26.675139",
    "blender_version": "4.4.1",
    "bone_count": 56,
    "end_bone_count": 13,
    "spaces_included": [
      "LOCAL_CHANNELS",
      "ARMATURE_SPACE",
      "WORLD_SPACE"
    ],
    "note": "LOCAL matches Transform panel; replay pose via local.matrix_basis for best fidelity."
  },
  "bones": {
    "Root": {
      "name": "Root",
      "local": {
        "location": {
          "x": 0.0,
          "y": 0.0,
          "z": 0.0
        },
        "rotation_quaternion": {
          "w": 0.9997692108154297,
          "x": 0.0072187515906989574,
          "y": 0.000968839623965323,
          "z": -0.020213067531585693
        },
        "scale": {
          "x": 1.0,
          "y": 1.0,
          "z": 1.0
        },
        "matrix_basis": [
          [
            0.9991809725761414,
            0.040430791676044464,
            0.0016454057767987251,
            0.0
          ],
          [
            -0.040402818471193314,
            0.999078631401062,
            -0.014473337680101395,
            0.0
          ],
          [
            -0.0022290581837296486,
            0.014395005069673061,
            0.9998939037322998,
            0.0
          ],
          [
            0.0,
            0.0,
            0.0,
            1.0
          ]
        ],
        "rotation_mode": "QUATERNION"
      },
      "armature_space": {
        "head": {
          "x": 0.0,
          "y": 0.07072800397872925,
          "z": -0.009595036506652832
        },
        "tail": {
          "x": 0.0028857828583568335,
          "y": -7.29486346244812e-05,
          "z": -0.0010269777849316597
        }
      },
      "world_space": {
        "head": {
          "x": 0.0,
          "y": 0.13397200405597687,
          "z": 0.9402589797973633
        },
        "tail": {
          "x": 0.0028857828583568335,
          "y": 0.06317105144262314,
          "z": 0.9488270282745361
        },
        "rotation_quaternion": {
          "w": 0.06014975532889366,
          "x": 0.9979842305183411,
          "y": 0.020232418552041054,
          "z": -0.00039507236215285957
        },
        "matrix": [
          [
            0.9991809725761414,
            0.040430791676044464,
            0.0016454057767987251,
            0.0
          ],
          [
            0.04033574089407921,
            -0.9919452667236328,
            -0.12007346749305725,
            0.13397200405597687
          ],
          [
            -0.003222497645765543,
            0.1200413927435875,
            -0.9927707314491272,
            0.9402589797973633
          ],
          [
            0.0,
            0.0,
            0.0,
            1.0
          ]
        ]
      },
      "bone_length_armature_space": 0.07137586577878158,
      "parent": null,
      "has_children": true,
      "is_end_bone": false
    },
    "spine_01": {
      "name": "spine_01",
      "local": {
        "location": {
          "x": 0.0,
          "y": 0.0,
          "z": 0.0
        },
        "rotation_quaternion": {
          "w": 0.998508095741272,
          "x": -0.018297318369150162,
          "y": -0.026029130443930626,
          "z": 0.04437847435474396
        },
        "scale": {
          "x": 1.0,
          "y": 1.0,
          "z": 1.0
        },
        "matrix_basis": [
          [
            0.9947060942649841,
            -0.08767200261354446,
            -0.0536046102643013,
            0.0
          ],
          [
            0.08957705646753311,
            0.9953915476799011,
            0.03422977402806282,
            0.0
          ],
          [
            0.050356581807136536,
            -0.03885030746459961,
            0.9979754090309143,
            0.0
          ],
          [
            0.0,
            0.0,
            0.0,
            1.0
          ]
        ],
        "rotation_mode": "QUATERNION"
      },
      "armature_space": {
        "head": {
          "x": 0.0028857828583568335,
          "y": -7.29486346244812e-05,
          "z": -0.0010269777849316597
        },
        "tail": {
          "x": -0.039698030799627304,
          "y": 0.032847896218299866,
          "z": 0.48400023579597473
        }
      },
      "world_space": {
        "head": {
          "x": 0.0028857828583568335,
          "y": 0.06317105144262314,
          "z": 0.9488270282745361
        },
        "tail": {
          "x": -0.039698030799627304,
          "y": 0.09609189629554749,
          "z": 1.4338542222976685
        },
        "rotation_quaternion": {
          "w": 0.7297467589378357,
          "x": 0.6822895407676697,
          "y": -0.0346376858651638,
          "z": 0.02740391530096531
        },
        "matrix": [
          [
            0.9960985779762268,
            -0.08726169168949127,
            -0.013158101588487625,
            0.0028857828583568335
          ],
          [
            -0.007269416004419327,
            0.0674605742096901,
            -0.9976955056190491,
            0.06317105144262314
          ],
          [
            0.08794885873794556,
            0.9939057230949402,
            0.06656259298324585,
            0.9488270282745361
          ],
          [
            0.0,
            0.0,
            0.0,
            1.0
          ]
        ]
      },
      "bone_length_armature_space": 0.488004687426436,
      "parent": "Root",
      "has_children": true,
      "is_end_bone": false
    },
    "neck_01": {
      "name": "neck_01",
      "local": {
        "location": {
          "x": 0.0,
          "y": 0.0,
          "z": 0.0
        },
        "rotation_quaternion": {
          "w": 0.9955152273178101,
          "x": 0.03706692159175873,
          "y": 0.03006080724298954,
          "z": 0.08168221265077591
        },
        "scale": {
          "x": 1.0,
          "y": 1.0,
          "z": 1.0
        },
        "matrix_basis": [
          [
            0.9848487377166748,
            -0.16040325164794922,
            0.06590739637613297,
            0.0
          ],
          [
            0.1648602932691574,
            0.9839081168174744,
            -0.06889050453901291,
            0.0
          ],
          [
            -0.053796567022800446,
            0.07871223986148834,
            0.9954447746276855,
            0.0
          ],
          [
            0.0,
            0.0,
            0.0,
            1.0
          ]
        ],
        "rotation_mode": "QUATERNION"
      },
      "armature_space": {
        "head": {
          "x": -0.04654352366924286,
          "y": 0.0031867362558841705,
          "z": 0.5590808987617493
        },
        "tail": {
          "x": -0.07141594588756561,
          "y": -0.03625892475247383,
          "z": 0.6503833532333374
        }
      },
      "world_space": {
        "head": {
          "x": -0.04654352366924286,
          "y": 0.06643073260784149,
          "z": 1.5089349746704102
        },
        "tail": {
          "x": -0.07141594588756561,
          "y": 0.02698507532477379,
          "z": 1.6002373695373535
        },
        "rotation_quaternion": {
          "w": 0.5493351817131042,
          "x": 0.8253289461135864,
          "y": -0.07650456577539444,
          "z": 0.10587728768587112
        },
        "matrix": [
          [
            0.9658742547035217,
            -0.24260728061199188,
            0.09071268886327744,
            -0.04654352366924286
          ],
          [
            -0.009959768503904343,
            -0.38475561141967773,
            -0.9229649305343628,
            0.06643073260784149
          ],
          [
            0.2588219940662384,
            0.8905702829360962,
            -0.37404531240463257,
            1.5089349746704102
          ],
          [
            0.0,
            0.0,
            0.0,
            1.0
          ]
        ]
      },
      "bone_length_armature_space": 0.10252187817629399,
      "parent": "spine_01",
      "has_children": true,
      "is_end_bone": false
    },
    "head": {
      "name": "head",
      "local": {
        "location": {
          "x": 0.0,
          "y": 0.0,
          "z": 0.0
        },
        "rotation_quaternion": {
          "w": 0.9721351861953735,
          "x": -0.06636146456003189,
          "y": 0.10059762746095657,
          "z": 0.20107124745845795
        },
        "scale": {
          "x": 1.0,
          "y": 1.0,
          "z": 1.0
        },
        "matrix_basis": [
          [
            0.8989009261131287,
            -0.40428847074508667,
            0.1689022183418274,
            0.0
          ],
          [
            0.3775852620601654,
            0.9103330373764038,
            0.16947920620441437,
            0.0
          ],
          [
            -0.2222757488489151,
            -0.08857005089521408,
            0.970952570438385,
            0.0
          ],
          [
            0.0,
            0.0,
            0.0,
            1.0
          ]
        ],
        "rotation_mode": "QUATERNION"
      },
      "armature_space": {
        "head": {
          "x": -0.07141591608524323,
          "y": -0.036259040236473083,
          "z": 0.6503832340240479
        },
        "tail": {
          "x": -0.16853488981723785,
          "y": -0.02525421231985092,
          "z": 0.7707991003990173
        }
      },
      "world_space": {
        "head": {
          "x": -0.07141591608524323,
          "y": 0.026984959840774536,
          "z": 1.600237250328064
        },
        "tail": {
          "x": -0.16853488981723785,
          "y": 0.0379897877573967,
          "z": 1.7206530570983887
        },
        "rotation_quaternion": {
          "w": 0.7111559510231018,
          "x": 0.6164010167121887,
          "y": -0.1724400371313095,
          "z": 0.29081159830093384
        },
        "matrix": [
          [
            0.7713856101036072,
            -0.626209557056427,
            0.11325173825025558,
            -0.07141591608524323
          ],
          [
            0.20104379951953888,
            0.07095759361982346,
            -0.977009117603302,
            0.026984959840774536
          ],
          [
            0.6037807464599609,
            0.7764247059822083,
            0.18063148856163025,
            1.600237250328064
          ],
          [
            0.0,
            0.0,
            0.0,
            1.0
          ]
        ]
      },
      "bone_length_armature_space": 0.15509088400071097,
      "parent": "neck_01",
      "has_children": false,
      "is_end_bone": true
    },
    "upperarm_l": {
      "name": "upperarm_l",
      "local": {
        "location": {
          "x": 0.0,
          "y": 0.0,
          "z": 0.0
        },
        "rotation_quaternion": {
          "w": 0.6817432641983032,
          "x": 0.37672722339630127,
          "y": 0.27261170744895935,
          "z": 0.5647881031036377
        },
        "scale": {
          "x": 1.0,
          "y": 1.0,
          "z": 1.0
        },
        "matrix_basis": [
          [
            0.21339450776576996,
            -0.5646804571151733,
            0.7972444891929626,
            0.0
          ],
          [
            0.9754814505577087,
            0.07818199694156647,
            -0.20572680234909058,
            0.0
          ],
          [
            0.05383971706032753,
            0.8215981721878052,
            0.5675188899040222,
            0.0
          ],
          [
            0.0,
            0.0,
            0.0,
            1.0
          ]
        ],
        "rotation_mode": "QUATERNION"
      },
      "armature_space": {
        "head": {
          "x": 0.10869397222995758,
          "y": -0.005619332194328308,
          "z": 0.5056872963905334
        },
        "tail": {
          "x": 0.12584389746189117,
          "y": -0.21827332675457,
          "z": 0.6678356528282166
        }
      },
      "world_space": {
        "head": {
          "x": 0.10869397222995758,
          "y": 0.05762466788291931,
          "z": 1.4555413722991943
        },
        "tail": {
          "x": 0.12584389746189117,
          "y": -0.1550293266773224,
          "z": 1.617689609527588
        },
        "rotation_quaternion": {
          "w": 0.3211645185947418,
          "x": 0.9439458847045898,
          "y": 0.00809105858206749,
          "z": -0.07585600763559341
        },
        "matrix": [
          [
            0.9883608818054199,
            0.06399957835674286,
            -0.13801056146621704,
            0.10869397222995758
          ],
          [
            -0.033449362963438034,
            -0.7935755848884583,
            -0.6075517535209656,
            0.05762466788291931
          ],
          [
            -0.14840595424175262,
            0.605100154876709,
            -0.782204270362854,
            1.4555413722991943
          ],
          [
            0.0,
            0.0,
            0.0,
            1.0
          ]
        ]
      },
      "bone_length_armature_space": 0.2679700154835567,
      "parent": "spine_01",
      "has_children": true,
      "is_end_bone": false
    },
    "lowerarm_l": {
      "name": "lowerarm_l",
      "local": {
        "location": {
          "x": 0.0,
          "y": 0.0,
          "z": 0.0
        },
        "rotation_quaternion": {
          "w": 0.9320921897888184,
          "x": 0.22554293274879456,
          "y": 0.11940392106771469,
          "z": -0.2570549249649048
        },
        "scale": {
          "x": 1.0,
          "y": 1.0,
          "z": 1.0
        },
        "matrix_basis": [
          [
            0.8393309116363525,
            0.5330591797828674,
            0.10663708299398422,
            0.0
          ],
          [
            -0.4253363609313965,
            0.7661063075065613,
            -0.4818403422832489,
            0.0
          ],
          [
            -0.3385447561740875,
            0.3590668737888336,
            0.8697461485862732,
            0.0
          ],
          [
            0.0,
            0.0,
            0.0,
            1.0
          ]
        ],
        "rotation_mode": "QUATERNION"
      },
      "armature_space": {
        "head": {
          "x": 0.12584377825260162,
          "y": -0.21827343106269836,
          "z": 0.6678356528282166
        },
        "tail": {
          "x": 0.23137567937374115,
          "y": -0.4640541672706604,
          "z": 0.6629146337509155
        }
      },
      "world_space": {
        "head": {
          "x": 0.12584377825260162,
          "y": -0.15502943098545074,
          "z": 1.617689609527588
        },
        "tail": {
          "x": 0.23137567937374115,
          "y": -0.400810182094574,
          "z": 1.6127686500549316
        },
        "rotation_quaternion": {
          "w": 0.004361306317150593,
          "x": 0.9771907329559326,
          "y": 0.2015436291694641,
          "z": -0.06677934527397156
        },
        "matrix": [
          [
            0.9098412990570068,
            0.39447566866874695,
            -0.1287543624639511,
            0.12584377825260162
          ],
          [
            0.39331063628196716,
            -0.9187223315238953,
            -0.03544226288795471,
            -0.15502943098545074
          ],
          [
            -0.13227114081382751,
            -0.01839470863342285,
            -0.9910498857498169,
            1.617689609527588
          ],
          [
            0.0,
            0.0,
            0.0,
            1.0
          ]
        ]
      },
      "bone_length_armature_space": 0.26752452277490857,
      "parent": "upperarm_l",
      "has_children": true,
      "is_end_bone": false
    },
    "metacarpal_thumb_l": {
      "name": "metacarpal_thumb_l",
      "local": {
        "location": {
          "x": 0.0,
          "y": 0.0,
          "z": 0.0
        },
        "rotation_quaternion": {
          "w": 0.9982990026473999,
          "x": -0.057498425245285034,
          "y": -0.007078753784298897,
          "z": 0.006555523257702589
        },
        "scale": {
          "x": 1.0,
          "y": 1.0,
          "z": 1.0
        },
        "matrix_basis": [
          [
            0.9998138546943665,
            -0.012274710461497307,
            -0.014887290075421333,
            0.0
          ],
          [
            0.01390277873724699,
            0.9933019280433655,
            0.11470843106508255,
            0.0
          ],
          [
            0.01337956078350544,
            -0.11489404737949371,
            0.9932876229286194,
            0.0
          ],
          [
            0.0,
            0.0,
            0.0,
            1.0
          ]
        ],
        "rotation_mode": "QUATERNION"
      },
      "armature_space": {
        "head": {
          "x": 0.23137567937374115,
          "y": -0.4640541672706604,
          "z": 0.6629146337509155
        },
        "tail": {
          "x": 0.24617646634578705,
          "y": -0.5000661015510559,
          "z": 0.6322931051254272
        }
      },
      "world_space": {
        "head": {
          "x": 0.23137567937374115,
          "y": -0.400810182094574,
          "z": 1.6127686500549316
        },
        "tail": {
          "x": 0.24617646634578705,
          "y": -0.4368221163749695,
          "z": 1.5821471214294434
        },
        "rotation_quaternion": {
          "w": 0.36434194445610046,
          "x": -0.7580884695053101,
          "y": 0.06120530888438225,
          "z": -0.5374111533164978
        },
        "matrix": [
          [
            0.41488775610923767,
            0.2988024950027466,
            0.8594096302986145,
            0.23137567937374115
          ],
          [
            -0.48439979553222656,
            -0.7270190715789795,
            0.48662087321281433,
            -0.400810182094574
          ],
          [
            0.7702158689498901,
            -0.6181958913803101,
            -0.1568920612335205,
            1.6127686500549316
          ],
          [
            0.0,
            0.0,
            0.0,
            1.0
          ]
        ]
      },
      "bone_length_armature_space": 0.04953383488704582,
      "parent": "lowerarm_l",
      "has_children": true,
      "is_end_bone": false
    },
    "thumb_01_l": {
      "name": "thumb_01_l",
      "local": {
        "location": {
          "x": 0.0,
          "y": 0.0,
          "z": 0.0
        },
        "rotation_quaternion": {
          "w": 0.9987490773200989,
          "x": 0.04669025167822838,
          "y": -0.0020821450743824244,
          "z": 0.017780615016818047
        },
        "scale": {
          "x": 1.0,
          "y": 1.0,
          "z": 1.0
        },
        "matrix_basis": [
          [
            0.9993590116500854,
            -0.035711176693439484,
            -0.002498718211427331,
            0.0
          ],
          [
            0.03532231226563454,
            0.9950077533721924,
            -0.09333773702383041,
            0.0
          ],
          [
            0.005819443613290787,
            0.09318964928388596,
            0.9956313967704773,
            0.0
          ],
          [
            0.0,
            0.0,
            0.0,
            1.0
          ]
        ],
        "rotation_mode": "QUATERNION"
      },
      "armature_space": {
        "head": {
          "x": 0.24617646634578705,
          "y": -0.5000661015510559,
          "z": 0.6322931051254272
        },
        "tail": {
          "x": 0.27478450536727905,
          "y": -0.5026484131813049,
          "z": 0.6140300035476685
        }
      },
      "world_space": {
        "head": {
          "x": 0.24617646634578705,
          "y": -0.4368221163749695,
          "z": 1.5821471214294434
        },
        "tail": {
          "x": 0.27478450536727905,
          "y": -0.4394044280052185,
          "z": 1.5638840198516846
        },
        "rotation_quaternion": {
          "w": 0.5829121470451355,
          "x": -0.02040531113743782,
          "y": 0.3496857285499573,
          "z": -0.7331554889678955
        },
        "matrix": [
          [
            -0.31959179043769836,
            0.8404590487480164,
            0.4375951588153839,
            0.24617646634578705
          ],
          [
            -0.8690028786659241,
            -0.07586494833230972,
            -0.4889563024044037,
            -0.4368221163749695
          ],
          [
            -0.37775295972824097,
            -0.5365416407585144,
            0.7546122074127197,
            1.5821471214294434
          ],
          [
            0.0,
            0.0,
            0.0,
            1.0
          ]
        ]
      },
      "bone_length_armature_space": 0.03403864146787905,
      "parent": "metacarpal_thumb_l",
      "has_children": true,
      "is_end_bone": false
    },
    "thumb_02_l": {
      "name": "thumb_02_l",
      "local": {
        "location": {
          "x": 0.0,
          "y": 0.0,
          "z": 0.0
        },
        "rotation_quaternion": {
          "w": 0.9925967454910278,
          "x": 0.12131927162408829,
          "y": -0.004920234438031912,
          "z": -0.0030257825274020433
        },
        "scale": {
          "x": 1.0,
          "y": 1.0,
          "z": 1.0
        },
        "matrix_basis": [
          [
            0.9999332427978516,
            0.00481292512267828,
            -0.010501788929104805,
            0.0
          ],
          [
            -0.007200602442026138,
            0.9705449342727661,
            -0.24081245064735413,
            0.0
          ],
          [
            0.009033446200191975,
            0.24087201058864594,
            0.9705148339271545,
            0.0
          ],
          [
            0.0,
            0.0,
            0.0,
            1.0
          ]
        ],
        "rotation_mode": "QUATERNION"
      },
      "armature_space": {
        "head": {
          "x": 0.27478447556495667,
          "y": -0.5026484131813049,
          "z": 0.6140299439430237
        },
        "tail": {
          "x": 0.28700265288352966,
          "y": -0.5406306982040405,
          "z": 0.6186385154724121
        }
      },
      "world_space": {
        "head": {
          "x": 0.27478447556495667,
          "y": -0.4394044280052185,
          "z": 1.5638840198516846
        },
        "tail": {
          "x": 0.28700265288352966,
          "y": -0.4773867130279541,
          "z": 1.5684925317764282
        },
        "rotation_quaternion": {
          "w": 0.16453056037425995,
          "x": 0.4017876982688904,
          "y": 0.009696966968476772,
          "z": -0.9007788300514221
        },
        "matrix": [
          [
            -0.6229925751686096,
            0.30420416593551636,
            -0.7206522822380066,
            0.27478447556495667
          ],
          [
            -0.28861933946609497,
            -0.945671021938324,
            -0.14968281984329224,
            -0.4394044280052185
          ],
          [
            -0.7270396947860718,
            0.11474307626485825,
            0.6769499182701111,
            1.5638840198516846
          ],
          [
            0.0,
            0.0,
            0.0,
            1.0
          ]
        ]
      },
      "bone_length_armature_space": 0.040164371487797244,
      "parent": "thumb_01_l",
      "has_children": true,
      "is_end_bone": false
    },
    "thumb_03_l": {
      "name": "thumb_03_l",
      "local": {
        "location": {
          "x": 0.0,
          "y": 0.0,
          "z": 0.0
        },
        "rotation_quaternion": {
          "w": 0.9982384443283081,
          "x": 0.058751292526721954,
          "y": 0.005646217614412308,
          "z": 0.006038765888661146
        },
        "scale": {
          "x": 1.0,
          "y": 1.0,
          "z": 1.0
        },
        "matrix_basis": [
          [
            0.99986332654953,
            -0.011392811313271523,
            0.011982113122940063,
            0.0
          ],
          [
            0.01271970197558403,
            0.9930236339569092,
            -0.11722740530967712,
            0.0
          ],
          [
            -0.010562972165644169,
            0.11736378818750381,
            0.9930328130722046,
            0.0
          ],
          [
            0.0,
            0.0,
            0.0,
            1.0
          ]
        ],
        "rotation_mode": "QUATERNION"
      },
      "armature_space": {
        "head": {
          "x": 0.28700265288352966,
          "y": -0.5406306982040405,
          "z": 0.6186384558677673
        },
        "tail": {
          "x": 0.28956323862075806,
          "y": -0.5676618218421936,
          "z": 0.6324099898338318
        }
      },
      "world_space": {
        "head": {
          "x": 0.28700265288352966,
          "y": -0.4773867130279541,
          "z": 1.5684924125671387
        },
        "tail": {
          "x": 0.28956323862075806,
          "y": -0.5044178366661072,
          "z": 1.5822639465332031
        },
        "rotation_quaternion": {
          "w": 0.17625997960567474,
          "x": 0.5924638509750366,
          "y": -0.15810438990592957,
          "z": -0.7700143456459045
        },
        "matrix": [
          [
            -0.23583851754665375,
            0.08410552144050598,
            -0.9681457281112671,
            0.28700265288352966
          ],
          [
            -0.45878809690475464,
            -0.8878706097602844,
            0.03462822735309601,
            -0.4773867130279541
          ],
          [
            -0.8566822409629822,
            0.4523429870605469,
            0.24798241257667542,
            1.5684924125671387
          ],
          [
            0.0,
            0.0,
            0.0,
            1.0
          ]
        ]
      },
      "bone_length_armature_space": 0.030444923953509884,
      "parent": "thumb_02_l",
      "has_children": false,
      "is_end_bone": true
    },
    "metacarpal_index_l": {
      "name": "metacarpal_index_l",
      "local": {
        "location": {
          "x": 0.0,
          "y": 0.0,
          "z": 0.0
        },
        "rotation_quaternion": {
          "w": 0.9998022317886353,
          "x": -0.01872800663113594,
          "y": 0.006472924258559942,
          "z": 0.001703439513221383
        },
        "scale": {
          "x": 1.0,
          "y": 1.0,
          "z": 1.0
        },
        "matrix_basis": [
          [
            0.9999104142189026,
            -0.003648655256256461,
            0.012879484333097935,
            0.0
          ],
          [
            0.0031637554056942463,
            0.9992927312850952,
            0.037470657378435135,
            0.0
          ],
          [
            -0.013007092289626598,
            -0.037426553666591644,
            0.9992147088050842,
            0.0
          ],
          [
            0.0,
            0.0,
            0.0,
            1.0
          ]
        ],
        "rotation_mode": "QUATERNION"
      },
      "armature_space": {
        "head": {
          "x": 0.23137567937374115,
          "y": -0.4640541672706604,
          "z": 0.6629146337509155
        },
        "tail": {
          "x": 0.273222953081131,
          "y": -0.5675058960914612,
          "z": 0.6271964311599731
        }
      },
      "world_space": {
        "head": {
          "x": 0.23137567937374115,
          "y": -0.400810182094574,
          "z": 1.6127686500549316
        },
        "tail": {
          "x": 0.273222953081131,
          "y": -0.5042619109153748,
          "z": 1.5770504474639893
        },
        "rotation_quaternion": {
          "w": 0.21445856988430023,
          "x": -0.9000569581985474,
          "y": -0.11204583197832108,
          "z": -0.3624233305454254
        },
        "matrix": [
          [
            0.7121903896331787,
            0.3571447432041168,
            0.6043446660041809,
            0.23137567937374115
          ],
          [
            0.04624636098742485,
            -0.8829067945480347,
            0.4672653377056122,
            -0.400810182094574
          ],
          [
            0.7004662752151489,
            -0.3048361539840698,
            -0.6453183889389038,
            1.6127686500549316
          ],
          [
            0.0,
            0.0,
            0.0,
            1.0
          ]
        ]
      },
      "bone_length_armature_space": 0.11717185770382609,
      "parent": "lowerarm_l",
      "has_children": true,
      "is_end_bone": false
    },
    "index_01_l": {
      "name": "index_01_l",
      "local": {
        "location": {
          "x": 0.0,
          "y": 0.0,
          "z": 0.0
        },
        "rotation_quaternion": {
          "w": 0.998607873916626,
          "x": -0.050229329615831375,
          "y": 0.015944991260766983,
          "z": 0.0022795728873461485
        },
        "scale": {
          "x": 1.0,
          "y": 1.0,
          "z": 1.0
        },
        "matrix_basis": [
          [
            0.9994811415672302,
            -0.006154611241072416,
            0.031616583466529846,
            0.0
          ],
          [
            0.0029509863816201687,
            0.9949436187744141,
            0.10039150714874268,
            0.0
          ],
          [
            -0.032074589282274246,
            -0.10024610906839371,
            0.9944455623626709,
            0.0
          ],
          [
            0.0,
            0.0,
            0.0,
            1.0
          ]
        ],
        "rotation_mode": "QUATERNION"
      },
      "armature_space": {
        "head": {
          "x": 0.273222953081131,
          "y": -0.5675058960914612,
          "z": 0.6271964311599731
        },
        "tail": {
          "x": 0.2852647006511688,
          "y": -0.5931872725486755,
          "z": 0.6301177144050598
        }
      },
      "world_space": {
        "head": {
          "x": 0.273222953081131,
          "y": -0.5042619109153748,
          "z": 1.5770504474639893
        },
        "tail": {
          "x": 0.2852647006511688,
          "y": -0.5299432873725891,
          "z": 1.5799717903137207
        },
        "rotation_quaternion": {
          "w": 0.05125950649380684,
          "x": -0.8691154718399048,
          "y": -0.21690842509269714,
          "z": -0.44154468178749084
        },
        "matrix": [
          [
            0.5159780979156494,
            0.4223043620586395,
            0.7452688813209534,
            0.273222953081131
          ],
          [
            0.33177077770233154,
            -0.9006460905075073,
            0.2806508541107178,
            -0.5042619109153748
          ],
          [
            0.7897493839263916,
            0.10244853794574738,
            -0.6048257350921631,
            1.5770504474639893
          ],
          [
            0.0,
            0.0,
            0.0,
            1.0
          ]
        ]
      },
      "bone_length_armature_space": 0.028514393799423162,
      "parent": "metacarpal_index_l",
      "has_children": true,
      "is_end_bone": false
    },
    "index_02_l": {
      "name": "index_02_l",
      "local": {
        "location": {
          "x": 0.0,
          "y": 0.0,
          "z": 0.0
        },
        "rotation_quaternion": {
          "w": 0.986585259437561,
          "x": 0.16323217749595642,
          "y": 0.0008109599584713578,
          "z": 0.002065353561192751
        },
        "scale": {
          "x": 1.0,
          "y": 1.0,
          "z": 1.0
        },
        "matrix_basis": [
          [
            0.9999901652336121,
            -0.0038105451967567205,
            0.002274426631629467,
            0.0
          ],
          [
            0.004340044222772121,
            0.9467020034790039,
            -0.3220815658569336,
            0.0
          ],
          [
            -0.0009258979698643088,
            0.3220882713794708,
            0.9467092156410217,
            0.0
          ],
          [
            0.0,
            0.0,
            0.0,
            1.0
          ]
        ],
        "rotation_mode": "QUATERNION"
      },
      "armature_space": {
        "head": {
          "x": 0.2852649688720703,
          "y": -0.5931876301765442,
          "z": 0.6301173567771912
        },
        "tail": {
          "x": 0.3012118637561798,
          "y": -0.6131958961486816,
          "z": 0.6282581090927124
        }
      },
      "world_space": {
        "head": {
          "x": 0.2852649688720703,
          "y": -0.5299436450004578,
          "z": 1.5799713134765625
        },
        "tail": {
          "x": 0.3012118637561798,
          "y": -0.5499519109725952,
          "z": 1.5781121253967285
        },
        "rotation_quaternion": {
          "w": 0.16652658581733704,
          "x": -0.8652392625808716,
          "y": -0.28686943650245667,
          "z": -0.37594690918922424
        },
        "matrix": [
          [
            0.5527395606040955,
            0.6216323375701904,
            0.5550245046615601,
            0.2852649688720703
          ],
          [
            0.3712118864059448,
            -0.7799491882324219,
            0.5038662552833557,
            -0.5299436450004578
          ],
          [
            0.7461159825325012,
            -0.07247640192508698,
            -0.6618702411651611,
            1.5799713134765625
          ],
          [
            0.0,
            0.0,
            0.0,
            1.0
          ]
        ]
      },
      "bone_length_armature_space": 0.025653283386167316,
      "parent": "index_01_l",
      "has_children": true,
      "is_end_bone": false
    },
    "index_03_l": {
      "name": "index_03_l",
      "local": {
        "location": {
          "x": 0.0,
          "y": 0.0,
          "z": 0.0
        },
        "rotation_quaternion": {
          "w": 0.9789089560508728,
          "x": 0.20399858057498932,
          "y": 0.006553160026669502,
          "z": 0.008887788280844688
        },
        "scale": {
          "x": 1.0,
          "y": 1.0,
          "z": 1.0
        },
        "matrix_basis": [
          [
            0.9997560977935791,
            -0.014727000147104263,
            0.016456086188554764,
            0.0
          ],
          [
            0.02007434144616127,
            0.9166111946105957,
            -0.39927560091018677,
            0.0
          ],
          [
            -0.00920370128005743,
            0.3995085656642914,
            0.9166832566261292,
            0.0
          ],
          [
            0.0,
            0.0,
            0.0,
            1.0
          ]
        ],
        "rotation_mode": "QUATERNION"
      },
      "armature_space": {
        "head": {
          "x": 0.30121174454689026,
          "y": -0.6131959557533264,
          "z": 0.628258228302002
        },
        "tail": {
          "x": 0.3263669013977051,
          "y": -0.6250059008598328,
          "z": 0.6192318201065063
        }
      },
      "world_space": {
        "head": {
          "x": 0.30121174454689026,
          "y": -0.54995197057724,
          "z": 1.578112244606018
        },
        "tail": {
          "x": 0.3263669013977051,
          "y": -0.5617619156837463,
          "z": 1.5690858364105225
        },
        "rotation_quaternion": {
          "w": 0.37011048197746277,
          "x": -0.7715532779693604,
          "y": -0.401150643825531,
          "z": -0.32680565118789673
        },
        "matrix": [
          [
            0.4645519554615021,
            0.8609272241592407,
            0.20735463500022888,
            0.30121174454689026
          ],
          [
            0.3771117329597473,
            -0.4041922092437744,
            0.8333159685134888,
            -0.54995197057724
          ],
          [
            0.8012413382530212,
            -0.3089252710342407,
            -0.5124367475509644,
            1.578112244606018
          ],
          [
            0.0,
            0.0,
            0.0,
            1.0
          ]
        ]
      },
      "bone_length_armature_space": 0.029218706265059166,
      "parent": "index_02_l",
      "has_children": false,
      "is_end_bone": true
    },
    "metacarpal_pinky_l": {
      "name": "metacarpal_pinky_l",
      "local": {
        "location": {
          "x": 0.0,
          "y": 0.0,
          "z": 0.0
        },
        "rotation_quaternion": {
          "w": 0.9993277192115784,
          "x": -0.034494511783123016,
          "y": 0.0041025253012776375,
          "z": 0.01172095537185669
        },
        "scale": {
          "x": 1.0,
          "y": 1.0,
          "z": 1.0
        },
        "matrix_basis": [
          [
            0.9996916055679321,
            -0.02370917983353138,
            0.007390917278826237,
            0.0
          ],
          [
            0.023143121972680092,
            0.997345507144928,
            0.06903881579637527,
            0.0
          ],
          [
            -0.009008151479065418,
            -0.06884647160768509,
            0.9975866079330444,
            0.0
          ],
          [
            0.0,
            0.0,
            0.0,
            1.0
          ]
        ],
        "rotation_mode": "QUATERNION"
      },
      "armature_space": {
        "head": {
          "x": 0.23137567937374115,
          "y": -0.4640541672706604,
          "z": 0.6629146337509155
        },
        "tail": {
          "x": 0.28065168857574463,
          "y": -0.5497942566871643,
          "z": 0.695529580116272
        }
      },
      "world_space": {
        "head": {
          "x": 0.23137567937374115,
          "y": -0.400810182094574,
          "z": 1.6127686500549316
        },
        "tail": {
          "x": 0.28065168857574463,
          "y": -0.4865502715110779,
          "z": 1.645383596420288
        },
        "rotation_quaternion": {
          "w": 0.28359514474868774,
          "x": 0.7407822608947754,
          "y": 0.08876747637987137,
          "z": -0.6024415493011475
        },
        "matrix": [
          [
            0.25836947560310364,
            0.47321271896362305,
            -0.8422082662582397,
            0.23137567937374115
          ],
          [
            -0.2101842761039734,
            -0.8233888149261475,
            -0.5271181464195251,
            -0.400810182094574
          ],
          [
            -0.9429107308387756,
            0.31321147084236145,
            -0.11327806860208511,
            1.6127686500549316
          ],
          [
            0.0,
            0.0,
            0.0,
            1.0
          ]
        ]
      },
      "bone_length_armature_space": 0.104130797369605,
      "parent": "lowerarm_l",
      "has_children": true,
      "is_end_bone": false
    },
    "pinky_01_l": {
      "name": "pinky_01_l",
      "local": {
        "location": {
          "x": 0.0,
          "y": 0.0,
          "z": 0.0
        },
        "rotation_quaternion": {
          "w": 0.9993336200714111,
          "x": 0.03610881045460701,
          "y": 0.0017537204548716545,
          "z": -0.005045267753303051
        },
        "scale": {
          "x": 1.0,
          "y": 1.0,
          "z": 1.0
        },
        "matrix_basis": [
          [
            0.99994295835495,
            0.010210460983216763,
            0.00314074638299644,
            0.0
          ],
          [
            -0.009957161732017994,
            0.9973413944244385,
            -0.07218719273805618,
            0.0
          ],
          [
            -0.0038694608956575394,
            0.0721518024802208,
            0.9973861575126648,
            0.0
          ],
          [
            0.0,
            0.0,
            0.0,
            1.0
          ]
        ],
        "rotation_mode": "QUATERNION"
      },
      "armature_space": {
        "head": {
          "x": 0.28065168857574463,
          "y": -0.5497942566871643,
          "z": 0.695529580116272
        },
        "tail": {
