{
  "metadata": {
    "armature_name": "KIM_caucasian_male",
    "export_time": "2026-01-13T21:02:29.568677",
    "blender_version": "4.4.1",
    "bone_count": 56,
    "end_bone_count": 13,
    "spaces_included": [
      "LOCAL_CHANNELS",
      "ARMATURE_SPACE",
      "WORLD_SPACE"
    ],
    "note": "LOCAL matches Transform panel; replay pose via local.matrix_basis for best fidelity."
  },
  "bones": {
    "Root": {
      "name": "Root",
      "local": {
        "location": {
          "x": 0.0,
          "y": 0.0,
          "z": 0.0
        },
        "rotation_quaternion": {
          "w": 0.9995981454849243,
          "x": -0.000913493218831718,
          "y": -0.010296622291207314,
          "z": -0.026395676657557487
        },
        "scale": {
          "x": 1.0,
          "y": 1.0,
          "z": 1.0
        },
        "matrix_basis": [
          [
            0.9983944892883301,
            0.05278895050287247,
            -0.020536744967103004,
            0.0
          ],
          [
            -0.0527513287961483,
            0.9986048936843872,
            0.0023698247969150543,
            0.0
          ],
          [
            0.020633192732930183,
            -0.0012826796155422926,
            0.9997863173484802,
            0.0
          ],
          [
            0.0,
            0.0,
            0.0,
            1.0
          ]
        ],
        "rotation_mode": "QUATERNION"
      },
      "armature_space": {
        "head": {
          "x": 0.0,
          "y": 0.07072800397872925,
          "z": -0.009595036506652832
        },
        "tail": {
          "x": 0.003767857328057289,
          "y": 0.00011098384857177734,
          "z": 7.73351639509201e-05
        }
      },
      "world_space": {
        "head": {
          "x": 0.0,
          "y": 0.13397200405597687,
          "z": 0.9402589797973633
        },
        "tail": {
          "x": 0.003767857328057289,
          "y": 0.0633549839258194,
          "z": 0.9499313235282898
        },
        "rotation_quaternion": {
          "w": 0.06825198978185654,
          "x": 0.9972657561302185,
          "y": 0.025642048567533493,
          "z": -0.012051451951265335
        },
        "matrix": [
          [
            0.9983944892883301,
            0.05278895050287247,
            -0.020536744967103004,
            0.0
          ],
          [
            0.049498800188302994,
            -0.9893682599067688,
            -0.1367492824792862,
            0.13397200405597687
          ],
          [
            -0.027537399902939796,
            0.13551318645477295,
            -0.9903998970985413,
            0.9402589797973633
          ],
          [
            0.0,
            0.0,
            0.0,
            1.0
          ]
        ]
      },
      "bone_length_armature_space": 0.0713758711815285,
      "parent": null,
      "has_children": true,
      "is_end_bone": false
    },
    "spine_01": {
      "name": "spine_01",
      "local": {
        "location": {
          "x": 0.0,
          "y": 0.0,
          "z": 0.0
        },
        "rotation_quaternion": {
          "w": 0.9962169528007507,
          "x": 0.06427999585866928,
          "y": -0.04670959338545799,
          "z": -0.03518753871321678
        },
        "scale": {
          "x": 1.0,
          "y": 1.0,
          "z": 1.0
        },
        "matrix_basis": [
          [
            0.9931601285934448,
            0.0641038566827774,
            -0.09758948534727097,
            0.0
          ],
          [
            -0.07611382752656937,
            0.9892598390579224,
            -0.12478645145893097,
            0.0
          ],
          [
            0.08854206651449203,
            0.13136082887649536,
            0.9873725771903992,
            0.0
          ],
          [
            0.0,
            0.0,
            0.0,
            1.0
          ]
        ],
        "rotation_mode": "QUATERNION"
      },
      "armature_space": {
        "head": {
          "x": 0.003767857328057289,
          "y": 0.00011098384857177734,
          "z": 7.73351639509201e-05
        },
        "tail": {
          "x": 0.050373174250125885,
          "y": -0.03854375332593918,
          "z": 0.48431098461151123
        }
      },
      "world_space": {
        "head": {
          "x": 0.003767857328057289,
          "y": 0.0633549839258194,
          "z": 0.9499313235282898
        },
        "tail": {
          "x": 0.050373174250125885,
          "y": 0.02470024675130844,
          "z": 1.4341650009155273
        },
        "rotation_quaternion": {
          "w": 0.678286612033844,
          "x": 0.7328047752380371,
          "y": 0.01794205792248249,
          "z": -0.051015593111515045
        },
        "matrix": [
          [
            0.9941510558128357,
            0.09550245851278305,
            -0.05042854696512222,
            0.003767857328057289
          ],
          [
            -0.04290970042347908,
            -0.0792103260755539,
            -0.995934009552002,
            0.0633549839258194
          ],
          [
            -0.09910935163497925,
            0.992279589176178,
            -0.07465051859617233,
            0.9499313235282898
          ],
          [
            0.0,
            0.0,
            0.0,
            1.0
          ]
        ]
      },
      "bone_length_armature_space": 0.4880045830591829,
      "parent": "Root",
      "has_children": true,
      "is_end_bone": false
    },
    "neck_01": {
      "name": "neck_01",
      "local": {
        "location": {
          "x": 0.0,
          "y": 0.0,
          "z": 0.0
        },
        "rotation_quaternion": {
          "w": 0.9929380416870117,
          "x": 0.07146581262350082,
          "y": 0.03626836836338043,
          "z": 0.08747167140245438
        },
        "scale": {
          "x": 1.0,
          "y": 1.0,
          "z": 1.0
        },
        "matrix_basis": [
          [
            0.9820666313171387,
            -0.16852399706840515,
            0.08452695608139038,
            0.0
          ],
          [
            0.17889179289340973,
            0.9744827151298523,
            -0.13557733595371246,
            0.0
          ],
          [
            -0.05952201783657074,
            0.14826716482639313,
            0.987154483795166,
            0.0
          ],
          [
            0.0,
            0.0,
            0.0,
            1.0
          ]
        ],
        "rotation_mode": "QUATERNION"
      },
      "armature_space": {
        "head": {
          "x": 0.0556168332695961,
          "y": -0.0788828432559967,
          "z": 0.5543752908706665
        },
        "tail": {
          "x": 0.04406809061765671,
          "y": -0.13677982985973358,
          "z": 0.6381922364234924
        }
      },
      "world_space": {
        "head": {
          "x": 0.0556168332695961,
          "y": -0.015638843178749084,
          "z": 1.5042293071746826
        },
        "tail": {
          "x": 0.04406809061765671,
          "y": -0.07353582978248596,
          "z": 1.5880463123321533
        },
        "rotation_quaternion": {
          "w": 0.46360117197036743,
          "x": 0.8842349052429199,
          "y": -0.05204082652926445,
          "z": 0.022232992574572563
        },
        "matrix": [
          [
            0.9935950040817261,
            -0.11264722794294357,
            -0.008934415876865387,
            0.0556168332695961
          ],
          [
            -0.07141850888729095,
            -0.5647310614585876,
            -0.8221790790557861,
            -0.015638843178749084
          ],
          [
            0.0875711515545845,
            0.8175560832023621,
            -0.5691637992858887,
            1.5042293071746826
          ],
          [
            0.0,
            0.0,
            0.0,
            1.0
          ]
        ]
      },
      "bone_length_armature_space": 0.1025217786765803,
      "parent": "spine_01",
      "has_children": true,
      "is_end_bone": false
    },
    "head": {
      "name": "head",
      "local": {
        "location": {
          "x": 0.0,
          "y": 0.0,
          "z": 0.0
        },
        "rotation_quaternion": {
          "w": 0.9939957857131958,
          "x": 0.004642013926059008,
          "y": 0.08140488713979721,
          "z": -0.07296743243932724
        },
        "scale": {
          "x": 1.0,
          "y": 1.0,
          "z": 1.0
        },
        "matrix_basis": [
          [
            0.9760980010032654,
            0.14581440389156342,
            0.16115479171276093,
            0.0
          ],
          [
            -0.1443028748035431,
            0.9893084168434143,
            -0.021108096465468407,
            0.0
          ],
          [
            -0.16250966489315033,
            -0.002651526592671871,
            0.9867033958435059,
            0.0
          ],
          [
            0.0,
            0.0,
            0.0,
            1.0
          ]
        ],
        "rotation_mode": "QUATERNION"
      },
      "armature_space": {
        "head": {
          "x": 0.044068098068237305,
          "y": -0.13677990436553955,
          "z": 0.6381921172142029
        },
        "tail": {
          "x": 0.05083879083395004,
          "y": -0.17324358224868774,
          "z": 0.7887837886810303
        }
      },
      "world_space": {
        "head": {
          "x": 0.044068098068237305,
          "y": -0.07353590428829193,
          "z": 1.5880460739135742
        },
        "tail": {
          "x": 0.05083879083395004,
          "y": -0.10999958217144012,
          "z": 1.7386378049850464
        },
        "rotation_quaternion": {
          "w": 0.6162723898887634,
          "x": 0.7852674126625061,
          "y": 0.051495421677827835,
          "z": 0.030196823179721832
        },
        "matrix": [
          [
            0.9928728938102722,
            0.04365648329257965,
            0.11089574545621872,
            0.044068098068237305
          ],
          [
            0.11809447407722473,
            -0.235112726688385,
            -0.9647672772407532,
            -0.07353590428829193
          ],
          [
            -0.016045361757278442,
            0.9709938168525696,
            -0.23859524726867676,
            1.5880460739135742
          ],
          [
            0.0,
            0.0,
            0.0,
            1.0
          ]
        ]
      },
      "bone_length_armature_space": 0.15509124373802655,
      "parent": "neck_01",
      "has_children": false,
      "is_end_bone": true
    },
    "upperarm_l": {
      "name": "upperarm_l",
      "local": {
        "location": {
          "x": 0.0,
          "y": 0.0,
          "z": 0.0
        },
        "rotation_quaternion": {
          "w": 0.8124538660049438,
          "x": 0.07321018725633621,
          "y": 0.3829791247844696,
          "z": 0.433458149433136
        },
        "scale": {
          "x": 1.0,
          "y": 1.0,
          "z": 1.0
        },
        "matrix_basis": [
          [
            0.3308820426464081,
            -0.6482535600662231,
            0.6857728362083435,
            0.0
          ],
          [
            0.760405421257019,
            0.6135085821151733,
            0.21305105090141296,
            0.0
          ],
          [
            -0.5588386654853821,
            0.4509706497192383,
            0.695934534072876,
            0.0
          ],
          [
            0.0,
            0.0,
            0.0,
            1.0
          ]
        ],
        "rotation_mode": "QUATERNION"
      },
      "armature_space": {
        "head": {
          "x": 0.19816017150878906,
          "y": -0.08317191153764725,
          "z": 0.4725818932056427
        },
        "tail": {
          "x": 0.3800012767314911,
          "y": -0.2217765748500824,
          "z": 0.6123331785202026
        }
      },
      "world_space": {
        "head": {
          "x": 0.19816017150878906,
          "y": -0.019927911460399628,
          "z": 1.4224358797073364
        },
        "tail": {
          "x": 0.3800012767314911,
          "y": -0.15853257477283478,
          "z": 1.5621871948242188
        },
        "rotation_quaternion": {
          "w": 0.32904231548309326,
          "x": 0.8682997226715088,
          "y": 0.3648429811000824,
          "z": -0.0683843269944191
        },
        "matrix": [
          [
            0.7244259119033813,
            0.6785889863967896,
            0.12134304642677307,
            0.19816017150878906
          ],
          [
            0.5885845422744751,
            -0.517240583896637,
            -0.6213136315345764,
            -0.019927911460399628
          ],
          [
            -0.3588550388813019,
            0.5215194225311279,
            -0.7741154432296753,
            1.4224358797073364
          ],
          [
            0.0,
            0.0,
            0.0,
            1.0
          ]
        ]
      },
      "bone_length_armature_space": 0.2679698923214512,
      "parent": "spine_01",
      "has_children": true,
      "is_end_bone": false
    },
    "lowerarm_l": {
      "name": "lowerarm_l",
      "local": {
        "location": {
          "x": 0.0,
          "y": 0.0,
          "z": 0.0
        },
        "rotation_quaternion": {
          "w": 0.9557158946990967,
          "x": 0.028390444815158844,
          "y": -0.014179901219904423,
          "z": 0.2925751805305481
        },
        "scale": {
          "x": 1.0,
          "y": 1.0,
          "z": 1.0
        },
        "matrix_basis": [
          [
            0.8283973932266235,
            -0.5600426197052002,
            -0.010491235181689262,
            0.0
          ],
          [
            0.5584323406219482,
            0.8271874785423279,
            -0.06256376951932907,
            0.0
          ],
          [
            0.04371659457683563,
            0.045969024300575256,
            0.99798583984375,
            0.0
          ],
          [
            0.0,
            0.0,
            0.0,
            1.0
          ]
        ],
        "rotation_mode": "QUATERNION"
      },
      "armature_space": {
        "head": {
          "x": 0.3800012469291687,
          "y": -0.22177672386169434,
          "z": 0.6123332381248474
        },
        "tail": {
          "x": 0.40435001254081726,
          "y": -0.4375699758529663,
          "z": 0.7685703635215759
        }
      },
      "world_space": {
        "head": {
          "x": 0.3800012469291687,
          "y": -0.15853272378444672,
          "z": 1.5621871948242188
        },
        "tail": {
          "x": 0.40435001254081726,
          "y": -0.3743259906768799,
          "z": 1.7184243202209473
        },
        "rotation_quaternion": {
          "w": 0.30985376238822937,
          "x": 0.9480401277542114,
          "y": 0.025991691276431084,
          "z": -0.06734264642000198
        },
        "matrix": [
          [
            0.9895788431167603,
            0.09101507812738419,
            -0.1115795224905014,
            0.3800012469291687
          ],
          [
            0.007549766451120377,
            -0.8066298961639404,
            -0.591008722782135,
            -0.15853272378444672
          ],
          [
            -0.1437951922416687,
            0.5840106010437012,
            -0.7989171743392944,
            1.5621871948242188
          ],
          [
            0.0,
            0.0,
            0.0,
            1.0
          ]
        ]
      },
      "bone_length_armature_space": 0.26752500829133014,
      "parent": "upperarm_l",
      "has_children": true,
      "is_end_bone": false
    },
    "metacarpal_thumb_l": {
      "name": "metacarpal_thumb_l",
      "local": {
        "location": {
          "x": 0.0,
          "y": 0.0,
          "z": 0.0
        },
        "rotation_quaternion": {
          "w": 0.9998714923858643,
          "x": -0.014687998220324516,
          "y": -0.005005288869142532,
          "z": -0.004041294567286968
        },
        "scale": {
          "x": 1.0,
          "y": 1.0,
          "z": 1.0
        },
        "matrix_basis": [
          [
            0.999917209148407,
            0.008228586055338383,
            -0.009890574030578136,
            0.0
          ],
          [
            -0.007934515364468098,
            0.999535858631134,
            0.029412677511572838,
            0.0
          ],
          [
            0.01012800820171833,
            -0.029331766068935394,
            0.9995183944702148,
            0.0
          ],
          [
            0.0,
            0.0,
            0.0,
            1.0
          ]
        ],
        "rotation_mode": "QUATERNION"
      },
      "armature_space": {
        "head": {
          "x": 0.40435001254081726,
          "y": -0.4375699758529663,
          "z": 0.7685703635215759
        },
        "tail": {
          "x": 0.4122844636440277,
          "y": -0.4864523708820343,
          "z": 0.767501950263977
        }
      },
      "world_space": {
        "head": {
          "x": 0.40435001254081726,
          "y": -0.3743259906768799,
          "z": 1.7184243202209473
        },
        "tail": {
          "x": 0.4122844636440277,
          "y": -0.4232083559036255,
          "z": 1.7173559665679932
        },
        "rotation_quaternion": {
          "w": 0.0585893951356411,
          "x": -0.7789372205734253,
          "y": -0.05604872852563858,
          "z": -0.6218380928039551
        },
        "matrix": [
          [
            0.22035175561904907,
            0.16018269956111908,
            0.9621780514717102,
            0.40435001254081726
          ],
          [
            0.014451161026954651,
            -0.9868516325950623,
            0.1609809249639511,
            -0.3743259906768799
          ],
          [
            0.9753202795982361,
            -0.02156898006796837,
            -0.21977084875106812,
            1.7184243202209473
          ],
          [
            0.0,
            0.0,
            0.0,
            1.0
          ]
        ]
      },
      "bone_length_armature_space": 0.04953368076504865,
      "parent": "lowerarm_l",
      "has_children": true,
      "is_end_bone": false
    },
    "thumb_01_l": {
      "name": "thumb_01_l",
      "local": {
        "location": {
          "x": 0.0,
          "y": 0.0,
          "z": 0.0
        },
        "rotation_quaternion": {
          "w": 0.9661765098571777,
          "x": 0.2571195662021637,
          "y": -0.009429351426661015,
          "z": -0.0174252986907959
        },
        "scale": {
          "x": 1.0,
          "y": 1.0,
          "z": 1.0
        },
        "matrix_basis": [
          [
            0.9992148876190186,
            0.0288228876888752,
            -0.027181606739759445,
            0.0
          ],
          [
            -0.03852076828479767,
            0.8671717643737793,
            -0.496517151594162,
            0.0
          ],
          [
            0.009260064922273159,
            0.49717438220977783,
            0.867601215839386,
            0.0
          ],
          [
            0.0,
            0.0,
            0.0,
            1.0
          ]
        ],
        "rotation_mode": "QUATERNION"
      },
      "armature_space": {
        "head": {
          "x": 0.4122844636440277,
          "y": -0.4864523708820343,
          "z": 0.767501950263977
        },
        "tail": {
          "x": 0.4405165910720825,
          "y": -0.5039528608322144,
          "z": 0.774938702583313
        }
      },
      "world_space": {
        "head": {
          "x": 0.4122844636440277,
          "y": -0.4232083559036255,
          "z": 1.7173559665679932
        },
        "tail": {
          "x": 0.4405165910720825,
          "y": -0.44070887565612793,
          "z": 1.724792718887329
        },
        "rotation_quaternion": {
          "w": 0.47485679388046265,
          "x": -0.011924994178116322,
          "y": -0.13206879794597626,
          "z": -0.8700153231620789
        },
        "matrix": [
          [
            -0.5487374663352966,
            0.8294153213500977,
            -0.1046784520149231,
            0.4122844636440277
          ],
          [
            -0.8231156468391418,
            -0.514137327671051,
            0.24112914502620697,
            -0.4232083559036255
          ],
          [
            0.14617745578289032,
            0.21848005056381226,
            0.9648382663726807,
            1.7173559665679932
          ],
          [
            0.0,
            0.0,
            0.0,
            1.0
          ]
        ]
      },
      "bone_length_armature_space": 0.03403858800216335,
      "parent": "metacarpal_thumb_l",
      "has_children": true,
      "is_end_bone": false
    },
    "thumb_02_l": {
      "name": "thumb_02_l",
      "local": {
        "location": {
          "x": 0.0,
          "y": 0.0,
          "z": 0.0
        },
        "rotation_quaternion": {
          "w": 0.9028885960578918,
          "x": 0.42987060546875,
          "y": 0.001703421352431178,
          "z": -0.0008313037687912583
        },
        "scale": {
          "x": 1.0,
          "y": 1.0,
          "z": 1.0
        },
        "matrix_basis": [
          [
            0.9999927878379822,
            0.002965650986880064,
            0.0023612934164702892,
            0.0
          ],
          [
            -3.6647848901338875e-05,
            0.6304211616516113,
            -0.776253342628479,
            0.0
          ],
          [
            -0.0037907054647803307,
            0.7762476801872253,
            0.630416750907898,
            0.0
          ],
          [
            0.0,
            0.0,
            0.0,
            1.0
          ]
        ],
        "rotation_mode": "QUATERNION"
      },
      "armature_space": {
        "head": {
          "x": 0.4405165910720825,
          "y": -0.5039528608322144,
          "z": 0.7749386429786682
        },
        "tail": {
          "x": 0.4119607210159302,
          "y": -0.5098283886909485,
          "z": 0.8025652766227722
        }
      },
      "world_space": {
        "head": {
          "x": 0.4405165910720825,
          "y": -0.44070887565612793,
          "z": 1.724792718887329
        },
        "tail": {
          "x": 0.4119607210159302,
          "y": -0.44658440351486206,
          "z": 1.7524192333221436
        },
        "rotation_quaternion": {
          "w": 0.00032218004344031215,
          "x": 0.5443644523620605,
          "y": -0.6533429622650146,
          "z": -0.5261276364326477
        },
        "matrix": [
          [
            -0.4073311388492584,
            -0.7109742164611816,
            -0.5732340216636658,
            0.4405165910720825
          ],
          [
            -0.7116551399230957,
            -0.14628756046295166,
            0.6871294379234314,
            -0.44070887565612793
          ],
          [
            -0.5723929405212402,
            0.6878389716148376,
            -0.44638341665267944,
            1.724792718887329
          ],
          [
            0.0,
            0.0,
            0.0,
            1.0
          ]
        ]
      },
      "bone_length_armature_space": 0.04016454190855451,
      "parent": "thumb_01_l",
      "has_children": true,
      "is_end_bone": false
    },
    "thumb_03_l": {
      "name": "thumb_03_l",
      "local": {
        "location": {
          "x": 0.0,
          "y": 0.0,
          "z": 0.0
        },
        "rotation_quaternion": {
          "w": 0.9898339509963989,
          "x": 0.14218486845493317,
          "y": -0.0005304358201101422,
          "z": 0.0034542072098702192
        },
        "scale": {
          "x": 1.0,
          "y": 1.0,
          "z": 1.0
        },
        "matrix_basis": [
          [
            0.9999755620956421,
            -0.006989023182541132,
            -6.781476986361668e-05,
            0.0
          ],
          [
            0.006687343120574951,
            0.9595430493354797,
            -0.2814824879169464,
            0.0
          ],
          [
            0.0020323586650192738,
            0.28147515654563904,
            0.9595663547515869,
            0.0
          ],
          [
            0.0,
            0.0,
            0.0,
            1.0
          ]
        ],
        "rotation_mode": "QUATERNION"
      },
      "armature_space": {
        "head": {
          "x": 0.41196078062057495,
          "y": -0.509828507900238,
          "z": 0.8025652170181274
        },
        "tail": {
          "x": 0.3850971758365631,
          "y": -0.5017073154449463,
          "z": 0.8143671751022339
        }
      },
      "world_space": {
        "head": {
          "x": 0.41196078062057495,
          "y": -0.4465845227241516,
          "z": 1.7524192333221436
        },
        "tail": {
          "x": 0.3850971758365631,
          "y": -0.43846333026885986,
          "z": 1.76422119140625
        },
        "rotation_quaternion": {
          "w": 0.033076390624046326,
          "x": 0.5639997720718384,
          "y": -0.7951611280441284,
          "z": -0.22029298543930054
        },
        "matrix": [
          [
            -0.36161941289901733,
            -0.8823683261871338,
            -0.30109426379203796,
            0.41196078062057495
          ],
          [
            -0.9115151762962341,
            0.2667498290538788,
            0.31302475929260254,
            -0.4465845227241516
          ],
          [
            -0.1958884447813034,
            0.38765084743499756,
            -0.9007601737976074,
            1.7524192333221436
          ],
          [
            0.0,
            0.0,
            0.0,
            1.0
          ]
        ]
      },
      "bone_length_armature_space": 0.030444921907178967,
      "parent": "thumb_02_l",
      "has_children": false,
      "is_end_bone": true
    },
    "metacarpal_index_l": {
      "name": "metacarpal_index_l",
      "local": {
        "location": {
          "x": 0.0,
          "y": 0.0,
          "z": 0.0
        },
        "rotation_quaternion": {
          "w": 0.9980740547180176,
          "x": -0.05669006332755089,
          "y": 0.021180415526032448,
          "z": 0.013636468909680843
        },
        "scale": {
          "x": 1.0,
          "y": 1.0,
          "z": 1.0
        },
        "matrix_basis": [
          [
            0.9987308979034424,
            -0.029621850699186325,
            0.04073314368724823,
            0.0
          ],
          [
            0.02481897361576557,
            0.9932005405426025,
            0.11373941600322723,
            0.0
          ],
          [
            -0.04382535070180893,
            -0.11258411407470703,
            0.992675244808197,
            0.0
          ],
          [
            0.0,
            0.0,
            0.0,
            1.0
          ]
        ],
        "rotation_mode": "QUATERNION"
      },
      "armature_space": {
        "head": {
          "x": 0.40435001254081726,
          "y": -0.4375699758529663,
          "z": 0.7685703635215759
        },
        "tail": {
          "x": 0.40438368916511536,
          "y": -0.5469385385513306,
          "z": 0.8106148838996887
        }
      },
      "world_space": {
        "head": {
          "x": 0.40435001254081726,
          "y": -0.3743259906768799,
          "z": 1.7184243202209473
        },
        "tail": {
          "x": 0.40438368916511536,
          "y": -0.48369455337524414,
          "z": 1.7604689598083496
        },
        "rotation_quaternion": {
          "w": 0.16594195365905762,
          "x": 0.8944424390792847,
          "y": 0.07590262591838837,
          "z": 0.4082584083080292
        },
        "matrix": [
          [
            0.6551278233528137,
            0.0002873167395591736,
            0.7555180191993713,
            0.40435001254081726
          ],
          [
            0.2712758183479309,
            -0.9334042072296143,
            -0.2348746955394745,
            -0.3743259906768799
          ],
          [
            0.7051413655281067,
            0.35882824659347534,
            -0.6115816235542297,
            1.7184243202209473
          ],
          [
            0.0,
            0.0,
            0.0,
            1.0
          ]
        ]
      },
      "bone_length_armature_space": 0.1171717770986057,
      "parent": "lowerarm_l",
      "has_children": true,
      "is_end_bone": false
    },
    "index_01_l": {
      "name": "index_01_l",
      "local": {
        "location": {
          "x": 0.0,
          "y": 0.0,
          "z": 0.0
        },
        "rotation_quaternion": {
          "w": 0.9542224407196045,
          "x": 0.2987394332885742,
          "y": 0.0032397413160651922,
          "z": 0.014274639077484608
        },
        "scale": {
          "x": 1.0,
          "y": 1.0,
          "z": 1.0
        },
        "matrix_basis": [
          [
            0.9995715022087097,
            -0.025306684896349907,
            0.014711663126945496,
            0.0
          ],
          [
            0.029178038239479065,
            0.82110196352005,
            -0.5700352787971497,
            0.0
          ],
          [
            0.0023459275253117085,
            0.5702202320098877,
            0.8214884996414185,
            0.0
          ],
          [
            0.0,
            0.0,
            0.0,
            1.0
          ]
        ],
        "rotation_mode": "QUATERNION"
      },
      "armature_space": {
        "head": {
          "x": 0.40438368916511536,
          "y": -0.5469385385513306,
          "z": 0.8106148838996887
        },
        "tail": {
          "x": 0.41964852809906006,
          "y": -0.5701291561126709,
          "z": 0.8171147704124451
        }
      },
      "world_space": {
        "head": {
          "x": 0.40438368916511536,
          "y": -0.48369455337524414,
          "z": 1.7604689598083496
        },
        "tail": {
          "x": 0.41964852809906006,
          "y": -0.5068851709365845,
          "z": 1.7669687271118164
        },
        "rotation_quaternion": {
          "w": 0.01878422126173973,
          "x": 0.8973437547683716,
          "y": 0.3049565255641937,
          "z": 0.31846949458122253
        },
        "matrix": [
          [
            0.6111570596694946,
            0.5353382229804993,
            0.5830095410346985,
            0.40438368916511536
          ],
          [
            0.5592666268348694,
            -0.813296914100647,
            0.16052785515785217,
            -0.48369455337524414
          ],
          [
            0.5601010322570801,
            0.2279508113861084,
            -0.7964543104171753,
            1.7604689598083496
          ],
          [
            0.0,
            0.0,
            0.0,
            1.0
          ]
        ]
      },
      "bone_length_armature_space": 0.028514357214703898,
      "parent": "metacarpal_index_l",
      "has_children": true,
      "is_end_bone": false
    },
    "index_02_l": {
      "name": "index_02_l",
      "local": {
        "location": {
          "x": 0.0,
          "y": 0.0,
          "z": 0.0
        },
        "rotation_quaternion": {
          "w": 0.9018393754959106,
          "x": 0.43203750252723694,
          "y": -0.0029890721198171377,
          "z": 0.004525783937424421
        },
        "scale": {
          "x": 1.0,
          "y": 1.0,
          "z": 1.0
        },
        "matrix_basis": [
          [
            0.9999411702156067,
            -0.010745842941105366,
            -0.0014807090628892183,
            0.0
          ],
          [
            0.005580277647823095,
            0.6266462206840515,
            -0.7792839407920837,
            0.0
          ],
          [
            0.009301942773163319,
            0.7792298197746277,
            0.6266693472862244,
            0.0
          ],
          [
            0.0,
            0.0,
            0.0,
            1.0
          ]
        ],
        "rotation_mode": "QUATERNION"
      },
      "armature_space": {
        "head": {
          "x": 0.41964876651763916,
          "y": -0.5701295733451843,
          "z": 0.8171144723892212
        },
        "tail": {
          "x": 0.43927282094955444,
          "y": -0.5812812447547913,
          "z": 0.8049231171607971
        }
      },
      "world_space": {
        "head": {
          "x": 0.41964876651763916,
          "y": -0.5068855881690979,
          "z": 1.7669684886932373
        },
        "tail": {
          "x": 0.43927282094955444,
          "y": -0.5180372595787048,
          "z": 1.754777193069458
        },
        "rotation_quaternion": {
          "w": 0.34553563594818115,
          "x": -0.8372523784637451,
          "y": -0.40404289960861206,
          "z": -0.12791816890239716
        },
        "matrix": [
          [
            0.6407720446586609,
            0.7649726271629333,
            -0.06502479314804077,
            0.41964876651763916
          ],
          [
            0.5881730914115906,
            -0.4347081184387207,
            0.6819687485694885,
            -0.5068855881690979
          ],
          [
            0.4934247136116028,
            -0.475236177444458,
            -0.7284895181655884,
            1.7669684886932373
          ],
          [
            0.0,
            0.0,
            0.0,
            1.0
          ]
        ]
      },
      "bone_length_armature_space": 0.025653312422440296,
      "parent": "index_01_l",
      "has_children": true,
      "is_end_bone": false
    },
    "index_03_l": {
      "name": "index_03_l",
      "local": {
        "location": {
          "x": 0.0,
          "y": 0.0,
          "z": 0.0
        },
        "rotation_quaternion": {
          "w": 0.9099336266517639,
          "x": 0.41471558809280396,
          "y": -0.004776935558766127,
          "z": 0.0029863775707781315
        },
        "scale": {
          "x": 1.0,
          "y": 1.0,
          "z": 1.0
        },
        "matrix_basis": [
          [
            0.9999365210533142,
            -0.009396949782967567,
            -0.006216393783688545,
            0.0
          ],
          [
            0.001472671516239643,
            0.6560041308403015,
            -0.7547558546066284,
            0.0
          ],
          [
            0.011170383542776108,
            0.7546988129615784,
            0.6559762954711914,
            0.0
          ],
          [
            0.0,
            0.0,
            0.0,
            1.0
          ]
        ],
        "rotation_mode": "QUATERNION"
      },
      "armature_space": {
        "head": {
          "x": 0.43927279114723206,
          "y": -0.5812813639640808,
          "z": 0.8049232363700867
        },
        "tail": {
          "x": 0.4525968134403229,
          "y": -0.5708179473876953,
          "z": 0.7811172008514404
        }
      },
      "world_space": {
        "head": {
          "x": 0.43927279114723206,
          "y": -0.5180373787879944,
          "z": 1.754777193069458
        },
        "tail": {
          "x": 0.4525968134403229,
          "y": -0.5075739622116089,
          "z": 1.7309712171554565
        },
        "rotation_quaternion": {
          "w": 0.6853120923042297,
          "x": -0.564777135848999,
          "y": -0.4576040804386139,
          "z": 0.04441653937101364
        },
        "matrix": [
          [
            0.5772488713264465,
            0.45601019263267517,
            -0.677376389503479,
            0.43927279114723206
          ],
          [
            0.5777702331542969,
            0.3581077754497528,
            0.7334441542625427,
            -0.5180373787879944
          ],
          [
            0.5770363807678223,
            -0.8147530555725098,
            -0.056751370429992676,
            1.754777193069458
          ],
          [
            0.0,
            0.0,
            0.0,
            1.0
          ]
        ]
      },
      "bone_length_armature_space": 0.02921882890572546,
      "parent": "index_02_l",
      "has_children": false,
      "is_end_bone": true
    },
    "metacarpal_pinky_l": {
      "name": "metacarpal_pinky_l",
      "local": {
        "location": {
          "x": 0.0,
          "y": 0.0,
          "z": 0.0
        },
        "rotation_quaternion": {
          "w": 0.9996554851531982,
          "x": -0.023838955909013748,
          "y": -0.005699410568922758,
          "z": -0.009391823783516884
        },
        "scale": {
          "x": 1.0,
          "y": 1.0,
          "z": 1.0
        },
        "matrix_basis": [
          [
            0.9997586011886597,
            0.019048912450671196,
            -0.010947111994028091,
            0.0
          ],
          [
            -0.018505441024899483,
            0.9986869692802429,
            0.04776854068040848,
            0.0
          ],
          [
            0.011842676438391209,
            -0.04755442962050438,
            0.9987984299659729,
            0.0
          ],
          [
            0.0,
            0.0,
            0.0,
            1.0
          ]
        ],
        "rotation_mode": "QUATERNION"
      },
      "armature_space": {
        "head": {
          "x": 0.40435001254081726,
          "y": -0.4375699758529663,
          "z": 0.7685703635215759
        },
        "tail": {
          "x": 0.4226384460926056,
          "y": -0.4992358684539795,
          "z": 0.850461483001709
        }
      },
      "world_space": {
        "head": {
          "x": 0.40435001254081726,
          "y": -0.3743259906768799,
          "z": 1.7184243202209473
        },
        "tail": {
          "x": 0.4226384460926056,
          "y": -0.43599188327789307,
          "z": 1.800315499305725
        },
        "rotation_quaternion": {
          "w": 0.3918556272983551,
          "x": 0.6590328216552734,
          "y": -0.22438831627368927,
          "z": -0.6014772057533264
        },
        "matrix": [
          [
            0.17574888467788696,
            0.17562958598136902,
            -0.9686416387557983,
            0.40435001254081726
          ],
          [
            -0.7671436667442322,
            -0.5921967029571533,
            -0.2465638816356659,
            -0.3743259906768799
          ],
          [
            -0.6169353723526001,
            0.7864255905151367,
            0.03065529465675354,
            1.7184243202209473
          ],
          [
            0.0,
            0.0,
            0.0,
            1.0
          ]
        ]
      },
      "bone_length_armature_space": 0.1041311886590901,
      "parent": "lowerarm_l",
      "has_children": true,
      "is_end_bone": false
    },
    "pinky_01_l": {
      "name": "pinky_01_l",
      "local": {
        "location": {
          "x": 0.0,
          "y": 0.0,
          "z": 0.0
        },
        "rotation_quaternion": {
          "w": 0.9322955012321472,
          "x": 0.36092349886894226,
          "y": -0.022767454385757446,
          "z": 0.006403440609574318
        },
        "scale": {
          "x": 1.0,
          "y": 1.0,
          "z": 1.0
        },
        "matrix_basis": [
          [
            0.9988812804222107,
            -0.02837441675364971,
            -0.0378296859562397,
            0.0
          ],
          [
            -0.004494820721447468,
            0.7393864393234253,
            -0.6732662916183472,
            0.0
          ],
          [
            0.047074295580387115,
            0.6726831197738647,
            0.7384317517280579,
            0.0
          ],
          [
            0.0,
            0.0,
            0.0,
            1.0
          ]
        ],
        "rotation_mode": "QUATERNION"
      },
      "armature_space": {
        "head": {
          "x": 0.4226384460926056,
          "y": -0.4992358684539795,
          "z": 0.850461483001709
        },
        "tail": {
