{
  "metadata": {
    "armature_name": "KIM_caucasian_male",
    "export_time": "2026-01-13T21:02:49.828999",
    "blender_version": "4.4.1",
    "bone_count": 56,
    "end_bone_count": 13,
    "spaces_included": [
      "LOCAL_CHANNELS",
      "ARMATURE_SPACE",
      "WORLD_SPACE"
    ],
    "note": "LOCAL matches Transform panel; replay pose via local.matrix_basis for best fidelity."
  },
  "bones": {
    "Root": {
      "name": "Root",
      "local": {
        "location": {
          "x": 0.0,
          "y": 0.0,
          "z": 0.0
        },
        "rotation_quaternion": {
          "w": 0.9997230768203735,
          "x": -0.012141112238168716,
          "y": 0.018940262496471405,
          "z": 0.006902283988893032
        },
        "scale": {
          "x": 1.0,
          "y": 1.0,
          "z": 1.0
        },
        "matrix_basis": [
          [
            0.9991872310638428,
            -0.014260657131671906,
            0.03770243376493454,
            0.0
          ],
          [
            0.013340833596885204,
            0.9996098875999451,
            0.024536961689591408,
            0.0
          ],
          [
            -0.03803763911128044,
            -0.02401403710246086,
            0.9989877343177795,
            0.0
          ],
          [
            0.0,
            0.0,
            0.0,
            1.0
          ]
        ],
        "rotation_mode": "QUATERNION"
      },
      "armature_space": {
        "head": {
          "x": 0.0,
          "y": 0.07072800397872925,
          "z": -0.009595036506652832
        },
        "tail": {
          "x": -0.0010178667725995183,
          "y": 0.00025801360607147217,
          "z": 0.001694733276963234
        }
      },
      "world_space": {
        "head": {
          "x": 0.0,
          "y": 0.13397200405597687,
          "z": 0.9402589797973633
        },
        "tail": {
          "x": -0.0010178667725995183,
          "y": 0.06350201368331909,
          "z": 0.9515487551689148
        },
        "rotation_quaternion": {
          "w": 0.07946252822875977,
          "x": 0.9966340065002441,
          "y": -0.005610638298094273,
          "z": 0.019362227991223335
        },
        "matrix": [
          [
            0.9991872310638428,
            -0.014260657131671906,
            0.03770243376493454,
            0.0
          ],
          [
            -0.008106352761387825,
            -0.9873083829879761,
            -0.1586078554391861,
            0.13397200405597687
          ],
          [
            0.03948604688048363,
            0.15817348659038544,
            -0.9866285920143127,
            0.9402589797973633
          ],
          [
            0.0,
            0.0,
            0.0,
            1.0
          ]
        ]
      },
      "bone_length_armature_space": 0.07137586851917846,
      "parent": null,
      "has_children": true,
      "is_end_bone": false
    },
    "spine_01": {
      "name": "spine_01",
      "local": {
        "location": {
          "x": 0.0,
          "y": 0.0,
          "z": 0.0
        },
        "rotation_quaternion": {
          "w": 0.9968319535255432,
          "x": 0.05297674238681793,
          "y": -0.05812383443117142,
          "z": 0.011877930723130703
        },
        "scale": {
          "x": 1.0,
          "y": 1.0,
          "z": 1.0
        },
        "matrix_basis": [
          [
            0.992961049079895,
            -0.02983902394771576,
            -0.1146208792924881,
            0.0
          ],
          [
            0.0175221785902977,
            0.9941047430038452,
            -0.10699860006570816,
            0.0
          ],
          [
            0.11713790148496628,
            0.10423703491687775,
            0.9876301884651184,
            0.0
          ],
          [
            0.0,
            0.0,
            0.0,
            1.0
          ]
        ],
        "rotation_mode": "QUATERNION"
      },
      "armature_space": {
        "head": {
          "x": -0.0010178667725995183,
          "y": 0.00025801360607147217,
          "z": 0.001694733276963234
        },
        "tail": {
          "x": -0.034949444234371185,
          "y": -0.015849189832806587,
          "z": 0.48825177550315857
        }
      },
      "world_space": {
        "head": {
          "x": -0.0010178667725995183,
          "y": 0.06350201368331909,
          "z": 0.9515487551689148
        },
        "tail": {
          "x": -0.034949444234371185,
          "y": 0.04739481210708618,
          "z": 1.438105821609497
        },
        "rotation_quaternion": {
          "w": 0.6920822858810425,
          "x": 0.7184159159660339,
          "y": -0.0672212466597557,
          "z": -0.019545327872037888
        },
        "matrix": [
          [
            0.9901984930038452,
            -0.06953174620866776,
            -0.12112905830144882,
            -0.0010178667725995183
          ],
          [
            -0.12364000082015991,
            -0.03300648182630539,
            -0.9917780756950378,
            0.06350201368331909
          ],
          [
            0.06496235728263855,
            0.9970405697822571,
            -0.0412810742855072,
            0.9515487551689148
          ],
          [
            0.0,
            0.0,
            0.0,
            1.0
          ]
        ]
      },
      "bone_length_armature_space": 0.48800464839308594,
      "parent": "Root",
      "has_children": true,
      "is_end_bone": false
    },
    "neck_01": {
      "name": "neck_01",
      "local": {
        "location": {
          "x": 0.0,
          "y": 0.0,
          "z": 0.0
        },
        "rotation_quaternion": {
          "w": 0.9952782392501831,
          "x": 0.06326460093259811,
          "y": -0.07089266926050186,
          "z": -0.019830532371997833
        },
        "scale": {
          "x": 1.0,
          "y": 1.0,
          "z": 1.0
        },
        "matrix_basis": [
          [
            0.9891619682312012,
            0.030503802001476288,
            -0.14362500607967377,
            0.0
          ],
          [
            -0.048443786799907684,
            0.9912086725234985,
            -0.12312008440494537,
            0.0
          ],
          [
            0.1386067271232605,
            0.12874343991279602,
            0.981943666934967,
            0.0
          ],
          [
            0.0,
            0.0,
            0.0,
            1.0
          ]
        ],
        "rotation_mode": "QUATERNION"
      },
      "armature_space": {
        "head": {
          "x": -0.04424126073718071,
          "y": -0.05266117304563522,
          "z": 0.5598219037055969
        },
        "tail": {
          "x": -0.05351046472787857,
          "y": -0.10638418793678284,
          "z": 0.6466472744941711
        }
      },
      "world_space": {
        "head": {
          "x": -0.04424126073718071,
          "y": 0.010582827031612396,
          "z": 1.5096759796142578
        },
        "tail": {
          "x": -0.05351046472787857,
          "y": -0.04314018785953522,
          "z": 1.596501350402832
        },
        "rotation_quaternion": {
          "w": 0.4791002869606018,
          "x": 0.8699080944061279,
          "y": -0.09194459766149521,
          "z": -0.07258858531713486
        },
        "matrix": [
          [
            0.9725542068481445,
            -0.0904124304652214,
            -0.21439234912395477,
            -0.04424126073718071
          ],
          [
            -0.22952139377593994,
            -0.5240179300308228,
            -0.8201984167098999,
            0.010582827031612396
          ],
          [
            -0.03818977624177933,
            0.8469002842903137,
            -0.5303919315338135,
            1.5096759796142578
          ],
          [
            0.0,
            0.0,
            0.0,
            1.0
          ]
        ]
      },
      "bone_length_armature_space": 0.10252182977487614,
      "parent": "spine_01",
      "has_children": true,
      "is_end_bone": false
    },
    "head": {
      "name": "head",
      "local": {
        "location": {
          "x": 0.0,
          "y": 0.0,
          "z": 0.0
        },
        "rotation_quaternion": {
          "w": 0.9948878288269043,
          "x": 0.00851669441908598,
          "y": -0.041262436658144,
          "z": -0.09177804738283157
        },
        "scale": {
          "x": 1.0,
          "y": 1.0,
          "z": 1.0
        },
        "matrix_basis": [
          [
            0.9797484278678894,
            0.18191488087177277,
            -0.08366627991199493,
            0.0
          ],
          [
            -0.1833205670118332,
            0.9830085039138794,
            -0.009372339583933353,
            0.0
          ],
          [
            0.08053970336914062,
            0.024520283564925194,
            0.9964497685432434,
            0.0
          ],
          [
            0.0,
            0.0,
            0.0,
            1.0
          ]
        ],
        "rotation_mode": "QUATERNION"
      },
      "armature_space": {
        "head": {
          "x": -0.05351049080491066,
          "y": -0.10638427734375,
          "z": 0.6466471552848816
        },
        "tail": {
          "x": -0.028116611763834953,
          "y": -0.14583128690719604,
          "z": 0.7944725751876831
        }
      },
      "world_space": {
        "head": {
          "x": -0.05351049080491066,
          "y": -0.04314027726650238,
          "z": 1.596501111984253
        },
        "tail": {
          "x": -0.028116611763834953,
          "y": -0.08258728682994843,
          "z": 1.7443265914916992
        },
        "rotation_quaternion": {
          "w": 0.6096340417861938,
          "x": 0.7717660665512085,
          "y": -0.034232936799526215,
          "z": -0.17762784659862518
        },
        "matrix": [
          [
            0.9345533847808838,
            0.16373617947101593,
            -0.31591230630874634,
            -0.05351049080491066
          ],
          [
            -0.2694145739078522,
            -0.25434884428977966,
            -0.9288287162780762,
            -0.04314027726650238
          ],
          [
            -0.2324366718530655,
            0.9531577825546265,
            -0.19359193742275238,
            1.596501111984253
          ],
          [
            0.0,
            0.0,
            0.0,
            1.0
          ]
        ]
      },
      "bone_length_armature_space": 0.15509117029407146,
      "parent": "neck_01",
      "has_children": false,
      "is_end_bone": true
    },
    "upperarm_l": {
      "name": "upperarm_l",
      "local": {
        "location": {
          "x": 0.0,
          "y": 0.0,
          "z": 0.0
        },
        "rotation_quaternion": {
          "w": 0.942309558391571,
          "x": 0.026344675570726395,
          "y": 0.04742398485541344,
          "z": 0.33031734824180603
        },
        "scale": {
          "x": 1.0,
          "y": 1.0,
          "z": 1.0
        },
        "matrix_basis": [
          [
            0.7772828340530396,
            -0.6200236678123474,
            0.10678035765886307,
            0.0
          ],
          [
            0.6250211000442505,
            0.7803928256034851,
            -0.01831975020468235,
            0.0
          ],
          [
            -0.07197193801403046,
            0.0809796079993248,
            0.9941138625144958,
            0.0
          ],
          [
            0.0,
            0.0,
            0.0,
            1.0
          ]
        ],
        "rotation_mode": "QUATERNION"
      },
      "armature_space": {
        "head": {
          "x": 0.10857529193162918,
          "y": -0.0721517950296402,
          "z": 0.5024257302284241
        },
        "tail": {
          "x": 0.30672571063041687,
          "y": -0.12118850648403168,
          "z": 0.6760340332984924
        }
      },
      "world_space": {
        "head": {
          "x": 0.10857529193162918,
          "y": -0.008907794952392578,
          "z": 1.452279806137085
        },
        "tail": {
          "x": 0.30672571063041687,
          "y": -0.05794450640678406,
          "z": 1.6258881092071533
        },
        "rotation_quaternion": {
          "w": 0.5730054974555969,
          "x": 0.710638701915741,
          "y": 0.2831399738788605,
          "z": -0.2940906286239624
        },
        "matrix": [
          [
            0.6666848659515381,
            0.7394515872001648,
            -0.09350147843360901,
            0.10857529193162918
          ],
          [
            0.06539212167263031,
            -0.18299369513988495,
            -0.9809370040893555,
            -0.008907794952392578
          ],
          [
            -0.7424708008766174,
            0.6478660106658936,
            -0.17035555839538574,
            1.452279806137085
          ],
          [
            0.0,
            0.0,
            0.0,
            1.0
          ]
        ]
      },
      "bone_length_armature_space": 0.26797020945832767,
      "parent": "spine_01",
      "has_children": true,
      "is_end_bone": false
    },
    "lowerarm_l": {
      "name": "lowerarm_l",
      "local": {
        "location": {
          "x": 0.0,
          "y": 0.0,
          "z": 0.0
        },
        "rotation_quaternion": {
          "w": 0.9769341349601746,
          "x": 0.04184576869010925,
          "y": -0.00750593189150095,
          "z": -0.2092662900686264
        },
        "scale": {
          "x": 1.0,
          "y": 1.0,
          "z": 1.0
        },
        "matrix_basis": [
          [
            0.912302553653717,
            0.4082505702972412,
            -0.032179418951272964,
            0.0
          ],
          [
            -0.4095069468021393,
            0.9089130759239197,
            -0.07861964404582977,
            0.0
          ],
          [
            -0.002848215401172638,
            0.08490259945392609,
            0.9963851571083069,
            0.0
          ],
          [
            0.0,
            0.0,
            0.0,
            1.0
          ]
        ],
        "rotation_mode": "QUATERNION"
      },
      "armature_space": {
        "head": {
          "x": 0.3067256808280945,
          "y": -0.12118858844041824,
          "z": 0.676034152507782
        },
        "tail": {
          "x": 0.5393291711807251,
          "y": -0.22498229146003723,
          "z": 0.7578381896018982
        }
      },
      "world_space": {
        "head": {
          "x": 0.3067256808280945,
          "y": -0.057944588363170624,
          "z": 1.6258881092071533
        },
        "tail": {
          "x": 0.5393291711807251,
          "y": -0.1617382913827896,
          "z": 1.7076921463012695
        },
        "rotation_quaternion": {
          "w": 0.44321590662002563,
          "x": 0.6916951537132263,
          "y": 0.3310144543647766,
          "z": -0.4642701745033264
        },
        "matrix": [
          [
            0.34976494312286377,
            0.8694660663604736,
            -0.34884506464004517,
            0.3067256808280945
          ],
          [
            0.046379394829273224,
            -0.38797834515571594,
            -0.9205008745193481,
            -0.057944588363170624
          ],
          [
            -0.9356953501701355,
            0.30578145384788513,
            -0.17602865397930145,
            1.6258881092071533
          ],
          [
            0.0,
            0.0,
            0.0,
            1.0
          ]
        ]
      },
      "bone_length_armature_space": 0.2675246103401566,
      "parent": "upperarm_l",
      "has_children": true,
      "is_end_bone": false
    },
    "metacarpal_thumb_l": {
      "name": "metacarpal_thumb_l",
      "local": {
        "location": {
          "x": 0.0,
          "y": 0.0,
          "z": 0.0
        },
        "rotation_quaternion": {
          "w": 0.9994581937789917,
          "x": -0.031890664249658585,
          "y": -0.008086543530225754,
          "z": 0.0009887468768283725
        },
        "scale": {
          "x": 1.0,
          "y": 1.0,
          "z": 1.0
        },
        "matrix_basis": [
          [
            0.9998672604560852,
            -0.0014606518670916557,
            -0.016227388754487038,
            0.0
          ],
          [
            0.0024921928998082876,
            0.9979640245437622,
            0.06373078376054764,
            0.0
          ],
          [
            0.016101261600852013,
            -0.06376276165246964,
            0.9978351593017578,
            0.0
          ],
          [
            0.0,
            0.0,
            0.0,
            1.0
          ]
        ],
        "rotation_mode": "QUATERNION"
      },
      "armature_space": {
        "head": {
          "x": 0.5393291711807251,
          "y": -0.22498229146003723,
          "z": 0.7578381896018982
        },
        "tail": {
          "x": 0.5655305981636047,
          "y": -0.2669958770275116,
          "z": 0.7592271566390991
        }
      },
      "world_space": {
        "head": {
          "x": 0.5393291711807251,
          "y": -0.1617382913827896,
          "z": 1.7076921463012695
        },
        "tail": {
          "x": 0.5655305981636047,
          "y": -0.20375187695026398,
          "z": 1.7090811729431152
        },
        "rotation_quaternion": {
          "w": 0.01999525912106037,
          "x": -0.9537241458892822,
          "y": -0.27478906512260437,
          "z": -0.12042213976383209
        },
        "matrix": [
          [
            0.8199787139892578,
            0.5289615392684937,
            0.21870970726013184,
            0.5393291711807251
          ],
          [
            0.5193303823471069,
            -0.848182201385498,
            0.10432122647762299,
            -0.1617382913827896
          ],
          [
            0.24068979918956757,
            0.028040695935487747,
            -0.9702041149139404,
            1.7076921463012695
          ],
          [
            0.0,
            0.0,
            0.0,
            1.0
          ]
        ]
      },
      "bone_length_armature_space": 0.049533679278944094,
      "parent": "lowerarm_l",
      "has_children": true,
      "is_end_bone": false
    },
    "thumb_01_l": {
      "name": "thumb_01_l",
      "local": {
        "location": {
          "x": 0.0,
          "y": 0.0,
          "z": 0.0
        },
        "rotation_quaternion": {
          "w": 0.9987832307815552,
          "x": -0.04681428521871567,
          "y": 0.015497722662985325,
          "z": 0.0005422299727797508
        },
        "scale": {
          "x": 1.0,
          "y": 1.0,
          "z": 1.0
        },
        "matrix_basis": [
          [
            0.9995190501213074,
            -0.0025341699365526438,
            0.030906962230801582,
            0.0
          ],
          [
            -0.00036788920988328755,
            0.9956162571907043,
            0.09353145211935043,
            0.0
          ],
          [
            -0.03100849874317646,
            -0.09349784255027771,
            0.9951364994049072,
            0.0
          ],
          [
            0.0,
            0.0,
            0.0,
            1.0
          ]
        ],
        "rotation_mode": "QUATERNION"
      },
      "armature_space": {
        "head": {
          "x": 0.5655305981636047,
          "y": -0.2669958770275116,
          "z": 0.7592271566390991
        },
        "tail": {
          "x": 0.5766816139221191,
          "y": -0.28686395287513733,
          "z": 0.7339378595352173
        }
      },
      "world_space": {
        "head": {
          "x": 0.5655305981636047,
          "y": -0.20375187695026398,
          "z": 1.7090811729431152
        },
        "tail": {
          "x": 0.5766816139221191,
          "y": -0.2236199527978897,
          "z": 1.6837918758392334
        },
        "rotation_quaternion": {
          "w": 0.43085816502571106,
          "x": -0.6508530378341675,
          "y": 0.15004611015319824,
          "z": -0.6068259477615356
        },
        "matrix": [
          [
            0.21849669516086578,
            0.32759925723075867,
            0.9192047119140625,
            0.5655305981636047
          ],
          [
            -0.7182278633117676,
            -0.5836931467056274,
            0.37874919176101685,
            -0.20375187695026398
          ],
          [
            0.6606154441833496,
            -0.7429600358009338,
            0.10775697976350784,
            1.7090811729431152
          ],
          [
            0.0,
            0.0,
            0.0,
            1.0
          ]
        ]
      },
      "bone_length_armature_space": 0.03403871491964239,
      "parent": "metacarpal_thumb_l",
      "has_children": true,
      "is_end_bone": false
    },
    "thumb_02_l": {
      "name": "thumb_02_l",
      "local": {
        "location": {
          "x": 0.0,
          "y": 0.0,
          "z": 0.0
        },
        "rotation_quaternion": {
          "w": 0.9969754219055176,
          "x": 0.07745388150215149,
          "y": 0.0027164469938725233,
          "z": -0.005797757301479578
        },
        "scale": {
          "x": 1.0,
          "y": 1.0,
          "z": 1.0
        },
        "matrix_basis": [
          [
            0.9999180436134338,
            0.011981241405010223,
            0.0045183440670371056,
            0.0
          ],
          [
            -0.01113964430987835,
            0.9879345893859863,
            -0.15447072684764862,
            0.0
          ],
          [
            -0.006314579397439957,
            0.15440773963928223,
            0.9879870414733887,
            0.0
          ],
          [
            0.0,
            0.0,
            0.0,
            1.0
          ]
        ],
        "rotation_mode": "QUATERNION"
      },
      "armature_space": {
        "head": {
          "x": 0.5766815543174744,
          "y": -0.28686395287513733,
          "z": 0.7339378595352173
        },
        "tail": {
          "x": 0.6112334132194519,
          "y": -0.30456382036209106,
          "z": 0.7442365288734436
        }
      },
      "world_space": {
        "head": {
          "x": 0.5766815543174744,
          "y": -0.2236199527978897,
          "z": 1.6837918758392334
        },
        "tail": {
          "x": 0.6112334132194519,
          "y": -0.24131982028484344,
          "z": 1.6940906047821045
        },
        "rotation_quaternion": {
          "w": 0.47227156162261963,
          "x": -0.14946234226226807,
          "y": -0.2379416972398758,
          "z": -0.8354665637016296
        },
        "matrix": [
          [
            -0.5092406868934631,
            0.8602607250213623,
            0.024993807077407837,
            0.5766815543174744
          ],
          [
            -0.7180081605911255,
            -0.4406852722167969,
            0.5387585759162903,
            -0.2236199527978897
          ],
          [
            0.4744899868965149,
            0.25641337037086487,
            0.8420957922935486,
            1.6837918758392334
          ],
          [
            0.0,
            0.0,
            0.0,
            1.0
          ]
        ]
      },
      "bone_length_armature_space": 0.0401643979816377,
      "parent": "thumb_01_l",
      "has_children": true,
      "is_end_bone": false
    },
    "thumb_03_l": {
      "name": "thumb_03_l",
      "local": {
        "location": {
          "x": 0.0,
          "y": 0.0,
          "z": 0.0
        },
        "rotation_quaternion": {
          "w": 0.9952216744422913,
          "x": 0.0973048210144043,
          "y": -0.004533679690212011,
          "z": 0.0067129917442798615
        },
        "scale": {
          "x": 1.0,
          "y": 1.0,
          "z": 1.0
        },
        "matrix_basis": [
          [
            0.9998687505722046,
            -0.014244127087295055,
            -0.007717619650065899,
            0.0
          ],
          [
            0.012479531578719616,
            0.9809734225273132,
            -0.1937406063079834,
            0.0
          ],
          [
            0.010330445133149624,
            0.19361886382102966,
            0.9810224175453186,
            0.0
          ],
          [
            0.0,
            0.0,
            0.0,
            1.0
          ]
        ],
        "rotation_mode": "QUATERNION"
      },
      "armature_space": {
        "head": {
          "x": 0.6112333536148071,
          "y": -0.30456385016441345,
          "z": 0.7442365288734436
        },
        "tail": {
          "x": 0.6363825798034668,
          "y": -0.30710628628730774,
          "z": 0.7612055540084839
        }
      },
      "world_space": {
        "head": {
          "x": 0.6112333536148071,
          "y": -0.24131985008716583,
          "z": 1.6940906047821045
        },
        "tail": {
          "x": 0.6363825798034668,
          "y": -0.24386228621006012,
          "z": 1.7110595703125
        },
        "rotation_quaternion": {
          "w": 0.605567991733551,
          "x": 0.09558712691068649,
          "y": -0.30254271626472473,
          "z": -0.7298070788383484
        },
        "matrix": [
          [
            -0.24829889833927155,
            0.826056718826294,
            -0.5059419274330139,
            0.6112333536148071
          ],
          [
            -0.941735029220581,
            -0.08350913971662521,
            0.3258242607116699,
            -0.24131985008716583
          ],
          [
            0.22689920663833618,
            0.5573689341545105,
            0.7986680269241333,
            1.6940906047821045
          ],
          [
            0.0,
            0.0,
            0.0,
            1.0
          ]
        ]
      },
      "bone_length_armature_space": 0.030444956545418803,
      "parent": "thumb_02_l",
      "has_children": false,
      "is_end_bone": true
    },
    "metacarpal_index_l": {
      "name": "metacarpal_index_l",
      "local": {
        "location": {
          "x": 0.0,
          "y": 0.0,
          "z": 0.0
        },
        "rotation_quaternion": {
          "w": 0.9997929930686951,
          "x": 0.013896036893129349,
          "y": 0.011074022389948368,
          "z": -0.009917638264596462
        },
        "scale": {
          "x": 1.0,
          "y": 1.0,
          "z": 1.0
        },
        "matrix_basis": [
          [
            0.9995580315589905,
            0.02013893984258175,
            0.02186782844364643,
            0.0
          ],
          [
            -0.01952340081334114,
            0.9994170665740967,
            -0.028005976229906082,
            0.0
          ],
          [
            -0.022419091314077377,
            0.027566663920879364,
            0.9993685483932495,
            0.0
          ],
          [
            0.0,
            0.0,
            0.0,
            1.0
          ]
        ],
        "rotation_mode": "QUATERNION"
      },
      "armature_space": {
        "head": {
          "x": 0.5393291711807251,
          "y": -0.22498229146003723,
          "z": 0.7578381896018982
        },
        "tail": {
          "x": 0.6270241141319275,
          "y": -0.300470232963562,
          "z": 0.7762877345085144
        }
      },
      "world_space": {
        "head": {
          "x": 0.5393291711807251,
          "y": -0.1617382913827896,
          "z": 1.7076921463012695
        },
        "tail": {
          "x": 0.6270241141319275,
          "y": -0.2372262328863144,
          "z": 1.7261416912078857
        },
        "rotation_quaternion": {
          "w": 0.14004351198673248,
          "x": 0.898928165435791,
          "y": 0.3978220820426941,
          "z": -0.11854857951402664
        },
        "matrix": [
          [
            0.6553674936294556,
            0.7484307885169983,
            -0.10170755535364151,
            0.5393291711807251
          ],
          [
            0.6820230484008789,
            -0.6442503333091736,
            -0.3461012840270996,
            -0.1617382913827896
          ],
          [
            -0.3245597779750824,
            0.15745706856250763,
            -0.9326749444007874,
            1.7076921463012695
          ],
          [
            0.0,
            0.0,
            0.0,
            1.0
          ]
        ]
      },
      "bone_length_armature_space": 0.11717174692368848,
      "parent": "lowerarm_l",
      "has_children": true,
      "is_end_bone": false
    },
    "index_01_l": {
      "name": "index_01_l",
      "local": {
        "location": {
          "x": 0.0,
          "y": 0.0,
          "z": 0.0
        },
        "rotation_quaternion": {
          "w": 0.9944289922714233,
          "x": -0.10453448444604874,
          "y": 0.013551552779972553,
          "z": 9.394019434694201e-05
        },
        "scale": {
          "x": 1.0,
          "y": 1.0,
          "z": 1.0
        },
        "matrix_basis": [
          [
            0.999632716178894,
            -0.003020042786374688,
            0.026932474225759506,
            0.0
          ],
          [
            -0.002646375447511673,
            0.9781450629234314,
            0.2079067975282669,
            0.0
          ],
          [
            -0.02697175368666649,
            -0.2079017013311386,
            0.9777777791023254,
            0.0
          ],
          [
            0.0,
            0.0,
            0.0,
            1.0
          ]
        ],
        "rotation_mode": "QUATERNION"
      },
      "armature_space": {
        "head": {
          "x": 0.6270241141319275,
          "y": -0.300470232963562,
          "z": 0.7762877345085144
        },
        "tail": {
          "x": 0.6529036164283752,
          "y": -0.30714893341064453,
          "z": 0.7862233519554138
        }
      },
      "world_space": {
        "head": {
          "x": 0.6270241141319275,
          "y": -0.2372262328863144,
          "z": 1.7261416912078857
        },
        "tail": {
          "x": 0.6529036164283752,
          "y": -0.2439049333333969,
          "z": 1.7360773086547852
        },
        "rotation_quaternion": {
          "w": 0.24375957250595093,
          "x": 0.7849869132041931,
          "y": 0.5687440037727356,
          "z": -0.030117129907011986
        },
        "matrix": [
          [
            0.351245641708374,
            0.9075956344604492,
            0.22999228537082672,
            0.6270241141319275
          ],
          [
            0.8782312870025635,
            -0.2342219203710556,
            -0.4169531464576721,
            -0.2372262328863144
          ],
          [
            -0.32455724477767944,
            0.34844160079956055,
            -0.8793551921844482,
            1.7261416912078857
          ],
          [
            0.0,
            0.0,
            0.0,
            1.0
          ]
        ]
      },
      "bone_length_armature_space": 0.028514385410777644,
      "parent": "metacarpal_index_l",
      "has_children": true,
      "is_end_bone": false
    },
    "index_02_l": {
      "name": "index_02_l",
      "local": {
        "location": {
          "x": 0.0,
          "y": 0.0,
          "z": 0.0
        },
        "rotation_quaternion": {
          "w": 0.9998670816421509,
          "x": 0.012151596136391163,
          "y": -0.005680055823177099,
          "z": 0.009274591691792011
        },
        "scale": {
          "x": 1.0,
          "y": 1.0,
          "z": 1.0
        },
        "matrix_basis": [
          [
            0.9997634291648865,
            -0.018684761598706245,
            -0.01113319955766201,
            0.0
          ],
          [
            0.018408674746751785,
            0.9995326399803162,
            -0.02440532296895981,
            0.0
          ],
          [
            0.011584003455936909,
            0.02419460192322731,
            0.999640166759491,
            0.0
          ],
          [
            0.0,
            0.0,
            0.0,
            1.0
          ]
        ],
        "rotation_mode": "QUATERNION"
      },
      "armature_space": {
        "head": {
          "x": 0.6529039740562439,
          "y": -0.30714935064315796,
          "z": 0.7862232327461243
        },
        "tail": {
          "x": 0.6762130856513977,
          "y": -0.3127874732017517,
          "z": 0.7953329682350159
        }
      },
      "world_space": {
        "head": {
          "x": 0.6529039740562439,
          "y": -0.24390535056591034,
          "z": 1.7360773086547852
        },
        "tail": {
          "x": 0.6762130856513977,
          "y": -0.2495434731245041,
          "z": 1.7451870441436768
        },
        "rotation_quaternion": {
          "w": 0.26999542117118835,
          "x": 0.7787922620773315,
          "y": 0.5632147192955017,
          "z": -0.05808914080262184
        },
        "matrix": [
          [
            0.35882869362831116,
            0.9086217880249023,
            0.21365416049957275,
            0.6529039740562439
          ],
          [
            0.8458877801895142,
            -0.21978174149990082,
            -0.48597314953804016,
            -0.24390535056591034
          ],
          [
            -0.3946107029914856,
            0.355110764503479,
            -0.8474628925323486,
            1.7360773086547852
          ],
          [
            0.0,
            0.0,
            0.0,
            1.0
          ]
        ]
      },
      "bone_length_armature_space": 0.025653272289267986,
      "parent": "index_01_l",
      "has_children": true,
      "is_end_bone": false
    },
    "index_03_l": {
      "name": "index_03_l",
      "local": {
        "location": {
          "x": 0.0,
          "y": 0.0,
          "z": 0.0
        },
        "rotation_quaternion": {
          "w": 0.9999772310256958,
          "x": 0.005931012332439423,
          "y": 0.0016944261733442545,
          "z": 0.002758639631792903
        },
        "scale": {
          "x": 1.0,
          "y": 1.0,
          "z": 1.0
        },
        "matrix_basis": [
          [
            0.9999790191650391,
            -0.005497054196894169,
            0.003421498229727149,
            0.0
          ],
          [
            0.005537252873182297,
            0.9999144077301025,
            -0.011852405965328217,
            0.0
          ],
          [
            -0.0033560520969331264,
            0.011871103197336197,
            0.9999238848686218,
            0.0
          ],
          [
            0.0,
            0.0,
            0.0,
            1.0
          ]
        ],
        "rotation_mode": "QUATERNION"
      },
      "armature_space": {
        "head": {
          "x": 0.6762130260467529,
          "y": -0.3127874433994293,
          "z": 0.7953330874443054
        },
        "tail": {
          "x": 0.7040571570396423,
          "y": -0.31844931840896606,
          "z": 0.8021432757377625
        }
      },
      "world_space": {
        "head": {
          "x": 0.6762130260467529,
          "y": -0.2495434433221817,
          "z": 1.7451870441436768
        },
        "tail": {
          "x": 0.7040571570396423,
          "y": -0.25520533323287964,
          "z": 1.7519972324371338
        },
        "rotation_quaternion": {
          "w": 0.20567519962787628,
          "x": 0.7694570422172546,
          "y": 0.6006741523742676,
          "z": -0.0694572851061821
        },
        "matrix": [
          [
            0.26873210072517395,
            0.9529567360877991,
            0.14020058512687683,
            0.6762130260467529
          ],
          [
            0.8958148956298828,
            -0.19377553462982178,
            -0.39995840191841125,
            -0.2495434433221817
          ],
          [
            -0.35397741198539734,
            0.2330767810344696,
            -0.9057536721229553,
            1.7451870441436768
          ],
          [
            0.0,
            0.0,
            0.0,
            1.0
          ]
        ]
      },
      "bone_length_armature_space": 0.02921867812611287,
      "parent": "index_02_l",
      "has_children": false,
      "is_end_bone": true
    },
    "metacarpal_pinky_l": {
      "name": "metacarpal_pinky_l",
      "local": {
        "location": {
          "x": 0.0,
          "y": 0.0,
          "z": 0.0
        },
        "rotation_quaternion": {
          "w": 0.9993633031845093,
          "x": -0.03349103406071663,
          "y": 0.010648942552506924,
          "z": -0.006155896466225386
        },
        "scale": {
          "x": 1.0,
          "y": 1.0,
          "z": 1.0
        },
        "matrix_basis": [
          [
            0.9996973872184753,
            0.011590666137635708,
            0.021696658805012703,
            0.0
          ],
          [
            -0.013017241843044758,
            0.9976809024810791,
            0.0668083131313324,
            0.0
          ],
          [
            -0.02087198942899704,
            -0.06707052886486053,
            0.997529923915863,
            0.0
          ],
          [
            0.0,
            0.0,
            0.0,
            1.0
          ]
        ],
        "rotation_mode": "QUATERNION"
      },
      "armature_space": {
        "head": {
          "x": 0.5393291711807251,
          "y": -0.22498229146003723,
          "z": 0.7578381896018982
        },
        "tail": {
          "x": 0.639069676399231,
          "y": -0.23327885568141937,
          "z": 0.786582350730896
        }
      },
      "world_space": {
        "head": {
          "x": 0.5393291711807251,
          "y": -0.1617382913827896,
          "z": 1.7076921463012695
        },
        "tail": {
          "x": 0.639069676399231,
          "y": -0.17003485560417175,
          "z": 1.736436367034912
        },
        "rotation_quaternion": {
          "w": 0.6779912114143372,
          "x": 0.22638928890228271,
          "y": 0.02213228866457939,
          "z": -0.6989892721176147
        },
        "matrix": [
          [
            0.0218493714928627,
            0.957838773727417,
            -0.2864737808704376,
            0.5393291711807251
          ],
          [
            -0.9377958178520203,
            -0.07967454195022583,
            -0.33792173862457275,
            -0.1617382913827896
          ],
          [
            -0.34650254249572754,
            0.27603909373283386,
            0.896522581577301,
            1.7076921463012695
          ],
          [
            0.0,
            0.0,
            0.0,
            1.0
          ]
        ]
      },
      "bone_length_armature_space": 0.10413082014828319,
      "parent": "lowerarm_l",
      "has_children": true,
      "is_end_bone": false
    },
    "pinky_01_l": {
      "name": "pinky_01_l",
      "local": {
        "location": {
          "x": 0.0,
          "y": 0.0,
          "z": 0.0
        },
        "rotation_quaternion": {
          "w": 0.9939855337142944,
          "x": -0.10899494588375092,
          "y": -0.005052930675446987,
          "z": -0.009347892366349697
        },
        "scale": {
          "x": 1.0,
          "y": 1.0,
          "z": 1.0
        },
        "matrix_basis": [
          [
            0.999774158000946,
            0.01968482695519924,
            -0.008007333613932133,
            0.0
          ],
          [
            -0.01748185232281685,
            0.976065456867218,
            0.21677327156066895,
            0.0
          ],
          [
            0.012082826346158981,
            -0.21658432483673096,
            0.976189136505127,
            0.0
          ],
          [
            0.0,
            0.0,
            0.0,
            1.0
          ]
        ],
        "rotation_mode": "QUATERNION"
      },
      "armature_space": {
        "head": {
          "x": 0.639069676399231,
          "y": -0.23327885568141937,
          "z": 0.786582350730896
        },
