{
  "metadata": {
    "armature_name": "KIM_caucasian_male",
    "export_time": "2026-01-13T21:12:22.549773",
    "blender_version": "4.4.1",
    "bone_count": 56,
    "end_bone_count": 13,
    "spaces_included": [
      "LOCAL_CHANNELS",
      "ARMATURE_SPACE",
      "WORLD_SPACE"
    ],
    "note": "LOCAL matches Transform panel; replay pose via local.matrix_basis for best fidelity."
  },
  "bones": {
    "Root": {
      "name": "Root",
      "local": {
        "location": {
          "x": 0.0,
          "y": 0.0,
          "z": 0.0
        },
        "rotation_quaternion": {
          "w": 0.9996136426925659,
          "x": 0.005860384088009596,
          "y": -0.014269028790295124,
          "z": -0.02312338910996914
        },
        "scale": {
          "x": 1.0,
          "y": 1.0,
          "z": 1.0
        },
        "matrix_basis": [
          [
            0.9985234141349792,
            0.04606166481971741,
            -0.02879805490374565,
            0.0
          ],
          [
            -0.046396154910326004,
            0.9988619089126587,
            -0.011056343093514442,
            0.0
          ],
          [
            0.0282560084015131,
            0.012376136146485806,
            0.9995241165161133,
            0.0
          ],
          [
            0.0,
            0.0,
            0.0,
            1.0
          ]
        ],
        "rotation_mode": "QUATERNION"
      },
      "armature_space": {
        "head": {
          "x": 0.0,
          "y": 0.07072800397872925,
          "z": -0.009595036506652832
        },
        "tail": {
          "x": 0.0032876913901418447,
          "y": -3.8251280784606934e-05,
          "z": -0.0008862661197781563
        }
      },
      "world_space": {
        "head": {
          "x": 0.0,
          "y": 0.13397200405597687,
          "z": 0.9402589797973633
        },
        "tail": {
          "x": 0.0032876913901418447,
          "y": 0.06320574879646301,
          "z": 0.9489677548408508
        },
        "rotation_quaternion": {
          "w": 0.06149454787373543,
          "x": 0.9977375268936157,
          "y": 0.022109581157565117,
          "z": -0.015794385224580765
        },
        "matrix": [
          [
            0.9985234141349792,
            0.04606166481971741,
            -0.02879805490374565,
            0.0
          ],
          [
            0.04217657819390297,
            -0.9914591312408447,
            -0.12340973317623138,
            0.13397200405597687
          ],
          [
            -0.03423675149679184,
            0.12201281636953354,
            -0.9919449090957642,
            0.9402589797973633
          ],
          [
            0.0,
            0.0,
            0.0,
            1.0
          ]
        ]
      },
      "bone_length_armature_space": 0.07137586876685746,
      "parent": null,
      "has_children": true,
      "is_end_bone": false
    },
    "spine_01": {
      "name": "spine_01",
      "local": {
        "location": {
          "x": 0.0,
          "y": 0.0,
          "z": 0.0
        },
        "rotation_quaternion": {
          "w": 0.9993942975997925,
          "x": 0.02118740789592266,
          "y": -0.027398308739066124,
          "z": -0.0034109442494809628
        },
        "scale": {
          "x": 1.0,
          "y": 1.0,
          "z": 1.0
        },
        "matrix_basis": [
          [
            0.9984753727912903,
            0.005656758323311806,
            -0.054907966405153275,
            0.0
          ],
          [
            -0.007978755049407482,
            0.9990789294242859,
            -0.04216223955154419,
            0.0
          ],
          [
            0.05461888760328293,
            0.04253605753183365,
            0.9976008534431458,
            0.0
          ],
          [
            0.0,
            0.0,
            0.0,
            1.0
          ]
        ],
        "rotation_mode": "QUATERNION"
      },
      "armature_space": {
        "head": {
          "x": 0.0032876913901418447,
          "y": -3.8251280784606934e-05,
          "z": -0.0008862661197781563
        },
        "tail": {
          "x": 0.0229056254029274,
          "y": -0.0032354623544961214,
          "z": 0.4867134094238281
        }
      },
      "world_space": {
        "head": {
          "x": 0.0032876913901418447,
          "y": 0.06320574879646301,
          "z": 0.9489677548408508
        },
        "tail": {
          "x": 0.0229056254029274,
          "y": 0.06000853702425957,
          "z": 1.4365674257278442
        },
        "rotation_quaternion": {
          "w": 0.7047198414802551,
          "x": 0.7091711759567261,
          "y": 0.009691670536994934,
          "z": -0.01876949332654476
        },
        "matrix": [
          [
            0.9991075992584229,
            0.04020058363676071,
            -0.012961450964212418,
            0.0032876913901418447
          ],
          [
            -0.012708090245723724,
            -0.0065516456961631775,
            -0.9998978972434998,
            0.06320574879646301
          ],
          [
            -0.040281686931848526,
            0.9991771578788757,
            -0.006035886704921722,
            0.9489677548408508
          ],
          [
            0.0,
            0.0,
            0.0,
            1.0
          ]
        ]
      },
      "bone_length_armature_space": 0.48800463260940274,
      "parent": "Root",
      "has_children": true,
      "is_end_bone": false
    },
    "neck_01": {
      "name": "neck_01",
      "local": {
        "location": {
          "x": 0.0,
          "y": 0.0,
          "z": 0.0
        },
        "rotation_quaternion": {
          "w": 0.9918760657310486,
          "x": -0.0390913262963295,
          "y": 0.03572966158390045,
          "z": 0.11565988510847092
        },
        "scale": {
          "x": 1.0,
          "y": 1.0,
          "z": 1.0
        },
        "matrix_basis": [
          [
            0.9706923365592957,
            -0.23223398625850677,
            0.06183619424700737,
            0.0
          ],
          [
            0.22664710879325867,
            0.9701893329620361,
            0.08581247925758362,
            0.0
          ],
          [
            -0.07992138713598251,
            -0.06928252428770065,
            0.9943905472755432,
            0.0
          ],
          [
            0.0,
            0.0,
            0.0,
            1.0
          ]
        ],
        "rotation_mode": "QUATERNION"
      },
      "armature_space": {
        "head": {
          "x": 0.02539954148232937,
          "y": -0.03839206323027611,
          "z": 0.5596622824668884
        },
        "tail": {
          "x": 0.005028029903769493,
          "y": -0.06988514959812164,
          "z": 0.655076801776886
        }
      },
      "world_space": {
        "head": {
          "x": 0.02539954148232937,
          "y": 0.024851936846971512,
          "z": 1.5095162391662598
        },
        "tail": {
          "x": 0.005028029903769493,
          "y": -0.0066411495208740234,
          "z": 1.6049308776855469
        },
        "rotation_quaternion": {
          "w": 0.5843521356582642,
          "x": 0.8051316738128662,
          "y": -0.07028283923864365,
          "z": 0.0731845498085022
        },
        "matrix": [
          [
            0.9794087409973145,
            -0.19870509207248688,
            0.03570548817515373,
            0.02539954148232937
          ],
          [
            -0.027643807232379913,
            -0.30718567967414856,
            -0.9512482285499573,
            0.024851936846971512
          ],
          [
            0.19998741149902344,
            0.9306797385215759,
            -0.3063563406467438,
            1.5095162391662598
          ],
          [
            0.0,
            0.0,
            0.0,
            1.0
          ]
        ]
      },
      "bone_length_armature_space": 0.10252191749355795,
      "parent": "spine_01",
      "has_children": true,
      "is_end_bone": false
    },
    "head": {
      "name": "head",
      "local": {
        "location": {
          "x": 0.0,
          "y": 0.0,
          "z": 0.0
        },
        "rotation_quaternion": {
          "w": 0.9922585487365723,
          "x": -0.08338870853185654,
          "y": 0.09181839972734451,
          "z": -0.00622341176494956
        },
        "scale": {
          "x": 1.0,
          "y": 1.0,
          "z": 1.0
        },
        "matrix_basis": [
          [
            0.9830613136291504,
            -0.002962768543511629,
            0.18325310945510864,
            0.0
          ],
          [
            -0.02766370214521885,
            0.9860152006149292,
            0.1643434762954712,
            0.0
          ],
          [
            -0.1811772584915161,
            -0.16662916541099548,
            0.9692314267158508,
            0.0
          ],
          [
            0.0,
            0.0,
            0.0,
            1.0
          ]
        ],
        "rotation_mode": "QUATERNION"
      },
      "armature_space": {
        "head": {
          "x": 0.005028050392866135,
          "y": -0.06988527625799179,
          "z": 0.6550766825675964
        },
        "tail": {
          "x": -0.024749115109443665,
          "y": -0.035293132066726685,
          "z": 0.8032994866371155
        }
      },
      "world_space": {
        "head": {
          "x": 0.005028050392866135,
          "y": -0.006641276180744171,
          "z": 1.6049306392669678
        },
        "tail": {
          "x": -0.024749115109443665,
          "y": 0.027950868010520935,
          "z": 1.7531535625457764
        },
        "rotation_quaternion": {
          "w": 0.7818037271499634,
          "x": 0.6136611700057983,
          "y": -0.017474539577960968,
          "z": 0.10907594859600067
        },
        "matrix": [
          [
            0.9755941033363342,
            -0.19199900329113007,
            0.10654910653829575,
            0.005028050392866135
          ],
          [
            0.1491062492132187,
            0.22304530441761017,
            -0.963337242603302,
            -0.006641276180744171
          ],
          [
            0.1611957550048828,
            0.9557199478149414,
            0.24623064696788788,
            1.6049306392669678
          ],
          [
            0.0,
            0.0,
            0.0,
            1.0
          ]
        ]
      },
      "bone_length_armature_space": 0.15509125098624635,
      "parent": "neck_01",
      "has_children": false,
      "is_end_bone": true
    },
    "upperarm_l": {
      "name": "upperarm_l",
      "local": {
        "location": {
          "x": 0.0,
          "y": 0.0,
          "z": 0.0
        },
        "rotation_quaternion": {
          "w": 0.9383223056793213,
          "x": 0.2152787148952484,
          "y": 0.053872838616371155,
          "z": 0.2651492655277252
        },
        "scale": {
          "x": 1.0,
          "y": 1.0,
          "z": 1.0
        },
        "matrix_basis": [
          [
            0.8535871505737305,
            -0.47439560294151306,
            0.21526215970516205,
            0.0
          ],
          [
            0.5207862854003906,
            0.766701877117157,
            -0.37543293833732605,
            0.0
          ],
          [
            0.01306181401014328,
            0.43257033824920654,
            0.9015055894851685,
            0.0
          ],
          [
            0.0,
            0.0,
            0.0,
            1.0
          ]
        ],
        "rotation_mode": "QUATERNION"
      },
      "armature_space": {
        "head": {
          "x": 0.17252255976200104,
          "y": -0.04304675757884979,
          "z": 0.48644834756851196
        },
        "tail": {
          "x": 0.38833606243133545,
          "y": -0.1573132872581482,
          "z": 0.5967908501625061
        }
      },
      "world_space": {
        "head": {
          "x": 0.17252255976200104,
          "y": 0.020197242498397827,
          "z": 1.4363024234771729
        },
        "tail": {
          "x": 0.38833606243133545,
          "y": -0.09406928718090057,
          "z": 1.546644926071167
        },
        "rotation_quaternion": {
          "w": 0.45257803797721863,
          "x": 0.726887583732605,
          "y": 0.2862957715988159,
          "z": -0.4299328923225403
        },
        "matrix": [
          [
            0.46638503670692444,
            0.8053660988807678,
            -0.3658832311630249,
            0.17252255976200104
          ],
          [
            0.027054764330387115,
            -0.426416277885437,
            -0.904122531414032,
            0.020197242498397827
          ],
          [
            -0.8841741681098938,
            0.4117727279663086,
            -0.22066545486450195,
            1.4363024234771729
          ],
          [
            0.0,
            0.0,
            0.0,
            1.0
          ]
        ]
      },
      "bone_length_armature_space": 0.26796972897409166,
      "parent": "spine_01",
      "has_children": true,
      "is_end_bone": false
    },
    "lowerarm_l": {
      "name": "lowerarm_l",
      "local": {
        "location": {
          "x": 0.0,
          "y": 0.0,
          "z": 0.0
        },
        "rotation_quaternion": {
          "w": 0.9707794189453125,
          "x": 0.18031980097293854,
          "y": -0.11301347613334656,
          "z": 0.11090638488531113
        },
        "scale": {
          "x": 1.0,
          "y": 1.0,
          "z": 1.0
        },
        "matrix_basis": [
          [
            0.9498554468154907,
            -0.25608840584754944,
            -0.17942507565021515,
            0.0
          ],
          [
            0.1745741367340088,
            0.9103690981864929,
            -0.3751693367958069,
            0.0
          ],
          [
            0.2594195604324341,
            0.32503366470336914,
            0.9094254374504089,
            0.0
          ],
          [
            0.0,
            0.0,
            0.0,
            1.0
          ]
        ],
        "rotation_mode": "QUATERNION"
      },
      "armature_space": {
        "head": {
          "x": 0.38833606243133545,
          "y": -0.15731337666511536,
          "z": 0.5967909693717957
        },
        "tail": {
          "x": 0.48785120248794556,
          "y": -0.3504239022731781,
          "z": 0.7529149651527405
        }
      },
      "world_space": {
        "head": {
          "x": 0.38833606243133545,
          "y": -0.09406937658786774,
          "z": 1.546644926071167
        },
        "tail": {
          "x": 0.48785120248794556,
          "y": -0.2871798872947693,
          "z": 1.7027690410614014
        },
        "rotation_quaternion": {
          "w": 0.37243667244911194,
          "x": 0.7556511163711548,
          "y": -0.019240863621234894,
          "z": -0.5384348034858704
        },
        "matrix": [
          [
            0.4194367229938507,
            0.37198513746261597,
            -0.8280699849128723,
            0.38833606243133545
          ],
          [
            -0.4301440417766571,
            -0.7218424677848816,
            -0.5421438217163086,
            -0.09406937658786774
          ],
          [
            -0.799411416053772,
            0.583587646484375,
            -0.1427614837884903,
            1.546644926071167
          ],
          [
            0.0,
            0.0,
            0.0,
            1.0
          ]
        ]
      },
      "bone_length_armature_space": 0.2675250307019035,
      "parent": "upperarm_l",
      "has_children": true,
      "is_end_bone": false
    },
    "metacarpal_thumb_l": {
      "name": "metacarpal_thumb_l",
      "local": {
        "location": {
          "x": 0.0,
          "y": 0.0,
          "z": 0.0
        },
        "rotation_quaternion": {
          "w": 0.9972981810569763,
          "x": -0.069570392370224,
          "y": 0.014137878082692623,
          "z": -0.018885798752307892
        },
        "scale": {
          "x": 1.0,
          "y": 1.0,
          "z": 1.0
        },
        "matrix_basis": [
          [
            0.9988868832588196,
            0.03570238873362541,
            0.030827144160866737,
            0.0
          ],
          [
            -0.039636701345443726,
            0.9896065592765808,
            0.1382308453321457,
            0.0
          ],
          [
            -0.02557157538831234,
            -0.13929885625839233,
            0.9899201393127441,
            0.0
          ],
          [
            0.0,
            0.0,
            0.0,
            1.0
          ]
        ],
        "rotation_mode": "QUATERNION"
      },
      "armature_space": {
        "head": {
          "x": 0.48785120248794556,
          "y": -0.3504239022731781,
          "z": 0.7529149651527405
        },
        "tail": {
          "x": 0.48107001185417175,
          "y": -0.39602866768836975,
          "z": 0.7710204124450684
        }
      },
      "world_space": {
        "head": {
          "x": 0.48785120248794556,
          "y": -0.2871798872947693,
          "z": 1.7027690410614014
        },
        "tail": {
          "x": 0.48107001185417175,
          "y": -0.33278465270996094,
          "z": 1.7208744287490845
        },
        "rotation_quaternion": {
          "w": 0.19715885818004608,
          "x": 0.9569844603538513,
          "y": -0.028056038543581963,
          "z": 0.2110024392604828
        },
        "matrix": [
          [
            0.9093816876411438,
            -0.13690048456192017,
            0.3927888870239258,
            0.48785120248794556
          ],
          [
            0.029503684490919113,
            -0.9206823110580444,
            -0.38919597864151,
            -0.2871798872947693
          ],
          [
            0.41491782665252686,
            0.3655180335044861,
            -0.8332188725471497,
            1.7027690410614014
          ],
          [
            0.0,
            0.0,
            0.0,
            1.0
          ]
        ]
      },
      "bone_length_armature_space": 0.049533689613968354,
      "parent": "lowerarm_l",
      "has_children": true,
      "is_end_bone": false
    },
    "thumb_01_l": {
      "name": "thumb_01_l",
      "local": {
        "location": {
          "x": 0.0,
          "y": 0.0,
          "z": 0.0
        },
        "rotation_quaternion": {
          "w": 0.967393159866333,
          "x": 0.25323569774627686,
          "y": -0.00465115113183856,
          "z": -0.0007795280544087291
        },
        "scale": {
          "x": 1.0,
          "y": 1.0,
          "z": 1.0
        },
        "matrix_basis": [
          [
            0.9999555349349976,
            -0.00084745476488024,
            -0.009393792599439621,
            0.0
          ],
          [
            -0.0038638953119516373,
            0.8717421293258667,
            -0.48994970321655273,
            0.0
          ],
          [
            0.008604174479842186,
            0.48996421694755554,
            0.8717001080513,
            0.0
          ],
          [
            0.0,
            0.0,
            0.0,
            1.0
          ]
        ],
        "rotation_mode": "QUATERNION"
      },
      "armature_space": {
        "head": {
          "x": 0.48107001185417175,
          "y": -0.39602866768836975,
          "z": 0.7710204124450684
        },
        "tail": {
          "x": 0.49921083450317383,
          "y": -0.4240820109844208,
          "z": 0.764497697353363
        }
      },
      "world_space": {
        "head": {
          "x": 0.48107001185417175,
          "y": -0.33278465270996094,
          "z": 1.7208744287490845
        },
        "tail": {
          "x": 0.49921083450317383,
          "y": -0.36083799600601196,
          "z": 1.7143516540527344
        },
        "rotation_quaternion": {
          "w": 0.29130616784095764,
          "x": -0.48509299755096436,
          "y": -0.05530531331896782,
          "z": -0.8226584792137146
        },
        "matrix": [
          [
            -0.3596503734588623,
            0.5329491496086121,
            0.7659092545509338,
            0.48107001185417175
          ],
          [
            -0.4256344735622406,
            -0.8241631984710693,
            0.3736179769039154,
            -0.33278465270996094
          ],
          [
            0.8303587436676025,
            -0.19162778556346893,
            0.523256242275238,
            1.7208744287490845
          ],
          [
            0.0,
            0.0,
            0.0,
            1.0
          ]
        ]
      },
      "bone_length_armature_space": 0.03403858538365038,
      "parent": "metacarpal_thumb_l",
      "has_children": true,
      "is_end_bone": false
    },
    "thumb_02_l": {
      "name": "thumb_02_l",
      "local": {
        "location": {
          "x": 0.0,
          "y": 0.0,
          "z": 0.0
        },
        "rotation_quaternion": {
          "w": 0.896904706954956,
          "x": 0.44215407967567444,
          "y": -0.0010442258790135384,
          "z": 0.007790599949657917
        },
        "scale": {
          "x": 1.0,
          "y": 1.0,
          "z": 1.0
        },
        "matrix_basis": [
          [
            0.9998764395713806,
            -0.014898269437253475,
            0.0050161490216851234,
            0.0
          ],
          [
            0.01305143442004919,
            0.6088781356811523,
            -0.7931564450263977,
            0.0
          ],
          [
            0.00876243319362402,
            0.7931239008903503,
            0.6089973449707031,
            0.0
          ],
          [
            0.0,
            0.0,
            0.0,
            1.0
          ]
        ],
        "rotation_mode": "QUATERNION"
      },
      "armature_space": {
        "head": {
          "x": 0.49921080470085144,
          "y": -0.4240820109844208,
          "z": 0.7644976377487183
        },
        "tail": {
          "x": 0.5042160153388977,
          "y": -0.41068390011787415,
          "z": 0.8020294904708862
        }
      },
      "world_space": {
        "head": {
          "x": 0.49921080470085144,
          "y": -0.36083799600601196,
          "z": 1.7143516540527344
        },
        "tail": {
          "x": 0.5042160153388977,
          "y": -0.34743988513946533,
          "z": 1.7518835067749023
        },
        "rotation_quaternion": {
          "w": 0.26709863543510437,
          "x": 0.11504973471164703,
          "y": -0.7716531157493591,
          "z": -0.5656618475914001
        },
        "matrix": [
          [
            -0.8308443427085876,
            0.12461766600608826,
            -0.5423727035522461,
            0.49921080470085144
          ],
          [
            -0.47973111271858215,
            0.33358144760131836,
            0.8115304708480835,
            -0.36083799600601196
          ],
          [
            0.28205782175064087,
            0.934455394744873,
            -0.2173718810081482,
            1.7143516540527344
          ],
          [
            0.0,
            0.0,
            0.0,
            1.0
          ]
        ]
      },
      "bone_length_armature_space": 0.04016467913229006,
      "parent": "thumb_01_l",
      "has_children": true,
      "is_end_bone": false
    },
    "thumb_03_l": {
      "name": "thumb_03_l",
      "local": {
        "location": {
          "x": 0.0,
          "y": 0.0,
          "z": 0.0
        },
        "rotation_quaternion": {
          "w": 0.988731324672699,
          "x": 0.1495998054742813,
          "y": 0.004774852655827999,
          "z": 0.002727080602198839
        },
        "scale": {
          "x": 1.0,
          "y": 1.0,
          "z": 1.0
        },
        "matrix_basis": [
          [
            0.999939501285553,
            -0.003964066039770842,
            0.010258033871650696,
            0.0
          ],
          [
            0.006821333896368742,
            0.9552249312400818,
            -0.2958019971847534,
            0.0
          ],
          [
            -0.008626150898635387,
            0.2958540618419647,
            0.9551941752433777,
            0.0
          ],
          [
            0.0,
            0.0,
            0.0,
            1.0
          ]
        ],
        "rotation_mode": "QUATERNION"
      },
      "armature_space": {
        "head": {
          "x": 0.5042159557342529,
          "y": -0.4106840193271637,
          "z": 0.8020294308662415
        },
        "tail": {
          "x": 0.49983248114585876,
          "y": -0.38841375708580017,
          "z": 0.822320282459259
        }
      },
      "world_space": {
        "head": {
          "x": 0.5042159557342529,
          "y": -0.3474400043487549,
          "z": 1.7518835067749023
        },
        "tail": {
          "x": 0.49983248114585876,
          "y": -0.32516974210739136,
          "z": 1.77217435836792
        },
        "rotation_quaternion": {
          "w": 0.4234403967857361,
          "x": 0.2318812906742096,
          "y": -0.8285199403762817,
          "z": -0.28369706869125366
        },
        "matrix": [
          [
            -0.5338586568832397,
            -0.14398077130317688,
            -0.8332253098487854,
            0.5042159557342529
          ],
          [
            -0.624494194984436,
            0.7314947843551636,
            0.2737200856208801,
            -0.3474400043487549
          ],
          [
            0.5700926780700684,
            0.6664776802062988,
            -0.4804331064224243,
            1.7518835067749023
          ],
          [
            0.0,
            0.0,
            0.0,
            1.0
          ]
        ]
      },
      "bone_length_armature_space": 0.030445001221072274,
      "parent": "thumb_02_l",
      "has_children": false,
      "is_end_bone": true
    },
    "metacarpal_index_l": {
      "name": "metacarpal_index_l",
      "local": {
        "location": {
          "x": 0.0,
          "y": 0.0,
          "z": 0.0
        },
        "rotation_quaternion": {
          "w": 0.9999126195907593,
          "x": -0.00761756906285882,
          "y": 0.008405402302742004,
          "z": -0.006786001846194267
        },
        "scale": {
          "x": 1.0,
          "y": 1.0,
          "z": 1.0
        },
        "matrix_basis": [
          [
            0.9997665882110596,
            0.013442760333418846,
            0.01691272109746933,
            0.0
          ],
          [
            -0.013698874972760677,
            0.9997918605804443,
            0.01511972863227129,
            0.0
          ],
          [
            -0.01670595072209835,
            -0.015347884967923164,
            0.9997426271438599,
            0.0
          ],
          [
            0.0,
            0.0,
            0.0,
            1.0
          ]
        ],
        "rotation_mode": "QUATERNION"
      },
      "armature_space": {
        "head": {
          "x": 0.48785120248794556,
          "y": -0.3504239022731781,
          "z": 0.7529149651527405
        },
        "tail": {
          "x": 0.5040507316589355,
          "y": -0.45186734199523926,
          "z": 0.8092713952064514
        }
      },
      "world_space": {
        "head": {
          "x": 0.48785120248794556,
          "y": -0.2871798872947693,
          "z": 1.7027690410614014
        },
        "tail": {
          "x": 0.5040507316589355,
          "y": -0.38862335681915283,
          "z": 1.7591254711151123
        },
        "rotation_quaternion": {
          "w": 0.25516045093536377,
          "x": 0.9604381918907166,
          "y": 0.04482649639248848,
          "z": -0.10218757390975952
        },
        "matrix": [
          [
            0.975096583366394,
            0.1382545828819275,
            -0.17341348528862,
            0.48785120248794556
          ],
          [
            0.03395789861679077,
            -0.8657673001289368,
            -0.4992935359477997,
            -0.2871798872947693
          ],
          [
            -0.21916691958904266,
            0.48097309470176697,
            -0.848908007144928,
            1.7027690410614014
          ],
          [
            0.0,
            0.0,
            0.0,
            1.0
          ]
        ]
      },
      "bone_length_armature_space": 0.1171718554683535,
      "parent": "lowerarm_l",
      "has_children": true,
      "is_end_bone": false
    },
    "index_01_l": {
      "name": "index_01_l",
      "local": {
        "location": {
          "x": 0.0,
          "y": 0.0,
          "z": 0.0
        },
        "rotation_quaternion": {
          "w": 0.9541600942611694,
          "x": 0.2991454005241394,
          "y": 0.008602229878306389,
          "z": -0.004079061094671488
        },
        "scale": {
          "x": 1.0,
          "y": 1.0,
          "z": 1.0
        },
        "matrix_basis": [
          [
            0.999818742275238,
            0.012930789962410927,
            0.013975344598293304,
            0.0
          ],
          [
            -0.002637519733980298,
            0.820990800857544,
            -0.5709353685379028,
            0.0
          ],
          [
            -0.018856273964047432,
            0.5707949995994568,
            0.8208760619163513,
            0.0
          ],
          [
            0.0,
            0.0,
            0.0,
            1.0
          ]
        ],
        "rotation_mode": "QUATERNION"
      },
      "armature_space": {
        "head": {
          "x": 0.5040507316589355,
          "y": -0.45186734199523926,
          "z": 0.8092713952064514
        },
        "tail": {
          "x": 0.5141401886940002,
          "y": -0.47848063707351685,
          "z": 0.8075379133224487
        }
      },
      "world_space": {
        "head": {
          "x": 0.5040507316589355,
          "y": -0.38862335681915283,
          "z": 1.7591254711151123
        },
        "tail": {
          "x": 0.5141401886940002,
          "y": -0.4152366518974304,
          "z": 1.7573919296264648
        },
        "rotation_quaternion": {
          "w": 0.0026787121314555407,
          "x": 0.9664469361305237,
          "y": 0.18256060779094696,
          "z": -0.18067923188209534
        },
        "matrix": [
          [
            0.8680531978607178,
            0.3538384437561035,
            -0.34825563430786133,
            0.5040507316589355
          ],
          [
            0.3519023358821869,
            -0.9333288669586182,
            -0.07114845514297485,
            -0.38862335681915283
          ],
          [
            -0.35021424293518066,
            -0.06079268455505371,
            -0.9347022771835327,
            1.7591254711151123
          ],
          [
            0.0,
            0.0,
            0.0,
            1.0
          ]
        ]
      },
      "bone_length_armature_space": 0.028514375391446373,
      "parent": "metacarpal_index_l",
      "has_children": true,
      "is_end_bone": false
    },
    "index_02_l": {
      "name": "index_02_l",
      "local": {
        "location": {
          "x": 0.0,
          "y": 0.0,
          "z": 0.0
        },
        "rotation_quaternion": {
          "w": 0.9053564071655273,
          "x": 0.42463305592536926,
          "y": -0.004094383213669062,
          "z": 8.57519989949651e-05
        },
        "scale": {
          "x": 1.0,
          "y": 1.0,
          "z": 1.0
        },
        "matrix_basis": [
          [
            0.9999664425849915,
            -0.003632493084296584,
            -0.007340925745666027,
            0.0
          ],
          [
            -0.003321948694065213,
            0.6393735408782959,
            -0.7688891887664795,
            0.0
          ],
          [
            0.007486578542739153,
            0.7688878178596497,
            0.6393399834632874,
            0.0
          ],
          [
            0.0,
            0.0,
            0.0,
            1.0
          ]
        ],
        "rotation_mode": "QUATERNION"
      },
      "armature_space": {
        "head": {
          "x": 0.5141400098800659,
          "y": -0.47848108410835266,
          "z": 0.8075376749038696
        },
        "tail": {
          "x": 0.5127941966056824,
          "y": -0.4961100220680237,
          "z": 0.7889499068260193
        }
      },
      "world_space": {
        "head": {
          "x": 0.5141400098800659,
          "y": -0.41523706912994385,
          "z": 1.7573916912078857
        },
        "tail": {
          "x": 0.5127941966056824,
          "y": -0.43286603689193726,
          "z": 1.7388038635253906
        },
        "rotation_quaternion": {
          "w": 0.3845820128917694,
          "x": -0.8753857016563416,
          "y": -0.0921798050403595,
          "z": 0.27802783250808716
        },
        "matrix": [
          [
            0.8284071683883667,
            -0.05246266722679138,
            -0.5576640367507935,
            0.5141400098800659
          ],
          [
            0.375234454870224,
            -0.6871998906135559,
            0.6220575571060181,
            -0.41523706912994385
          ],
          [
            -0.4158639907836914,
            -0.7245774865150452,
            -0.5495988130569458,
            1.7573916912078857
          ],
          [
            0.0,
            0.0,
            0.0,
            1.0
          ]
        ]
      },
      "bone_length_armature_space": 0.025653378119545604,
      "parent": "index_01_l",
      "has_children": true,
      "is_end_bone": false
    },
    "index_03_l": {
      "name": "index_03_l",
      "local": {
        "location": {
          "x": 0.0,
          "y": 0.0,
          "z": 0.0
        },
        "rotation_quaternion": {
          "w": 0.9310125708580017,
          "x": 0.3649424612522125,
          "y": 0.0010969697032123804,
          "z": 0.00561746209859848
        },
        "scale": {
          "x": 1.0,
          "y": 1.0,
          "z": 1.0
        },
        "matrix_basis": [
          [
            0.9999344944953918,
            -0.009659194387495518,
            0.006142686121165752,
            0.0
          ],
          [
            0.011260516941547394,
            0.7335708737373352,
            -0.6795197129249573,
            0.0
          ],
          [
            0.0020575157832354307,
            0.6795443892478943,
            0.7336316108703613,
            0.0
          ],
          [
            0.0,
            0.0,
            0.0,
            1.0
          ]
        ],
        "rotation_mode": "QUATERNION"
      },
      "armature_space": {
        "head": {
          "x": 0.5127941966056824,
          "y": -0.49611011147499084,
          "z": 0.7889499664306641
        },
        "tail": {
          "x": 0.5021953582763672,
          "y": -0.4948710799217224,
          "z": 0.7617493867874146
        }
      },
      "world_space": {
        "head": {
          "x": 0.5127941966056824,
          "y": -0.43286609649658203,
          "z": 1.7388039827346802
        },
        "tail": {
          "x": 0.5021953582763672,
          "y": -0.431627094745636,
          "z": 1.7116034030914307
        },
        "rotation_quaternion": {
          "w": 0.7219170331954956,
          "x": -0.642543613910675,
          "y": -0.006228030193597078,
          "z": 0.25677764415740967
        },
        "matrix": [
          [
            0.8680520057678223,
            -0.36274099349975586,
            -0.33897584676742554,
            0.5127941966056824
          ],
          [
            0.37874990701675415,
            0.04240518808364868,
            0.9245271682739258,
            -0.43286609649658203
          ],
          [
            -0.3209914267063141,
            -0.9309313297271729,
            0.17420020699501038,
            1.7388039827346802
          ],
          [
            0.0,
            0.0,
            0.0,
            1.0
          ]
        ]
      },
      "bone_length_armature_space": 0.029218865407955076,
      "parent": "index_02_l",
      "has_children": false,
      "is_end_bone": true
    },
    "metacarpal_pinky_l": {
      "name": "metacarpal_pinky_l",
      "local": {
        "location": {
          "x": 0.0,
          "y": 0.0,
          "z": 0.0
        },
        "rotation_quaternion": {
          "w": 0.9996985197067261,
          "x": -0.014499276876449585,
          "y": -0.016651540994644165,
          "z": -0.010739120654761791
        },
        "scale": {
          "x": 1.0,
          "y": 1.0,
          "z": 1.0
        },
        "matrix_basis": [
          [
            0.999214768409729,
            0.02195463702082634,
            -0.03298162296414375,
            0.0
          ],
          [
            -0.020988894626498222,
            0.9993488788604736,
            0.029347456991672516,
            0.0
          ],
          [
            0.0336044616997242,
            -0.028632165864109993,
            0.9990249872207642,
            0.0
          ],
          [
            0.0,
            0.0,
            0.0,
            1.0
          ]
        ],
        "rotation_mode": "QUATERNION"
      },
      "armature_space": {
        "head": {
          "x": 0.48785120248794556,
          "y": -0.3504239022731781,
          "z": 0.7529149651527405
        },
        "tail": {
          "x": 0.5516371130943298,
          "y": -0.4076188802719116,
          "z": 0.8121040463447571
        }
      },
      "world_space": {
        "head": {
          "x": 0.48785120248794556,
          "y": -0.2871798872947693,
          "z": 1.7027690410614014
        },
        "tail": {
          "x": 0.5516371130943298,
          "y": -0.3443748950958252,
          "z": 1.761958122253418
        },
        "rotation_quaternion": {
          "w": 0.414140522480011,
          "x": 0.20687060058116913,
          "y": -0.2320709228515625,
          "z": -0.8554738163948059
        },
        "matrix": [
          [
            -0.5713836550712585,
            0.6125559210777283,
            -0.546164870262146,
            0.48785120248794556
          ],
          [
            -0.8045907020568848,
            -0.549261212348938,
            0.2257131040096283,
            -0.2871798872947693
          ],
          [
            -0.16172707080841064,
            0.5684112310409546,
            0.8067013025283813,
            1.7027690410614014
          ],
          [
            0.0,
            0.0,
            0.0,
            1.0
          ]
        ]
      },
      "bone_length_armature_space": 0.10413095164963469,
      "parent": "lowerarm_l",
      "has_children": true,
      "is_end_bone": false
    },
    "pinky_01_l": {
      "name": "pinky_01_l",
      "local": {
        "location": {
          "x": 0.0,
          "y": 0.0,
          "z": 0.0
        },
        "rotation_quaternion": {
          "w": 0.9415218830108643,
          "x": 0.3367900252342224,
          "y": 0.008110549300909042,
          "z": -0.006575196981430054
        },
        "scale": {
          "x": 1.0,
          "y": 1.0,
          "z": 1.0
        },
        "matrix_basis": [
          [
            0.9997819662094116,
            0.017844486981630325,
            0.01084359735250473,
            0.0
          ],
          [
            -0.006918279454112053,
            0.7730584740638733,
            -0.6342970132827759,
            0.0
          ],
          [
            -0.019701439887285233,
            0.6340836882591248,
            0.7730134129524231,
            0.0
          ],
          [
            0.0,
            0.0,
            0.0,
            1.0
          ]
        ],
        "rotation_mode": "QUATERNION"
      },
      "armature_space": {
        "head": {
          "x": 0.5516371130943298,
          "y": -0.4076188802719116,
          "z": 0.8121040463447571
        },
