{
  "metadata": {
    "armature_name": "KIM_caucasian_male",
    "export_time": "2026-01-13T20:56:10.251131",
    "blender_version": "4.4.1",
    "bone_count": 56,
    "end_bone_count": 13,
    "spaces_included": [
      "LOCAL_CHANNELS",
      "ARMATURE_SPACE",
      "WORLD_SPACE"
    ],
    "note": "LOCAL matches Transform panel; replay pose via local.matrix_basis for best fidelity."
  },
  "bones": {
    "Root": {
      "name": "Root",
      "local": {
        "location": {
          "x": 0.0,
          "y": 0.0,
          "z": 0.0
        },
        "rotation_quaternion": {
          "w": 0.9999058246612549,
          "x": -0.0009803579887375236,
          "y": 0.002887374022975564,
          "z": -0.013383999466896057
        },
        "scale": {
          "x": 1.0,
          "y": 1.0,
          "z": 1.0
        },
        "matrix_basis": [
          [
            0.9996250867843628,
            0.026759816333651543,
            0.00580044649541378,
            0.0
          ],
          [
            -0.026771139353513718,
            0.9996398091316223,
            0.0018832420464605093,
            0.0
          ],
          [
            -0.005747961811721325,
            -0.00203782063908875,
            0.9999814033508301,
            0.0
          ],
          [
            0.0,
            0.0,
            0.0,
            1.0
          ]
        ],
        "rotation_mode": "QUATERNION"
      },
      "armature_space": {
        "head": {
          "x": 0.0,
          "y": 0.07072800397872925,
          "z": -0.009595036506652832
        },
        "tail": {
          "x": 0.0019100051140412688,
          "y": 4.503130912780762e-05,
          "z": 0.00014067534357309341
        }
      },
      "world_space": {
        "head": {
          "x": 0.0,
          "y": 0.13397200405597687,
          "z": 0.9402589797973633
        },
        "tail": {
          "x": 0.0019100051140412688,
          "y": 0.06328903138637543,
          "z": 0.949994683265686
        },
        "rotation_quaternion": {
          "w": 0.06833944469690323,
          "x": 0.9975682497024536,
          "y": 0.013548112474381924,
          "z": 0.0019791629165410995
        },
        "matrix": [
          [
            0.9996250867843628,
            0.026759816333651543,
            0.00580044649541378,
            0.0
          ],
          [
            0.027300838381052017,
            -0.9902923107147217,
            -0.13629333674907684,
            0.13397200405597687
          ],
          [
            0.002096993150189519,
            0.13640061020851135,
            -0.9906586408615112,
            0.9402589797973633
          ],
          [
            0.0,
            0.0,
            0.0,
            1.0
          ]
        ]
      },
      "bone_length_armature_space": 0.07137587089960451,
      "parent": null,
      "has_children": true,
      "is_end_bone": false
    },
    "spine_01": {
      "name": "spine_01",
      "local": {
        "location": {
          "x": 0.0,
          "y": 0.0,
          "z": 0.0
        },
        "rotation_quaternion": {
          "w": 0.996633768081665,
          "x": 0.0331246592104435,
          "y": -0.05217094346880913,
          "z": -0.05387172847986221
        },
        "scale": {
          "x": 1.0,
          "y": 1.0,
          "z": 1.0
        },
        "matrix_basis": [
          [
            0.9887520670890808,
            0.1039244756102562,
            -0.10755961388349533,
            0.0
          ],
          [
            -0.11083705723285675,
            0.9920011758804321,
            -0.06040522828698158,
            0.0
          ],
          [
            0.10042168200016022,
            0.07164738327264786,
            0.9923619031906128,
            0.0
          ],
          [
            0.0,
            0.0,
            0.0,
            1.0
          ]
        ],
        "rotation_mode": "QUATERNION"
      },
      "armature_space": {
        "head": {
          "x": 0.0019100051140412688,
          "y": 4.503130912780762e-05,
          "z": 0.00014067534357309341
        },
        "tail": {
          "x": 0.051898591220378876,
          "y": -0.009928596206009388,
          "z": 0.4854758083820343
        }
      },
      "world_space": {
        "head": {
          "x": 0.0019100051140412688,
          "y": 0.06328903138637543,
          "z": 0.949994683265686
        },
        "tail": {
          "x": 0.051898591220378876,
          "y": 0.053315404802560806,
          "z": 1.435329794883728
        },
        "rotation_quaternion": {
          "w": 0.6997936964035034,
          "x": 0.7113601565361023,
          "y": 0.008354033343493938,
          "z": -0.06469758599996567
        },
        "matrix": [
          [
            0.9914889931678772,
            0.10243537276983261,
            -0.08035363256931305,
            0.0019100051140412688
          ],
          [
            -0.07866376638412476,
            -0.020437709987163544,
            -0.9966917634010315,
            0.06328903138637543
          ],
          [
            -0.10373953729867935,
            0.9945366978645325,
            -0.012206818908452988,
            0.949994683265686
          ],
          [
            0.0,
            0.0,
            0.0,
            1.0
          ]
        ]
      },
      "bone_length_armature_space": 0.488004638366375,
      "parent": "Root",
      "has_children": true,
      "is_end_bone": false
    },
    "neck_01": {
      "name": "neck_01",
      "local": {
        "location": {
          "x": 0.0,
          "y": 0.0,
          "z": 0.0
        },
        "rotation_quaternion": {
          "w": 0.9974538087844849,
          "x": 0.0016691000200808048,
          "y": -0.043861083686351776,
          "z": 0.056209251284599304
        },
        "scale": {
          "x": 1.0,
          "y": 1.0,
          "z": 1.0
        },
        "matrix_basis": [
          [
            0.9898334741592407,
            -0.11227867752313614,
            -0.08731117099523544,
            0.0
          ],
          [
            0.11198584735393524,
            0.9936754703521729,
            -0.008260497823357582,
            0.0
          ],
          [
            0.0876864492893219,
            -0.0016010970575734973,
            0.9961468577384949,
            0.0
          ],
          [
            0.0,
            0.0,
            0.0,
            1.0
          ]
        ],
        "rotation_mode": "QUATERNION"
      },
      "armature_space": {
        "head": {
          "x": 0.0566120520234108,
          "y": -0.0459907241165638,
          "z": 0.5578709244728088
        },
        "tail": {
          "x": 0.05176342651247978,
          "y": -0.08541639149188995,
          "z": 0.6523846983909607
        }
      },
      "world_space": {
        "head": {
          "x": 0.0566120520234108,
          "y": 0.017253275960683823,
          "z": 1.5077250003814697
        },
        "tail": {
          "x": 0.05176342651247978,
          "y": -0.022172391414642334,
          "z": 1.602238655090332
        },
        "rotation_quaternion": {
          "w": 0.549518883228302,
          "x": 0.8289695978164673,
          "y": -0.07581881433725357,
          "z": -0.07134363055229187
        },
        "matrix": [
          [
            0.9783232808113098,
            -0.047293804585933685,
            -0.2016112208366394,
            0.0566120520234108
          ],
          [
            -0.2041124701499939,
            -0.38456058502197266,
            -0.9002508521080017,
            0.017253275960683823
          ],
          [
            -0.034955888986587524,
            0.9218936562538147,
            -0.38588130474090576,
            1.5077250003814697
          ],
          [
            0.0,
            0.0,
            0.0,
            1.0
          ]
        ]
      },
      "bone_length_armature_space": 0.10252192685269684,
      "parent": "spine_01",
      "has_children": true,
      "is_end_bone": false
    },
    "head": {
      "name": "head",
      "local": {
        "location": {
          "x": 0.0,
          "y": 0.0,
          "z": 0.0
        },
        "rotation_quaternion": {
          "w": 0.9872686862945557,
          "x": 0.04375019669532776,
          "y": -0.08672907948493958,
          "z": 0.12595468759536743
        },
        "scale": {
          "x": 1.0,
          "y": 1.0,
          "z": 1.0
        },
        "matrix_basis": [
          [
            0.9532269835472107,
            -0.25629106163978577,
            -0.16022872924804688,
            0.0
          ],
          [
            0.24111340939998627,
            0.9644426703453064,
            -0.10823426395654678,
            0.0
          ],
          [
            0.18227089941501617,
            0.06453853100538254,
            0.9811279773712158,
            0.0
          ],
          [
            0.0,
            0.0,
            0.0,
            1.0
          ]
        ],
        "rotation_mode": "QUATERNION"
      },
      "armature_space": {
        "head": {
          "x": 0.05176340043544769,
          "y": -0.08541650325059891,
          "z": 0.6523845791816711
        },
        "tail": {
          "x": 0.015032298862934113,
          "y": -0.09190570563077927,
          "z": 0.8029236793518066
        }
      },
      "world_space": {
        "head": {
          "x": 0.05176340043544769,
          "y": -0.022172503173351288,
          "z": 1.602238655090332
        },
        "tail": {
          "x": 0.015032298862934113,
          "y": -0.028661705553531647,
          "z": 1.7527776956558228
        },
        "rotation_quaternion": {
          "w": 0.6577396988868713,
          "x": 0.7195907235145569,
          "y": -0.21553979814052582,
          "z": -0.05576987937092781
        },
        "matrix": [
          [
            0.9008641839027405,
            -0.2368370145559311,
            -0.36380255222320557,
            0.05176340043544769
          ],
          [
            -0.38356631994247437,
            -0.041841451078653336,
            -0.922565221786499,
            -0.022172503173351288
          ],
          [
            0.203276589512825,
            0.9706549644470215,
            -0.1285378485918045,
            1.602238655090332
          ],
          [
            0.0,
            0.0,
            0.0,
            1.0
          ]
        ]
      },
      "bone_length_armature_space": 0.15509127893528496,
      "parent": "neck_01",
      "has_children": false,
      "is_end_bone": true
    },
    "upperarm_l": {
      "name": "upperarm_l",
      "local": {
        "location": {
          "x": 0.0,
          "y": 0.0,
          "z": 0.0
        },
        "rotation_quaternion": {
          "w": 0.8309188485145569,
          "x": 0.40471920371055603,
          "y": 0.3135920464992523,
          "z": 0.21779921650886536
        },
        "scale": {
          "x": 1.0,
          "y": 1.0,
          "z": 1.0
        },
        "matrix_basis": [
          [
            0.7084470391273499,
            -0.10811350494623184,
            0.69743412733078,
            0.0
          ],
          [
            0.6157804131507874,
            0.5775317549705505,
            -0.5359774231910706,
            0.0
          ],
          [
            -0.3448440432548523,
            0.809177815914154,
            0.4757247865200043,
            0.0
          ],
          [
            0.0,
            0.0,
            0.0,
            1.0
          ]
        ],
        "rotation_mode": "QUATERNION"
      },
      "armature_space": {
        "head": {
          "x": 0.1981946974992752,
          "y": -0.059595294296741486,
          "z": 0.4754304885864258
        },
        "tail": {
          "x": 0.3455337584018707,
          "y": -0.28342241048812866,
          "z": 0.4759511947631836
        }
      },
      "world_space": {
        "head": {
          "x": 0.1981946974992752,
          "y": 0.003648705780506134,
          "z": 1.425284504890442
        },
        "tail": {
          "x": 0.3455337584018707,
          "y": -0.22017841041088104,
          "z": 1.4258052110671997
        },
        "rotation_quaternion": {
          "w": 0.12195213884115219,
          "x": 0.8685781359672546,
          "y": 0.2597920596599579,
          "z": -0.4039899408817291
        },
        "matrix": [
          [
            0.5386003255844116,
            0.5498353242874146,
            -0.6384288668632507,
            0.1981946974992752
          ],
          [
            0.35276466608047485,
            -0.8352710604667664,
            -0.4217579960823059,
            0.003648705780506134
          ],
          [
            -0.7651633024215698,
            0.0019431784749031067,
            -0.6438443660736084,
            1.425284504890442
          ],
          [
            0.0,
            0.0,
            0.0,
            1.0
          ]
        ]
      },
      "bone_length_armature_space": 0.26796950155427046,
      "parent": "spine_01",
      "has_children": true,
      "is_end_bone": false
    },
    "lowerarm_l": {
      "name": "lowerarm_l",
      "local": {
        "location": {
          "x": 0.0,
          "y": 0.0,
          "z": 0.0
        },
        "rotation_quaternion": {
          "w": 0.9599233269691467,
          "x": 0.13853855431079865,
          "y": 0.14884160459041595,
          "z": -0.19287444651126862
        },
        "scale": {
          "x": 1.0,
          "y": 1.0,
          "z": 1.0
        },
        "matrix_basis": [
          [
            0.8812912702560425,
            0.4115299582481384,
            0.23231196403503418,
            0.0
          ],
          [
            -0.329048752784729,
            0.8872130513191223,
            -0.3233882784843445,
            0.0
          ],
          [
            -0.3391941487789154,
            0.20855729281902313,
            0.9173064827919006,
            0.0
          ],
          [
            0.0,
            0.0,
            0.0,
            1.0
          ]
        ],
        "rotation_mode": "QUATERNION"
      },
      "armature_space": {
        "head": {
          "x": 0.34553372859954834,
          "y": -0.2834225296974182,
          "z": 0.47595125436782837
        },
        "tail": {
          "x": 0.45707428455352783,
          "y": -0.4906488060951233,
          "z": 0.34872856736183167
        }
      },
      "world_space": {
        "head": {
          "x": 0.34553372859954834,
          "y": -0.2201785296201706,
          "z": 1.4258053302764893
        },
        "tail": {
          "x": 0.45707428455352783,
          "y": -0.42740482091903687,
          "z": 1.2985825538635254
        },
        "rotation_quaternion": {
          "w": 0.1430971920490265,
          "x": -0.8636625409126282,
          "y": -0.3036770522594452,
          "z": 0.3760194778442383
        },
        "matrix": [
          [
            0.5327787399291992,
            0.41693586111068726,
            -0.7364183068275452,
            0.34553372859954834
          ],
          [
            0.6321640610694885,
            -0.7746068239212036,
            0.01879635453224182,
            -0.2201785296201706
          ],
          [
            -0.56260085105896,
            -0.47555530071258545,
            -0.6762704253196716,
            1.4258053302764893
          ],
          [
            0.0,
            0.0,
            0.0,
            1.0
          ]
        ]
      },
      "bone_length_armature_space": 0.2675250185175143,
      "parent": "upperarm_l",
      "has_children": true,
      "is_end_bone": false
    },
    "metacarpal_thumb_l": {
      "name": "metacarpal_thumb_l",
      "local": {
        "location": {
          "x": 0.0,
          "y": 0.0,
          "z": 0.0
        },
        "rotation_quaternion": {
          "w": 0.998589038848877,
          "x": -0.05246017873287201,
          "y": 0.003002121113240719,
          "z": -0.0076750111766159534
        },
        "scale": {
          "x": 1.0,
          "y": 1.0,
          "z": 1.0
        },
        "matrix_basis": [
          [
            0.9998641610145569,
            0.015013380907475948,
            0.00680103525519371,
            0.0
          ],
          [
            -0.015643347054719925,
            0.9943780303001404,
            0.10472623258829117,
            0.0
          ],
          [
            -0.005190505646169186,
            -0.10481840372085571,
            0.9944778084754944,
            0.0
          ],
          [
            0.0,
            0.0,
            0.0,
            1.0
          ]
        ],
        "rotation_mode": "QUATERNION"
      },
      "armature_space": {
        "head": {
          "x": 0.45707428455352783,
          "y": -0.4906488060951233,
          "z": 0.34872856736183167
        },
        "tail": {
          "x": 0.45486366748809814,
          "y": -0.5187764763832092,
          "z": 0.30801546573638916
        }
      },
      "world_space": {
        "head": {
          "x": 0.45707428455352783,
          "y": -0.42740482091903687,
          "z": 1.2985825538635254
        },
        "tail": {
          "x": 0.45486366748809814,
          "y": -0.4555324912071228,
          "z": 1.2578694820404053
        },
        "rotation_quaternion": {
          "w": 0.44461721181869507,
          "x": -0.8596367239952087,
          "y": 0.13561324775218964,
          "z": -0.21201221644878387
        },
        "matrix": [
          [
            0.8733200430870056,
            -0.04462828487157822,
            0.4850989580154419,
            0.45707428455352783
          ],
          [
            -0.42168477177619934,
            -0.5678496360778809,
            0.7069151997566223,
            -0.42740482091903687
          ],
          [
            0.24391621351242065,
            -0.8219278454780579,
            -0.5147362947463989,
            1.2985825538635254
          ],
          [
            0.0,
            0.0,
            0.0,
            1.0
          ]
        ]
      },
      "bone_length_armature_space": 0.049533920853547464,
      "parent": "lowerarm_l",
      "has_children": true,
      "is_end_bone": false
    },
    "thumb_01_l": {
      "name": "thumb_01_l",
      "local": {
        "location": {
          "x": 0.0,
          "y": 0.0,
          "z": 0.0
        },
        "rotation_quaternion": {
          "w": 0.9626724720001221,
          "x": 0.2701147198677063,
          "y": 0.007895280607044697,
          "z": -0.015412815846502781
        },
        "scale": {
          "x": 1.0,
          "y": 1.0,
          "z": 1.0
        },
        "matrix_basis": [
          [
            0.9994001984596252,
            0.03394025191664696,
            0.006874681916087866,
            0.0
          ],
          [
            -0.025409724563360214,
            0.8536009788513184,
            -0.5203073620796204,
            0.0
          ],
          [
            -0.0235275961458683,
            0.5198206305503845,
            0.8539513945579529,
            0.0
          ],
          [
            0.0,
            0.0,
            0.0,
            1.0
          ]
        ],
        "rotation_mode": "QUATERNION"
      },
      "armature_space": {
        "head": {
          "x": 0.45486366748809814,
          "y": -0.5187764763832092,
          "z": 0.30801546573638916
        },
        "tail": {
          "x": 0.4769943356513977,
          "y": -0.5211390256881714,
          "z": 0.2822611331939697
        }
      },
      "world_space": {
        "head": {
          "x": 0.45486366748809814,
          "y": -0.4555324912071228,
          "z": 1.2578694820404053
        },
        "tail": {
          "x": 0.4769943356513977,
          "y": -0.45789504051208496,
          "z": 1.2321151494979858
        },
        "rotation_quaternion": {
          "w": 0.5357272028923035,
          "x": -0.14056769013404846,
          "y": 0.42224541306495667,
          "z": -0.7175973057746887
        },
        "matrix": [
          [
            -0.38647139072418213,
            0.6501646041870117,
            0.6541608572006226,
            0.45486366748809814
          ],
          [
            -0.8875826597213745,
            -0.06940878927707672,
            -0.4553895890712738,
            -0.4555324912071228
          ],
          [
            -0.25067591667175293,
            -0.7566219568252563,
            0.60390305519104,
            1.2578694820404053
          ],
          [
            0.0,
            0.0,
            0.0,
            1.0
          ]
        ]
      },
      "bone_length_armature_space": 0.03403871007006741,
      "parent": "metacarpal_thumb_l",
      "has_children": true,
      "is_end_bone": false
    },
    "thumb_02_l": {
      "name": "thumb_02_l",
      "local": {
        "location": {
          "x": 0.0,
          "y": 0.0,
          "z": 0.0
        },
        "rotation_quaternion": {
          "w": 0.8888256549835205,
          "x": 0.4580632150173187,
          "y": 0.007693707011640072,
          "z": 0.01039071660488844
        },
        "scale": {
          "x": 1.0,
          "y": 1.0,
          "z": 1.0
        },
        "matrix_basis": [
          [
            0.9996656775474548,
            -0.011422662995755672,
            0.023195939138531685,
            0.0
          ],
          [
            0.0255194790661335,
            0.580140233039856,
            -0.8141167759895325,
            0.0
          ],
          [
            -0.004157518036663532,
            0.8144365549087524,
            0.5802378058433533,
            0.0
          ],
          [
            0.0,
            0.0,
            0.0,
            1.0
          ]
        ],
        "rotation_mode": "QUATERNION"
      },
      "armature_space": {
        "head": {
          "x": 0.4769943058490753,
          "y": -0.5211390256881714,
          "z": 0.2822611331939697
        },
        "tail": {
          "x": 0.47536927461624146,
          "y": -0.5533912777900696,
          "z": 0.3061428666114807
        }
      },
      "world_space": {
        "head": {
          "x": 0.4769943058490753,
          "y": -0.45789504051208496,
          "z": 1.2321151494979858
        },
        "tail": {
          "x": 0.47536927461624146,
          "y": -0.49014729261398315,
          "z": 1.2559969425201416
        },
        "rotation_quaternion": {
          "w": 0.08639274537563324,
          "x": 0.32273221015930176,
          "y": -0.30171722173690796,
          "z": -0.8929428458213806
        },
        "matrix": [
          [
            -0.776760995388031,
            -0.04045945405960083,
            -0.6284949779510498,
            0.4769943058490753
          ],
          [
            -0.349035382270813,
            -0.8030063509941101,
            0.48306864500045776,
            -0.45789504051208496
          ],
          [
            -0.524233877658844,
            0.5945993065834045,
            0.6096266508102417,
            1.2321151494979858
          ],
          [
            0.0,
            0.0,
            0.0,
            1.0
          ]
        ]
      },
      "bone_length_armature_space": 0.04016448309581244,
      "parent": "thumb_01_l",
      "has_children": true,
      "is_end_bone": false
    },
    "thumb_03_l": {
      "name": "thumb_03_l",
      "local": {
        "location": {
          "x": 0.0,
          "y": 0.0,
          "z": 0.0
        },
        "rotation_quaternion": {
          "w": 0.987576425075531,
          "x": 0.15700967609882355,
          "y": 0.005265799351036549,
          "z": 0.003619348630309105
        },
        "scale": {
          "x": 1.0,
          "y": 1.0,
          "z": 1.0
        },
        "matrix_basis": [
          [
            0.9999183416366577,
            -0.005495203658938408,
            0.011537304148077965,
            0.0
          ],
          [
            0.008802330121397972,
            0.9506697058677673,
            -0.31007999181747437,
            0.0
          ],
          [
            -0.009264213033020496,
            0.3101562261581421,
            0.9506404399871826,
            0.0
          ],
          [
            0.0,
            0.0,
            0.0,
            1.0
          ]
        ],
        "rotation_mode": "QUATERNION"
      },
      "armature_space": {
        "head": {
          "x": 0.47536927461624146,
          "y": -0.5533913373947144,
          "z": 0.30614277720451355
        },
        "tail": {
          "x": 0.46492800116539,
          "y": -0.5656253099441528,
          "z": 0.3319925367832184
        }
      },
      "world_space": {
        "head": {
          "x": 0.47536927461624146,
          "y": -0.49014735221862793,
          "z": 1.255996823310852
        },
        "tail": {
          "x": 0.46492800116539,
          "y": -0.5023813247680664,
          "z": 1.281846523284912
        },
        "rotation_quaternion": {
          "w": 0.12667618691921234,
          "x": 0.4848400056362152,
          "y": -0.5320086479187012,
          "z": -0.6825322508811951
        },
        "matrix": [
          [
            -0.49776360392570496,
            -0.34295645356178284,
            -0.7966259717941284,
            0.47536927461624146
          ],
          [
            -0.6888019442558289,
            -0.4018402695655823,
            0.6033875942230225,
            -0.49014735221862793
          ],
          [
            -0.5270560383796692,
            0.849067211151123,
            -0.03620731830596924,
            1.255996823310852
          ],
          [
            0.0,
            0.0,
            0.0,
            1.0
          ]
        ]
      },
      "bone_length_armature_space": 0.03044503853288508,
      "parent": "thumb_02_l",
      "has_children": false,
      "is_end_bone": true
    },
    "metacarpal_index_l": {
      "name": "metacarpal_index_l",
      "local": {
        "location": {
          "x": 0.0,
          "y": 0.0,
          "z": 0.0
        },
        "rotation_quaternion": {
          "w": 0.99955815076828,
          "x": -0.019550228491425514,
          "y": 0.019445886835455894,
          "z": -0.01110005658119917
        },
        "scale": {
          "x": 1.0,
          "y": 1.0,
          "z": 1.0
        },
        "matrix_basis": [
          [
            0.9989972710609436,
            0.021429961547255516,
            0.03930860757827759,
            0.0
          ],
          [
            -0.02295064739882946,
            0.9989891648292542,
            0.0386514812707901,
            0.0
          ],
          [
            -0.03844057023525238,
            -0.03951488062739372,
            0.9984793066978455,
            0.0
          ],
          [
            0.0,
            0.0,
            0.0,
            1.0
          ]
        ],
        "rotation_mode": "QUATERNION"
      },
      "armature_space": {
        "head": {
          "x": 0.45707428455352783,
          "y": -0.4906488060951233,
          "z": 0.34872856736183167
        },
        "tail": {
          "x": 0.48306429386138916,
          "y": -0.5752018690109253,
          "z": 0.27188706398010254
        }
      },
      "world_space": {
        "head": {
          "x": 0.45707428455352783,
          "y": -0.42740482091903687,
          "z": 1.2985825538635254
        },
        "tail": {
          "x": 0.48306429386138916,
          "y": -0.5119578838348389,
          "z": 1.2217410802841187
        },
        "rotation_quaternion": {
          "w": 0.35753127932548523,
          "x": -0.9271831512451172,
          "y": -0.10659909248352051,
          "z": -0.03375554457306862
        },
        "matrix": [
          [
            0.9749945998191833,
            0.22181114554405212,
            -0.013630535453557968,
            0.45707428455352783
          ],
          [
            0.1735372394323349,
            -0.7216163873672485,
            0.6701902747154236,
            -0.42740482091903687
          ],
          [
            0.1388208270072937,
            -0.6558023691177368,
            -0.7420689463615417,
            1.2985825538635254
          ],
          [
            0.0,
            0.0,
            0.0,
            1.0
          ]
        ]
      },
      "bone_length_armature_space": 0.11717217166310892,
      "parent": "lowerarm_l",
      "has_children": true,
      "is_end_bone": false
    },
    "index_01_l": {
      "name": "index_01_l",
      "local": {
        "location": {
          "x": 0.0,
          "y": 0.0,
          "z": 0.0
        },
        "rotation_quaternion": {
          "w": 0.9414005279541016,
          "x": 0.3371058404445648,
          "y": 0.010925665497779846,
          "z": -0.0023201406002044678
        },
        "scale": {
          "x": 1.0,
          "y": 1.0,
          "z": 1.0
        },
        "matrix_basis": [
          [
            0.9997504949569702,
            0.011734574101865292,
            0.01900658942759037,
            0.0
          ],
          [
            0.002997848205268383,
            0.772708535194397,
            -0.634753942489624,
            0.0
          ],
          [
            -0.022135119885206223,
            0.6346525549888611,
            0.7724805474281311,
            0.0
          ],
          [
            0.0,
            0.0,
            0.0,
            1.0
          ]
        ],
        "rotation_mode": "QUATERNION"
      },
      "armature_space": {
        "head": {
          "x": 0.48306429386138916,
          "y": -0.5752018690109253,
          "z": 0.27188706398010254
        },
        "tail": {
          "x": 0.49655118584632874,
          "y": -0.5798799991607666,
          "z": 0.24720311164855957
        }
      },
      "world_space": {
        "head": {
          "x": 0.48306429386138916,
          "y": -0.5119578838348389,
          "z": 1.2217410802841187
        },
        "tail": {
          "x": 0.49655118584632874,
          "y": -0.5166360139846802,
          "z": 1.1970571279525757
        },
        "rotation_quaternion": {
          "w": 0.5809444785118103,
          "x": -0.7621089220046997,
          "y": -0.2836770713329315,
          "z": -0.034942664206027985
        },
        "matrix": [
          [
            0.8366119861602783,
            0.4729854166507721,
            -0.27634313702583313,
            0.48306429386138916
          ],
          [
            0.3917888402938843,
            -0.16406181454658508,
            0.9053097367286682,
            -0.5119578838348389
          ],
          [
            0.38286393880844116,
            -0.8656669855117798,
            -0.32256779074668884,
            1.2217410802841187
          ],
          [
            0.0,
            0.0,
            0.0,
            1.0
          ]
        ]
      },
      "bone_length_armature_space": 0.028514533662978195,
      "parent": "metacarpal_index_l",
      "has_children": true,
      "is_end_bone": false
    },
    "index_02_l": {
      "name": "index_02_l",
      "local": {
        "location": {
          "x": 0.0,
          "y": 0.0,
          "z": 0.0
        },
        "rotation_quaternion": {
          "w": 0.8920150399208069,
          "x": 0.4518696665763855,
          "y": 0.0004985653795301914,
          "z": -0.011082900688052177
        },
        "scale": {
          "x": 1.0,
          "y": 1.0,
          "z": 1.0
        },
        "matrix_basis": [
          [
            0.9997538328170776,
            0.020222801715135574,
            -0.00912659801542759,
            0.0
          ],
          [
            -0.019321655854582787,
            0.5913819670677185,
            -0.8061601519584656,
            0.0
          ],
          [
            -0.010905508883297443,
            0.8061380386352539,
            0.5916271209716797,
            0.0
          ],
          [
            0.0,
            0.0,
            0.0,
            1.0
          ]
        ],
        "rotation_mode": "QUATERNION"
      },
      "armature_space": {
        "head": {
          "x": 0.4965510666370392,
          "y": -0.5798798203468323,
          "z": 0.24720260500907898
        },
        "tail": {
          "x": 0.49821093678474426,
          "y": -0.5643993020057678,
          "z": 0.22681401669979095
        }
      },
      "world_space": {
        "head": {
          "x": 0.4965510666370392,
          "y": -0.5166358351707458,
          "z": 1.1970566511154175
        },
        "tail": {
          "x": 0.49821093678474426,
          "y": -0.5011553168296814,
          "z": 1.1766680479049683
        },
        "rotation_quaternion": {
          "w": 0.8442093729972839,
          "x": -0.43048396706581116,
          "y": -0.2983892261981964,
          "z": 0.11383360624313354
        },
        "matrix": [
          [
            0.796012282371521,
            0.06470409035682678,
            -0.6018123626708984,
            0.4965510666370392
          ],
          [
            0.4491021931171417,
            0.6034514904022217,
            0.6589037775993347,
            -0.5166358351707458
          ],
          [
            0.4058014750480652,
            -0.7947754859924316,
            0.45129960775375366,
            1.1970566511154175
          ],
          [
            0.0,
            0.0,
            0.0,
            1.0
          ]
        ]
      },
      "bone_length_armature_space": 0.025653384680605164,
      "parent": "index_01_l",
      "has_children": true,
      "is_end_bone": false
    },
    "index_03_l": {
      "name": "index_03_l",
      "local": {
        "location": {
          "x": 0.0,
          "y": 0.0,
          "z": 0.0
        },
        "rotation_quaternion": {
          "w": 0.9209836721420288,
          "x": 0.3895754814147949,
          "y": 0.004306120332330465,
          "z": 0.0012999068712815642
        },
        "scale": {
          "x": 1.0,
          "y": 1.0,
          "z": 1.0
        },
        "matrix_basis": [
          [
            0.9999595284461975,
            0.0009607318206690252,
            0.008944557048380375,
            0.0
          ],
          [
            0.005749503616243601,
            0.6964585185050964,
            -0.7175741195678711,
            0.0
          ],
          [
            -0.00691890949383378,
            0.7175965309143066,
            0.6964247822761536,
            0.0
          ],
          [
            0.0,
            0.0,
            0.0,
            1.0
          ]
        ],
        "rotation_mode": "QUATERNION"
      },
      "armature_space": {
        "head": {
          "x": 0.49821099638938904,
          "y": -0.5643994808197021,
          "z": 0.22681395709514618
        },
        "tail": {
          "x": 0.4883900284767151,
          "y": -0.5370374321937561,
          "z": 0.22388187050819397
        }
      },
      "world_space": {
        "head": {
          "x": 0.49821099638938904,
          "y": -0.5011554956436157,
          "z": 1.1766679286956787
        },
        "tail": {
          "x": 0.4883900284767151,
          "y": -0.4737934470176697,
          "z": 1.1737358570098877
        },
        "rotation_quaternion": {
          "w": 0.9577869176864624,
          "x": -0.010484009981155396,
          "y": -0.22555096447467804,
          "z": 0.1779356747865677
        },
        "matrix": [
          [
            0.834931492805481,
            -0.3361198306083679,
            -0.43579041957855225,
            0.49821099638938904
          ],
          [
            0.34557873010635376,
            0.9364582300186157,
            -0.06018444895744324,
            -0.5011554956436157
          ],
          [
            0.42833182215690613,
            -0.10034993290901184,
            0.8980401158332825,
            1.1766679286956787
          ],
          [
            0.0,
            0.0,
            0.0,
            1.0
          ]
        ]
      },
      "bone_length_armature_space": 0.029218662904923774,
      "parent": "index_02_l",
      "has_children": false,
      "is_end_bone": true
    },
    "metacarpal_pinky_l": {
      "name": "metacarpal_pinky_l",
      "local": {
        "location": {
          "x": 0.0,
          "y": 0.0,
          "z": 0.0
        },
        "rotation_quaternion": {
          "w": 0.9995732307434082,
          "x": -0.02026779018342495,
          "y": -0.007638524752110243,
          "z": -0.019603239372372627
        },
        "scale": {
          "x": 1.0,
          "y": 1.0,
          "z": 1.0
        },
        "matrix_basis": [
          [
            0.9991147518157959,
            0.03949937969446182,
            -0.014475900679826736,
            0.0
          ],
          [
            -0.0388801135122776,
            0.9984098672866821,
            0.040817759931087494,
            0.0
          ],
          [
            0.01606515794992447,
            -0.04021880030632019,
            0.9990617632865906,
            0.0
          ],
          [
            0.0,
            0.0,
            0.0,
            1.0
          ]
        ],
        "rotation_mode": "QUATERNION"
      },
      "armature_space": {
        "head": {
          "x": 0.45707428455352783,
          "y": -0.4906488060951233,
          "z": 0.34872856736183167
        },
        "tail": {
          "x": 0.5230079889297485,
          "y": -0.5649676322937012,
          "z": 0.3175405263900757
        }
      },
      "world_space": {
        "head": {
          "x": 0.45707428455352783,
          "y": -0.42740482091903687,
          "z": 1.2985825538635254
        },
        "tail": {
          "x": 0.5230079889297485,
          "y": -0.5017236471176147,
          "z": 1.2673945426940918
        },
        "rotation_quaternion": {
          "w": 0.2070818543434143,
          "x": 0.48366934061050415,
          "y": 0.3166450262069702,
          "z": -0.789250910282135
        },
        "matrix": [
          [
            -0.4463629126548767,
            0.6331817507743835,
            -0.6323304176330566,
            0.45707428455352783
          ],
          [
            -0.020577464252710342,
            -0.7137069702148438,
            -0.7001425623893738,
            -0.42740482091903687
          ],
          [
            -0.8946219086647034,
            -0.2995084524154663,
            0.3316029906272888,
            1.2985825538635254
          ],
          [
            0.0,
            0.0,
            0.0,
            1.0
          ]
        ]
      },
      "bone_length_armature_space": 0.10413085829906432,
      "parent": "lowerarm_l",
      "has_children": true,
      "is_end_bone": false
    },
    "pinky_01_l": {
      "name": "pinky_01_l",
      "local": {
        "location": {
          "x": 0.0,
          "y": 0.0,
          "z": 0.0
        },
        "rotation_quaternion": {
          "w": 0.9509202241897583,
          "x": 0.30892905592918396,
          "y": -0.011002205312252045,
          "z": -0.013879576697945595
        },
        "scale": {
          "x": 1.0,
          "y": 1.0,
          "z": 1.0
        },
        "matrix_basis": [
          [
            0.9993726015090942,
            0.019598938524723053,
            -0.029500048607587814,
            0.0
          ],
          [
            -0.033194541931152344,
            0.8087403774261475,
            -0.5872283577919006,
            0.0
          ],
          [
            0.01234882976859808,
            0.5878391861915588,
            0.8088836073875427,
            0.0
          ],
          [
            0.0,
            0.0,
            0.0,
            1.0
          ]
        ],
        "rotation_mode": "QUATERNION"
      },
      "armature_space": {
        "head": {
          "x": 0.5230079889297485,
          "y": -0.5649676322937012,
          "z": 0.3175405263900757
        },
        "tail": {
