{
  "metadata": {
    "armature_name": "KIM_caucasian_male",
    "export_time": "2026-01-13T21:05:00.064787",
    "blender_version": "4.4.1",
    "bone_count": 56,
    "end_bone_count": 13,
    "spaces_included": [
      "LOCAL_CHANNELS",
      "ARMATURE_SPACE",
      "WORLD_SPACE"
    ],
    "note": "LOCAL matches Transform panel; replay pose via local.matrix_basis for best fidelity."
  },
  "bones": {
    "Root": {
      "name": "Root",
      "local": {
        "location": {
          "x": 0.0,
          "y": 0.0,
          "z": 0.0
        },
        "rotation_quaternion": {
          "w": 0.999496340751648,
          "x": -0.013240974396467209,
          "y": 0.0006201844662427902,
          "z": 0.02883523888885975
        },
        "scale": {
          "x": 1.0,
          "y": 1.0,
          "z": 1.0
        },
        "matrix_basis": [
          [
            0.9983363151550293,
            -0.05765785649418831,
            0.00047613089554943144,
            0.0
          ],
          [
            0.05762500688433647,
            0.9979864358901978,
            0.026504376903176308,
            0.0
          ],
          [
            -0.0020033575128763914,
            -0.026432843878865242,
            0.9996485710144043,
            0.0
          ],
          [
            0.0,
            0.0,
            0.0,
            1.0
          ]
        ],
        "rotation_mode": "QUATERNION"
      },
      "armature_space": {
        "head": {
          "x": 0.0,
          "y": 0.07072800397872925,
          "z": -0.009595036506652832
        },
        "tail": {
          "x": -0.00411537941545248,
          "y": 0.0003960356116294861,
          "z": 0.0018502343446016312
        }
      },
      "world_space": {
        "head": {
          "x": 0.0,
          "y": 0.13397200405597687,
          "z": 0.9402589797973633
        },
        "tail": {
          "x": -0.00411537941545248,
          "y": 0.0636400356888771,
          "z": 0.9517042636871338
        },
        "rotation_quaternion": {
          "w": 0.080544613301754,
          "x": 0.996333658695221,
          "y": -0.028727950528264046,
          "z": 0.002561347559094429
        },
        "matrix": [
          [
            0.9983363151550293,
            -0.05765785649418831,
            0.00047613089554943144,
            0.0
          ],
          [
            -0.05683264136314392,
            -0.9853745698928833,
            -0.1606462597846985,
            0.13397200405597687
          ],
          [
            0.009731699712574482,
            0.16035211086273193,
            -0.9870189428329468,
            0.9402589797973633
          ],
          [
            0.0,
            0.0,
            0.0,
            1.0
          ]
        ]
      },
      "bone_length_armature_space": 0.07137588054713834,
      "parent": null,
      "has_children": true,
      "is_end_bone": false
    },
    "spine_01": {
      "name": "spine_01",
      "local": {
        "location": {
          "x": 0.0,
          "y": 0.0,
          "z": 0.0
        },
        "rotation_quaternion": {
          "w": 0.9973111748695374,
          "x": 0.05087123066186905,
          "y": -0.05136798322200775,
          "z": -0.011994924396276474
        },
        "scale": {
          "x": 1.0,
          "y": 1.0,
          "z": 1.0
        },
        "matrix_basis": [
          [
            0.9944348931312561,
            0.0186990387737751,
            -0.10368011891841888,
            0.0
          ],
          [
            -0.02915165014564991,
            0.9945364594459534,
            -0.10023657977581024,
            0.0
          ],
          [
            0.10123933106660843,
            0.10270120203495026,
            0.9895468950271606,
            0.0
          ],
          [
            0.0,
            0.0,
            0.0,
            1.0
          ]
        ],
        "rotation_mode": "QUATERNION"
      },
      "armature_space": {
        "head": {
          "x": -0.00411537941545248,
          "y": 0.0003960356116294861,
          "z": 0.0018502343446016312
        },
        "tail": {
          "x": -0.0005736742168664932,
          "y": -0.014429661445319653,
          "z": 0.4896167516708374
        }
      },
      "world_space": {
        "head": {
          "x": -0.00411537941545248,
          "y": 0.0636400356888771,
          "z": 0.9517042636871338
        },
        "tail": {
          "x": -0.0005736742168664932,
          "y": 0.04881433770060539,
          "z": 1.4394707679748535
        },
        "rotation_quaternion": {
          "w": 0.6942475438117981,
          "x": 0.7152526378631592,
          "y": -0.05319780483841896,
          "z": -0.06003432720899582
        },
        "matrix": [
          [
            0.9871317744255066,
            0.007257574237883091,
            -0.15974420309066772,
            -0.00411537941545248
          ],
          [
            -0.1594569981098175,
            -0.030380450189113617,
            -0.9867374300956726,
            0.0636400356888771
          ],
          [
            -0.012014653533697128,
            0.9995189905166626,
            -0.028833337128162384,
            0.9517042636871338
          ],
          [
            0.0,
            0.0,
            0.0,
            1.0
          ]
        ]
      },
      "bone_length_armature_space": 0.48800461229413006,
      "parent": "Root",
      "has_children": true,
      "is_end_bone": false
    },
    "neck_01": {
      "name": "neck_01",
      "local": {
        "location": {
          "x": 0.0,
          "y": 0.0,
          "z": 0.0
        },
        "rotation_quaternion": {
          "w": 0.9913344383239746,
          "x": -0.039751794189214706,
          "y": 0.052166178822517395,
          "z": -0.11381881684064865
        },
        "scale": {
          "x": 1.0,
          "y": 1.0,
          "z": 1.0
        },
        "matrix_basis": [
          [
            0.9686479568481445,
            0.2215176224708557,
            0.11247726529836655,
            0.0
          ],
          [
            -0.22981242835521698,
            0.9709301590919495,
            0.06693965941667557,
            0.0
          ],
          [
            -0.0943792536854744,
            -0.09068962931632996,
            0.991396963596344,
            0.0
          ],
          [
            0.0,
            0.0,
            0.0,
            1.0
          ]
        ],
        "rotation_mode": "QUATERNION"
      },
      "armature_space": {
        "head": {
          "x": -0.005582285113632679,
          "y": -0.050874561071395874,
          "z": 0.5618000030517578
        },
        "tail": {
          "x": 0.012872704304754734,
          "y": -0.08626655489206314,
          "z": 0.6562328338623047
        }
      },
      "world_space": {
        "head": {
          "x": -0.005582285113632679,
          "y": 0.012369439005851746,
          "z": 1.511654019355774
        },
        "tail": {
          "x": 0.012872704304754734,
          "y": -0.02302255481481552,
          "z": 1.6060868501663208
        },
        "rotation_quaternion": {
          "w": 0.5688456296920776,
          "x": 0.8171687126159668,
          "y": 0.06169689819216728,
          "z": -0.06959492713212967
        },
        "matrix": [
          [
            0.9827001690864563,
            0.18001119792461395,
            -0.04354862868785858,
            -0.005582285113632679
          ],
          [
            0.02165692299604416,
            -0.34521588683128357,
            -0.9382736086845398,
            0.012369439005851746
          ],
          [
            -0.18393465876579285,
            0.9211043119430542,
            -0.34314537048339844,
            1.511654019355774
          ],
          [
            0.0,
            0.0,
            0.0,
            1.0
          ]
        ]
      },
      "bone_length_armature_space": 0.1025218988994747,
      "parent": "spine_01",
      "has_children": true,
      "is_end_bone": false
    },
    "head": {
      "name": "head",
      "local": {
        "location": {
          "x": 0.0,
          "y": 0.0,
          "z": 0.0
        },
        "rotation_quaternion": {
          "w": 0.9908137321472168,
          "x": -0.02238418720662594,
          "y": 0.027732742950320244,
          "z": -0.13045324385166168
        },
        "scale": {
          "x": 1.0,
          "y": 1.0,
          "z": 1.0
        },
        "matrix_basis": [
          [
            0.9644256830215454,
            0.25726819038391113,
            0.06079614534974098,
            0.0
          ],
          [
            -0.2597512900829315,
            0.9649618268013,
            0.03712146729230881,
            0.0
          ],
          [
            -0.04911578446626663,
            -0.05159277096390724,
            0.9974597096443176,
            0.0
          ],
          [
            0.0,
            0.0,
            0.0,
            1.0
          ]
        ],
        "rotation_mode": "QUATERNION"
      },
      "armature_space": {
        "head": {
          "x": 0.012872682884335518,
          "y": -0.08626667410135269,
          "z": 0.6562327146530151
        },
        "tail": {
          "x": 0.07929868996143341,
          "y": -0.07493382692337036,
          "z": 0.7959195375442505
        }
      },
      "world_space": {
        "head": {
          "x": 0.012872682884335518,
          "y": -0.023022674024105072,
          "z": 1.6060867309570312
        },
        "tail": {
          "x": 0.07929868996143341,
          "y": -0.011689826846122742,
          "z": 1.7457735538482666
        },
        "rotation_quaternion": {
          "w": 0.7091040015220642,
          "x": 0.6684615015983582,
          "y": 0.18359526991844177,
          "z": -0.128932386636734
        },
        "matrix": [
          [
            0.8993387818336487,
            0.42830559611320496,
            0.08800165355205536,
            0.012872682884335518
          ],
          [
            0.06259710341691971,
            0.07307262718677521,
            -0.9953604340553284,
            -0.023022674024105072
          ],
          [
            -0.4327518045902252,
            0.9006810188293457,
            0.038905687630176544,
            1.6060867309570312
          ],
          [
            0.0,
            0.0,
            0.0,
            1.0
          ]
        ]
      },
      "bone_length_armature_space": 0.15509112572570102,
      "parent": "neck_01",
      "has_children": false,
      "is_end_bone": true
    },
    "upperarm_l": {
      "name": "upperarm_l",
      "local": {
        "location": {
          "x": 0.0,
          "y": 0.0,
          "z": 0.0
        },
        "rotation_quaternion": {
          "w": 0.8927896022796631,
          "x": -0.08791129291057587,
          "y": 0.43717679381370544,
          "z": -0.06383418291807175
        },
        "scale": {
          "x": 1.0,
          "y": 1.0,
          "z": 1.0
        },
        "matrix_basis": [
          [
            0.6096032857894897,
            0.0371154360473156,
            0.7918372750282288,
            0.0
          ],
          [
            -0.1908465474843979,
            0.9763935804367065,
            0.10115893185138702,
            0.0
          ],
          [
            -0.7693902850151062,
            -0.2127862274646759,
            0.6022961139678955,
            0.0
          ],
          [
            0.0,
            0.0,
            0.0,
            1.0
          ]
        ],
        "rotation_mode": "QUATERNION"
      },
      "armature_space": {
        "head": {
          "x": 0.14149026572704315,
          "y": -0.07589814066886902,
          "z": 0.49273043870925903
        },
        "tail": {
          "x": 0.4077792763710022,
          "y": -0.05020977929234505,
          "z": 0.4773070514202118
        }
      },
      "world_space": {
        "head": {
          "x": 0.14149026572704315,
          "y": -0.012654140591621399,
          "z": 1.44258451461792
        },
        "tail": {
          "x": 0.4077792763710022,
          "y": 0.013034220784902573,
          "z": 1.4271610975265503
        },
        "rotation_quaternion": {
          "w": 0.19881871342658997,
          "x": 0.6361276507377625,
          "y": 0.7130243182182312,
          "z": -0.21773627400398254
        },
        "matrix": [
          [
            -0.11162474006414413,
            0.9937290549278259,
            0.006506398320198059,
            0.14149026572704315
          ],
          [
            0.8205689787864685,
            0.09586302936077118,
            -0.5634511113166809,
            -0.012654140591621399
          ],
          [
            -0.5605445504188538,
            -0.057556502521038055,
            -0.8261300921440125,
            1.44258451461792
          ],
          [
            0.0,
            0.0,
            0.0,
            1.0
          ]
        ]
      },
      "bone_length_armature_space": 0.2679694026320524,
      "parent": "spine_01",
      "has_children": true,
      "is_end_bone": false
    },
    "lowerarm_l": {
      "name": "lowerarm_l",
      "local": {
        "location": {
          "x": 0.0,
          "y": 0.0,
          "z": 0.0
        },
        "rotation_quaternion": {
          "w": 0.9503252506256104,
          "x": 0.21644781529903412,
          "y": -0.006153657101094723,
          "z": -0.2235942780971527
        },
        "scale": {
          "x": 1.0,
          "y": 1.0,
          "z": 1.0
        },
        "matrix_basis": [
          [
            0.8999354839324951,
            0.4223106801509857,
            -0.10848893970251083,
            0.0
          ],
          [
            -0.4276384711265564,
            0.8063119053840637,
            -0.4086398184299469,
            0.0
          ],
          [
            -0.08509703725576401,
            0.41414350271224976,
            0.9062249660491943,
            0.0
          ],
          [
            0.0,
            0.0,
            0.0,
            1.0
          ]
        ],
        "rotation_mode": "QUATERNION"
      },
      "armature_space": {
        "head": {
          "x": 0.407779335975647,
          "y": -0.0502098985016346,
          "z": 0.4773070812225342
        },
        "tail": {
          "x": 0.6044434309005737,
          "y": -0.04837873578071594,
          "z": 0.2959519922733307
        }
      },
      "world_space": {
        "head": {
          "x": 0.407779335975647,
          "y": 0.013034101575613022,
          "z": 1.4271610975265503
        },
        "tail": {
          "x": 0.6044434309005737,
          "y": 0.014865264296531677,
          "z": 1.2458059787750244
        },
        "rotation_quaternion": {
          "w": 0.002066404791548848,
          "x": 0.5166485905647278,
          "y": 0.7095204591751099,
          "z": -0.4792190492153168
        },
        "matrix": [
          [
            -0.4661372900009155,
            0.7351256608963013,
            -0.49224579334259033,
            0.407779335975647
          ],
          [
            0.731167197227478,
            0.006844848394393921,
            -0.6821643114089966,
            0.013034101575613022
          ],
          [
            -0.49810996651649475,
            -0.6779009103775024,
            -0.5406947731971741,
            1.4271610975265503
          ],
          [
            0.0,
            0.0,
            0.0,
            1.0
          ]
        ]
      },
      "bone_length_armature_space": 0.2675252994977505,
      "parent": "upperarm_l",
      "has_children": true,
      "is_end_bone": false
    },
    "metacarpal_thumb_l": {
      "name": "metacarpal_thumb_l",
      "local": {
        "location": {
          "x": 0.0,
          "y": 0.0,
          "z": 0.0
        },
        "rotation_quaternion": {
          "w": 0.9982681274414062,
          "x": -0.05568387359380722,
          "y": -0.018162421882152557,
          "z": 0.005502847023308277
        },
        "scale": {
          "x": 1.0,
          "y": 1.0,
          "z": 1.0
        },
        "matrix_basis": [
          [
            0.9992796778678894,
            -0.008963925763964653,
            -0.03687477484345436,
            0.0
          ],
          [
            0.013009341433644295,
            0.993738055229187,
            0.110974982380867,
            0.0
          ],
          [
            0.035649094730615616,
            -0.11137476563453674,
            0.99313884973526,
            0.0
          ],
          [
            0.0,
            0.0,
            0.0,
            1.0
          ]
        ],
        "rotation_mode": "QUATERNION"
      },
      "armature_space": {
        "head": {
          "x": 0.6044434309005737,
          "y": -0.04837873578071594,
          "z": 0.2959519922733307
        },
        "tail": {
          "x": 0.6173155307769775,
          "y": -0.06570472568273544,
          "z": 0.2513680160045624
        }
      },
      "world_space": {
        "head": {
          "x": 0.6044434309005737,
          "y": 0.014865264296531677,
          "z": 1.2458059787750244
        },
        "tail": {
          "x": 0.6173155307769775,
          "y": -0.0024607256054878235,
          "z": 1.2012220621109009
        },
        "rotation_quaternion": {
          "w": 0.4981435239315033,
          "x": -0.8004315495491028,
          "y": -0.27742037177085876,
          "z": 0.18493349850177765
        },
        "matrix": [
          [
            0.7776742577552795,
            0.2598654627799988,
            -0.5724441409111023,
            0.6044434309005737
          ],
          [
            0.6283599138259888,
            -0.3497820496559143,
            0.6948501467704773,
            0.014865264296531677
          ],
          [
            -0.019662676379084587,
            -0.9000743627548218,
            -0.43530797958374023,
            1.2458059787750244
          ],
          [
            0.0,
            0.0,
            0.0,
            1.0
          ]
        ]
      },
      "bone_length_armature_space": 0.04953394520029122,
      "parent": "lowerarm_l",
      "has_children": true,
      "is_end_bone": false
    },
    "thumb_01_l": {
      "name": "thumb_01_l",
      "local": {
        "location": {
          "x": 0.0,
          "y": 0.0,
          "z": 0.0
        },
        "rotation_quaternion": {
          "w": 0.9993990063667297,
          "x": 0.03015156462788582,
          "y": -0.016354896128177643,
          "z": 0.005000426899641752
        },
        "scale": {
          "x": 1.0,
          "y": 1.0,
          "z": 1.0
        },
        "matrix_basis": [
          [
            0.9994150400161743,
            -0.010981095023453236,
            -0.0323885940015316,
            0.0
          ],
          [
            0.009008591994643211,
            0.9981317520141602,
            -0.06043045222759247,
            0.0
          ],
          [
            0.032991673797369,
            0.06010332331061363,
            0.9976468086242676,
            0.0
          ],
          [
            0.0,
            0.0,
            0.0,
            1.0
          ]
        ],
        "rotation_mode": "QUATERNION"
      },
      "armature_space": {
        "head": {
          "x": 0.6173155307769775,
          "y": -0.06570472568273544,
          "z": 0.2513680160045624
        },
        "tail": {
          "x": 0.6068347096443176,
          "y": -0.05702083930373192,
          "z": 0.22016897797584534
        }
      },
      "world_space": {
        "head": {
          "x": 0.6173155307769775,
          "y": -0.0024607256054878235,
          "z": 1.2012220621109009
        },
        "tail": {
          "x": 0.6068347096443176,
          "y": 0.006223160773515701,
          "z": 1.170022964477539
        },
        "rotation_quaternion": {
          "w": 0.6676315665245056,
          "x": -0.5921587944030762,
          "y": 0.4264124631881714,
          "z": -0.14760944247245789
        },
        "matrix": [
          [
            0.592765212059021,
            -0.3079098165035248,
            0.7441912293434143,
            0.6173155307769775
          ],
          [
            -0.7021074891090393,
            0.2551189363002777,
            0.6648006439208984,
            -0.0024607256054878235
          ],
          [
            -0.39455902576446533,
            -0.916579008102417,
            -0.0649600625038147,
            1.2012220621109009
          ],
          [
            0.0,
            0.0,
            0.0,
            1.0
          ]
        ]
      },
      "bone_length_armature_space": 0.03403876451084878,
      "parent": "metacarpal_thumb_l",
      "has_children": true,
      "is_end_bone": false
    },
    "thumb_02_l": {
      "name": "thumb_02_l",
      "local": {
        "location": {
          "x": 0.0,
          "y": 0.0,
          "z": 0.0
        },
        "rotation_quaternion": {
          "w": 0.9968757629394531,
          "x": 0.07886771857738495,
          "y": -0.0022377457935363054,
          "z": -0.0036855200305581093
        },
        "scale": {
          "x": 1.0,
          "y": 1.0,
          "z": 1.0
        },
        "matrix_basis": [
          [
            0.9999628067016602,
            0.006995039526373148,
            -0.005042846314609051,
            0.0
          ],
          [
            -0.007700982969254255,
            0.9875326156616211,
            -0.15722614526748657,
            0.0
          ],
          [
            0.003880172036588192,
            0.15725912153720856,
            0.9875497221946716,
            0.0
          ],
          [
            0.0,
            0.0,
            0.0,
            1.0
          ]
        ],
        "rotation_mode": "QUATERNION"
      },
      "armature_space": {
        "head": {
          "x": 0.6068346500396729,
          "y": -0.057020850479602814,
          "z": 0.22016899287700653
        },
        "tail": {
          "x": 0.6381230354309082,
          "y": -0.05487581714987755,
          "z": 0.19507667422294617
        }
      },
      "world_space": {
        "head": {
          "x": 0.6068346500396729,
          "y": 0.006223149597644806,
          "z": 1.170022964477539
        },
        "tail": {
          "x": 0.6381230354309082,
          "y": 0.008368182927370071,
          "z": 1.1449307203292847
        },
        "rotation_quaternion": {
          "w": 0.6660925149917603,
          "x": -0.181951642036438,
          "y": 0.288140207529068,
          "z": -0.6634680032730103
        },
        "matrix": [
          [
            -0.04643191397190094,
            0.7790074348449707,
            0.6252928376197815,
            0.6068346500396729
          ],
          [
            -0.9887170791625977,
            0.053406357765197754,
            -0.1399531215429306,
            0.006223149597644806
          ],
          [
            -0.14242085814476013,
            -0.6247400641441345,
            0.7677432298660278,
            1.170022964477539
          ],
          [
            0.0,
            0.0,
            0.0,
            1.0
          ]
        ]
      },
      "bone_length_armature_space": 0.04016452086640806,
      "parent": "thumb_01_l",
      "has_children": true,
      "is_end_bone": false
    },
    "thumb_03_l": {
      "name": "thumb_03_l",
      "local": {
        "location": {
          "x": 0.0,
          "y": 0.0,
          "z": 0.0
        },
        "rotation_quaternion": {
          "w": 0.9973800182342529,
          "x": 0.07216710597276688,
          "y": -0.0017079906538128853,
          "z": 0.004703819751739502
        },
        "scale": {
          "x": 1.0,
          "y": 1.0,
          "z": 1.0
        },
        "matrix_basis": [
          [
            0.9999499320983887,
            -0.009629513137042522,
            -0.0027281094808131456,
            0.0
          ],
          [
            0.009136470034718513,
            0.9895395636558533,
            -0.14397212862968445,
            0.0
          ],
          [
            0.004085953813046217,
            0.14393998682498932,
            0.9895780086517334,
            0.0
          ],
          [
            0.0,
            0.0,
            0.0,
            1.0
          ]
        ],
        "rotation_mode": "QUATERNION"
      },
      "armature_space": {
        "head": {
          "x": 0.6381229162216187,
          "y": -0.05487586557865143,
          "z": 0.19507665932178497
        },
        "tail": {
          "x": 0.6674771308898926,
          "y": -0.05171683058142662,
          "z": 0.18764424324035645
        }
      },
      "world_space": {
        "head": {
          "x": 0.6381229162216187,
          "y": 0.008368134498596191,
          "z": 1.1449307203292847
        },
        "tail": {
          "x": 0.6674771308898926,
          "y": 0.011527169495821,
          "z": 1.1374982595443726
        },
        "rotation_quaternion": {
          "w": 0.6819078922271729,
          "x": 0.10666162520647049,
          "y": 0.2947612702846527,
          "z": -0.6608637571334839
        },
        "matrix": [
          [
            -0.047251492738723755,
            0.9641762971878052,
            0.26101914048194885,
            0.6381229162216187
          ],
          [
            -0.8384166359901428,
            0.1037624180316925,
            -0.5350621342658997,
            0.008368134498596191
          ],
          [
            -0.5429824590682983,
            -0.24412672221660614,
            0.8034836053848267,
            1.1449307203292847
          ],
          [
            0.0,
            0.0,
            0.0,
            1.0
          ]
        ]
      },
      "bone_length_armature_space": 0.030444871525572195,
      "parent": "thumb_02_l",
      "has_children": false,
      "is_end_bone": true
    },
    "metacarpal_index_l": {
      "name": "metacarpal_index_l",
      "local": {
        "location": {
          "x": 0.0,
          "y": 0.0,
          "z": 0.0
        },
        "rotation_quaternion": {
          "w": 0.9996057748794556,
          "x": -0.022209828719496727,
          "y": 0.01676531508564949,
          "z": -0.003751677693799138
        },
        "scale": {
          "x": 1.0,
          "y": 1.0,
          "z": 1.0
        },
        "matrix_basis": [
          [
            0.9994096755981445,
            0.006755687762051821,
            0.03368405997753143,
            0.0
          ],
          [
            -0.008245106786489487,
            0.9989852905273438,
            0.04427634924650192,
            0.0
          ],
          [
            -0.033350761979818344,
            -0.044527940452098846,
            0.998451292514801,
            0.0
          ],
          [
            0.0,
            0.0,
            0.0,
            1.0
          ]
        ],
        "rotation_mode": "QUATERNION"
      },
      "armature_space": {
        "head": {
          "x": 0.6044434309005737,
          "y": -0.04837873578071594,
          "z": 0.2959519922733307
        },
        "tail": {
          "x": 0.6703552007675171,
          "y": -0.06804530322551727,
          "z": 0.20109312236309052
        }
      },
      "world_space": {
        "head": {
          "x": 0.6044434309005737,
          "y": 0.014865264296531677,
          "z": 1.2458059787750244
        },
        "tail": {
          "x": 0.6703552007675171,
          "y": -0.004801303148269653,
          "z": 1.150947093963623
        },
        "rotation_quaternion": {
          "w": 0.3679601848125458,
          "x": -0.7161041498184204,
          "y": -0.5297951102256775,
          "z": 0.2666783332824707
        },
        "matrix": [
          [
            0.2963967025279999,
            0.5625229477882385,
            -0.7718267440795898,
            0.6044434309005737
          ],
          [
            0.9550321102142334,
            -0.16784392297267914,
            0.24442307651042938,
            0.014865264296531677
          ],
          [
            0.007948048412799835,
            -0.8095712661743164,
            -0.5869798064231873,
            1.2458059787750244
          ],
          [
            0.0,
            0.0,
            0.0,
            1.0
          ]
        ]
      },
      "bone_length_armature_space": 0.1171722671671701,
      "parent": "lowerarm_l",
      "has_children": true,
      "is_end_bone": false
    },
    "index_01_l": {
      "name": "index_01_l",
      "local": {
        "location": {
          "x": 0.0,
          "y": 0.0,
          "z": 0.0
        },
        "rotation_quaternion": {
          "w": 0.9911947846412659,
          "x": -0.13190552592277527,
          "y": -0.0015756618231534958,
          "z": -0.011463399976491928
        },
        "scale": {
          "x": 1.0,
          "y": 1.0,
          "z": 1.0
        },
        "matrix_basis": [
          [
            0.9997321963310242,
            0.023140601813793182,
            -9.940395830199122e-05,
            0.0
          ],
          [
            -0.02230924740433693,
            0.9649390578269958,
            0.2615242600440979,
            0.0
          ],
          [
            0.0061477473936975,
            -0.2614520192146301,
            0.9651969075202942,
            0.0
          ],
          [
            0.0,
            0.0,
            0.0,
            1.0
          ]
        ],
        "rotation_mode": "QUATERNION"
      },
      "armature_space": {
        "head": {
          "x": 0.6703552007675171,
          "y": -0.06804530322551727,
          "z": 0.20109312236309052
        },
        "tail": {
          "x": 0.6955036520957947,
          "y": -0.06562045216560364,
          "z": 0.18787389993667603
        }
      },
      "world_space": {
        "head": {
          "x": 0.6703552007675171,
          "y": -0.004801303148269653,
          "z": 1.150947093963623
        },
        "tail": {
          "x": 0.6955036520957947,
          "y": -0.002376452088356018,
          "z": 1.137727975845337
        },
        "rotation_quaternion": {
          "w": 0.28427156805992126,
          "x": -0.6737714409828186,
          "y": -0.679492712020874,
          "z": 0.059256598353385925
        },
        "matrix": [
          [
            0.06955867260694504,
            0.8819566369056702,
            -0.46616923809051514,
            0.6703552007675171
          ],
          [
            0.9493351578712463,
            0.08503956347703934,
            0.30254167318344116,
            -0.004801303148269653
          ],
          [
            0.30647438764572144,
            -0.46359843015670776,
            -0.831362783908844,
            1.150947093963623
          ],
          [
            0.0,
            0.0,
            0.0,
            1.0
          ]
        ]
      },
      "bone_length_armature_space": 0.02851442390124394,
      "parent": "metacarpal_index_l",
      "has_children": true,
      "is_end_bone": false
    },
    "index_02_l": {
      "name": "index_02_l",
      "local": {
        "location": {
          "x": 0.0,
          "y": 0.0,
          "z": 0.0
        },
        "rotation_quaternion": {
          "w": 0.9987530708312988,
          "x": 0.04916175454854965,
          "y": -0.008099082857370377,
          "z": -0.0031667579896748066
        },
        "scale": {
          "x": 1.0,
          "y": 1.0,
          "z": 1.0
        },
        "matrix_basis": [
          [
            0.9998487234115601,
            0.005529288202524185,
            -0.016489334404468536,
            0.0
          ],
          [
            -0.00712194899097085,
            0.9951462149620056,
            -0.0981496125459671,
            0.0
          ],
          [
            0.015866601839661598,
            0.09825219959020615,
            0.9950350522994995,
            0.0
          ],
          [
            0.0,
            0.0,
            0.0,
            1.0
          ]
        ],
        "rotation_mode": "QUATERNION"
      },
      "armature_space": {
        "head": {
          "x": 0.695503830909729,
          "y": -0.0656205490231514,
          "z": 0.18787339329719543
        },
        "tail": {
          "x": 0.7173612117767334,
          "y": -0.062215354293584824,
          "z": 0.17488299310207367
        }
      },
      "world_space": {
        "head": {
          "x": 0.695503830909729,
          "y": -0.002376548945903778,
          "z": 1.1377273797988892
        },
        "tail": {
          "x": 0.7173612117767334,
          "y": 0.001028645783662796,
          "z": 1.124737024307251
        },
        "rotation_quaternion": {
          "w": 0.277688592672348,
          "x": -0.6502702236175537,
          "y": -0.6994708776473999,
          "z": 0.10381900519132614
        },
        "matrix": [
          [
            -7.332116365432739e-05,
            0.8520321846008301,
            -0.5234891176223755,
            0.695503830909729
          ],
          [
            0.9673484563827515,
            0.13273915648460388,
            0.21591098606586456,
            -0.002376548945903778
          ],
          [
            0.25345316529273987,
            -0.5063839554786682,
            -0.8242274522781372,
            1.1377273797988892
          ],
          [
            0.0,
            0.0,
            0.0,
            1.0
          ]
        ]
      },
      "bone_length_armature_space": 0.025653283616614057,
      "parent": "index_01_l",
      "has_children": true,
      "is_end_bone": false
    },
    "index_03_l": {
      "name": "index_03_l",
      "local": {
        "location": {
          "x": 0.0,
          "y": 0.0,
          "z": 0.0
        },
        "rotation_quaternion": {
          "w": 0.9991238713264465,
          "x": 0.04139968752861023,
          "y": -0.003584272228181362,
          "z": -0.004968517925590277
        },
        "scale": {
          "x": 1.0,
          "y": 1.0,
          "z": 1.0
        },
        "matrix_basis": [
          [
            0.9999249577522278,
            0.00963155459612608,
            -0.007573653943836689,
            0.0
          ],
          [
            -0.010225105099380016,
            0.9965227842330933,
            -0.08269121497869492,
            0.0
          ],
          [
            0.006750873755663633,
            0.0827624499797821,
            0.9965464472770691,
            0.0
          ],
          [
            0.0,
            0.0,
            0.0,
            1.0
          ]
        ],
        "rotation_mode": "QUATERNION"
      },
      "armature_space": {
        "head": {
          "x": 0.7173612713813782,
          "y": -0.0622154101729393,
          "z": 0.17488311231136322
        },
        "tail": {
          "x": 0.7391676306724548,
          "y": -0.05436413362622261,
          "z": 0.15709051489830017
        }
      },
      "world_space": {
        "head": {
          "x": 0.7173612713813782,
          "y": 0.001028589904308319,
          "z": 1.1247371435165405
        },
        "tail": {
          "x": 0.7391676306724548,
          "y": 0.00887986645102501,
          "z": 1.1069445610046387
        },
        "rotation_quaternion": {
          "w": 0.35902246832847595,
          "x": -0.5905370712280273,
          "y": -0.7109554409980774,
          "z": 0.1300438791513443
        },
        "matrix": [
          [
            -0.04473545402288437,
            0.7463151216506958,
            -0.6640874147415161,
            0.7173612713813782
          ],
          [
            0.9330682754516602,
            0.26870742440223694,
            0.23912380635738373,
            0.001028589904308319
          ],
          [
            0.35691016912460327,
            -0.6089456677436829,
            -0.7083885669708252,
            1.1247371435165405
          ],
          [
            0.0,
            0.0,
            0.0,
            1.0
          ]
        ]
      },
      "bone_length_armature_space": 0.029218767149677638,
      "parent": "index_02_l",
      "has_children": false,
      "is_end_bone": true
    },
    "metacarpal_pinky_l": {
      "name": "metacarpal_pinky_l",
      "local": {
        "location": {
          "x": 0.0,
          "y": 0.0,
          "z": 0.0
        },
        "rotation_quaternion": {
          "w": 0.9997454881668091,
          "x": -0.017804648727178574,
          "y": -0.005980705842375755,
          "z": 0.012498648837208748
        },
        "scale": {
          "x": 1.0,
          "y": 1.0,
          "z": 1.0
        },
        "matrix_basis": [
          [
            0.9996160268783569,
            -0.024777967482805252,
            -0.012403435073792934,
            0.0
          ],
          [
            0.025203904137015343,
            0.9990535378456116,
            0.035450734198093414,
            0.0
          ],
          [
            0.01151329930871725,
            -0.03574973717331886,
            0.9992944598197937,
            0.0
          ],
          [
            0.0,
            0.0,
            0.0,
            1.0
          ]
        ],
        "rotation_mode": "QUATERNION"
      },
      "armature_space": {
        "head": {
          "x": 0.6044434309005737,
          "y": -0.04837873578071594,
          "z": 0.2959519922733307
        },
        "tail": {
          "x": 0.6920947432518005,
          "y": -0.02137313038110733,
          "z": 0.24664492905139923
        }
      },
      "world_space": {
        "head": {
          "x": 0.6044434309005737,
          "y": 0.014865264296531677,
          "z": 1.2458059787750244
        },
        "tail": {
          "x": 0.6920947432518005,
          "y": 0.04187086969614029,
          "z": 1.196498990058899
        },
        "rotation_quaternion": {
          "w": 0.5474821329116821,
          "x": 0.17807628214359283,
          "y": 0.5743994116783142,
          "z": -0.5819084644317627
        },
        "matrix": [
          [
            -0.3371019959449768,
            0.8417428731918335,
            0.4216998815536499,
            0.6044434309005737
          ],
          [
            -0.43259841203689575,
            0.2593432068824768,
            -0.8634814023971558,
            0.014865264296531677
          ],
          [
            -0.8362005352973938,
            -0.4735110402107239,
            0.2767125964164734,
            1.2458059787750244
          ],
          [
            0.0,
            0.0,
            0.0,
            1.0
          ]
        ]
      },
      "bone_length_armature_space": 0.1041308859688529,
      "parent": "lowerarm_l",
      "has_children": true,
      "is_end_bone": false
    },
    "pinky_01_l": {
      "name": "pinky_01_l",
      "local": {
        "location": {
          "x": 0.0,
          "y": 0.0,
          "z": 0.0
        },
        "rotation_quaternion": {
          "w": 0.9512261152267456,
          "x": 0.30783718824386597,
          "y": -0.0024681335780769587,
          "z": -0.019979968667030334
        },
        "scale": {
          "x": 1.0,
          "y": 1.0,
          "z": 1.0
        },
        "matrix_basis": [
          [
            0.9991894364356995,
            0.03649136796593666,
            -0.016996661201119423,
            0.0
          ],
          [
            -0.03953050076961517,
            0.8096741437911987,
            -0.5855469107627869,
            0.0
          ],
          [
            -0.007605648599565029,
            0.5857441425323486,
            0.8104603290557861,
            0.0
          ],
          [
            0.0,
            0.0,
            0.0,
            1.0
          ]
        ],
        "rotation_mode": "QUATERNION"
      },
      "armature_space": {
        "head": {
          "x": 0.6920947432518005,
          "y": -0.02137313038110733,
