{
  "metadata": {
    "armature_name": "KIM_caucasian_male",
    "export_time": "2026-01-13T21:16:09.243303",
    "blender_version": "4.4.1",
    "bone_count": 56,
    "end_bone_count": 13,
    "spaces_included": [
      "LOCAL_CHANNELS",
      "ARMATURE_SPACE",
      "WORLD_SPACE"
    ],
    "note": "LOCAL matches Transform panel; replay pose via local.matrix_basis for best fidelity."
  },
  "bones": {
    "Root": {
      "name": "Root",
      "local": {
        "location": {
          "x": 0.0,
          "y": 0.0,
          "z": 0.0
        },
        "rotation_quaternion": {
          "w": 0.9998778104782104,
          "x": -0.006934034638106823,
          "y": -0.002642998704686761,
          "z": 0.013764721341431141
        },
        "scale": {
          "x": 1.0,
          "y": 1.0,
          "z": 1.0
        },
        "matrix_basis": [
          [
            0.9996070861816406,
            -0.027489425614476204,
            -0.0054762414656579494,
            0.0
          ],
          [
            0.027562731876969337,
            0.9995248913764954,
            0.013793614692986012,
            0.0
          ],
          [
            0.0050944616086781025,
            -0.013939134776592255,
            0.9998898506164551,
            0.0
          ],
          [
            0.0,
            0.0,
            0.0,
            1.0
          ]
        ],
        "rotation_mode": "QUATERNION"
      },
      "armature_space": {
        "head": {
          "x": 0.0,
          "y": 0.07072800397872925,
          "z": -0.009595036506652832
        },
        "tail": {
          "x": -0.0019620817620307207,
          "y": 0.00016735494136810303,
          "z": 0.0009813355281949043
        }
      },
      "world_space": {
        "head": {
          "x": 0.0,
          "y": 0.13397200405597687,
          "z": 0.9402589797973633
        },
        "tail": {
          "x": -0.0019620817620307207,
          "y": 0.06341135501861572,
          "z": 0.9508353471755981
        },
        "rotation_quaternion": {
          "w": 0.07427770644426346,
          "x": 0.9971390962600708,
          "y": -0.013911505229771137,
          "z": -0.0017096938099712133
        },
        "matrix": [
          [
            0.9996070861816406,
            -0.027489425614476204,
            -0.0054762414656579494,
            0.0
          ],
          [
            -0.027997395023703575,
            -0.9885784983634949,
            -0.14808329939842224,
            0.13397200405597687
          ],
          [
            -0.0013430062681436539,
            0.14817853271961212,
            -0.9889667630195618,
            0.9402589797973633
          ],
          [
            0.0,
            0.0,
            0.0,
            1.0
          ]
        ]
      },
      "bone_length_armature_space": 0.07137586936574684,
      "parent": null,
      "has_children": true,
      "is_end_bone": false
    },
    "spine_01": {
      "name": "spine_01",
      "local": {
        "location": {
          "x": 0.0,
          "y": 0.0,
          "z": 0.0
        },
        "rotation_quaternion": {
          "w": 0.9968075752258301,
          "x": 0.0759674459695816,
          "y": -0.01958484761416912,
          "z": -0.01483871415257454
        },
        "scale": {
          "x": 1.0,
          "y": 1.0,
          "z": 1.0
        },
        "matrix_basis": [
          [
            0.9987924695014954,
            0.02660706453025341,
            -0.04129916802048683,
            0.0
          ],
          [
            -0.03255830705165863,
            0.9880174994468689,
            -0.15086862444877625,
            0.0
          ],
          [
            0.03679012879729271,
            0.1520310789346695,
            0.9876907467842102,
            0.0
          ],
          [
            0.0,
            0.0,
            0.0,
            1.0
          ]
        ],
        "rotation_mode": "QUATERNION"
      },
      "armature_space": {
        "head": {
          "x": -0.0019620817620307207,
          "y": 0.00016735494136810303,
          "z": 0.0009813355281949043
        },
        "tail": {
          "x": 0.010413987562060356,
          "y": -0.04503026232123375,
          "z": 0.4867307245731354
        }
      },
      "world_space": {
        "head": {
          "x": -0.0019620817620307207,
          "y": 0.06341135501861572,
          "z": 0.9508353471755981
        },
        "tail": {
          "x": 0.010413987562060356,
          "y": 0.01821373775601387,
          "z": 1.436584711074829
        },
        "rotation_quaternion": {
          "w": 0.673420786857605,
          "x": 0.7383376955986023,
          "y": -0.013978179544210434,
          "z": -0.034155454486608505
        },
        "matrix": [
          [
            0.9972760081291199,
            0.02536073327064514,
            -0.06926269829273224,
            -0.0019620817620307207
          ],
          [
            -0.06664302200078964,
            -0.09261783212423325,
            -0.9934689998626709,
            0.06341135501861572
          ],
          [
            -0.03161034733057022,
            0.9953855872154236,
            -0.09067700058221817,
            0.9508353471755981
          ],
          [
            0.0,
            0.0,
            0.0,
            1.0
          ]
        ]
      },
      "bone_length_armature_space": 0.4880045680601158,
      "parent": "Root",
      "has_children": true,
      "is_end_bone": false
    },
    "neck_01": {
      "name": "neck_01",
      "local": {
        "location": {
          "x": 0.0,
          "y": 0.0,
          "z": 0.0
        },
        "rotation_quaternion": {
          "w": 0.9951785802841187,
          "x": -0.03034188225865364,
          "y": -0.059718530625104904,
          "z": -0.0716429054737091
        },
        "scale": {
          "x": 1.0,
          "y": 1.0,
          "z": 1.0
        },
        "matrix_basis": [
          [
            0.9826020002365112,
            0.1462189108133316,
            -0.11451364308595657,
            0.0
          ],
          [
            -0.13897103071212769,
            0.9878933429718018,
            0.06894800066947937,
            0.0
          ],
          [
            0.12320876866579056,
            -0.051834363490343094,
            0.9910261631011963,
            0.0
          ],
          [
            0.0,
            0.0,
            0.0,
            1.0
          ]
        ],
        "rotation_mode": "QUATERNION"
      },
      "armature_space": {
        "head": {
          "x": 0.009868800640106201,
          "y": -0.08626553416252136,
          "z": 0.5564665794372559
        },
        "tail": {
          "x": 0.02492847666144371,
          "y": -0.1294938623905182,
          "z": 0.6482012867927551
        }
      },
      "world_space": {
        "head": {
          "x": 0.009868800640106201,
          "y": -0.023021534085273743,
          "z": 1.506320595741272
        },
        "tail": {
          "x": 0.02492847666144371,
          "y": -0.06624986231327057,
          "z": 1.598055362701416
        },
        "rotation_quaternion": {
          "w": 0.5376444458961487,
          "x": 0.8344985246658325,
          "y": 0.01059740036725998,
          "z": -0.12015935778617859
        },
        "matrix": [
          [
            0.9708989858627319,
            0.14689309895038605,
            -0.18914952874183655,
            0.009868800640106201
          ],
          [
            -0.11151830106973648,
            -0.4216519296169281,
            -0.8998741507530212,
            -0.023021534085273743
          ],
          [
            -0.2119421511888504,
            0.8947862982749939,
            -0.39300382137298584,
            1.506320595741272
          ],
          [
            0.0,
            0.0,
            0.0,
            1.0
          ]
        ]
      },
      "bone_length_armature_space": 0.10252189449934765,
      "parent": "spine_01",
      "has_children": true,
      "is_end_bone": false
    },
    "head": {
      "name": "head",
      "local": {
        "location": {
          "x": 0.0,
          "y": 0.0,
          "z": 0.0
        },
        "rotation_quaternion": {
          "w": 0.9656890630722046,
          "x": 0.08373162150382996,
          "y": 0.1444452553987503,
          "z": 0.19892030954360962
        },
        "scale": {
          "x": 1.0,
          "y": 1.0,
          "z": 1.0
        },
        "matrix_basis": [
          [
            0.8791325688362122,
            -0.3600010573863983,
            0.3122902512550354,
            0.0
          ],
          [
            0.40837961435317993,
            0.9068394303321838,
            -0.10425123572349548,
            0.0
          ],
          [
            -0.24566656351089478,
            0.21918360888957977,
            0.944249153137207,
            0.0
          ],
          [
            0.0,
            0.0,
            0.0,
            1.0
          ]
        ],
        "rotation_mode": "QUATERNION"
      },
      "armature_space": {
        "head": {
          "x": 0.024928435683250427,
          "y": -0.12949396669864655,
          "z": 0.6482011079788208
        },
        "tail": {
          "x": -0.004762079566717148,
          "y": -0.16631931066513062,
          "z": 0.7959023118019104
        }
      },
      "world_space": {
        "head": {
          "x": 0.024928435683250427,
          "y": -0.06624996662139893,
          "z": 1.598055124282837
        },
        "tail": {
          "x": -0.004762079566717148,
          "y": -0.103075310587883,
          "z": 1.7457563877105713
        },
        "rotation_quaternion": {
          "w": 0.6169877648353577,
          "x": 0.7767199873924255,
          "y": -0.02456909604370594,
          "z": 0.12421124428510666
        },
        "matrix": [
          [
            0.967936098575592,
            -0.19144028425216675,
            0.1626358926296234,
            0.024928435683250427
          ],
          [
            0.11510588228702545,
            -0.23744462430477142,
            -0.9645573496818542,
            -0.06624996662139893
          ],
          [
            0.22327381372451782,
            0.9523565769195557,
            -0.20779772102832794,
            1.598055124282837
          ],
          [
            0.0,
            0.0,
            0.0,
            1.0
          ]
        ]
      },
      "bone_length_armature_space": 0.15509119581532202,
      "parent": "neck_01",
      "has_children": false,
      "is_end_bone": true
    },
    "upperarm_l": {
      "name": "upperarm_l",
      "local": {
        "location": {
          "x": 0.0,
          "y": 0.0,
          "z": 0.0
        },
        "rotation_quaternion": {
          "w": 0.8594619035720825,
          "x": -0.10740208625793457,
          "y": 0.49692192673683167,
          "z": 0.05346505716443062
        },
        "scale": {
          "x": 1.0,
          "y": 1.0,
          "z": 1.0
        },
        "matrix_basis": [
          [
            0.5004201531410217,
            -0.1986432671546936,
            0.8426864147186279,
            0.0
          ],
          [
            -0.014838543720543385,
            0.9712125658988953,
            0.23775191605091095,
            0.0
          ],
          [
            -0.8656554222106934,
            -0.13148008286952972,
            0.48306676745414734,
            0.0
          ],
          [
            0.0,
            0.0,
            0.0,
            1.0
          ]
        ],
        "rotation_mode": "QUATERNION"
      },
      "armature_space": {
        "head": {
          "x": 0.1575348824262619,
          "y": -0.09320565313100815,
          "z": 0.4845382571220398
        },
        "tail": {
          "x": 0.4209596514701843,
          "y": -0.07118003070354462,
          "z": 0.5284690856933594
        }
      },
      "world_space": {
        "head": {
          "x": 0.1575348824262619,
          "y": -0.02996165305376053,
          "z": 1.4343922138214111
        },
        "tail": {
          "x": 0.4209596514701843,
          "y": -0.007936030626296997,
          "z": 1.4783231019973755
        },
        "rotation_quaternion": {
          "w": 0.20445431768894196,
          "x": 0.6728386878967285,
          "y": 0.7066091299057007,
          "z": -0.07867811620235443
        },
        "matrix": [
          [
            -0.010972447693347931,
            0.9830402731895447,
            0.18306106328964233,
            0.1575348824262619
          ],
          [
            0.9186949729919434,
            0.08219454437494278,
            -0.38632041215896606,
            -0.02996165305376053
          ],
          [
            -0.3948170244693756,
            0.16393959522247314,
            -0.9040226936340332,
            1.4343922138214111
          ],
          [
            0.0,
            0.0,
            0.0,
            1.0
          ]
        ]
      },
      "bone_length_armature_space": 0.2679694850932575,
      "parent": "spine_01",
      "has_children": true,
      "is_end_bone": false
    },
    "lowerarm_l": {
      "name": "lowerarm_l",
      "local": {
        "location": {
          "x": 0.0,
          "y": 0.0,
          "z": 0.0
        },
        "rotation_quaternion": {
          "w": 0.9280523061752319,
          "x": 0.36075159907341003,
          "y": -0.07449881732463837,
          "z": -0.05502118170261383
        },
        "scale": {
          "x": 1.0,
          "y": 1.0,
          "z": 1.0
        },
        "matrix_basis": [
          [
            0.9828451871871948,
            0.048373933881521225,
            -0.17797555029392242,
            0.0
          ],
          [
            -0.15587620437145233,
            0.7336618900299072,
            -0.6613946557044983,
            0.0
          ],
          [
            0.09857963770627975,
            0.6777907609939575,
            0.7286164164543152,
            0.0
          ],
          [
            0.0,
            0.0,
            0.0,
            1.0
          ]
        ],
        "rotation_mode": "QUATERNION"
      },
      "armature_space": {
        "head": {
          "x": 0.4209597408771515,
          "y": -0.07118014991283417,
          "z": 0.5284690856933594
        },
        "tail": {
          "x": 0.6280395984649658,
          "y": -0.15909171104431152,
          "z": 0.38369640707969666
        }
      },
      "world_space": {
        "head": {
          "x": 0.4209597408771515,
          "y": -0.007936149835586548,
          "z": 1.4783231019973755
        },
        "tail": {
          "x": 0.6280395984649658,
          "y": -0.0958477109670639,
          "z": 1.3335504531860352
        },
        "rotation_quaternion": {
          "w": 0.011866146698594093,
          "x": -0.6774177551269531,
          "y": -0.5792686939239502,
          "z": 0.4532243311405182
        },
        "matrix": [
          [
            -0.08193137496709824,
            0.7740595936775208,
            -0.6277887225151062,
            0.4209597408771515
          ],
          [
            0.7955688834190369,
            -0.3286112844944,
            -0.5090035796165466,
            -0.007936149835586548
          ],
          [
            -0.6003010272979736,
            -0.5411567687988281,
            -0.588898777961731,
            1.4783231019973755
          ],
          [
            0.0,
            0.0,
            0.0,
            1.0
          ]
        ]
      },
      "bone_length_armature_space": 0.2675250202581414,
      "parent": "upperarm_l",
      "has_children": true,
      "is_end_bone": false
    },
    "metacarpal_thumb_l": {
      "name": "metacarpal_thumb_l",
      "local": {
        "location": {
          "x": 0.0,
          "y": 0.0,
          "z": 0.0
        },
        "rotation_quaternion": {
          "w": 0.9984771013259888,
          "x": -0.05347272381186485,
          "y": 0.0011975113302469254,
          "z": 0.013517612591385841
        },
        "scale": {
          "x": 1.0,
          "y": 1.0,
          "z": 1.0
        },
        "matrix_basis": [
          [
            0.9996317028999329,
            -0.027122121304273605,
            0.0009457281557843089,
            0.0
          ],
          [
            0.026865985244512558,
            0.993915855884552,
            0.10681495815515518,
            0.0
          ],
          [
            -0.003837022464722395,
            -0.10675020515918732,
            0.9942784905433655,
            0.0
          ],
          [
            0.0,
            0.0,
            0.0,
            1.0
          ]
        ],
        "rotation_mode": "QUATERNION"
      },
      "armature_space": {
        "head": {
          "x": 0.6280395984649658,
          "y": -0.15909171104431152,
          "z": 0.38369640707969666
        },
        "tail": {
          "x": 0.6389003396034241,
          "y": -0.18438979983329773,
          "z": 0.34251803159713745
        }
      },
      "world_space": {
        "head": {
          "x": 0.6280395984649658,
          "y": -0.0958477109670639,
          "z": 1.3335504531860352
        },
        "tail": {
          "x": 0.6389003396034241,
          "y": -0.12114579975605011,
          "z": 1.2923719882965088
        },
        "rotation_quaternion": {
          "w": 0.4750846028327942,
          "x": -0.8688651323318481,
          "y": -0.137594074010849,
          "z": 0.020882848650217056
        },
        "matrix": [
          [
            0.9612632393836975,
            0.2192593216896057,
            -0.16702717542648315,
            0.6280395984649658
          ],
          [
            0.25894439220428467,
            -0.5107251405715942,
            0.8198215365409851,
            -0.0958477109670639
          ],
          [
            0.09444940090179443,
            -0.8313212394714355,
            -0.5477204322814941,
            1.3335504531860352
          ],
          [
            0.0,
            0.0,
            0.0,
            1.0
          ]
        ]
      },
      "bone_length_armature_space": 0.04953390407154669,
      "parent": "lowerarm_l",
      "has_children": true,
      "is_end_bone": false
    },
    "thumb_01_l": {
      "name": "thumb_01_l",
      "local": {
        "location": {
          "x": 0.0,
          "y": 0.0,
          "z": 0.0
        },
        "rotation_quaternion": {
          "w": 0.9995830059051514,
          "x": -0.024860043078660965,
          "y": 0.008133303374052048,
          "z": -0.01223771646618843
        },
        "scale": {
          "x": 1.0,
          "y": 1.0,
          "z": 1.0
        },
        "matrix_basis": [
          [
            0.9995681643486023,
            0.024060837924480438,
            0.016868283972144127,
            0.0
          ],
          [
            -0.024869615212082863,
            0.9984644055366516,
            0.04950028657913208,
            0.0
          ],
          [
            -0.015651363879442215,
            -0.0498984195291996,
            0.9986316561698914,
            0.0
          ],
          [
            0.0,
            0.0,
            0.0,
            1.0
          ]
        ],
        "rotation_mode": "QUATERNION"
      },
      "armature_space": {
        "head": {
          "x": 0.6389003396034241,
          "y": -0.18438979983329773,
          "z": 0.34251803159713745
        },
        "tail": {
          "x": 0.6342512965202332,
          "y": -0.17750409245491028,
          "z": 0.309508740901947
        }
      },
      "world_space": {
        "head": {
          "x": 0.6389003396034241,
          "y": -0.12114579975605011,
          "z": 1.2923719882965088
        },
        "tail": {
          "x": 0.6342512965202332,
          "y": -0.11426009237766266,
          "z": 1.2593626976013184
        },
        "rotation_quaternion": {
          "w": 0.5883356332778931,
          "x": -0.5319117307662964,
          "y": 0.5049818754196167,
          "z": -0.3404766619205475
        },
        "matrix": [
          [
            0.25813552737236023,
            -0.13658131659030914,
            0.9564054608345032,
            0.6389003396034241
          ],
          [
            -0.9378411173820496,
            0.20229148864746094,
            0.2820136547088623,
            -0.12114579975605011
          ],
          [
            -0.23199275135993958,
            -0.9697608351707458,
            -0.07587332278490067,
            1.2923719882965088
          ],
          [
            0.0,
            0.0,
            0.0,
            1.0
          ]
        ]
      },
      "bone_length_armature_space": 0.034038799486499925,
      "parent": "metacarpal_thumb_l",
      "has_children": true,
      "is_end_bone": false
    },
    "thumb_02_l": {
      "name": "thumb_02_l",
      "local": {
        "location": {
          "x": 0.0,
          "y": 0.0,
          "z": 0.0
        },
        "rotation_quaternion": {
          "w": 0.9968762397766113,
          "x": 0.07881353050470352,
          "y": 0.00047052325680851936,
          "z": -0.005100825801491737
        },
        "scale": {
          "x": 1.0,
          "y": 1.0,
          "z": 1.0
        },
        "matrix_basis": [
          [
            0.9999475479125977,
            0.010243951342999935,
            0.00013407872756943107,
            0.0
          ],
          [
            -0.010095616802573204,
            0.9875248074531555,
            -0.15713946521282196,
            0.0
          ],
          [
            -0.0017421350348740816,
            0.15712986886501312,
            0.987576425075531,
            0.0
          ],
          [
            0.0,
            0.0,
            0.0,
            1.0
          ]
        ],
        "rotation_mode": "QUATERNION"
      },
      "armature_space": {
        "head": {
          "x": 0.6342512369155884,
          "y": -0.1775040626525879,
          "z": 0.3095087707042694
        },
        "tail": {
          "x": 0.6644359230995178,
          "y": -0.19264250993728638,
          "z": 0.2877625823020935
        }
      },
      "world_space": {
        "head": {
          "x": 0.6342512369155884,
          "y": -0.11426006257534027,
          "z": 1.259362816810608
        },
        "tail": {
          "x": 0.6644359230995178,
          "y": -0.12939850986003876,
          "z": 1.2376165390014648
        },
        "rotation_quaternion": {
          "w": 0.5018010139465332,
          "x": -0.14123575389385223,
          "y": 0.24441635608673096,
          "z": -0.8176239132881165
        },
        "matrix": [
          [
            -0.4564949870109558,
            0.7515284419059753,
            0.4762532711029053,
            0.6342512369155884
          ],
          [
            -0.8896102905273438,
            -0.3769122362136841,
            -0.2579348087310791,
            -0.11426006257534027
          ],
          [
            -0.014340398833155632,
            -0.5414297580718994,
            0.8406316637992859,
            1.259362816810608
          ],
          [
            0.0,
            0.0,
            0.0,
            1.0
          ]
        ]
      },
      "bone_length_armature_space": 0.04016446872237051,
      "parent": "thumb_01_l",
      "has_children": true,
      "is_end_bone": false
    },
    "thumb_03_l": {
      "name": "thumb_03_l",
      "local": {
        "location": {
          "x": 0.0,
          "y": 0.0,
          "z": 0.0
        },
        "rotation_quaternion": {
          "w": 0.9973492622375488,
          "x": 0.07225891947746277,
          "y": 0.008471207693219185,
          "z": 0.0011846332345157862
        },
        "scale": {
          "x": 1.0,
          "y": 1.0,
          "z": 1.0
        },
        "matrix_basis": [
          [
            0.9998536705970764,
            -0.0011387455742806196,
            0.017068706452846527,
            0.0
          ],
          [
            0.0035872268490493298,
            0.9895544648170471,
            -0.144114688038826,
            0.0
          ],
          [
            -0.016726305708289146,
            0.14415483176708221,
            0.9894137978553772,
            0.0
          ],
          [
            0.0,
            0.0,
            0.0,
            1.0
          ]
        ],
        "rotation_mode": "QUATERNION"
      },
      "armature_space": {
        "head": {
          "x": 0.6644358038902283,
          "y": -0.19264253973960876,
          "z": 0.28776252269744873
        },
        "tail": {
          "x": 0.6925169825553894,
          "y": -0.20338857173919678,
          "z": 0.2829810678958893
        }
      },
      "world_space": {
        "head": {
          "x": 0.6644358038902283,
          "y": -0.12939853966236115,
          "z": 1.2376165390014648
        },
        "tail": {
          "x": 0.6925169825553894,
          "y": -0.14014457166194916,
          "z": 1.232835054397583
        },
        "rotation_quaternion": {
          "w": 0.5346396565437317,
          "x": 0.14693064987659454,
          "y": 0.19410434365272522,
          "z": -0.8092560768127441
        },
        "matrix": [
          [
            -0.3851432204246521,
            0.9223605990409851,
            -0.03025529533624649,
            0.6644358038902283
          ],
          [
            -0.8082815408706665,
            -0.3529666066169739,
            -0.47126978635787964,
            -0.12939853966236115
          ],
          [
            -0.44536346197128296,
            -0.15705284476280212,
            0.8814756870269775,
            1.2376165390014648
          ],
          [
            0.0,
            0.0,
            0.0,
            1.0
          ]
        ]
      },
      "bone_length_armature_space": 0.030444902429686563,
      "parent": "thumb_02_l",
      "has_children": false,
      "is_end_bone": true
    },
    "metacarpal_index_l": {
      "name": "metacarpal_index_l",
      "local": {
        "location": {
          "x": 0.0,
          "y": 0.0,
          "z": 0.0
        },
        "rotation_quaternion": {
          "w": 0.9998841881752014,
          "x": -0.014392435550689697,
          "y": 0.0023330096155405045,
          "z": -0.004390224348753691
        },
        "scale": {
          "x": 1.0,
          "y": 1.0,
          "z": 1.0
        },
        "matrix_basis": [
          [
            0.9999505877494812,
            0.008712276816368103,
            0.0047918506897985935,
            0.0
          ],
          [
            -0.008846587501466274,
            0.9995471835136414,
            0.02876105345785618,
            0.0
          ],
          [
            -0.004539106972515583,
            -0.028802022337913513,
            0.9995748400688171,
            0.0
          ],
          [
            0.0,
            0.0,
            0.0,
            1.0
          ]
        ],
        "rotation_mode": "QUATERNION"
      },
      "armature_space": {
        "head": {
          "x": 0.6280395984649658,
          "y": -0.15909171104431152,
          "z": 0.38369640707969666
        },
        "tail": {
          "x": 0.6939019560813904,
          "y": -0.20985186100006104,
          "z": 0.3011441230773926
        }
      },
      "world_space": {
        "head": {
          "x": 0.6280395984649658,
          "y": -0.0958477109670639,
          "z": 1.3335504531860352
        },
        "tail": {
          "x": 0.6939019560813904,
          "y": -0.14660786092281342,
          "z": 1.2509981393814087
        },
        "rotation_quaternion": {
          "w": 0.34197503328323364,
          "x": -0.8296910524368286,
          "y": -0.407979279756546,
          "z": 0.1679845154285431
        },
        "matrix": [
          [
            0.6106666326522827,
            0.562100887298584,
            -0.5577890872955322,
            0.6280395984649658
          ],
          [
            0.7918875813484192,
            -0.4332115054130554,
            0.4303971827030182,
            -0.0958477109670639
          ],
          [
            0.0002866555005311966,
            -0.7045407891273499,
            -0.7096731066703796,
            1.3335504531860352
          ],
          [
            0.0,
            0.0,
            0.0,
            1.0
          ]
        ]
      },
      "bone_length_armature_space": 0.11717219054038076,
      "parent": "lowerarm_l",
      "has_children": true,
      "is_end_bone": false
    },
    "index_01_l": {
      "name": "index_01_l",
      "local": {
        "location": {
          "x": 0.0,
          "y": 0.0,
          "z": 0.0
        },
        "rotation_quaternion": {
          "w": 0.9921525120735168,
          "x": -0.1245856061577797,
          "y": 0.00890925619751215,
          "z": 0.005705622956156731
        },
        "scale": {
          "x": 1.0,
          "y": 1.0,
          "z": 1.0
        },
        "matrix_basis": [
          [
            0.9997761249542236,
            -0.013541626743972301,
            0.01625700481235981,
            0.0
          ],
          [
            0.009101766161620617,
            0.9688917398452759,
            0.24731750786304474,
            0.0
          ],
          [
            -0.019100358709692955,
            -0.2471141815185547,
            0.9687981009483337,
            0.0
          ],
          [
            0.0,
            0.0,
            0.0,
            1.0
          ]
        ],
        "rotation_mode": "QUATERNION"
      },
      "armature_space": {
        "head": {
          "x": 0.6939019560813904,
          "y": -0.20985186100006104,
          "z": 0.3011441230773926
        },
        "tail": {
          "x": 0.7192173004150391,
          "y": -0.218325674533844,
          "z": 0.29112422466278076
        }
      },
      "world_space": {
        "head": {
          "x": 0.6939019560813904,
          "y": -0.14660786092281342,
          "z": 1.2509981393814087
        },
        "tail": {
          "x": 0.7192173004150391,
          "y": -0.15508167445659637,
          "z": 1.2409782409667969
        },
        "rotation_quaternion": {
          "w": 0.2250765860080719,
          "x": -0.8052865266799927,
          "y": -0.5484083890914917,
          "z": -0.01012738049030304
        },
        "matrix": [
          [
            0.39829057455062866,
            0.8878102898597717,
            -0.23055866360664368,
            0.6939019560813904
          ],
          [
            0.8786935806274414,
            -0.29717695713043213,
            0.3736084997653961,
            -0.14660786092281342
          ],
          [
            0.26317936182022095,
            -0.35139793157577515,
            -0.8984819650650024,
            1.2509981393814087
          ],
          [
            0.0,
            0.0,
            0.0,
            1.0
          ]
        ]
      },
      "bone_length_armature_space": 0.028514391407224123,
      "parent": "metacarpal_index_l",
      "has_children": true,
      "is_end_bone": false
    },
    "index_02_l": {
      "name": "index_02_l",
      "local": {
        "location": {
          "x": 0.0,
          "y": 0.0,
          "z": 0.0
        },
        "rotation_quaternion": {
          "w": 0.9987686276435852,
          "x": 0.049279678612947464,
          "y": 0.005194519180804491,
          "z": -0.0024417645763605833
        },
        "scale": {
          "x": 1.0,
          "y": 1.0,
          "z": 1.0
        },
        "matrix_basis": [
          [
            0.9999341368675232,
            0.0053894841112196445,
            0.010135587304830551,
            0.0
          ],
          [
            -0.004365547094494104,
            0.9951310753822327,
            -0.09846336394548416,
            0.0
          ],
          [
            -0.010616904124617577,
            0.09841262549161911,
            0.995089054107666,
            0.0
          ],
          [
            0.0,
            0.0,
            0.0,
            1.0
          ]
        ],
        "rotation_mode": "QUATERNION"
      },
      "armature_space": {
        "head": {
          "x": 0.7192174792289734,
          "y": -0.2183258831501007,
          "z": 0.29112374782562256
        },
        "tail": {
          "x": 0.741862416267395,
          "y": -0.2246411144733429,
          "z": 0.2808564603328705
        }
      },
      "world_space": {
        "head": {
          "x": 0.7192174792289734,
          "y": -0.1550818830728531,
          "z": 1.2409777641296387
        },
        "tail": {
          "x": 0.741862416267395,
          "y": -0.16139711439609528,
          "z": 1.230710506439209
        },
        "rotation_quaternion": {
          "w": 0.23465266823768616,
          "x": -0.7889171242713928,
          "y": -0.5673178434371948,
          "z": 0.02642781101167202
        },
        "matrix": [
          [
            0.3549027740955353,
            0.8827304244041443,
            -0.30794578790664673,
            0.7192174792289734
          ],
          [
            0.9075371026992798,
            -0.24617630243301392,
            0.34025508165359497,
            -0.1550818830728531
          ],
          [
            0.22454693913459778,
            -0.40023273229599,
            -0.888485312461853,
            1.2409777641296387
          ],
          [
            0.0,
            0.0,
            0.0,
            1.0
          ]
        ]
      },
      "bone_length_armature_space": 0.025653314336918677,
      "parent": "index_01_l",
      "has_children": true,
      "is_end_bone": false
    },
    "index_03_l": {
      "name": "index_03_l",
      "local": {
        "location": {
          "x": 0.0,
          "y": 0.0,
          "z": 0.0
        },
        "rotation_quaternion": {
          "w": 0.9996485710144043,
          "x": 0.026429396122694016,
          "y": 0.0009253723546862602,
          "z": -0.0018380489200353622
        },
        "scale": {
          "x": 1.0,
          "y": 1.0,
          "z": 1.0
        },
        "matrix_basis": [
          [
            0.9999915361404419,
            0.0037237200886011124,
            0.001752937212586403,
            0.0
          ],
          [
            -0.0036258918698877096,
            0.99859619140625,
            -0.052843619138002396,
            0.0
          ],
          [
            -0.0019472513813525438,
            0.052836813032627106,
            0.9986012578010559,
            0.0
          ],
          [
            0.0,
            0.0,
            0.0,
            1.0
          ]
        ],
        "rotation_mode": "QUATERNION"
      },
      "armature_space": {
        "head": {
          "x": 0.741862416267395,
          "y": -0.22464117407798767,
          "z": 0.28085657954216003
        },
        "tail": {
          "x": 0.7670289278030396,
          "y": -0.2277403324842453,
          "z": 0.2663384675979614
        }
      },
      "world_space": {
        "head": {
          "x": 0.741862416267395,
          "y": -0.16139717400074005,
          "z": 1.2307106256484985
        },
        "tail": {
          "x": 0.7670289278030396,
          "y": -0.16449633240699768,
          "z": 1.2161924839019775
        },
        "rotation_quaternion": {
          "w": 0.31182265281677246,
          "x": -0.7431257367134094,
          "y": -0.5913814902305603,
          "z": 0.028261104598641396
        },
        "matrix": [
          [
            0.29893651604652405,
            0.8613160848617554,
            -0.41081762313842773,
            0.741862416267395
          ],
          [
            0.8965678811073303,
            -0.10606777667999268,
            0.4300180673599243,
            -0.16139717400074005
          ],
          [
            0.3268100619316101,
            -0.4968775808811188,
            -0.8039412498474121,
            1.2307106256484985
          ],
          [
            0.0,
            0.0,
            0.0,
            1.0
          ]
        ]
      },
      "bone_length_armature_space": 0.029218721112700213,
      "parent": "index_02_l",
      "has_children": false,
      "is_end_bone": true
    },
    "metacarpal_pinky_l": {
      "name": "metacarpal_pinky_l",
      "local": {
        "location": {
          "x": 0.0,
          "y": 0.0,
          "z": 0.0
        },
        "rotation_quaternion": {
          "w": 0.9997667074203491,
          "x": -0.006879366002976894,
          "y": 0.01666501723229885,
          "z": -0.011896253563463688
        },
        "scale": {
          "x": 1.0,
          "y": 1.0,
          "z": 1.0
        },
        "matrix_basis": [
          [
            0.9991615414619446,
            0.023557666689157486,
            0.03348593786358833,
            0.0
          ],
          [
            -0.02401624619960785,
            0.9996222853660583,
            0.01335901953279972,
            0.0
          ],
          [
            -0.03315858170390129,
            -0.014152024872601032,
            0.9993498921394348,
            0.0
          ],
          [
            0.0,
            0.0,
            0.0,
            1.0
          ]
        ],
        "rotation_mode": "QUATERNION"
      },
      "armature_space": {
        "head": {
          "x": 0.6280395984649658,
          "y": -0.15909171104431152,
          "z": 0.38369640707969666
        },
        "tail": {
          "x": 0.7237108945846558,
          "y": -0.17464525997638702,
          "z": 0.3456394672393799
        }
      },
      "world_space": {
        "head": {
          "x": 0.6280395984649658,
          "y": -0.0958477109670639,
          "z": 1.3335504531860352
        },
        "tail": {
          "x": 0.7237108945846558,
          "y": -0.1114012598991394,
          "z": 1.295493483543396
        },
        "rotation_quaternion": {
          "w": 0.4484167993068695,
          "x": 0.31880465149879456,
          "y": 0.47353941202163696,
          "z": -0.6877837777137756
        },
        "matrix": [
          [
            -0.39457112550735474,
            0.9187608361244202,
            -0.013850425370037556,
            0.6280395984649658
          ],
          [
            -0.3148968517780304,
            -0.1493656039237976,
            -0.9372991323471069,
            -0.0958477109670639
          ],
          [
            -0.863228976726532,
            -0.3654725253582001,
            0.34825170040130615,
            1.3335504531860352
          ],
          [
            0.0,
            0.0,
            0.0,
            1.0
          ]
        ]
      },
      "bone_length_armature_space": 0.10413088338354468,
      "parent": "lowerarm_l",
      "has_children": true,
      "is_end_bone": false
    },
    "pinky_01_l": {
      "name": "pinky_01_l",
      "local": {
        "location": {
          "x": 0.0,
          "y": 0.0,
          "z": 0.0
        },
        "rotation_quaternion": {
          "w": 0.9559381604194641,
          "x": 0.2923486530780792,
          "y": -0.02634855918586254,
          "z": 0.004504017066210508
        },
        "scale": {
          "x": 1.0,
          "y": 1.0,
          "z": 1.0
        },
        "matrix_basis": [
          [
            0.9985709190368652,
            -0.024017054587602615,
            -0.04774169996380806,
            0.0
          ],
          [
            -0.006794807966798544,
            0.8290239572525024,
            -0.5591717958450317,
            0.0
          ],
          [
            0.05300867184996605,
            0.5586971044540405,
            0.8276760578155518,
            0.0
          ],
          [
            0.0,
            0.0,
            0.0,
            1.0
          ]
        ],
        "rotation_mode": "QUATERNION"
      },
      "armature_space": {
        "head": {
          "x": 0.7237108945846558,
          "y": -0.17464525997638702,
