{
  "metadata": {
    "armature_name": "KIM_caucasian_male",
    "export_time": "2026-01-13T21:04:17.226118",
    "blender_version": "4.4.1",
    "bone_count": 56,
    "end_bone_count": 13,
    "spaces_included": [
      "LOCAL_CHANNELS",
      "ARMATURE_SPACE",
      "WORLD_SPACE"
    ],
    "note": "LOCAL matches Transform panel; replay pose via local.matrix_basis for best fidelity."
  },
  "bones": {
    "Root": {
      "name": "Root",
      "local": {
        "location": {
          "x": 0.0,
          "y": 0.0,
          "z": 0.0
        },
        "rotation_quaternion": {
          "w": 0.9995036721229553,
          "x": -0.014402210712432861,
          "y": 0.013511616736650467,
          "z": 0.02454404905438423
        },
        "scale": {
          "x": 1.0,
          "y": 1.0,
          "z": 1.0
        },
        "matrix_basis": [
          [
            0.998430073261261,
            -0.049452926963567734,
            0.026302844285964966,
            0.0
          ],
          [
            0.04867453873157501,
            0.9983803033828735,
            0.02945338375866413,
            0.0
          ],
          [
            -0.027716798707842827,
            -0.02812686562538147,
            0.9992200136184692,
            0.0
          ],
          [
            0.0,
            0.0,
            0.0,
            1.0
          ]
        ],
        "rotation_mode": "QUATERNION"
      },
      "armature_space": {
        "head": {
          "x": 0.0,
          "y": 0.07072800397872925,
          "z": -0.009595036506652832
        },
        "tail": {
          "x": -0.0035297456197440624,
          "y": 0.0003844350576400757,
          "z": 0.0019738292321562767
        }
      },
      "world_space": {
        "head": {
          "x": 0.0,
          "y": 0.13397200405597687,
          "z": 0.9402589797973633
        },
        "tail": {
          "x": -0.0035297456197440624,
          "y": 0.0636284351348877,
          "z": 0.9518278241157532
        },
        "rotation_quaternion": {
          "w": 0.08170371502637863,
          "x": 0.996262788772583,
          "y": -0.023578040301799774,
          "z": 0.015134405344724655
        },
        "matrix": [
          [
            0.998430073261261,
            -0.049452926963567734,
            0.026302844285964966,
            0.0
          ],
          [
            -0.04450676590204239,
            -0.9855371117591858,
            -0.16351087391376495,
            0.13397200405597687
          ],
          [
            0.03400871530175209,
            0.1620837152004242,
            -0.9861978888511658,
            0.9402589797973633
          ],
          [
            0.0,
            0.0,
            0.0,
            1.0
          ]
        ]
      },
      "bone_length_armature_space": 0.07137587576876613,
      "parent": null,
      "has_children": true,
      "is_end_bone": false
    },
    "spine_01": {
      "name": "spine_01",
      "local": {
        "location": {
          "x": 0.0,
          "y": 0.0,
          "z": 0.0
        },
        "rotation_quaternion": {
          "w": 0.9916778206825256,
          "x": 0.10761963576078415,
          "y": -0.01763317920267582,
          "z": -0.06842776387929916
        },
        "scale": {
          "x": 1.0,
          "y": 1.0,
          "z": 1.0
        },
        "matrix_basis": [
          [
            0.9900134205818176,
            0.13192123174667358,
            -0.049701206386089325,
            0.0
          ],
          [
            -0.13951194286346436,
            0.9674713015556335,
            -0.21103481948375702,
            0.0
          ],
          [
            0.020244523882865906,
            0.2158612161874771,
            0.9762141704559326,
            0.0
          ],
          [
            0.0,
            0.0,
            0.0,
            1.0
          ]
        ],
        "rotation_mode": "QUATERNION"
      },
      "armature_space": {
        "head": {
          "x": -0.0035297456197440624,
          "y": 0.0003844350576400757,
          "z": 0.0019738292321562767
        },
        "tail": {
          "x": 0.04137739539146423,
          "y": -0.07144374400377274,
          "z": 0.48256978392601013
        }
      },
      "world_space": {
        "head": {
          "x": -0.0035297456197440624,
          "y": 0.0636284351348877,
          "z": 0.9518278241157532
        },
        "tail": {
          "x": 0.04137739539146423,
          "y": -0.008199743926525116,
          "z": 1.4324238300323486
        },
        "rotation_quaternion": {
          "w": 0.6529726386070251,
          "x": 0.7546603679656982,
          "y": 0.005686682183295488,
          "z": -0.06389208883047104
        },
        "matrix": [
          [
            0.9917709827423096,
            0.0920225977897644,
            -0.08900651335716248,
            -0.0035297456197440624
          ],
          [
            -0.07485593855381012,
            -0.14718851447105408,
            -0.986271858215332,
            0.0636284351348877
          ],
          [
            -0.10386083275079727,
            0.9848252534866333,
            -0.13909071683883667,
            0.9518278241157532
          ],
          [
            0.0,
            0.0,
            0.0,
            1.0
          ]
        ]
      },
      "bone_length_armature_space": 0.48800451590629845,
      "parent": "Root",
      "has_children": true,
      "is_end_bone": false
    },
    "neck_01": {
      "name": "neck_01",
      "local": {
        "location": {
          "x": 0.0,
          "y": 0.0,
          "z": 0.0
        },
        "rotation_quaternion": {
          "w": 0.995830774307251,
          "x": -0.05591120198369026,
          "y": -0.04277145862579346,
          "z": 0.058014415204524994
        },
        "scale": {
          "x": 1.0,
          "y": 1.0,
          "z": 1.0
        },
        "matrix_basis": [
          [
            0.9896098375320435,
            -0.11076227575540543,
            -0.0916735827922821,
            0.0
          ],
          [
            0.120327889919281,
            0.9870165586471558,
            0.1063934713602066,
            0.0
          ],
          [
            0.07869895547628403,
            -0.11631891131401062,
            0.9900890588760376,
            0.0
          ],
          [
            0.0,
            0.0,
            0.0,
            1.0
          ]
        ],
        "rotation_mode": "QUATERNION"
      },
      "armature_space": {
        "head": {
          "x": 0.04502836614847183,
          "y": -0.11642500013113022,
          "z": 0.5498534440994263
        },
        "tail": {
          "x": 0.04038005322217941,
          "y": -0.15703867375850677,
          "z": 0.6438729166984558
        }
      },
      "world_space": {
        "head": {
          "x": 0.04502836614847183,
          "y": -0.0531810000538826,
          "z": 1.4997074604034424
        },
        "tail": {
          "x": 0.04038005322217941,
          "y": -0.09379467368125916,
          "z": 1.5937268733978271
        },
        "rotation_quaternion": {
          "w": 0.5443325638771057,
          "x": 0.8323081731796265,
          "y": -0.07501782476902008,
          "z": -0.0730583593249321
        },
        "matrix": [
          [
            0.978069543838501,
            -0.045339953154325485,
            -0.20328345894813538,
            0.04502836614847183
          ],
          [
            -0.2044120728969574,
            -0.3961484432220459,
            -0.8951437473297119,
            -0.0531810000538826
          ],
          [
            -0.03994512930512428,
            0.9170724153518677,
            -0.3967324197292328,
            1.4997074604034424
          ],
          [
            0.0,
            0.0,
            0.0,
            1.0
          ]
        ]
      },
      "bone_length_armature_space": 0.10252189328398993,
      "parent": "spine_01",
      "has_children": true,
      "is_end_bone": false
    },
    "head": {
      "name": "head",
      "local": {
        "location": {
          "x": 0.0,
          "y": 0.0,
          "z": 0.0
        },
        "rotation_quaternion": {
          "w": 0.9719809293746948,
          "x": -0.13113290071487427,
          "y": 0.08523382246494293,
          "z": 0.1754782646894455
        },
        "scale": {
          "x": 1.0,
          "y": 1.0,
          "z": 1.0
        },
        "matrix_basis": [
          [
            0.92388516664505,
            -0.36347696185112,
            0.1196693554520607,
            0.0
          ],
          [
            0.3187691271305084,
            0.9040231108665466,
            0.2848307192325592,
            0.0
          ],
          [
            -0.2117132544517517,
            -0.22500398755073547,
            0.9510787129402161,
            0.0
          ],
          [
            0.0,
            0.0,
            0.0,
            1.0
          ]
        ],
        "rotation_mode": "QUATERNION"
      },
      "armature_space": {
        "head": {
          "x": 0.040380023419857025,
          "y": -0.15703877806663513,
          "z": 0.6438727974891663
        },
        "tail": {
          "x": -0.0031426474452018738,
          "y": -0.11764603853225708,
          "z": 0.7874251008033752
        }
      },
      "world_space": {
        "head": {
          "x": 0.040380023419857025,
          "y": -0.09379477798938751,
          "z": 1.5937268733978271
        },
        "tail": {
          "x": -0.0031426474452018738,
          "y": -0.05440203845500946,
          "z": 1.7372791767120361
        },
        "rotation_quaternion": {
          "w": 0.7833150029182434,
          "x": 0.6041001677513123,
          "y": -0.1158304288983345,
          "z": 0.08979889005422592
        },
        "matrix": [
          [
            0.9570390582084656,
            -0.2806280851364136,
            -0.07296690344810486,
            0.040380023419857025
          ],
          [
            0.0007370114326477051,
            0.25399890542030334,
            -0.9672043323516846,
            -0.09379477798938751
          ],
          [
            0.28996023535728455,
            0.9256052374839783,
            0.24329443275928497,
            1.5937268733978271
          ],
          [
            0.0,
            0.0,
            0.0,
            1.0
          ]
        ]
      },
      "bone_length_armature_space": 0.15509118474360353,
      "parent": "neck_01",
      "has_children": false,
      "is_end_bone": true
    },
    "upperarm_l": {
      "name": "upperarm_l",
      "local": {
        "location": {
          "x": 0.0,
          "y": 0.0,
          "z": 0.0
        },
        "rotation_quaternion": {
          "w": 0.931549072265625,
          "x": 0.26691845059394836,
          "y": 0.20439215004444122,
          "z": 0.13854585587978363
        },
        "scale": {
          "x": 1.0,
          "y": 1.0,
          "z": 1.0
        },
        "matrix_basis": [
          [
            0.8780577778816223,
            -0.1490124613046646,
            0.4547635316848755,
            0.0
          ],
          [
            0.36723658442497253,
            0.8191191554069519,
            -0.44065991044044495,
            0.0
          ],
          [
            -0.30684173107147217,
            0.5539306402206421,
            0.7739567756652832,
            0.0
          ],
          [
            0.0,
            0.0,
            0.0,
            1.0
          ]
        ],
        "rotation_mode": "QUATERNION"
      },
      "armature_space": {
        "head": {
          "x": 0.18732552230358124,
          "y": -0.1209065318107605,
          "z": 0.46764281392097473
        },
        "tail": {
          "x": 0.4017604887485504,
          "y": -0.28115373849868774,
          "z": 0.4555550813674927
        }
      },
      "world_space": {
        "head": {
          "x": 0.18732552230358124,
          "y": -0.05766253173351288,
          "z": 1.4174968004226685
        },
        "tail": {
          "x": 0.4017604887485504,
          "y": -0.21790973842144012,
          "z": 1.4054090976715088
        },
        "rotation_quaternion": {
          "w": 0.20129995048046112,
          "x": 0.7748457789421082,
          "y": 0.400593101978302,
          "z": -0.4456654191017151
        },
        "matrix": [
          [
            0.2818141579627991,
            0.8002217411994934,
            -0.529363751411438,
            0.18732552230358124
          ],
          [
            0.4413709044456482,
            -0.598005473613739,
            -0.6690153479576111,
            -0.05766253173351288
          ],
          [
            -0.8519284129142761,
            -0.04510858654975891,
            -0.5217252373695374,
            1.4174968004226685
          ],
          [
            0.0,
            0.0,
            0.0,
            1.0
          ]
        ]
      },
      "bone_length_armature_space": 0.26796946472911637,
      "parent": "spine_01",
      "has_children": true,
      "is_end_bone": false
    },
    "lowerarm_l": {
      "name": "lowerarm_l",
      "local": {
        "location": {
          "x": 0.0,
          "y": 0.0,
          "z": 0.0
        },
        "rotation_quaternion": {
          "w": 0.9214134216308594,
          "x": 0.3836286664009094,
          "y": 0.011934776790440083,
          "z": -0.06069700047373772
        },
        "scale": {
          "x": 1.0,
          "y": 1.0,
          "z": 1.0
        },
        "matrix_basis": [
          [
            0.9923468828201294,
            0.12101110816001892,
            -0.024576490744948387,
            0.0
          ],
          [
            -0.10269701480865479,
            0.6982898116111755,
            -0.7084100246429443,
            0.0
          ],
          [
            -0.06856394559144974,
            0.7055124044418335,
            0.705373227596283,
            0.0
          ],
          [
            0.0,
            0.0,
            0.0,
            1.0
          ]
        ],
        "rotation_mode": "QUATERNION"
      },
      "armature_space": {
        "head": {
          "x": 0.4017605185508728,
          "y": -0.2811538577079773,
          "z": 0.45555517077445984
        },
        "tail": {
          "x": 0.4184216856956482,
          "y": -0.5235977172851562,
          "z": 0.3436938226222992
        }
      },
      "world_space": {
        "head": {
          "x": 0.4017605185508728,
          "y": -0.21790985763072968,
          "z": 1.4054092168807983
        },
        "tail": {
          "x": 0.4184216856956482,
          "y": -0.4603537321090698,
          "z": 1.2935478687286377
        },
        "rotation_quaternion": {
          "w": 0.14810310304164886,
          "x": -0.7654515504837036,
          "y": -0.15792697668075562,
          "z": 0.6059773564338684
        },
        "matrix": [
          [
            0.21570152044296265,
            0.06227901577949524,
            -0.9744713306427002,
            0.4017605185508728
          ],
          [
            0.4212651252746582,
            -0.9062493443489075,
            0.035328835248947144,
            -0.21790985763072968
          ],
          [
            -0.8809192180633545,
            -0.41813501715660095,
            -0.22171694040298462,
            1.4054092168807983
          ],
          [
            0.0,
            0.0,
            0.0,
            1.0
          ]
        ]
      },
      "bone_length_armature_space": 0.26752491375350246,
      "parent": "upperarm_l",
      "has_children": true,
      "is_end_bone": false
    },
    "metacarpal_thumb_l": {
      "name": "metacarpal_thumb_l",
      "local": {
        "location": {
          "x": 0.0,
          "y": 0.0,
          "z": 0.0
        },
        "rotation_quaternion": {
          "w": 0.9986734390258789,
          "x": 0.050603292882442474,
          "y": 0.006528688594698906,
          "z": 0.006941657513380051
        },
        "scale": {
          "x": 1.0,
          "y": 1.0,
          "z": 1.0
        },
        "matrix_basis": [
          [
            0.9998183846473694,
            -0.013204151764512062,
            0.013742596842348576,
            0.0
          ],
          [
            0.014525644481182098,
            0.9947822690010071,
            -0.1009816899895668,
            0.0
          ],
          [
            -0.012337514199316502,
            0.10116297006607056,
            0.9947933554649353,
            0.0
          ],
          [
            0.0,
            0.0,
            0.0,
            1.0
          ]
        ],
        "rotation_mode": "QUATERNION"
      },
      "armature_space": {
        "head": {
          "x": 0.4184216856956482,
          "y": -0.5235977172851562,
          "z": 0.3436938226222992
        },
        "tail": {
          "x": 0.39525431394577026,
          "y": -0.5507147908210754,
          "z": 0.3093203008174896
        }
      },
      "world_space": {
        "head": {
          "x": 0.4184216856956482,
          "y": -0.4603537321090698,
          "z": 1.2935478687286377
        },
        "tail": {
          "x": 0.39525431394577026,
          "y": -0.487470805644989,
          "z": 1.2591743469238281
        },
        "rotation_quaternion": {
          "w": 0.3780039846897125,
          "x": -0.8780692219734192,
          "y": 0.28877225518226624,
          "z": -0.052135150879621506
        },
        "matrix": [
          [
            0.8277843594551086,
            -0.46770983934402466,
            0.3098719120025635,
            0.4184216856956482
          ],
          [
            -0.546539843082428,
            -0.5474472045898438,
            0.6337159872055054,
            -0.4603537321090698
          ],
          [
            -0.12675796449184418,
            -0.6939427852630615,
            -0.7087944149971008,
            1.2935478687286377
          ],
          [
            0.0,
            0.0,
            0.0,
            1.0
          ]
        ]
      },
      "bone_length_armature_space": 0.049533845609915333,
      "parent": "lowerarm_l",
      "has_children": true,
      "is_end_bone": false
    },
    "thumb_01_l": {
      "name": "thumb_01_l",
      "local": {
        "location": {
          "x": 0.0,
          "y": 0.0,
          "z": 0.0
        },
        "rotation_quaternion": {
          "w": 0.9996993541717529,
          "x": 0.013543283566832542,
          "y": 0.01678607054054737,
          "z": -0.011666092090308666
        },
        "scale": {
          "x": 1.0,
          "y": 1.0,
          "z": 1.0
        },
        "matrix_basis": [
          [
            0.9991642832756042,
            0.023779846727848053,
            0.03324605152010918,
            0.0
          ],
          [
            -0.022870492190122604,
            0.999360978603363,
            -0.02747008018195629,
            0.0
          ],
          [
            -0.03387804329395294,
            0.026686767116189003,
            0.9990696310997009,
            0.0
          ],
          [
            0.0,
            0.0,
            0.0,
            1.0
          ]
        ],
        "rotation_mode": "QUATERNION"
      },
      "armature_space": {
        "head": {
          "x": 0.39525431394577026,
          "y": -0.5507147908210754,
          "z": 0.3093203008174896
        },
        "tail": {
          "x": 0.3894403874874115,
          "y": -0.545930802822113,
          "z": 0.27612465620040894
        }
      },
      "world_space": {
        "head": {
          "x": 0.39525431394577026,
          "y": -0.487470805644989,
          "z": 1.2591743469238281
        },
        "tail": {
          "x": 0.3894403874874115,
          "y": -0.4826868176460266,
          "z": 1.2259786128997803
        },
        "rotation_quaternion": {
          "w": 0.2908181846141815,
          "x": -0.3530332148075104,
          "y": 0.69692063331604,
          "z": -0.5523532032966614
        },
        "matrix": [
          [
            -0.5815842151641846,
            -0.17080417275428772,
            0.7953525185585022,
            0.39525431394577026
          ],
          [
            -0.8133413195610046,
            0.14054639637470245,
            -0.5645554661750793,
            -0.487470805644989
          ],
          [
            -0.01535645592957735,
            -0.975236177444458,
            -0.2206636369228363,
            1.2591743469238281
          ],
          [
            0.0,
            0.0,
            0.0,
            1.0
          ]
        ]
      },
      "bone_length_armature_space": 0.034038787409350194,
      "parent": "metacarpal_thumb_l",
      "has_children": true,
      "is_end_bone": false
    },
    "thumb_02_l": {
      "name": "thumb_02_l",
      "local": {
        "location": {
          "x": 0.0,
          "y": 0.0,
          "z": 0.0
        },
        "rotation_quaternion": {
          "w": 0.9924182891845703,
          "x": 0.12267617136240005,
          "y": -0.007302833255380392,
          "z": -0.0017908993177115917
        },
        "scale": {
          "x": 1.0,
          "y": 1.0,
          "z": 1.0
        },
        "matrix_basis": [
          [
            0.9998869299888611,
            0.0017628752393648028,
            -0.014934332109987736,
            0.0
          ],
          [
            -0.005346409510821104,
            0.9698947072029114,
            -0.24346598982810974,
            0.0
          ],
          [
            0.014055529609322548,
            0.24351830780506134,
            0.9697944521903992,
            0.0
          ],
          [
            0.0,
            0.0,
            0.0,
            1.0
          ]
        ],
        "rotation_mode": "QUATERNION"
      },
      "armature_space": {
        "head": {
          "x": 0.3894403874874115,
          "y": -0.5459307432174683,
          "z": 0.27612465620040894
        },
        "tail": {
          "x": 0.39364275336265564,
          "y": -0.5821644067764282,
          "z": 0.25931262969970703
        }
      },
      "world_space": {
        "head": {
          "x": 0.3894403874874115,
          "y": -0.48268675804138184,
          "z": 1.2259786128997803
        },
        "tail": {
          "x": 0.39364275336265564,
          "y": -0.5189204216003418,
          "z": 1.2091666460037231
        },
        "rotation_quaternion": {
          "w": 0.08559047430753708,
          "x": -0.14799948036670685,
          "y": 0.20397865772247314,
          "z": -0.963931143283844
        },
        "matrix": [
          [
            -0.9415407180786133,
            0.10462936758995056,
            0.32023993134498596,
            0.3894403874874115
          ],
          [
            -0.2253841608762741,
            -0.9021342992782593,
            -0.36790746450424194,
            -0.48268675804138184
          ],
          [
            0.2504068911075592,
            -0.4185805320739746,
            0.8729836344718933,
            1.2259786128997803
          ],
          [
            0.0,
            0.0,
            0.0,
            1.0
          ]
        ]
      },
      "bone_length_armature_space": 0.04016444256824086,
      "parent": "thumb_01_l",
      "has_children": true,
      "is_end_bone": false
    },
    "thumb_03_l": {
      "name": "thumb_03_l",
      "local": {
        "location": {
          "x": 0.0,
          "y": 0.0,
          "z": 0.0
        },
        "rotation_quaternion": {
          "w": 0.9970881938934326,
          "x": 0.07565704733133316,
          "y": -0.008652828633785248,
          "z": 0.004034160170704126
        },
        "scale": {
          "x": 1.0,
          "y": 1.0,
          "z": 1.0
        },
        "matrix_basis": [
          [
            0.9998177289962769,
            -0.0093541219830513,
            -0.01664484106004238,
            0.0
          ],
          [
            0.006735532078891993,
            0.9885194897651672,
            -0.1509433090686798,
            0.0
          ],
          [
            0.01786569133400917,
            0.15080368518829346,
            0.9884023070335388,
            0.0
          ],
          [
            0.0,
            0.0,
            0.0,
            1.0
          ]
        ],
        "rotation_mode": "QUATERNION"
      },
      "armature_space": {
        "head": {
          "x": 0.3936426639556885,
          "y": -0.5821644067764282,
          "z": 0.25931259989738464
        },
        "tail": {
          "x": 0.40363723039627075,
          "y": -0.6108784675598145,
          "z": 0.25773102045059204
        }
      },
      "world_space": {
        "head": {
          "x": 0.3936426639556885,
          "y": -0.5189204216003418,
          "z": 1.2091666460037231
        },
        "tail": {
          "x": 0.40363723039627075,
          "y": -0.547634482383728,
          "z": 1.207585096359253
        },
        "rotation_quaternion": {
          "w": 0.16416291892528534,
          "x": 0.07182195037603378,
          "y": 0.03841499239206314,
          "z": -0.9830648303031921
        },
        "matrix": [
          [
            -0.9357842803001404,
            0.3282836377620697,
            -0.12859836220741272,
            0.3936426639556885
          ],
          [
            -0.317247599363327,
            -0.943149745464325,
            -0.09910957515239716,
            -0.5189204216003418
          ],
          [
            -0.15382501482963562,
            -0.05194878578186035,
            0.9867385625839233,
            1.2091666460037231
          ],
          [
            0.0,
            0.0,
            0.0,
            1.0
          ]
        ]
      },
      "bone_length_armature_space": 0.030444869318667713,
      "parent": "thumb_02_l",
      "has_children": false,
      "is_end_bone": true
    },
    "metacarpal_index_l": {
      "name": "metacarpal_index_l",
      "local": {
        "location": {
          "x": 0.0,
          "y": 0.0,
          "z": 0.0
        },
        "rotation_quaternion": {
          "w": 0.998489260673523,
          "x": -0.05138436332345009,
          "y": -0.013043021783232689,
          "z": 0.014447903260588646
        },
        "scale": {
          "x": 1.0,
          "y": 1.0,
          "z": 1.0
        },
        "matrix_basis": [
          [
            0.9992422461509705,
            -0.02751173824071884,
            -0.027531426399946213,
            0.0
          ],
          [
            0.03019256703555584,
            0.9943017959594727,
            0.10223658382892609,
            0.0
          ],
          [
            0.024561841040849686,
            -0.10299035906791687,
            0.9943790435791016,
            0.0
          ],
          [
            0.0,
            0.0,
            0.0,
            1.0
          ]
        ],
        "rotation_mode": "QUATERNION"
      },
      "armature_space": {
        "head": {
          "x": 0.4184216856956482,
          "y": -0.5235977172851562,
          "z": 0.3436938226222992
        },
        "tail": {
          "x": 0.3934970796108246,
          "y": -0.6270611882209778,
          "z": 0.2946699857711792
        }
      },
      "world_space": {
        "head": {
          "x": 0.4184216856956482,
          "y": -0.4603537321090698,
          "z": 1.2935478687286377
        },
        "tail": {
          "x": 0.3934970796108246,
          "y": -0.5638172030448914,
          "z": 1.2445240020751953
        },
        "rotation_quaternion": {
          "w": 0.2356674075126648,
          "x": -0.9416705965995789,
          "y": 0.054383233189582825,
          "z": 0.2340082973241806
        },
        "matrix": [
          [
            0.8845654129981995,
            -0.21271848678588867,
            -0.4150843620300293,
            0.4184216856956482
          ],
          [
            0.007873738184571266,
            -0.8830071687698364,
            0.4692937731742859,
            -0.4603537321090698
          ],
          [
            -0.4663529396057129,
            -0.4183931052684784,
            -0.7794075608253479,
            1.2935478687286377
          ],
          [
            0.0,
            0.0,
            0.0,
            1.0
          ]
        ]
      },
      "bone_length_armature_space": 0.11717193445502593,
      "parent": "lowerarm_l",
      "has_children": true,
      "is_end_bone": false
    },
    "index_01_l": {
      "name": "index_01_l",
      "local": {
        "location": {
          "x": 0.0,
          "y": 0.0,
          "z": 0.0
        },
        "rotation_quaternion": {
          "w": 0.9960987567901611,
          "x": -0.0851808488368988,
          "y": 0.022438544780015945,
          "z": -0.005298838950693607
        },
        "scale": {
          "x": 1.0,
          "y": 1.0,
          "z": 1.0
        },
        "matrix_basis": [
          [
            0.9989368915557861,
            0.006733665242791176,
            0.045604731887578964,
            0.0
          ],
          [
            -0.014379002153873444,
            0.9854322671890259,
            0.1694592833518982,
            0.0
          ],
          [
            -0.04379929229617119,
            -0.16993486881256104,
            0.9844814538955688,
            0.0
          ],
          [
            0.0,
            0.0,
            0.0,
            1.0
          ]
        ],
        "rotation_mode": "QUATERNION"
      },
      "armature_space": {
        "head": {
          "x": 0.3934970796108246,
          "y": -0.6270611882209778,
          "z": 0.2946699857711792
        },
        "tail": {
          "x": 0.40009617805480957,
          "y": -0.6534804105758667,
          "z": 0.2862113118171692
        }
      },
      "world_space": {
        "head": {
          "x": 0.3934970796108246,
          "y": -0.5638172030448914,
          "z": 1.2445240020751953
        },
        "tail": {
          "x": 0.40009617805480957,
          "y": -0.5902364253997803,
          "z": 1.23606538772583
        },
        "rotation_quaternion": {
          "w": 0.13247166574001312,
          "x": -0.971127986907959,
          "y": -0.13852916657924652,
          "z": 0.14202675223350525
        },
        "matrix": [
          [
            0.9212761521339417,
            0.23143011331558228,
            -0.31255483627319336,
            0.3934970796108246
          ],
          [
            0.3066883087158203,
            -0.9265221953392029,
            0.21794328093528748,
            -0.5638172030448914
          ],
          [
            -0.23915152251720428,
            -0.296645849943161,
            -0.9245656728744507,
            1.2445240020751953
          ],
          [
            0.0,
            0.0,
            0.0,
            1.0
          ]
        ]
      },
      "bone_length_armature_space": 0.028514427960003568,
      "parent": "metacarpal_index_l",
      "has_children": true,
      "is_end_bone": false
    },
    "index_02_l": {
      "name": "index_02_l",
      "local": {
        "location": {
          "x": 0.0,
          "y": 0.0,
          "z": 0.0
        },
        "rotation_quaternion": {
          "w": 0.9795486330986023,
          "x": 0.20113667845726013,
          "y": -0.004742117132991552,
          "z": 0.0025042749475687742
        },
        "scale": {
          "x": 1.0,
          "y": 1.0,
          "z": 1.0
        },
        "matrix_basis": [
          [
            0.9999424815177917,
            -0.006813745480030775,
            -0.008282865397632122,
            0.0
          ],
          [
            0.0029984908178448677,
            0.9190755486488342,
            -0.3940700590610504,
            0.0
          ],
          [
            0.010297671891748905,
            0.39402255415916443,
            0.9190431237220764,
            0.0
          ],
          [
            0.0,
            0.0,
            0.0,
            1.0
          ]
        ],
        "rotation_mode": "QUATERNION"
      },
      "armature_space": {
        "head": {
          "x": 0.40009593963623047,
          "y": -0.6534807682037354,
          "z": 0.28621095418930054
        },
        "tail": {
          "x": 0.40265172719955444,
          "y": -0.6736616492271423,
          "z": 0.27058106660842896
        }
      },
      "world_space": {
        "head": {
          "x": 0.40009593963623047,
          "y": -0.5902367830276489,
          "z": 1.2360649108886719
        },
        "tail": {
          "x": 0.40265172719955444,
          "y": -0.6104176640510559,
          "z": 1.2204351425170898
        },
        "rotation_quaternion": {
          "w": 0.3034946024417877,
          "x": -0.9231545329093933,
          "y": -0.12063043564558029,
          "z": 0.2027931958436966
        },
        "matrix": [
          [
            0.8886464834213257,
            0.09962807595729828,
            -0.4476402997970581,
            0.40009593963623047
          ],
          [
            0.3458145558834076,
            -0.786679208278656,
            0.5114180445671082,
            -0.5902367830276489
          ],
          [
            -0.3011992275714874,
            -0.6092753410339355,
            -0.7335370779037476,
            1.2360649108886719
          ],
          [
            0.0,
            0.0,
            0.0,
            1.0
          ]
        ]
      },
      "bone_length_armature_space": 0.025653331443131214,
      "parent": "index_01_l",
      "has_children": true,
      "is_end_bone": false
    },
    "index_03_l": {
      "name": "index_03_l",
      "local": {
        "location": {
          "x": 0.0,
          "y": 0.0,
          "z": 0.0
        },
        "rotation_quaternion": {
          "w": 0.9784598350524902,
          "x": 0.20642712712287903,
          "y": 0.0020633952226489782,
          "z": -0.00043968940735794604
        },
        "scale": {
          "x": 1.0,
          "y": 1.0,
          "z": 1.0
        },
        "matrix_basis": [
          [
            0.9999911189079285,
            0.0017123183934018016,
            0.003856371156871319,
            0.0
          ],
          [
            -8.555353815609124e-06,
            0.9147753119468689,
            -0.4039631187915802,
            0.0
          ],
          [
            -0.004219426307827234,
            0.4039594829082489,
            0.9147671461105347,
            0.0
          ],
          [
            0.0,
            0.0,
            0.0,
            1.0
          ]
        ],
        "rotation_mode": "QUATERNION"
      },
      "armature_space": {
        "head": {
          "x": 0.40265175700187683,
          "y": -0.6736617088317871,
          "z": 0.2705811560153961
        },
        "tail": {
          "x": 0.4017850160598755,
          "y": -0.6853135228157043,
          "z": 0.2438000738620758
        }
      },
      "world_space": {
        "head": {
          "x": 0.40265175700187683,
          "y": -0.6104177236557007,
          "z": 1.2204351425170898
        },
        "tail": {
          "x": 0.4017850160598755,
          "y": -0.6220695376396179,
          "z": 1.1936540603637695
        },
        "rotation_quaternion": {
          "w": 0.5383278131484985,
          "x": -0.8155551552772522,
          "y": -0.10398887097835541,
          "z": 0.18509286642074585
        },
        "matrix": [
          [
            0.9098542332649231,
            -0.029663756489753723,
            -0.41386666893959045,
            0.40265175700187683
          ],
          [
            0.36889833211898804,
            -0.3987797498703003,
            0.8395766019821167,
            -0.6104177236557007
          ],
          [
            -0.18994736671447754,
            -0.9165738821029663,
            -0.35189002752304077,
            1.2204351425170898
          ],
          [
            0.0,
            0.0,
            0.0,
            1.0
          ]
        ]
      },
      "bone_length_armature_space": 0.029218870070190948,
      "parent": "index_02_l",
      "has_children": false,
      "is_end_bone": true
    },
    "metacarpal_pinky_l": {
      "name": "metacarpal_pinky_l",
      "local": {
        "location": {
          "x": 0.0,
          "y": 0.0,
          "z": 0.0
        },
        "rotation_quaternion": {
          "w": 0.9991552233695984,
          "x": -0.037023723125457764,
          "y": -0.0050187124870717525,
          "z": 0.017117606475949287
        },
        "scale": {
          "x": 1.0,
          "y": 1.0,
          "z": 1.0
        },
        "matrix_basis": [
          [
            0.9993636012077332,
            -0.03383466973900795,
            -0.011296460404992104,
            0.0
          ],
          [
            0.03457791358232498,
            0.9966724514961243,
            0.0738130733370781,
            0.0
          ],
          [
            0.008761430159211159,
            -0.07415670901536942,
            0.9972081184387207,
            0.0
          ],
          [
            0.0,
            0.0,
            0.0,
            1.0
          ]
        ],
        "rotation_mode": "QUATERNION"
      },
      "armature_space": {
        "head": {
          "x": 0.4184216856956482,
          "y": -0.5235977172851562,
          "z": 0.3436938226222992
        },
        "tail": {
          "x": 0.4617728292942047,
          "y": -0.6100031137466431,
          "z": 0.3049895167350769
        }
      },
      "world_space": {
        "head": {
          "x": 0.4184216856956482,
          "y": -0.4603537321090698,
          "z": 1.2935478687286377
        },
        "tail": {
          "x": 0.4617728292942047,
          "y": -0.5467591285705566,
          "z": 1.2548434734344482
        },
        "rotation_quaternion": {
          "w": 0.15483693778514862,
          "x": 0.2666298449039459,
          "y": 0.24725811183452606,
          "z": -0.9185845255851746
        },
        "matrix": [
          [
            -0.8098686337471008,
            0.41631436347961426,
            -0.4132741689682007,
            0.4184216856956482
          ],
          [
            -0.15260984003543854,
            -0.8297781348228455,
            -0.5368227958679199,
            -0.4603537321090698
          ],
          [
            -0.5664170384407043,
            -0.37168949842453003,
            0.73554927110672,
            1.2935478687286377
          ],
          [
            0.0,
            0.0,
            0.0,
            1.0
          ]
        ]
      },
      "bone_length_armature_space": 0.10413086668384952,
      "parent": "lowerarm_l",
      "has_children": true,
      "is_end_bone": false
    },
    "pinky_01_l": {
      "name": "pinky_01_l",
      "local": {
        "location": {
          "x": 0.0,
          "y": 0.0,
          "z": 0.0
        },
        "rotation_quaternion": {
          "w": 0.9997326135635376,
          "x": 0.01795169711112976,
          "y": -0.0005010459572076797,
          "z": 0.01456798892468214
        },
        "scale": {
          "x": 1.0,
          "y": 1.0,
          "z": 1.0
        },
        "matrix_basis": [
          [
            0.9995750188827515,
            -0.02914617583155632,
            -0.0004787837096955627,
            0.0
          ],
          [
            0.029110198840498924,
            0.9989310503005981,
            -0.03590839356184006,
            0.0
          ],
          [
            0.0015248642303049564,
            0.03587919473648071,
            0.9993549585342407,
            0.0
          ],
          [
            0.0,
            0.0,
            0.0,
            1.0
          ]
        ],
        "rotation_mode": "QUATERNION"
      },
      "armature_space": {
        "head": {
          "x": 0.4617728292942047,
          "y": -0.6100031137466431,
          "z": 0.3049895167350769
        },
