{
  "metadata": {
    "armature_name": "KIM_caucasian_male",
    "export_time": "2026-01-13T20:26:47.498368",
    "blender_version": "4.4.1",
    "bone_count": 56,
    "end_bone_count": 13,
    "spaces_included": [
      "LOCAL_CHANNELS",
      "ARMATURE_SPACE",
      "WORLD_SPACE"
    ],
    "note": "LOCAL matches Transform panel; replay pose via local.matrix_basis for best fidelity."
  },
  "bones": {
    "Root": {
      "name": "Root",
      "local": {
        "location": {
          "x": 0.0,
          "y": 0.0,
          "z": 0.0
        },
        "rotation_quaternion": {
          "w": 0.9998398423194885,
          "x": 0.008403903804719448,
          "y": 0.0038908878341317177,
          "z": 0.015316043980419636
        },
        "scale": {
          "x": 1.0,
          "y": 1.0,
          "z": 1.0
        },
        "matrix_basis": [
          [
            0.999500572681427,
            -0.0305617842823267,
            0.008037958294153214,
            0.0
          ],
          [
            0.030692579224705696,
            0.9993895888328552,
            -0.016685929149389267,
            0.0
          ],
          [
            -0.007523100357502699,
            0.0169243011623621,
            0.9998284578323364,
            0.0
          ],
          [
            0.0,
            0.0,
            0.0,
            1.0
          ]
        ],
        "rotation_mode": "QUATERNION"
      },
      "armature_space": {
        "head": {
          "x": 0.0,
          "y": 0.07072800397872925,
          "z": -0.009595036506652832
        },
        "tail": {
          "x": -0.0021813740022480488,
          "y": -0.00011921674013137817,
          "z": -0.0012028878554701805
        }
      },
      "world_space": {
        "head": {
          "x": 0.0,
          "y": 0.13397200405597687,
          "z": 0.9402589797973633
        },
        "tail": {
          "x": -0.0021813740022480488,
          "y": 0.06312478333711624,
          "z": 0.948651134967804
        },
        "rotation_quaternion": {
          "w": 0.058972056955099106,
          "x": 0.9981345534324646,
          "y": -0.01501912996172905,
          "z": 0.00491385767236352
        },
        "matrix": [
          [
            0.999500572681427,
            -0.0305617842823267,
            0.008037958294153214,
            0.0
          ],
          [
            -0.029402658343315125,
            -0.9925934076309204,
            -0.11787214875221252,
            0.13397200405597687
          ],
          [
            0.01158086210489273,
            0.11757683008909225,
            -0.9930033087730408,
            0.9402589797973633
          ],
          [
            0.0,
            0.0,
            0.0,
            1.0
          ]
        ]
      },
      "bone_length_armature_space": 0.07137587200977975,
      "parent": null,
      "has_children": true,
      "is_end_bone": false
    },
    "spine_01": {
      "name": "spine_01",
      "local": {
        "location": {
          "x": 0.0,
          "y": 0.0,
          "z": 0.0
        },
        "rotation_quaternion": {
          "w": 0.9972406625747681,
          "x": -0.046577565371990204,
          "y": 0.05598399043083191,
          "z": 0.01440324354916811
        },
        "scale": {
          "x": 1.0,
          "y": 1.0,
          "z": 1.0
        },
        "matrix_basis": [
          [
            0.993316650390625,
            -0.033942196518182755,
            0.11031728982925415,
            0.0
          ],
          [
            0.02351180464029312,
            0.995246171951294,
            0.09451078623533249,
            0.0
          ],
          [
            -0.11300075799226761,
            -0.09128538519144058,
            0.9893926382064819,
            0.0
          ],
          [
            0.0,
            0.0,
            0.0,
            1.0
          ]
        ],
        "rotation_mode": "QUATERNION"
      },
      "armature_space": {
        "head": {
          "x": -0.0021813740022480488,
          "y": -0.00011921674013137817,
          "z": -0.0012028878554701805
        },
        "tail": {
          "x": -0.02260676398873329,
          "y": 0.05949368700385094,
          "z": 0.4827161729335785
        }
      },
      "world_space": {
        "head": {
          "x": -0.0021813740022480488,
          "y": 0.06312478333711624,
          "z": 0.948651134967804
        },
        "tail": {
          "x": -0.02260676398873329,
          "y": 0.12273769080638885,
          "z": 1.432570219039917
        },
        "rotation_quaternion": {
          "w": 0.7488788962364197,
          "x": 0.6611694693565369,
          "y": 0.01608768105506897,
          "z": 0.042148713022470474
        },
        "matrix": [
          [
            0.9959293007850647,
            -0.04185520485043526,
            0.0798305794596672,
            -0.0021813740022480488
          ],
          [
            0.08440219610929489,
            0.12215728312730789,
            -0.9889155626296997,
            0.06312478333711624
          ],
          [
            0.03163967654109001,
            0.9916349053382874,
            0.12519265711307526,
            0.948651134967804
          ],
          [
            0.0,
            0.0,
            0.0,
            1.0
          ]
        ]
      },
      "bone_length_armature_space": 0.48800465560933576,
      "parent": "Root",
      "has_children": true,
      "is_end_bone": false
    },
    "neck_01": {
      "name": "neck_01",
      "local": {
        "location": {
          "x": 0.0,
          "y": 0.0,
          "z": 0.0
        },
        "rotation_quaternion": {
          "w": 0.9862989187240601,
          "x": -0.1369706690311432,
          "y": -0.0816863551735878,
          "z": -0.04220180958509445
        },
        "scale": {
          "x": 1.0,
          "y": 1.0,
          "z": 1.0
        },
        "matrix_basis": [
          [
            0.9830926656723022,
            0.10562446713447571,
            -0.14957350492477417,
            0.0
          ],
          [
            -0.06086992844939232,
            0.9589160680770874,
            0.2770826816558838,
            0.0
          ],
          [
            0.17269514501094818,
            -0.26329341530799866,
            0.9491327404975891,
            0.0
          ],
          [
            0.0,
            0.0,
            0.0,
            1.0
          ]
        ],
        "rotation_mode": "QUATERNION"
      },
      "armature_space": {
        "head": {
          "x": -0.022902779281139374,
          "y": 0.03414183109998703,
          "z": 0.5596638917922974
        },
        "tail": {
          "x": -0.015316852368414402,
          "y": 0.03516194224357605,
          "z": 0.6618998050689697
        }
      },
      "world_space": {
        "head": {
          "x": -0.022902779281139374,
          "y": 0.09738583117723465,
          "z": 1.5095179080963135
        },
        "tail": {
          "x": -0.015316852368414402,
          "y": 0.09840594232082367,
          "z": 1.6117538213729858
        },
        "rotation_quaternion": {
          "w": 0.7106133699417114,
          "x": 0.7017870545387268,
          "y": 0.0018863921286538243,
          "z": -0.05020029470324516
        },
        "matrix": [
          [
            0.9949527382850647,
            0.07399363815784454,
            -0.06777933984994888,
            -0.022902779281139374
          ],
          [
            -0.06869886815547943,
            0.009950220584869385,
            -0.997588038444519,
            0.09738583117723465
          ],
          [
            -0.07314130663871765,
            0.9972160458564758,
            0.01498250663280487,
            1.5095179080963135
          ],
          [
            0.0,
            0.0,
            0.0,
            1.0
          ]
        ]
      },
      "bone_length_armature_space": 0.10252204127031869,
      "parent": "spine_01",
      "has_children": true,
      "is_end_bone": false
    },
    "head": {
      "name": "head",
      "local": {
        "location": {
          "x": 0.0,
          "y": 0.0,
          "z": 0.0
        },
        "rotation_quaternion": {
          "w": 0.9800859689712524,
          "x": 0.08784758299589157,
          "y": 0.020331572741270065,
          "z": 0.17692109942436218
        },
        "scale": {
          "x": 1.0,
          "y": 1.0,
          "z": 1.0
        },
        "matrix_basis": [
          [
            0.9365711212158203,
            -0.34322360157966614,
            0.07093755900859833,
            0.0
          ],
          [
            0.350367933511734,
            0.9219634532928467,
            -0.16500219702720642,
            0.0
          ],
          [
            -0.008769196458160877,
            0.1793905347585678,
            0.9837388396263123,
            0.0
          ],
          [
            0.0,
            0.0,
            0.0,
            1.0
          ]
        ],
        "rotation_mode": "QUATERNION"
      },
      "armature_space": {
        "head": {
          "x": -0.01531686820089817,
          "y": 0.035161782056093216,
          "z": 0.661899745464325
        },
        "tail": {
          "x": -0.056094780564308167,
          "y": 0.06608131527900696,
          "z": 0.8083047866821289
        }
      },
      "world_space": {
        "head": {
          "x": -0.01531686820089817,
          "y": 0.09840577840805054,
          "z": 1.6117537021636963
        },
        "tail": {
          "x": -0.056094780564308167,
          "y": 0.12932531535625458,
          "z": 1.758158802986145
        },
        "rotation_quaternion": {
          "w": 0.7705565094947815,
          "x": 0.6233619451522827,
          "y": -0.07697296887636185,
          "z": 0.1083412691950798
        },
        "matrix": [
          [
            0.9646746516227722,
            -0.2629302740097046,
            0.016449060291051865,
            -0.01531686820089817
          ],
          [
            0.071003757417202,
            0.1993647962808609,
            -0.9773496985435486,
            0.09840577840805054
          ],
          [
            0.2536972761154175,
            0.9439990520477295,
            0.210991770029068,
            1.6117537021636963
          ],
          [
            0.0,
            0.0,
            0.0,
            1.0
          ]
        ]
      },
      "bone_length_armature_space": 0.15509123578609568,
      "parent": "neck_01",
      "has_children": false,
      "is_end_bone": true
    },
    "upperarm_l": {
      "name": "upperarm_l",
      "local": {
        "location": {
          "x": 0.0,
          "y": 0.0,
          "z": 0.0
        },
        "rotation_quaternion": {
          "w": 0.8559861183166504,
          "x": 0.4830389618873596,
          "y": 0.020490558817982674,
          "z": -0.1831430196762085
        },
        "scale": {
          "x": 1.0,
          "y": 1.0,
          "z": 1.0
        },
        "matrix_basis": [
          [
            0.9320775270462036,
            0.33333122730255127,
            -0.14185115694999695,
            0.0
          ],
          [
            -0.29374030232429504,
            0.4662639796733856,
            -0.8344547152519226,
            0.0
          ],
          [
            -0.21200969815254211,
            0.8194438815116882,
            0.5325070023536682,
            0.0
          ],
          [
            0.0,
            0.0,
            0.0,
            1.0
          ]
        ],
        "rotation_mode": "QUATERNION"
      },
      "armature_space": {
        "head": {
          "x": 0.12955421209335327,
          "y": 0.03543846309185028,
          "z": 0.4981635510921478
        },
        "tail": {
          "x": 0.28130120038986206,
          "y": -0.17536160349845886,
          "z": 0.43225526809692383
        }
      },
      "world_space": {
        "head": {
          "x": 0.12955421209335327,
          "y": 0.0986824631690979,
          "z": 1.4480175971984863
        },
        "tail": {
          "x": 0.28130120038986206,
          "y": -0.11211760342121124,
          "z": 1.38210928440094
        },
        "rotation_quaternion": {
          "w": 0.16090840101242065,
          "x": 0.5689090490341187,
          "y": 0.28421902656555176,
          "z": -0.7547652721405029
        },
        "matrix": [
          [
            -0.30090266466140747,
            0.566284716129303,
            -0.7673195600509644,
            0.12955421209335327
          ],
          [
            0.08049225807189941,
            -0.7866571545600891,
            -0.6121208071708679,
            0.0986824631690979
          ],
          [
            -0.9502584338188171,
            -0.2459544539451599,
            0.19112645089626312,
            1.4480175971984863
          ],
          [
            0.0,
            0.0,
            0.0,
            1.0
          ]
        ]
      },
      "bone_length_armature_space": 0.2679696194965503,
      "parent": "spine_01",
      "has_children": true,
      "is_end_bone": false
    },
    "lowerarm_l": {
      "name": "lowerarm_l",
      "local": {
        "location": {
          "x": 0.0,
          "y": 0.0,
          "z": 0.0
        },
        "rotation_quaternion": {
          "w": 0.969204843044281,
          "x": 0.07962585240602493,
          "y": -0.05543460324406624,
          "z": 0.22633768618106842
        },
        "scale": {
          "x": 1.0,
          "y": 1.0,
          "z": 1.0
        },
        "matrix_basis": [
          [
            0.8913965225219727,
            -0.4475632309913635,
            -0.07141030579805374,
            0.0
          ],
          [
            0.4299071133136749,
            0.884861946105957,
            -0.1794414073228836,
            0.0
          ],
          [
            0.14349962770938873,
            0.12925364077091217,
            0.9811734557151794,
            0.0
          ],
          [
            0.0,
            0.0,
            0.0,
            1.0
          ]
        ],
        "rotation_mode": "QUATERNION"
      },
      "armature_space": {
        "head": {
          "x": 0.28130125999450684,
          "y": -0.1753617227077484,
          "z": 0.432255357503891
        },
        "tail": {
          "x": 0.4162561297416687,
          "y": -0.38963454961776733,
          "z": 0.5185325145721436
        }
      },
      "world_space": {
        "head": {
          "x": 0.28130125999450684,
          "y": -0.1121177226305008,
          "z": 1.3821094036102295
        },
        "tail": {
          "x": 0.4162561297416687,
          "y": -0.3263905644416809,
          "z": 1.4683865308761597
        },
        "rotation_quaternion": {
          "w": 0.3153746426105499,
          "x": 0.5313830375671387,
          "y": 0.00805714912712574,
          "z": -0.7861971855163574
        },
        "matrix": [
          [
            -0.23634129762649536,
            0.5044580101966858,
            -0.8304607272148132,
            0.28130125999450684
          ],
          [
            -0.48733121156692505,
            -0.8009466528892517,
            -0.34784024953842163,
            -0.1121177226305008
          ],
          [
            -0.8406317234039307,
            0.32250192761421204,
            0.43513765931129456,
            1.3821094036102295
          ],
          [
            0.0,
            0.0,
            0.0,
            1.0
          ]
        ]
      },
      "bone_length_armature_space": 0.2675245946744887,
      "parent": "upperarm_l",
      "has_children": true,
      "is_end_bone": false
    },
    "metacarpal_thumb_l": {
      "name": "metacarpal_thumb_l",
      "local": {
        "location": {
          "x": 0.0,
          "y": 0.0,
          "z": 0.0
        },
        "rotation_quaternion": {
          "w": 0.9995558261871338,
          "x": -0.028571266680955887,
          "y": 0.007396964821964502,
          "z": -0.004153326619416475
        },
        "scale": {
          "x": 1.0,
          "y": 1.0,
          "z": 1.0
        },
        "matrix_basis": [
          [
            0.9998560547828674,
            0.00788028258830309,
            0.015024689957499504,
            0.0
          ],
          [
            -0.008725645020604134,
            0.9983328580856323,
            0.05705570802092552,
            0.0
          ],
          [
            -0.014550026506185532,
            -0.057178597897291183,
            0.9982579350471497,
            0.0
          ],
          [
            0.0,
            0.0,
            0.0,
            1.0
          ]
        ],
        "rotation_mode": "QUATERNION"
      },
      "armature_space": {
        "head": {
          "x": 0.4162561297416687,
          "y": -0.38963454961776733,
          "z": 0.5185325145721436
        },
        "tail": {
          "x": 0.4108085334300995,
          "y": -0.4345686435699463,
          "z": 0.5386531352996826
        }
      },
      "world_space": {
        "head": {
          "x": 0.4162561297416687,
          "y": -0.3263905644416809,
          "z": 1.4683865308761597
        },
        "tail": {
          "x": 0.4108085334300995,
          "y": -0.37132465839385986,
          "z": 1.4885071516036987
        },
        "rotation_quaternion": {
          "w": 0.19901256263256073,
          "x": 0.9683954119682312,
          "y": -0.08260010927915573,
          "z": -0.1256249099969864
        },
        "matrix": [
          [
            0.9547911882400513,
            -0.10997739434242249,
            -0.27618613839149475,
            0.4162561297416687
          ],
          [
            -0.20998099446296692,
            -0.9071422219276428,
            -0.3646926283836365,
            -0.3263905644416809
          ],
          [
            -0.21043382585048676,
            0.40620115399360657,
            -0.8892311453819275,
            1.4683865308761597
          ],
          [
            0.0,
            0.0,
            0.0,
            1.0
          ]
        ]
      },
      "bone_length_armature_space": 0.049533711390268235,
      "parent": "lowerarm_l",
      "has_children": true,
      "is_end_bone": false
    },
    "thumb_01_l": {
      "name": "thumb_01_l",
      "local": {
        "location": {
          "x": 0.0,
          "y": 0.0,
          "z": 0.0
        },
        "rotation_quaternion": {
          "w": 0.9877386093139648,
          "x": 0.15555953979492188,
          "y": -0.0021382542327046394,
          "z": -0.013003325089812279
        },
        "scale": {
          "x": 1.0,
          "y": 1.0,
          "z": 1.0
        },
        "matrix_basis": [
          [
            0.9996526837348938,
            0.02502252161502838,
            -0.008269655518233776,
            0.0
          ],
          [
            -0.026353023946285248,
            0.9512642621994019,
            -0.30724871158599854,
            0.0
          ],
          [
            0.0001784899941412732,
            0.3073599338531494,
            0.9515933394432068,
            0.0
          ],
          [
            0.0,
            0.0,
            0.0,
            1.0
          ]
        ],
        "rotation_mode": "QUATERNION"
      },
      "armature_space": {
        "head": {
          "x": 0.4108085334300995,
          "y": -0.4345686435699463,
          "z": 0.5386531352996826
        },
        "tail": {
          "x": 0.4077349901199341,
          "y": -0.46556752920150757,
          "z": 0.5249326825141907
        }
      },
      "world_space": {
        "head": {
          "x": 0.4108085334300995,
          "y": -0.37132465839385986,
          "z": 1.4885071516036987
        },
        "tail": {
          "x": 0.4077349901199341,
          "y": -0.40232354402542114,
          "z": 1.4747867584228516
        },
        "rotation_quaternion": {
          "w": 0.1243276298046112,
          "x": -0.7339381575584412,
          "y": 0.17086070775985718,
          "z": -0.6455107927322388
        },
        "matrix": [
          [
            0.10824524611234665,
            -0.09029549360275269,
            0.9900150895118713,
            0.4108085334300995
          ],
          [
            -0.41131165623664856,
            -0.9106984734535217,
            -0.038089632987976074,
            -0.37132465839385986
          ],
          [
            0.9050503373146057,
            -0.4030854403972626,
            -0.13571934401988983,
            1.4885071516036987
          ],
          [
            0.0,
            0.0,
            0.0,
            1.0
          ]
        ]
      },
      "bone_length_armature_space": 0.034038630726647555,
      "parent": "metacarpal_thumb_l",
      "has_children": true,
      "is_end_bone": false
    },
    "thumb_02_l": {
      "name": "thumb_02_l",
      "local": {
        "location": {
          "x": 0.0,
          "y": 0.0,
          "z": 0.0
        },
        "rotation_quaternion": {
          "w": 0.9331349730491638,
          "x": 0.35949528217315674,
          "y": 0.0044929031282663345,
          "z": 0.0014767495449632406
        },
        "scale": {
          "x": 1.0,
          "y": 1.0,
          "z": 1.0
        },
        "matrix_basis": [
          [
            0.9999552369117737,
            0.00047434165026061237,
            0.009446739219129086,
            0.0
          ],
          [
            0.005986368283629417,
            0.7415218949317932,
            -0.6709019541740417,
            0.0
          ],
          [
            -0.007323201280087233,
            0.6709285378456116,
            0.7414858937263489,
            0.0
          ],
          [
            0.0,
            0.0,
            0.0,
            1.0
          ]
        ],
        "rotation_mode": "QUATERNION"
      },
      "armature_space": {
        "head": {
          "x": 0.4077349305152893,
          "y": -0.4655674993991852,
          "z": 0.5249326825141907
        },
        "tail": {
          "x": 0.44027459621429443,
          "y": -0.46944302320480347,
          "z": 0.5481563210487366
        }
      },
      "world_space": {
        "head": {
          "x": 0.4077349305152893,
          "y": -0.40232348442077637,
          "z": 1.4747867584228516
        },
        "tail": {
          "x": 0.44027459621429443,
          "y": -0.40619903802871704,
          "z": 1.4980103969573975
        },
        "rotation_quaternion": {
          "w": 0.3638029098510742,
          "x": -0.27394676208496094,
          "y": -0.5651564002037048,
          "z": -0.6878945827484131
        },
        "matrix": [
          [
            -0.5852006077766418,
            0.8101620674133301,
            -0.034319519996643066,
            0.4077349305152893
          ],
          [
            -0.19087326526641846,
            -0.09649136662483215,
            0.976860523223877,
            -0.40232348442077637
          ],
          [
            0.7881090044975281,
            0.5782139897346497,
            0.2111075222492218,
            1.4747867584228516
          ],
          [
            0.0,
            0.0,
            0.0,
            1.0
          ]
        ]
      },
      "bone_length_armature_space": 0.040164498227831406,
      "parent": "thumb_01_l",
      "has_children": true,
      "is_end_bone": false
    },
    "thumb_03_l": {
      "name": "thumb_03_l",
      "local": {
        "location": {
          "x": 0.0,
          "y": 0.0,
          "z": 0.0
        },
        "rotation_quaternion": {
          "w": 0.9778581261634827,
          "x": 0.2092636227607727,
          "y": 0.0006626329268328846,
          "z": 0.0013151931343600154
        },
        "scale": {
          "x": 1.0,
          "y": 1.0,
          "z": 1.0
        },
        "matrix_basis": [
          [
            0.9999956488609314,
            -0.0022948146797716618,
            0.0018463660962879658,
            0.0
          ],
          [
            0.002849474549293518,
            0.912414014339447,
            -0.40925851464271545,
            0.0
          ],
          [
            -0.0007454778533428907,
            0.4092620015144348,
            0.9124165773391724,
            0.0
          ],
          [
            0.0,
            0.0,
            0.0,
            1.0
          ]
        ],
        "rotation_mode": "QUATERNION"
      },
      "armature_space": {
        "head": {
          "x": 0.44027453660964966,
          "y": -0.46944308280944824,
          "z": 0.5481563210487366
        },
        "tail": {
          "x": 0.4588807225227356,
          "y": -0.45345497131347656,
          "z": 0.5661864280700684
        }
      },
      "world_space": {
        "head": {
          "x": 0.44027453660964966,
          "y": -0.4061990976333618,
          "z": 1.4980103969573975
        },
        "tail": {
          "x": 0.4588807225227356,
          "y": -0.39021098613739014,
          "z": 1.5160404443740845
        },
        "rotation_quaternion": {
          "w": 0.5842868685722351,
          "x": -0.03317556157708168,
          "y": -0.648987889289856,
          "z": -0.48613059520721436
        },
        "matrix": [
          [
            -0.3150177299976349,
            0.6111435890197754,
            -0.7261318564414978,
            0.44027453660964966
          ],
          [
            -0.5250178575515747,
            0.5251495838165283,
            0.6697566509246826,
            -0.4061990976333618
          ],
          [
            0.7906501293182373,
            0.5922220945358276,
            0.15543155372142792,
            1.4980103969573975
          ],
          [
            0.0,
            0.0,
            0.0,
            1.0
          ]
        ]
      },
      "bone_length_armature_space": 0.030444943774532895,
      "parent": "thumb_02_l",
      "has_children": false,
      "is_end_bone": true
    },
    "metacarpal_index_l": {
      "name": "metacarpal_index_l",
      "local": {
        "location": {
          "x": 0.0,
          "y": 0.0,
          "z": 0.0
        },
        "rotation_quaternion": {
          "w": 0.9995429515838623,
          "x": -0.024950232356786728,
          "y": -0.014775093644857407,
          "z": -0.008552786894142628
        },
        "scale": {
          "x": 1.0,
          "y": 1.0,
          "z": 1.0
        },
        "matrix_basis": [
          [
            0.9994170665740967,
            0.017835039645433426,
            -0.02910989336669445,
            0.0
          ],
          [
            -0.01636047102510929,
            0.9986086487770081,
            0.050130393356084824,
            0.0
          ],
          [
            0.02996346913278103,
            -0.04962491989135742,
            0.9983183741569519,
            0.0
          ],
          [
            0.0,
            0.0,
            0.0,
            1.0
          ]
        ],
        "rotation_mode": "QUATERNION"
      },
      "armature_space": {
        "head": {
          "x": 0.4162561297416687,
          "y": -0.38963454961776733,
          "z": 0.5185325145721436
        },
        "tail": {
          "x": 0.4470194876194,
          "y": -0.49206748604774475,
          "z": 0.5663900971412659
        }
      },
      "world_space": {
        "head": {
          "x": 0.4162561297416687,
          "y": -0.3263905644416809,
          "z": 1.4683865308761597
        },
        "tail": {
          "x": 0.4470194876194,
          "y": -0.42882347106933594,
          "z": 1.5162441730499268
        },
        "rotation_quaternion": {
          "w": 0.24980050325393677,
          "x": 0.8574939966201782,
          "y": 0.022223446518182755,
          "z": -0.4492325484752655
        },
        "matrix": [
          [
            0.5953928828239441,
            0.2625492215156555,
            -0.7593255639076233,
            0.4162561297416687
          ],
          [
            -0.18632392585277557,
            -0.8742119669914246,
            -0.44837141036987305,
            -0.3263905644416809
          ],
          [
            -0.7815366983413696,
            0.4084397256374359,
            -0.4715840220451355,
            1.4683865308761597
          ],
          [
            0.0,
            0.0,
            0.0,
            1.0
          ]
        ]
      },
      "bone_length_armature_space": 0.11717183510071234,
      "parent": "lowerarm_l",
      "has_children": true,
      "is_end_bone": false
    },
    "index_01_l": {
      "name": "index_01_l",
      "local": {
        "location": {
          "x": 0.0,
          "y": 0.0,
          "z": 0.0
        },
        "rotation_quaternion": {
          "w": 0.976977527141571,
          "x": 0.2133025974035263,
          "y": -0.00021895489771850407,
          "z": -0.004118892829865217
        },
        "scale": {
          "x": 1.0,
          "y": 1.0,
          "z": 1.0
        },
        "matrix_basis": [
          [
            0.9999659657478333,
            0.007954724133014679,
            -0.002184969140216708,
            0.0
          ],
          [
            -0.008141539059579372,
            0.908970057964325,
            -0.41678187251091003,
            0.0
          ],
          [
            -0.0013293130323290825,
            0.41678547859191895,
            0.9090039134025574,
            0.0
          ],
          [
            0.0,
            0.0,
            0.0,
            1.0
          ]
        ],
        "rotation_mode": "QUATERNION"
      },
      "armature_space": {
        "head": {
          "x": 0.4470194876194,
          "y": -0.49206748604774475,
          "z": 0.5663900971412659
        },
        "tail": {
          "x": 0.4532136023044586,
          "y": -0.5198755860328674,
          "z": 0.5652024149894714
        }
      },
      "world_space": {
        "head": {
          "x": 0.4470194876194,
          "y": -0.42882347106933594,
          "z": 1.5162441730499268
        },
        "tail": {
          "x": 0.4532136023044586,
          "y": -0.456631600856781,
          "z": 1.5150563716888428
        },
        "rotation_quaternion": {
          "w": 0.03730218484997749,
          "x": 0.8568139672279358,
          "y": 0.10484547913074493,
          "z": -0.5034738779067993
        },
        "matrix": [
          [
            0.47104284167289734,
            0.21722814440727234,
            -0.8549448251724243,
            0.4470194876194
          ],
          [
            0.14210478961467743,
            -0.9752318263053894,
            -0.16949698328971863,
            -0.42882347106933594
          ],
          [
            -0.87059485912323,
            -0.04165257513523102,
            -0.4902486205101013,
            1.5162441730499268
          ],
          [
            0.0,
            0.0,
            0.0,
            1.0
          ]
        ]
      },
      "bone_length_armature_space": 0.02851434813828933,
      "parent": "metacarpal_index_l",
      "has_children": true,
      "is_end_bone": false
    },
    "index_02_l": {
      "name": "index_02_l",
      "local": {
        "location": {
          "x": 0.0,
          "y": 0.0,
          "z": 0.0
        },
        "rotation_quaternion": {
          "w": 0.9275957345962524,
          "x": 0.3734615743160248,
          "y": -0.009502727538347244,
          "z": 0.0015205277595669031
        },
        "scale": {
          "x": 1.0,
          "y": 1.0,
          "z": 1.0
        },
        "matrix_basis": [
          [
            0.9998147487640381,
            -0.009918677620589733,
            -0.0164936613291502,
            0.0
          ],
          [
            -0.004276936873793602,
            0.7210482954978943,
            -0.692871630191803,
            0.0
          ],
          [
            0.018765095621347427,
            0.6928138136863708,
            0.7208722829818726,
            0.0
          ],
          [
            0.0,
            0.0,
            0.0,
            1.0
          ]
        ],
        "rotation_mode": "QUATERNION"
      },
      "armature_space": {
        "head": {
          "x": 0.45321330428123474,
          "y": -0.5198760628700256,
          "z": 0.5652024149894714
        },
        "tail": {
          "x": 0.4423862099647522,
          "y": -0.5415468811988831,
          "z": 0.5567619204521179
        }
      },
      "world_space": {
        "head": {
          "x": 0.45321330428123474,
          "y": -0.4566320776939392,
          "z": 1.5150563716888428
        },
        "tail": {
          "x": 0.4423862099647522,
          "y": -0.47830289602279663,
          "z": 1.5066158771514893
        },
        "rotation_quaternion": {
          "w": 0.26584964990615845,
          "x": -0.7900118827819824,
          "y": 0.08333927392959595,
          "z": 0.5461317300796509
        },
        "matrix": [
          [
            0.38959023356437683,
            -0.4220547378063202,
            -0.8185898065567017,
            0.45321330428123474
          ],
          [
            0.15869897603988647,
            -0.8447580337524414,
            0.5110758543014526,
            -0.4566320776939392
          ],
          [
            -0.9072184562683105,
            -0.32902252674102783,
            -0.2621311545372009,
            1.5150563716888428
          ],
          [
            0.0,
            0.0,
            0.0,
            1.0
          ]
        ]
      },
      "bone_length_armature_space": 0.02565330930254929,
      "parent": "index_01_l",
      "has_children": true,
      "is_end_bone": false
    },
    "index_03_l": {
      "name": "index_03_l",
      "local": {
        "location": {
          "x": 0.0,
          "y": 0.0,
          "z": 0.0
        },
        "rotation_quaternion": {
          "w": 0.968915581703186,
          "x": 0.24726653099060059,
          "y": -0.004198882728815079,
          "z": -0.006651689298450947
        },
        "scale": {
          "x": 1.0,
          "y": 1.0,
          "z": 1.0
        },
        "matrix_basis": [
          [
            0.9998762607574463,
            0.010813364759087563,
            -0.01142620574682951,
            0.0
          ],
          [
            -0.014966337010264397,
            0.8776300549507141,
            -0.4791049361228943,
            0.0
          ],
          [
            0.004847245756536722,
            0.47921663522720337,
            0.8776832818984985,
            0.0
          ],
          [
            0.0,
            0.0,
            0.0,
            1.0
          ]
        ],
        "rotation_mode": "QUATERNION"
      },
      "armature_space": {
        "head": {
          "x": 0.44238632917404175,
          "y": -0.5415469408035278,
          "z": 0.5567619800567627
        },
        "tail": {
          "x": 0.4203997552394867,
          "y": -0.55307936668396,
          "z": 0.5413565039634705
        }
      },
      "world_space": {
        "head": {
          "x": 0.44238632917404175,
          "y": -0.4783029556274414,
          "z": 1.5066159963607788
        },
        "tail": {
          "x": 0.4203997552394867,
          "y": -0.48983538150787354,
          "z": 1.4912104606628418
        },
        "rotation_quaternion": {
          "w": 0.5134427547454834,
          "x": -0.6928244829177856,
          "y": 0.19756391644477844,
          "z": 0.46619656682014465
        },
        "matrix": [
          [
            0.48725950717926025,
            -0.7524837851524353,
            -0.44310975074768066,
            0.44238632917404175
          ],
          [
            0.20497381687164307,
            -0.3946925699710846,
            0.8956582546234131,
            -0.4783029556274414
          ],
          [
            -0.8488661050796509,
            -0.5272479057312012,
            -0.03807762265205383,
            1.5066159963607788
          ],
          [
            0.0,
            0.0,
            0.0,
            1.0
          ]
        ]
      },
      "bone_length_armature_space": 0.02921874386661766,
      "parent": "index_02_l",
      "has_children": false,
      "is_end_bone": true
    },
    "metacarpal_pinky_l": {
      "name": "metacarpal_pinky_l",
      "local": {
        "location": {
          "x": 0.0,
          "y": 0.0,
          "z": 0.0
        },
        "rotation_quaternion": {
          "w": 0.9998334646224976,
          "x": -0.017765438184142113,
          "y": -9.42958431551233e-05,
          "z": -0.004199294373393059
        },
        "scale": {
          "x": 1.0,
          "y": 1.0,
          "z": 1.0
        },
        "matrix_basis": [
          [
            0.999964714050293,
            0.008400540798902512,
            -3.935566928703338e-05,
            0.0
          ],
          [
            -0.008393839932978153,
            0.9993335008621216,
            0.03552575036883354,
            0.0
          ],
          [
            0.00033776488271541893,
            -0.035524167120456696,
            0.9993687868118286,
            0.0
          ],
          [
            0.0,
            0.0,
            0.0,
            1.0
          ]
        ],
        "rotation_mode": "QUATERNION"
      },
      "armature_space": {
        "head": {
          "x": 0.4162561297416687,
          "y": -0.38963454961776733,
          "z": 0.5185325145721436
        },
        "tail": {
          "x": 0.4915671944618225,
          "y": -0.4600737690925598,
          "z": 0.53301602602005
        }
      },
      "world_space": {
        "head": {
          "x": 0.4162561297416687,
          "y": -0.3263905644416809,
          "z": 1.4683865308761597
        },
        "tail": {
          "x": 0.4915671944618225,
          "y": -0.3968297839164734,
          "z": 1.482870101928711
        },
        "rotation_quaternion": {
          "w": 0.38471728563308716,
          "x": -0.09689772874116898,
          "y": -0.11733526736497879,
          "z": -0.9104042053222656
        },
        "matrix": [
          [
            -0.685206949710846,
            0.7232356071472168,
            0.08614970743656158,
            0.4162561297416687
          ],
          [
            -0.6777575612068176,
            -0.676449716091156,
            0.2882021367549896,
            -0.3263905644416809
          ],
          [
            0.2667153477668762,
            0.13908983767032623,
            0.9536933302879333,
            1.4683865308761597
          ],
          [
            0.0,
            0.0,
            0.0,
            1.0
          ]
        ]
      },
      "bone_length_armature_space": 0.10413074405629884,
      "parent": "lowerarm_l",
      "has_children": true,
      "is_end_bone": false
    },
    "pinky_01_l": {
      "name": "pinky_01_l",
      "local": {
        "location": {
          "x": 0.0,
          "y": 0.0,
          "z": 0.0
        },
        "rotation_quaternion": {
          "w": 0.9447392225265503,
          "x": 0.3276878595352173,
          "y": -0.006761815398931503,
          "z": 0.006539654452353716
        },
        "scale": {
          "x": 1.0,
          "y": 1.0,
          "z": 1.0
        },
        "matrix_basis": [
          [
            0.9998230338096619,
            -0.016788065433502197,
            -0.008490373380482197,
            0.0
          ],
          [
            0.007925006560981274,
            0.7851557731628418,
            -0.6192476153373718,
            0.0
          ],
          [
            0.0170622356235981,
            0.6190707087516785,
            0.785149872303009,
            0.0
          ],
          [
            0.0,
            0.0,
            0.0,
            1.0
          ]
        ],
        "rotation_mode": "QUATERNION"
      },
      "armature_space": {
        "head": {
          "x": 0.4915671944618225,
          "y": -0.4600737690925598,
          "z": 0.53301602602005
        },
        "tail": {
