{
  "metadata": {
    "armature_name": "KIM_caucasian_male",
    "export_time": "2026-01-13T20:55:42.388386",
    "blender_version": "4.4.1",
    "bone_count": 56,
    "end_bone_count": 13,
    "spaces_included": [
      "LOCAL_CHANNELS",
      "ARMATURE_SPACE",
      "WORLD_SPACE"
    ],
    "note": "LOCAL matches Transform panel; replay pose via local.matrix_basis for best fidelity."
  },
  "bones": {
    "Root": {
      "name": "Root",
      "local": {
        "location": {
          "x": 0.0,
          "y": 0.0,
          "z": 0.0
        },
        "rotation_quaternion": {
          "w": 0.9997460842132568,
          "x": 0.016750222072005272,
          "y": 0.0042191739194095135,
          "z": -0.01447099819779396
        },
        "scale": {
          "x": 1.0,
          "y": 1.0,
          "z": 1.0
        },
        "matrix_basis": [
          [
            0.9995455741882324,
            0.029075991362333298,
            0.007951420731842518,
            0.0
          ],
          [
            -0.028793303295969963,
            0.9990200400352478,
            -0.03361405059695244,
            0.0
          ],
          [
            -0.00892098993062973,
            0.03336982801556587,
            0.9994032382965088,
            0.0
          ],
          [
            0.0,
            0.0,
            0.0,
            1.0
          ]
        ],
        "rotation_mode": "QUATERNION"
      },
      "armature_space": {
        "head": {
          "x": 0.0,
          "y": 0.07072800397872925,
          "z": -0.009595036506652832
        },
        "tail": {
          "x": 0.0020753240678459406,
          "y": -0.0002508684992790222,
          "z": -0.0023696012794971466
        }
      },
      "world_space": {
        "head": {
          "x": 0.0,
          "y": 0.13397200405597687,
          "z": 0.9402589797973633
        },
        "tail": {
          "x": 0.0020753240678459406,
          "y": 0.0629931315779686,
          "z": 0.9474844336509705
        },
        "rotation_quaternion": {
          "w": 0.05063837021589279,
          "x": 0.998603343963623,
          "y": 0.014722360298037529,
          "z": 0.003234709845855832
        },
        "matrix": [
          [
            0.9995455741882324,
            0.029075991362333298,
            0.007951420731842518,
            0.0
          ],
          [
            0.02973119728267193,
            -0.9944379925727844,
            -0.10104052722454071,
            0.13397200405597687
          ],
          [
            0.004969403613358736,
            0.10123078525066376,
            -0.9948576092720032,
            0.9402589797973633
          ],
          [
            0.0,
            0.0,
            0.0,
            1.0
          ]
        ]
      },
      "bone_length_armature_space": 0.0713758646924981,
      "parent": null,
      "has_children": true,
      "is_end_bone": false
    },
    "spine_01": {
      "name": "spine_01",
      "local": {
        "location": {
          "x": 0.0,
          "y": 0.0,
          "z": 0.0
        },
        "rotation_quaternion": {
          "w": 0.9977332353591919,
          "x": 0.05133793130517006,
          "y": 0.030557194724678993,
          "z": 0.030970407649874687
        },
        "scale": {
          "x": 1.0,
          "y": 1.0,
          "z": 1.0
        },
        "matrix_basis": [
          [
            0.9962142109870911,
            -0.05866292491555214,
            0.06415577232837677,
            0.0
          ],
          [
            0.06493789702653885,
            0.9928104877471924,
            -0.10055038332939148,
            0.0
          ],
          [
            -0.057795945554971695,
            0.10433585941791534,
            0.9928613305091858,
            0.0
          ],
          [
            0.0,
            0.0,
            0.0,
            1.0
          ]
        ],
        "rotation_mode": "QUATERNION"
      },
      "armature_space": {
        "head": {
          "x": 0.0020753240678459406,
          "y": -0.0002508684992790222,
          "z": -0.0023696012794971466
        },
        "tail": {
          "x": -0.02762717939913273,
          "y": -0.04561072960495949,
          "z": 0.48261356353759766
        }
      },
      "world_space": {
        "head": {
          "x": 0.0020753240678459406,
          "y": 0.0629931315779686,
          "z": 0.9474844336509705
        },
        "tail": {
          "x": -0.02762717939913273,
          "y": 0.01763327047228813,
          "z": 1.4324675798416138
        },
        "rotation_quaternion": {
          "w": 0.6733784079551697,
          "x": 0.7371641397476196,
          "y": 0.009283545427024364,
          "z": 0.05535716190934181
        },
        "matrix": [
          [
            0.9936988353729248,
            -0.06086563318967819,
            0.09411685168743134,
            0.0020753240678459406
          ],
          [
            0.08823920786380768,
            -0.09295029938220978,
            -0.991753101348877,
            0.0629931315779686
          ],
          [
            0.06911242753267288,
            0.9938154816627502,
            -0.08699538558721542,
            0.9474844336509705
          ],
          [
            0.0,
            0.0,
            0.0,
            1.0
          ]
        ]
      },
      "bone_length_armature_space": 0.4880045398213143,
      "parent": "Root",
      "has_children": true,
      "is_end_bone": false
    },
    "neck_01": {
      "name": "neck_01",
      "local": {
        "location": {
          "x": 0.0,
          "y": 0.0,
          "z": 0.0
        },
        "rotation_quaternion": {
          "w": 0.9833124876022339,
          "x": -0.11764903366565704,
          "y": -0.06712344288825989,
          "z": 0.12144830822944641
        },
        "scale": {
          "x": 1.0,
          "y": 1.0,
          "z": 1.0
        },
        "matrix_basis": [
          [
            0.9614894986152649,
            -0.22304925322532654,
            -0.16058319807052612,
            0.0
          ],
          [
            0.25463730096817017,
            0.9428180456161499,
            0.21506747603416443,
            0.0
          ],
          [
            0.10343008488416672,
            -0.2476755827665329,
            0.9633063077926636,
            0.0
          ],
          [
            0.0,
            0.0,
            0.0,
            1.0
          ]
        ],
        "rotation_mode": "QUATERNION"
      },
      "armature_space": {
        "head": {
          "x": -0.028819655999541283,
          "y": -0.08681084215641022,
          "z": 0.5523621439933777
        },
        "tail": {
          "x": -0.05628710240125656,
          "y": -0.11112051457166672,
          "z": 0.6480978727340698
        }
      },
      "world_space": {
        "head": {
          "x": -0.028819655999541283,
          "y": -0.023566842079162598,
          "z": 1.502216100692749
        },
        "tail": {
          "x": -0.05628710240125656,
          "y": -0.0478765144944191,
          "z": 1.597951889038086
        },
        "rotation_quaternion": {
          "w": 0.6047283411026001,
          "x": 0.784285306930542,
          "y": -0.1254768818616867,
          "z": 0.05878652259707451
        },
        "matrix": [
          [
            0.9615992307662964,
            -0.26791930198669434,
            -0.059549443423748016,
            -0.028819655999541283
          ],
          [
            -0.1257210075855255,
            -0.23711815476417542,
            -0.9633117914199829,
            -0.023566842079162598
          ],
          [
            0.2439710944890976,
            0.9338125586509705,
            -0.2616984248161316,
            1.502216100692749
          ],
          [
            0.0,
            0.0,
            0.0,
            1.0
          ]
        ]
      },
      "bone_length_armature_space": 0.10252195198486373,
      "parent": "spine_01",
      "has_children": true,
      "is_end_bone": false
    },
    "head": {
      "name": "head",
      "local": {
        "location": {
          "x": 0.0,
          "y": 0.0,
          "z": 0.0
        },
        "rotation_quaternion": {
          "w": 0.9888639450073242,
          "x": -0.012176042422652245,
          "y": -0.13845758140087128,
          "z": 0.05319293588399887
        },
        "scale": {
          "x": 1.0,
          "y": 1.0,
          "z": 1.0
        },
        "matrix_basis": [
          [
            0.956000030040741,
            -0.1018294245004654,
            -0.27512678503990173,
            0.0
          ],
          [
            0.10857288539409637,
            0.9940444827079773,
            0.009350968524813652,
            0.0
          ],
          [
            0.2725360691547394,
            -0.03881083056330681,
            0.9613624811172485,
            0.0
          ],
          [
            0.0,
            0.0,
            0.0,
            1.0
          ]
        ],
        "rotation_mode": "QUATERNION"
      },
      "armature_space": {
        "head": {
          "x": -0.056287091225385666,
          "y": -0.11112064123153687,
          "z": 0.6480977535247803
        },
        "tail": {
          "x": -0.10581471025943756,
          "y": -0.08355438709259033,
          "z": 0.7924597263336182
        }
      },
      "world_space": {
        "head": {
          "x": -0.056287091225385666,
          "y": -0.047876641154289246,
          "z": 1.5979517698287964
        },
        "tail": {
          "x": -0.10581471025943756,
          "y": -0.020310387015342712,
          "z": 1.7423137426376343
        },
        "rotation_quaternion": {
          "w": 0.7176676392555237,
          "x": 0.6408768892288208,
          "y": -0.2717061936855316,
          "z": -0.020143715664744377
        },
        "matrix": [
          [
            0.8515408039093018,
            -0.3193471431732178,
            -0.4158073365688324,
            -0.056287091225385666
          ],
          [
            -0.37717151641845703,
            0.1777433305978775,
            -0.9089275598526001,
            -0.047876641154289246
          ],
          [
            0.3641725182533264,
            0.9308260083198547,
            0.030906405299901962,
            1.5979517698287964
          ],
          [
            0.0,
            0.0,
            0.0,
            1.0
          ]
        ]
      },
      "bone_length_armature_space": 0.15509114101969063,
      "parent": "neck_01",
      "has_children": false,
      "is_end_bone": true
    },
    "upperarm_l": {
      "name": "upperarm_l",
      "local": {
        "location": {
          "x": 0.0,
          "y": 0.0,
          "z": 0.0
        },
        "rotation_quaternion": {
          "w": 0.9818486571311951,
          "x": -0.00697733648121357,
          "y": 0.1794479936361313,
          "z": -0.06101684644818306
        },
        "scale": {
          "x": 1.0,
          "y": 1.0,
          "z": 1.0
        },
        "matrix_basis": [
          [
            0.9281507134437561,
            0.11731448024511337,
            0.3532330095767975,
            0.0
          ],
          [
            -0.12232275307178497,
            0.9924564957618713,
            -0.008197324350476265,
            0.0
          ],
          [
            -0.3515300750732422,
            -0.035600077360868454,
            0.9354994893074036,
            0.0
          ],
          [
            0.0,
            0.0,
            0.0,
            1.0
          ]
        ],
        "rotation_mode": "QUATERNION"
      },
      "armature_space": {
        "head": {
          "x": 0.12462595850229263,
          "y": -0.07049080729484558,
          "z": 0.4956595003604889
        },
        "tail": {
          "x": 0.3878568112850189,
          "y": -0.023180238902568817,
          "z": 0.47896090149879456
        }
      },
      "world_space": {
        "head": {
          "x": 0.12462595850229263,
          "y": -0.007246807217597961,
          "z": 1.4455134868621826
        },
        "tail": {
          "x": 0.3878568112850189,
          "y": 0.0400637611746788,
          "z": 1.4288148880004883
        },
        "rotation_quaternion": {
          "w": 0.38362565636634827,
          "x": 0.5341949462890625,
          "y": 0.6641602516174316,
          "z": -0.3554691970348358
        },
        "matrix": [
          [
            -0.1349327564239502,
            0.982316792011261,
            0.12979581952095032,
            0.12462595850229263
          ],
          [
            0.4368480443954468,
            0.17655211687088013,
            -0.8820393085479736,
            -0.007246807217597961
          ],
          [
            -0.8893634080886841,
            -0.06231527030467987,
            -0.45294976234436035,
            1.4455134868621826
          ],
          [
            0.0,
            0.0,
            0.0,
            1.0
          ]
        ]
      },
      "bone_length_armature_space": 0.26796944246432025,
      "parent": "spine_01",
      "has_children": true,
      "is_end_bone": false
    },
    "lowerarm_l": {
      "name": "lowerarm_l",
      "local": {
        "location": {
          "x": 0.0,
          "y": 0.0,
          "z": 0.0
        },
        "rotation_quaternion": {
          "w": 0.9835395812988281,
          "x": 0.10230591148138046,
          "y": 0.05759742483496666,
          "z": 0.13735362887382507
        },
        "scale": {
          "x": 1.0,
          "y": 1.0,
          "z": 1.0
        },
        "matrix_basis": [
          [
            0.9556330442428589,
            -0.2584003508090973,
            0.14140287041664124,
            0.0
          ],
          [
            0.2819705605506897,
            0.9413349628448486,
            -0.1854213923215866,
            0.0
          ],
          [
            -0.08519452065229416,
            0.21706625819206238,
            0.9724320769309998,
            0.0
          ],
          [
            0.0,
            0.0,
            0.0,
            1.0
          ]
        ],
        "rotation_mode": "QUATERNION"
      },
      "armature_space": {
        "head": {
          "x": 0.38785696029663086,
          "y": -0.023180317133665085,
          "z": 0.4789609909057617
        },
        "tail": {
          "x": 0.6447745561599731,
          "y": -0.08940145373344421,
          "z": 0.5132750272750854
        }
      },
      "world_space": {
        "head": {
          "x": 0.38785696029663086,
          "y": 0.040063682943582535,
          "z": 1.4288150072097778
        },
        "tail": {
          "x": 0.6447745561599731,
          "y": -0.026157453656196594,
          "z": 1.4631290435791016
        },
        "rotation_quaternion": {
          "w": 0.3677721619606018,
          "x": 0.6892042756080627,
          "y": 0.4908932149410248,
          "z": -0.38570061326026917
        },
        "matrix": [
          [
            0.22051668167114258,
            0.9603517651557922,
            -0.1705775260925293,
            0.38785696029663086
          ],
          [
            0.39295196533203125,
            -0.24753299355506897,
            -0.8856163620948792,
            0.040063682943582535
          ],
          [
            -0.8927326202392578,
            0.12826502323150635,
            -0.4319611191749573,
            1.4288150072097778
          ],
          [
            0.0,
            0.0,
            0.0,
            1.0
          ]
        ]
      },
      "bone_length_armature_space": 0.26752447478858293,
      "parent": "upperarm_l",
      "has_children": true,
      "is_end_bone": false
    },
    "metacarpal_thumb_l": {
      "name": "metacarpal_thumb_l",
      "local": {
        "location": {
          "x": 0.0,
          "y": 0.0,
          "z": 0.0
        },
        "rotation_quaternion": {
          "w": 0.9997605085372925,
          "x": 0.011571458540856838,
          "y": -0.018245626240968704,
          "z": -0.0034994801972061396
        },
        "scale": {
          "x": 1.0,
          "y": 1.0,
          "z": 1.0
        },
        "matrix_basis": [
          [
            0.9993097186088562,
            0.006575027015060186,
            -0.03656350076198578,
            0.0
          ],
          [
            -0.007419541012495756,
            0.9997076988220215,
            -0.02300967462360859,
            0.0
          ],
          [
            0.036401525139808655,
            0.02326507493853569,
            0.9990664124488831,
            0.0
          ],
          [
            0.0,
            0.0,
            0.0,
            1.0
          ]
        ],
        "rotation_mode": "QUATERNION"
      },
      "armature_space": {
        "head": {
          "x": 0.6447745561599731,
          "y": -0.08940145373344421,
          "z": 0.5132750272750854
        },
        "tail": {
          "x": 0.6795603036880493,
          "y": -0.12055099010467529,
          "z": 0.496744841337204
        }
      },
      "world_space": {
        "head": {
          "x": 0.6447745561599731,
          "y": -0.026157453656196594,
          "z": 1.4631290435791016
        },
        "tail": {
          "x": 0.6795603036880493,
          "y": -0.05730699002742767,
          "z": 1.4465988874435425
        },
        "rotation_quaternion": {
          "w": 0.224049374461174,
          "x": -0.8976404070854187,
          "y": -0.3679317235946655,
          "z": -0.09311291575431824
        },
        "matrix": [
          [
            0.7119122743606567,
            0.7022643685340881,
            0.0022927410900592804,
            0.6447745561599731
          ],
          [
            0.6188178062438965,
            -0.6288558840751648,
            0.4707491993904114,
            -0.026157453656196594
          ],
          [
            0.3320351839065552,
            -0.3337162435054779,
            -0.8822697997093201,
            1.4631290435791016
          ],
          [
            0.0,
            0.0,
            0.0,
            1.0
          ]
        ]
      },
      "bone_length_armature_space": 0.04953371429132601,
      "parent": "lowerarm_l",
      "has_children": true,
      "is_end_bone": false
    },
    "thumb_01_l": {
      "name": "thumb_01_l",
      "local": {
        "location": {
          "x": 0.0,
          "y": 0.0,
          "z": 0.0
        },
        "rotation_quaternion": {
          "w": 0.9997533559799194,
          "x": 0.015740802511572838,
          "y": 0.013556122779846191,
          "z": 0.007862436585128307
        },
        "scale": {
          "x": 1.0,
          "y": 1.0,
          "z": 1.0
        },
        "matrix_basis": [
          [
            0.999508798122406,
            -0.015294225886464119,
            0.027353079989552498,
            0.0
          ],
          [
            0.016147762537002563,
            0.9993808269500732,
            -0.03126067295670509,
            0.0
          ],
          [
            -0.02685803547501564,
            0.03168701007962227,
            0.9991369247436523,
            0.0
          ],
          [
            0.0,
            0.0,
            0.0,
            1.0
          ]
        ],
        "rotation_mode": "QUATERNION"
      },
      "armature_space": {
        "head": {
          "x": 0.6795603036880493,
          "y": -0.12055099010467529,
          "z": 0.496744841337204
        },
        "tail": {
          "x": 0.6930117011070251,
          "y": -0.12429039925336838,
          "z": 0.46570107340812683
        }
      },
      "world_space": {
        "head": {
          "x": 0.6795603036880493,
          "y": -0.05730699002742767,
          "z": 1.4465988874435425
        },
        "tail": {
          "x": 0.6930117011070251,
          "y": -0.06104639917612076,
          "z": 1.4155551195144653
        },
        "rotation_quaternion": {
          "w": 0.6436595320701599,
          "x": -0.5815911293029785,
          "y": 0.17542585730552673,
          "z": -0.46548905968666077
        },
        "matrix": [
          [
            0.5050885081291199,
            0.39518049359321594,
            0.7672793865203857,
            0.6795603036880493
          ],
          [
            -0.8032864332199097,
            -0.109857939183712,
            0.5853733420372009,
            -0.05730699002742767
          ],
          [
            0.31562134623527527,
            -0.9120172262191772,
            0.261957585811615,
            1.4465988874435425
          ],
          [
            0.0,
            0.0,
            0.0,
            1.0
          ]
        ]
      },
      "bone_length_armature_space": 0.034038783935832886,
      "parent": "metacarpal_thumb_l",
      "has_children": true,
      "is_end_bone": false
    },
    "thumb_02_l": {
      "name": "thumb_02_l",
      "local": {
        "location": {
          "x": 0.0,
          "y": 0.0,
          "z": 0.0
        },
        "rotation_quaternion": {
          "w": 0.99884033203125,
          "x": 0.0478426069021225,
          "y": -0.005385386757552624,
          "z": 4.119100049138069e-05
        },
        "scale": {
          "x": 1.0,
          "y": 1.0,
          "z": 1.0
        },
        "matrix_basis": [
          [
            0.9999420046806335,
            -0.000597588368691504,
            -0.010754341259598732,
            0.0
          ],
          [
            -0.00043301540426909924,
            0.9954221844673157,
            -0.09557469189167023,
            0.0
          ],
          [
            0.010762223973870277,
            0.0955738052725792,
            0.9953641891479492,
            0.0
          ],
          [
            0.0,
            0.0,
            0.0,
            1.0
          ]
        ],
        "rotation_mode": "QUATERNION"
      },
      "armature_space": {
        "head": {
          "x": 0.6930115818977356,
          "y": -0.12429039925336838,
          "z": 0.46570107340812683
        },
        "tail": {
          "x": 0.7324064373970032,
          "y": -0.13211238384246826,
          "z": 0.4659022390842438
        }
      },
      "world_space": {
        "head": {
          "x": 0.6930115818977356,
          "y": -0.06104639917612076,
          "z": 1.4155551195144653
        },
        "tail": {
          "x": 0.7324064373970032,
          "y": -0.06886838376522064,
          "z": 1.4157562255859375
        },
        "rotation_quaternion": {
          "w": 0.6324949264526367,
          "x": -0.05788223072886467,
          "y": -0.05074981227517128,
          "z": -0.7707297801971436
        },
        "matrix": [
          [
            -0.1932000070810318,
            0.9808400273323059,
            0.025024674832820892,
            0.6930115818977356
          ],
          [
            -0.9690901637077332,
            -0.19474908709526062,
            0.15144982933998108,
            -0.06104639917612076
          ],
          [
            0.15342172980308533,
            0.005008764564990997,
            0.9881551861763,
            1.4155551195144653
          ],
          [
            0.0,
            0.0,
            0.0,
            1.0
          ]
        ]
      },
      "bone_length_armature_space": 0.0401643942524485,
      "parent": "thumb_01_l",
      "has_children": true,
      "is_end_bone": false
    },
    "thumb_03_l": {
      "name": "thumb_03_l",
      "local": {
        "location": {
          "x": 0.0,
          "y": 0.0,
          "z": 0.0
        },
        "rotation_quaternion": {
          "w": 0.9968729019165039,
          "x": 0.07862856984138489,
          "y": 0.006178943905979395,
          "z": -0.004876955412328243
        },
        "scale": {
          "x": 1.0,
          "y": 1.0,
          "z": 1.0
        },
        "matrix_basis": [
          [
            0.999876081943512,
            0.010695092380046844,
            0.01155230775475502,
            0.0
          ],
          [
            -0.00875172670930624,
            0.9875875115394592,
            -0.15682564675807953,
            0.0
          ],
          [
            -0.01308617927134037,
            0.1567051112651825,
            0.9875587224960327,
            0.0
          ],
          [
            0.0,
            0.0,
            0.0,
            1.0
          ]
        ],
        "rotation_mode": "QUATERNION"
      },
      "armature_space": {
        "head": {
          "x": 0.7324063777923584,
          "y": -0.13211242854595184,
          "z": 0.4659022092819214
        },
        "tail": {
          "x": 0.7604098320007324,
          "y": -0.13301695883274078,
          "z": 0.47781363129615784
        }
      },
      "world_space": {
        "head": {
          "x": 0.7324063777923584,
          "y": -0.06886842846870422,
          "z": 1.4157562255859375
        },
        "tail": {
          "x": 0.7604098320007324,
          "y": -0.06977295875549316,
          "z": 1.4276676177978516
        },
        "rotation_quaternion": {
          "w": 0.6933860182762146,
          "x": 0.21698521077632904,
          "y": -0.06603832542896271,
          "z": -0.68393874168396
        },
        "matrix": [
          [
            0.055731527507305145,
            0.9198075532913208,
            -0.38839098811149597,
            0.7324063777923584
          ],
          [
            -0.97712641954422,
            -0.02971019595861435,
            -0.21057362854480743,
            -0.06886842846870422
          ],
          [
            -0.20522889494895935,
            0.39124542474746704,
            0.8971188068389893,
            1.4157562255859375
          ],
          [
            0.0,
            0.0,
            0.0,
            1.0
          ]
        ]
      },
      "bone_length_armature_space": 0.030444927418829083,
      "parent": "thumb_02_l",
      "has_children": false,
      "is_end_bone": true
    },
    "metacarpal_index_l": {
      "name": "metacarpal_index_l",
      "local": {
        "location": {
          "x": 0.0,
          "y": 0.0,
          "z": 0.0
        },
        "rotation_quaternion": {
          "w": 0.9997219443321228,
          "x": -0.020756300538778305,
          "y": 0.009377783164381981,
          "z": 0.006123933009803295
        },
        "scale": {
          "x": 1.0,
          "y": 1.0,
          "z": 1.0
        },
        "matrix_basis": [
          [
            0.9997491240501404,
            -0.01263375673443079,
            0.018496131524443626,
            0.0
          ],
          [
            0.011855164542794228,
            0.9990633726119995,
            0.041615914553403854,
            0.0
          ],
          [
            -0.019004572182893753,
            -0.0413862019777298,
            0.9989624619483948,
            0.0
          ],
          [
            0.0,
            0.0,
            0.0,
            1.0
          ]
        ],
        "rotation_mode": "QUATERNION"
      },
      "armature_space": {
        "head": {
          "x": 0.6447745561599731,
          "y": -0.08940145373344421,
          "z": 0.5132750272750854
        },
        "tail": {
          "x": 0.7467902898788452,
          "y": -0.1470208764076233,
          "z": 0.5118595361709595
        }
      },
      "world_space": {
        "head": {
          "x": 0.6447745561599731,
          "y": -0.026157453656196594,
          "z": 1.4631290435791016
        },
        "tail": {
          "x": 0.7467902898788452,
          "y": -0.08377687633037567,
          "z": 1.4617135524749756
        },
        "rotation_quaternion": {
          "w": 0.029516713693737984,
          "x": 0.8613748550415039,
          "y": 0.5032423138618469,
          "z": -0.06252478063106537
        },
        "matrix": [
          [
            0.4856756031513214,
            0.8706516027450562,
            -0.07800622284412384,
            0.6447745561599731
          ],
          [
            0.8632695078849792,
            -0.4917519688606262,
            -0.11378097534179688,
            -0.026157453656196594
          ],
          [
            -0.13742341101169586,
            -0.012080367654561996,
            -0.9904457330703735,
            1.4631290435791016
          ],
          [
            0.0,
            0.0,
            0.0,
            1.0
          ]
        ]
      },
      "bone_length_armature_space": 0.11717171906563432,
      "parent": "lowerarm_l",
      "has_children": true,
      "is_end_bone": false
    },
    "index_01_l": {
      "name": "index_01_l",
      "local": {
        "location": {
          "x": 0.0,
          "y": 0.0,
          "z": 0.0
        },
        "rotation_quaternion": {
          "w": 0.9905778169631958,
          "x": -0.13559462130069733,
          "y": -0.012771373614668846,
          "z": 0.014379411935806274
        },
        "scale": {
          "x": 1.0,
          "y": 1.0,
          "z": 1.0
        },
        "matrix_basis": [
          [
            0.9992602467536926,
            -0.02502439357340336,
            -0.029201621189713478,
            0.0
          ],
          [
            0.031951311975717545,
            0.9628146886825562,
            0.2682667672634125,
            0.0
          ],
          [
            0.02140253782272339,
            -0.2690013349056244,
            0.9629020094871521,
            0.0
          ],
          [
            0.0,
            0.0,
            0.0,
            1.0
          ]
        ],
        "rotation_mode": "QUATERNION"
      },
      "armature_space": {
        "head": {
          "x": 0.7467902898788452,
          "y": -0.1470208764076233,
          "z": 0.5118595361709595
        },
        "tail": {
          "x": 0.7733452916145325,
          "y": -0.15075130760669708,
          "z": 0.5215542316436768
        }
      },
      "world_space": {
        "head": {
          "x": 0.7467902898788452,
          "y": -0.08377687633037567,
          "z": 1.4617135524749756
        },
        "tail": {
          "x": 0.7733452916145325,
          "y": -0.08750730752944946,
          "z": 1.4714082479476929
        },
        "rotation_quaternion": {
          "w": 0.1756884604692459,
          "x": 0.7495181560516357,
          "y": 0.6353898644447327,
          "z": 0.06029989942908287
        },
        "matrix": [
          [
            0.18528670072555542,
            0.9312842488288879,
            0.3136536777019501,
            0.7467902898788452
          ],
          [
            0.9736607670783997,
            -0.1308264136314392,
            -0.18673421442508698,
            -0.08377687633037567
          ],
          [
            -0.13286837935447693,
            0.3399937152862549,
            -0.9310017228126526,
            1.4617135524749756
          ],
          [
            0.0,
            0.0,
            0.0,
            1.0
          ]
        ]
      },
      "bone_length_armature_space": 0.028514406015583135,
      "parent": "metacarpal_index_l",
      "has_children": true,
      "is_end_bone": false
    },
    "index_02_l": {
      "name": "index_02_l",
      "local": {
        "location": {
          "x": 0.0,
          "y": 0.0,
          "z": 0.0
        },
        "rotation_quaternion": {
          "w": 0.9998618364334106,
          "x": 0.014510709792375565,
          "y": 0.005820756778120995,
          "z": -0.005648004822432995
        },
        "scale": {
          "x": 1.0,
          "y": 1.0,
          "z": 1.0
        },
        "matrix_basis": [
          [
            0.9998684525489807,
            0.011463375762104988,
            0.011475992389023304,
            0.0
          ],
          [
            -0.011125522665679455,
            0.9995150566101074,
            -0.029083160683512688,
            0.0
          ],
          [
            -0.011803817935287952,
            0.028951657935976982,
            0.9995111227035522,
            0.0
          ],
          [
            0.0,
            0.0,
            0.0,
            1.0
          ]
        ],
        "rotation_mode": "QUATERNION"
      },
      "armature_space": {
        "head": {
          "x": 0.7733457088470459,
          "y": -0.15075165033340454,
          "z": 0.5215541124343872
        },
        "tail": {
          "x": 0.7973697781562805,
          "y": -0.15306635200977325,
          "z": 0.530247688293457
        }
      },
      "world_space": {
        "head": {
          "x": 0.7733457088470459,
          "y": -0.08750765025615692,
          "z": 1.4714081287384033
        },
        "tail": {
          "x": 0.7973697781562805,
          "y": -0.08982235193252563,
          "z": 1.4801017045974731
        },
        "rotation_quaternion": {
          "w": 0.19636158645153046,
          "x": 0.7373296618461609,
          "y": 0.6452338695526123,
          "z": 0.03821699693799019
        },
        "matrix": [
          [
            0.1644245982170105,
            0.9364911317825317,
            0.309756338596344,
            0.7733457088470459
          ],
          [
            0.9665093421936035,
            -0.09023026376962662,
            -0.24024732410907745,
            -0.08750765025615692
          ],
          [
            -0.19704045355319977,
            0.3388870358467102,
            -0.919969916343689,
            1.4714081287384033
          ],
          [
            0.0,
            0.0,
            0.0,
            1.0
          ]
        ]
      },
      "bone_length_armature_space": 0.025653304117502326,
      "parent": "index_01_l",
      "has_children": true,
      "is_end_bone": false
    },
    "index_03_l": {
      "name": "index_03_l",
      "local": {
        "location": {
          "x": 0.0,
          "y": 0.0,
          "z": 0.0
        },
        "rotation_quaternion": {
          "w": 0.9992297291755676,
          "x": 0.038462381809949875,
          "y": 0.0037413400132209063,
          "z": 0.006837224122136831
        },
        "scale": {
          "x": 1.0,
          "y": 1.0,
          "z": 1.0
        },
        "matrix_basis": [
          [
            0.9998785257339478,
            -0.013376113958656788,
            0.008002867922186852,
            0.0
          ],
          [
            0.01395171694457531,
            0.9969477653503418,
            -0.07681435346603394,
            0.0
          ],
          [
            -0.0069509646855294704,
            0.07691667228937149,
            0.99701327085495,
            0.0
          ],
          [
            0.0,
            0.0,
            0.0,
            1.0
          ]
        ],
        "rotation_mode": "QUATERNION"
      },
      "armature_space": {
        "head": {
          "x": 0.7973697185516357,
          "y": -0.15306635200977325,
          "z": 0.5302478075027466
        },
        "tail": {
          "x": 0.8261532783508301,
          "y": -0.1544921100139618,
          "z": 0.5350651741027832
        }
      },
      "world_space": {
        "head": {
          "x": 0.7973697185516357,
          "y": -0.08982235193252563,
          "z": 1.4801018238067627
        },
        "tail": {
          "x": 0.8261532783508301,
          "y": -0.09124810993671417,
          "z": 1.4849191904067993
        },
        "rotation_quaternion": {
          "w": 0.11047825217247009,
          "x": 0.7241445779800415,
          "y": 0.6807323694229126,
          "z": 0.0035743822809308767
        },
        "matrix": [
          [
            0.07318124920129776,
            0.9851073026657104,
            0.1555895060300827,
            0.7973697185516357
          ],
          [
            0.9866873025894165,
            -0.04879598319530487,
            -0.1551375836133957,
            -0.08982235193252563
          ],
          [
            -0.14523501694202423,
            0.16487231850624084,
            -0.9755704402923584,
            1.4801018238067627
          ],
          [
            0.0,
            0.0,
            0.0,
            1.0
          ]
        ]
      },
      "bone_length_armature_space": 0.0292187120819425,
      "parent": "index_02_l",
      "has_children": false,
      "is_end_bone": true
    },
    "metacarpal_pinky_l": {
      "name": "metacarpal_pinky_l",
      "local": {
        "location": {
          "x": 0.0,
          "y": 0.0,
          "z": 0.0
        },
        "rotation_quaternion": {
          "w": 0.9980150461196899,
          "x": -0.06008772552013397,
          "y": 0.007379699498414993,
          "z": 0.017349548637866974
        },
        "scale": {
          "x": 1.0,
          "y": 1.0,
          "z": 1.0
        },
        "matrix_basis": [
          [
            0.9992890954017639,
            -0.03551708161830902,
            0.012645112350583076,
            0.0
          ],
          [
            0.03374336287379265,
            0.99217689037323,
            0.12019297480583191,
            0.0
          ],
          [
            -0.01681509241461754,
            -0.11968083679676056,
            0.9926699995994568,
            0.0
          ],
          [
            0.0,
            0.0,
            0.0,
            1.0
          ]
        ],
        "rotation_mode": "QUATERNION"
      },
      "armature_space": {
        "head": {
          "x": 0.6447745561599731,
          "y": -0.08940145373344421,
          "z": 0.5132750272750854
        },
        "tail": {
          "x": 0.7462600469589233,
          "y": -0.07509078830480576,
          "z": 0.5316901803016663
        }
      },
      "world_space": {
        "head": {
          "x": 0.6447745561599731,
          "y": -0.026157453656196594,
          "z": 1.4631290435791016
        },
        "tail": {
          "x": 0.7462600469589233,
          "y": -0.011846788227558136,
          "z": 1.4815442562103271
        },
        "rotation_quaternion": {
          "w": 0.7302467226982117,
          "x": 0.27487626671791077,
          "y": 0.1882968246936798,
          "z": -0.596428632736206
        },
        "matrix": [
          [
            0.2176334708929062,
            0.9745966792106628,
            -0.05288448929786682,
            0.6447745561599731
          ],
          [
            -0.7675646543502808,
            0.13742977380752563,
            -0.6260653734207153,
            -0.026157453656196594
          ],
          [
            -0.6028982996940613,
            0.17684638500213623,
            0.7779800295829773,
            1.4631290435791016
          ],
          [
            0.0,
            0.0,
            0.0,
            1.0
          ]
        ]
      },
      "bone_length_armature_space": 0.1041307711671316,
      "parent": "lowerarm_l",
      "has_children": true,
      "is_end_bone": false
    },
    "pinky_01_l": {
      "name": "pinky_01_l",
      "local": {
        "location": {
          "x": 0.0,
          "y": 0.0,
          "z": 0.0
        },
        "rotation_quaternion": {
          "w": 0.9647887945175171,
          "x": 0.2625420093536377,
          "y": 0.010264061391353607,
          "z": 0.012209317646920681
        },
        "scale": {
          "x": 1.0,
          "y": 1.0,
          "z": 1.0
        },
        "matrix_basis": [
          [
            0.9994911551475525,
            -0.018169330433011055,
            0.02621622011065483,
            0.0
          ],
          [
            0.02894832007586956,
            0.8618452548980713,
            -0.5063445568084717,
            0.0
          ],
          [
            -0.013394385576248169,
            0.5068458318710327,
            0.8619326949119568,
            0.0
          ],
          [
            0.0,
            0.0,
            0.0,
            1.0
          ]
        ],
        "rotation_mode": "QUATERNION"
      },
      "armature_space": {
        "head": {
          "x": 0.7462600469589233,
          "y": -0.07509078830480576,
          "z": 0.5316901803016663
