{
  "metadata": {
    "armature_name": "KIM_caucasian_male",
    "export_time": "2026-01-13T20:54:54.670483",
    "blender_version": "4.4.1",
    "bone_count": 56,
    "end_bone_count": 13,
    "spaces_included": [
      "LOCAL_CHANNELS",
      "ARMATURE_SPACE",
      "WORLD_SPACE"
    ],
    "note": "LOCAL matches Transform panel; replay pose via local.matrix_basis for best fidelity."
  },
  "bones": {
    "Root": {
      "name": "Root",
      "local": {
        "location": {
          "x": 0.0,
          "y": 0.0,
          "z": 0.0
        },
        "rotation_quaternion": {
          "w": 0.9996547698974609,
          "x": 0.015172514133155346,
          "y": 0.01745585910975933,
          "z": -0.01246915478259325
        },
        "scale": {
          "x": 1.0,
          "y": 1.0,
          "z": 1.0
        },
        "matrix_basis": [
          [
            0.9990796446800232,
            0.025459399446845055,
            0.03452128916978836,
            0.0
          ],
          [
            -0.024400001391768456,
            0.9992286562919617,
            -0.030769871547818184,
            0.0
          ],
          [
            -0.035278040915727615,
            0.0298992320895195,
            0.9989301562309265,
            0.0
          ],
          [
            0.0,
            0.0,
            0.0,
            1.0
          ]
        ],
        "rotation_mode": "QUATERNION"
      },
      "armature_space": {
        "head": {
          "x": 0.0,
          "y": 0.07072800397872925,
          "z": -0.009595036506652832
        },
        "tail": {
          "x": 0.0018171867122873664,
          "y": -0.0002323240041732788,
          "z": -0.0021221297793090343
        }
      },
      "world_space": {
        "head": {
          "x": 0.0,
          "y": 0.13397200405597687,
          "z": 0.9402589797973633
        },
        "tail": {
          "x": 0.0018171867122873664,
          "y": 0.06301167607307434,
          "z": 0.9477319121360779
        },
        "rotation_quaternion": {
          "w": 0.05220634862780571,
          "x": 0.9984058737754822,
          "y": 0.013616792857646942,
          "z": 0.016576183959841728
        },
        "matrix": [
          [
            0.9990796446800232,
            0.025459399446845055,
            0.03452128916978836,
            0.0
          ],
          [
            0.028920942917466164,
            -0.9941781163215637,
            -0.10379528999328613,
            0.13397200405597687
          ],
          [
            0.03167799115180969,
            0.10469794273376465,
            -0.9940064549446106,
            0.9402589797973633
          ],
          [
            0.0,
            0.0,
            0.0,
            1.0
          ]
        ]
      },
      "bone_length_armature_space": 0.07137586961103665,
      "parent": null,
      "has_children": true,
      "is_end_bone": false
    },
    "spine_01": {
      "name": "spine_01",
      "local": {
        "location": {
          "x": 0.0,
          "y": 0.0,
          "z": 0.0
        },
        "rotation_quaternion": {
          "w": 0.9963281750679016,
          "x": -0.04554101079702377,
          "y": -0.007897133007645607,
          "z": 0.07206942141056061
        },
        "scale": {
          "x": 1.0,
          "y": 1.0,
          "z": 1.0
        },
        "matrix_basis": [
          [
            0.9894872903823853,
            -0.1428903043270111,
            -0.02230050042271614,
            0.0
          ],
          [
            0.14432887732982635,
            0.9854640364646912,
            0.0896093025803566,
            0.0
          ],
          [
            0.009172043763101101,
            -0.09188586473464966,
            0.9957273006439209,
            0.0
          ],
          [
            0.0,
            0.0,
            0.0,
            1.0
          ]
        ],
        "rotation_mode": "QUATERNION"
      },
      "armature_space": {
        "head": {
          "x": 0.0018171867122873664,
          "y": -0.0002323240041732788,
          "z": -0.0021221297793090343
        },
        "tail": {
          "x": -0.08458276838064194,
          "y": 0.05023076757788658,
          "z": 0.4755147397518158
        }
      },
      "world_space": {
        "head": {
          "x": 0.0018171867122873664,
          "y": 0.06301167607307434,
          "z": 0.9477319121360779
        },
        "tail": {
          "x": -0.08458276838064194,
          "y": 0.1134747713804245,
          "z": 1.4253687858581543
        },
        "rotation_quaternion": {
          "w": 0.7404775619506836,
          "x": 0.6661769151687622,
          "y": -0.05828028917312622,
          "z": 0.06711795181035995
        },
        "matrix": [
          [
            0.984197199344635,
            -0.17704865336418152,
            0.0031154435127973557,
            0.0018171867122873664
          ],
          [
            0.02174990624189377,
            0.10340771824121475,
            -0.9944012761116028,
            0.06301167607307434
          ],
          [
            0.1757364720106125,
            0.978761613368988,
            0.10562422126531601,
            0.9477319121360779
          ],
          [
            0.0,
            0.0,
            0.0,
            1.0
          ]
        ]
      },
      "bone_length_armature_space": 0.48800457268209474,
      "parent": "Root",
      "has_children": true,
      "is_end_bone": false
    },
    "neck_01": {
      "name": "neck_01",
      "local": {
        "location": {
          "x": 0.0,
          "y": 0.0,
          "z": 0.0
        },
        "rotation_quaternion": {
          "w": 0.9907948970794678,
          "x": -0.03032105229794979,
          "y": 0.027383334934711456,
          "z": 0.12905997037887573
        },
        "scale": {
          "x": 1.0,
          "y": 1.0,
          "z": 1.0
        },
        "matrix_basis": [
          [
            0.9651873707771301,
            -0.25740450620651245,
            0.046436067670583725,
            0.0
          ],
          [
            0.2540833353996277,
            0.9648483395576477,
            0.06715207546949387,
            0.0
          ],
          [
            -0.06208900362253189,
            -0.05301570147275925,
            0.9966615438461304,
            0.0
          ],
          [
            0.0,
            0.0,
            0.0,
            1.0
          ]
        ],
        "rotation_mode": "QUATERNION"
      },
      "armature_space": {
        "head": {
          "x": -0.09743796288967133,
          "y": 0.023315846920013428,
          "z": 0.5508412718772888
        },
        "tail": {
          "x": -0.1398686170578003,
          "y": 9.279884397983551e-05,
          "z": 0.6412352323532104
        }
      },
      "world_space": {
        "head": {
          "x": -0.09743796288967133,
          "y": 0.08655984699726105,
          "z": 1.5006952285766602
        },
        "tail": {
          "x": -0.1398686170578003,
          "y": 0.0633367970585823,
          "z": 1.5910892486572266
        },
        "rotation_quaternion": {
          "w": 0.6074720621109009,
          "x": 0.7636904716491699,
          "y": -0.13310961425304413,
          "z": 0.17331017553806305
        },
        "matrix": [
          [
            0.9044909477233887,
            -0.4138714373111725,
            0.10298796743154526,
            -0.09743796288967133
          ],
          [
            0.007250908762216568,
            -0.2265191674232483,
            -0.9739798307418823,
            0.08655984699726105
          ],
          [
            0.42643412947654724,
            0.8817086219787598,
            -0.20188583433628082,
            1.5006952285766602
          ],
          [
            0.0,
            0.0,
            0.0,
            1.0
          ]
        ]
      },
      "bone_length_armature_space": 0.10252189464128723,
      "parent": "spine_01",
      "has_children": true,
      "is_end_bone": false
    },
    "head": {
      "name": "head",
      "local": {
        "location": {
          "x": 0.0,
          "y": 0.0,
          "z": 0.0
        },
        "rotation_quaternion": {
          "w": 0.9861233234405518,
          "x": 0.05386751890182495,
          "y": -0.11787986755371094,
          "z": -0.1037476435303688
        },
        "scale": {
          "x": 1.0,
          "y": 1.0,
          "z": 1.0
        },
        "matrix_basis": [
          [
            0.9506815075874329,
            0.19191615283489227,
            -0.2436654269695282,
            0.0
          ],
          [
            -0.21731573343276978,
            0.9726694226264954,
            -0.08178051561117172,
            0.0
          ],
          [
            0.22131091356277466,
            0.1306995451450348,
            0.9664052724838257,
            0.0
          ],
          [
            0.0,
            0.0,
            0.0,
            1.0
          ]
        ],
        "rotation_mode": "QUATERNION"
      },
      "armature_space": {
        "head": {
          "x": -0.1398685723543167,
          "y": 9.266473352909088e-05,
          "z": 0.6412351131439209
        },
        "tail": {
          "x": -0.17801454663276672,
          "y": 0.0014079194515943527,
          "z": 0.7915562987327576
        }
      },
      "world_space": {
        "head": {
          "x": -0.1398685723543167,
          "y": 0.06333666294813156,
          "z": 1.591089129447937
        },
        "tail": {
          "x": -0.17801454663276672,
          "y": 0.06465192139148712,
          "z": 1.741410255432129
        },
        "rotation_quaternion": {
          "w": 0.6883174180984497,
          "x": 0.7041022181510925,
          "y": -0.17452561855316162,
          "z": 0.00013944531383458525
        },
        "matrix": [
          [
            0.9390811920166016,
            -0.24595986306667328,
            -0.24006327986717224,
            -0.1398685723543167
          ],
          [
            -0.24557733535766602,
            0.008480578660964966,
            -0.9693400263786316,
            0.06333666294813156
          ],
          [
            0.24045607447624207,
            0.9692498445510864,
            -0.05243941396474838,
            1.591089129447937
          ],
          [
            0.0,
            0.0,
            0.0,
            1.0
          ]
        ]
      },
      "bone_length_armature_space": 0.15509127394956915,
      "parent": "neck_01",
      "has_children": false,
      "is_end_bone": true
    },
    "upperarm_l": {
      "name": "upperarm_l",
      "local": {
        "location": {
          "x": 0.0,
          "y": 0.0,
          "z": 0.0
        },
        "rotation_quaternion": {
          "w": 0.9504468441009521,
          "x": -0.11354194581508636,
          "y": -0.1464998424053192,
          "z": 0.24959340691566467
        },
        "scale": {
          "x": 1.0,
          "y": 1.0,
          "z": 1.0
        },
        "matrix_basis": [
          [
            0.832481861114502,
            -0.44118279218673706,
            -0.3351592719554901,
            0.0
          ],
          [
            0.5077182650566101,
            0.8496227264404297,
            0.14270037412643433,
            0.0
          ],
          [
            0.2218019813299179,
            -0.2889619469642639,
            0.9312920570373535,
            0.0
          ],
          [
            0.0,
            0.0,
            0.0,
            1.0
          ]
        ],
        "rotation_mode": "QUATERNION"
      },
      "armature_space": {
        "head": {
          "x": 0.0621006116271019,
          "y": 0.016457263380289078,
          "z": 0.5117581486701965
        },
        "tail": {
          "x": 0.2650338113307953,
          "y": 0.11626780033111572,
          "z": 0.6555076241493225
        }
      },
      "world_space": {
        "head": {
          "x": 0.0621006116271019,
          "y": 0.0797012597322464,
          "z": 1.4616122245788574
        },
        "tail": {
          "x": 0.2650338113307953,
          "y": 0.17951180040836334,
          "z": 1.6053617000579834
        },
        "rotation_quaternion": {
          "w": 0.7819202542304993,
          "x": 0.4565623700618744,
          "y": 0.2735607326030731,
          "z": -0.324524462223053
        },
        "matrix": [
          [
            0.6396967768669128,
            0.7572998404502869,
            0.13147276639938354,
            0.0621006116271019
          ],
          [
            -0.25771209597587585,
            0.37246984243392944,
            -0.8915441632270813,
            0.0797012597322464
          ],
          [
            -0.7241411209106445,
            0.5364397764205933,
            0.43343526124954224,
            1.4616122245788574
          ],
          [
            0.0,
            0.0,
            0.0,
            1.0
          ]
        ]
      },
      "bone_length_armature_space": 0.26797002960266575,
      "parent": "spine_01",
      "has_children": true,
      "is_end_bone": false
    },
    "lowerarm_l": {
      "name": "lowerarm_l",
      "local": {
        "location": {
          "x": 0.0,
          "y": 0.0,
          "z": 0.0
        },
        "rotation_quaternion": {
          "w": 0.986171543598175,
          "x": 0.14843758940696716,
          "y": 0.07191803306341171,
          "z": -0.016119718551635742
        },
        "scale": {
          "x": 1.0,
          "y": 1.0,
          "z": 1.0
        },
        "matrix_basis": [
          [
            0.9891359210014343,
            0.053144294768571854,
            0.1370614916086197,
            0.0
          ],
          [
            -0.010442936792969704,
            0.9554128646850586,
            -0.29508844017982483,
            0.0
          ],
          [
            -0.146632581949234,
            0.2904512584209442,
            0.9455881714820862,
            0.0
          ],
          [
            0.0,
            0.0,
            0.0,
            1.0
          ]
        ],
        "rotation_mode": "QUATERNION"
      },
      "armature_space": {
        "head": {
          "x": 0.2650338113307953,
          "y": 0.11626781523227692,
          "z": 0.6555077433586121
        },
        "tail": {
          "x": 0.45485904812812805,
          "y": 0.11483300477266312,
          "z": 0.8440127968788147
        }
      },
      "world_space": {
        "head": {
          "x": 0.2650338113307953,
          "y": 0.17951181530952454,
          "z": 1.6053617000579834
        },
        "tail": {
          "x": 0.45485904812812805,
          "y": 0.17807701230049133,
          "z": 1.7938668727874756
        },
        "rotation_quaternion": {
          "w": 0.6782255172729492,
          "x": 0.6183005571365356,
          "y": 0.193204864859581,
          "z": -0.3469676077365875
        },
        "matrix": [
          [
            0.6845700144767761,
            0.7095621228218079,
            -0.16698938608169556,
            0.2650338113307953
          ],
          [
            -0.2317308634519577,
            -0.005363285541534424,
            -0.972765326499939,
            0.17951181530952454
          ],
          [
            -0.6911380887031555,
            0.704627275466919,
            0.16075628995895386,
            1.6053617000579834
          ],
          [
            0.0,
            0.0,
            0.0,
            1.0
          ]
        ]
      },
      "bone_length_armature_space": 0.2675253866458613,
      "parent": "upperarm_l",
      "has_children": true,
      "is_end_bone": false
    },
    "metacarpal_thumb_l": {
      "name": "metacarpal_thumb_l",
      "local": {
        "location": {
          "x": 0.0,
          "y": 0.0,
          "z": 0.0
        },
        "rotation_quaternion": {
          "w": 0.9992155432701111,
          "x": 0.028974708169698715,
          "y": 0.02463366836309433,
          "z": -0.011045672930777073
        },
        "scale": {
          "x": 1.0,
          "y": 1.0,
          "z": 1.0
        },
        "matrix_basis": [
          [
            0.9985423684120178,
            0.023501522839069366,
            0.048588600009679794,
            0.0
          ],
          [
            -0.020646508783102036,
            0.9980769157409668,
            -0.058448147028684616,
            0.0
          ],
          [
            -0.04986877739429474,
            0.05735976621508598,
            0.9971073269844055,
            0.0
          ],
          [
            0.0,
            0.0,
            0.0,
            1.0
          ]
        ],
        "rotation_mode": "QUATERNION"
      },
      "armature_space": {
        "head": {
          "x": 0.45485904812812805,
          "y": 0.11483300477266312,
          "z": 0.8440127968788147
        },
        "tail": {
          "x": 0.4860730767250061,
          "y": 0.08464999496936798,
          "z": 0.8678510189056396
        }
      },
      "world_space": {
        "head": {
          "x": 0.45485904812812805,
          "y": 0.17807701230049133,
          "z": 1.7938668727874756
        },
        "tail": {
          "x": 0.4860730767250061,
          "y": 0.1478939950466156,
          "z": 1.8177050352096558
        },
        "rotation_quaternion": {
          "w": 0.1681678295135498,
          "x": 0.8664529323577881,
          "y": 0.40871483087539673,
          "z": 0.23223063349723816
        },
        "matrix": [
          [
            0.5580413937568665,
            0.6301575899124146,
            0.5398991703987122,
            0.45485904812812805
          ],
          [
            0.7863723039627075,
            -0.6093432307243347,
            -0.1015857458114624,
            0.17807701230049133
          ],
          [
            0.2649712562561035,
            0.48125338554382324,
            -0.8355832099914551,
            1.7938668727874756
          ],
          [
            0.0,
            0.0,
            0.0,
            1.0
          ]
        ]
      },
      "bone_length_armature_space": 0.049533731036668846,
      "parent": "lowerarm_l",
      "has_children": true,
      "is_end_bone": false
    },
    "thumb_01_l": {
      "name": "thumb_01_l",
      "local": {
        "location": {
          "x": 0.0,
          "y": 0.0,
          "z": 0.0
        },
        "rotation_quaternion": {
          "w": 0.996836245059967,
          "x": -0.07787016779184341,
          "y": -0.007184290327131748,
          "z": -0.014223976992070675
        },
        "scale": {
          "x": 1.0,
          "y": 1.0,
          "z": 1.0
        },
        "matrix_basis": [
          [
            0.9994921088218689,
            0.029476836323738098,
            -0.01210787519812584,
            0.0
          ],
          [
            -0.02723906747996807,
            0.9874678254127502,
            0.15545198321342468,
            0.0
          ],
          [
            0.01653836853802204,
            -0.15504322946071625,
            0.9877692461013794,
            0.0
          ],
          [
            0.0,
            0.0,
            0.0,
            1.0
          ]
        ],
        "rotation_mode": "QUATERNION"
      },
      "armature_space": {
        "head": {
          "x": 0.4860730767250061,
          "y": 0.08464999496936798,
          "z": 0.8678510189056396
        },
        "tail": {
          "x": 0.5078957080841064,
          "y": 0.06120317429304123,
          "z": 0.8563337922096252
        }
      },
      "world_space": {
        "head": {
          "x": 0.4860730767250061,
          "y": 0.1478939950466156,
          "z": 1.8177050352096558
        },
        "tail": {
          "x": 0.5078957080841064,
          "y": 0.12444717437028885,
          "z": 1.8061878681182861
        },
        "rotation_quaternion": {
          "w": 0.3790203630924225,
          "x": -0.637150764465332,
          "y": -0.10921191424131393,
          "z": -0.6621595621109009
        },
        "matrix": [
          [
            0.09923593699932098,
            0.6411150693893433,
            0.7610018253326416,
            0.4860730767250061
          ],
          [
            -0.36277467012405396,
            -0.6888307929039001,
            0.6276202201843262,
            0.1478939950466156
          ],
          [
            0.9265840649604797,
            -0.3383578062057495,
            0.16422505676746368,
            1.8177050352096558
          ],
          [
            0.0,
            0.0,
            0.0,
            1.0
          ]
        ]
      },
      "bone_length_armature_space": 0.03403861210316103,
      "parent": "metacarpal_thumb_l",
      "has_children": true,
      "is_end_bone": false
    },
    "thumb_02_l": {
      "name": "thumb_02_l",
      "local": {
        "location": {
          "x": 0.0,
          "y": 0.0,
          "z": 0.0
        },
        "rotation_quaternion": {
          "w": 0.9960883855819702,
          "x": 0.08835234493017197,
          "y": 0.001338984933681786,
          "z": 1.365132447972428e-05
        },
        "scale": {
          "x": 1.0,
          "y": 1.0,
          "z": 1.0
        },
        "matrix_basis": [
          [
            0.9999964237213135,
            0.00020940905960742384,
            0.0026699069421738386,
            0.0
          ],
          [
            0.0002638007572386414,
            0.9843877553939819,
            -0.17601345479488373,
            0.0
          ],
          [
            -0.0026650824584066868,
            0.1760135293006897,
            0.9843841195106506,
            0.0
          ],
          [
            0.0,
            0.0,
            0.0,
            1.0
          ]
        ],
        "rotation_mode": "QUATERNION"
      },
      "armature_space": {
        "head": {
          "x": 0.5078957080841064,
          "y": 0.06120316684246063,
          "z": 0.8563337922096252
        },
        "tail": {
          "x": 0.5394091606140137,
          "y": 0.05914466828107834,
          "z": 0.8811501860618591
        }
      },
      "world_space": {
        "head": {
          "x": 0.5078957080841064,
          "y": 0.12444716691970825,
          "z": 1.8061878681182861
        },
        "tail": {
          "x": 0.5394091606140137,
          "y": 0.12238866835832596,
          "z": 1.8310041427612305
        },
        "rotation_quaternion": {
          "w": 0.48866236209869385,
          "x": -0.08315937966108322,
          "y": -0.4853682219982147,
          "z": -0.7202162146568298
        },
        "matrix": [
          [
            -0.5085853338241577,
            0.7846109867095947,
            -0.3545793890953064,
            0.5078957080841064
          ],
          [
            -0.6231616139411926,
            -0.05125178396701813,
            0.7804121971130371,
            0.12444716691970825
          ],
          [
            0.594150722026825,
            0.6178703904151917,
            0.5150096416473389,
            1.8061878681182861
          ],
          [
            0.0,
            0.0,
            0.0,
            1.0
          ]
        ]
      },
      "bone_length_armature_space": 0.040164517820758826,
      "parent": "thumb_01_l",
      "has_children": true,
      "is_end_bone": false
    },
    "thumb_03_l": {
      "name": "thumb_03_l",
      "local": {
        "location": {
          "x": 0.0,
          "y": 0.0,
          "z": 0.0
        },
        "rotation_quaternion": {
          "w": 0.9989367723464966,
          "x": 0.04569084197282791,
          "y": -0.004575098864734173,
          "z": -0.004089768044650555
        },
        "scale": {
          "x": 1.0,
          "y": 1.0,
          "z": 1.0
        },
        "matrix_basis": [
          [
            0.9999246597290039,
            0.007752758916467428,
            -0.009514198638498783,
            0.0
          ],
          [
            -0.008588919416069984,
            0.9957912564277649,
            -0.09124710410833359,
            0.0
          ],
          [
            0.008766738697886467,
            0.09132194519042969,
            0.9957828521728516,
            0.0
          ],
          [
            0.0,
            0.0,
            0.0,
            1.0
          ]
        ],
        "rotation_mode": "QUATERNION"
      },
      "armature_space": {
        "head": {
          "x": 0.5394091010093689,
          "y": 0.05914459004998207,
          "z": 0.8811501264572144
        },
        "tail": {
          "x": 0.5596708059310913,
          "y": 0.06823482364416122,
          "z": 0.9019762873649597
        }
      },
      "world_space": {
        "head": {
          "x": 0.5394091010093689,
          "y": 0.12238858640193939,
          "z": 1.8310041427612305
        },
        "tail": {
          "x": 0.5596708059310913,
          "y": 0.13147881627082825,
          "z": 1.851830244064331
        },
        "rotation_quaternion": {
          "w": 0.6422276496887207,
          "x": 0.0888976976275444,
          "y": -0.4866569936275482,
          "z": -0.5854963660240173
        },
        "matrix": [
          [
            -0.1592845767736435,
            0.665520429611206,
            -0.7291852235794067,
            0.5394091010093689
          ],
          [
            -0.8385686874389648,
            0.29858002066612244,
            0.4556896388530731,
            0.12238858640193939
          ],
          [
            0.5209936499595642,
            0.68406081199646,
            0.5105293989181519,
            1.8310041427612305
          ],
          [
            0.0,
            0.0,
            0.0,
            1.0
          ]
        ]
      },
      "bone_length_armature_space": 0.030444999578037032,
      "parent": "thumb_02_l",
      "has_children": false,
      "is_end_bone": true
    },
    "metacarpal_index_l": {
      "name": "metacarpal_index_l",
      "local": {
        "location": {
          "x": 0.0,
          "y": 0.0,
          "z": 0.0
        },
        "rotation_quaternion": {
          "w": 0.9995095729827881,
          "x": -0.030888618901371956,
          "y": -0.0027902000583708286,
          "z": 0.004328780807554722
        },
        "scale": {
          "x": 1.0,
          "y": 1.0,
          "z": 1.0
        },
        "matrix_basis": [
          [
            0.9999469518661499,
            -0.00848094467073679,
            -0.005845083389431238,
            0.0
          ],
          [
            0.008825686760246754,
            0.9980543255805969,
            0.061722785234451294,
            0.0
          ],
          [
            0.005310242995619774,
            -0.061771098524332047,
            0.9980762004852295,
            0.0
          ],
          [
            0.0,
            0.0,
            0.0,
            1.0
          ]
        ],
        "rotation_mode": "QUATERNION"
      },
      "armature_space": {
        "head": {
          "x": 0.45485904812812805,
          "y": 0.11483300477266312,
          "z": 0.8440127968788147
        },
        "tail": {
          "x": 0.5289321541786194,
          "y": 0.0827176421880722,
          "z": 0.928930938243866
        }
      },
      "world_space": {
        "head": {
          "x": 0.45485904812812805,
          "y": 0.17807701230049133,
          "z": 1.7938668727874756
        },
        "tail": {
          "x": 0.5289321541786194,
          "y": 0.14596164226531982,
          "z": 1.8787848949432373
        },
        "rotation_quaternion": {
          "w": 0.4580637216567993,
          "x": 0.7981083393096924,
          "y": 0.3913221061229706,
          "z": -0.008230890147387981
        },
        "matrix": [
          [
            0.6935970783233643,
            0.6321756839752197,
            0.3453649580478668,
            0.45485904812812805
          ],
          [
            0.6170963048934937,
            -0.27408796548843384,
            -0.7376098036766052,
            0.17807701230049133
          ],
          [
            -0.3716408312320709,
            0.7247321009635925,
            -0.5802245736122131,
            1.7938668727874756
          ],
          [
            0.0,
            0.0,
            0.0,
            1.0
          ]
        ]
      },
      "bone_length_armature_space": 0.11717214732135917,
      "parent": "lowerarm_l",
      "has_children": true,
      "is_end_bone": false
    },
    "index_01_l": {
      "name": "index_01_l",
      "local": {
        "location": {
          "x": 0.0,
          "y": 0.0,
          "z": 0.0
        },
        "rotation_quaternion": {
          "w": 0.9902552366256714,
          "x": -0.13870246708393097,
          "y": -0.01182740367949009,
          "z": 0.004043872468173504
        },
        "scale": {
          "x": 1.0,
          "y": 1.0,
          "z": 1.0
        },
        "matrix_basis": [
          [
            0.9996874928474426,
            -0.004727951716631651,
            -0.02454608678817749,
            0.0
          ],
          [
            0.011289912275969982,
            0.9614905714988708,
            0.27460601925849915,
            0.0
          ],
          [
            0.022302506491541862,
            -0.27479735016822815,
            0.9612434506416321,
            0.0
          ],
          [
            0.0,
            0.0,
            0.0,
            1.0
          ]
        ],
        "rotation_mode": "QUATERNION"
      },
      "armature_space": {
        "head": {
          "x": 0.5289321541786194,
          "y": 0.0827176421880722,
          "z": 0.928930938243866
        },
        "tail": {
          "x": 0.5466780066490173,
          "y": 0.0898696631193161,
          "z": 0.9500735402107239
        }
      },
      "world_space": {
        "head": {
          "x": 0.5289321541786194,
          "y": 0.14596164226531982,
          "z": 1.8787848949432373
        },
        "tail": {
          "x": 0.5466780066490173,
          "y": 0.15311366319656372,
          "z": 1.8999276161193848
        },
        "rotation_quaternion": {
          "w": 0.590150773525238,
          "x": 0.6117601990699768,
          "y": 0.5264331102371216,
          "z": 0.01843024045228958
        },
        "matrix": [
          [
            0.44505324959754944,
            0.6223481893539429,
            0.6439024209976196,
            0.5289321541786194
          ],
          [
            0.6658575534820557,
            0.25082165002822876,
            -0.7026538848876953,
            0.14596164226531982
          ],
          [
            -0.598803699016571,
            0.7414709329605103,
            -0.30276909470558167,
            1.8787848949432373
          ],
          [
            0.0,
            0.0,
            0.0,
            1.0
          ]
        ]
      },
      "bone_length_armature_space": 0.028514493282829553,
      "parent": "metacarpal_index_l",
      "has_children": true,
      "is_end_bone": false
    },
    "index_02_l": {
      "name": "index_02_l",
      "local": {
        "location": {
          "x": 0.0,
          "y": 0.0,
          "z": 0.0
        },
        "rotation_quaternion": {
          "w": 0.9993102550506592,
          "x": 0.03634584695100784,
          "y": -0.00019647239241749048,
          "z": 0.007609754800796509
        },
        "scale": {
          "x": 1.0,
          "y": 1.0,
          "z": 1.0
        },
        "matrix_basis": [
          [
            0.9998841285705566,
            -0.01522329356521368,
            0.00016049221449065953,
            0.0
          ],
          [
            0.015194729901850224,
            0.9972421526908875,
            -0.07264454662799835,
            0.0
          ],
          [
            0.00094583973987028,
            0.07263856381177902,
            0.9973579049110413,
            0.0
          ],
          [
            0.0,
            0.0,
            0.0,
            1.0
          ]
        ],
        "rotation_mode": "QUATERNION"
      },
      "armature_space": {
        "head": {
          "x": 0.5466783046722412,
          "y": 0.08986937999725342,
          "z": 0.9500738382339478
        },
        "tail": {
          "x": 0.5633692145347595,
          "y": 0.09582251310348511,
          "z": 0.9686229228973389
        }
      },
      "world_space": {
        "head": {
          "x": 0.5466783046722412,
          "y": 0.15311338007450104,
          "z": 1.8999278545379639
        },
        "tail": {
          "x": 0.5633692145347595,
          "y": 0.15906651318073273,
          "z": 1.918476939201355
        },
        "rotation_quaternion": {
          "w": 0.5961714386940002,
          "x": 0.6194660663604736,
          "y": 0.5104991793632507,
          "z": -0.015231856144964695
        },
        "matrix": [
          [
            0.4783138632774353,
            0.650635302066803,
            0.5898216366767883,
            0.5466783046722412
          ],
          [
            0.6143150329589844,
            0.23206143081188202,
            -0.75416499376297,
            0.15311338007450104
          ],
          [
            -0.6275652050971985,
            0.7230688333511353,
            -0.2886996269226074,
            1.8999278545379639
          ],
          [
            0.0,
            0.0,
            0.0,
            1.0
          ]
        ]
      },
      "bone_length_armature_space": 0.025653358369882032,
      "parent": "index_01_l",
      "has_children": true,
      "is_end_bone": false
    },
    "index_03_l": {
      "name": "index_03_l",
      "local": {
        "location": {
          "x": 0.0,
          "y": 0.0,
          "z": 0.0
        },
        "rotation_quaternion": {
          "w": 0.9997442364692688,
          "x": 0.022225115448236465,
          "y": 0.003613042877987027,
          "z": 0.0021293512545526028
        },
        "scale": {
          "x": 1.0,
          "y": 1.0,
          "z": 1.0
        },
        "matrix_basis": [
          [
            0.9999648332595825,
            -0.0040970128029584885,
            0.007318887859582901,
            0.0
          ],
          [
            0.004418213851749897,
            0.999002993106842,
            -0.04442347586154938,
            0.0
          ],
          [
            -0.007129587233066559,
            0.04445425048470497,
            0.998986005783081,
            0.0
          ],
          [
            0.0,
            0.0,
            0.0,
            1.0
          ]
        ],
        "rotation_mode": "QUATERNION"
      },
      "armature_space": {
        "head": {
          "x": 0.5633691549301147,
          "y": 0.09582260251045227,
          "z": 0.9686229825019836
        },
        "tail": {
          "x": 0.585669219493866,
          "y": 0.10120521485805511,
          "z": 0.9867190718650818
        }
      },
      "world_space": {
        "head": {
          "x": 0.5633691549301147,
          "y": 0.1590666025876999,
          "z": 1.9184770584106445
        },
        "tail": {
          "x": 0.585669219493866,
          "y": 0.16444921493530273,
          "z": 1.9365730285644531
        },
        "rotation_quaternion": {
          "w": 0.5315022468566895,
          "x": 0.6365811228752136,
          "y": 0.5564290285110474,
          "z": -0.05154195427894592
        },
        "matrix": [
          [
            0.3754570782184601,
            0.7632134556770325,
            0.5258680582046509,
            0.5633691549301147
          ],
          [
            0.6536376476287842,
            0.1842181384563446,
            -0.7340448498725891,
            0.1590666025876999
          ],
          [
            -0.6571114659309387,
            0.6193336844444275,
            -0.4297027587890625,
            1.9184770584106445
          ],
          [
            0.0,
            0.0,
            0.0,
            1.0
          ]
        ]
      },
      "bone_length_armature_space": 0.029218724474429213,
      "parent": "index_02_l",
      "has_children": false,
      "is_end_bone": true
    },
    "metacarpal_pinky_l": {
      "name": "metacarpal_pinky_l",
      "local": {
        "location": {
          "x": 0.0,
          "y": 0.0,
          "z": 0.0
        },
        "rotation_quaternion": {
          "w": 0.9999051094055176,
          "x": -0.005762338638305664,
          "y": 0.011909516528248787,
          "z": -0.0038577700033783913
        },
        "scale": {
          "x": 1.0,
          "y": 1.0,
          "z": 1.0
        },
        "matrix_basis": [
          [
            0.9996865391731262,
            0.007577554322779179,
            0.02386123314499855,
            0.0
          ],
          [
            -0.007852061651647091,
            0.9999037981033325,
            0.011431694962084293,
            0.0
          ],
          [
            -0.023772314190864563,
            -0.011615471914410591,
            0.9996499419212341,
            0.0
          ],
          [
            0.0,
            0.0,
            0.0,
            1.0
          ]
        ],
        "rotation_mode": "QUATERNION"
      },
      "armature_space": {
        "head": {
          "x": 0.45485904812812805,
          "y": 0.11483300477266312,
          "z": 0.8440127968788147
        },
        "tail": {
          "x": 0.5318709015846252,
          "y": 0.1442057192325592,
          "z": 0.9076499938964844
        }
      },
      "world_space": {
        "head": {
          "x": 0.45485904812812805,
          "y": 0.17807701230049133,
          "z": 1.7938668727874756
        },
        "tail": {
          "x": 0.5318709015846252,
          "y": 0.20744971930980682,
          "z": 1.8575040102005005
        },
        "rotation_quaternion": {
          "w": 0.7594110369682312,
          "x": 0.21567387878894806,
          "y": -0.25363942980766296,
          "z": -0.5589693188667297
        },
        "matrix": [
          [
            0.24643829464912415,
            0.7395686507225037,
            -0.6263436079025269,
            0.45485904812812805
          ],
          [
            -0.9583823084831238,
            0.28207534551620483,
            -0.04401412606239319,
            0.17807701230049133
          ],
          [
            0.1441248506307602,
            0.6111276745796204,
            0.778309166431427,
            1.7938668727874756
          ],
          [
            0.0,
            0.0,
            0.0,
            1.0
          ]
        ]
      },
      "bone_length_armature_space": 0.10413104583859843,
      "parent": "lowerarm_l",
      "has_children": true,
      "is_end_bone": false
    },
    "pinky_01_l": {
      "name": "pinky_01_l",
      "local": {
        "location": {
          "x": 0.0,
          "y": 0.0,
          "z": 0.0
        },
        "rotation_quaternion": {
          "w": 0.9920176267623901,
          "x": -0.12602709233760834,
          "y": 0.003831496462225914,
          "z": -0.0019352230010554194
        },
        "scale": {
          "x": 1.0,
          "y": 1.0,
          "z": 1.0
        },
        "matrix_basis": [
          [
            0.9999631643295288,
            0.0028738060500472784,
            0.008089604787528515,
            0.0
          ],
          [
            -0.004805295262485743,
            0.9682268500328064,
            0.2500273585319519,
            0.0
          ],
          [
            -0.007114042993634939,
            -0.25005701184272766,
            0.9682049751281738,
            0.0
          ],
          [
            0.0,
            0.0,
            0.0,
            1.0
          ]
        ],
        "rotation_mode": "QUATERNION"
      },
      "armature_space": {
        "head": {
          "x": 0.5318709015846252,
          "y": 0.1442057192325592,
          "z": 0.9076499938964844
        },
        "tail": {
          "x": 0.5463384389877319,
          "y": 0.14747726917266846,
