{
  "metadata": {
    "armature_name": "KIM_caucasian_male",
    "export_time": "2026-01-13T19:11:34.250315",
    "blender_version": "4.4.1",
    "bone_count": 56,
    "end_bone_count": 13,
    "spaces_included": [
      "LOCAL_CHANNELS",
      "ARMATURE_SPACE",
      "WORLD_SPACE"
    ],
    "note": "LOCAL matches Transform panel; replay pose via local.matrix_basis for best fidelity."
  },
  "bones": {
    "Root": {
      "name": "Root",
      "local": {
        "location": {
          "x": 0.0,
          "y": 0.0,
          "z": 0.0
        },
        "rotation_quaternion": {
          "w": 0.9996927976608276,
          "x": 0.014447912573814392,
          "y": 0.010795706883072853,
          "z": 0.017003139480948448
        },
        "scale": {
          "x": 1.0,
          "y": 1.0,
          "z": 1.0
        },
        "matrix_basis": [
          [
            0.9991887211799622,
            -0.03368388116359711,
            0.02207610011100769,
            0.0
          ],
          [
            0.03430778160691261,
            0.9990043044090271,
            -0.028519826009869576,
            0.0
          ],
          [
            -0.0210934616625309,
            0.029254069551825523,
            0.9993494153022766,
            0.0
          ],
          [
            0.0,
            0.0,
            0.0,
            1.0
          ]
        ],
        "rotation_mode": "QUATERNION"
      },
      "armature_space": {
        "head": {
          "x": 0.0,
          "y": 0.07072800397872925,
          "z": -0.009595036506652832
        },
        "tail": {
          "x": -0.0024042162112891674,
          "y": -0.00021027028560638428,
          "z": -0.0020786509849131107
        }
      },
      "world_space": {
        "head": {
          "x": 0.0,
          "y": 0.13397200405597687,
          "z": 0.9402589797973633
        },
        "tail": {
          "x": -0.0024042162112891674,
          "y": 0.06303372979164124,
          "z": 0.9477753639221191
        },
        "rotation_quaternion": {
          "w": 0.052931878715753555,
          "x": 0.9983950853347778,
          "y": -0.016237230971455574,
          "z": 0.011916648596525192
        },
        "matrix": [
          [
            0.9991887211799622,
            -0.03368388116359711,
            0.02207610011100769,
            0.0
          ],
          [
            -0.031160790473222733,
            -0.9938691258430481,
            -0.1060812845826149,
            0.13397200405597687
          ],
          [
            0.025514131411910057,
            0.10530709475278854,
            -0.99411940574646,
            0.9402589797973633
          ],
          [
            0.0,
            0.0,
            0.0,
            1.0
          ]
        ]
      },
      "bone_length_armature_space": 0.07137587026408093,
      "parent": null,
      "has_children": true,
      "is_end_bone": false
    },
    "spine_01": {
      "name": "spine_01",
      "local": {
        "location": {
          "x": 0.0,
          "y": 0.0,
          "z": 0.0
        },
        "rotation_quaternion": {
          "w": 0.9980885982513428,
          "x": 0.049954138696193695,
          "y": -0.036039676517248154,
          "z": -0.004997738637030125
        },
        "scale": {
          "x": 1.0,
          "y": 1.0,
          "z": 1.0
        },
        "matrix_basis": [
          [
            0.9973523020744324,
            0.006375710014253855,
            -0.07244089245796204,
            0.0
          ],
          [
            -0.013577033765614033,
            0.9949592351913452,
            -0.09935707598924637,
            0.0
          ],
          [
            0.07144226133823395,
            0.1000775471329689,
            0.9924114346504211,
            0.0
          ],
          [
            0.0,
            0.0,
            0.0,
            1.0
          ]
        ],
        "rotation_mode": "QUATERNION"
      },
      "armature_space": {
        "head": {
          "x": -0.0024042162112891674,
          "y": -0.00021027028560638428,
          "z": -0.0020786509849131107
        },
        "tail": {
          "x": -0.01295524649322033,
          "y": -0.04025685787200928,
          "z": 0.4841655492782593
        }
      },
      "world_space": {
        "head": {
          "x": -0.0024042162112891674,
          "y": 0.06303372979164124,
          "z": 0.9477753639221191
        },
        "tail": {
          "x": -0.01295524649322033,
          "y": 0.022987142205238342,
          "z": 1.4340195655822754
        },
        "rotation_quaternion": {
          "w": 0.6761505007743835,
          "x": 0.7349369525909424,
          "y": -0.04229695349931717,
          "z": -0.029986171051859856
        },
        "matrix": [
          [
            0.994623601436615,
            -0.02162090875208378,
            -0.10127420723438263,
            -0.0024042162112891674
          ],
          [
            -0.10272162407636642,
            -0.08206247538328171,
            -0.9913194179534912,
            0.06303372979164124
          ],
          [
            0.013122408650815487,
            0.9963995218276978,
            -0.08384369313716888,
            0.9477753639221191
          ],
          [
            0.0,
            0.0,
            0.0,
            1.0
          ]
        ]
      },
      "bone_length_armature_space": 0.4880045799430745,
      "parent": "Root",
      "has_children": true,
      "is_end_bone": false
    },
    "neck_01": {
      "name": "neck_01",
      "local": {
        "location": {
          "x": 0.0,
          "y": 0.0,
          "z": 0.0
        },
        "rotation_quaternion": {
          "w": 0.9862080812454224,
          "x": -0.08308155834674835,
          "y": -0.06478457152843475,
          "z": 0.12764817476272583
        },
        "scale": {
          "x": 1.0,
          "y": 1.0,
          "z": 1.0
        },
        "matrix_basis": [
          [
            0.959017813205719,
            -0.24101051688194275,
            -0.14899255335330963,
            0.0
          ],
          [
            0.26254013180732727,
            0.9536067843437195,
            0.14733214676380157,
            0.0
          ],
          [
            0.10657171905040741,
            -0.18041066825389862,
            0.9778008460998535,
            0.0
          ],
          [
            0.0,
            0.0,
            0.0,
            1.0
          ]
        ],
        "rotation_mode": "QUATERNION"
      },
      "armature_space": {
        "head": {
          "x": -0.018050529062747955,
          "y": -0.08064474165439606,
          "z": 0.5542126297950745
        },
        "tail": {
          "x": -0.0467265360057354,
          "y": -0.10592766851186752,
          "z": 0.6493399739265442
        }
      },
      "world_space": {
        "head": {
          "x": -0.018050529062747955,
          "y": -0.017400741577148438,
          "z": 1.5040667057037354
        },
        "tail": {
          "x": -0.0467265360057354,
          "y": -0.042683668434619904,
          "z": 1.599194049835205
        },
        "rotation_quaternion": {
          "w": 0.584324836730957,
          "x": 0.7893674969673157,
          "y": -0.18777254223823547,
          "z": -0.014320489019155502
        },
        "matrix": [
          [
            0.9290724396705627,
            -0.2797077000141144,
            -0.24204987287521362,
            -0.018050529062747955
          ],
          [
            -0.31317996978759766,
            -0.24661138653755188,
            -0.9171159267425537,
            -0.017400741577148438
          ],
          [
            0.19683313369750977,
            0.9278782606124878,
            -0.31672173738479614,
            1.5040667057037354
          ],
          [
            0.0,
            0.0,
            0.0,
            1.0
          ]
        ]
      },
      "bone_length_armature_space": 0.10252195567529082,
      "parent": "spine_01",
      "has_children": true,
      "is_end_bone": false
    },
    "head": {
      "name": "head",
      "local": {
        "location": {
          "x": 0.0,
          "y": 0.0,
          "z": 0.0
        },
        "rotation_quaternion": {
          "w": 0.9984652996063232,
          "x": 0.0016698722029104829,
          "y": 0.009355148300528526,
          "z": -0.054559286683797836
        },
        "scale": {
          "x": 1.0,
          "y": 1.0,
          "z": 1.0
        },
        "matrix_basis": [
          [
            0.9938715100288391,
            0.10898235440254211,
            0.01849936693906784,
            0.0
          ],
          [
            -0.10891986638307571,
            0.9940409660339355,
            -0.004355439450591803,
            0.0
          ],
          [
            -0.018863795325160027,
            0.00231379852630198,
            0.9998193979263306,
            0.0
          ],
          [
            0.0,
            0.0,
            0.0,
            1.0
          ]
        ],
        "rotation_mode": "QUATERNION"
      },
      "armature_space": {
        "head": {
          "x": -0.04672655463218689,
          "y": -0.10592779517173767,
          "z": 0.6493397951126099
        },
        "tail": {
          "x": -0.05796587094664574,
          "y": -0.09591227769851685,
          "z": 0.803698718547821
        }
      },
      "world_space": {
        "head": {
          "x": -0.04672655463218689,
          "y": -0.04268379509449005,
          "z": 1.599193811416626
        },
        "tail": {
          "x": -0.05796587094664574,
          "y": -0.032668277621269226,
          "z": 1.7535526752471924
        },
        "rotation_quaternion": {
          "w": 0.7160540819168091,
          "x": 0.6789609789848328,
          "y": -0.1398414820432663,
          "z": -0.08199401944875717
        },
        "matrix": [
          [
            0.947442889213562,
            -0.0724695473909378,
            -0.311609148979187,
            -0.04672655463218689
          ],
          [
            -0.30731767416000366,
            0.06457863003015518,
            -0.949413537979126,
            -0.04268379509449005
          ],
          [
            0.08892715722322464,
            0.9952848553657532,
            0.03891272842884064,
            1.599193811416626
          ],
          [
            0.0,
            0.0,
            0.0,
            1.0
          ]
        ]
      },
      "bone_length_armature_space": 0.15509129628174825,
      "parent": "neck_01",
      "has_children": false,
      "is_end_bone": true
    },
    "upperarm_l": {
      "name": "upperarm_l",
      "local": {
        "location": {
          "x": 0.0,
          "y": 0.0,
          "z": 0.0
        },
        "rotation_quaternion": {
          "w": 0.9614435434341431,
          "x": 0.15277442336082458,
          "y": 0.02982674166560173,
          "z": 0.22670838236808777
        },
        "scale": {
          "x": 1.0,
          "y": 1.0,
          "z": 1.0
        },
        "matrix_basis": [
          [
            0.8954273462295532,
            -0.4268210828304291,
            0.1266239434480667,
            0.0
          ],
          [
            0.44504815340042114,
            0.8505265712738037,
            -0.28024402260780334,
            0.0
          ],
          [
            0.011917028576135635,
            0.3072919249534607,
            0.9515407085418701,
            0.0
          ],
          [
            0.0,
            0.0,
            0.0,
            1.0
          ]
        ],
        "rotation_mode": "QUATERNION"
      },
      "armature_space": {
        "head": {
          "x": 0.1322731226682663,
          "y": -0.09369919449090958,
          "z": 0.4889478385448456
        },
        "tail": {
          "x": 0.3544749617576599,
          "y": -0.20189730823040009,
          "z": 0.5925203561782837
        }
      },
      "world_space": {
        "head": {
          "x": 0.1322731226682663,
          "y": -0.030455194413661957,
          "z": 1.438801884651184
        },
        "tail": {
          "x": 0.3544749617576599,
          "y": -0.13865330815315247,
          "z": 1.5423743724822998
        },
        "rotation_quaternion": {
          "w": 0.4510394334793091,
          "x": 0.7203182578086853,
          "y": 0.3076986074447632,
          "z": -0.4278161823749542
        },
        "matrix": [
          [
            0.44458985328674316,
            0.8292058706283569,
            -0.3387588858604431,
            0.1322731226682663
          ],
          [
            0.05735928937792778,
            -0.4037703573703766,
            -0.9130606651306152,
            -0.030455194413661957
          ],
          [
            -0.893902063369751,
            0.3865087032318115,
            -0.22707723081111908,
            1.438801884651184
          ],
          [
            0.0,
            0.0,
            0.0,
            1.0
          ]
        ]
      },
      "bone_length_armature_space": 0.2679696907438442,
      "parent": "spine_01",
      "has_children": true,
      "is_end_bone": false
    },
    "lowerarm_l": {
      "name": "lowerarm_l",
      "local": {
        "location": {
          "x": 0.0,
          "y": 0.0,
          "z": 0.0
        },
        "rotation_quaternion": {
          "w": 0.9932459592819214,
          "x": 0.09925026446580887,
          "y": -0.02097587287425995,
          "z": -0.05631956085562706
        },
        "scale": {
          "x": 1.0,
          "y": 1.0,
          "z": 1.0
        },
        "matrix_basis": [
          [
            0.9927762150764465,
            0.10771463066339493,
            -0.05284786596894264,
            0.0
          ],
          [
            -0.11604207754135132,
            0.973954975605011,
            -0.19479714334011078,
            0.0
          ],
          [
            0.030488939955830574,
            0.19952255487442017,
            0.9794188141822815,
            0.0
          ],
          [
            0.0,
            0.0,
            0.0,
            1.0
          ]
        ],
        "rotation_mode": "QUATERNION"
      },
      "armature_space": {
        "head": {
          "x": 0.3544749617576599,
          "y": -0.20189739763736725,
          "z": 0.5925204753875732
        },
        "tail": {
          "x": 0.5361441373825073,
          "y": -0.38309308886528015,
          "z": 0.6682423949241638
        }
      },
      "world_space": {
        "head": {
          "x": 0.3544749617576599,
          "y": -0.13865339756011963,
          "z": 1.5423744916915894
        },
        "tail": {
          "x": 0.5361441373825073,
          "y": -0.31984907388687134,
          "z": 1.6180963516235352
        },
        "rotation_quaternion": {
          "w": 0.3434448540210724,
          "x": 0.7396115660667419,
          "y": 0.20831061899662018,
          "z": -0.540024995803833
        },
        "matrix": [
          [
            0.329959511756897,
            0.6790750622749329,
            -0.6557313799858093,
            0.3544749617576599
          ],
          [
            -0.06279927492141724,
            -0.6773051023483276,
            -0.7330173850059509,
            -0.13865339756011963
          ],
          [
            -0.9419105052947998,
            0.2830466628074646,
            -0.18083974719047546,
            1.5423744916915894
          ],
          [
            0.0,
            0.0,
            0.0,
            1.0
          ]
        ]
      },
      "bone_length_armature_space": 0.26752453027117756,
      "parent": "upperarm_l",
      "has_children": true,
      "is_end_bone": false
    },
    "metacarpal_thumb_l": {
      "name": "metacarpal_thumb_l",
      "local": {
        "location": {
          "x": 0.0,
          "y": 0.0,
          "z": 0.0
        },
        "rotation_quaternion": {
          "w": 0.9994524121284485,
          "x": -0.03265920281410217,
          "y": 0.002235032618045807,
          "z": 0.00483060535043478
        },
        "scale": {
          "x": 1.0,
          "y": 1.0,
          "z": 1.0
        },
        "matrix_basis": [
          [
            0.9999433159828186,
            -0.009801909327507019,
            0.004152089823037386,
            0.0
          ],
          [
            0.009509931318461895,
            0.9978200793266296,
            0.065304234623909,
            0.0
          ],
          [
            -0.004783145152032375,
            -0.06526104360818863,
            0.9978567361831665,
            0.0
          ],
          [
            0.0,
            0.0,
            0.0,
            1.0
          ]
        ],
        "rotation_mode": "QUATERNION"
      },
      "armature_space": {
        "head": {
          "x": 0.5361441373825073,
          "y": -0.38309308886528015,
          "z": 0.6682423949241638
        },
        "tail": {
          "x": 0.5453072190284729,
          "y": -0.43177103996276855,
          "z": 0.6685258746147156
        }
      },
      "world_space": {
        "head": {
          "x": 0.5361441373825073,
          "y": -0.31984907388687134,
          "z": 1.6180963516235352
        },
        "tail": {
          "x": 0.5453072190284729,
          "y": -0.36852705478668213,
          "z": 1.618379831314087
        },
        "rotation_quaternion": {
          "w": 0.008906273171305656,
          "x": -0.9876648187637329,
          "y": -0.0925120934844017,
          "z": -0.12601737678050995
        },
        "matrix": [
          [
            0.9511222243309021,
            0.18498636782169342,
            0.24727793037891388,
            0.5361441373825073
          ],
          [
            0.1804974377155304,
            -0.9827244281768799,
            0.04090873897075653,
            -0.31984907388687134
          ],
          [
            0.2505754828453064,
            0.00572282075881958,
            -0.9680872559547424,
            1.6180963516235352
          ],
          [
            0.0,
            0.0,
            0.0,
            1.0
          ]
        ]
      },
      "bone_length_armature_space": 0.04953367806079736,
      "parent": "lowerarm_l",
      "has_children": true,
      "is_end_bone": false
    },
    "thumb_01_l": {
      "name": "thumb_01_l",
      "local": {
        "location": {
          "x": 0.0,
          "y": 0.0,
          "z": 0.0
        },
        "rotation_quaternion": {
          "w": 0.985007107257843,
          "x": 0.17082412540912628,
          "y": -0.023571694269776344,
          "z": -0.004949815105646849
        },
        "scale": {
          "x": 1.0,
          "y": 1.0,
          "z": 1.0
        },
        "matrix_basis": [
          [
            0.9988397359848022,
            0.0016979780048131943,
            -0.0481276698410511,
            0.0
          ],
          [
            -0.017804434522986412,
            0.9415892362594604,
            -0.3362925946712494,
            0.0
          ],
          [
            0.04474547877907753,
            0.3367592990398407,
            0.9405269622802734,
            0.0
          ],
          [
            0.0,
            0.0,
            0.0,
            1.0
          ]
        ],
        "rotation_mode": "QUATERNION"
      },
      "armature_space": {
        "head": {
          "x": 0.5453072190284729,
          "y": -0.43177103996276855,
          "z": 0.6685258746147156
        },
        "tail": {
          "x": 0.5626523494720459,
          "y": -0.45118212699890137,
          "z": 0.6465944051742554
        }
      },
      "world_space": {
        "head": {
          "x": 0.5453072190284729,
          "y": -0.36852705478668213,
          "z": 1.618379831314087
        },
        "tail": {
          "x": 0.5626523494720459,
          "y": -0.38793814182281494,
          "z": 1.5964484214782715
        },
        "rotation_quaternion": {
          "w": 0.45100581645965576,
          "x": -0.5492691397666931,
          "y": 0.10704830288887024,
          "z": -0.6952969431877136
        },
        "matrix": [
          [
            0.01020698994398117,
            0.5095720291137695,
            0.860367476940155,
            0.5453072190284729
          ],
          [
            -0.7447627186775208,
            -0.5702670812606812,
            0.3465892970561981,
            -0.36852705478668213
          ],
          [
            0.667255163192749,
            -0.6443122625350952,
            0.3736923933029175,
            1.618379831314087
          ],
          [
            0.0,
            0.0,
            0.0,
            1.0
          ]
        ]
      },
      "bone_length_armature_space": 0.03403870123929688,
      "parent": "metacarpal_thumb_l",
      "has_children": true,
      "is_end_bone": false
    },
    "thumb_02_l": {
      "name": "thumb_02_l",
      "local": {
        "location": {
          "x": 0.0,
          "y": 0.0,
          "z": 0.0
        },
        "rotation_quaternion": {
          "w": 0.9424703121185303,
          "x": 0.33413219451904297,
          "y": 0.010006413795053959,
          "z": 0.0022971928119659424
        },
        "scale": {
          "x": 1.0,
          "y": 1.0,
          "z": 1.0
        },
        "matrix_basis": [
          [
            0.9997891783714294,
            0.002356857992708683,
            0.020396627485752106,
            0.0
          ],
          [
            0.011017002165317535,
            0.7767007946968079,
            -0.6297733783721924,
            0.0
          ],
          [
            -0.017326364293694496,
            0.6298653483390808,
            0.7765110731124878,
            0.0
          ],
          [
            0.0,
            0.0,
            0.0,
            1.0
          ]
        ],
        "rotation_mode": "QUATERNION"
      },
      "armature_space": {
        "head": {
          "x": 0.5626522302627563,
          "y": -0.45118212699890137,
          "z": 0.6465944051742554
        },
        "tail": {
          "x": 0.5847570300102234,
          "y": -0.45705845952033997,
          "z": 0.6796101331710815
        }
      },
      "world_space": {
        "head": {
          "x": 0.5626522302627563,
          "y": -0.38793814182281494,
          "z": 1.5964484214782715
        },
        "tail": {
          "x": 0.5847570300102234,
          "y": -0.39381444454193115,
          "z": 1.6294641494750977
        },
        "rotation_quaternion": {
          "w": 0.42695170640945435,
          "x": 0.09229406714439392,
          "y": -0.4945281445980072,
          "z": -0.7514227032661438
        },
        "matrix": [
          [
            -0.6183862090110779,
            0.5503585338592529,
            -0.56098473072052,
            0.5626522302627563
          ],
          [
            -0.7329282760620117,
            -0.1463068127632141,
            0.6643874645233154,
            -0.38793814182281494
          ],
          [
            0.2835765779018402,
            0.8220150470733643,
            0.4938514530658722,
            1.5964484214782715
          ],
          [
            0.0,
            0.0,
            0.0,
            1.0
          ]
        ]
      },
      "bone_length_armature_space": 0.04016455889171552,
      "parent": "thumb_01_l",
      "has_children": true,
      "is_end_bone": false
    },
    "thumb_03_l": {
      "name": "thumb_03_l",
      "local": {
        "location": {
          "x": 0.0,
          "y": 0.0,
          "z": 0.0
        },
        "rotation_quaternion": {
          "w": 0.9783077836036682,
          "x": 0.20710501074790955,
          "y": -0.0008447639411315322,
          "z": -0.004559155087918043
        },
        "scale": {
          "x": 1.0,
          "y": 1.0,
          "z": 1.0
        },
        "matrix_basis": [
          [
            0.9999570250511169,
            0.008570604026317596,
            -0.003541325917467475,
            0.0
          ],
          [
            -0.009270423091948032,
            0.9141734838485718,
            -0.40521717071533203,
            0.0
          ],
          [
            -0.00023556944506708533,
            0.40523257851600647,
            0.9142135977745056,
            0.0
          ],
          [
            0.0,
            0.0,
            0.0,
            1.0
          ]
        ],
        "rotation_mode": "QUATERNION"
      },
      "armature_space": {
        "head": {
          "x": 0.5847570300102234,
          "y": -0.45705851912498474,
          "z": 0.6796100735664368
        },
        "tail": {
          "x": 0.5872878432273865,
          "y": -0.4486197233200073,
          "z": 0.7087525725364685
        }
      },
      "world_space": {
        "head": {
          "x": 0.5847570300102234,
          "y": -0.3938145041465759,
          "z": 1.6294641494750977
        },
        "tail": {
          "x": 0.5872878432273865,
          "y": -0.3853757381439209,
          "z": 1.6586065292358398
        },
        "rotation_quaternion": {
          "w": 0.5116639137268066,
          "x": 0.343527227640152,
          "y": -0.6138333082199097,
          "z": -0.4933536648750305
        },
        "matrix": [
          [
            -0.24037764966487885,
            0.08312743902206421,
            -0.9671134948730469,
            0.5847570300102234
          ],
          [
            -0.9265996217727661,
            0.27718257904052734,
            0.25413256883621216,
            -0.3938145041465759
          ],
          [
            0.28919336199760437,
            0.9572213888168335,
            0.010397732257843018,
            1.6294641494750977
          ],
          [
            0.0,
            0.0,
            0.0,
            1.0
          ]
        ]
      },
      "bone_length_armature_space": 0.030445090109146703,
      "parent": "thumb_02_l",
      "has_children": false,
      "is_end_bone": true
    },
    "metacarpal_index_l": {
      "name": "metacarpal_index_l",
      "local": {
        "location": {
          "x": 0.0,
          "y": 0.0,
          "z": 0.0
        },
        "rotation_quaternion": {
          "w": 0.9991582036018372,
          "x": -0.036702051758766174,
          "y": -0.017620565369725227,
          "z": 0.005037086550146341
        },
        "scale": {
          "x": 1.0,
          "y": 1.0,
          "z": 1.0
        },
        "matrix_basis": [
          [
            0.9993283152580261,
            -0.008772270753979683,
            -0.035581208765506744,
            0.0
          ],
          [
            0.011359114199876785,
            0.9972551465034485,
            0.07316479831933975,
            0.0
          ],
          [
            0.03484172374010086,
            -0.07351982593536377,
            0.9966849684715271,
            0.0
          ],
          [
            0.0,
            0.0,
            0.0,
            1.0
          ]
        ],
        "rotation_mode": "QUATERNION"
      },
      "armature_space": {
        "head": {
          "x": 0.5361441373825073,
          "y": -0.38309308886528015,
          "z": 0.6682423949241638
        },
        "tail": {
          "x": 0.5913358330726624,
          "y": -0.48265591263771057,
          "z": 0.695997416973114
        }
      },
      "world_space": {
        "head": {
          "x": 0.5361441373825073,
          "y": -0.31984907388687134,
          "z": 1.6180963516235352
        },
        "tail": {
          "x": 0.5913358330726624,
          "y": -0.41941189765930176,
          "z": 1.6458513736724854
        },
        "rotation_quaternion": {
          "w": 0.16235557198524475,
          "x": 0.9481663107872009,
          "y": 0.22086642682552338,
          "z": -0.16074618697166443
        },
        "matrix": [
          [
            0.8507574200630188,
            0.47103235125541687,
            -0.2331099659204483,
            0.5361441373825073
          ],
          [
            0.3666404187679291,
            -0.8497171401977539,
            -0.3788878619670868,
            -0.31984907388687134
          ],
          [
            -0.37654826045036316,
            0.2368747889995575,
            -0.8956091403961182,
            1.6180963516235352
          ],
          [
            0.0,
            0.0,
            0.0,
            1.0
          ]
        ]
      },
      "bone_length_armature_space": 0.11717175785267533,
      "parent": "lowerarm_l",
      "has_children": true,
      "is_end_bone": false
    },
    "index_01_l": {
      "name": "index_01_l",
      "local": {
        "location": {
          "x": 0.0,
          "y": 0.0,
          "z": 0.0
        },
        "rotation_quaternion": {
          "w": 0.9654740691184998,
          "x": 0.2597620189189911,
          "y": 0.016891540959477425,
          "z": 0.009913461282849312
        },
        "scale": {
          "x": 1.0,
          "y": 1.0,
          "z": 1.0
        },
        "matrix_basis": [
          [
            0.9992327690124512,
            -0.010366817936301231,
            0.037766970694065094,
            0.0
          ],
          [
            0.02791794203221798,
            0.8648508191108704,
            -0.5012520551681519,
            0.0
          ],
          [
            -0.027466408908367157,
            0.5019218921661377,
            0.86447674036026,
            0.0
          ],
          [
            0.0,
            0.0,
            0.0,
            1.0
          ]
        ],
        "rotation_mode": "QUATERNION"
      },
      "armature_space": {
        "head": {
          "x": 0.5913358330726624,
          "y": -0.48265591263771057,
          "z": 0.695997416973114
        },
        "tail": {
          "x": 0.6081225275993347,
          "y": -0.5045207142829895,
          "z": 0.6887030005455017
        }
      },
      "world_space": {
        "head": {
          "x": 0.5913358330726624,
          "y": -0.41941189765930176,
          "z": 1.6458513736724854
        },
        "tail": {
          "x": 0.6081225275993347,
          "y": -0.4412767291069031,
          "z": 1.638556957244873
        },
        "rotation_quaternion": {
          "w": 0.052706919610500336,
          "x": -0.9095138311386108,
          "y": -0.3373757600784302,
          "z": 0.2370321899652481
        },
        "matrix": [
          [
            0.6599861979484558,
            0.588709831237793,
            -0.466731995344162,
            0.5913358330726624
          ],
          [
            0.6386826038360596,
            -0.7667990922927856,
            -0.06406423449516296,
            -0.41941189765930176
          ],
          [
            -0.395607054233551,
            -0.25581467151641846,
            -0.8820816278457642,
            1.6458513736724854
          ],
          [
            0.0,
            0.0,
            0.0,
            1.0
          ]
        ]
      },
      "bone_length_armature_space": 0.028514403272529392,
      "parent": "metacarpal_index_l",
      "has_children": true,
      "is_end_bone": false
    },
    "index_02_l": {
      "name": "index_02_l",
      "local": {
        "location": {
          "x": 0.0,
          "y": 0.0,
          "z": 0.0
        },
        "rotation_quaternion": {
          "w": 0.9185279607772827,
          "x": 0.3953547775745392,
          "y": 0.0003805487067438662,
          "z": 0.0008970702765509486
        },
        "scale": {
          "x": 1.0,
          "y": 1.0,
          "z": 1.0
        },
        "matrix_basis": [
          [
            0.9999980926513672,
            -0.0013470647390931845,
            0.0014084113063290715,
            0.0
          ],
          [
            0.001948871766217053,
            0.6873875856399536,
            -0.7262881398200989,
            0.0
          ],
          [
            1.023278400680283e-05,
            0.7262895107269287,
            0.6873888969421387,
            0.0
          ],
          [
            0.0,
            0.0,
            0.0,
            1.0
          ]
        ],
        "rotation_mode": "QUATERNION"
      },
      "armature_space": {
        "head": {
          "x": 0.6081224679946899,
          "y": -0.5045211911201477,
          "z": 0.6887027025222778
        },
        "tail": {
          "x": 0.610048770904541,
          "y": -0.5201454162597656,
          "z": 0.6684476137161255
        }
      },
      "world_space": {
        "head": {
          "x": 0.6081224679946899,
          "y": -0.4412772059440613,
          "z": 1.638556718826294
        },
        "tail": {
          "x": 0.610048770904541,
          "y": -0.4569014310836792,
          "z": 1.6183016300201416
        },
        "rotation_quaternion": {
          "w": 0.38113510608673096,
          "x": -0.8127885460853577,
          "y": -0.2240743786096573,
          "z": 0.37934353947639465
        },
        "matrix": [
          [
            0.6117786765098572,
            0.07508918642997742,
            -0.787456750869751,
            0.6081224679946899
          ],
          [
            0.6534125208854675,
            -0.6090542674064636,
            0.4495612680912018,
            -0.4412772059440613
          ],
          [
            -0.44584912061691284,
            -0.7895722985267639,
            -0.421673059463501,
            1.638556718826294
          ],
          [
            0.0,
            0.0,
            0.0,
            1.0
          ]
        ]
      },
      "bone_length_armature_space": 0.02565337579514416,
      "parent": "index_01_l",
      "has_children": true,
      "is_end_bone": false
    },
    "index_03_l": {
      "name": "index_03_l",
      "local": {
        "location": {
          "x": 0.0,
          "y": 0.0,
          "z": 0.0
        },
        "rotation_quaternion": {
          "w": 0.9702853560447693,
          "x": 0.2419072836637497,
          "y": 0.001230726600624621,
          "z": 0.005084509961307049
        },
        "scale": {
          "x": 1.0,
          "y": 1.0,
          "z": 1.0
        },
        "matrix_basis": [
          [
            0.9999452829360962,
            -0.009271407499909401,
            0.0048482720740139484,
            0.0
          ],
          [
            0.010462294332683086,
            0.8829100131988525,
            -0.46942567825317383,
            0.0
          ],
          [
            7.164799171732739e-05,
            0.4694507122039795,
            0.882958710193634,
            0.0
          ],
          [
            0.0,
            0.0,
            0.0,
            1.0
          ]
        ],
        "rotation_mode": "QUATERNION"
      },
      "armature_space": {
        "head": {
          "x": 0.6100488305091858,
          "y": -0.5201454758644104,
          "z": 0.6684476733207703
        },
        "tail": {
          "x": 0.6011717319488525,
          "y": -0.5258471965789795,
          "z": 0.6412001252174377
        }
      },
      "world_space": {
        "head": {
          "x": 0.6100488305091858,
          "y": -0.456901490688324,
          "z": 1.6183016300201416
        },
        "tail": {
          "x": 0.6011717319488525,
          "y": -0.46260321140289307,
          "z": 1.5910542011260986
        },
        "rotation_quaternion": {
          "w": 0.6200878024101257,
          "x": -0.6679134368896484,
          "y": -0.1338748037815094,
          "z": 0.3891790211200714
        },
        "matrix": [
          [
            0.6612325310707092,
            -0.303816556930542,
            -0.6859058141708374,
            0.6100488305091858
          ],
          [
            0.6614857316017151,
            -0.19513863325119019,
            0.7241255044937134,
            -0.456901490688324
          ],
          [
            -0.3538497984409332,
            -0.9325389862060547,
            0.07193964719772339,
            1.6183016300201416
          ],
          [
            0.0,
            0.0,
            0.0,
            1.0
          ]
        ]
      },
      "bone_length_armature_space": 0.02921885306027317,
      "parent": "index_02_l",
      "has_children": false,
      "is_end_bone": true
    },
    "metacarpal_pinky_l": {
      "name": "metacarpal_pinky_l",
      "local": {
        "location": {
          "x": 0.0,
          "y": 0.0,
          "z": 0.0
        },
        "rotation_quaternion": {
          "w": 0.9978213906288147,
          "x": -0.06454163789749146,
          "y": -0.012982115149497986,
          "z": -0.004278445150703192
        },
        "scale": {
          "x": 1.0,
          "y": 1.0,
          "z": 1.0
        },
        "matrix_basis": [
          [
            0.9996263384819031,
            0.010214022360742092,
            -0.025355389341711998,
            0.0
          ],
          [
            -0.006862474139779806,
            0.9916321635246277,
            0.12891313433647156,
            0.0
          ],
          [
            0.026459939777851105,
            -0.12869097292423248,
            0.9913316965103149,
            0.0
          ],
          [
            0.0,
            0.0,
            0.0,
            1.0
          ]
        ],
        "rotation_mode": "QUATERNION"
      },
      "armature_space": {
        "head": {
          "x": 0.5361441373825073,
          "y": -0.38309308886528015,
          "z": 0.6682423949241638
        },
        "tail": {
          "x": 0.6290673613548279,
          "y": -0.4252486228942871,
          "z": 0.6890126466751099
        }
      },
      "world_space": {
        "head": {
          "x": 0.5361441373825073,
          "y": -0.31984907388687134,
          "z": 1.6180963516235352
        },
        "tail": {
          "x": 0.6290673613548279,
          "y": -0.3620046377182007,
          "z": 1.638866662979126
        },
        "rotation_quaternion": {
          "w": 0.5454917550086975,
          "x": 0.18985167145729065,
          "y": 0.0046926746144890785,
          "z": -0.8163168430328369
        },
        "matrix": [
          [
            -0.332789808511734,
            0.8923704028129578,
            -0.3048374354839325,
            0.5361441373825073
          ],
          [
            -0.8888067007064819,
            -0.4048326909542084,
            -0.21478739380836487,
            -0.31984907388687134
          ],
          [
            -0.31508105993270874,
            0.19946333765983582,
            0.9278750419616699,
            1.6180963516235352
          ],
          [
            0.0,
            0.0,
            0.0,
            1.0
          ]
        ]
      },
      "bone_length_armature_space": 0.10413077375244259,
      "parent": "lowerarm_l",
      "has_children": true,
      "is_end_bone": false
    },
    "pinky_01_l": {
      "name": "pinky_01_l",
      "local": {
        "location": {
          "x": 0.0,
          "y": 0.0,
          "z": 0.0
        },
        "rotation_quaternion": {
          "w": 0.944687008857727,
          "x": 0.32788991928100586,
          "y": 0.001025109551846981,
          "z": -0.00732411490753293
        },
        "scale": {
          "x": 1.0,
          "y": 1.0,
          "z": 1.0
        },
        "matrix_basis": [
          [
            0.9998906254768372,
            0.01451023854315281,
            -0.0028661915566772223,
            0.0
          ],
          [
            -0.013165745884180069,
            0.7848691344261169,
            -0.6195217370986938,
            0.0
          ],
          [
            -0.006739822216331959,
            0.619491696357727,
            0.7849742770195007,
            0.0
          ],
          [
            0.0,
            0.0,
            0.0,
            1.0
          ]
        ],
        "rotation_mode": "QUATERNION"
      },
      "armature_space": {
        "head": {
          "x": 0.6290673613548279,
          "y": -0.4252486228942871,
          "z": 0.6890126466751099
        },
        "tail": {
