{
  "metadata": {
    "armature_name": "KIM_caucasian_male",
    "export_time": "2026-01-13T21:08:12.251514",
    "blender_version": "4.4.1",
    "bone_count": 56,
    "end_bone_count": 13,
    "spaces_included": [
      "LOCAL_CHANNELS",
      "ARMATURE_SPACE",
      "WORLD_SPACE"
    ],
    "note": "LOCAL matches Transform panel; replay pose via local.matrix_basis for best fidelity."
  },
  "bones": {
    "Root": {
      "name": "Root",
      "local": {
        "location": {
          "x": 0.0,
          "y": 0.0,
          "z": 0.0
        },
        "rotation_quaternion": {
          "w": 0.9996615648269653,
          "x": 0.018151305615901947,
          "y": -1.6642054106341675e-05,
          "z": -0.018637826666235924
        },
        "scale": {
          "x": 1.0,
          "y": 1.0,
          "z": 1.0
        },
        "matrix_basis": [
          [
            0.999305248260498,
            0.037262432277202606,
            -0.0007098746136762202,
            0.0
          ],
          [
            -0.037263642996549606,
            0.9986463189125061,
            -0.036289703100919724,
            0.0
          ],
          [
            -0.0006433289381675422,
            0.03629094734787941,
            0.9993410706520081,
            0.0
          ],
          [
            0.0,
            0.0,
            0.0,
            1.0
          ]
        ],
        "rotation_mode": "QUATERNION"
      },
      "armature_space": {
        "head": {
          "x": 0.0,
          "y": 0.07072800397872925,
          "z": -0.009595036506652832
        },
        "tail": {
          "x": 0.002659638412296772,
          "y": -0.00025247037410736084,
          "z": -0.002579792868345976
        }
      },
      "world_space": {
        "head": {
          "x": 0.0,
          "y": 0.13397200405597687,
          "z": 0.9402589797973633
        },
        "tail": {
          "x": 0.002659638412296772,
          "y": 0.06299152970314026,
          "z": 0.9472742080688477
        },
        "rotation_quaternion": {
          "w": 0.049234796315431595,
          "x": 0.9986134171485901,
          "y": 0.018594367429614067,
          "z": -0.001272193156182766
        },
        "matrix": [
          [
            0.999305248260498,
            0.037262432277202606,
            -0.0007098746136762202,
            0.0
          ],
          [
            0.03701188787817955,
            -0.9944603443145752,
            -0.09838081151247025,
            0.13397200405597687
          ],
          [
            -0.004371846094727516,
            0.09828592836856842,
            -0.9951556324958801,
            0.9402589797973633
          ],
          [
            0.0,
            0.0,
            0.0,
            1.0
          ]
        ]
      },
      "bone_length_armature_space": 0.07137587270742216,
      "parent": null,
      "has_children": true,
      "is_end_bone": false
    },
    "spine_01": {
      "name": "spine_01",
      "local": {
        "location": {
          "x": 0.0,
          "y": 0.0,
          "z": 0.0
        },
        "rotation_quaternion": {
          "w": 0.9987795352935791,
          "x": 0.029757866635918617,
          "y": 0.0023702308535575867,
          "z": -0.03934996575117111
        },
        "scale": {
          "x": 1.0,
          "y": 1.0,
          "z": 1.0
        },
        "matrix_basis": [
          [
            0.9968919157981873,
            0.07874494791030884,
            0.002392734168097377,
            0.0
          ],
          [
            -0.07846281677484512,
            0.9951320886611938,
            -0.05962963402271271,
            0.0
          ],
          [
            -0.0070766182616353035,
            0.05925656110048294,
            0.9982177019119263,
            0.0
          ],
          [
            0.0,
            0.0,
            0.0,
            1.0
          ]
        ],
        "rotation_mode": "QUATERNION"
      },
      "armature_space": {
        "head": {
          "x": 0.002659638412296772,
          "y": -0.00025247037410736084,
          "z": -0.002579792868345976
        },
        "tail": {
          "x": 0.04406736418604851,
          "y": -0.022618331015110016,
          "z": 0.48315027356147766
        }
      },
      "world_space": {
        "head": {
          "x": 0.002659638412296772,
          "y": 0.06299152970314026,
          "z": 0.9472742080688477
        },
        "tail": {
          "x": 0.04406736418604851,
          "y": 0.040625669062137604,
          "z": 1.4330042600631714
        },
        "rotation_quaternion": {
          "w": 0.6892932057380676,
          "x": 0.7229710817337036,
          "y": 0.04425974562764168,
          "z": -0.015127529390156269
        },
        "matrix": [
          [
            0.9956244230270386,
            0.08485168218612671,
            0.03914292901754379,
            0.002659638412296772
          ],
          [
            0.04314297437667847,
            -0.04583156481385231,
            -0.9980171322822571,
            0.06299152970314026
          ],
          [
            -0.08288998901844025,
            0.995345950126648,
            -0.049293048679828644,
            0.9472742080688477
          ],
          [
            0.0,
            0.0,
            0.0,
            1.0
          ]
        ]
      },
      "bone_length_armature_space": 0.48800461872296674,
      "parent": "Root",
      "has_children": true,
      "is_end_bone": false
    },
    "neck_01": {
      "name": "neck_01",
      "local": {
        "location": {
          "x": 0.0,
          "y": 0.0,
          "z": 0.0
        },
        "rotation_quaternion": {
          "w": 0.9891436696052551,
          "x": 0.05113017186522484,
          "y": 0.0855390802025795,
          "z": -0.10799809545278549
        },
        "scale": {
          "x": 1.0,
          "y": 1.0,
          "z": 1.0
        },
        "matrix_basis": [
          [
            0.9620389342308044,
            0.2223985195159912,
            0.1581769585609436,
            0.0
          ],
          [
            -0.2049040049314499,
            0.9714442491531372,
            -0.11962628364562988,
            0.0
          ],
          [
            -0.18026480078697205,
            0.0826740562915802,
            0.9801375269889832,
            0.0
          ],
          [
            0.0,
            0.0,
            0.0,
            1.0
          ]
        ],
        "rotation_mode": "QUATERNION"
      },
      "armature_space": {
        "head": {
          "x": 0.051637567579746246,
          "y": -0.06058572232723236,
          "z": 0.5543184876441956
        },
        "tail": {
          "x": 0.08365561068058014,
          "y": -0.10929901152849197,
          "z": 0.6386545896530151
        }
      },
      "world_space": {
        "head": {
          "x": 0.051637567579746246,
          "y": 0.002658277750015259,
          "z": 1.5041725635528564
        },
        "tail": {
          "x": 0.08365561068058014,
          "y": -0.046055011451244354,
          "z": 1.5885086059570312
        },
        "rotation_quaternion": {
          "w": 0.481365442276001,
          "x": 0.8587421774864197,
          "y": 0.17524480819702148,
          "z": -0.011764038354158401
        },
        "matrix": [
          [
            0.9383014440536499,
            0.31230610609054565,
            0.1485101729631424,
            0.051637567579746246
          ],
          [
            0.2896557152271271,
            -0.4751526713371277,
            -0.8308608531951904,
            0.002658277750015259
          ],
          [
            -0.18891894817352295,
            0.8226200342178345,
            -0.5363022089004517,
            1.5041725635528564
          ],
          [
            0.0,
            0.0,
            0.0,
            1.0
          ]
        ]
      },
      "bone_length_armature_space": 0.10252179102533747,
      "parent": "spine_01",
      "has_children": true,
      "is_end_bone": false
    },
    "head": {
      "name": "head",
      "local": {
        "location": {
          "x": 0.0,
          "y": 0.0,
          "z": 0.0
        },
        "rotation_quaternion": {
          "w": 0.9856830835342407,
          "x": 0.008816427551209927,
          "y": -0.14529383182525635,
          "z": -0.08509398996829987
        },
        "scale": {
          "x": 1.0,
          "y": 1.0,
          "z": 1.0
        },
        "matrix_basis": [
          [
            0.9432974457740784,
            0.1651894748210907,
            -0.2879278063774109,
            0.0
          ],
          [
            -0.17031335830688477,
            0.9853625893592834,
            0.007346856873482466,
            0.0
          ],
          [
            0.2849268913269043,
            0.04210767149925232,
            0.9576239585876465,
            0.0
          ],
          [
            0.0,
            0.0,
            0.0,
            1.0
          ]
        ],
        "rotation_mode": "QUATERNION"
      },
      "armature_space": {
        "head": {
          "x": 0.08365561068058014,
          "y": -0.10929910838603973,
          "z": 0.6386544704437256
        },
        "tail": {
          "x": 0.14554463326931,
          "y": -0.12996967136859894,
          "z": 0.7793517708778381
        }
      },
      "world_space": {
        "head": {
          "x": 0.08365561068058014,
          "y": -0.046055108308792114,
          "z": 1.5885084867477417
        },
        "tail": {
          "x": 0.14554463326931,
          "y": -0.06672567129135132,
          "z": 1.729205846786499
        },
        "rotation_quaternion": {
          "w": 0.6424698829650879,
          "x": 0.7385390400886536,
          "y": 0.14349927008152008,
          "z": -0.14560362696647644
        },
        "matrix": [
          [
            0.9164151549339294,
            0.3990517556667328,
            -0.03067798912525177,
            0.08365561068058014
          ],
          [
            0.02487000823020935,
            -0.13328085839748383,
            -0.9907664060592651,
            -0.046055108308792114
          ],
          [
            -0.39945852756500244,
            0.9071966409683228,
            -0.13206686079502106,
            1.5885084867477417
          ],
          [
            0.0,
            0.0,
            0.0,
            1.0
          ]
        ]
      },
      "bone_length_armature_space": 0.15509111493546204,
      "parent": "neck_01",
      "has_children": false,
      "is_end_bone": true
    },
    "upperarm_l": {
      "name": "upperarm_l",
      "local": {
        "location": {
          "x": 0.0,
          "y": 0.0,
          "z": 0.0
        },
        "rotation_quaternion": {
          "w": 0.9457904100418091,
          "x": 0.0548793189227581,
          "y": 0.2877874970436096,
          "z": 0.14016827940940857
        },
        "scale": {
          "x": 1.0,
          "y": 1.0,
          "z": 1.0
        },
        "matrix_basis": [
          [
            0.7950624227523804,
            -0.2335524708032608,
            0.5597580075263977,
            0.0
          ],
          [
            0.296726793050766,
            0.9546822309494019,
            -0.02313131093978882,
            0.0
          ],
          [
            -0.5289886593818665,
            0.1844860166311264,
            0.8283332586288452,
            0.0
          ],
          [
            0.0,
            0.0,
            0.0,
            1.0
          ]
        ],
        "rotation_mode": "QUATERNION"
      },
      "armature_space": {
        "head": {
          "x": 0.19540336728096008,
          "y": -0.05421684309840202,
          "z": 0.47483277320861816
        },
        "tail": {
          "x": 0.4595056474208832,
          "y": -0.08638588339090347,
          "z": 0.5068134665489197
        }
      },
      "world_space": {
        "head": {
          "x": 0.19540336728096008,
          "y": 0.009027156978845596,
          "z": 1.4246867895126343
        },
        "tail": {
          "x": 0.4595056474208832,
          "y": -0.023141883313655853,
          "z": 1.456667423248291
        },
        "rotation_quaternion": {
          "w": 0.3283551335334778,
          "x": 0.6900405883789062,
          "y": 0.5763312578201294,
          "z": -0.2896019518375397
        },
        "matrix": [
          [
            0.16794463992118835,
            0.9855687022209167,
            -0.02118879184126854,
            0.19540336728096008
          ],
          [
            0.6051996946334839,
            -0.1200474202632904,
            -0.7869702577590942,
            0.009027156978845596
          ],
          [
            -0.7781617641448975,
            0.11934465914964676,
            -0.6166322827339172,
            1.4246867895126343
          ],
          [
            0.0,
            0.0,
            0.0,
            1.0
          ]
        ]
      },
      "bone_length_armature_space": 0.26796944376762544,
      "parent": "spine_01",
      "has_children": true,
      "is_end_bone": false
    },
    "lowerarm_l": {
      "name": "lowerarm_l",
      "local": {
        "location": {
          "x": 0.0,
          "y": 0.0,
          "z": 0.0
        },
        "rotation_quaternion": {
          "w": 0.9094130992889404,
          "x": 0.4153987169265747,
          "y": 0.01240242924541235,
          "z": -0.016057629138231277
        },
        "scale": {
          "x": 1.0,
          "y": 1.0,
          "z": 1.0
        },
        "matrix_basis": [
          [
            0.9991766810417175,
            0.03950994461774826,
            0.009217225946485996,
            0.0
          ],
          [
            -0.01890213042497635,
            0.6543720960617065,
            -0.7559363842010498,
            0.0
          ],
          [
            -0.03589849919080734,
            0.7551397681236267,
            0.6545801758766174,
            0.0
          ],
          [
            0.0,
            0.0,
            0.0,
            1.0
          ]
        ],
        "rotation_mode": "QUATERNION"
      },
      "armature_space": {
        "head": {
          "x": 0.45950570702552795,
          "y": -0.08638601005077362,
          "z": 0.5068135857582092
        },
        "tail": {
          "x": 0.5966196060180664,
          "y": -0.295498251914978,
          "z": 0.41172754764556885
        }
      },
      "world_space": {
        "head": {
          "x": 0.45950570702552795,
          "y": -0.023142009973526,
          "z": 1.4566676616668701
        },
        "tail": {
          "x": 0.5966196060180664,
          "y": -0.2322542518377304,
          "z": 1.361581563949585
        },
        "rotation_quaternion": {
          "w": 0.00014010578161105514,
          "x": -0.77581787109375,
          "y": -0.33041056990623474,
          "z": 0.5375272631645203
        },
        "matrix": [
          [
            0.2037857621908188,
            0.5125284790992737,
            -0.8341376185417175,
            0.45950570702552795
          ],
          [
            0.5128276348114014,
            -0.7816565036773682,
            -0.35499459505081177,
            -0.023142009973526
          ],
          [
            -0.8339594006538391,
            -0.3554293215274811,
            -0.4221325218677521,
            1.4566676616668701
          ],
          [
            0.0,
            0.0,
            0.0,
            1.0
          ]
        ]
      },
      "bone_length_armature_space": 0.2675247783108718,
      "parent": "upperarm_l",
      "has_children": true,
      "is_end_bone": false
    },
    "metacarpal_thumb_l": {
      "name": "metacarpal_thumb_l",
      "local": {
        "location": {
          "x": 0.0,
          "y": 0.0,
          "z": 0.0
        },
        "rotation_quaternion": {
          "w": 0.9993616342544556,
          "x": -0.03411161154508591,
          "y": -0.010393529199063778,
          "z": -0.002184319542720914
        },
        "scale": {
          "x": 1.0,
          "y": 1.0,
          "z": 1.0
        },
        "matrix_basis": [
          [
            0.9997743964195251,
            0.005074930377304554,
            -0.020624767988920212,
            0.0
          ],
          [
            -0.003656770335510373,
            0.9976632595062256,
            0.06822507828474045,
            0.0
          ],
          [
            0.020922809839248657,
            -0.06813426315784454,
            0.9974567294120789,
            0.0
          ],
          [
            0.0,
            0.0,
            0.0,
            1.0
          ]
        ],
        "rotation_mode": "QUATERNION"
      },
      "armature_space": {
        "head": {
          "x": 0.5966196060180664,
          "y": -0.295498251914978,
          "z": 0.41172754764556885
        },
        "tail": {
          "x": 0.5939311981201172,
          "y": -0.3339199423789978,
          "z": 0.3805803954601288
        }
      },
      "world_space": {
        "head": {
          "x": 0.5966196060180664,
          "y": -0.2322542518377304,
          "z": 1.361581563949585
        },
        "tail": {
          "x": 0.5939311981201172,
          "y": -0.2706759572029114,
          "z": 1.3304344415664673
        },
        "rotation_quaternion": {
          "w": 0.33171966671943665,
          "x": -0.9409722089767456,
          "y": 0.04612981528043747,
          "z": -0.049045853316783905
        },
        "matrix": [
          [
            0.9909328818321228,
            -0.054274868220090866,
            0.12290599197149277,
            0.5966196060180664
          ],
          [
            -0.11935276538133621,
            -0.7756685018539429,
            0.6197526454925537,
            -0.2322542518377304
          ],
          [
            0.06169759854674339,
            -0.6288076043128967,
            -0.775118350982666,
            1.361581563949585
          ],
          [
            0.0,
            0.0,
            0.0,
            1.0
          ]
        ]
      },
      "bone_length_armature_space": 0.0495338157272552,
      "parent": "lowerarm_l",
      "has_children": true,
      "is_end_bone": false
    },
    "thumb_01_l": {
      "name": "thumb_01_l",
      "local": {
        "location": {
          "x": 0.0,
          "y": 0.0,
          "z": 0.0
        },
        "rotation_quaternion": {
          "w": 0.9635273218154907,
          "x": 0.26725101470947266,
          "y": -0.0018186736851930618,
          "z": -0.013736948370933533
        },
        "scale": {
          "x": 1.0,
          "y": 1.0,
          "z": 1.0
        },
        "matrix_basis": [
          [
            0.9996159672737122,
            0.02549976482987404,
            -0.01084711030125618,
            0.0
          ],
          [
            -0.027443934231996536,
            0.8567763566970825,
            -0.5149573683738708,
            0.0
          ],
          [
            -0.0038377433083951473,
            0.5150572657585144,
            0.8571471571922302,
            0.0
          ],
          [
            0.0,
            0.0,
            0.0,
            1.0
          ]
        ],
        "rotation_mode": "QUATERNION"
      },
      "armature_space": {
        "head": {
          "x": 0.5939311981201172,
          "y": -0.3339199423789978,
          "z": 0.3805803954601288
        },
        "tail": {
          "x": 0.6092897057533264,
          "y": -0.3381541073322296,
          "z": 0.35050007700920105
        }
      },
      "world_space": {
        "head": {
          "x": 0.5939311981201172,
          "y": -0.2706759572029114,
          "z": 1.3304344415664673
        },
        "tail": {
          "x": 0.6092897057533264,
          "y": -0.2749100923538208,
          "z": 1.3003541231155396
        },
        "rotation_quaternion": {
          "w": 0.5498803853988647,
          "x": -0.365325927734375,
          "y": 0.3680143654346466,
          "z": -0.6547777652740479
        },
        "matrix": [
          [
            -0.1283341348171234,
            0.45120882987976074,
            0.8831425309181213,
            0.5939311981201172
          ],
          [
            -0.9889896512031555,
            -0.12439275532960892,
            -0.08016154915094376,
            -0.2706759572029114
          ],
          [
            0.0736866295337677,
            -0.8837128281593323,
            0.46220794320106506,
            1.3304344415664673
          ],
          [
            0.0,
            0.0,
            0.0,
            1.0
          ]
        ]
      },
      "bone_length_armature_space": 0.0340387643505325,
      "parent": "metacarpal_thumb_l",
      "has_children": true,
      "is_end_bone": false
    },
    "thumb_02_l": {
      "name": "thumb_02_l",
      "local": {
        "location": {
          "x": 0.0,
          "y": 0.0,
          "z": 0.0
        },
        "rotation_quaternion": {
          "w": 0.9024794101715088,
          "x": 0.43064573407173157,
          "y": 0.0019101282814517617,
          "z": -0.008468267507851124
        },
        "scale": {
          "x": 1.0,
          "y": 1.0,
          "z": 1.0
        },
        "matrix_basis": [
          [
            0.999849259853363,
            0.016930051147937775,
            -0.0038459436036646366,
            0.0
          ],
          [
            -0.01363969687372446,
            0.6289450526237488,
            -0.7773301601409912,
            0.0
          ],
          [
            -0.010741349309682846,
            0.7772654891014099,
            0.6290811896324158,
            0.0
          ],
          [
            0.0,
            0.0,
            0.0,
            1.0
          ]
        ],
        "rotation_mode": "QUATERNION"
      },
      "armature_space": {
        "head": {
          "x": 0.6092896461486816,
          "y": -0.33815404772758484,
          "z": 0.35050004720687866
        },
        "tail": {
          "x": 0.624011754989624,
          "y": -0.3632012605667114,
          "z": 0.3782324492931366
        }
      },
      "world_space": {
        "head": {
          "x": 0.6092896461486816,
          "y": -0.274910032749176,
          "z": 1.30035400390625
        },
        "tail": {
          "x": 0.624011754989624,
          "y": -0.299957275390625,
          "z": 1.328086495399475
        },
        "rotation_quaternion": {
          "w": 0.2870483100414276,
          "x": 0.20982523262500763,
          "y": -0.3252607583999634,
          "z": -0.876231849193573
        },
        "matrix": [
          [
            -0.7471526265144348,
            0.36654648184776306,
            -0.5544423460960388,
            0.6092896461486816
          ],
          [
            -0.6395381093025208,
            -0.6236172318458557,
            0.44954705238342285,
            -0.274910032749176
          ],
          [
            -0.18098177015781403,
            0.690471887588501,
            0.7003632187843323,
            1.30035400390625
          ],
          [
            0.0,
            0.0,
            0.0,
            1.0
          ]
        ]
      },
      "bone_length_armature_space": 0.04016453013355866,
      "parent": "thumb_01_l",
      "has_children": true,
      "is_end_bone": false
    },
    "thumb_03_l": {
      "name": "thumb_03_l",
      "local": {
        "location": {
          "x": 0.0,
          "y": 0.0,
          "z": 0.0
        },
        "rotation_quaternion": {
          "w": 0.9878729581832886,
          "x": 0.15520629286766052,
          "y": 0.004025708418339491,
          "z": -0.00145052804145962
        },
        "scale": {
          "x": 1.0,
          "y": 1.0,
          "z": 1.0
        },
        "matrix_basis": [
          [
            0.9999634027481079,
            0.004115505609661341,
            0.007503514643758535,
            0.0
          ],
          [
            -0.001616244320757687,
            0.9518178105354309,
            -0.30665987730026245,
            0.0
          ],
          [
            -0.008404038846492767,
            0.3066365122795105,
            0.9517896175384521,
            0.0
          ],
          [
            0.0,
            0.0,
            0.0,
            1.0
          ]
        ],
        "rotation_mode": "QUATERNION"
      },
      "armature_space": {
        "head": {
          "x": 0.624011754989624,
          "y": -0.3632012903690338,
          "z": 0.37823235988616943
        },
        "tail": {
          "x": 0.6251628994941711,
          "y": -0.37135234475135803,
          "z": 0.407543420791626
        }
      },
      "world_space": {
        "head": {
          "x": 0.624011754989624,
          "y": -0.299957275390625,
          "z": 1.3280863761901855
        },
        "tail": {
          "x": 0.6251628994941711,
          "y": -0.3081083297729492,
          "z": 1.357397437095642
        },
        "rotation_quaternion": {
          "w": 0.3453052341938019,
          "x": 0.4283353090286255,
          "y": -0.49688875675201416,
          "z": -0.6711145639419556
        },
        "matrix": [
          [
            -0.39458703994750977,
            0.03781020641326904,
            -0.9180801510810852,
            0.624011754989624
          ],
          [
            -0.8891485929489136,
            -0.26773154735565186,
            0.3711262047290802,
            -0.299957275390625
          ],
          [
            -0.23176908493041992,
            0.9627581238746643,
            0.13926365971565247,
            1.3280863761901855
          ],
          [
            0.0,
            0.0,
            0.0,
            1.0
          ]
        ]
      },
      "bone_length_armature_space": 0.030445083101994657,
      "parent": "thumb_02_l",
      "has_children": false,
      "is_end_bone": true
    },
    "metacarpal_index_l": {
      "name": "metacarpal_index_l",
      "local": {
        "location": {
          "x": 0.0,
          "y": 0.0,
          "z": 0.0
        },
        "rotation_quaternion": {
          "w": 0.9999544620513916,
          "x": -0.005700754467397928,
          "y": 0.003280455246567726,
          "z": -0.006918007507920265
        },
        "scale": {
          "x": 1.0,
          "y": 1.0,
          "z": 1.0
        },
        "matrix_basis": [
          [
            0.9998827576637268,
            0.013797982595860958,
            0.006639487575739622,
            0.0
          ],
          [
            -0.013872787356376648,
            0.9998393058776855,
            0.011355601251125336,
            0.0
          ],
          [
            -0.006481735967099667,
            -0.011446378193795681,
            0.9999134540557861,
            0.0
          ],
          [
            0.0,
            0.0,
            0.0,
            1.0
          ]
        ],
        "rotation_mode": "QUATERNION"
      },
      "armature_space": {
        "head": {
          "x": 0.5966196060180664,
          "y": -0.295498251914978,
          "z": 0.41172754764556885
        },
        "tail": {
          "x": 0.6270714402198792,
          "y": -0.39210936427116394,
          "z": 0.35283565521240234
        }
      },
      "world_space": {
        "head": {
          "x": 0.5966196060180664,
          "y": -0.2322542518377304,
          "z": 1.361581563949585
        },
        "tail": {
          "x": 0.6270714402198792,
          "y": -0.3288653492927551,
          "z": 1.3026896715164185
        },
        "rotation_quaternion": {
          "w": 0.23598751425743103,
          "x": -0.9410712122917175,
          "y": -0.17901740968227386,
          "z": 0.16324104368686676
        },
        "matrix": [
          [
            0.8826099038124084,
            0.2598908543586731,
            -0.3917348086833954,
            0.5966196060180664
          ],
          [
            0.4139823615550995,
            -0.8245257139205933,
            0.38571521639823914,
            -0.2322542518377304
          ],
          [
            -0.22275285422801971,
            -0.5026118755340576,
            -0.8353303074836731,
            1.361581563949585
          ],
          [
            0.0,
            0.0,
            0.0,
            1.0
          ]
        ]
      },
      "bone_length_armature_space": 0.11717199605465804,
      "parent": "lowerarm_l",
      "has_children": true,
      "is_end_bone": false
    },
    "index_01_l": {
      "name": "index_01_l",
      "local": {
        "location": {
          "x": 0.0,
          "y": 0.0,
          "z": 0.0
        },
        "rotation_quaternion": {
          "w": 0.9368102550506592,
          "x": 0.348856657743454,
          "y": -0.006437423173338175,
          "z": -0.025383340194821358
        },
        "scale": {
          "x": 1.0,
          "y": 1.0,
          "z": 1.0
        },
        "matrix_basis": [
          [
            0.9986284971237183,
            0.04306727275252342,
            -0.029771583154797554,
            0.0
          ],
          [
            -0.05205022171139717,
            0.7553094625473022,
            -0.6532981991767883,
            0.0
          ],
          [
            -0.005649006459861994,
            0.6539518237113953,
            0.7565152049064636,
            0.0
          ],
          [
            0.0,
            0.0,
            0.0,
            1.0
          ]
        ],
        "rotation_mode": "QUATERNION"
      },
      "armature_space": {
        "head": {
          "x": 0.6270714402198792,
          "y": -0.39210936427116394,
          "z": 0.35283565521240234
        },
        "tail": {
          "x": 0.6351197361946106,
          "y": -0.4001295268535614,
          "z": 0.3266826272010803
        }
      },
      "world_space": {
        "head": {
          "x": 0.6270714402198792,
          "y": -0.3288653492927551,
          "z": 1.3026896715164185
        },
        "tail": {
          "x": 0.6351197361946106,
          "y": -0.3368855118751526,
          "z": 1.2765367031097412
        },
        "rotation_quaternion": {
          "w": 0.5076301693916321,
          "x": -0.7730149030685425,
          "y": -0.3188696801662445,
          "z": 0.20756135880947113
        },
        "matrix": [
          [
            0.710479736328125,
            0.282253623008728,
            -0.6446325778961182,
            0.6270714402198792
          ],
          [
            0.703711986541748,
            -0.2812674045562744,
            0.6524403691291809,
            -0.3288653492927551
          ],
          [
            0.002840180415660143,
            -0.9171882271766663,
            -0.3984621465206146,
            1.3026896715164185
          ],
          [
            0.0,
            0.0,
            0.0,
            1.0
          ]
        ]
      },
      "bone_length_armature_space": 0.028514539404226914,
      "parent": "metacarpal_index_l",
      "has_children": true,
      "is_end_bone": false
    },
    "index_02_l": {
      "name": "index_02_l",
      "local": {
        "location": {
          "x": 0.0,
          "y": 0.0,
          "z": 0.0
        },
        "rotation_quaternion": {
          "w": 0.9005939960479736,
          "x": 0.4346213936805725,
          "y": -0.005851122550666332,
          "z": -0.0006934543489478528
        },
        "scale": {
          "x": 1.0,
          "y": 1.0,
          "z": 1.0
        },
        "matrix_basis": [
          [
            0.9999305605888367,
            -0.0038370045367628336,
            -0.011141751892864704,
            0.0
          ],
          [
            -0.006335087586194277,
            0.622207522392273,
            -0.7828267216682434,
            0.0
          ],
          [
            0.009936191141605377,
            0.7828429341316223,
            0.6221399903297424,
            0.0
          ],
          [
            0.0,
            0.0,
            0.0,
            1.0
          ]
        ],
        "rotation_mode": "QUATERNION"
      },
      "armature_space": {
        "head": {
          "x": 0.6351194977760315,
          "y": -0.4001295864582062,
          "z": 0.3266821503639221
        },
        "tail": {
          "x": 0.626634955406189,
          "y": -0.3927556872367859,
          "z": 0.3036227524280548
        }
      },
      "world_space": {
        "head": {
          "x": 0.6351194977760315,
          "y": -0.33688557147979736,
          "z": 1.276536226272583
        },
        "tail": {
          "x": 0.626634955406189,
          "y": -0.32951170206069946,
          "z": 1.2534767389297485
        },
        "rotation_quaternion": {
          "w": 0.770516037940979,
          "x": -0.4805065393447876,
          "y": -0.2236696481704712,
          "z": 0.3541051149368286
        },
        "matrix": [
          [
            0.6491618156433105,
            -0.3307383358478546,
            -0.6849823594093323,
            0.6351194977760315
          ],
          [
            0.7606378197669983,
            0.2874452471733093,
            0.5820702314376831,
            -0.33688557147979736
          ],
          [
            0.004382699728012085,
            -0.8988872766494751,
            0.438174307346344,
            1.276536226272583
          ],
          [
            0.0,
            0.0,
            0.0,
            1.0
          ]
        ]
      },
      "bone_length_armature_space": 0.02565341452775462,
      "parent": "index_01_l",
      "has_children": true,
      "is_end_bone": false
    },
    "index_03_l": {
      "name": "index_03_l",
      "local": {
        "location": {
          "x": 0.0,
          "y": 0.0,
          "z": 0.0
        },
        "rotation_quaternion": {
          "w": 0.9401144981384277,
          "x": 0.34077340364456177,
          "y": 0.005943442694842815,
          "z": -0.0047977389767766
        },
        "scale": {
          "x": 1.0,
          "y": 1.0,
          "z": 1.0
        },
        "matrix_basis": [
          [
            0.9998832941055298,
            0.013071582652628422,
            0.007905149832367897,
            0.0
          ],
          [
            -0.00497011374682188,
            0.7677009105682373,
            -0.6407890915870667,
            0.0
          ],
          [
            -0.014444916509091854,
            0.6406750082969666,
            0.7676763534545898,
            0.0
          ],
          [
            0.0,
            0.0,
            0.0,
            1.0
          ]
        ],
        "rotation_mode": "QUATERNION"
      },
      "armature_space": {
        "head": {
          "x": 0.6266350746154785,
          "y": -0.39275577664375305,
          "z": 0.30362269282341003
        },
        "tail": {
          "x": 0.6081832647323608,
          "y": -0.37212854623794556,
          "z": 0.29425355792045593
        }
      },
      "world_space": {
        "head": {
          "x": 0.6266350746154785,
          "y": -0.32951176166534424,
          "z": 1.2534767389297485
        },
        "tail": {
          "x": 0.6081832647323608,
          "y": -0.30888456106185913,
          "z": 1.2441076040267944
        },
        "rotation_quaternion": {
          "w": 0.9201571941375732,
          "x": -0.14359252154827118,
          "y": -0.07931680232286453,
          "z": 0.35552892088890076
        },
        "matrix": [
          [
            0.7346157431602478,
            -0.6315063238143921,
            -0.24807077646255493,
            0.6266350746154785
          ],
          [
            0.6770638227462769,
            0.705960750579834,
            0.20785638689994812,
            -0.32951176166534424
          ],
          [
            0.04386654123663902,
            -0.320655882358551,
            0.9461870193481445,
            1.2534767389297485
          ],
          [
            0.0,
            0.0,
            0.0,
            1.0
          ]
        ]
      },
      "bone_length_armature_space": 0.029218703276853764,
      "parent": "index_02_l",
      "has_children": false,
      "is_end_bone": true
    },
    "metacarpal_pinky_l": {
      "name": "metacarpal_pinky_l",
      "local": {
        "location": {
          "x": 0.0,
          "y": 0.0,
          "z": 0.0
        },
        "rotation_quaternion": {
          "w": 0.9992407560348511,
          "x": -0.038911737501621246,
          "y": -0.0003666906268335879,
          "z": -0.0019324948079884052
        },
        "scale": {
          "x": 1.0,
          "y": 1.0,
          "z": 1.0
        },
        "matrix_basis": [
          [
            0.9999922513961792,
            0.003890592372044921,
            -0.0005824309773743153,
            0.0
          ],
          [
            -0.003833517897874117,
            0.9969642758369446,
            0.0777658075094223,
            0.0
          ],
          [
            0.0008832179009914398,
            -0.07776296883821487,
            0.9969714879989624,
            0.0
          ],
          [
            0.0,
            0.0,
            0.0,
            1.0
          ]
        ],
        "rotation_mode": "QUATERNION"
      },
      "armature_space": {
        "head": {
          "x": 0.5966196060180664,
          "y": -0.295498251914978,
          "z": 0.41172754764556885
        },
        "tail": {
          "x": 0.6764447093009949,
          "y": -0.35622698068618774,
          "z": 0.3837417960166931
        }
      },
      "world_space": {
        "head": {
          "x": 0.5966196060180664,
          "y": -0.2322542518377304,
          "z": 1.361581563949585
        },
        "tail": {
          "x": 0.6764447093009949,
          "y": -0.2929829955101013,
          "z": 1.3335957527160645
        },
        "rotation_quaternion": {
          "w": 0.353078693151474,
          "x": 0.3045513331890106,
          "y": 0.289372980594635,
          "z": -0.8359708189964294
        },
        "matrix": [
          [
            -0.5651676654815674,
            0.7665851712226868,
            -0.3048480451107025,
            0.5966196060180664
          ],
          [
            -0.4140706956386566,
            -0.5831968784332275,
            -0.6988755464553833,
            -0.2322542518377304
          ],
          [
            -0.7135395407676697,
            -0.26875582337379456,
            0.647028386592865,
            1.361581563949585
          ],
          [
            0.0,
            0.0,
            0.0,
            1.0
          ]
        ]
      },
      "bone_length_armature_space": 0.10413082112650851,
      "parent": "lowerarm_l",
      "has_children": true,
      "is_end_bone": false
    },
    "pinky_01_l": {
      "name": "pinky_01_l",
      "local": {
        "location": {
          "x": 0.0,
          "y": 0.0,
          "z": 0.0
        },
        "rotation_quaternion": {
          "w": 0.9432351589202881,
          "x": 0.33128851652145386,
          "y": 0.01280815340578556,
          "z": 0.019782530143857002
        },
        "scale": {
          "x": 1.0,
          "y": 1.0,
          "z": 1.0
        },
        "matrix_basis": [
          [
            0.9988892078399658,
            -0.02883276715874672,
            0.037269651889801025,
            0.0
          ],
          [
            0.045805543661117554,
            0.7797131538391113,
            -0.6244592070579529,
            0.0
          ],
          [
            -0.011054751463234425,
            0.6254727244377136,
            0.7801677584648132,
            0.0
          ],
          [
            0.0,
            0.0,
            0.0,
            1.0
          ]
        ],
        "rotation_mode": "QUATERNION"
      },
      "armature_space": {
        "head": {
          "x": 0.6764447093009949,
          "y": -0.35622698068618774,
          "z": 0.3837417960166931
        },
        "tail": {
          "x": 0.6866657733917236,
