{
  "metadata": {
    "armature_name": "KIM_caucasian_male",
    "export_time": "2026-01-13T21:16:34.660614",
    "blender_version": "4.4.1",
    "bone_count": 56,
    "end_bone_count": 13,
    "spaces_included": [
      "LOCAL_CHANNELS",
      "ARMATURE_SPACE",
      "WORLD_SPACE"
    ],
    "note": "LOCAL matches Transform panel; replay pose via local.matrix_basis for best fidelity."
  },
  "bones": {
    "Root": {
      "name": "Root",
      "local": {
        "location": {
          "x": 0.0,
          "y": 0.0,
          "z": 0.0
        },
        "rotation_quaternion": {
          "w": 0.9993360042572021,
          "x": -0.018178628757596016,
          "y": -0.01790674217045307,
          "z": 0.026010293513536453
        },
        "scale": {
          "x": 1.0,
          "y": 1.0,
          "z": 1.0
        },
        "matrix_basis": [
          [
            0.9980056285858154,
            -0.05133500695228577,
            -0.03673536702990532,
            0.0
          ],
          [
            0.05263708531856537,
            0.9979860186576843,
            0.0354015976190567,
            0.0
          ],
          [
            0.034844040870666504,
            -0.037264633923769,
            0.9986977577209473,
            0.0
          ],
          [
            0.0,
            0.0,
            0.0,
            1.0
          ]
        ],
        "rotation_mode": "QUATERNION"
      },
      "armature_space": {
        "head": {
          "x": 0.0,
          "y": 0.07072800397872925,
          "z": -0.009595036506652832
        },
        "tail": {
          "x": -0.0036640807520598173,
          "y": 0.0005000010132789612,
          "z": 0.002616346813738346
        }
      },
      "world_space": {
        "head": {
          "x": 0.0,
          "y": 0.13397200405597687,
          "z": 0.9402589797973633
        },
        "tail": {
          "x": -0.0036640807520598173,
          "y": 0.06374400109052658,
          "z": 0.9524703621864319
        },
        "rotation_quaternion": {
          "w": 0.08546025305986404,
          "x": 0.9958410263061523,
          "y": -0.02715754322707653,
          "z": -0.016113802790641785
        },
        "matrix": [
          [
            0.9980056285858154,
            -0.05133500695228577,
            -0.03673536702990532,
            0.0
          ],
          [
            -0.05684337764978409,
            -0.9839180111885071,
            -0.16933488845825195,
            0.13397200405597687
          ],
          [
            -0.027452025562524796,
            0.17108559608459473,
            -0.9848807454109192,
            0.9402589797973633
          ],
          [
            0.0,
            0.0,
            0.0,
            1.0
          ]
        ]
      },
      "bone_length_armature_space": 0.07137587641862476,
      "parent": null,
      "has_children": true,
      "is_end_bone": false
    },
    "spine_01": {
      "name": "spine_01",
      "local": {
        "location": {
          "x": 0.0,
          "y": 0.0,
          "z": 0.0
        },
        "rotation_quaternion": {
          "w": 0.9993281364440918,
          "x": 0.029883014038205147,
          "y": 0.015894455835223198,
          "z": 0.01406379695981741
        },
        "scale": {
          "x": 1.0,
          "y": 1.0,
          "z": 1.0
        },
        "matrix_basis": [
          [
            0.9990991353988647,
            -0.027158748358488083,
            0.032608091831207275,
            0.0
          ],
          [
            0.02905864454805851,
            0.9978184103965759,
            -0.05927880108356476,
            0.0
          ],
          [
            -0.030927017331123352,
            0.06017294526100159,
            0.9977087378501892,
            0.0
          ],
          [
            0.0,
            0.0,
            0.0,
            1.0
          ]
        ],
        "rotation_mode": "QUATERNION"
      },
      "armature_space": {
        "head": {
          "x": -0.0036640807520598173,
          "y": 0.0005000010132789612,
          "z": 0.002616346813738346
        },
        "tail": {
          "x": -0.002868128241971135,
          "y": 0.012025020085275173,
          "z": 0.49048420786857605
        }
      },
      "world_space": {
        "head": {
          "x": -0.0036640807520598173,
          "y": 0.06374400109052658,
          "z": 0.9524703621864319
        },
        "tail": {
          "x": -0.002868128241971135,
          "y": 0.07526902109384537,
          "z": 1.4403382539749146
        },
        "rotation_quaternion": {
          "w": 0.715364396572113,
          "x": 0.6986514925956726,
          "y": -0.007873136550188065,
          "z": -0.008829211816191673
        },
        "matrix": [
          [
            0.9997200965881348,
            0.0016310459468513727,
            -0.02360142581164837,
            -0.0036640807520598173
          ],
          [
            -0.023633375763893127,
            0.023616783320903778,
            -0.9994418025016785,
            0.06374400109052658
          ],
          [
            -0.0010727804619818926,
            0.9997267127037048,
            0.023647982627153397,
            0.9524703621864319
          ],
          [
            0.0,
            0.0,
            0.0,
            1.0
          ]
        ]
      },
      "bone_length_armature_space": 0.48800462627567326,
      "parent": "Root",
      "has_children": true,
      "is_end_bone": false
    },
    "neck_01": {
      "name": "neck_01",
      "local": {
        "location": {
          "x": 0.0,
          "y": 0.0,
          "z": 0.0
        },
        "rotation_quaternion": {
          "w": 0.9951431155204773,
          "x": -0.06384677439928055,
          "y": 0.0746673047542572,
          "z": -0.00620989827439189
        },
        "scale": {
          "x": 1.0,
          "y": 1.0,
          "z": 1.0
        },
        "matrix_basis": [
          [
            0.988772451877594,
            0.002824941882863641,
            0.14940227568149567,
            0.0
          ],
          [
            -0.021894007921218872,
            0.9917700290679932,
            0.12614600360393524,
            0.0
          ],
          [
            -0.14781634509563446,
            -0.12800070643424988,
            0.9806967377662659,
            0.0
          ],
          [
            0.0,
            0.0,
            0.0,
            1.0
          ]
        ],
        "rotation_mode": "QUATERNION"
      },
      "armature_space": {
        "head": {
          "x": -0.0035672136582434177,
          "y": -0.020906876772642136,
          "z": 0.5645027756690979
        },
        "tail": {
          "x": -0.003718445310369134,
          "y": -0.04504942148923874,
          "z": 0.6641414761543274
        }
      },
      "world_space": {
        "head": {
          "x": -0.0035672136582434177,
          "y": 0.042337123304605484,
          "z": 1.5143568515777588
        },
        "tail": {
          "x": -0.003718445310369134,
          "y": 0.01819457858800888,
          "z": 1.6139955520629883
        },
        "rotation_quaternion": {
          "w": 0.6170969009399414,
          "x": 0.7844035625457764,
          "y": 0.038041673600673676,
          "z": 0.04955073073506355
        },
        "matrix": [
          [
            0.9921950697898865,
            -0.0014751246199011803,
            0.12468623369932175,
            -0.0035672136582434177
          ],
          [
            0.12083520740270615,
            -0.23548799753189087,
            -0.9643363356590271,
            0.042337123304605484
          ],
          [
            0.03078494593501091,
            0.9718826413154602,
            -0.23347431421279907,
            1.5143568515777588
          ],
          [
            0.0,
            0.0,
            0.0,
            1.0
          ]
        ]
      },
      "bone_length_armature_space": 0.10252197836317918,
      "parent": "spine_01",
      "has_children": true,
      "is_end_bone": false
    },
    "head": {
      "name": "head",
      "local": {
        "location": {
          "x": 0.0,
          "y": 0.0,
          "z": 0.0
        },
        "rotation_quaternion": {
          "w": 0.9871863126754761,
          "x": 0.047953810542821884,
          "y": 0.12905451655387878,
          "z": -0.08067602664232254
        },
        "scale": {
          "x": 1.0,
          "y": 1.0,
          "z": 1.0
        },
        "matrix_basis": [
          [
            0.9536726474761963,
            0.1716618537902832,
            0.2470642626285553,
            0.0
          ],
          [
            -0.14690722525119781,
            0.9823836088180542,
            -0.11550190299749374,
            0.0
          ],
          [
            -0.2625391483306885,
            0.07385548204183578,
            0.9620907306671143,
            0.0
          ],
          [
            0.0,
            0.0,
            0.0,
            1.0
          ]
        ],
        "rotation_mode": "QUATERNION"
      },
      "armature_space": {
        "head": {
          "x": -0.003718425752595067,
          "y": -0.045049555599689484,
          "z": 0.6641413569450378
        },
        "tail": {
          "x": 0.01682424731552601,
          "y": -0.03353775292634964,
          "z": 0.8174344897270203
        }
      },
      "world_space": {
        "head": {
          "x": -0.003718425752595067,
          "y": 0.018194444477558136,
          "z": 1.6139953136444092
        },
        "tail": {
          "x": 0.01682424731552601,
          "y": 0.02970624715089798,
          "z": 1.7672884464263916
        },
        "rotation_quaternion": {
          "w": 0.7106367349624634,
          "x": 0.675958514213562,
          "y": 0.17918804287910461,
          "z": 0.07724834978580475
        },
        "matrix": [
          [
            0.9238490462303162,
            0.13245628774166107,
            0.35910773277282715,
            -0.003718425752595067
          ],
          [
            0.3520375192165375,
            0.0742264911532402,
            -0.9330382943153381,
            0.018194444477558136
          ],
          [
            -0.15024277567863464,
            0.988412618637085,
            0.021943747997283936,
            1.6139953136444092
          ],
          [
            0.0,
            0.0,
            0.0,
            1.0
          ]
        ]
      },
      "bone_length_armature_space": 0.15509128856439022,
      "parent": "neck_01",
      "has_children": false,
      "is_end_bone": true
    },
    "upperarm_l": {
      "name": "upperarm_l",
      "local": {
        "location": {
          "x": 0.0,
          "y": 0.0,
          "z": 0.0
        },
        "rotation_quaternion": {
          "w": 0.6868205666542053,
          "x": 0.5772115588188171,
          "y": -0.04111866280436516,
          "z": 0.439788281917572
        },
        "scale": {
          "x": 1.0,
          "y": 1.0,
          "z": 1.0
        },
        "matrix_basis": [
          [
            0.6097910404205322,
            -0.6515796184539795,
            0.45121946930885315,
            0.0
          ],
          [
            0.5566429495811462,
            -0.05317383259534836,
            -0.8290485739707947,
            0.0
          ],
          [
            0.5641840696334839,
            0.7567145228385925,
            0.3302721381187439,
            0.0
          ],
          [
            0.0,
            0.0,
            0.0,
            1.0
          ]
        ],
        "rotation_mode": "QUATERNION"
      },
      "armature_space": {
        "head": {
          "x": 0.14620590209960938,
          "y": -0.02922646328806877,
          "z": 0.49722790718078613
        },
        "tail": {
          "x": 0.1391780525445938,
          "y": -0.23234164714813232,
          "z": 0.6718785762786865
        }
      },
      "world_space": {
        "head": {
          "x": 0.14620590209960938,
          "y": 0.03401753678917885,
          "z": 1.4470819234848022
        },
        "tail": {
          "x": 0.1391780525445938,
          "y": -0.1690976470708847,
          "z": 1.6217325925827026
        },
        "rotation_quaternion": {
          "w": 0.30026593804359436,
          "x": 0.8276337385177612,
          "y": -0.17564494907855988,
          "z": -0.4404674768447876
        },
        "matrix": [
          [
            0.5502750873565674,
            -0.026226304471492767,
            -0.8345717191696167,
            0.14620590209960938
          ],
          [
            -0.5552545785903931,
            -0.7579789161682129,
            -0.3422878086566925,
            0.03401753678917885
          ],
          [
            -0.6236153244972229,
            0.6517558693885803,
            -0.4316622018814087,
            1.4470819234848022
          ],
          [
            0.0,
            0.0,
            0.0,
            1.0
          ]
        ]
      },
      "bone_length_armature_space": 0.2679701891756979,
      "parent": "spine_01",
      "has_children": true,
      "is_end_bone": false
    },
    "lowerarm_l": {
      "name": "lowerarm_l",
      "local": {
        "location": {
          "x": 0.0,
          "y": 0.0,
          "z": 0.0
        },
        "rotation_quaternion": {
          "w": 0.9160704612731934,
          "x": 0.39899033308029175,
          "y": 0.039827730506658554,
          "z": 0.005947659257799387
        },
        "scale": {
          "x": 1.0,
          "y": 1.0,
          "z": 1.0
        },
        "matrix_basis": [
          [
            0.9967567324638367,
            0.020884808152914047,
            0.07771613448858261,
            0.0
          ],
          [
            0.04267871007323265,
            0.681542694568634,
            -0.7305327653884888,
            0.0
          ],
          [
            -0.06822390109300613,
            0.7314803004264832,
            0.6784409284591675,
            0.0
          ],
          [
            0.0,
            0.0,
            0.0,
            1.0
          ]
        ],
        "rotation_mode": "QUATERNION"
      },
      "armature_space": {
        "head": {
          "x": 0.13917794823646545,
          "y": -0.23234166204929352,
          "z": 0.6718786954879761
        },
        "tail": {
          "x": -0.062460675835609436,
          "y": -0.40542352199554443,
          "z": 0.7027641534805298
        }
      },
      "world_space": {
        "head": {
          "x": 0.13917794823646545,
          "y": -0.1690976619720459,
          "z": 1.6217327117919922
        },
        "tail": {
          "x": -0.062460675835609436,
          "y": -0.342179536819458,
          "z": 1.652618169784546
        },
        "rotation_quaternion": {
          "w": 0.07913658767938614,
          "x": -0.855064332485199,
          "y": 0.4126124978065491,
          "z": 0.30389711260795593
        },
        "matrix": [
          [
            0.4747947156429291,
            -0.7537202835083008,
            -0.4543965458869934,
            0.13917794823646545
          ],
          [
            -0.6575222015380859,
            -0.6469758152961731,
            0.38611820340156555,
            -0.1690976619720459
          ],
          [
            -0.5850130319595337,
            0.11544919013977051,
            -0.8027734160423279,
            1.6217327117919922
          ],
          [
            0.0,
            0.0,
            0.0,
            1.0
          ]
        ]
      },
      "bone_length_armature_space": 0.26752453407880616,
      "parent": "upperarm_l",
      "has_children": true,
      "is_end_bone": false
    },
    "metacarpal_thumb_l": {
      "name": "metacarpal_thumb_l",
      "local": {
        "location": {
          "x": 0.0,
          "y": 0.0,
          "z": 0.0
        },
        "rotation_quaternion": {
          "w": 0.9982965588569641,
          "x": -0.05665495619177818,
          "y": 0.013827132061123848,
          "z": 0.0017291600815951824
        },
        "scale": {
          "x": 1.0,
          "y": 1.0,
          "z": 1.0
        },
        "matrix_basis": [
          [
            0.9996116161346436,
            -0.0050191800110042095,
            0.02741122618317604,
            0.0
          ],
          [
            0.001885678037069738,
            0.9935744404792786,
            0.11316471546888351,
            0.0
          ],
          [
            -0.0278030876070261,
            -0.1130690798163414,
            0.993198037147522,
            0.0
          ],
          [
            0.0,
            0.0,
            0.0,
            1.0
          ]
        ],
        "rotation_mode": "QUATERNION"
      },
      "armature_space": {
        "head": {
          "x": -0.062460675835609436,
          "y": -0.40542352199554443,
          "z": 0.7027641534805298
        },
        "tail": {
          "x": -0.10410287231206894,
          "y": -0.4220197796821594,
          "z": 0.6816908717155457
        }
      },
      "world_space": {
        "head": {
          "x": -0.062460675835609436,
          "y": -0.342179536819458,
          "z": 1.652618169784546
        },
        "tail": {
          "x": -0.10410287231206894,
          "y": -0.358775794506073,
          "z": 1.631544828414917
        },
        "rotation_quaternion": {
          "w": 0.06597694754600525,
          "x": 0.6819935441017151,
          "y": -0.5728181600570679,
          "z": 0.4499013423919678
        },
        "matrix": [
          [
            -0.06106582283973694,
            -0.8406846523284912,
            0.5380710959434509,
            -0.062460675835609436
          ],
          [
            -0.7219496369361877,
            -0.33504974842071533,
            -0.605417788028717,
            -0.342179536819458
          ],
          [
            0.689250111579895,
            -0.425433486700058,
            -0.5864762663841248,
            1.652618169784546
          ],
          [
            0.0,
            0.0,
            0.0,
            1.0
          ]
        ]
      },
      "bone_length_armature_space": 0.04953374161267193,
      "parent": "lowerarm_l",
      "has_children": true,
      "is_end_bone": false
    },
    "thumb_01_l": {
      "name": "thumb_01_l",
      "local": {
        "location": {
          "x": 0.0,
          "y": 0.0,
          "z": 0.0
        },
        "rotation_quaternion": {
          "w": 0.9878684282302856,
          "x": 0.15397559106349945,
          "y": -0.0075535885989665985,
          "z": -0.018725568428635597
        },
        "scale": {
          "x": 1.0,
          "y": 1.0,
          "z": 1.0
        },
        "matrix_basis": [
          [
            0.9991846084594727,
            0.03467065840959549,
            -0.020690463483333588,
            0.0
          ],
          [
            -0.039322931319475174,
            0.9518817663192749,
            -0.3039323687553406,
            0.0
          ],
          [
            0.009157342836260796,
            0.3044981360435486,
            0.9524689316749573,
            0.0
          ],
          [
            0.0,
            0.0,
            0.0,
            1.0
          ]
        ],
        "rotation_mode": "QUATERNION"
      },
      "armature_space": {
        "head": {
          "x": -0.10410287231206894,
          "y": -0.4220197796821594,
          "z": 0.6816908717155457
        },
        "tail": {
          "x": -0.11095090210437775,
          "y": -0.44898056983947754,
          "z": 0.6620731949806213
        }
      },
      "world_space": {
        "head": {
          "x": -0.10410287231206894,
          "y": -0.358775794506073,
          "z": 1.631544828414917
        },
        "tail": {
          "x": -0.11095090210437775,
          "y": -0.3857365846633911,
          "z": 1.6119272708892822
        },
        "rotation_quaternion": {
          "w": 0.09837324917316437,
          "x": 0.024437855929136276,
          "y": -0.3070671856403351,
          "z": 0.9462745189666748
        },
        "matrix": [
          [
            -0.979451060295105,
            -0.20118431746959686,
            -0.014165110886096954,
            -0.10410287231206894
          ],
          [
            0.17116856575012207,
            -0.7920652627944946,
            -0.5859475135803223,
            -0.358775794506073
          ],
          [
            0.10666472464799881,
            -0.5763357877731323,
            0.8102306127548218,
            1.631544828414917
          ],
          [
            0.0,
            0.0,
            0.0,
            1.0
          ]
        ]
      },
      "bone_length_armature_space": 0.034038698460476025,
      "parent": "metacarpal_thumb_l",
      "has_children": true,
      "is_end_bone": false
    },
    "thumb_02_l": {
      "name": "thumb_02_l",
      "local": {
        "location": {
          "x": 0.0,
          "y": 0.0,
          "z": 0.0
        },
        "rotation_quaternion": {
          "w": 0.9374899864196777,
          "x": 0.3479694426059723,
          "y": 0.000917647616006434,
          "z": 0.005396988708525896
        },
        "scale": {
          "x": 1.0,
          "y": 1.0,
          "z": 1.0
        },
        "matrix_basis": [
          [
            0.999940037727356,
            -0.009480618871748447,
            0.005476545076817274,
            0.0
          ],
          [
            0.010757872834801674,
            0.7577762603759766,
            -0.6524258255958557,
            0.0
          ],
          [
            0.0020354033913463354,
            0.6524456143379211,
            0.7578328251838684,
            0.0
          ],
          [
            0.0,
            0.0,
            0.0,
            1.0
          ]
        ],
        "rotation_mode": "QUATERNION"
      },
      "armature_space": {
        "head": {
          "x": -0.11095086485147476,
          "y": -0.44898051023483276,
          "z": 0.6620731949806213
        },
        "tail": {
          "x": -0.1353253871202469,
          "y": -0.4556921720504761,
          "z": 0.6932826638221741
        }
      },
      "world_space": {
        "head": {
          "x": -0.11095086485147476,
          "y": -0.38573652505874634,
          "z": 1.6119272708892822
        },
        "tail": {
          "x": -0.1353253871202469,
          "y": -0.39244818687438965,
          "z": 1.643136739730835
        },
        "rotation_quaternion": {
          "w": 0.39372530579566956,
          "x": -0.005225894972681999,
          "y": 0.5112999677658081,
          "z": 0.763888418674469
        },
        "matrix": [
          [
            -0.6899046301841736,
            -0.6068687438964844,
            0.3946416974067688,
            -0.11095086485147476
          ],
          [
            0.5961827039718628,
            -0.16710439324378967,
            0.7852660417556763,
            -0.38573652505874634
          ],
          [
            -0.4106093943119049,
            0.7770423889160156,
            0.47709429264068604,
            1.6119272708892822
          ],
          [
            0.0,
            0.0,
            0.0,
            1.0
          ]
        ]
      },
      "bone_length_armature_space": 0.04016459466955121,
      "parent": "thumb_01_l",
      "has_children": true,
      "is_end_bone": false
    },
    "thumb_03_l": {
      "name": "thumb_03_l",
      "local": {
        "location": {
          "x": 0.0,
          "y": 0.0,
          "z": 0.0
        },
        "rotation_quaternion": {
          "w": 0.982946515083313,
          "x": 0.18373167514801025,
          "y": 0.00767044210806489,
          "z": 0.0003335785586386919
        },
        "scale": {
          "x": 1.0,
          "y": 1.0,
          "z": 1.0
        },
        "matrix_basis": [
          [
            0.9998821020126343,
            0.002162826480343938,
            0.01520184613764286,
            0.0
          ],
          [
            0.003474386176094413,
            0.9324851036071777,
            -0.36119168996810913,
            0.0
          ],
          [
            -0.01495669037103653,
            0.3612019419670105,
            0.9323676824569702,
            0.0
          ],
          [
            0.0,
            0.0,
            0.0,
            1.0
          ]
        ],
        "rotation_mode": "QUATERNION"
      },
      "armature_space": {
        "head": {
          "x": -0.13532541692256927,
          "y": -0.4556921720504761,
          "z": 0.6932825446128845
        },
        "tail": {
          "x": -0.14328044652938843,
          "y": -0.4461967945098877,
          "z": 0.7210936546325684
        }
      },
      "world_space": {
        "head": {
          "x": -0.13532541692256927,
          "y": -0.39244818687438965,
          "z": 1.6431365013122559
        },
        "tail": {
          "x": -0.14328044652938843,
          "y": -0.38295280933380127,
          "z": 1.6709476709365845
        },
        "rotation_quaternion": {
          "w": 0.2059893012046814,
          "x": -0.01257354486733675,
          "y": 0.7832698225975037,
          "z": 0.5864287614822388
        },
        "matrix": [
          [
            -0.9148210883140564,
            -0.2612930238246918,
            0.3079422116279602,
            -0.13532541692256927
          ],
          [
            0.22189770638942719,
            0.31188732385635376,
            0.9238442778587341,
            -0.39244818687438965
          ],
          [
            -0.33743929862976074,
            0.9134901165962219,
            -0.22734180092811584,
            1.6431365013122559
          ],
          [
            0.0,
            0.0,
            0.0,
            1.0
          ]
        ]
      },
      "bone_length_armature_space": 0.030445074500353896,
      "parent": "thumb_02_l",
      "has_children": false,
      "is_end_bone": true
    },
    "metacarpal_index_l": {
      "name": "metacarpal_index_l",
      "local": {
        "location": {
          "x": 0.0,
          "y": 0.0,
          "z": 0.0
        },
        "rotation_quaternion": {
          "w": 0.9993057250976562,
          "x": -0.03705848008394241,
          "y": -0.0012422146974131465,
          "z": 0.003636992536485195
        },
        "scale": {
          "x": 1.0,
          "y": 1.0,
          "z": 1.0
        },
        "matrix_basis": [
          [
            0.9999704360961914,
            -0.007176865823566914,
            -0.00275226728990674,
            0.0
          ],
          [
            0.007361004129052162,
            0.997226893901825,
            0.0740564689040184,
            0.0
          ],
          [
            0.0022131416480988264,
            -0.07407453656196594,
            0.9972502589225769,
            0.0
          ],
          [
            0.0,
            0.0,
            0.0,
            1.0
          ]
        ],
        "rotation_mode": "QUATERNION"
      },
      "armature_space": {
        "head": {
          "x": -0.062460675835609436,
          "y": -0.40542352199554443,
          "z": 0.7027641534805298
        },
        "tail": {
          "x": -0.1626209020614624,
          "y": -0.4651525020599365,
          "z": 0.6913800239562988
        }
      },
      "world_space": {
        "head": {
          "x": -0.062460675835609436,
          "y": -0.342179536819458,
          "z": 1.652618169784546
        },
        "tail": {
          "x": -0.1626209020614624,
          "y": -0.4019085168838501,
          "z": 1.641234040260315
        },
        "rotation_quaternion": {
          "w": 0.03546299412846565,
          "x": 0.8540335297584534,
          "y": -0.4938261806964874,
          "z": 0.15970277786254883
        },
        "matrix": [
          [
            0.46126145124435425,
            -0.854815661907196,
            0.2377573698759079,
            -0.062460675835609436
          ],
          [
            -0.832161009311676,
            -0.5097559690475464,
            -0.21830534934997559,
            -0.342179536819458
          ],
          [
            0.30781033635139465,
            -0.09715765714645386,
            -0.9464814066886902,
            1.652618169784546
          ],
          [
            0.0,
            0.0,
            0.0,
            1.0
          ]
        ]
      },
      "bone_length_armature_space": 0.11717175530671826,
      "parent": "lowerarm_l",
      "has_children": true,
      "is_end_bone": false
    },
    "index_01_l": {
      "name": "index_01_l",
      "local": {
        "location": {
          "x": 0.0,
          "y": 0.0,
          "z": 0.0
        },
        "rotation_quaternion": {
          "w": 0.9665231108665466,
          "x": 0.25574493408203125,
          "y": 0.015423501841723919,
          "z": 0.01378028467297554
        },
        "scale": {
          "x": 1.0,
          "y": 1.0,
          "z": 1.0
        },
        "matrix_basis": [
          [
            0.999144434928894,
            -0.01874896138906479,
            0.0368628166615963,
            0.0
          ],
          [
            0.03452689200639725,
            0.8688092827796936,
            -0.49394169449806213,
            0.0
          ],
          [
            -0.022765865549445152,
            0.4947918653488159,
            0.8687132596969604,
            0.0
          ],
          [
            0.0,
            0.0,
            0.0,
            1.0
          ]
        ],
        "rotation_mode": "QUATERNION"
      },
      "armature_space": {
        "head": {
          "x": -0.1626209020614624,
          "y": -0.4651525020599365,
          "z": 0.6913800239562988
        },
        "tail": {
          "x": -0.17731675505638123,
          "y": -0.4875255823135376,
          "z": 0.6815541386604309
        }
      },
      "world_space": {
        "head": {
          "x": -0.1626209020614624,
          "y": -0.4019085168838501,
          "z": 1.641234040260315
        },
        "tail": {
          "x": -0.17731675505638123,
          "y": -0.42428159713745117,
          "z": 1.6314082145690918
        },
        "rotation_quaternion": {
          "w": 0.1095864325761795,
          "x": -0.9155218601226807,
          "y": 0.30931904911994934,
          "z": -0.23266339302062988
        },
        "matrix": [
          [
            0.7003786563873291,
            -0.5153840184211731,
            0.49381139874458313,
            -0.1626209020614624
          ],
          [
            -0.6173705458641052,
            -0.784625232219696,
            0.056721657514572144,
            -0.4019085168838501
          ],
          [
            0.3582251965999603,
            -0.34459415078163147,
            -0.8677231669425964,
            1.641234040260315
          ],
          [
            0.0,
            0.0,
            0.0,
            1.0
          ]
        ]
      },
      "bone_length_armature_space": 0.028514397276085412,
      "parent": "metacarpal_index_l",
      "has_children": true,
      "is_end_bone": false
    },
    "index_02_l": {
      "name": "index_02_l",
      "local": {
        "location": {
          "x": 0.0,
          "y": 0.0,
          "z": 0.0
        },
        "rotation_quaternion": {
          "w": 0.9285712242126465,
          "x": 0.3710487186908722,
          "y": -0.00674038240686059,
          "z": 0.005749379750341177
        },
        "scale": {
          "x": 1.0,
          "y": 1.0,
          "z": 1.0
        },
        "matrix_basis": [
          [
            0.9998430013656616,
            -0.015679437667131424,
            -0.008251250721514225,
            0.0
          ],
          [
            0.005675396881997585,
            0.7245795726776123,
            -0.689167857170105,
            0.0
          ],
          [
            0.01678445003926754,
            0.6890128254890442,
            0.7245548367500305,
            0.0
          ],
          [
            0.0,
            0.0,
            0.0,
            1.0
          ]
        ],
        "rotation_mode": "QUATERNION"
      },
      "armature_space": {
        "head": {
          "x": -0.17731696367263794,
          "y": -0.48752573132514954,
          "z": 0.6815536022186279
        },
        "tail": {
          "x": -0.17953048646450043,
          "y": -0.5010495185852051,
          "z": 0.6598671078681946
        }
      },
      "world_space": {
        "head": {
          "x": -0.17731696367263794,
          "y": -0.4242817163467407,
          "z": 1.631407618522644
        },
        "tail": {
          "x": -0.17953048646450043,
          "y": -0.43780553340911865,
          "z": 1.6097211837768555
        },
        "rotation_quaternion": {
          "w": 0.4405539035797119,
          "x": -0.8252114653587341,
          "y": 0.20572853088378906,
          "z": -0.28742659091949463
        },
        "matrix": [
          [
            0.7501237392425537,
            -0.08628609776496887,
            0.655644416809082,
            -0.17731696367263794
          ],
          [
            -0.5927930474281311,
            -0.5271766781806946,
            0.60883629322052,
            -0.4242817163467407
          ],
          [
            0.29310762882232666,
            -0.8453699946403503,
            -0.44659996032714844,
            1.631407618522644
          ],
          [
            0.0,
            0.0,
            0.0,
            1.0
          ]
        ]
      },
      "bone_length_armature_space": 0.02565339259110027,
      "parent": "index_01_l",
      "has_children": true,
      "is_end_bone": false
    },
    "index_03_l": {
      "name": "index_03_l",
      "local": {
        "location": {
          "x": 0.0,
          "y": 0.0,
          "z": 0.0
        },
        "rotation_quaternion": {
          "w": 0.9632819294929504,
          "x": 0.2684704065322876,
          "y": -0.003354277228936553,
          "z": 0.0005001043318770826
        },
        "scale": {
          "x": 1.0,
          "y": 1.0,
          "z": 1.0
        },
        "matrix_basis": [
          [
            0.9999769926071167,
            -0.0027645311783999205,
            -0.006193703040480614,
            0.0
          ],
          [
            -0.0008375653997063637,
            0.8558467626571655,
            -0.5172287225723267,
            0.0
          ],
          [
            0.006730755791068077,
            0.5172220468521118,
            0.8558247685432434,
            0.0
          ],
          [
            0.0,
            0.0,
            0.0,
            1.0
          ]
        ],
        "rotation_mode": "QUATERNION"
      },
      "armature_space": {
        "head": {
          "x": -0.17953059077262878,
          "y": -0.5010495781898499,
          "z": 0.6598671674728394
        },
        "tail": {
          "x": -0.16785673797130585,
          "y": -0.5047938823699951,
          "z": 0.6333446502685547
        }
      },
      "world_space": {
        "head": {
          "x": -0.17953059077262878,
          "y": -0.4378055930137634,
          "z": 1.6097211837768555
        },
        "tail": {
          "x": -0.16785673797130585,
          "y": -0.4415498971939087,
          "z": 1.5831986665725708
        },
        "rotation_quaternion": {
          "w": 0.6563588380813599,
          "x": -0.6505666375160217,
          "y": 0.07155665010213852,
          "z": -0.3752811849117279
        },
        "matrix": [
          [
            0.7080856561660767,
            0.399533748626709,
            0.5822266936302185,
            -0.17953059077262878
          ],
          [
            -0.5857450366020203,
            -0.12814685702323914,
            0.8003009557723999,
            -0.4378055930137634
          ],
          [
            0.3943597078323364,
            -0.907724142074585,
            0.14328762888908386,
            1.6097211837768555
          ],
          [
            0.0,
            0.0,
            0.0,
            1.0
          ]
        ]
      },
      "bone_length_armature_space": 0.029218874164359077,
      "parent": "index_02_l",
      "has_children": false,
      "is_end_bone": true
    },
    "metacarpal_pinky_l": {
      "name": "metacarpal_pinky_l",
      "local": {
        "location": {
          "x": 0.0,
          "y": 0.0,
          "z": 0.0
        },
        "rotation_quaternion": {
          "w": 0.9997664093971252,
          "x": -0.004691324662417173,
          "y": 0.013426176272332668,
          "z": -0.016279643401503563
        },
        "scale": {
          "x": 1.0,
          "y": 1.0,
          "z": 1.0
        },
        "matrix_basis": [
          [
            0.9991094470024109,
            0.03242570906877518,
            0.02699882537126541,
            0.0
          ],
          [
            -0.032677654176950455,
            0.9994259476661682,
            0.00894331093877554,
            0.0
          ],
          [
            -0.02669333480298519,
            -0.009817603975534439,
            0.9995954632759094,
            0.0
          ],
          [
            0.0,
            0.0,
            0.0,
            1.0
          ]
        ],
        "rotation_mode": "QUATERNION"
      },
      "armature_space": {
        "head": {
          "x": -0.062460675835609436,
          "y": -0.40542352199554443,
          "z": 0.7027641534805298
        },
        "tail": {
          "x": -0.1236380934715271,
          "y": -0.48286759853363037,
          "z": 0.7359751462936401
        }
      },
      "world_space": {
        "head": {
          "x": -0.062460675835609436,
          "y": -0.342179536819458,
          "z": 1.652618169784546
        },
        "tail": {
          "x": -0.1236380934715271,
          "y": -0.41962361335754395,
          "z": 1.6858291625976562
        },
        "rotation_quaternion": {
          "w": 0.18205635249614716,
          "x": -0.4799952507019043,
          "y": 0.308214008808136,
          "z": 0.8009146451950073
        },
        "matrix": [
          [
            -0.4729205369949341,
            -0.5875056982040405,
            -0.6566459536552429,
            -0.062460675835609436
          ],
          [
            -0.0042588068172335625,
            -0.7437195181846619,
            0.6684785485267639,
            -0.342179536819458
          ],
          [
            -0.8811010122299194,
            0.31893518567085266,
            0.34922096133232117,
            1.652618169784546
          ],
          [
            0.0,
            0.0,
            0.0,
            1.0
          ]
        ]
      },
      "bone_length_armature_space": 0.10413083929354873,
      "parent": "lowerarm_l",
      "has_children": true,
      "is_end_bone": false
    },
    "pinky_01_l": {
      "name": "pinky_01_l",
      "local": {
        "location": {
          "x": 0.0,
          "y": 0.0,
          "z": 0.0
        },
        "rotation_quaternion": {
          "w": 0.9450365304946899,
          "x": 0.32683923840522766,
          "y": -0.004736207891255617,
          "z": -0.007735747378319502
        },
        "scale": {
          "x": 1.0,
          "y": 1.0,
          "z": 1.0
        },
        "matrix_basis": [
          [
            0.9998354315757751,
            0.011525170877575874,
            -0.014008470810949802,
            0.0
          ],
          [
            -0.017717085778713226,
            0.7862325310707092,
            -0.6176767349243164,
            0.0
          ],
          [
            0.0038950874004513025,
            0.6178233027458191,
            0.7863073348999023,
            0.0
          ],
          [
            0.0,
            0.0,
            0.0,
            1.0
          ]
        ],
        "rotation_mode": "QUATERNION"
      },
      "armature_space": {
        "head": {
          "x": -0.1236380934715271,
          "y": -0.48286759853363037,
