{
  "metadata": {
    "armature_name": "KIM_caucasian_male",
    "export_time": "2026-01-13T21:08:30.747763",
    "blender_version": "4.4.1",
    "bone_count": 56,
    "end_bone_count": 13,
    "spaces_included": [
      "LOCAL_CHANNELS",
      "ARMATURE_SPACE",
      "WORLD_SPACE"
    ],
    "note": "LOCAL matches Transform panel; replay pose via local.matrix_basis for best fidelity."
  },
  "bones": {
    "Root": {
      "name": "Root",
      "local": {
        "location": {
          "x": 0.0,
          "y": 0.0,
          "z": 0.0
        },
        "rotation_quaternion": {
          "w": 0.9997910261154175,
          "x": 0.009117075242102146,
          "y": 0.0030782169196754694,
          "z": -0.01803704909980297
        },
        "scale": {
          "x": 1.0,
          "y": 1.0,
          "z": 1.0
        },
        "matrix_basis": [
          [
            0.9993304014205933,
            0.03612268716096878,
            0.005826257169246674,
            0.0
          ],
          [
            -0.03601042926311493,
            0.9991830587387085,
            -0.018341384828090668,
            0.0
          ],
          [
            -0.006484037730842829,
            0.018119296059012413,
            0.9998148083686829,
            0.0
          ],
          [
            0.0,
            0.0,
            0.0,
            1.0
          ]
        ],
        "rotation_mode": "QUATERNION"
      },
      "armature_space": {
        "head": {
          "x": 0.0,
          "y": 0.07072800397872925,
          "z": -0.009595036506652832
        },
        "tail": {
          "x": 0.002578288083896041,
          "y": -0.00011607259511947632,
          "z": -0.0012893900275230408
        }
      },
      "world_space": {
        "head": {
          "x": 0.0,
          "y": 0.13397200405597687,
          "z": 0.9402589797973633
        },
        "tail": {
          "x": 0.002578288083896041,
          "y": 0.06312792748212814,
          "z": 0.9485646486282349
        },
        "rotation_quaternion": {
          "w": 0.05825721472501755,
          "x": 0.9981339573860168,
          "y": 0.01820344664156437,
          "z": 0.0018561072647571564
        },
        "matrix": [
          [
            0.9993304014205933,
            0.03612268716096878,
            0.005826257169246674,
            0.0
          ],
          [
            0.036555215716362,
            -0.9925493597984314,
            -0.11622989177703857,
            0.13397200405597687
          ],
          [
            0.0015843580476939678,
            0.11636491119861603,
            -0.9932122826576233,
            0.9402589797973633
          ],
          [
            0.0,
            0.0,
            0.0,
            1.0
          ]
        ]
      },
      "bone_length_armature_space": 0.07137586928292172,
      "parent": null,
      "has_children": true,
      "is_end_bone": false
    },
    "spine_01": {
      "name": "spine_01",
      "local": {
        "location": {
          "x": 0.0,
          "y": 0.0,
          "z": 0.0
        },
        "rotation_quaternion": {
          "w": 0.9963403940200806,
          "x": 0.06788025796413422,
          "y": -0.009907850064337254,
          "z": -0.05098959803581238
        },
        "scale": {
          "x": 1.0,
          "y": 1.0,
          "z": 1.0
        },
        "matrix_basis": [
          [
            0.9946038126945496,
            0.1002608984708786,
            -0.02666555717587471,
            0.0
          ],
          [
            -0.10295108705759048,
            0.9855846762657166,
            -0.13425329327583313,
            0.0
          ],
          [
            0.012820808216929436,
            0.1362740844488144,
            0.9905881881713867,
            0.0
          ],
          [
            0.0,
            0.0,
            0.0,
            1.0
          ]
        ],
        "rotation_mode": "QUATERNION"
      },
      "armature_space": {
        "head": {
          "x": 0.002578288083896041,
          "y": -0.00011607259511947632,
          "z": -0.0012893900275230408
        },
        "tail": {
          "x": 0.052636947482824326,
          "y": -0.05106693133711815,
          "z": 0.4814595580101013
        }
      },
      "world_space": {
        "head": {
          "x": 0.002578288083896041,
          "y": 0.06312792748212814,
          "z": 0.9485646486282349
        },
        "tail": {
          "x": 0.052636947482824326,
          "y": 0.01217706874012947,
          "z": 1.4313135147094727
        },
        "rotation_quaternion": {
          "w": 0.6678887605667114,
          "x": 0.7424706816673279,
          "y": 0.041482649743556976,
          "z": -0.030678465962409973
        },
        "matrix": [
          [
            0.9946761131286621,
            0.10257896035909653,
            0.009856538847088814,
            0.002578288083896041
          ],
          [
            0.020620331168174744,
            -0.10440723598003387,
            -0.9943208694458008,
            0.06312792748212814
          ],
          [
            -0.10096799582242966,
            0.9892371892929077,
            -0.10596822947263718,
            0.9485646486282349
          ],
          [
            0.0,
            0.0,
            0.0,
            1.0
          ]
        ]
      },
      "bone_length_armature_space": 0.488004514236422,
      "parent": "Root",
      "has_children": true,
      "is_end_bone": false
    },
    "neck_01": {
      "name": "neck_01",
      "local": {
        "location": {
          "x": 0.0,
          "y": 0.0,
          "z": 0.0
        },
        "rotation_quaternion": {
          "w": 0.9866144061088562,
          "x": -0.11861343681812286,
          "y": 0.03772031515836716,
          "z": 0.1053573340177536
        },
        "scale": {
          "x": 1.0,
          "y": 1.0,
          "z": 1.0
        },
        "matrix_basis": [
          [
            0.9749540090560913,
            -0.2168423980474472,
            0.04943722113966942,
            0.0
          ],
          [
            0.19894585013389587,
            0.949661374092102,
            0.24199967086315155,
            0.0
          ],
          [
            -0.09942440688610077,
            -0.22610323131084442,
            0.9690160751342773,
            0.0
          ],
          [
            0.0,
            0.0,
            0.0,
            1.0
          ]
        ],
        "rotation_mode": "QUATERNION"
      },
      "armature_space": {
        "head": {
          "x": 0.06048944965004921,
          "y": -0.09319495409727097,
          "z": 0.5502150058746338
        },
        "tail": {
          "x": 0.04871315136551857,
          "y": -0.11939750611782074,
          "z": 0.6486299633979797
        }
      },
      "world_space": {
        "head": {
          "x": 0.06048944965004921,
          "y": -0.029950954020023346,
          "z": 1.50006902217865
        },
        "tail": {
          "x": 0.04871315136551857,
          "y": -0.05615350604057312,
          "z": 1.5984840393066406
        },
        "rotation_quaternion": {
          "w": 0.6092175245285034,
          "x": 0.7906271815299988,
          "y": -0.03260543569922447,
          "z": 0.05195946246385574
        },
        "matrix": [
          [
            0.9924743175506592,
            -0.11486680060625076,
            0.04243282228708267,
            0.06048944965004921
          ],
          [
            0.011751137673854828,
            -0.25558143854141235,
            -0.9667162895202637,
            -0.029950954020023346
          ],
          [
            0.12188944220542908,
            0.9599459171295166,
            -0.2523108720779419,
            1.50006902217865
          ],
          [
            0.0,
            0.0,
            0.0,
            1.0
          ]
        ]
      },
      "bone_length_armature_space": 0.10252199371507002,
      "parent": "spine_01",
      "has_children": true,
      "is_end_bone": false
    },
    "head": {
      "name": "head",
      "local": {
        "location": {
          "x": 0.0,
          "y": 0.0,
          "z": 0.0
        },
        "rotation_quaternion": {
          "w": 0.9995025396347046,
          "x": -0.00511346897110343,
          "y": -0.031027739867568016,
          "z": 0.0024382169358432293
        },
        "scale": {
          "x": 1.0,
          "y": 1.0,
          "z": 1.0
        },
        "matrix_basis": [
          [
            0.9980626702308655,
            -0.004556689411401749,
            -0.06204954534769058,
            0.0
          ],
          [
            0.005191326607018709,
            0.9999358057975769,
            0.010070545598864555,
            0.0
          ],
          [
            0.06199967488646507,
            -0.01037315558642149,
            0.9980222582817078,
            0.0
          ],
          [
            0.0,
            0.0,
            0.0,
            1.0
          ]
        ],
        "rotation_mode": "QUATERNION"
      },
      "armature_space": {
        "head": {
          "x": 0.048713166266679764,
          "y": -0.11939763277769089,
          "z": 0.6486297845840454
        },
        "tail": {
          "x": 0.028935087844729424,
          "y": -0.10056574642658234,
          "z": 0.8012977242469788
        }
      },
      "world_space": {
        "head": {
          "x": 0.048713166266679764,
          "y": -0.05615363270044327,
          "z": 1.5984838008880615
        },
        "tail": {
          "x": 0.028935087844729424,
          "y": -0.03732174634933472,
          "z": 1.7511518001556396
        },
        "rotation_quaternion": {
          "w": 0.7457268834114075,
          "x": 0.6623069047927856,
          "y": -0.06785129755735397,
          "z": 0.02524348720908165
        },
        "matrix": [
          [
            0.9895181059837341,
            -0.12752628326416016,
            -0.0677584558725357,
            0.048713166266679764
          ],
          [
            -0.05222640931606293,
            0.12142537534236908,
            -0.9912258386611938,
            -0.05615363270044327
          ],
          [
            0.13463573157787323,
            0.9843814969062805,
            0.11349213868379593,
            1.5984838008880615
          ],
          [
            0.0,
            0.0,
            0.0,
            1.0
          ]
        ]
      },
      "bone_length_armature_space": 0.15509130456207418,
      "parent": "neck_01",
      "has_children": false,
      "is_end_bone": true
    },
    "upperarm_l": {
      "name": "upperarm_l",
      "local": {
        "location": {
          "x": 0.0,
          "y": 0.0,
          "z": 0.0
        },
        "rotation_quaternion": {
          "w": 0.9499284625053406,
          "x": 0.07338189333677292,
          "y": 0.21838730573654175,
          "z": -0.21108786761760712
        },
        "scale": {
          "x": 1.0,
          "y": 1.0,
          "z": 1.0
        },
        "matrix_basis": [
          [
            0.8154978156089783,
            0.433088093996048,
            0.38392457365989685,
            0.0
          ],
          [
            -0.3689853847026825,
            0.9001139998435974,
            -0.2316129207611084,
            0.0
          ],
          [
            -0.44588470458984375,
            0.04721727594733238,
            0.8938441872596741,
            0.0
          ],
          [
            0.0,
            0.0,
            0.0,
            1.0
          ]
        ],
        "rotation_mode": "QUATERNION"
      },
      "armature_space": {
        "head": {
          "x": 0.20282819867134094,
          "y": -0.08625595271587372,
          "z": 0.4682474136352539
        },
        "tail": {
          "x": 0.42788195610046387,
          "y": -0.06905455142259598,
          "z": 0.32380765676498413
        }
      },
      "world_space": {
        "head": {
          "x": 0.20282819867134094,
          "y": -0.0230119526386261,
          "z": 1.41810142993927
        },
        "tail": {
          "x": 0.42788195610046387,
          "y": -0.005810551345348358,
          "z": 1.2736616134643555
        },
        "rotation_quaternion": {
          "w": 0.1623728722333908,
          "x": 0.4789876639842987,
          "y": 0.7111482620239258,
          "z": -0.4883381128311157
        },
        "matrix": [
          [
            -0.48841002583503723,
            0.8398485779762268,
            -0.23687592148780823,
            0.20282819867134094
          ],
          [
            0.5226790904998779,
            0.06419165432453156,
            -0.8501095175743103,
            -0.0230119526386261
          ],
          [
            -0.6987621188163757,
            -0.5390157699584961,
            -0.47032710909843445,
            1.41810142993927
          ],
          [
            0.0,
            0.0,
            0.0,
            1.0
          ]
        ]
      },
      "bone_length_armature_space": 0.2679700061975269,
      "parent": "spine_01",
      "has_children": true,
      "is_end_bone": false
    },
    "lowerarm_l": {
      "name": "lowerarm_l",
      "local": {
        "location": {
          "x": 0.0,
          "y": 0.0,
          "z": 0.0
        },
        "rotation_quaternion": {
          "w": 0.9582104682922363,
          "x": 0.25660422444343567,
          "y": -0.02468464896082878,
          "z": -0.12400716543197632
        },
        "scale": {
          "x": 1.0,
          "y": 1.0,
          "z": 1.0
        },
        "matrix_basis": [
          [
            0.968025803565979,
            0.22498156130313873,
            -0.11094770580530167,
            0.0
          ],
          [
            -0.2503182888031006,
            0.8375529646873474,
            -0.4856395721435547,
            0.0
          ],
          [
            -0.016335347667336464,
            0.4978838562965393,
            0.8670898675918579,
            0.0
          ],
          [
            0.0,
            0.0,
            0.0,
            1.0
          ]
        ],
        "rotation_mode": "QUATERNION"
      },
      "armature_space": {
        "head": {
          "x": 0.4278820753097534,
          "y": -0.06905465573072433,
          "z": 0.32380765676498413
        },
        "tail": {
          "x": 0.5515504479408264,
          "y": -0.18303918838500977,
          "z": 0.11576041579246521
        }
      },
      "world_space": {
        "head": {
          "x": 0.4278820753097534,
          "y": -0.005810655653476715,
          "z": 1.2736616134643555
        },
        "tail": {
          "x": 0.5515504479408264,
          "y": -0.11979518830776215,
          "z": 1.0656144618988037
        },
        "rotation_quaternion": {
          "w": 0.015080043114721775,
          "x": 0.4108666479587555,
          "y": 0.5354790687561035,
          "z": -0.737714946269989
        },
        "matrix": [
          [
            -0.661923885345459,
            0.4622693657875061,
            -0.5900540351867676,
            0.4278820753097534
          ],
          [
            0.4177691638469696,
            -0.426071435213089,
            -0.8024539351463318,
            -0.005810655653476715
          ],
          [
            -0.6223590970039368,
            -0.7776755094528198,
            0.08890476822853088,
            1.2736616134643555
          ],
          [
            0.0,
            0.0,
            0.0,
            1.0
          ]
        ]
      },
      "bone_length_armature_space": 0.2675256921393397,
      "parent": "upperarm_l",
      "has_children": true,
      "is_end_bone": false
    },
    "metacarpal_thumb_l": {
      "name": "metacarpal_thumb_l",
      "local": {
        "location": {
          "x": 0.0,
          "y": 0.0,
          "z": 0.0
        },
        "rotation_quaternion": {
          "w": 0.9994380474090576,
          "x": -0.032823748886585236,
          "y": -0.00416219187900424,
          "z": -0.0053744809702038765
        },
        "scale": {
          "x": 1.0,
          "y": 1.0,
          "z": 1.0
        },
        "matrix_basis": [
          [
            0.9999075531959534,
            0.011016159318387508,
            -0.007966884411871433,
            0.0
          ],
          [
            -0.01046968437731266,
            0.9977874159812927,
            0.06565534323453903,
            0.0
          ],
          [
            0.00867252703756094,
            -0.06556586921215057,
            0.9978105425834656,
            0.0
          ],
          [
            0.0,
            0.0,
            0.0,
            1.0
          ]
        ],
        "rotation_mode": "QUATERNION"
      },
      "armature_space": {
        "head": {
          "x": 0.5515504479408264,
          "y": -0.18303918838500977,
          "z": 0.11576041579246521
        },
        "tail": {
          "x": 0.5491123199462891,
          "y": -0.22068025171756744,
          "z": 0.0836542472243309
        }
      },
      "world_space": {
        "head": {
          "x": 0.5515504479408264,
          "y": -0.11979518830776215,
          "z": 1.0656144618988037
        },
        "tail": {
          "x": 0.5491123199462891,
          "y": -0.15743625164031982,
          "z": 1.03350830078125
        },
        "rotation_quaternion": {
          "w": 0.32743826508522034,
          "x": -0.8607466220855713,
          "y": -0.11327040195465088,
          "z": 0.37291985750198364
        },
        "matrix": [
          [
            0.6962016224861145,
            -0.04922105744481087,
            -0.7161567211151123,
            0.5515504479408264
          ],
          [
            0.439210444688797,
            -0.7599087357521057,
            0.47920021414756775,
            -0.11979518830776215
          ],
          [
            -0.5678041577339172,
            -0.6481686234474182,
            -0.507434606552124,
            1.0656144618988037
          ],
          [
            0.0,
            0.0,
            0.0,
            1.0
          ]
        ]
      },
      "bone_length_armature_space": 0.049533829268555034,
      "parent": "lowerarm_l",
      "has_children": true,
      "is_end_bone": false
    },
    "thumb_01_l": {
      "name": "thumb_01_l",
      "local": {
        "location": {
          "x": 0.0,
          "y": 0.0,
          "z": 0.0
        },
        "rotation_quaternion": {
          "w": 0.9994833469390869,
          "x": 0.030594415962696075,
          "y": -0.004411377478390932,
          "z": 0.008812228217720985
        },
        "scale": {
          "x": 1.0,
          "y": 1.0,
          "z": 1.0
        },
        "matrix_basis": [
          [
            0.999805748462677,
            -0.017885277047753334,
            -0.008278986439108849,
            0.0
          ],
          [
            0.017345422878861427,
            0.9979726672172546,
            -0.0612349659204483,
            0.0
          ],
          [
            0.009357406757771969,
            0.061079468578100204,
            0.9980890154838562,
            0.0
          ],
          [
            0.0,
            0.0,
            0.0,
            1.0
          ]
        ],
        "rotation_mode": "QUATERNION"
      },
      "armature_space": {
        "head": {
          "x": 0.5491123199462891,
          "y": -0.22068025171756744,
          "z": 0.0836542472243309
        },
        "tail": {
          "x": 0.5281426310539246,
          "y": -0.22605714201927185,
          "z": 0.05738648399710655
        }
      },
      "world_space": {
        "head": {
          "x": 0.5491123199462891,
          "y": -0.15743625164031982,
          "z": 1.03350830078125
        },
        "tail": {
          "x": 0.5281426310539246,
          "y": -0.16281314194202423,
          "z": 1.0072405338287354
        },
        "rotation_quaternion": {
          "w": 0.40579819679260254,
          "x": -0.742330014705658,
          "y": 0.5063050985336304,
          "z": -0.16711993515491486
        },
        "matrix": [
          [
            0.431449294090271,
            -0.6160570979118347,
            0.6590334177017212,
            0.5491123199462891
          ],
          [
            -0.8873263597488403,
            -0.15796461701393127,
            0.4332423508167267,
            -0.15743625164031982
          ],
          [
            -0.16279976069927216,
            -0.771705687046051,
            -0.6148014664649963,
            1.03350830078125
          ],
          [
            0.0,
            0.0,
            0.0,
            1.0
          ]
        ]
      },
      "bone_length_armature_space": 0.03403871561434729,
      "parent": "metacarpal_thumb_l",
      "has_children": true,
      "is_end_bone": false
    },
    "thumb_02_l": {
      "name": "thumb_02_l",
      "local": {
        "location": {
          "x": 0.0,
          "y": 0.0,
          "z": 0.0
        },
        "rotation_quaternion": {
          "w": 0.9905190467834473,
          "x": 0.13719341158866882,
          "y": -0.0045607793144881725,
          "z": 0.0054079750552773476
        },
        "scale": {
          "x": 1.0,
          "y": 1.0,
          "z": 1.0
        },
        "matrix_basis": [
          [
            0.9998999238014221,
            -0.011964822188019753,
            -0.007551200687885284,
            0.0
          ],
          [
            0.00946198683232069,
            0.9622974395751953,
            -0.27183470129966736,
            0.0
          ],
          [
            0.010518955066800117,
            0.2717360556125641,
            0.9623143076896667,
            0.0
          ],
          [
            0.0,
            0.0,
            0.0,
            1.0
          ]
        ],
        "rotation_mode": "QUATERNION"
      },
      "armature_space": {
        "head": {
          "x": 0.5281425714492798,
          "y": -0.22605712711811066,
          "z": 0.05738653242588043
        },
        "tail": {
          "x": 0.5525007843971252,
          "y": -0.23931089043617249,
          "z": 0.02833130769431591
        }
      },
      "world_space": {
        "head": {
          "x": 0.5281425714492798,
          "y": -0.16281312704086304,
          "z": 1.0072405338287354
        },
        "tail": {
          "x": 0.5525007843971252,
          "y": -0.17606689035892487,
          "z": 0.9781852960586548
        },
        "rotation_quaternion": {
          "w": 0.5458630323410034,
          "x": -0.4151613414287567,
          "y": 0.19245478510856628,
          "z": -0.7018802165985107
        },
        "matrix": [
          [
            -0.05934680998325348,
            0.6064629554748535,
            0.7928937673568726,
            0.5281425714492798
          ],
          [
            -0.9260605573654175,
            -0.32998785376548767,
            0.18308477103710175,
            -0.16281312704086304
          ],
          [
            0.37268146872520447,
            -0.7234073281288147,
            0.5812094807624817,
            1.0072405338287354
          ],
          [
            0.0,
            0.0,
            0.0,
            1.0
          ]
        ]
      },
      "bone_length_armature_space": 0.04016454752432055,
      "parent": "thumb_01_l",
      "has_children": true,
      "is_end_bone": false
    },
    "thumb_03_l": {
      "name": "thumb_03_l",
      "local": {
        "location": {
          "x": 0.0,
          "y": 0.0,
          "z": 0.0
        },
        "rotation_quaternion": {
          "w": 0.9941427111625671,
          "x": 0.10802963376045227,
          "y": -0.0014470898313447833,
          "z": 0.0028154694009572268
        },
        "scale": {
          "x": 1.0,
          "y": 1.0,
          "z": 1.0
        },
        "matrix_basis": [
          [
            0.9999799728393555,
            -0.005910614039748907,
            -0.0022689192555844784,
            0.0
          ],
          [
            0.0052852993831038475,
            0.9766433238983154,
            -0.21480189263820648,
            0.0
          ],
          [
            0.0034855359699577093,
            0.2147855907678604,
            0.9766550064086914,
            0.0
          ],
          [
            0.0,
            0.0,
            0.0,
            1.0
          ]
        ],
        "rotation_mode": "QUATERNION"
      },
      "armature_space": {
        "head": {
          "x": 0.5525007247924805,
          "y": -0.23931095004081726,
          "z": 0.028331324458122253
        },
        "tail": {
          "x": 0.5800790786743164,
          "y": -0.24337969720363617,
          "z": 0.016093172132968903
        }
      },
      "world_space": {
        "head": {
          "x": 0.5525007247924805,
          "y": -0.17606694996356964,
          "z": 0.9781853556632996
        },
        "tail": {
          "x": 0.5800790786743164,
          "y": -0.18013569712638855,
          "z": 0.9659472107887268
        },
        "rotation_quaternion": {
          "w": 0.6362442374229431,
          "x": -0.11908905953168869,
          "y": 0.1684393584728241,
          "z": -0.7433972358703613
        },
        "matrix": [
          [
            -0.1620212346315384,
            0.9058454036712646,
            0.3913988769054413,
            0.5525007247924805
          ],
          [
            -0.9860832095146179,
            -0.13364285230636597,
            -0.09889283031225204,
            -0.17606694996356964
          ],
          [
            -0.03727484866976738,
            -0.4019772708415985,
            0.9148983359336853,
            0.9781853556632996
          ],
          [
            0.0,
            0.0,
            0.0,
            1.0
          ]
        ]
      },
      "bone_length_armature_space": 0.030444912586662685,
      "parent": "thumb_02_l",
      "has_children": false,
      "is_end_bone": true
    },
    "metacarpal_index_l": {
      "name": "metacarpal_index_l",
      "local": {
        "location": {
          "x": 0.0,
          "y": 0.0,
          "z": 0.0
        },
        "rotation_quaternion": {
          "w": 0.999518632888794,
          "x": 0.030865103006362915,
          "y": -0.001687283394858241,
          "z": 0.002675441326573491
        },
        "scale": {
          "x": 1.0,
          "y": 1.0,
          "z": 1.0
        },
        "matrix_basis": [
          [
            0.9999799728393555,
            -0.005452463403344154,
            -0.003207786940038204,
            0.0
          ],
          [
            0.005244150757789612,
            0.9980803728103638,
            -0.06170951947569847,
            0.0
          ],
          [
            0.0035380979534238577,
            0.061691462993621826,
            0.9980890154838562,
            0.0
          ],
          [
            0.0,
            0.0,
            0.0,
            1.0
          ]
        ],
        "rotation_mode": "QUATERNION"
      },
      "armature_space": {
        "head": {
          "x": 0.5515504479408264,
          "y": -0.18303918838500977,
          "z": 0.11576041579246521
        },
        "tail": {
          "x": 0.5709573030471802,
          "y": -0.25712886452674866,
          "z": 0.02708442509174347
        }
      },
      "world_space": {
        "head": {
          "x": 0.5515504479408264,
          "y": -0.11979518830776215,
          "z": 1.0656144618988037
        },
        "tail": {
          "x": 0.5709573030471802,
          "y": -0.19388486444950104,
          "z": 0.9769384264945984
        },
        "rotation_quaternion": {
          "w": 0.2754252254962921,
          "x": -0.7149277925491333,
          "y": -0.32860690355300903,
          "z": 0.5523014068603516
        },
        "matrix": [
          [
            0.1739618331193924,
            0.16562767326831818,
            -0.9707237482070923,
            0.5515504479408264
          ],
          [
            0.7740960717201233,
            -0.6323168873786926,
            0.030836742371320724,
            -0.11979518830776215
          ],
          [
            -0.6087011694908142,
            -0.7568036317825317,
            -0.23821258544921875,
            1.0656144618988037
          ],
          [
            0.0,
            0.0,
            0.0,
            1.0
          ]
        ]
      },
      "bone_length_armature_space": 0.11717225462372827,
      "parent": "lowerarm_l",
      "has_children": true,
      "is_end_bone": false
    },
    "index_01_l": {
      "name": "index_01_l",
      "local": {
        "location": {
          "x": 0.0,
          "y": 0.0,
          "z": 0.0
        },
        "rotation_quaternion": {
          "w": 0.9965006113052368,
          "x": -0.0814414992928505,
          "y": -0.017957869917154312,
          "z": 0.005604194477200508
        },
        "scale": {
          "x": 1.0,
          "y": 1.0,
          "z": 1.0
        },
        "matrix_basis": [
          [
            0.9992921948432922,
            -0.008244134485721588,
            -0.03670288622379303,
            0.0
          ],
          [
            0.014094198122620583,
            0.9866717457771301,
            0.16211172938346863,
            0.0
          ],
          [
            0.0348772294819355,
            -0.16251428425312042,
            0.9860895872116089,
            0.0
          ],
          [
            0.0,
            0.0,
            0.0,
            1.0
          ]
        ],
        "rotation_mode": "QUATERNION"
      },
      "armature_space": {
        "head": {
          "x": 0.5709573030471802,
          "y": -0.25712886452674866,
          "z": 0.02708442509174347
        },
        "tail": {
          "x": 0.5849004983901978,
          "y": -0.2664980888366699,
          "z": 0.004043556749820709
        }
      },
      "world_space": {
        "head": {
          "x": 0.5709573030471802,
          "y": -0.19388486444950104,
          "z": 0.9769384264945984
        },
        "tail": {
          "x": 0.5849004983901978,
          "y": -0.2032540887594223,
          "z": 0.9538975954055786
        },
        "rotation_quaternion": {
          "w": 0.2601372301578522,
          "x": -0.6901219487190247,
          "y": -0.5177244544029236,
          "z": 0.4336147606372833
        },
        "matrix": [
          [
            0.08787718415260315,
            0.4889887273311615,
            -0.8678522109985352,
            0.5709573030471802
          ],
          [
            0.940185010433197,
            -0.3285788595676422,
            -0.08993538469076157,
            -0.19388486444950104
          ],
          [
            -0.32913681864738464,
            -0.8080441355705261,
            -0.4886181354522705,
            0.9769384264945984
          ],
          [
            0.0,
            0.0,
            0.0,
            1.0
          ]
        ]
      },
      "bone_length_armature_space": 0.028514499725795495,
      "parent": "metacarpal_index_l",
      "has_children": true,
      "is_end_bone": false
    },
    "index_02_l": {
      "name": "index_02_l",
      "local": {
        "location": {
          "x": 0.0,
          "y": 0.0,
          "z": 0.0
        },
        "rotation_quaternion": {
          "w": 0.9877375364303589,
          "x": 0.1560085564851761,
          "y": -0.004905472509562969,
          "z": 0.0034598633646965027
        },
        "scale": {
          "x": 1.0,
          "y": 1.0,
          "z": 1.0
        },
        "matrix_basis": [
          [
            0.9999279379844666,
            -0.008365465328097343,
            -0.008611101657152176,
            0.0
          ],
          [
            0.005304282531142235,
            0.951298713684082,
            -0.30822494626045227,
            0.0
          ],
          [
            0.010770175606012344,
            0.3081570565700531,
            0.9512745141983032,
            0.0
          ],
          [
            0.0,
            0.0,
            0.0,
            1.0
          ]
        ],
        "rotation_mode": "QUATERNION"
      },
      "armature_space": {
        "head": {
          "x": 0.5849003791809082,
          "y": -0.2664984464645386,
          "z": 0.004043171182274818
        },
        "tail": {
          "x": 0.5908704400062561,
          "y": -0.275206983089447,
          "z": -0.019336692988872528
        }
      },
      "world_space": {
        "head": {
          "x": 0.5849003791809082,
          "y": -0.20325444638729095,
          "z": 0.9538971781730652
        },
        "tail": {
          "x": 0.5908704400062561,
          "y": -0.2119629830121994,
          "z": 0.930517315864563
        },
        "rotation_quaternion": {
          "w": 0.33497345447540283,
          "x": -0.6267067193984985,
          "y": -0.46696603298187256,
          "z": 0.5262833833694458
        },
        "matrix": [
          [
            0.00993660930544138,
            0.23272129893302917,
            -0.9724926352500916,
            0.5849003791809082
          ],
          [
            0.9378837943077087,
            -0.3394702672958374,
            -0.07165367156267166,
            -0.20325444638729095
          ],
          [
            -0.34680938720703125,
            -0.9113795757293701,
            -0.22164058685302734,
            0.9538971781730652
          ],
          [
            0.0,
            0.0,
            0.0,
            1.0
          ]
        ]
      },
      "bone_length_armature_space": 0.02565342686545258,
      "parent": "index_01_l",
      "has_children": true,
      "is_end_bone": false
    },
    "index_03_l": {
      "name": "index_03_l",
      "local": {
        "location": {
          "x": 0.0,
          "y": 0.0,
          "z": 0.0
        },
        "rotation_quaternion": {
          "w": 0.9809336066246033,
          "x": 0.19420456886291504,
          "y": -0.003055429318919778,
          "z": -0.006675941403955221
        },
        "scale": {
          "x": 1.0,
          "y": 1.0,
          "z": 1.0
        },
        "matrix_basis": [
          [
            0.9998921751976013,
            0.011910554021596909,
            -0.008587343618273735,
            0.0
          ],
          [
            -0.01428406685590744,
            0.9244800209999084,
            -0.3809627890586853,
            0.0
          ],
          [
            0.0034013499971479177,
            0.3810443580150604,
            0.924550473690033,
            0.0
          ],
          [
            0.0,
            0.0,
            0.0,
            1.0
          ]
        ],
        "rotation_mode": "QUATERNION"
      },
      "armature_space": {
        "head": {
          "x": 0.5908705592155457,
          "y": -0.275206983089447,
          "z": -0.01933664083480835
        },
        "tail": {
          "x": 0.5838481187820435,
          "y": -0.2815742492675781,
          "z": -0.04697512835264206
        }
      },
      "world_space": {
        "head": {
          "x": 0.5908705592155457,
          "y": -0.2119629830121994,
          "z": 0.9305173754692078
        },
        "tail": {
          "x": 0.5838481187820435,
          "y": -0.2183302491903305,
          "z": 0.9028788805007935
        },
        "rotation_quaternion": {
          "w": 0.5148656368255615,
          "x": -0.513655960559845,
          "y": -0.3549003005027771,
          "z": 0.5874663591384888
        },
        "matrix": [
          [
            0.057858798652887344,
            -0.2403404861688614,
            -0.9689626097679138,
            0.5908705592155457
          ],
          [
            0.9695259928703308,
            -0.2179175317287445,
            0.11194438487291336,
            -0.2119629830121994
          ],
          [
            -0.2380596548318863,
            -0.9459182620048523,
            0.22040927410125732,
            0.9305173754692078
          ],
          [
            0.0,
            0.0,
            0.0,
            1.0
          ]
        ]
      },
      "bone_length_armature_space": 0.029218876031976565,
      "parent": "index_02_l",
      "has_children": false,
      "is_end_bone": true
    },
    "metacarpal_pinky_l": {
      "name": "metacarpal_pinky_l",
      "local": {
        "location": {
          "x": 0.0,
          "y": 0.0,
          "z": 0.0
        },
        "rotation_quaternion": {
          "w": 0.9995034337043762,
          "x": -0.025493156164884567,
          "y": 0.004851057659834623,
          "z": -0.0178747046738863
        },
        "scale": {
          "x": 1.0,
          "y": 1.0,
          "z": 1.0
        },
        "matrix_basis": [
          [
            0.9993139505386353,
            0.03548432141542435,
            0.010608662851154804,
            0.0
          ],
          [
            -0.03597899526357651,
            0.9980611801147461,
            0.05078757181763649,
            0.0
          ],
          [
            -0.008785932324826717,
            -0.051134414970874786,
            0.9986531138420105,
            0.0
          ],
          [
            0.0,
            0.0,
            0.0,
            1.0
          ]
        ],
        "rotation_mode": "QUATERNION"
      },
      "armature_space": {
        "head": {
          "x": 0.5515504479408264,
          "y": -0.18303918838500977,
          "z": 0.11576041579246521
        },
        "tail": {
          "x": 0.6106099486351013,
          "y": -0.19901184737682343,
          "z": 0.031497932970523834
        }
      },
      "world_space": {
        "head": {
          "x": 0.5515504479408264,
          "y": -0.11979518830776215,
          "z": 1.0656144618988037
        },
        "tail": {
          "x": 0.6106099486351013,
          "y": -0.1357678472995758,
          "z": 0.9813519716262817
        },
        "rotation_quaternion": {
          "w": 0.43215063214302063,
          "x": -0.08722299337387085,
          "y": 0.4863642752170563,
          "z": -0.7543790936470032
        },
        "matrix": [
          [
            -0.6112738847732544,
            0.5671666264533997,
            0.5519658327102661,
            0.5515504479408264
          ],
          [
            -0.7368573546409607,
            -0.15339036285877228,
            -0.6584169864654541,
            -0.11979518830776215
          ],
          [
            -0.2887686491012573,
            -0.809198796749115,
            0.5116873979568481,
            1.0656144618988037
          ],
          [
            0.0,
            0.0,
            0.0,
            1.0
          ]
        ]
      },
      "bone_length_armature_space": 0.1041312458151811,
      "parent": "lowerarm_l",
      "has_children": true,
      "is_end_bone": false
    },
    "pinky_01_l": {
      "name": "pinky_01_l",
      "local": {
        "location": {
          "x": 0.0,
          "y": 0.0,
          "z": 0.0
        },
        "rotation_quaternion": {
          "w": 0.999272346496582,
          "x": 0.03094903752207756,
          "y": 0.02095680497586727,
          "z": -0.007609626278281212
        },
        "scale": {
          "x": 1.0,
          "y": 1.0,
          "z": 1.0
        },
        "matrix_basis": [
          [
            0.9990057945251465,
            0.016505364328622818,
            0.04141208902001381,
            0.0
          ],
          [
            -0.013910992071032524,
            0.9979684948921204,
            -0.06217198073863983,
            0.0
          ],
          [
            -0.04235413298010826,
            0.0615340881049633,
            0.997205913066864,
            0.0
          ],
          [
            0.0,
            0.0,
            0.0,
            1.0
          ]
        ],
        "rotation_mode": "QUATERNION"
      },
      "armature_space": {
        "head": {
          "x": 0.6106099486351013,
          "y": -0.19901184737682343,
