{
  "metadata": {
    "armature_name": "KIM_caucasian_male",
    "export_time": "2026-01-13T20:26:12.734468",
    "blender_version": "4.4.1",
    "bone_count": 56,
    "end_bone_count": 13,
    "spaces_included": [
      "LOCAL_CHANNELS",
      "ARMATURE_SPACE",
      "WORLD_SPACE"
    ],
    "note": "LOCAL matches Transform panel; replay pose via local.matrix_basis for best fidelity."
  },
  "bones": {
    "Root": {
      "name": "Root",
      "local": {
        "location": {
          "x": 0.0,
          "y": 0.0,
          "z": 0.0
        },
        "rotation_quaternion": {
          "w": 0.9997268915176392,
          "x": 0.010976442135870457,
          "y": 0.01248657051473856,
          "z": -0.016429003328084946
        },
        "scale": {
          "x": 1.0,
          "y": 1.0,
          "z": 1.0
        },
        "matrix_basis": [
          [
            0.9991483688354492,
            0.03312315046787262,
            0.024605656042695045,
            0.0
          ],
          [
            -0.03257491812109947,
            0.9992192387580872,
            -0.022357173264026642,
            0.0
          ],
          [
            -0.025326984003186226,
            0.021536605432629585,
            0.999447226524353,
            0.0
          ],
          [
            0.0,
            0.0,
            0.0,
            1.0
          ]
        ],
        "rotation_mode": "QUATERNION"
      },
      "armature_space": {
        "head": {
          "x": 0.0,
          "y": 0.07072800397872925,
          "z": -0.009595036506652832
        },
        "tail": {
          "x": 0.002364193554967642,
          "y": -0.00015142560005187988,
          "z": -0.0015307441353797913
        }
      },
      "world_space": {
        "head": {
          "x": 0.0,
          "y": 0.13397200405597687,
          "z": 0.9402589797973633
        },
        "tail": {
          "x": 0.002364193554967642,
          "y": 0.06309257447719574,
          "z": 0.9483232498168945
        },
        "rotation_quaternion": {
          "w": 0.05639774724841118,
          "x": 0.9981951117515564,
          "y": 0.017232878133654594,
          "z": 0.011351418681442738
        },
        "matrix": [
          [
            0.9991483688354492,
            0.03312315046787262,
            0.024605656042695045,
            0.0
          ],
          [
            0.03568394109606743,
            -0.9930446743965149,
            -0.11220113933086395,
            0.13397200405597687
          ],
          [
            0.02071823738515377,
            0.11298345774412155,
            -0.9933878779411316,
            0.9402589797973633
          ],
          [
            0.0,
            0.0,
            0.0,
            1.0
          ]
        ]
      },
      "bone_length_armature_space": 0.07137587589937497,
      "parent": null,
      "has_children": true,
      "is_end_bone": false
    },
    "spine_01": {
      "name": "spine_01",
      "local": {
        "location": {
          "x": 0.0,
          "y": 0.0,
          "z": 0.0
        },
        "rotation_quaternion": {
          "w": 0.9940820932388306,
          "x": 0.09431660175323486,
          "y": 0.017327791079878807,
          "z": 0.0510394349694252
        },
        "scale": {
          "x": 1.0,
          "y": 1.0,
          "z": 1.0
        },
        "matrix_basis": [
          [
            0.994189441204071,
            -0.09820617735385895,
            0.04407822713255882,
            0.0
          ],
          [
            0.10474337637424469,
            0.9769986867904663,
            -0.18574808537960052,
            0.0
          ],
          [
            -0.024822762235999107,
            0.18928569555282593,
            0.9816082715988159,
            0.0
          ],
          [
            0.0,
            0.0,
            0.0,
            1.0
          ]
        ],
        "rotation_mode": "QUATERNION"
      },
      "armature_space": {
        "head": {
          "x": 0.002364193554967642,
          "y": -0.00015142560005187988,
          "z": -0.0015307441353797913
        },
        "tail": {
          "x": -0.052568692713975906,
          "y": -0.08250917494297028,
          "z": 0.4763268828392029
        }
      },
      "world_space": {
        "head": {
          "x": 0.002364193554967642,
          "y": 0.06309257447719574,
          "z": 0.9483232498168945
        },
        "tail": {
          "x": -0.052568692713975906,
          "y": -0.019265174865722656,
          "z": 1.4261808395385742
        },
        "rotation_quaternion": {
          "w": 0.6444768905639648,
          "x": 0.7614154815673828,
          "y": -0.01632929965853691,
          "z": 0.0680399164557457
        },
        "matrix": [
          [
            0.9902079105377197,
            -0.11256710439920425,
            0.0825648158788681,
            0.002364193554967642
          ],
          [
            0.06283284723758698,
            -0.16876545548439026,
            -0.9836515784263611,
            0.06309257447719574
          ],
          [
            0.12466181069612503,
            0.9792139530181885,
            -0.1600419580936432,
            0.9483232498168945
          ],
          [
            0.0,
            0.0,
            0.0,
            1.0
          ]
        ]
      },
      "bone_length_armature_space": 0.48800442454019227,
      "parent": "Root",
      "has_children": true,
      "is_end_bone": false
    },
    "neck_01": {
      "name": "neck_01",
      "local": {
        "location": {
          "x": 0.0,
          "y": 0.0,
          "z": 0.0
        },
        "rotation_quaternion": {
          "w": 0.9906107187271118,
          "x": 0.07084648311138153,
          "y": 0.042519427835941315,
          "z": 0.10891897231340408
        },
        "scale": {
          "x": 1.0,
          "y": 1.0,
          "z": 1.0
        },
        "matrix_basis": [
          [
            0.9726575016975403,
            -0.2097678929567337,
            0.09967345744371414,
            0.0
          ],
          [
            0.22181729972362518,
            0.9662348628044128,
            -0.13110022246837616,
            0.0
          ],
          [
            -0.06880734860897064,
            0.14962491393089294,
            0.9863457679748535,
            0.0
          ],
          [
            0.0,
            0.0,
            0.0,
            1.0
          ]
        ],
        "rotation_mode": "QUATERNION"
      },
      "armature_space": {
        "head": {
          "x": -0.057947296649217606,
          "y": -0.1289793998003006,
          "z": 0.5424730777740479
        },
        "tail": {
          "x": -0.08465345203876495,
          "y": -0.1957569122314453,
          "z": 0.6155363321304321
        }
      },
      "world_space": {
        "head": {
          "x": -0.057947296649217606,
          "y": -0.06573539972305298,
          "z": 1.492327094078064
        },
        "tail": {
          "x": -0.08465345203876495,
          "y": -0.1325129121541977,
          "z": 1.5653903484344482
        },
        "rotation_quaternion": {
          "w": 0.4111456573009491,
          "x": 0.8947160840034485,
          "y": -0.07268442213535309,
          "z": 0.15861739218235016
        },
        "matrix": [
          [
            0.9391151666641235,
            -0.26049360632896423,
            0.22406640648841858,
            -0.057947296649217606
          ],
          [
            0.00036514922976493835,
            -0.6513524055480957,
            -0.758775532245636,
            -0.06573539972305298
          ],
          [
            0.3436046838760376,
            0.7126635909080505,
            -0.6116047501564026,
            1.492327094078064
          ],
          [
            0.0,
            0.0,
            0.0,
            1.0
          ]
        ]
      },
      "bone_length_armature_space": 0.10252167605409256,
      "parent": "spine_01",
      "has_children": true,
      "is_end_bone": false
    },
    "head": {
      "name": "head",
      "local": {
        "location": {
          "x": 0.0,
          "y": 0.0,
          "z": 0.0
        },
        "rotation_quaternion": {
          "w": 0.9938085079193115,
          "x": -0.09633737057447433,
          "y": 0.019313383847475052,
          "z": -0.05187268927693367
        },
        "scale": {
          "x": 1.0,
          "y": 1.0,
          "z": 1.0
        },
        "matrix_basis": [
          [
            0.9938724637031555,
            0.09938184171915054,
            0.048382166773080826,
            0.0
          ],
          [
            -0.10682424157857895,
            0.976056694984436,
            0.18947812914848328,
            0.0
          ],
          [
            -0.028393052518367767,
            -0.19348546862602234,
            0.9806922078132629,
            0.0
          ],
          [
            0.0,
            0.0,
            0.0,
            1.0
          ]
        ],
        "rotation_mode": "QUATERNION"
      },
      "armature_space": {
        "head": {
          "x": -0.08465339243412018,
          "y": -0.19575698673725128,
          "z": 0.6155361533164978
        },
        "tail": {
          "x": -0.12265192717313766,
          "y": -0.2179127186536789,
          "z": 0.7642590999603271
        }
      },
      "world_space": {
        "head": {
          "x": -0.08465339243412018,
          "y": -0.13251298666000366,
          "z": 1.5653901100158691
        },
        "tail": {
          "x": -0.12265192717313766,
          "y": -0.15466871857643127,
          "z": 1.7141131162643433
        },
        "rotation_quaternion": {
          "w": 0.6517075300216675,
          "x": 0.7468385100364685,
          "y": -0.0620388463139534,
          "z": 0.11688007414340973
        },
        "matrix": [
          [
            0.9649806618690491,
            -0.24500924348831177,
            0.09371717274188995,
            -0.08465339243412018
          ],
          [
            0.05967569723725319,
            -0.14285705983638763,
            -0.9879428744316101,
            -0.13251298666000366
          ],
          [
            0.25544512271881104,
            0.9589448571205139,
            -0.12323491275310516,
            1.5653901100158691
          ],
          [
            0.0,
            0.0,
            0.0,
            1.0
          ]
        ]
      },
      "bone_length_armature_space": 0.15509119731657192,
      "parent": "neck_01",
      "has_children": false,
      "is_end_bone": true
    },
    "upperarm_l": {
      "name": "upperarm_l",
      "local": {
        "location": {
          "x": 0.0,
          "y": 0.0,
          "z": 0.0
        },
        "rotation_quaternion": {
          "w": 0.9320792555809021,
          "x": 0.3079063296318054,
          "y": 0.11164755374193192,
          "z": -0.1547795832157135
        },
        "scale": {
          "x": 1.0,
          "y": 1.0,
          "z": 1.0
        },
        "matrix_basis": [
          [
            0.9271562099456787,
            0.3572876453399658,
            0.11281351000070572,
            0.0
          ],
          [
            -0.21977970004081726,
            0.7624739408493042,
            -0.6085477471351624,
            0.0
          ],
          [
            -0.303443968296051,
            0.5394246578216553,
            0.7854570150375366,
            0.0
          ],
          [
            0.0,
            0.0,
            0.0,
            1.0
          ]
        ],
        "rotation_mode": "QUATERNION"
      },
      "armature_space": {
        "head": {
          "x": 0.09841258823871613,
          "y": -0.11134912073612213,
          "z": 0.4948512017726898
        },
        "tail": {
          "x": 0.3266363739967346,
          "y": -0.21271628141403198,
          "z": 0.3976587951183319
        }
      },
      "world_space": {
        "head": {
          "x": 0.09841258823871613,
          "y": -0.04810512065887451,
          "z": 1.4447052478790283
        },
        "tail": {
          "x": 0.3266363739967346,
          "y": -0.14947228133678436,
          "z": 1.3475128412246704
        },
        "rotation_quaternion": {
          "w": 0.18082526326179504,
          "x": 0.6169970631599426,
          "y": 0.5274096727371216,
          "z": -0.5553880333900452
        },
        "matrix": [
          [
            -0.17323577404022217,
            0.8516784906387329,
            -0.4946039915084839,
            0.09841258823871613
          ],
          [
            0.4499630331993103,
            -0.37827882170677185,
            -0.8089738488197327,
            -0.04810512065887451
          ],
          [
            -0.8760893940925598,
            -0.36269959807395935,
            -0.3176953196525574,
            1.4447052478790283
          ],
          [
            0.0,
            0.0,
            0.0,
            1.0
          ]
        ]
      },
      "bone_length_armature_space": 0.2679697029080144,
      "parent": "spine_01",
      "has_children": true,
      "is_end_bone": false
    },
    "lowerarm_l": {
      "name": "lowerarm_l",
      "local": {
        "location": {
          "x": 0.0,
          "y": 0.0,
          "z": 0.0
        },
        "rotation_quaternion": {
          "w": 0.8757930994033813,
          "x": 0.3480185568332672,
          "y": 0.22505731880664825,
          "z": -0.2474246323108673
        },
        "scale": {
          "x": 1.0,
          "y": 1.0,
          "z": 1.0
        },
        "matrix_basis": [
          [
            0.776260495185852,
            0.5900338292121887,
            0.22199057042598724,
            0.0
          ],
          [
            -0.2767373323440552,
            0.6353282928466797,
            -0.7209539413452148,
            0.0
          ],
          [
            -0.5664240121841431,
            0.49821504950523376,
            0.6564645767211914,
            0.0
          ],
          [
            0.0,
            0.0,
            0.0,
            1.0
          ]
        ],
        "rotation_mode": "QUATERNION"
      },
      "armature_space": {
        "head": {
          "x": 0.3266364634037018,
          "y": -0.21271640062332153,
          "z": 0.3976588249206543
        },
        "tail": {
          "x": 0.3556874692440033,
          "y": -0.3570363521575928,
          "z": 0.17428041994571686
        }
      },
      "world_space": {
        "head": {
          "x": 0.3266364634037018,
          "y": -0.1494724005460739,
          "z": 1.3475128412246704
        },
        "tail": {
          "x": 0.3556874692440033,
          "y": -0.29379236698150635,
          "z": 1.1241344213485718
        },
        "rotation_quaternion": {
          "w": 0.2941271960735321,
          "x": -0.6226692795753479,
          "y": -0.37915289402008057,
          "z": 0.6180738210678101
        },
        "matrix": [
          [
            -0.05154329538345337,
            0.1085919737815857,
            -0.9927492141723633,
            0.3266364634037018
          ],
          [
            0.8357585668563843,
            -0.5394644141197205,
            -0.10240188241004944,
            -0.1494724005460739
          ],
          [
            -0.5466757416725159,
            -0.8349830508232117,
            -0.06295152753591537,
            1.3475128412246704
          ],
          [
            0.0,
            0.0,
            0.0,
            1.0
          ]
        ]
      },
      "bone_length_armature_space": 0.26752592919028595,
      "parent": "upperarm_l",
      "has_children": true,
      "is_end_bone": false
    },
    "metacarpal_thumb_l": {
      "name": "metacarpal_thumb_l",
      "local": {
        "location": {
          "x": 0.0,
          "y": 0.0,
          "z": 0.0
        },
        "rotation_quaternion": {
          "w": 0.9993816018104553,
          "x": -0.029148772358894348,
          "y": -0.012821484357118607,
          "z": -0.014918199740350246
        },
        "scale": {
          "x": 1.0,
          "y": 1.0,
          "z": 1.0
        },
        "matrix_basis": [
          [
            0.9992260932922363,
            0.030565408989787102,
            -0.024757416918873787,
            0.0
          ],
          [
            -0.02907048724591732,
            0.9978556036949158,
            0.058644041419029236,
            0.0
          ],
          [
            0.026496805250644684,
            -0.057878945022821426,
            0.9979718923568726,
            0.0
          ],
          [
            0.0,
            0.0,
            0.0,
            1.0
          ]
        ],
        "rotation_mode": "QUATERNION"
      },
      "armature_space": {
        "head": {
          "x": 0.3556874692440033,
          "y": -0.3570363521575928,
          "z": 0.17428041994571686
        },
        "tail": {
          "x": 0.3319598436355591,
          "y": -0.3764100670814514,
          "z": 0.13535399734973907
        }
      },
      "world_space": {
        "head": {
          "x": 0.3556874692440033,
          "y": -0.29379236698150635,
          "z": 1.1241344213485718
        },
        "tail": {
          "x": 0.3319598436355591,
          "y": -0.313166081905365,
          "z": 1.0852080583572388
        },
        "rotation_quaternion": {
          "w": 0.5181742310523987,
          "x": -0.8179195523262024,
          "y": 0.18956470489501953,
          "z": 0.1629977524280548
        },
        "matrix": [
          [
            0.8749938011169434,
            -0.4790201187133789,
            -0.07018120586872101,
            0.3556874692440033
          ],
          [
            -0.14117714762687683,
            -0.39112186431884766,
            0.9094464778900146,
            -0.29379236698150635
          ],
          [
            -0.4630958139896393,
            -0.7858577966690063,
            -0.40985777974128723,
            1.1241344213485718
          ],
          [
            0.0,
            0.0,
            0.0,
            1.0
          ]
        ]
      },
      "bone_length_armature_space": 0.04953390172133169,
      "parent": "lowerarm_l",
      "has_children": true,
      "is_end_bone": false
    },
    "thumb_01_l": {
      "name": "thumb_01_l",
      "local": {
        "location": {
          "x": 0.0,
          "y": 0.0,
          "z": 0.0
        },
        "rotation_quaternion": {
          "w": 0.9994384050369263,
          "x": -0.032783281058073044,
          "y": 0.0067859855480492115,
          "z": -0.001487184315919876
        },
        "scale": {
          "x": 1.0,
          "y": 1.0,
          "z": 1.0
        },
        "matrix_basis": [
          [
            0.9999035000801086,
            0.002527764532715082,
            0.01366185862571001,
            0.0
          ],
          [
            -0.0034176320768892765,
            0.9978460669517517,
            0.06550955772399902,
            0.0
          ],
          [
            -0.01346683967858553,
            -0.06554992496967316,
            0.9977583885192871,
            0.0
          ],
          [
            0.0,
            0.0,
            0.0,
            1.0
          ]
        ],
        "rotation_mode": "QUATERNION"
      },
      "armature_space": {
        "head": {
          "x": 0.3319598436355591,
          "y": -0.3764100670814514,
          "z": 0.13535399734973907
        },
        "tail": {
          "x": 0.3139926791191101,
          "y": -0.36156919598579407,
          "z": 0.11054348200559616
        }
      },
      "world_space": {
        "head": {
          "x": 0.3319598436355591,
          "y": -0.313166081905365,
          "z": 1.0852080583572388
        },
        "tail": {
          "x": 0.3139926791191101,
          "y": -0.29832518100738525,
          "z": 1.0603975057601929
        },
        "rotation_quaternion": {
          "w": 0.3526996374130249,
          "x": -0.46222883462905884,
          "y": 0.7704572081565857,
          "z": -0.2614253759384155
        },
        "matrix": [
          [
            -0.3238935172557831,
            -0.5278473496437073,
            0.7851561307907104,
            0.3319598436355591
          ],
          [
            -0.8966650366783142,
            0.43600159883499146,
            -0.0767766684293747,
            -0.313166081905365
          ],
          [
            -0.30180591344833374,
            -0.7288939952850342,
            -0.6145246028900146,
            1.0852080583572388
          ],
          [
            0.0,
            0.0,
            0.0,
            1.0
          ]
        ]
      },
      "bone_length_armature_space": 0.03403868563514607,
      "parent": "metacarpal_thumb_l",
      "has_children": true,
      "is_end_bone": false
    },
    "thumb_02_l": {
      "name": "thumb_02_l",
      "local": {
        "location": {
          "x": 0.0,
          "y": 0.0,
          "z": 0.0
        },
        "rotation_quaternion": {
          "w": 0.9980408549308777,
          "x": 0.062478601932525635,
          "y": 0.002427171915769577,
          "z": -0.002259660977870226
        },
        "scale": {
          "x": 1.0,
          "y": 1.0,
          "z": 1.0
        },
        "matrix_basis": [
          [
            0.9999780058860779,
            0.00481376051902771,
            0.0045624724589288235,
            0.0
          ],
          [
            -0.004207175225019455,
            0.9921826124191284,
            -0.12472336739301682,
            0.0
          ],
          [
            -0.005127194337546825,
            0.12470142543315887,
            0.9921810626983643,
            0.0
          ],
          [
            0.0,
            0.0,
            0.0,
            1.0
          ]
        ],
        "rotation_mode": "QUATERNION"
      },
      "armature_space": {
        "head": {
          "x": 0.3139926493167877,
          "y": -0.3615691661834717,
          "z": 0.11054353415966034
        },
        "tail": {
          "x": 0.3177565932273865,
          "y": -0.38084569573402405,
          "z": 0.07550862431526184
        }
      },
      "world_space": {
        "head": {
          "x": 0.3139926493167877,
          "y": -0.29832518100738525,
          "z": 1.0603975057601929
        },
        "tail": {
          "x": 0.3177565932273865,
          "y": -0.31760168075561523,
          "z": 1.0253626108169556
        },
        "rotation_quaternion": {
          "w": 0.2267148196697235,
          "x": -0.29795604944229126,
          "y": 0.4567605257034302,
          "z": -0.8069648742675781
        },
        "matrix": [
          [
            -0.7196452617645264,
            0.09371354430913925,
            0.6879887580871582,
            0.3139926493167877
          ],
          [
            -0.6380910873413086,
            -0.4799409806728363,
            -0.6020769476890564,
            -0.29832518100738525
          ],
          [
            0.2737724781036377,
            -0.8722876310348511,
            0.40518712997436523,
            1.0603975057601929
          ],
          [
            0.0,
            0.0,
            0.0,
            1.0
          ]
        ]
      },
      "bone_length_armature_space": 0.04016462009896822,
      "parent": "thumb_01_l",
      "has_children": true,
      "is_end_bone": false
    },
    "thumb_03_l": {
      "name": "thumb_03_l",
      "local": {
        "location": {
          "x": 0.0,
          "y": 0.0,
          "z": 0.0
        },
        "rotation_quaternion": {
          "w": 0.994703471660614,
          "x": 0.1024315133690834,
          "y": -0.00803167000412941,
          "z": -0.0028938231989741325
        },
        "scale": {
          "x": 1.0,
          "y": 1.0,
          "z": 1.0
        },
        "matrix_basis": [
          [
            0.9998542070388794,
            0.004111599642783403,
            -0.01657109707593918,
            0.0
          ],
          [
            -0.00740238418802619,
            0.9789988398551941,
            -0.2037314772605896,
            0.0
          ],
          [
            0.015385422855615616,
            0.20382444560527802,
            0.9788865447044373,
            0.0
          ],
          [
            0.0,
            0.0,
            0.0,
            1.0
          ]
        ],
        "rotation_mode": "QUATERNION"
      },
      "armature_space": {
        "head": {
          "x": 0.3177565336227417,
          "y": -0.38084569573402405,
          "z": 0.07550865411758423
        },
        "tail": {
          "x": 0.33132269978523254,
          "y": -0.4006063938140869,
          "z": 0.05673710256814957
        }
      },
      "world_space": {
        "head": {
          "x": 0.3177565336227417,
          "y": -0.31760168075561523,
          "z": 1.0253627300262451
        },
        "tail": {
          "x": 0.33132269978523254,
          "y": -0.3373624086380005,
          "z": 1.0065910816192627
        },
        "rotation_quaternion": {
          "w": 0.26190727949142456,
          "x": -0.04505828395485878,
          "y": 0.32691341638565063,
          "z": -0.906919002532959
        },
        "matrix": [
          [
            -0.8587482571601868,
            0.44559726119041443,
            0.2529715299606323,
            0.3177565336227417
          ],
          [
            -0.5045186281204224,
            -0.6490644812583923,
            -0.5693649649620056,
            -0.31760168075561523
          ],
          [
            -0.08951374888420105,
            -0.6165748834609985,
            0.7821998596191406,
            1.0253627300262451
          ],
          [
            0.0,
            0.0,
            0.0,
            1.0
          ]
        ]
      },
      "bone_length_armature_space": 0.030444986314258377,
      "parent": "thumb_02_l",
      "has_children": false,
      "is_end_bone": true
    },
    "metacarpal_index_l": {
      "name": "metacarpal_index_l",
      "local": {
        "location": {
          "x": 0.0,
          "y": 0.0,
          "z": 0.0
        },
        "rotation_quaternion": {
          "w": 0.9999113082885742,
          "x": -0.011626956053078175,
          "y": 0.006359243765473366,
          "z": -0.0013402916956692934
        },
        "scale": {
          "x": 1.0,
          "y": 1.0,
          "z": 1.0
        },
        "matrix_basis": [
          [
            0.9999155402183533,
            0.0025324684102088213,
            0.01274852640926838,
            0.0
          ],
          [
            -0.002828222932294011,
            0.9997260570526123,
            0.02323480322957039,
            0.0
          ],
          [
            -0.01268619205802679,
            -0.023268897086381912,
            0.9996487498283386,
            0.0
          ],
          [
            0.0,
            0.0,
            0.0,
            1.0
          ]
        ],
        "rotation_mode": "QUATERNION"
      },
      "armature_space": {
        "head": {
          "x": 0.3556874692440033,
          "y": -0.3570363521575928,
          "z": 0.17428041994571686
        },
        "tail": {
          "x": 0.3338737189769745,
          "y": -0.41772788763046265,
          "z": 0.07645373791456223
        }
      },
      "world_space": {
        "head": {
          "x": 0.3556874692440033,
          "y": -0.29379236698150635,
          "z": 1.1241344213485718
        },
        "tail": {
          "x": 0.3338737189769745,
          "y": -0.3544839024543762,
          "z": 1.0263077020645142
        },
        "rotation_quaternion": {
          "w": 0.48454564809799194,
          "x": -0.8087644577026367,
          "y": -0.07893495261669159,
          "z": 0.32385945320129395
        },
        "matrix": [
          [
            0.7777694463729858,
            -0.18616916239261627,
            -0.6003463268280029,
            0.3556874692440033
          ],
          [
            0.44152796268463135,
            -0.517970860004425,
            0.7326388955116272,
            -0.29379236698150635
          ],
          [
            -0.4473591446876526,
            -0.8349000215530396,
            -0.32066452503204346,
            1.1241344213485718
          ],
          [
            0.0,
            0.0,
            0.0,
            1.0
          ]
        ]
      },
      "bone_length_armature_space": 0.11717235844861223,
      "parent": "lowerarm_l",
      "has_children": true,
      "is_end_bone": false
    },
    "index_01_l": {
      "name": "index_01_l",
      "local": {
        "location": {
          "x": 0.0,
          "y": 0.0,
          "z": 0.0
        },
        "rotation_quaternion": {
          "w": 0.9956185817718506,
          "x": -0.09323233366012573,
          "y": 0.0032517421059310436,
          "z": 0.006395988166332245
        },
        "scale": {
          "x": 1.0,
          "y": 1.0,
          "z": 1.0
        },
        "matrix_basis": [
          [
            0.9998970627784729,
            -0.013342264108359814,
            0.0052823638543486595,
            0.0
          ],
          [
            0.012129594571888447,
            0.9825336337089539,
            0.1856892853975296,
            0.0
          ],
          [
            -0.007667615544050932,
            -0.18560609221458435,
            0.9825943112373352,
            0.0
          ],
          [
            0.0,
            0.0,
            0.0,
            1.0
          ]
        ],
        "rotation_mode": "QUATERNION"
      },
      "armature_space": {
        "head": {
          "x": 0.3338737189769745,
          "y": -0.41772788763046265,
          "z": 0.07645373791456223
        },
        "tail": {
          "x": 0.34149330854415894,
          "y": -0.4335584044456482,
          "z": 0.05399458110332489
        }
      },
      "world_space": {
        "head": {
          "x": 0.3338737189769745,
          "y": -0.3544839024543762,
          "z": 1.0263077020645142
        },
        "tail": {
          "x": 0.34149330854415894,
          "y": -0.37031441926956177,
          "z": 1.0038485527038574
        },
        "rotation_quaternion": {
          "w": 0.4030255079269409,
          "x": -0.8607533574104309,
          "y": -0.24491296708583832,
          "z": 0.19155137240886688
        },
        "matrix": [
          [
            0.8066510558128357,
            0.26721957325935364,
            -0.5271697044372559,
            0.3338737189769745
          ],
          [
            0.5760201811790466,
            -0.5551766157150269,
            0.5999834537506104,
            -0.3544839024543762
          ],
          [
            -0.13234522938728333,
            -0.787643551826477,
            -0.6017611622810364,
            1.0263077020645142
          ],
          [
            0.0,
            0.0,
            0.0,
            1.0
          ]
        ]
      },
      "bone_length_armature_space": 0.028514507444594356,
      "parent": "metacarpal_index_l",
      "has_children": true,
      "is_end_bone": false
    },
    "index_02_l": {
      "name": "index_02_l",
      "local": {
        "location": {
          "x": 0.0,
          "y": 0.0,
          "z": 0.0
        },
        "rotation_quaternion": {
          "w": 0.9999300241470337,
          "x": 0.0078038414940238,
          "y": 0.0043244995176792145,
          "z": 0.007768582087010145
        },
        "scale": {
          "x": 1.0,
          "y": 1.0,
          "z": 1.0
        },
        "matrix_basis": [
          [
            0.9998418688774109,
            -0.015468581579625607,
            0.008769643492996693,
            0.0
          ],
          [
            0.015603572130203247,
            0.9997574687004089,
            -0.015539400279521942,
            0.0
          ],
          [
            -0.008527143858373165,
            0.01567378081381321,
            0.9998407959938049,
            0.0
          ],
          [
            0.0,
            0.0,
            0.0,
            1.0
          ]
        ],
        "rotation_mode": "QUATERNION"
      },
      "armature_space": {
        "head": {
          "x": 0.34149304032325745,
          "y": -0.4335585832595825,
          "z": 0.05399411544203758
        },
        "tail": {
          "x": 0.34891873598098755,
          "y": -0.4478868544101715,
          "z": 0.03405280038714409
        }
      },
      "world_space": {
        "head": {
          "x": 0.34149304032325745,
          "y": -0.3703145980834961,
          "z": 1.0038480758666992
        },
        "tail": {
          "x": 0.34891873598098755,
          "y": -0.3846428394317627,
          "z": 0.9839068055152893
        },
        "rotation_quaternion": {
          "w": 0.38847073912620544,
          "x": -0.8572819232940674,
          "y": -0.2642401456832886,
          "z": 0.21055997908115387
        },
        "matrix": [
          [
            0.7716827988624573,
            0.2894643247127533,
            -0.5663180351257324,
            0.34149304032325745
          ],
          [
            0.6166501045227051,
            -0.558535635471344,
            0.554780125617981,
            -0.3703145980834961
          ],
          [
            -0.15572015941143036,
            -0.7773401737213135,
            -0.6095142364501953,
            1.0038480758666992
          ],
          [
            0.0,
            0.0,
            0.0,
            1.0
          ]
        ]
      },
      "bone_length_armature_space": 0.02565338893055774,
      "parent": "index_01_l",
      "has_children": true,
      "is_end_bone": false
    },
    "index_03_l": {
      "name": "index_03_l",
      "local": {
        "location": {
          "x": 0.0,
          "y": 0.0,
          "z": 0.0
        },
        "rotation_quaternion": {
          "w": 0.9992378950119019,
          "x": 0.038207750767469406,
          "y": -0.005571948830038309,
          "z": 0.005720870569348335
        },
        "scale": {
          "x": 1.0,
          "y": 1.0,
          "z": 1.0
        },
        "matrix_basis": [
          [
            0.9998724460601807,
            -0.011858804151415825,
            -0.01069824118167162,
            0.0
          ],
          [
            0.011007238179445267,
            0.9970148801803589,
            -0.07642101496458054,
            0.0
          ],
          [
            0.011572567746043205,
            0.07629351317882538,
            0.9970182180404663,
            0.0
          ],
          [
            0.0,
            0.0,
            0.0,
            1.0
          ]
        ],
        "rotation_mode": "QUATERNION"
      },
      "armature_space": {
        "head": {
          "x": 0.3489188253879547,
          "y": -0.44788694381713867,
          "z": 0.03405290096998215
        },
        "tail": {
          "x": 0.3563993573188782,
          "y": -0.45975038409233093,
          "z": 0.008420068770647049
        }
      },
      "world_space": {
        "head": {
          "x": 0.3489188253879547,
          "y": -0.38464295864105225,
          "z": 0.9839069247245789
        },
        "tail": {
          "x": 0.3563993573188782,
          "y": -0.3965063691139221,
          "z": 0.9582740664482117
        },
        "rotation_quaternion": {
          "w": 0.4742315113544464,
          "x": -0.8161413669586182,
          "y": -0.26850247383117676,
          "z": 0.19215692579746246
        },
        "matrix": [
          [
            0.7819636464118958,
            0.25601857900619507,
            -0.5683196783065796,
            0.3489188253879547
          ],
          [
            0.6205266118049622,
            -0.40602195262908936,
            0.6708898544311523,
            -0.38464295864105225
          ],
          [
            -0.0589897595345974,
            -0.8772754073143005,
            -0.4763634204864502,
            0.9839069247245789
          ],
          [
            0.0,
            0.0,
            0.0,
            1.0
          ]
        ]
      },
      "bone_length_armature_space": 0.0292188579160819,
      "parent": "index_02_l",
      "has_children": false,
      "is_end_bone": true
    },
    "metacarpal_pinky_l": {
      "name": "metacarpal_pinky_l",
      "local": {
        "location": {
          "x": 0.0,
          "y": 0.0,
          "z": 0.0
        },
        "rotation_quaternion": {
          "w": 0.9997251629829407,
          "x": -0.0149519769474864,
          "y": -0.016365185379981995,
          "z": 0.00764129776507616
        },
        "scale": {
          "x": 1.0,
          "y": 1.0,
          "z": 1.0
        },
        "matrix_basis": [
          [
            0.9993475675582886,
            -0.01478901132941246,
            -0.03294987976551056,
            0.0
          ],
          [
            0.01576777920126915,
            0.99943608045578,
            0.029645632952451706,
            0.0
          ],
          [
            0.03249286860227585,
            -0.030145836994051933,
            0.9990172386169434,
            0.0
          ],
          [
            0.0,
            0.0,
            0.0,
            1.0
          ]
        ],
        "rotation_mode": "QUATERNION"
      },
      "armature_space": {
        "head": {
          "x": 0.3556874692440033,
          "y": -0.3570363521575928,
          "z": 0.17428041994571686
        },
        "tail": {
          "x": 0.3997856676578522,
          "y": -0.4040305018424988,
          "z": 0.09248668700456619
        }
      },
      "world_space": {
        "head": {
          "x": 0.3556874692440033,
          "y": -0.29379236698150635,
          "z": 1.1241344213485718
        },
        "tail": {
          "x": 0.3997856676578522,
          "y": -0.34078651666641235,
          "z": 1.0423407554626465
        },
        "rotation_quaternion": {
          "w": 0.14599335193634033,
          "x": 0.17924295365810394,
          "y": 0.5030274391174316,
          "z": -0.8327792286872864
        },
        "matrix": [
          [
            -0.8931159377098083,
            0.4234887957572937,
            -0.15166075527668,
            0.3556874692440033
          ],
          [
            -0.06283437460660934,
            -0.4512993395328522,
            -0.89015793800354,
            -0.29379236698150635
          ],
          [
            -0.4454195201396942,
            -0.7854905724525452,
            0.4296742379665375,
            1.1241344213485718
          ],
          [
            0.0,
            0.0,
            0.0,
            1.0
          ]
        ]
      },
      "bone_length_armature_space": 0.10413124455746794,
      "parent": "lowerarm_l",
      "has_children": true,
      "is_end_bone": false
    },
    "pinky_01_l": {
      "name": "pinky_01_l",
      "local": {
        "location": {
          "x": 0.0,
          "y": 0.0,
          "z": 0.0
        },
        "rotation_quaternion": {
          "w": 0.9431959390640259,
          "x": 0.3321146070957184,
          "y": 0.003779019694775343,
          "z": 0.008186825551092625
        },
        "scale": {
          "x": 1.0,
          "y": 1.0,
          "z": 1.0
        },
        "matrix_basis": [
          [
            0.9998373985290527,
            -0.012933425605297089,
            0.012566640973091125,
            0.0
          ],
          [
            0.017953695729374886,
            0.7792657017707825,
            -0.6264364123344421,
            0.0
          ],
          [
            -0.001690783305093646,
            0.6265601515769958,
            0.7793712019920349,
            0.0
          ],
          [
            0.0,
            0.0,
            0.0,
            1.0
          ]
        ],
        "rotation_mode": "QUATERNION"
      },
      "armature_space": {
        "head": {
          "x": 0.3997856676578522,
          "y": -0.4040305018424988,
          "z": 0.09248668700456619
