{
  "metadata": {
    "armature_name": "KIM_caucasian_male",
    "export_time": "2026-01-13T21:07:35.192217",
    "blender_version": "4.4.1",
    "bone_count": 56,
    "end_bone_count": 13,
    "spaces_included": [
      "LOCAL_CHANNELS",
      "ARMATURE_SPACE",
      "WORLD_SPACE"
    ],
    "note": "LOCAL matches Transform panel; replay pose via local.matrix_basis for best fidelity."
  },
  "bones": {
    "Root": {
      "name": "Root",
      "local": {
        "location": {
          "x": 0.0,
          "y": 0.0,
          "z": 0.0
        },
        "rotation_quaternion": {
          "w": 0.9999301433563232,
          "x": 0.006860949564725161,
          "y": -0.0035104413982480764,
          "z": -0.008969510905444622
        },
        "scale": {
          "x": 1.0,
          "y": 1.0,
          "z": 1.0
        },
        "matrix_basis": [
          [
            0.9998144507408142,
            0.01788959838449955,
            -0.007143470924347639,
            0.0
          ],
          [
            -0.017985938116908073,
            0.9997449517250061,
            -0.013657966628670692,
            0.0
          ],
          [
            0.006897313520312309,
            0.013783914037048817,
            0.9998812079429626,
            0.0
          ],
          [
            0.0,
            0.0,
            0.0,
            1.0
          ]
        ],
        "rotation_mode": "QUATERNION"
      },
      "armature_space": {
        "head": {
          "x": 0.0,
          "y": 0.07072800397872925,
          "z": -0.009595036506652832
        },
        "tail": {
          "x": 0.001276885624974966,
          "y": -0.00011421740055084229,
          "z": -0.0009773634374141693
        }
      },
      "world_space": {
        "head": {
          "x": 0.0,
          "y": 0.13397200405597687,
          "z": 0.9402589797973633
        },
        "tail": {
          "x": 0.001276885624974966,
          "y": 0.06312978267669678,
          "z": 0.948876678943634
        },
        "rotation_quaternion": {
          "w": 0.060517583042383194,
          "x": 0.9981206655502319,
          "y": 0.008712643757462502,
          "z": -0.004106723237782717
        },
        "matrix": [
          [
            0.9998144507408142,
            0.01788959838449955,
            -0.007143470924347639,
            0.0
          ],
          [
            0.0168954785913229,
            -0.9925234317779541,
            -0.12087972462177277,
            0.13397200405597687
          ],
          [
            -0.009252600371837616,
            0.1207365095615387,
            -0.9926485419273376,
            0.9402589797973633
          ],
          [
            0.0,
            0.0,
            0.0,
            1.0
          ]
        ]
      },
      "bone_length_armature_space": 0.07137587134956794,
      "parent": null,
      "has_children": true,
      "is_end_bone": false
    },
    "spine_01": {
      "name": "spine_01",
      "local": {
        "location": {
          "x": 0.0,
          "y": 0.0,
          "z": 0.0
        },
        "rotation_quaternion": {
          "w": 0.999253511428833,
          "x": 0.03151624649763107,
          "y": 0.018894806504249573,
          "z": 0.011923073790967464
        },
        "scale": {
          "x": 1.0,
          "y": 1.0,
          "z": 1.0
        },
        "matrix_basis": [
          [
            0.999001681804657,
            -0.02263735979795456,
            0.0385129451751709,
            0.0
          ],
          [
            0.025019332766532898,
            0.9977291226387024,
            -0.0625348687171936,
            0.0
          ],
          [
            -0.03700986132025719,
            0.06343600898981094,
            0.9972994327545166,
            0.0
          ],
          [
            0.0,
            0.0,
            0.0,
            1.0
          ]
        ],
        "rotation_mode": "QUATERNION"
      },
      "armature_space": {
        "head": {
          "x": 0.001276885624974966,
          "y": -0.00011421740055084229,
          "z": -0.0009773634374141693
        },
        "tail": {
          "x": -0.005005058832466602,
          "y": -0.015120220370590687,
          "z": 0.4867560565471649
        }
      },
      "world_space": {
        "head": {
          "x": 0.001276885624974966,
          "y": 0.06312978267669678,
          "z": 0.948876678943634
        },
        "tail": {
          "x": -0.005005058832466602,
          "y": 0.04812378063797951,
          "z": 1.4366101026535034
        },
        "rotation_quaternion": {
          "w": 0.6959974765777588,
          "x": 0.7174860835075378,
          "y": 0.014571129344403744,
          "z": 0.024268751963973045
        },
        "matrix": [
          [
            0.9983974099159241,
            -0.012872804887592793,
            0.05510781705379486,
            0.001276885624974966
          ],
          [
            0.054691046476364136,
            -0.030749928206205368,
            -0.9980297684669495,
            0.06312978267669678
          ],
          [
            0.014542155899107456,
            0.999451220035553,
            -0.029997743666172028,
            0.948876678943634
          ],
          [
            0.0,
            0.0,
            0.0,
            1.0
          ]
        ]
      },
      "bone_length_armature_space": 0.4880046501636018,
      "parent": "Root",
      "has_children": true,
      "is_end_bone": false
    },
    "neck_01": {
      "name": "neck_01",
      "local": {
        "location": {
          "x": 0.0,
          "y": 0.0,
          "z": 0.0
        },
        "rotation_quaternion": {
          "w": 0.9977505207061768,
          "x": -0.02819584123790264,
          "y": 0.04530191421508789,
          "z": 0.04058017581701279
        },
        "scale": {
          "x": 1.0,
          "y": 1.0,
          "z": 1.0
        },
        "matrix_basis": [
          [
            0.9926019906997681,
            -0.0835324376821518,
            0.08811163157224655,
            0.0
          ],
          [
            0.07842313498258591,
            0.9951164722442627,
            0.059941548854112625,
            0.0
          ],
          [
            -0.09268840402364731,
            -0.05258811265230179,
            0.9943054914474487,
            0.0
          ],
          [
            0.0,
            0.0,
            0.0,
            1.0
          ]
        ],
        "rotation_mode": "QUATERNION"
      },
      "armature_space": {
        "head": {
          "x": -0.004036422818899155,
          "y": -0.0519837960600853,
          "z": 0.5588940382003784
        },
        "tail": {
          "x": -0.011958167888224125,
          "y": -0.0891069769859314,
          "z": 0.6541298627853394
        }
      },
      "world_space": {
        "head": {
          "x": -0.004036422818899155,
          "y": 0.011260204017162323,
          "z": 1.5087480545043945
        },
        "tail": {
          "x": -0.011958167888224125,
          "y": -0.025862976908683777,
          "z": 1.6039838790893555
        },
        "rotation_quaternion": {
          "w": 0.5646913647651672,
          "x": 0.8212931752204895,
          "y": 0.00851445272564888,
          "z": 0.08080074191093445
        },
        "matrix": [
          [
            0.986797571182251,
            -0.07726923376321793,
            0.14233775436878204,
            -0.004036422818899155
          ],
          [
            0.10524025559425354,
            -0.36210203170776367,
            -0.9261786937713623,
            0.011260204017162323
          ],
          [
            0.12310685217380524,
            0.9289365410804749,
            -0.34919291734695435,
            1.5087480545043945
          ],
          [
            0.0,
            0.0,
            0.0,
            1.0
          ]
        ]
      },
      "bone_length_armature_space": 0.1025219313326635,
      "parent": "spine_01",
      "has_children": true,
      "is_end_bone": false
    },
    "head": {
      "name": "head",
      "local": {
        "location": {
          "x": 0.0,
          "y": 0.0,
          "z": 0.0
        },
        "rotation_quaternion": {
          "w": 0.9963887929916382,
          "x": -0.08436498045921326,
          "y": 0.003618864808231592,
          "z": 0.008880939334630966
        },
        "scale": {
          "x": 1.0,
          "y": 1.0,
          "z": 1.0
        },
        "matrix_basis": [
          [
            0.9998160600662231,
            -0.018308347091078758,
            0.005713112186640501,
            0.0
          ],
          [
            0.017087126150727272,
            0.985607385635376,
            0.16818492114543915,
            0.0
          ],
          [
            -0.008710073307156563,
            -0.16805636882781982,
            0.9857389330863953,
            0.0
          ],
          [
            0.0,
            0.0,
            0.0,
            1.0
          ]
        ],
        "rotation_mode": "QUATERNION"
      },
      "armature_space": {
        "head": {
          "x": -0.011958139948546886,
          "y": -0.08910709619522095,
          "z": 0.6541297435760498
        },
        "tail": {
          "x": -0.03638705238699913,
          "y": -0.06390825659036636,
          "z": 0.8051978349685669
        }
      },
      "world_space": {
        "head": {
          "x": -0.011958139948546886,
          "y": -0.025863096117973328,
          "z": 1.603983759880066
        },
        "tail": {
          "x": -0.03638705238699913,
          "y": -0.0006642565131187439,
          "z": 1.755051851272583
        },
        "rotation_quaternion": {
          "w": 0.7621731162071228,
          "x": 0.6411031484603882,
          "y": -0.018201930448412895,
          "z": 0.08802168816328049
        },
        "matrix": [
          [
            0.9838416576385498,
            -0.15751419961452484,
            0.08511684089899063,
            -0.011958139948546886
          ],
          [
            0.1108379065990448,
            0.16247858107089996,
            -0.9804673194885254,
            -0.025863096117973328
          ],
          [
            0.14060890674591064,
            0.9740657210350037,
            0.17731203138828278,
            1.603983759880066
          ],
          [
            0.0,
            0.0,
            0.0,
            1.0
          ]
        ]
      },
      "bone_length_armature_space": 0.1550913316783793,
      "parent": "neck_01",
      "has_children": false,
      "is_end_bone": true
    },
    "upperarm_l": {
      "name": "upperarm_l",
      "local": {
        "location": {
          "x": 0.0,
          "y": 0.0,
          "z": 0.0
        },
        "rotation_quaternion": {
          "w": 0.9595622420310974,
          "x": -0.058780934661626816,
          "y": -0.19889168441295624,
          "z": -0.19033445417881012
        },
        "scale": {
          "x": 1.0,
          "y": 1.0,
          "z": 1.0
        },
        "matrix_basis": [
          [
            0.848429799079895,
            0.3886575996875763,
            -0.35932183265686035,
            0.0
          ],
          [
            -0.34189343452453613,
            0.9206352233886719,
            0.18851980566978455,
            0.0
          ],
          [
            0.4040739834308624,
            -0.0370960496366024,
            0.9139738082885742,
            0.0
          ],
          [
            0.0,
            0.0,
            0.0,
            1.0
          ]
        ],
        "rotation_mode": "QUATERNION"
      },
      "armature_space": {
        "head": {
          "x": 0.14676408469676971,
          "y": -0.04489634931087494,
          "z": 0.493808776140213
        },
        "tail": {
          "x": 0.3902507424354553,
          "y": -0.006172943860292435,
          "z": 0.3888205587863922
        }
      },
      "world_space": {
        "head": {
          "x": 0.14676408469676971,
          "y": 0.01834765076637268,
          "z": 1.4436627626419067
        },
        "tail": {
          "x": 0.3902507424354553,
          "y": 0.057071056216955185,
          "z": 1.338674545288086
        },
        "rotation_quaternion": {
          "w": 0.5339944362640381,
          "x": 0.24259506165981293,
          "y": 0.5358200073242188,
          "z": -0.6073668599128723
        },
        "matrix": [
          [
            -0.31199342012405396,
            0.9086359739303589,
            0.27756255865097046,
            0.14676408469676971
          ],
          [
            -0.3886893391609192,
            0.1445067971944809,
            -0.9099662899971008,
            0.01834765076637268
          ],
          [
            -0.8669440746307373,
            -0.3917917311191559,
            0.30809321999549866,
            1.4436627626419067
          ],
          [
            0.0,
            0.0,
            0.0,
            1.0
          ]
        ]
      },
      "bone_length_armature_space": 0.2679697378800008,
      "parent": "spine_01",
      "has_children": true,
      "is_end_bone": false
    },
    "lowerarm_l": {
      "name": "lowerarm_l",
      "local": {
        "location": {
          "x": 0.0,
          "y": 0.0,
          "z": 0.0
        },
        "rotation_quaternion": {
          "w": 0.8702459931373596,
          "x": 0.4807010889053345,
          "y": -0.10067828744649887,
          "z": 0.038240015506744385
        },
        "scale": {
          "x": 1.0,
          "y": 1.0,
          "z": 1.0
        },
        "matrix_basis": [
          [
            0.976803183555603,
            -0.16334876418113708,
            -0.13846571743488312,
            0.0
          ],
          [
            -0.030235884711146355,
            0.5349283218383789,
            -0.8443562984466553,
            0.0
          ],
          [
            0.21199378371238708,
            0.8289564847946167,
            0.5175806879997253,
            0.0
          ],
          [
            0.0,
            0.0,
            0.0,
            1.0
          ]
        ],
        "rotation_mode": "QUATERNION"
      },
      "armature_space": {
        "head": {
          "x": 0.39025089144706726,
          "y": -0.006172928959131241,
          "z": 0.38882067799568176
        },
        "tail": {
          "x": 0.5812913179397583,
          "y": -0.16517606377601624,
          "z": 0.48777031898498535
        }
      },
      "world_space": {
        "head": {
          "x": 0.39025089144706726,
          "y": 0.05707107111811638,
          "z": 1.3386746644973755
        },
        "tail": {
          "x": 0.5812913179397583,
          "y": -0.10193206369876862,
          "z": 1.4376243352890015
        },
        "rotation_quaternion": {
          "w": 0.44994181394577026,
          "x": 0.4444146454334259,
          "y": 0.0194033645093441,
          "z": -0.7743845582008362
        },
        "matrix": [
          [
            -0.2000947892665863,
            0.7141043543815613,
            -0.670833170413971,
            0.39025089144706726
          ],
          [
            -0.6796103119850159,
            -0.5943498611450195,
            -0.429974764585495,
            0.05707107111811638
          ],
          [
            -0.7057619690895081,
            0.3698714077472687,
            0.6042428612709045,
            1.3386746644973755
          ],
          [
            0.0,
            0.0,
            0.0,
            1.0
          ]
        ]
      },
      "bone_length_armature_space": 0.2675247173888629,
      "parent": "upperarm_l",
      "has_children": true,
      "is_end_bone": false
    },
    "metacarpal_thumb_l": {
      "name": "metacarpal_thumb_l",
      "local": {
        "location": {
          "x": 0.0,
          "y": 0.0,
          "z": 0.0
        },
        "rotation_quaternion": {
          "w": 0.9993067979812622,
          "x": -0.03566448390483856,
          "y": 0.01060118805617094,
          "z": 0.0012371240882202983
        },
        "scale": {
          "x": 1.0,
          "y": 1.0,
          "z": 1.0
        },
        "matrix_basis": [
          [
            0.9997721910476685,
            -0.003228704910725355,
            0.021099435165524483,
            0.0
          ],
          [
            0.0017163612646982074,
            0.9974530339241028,
            0.07130575180053711,
            0.0
          ],
          [
            -0.021275920793414116,
            -0.07125329226255417,
            0.9972313046455383,
            0.0
          ],
          [
            0.0,
            0.0,
            0.0,
            1.0
          ]
        ],
        "rotation_mode": "QUATERNION"
      },
      "armature_space": {
        "head": {
          "x": 0.5812913179397583,
          "y": -0.16517606377601624,
          "z": 0.48777031898498535
        },
        "tail": {
          "x": 0.5886947512626648,
          "y": -0.205047607421875,
          "z": 0.5162140130996704
        }
      },
      "world_space": {
        "head": {
          "x": 0.5812913179397583,
          "y": -0.10193206369876862,
          "z": 1.4376243352890015
        },
        "tail": {
          "x": 0.5886947512626648,
          "y": -0.14180360734462738,
          "z": 1.4660680294036865
        },
        "rotation_quaternion": {
          "w": 0.3108990788459778,
          "x": 0.9378647208213806,
          "y": 0.029540684074163437,
          "z": -0.1512579619884491
        },
        "matrix": [
          [
            0.9524969458580017,
            0.1494622826576233,
            -0.26535022258758545,
            0.5812913179397583
          ],
          [
            -0.038641367107629776,
            -0.8049380779266357,
            -0.5920993089675903,
            -0.10193206369876862
          ],
          [
            -0.30208921432495117,
            0.5742294788360596,
            -0.7609314918518066,
            1.4376243352890015
          ],
          [
            0.0,
            0.0,
            0.0,
            1.0
          ]
        ]
      },
      "bone_length_armature_space": 0.049533772642945735,
      "parent": "lowerarm_l",
      "has_children": true,
      "is_end_bone": false
    },
    "thumb_01_l": {
      "name": "thumb_01_l",
      "local": {
        "location": {
          "x": 0.0,
          "y": 0.0,
          "z": 0.0
        },
        "rotation_quaternion": {
          "w": 0.9961531758308411,
          "x": -0.08626163005828857,
          "y": 0.002079481491819024,
          "z": 0.015286487527191639
        },
        "scale": {
          "x": 1.0,
          "y": 1.0,
          "z": 1.0
        },
        "matrix_basis": [
          [
            0.9995239973068237,
            -0.030814124271273613,
            0.001505689462646842,
            0.0
          ],
          [
            0.03009660728275776,
            0.9846504926681519,
            0.1719231754541397,
            0.0
          ],
          [
            -0.006780238822102547,
            -0.1717960238456726,
            0.9851092100143433,
            0.0
          ],
          [
            0.0,
            0.0,
            0.0,
            1.0
          ]
        ],
        "rotation_mode": "QUATERNION"
      },
      "armature_space": {
        "head": {
          "x": 0.5886947512626648,
          "y": -0.205047607421875,
          "z": 0.5162140130996704
        },
        "tail": {
          "x": 0.575779914855957,
          "y": -0.2362736314535141,
          "z": 0.5121190547943115
        }
      },
      "world_space": {
        "head": {
          "x": 0.5886947512626648,
          "y": -0.14180360734462738,
          "z": 1.4660680294036865
        },
        "tail": {
          "x": 0.575779914855957,
          "y": -0.17302963137626648,
          "z": 1.4619730710983276
        },
        "rotation_quaternion": {
          "w": 0.06329493969678879,
          "x": 0.7947709560394287,
          "y": -0.1931523084640503,
          "z": 0.571861207485199
        },
        "matrix": [
          [
            0.27133360505104065,
            -0.37941688299179077,
            0.8845457434654236,
            0.5886947512626648
          ],
          [
            -0.23463168740272522,
            -0.9173714518547058,
            -0.32152408361434937,
            -0.14180360734462738
          ],
          [
            0.9334546327590942,
            -0.12030389904975891,
            -0.33793962001800537,
            1.4660680294036865
          ],
          [
            0.0,
            0.0,
            0.0,
            1.0
          ]
        ]
      },
      "bone_length_armature_space": 0.0340385997320302,
      "parent": "metacarpal_thumb_l",
      "has_children": true,
      "is_end_bone": false
    },
    "thumb_02_l": {
      "name": "thumb_02_l",
      "local": {
        "location": {
          "x": 0.0,
          "y": 0.0,
          "z": 0.0
        },
        "rotation_quaternion": {
          "w": 0.994709849357605,
          "x": 0.10241101682186127,
          "y": -0.0055621410720050335,
          "z": -0.005784695036709309
        },
        "scale": {
          "x": 1.0,
          "y": 1.0,
          "z": 1.0
        },
        "matrix_basis": [
          [
            0.9998711943626404,
            0.010368937626481056,
            -0.012250266037881374,
            0.0
          ],
          [
            -0.012647435069084167,
            0.9789570569992065,
            -0.20367413759231567,
            0.0
          ],
          [
            0.009880599565804005,
            0.20380283892154694,
            0.9789620637893677,
            0.0
          ],
          [
            0.0,
            0.0,
            0.0,
            1.0
          ]
        ],
        "rotation_mode": "QUATERNION"
      },
      "armature_space": {
        "head": {
          "x": 0.5757798552513123,
          "y": -0.23627358675003052,
          "z": 0.5121189951896667
        },
        "tail": {
          "x": 0.6023279428482056,
          "y": -0.2624206840991974,
          "z": 0.5271093845367432
        }
      },
      "world_space": {
        "head": {
          "x": 0.5757798552513123,
          "y": -0.1730295866727829,
          "z": 1.461972951889038
        },
        "tail": {
          "x": 0.6023279428482056,
          "y": -0.19917668402194977,
          "z": 1.4769634008407593
        },
        "rotation_quaternion": {
          "w": 0.1722312867641449,
          "x": -0.5365988612174988,
          "y": -0.380573034286499,
          "z": -0.7331863641738892
        },
        "matrix": [
          [
            -0.36479678750038147,
            0.6609847545623779,
            0.655761182308197,
            0.5757798552513123
          ],
          [
            0.1558743566274643,
            -0.6510018706321716,
            0.7428995370864868,
            -0.1730295866727829
          ],
          [
            0.9179534912109375,
            0.37322551012039185,
            0.1344543993473053,
            1.461972951889038
          ],
          [
            0.0,
            0.0,
            0.0,
            1.0
          ]
        ]
      },
      "bone_length_armature_space": 0.040164454411195184,
      "parent": "thumb_01_l",
      "has_children": true,
      "is_end_bone": false
    },
    "thumb_03_l": {
      "name": "thumb_03_l",
      "local": {
        "location": {
          "x": 0.0,
          "y": 0.0,
          "z": 0.0
        },
        "rotation_quaternion": {
          "w": 0.9967703223228455,
          "x": 0.08014468103647232,
          "y": -0.0011679603485390544,
          "z": 0.004935598466545343
        },
        "scale": {
          "x": 1.0,
          "y": 1.0,
          "z": 1.0
        },
        "matrix_basis": [
          [
            0.9999485611915588,
            -0.01002652756869793,
            -0.0015372524503618479,
            0.0
          ],
          [
            0.00965210422873497,
            0.9871049523353577,
            -0.15978321433067322,
            0.0
          ],
          [
            0.0031195003539323807,
            0.15976014733314514,
            0.9871509075164795,
            0.0
          ],
          [
            0.0,
            0.0,
            0.0,
            1.0
          ]
        ],
        "rotation_mode": "QUATERNION"
      },
      "armature_space": {
        "head": {
          "x": 0.602327823638916,
          "y": -0.2624206840991974,
          "z": 0.5271093845367432
        },
        "tail": {
          "x": 0.6299753189086914,
          "y": -0.2714577317237854,
          "z": 0.536100447177887
        }
      },
      "world_space": {
        "head": {
          "x": 0.602327823638916,
          "y": -0.19917668402194977,
          "z": 1.4769634008407593
        },
        "tail": {
          "x": 0.6299753189086914,
          "y": -0.20821373164653778,
          "z": 1.4859545230865479
        },
        "rotation_quaternion": {
          "w": 0.41379308700561523,
          "x": -0.3746798038482666,
          "y": -0.4246861934661865,
          "z": -0.7127636671066284
        },
        "matrix": [
          [
            -0.37678009271621704,
            0.9081165790557861,
            0.18265078961849213,
            0.602327823638916
          ],
          [
            -0.27163174748420715,
            -0.29683297872543335,
            0.9154815077781677,
            -0.19917668402194977
          ],
          [
            0.8855865001678467,
            0.29532304406166077,
            0.3585173487663269,
            1.4769634008407593
          ],
          [
            0.0,
            0.0,
            0.0,
            1.0
          ]
        ]
      },
      "bone_length_armature_space": 0.030444891675237562,
      "parent": "thumb_02_l",
      "has_children": false,
      "is_end_bone": true
    },
    "metacarpal_index_l": {
      "name": "metacarpal_index_l",
      "local": {
        "location": {
          "x": 0.0,
          "y": 0.0,
          "z": 0.0
        },
        "rotation_quaternion": {
          "w": 0.9996713995933533,
          "x": -0.017945608124136925,
          "y": -0.00024128274526447058,
          "z": 0.01830194890499115
        },
        "scale": {
          "x": 1.0,
          "y": 1.0,
          "z": 1.0
        },
        "matrix_basis": [
          [
            0.9993299841880798,
            -0.03658321127295494,
            -0.001139286090619862,
            0.0
          ],
          [
            0.03660053014755249,
            0.9986860156059265,
            0.035870589315891266,
            0.0
          ],
          [
            -0.00017447228310629725,
            -0.03588825464248657,
            0.9993557929992676,
            0.0
          ],
          [
            0.0,
            0.0,
            0.0,
            1.0
          ]
        ],
        "rotation_mode": "QUATERNION"
      },
      "armature_space": {
        "head": {
          "x": 0.5812913179397583,
          "y": -0.16517606377601624,
          "z": 0.48777031898498535
        },
        "tail": {
          "x": 0.6360723376274109,
          "y": -0.24710839986801147,
          "z": 0.5511375069618225
        }
      },
      "world_space": {
        "head": {
          "x": 0.5812913179397583,
          "y": -0.10193206369876862,
          "z": 1.4376243352890015
        },
        "tail": {
          "x": 0.6360723376274109,
          "y": -0.18386439979076385,
          "z": 1.5009915828704834
        },
        "rotation_quaternion": {
          "w": 0.37993529438972473,
          "x": 0.803851306438446,
          "y": 0.0776185393333435,
          "z": -0.45105162262916565
        },
        "matrix": [
          [
            0.5810564160346985,
            0.4675276577472687,
            -0.6661766767501831,
            0.5812913179397583
          ],
          [
            -0.21795256435871124,
            -0.6992499232292175,
            -0.6808425784111023,
            -0.10193206369876862
          ],
          [
            -0.7841423749923706,
            0.5408059358596802,
            -0.3044075071811676,
            1.4376243352890015
          ],
          [
            0.0,
            0.0,
            0.0,
            1.0
          ]
        ]
      },
      "bone_length_armature_space": 0.117171962025833,
      "parent": "lowerarm_l",
      "has_children": true,
      "is_end_bone": false
    },
    "index_01_l": {
      "name": "index_01_l",
      "local": {
        "location": {
          "x": 0.0,
          "y": 0.0,
          "z": 0.0
        },
        "rotation_quaternion": {
          "w": 0.9910709857940674,
          "x": -0.13150833547115326,
          "y": -0.020058713853359222,
          "z": -0.009026005864143372
        },
        "scale": {
          "x": 1.0,
          "y": 1.0,
          "z": 1.0
        },
        "matrix_basis": [
          [
            0.9990323781967163,
            0.023166600614786148,
            -0.037385229021310806,
            0.0
          ],
          [
            -0.012615049257874489,
            0.965248167514801,
            0.26103028655052185,
            0.0
          ],
          [
            0.042133208364248276,
            -0.26030609011650085,
            0.9646064043045044,
            0.0
          ],
          [
            0.0,
            0.0,
            0.0,
            1.0
          ]
        ],
        "rotation_mode": "QUATERNION"
      },
      "armature_space": {
        "head": {
          "x": 0.6360723376274109,
          "y": -0.24710839986801147,
          "z": 0.5511375069618225
        },
        "tail": {
          "x": 0.6604698300361633,
          "y": -0.2588072717189789,
          "z": 0.5601358413696289
        }
      },
      "world_space": {
        "head": {
          "x": 0.6360723376274109,
          "y": -0.18386439979076385,
          "z": 1.5009915828704834
        },
        "tail": {
          "x": 0.6604698300361633,
          "y": -0.19556327164173126,
          "z": 1.509989857673645
        },
        "rotation_quaternion": {
          "w": 0.4416925013065338,
          "x": 0.6946372389793396,
          "y": 0.315860390663147,
          "z": -0.4718252420425415
        },
        "matrix": [
          [
            0.3552262783050537,
            0.8556201457977295,
            -0.3764684498310089,
            0.6360723376274109
          ],
          [
            0.02201458439230919,
            -0.41028034687042236,
            -0.9116939306259155,
            -0.18386439979076385
          ],
          [
            -0.9345277547836304,
            0.31557154655456543,
            -0.16458040475845337,
            1.5009915828704834
          ],
          [
            0.0,
            0.0,
            0.0,
            1.0
          ]
        ]
      },
      "bone_length_armature_space": 0.02851440467595227,
      "parent": "metacarpal_index_l",
      "has_children": true,
      "is_end_bone": false
    },
    "index_02_l": {
      "name": "index_02_l",
      "local": {
        "location": {
          "x": 0.0,
          "y": 0.0,
          "z": 0.0
        },
        "rotation_quaternion": {
          "w": 0.999566912651062,
          "x": 0.027399128302931786,
          "y": -0.004775660112500191,
          "z": 0.00961246807128191
        },
        "scale": {
          "x": 1.0,
          "y": 1.0,
          "z": 1.0
        },
        "matrix_basis": [
          [
            0.9997695684432983,
            -0.01947830803692341,
            -0.009020437486469746,
            0.0
          ],
          [
            0.018954912200570107,
            0.9983137845993042,
            -0.05486633628606796,
            0.0
          ],
          [
            0.010073930025100708,
            0.054682713001966476,
            0.9984529614448547,
            0.0
          ],
          [
            0.0,
            0.0,
            0.0,
            1.0
          ]
        ],
        "rotation_mode": "QUATERNION"
      },
      "armature_space": {
        "head": {
          "x": 0.6604699492454529,
          "y": -0.2588077187538147,
          "z": 0.5601361393928528
        },
        "tail": {
          "x": 0.6823073625564575,
          "y": -0.26976439356803894,
          "z": 0.5679572820663452
        }
      },
      "world_space": {
        "head": {
          "x": 0.6604699492454529,
          "y": -0.19556371867656708,
          "z": 1.5099902153015137
        },
        "tail": {
          "x": 0.6823073625564575,
          "y": -0.20652039349079132,
          "z": 1.5178112983703613
        },
        "rotation_quaternion": {
          "w": 0.44480055570602417,
          "x": 0.6789922714233398,
          "y": 0.2976572811603546,
          "z": -0.5025157928466797
        },
        "matrix": [
          [
            0.3177562355995178,
            0.8512523174285889,
            -0.417612761259079,
            0.6604699492454529
          ],
          [
            -0.042823582887649536,
            -0.42710599303245544,
            -0.9031872153282166,
            -0.19556371867656708
          ],
          [
            -0.947211742401123,
            0.3048785924911499,
            -0.09926335513591766,
            1.5099902153015137
          ],
          [
            0.0,
            0.0,
            0.0,
            1.0
          ]
        ]
      },
      "bone_length_armature_space": 0.02565329611391495,
      "parent": "index_01_l",
      "has_children": true,
      "is_end_bone": false
    },
    "index_03_l": {
      "name": "index_03_l",
      "local": {
        "location": {
          "x": 0.0,
          "y": 0.0,
          "z": 0.0
        },
        "rotation_quaternion": {
          "w": 0.9993266463279724,
          "x": 0.03614006191492081,
          "y": 0.005177658516913652,
          "z": 0.0036632476840168238
        },
        "scale": {
          "x": 1.0,
          "y": 1.0,
          "z": 1.0
        },
        "matrix_basis": [
          [
            0.9999195337295532,
            -0.006947320420295,
            0.010613123886287212,
            0.0
          ],
          [
            0.007695803884416819,
            0.9973609447479248,
            -0.07219351828098297,
            0.0
          ],
          [
            -0.010083564557135105,
            0.07226938754320145,
            0.9973341822624207,
            0.0
          ],
          [
            0.0,
            0.0,
            0.0,
            1.0
          ]
        ],
        "rotation_mode": "QUATERNION"
      },
      "armature_space": {
        "head": {
          "x": 0.6823074221611023,
          "y": -0.269764244556427,
          "z": 0.5679572820663452
        },
        "tail": {
          "x": 0.70562744140625,
          "y": -0.28636959195137024,
          "z": 0.5738029479980469
        }
      },
      "world_space": {
        "head": {
          "x": 0.6823074221611023,
          "y": -0.20652024447917938,
          "z": 1.5178112983703613
        },
        "tail": {
          "x": 0.70562744140625,
          "y": -0.22312559187412262,
          "z": 1.523656964302063
        },
        "rotation_quaternion": {
          "w": 0.3545135259628296,
          "x": 0.7194554805755615,
          "y": 0.30027326941490173,
          "z": -0.5162751078605652
        },
        "matrix": [
          [
            0.2865917384624481,
            0.7981196045875549,
            -0.5299717783927917,
            0.6823074221611023
          ],
          [
            0.06601392477750778,
            -0.5683122277259827,
            -0.8201608061790466,
            -0.20652024447917938
          ],
          [
            -0.9557825326919556,
            0.20006652176380157,
            -0.21556273102760315,
            1.5178112983703613
          ],
          [
            0.0,
            0.0,
            0.0,
            1.0
          ]
        ]
      },
      "bone_length_armature_space": 0.02921870377488802,
      "parent": "index_02_l",
      "has_children": false,
      "is_end_bone": true
    },
    "metacarpal_pinky_l": {
      "name": "metacarpal_pinky_l",
      "local": {
        "location": {
          "x": 0.0,
          "y": 0.0,
          "z": 0.0
        },
        "rotation_quaternion": {
          "w": 0.9996938705444336,
          "x": 0.007870020344853401,
          "y": 0.01438063196837902,
          "z": 0.018533041700720787
        },
        "scale": {
          "x": 1.0,
          "y": 1.0,
          "z": 1.0
        },
        "matrix_basis": [
          [
            0.9988994598388672,
            -0.036828383803367615,
            0.029044169932603836,
            0.0
          ],
          [
            0.0372810885310173,
            0.9991891980171204,
            -0.015202188864350319,
            0.0
          ],
          [
            -0.028460748493671417,
            0.016268255189061165,
            0.9994625449180603,
            0.0
          ],
          [
            0.0,
            0.0,
            0.0,
            1.0
          ]
        ],
        "rotation_mode": "QUATERNION"
      },
      "armature_space": {
        "head": {
          "x": 0.5812913179397583,
          "y": -0.16517606377601624,
          "z": 0.48777031898498535
        },
        "tail": {
          "x": 0.6750797629356384,
          "y": -0.20717111229896545,
          "z": 0.5046036243438721
        }
      },
      "world_space": {
        "head": {
          "x": 0.5812913179397583,
          "y": -0.10193206369876862,
          "z": 1.4376243352890015
        },
        "tail": {
          "x": 0.6750797629356384,
          "y": -0.14392711222171783,
          "z": 1.4544576406478882
        },
        "rotation_quaternion": {
          "w": 0.5104269981384277,
          "x": -0.1552545577287674,
          "y": -0.19446851313114166,
          "z": -0.8231295943260193
        },
        "matrix": [
          [
            -0.4307202398777008,
            0.9006797075271606,
            0.05706352740526199,
            0.5812913179397583
          ],
          [
            -0.7799112200737,
            -0.40329140424728394,
            0.47863835096359253,
            -0.10193206369876862
          ],
          [
            0.45411568880081177,
            0.161655455827713,
            0.8761625289916992,
            1.4376243352890015
          ],
          [
            0.0,
            0.0,
            0.0,
            1.0
          ]
        ]
      },
      "bone_length_armature_space": 0.10413076900106016,
      "parent": "lowerarm_l",
      "has_children": true,
      "is_end_bone": false
    },
    "pinky_01_l": {
      "name": "pinky_01_l",
      "local": {
        "location": {
          "x": 0.0,
          "y": 0.0,
          "z": 0.0
        },
        "rotation_quaternion": {
          "w": 0.9925828576087952,
          "x": -0.12134510278701782,
          "y": -0.0072142258286476135,
          "z": -0.0016212330665439367
        },
        "scale": {
          "x": 1.0,
          "y": 1.0,
          "z": 1.0
        },
        "matrix_basis": [
          [
            0.9998906254768372,
            0.004969238303601742,
            -0.013927976600825787,
            0.0
          ],
          [
            -0.001467594294808805,
            0.9705454707145691,
            0.240913525223732,
            0.0
          ],
          [
            0.014714891090989113,
            -0.2408667504787445,
            0.9704466462135315,
            0.0
          ],
          [
            0.0,
            0.0,
            0.0,
            1.0
          ]
        ],
        "rotation_mode": "QUATERNION"
      },
      "armature_space": {
        "head": {
          "x": 0.6750797629356384,
          "y": -0.20717111229896545,
          "z": 0.5046036243438721
        },
