{
  "metadata": {
    "armature_name": "KIM_caucasian_male",
    "export_time": "2026-01-13T21:03:01.089764",
    "blender_version": "4.4.1",
    "bone_count": 56,
    "end_bone_count": 13,
    "spaces_included": [
      "LOCAL_CHANNELS",
      "ARMATURE_SPACE",
      "WORLD_SPACE"
    ],
    "note": "LOCAL matches Transform panel; replay pose via local.matrix_basis for best fidelity."
  },
  "bones": {
    "Root": {
      "name": "Root",
      "local": {
        "location": {
          "x": 0.0,
          "y": 0.0,
          "z": 0.0
        },
        "rotation_quaternion": {
          "w": 0.9995944499969482,
          "x": -0.015029866248369217,
          "y": 0.007676939480006695,
          "z": 0.022937241941690445
        },
        "scale": {
          "x": 1.0,
          "y": 1.0,
          "z": 1.0
        },
        "matrix_basis": [
          [
            0.9988299012184143,
            -0.04608664661645889,
            0.014658165164291859,
            0.0
          ],
          [
            0.04562511295080185,
            0.9984959959983826,
            0.030399717390537262,
            0.0
          ],
          [
            -0.016037140041589737,
            -0.029695365577936172,
            0.9994303584098816,
            0.0
          ],
          [
            0.0,
            0.0,
            0.0,
            1.0
          ]
        ],
        "rotation_mode": "QUATERNION"
      },
      "armature_space": {
        "head": {
          "x": 0.0,
          "y": 0.07072800397872925,
          "z": -0.009595036506652832
        },
        "tail": {
          "x": -0.003289474407210946,
          "y": 0.00039130449295043945,
          "z": 0.002085878513753414
        }
      },
      "world_space": {
        "head": {
          "x": 0.0,
          "y": 0.13397200405597687,
          "z": 0.9402589797973633
        },
        "tail": {
          "x": -0.003289474407210946,
          "y": 0.06363530457019806,
          "z": 0.9519398808479309
        },
        "rotation_quaternion": {
          "w": 0.08233606070280075,
          "x": 0.9963110685348511,
          "y": -0.02236795425415039,
          "z": 0.009204735979437828
        },
        "matrix": [
          [
            0.9988299012184143,
            -0.04608664661645889,
            0.014658165164291859,
            0.0
          ],
          [
            -0.04305511340498924,
            -0.9854408502578735,
            -0.1644769012928009,
            0.13397200405597687
          ],
          [
            0.022025056183338165,
            0.16365355253219604,
            -0.9862791299819946,
            0.9402589797973633
          ],
          [
            0.0,
            0.0,
            0.0,
            1.0
          ]
        ]
      },
      "bone_length_armature_space": 0.07137587543746564,
      "parent": null,
      "has_children": true,
      "is_end_bone": false
    },
    "spine_01": {
      "name": "spine_01",
      "local": {
        "location": {
          "x": 0.0,
          "y": 0.0,
          "z": 0.0
        },
        "rotation_quaternion": {
          "w": 0.9961684346199036,
          "x": 0.07337269186973572,
          "y": 0.044681891798973083,
          "z": -0.01638902723789215
        },
        "scale": {
          "x": 1.0,
          "y": 1.0,
          "z": 1.0
        },
        "matrix_basis": [
          [
            0.995469868183136,
            0.03920932486653328,
            0.08661636710166931,
            0.0
          ],
          [
            -0.02609560266137123,
            0.9886956810951233,
            -0.1476477086544037,
            0.0
          ],
          [
            -0.09142639487981796,
            0.14471852779388428,
            0.9852399826049805,
            0.0
          ],
          [
            0.0,
            0.0,
            0.0,
            1.0
          ]
        ],
        "rotation_mode": "QUATERNION"
      },
      "armature_space": {
        "head": {
          "x": -0.003289474407210946,
          "y": 0.00039130449295043945,
          "z": 0.002085878513753414
        },
        "tail": {
          "x": 0.0036702423822134733,
          "y": -0.033554937690496445,
          "z": 0.4888586401939392
        }
      },
      "world_space": {
        "head": {
          "x": -0.003289474407210946,
          "y": 0.06363530457019806,
          "z": 0.9519398808479309
        },
        "tail": {
          "x": 0.0036702423822134733,
          "y": 0.029689062386751175,
          "z": 1.4387125968933105
        },
        "rotation_quaternion": {
          "w": 0.681756317615509,
          "x": 0.7311935424804688,
          "y": 0.020670680329203606,
          "z": 0.011710106395184994
        },
        "matrix": [
          [
            0.9988712072372437,
            0.014261678792536259,
            0.04530951753258705,
            -0.003289474407210946
          ],
          [
            0.04619549214839935,
            -0.06956179440021515,
            -0.9965075254440308,
            0.06363530457019806
          ],
          [
            -0.011060096323490143,
            0.9974827170372009,
            -0.07014350593090057,
            0.9519398808479309
          ],
          [
            0.0,
            0.0,
            0.0,
            1.0
          ]
        ]
      },
      "bone_length_armature_space": 0.4880046261554063,
      "parent": "Root",
      "has_children": true,
      "is_end_bone": false
    },
    "neck_01": {
      "name": "neck_01",
      "local": {
        "location": {
          "x": 0.0,
          "y": 0.0,
          "z": 0.0
        },
        "rotation_quaternion": {
          "w": 0.9899756908416748,
          "x": -0.08751620352268219,
          "y": -0.005660099908709526,
          "z": 0.11071187257766724
        },
        "scale": {
          "x": 1.0,
          "y": 1.0,
          "z": 1.0
        },
        "matrix_basis": [
          [
            0.975421667098999,
            -0.21821342408657074,
            -0.03058488853275776,
            0.0
          ],
          [
            0.22019483149051666,
            0.9601675868034363,
            0.17202454805374146,
            0.0
          ],
          [
            -0.0081714428961277,
            -0.17453110218048096,
            0.9846177697181702,
            0.0
          ],
          [
            0.0,
            0.0,
            0.0,
            1.0
          ]
        ],
        "rotation_mode": "QUATERNION"
      },
      "armature_space": {
        "head": {
          "x": 0.00628581503406167,
          "y": -0.07320746779441833,
          "z": 0.5594602227210999
        },
        "tail": {
          "x": -0.013690643012523651,
          "y": -0.10178367793560028,
          "z": 0.6558712720870972
        }
      },
      "world_space": {
        "head": {
          "x": 0.00628581503406167,
          "y": -0.009963467717170715,
          "z": 1.5093142986297607
        },
        "tail": {
          "x": -0.013690643012523651,
          "y": -0.03853967785835266,
          "z": 1.6057252883911133
        },
        "rotation_quaternion": {
          "w": 0.595731258392334,
          "x": 0.7971828579902649,
          "y": -0.07574323564767838,
          "z": 0.06218334659934044
        },
        "matrix": [
          [
            0.9807924628257751,
            -0.19485171139240265,
            0.008896708488464355,
            0.00628581503406167
          ],
          [
            -0.04667432978749275,
            -0.2787342369556427,
            -0.9592336416244507,
            -0.009963467717170715
          ],
          [
            0.18938937783241272,
            0.9404000043869019,
            -0.28247785568237305,
            1.5093142986297607
          ],
          [
            0.0,
            0.0,
            0.0,
            1.0
          ]
        ]
      },
      "bone_length_armature_space": 0.10252194261685589,
      "parent": "spine_01",
      "has_children": true,
      "is_end_bone": false
    },
    "head": {
      "name": "head",
      "local": {
        "location": {
          "x": 0.0,
          "y": 0.0,
          "z": 0.0
        },
        "rotation_quaternion": {
          "w": 0.9846159219741821,
          "x": -0.11692237108945847,
          "y": 0.07788068801164627,
          "z": -0.10390039533376694
        },
        "scale": {
          "x": 1.0,
          "y": 1.0,
          "z": 1.0
        },
        "matrix_basis": [
          [
            0.966278612613678,
            0.18639197945594788,
            0.1776616871356964,
            0.0
          ],
          [
            -0.22281596064567566,
            0.9510677456855774,
            0.2140635848045349,
            0.0
          ],
          [
            -0.12906856834888458,
            -0.2464309185743332,
            0.9605275392532349,
            0.0
          ],
          [
            0.0,
            0.0,
            0.0,
            1.0
          ]
        ],
        "rotation_mode": "QUATERNION"
      },
      "armature_space": {
        "head": {
          "x": -0.013690626248717308,
          "y": -0.10178380459547043,
          "z": 0.6558711528778076
        },
        "tail": {
          "x": -0.010221941396594048,
          "y": -0.05237177014350891,
          "z": 0.8028395771980286
        }
      },
      "world_space": {
        "head": {
          "x": -0.013690626248717308,
          "y": -0.03853980451822281,
          "z": 1.6057251691818237
        },
        "tail": {
          "x": -0.010221941396594048,
          "y": 0.010872229933738708,
          "z": 1.7526936531066895
        },
        "rotation_quaternion": {
          "w": 0.8111854195594788,
          "x": 0.5835724472999573,
          "y": 0.03576111048460007,
          "z": 0.011941024102270603
        },
        "matrix": [
          [
            0.9971572756767273,
            0.022365596145391464,
            0.07195451855659485,
            -0.013690626248717308
          ],
          [
            0.06111098825931549,
            0.3186018764972687,
            -0.9459168910980225,
            -0.03853980451822281
          ],
          [
            -0.04408109560608864,
            0.9476318955421448,
            0.3163306713104248,
            1.6057251691818237
          ],
          [
            0.0,
            0.0,
            0.0,
            1.0
          ]
        ]
      },
      "bone_length_armature_space": 0.15509125836347945,
      "parent": "neck_01",
      "has_children": false,
      "is_end_bone": true
    },
    "upperarm_l": {
      "name": "upperarm_l",
      "local": {
        "location": {
          "x": 0.0,
          "y": 0.0,
          "z": 0.0
        },
        "rotation_quaternion": {
          "w": 0.7449929714202881,
          "x": -0.3228870928287506,
          "y": 0.5559321045875549,
          "z": -0.17795734107494354
        },
        "scale": {
          "x": 1.0,
          "y": 1.0,
          "z": 1.0
        },
        "matrix_basis": [
          [
            0.31854134798049927,
            -0.09385266900062561,
            0.9432512521743774,
            0.0
          ],
          [
            -0.6241605281829834,
            0.7281502485275269,
            0.28323283791542053,
            0.0
          ],
          [
            -0.7134107351303101,
            -0.6789616346359253,
            0.17336684465408325,
            0.0
          ],
          [
            0.0,
            0.0,
            0.0,
            1.0
          ]
        ],
        "rotation_mode": "QUATERNION"
      },
      "armature_space": {
        "head": {
          "x": 0.155302494764328,
          "y": -0.06478103995323181,
          "z": 0.49053895473480225
        },
        "tail": {
          "x": 0.3353750705718994,
          "y": 0.13028821349143982,
          "z": 0.5270013809204102
        }
      },
      "world_space": {
        "head": {
          "x": 0.155302494764328,
          "y": -0.001537039875984192,
          "z": 1.4403929710388184
        },
        "tail": {
          "x": 0.3353750705718994,
          "y": 0.19353221356868744,
          "z": 1.4768553972244263
        },
        "rotation_quaternion": {
          "w": 0.13334904611110687,
          "x": 0.36823880672454834,
          "y": 0.919888436794281,
          "z": 0.02057851478457451
        },
        "matrix": [
          [
            -0.6932360529899597,
            0.6719892621040344,
            0.2604880928993225,
            0.155302494764328
          ],
          [
            0.6829655170440674,
            0.7279533743858337,
            -0.06034991145133972,
            -0.001537039875984192
          ],
          [
            -0.2301785945892334,
            0.13606929779052734,
            -0.9635958671569824,
            1.4403929710388184
          ],
          [
            0.0,
            0.0,
            0.0,
            1.0
          ]
        ]
      },
      "bone_length_armature_space": 0.2679695080640069,
      "parent": "spine_01",
      "has_children": true,
      "is_end_bone": false
    },
    "lowerarm_l": {
      "name": "lowerarm_l",
      "local": {
        "location": {
          "x": 0.0,
          "y": 0.0,
          "z": 0.0
        },
        "rotation_quaternion": {
          "w": 0.9336907863616943,
          "x": 0.31756556034088135,
          "y": -0.15555354952812195,
          "z": 0.05636324733495712
        },
        "scale": {
          "x": 1.0,
          "y": 1.0,
          "z": 1.0
        },
        "matrix_basis": [
          [
            0.945252537727356,
            -0.20404858887195587,
            -0.25467976927757263,
            0.0
          ],
          [
            0.006454789079725742,
            0.7919505834579468,
            -0.6105510592460632,
            0.0
          ],
          [
            0.32627588510513306,
            0.5754810571670532,
            0.7499104142189026,
            0.0
          ],
          [
            0.0,
            0.0,
            0.0,
            1.0
          ]
        ],
        "rotation_mode": "QUATERNION"
      },
      "armature_space": {
        "head": {
          "x": 0.33537524938583374,
          "y": 0.13028818368911743,
          "z": 0.5270013213157654
        },
        "tail": {
          "x": 0.567703127861023,
          "y": 0.19541823863983154,
          "z": 0.4114532768726349
        }
      },
      "world_space": {
        "head": {
          "x": 0.33537524938583374,
          "y": 0.19353218376636505,
          "z": 1.4768552780151367
        },
        "tail": {
          "x": 0.567703127861023,
          "y": 0.25866222381591797,
          "z": 1.3613072633743286
        },
        "rotation_quaternion": {
          "w": 0.17702195048332214,
          "x": 0.4751443862915039,
          "y": 0.7683693766593933,
          "z": -0.3905247747898102
        },
        "matrix": [
          [
            -0.4858008623123169,
            0.8684358596801758,
            -0.09907709062099457,
            0.33537524938583374
          ],
          [
            0.5919114351272583,
            0.24345459043979645,
            -0.7683558464050293,
            0.19353218376636505
          ],
          [
            -0.643151044845581,
            -0.431915819644928,
            -0.6323129534721375,
            1.4768552780151367
          ],
          [
            0.0,
            0.0,
            0.0,
            1.0
          ]
        ]
      },
      "bone_length_armature_space": 0.2675247965874717,
      "parent": "upperarm_l",
      "has_children": true,
      "is_end_bone": false
    },
    "metacarpal_thumb_l": {
      "name": "metacarpal_thumb_l",
      "local": {
        "location": {
          "x": 0.0,
          "y": 0.0,
          "z": 0.0
        },
        "rotation_quaternion": {
          "w": 0.9983538389205933,
          "x": -0.05487974360585213,
          "y": 0.01626201905310154,
          "z": 0.0036845754366368055
        },
        "scale": {
          "x": 1.0,
          "y": 1.0,
          "z": 1.0
        },
        "matrix_basis": [
          [
            0.9994439482688904,
            -0.009141931310296059,
            0.03206608071923256,
            0.0
          ],
          [
            0.005572109017521143,
            0.993949294090271,
            0.10969864577054977,
            0.0
          ],
          [
            -0.03287491574883461,
            -0.10945896804332733,
            0.9934475421905518,
            0.0
          ],
          [
            0.0,
            0.0,
            0.0,
            1.0
          ]
        ],
        "rotation_mode": "QUATERNION"
      },
      "armature_space": {
        "head": {
          "x": 0.567703127861023,
          "y": 0.19541823863983154,
          "z": 0.4114532768726349
        },
        "tail": {
          "x": 0.5973542332649231,
          "y": 0.184456929564476,
          "z": 0.3733184337615967
        }
      },
      "world_space": {
        "head": {
          "x": 0.567703127861023,
          "y": 0.25866222381591797,
          "z": 1.3613072633743286
        },
        "tail": {
          "x": 0.5973542332649231,
          "y": 0.24770092964172363,
          "z": 1.3231724500656128
        },
        "rotation_quaternion": {
          "w": 0.43596789240837097,
          "x": -0.7741861939430237,
          "y": -0.4464152753353119,
          "z": 0.10621362924575806
        },
        "matrix": [
          [
            0.5788618922233582,
            0.5986054539680481,
            -0.5537055134773254,
            0.567703127861023
          ],
          [
            0.7838304042816162,
            -0.22128993272781372,
            0.5802074074745178,
            0.25866222381591797
          ],
          [
            0.22478830814361572,
            -0.769877016544342,
            -0.5973053574562073,
            1.3613072633743286
          ],
          [
            0.0,
            0.0,
            0.0,
            1.0
          ]
        ]
      },
      "bone_length_armature_space": 0.049533873445298665,
      "parent": "lowerarm_l",
      "has_children": true,
      "is_end_bone": false
    },
    "thumb_01_l": {
      "name": "thumb_01_l",
      "local": {
        "location": {
          "x": 0.0,
          "y": 0.0,
          "z": 0.0
        },
        "rotation_quaternion": {
          "w": 0.9578239321708679,
          "x": 0.28622978925704956,
          "y": 0.021155230700969696,
          "z": -0.01408604346215725
        },
        "scale": {
          "x": 1.0,
          "y": 1.0,
          "z": 1.0
        },
        "matrix_basis": [
          [
            0.9987080693244934,
            0.03909441456198692,
            0.03246228024363518,
            0.0
          ],
          [
            -0.01487338449805975,
            0.8357481956481934,
            -0.548911452293396,
            0.0
          ],
          [
            -0.048589661717414856,
            0.5477194786071777,
            0.8352499008178711,
            0.0
          ],
          [
            0.0,
            0.0,
            0.0,
            1.0
          ]
        ],
        "rotation_mode": "QUATERNION"
      },
      "armature_space": {
        "head": {
          "x": 0.5973542332649231,
          "y": 0.184456929564476,
          "z": 0.3733184337615967
        },
        "tail": {
          "x": 0.6067472696304321,
          "y": 0.2042093425989151,
          "z": 0.34723690152168274
        }
      },
      "world_space": {
        "head": {
          "x": 0.5973542332649231,
          "y": 0.24770092964172363,
          "z": 1.3231724500656128
        },
        "tail": {
          "x": 0.6067472696304321,
          "y": 0.2674533426761627,
          "z": 1.2970908880233765
        },
        "rotation_quaternion": {
          "w": 0.8639287352561951,
          "x": -0.38235393166542053,
          "y": 0.2092238813638687,
          "z": -0.25230535864830017
        },
        "matrix": [
          [
            0.7851340174674988,
            0.2759530246257782,
            0.554449200630188,
            0.5973542332649231
          ],
          [
            -0.5959433317184448,
            0.5802947878837585,
            0.5550762414932251,
            0.24770092964172363
          ],
          [
            -0.1685706228017807,
            -0.7662346363067627,
            0.6200666427612305,
            1.3231724500656128
          ],
          [
            0.0,
            0.0,
            0.0,
            1.0
          ]
        ]
      },
      "bone_length_armature_space": 0.03403870294934037,
      "parent": "metacarpal_thumb_l",
      "has_children": true,
      "is_end_bone": false
    },
    "thumb_02_l": {
      "name": "thumb_02_l",
      "local": {
        "location": {
          "x": 0.0,
          "y": 0.0,
          "z": 0.0
        },
        "rotation_quaternion": {
          "w": 0.8841274380683899,
          "x": 0.467062383890152,
          "y": 0.013026618398725986,
          "z": 0.001316153327934444
        },
        "scale": {
          "x": 1.0,
          "y": 1.0,
          "z": 1.0
        },
        "matrix_basis": [
          [
            0.999657154083252,
            0.0098411925137043,
            0.024263832718133926,
            0.0
          ],
          [
            0.014495781622827053,
            0.5637019872665405,
            -0.8258510231971741,
            0.0
          ],
          [
            -0.0218049306422472,
            0.8259196281433105,
            0.5633660554885864,
            0.0
          ],
          [
            0.0,
            0.0,
            0.0,
            1.0
          ]
        ],
        "rotation_mode": "QUATERNION"
      },
      "armature_space": {
        "head": {
          "x": 0.6067472696304321,
          "y": 0.2042093276977539,
          "z": 0.34723687171936035
        },
        "tail": {
          "x": 0.6355067491531372,
          "y": 0.1950100213289261,
          "z": 0.37372180819511414
        }
      },
      "world_space": {
        "head": {
          "x": 0.6067472696304321,
          "y": 0.26745331287384033,
          "z": 1.2970908880233765
        },
        "tail": {
          "x": 0.6355067491531372,
          "y": 0.2582540214061737,
          "z": 1.3235758543014526
        },
        "rotation_quaternion": {
          "w": 0.6161627769470215,
          "x": 0.4561524987220764,
          "y": -0.07629544287919998,
          "z": -0.6375322341918945
        },
        "matrix": [
          [
            0.1754659116268158,
            0.7160446643829346,
            -0.6756413578987122,
            0.6067472696304321
          ],
          [
            -0.8552515506744385,
            -0.2290412038564682,
            -0.4648493826389313,
            0.26745331287384033
          ],
          [
            -0.487606942653656,
            0.6594133377075195,
            0.5722130537033081,
            1.2970908880233765
          ],
          [
            0.0,
            0.0,
            0.0,
            1.0
          ]
        ]
      },
      "bone_length_armature_space": 0.04016449580489721,
      "parent": "thumb_01_l",
      "has_children": true,
      "is_end_bone": false
    },
    "thumb_03_l": {
      "name": "thumb_03_l",
      "local": {
        "location": {
          "x": 0.0,
          "y": 0.0,
          "z": 0.0
        },
        "rotation_quaternion": {
          "w": 0.992700457572937,
          "x": 0.12045502662658691,
          "y": -0.0013481498463079333,
          "z": 0.0058892820961773396
        },
        "scale": {
          "x": 1.0,
          "y": 1.0,
          "z": 1.0
        },
        "matrix_basis": [
          [
            0.9999269843101501,
            -0.012017369270324707,
            -0.0012578306486830115,
            0.0
          ],
          [
            0.011367803439497948,
            0.9709118008613586,
            -0.23916739225387573,
            0.0
          ],
          [
            0.004095405340194702,
            0.23913563787937164,
            0.9709775447845459,
            0.0
          ],
          [
            0.0,
            0.0,
            0.0,
            1.0
          ]
        ],
        "rotation_mode": "QUATERNION"
      },
      "armature_space": {
        "head": {
          "x": 0.635506808757782,
          "y": 0.1950100213289261,
          "z": 0.373721718788147
        },
        "tail": {
          "x": 0.6442016363143921,
          "y": 0.18404889106750488,
          "z": 0.40076160430908203
        }
      },
      "world_space": {
        "head": {
          "x": 0.635506808757782,
          "y": 0.2582540214061737,
          "z": 1.323575735092163
        },
        "tail": {
          "x": 0.6442016363143921,
          "y": 0.2472928911447525,
          "z": 1.3506156206130981
        },
        "rotation_quaternion": {
          "w": 0.5473074316978455,
          "x": 0.695755660533905,
          "y": -0.14296551048755646,
          "z": -0.442650705575943
        },
        "matrix": [
          [
            0.5672440528869629,
            0.28559231758117676,
            -0.7724447250366211,
            0.635506808757782
          ],
          [
            -0.6834685802459717,
            -0.3600319027900696,
            -0.6350179314613342,
            0.2582540214061737
          ],
          [
            -0.45946475863456726,
            0.8881580829620361,
            -0.009033292531967163,
            1.323575735092163
          ],
          [
            0.0,
            0.0,
            0.0,
            1.0
          ]
        ]
      },
      "bone_length_armature_space": 0.030445061834074045,
      "parent": "thumb_02_l",
      "has_children": false,
      "is_end_bone": true
    },
    "metacarpal_index_l": {
      "name": "metacarpal_index_l",
      "local": {
        "location": {
          "x": 0.0,
          "y": 0.0,
          "z": 0.0
        },
        "rotation_quaternion": {
          "w": 0.9998339414596558,
          "x": 0.015748649835586548,
          "y": 0.003206780878826976,
          "z": 0.008591582998633385
        },
        "scale": {
          "x": 1.0,
          "y": 1.0,
          "z": 1.0
        },
        "matrix_basis": [
          [
            0.9998317956924438,
            -0.0170793067663908,
            0.006683108396828175,
            0.0
          ],
          [
            0.017281318083405495,
            0.9993563294410706,
            -0.03143696486949921,
            0.0
          ],
          [
            -0.006141885183751583,
            0.031547170132398605,
            0.9994834065437317,
            0.0
          ],
          [
            0.0,
            0.0,
            0.0,
            1.0
          ]
        ],
        "rotation_mode": "QUATERNION"
      },
      "armature_space": {
        "head": {
          "x": 0.567703127861023,
          "y": 0.19541823863983154,
          "z": 0.4114532768726349
        },
        "tail": {
          "x": 0.6556726098060608,
          "y": 0.1966046392917633,
          "z": 0.33406299352645874
        }
      },
      "world_space": {
        "head": {
          "x": 0.567703127861023,
          "y": 0.25866222381591797,
          "z": 1.3613072633743286
        },
        "tail": {
          "x": 0.6556726098060608,
          "y": 0.2598486542701721,
          "z": 1.28391695022583
        },
        "rotation_quaternion": {
          "w": 0.25558900833129883,
          "x": -0.6599869132041931,
          "y": -0.6631271839141846,
          "z": 0.24362672865390778
        },
        "matrix": [
          [
            0.0018199579790234566,
            0.750774085521698,
            -0.6605563163757324,
            0.567703127861023
          ],
          [
            0.9998469948768616,
            0.01012527197599411,
            0.014262858778238297,
            0.25866222381591797
          ],
          [
            0.017397597432136536,
            -0.6604859828948975,
            -0.7506462931632996,
            1.3613072633743286
          ],
          [
            0.0,
            0.0,
            0.0,
            1.0
          ]
        ]
      },
      "bone_length_armature_space": 0.11717206671159285,
      "parent": "lowerarm_l",
      "has_children": true,
      "is_end_bone": false
    },
    "index_01_l": {
      "name": "index_01_l",
      "local": {
        "location": {
          "x": 0.0,
          "y": 0.0,
          "z": 0.0
        },
        "rotation_quaternion": {
          "w": 0.9531481266021729,
          "x": 0.30168136954307556,
          "y": -0.009094279259443283,
          "z": -0.02035602554678917
        },
        "scale": {
          "x": 1.0,
          "y": 1.0,
          "z": 1.0
        },
        "matrix_basis": [
          [
            0.9990058541297913,
            0.03331746533513069,
            -0.029618456959724426,
            0.0
          ],
          [
            -0.04429176449775696,
            0.817147970199585,
            -0.5747238397598267,
            0.0
          ],
          [
            0.005054323002696037,
            0.5754643082618713,
            0.8178113102912903,
            0.0
          ],
          [
            0.0,
            0.0,
            0.0,
            1.0
          ]
        ],
        "rotation_mode": "QUATERNION"
      },
      "armature_space": {
        "head": {
          "x": 0.6556726098060608,
          "y": 0.1966046392917633,
          "z": 0.33406299352645874
        },
        "tail": {
          "x": 0.6645075678825378,
          "y": 0.20685578882694244,
          "z": 0.30896449089050293
        }
      },
      "world_space": {
        "head": {
          "x": 0.6556726098060608,
          "y": 0.2598486542701721,
          "z": 1.28391695022583
        },
        "tail": {
          "x": 0.6645075678825378,
          "y": 0.27009978890419006,
          "z": 1.258818507194519
        },
        "rotation_quaternion": {
          "w": 0.4124968945980072,
          "x": -0.42976054549217224,
          "y": -0.7138634324073792,
          "z": 0.368172824382782
        },
        "matrix": [
          [
            -0.2903035581111908,
            0.30984216928482056,
            -0.9053846597671509,
            0.6556726098060608
          ],
          [
            0.9173214435577393,
            0.35950836539268494,
            -0.17109954357147217,
            0.2598486542701721
          ],
          [
            0.27248236536979675,
            -0.8802056312561035,
            -0.38859444856643677,
            1.28391695022583
          ],
          [
            0.0,
            0.0,
            0.0,
            1.0
          ]
        ]
      },
      "bone_length_armature_space": 0.028514511846222525,
      "parent": "metacarpal_index_l",
      "has_children": true,
      "is_end_bone": false
    },
    "index_02_l": {
      "name": "index_02_l",
      "local": {
        "location": {
          "x": 0.0,
          "y": 0.0,
          "z": 0.0
        },
        "rotation_quaternion": {
          "w": 0.8933675289154053,
          "x": 0.4492131471633911,
          "y": -0.009133096784353256,
          "z": -0.004337077960371971
        },
        "scale": {
          "x": 1.0,
          "y": 1.0,
          "z": 1.0
        },
        "matrix_basis": [
          [
            0.9997955560684204,
            -0.0004562050453387201,
            -0.020214969292283058,
            0.0
          ],
          [
            -0.015954622998833656,
            0.5963774919509888,
            -0.8025456666946411,
            0.0
          ],
          [
            0.01242187898606062,
            0.8027040958404541,
            0.5962482690811157,
            0.0
          ],
          [
            0.0,
            0.0,
            0.0,
            1.0
          ]
        ],
        "rotation_mode": "QUATERNION"
      },
      "armature_space": {
        "head": {
          "x": 0.6645074486732483,
          "y": 0.2068556547164917,
          "z": 0.30896395444869995
        },
        "tail": {
          "x": 0.6516162157058716,
          "y": 0.20839788019657135,
          "z": 0.28683850169181824
        }
      },
      "world_space": {
        "head": {
          "x": 0.6645074486732483,
          "y": 0.2700996398925781,
          "z": 1.2588179111480713
        },
        "tail": {
          "x": 0.6516162157058716,
          "y": 0.27164188027381897,
          "z": 1.2366925477981567
        },
        "rotation_quaternion": {
          "w": 0.5262376666069031,
          "x": -0.18963804841041565,
          "y": -0.5031226873397827,
          "z": 0.6587707996368408
        },
        "matrix": [
          [
            -0.37421914935112,
            -0.5025171041488647,
            -0.7793821096420288,
            0.6645074486732483
          ],
          [
            0.884164035320282,
            0.06011831760406494,
            -0.46329230070114136,
            0.2700996398925781
          ],
          [
            0.2796702980995178,
            -0.8624807000160217,
            0.42181265354156494,
            1.2588179111480713
          ],
          [
            0.0,
            0.0,
            0.0,
            1.0
          ]
        ]
      },
      "bone_length_armature_space": 0.025653421472142095,
      "parent": "index_01_l",
      "has_children": true,
      "is_end_bone": false
    },
    "index_03_l": {
      "name": "index_03_l",
      "local": {
        "location": {
          "x": 0.0,
          "y": 0.0,
          "z": 0.0
        },
        "rotation_quaternion": {
          "w": 0.9256042838096619,
          "x": 0.3784501850605011,
          "y": -0.0028194512706249952,
          "z": -0.004938302095979452
        },
        "scale": {
          "x": 1.0,
          "y": 1.0,
          "z": 1.0
        },
        "matrix_basis": [
          [
            0.9999353289604187,
            0.007007783278822899,
            -0.008957195095717907,
            0.0
          ],
          [
            -0.011275870725512505,
            0.7135021686553955,
            -0.7005623579025269,
            0.0
          ],
          [
            0.0014815896283835173,
            0.7006180882453918,
            0.7135350108146667,
            0.0
          ],
          [
            0.0,
            0.0,
            0.0,
            1.0
          ]
        ],
        "rotation_mode": "QUATERNION"
      },
      "armature_space": {
        "head": {
          "x": 0.6516163945198059,
          "y": 0.20839792490005493,
          "z": 0.28683844208717346
        },
        "tail": {
          "x": 0.6236386895179749,
          "y": 0.2023269385099411,
          "z": 0.2809968590736389
        }
      },
      "world_space": {
        "head": {
          "x": 0.6516163945198059,
          "y": 0.27164191007614136,
          "z": 1.2366924285888672
        },
        "tail": {
          "x": 0.6236386895179749,
          "y": 0.2655709385871887,
          "z": 1.2308509349822998
        },
        "rotation_quaternion": {
          "w": 0.6020839810371399,
          "x": 0.06962999701499939,
          "y": -0.18331874907016754,
          "z": 0.7739773392677307
        },
        "matrix": [
          [
            -0.26529252529144287,
            -0.9575275182723999,
            -0.11296457052230835,
            0.6516163945198059
          ],
          [
            0.9064703583717346,
            -0.20777741074562073,
            -0.36761415004730225,
            0.27164191007614136
          ],
          [
            0.328532338142395,
            -0.1999259889125824,
            0.9230982065200806,
            1.2366924285888672
          ],
          [
            0.0,
            0.0,
            0.0,
            1.0
          ]
        ]
      },
      "bone_length_armature_space": 0.02921870925326426,
      "parent": "index_02_l",
      "has_children": false,
      "is_end_bone": true
    },
    "metacarpal_pinky_l": {
      "name": "metacarpal_pinky_l",
      "local": {
        "location": {
          "x": 0.0,
          "y": 0.0,
          "z": 0.0
        },
        "rotation_quaternion": {
          "w": 0.9979144334793091,
          "x": -0.062385864555835724,
          "y": 0.003230396192520857,
          "z": -0.01625828631222248
        },
        "scale": {
          "x": 1.0,
          "y": 1.0,
          "z": 1.0
        },
        "matrix_basis": [
          [
            0.9994504451751709,
            0.032045695930719376,
            0.0084758922457695,
            0.0
          ],
          [
            -0.032851818948984146,
            0.9916873574256897,
            0.12440646439790726,
            0.0
          ],
          [
            -0.004418743308633566,
            -0.12461654841899872,
            0.9921951293945312,
            0.0
          ],
          [
            0.0,
            0.0,
            0.0,
            1.0
          ]
        ],
        "rotation_mode": "QUATERNION"
      },
      "armature_space": {
        "head": {
          "x": 0.567703127861023,
          "y": 0.19541823863983154,
          "z": 0.4114532768726349
        },
        "tail": {
          "x": 0.6493708491325378,
          "y": 0.2518651783466339,
          "z": 0.38003113865852356
        }
      },
      "world_space": {
        "head": {
          "x": 0.567703127861023,
          "y": 0.25866222381591797,
          "z": 1.3613072633743286
        },
        "tail": {
          "x": 0.6493708491325378,
          "y": 0.3151091933250427,
          "z": 1.3298851251602173
        },
        "rotation_quaternion": {
          "w": 0.693942129611969,
          "x": 0.13784706592559814,
          "y": 0.5380375385284424,
          "z": -0.4582120180130005
        },
        "matrix": [
          [
            0.0011136343237012625,
            0.78428053855896,
            0.6204050183296204,
            0.567703127861023
          ],
          [
            -0.4876118302345276,
            0.5420774221420288,
            -0.6843879222869873,
            0.25866222381591797
          ],
          [
            -0.8730665445327759,
            -0.30175644159317017,
            0.38303014636039734,
            1.3613072633743286
          ],
          [
            0.0,
            0.0,
            0.0,
            1.0
          ]
        ]
      },
      "bone_length_armature_space": 0.1041308057543951,
      "parent": "lowerarm_l",
      "has_children": true,
      "is_end_bone": false
    },
    "pinky_01_l": {
      "name": "pinky_01_l",
      "local": {
        "location": {
          "x": 0.0,
          "y": 0.0,
          "z": 0.0
        },
        "rotation_quaternion": {
          "w": 0.9571337699890137,
          "x": 0.288923978805542,
          "y": -0.010007516480982304,
          "z": -0.01782659813761711
        },
        "scale": {
          "x": 1.0,
          "y": 1.0,
          "z": 1.0
        },
        "matrix_basis": [
          [
            0.9991641044616699,
            0.028342055156826973,
            -0.029458127915859222,
            0.0
          ],
          [
            -0.039907701313495636,
            0.8324102759361267,
            -0.5527210235595703,
            0.0
          ],
          [
            0.008856000378727913,
            0.5534346103668213,
            0.8328455686569214,
            0.0
          ],
          [
            0.0,
            0.0,
            0.0,
            1.0
          ]
        ],
        "rotation_mode": "QUATERNION"
      },
      "armature_space": {
        "head": {
          "x": 0.6493708491325378,
          "y": 0.2518651783466339,
          "z": 0.38003113865852356
        },
        "tail": {
          "x": 0.6554080843925476,
          "y": 0.26545000076293945,
