{
  "metadata": {
    "armature_name": "KIM_caucasian_male",
    "export_time": "2026-01-13T21:07:55.606618",
    "blender_version": "4.4.1",
    "bone_count": 56,
    "end_bone_count": 13,
    "spaces_included": [
      "LOCAL_CHANNELS",
      "ARMATURE_SPACE",
      "WORLD_SPACE"
    ],
    "note": "LOCAL matches Transform panel; replay pose via local.matrix_basis for best fidelity."
  },
  "bones": {
    "Root": {
      "name": "Root",
      "local": {
        "location": {
          "x": 0.0,
          "y": 0.0,
          "z": 0.0
        },
        "rotation_quaternion": {
          "w": 0.9994418621063232,
          "x": -0.007807036861777306,
          "y": 0.015515322797000408,
          "z": 0.028534963726997375
        },
        "scale": {
          "x": 1.0,
          "y": 1.0,
          "z": 1.0
        },
        "matrix_basis": [
          [
            0.997890055179596,
            -0.05728033185005188,
            0.030567778274416924,
            0.0
          ],
          [
            0.056795816868543625,
            0.9982495903968811,
            0.016490817070007324,
            0.0
          ],
          [
            -0.03145887330174446,
            -0.01471990067511797,
            0.9993966221809387,
            0.0
          ],
          [
            0.0,
            0.0,
            0.0,
            1.0
          ]
        ],
        "rotation_mode": "QUATERNION"
      },
      "armature_space": {
        "head": {
          "x": 0.0,
          "y": 0.07072800397872925,
          "z": -0.009595036506652832
        },
        "tail": {
          "x": -0.004088433459401131,
          "y": 0.00026503950357437134,
          "z": 0.0010243207216262817
        }
      },
      "world_space": {
        "head": {
          "x": 0.0,
          "y": 0.13397200405597687,
          "z": 0.9402589797973633
        },
        "tail": {
          "x": -0.004088433459401131,
          "y": 0.06350903958082199,
          "z": 0.9508783221244812
        },
        "rotation_quaternion": {
          "w": 0.07511936128139496,
          "x": 0.996645450592041,
          "y": -0.027424903586506844,
          "z": 0.017402416095137596
        },
        "matrix": [
          [
            0.997890055179596,
            -0.05728033185005188,
            0.030567778274416924,
            0.0
          ],
          [
            -0.05205128341913223,
            -0.9872098565101624,
            -0.1506897211074829,
            0.13397200405597687
          ],
          [
            0.03880859166383743,
            0.14878077805042267,
            -0.9881154298782349,
            0.9402589797973633
          ],
          [
            0.0,
            0.0,
            0.0,
            1.0
          ]
        ]
      },
      "bone_length_armature_space": 0.07137587288900031,
      "parent": null,
      "has_children": true,
      "is_end_bone": false
    },
    "spine_01": {
      "name": "spine_01",
      "local": {
        "location": {
          "x": 0.0,
          "y": 0.0,
          "z": 0.0
        },
        "rotation_quaternion": {
          "w": 0.9979608654975891,
          "x": -0.03241858631372452,
          "y": -0.05081569775938988,
          "z": 0.021000215783715248
        },
        "scale": {
          "x": 1.0,
          "y": 1.0,
          "z": 1.0
        },
        "matrix_basis": [
          [
            0.99395352602005,
            -0.03862003982067108,
            -0.10278575122356415,
            0.0
          ],
          [
            0.04520953446626663,
            0.9970160722732544,
            0.06257067620754242,
            0.0
          ],
          [
            0.10006256401538849,
            -0.06683924049139023,
            0.9927335977554321,
            0.0
          ],
          [
            0.0,
            0.0,
            0.0,
            1.0
          ]
        ],
        "rotation_mode": "QUATERNION"
      },
      "armature_space": {
        "head": {
          "x": -0.004088433459401131,
          "y": 0.00026503950357437134,
          "z": 0.0010243207216262817
        },
        "tail": {
          "x": -0.038388483226299286,
          "y": 0.06453371793031693,
          "z": 0.4835609197616577
        }
      },
      "world_space": {
        "head": {
          "x": -0.004088433459401131,
          "y": 0.06350903958082199,
          "z": 0.9508783221244812
        },
        "tail": {
          "x": -0.038388483226299286,
          "y": 0.12777772545814514,
          "z": 1.4334149360656738
        },
        "rotation_quaternion": {
          "w": 0.747623085975647,
          "x": 0.6583810448646545,
          "y": -0.0831168070435524,
          "z": -0.02618846483528614
        },
        "matrix": [
          [
            0.9848116040229797,
            -0.0702868178486824,
            -0.158763587474823,
            -0.004088433459401131
          ],
          [
            -0.14860273897647858,
            0.13169777393341064,
            -0.9800882935523987,
            0.06350903958082199
          ],
          [
            0.08979659527540207,
            0.9888020157814026,
            0.11925262212753296,
            0.9508783221244812
          ],
          [
            0.0,
            0.0,
            0.0,
            1.0
          ]
        ]
      },
      "bone_length_armature_space": 0.48800464937712,
      "parent": "Root",
      "has_children": true,
      "is_end_bone": false
    },
    "neck_01": {
      "name": "neck_01",
      "local": {
        "location": {
          "x": 0.0,
          "y": 0.0,
          "z": 0.0
        },
        "rotation_quaternion": {
          "w": 0.9829599857330322,
          "x": 0.055420733988285065,
          "y": -0.08078593760728836,
          "z": -0.15553736686706543
        },
        "scale": {
          "x": 1.0,
          "y": 1.0,
          "z": 1.0
        },
        "matrix_basis": [
          [
            0.9385635256767273,
            0.2968195974826813,
            -0.17605867981910706,
            0.0
          ],
          [
            -0.31472843885421753,
            0.945473313331604,
            -0.08382226526737213,
            0.0
          ],
          [
            0.14157870411872864,
            0.13408319652080536,
            0.9808043241500854,
            0.0
          ],
          [
            0.0,
            0.0,
            0.0,
            1.0
          ]
        ],
        "rotation_mode": "QUATERNION"
      },
      "armature_space": {
        "head": {
          "x": -0.0490407720208168,
          "y": 0.040186528116464615,
          "z": 0.5600951910018921
        },
        "tail": {
          "x": -0.032902929931879044,
          "y": -0.0018154941499233246,
          "z": 0.6522154211997986
        }
      },
      "world_space": {
        "head": {
          "x": -0.0490407720208168,
          "y": 0.10343052446842194,
          "z": 1.5099492073059082
        },
        "tail": {
          "x": -0.032902929931879044,
          "y": 0.061428505927324295,
          "z": 1.60206937789917
        },
        "rotation_quaternion": {
          "w": 0.5431443452835083,
          "x": 0.8234952092170715,
          "y": -0.012200738303363323,
          "z": -0.163404181599617
        },
        "matrix": [
          [
            0.946300745010376,
            0.15740959346294403,
            -0.2823777496814728,
            -0.0490407720208168
          ],
          [
            -0.19759787619113922,
            -0.4096905589103699,
            -0.8905667662620544,
            0.10343052446842194
          ],
          [
            -0.2558731138706207,
            0.8985468149185181,
            -0.3565898835659027,
            1.5099492073059082
          ],
          [
            0.0,
            0.0,
            0.0,
            1.0
          ]
        ]
      },
      "bone_length_armature_space": 0.10252188371193856,
      "parent": "spine_01",
      "has_children": true,
      "is_end_bone": false
    },
    "head": {
      "name": "head",
      "local": {
        "location": {
          "x": 0.0,
          "y": 0.0,
          "z": 0.0
        },
        "rotation_quaternion": {
          "w": 0.9845627546310425,
          "x": -0.07802049815654755,
          "y": 0.01679137721657753,
          "z": -0.15577895939350128
        },
        "scale": {
          "x": 1.0,
          "y": 1.0,
          "z": 1.0
        },
        "matrix_basis": [
          [
            0.9509019255638123,
            0.30412817001342773,
            0.057372234761714935,
            0.0
          ],
          [
            -0.30936846137046814,
            0.9392914175987244,
            0.1484006643295288,
            0.0
          ],
          [
            -0.008756425231695175,
            -0.1588636338710785,
            0.9872617125511169,
            0.0
          ],
          [
            0.0,
            0.0,
            0.0,
            1.0
          ]
        ],
        "rotation_mode": "QUATERNION"
      },
      "armature_space": {
        "head": {
          "x": -0.03290298581123352,
          "y": -0.00181560218334198,
          "z": 0.652215301990509
        },
        "tail": {
          "x": 0.05302778631448746,
          "y": 0.004087029956281185,
          "z": 0.7811892032623291
        }
      },
      "world_space": {
        "head": {
          "x": -0.03290298581123352,
          "y": 0.06142839789390564,
          "z": 1.60206937789917
        },
        "tail": {
          "x": 0.05302778631448746,
          "y": 0.06733103096485138,
          "z": 1.7310432195663452
        },
        "rotation_quaternion": {
          "w": 0.704365611076355,
          "x": 0.6450439691543579,
          "y": 0.1513218730688095,
          "z": -0.2547333836555481
        },
        "matrix": [
          [
            0.8244248032569885,
            0.5540695786476135,
            -0.11545877158641815,
            -0.03290298581123352
          ],
          [
            -0.16363562643527985,
            0.03805934637784958,
            -0.9857866764068604,
            0.06142839789390564
          ],
          [
            -0.5418038368225098,
            0.8316057920455933,
            0.12204252183437347,
            1.60206937789917
          ],
          [
            0.0,
            0.0,
            0.0,
            1.0
          ]
        ]
      },
      "bone_length_armature_space": 0.15509095898123948,
      "parent": "neck_01",
      "has_children": false,
      "is_end_bone": true
    },
    "upperarm_l": {
      "name": "upperarm_l",
      "local": {
        "location": {
          "x": 0.0,
          "y": 0.0,
          "z": 0.0
        },
        "rotation_quaternion": {
          "w": 0.9731823205947876,
          "x": -0.0032732414547353983,
          "y": 0.22964338958263397,
          "z": -0.013021038845181465
        },
        "scale": {
          "x": 1.0,
          "y": 1.0,
          "z": 1.0
        },
        "matrix_basis": [
          [
            0.8941887617111206,
            0.02384033240377903,
            0.44705501198768616,
            0.0
          ],
          [
            -0.026847045868635178,
            0.9996394515037537,
            0.00039053044747561216,
            0.0
          ],
          [
            -0.44688454270362854,
            -0.012351312674582005,
            0.8945063948631287,
            0.0
          ],
          [
            0.0,
            0.0,
            0.0,
            1.0
          ]
        ],
        "rotation_mode": "QUATERNION"
      },
      "armature_space": {
        "head": {
          "x": 0.1028984859585762,
          "y": 0.005919378250837326,
          "z": 0.5074898600578308
        },
        "tail": {
          "x": 0.3692372739315033,
          "y": -0.021741800010204315,
          "z": 0.5177918076515198
        }
      },
      "world_space": {
        "head": {
          "x": 0.1028984859585762,
          "y": 0.06916338205337524,
          "z": 1.4573438167572021
        },
        "tail": {
          "x": 0.3692372739315033,
          "y": 0.041502200067043304,
          "z": 1.4676458835601807
        },
        "rotation_quaternion": {
          "w": 0.39149853587150574,
          "x": 0.6188751459121704,
          "y": 0.5432449579238892,
          "z": -0.41061824560165405
        },
        "matrix": [
          [
            0.07255373895168304,
            0.9939148426055908,
            -0.08288151770830154,
            0.1028984859585762
          ],
          [
            0.35088881850242615,
            -0.10322512686252594,
            -0.9307104349136353,
            0.06916338205337524
          ],
          [
            -0.9336084723472595,
            0.03844444826245308,
            -0.3562462329864502,
            1.4573438167572021
          ],
          [
            0.0,
            0.0,
            0.0,
            1.0
          ]
        ]
      },
      "bone_length_armature_space": 0.26796944405272344,
      "parent": "spine_01",
      "has_children": true,
      "is_end_bone": false
    },
    "lowerarm_l": {
      "name": "lowerarm_l",
      "local": {
        "location": {
          "x": 0.0,
          "y": 0.0,
          "z": 0.0
        },
        "rotation_quaternion": {
          "w": 0.9591742753982544,
          "x": 0.10542823374271393,
          "y": 0.07968881726264954,
          "z": -0.25003862380981445
        },
        "scale": {
          "x": 1.0,
          "y": 1.0,
          "z": 1.0
        },
        "matrix_basis": [
          [
            0.8622607588768005,
            0.4964641332626343,
            0.10014866292476654,
            0.0
          ],
          [
            -0.46285831928253174,
            0.8527311682701111,
            -0.24209865927696228,
            0.0
          ],
          [
            -0.20559318363666534,
            0.16239753365516663,
            0.9650691747665405,
            0.0
          ],
          [
            0.0,
            0.0,
            0.0,
            1.0
          ]
        ],
        "rotation_mode": "QUATERNION"
      },
      "armature_space": {
        "head": {
          "x": 0.36923736333847046,
          "y": -0.021741898730397224,
          "z": 0.5177919268608093
        },
        "tail": {
          "x": 0.5962563157081604,
          "y": -0.0890287533402443,
          "z": 0.39327508211135864
        }
      },
      "world_space": {
        "head": {
          "x": 0.36923736333847046,
          "y": 0.041502103209495544,
          "z": 1.4676458835601807
        },
        "tail": {
          "x": 0.5962563157081604,
          "y": -0.025784753262996674,
          "z": 1.3431291580200195
        },
        "rotation_quaternion": {
          "w": 0.16528788208961487,
          "x": 0.5649946331977844,
          "y": 0.5890013575553894,
          "z": -0.5536590814590454
        },
        "matrix": [
          [
            -0.3069189190864563,
            0.8485913872718811,
            -0.43092140555381775,
            0.36923736333847046
          ],
          [
            0.4825414717197418,
            -0.2515166401863098,
            -0.8389836549758911,
            0.041502103209495544
          ],
          [
            -0.8203433752059937,
            -0.46544089913368225,
            -0.33228832483291626,
            1.4676458835601807
          ],
          [
            0.0,
            0.0,
            0.0,
            1.0
          ]
        ]
      },
      "bone_length_armature_space": 0.26752489406265034,
      "parent": "upperarm_l",
      "has_children": true,
      "is_end_bone": false
    },
    "metacarpal_thumb_l": {
      "name": "metacarpal_thumb_l",
      "local": {
        "location": {
          "x": 0.0,
          "y": 0.0,
          "z": 0.0
        },
        "rotation_quaternion": {
          "w": 0.9990328550338745,
          "x": -0.0387851819396019,
          "y": -0.006859753746539354,
          "z": 0.019544795155525208
        },
        "scale": {
          "x": 1.0,
          "y": 1.0,
          "z": 1.0
        },
        "matrix_basis": [
          [
            0.9991418719291687,
            -0.03851967304944992,
            -0.015222335234284401,
            0.0
          ],
          [
            0.039583899080753326,
            0.9962274432182312,
            0.07722719758749008,
            0.0
          ],
          [
            0.012190141715109348,
            -0.07776349037885666,
            0.996897280216217,
            0.0
          ],
          [
            0.0,
            0.0,
            0.0,
            1.0
          ]
        ],
        "rotation_mode": "QUATERNION"
      },
      "armature_space": {
        "head": {
          "x": 0.5962563157081604,
          "y": -0.0890287533402443,
          "z": 0.39327508211135864
        },
        "tail": {
          "x": 0.6141045093536377,
          "y": -0.12205681204795837,
          "z": 0.3609611392021179
        }
      },
      "world_space": {
        "head": {
          "x": 0.5962563157081604,
          "y": -0.025784753262996674,
          "z": 1.3431291580200195
        },
        "tail": {
          "x": 0.6141045093536377,
          "y": -0.058812811970710754,
          "z": 1.3108150959014893
        },
        "rotation_quaternion": {
          "w": 0.32165291905403137,
          "x": -0.9014483094215393,
          "y": -0.2512957751750946,
          "z": 0.14415523409843445
        },
        "matrix": [
          [
            0.8321387767791748,
            0.3603247106075287,
            -0.42155763506889343,
            0.5962563157081604
          ],
          [
            0.5457970499992371,
            -0.6667799353599548,
            0.5074549317359924,
            -0.025784753262996674
          ],
          [
            -0.09823782742023468,
            -0.6523628830909729,
            -0.7515223622322083,
            1.3431291580200195
          ],
          [
            0.0,
            0.0,
            0.0,
            1.0
          ]
        ]
      },
      "bone_length_armature_space": 0.049533843259697556,
      "parent": "lowerarm_l",
      "has_children": true,
      "is_end_bone": false
    },
    "thumb_01_l": {
      "name": "thumb_01_l",
      "local": {
        "location": {
          "x": 0.0,
          "y": 0.0,
          "z": 0.0
        },
        "rotation_quaternion": {
          "w": 0.9760109782218933,
          "x": 0.2170713245868683,
          "y": 0.01100752130150795,
          "z": -0.012705130502581596
        },
        "scale": {
          "x": 1.0,
          "y": 1.0,
          "z": 1.0
        },
        "matrix_basis": [
          [
            0.9994348287582397,
            0.0295795276761055,
            0.01597108505666256,
            0.0
          ],
          [
            -0.02002185955643654,
            0.9054372310638428,
            -0.42400768399238586,
            0.0
          ],
          [
            -0.027002763003110886,
            0.4234482944011688,
            0.9055177569389343,
            0.0
          ],
          [
            0.0,
            0.0,
            0.0,
            1.0
          ]
        ],
        "rotation_mode": "QUATERNION"
      },
      "armature_space": {
        "head": {
          "x": 0.6141045093536377,
          "y": -0.12205681204795837,
          "z": 0.3609611392021179
        },
        "tail": {
          "x": 0.6210561990737915,
          "y": -0.11926134675741196,
          "z": 0.32775723934173584
        }
      },
      "world_space": {
        "head": {
          "x": 0.6141045093536377,
          "y": -0.058812811970710754,
          "z": 1.3108150959014893
        },
        "tail": {
          "x": 0.6210561990737915,
          "y": -0.05601734668016434,
          "z": 1.277611255645752
        },
        "rotation_quaternion": {
          "w": 0.6756361126899719,
          "x": -0.5541574954986572,
          "y": 0.29082533717155457,
          "z": -0.3896740972995758
        },
        "matrix": [
          [
            0.527148425579071,
            0.20423009991645813,
            0.8248662948608398,
            0.6141045093536377
          ],
          [
            -0.8488825559616089,
            0.0821264237165451,
            0.522162914276123,
            -0.058812811970710754
          ],
          [
            0.03889764845371246,
            -0.9754786491394043,
            0.21666207909584045,
            1.3108150959014893
          ],
          [
            0.0,
            0.0,
            0.0,
            1.0
          ]
        ]
      },
      "bone_length_armature_space": 0.034038795238122525,
      "parent": "metacarpal_thumb_l",
      "has_children": true,
      "is_end_bone": false
    },
    "thumb_02_l": {
      "name": "thumb_02_l",
      "local": {
        "location": {
          "x": 0.0,
          "y": 0.0,
          "z": 0.0
        },
        "rotation_quaternion": {
          "w": 0.9343458414077759,
          "x": 0.3563140332698822,
          "y": 0.006169623229652643,
          "z": 0.00037992093712091446
        },
        "scale": {
          "x": 1.0,
          "y": 1.0,
          "z": 1.0
        },
        "matrix_basis": [
          [
            0.999923586845398,
            0.0036866916343569756,
            0.011799866333603859,
            0.0
          ],
          [
            0.0051066018640995026,
            0.7460803389549255,
            -0.6658363938331604,
            0.0
          ],
          [
            -0.0112583814188838,
            0.6658457517623901,
            0.7460044622421265,
            0.0
          ],
          [
            0.0,
            0.0,
            0.0,
            1.0
          ]
        ],
        "rotation_mode": "QUATERNION"
      },
      "armature_space": {
        "head": {
          "x": 0.6210561394691467,
          "y": -0.11926133930683136,
          "z": 0.32775723934173584
        },
        "tail": {
          "x": 0.6572175621986389,
          "y": -0.12705658376216888,
          "z": 0.34340232610702515
        }
      },
      "world_space": {
        "head": {
          "x": 0.6210561394691467,
          "y": -0.05601733922958374,
          "z": 1.277611255645752
        },
        "tail": {
          "x": 0.6572175621986389,
          "y": -0.06381258368492126,
          "z": 1.2932562828063965
        },
        "rotation_quaternion": {
          "w": 0.6183784604072571,
          "x": 0.13867123425006866,
          "y": -0.14340892434120178,
          "z": -0.7601396441459656
        },
        "matrix": [
          [
            -0.1967557668685913,
            0.9003347158432007,
            -0.38818082213401794,
            0.6210561394691467
          ],
          [
            -0.979881763458252,
            -0.19408351182937622,
            0.04651730880141258,
            -0.05601733922958374
          ],
          [
            -0.03345943242311478,
            0.3895264267921448,
            0.9204149842262268,
            1.277611255645752
          ],
          [
            0.0,
            0.0,
            0.0,
            1.0
          ]
        ]
      },
      "bone_length_armature_space": 0.040164450335226594,
      "parent": "thumb_01_l",
      "has_children": true,
      "is_end_bone": false
    },
    "thumb_03_l": {
      "name": "thumb_03_l",
      "local": {
        "location": {
          "x": 0.0,
          "y": 0.0,
          "z": 0.0
        },
        "rotation_quaternion": {
          "w": 0.9857489466667175,
          "x": 0.16818483173847198,
          "y": 0.002942487597465515,
          "z": -0.0020587118342518806
        },
        "scale": {
          "x": 1.0,
          "y": 1.0,
          "z": 1.0
        },
        "matrix_basis": [
          [
            0.9999741911888123,
            0.0050485096871852875,
            0.005108620040118694,
            0.0
          ],
          [
            -0.0030689823906868696,
            0.9434192776679993,
            -0.33158814907073975,
            0.0
          ],
          [
            -0.006493596360087395,
            0.33156391978263855,
            0.9434103965759277,
            0.0
          ],
          [
            0.0,
            0.0,
            0.0,
            1.0
          ]
        ],
        "rotation_mode": "QUATERNION"
      },
      "armature_space": {
        "head": {
          "x": 0.6572175025939941,
          "y": -0.12705662846565247,
          "z": 0.34340226650238037
        },
        "tail": {
          "x": 0.6736345887184143,
          "y": -0.13061586022377014,
          "z": 0.36879342794418335
        }
      },
      "world_space": {
        "head": {
          "x": 0.6572175025939941,
          "y": -0.06381262838840485,
          "z": 1.2932562828063965
        },
        "tail": {
          "x": 0.6736345887184143,
          "y": -0.06737186014652252,
          "z": 1.3186473846435547
        },
        "rotation_quaternion": {
          "w": 0.6232051849365234,
          "x": 0.4477652311325073,
          "y": -0.23056983947753906,
          "z": -0.5982968807220459
        },
        "matrix": [
          [
            0.17775249481201172,
            0.5392401218414307,
            -0.8231791853904724,
            0.6572175025939941
          ],
          [
            -0.9522070288658142,
            -0.11690746247768402,
            -0.2821967601776123,
            -0.06381262838840485
          ],
          [
            -0.24841010570526123,
            0.8340039253234863,
            0.49269071221351624,
            1.2932562828063965
          ],
          [
            0.0,
            0.0,
            0.0,
            1.0
          ]
        ]
      },
      "bone_length_armature_space": 0.030445031079488177,
      "parent": "thumb_02_l",
      "has_children": false,
      "is_end_bone": true
    },
    "metacarpal_index_l": {
      "name": "metacarpal_index_l",
      "local": {
        "location": {
          "x": 0.0,
          "y": 0.0,
          "z": 0.0
        },
        "rotation_quaternion": {
          "w": 0.9997103214263916,
          "x": -0.022586669772863388,
          "y": 0.006291254423558712,
          "z": 0.005451458040624857
        },
        "scale": {
          "x": 1.0,
          "y": 1.0,
          "z": 1.0
        },
        "matrix_basis": [
          [
            0.9998614192008972,
            -0.011183954775333405,
            0.012332603335380554,
            0.0
          ],
          [
            0.010615561157464981,
            0.9989202618598938,
            0.04522884637117386,
            0.0
          ],
          [
            -0.012825124897062778,
            -0.045091662555933,
            0.9989005327224731,
            0.0
          ],
          [
            0.0,
            0.0,
            0.0,
            1.0
          ]
        ],
        "rotation_mode": "QUATERNION"
      },
      "armature_space": {
        "head": {
          "x": 0.5962563157081604,
          "y": -0.0890287533402443,
          "z": 0.39327508211135864
        },
        "tail": {
          "x": 0.676582932472229,
          "y": -0.14523527026176453,
          "z": 0.3291054368019104
        }
      },
      "world_space": {
        "head": {
          "x": 0.5962563157081604,
          "y": -0.025784753262996674,
          "z": 1.3431291580200195
        },
        "tail": {
          "x": 0.676582932472229,
          "y": -0.0819912701845169,
          "z": 1.2789595127105713
        },
        "rotation_quaternion": {
          "w": 0.16281116008758545,
          "x": -0.8082451820373535,
          "y": -0.48336902260780334,
          "z": 0.29425621032714844
        },
        "matrix": [
          [
            0.35953378677368164,
            0.6855459809303284,
            -0.633057713508606,
            0.5962563157081604
          ],
          [
            0.8771781325340271,
            -0.47969353199005127,
            -0.021288426592946053,
            -0.025784753262996674
          ],
          [
            -0.318269282579422,
            -0.5476546883583069,
            -0.773817241191864,
            1.3431291580200195
          ],
          [
            0.0,
            0.0,
            0.0,
            1.0
          ]
        ]
      },
      "bone_length_armature_space": 0.11717201667065671,
      "parent": "lowerarm_l",
      "has_children": true,
      "is_end_bone": false
    },
    "index_01_l": {
      "name": "index_01_l",
      "local": {
        "location": {
          "x": 0.0,
          "y": 0.0,
          "z": 0.0
        },
        "rotation_quaternion": {
          "w": 0.9776784181594849,
          "x": 0.21000458300113678,
          "y": 0.001425194670446217,
          "z": 0.006419748067855835
        },
        "scale": {
          "x": 1.0,
          "y": 1.0,
          "z": 1.0
        },
        "matrix_basis": [
          [
            0.9999135136604309,
            -0.011954303830862045,
            0.005483116954565048,
            0.0
          ],
          [
            0.013151492923498154,
            0.911713719367981,
            -0.41061559319496155,
            0.0
          ],
          [
            -9.041110752150416e-05,
            0.41065219044685364,
            0.9117920994758606,
            0.0
          ],
          [
            0.0,
            0.0,
            0.0,
            1.0
          ]
        ],
        "rotation_mode": "QUATERNION"
      },
      "armature_space": {
        "head": {
          "x": 0.676582932472229,
          "y": -0.14523527026176453,
          "z": 0.3291054368019104
        },
        "tail": {
          "x": 0.6923815608024597,
          "y": -0.14959481358528137,
          "z": 0.30577144026756287
        }
      },
      "world_space": {
        "head": {
          "x": 0.676582932472229,
          "y": -0.0819912701845169,
          "z": 1.2789595127105713
        },
        "tail": {
          "x": 0.6923815608024597,
          "y": -0.08635081350803375,
          "z": 1.2556254863739014
        },
        "rotation_quaternion": {
          "w": 0.3155125677585602,
          "x": -0.6770883202552795,
          "y": -0.5692157745361328,
          "z": 0.3435065746307373
        },
        "matrix": [
          [
            0.11599025875329971,
            0.5540578365325928,
            -0.8243580460548401,
            0.676582932472229
          ],
          [
            0.987580418586731,
            -0.15288938581943512,
            0.036198023706674576,
            -0.0819912701845169
          ],
          [
            -0.10597964376211166,
            -0.8183242678642273,
            -0.5649140477180481,
            1.2789595127105713
          ],
          [
            0.0,
            0.0,
            0.0,
            1.0
          ]
        ]
      },
      "bone_length_armature_space": 0.028514516853871134,
      "parent": "metacarpal_index_l",
      "has_children": true,
      "is_end_bone": false
    },
    "index_02_l": {
      "name": "index_02_l",
      "local": {
        "location": {
          "x": 0.0,
          "y": 0.0,
          "z": 0.0
        },
        "rotation_quaternion": {
          "w": 0.9252043962478638,
          "x": 0.3793376386165619,
          "y": 0.00494768051430583,
          "z": -0.00868953950703144
        },
        "scale": {
          "x": 1.0,
          "y": 1.0,
          "z": 1.0
        },
        "matrix_basis": [
          [
            0.9998000264167786,
            0.019832883030176163,
            0.0025626926217228174,
            0.0
          ],
          [
            -0.01232551783323288,
            0.7120549082756042,
            -0.7020156979560852,
            0.0
          ],
          [
            -0.01574777066707611,
            0.7018437385559082,
            0.7121569514274597,
            0.0
          ],
          [
            0.0,
            0.0,
            0.0,
            1.0
          ]
        ],
        "rotation_mode": "QUATERNION"
      },
      "armature_space": {
        "head": {
          "x": 0.6923815011978149,
          "y": -0.14959509670734406,
          "z": 0.30577096343040466
        },
        "tail": {
          "x": 0.6885284781455994,
          "y": -0.1519460529088974,
          "z": 0.28051769733428955
        }
      },
      "world_space": {
        "head": {
          "x": 0.6923815011978149,
          "y": -0.08635109663009644,
          "z": 1.2556250095367432
        },
        "tail": {
          "x": 0.6885284781455994,
          "y": -0.08870205283164978,
          "z": 1.2303717136383057
        },
        "rotation_quaternion": {
          "w": 0.5253210663795471,
          "x": -0.4994962215423584,
          "y": -0.4221559762954712,
          "z": 0.54435795545578
        },
        "matrix": [
          [
            0.05091835558414459,
            -0.15019506216049194,
            -0.9873444437980652,
            0.6923815011978149
          ],
          [
            0.9936563372612,
            -0.09164364635944366,
            0.06518471986055374,
            -0.08635109663009644
          ],
          [
            -0.10027403384447098,
            -0.9844068884849548,
            0.14457708597183228,
            1.2556250095367432
          ],
          [
            0.0,
            0.0,
            0.0,
            1.0
          ]
        ]
      },
      "bone_length_armature_space": 0.0256534641355458,
      "parent": "index_01_l",
      "has_children": true,
      "is_end_bone": false
    },
    "index_03_l": {
      "name": "index_03_l",
      "local": {
        "location": {
          "x": 0.0,
          "y": 0.0,
          "z": 0.0
        },
        "rotation_quaternion": {
          "w": 0.9715031385421753,
          "x": 0.23697297275066376,
          "y": 0.002288820454850793,
          "z": -0.00451612239703536
        },
        "scale": {
          "x": 1.0,
          "y": 1.0,
          "z": 1.0
        },
        "matrix_basis": [
          [
            0.9999487400054932,
            0.009859631769359112,
            0.0023067945148795843,
            0.0
          ],
          [
            -0.007690077181905508,
            0.8876468539237976,
            -0.4604606330394745,
            0.0
          ],
          [
            -0.006587590556591749,
            0.46041929721832275,
            0.8876771330833435,
            0.0
          ],
          [
            0.0,
            0.0,
            0.0,
            1.0
          ]
        ],
        "rotation_mode": "QUATERNION"
      },
      "armature_space": {
        "head": {
          "x": 0.6885285973548889,
          "y": -0.15194609761238098,
          "z": 0.28051769733428955
        },
        "tail": {
          "x": 0.6696121096611023,
          "y": -0.14964734017848969,
          "z": 0.25836774706840515
        }
      },
      "world_space": {
        "head": {
          "x": 0.6885285973548889,
          "y": -0.08870209753513336,
          "z": 1.2303717136383057
        },
        "tail": {
          "x": 0.6696121096611023,
          "y": -0.08640334010124207,
          "z": 1.2082217931747437
        },
        "rotation_quaternion": {
          "w": 0.6848366856575012,
          "x": -0.3221117854118347,
          "y": -0.2652105689048767,
          "z": 0.5974162817001343
        },
        "matrix": [
          [
            0.14551140367984772,
            -0.6474105715751648,
            -0.7481217384338379,
            0.6885285973548889
          ],
          [
            0.9891206622123718,
            0.07867413014173508,
            0.12430309504270554,
            -0.08870209753513336
          ],
          [
            -0.02161657251417637,
            -0.7580752372741699,
            0.6518197059631348,
            1.2303717136383057
          ],
          [
            0.0,
            0.0,
            0.0,
            1.0
          ]
        ]
      },
      "bone_length_armature_space": 0.029218797490776414,
      "parent": "index_02_l",
      "has_children": false,
      "is_end_bone": true
    },
    "metacarpal_pinky_l": {
      "name": "metacarpal_pinky_l",
      "local": {
        "location": {
          "x": 0.0,
          "y": 0.0,
          "z": 0.0
        },
        "rotation_quaternion": {
          "w": 0.998346209526062,
          "x": -0.05401986837387085,
          "y": -0.014833510853350163,
          "z": -0.01290886290371418
        },
        "scale": {
          "x": 1.0,
          "y": 1.0,
          "z": 1.0
        },
        "matrix_basis": [
          [
            0.9992266297340393,
            0.02737763710319996,
            -0.02822328917682171,
            0.0
          ],
          [
            -0.02417241968214512,
            0.9938304424285889,
            0.10824403166770935,
            0.0
          ],
          [
            0.031012628227472305,
            -0.10747809708118439,
            0.9937236309051514,
            0.0
          ],
          [
            0.0,
            0.0,
            0.0,
            1.0
          ]
        ],
        "rotation_mode": "QUATERNION"
      },
      "armature_space": {
        "head": {
          "x": 0.5962563157081604,
          "y": -0.0890287533402443,
          "z": 0.39327508211135864
        },
        "tail": {
          "x": 0.6897382736206055,
          "y": -0.08139801025390625,
          "z": 0.3480408787727356
        }
      },
      "world_space": {
        "head": {
          "x": 0.5962563157081604,
          "y": -0.025784753262996674,
          "z": 1.3431291580200195
        },
        "tail": {
          "x": 0.6897382736206055,
          "y": -0.01815401017665863,
          "z": 1.2978949546813965
        },
        "rotation_quaternion": {
          "w": 0.6062855124473572,
          "x": 0.09853100776672363,
          "y": 0.41116538643836975,
          "z": -0.6735373139381409
        },
        "matrix": [
          [
            -0.24541674554347992,
            0.8977364301681519,
            0.3658410906791687,
            0.5962563157081604
          ],
          [
            -0.7356891632080078,
            0.07328037172555923,
            -0.6733438968658447,
            -0.025784753262996674
          ],
          [
            -0.6312992572784424,
            -0.43439817428588867,
            0.6424744129180908,
            1.3431291580200195
          ],
          [
            0.0,
            0.0,
            0.0,
            1.0
          ]
        ]
      },
      "bone_length_armature_space": 0.10413086823852837,
      "parent": "lowerarm_l",
      "has_children": true,
      "is_end_bone": false
    },
    "pinky_01_l": {
      "name": "pinky_01_l",
      "local": {
        "location": {
          "x": 0.0,
          "y": 0.0,
          "z": 0.0
        },
        "rotation_quaternion": {
          "w": 0.9398516416549683,
          "x": 0.3411802053451538,
          "y": -0.012456972151994705,
          "z": 0.010946227237582207
        },
        "scale": {
          "x": 1.0,
          "y": 1.0,
          "z": 1.0
        },
        "matrix_basis": [
          [
            0.9994500279426575,
            -0.029075803235173225,
            -0.01594613865017891,
            0.0
          ],
          [
            0.012075514532625675,
            0.7669525146484375,
            -0.6415902376174927,
            0.0
          ],
          [
            0.03088468313217163,
            0.6410448551177979,
            0.7668817639350891,
            0.0
          ],
          [
            0.0,
            0.0,
            0.0,
            1.0
          ]
        ],
        "rotation_mode": "QUATERNION"
      },
      "armature_space": {
        "head": {
          "x": 0.6897382736206055,
          "y": -0.08139801025390625,
          "z": 0.3480408787727356
        },
