{
  "metadata": {
    "armature_name": "KIM_caucasian_male",
    "export_time": "2026-01-13T21:00:46.763575",
    "blender_version": "4.4.1",
    "bone_count": 56,
    "end_bone_count": 13,
    "spaces_included": [
      "LOCAL_CHANNELS",
      "ARMATURE_SPACE",
      "WORLD_SPACE"
    ],
    "note": "LOCAL matches Transform panel; replay pose via local.matrix_basis for best fidelity."
  },
  "bones": {
    "Root": {
      "name": "Root",
      "local": {
        "location": {
          "x": 0.0,
          "y": 0.0,
          "z": 0.0
        },
        "rotation_quaternion": {
          "w": 0.9997111558914185,
          "x": 0.017664264887571335,
          "y": 0.010662413202226162,
          "z": 0.01232929527759552
        },
        "scale": {
          "x": 1.0,
          "y": 1.0,
          "z": 1.0
        },
        "matrix_basis": [
          [
            0.9994686245918274,
            -0.024274781346321106,
            0.021754242479801178,
            0.0
          ],
          [
            0.025028156116604805,
            0.9990718960762024,
            -0.035055406391620636,
            0.0
          ],
          [
            -0.020883090794086456,
            0.03558124601840973,
            0.9991485476493835,
            0.0
          ],
          [
            0.0,
            0.0,
            0.0,
            1.0
          ]
        ],
        "rotation_mode": "QUATERNION"
      },
      "armature_space": {
        "head": {
          "x": 0.0,
          "y": 0.07072800397872925,
          "z": -0.009595036506652832
        },
        "tail": {
          "x": -0.0017326335655525327,
          "y": -0.0002757534384727478,
          "z": -0.002525513991713524
        }
      },
      "world_space": {
        "head": {
          "x": 0.0,
          "y": 0.13397200405597687,
          "z": 0.9402589797973633
        },
        "tail": {
          "x": -0.0017326335655525327,
          "y": 0.06296824663877487,
          "z": 0.947328507900238
        },
        "rotation_quaternion": {
          "w": 0.04972405359148979,
          "x": 0.9986299872398376,
          "y": -0.01158298272639513,
          "z": 0.011468787677586079
        },
        "matrix": [
          [
            0.9994686245918274,
            -0.024274781346321106,
            0.021754242479801178,
            0.0
          ],
          [
            -0.021993672475218773,
            -0.9947866201400757,
            -0.09957802295684814,
            0.13397200405597687
          ],
          [
            0.024058213457465172,
            0.09904639422893524,
            -0.9947989583015442,
            0.9402589797973633
          ],
          [
            0.0,
            0.0,
            0.0,
            1.0
          ]
        ]
      },
      "bone_length_armature_space": 0.07137586275247858,
      "parent": null,
      "has_children": true,
      "is_end_bone": false
    },
    "spine_01": {
      "name": "spine_01",
      "local": {
        "location": {
          "x": 0.0,
          "y": 0.0,
          "z": 0.0
        },
        "rotation_quaternion": {
          "w": 0.9964104890823364,
          "x": -0.005542338360100985,
          "y": -0.03991560637950897,
          "z": 0.0744471624493599
        },
        "scale": {
          "x": 1.0,
          "y": 1.0,
          "z": 1.0
        },
        "matrix_basis": [
          [
            0.9857287406921387,
            -0.14791741967201233,
            -0.08036988228559494,
            0.0
          ],
          [
            0.14880232512950897,
            0.9888538122177124,
            0.005101680755615234,
            0.0
          ],
          [
            0.07871943712234497,
            -0.01698809489607811,
            0.9967520833015442,
            0.0
          ],
          [
            0.0,
            0.0,
            0.0,
            1.0
          ]
        ],
        "rotation_mode": "QUATERNION"
      },
      "armature_space": {
        "head": {
          "x": -0.0017326335655525327,
          "y": -0.0002757534384727478,
          "z": -0.002525513991713524
        },
        "tail": {
          "x": -0.0851811021566391,
          "y": 0.015236610546708107,
          "z": 0.47804099321365356
        }
      },
      "world_space": {
        "head": {
          "x": -0.0017326335655525327,
          "y": 0.06296824663877487,
          "z": 0.947328507900238
        },
        "tail": {
          "x": -0.0851811021566391,
          "y": 0.07848060876131058,
          "z": 1.4278950691223145
        },
        "rotation_quaternion": {
          "w": 0.7116843461990356,
          "x": 0.6953130960464478,
          "y": -0.09694851189851761,
          "z": 0.025419563055038452
        },
        "matrix": [
          [
            0.9799097776412964,
            -0.17100052535533905,
            -0.10264328122138977,
            -0.0017326335655525327
          ],
          [
            -0.09863655269145966,
            0.03178755193948746,
            -0.9946157336235046,
            0.06296824663877487
          ],
          [
            0.1733437180519104,
            0.9847649335861206,
            0.01428120955824852,
            0.947328507900238
          ],
          [
            0.0,
            0.0,
            0.0,
            1.0
          ]
        ]
      },
      "bone_length_armature_space": 0.4880045461429891,
      "parent": "Root",
      "has_children": true,
      "is_end_bone": false
    },
    "neck_01": {
      "name": "neck_01",
      "local": {
        "location": {
          "x": 0.0,
          "y": 0.0,
          "z": 0.0
        },
        "rotation_quaternion": {
          "w": 0.9977957010269165,
          "x": -0.034834474325180054,
          "y": -0.0437784269452095,
          "z": 0.03568924218416214
        },
        "scale": {
          "x": 1.0,
          "y": 1.0,
          "z": 1.0
        },
        "matrix_basis": [
          [
            0.993619441986084,
            -0.06817115098237991,
            -0.0898502841591835,
            0.0
          ],
          [
            0.07427114248275757,
            0.9950256943702698,
            0.06639053672552109,
            0.0
          ],
          [
            0.08487742394208908,
            -0.07264021784067154,
            0.9937400221824646,
            0.0
          ],
          [
            0.0,
            0.0,
            0.0,
            1.0
          ]
        ],
        "rotation_mode": "QUATERNION"
      },
      "armature_space": {
        "head": {
          "x": -0.1012612134218216,
          "y": -0.016929663717746735,
          "z": 0.5506392121315002
        },
        "tail": {
          "x": -0.12798742949962616,
          "y": -0.044834524393081665,
          "z": 0.6456011533737183
        }
      },
      "world_space": {
        "head": {
          "x": -0.1012612134218216,
          "y": 0.046314336359500885,
          "z": 1.5004932880401611
        },
        "tail": {
          "x": -0.12798742949962616,
          "y": 0.018409475684165955,
          "z": 1.5954551696777344
        },
        "rotation_quaternion": {
          "w": 0.5853337645530701,
          "x": 0.7971946597099304,
          "y": -0.14591507613658905,
          "z": 0.023955263197422028
        },
        "matrix": [
          [
            0.9562696218490601,
            -0.2606893479824066,
            -0.13262532651424408,
            -0.1012612134218216
          ],
          [
            -0.20460304617881775,
            -0.27218589186668396,
            -0.9402408003807068,
            0.046314336359500885
          ],
          [
            0.20901325345039368,
            0.926265299320221,
            -0.31362396478652954,
            1.5004932880401611
          ],
          [
            0.0,
            0.0,
            0.0,
            1.0
          ]
        ]
      },
      "bone_length_armature_space": 0.10252191025464044,
      "parent": "spine_01",
      "has_children": true,
      "is_end_bone": false
    },
    "head": {
      "name": "head",
      "local": {
        "location": {
          "x": 0.0,
          "y": 0.0,
          "z": 0.0
        },
        "rotation_quaternion": {
          "w": 0.9921965599060059,
          "x": 0.03710855171084404,
          "y": 0.11800898611545563,
          "z": 0.015581643208861351
        },
        "scale": {
          "x": 1.0,
          "y": 1.0,
          "z": 1.0
        },
        "matrix_basis": [
          [
            0.971662163734436,
            -0.02216182090342045,
            0.2353326380252838,
            0.0
          ],
          [
            0.03967839106917381,
            0.9967603087425232,
            -0.06996040791273117,
            0.0
          ],
          [
            -0.23301979899406433,
            0.07731550186872482,
            0.9693936705589294,
            0.0
          ],
          [
            0.0,
            0.0,
            0.0,
            1.0
          ]
        ],
        "rotation_mode": "QUATERNION"
      },
      "armature_space": {
        "head": {
          "x": -0.12798744440078735,
          "y": -0.04483465105295181,
          "z": 0.6456010341644287
        },
        "tail": {
          "x": -0.164174422621727,
          "y": -0.04247283935546875,
          "z": 0.7963930368423462
        }
      },
      "world_space": {
        "head": {
          "x": -0.12798744440078735,
          "y": 0.018409349024295807,
          "z": 1.5954550504684448
        },
        "tail": {
          "x": -0.164174422621727,
          "y": 0.02077116072177887,
          "z": 1.7462470531463623
        },
        "rotation_quaternion": {
          "w": 0.7086707949638367,
          "x": 0.6955789923667908,
          "y": -0.07348311692476273,
          "z": 0.09249851852655411
        },
        "matrix": [
          [
            0.9720885157585144,
            -0.23332855105400085,
            0.024530768394470215,
            -0.12798744440078735
          ],
          [
            0.028876975178718567,
            0.015228629112243652,
            -0.999467134475708,
            0.018409349024295807
          ],
          [
            0.23283222317695618,
            0.9722855091094971,
            0.021540623158216476,
            1.5954550504684448
          ],
          [
            0.0,
            0.0,
            0.0,
            1.0
          ]
        ]
      },
      "bone_length_armature_space": 0.15509127368531117,
      "parent": "neck_01",
      "has_children": false,
      "is_end_bone": true
    },
    "upperarm_l": {
      "name": "upperarm_l",
      "local": {
        "location": {
          "x": 0.0,
          "y": 0.0,
          "z": 0.0
        },
        "rotation_quaternion": {
          "w": 0.9510195255279541,
          "x": -0.09824657440185547,
          "y": 0.2613368630409241,
          "z": -0.13271252810955048
        },
        "scale": {
          "x": 1.0,
          "y": 1.0,
          "z": 1.0
        },
        "matrix_basis": [
          [
            0.8281808495521545,
            0.2010735124349594,
            0.5231500267982483,
            0.0
          ],
          [
            -0.3037753105163574,
            0.9454699754714966,
            0.11750347167253494,
            0.0
          ],
          [
            -0.47099581360816956,
            -0.25623416900634766,
            0.8441013097763062,
            0.0
          ],
          [
            0.0,
            0.0,
            0.0,
            1.0
          ]
        ],
        "rotation_mode": "QUATERNION"
      },
      "armature_space": {
        "head": {
          "x": 0.05689048022031784,
          "y": -0.03703347593545914,
          "z": 0.5105024576187134
        },
        "tail": {
          "x": 0.31916072964668274,
          "y": 0.01591874659061432,
          "z": 0.49573761224746704
        }
      },
      "world_space": {
        "head": {
          "x": 0.05689048022031784,
          "y": 0.026210524141788483,
          "z": 1.4603564739227295
        },
        "tail": {
          "x": 0.31916072964668274,
          "y": 0.07916274666786194,
          "z": 1.445591688156128
        },
        "rotation_quaternion": {
          "w": 0.37048766016960144,
          "x": 0.5381616950035095,
          "y": 0.6793696284294128,
          "z": -0.33403274416923523
        },
        "matrix": [
          [
            -0.14624027907848358,
            0.9787319302558899,
            0.14386649429798126,
            0.05689048022031784
          ],
          [
            0.4837115406990051,
            0.1976054608821869,
            -0.8526285886764526,
            0.026210524141788483
          ],
          [
            -0.8629290461540222,
            -0.055098991841077805,
            -0.5023260116577148,
            1.4603564739227295
          ],
          [
            0.0,
            0.0,
            0.0,
            1.0
          ]
        ]
      },
      "bone_length_armature_space": 0.26796943993916644,
      "parent": "spine_01",
      "has_children": true,
      "is_end_bone": false
    },
    "lowerarm_l": {
      "name": "lowerarm_l",
      "local": {
        "location": {
          "x": 0.0,
          "y": 0.0,
          "z": 0.0
        },
        "rotation_quaternion": {
          "w": 0.8648397922515869,
          "x": 0.3871590197086334,
          "y": 0.20106805860996246,
          "z": -0.24845895171165466
        },
        "scale": {
          "x": 1.0,
          "y": 1.0,
          "z": 1.0
        },
        "matrix_basis": [
          [
            0.7956795692443848,
            0.585444986820221,
            0.15539707243442535,
            0.0
          ],
          [
            -0.27406376600265503,
            0.5767520666122437,
            -0.7695753574371338,
            0.0
          ],
          [
            -0.5401695370674133,
            0.569746732711792,
            0.6193590760231018,
            0.0
          ],
          [
            0.0,
            0.0,
            0.0,
            1.0
          ]
        ],
        "rotation_mode": "QUATERNION"
      },
      "armature_space": {
        "head": {
          "x": 0.3191608488559723,
          "y": 0.015918660908937454,
          "z": 0.4957377016544342
        },
        "tail": {
          "x": 0.46788275241851807,
          "y": -0.058584559708833694,
          "z": 0.28621190786361694
        }
      },
      "world_space": {
        "head": {
          "x": 0.3191608488559723,
          "y": 0.07916265726089478,
          "z": 1.445591688156128
        },
        "tail": {
          "x": 0.46788275241851807,
          "y": 0.004659440368413925,
          "z": 1.2360658645629883
        },
        "rotation_quaternion": {
          "w": 0.0964234322309494,
          "x": -0.5614457130432129,
          "y": -0.5928390026092529,
          "z": 0.569230318069458
        },
        "matrix": [
          [
            -0.35095834732055664,
            0.5559188723564148,
            -0.7535132169723511,
            0.3191608488559723
          ],
          [
            0.7754701375961304,
            -0.27849122881889343,
            -0.5666471719741821,
            0.07916265726089478
          ],
          [
            -0.5248594880104065,
            -0.7832022905349731,
            -0.3333626389503479,
            1.445591688156128
          ],
          [
            0.0,
            0.0,
            0.0,
            1.0
          ]
        ]
      },
      "bone_length_armature_space": 0.267525690398717,
      "parent": "upperarm_l",
      "has_children": true,
      "is_end_bone": false
    },
    "metacarpal_thumb_l": {
      "name": "metacarpal_thumb_l",
      "local": {
        "location": {
          "x": 0.0,
          "y": 0.0,
          "z": 0.0
        },
        "rotation_quaternion": {
          "w": 0.9998407959938049,
          "x": -0.008489237166941166,
          "y": -0.0037934412248432636,
          "z": 0.015231002122163773
        },
        "scale": {
          "x": 1.0,
          "y": 1.0,
          "z": 1.0
        },
        "matrix_basis": [
          [
            0.9995072484016418,
            -0.03039274737238884,
            -0.007844273932278156,
            0.0
          ],
          [
            0.030521562322974205,
            0.9993919134140015,
            0.01686021499335766,
            0.0
          ],
          [
            0.007327075581997633,
            -0.017091326415538788,
            0.9998270869255066,
            0.0
          ],
          [
            0.0,
            0.0,
            0.0,
            1.0
          ]
        ],
        "rotation_mode": "QUATERNION"
      },
      "armature_space": {
        "head": {
          "x": 0.46788275241851807,
          "y": -0.058584559708833694,
          "z": 0.28621190786361694
        },
        "tail": {
          "x": 0.46344414353370667,
          "y": -0.08017539978027344,
          "z": 0.24185259640216827
        }
      },
      "world_space": {
        "head": {
          "x": 0.46788275241851807,
          "y": 0.004659440368413925,
          "z": 1.2360658645629883
        },
        "tail": {
          "x": 0.46344414353370667,
          "y": -0.016931399703025818,
          "z": 1.191706657409668
        },
        "rotation_quaternion": {
          "w": 0.5255424976348877,
          "x": -0.8221282362937927,
          "y": -0.07658021152019501,
          "z": 0.20505093038082123
        },
        "matrix": [
          [
            0.9041793942451477,
            -0.0896081030368805,
            -0.4176478981971741,
            0.46788275241851807
          ],
          [
            0.34144267439842224,
            -0.435882031917572,
            0.8327208161354065,
            0.004659440368413925
          ],
          [
            -0.25666511058807373,
            -0.8955385088920593,
            -0.3635212182998657,
            1.2360658645629883
          ],
          [
            0.0,
            0.0,
            0.0,
            1.0
          ]
        ]
      },
      "bone_length_armature_space": 0.04953397068540685,
      "parent": "lowerarm_l",
      "has_children": true,
      "is_end_bone": false
    },
    "thumb_01_l": {
      "name": "thumb_01_l",
      "local": {
        "location": {
          "x": 0.0,
          "y": 0.0,
          "z": 0.0
        },
        "rotation_quaternion": {
          "w": 0.9959946870803833,
          "x": 0.08901641517877579,
          "y": -0.008382433094084263,
          "z": 0.0006902071181684732
        },
        "scale": {
          "x": 1.0,
          "y": 1.0,
          "z": 1.0
        },
        "matrix_basis": [
          [
            0.9998584985733032,
            -0.0028672334738075733,
            -0.016574837267398834,
            0.0
          ],
          [
            -0.000117463045171462,
            0.9841511845588684,
            -0.1773313283920288,
            0.0
          ],
          [
            0.016820596531033516,
            0.17730818688869476,
            0.9840116500854492,
            0.0
          ],
          [
            0.0,
            0.0,
            0.0,
            1.0
          ]
        ],
        "rotation_mode": "QUATERNION"
      },
      "armature_space": {
        "head": {
          "x": 0.46344414353370667,
          "y": -0.08017539978027344,
          "z": 0.24185259640216827
        },
        "tail": {
          "x": 0.45255446434020996,
          "y": -0.06816723197698593,
          "z": 0.21192175149917603
        }
      },
      "world_space": {
        "head": {
          "x": 0.46344414353370667,
          "y": -0.016931399703025818,
          "z": 1.191706657409668
        },
        "tail": {
          "x": 0.45255446434020996,
          "y": -0.004923231899738312,
          "z": 1.161775827407837
        },
        "rotation_quaternion": {
          "w": 0.5858579874038696,
          "x": -0.5173124074935913,
          "y": 0.5772020220756531,
          "z": -0.23663510382175446
        },
        "matrix": [
          [
            0.2216833233833313,
            -0.3199214041233063,
            0.9211441874504089,
            0.46344414353370667
          ],
          [
            -0.8744572997093201,
            0.35278117656707764,
            0.3329715430736542,
            -0.016931399703025818
          ],
          [
            -0.43149080872535706,
            -0.8793213367462158,
            -0.20155295729637146,
            1.191706657409668
          ],
          [
            0.0,
            0.0,
            0.0,
            1.0
          ]
        ]
      },
      "bone_length_armature_space": 0.034038752754319314,
      "parent": "metacarpal_thumb_l",
      "has_children": true,
      "is_end_bone": false
    },
    "thumb_02_l": {
      "name": "thumb_02_l",
      "local": {
        "location": {
          "x": 0.0,
          "y": 0.0,
          "z": 0.0
        },
        "rotation_quaternion": {
          "w": 0.9939666390419006,
          "x": 0.1096695214509964,
          "y": 0.0012936168350279331,
          "z": -0.001112416503019631
        },
        "scale": {
          "x": 1.0,
          "y": 1.0,
          "z": 1.0
        },
        "matrix_basis": [
          [
            0.999994158744812,
            0.0024951505474746227,
            0.0023276275023818016,
            0.0
          ],
          [
            -0.0019276691600680351,
            0.9759427309036255,
            -0.2180185765028,
            0.0
          ],
          [
            -0.0028156202752143145,
            0.21801280975341797,
            0.9759418368339539,
            0.0
          ],
          [
            0.0,
            0.0,
            0.0,
            1.0
          ]
        ],
        "rotation_mode": "QUATERNION"
      },
      "armature_space": {
        "head": {
          "x": 0.4525544345378876,
          "y": -0.06816721707582474,
          "z": 0.2119217962026596
        },
        "tail": {
          "x": 0.47993233799934387,
          "y": -0.07878836244344711,
          "z": 0.18452048301696777
        }
      },
      "world_space": {
        "head": {
          "x": 0.4525544345378876,
          "y": -0.004923216998577118,
          "z": 1.161775827407837
        },
        "tail": {
          "x": 0.47993233799934387,
          "y": -0.015544362366199493,
          "z": 1.1343744993209839
        },
        "rotation_quaternion": {
          "w": 0.5063143372535706,
          "x": -0.16026504337787628,
          "y": 0.33380305767059326,
          "z": -0.7788045406341553
        },
        "matrix": [
          [
            -0.43591955304145813,
            0.6816457509994507,
            0.5876502990722656,
            0.4525544345378876
          ],
          [
            -0.8956350088119507,
            -0.2644418179988861,
            -0.357643187046051,
            -0.004923216998577118
          ],
          [
            -0.08838815987110138,
            -0.6822288036346436,
            0.7257859706878662,
            1.161775827407837
          ],
          [
            0.0,
            0.0,
            0.0,
            1.0
          ]
        ]
      },
      "bone_length_armature_space": 0.04016454027817067,
      "parent": "thumb_01_l",
      "has_children": true,
      "is_end_bone": false
    },
    "thumb_03_l": {
      "name": "thumb_03_l",
      "local": {
        "location": {
          "x": 0.0,
          "y": 0.0,
          "z": 0.0
        },
        "rotation_quaternion": {
          "w": 0.9980102777481079,
          "x": 0.06282169371843338,
          "y": 0.004862792324274778,
          "z": -0.0023183031007647514
        },
        "scale": {
          "x": 1.0,
          "y": 1.0,
          "z": 1.0
        },
        "matrix_basis": [
          [
            0.9999419450759888,
            0.005238358397036791,
            0.009414954110980034,
            0.0
          ],
          [
            -0.00401640310883522,
            0.9920961260795593,
            -0.12541593611240387,
            0.0
          ],
          [
            -0.009997513145208359,
            0.1253708451986313,
            0.992059588432312,
            0.0
          ],
          [
            0.0,
            0.0,
            0.0,
            1.0
          ]
        ],
        "rotation_mode": "QUATERNION"
      },
      "armature_space": {
        "head": {
          "x": 0.4799322485923767,
          "y": -0.0787883773446083,
          "z": 0.18452046811580658
        },
        "tail": {
          "x": 0.5072132349014282,
          "y": -0.08741411566734314,
          "z": 0.1741168349981308
        }
      },
      "world_space": {
        "head": {
          "x": 0.4799322485923767,
          "y": -0.015544377267360687,
          "z": 1.1343744993209839
        },
        "tail": {
          "x": 0.5072132349014282,
          "y": -0.02417011559009552,
          "z": 1.123970866203308
        },
        "rotation_quaternion": {
          "w": 0.5205836296081543,
          "x": 0.12127425521612167,
          "y": 0.2955171763896942,
          "z": -0.7918047904968262
        },
        "matrix": [
          [
            -0.42856937646865845,
            0.8960785269737244,
            0.11563405394554138,
            0.4799322485923767
          ],
          [
            -0.7527256011962891,
            -0.2833230495452881,
            -0.594249427318573,
            -0.015544377267360687
          ],
          [
            -0.4997366666793823,
            -0.34172046184539795,
            0.7959299087524414,
            1.1343744993209839
          ],
          [
            0.0,
            0.0,
            0.0,
            1.0
          ]
        ]
      },
      "bone_length_armature_space": 0.030444887492950816,
      "parent": "thumb_02_l",
      "has_children": false,
      "is_end_bone": true
    },
    "metacarpal_index_l": {
      "name": "metacarpal_index_l",
      "local": {
        "location": {
          "x": 0.0,
          "y": 0.0,
          "z": 0.0
        },
        "rotation_quaternion": {
          "w": 0.9992267489433289,
          "x": -0.032999057322740555,
          "y": -0.014410113915801048,
          "z": -0.015793530270457268
        },
        "scale": {
          "x": 1.0,
          "y": 1.0,
          "z": 1.0
        },
        "matrix_basis": [
          [
            0.9990858435630798,
            0.03251367434859276,
            -0.027755599468946457,
            0.0
          ],
          [
            -0.030611595138907433,
            0.9973232746124268,
            0.06640225648880005,
            0.0
          ],
          [
            0.02984028495848179,
            -0.06549190729856491,
            0.9974068403244019,
            0.0
          ],
          [
            0.0,
            0.0,
            0.0,
            1.0
          ]
        ],
        "rotation_mode": "QUATERNION"
      },
      "armature_space": {
        "head": {
          "x": 0.46788275241851807,
          "y": -0.058584559708833694,
          "z": 0.28621190786361694
        },
        "tail": {
          "x": 0.5089061260223389,
          "y": -0.1049034595489502,
          "z": 0.18670812249183655
        }
      },
      "world_space": {
        "head": {
          "x": 0.46788275241851807,
          "y": 0.004659440368413925,
          "z": 1.2360658645629883
        },
        "tail": {
          "x": 0.5089061260223389,
          "y": -0.041659459471702576,
          "z": 1.1365621089935303
        },
        "rotation_quaternion": {
          "w": 0.3841820955276489,
          "x": -0.767297089099884,
          "y": -0.39338311553001404,
          "z": 0.3300139009952545
        },
        "matrix": [
          [
            0.47267988324165344,
            0.3501133918762207,
            -0.8086989521980286,
            0.46788275241851807
          ],
          [
            0.8572549223899841,
            -0.3953077793121338,
            0.32991844415664673,
            0.004659440368413925
          ],
          [
            -0.20417658984661102,
            -0.8492133021354675,
            -0.48699361085891724,
            1.2360658645629883
          ],
          [
            0.0,
            0.0,
            0.0,
            1.0
          ]
        ]
      },
      "bone_length_armature_space": 0.11717235497122527,
      "parent": "lowerarm_l",
      "has_children": true,
      "is_end_bone": false
    },
    "index_01_l": {
      "name": "index_01_l",
      "local": {
        "location": {
          "x": 0.0,
          "y": 0.0,
          "z": 0.0
        },
        "rotation_quaternion": {
          "w": 0.9989616870880127,
          "x": -0.04283840209245682,
          "y": -0.008220242336392403,
          "z": -0.013147850520908833
        },
        "scale": {
          "x": 1.0,
          "y": 1.0,
          "z": 1.0
        },
        "matrix_basis": [
          [
            0.9995191097259521,
            0.026972681283950806,
            -0.01529694814234972,
            0.0
          ],
          [
            -0.02556411363184452,
            0.9959840178489685,
            0.08580400049686432,
            0.0
          ],
          [
            0.017549879848957062,
            -0.08537168800830841,
            0.99619460105896,
            0.0
          ],
          [
            0.0,
            0.0,
            0.0,
            1.0
          ]
        ],
        "rotation_mode": "QUATERNION"
      },
      "armature_space": {
        "head": {
          "x": 0.5089061260223389,
          "y": -0.1049034595489502,
          "z": 0.18670812249183655
        },
        "tail": {
          "x": 0.5278602242469788,
          "y": -0.10828587412834167,
          "z": 0.16567537188529968
        }
      },
      "world_space": {
        "head": {
          "x": 0.5089061260223389,
          "y": -0.041659459471702576,
          "z": 1.1365621089935303
        },
        "tail": {
          "x": 0.5278602242469788,
          "y": -0.045041874051094055,
          "z": 1.1155294179916382
        },
        "rotation_quaternion": {
          "w": 0.35992708802223206,
          "x": -0.7219029068946838,
          "y": -0.5578004717826843,
          "z": 0.1953648328781128
        },
        "matrix": [
          [
            0.3013794720172882,
            0.664720892906189,
            -0.6836052536964417,
            0.5089061260223389
          ],
          [
            0.945991039276123,
            -0.11862140893936157,
            0.3017124533653259,
            -0.041659459471702576
          ],
          [
            0.11946623027324677,
            -0.7376195788383484,
            -0.6645745038986206,
            1.1365621089935303
          ],
          [
            0.0,
            0.0,
            0.0,
            1.0
          ]
        ]
      },
      "bone_length_armature_space": 0.028514472646191228,
      "parent": "metacarpal_index_l",
      "has_children": true,
      "is_end_bone": false
    },
    "index_02_l": {
      "name": "index_02_l",
      "local": {
        "location": {
          "x": 0.0,
          "y": 0.0,
          "z": 0.0
        },
        "rotation_quaternion": {
          "w": 0.9752580523490906,
          "x": 0.22101669013500214,
          "y": 0.001577799441292882,
          "z": 0.00457930751144886
        },
        "scale": {
          "x": 1.0,
          "y": 1.0,
          "z": 1.0
        },
        "matrix_basis": [
          [
            0.9999530911445618,
            -0.008234572596848011,
            0.005101730115711689,
            0.0
          ],
          [
            0.009629453532397747,
            0.9022613167762756,
            -0.431082159280777,
            0.0
          ],
          [
            -0.0010533164022490382,
            0.43111106753349304,
            0.9022982716560364,
            0.0
          ],
          [
            0.0,
            0.0,
            0.0,
            1.0
          ]
        ],
        "rotation_mode": "QUATERNION"
      },
      "armature_space": {
        "head": {
          "x": 0.527860164642334,
          "y": -0.1082860454916954,
          "z": 0.1656748503446579
        },
        "tail": {
          "x": 0.5364559292793274,
          "y": -0.10819239169359207,
          "z": 0.14150458574295044
        }
      },
      "world_space": {
        "head": {
          "x": 0.527860164642334,
          "y": -0.045042045414447784,
          "z": 1.1155288219451904
        },
        "tail": {
          "x": 0.5364559292793274,
          "y": -0.04494839161634445,
          "z": 1.0913586616516113
        },
        "rotation_quaternion": {
          "w": 0.48083600401878357,
          "x": -0.625065803527832,
          "y": -0.5202130675315857,
          "z": 0.3278230130672455
        },
        "matrix": [
          [
            0.24381794035434723,
            0.3350759744644165,
            -0.9100970029830933,
            0.527860164642334
          ],
          [
            0.9655938744544983,
            0.003650754690170288,
            0.26002994179725647,
            -0.045042045414447784
          ],
          [
            0.09045400470495224,
            -0.9421905279159546,
            -0.322659432888031,
            1.1155288219451904
          ],
          [
            0.0,
            0.0,
            0.0,
            1.0
          ]
        ]
      },
      "bone_length_armature_space": 0.025653414028813656,
      "parent": "index_01_l",
      "has_children": true,
      "is_end_bone": false
    },
    "index_03_l": {
      "name": "index_03_l",
      "local": {
        "location": {
          "x": 0.0,
          "y": 0.0,
          "z": 0.0
        },
        "rotation_quaternion": {
          "w": 0.9760339260101318,
          "x": 0.21731510758399963,
          "y": -0.0064872028306126595,
          "z": -0.009474479593336582
        },
        "scale": {
          "x": 1.0,
          "y": 1.0,
          "z": 1.0
        },
        "matrix_basis": [
          [
            0.9997363090515137,
            0.015675293281674385,
            -0.016781354323029518,
            0.0
          ],
          [
            -0.021314362064003944,
            0.9053687453269958,
            -0.4240909218788147,
            0.0
          ],
          [
            0.00854556541889906,
            0.4243367612361908,
            0.9054641127586365,
            0.0
          ],
          [
            0.0,
            0.0,
            0.0,
            1.0
          ]
        ],
        "rotation_mode": "QUATERNION"
      },
      "armature_space": {
        "head": {
          "x": 0.5364560484886169,
          "y": -0.10819245129823685,
          "z": 0.14150464534759521
        },
        "tail": {
          "x": 0.5324464440345764,
          "y": -0.10074169188737869,
          "z": 0.11353767663240433
        }
      },
      "world_space": {
        "head": {
          "x": 0.5364560484886169,
          "y": -0.04494845122098923,
          "z": 1.0913586616516113
        },
        "tail": {
          "x": 0.5324464440345764,
          "y": -0.03749769181013107,
          "z": 1.0633916854858398
        },
        "rotation_quaternion": {
          "w": 0.6559454202651978,
          "x": -0.4517107605934143,
          "y": -0.4441123902797699,
          "z": 0.41043540835380554
        },
        "matrix": [
          [
            0.2686142027378082,
            -0.1372273862361908,
            -0.9534225463867188,
            0.5364560484886169
          ],
          [
            0.9396674633026123,
            0.2549997568130493,
            0.22803643345832825,
            -0.04494845122098923
          ],
          [
            0.2118321806192398,
            -0.9571605324745178,
            0.1974460631608963,
            1.0913586616516113
          ],
          [
            0.0,
            0.0,
            0.0,
            1.0
          ]
        ]
      },
      "bone_length_armature_space": 0.02921886547993619,
      "parent": "index_02_l",
      "has_children": false,
      "is_end_bone": true
    },
    "metacarpal_pinky_l": {
      "name": "metacarpal_pinky_l",
      "local": {
        "location": {
          "x": 0.0,
          "y": 0.0,
          "z": 0.0
        },
        "rotation_quaternion": {
          "w": 0.9973632097244263,
          "x": -0.07154086232185364,
          "y": -0.0051513253711164,
          "z": -0.011047414503991604
        },
        "scale": {
          "x": 1.0,
          "y": 1.0,
          "z": 1.0
        },
        "matrix_basis": [
          [
            0.9997028112411499,
            0.022773630917072296,
            -0.008694801479578018,
            0.0
          ],
          [
            -0.021299509331583977,
            0.9895197153091431,
            0.14281827211380005,
            0.0
          ],
          [
            0.011856167577207088,
            -0.14259062707424164,
            0.9897107481956482,
            0.0
          ],
          [
            0.0,
            0.0,
            0.0,
            1.0
          ]
        ],
        "rotation_mode": "QUATERNION"
      },
      "armature_space": {
        "head": {
          "x": 0.46788275241851807,
          "y": -0.058584559708833694,
          "z": 0.28621190786361694
        },
        "tail": {
          "x": 0.5414745211601257,
          "y": -0.05511237680912018,
          "z": 0.21262194216251373
        }
      },
      "world_space": {
        "head": {
          "x": 0.46788275241851807,
          "y": 0.004659440368413925,
          "z": 1.2360658645629883
        },
        "tail": {
          "x": 0.5414745211601257,
          "y": 0.008131623268127441,
          "z": 1.1624759435653687
        },
        "rotation_quaternion": {
          "w": 0.405706524848938,
          "x": 0.1283474862575531,
          "y": 0.5933588147163391,
          "z": -0.6832675337791443
        },
        "matrix": [
          [
            -0.6378567218780518,
            0.7067245841026306,
            0.30606991052627563,
            0.46788275241851807
          ],
          [
            -0.4021036624908447,
            0.033344462513923645,
            -0.9149869680404663,
            0.004659440368413925
          ],
          [
            -0.6568546295166016,
            -0.7067072987556458,
            0.26290836930274963,
            1.2360658645629883
          ],
          [
            0.0,
            0.0,
            0.0,
            1.0
          ]
        ]
      },
      "bone_length_armature_space": 0.10413110633120583,
      "parent": "lowerarm_l",
      "has_children": true,
      "is_end_bone": false
    },
    "pinky_01_l": {
      "name": "pinky_01_l",
      "local": {
        "location": {
          "x": 0.0,
          "y": 0.0,
          "z": 0.0
        },
        "rotation_quaternion": {
          "w": 0.9997934699058533,
          "x": 0.01686510629951954,
          "y": -0.011236860416829586,
          "z": 0.001570017309859395
        },
        "scale": {
          "x": 1.0,
          "y": 1.0,
          "z": 1.0
        },
        "matrix_basis": [
          [
            0.9997425079345703,
            -0.0035184076987206936,
            -0.022416122257709503,
            0.0
          ],
          [
            0.002760364441201091,
            0.9994261860847473,
            -0.033758532255887985,
            0.0
          ],
          [
            0.022522035986185074,
            0.03368796035647392,
            0.9991785883903503,
            0.0
          ],
          [
            0.0,
            0.0,
            0.0,
            1.0
          ]
        ],
        "rotation_mode": "QUATERNION"
      },
      "armature_space": {
        "head": {
          "x": 0.5414745211601257,
          "y": -0.05511237680912018,
