{
  "metadata": {
    "armature_name": "KIM_caucasian_male",
    "export_time": "2026-01-13T21:04:42.159229",
    "blender_version": "4.4.1",
    "bone_count": 56,
    "end_bone_count": 13,
    "spaces_included": [
      "LOCAL_CHANNELS",
      "ARMATURE_SPACE",
      "WORLD_SPACE"
    ],
    "note": "LOCAL matches Transform panel; replay pose via local.matrix_basis for best fidelity."
  },
  "bones": {
    "Root": {
      "name": "Root",
      "local": {
        "location": {
          "x": 0.0,
          "y": 0.0,
          "z": 0.0
        },
        "rotation_quaternion": {
          "w": 0.9996243715286255,
          "x": 0.010951953008770943,
          "y": -0.018999509513378143,
          "z": 0.016438717022538185
        },
        "scale": {
          "x": 1.0,
          "y": 1.0,
          "z": 1.0
        },
        "matrix_basis": [
          [
            0.9987375736236572,
            -0.033281248062849045,
            -0.037624672055244446,
            0.0
          ],
          [
            0.03244892135262489,
            0.9992196559906006,
            -0.022520333528518677,
            0.0
          ],
          [
            0.038344819098711014,
            0.021271023899316788,
            0.9990381598472595,
            0.0
          ],
          [
            0.0,
            0.0,
            0.0,
            1.0
          ]
        ],
        "rotation_mode": "QUATERNION"
      },
      "armature_space": {
        "head": {
          "x": 0.0,
          "y": 0.07072800397872925,
          "z": -0.009595036506652832
        },
        "tail": {
          "x": -0.0023754779249429703,
          "y": -0.00014890730381011963,
          "z": -0.0015119556337594986
        }
      },
      "world_space": {
        "head": {
          "x": 0.0,
          "y": 0.13397200405597687,
          "z": 0.9402589797973633
        },
        "tail": {
          "x": -0.0023754779249429703,
          "y": 0.0630950927734375,
          "z": 0.9483420848846436
        },
        "rotation_quaternion": {
          "w": 0.05641528591513634,
          "x": 0.9980912208557129,
          "y": -0.01768133044242859,
          "z": -0.01784890703856945
        },
        "matrix": [
          [
            0.9987375736236572,
            -0.033281248062849045,
            -0.037624672055244446,
            0.0
          ],
          [
            -0.03730907291173935,
            -0.9930093884468079,
            -0.11198447644710541,
            0.13397200405597687
          ],
          [
            -0.03363494202494621,
            0.11324668675661087,
            -0.9930044412612915,
            0.9402589797973633
          ],
          [
            0.0,
            0.0,
            0.0,
            1.0
          ]
        ]
      },
      "bone_length_armature_space": 0.07137587706211224,
      "parent": null,
      "has_children": true,
      "is_end_bone": false
    },
    "spine_01": {
      "name": "spine_01",
      "local": {
        "location": {
          "x": 0.0,
          "y": 0.0,
          "z": 0.0
        },
        "rotation_quaternion": {
          "w": 0.9981048107147217,
          "x": -0.05604346841573715,
          "y": 0.01706710457801819,
          "z": 0.01883263699710369
        },
        "scale": {
          "x": 1.0,
          "y": 1.0,
          "z": 1.0
        },
        "matrix_basis": [
          [
            0.9987080693244934,
            -0.03950688987970352,
            0.031958624720573425,
            0.0
          ],
          [
            0.03568089008331299,
            0.9930089116096497,
            0.112517349421978,
            0.0
          ],
          [
            -0.03618041053414345,
            -0.11123167723417282,
            0.9931356906890869,
            0.0
          ],
          [
            0.0,
            0.0,
            0.0,
            1.0
          ]
        ],
        "rotation_mode": "QUATERNION"
      },
      "armature_space": {
        "head": {
          "x": -0.0023754779249429703,
          "y": -0.00014890730381011963,
          "z": -0.0015119556337594986
        },
        "tail": {
          "x": -0.002908248221501708,
          "y": 0.06652320921421051,
          "z": 0.48191654682159424
        }
      },
      "world_space": {
        "head": {
          "x": -0.0023754779249429703,
          "y": 0.0630950927734375,
          "z": 0.9483420848846436
        },
        "tail": {
          "x": -0.002908248221501708,
          "y": 0.12976720929145813,
          "z": 1.4317705631256104
        },
        "rotation_quaternion": {
          "w": 0.7538641095161438,
          "x": 0.6570302844047546,
          "y": -0.0005116373067721725,
          "z": 0.00027817790396511555
        },
        "matrix": [
          [
            0.9999992847442627,
            -0.0010917396284639835,
            -0.0004058629274368286,
            -0.0023754779249429703
          ],
          [
            -0.00025289878249168396,
            0.1366228461265564,
            -0.9906232357025146,
            0.0630950927734375
          ],
          [
            0.001136956736445427,
            0.9906296730041504,
            0.13662250339984894,
            0.9483420848846436
          ],
          [
            0.0,
            0.0,
            0.0,
            1.0
          ]
        ]
      },
      "bone_length_armature_space": 0.4880046888819863,
      "parent": "Root",
      "has_children": true,
      "is_end_bone": false
    },
    "neck_01": {
      "name": "neck_01",
      "local": {
        "location": {
          "x": 0.0,
          "y": 0.0,
          "z": 0.0
        },
        "rotation_quaternion": {
          "w": 0.9890967607498169,
          "x": 0.045980196446180344,
          "y": -0.0817786157131195,
          "z": 0.1135154515504837
        },
        "scale": {
          "x": 1.0,
          "y": 1.0,
          "z": 1.0
        },
        "matrix_basis": [
          [
            0.9608529806137085,
            -0.23207592964172363,
            -0.1513350009918213,
            0.0
          ],
          [
            0.21703514456748962,
            0.970000147819519,
            -0.10952399671077728,
            0.0
          ],
          [
            0.1722128540277481,
            0.07239145040512085,
            0.9823961853981018,
            0.0
          ],
          [
            0.0,
            0.0,
            0.0,
            1.0
          ]
        ],
        "rotation_mode": "QUATERNION"
      },
      "armature_space": {
        "head": {
          "x": -0.0030022591818124056,
          "y": 0.04217127338051796,
          "z": 0.5591870546340942
        },
        "tail": {
          "x": -0.02692335471510887,
          "y": 0.010174047201871872,
          "z": 0.6536047458648682
        }
      },
      "world_space": {
        "head": {
          "x": -0.0030022591818124056,
          "y": 0.10541526973247528,
          "z": 1.5090410709381104
        },
        "tail": {
          "x": -0.02692335471510887,
          "y": 0.07341805100440979,
          "z": 1.6034587621688843
        },
        "rotation_quaternion": {
          "w": 0.5693170428276062,
          "x": 0.8099572062492371,
          "y": -0.14080598950386047,
          "z": 0.004596772603690624
        },
        "matrix": [
          [
            0.9603047966957092,
            -0.2333279550075531,
            -0.15288123488426208,
            -0.0030022591818124056
          ],
          [
            -0.22286073863506317,
            -0.3121030926704407,
            -0.9235396385192871,
            0.10541526973247528
          ],
          [
            0.1677737832069397,
            0.9209566712379456,
            -0.3517169952392578,
            1.5090410709381104
          ],
          [
            0.0,
            0.0,
            0.0,
            1.0
          ]
        ]
      },
      "bone_length_armature_space": 0.10252190968688218,
      "parent": "spine_01",
      "has_children": true,
      "is_end_bone": false
    },
    "head": {
      "name": "head",
      "local": {
        "location": {
          "x": 0.0,
          "y": 0.0,
          "z": 0.0
        },
        "rotation_quaternion": {
          "w": 0.9987154006958008,
          "x": 0.040202852338552475,
          "y": 0.015568739734590054,
          "z": -0.026626981794834137
        },
        "scale": {
          "x": 1.0,
          "y": 1.0,
          "z": 1.0
        },
        "matrix_basis": [
          [
            0.9980972409248352,
            0.05443736910820007,
            0.028956519439816475,
            0.0
          ],
          [
            -0.051933739334344864,
            0.9953494668006897,
            -0.08113151043653488,
            0.0
          ],
          [
            -0.03323844075202942,
            0.07947331666946411,
            0.996282696723938,
            0.0
          ],
          [
            0.0,
            0.0,
            0.0,
            1.0
          ]
        ],
        "rotation_mode": "QUATERNION"
      },
      "armature_space": {
        "head": {
          "x": -0.02692335844039917,
          "y": 0.010173924267292023,
          "z": 0.6536046266555786
        },
        "tail": {
          "x": -0.046799346804618835,
          "y": 0.002910804934799671,
          "z": 0.8072454929351807
        }
      },
      "world_space": {
        "head": {
          "x": -0.02692335844039917,
          "y": 0.07341792434453964,
          "z": 1.6034586429595947
        },
        "tail": {
          "x": -0.046799346804618835,
          "y": 0.06615480780601501,
          "z": 1.7570995092391968
        },
        "rotation_quaternion": {
          "w": 0.6812360882759094,
          "x": 0.7230562567710876,
          "y": -0.11180988699197769,
          "z": -0.024611258879303932
        },
        "matrix": [
          [
            0.9737854599952698,
            -0.1281575858592987,
            -0.18792924284934998,
            -0.02692335844039917
          ],
          [
            -0.19522260129451752,
            -0.04683157801628113,
            -0.979640543460846,
            0.07341792434453964
          ],
          [
            0.1167478859424591,
            0.9906545877456665,
            -0.07062456756830215,
            1.6034586429595947
          ],
          [
            0.0,
            0.0,
            0.0,
            1.0
          ]
        ]
      },
      "bone_length_armature_space": 0.15509134076797013,
      "parent": "neck_01",
      "has_children": false,
      "is_end_bone": true
    },
    "upperarm_l": {
      "name": "upperarm_l",
      "local": {
        "location": {
          "x": 0.0,
          "y": 0.0,
          "z": 0.0
        },
        "rotation_quaternion": {
          "w": 0.8908299207687378,
          "x": 0.21294686198234558,
          "y": 0.32504788041114807,
          "z": 0.23541373014450073
        },
        "scale": {
          "x": 1.0,
          "y": 1.0,
          "z": 1.0
        },
        "matrix_basis": [
          [
            0.6778485178947449,
            -0.2809913456439972,
            0.6793859601020813,
            0.0
          ],
          [
            0.5578630566596985,
            0.7984679937362671,
            -0.22635740041732788,
            0.0
          ],
          [
            -0.47886353731155396,
            0.5324403643608093,
            0.6979950070381165,
            0.0
          ],
          [
            0.0,
            0.0,
            0.0,
            1.0
          ]
        ],
        "rotation_mode": "QUATERNION"
      },
      "armature_space": {
        "head": {
          "x": 0.14706972241401672,
          "y": 0.029791999608278275,
          "z": 0.49321529269218445
        },
        "tail": {
          "x": 0.3679208755493164,
          "y": -0.09578421711921692,
          "z": 0.5784391164779663
        }
      },
      "world_space": {
        "head": {
          "x": 0.14706972241401672,
          "y": 0.0930359959602356,
          "z": 1.443069338798523
        },
        "tail": {
          "x": 0.3679208755493164,
          "y": -0.0325402170419693,
          "z": 1.5282931327819824
        },
        "rotation_quaternion": {
          "w": 0.3408704996109009,
          "x": 0.8037022948265076,
          "y": 0.38664719462394714,
          "z": -0.2972775995731354
        },
        "matrix": [
          [
            0.5242595672607422,
            0.824165403842926,
            -0.21425072848796844,
            0.14706972241401672
          ],
          [
            0.4188331663608551,
            -0.4686214029788971,
            -0.7778002619743347,
            0.0930359959602356
          ],
          [
            -0.7414432168006897,
            0.31803563237190247,
            -0.5908717513084412,
            1.443069338798523
          ],
          [
            0.0,
            0.0,
            0.0,
            1.0
          ]
        ]
      },
      "bone_length_armature_space": 0.26796962210315894,
      "parent": "spine_01",
      "has_children": true,
      "is_end_bone": false
    },
    "lowerarm_l": {
      "name": "lowerarm_l",
      "local": {
        "location": {
          "x": 0.0,
          "y": 0.0,
          "z": 0.0
        },
        "rotation_quaternion": {
          "w": 0.8720049858093262,
          "x": 0.43685853481292725,
          "y": 0.11908997595310211,
          "z": -0.18595567345619202
        },
        "scale": {
          "x": 1.0,
          "y": 1.0,
          "z": 1.0
        },
        "matrix_basis": [
          [
            0.9024761319160461,
            0.4283594787120819,
            0.04522145912051201,
            0.0
          ],
          [
            -0.22025761008262634,
            0.5491502285003662,
            -0.8061765432357788,
            0.0
          ],
          [
            -0.37016674876213074,
            0.7175947427749634,
            0.5899444222450256,
            0.0
          ],
          [
            0.0,
            0.0,
            0.0,
            1.0
          ]
        ],
        "rotation_mode": "QUATERNION"
      },
      "armature_space": {
        "head": {
          "x": 0.3679208755493164,
          "y": -0.09578434377908707,
          "z": 0.5784392356872559
        },
        "tail": {
          "x": 0.4658870995044708,
          "y": -0.2963976263999939,
          "z": 0.43103957176208496
        }
      },
      "world_space": {
        "head": {
          "x": 0.3679208755493164,
          "y": -0.03254034370183945,
          "z": 1.528293251991272
        },
        "tail": {
          "x": 0.4658870995044708,
          "y": -0.23315362632274628,
          "z": 1.380893588066101
        },
        "rotation_quaternion": {
          "w": 0.17479486763477325,
          "x": -0.8351444005966187,
          "y": -0.30741333961486816,
          "z": 0.42128121852874756
        },
        "matrix": [
          [
            0.4560379385948181,
            0.36619532108306885,
            -0.8111289739608765,
            0.3679208755493164
          ],
          [
            0.6607449650764465,
            -0.7498875856399536,
            0.03294089436531067,
            -0.03254034370183945
          ],
          [
            -0.5961963534355164,
            -0.5509762763977051,
            -0.5839428305625916,
            1.528293251991272
          ],
          [
            0.0,
            0.0,
            0.0,
            1.0
          ]
        ]
      },
      "bone_length_armature_space": 0.2675252030239194,
      "parent": "upperarm_l",
      "has_children": true,
      "is_end_bone": false
    },
    "metacarpal_thumb_l": {
      "name": "metacarpal_thumb_l",
      "local": {
        "location": {
          "x": 0.0,
          "y": 0.0,
          "z": 0.0
        },
        "rotation_quaternion": {
          "w": 0.9991031885147095,
          "x": -0.04152187332510948,
          "y": 0.0035488347057253122,
          "z": 0.00749666104093194
        },
        "scale": {
          "x": 1.0,
          "y": 1.0,
          "z": 1.0
        },
        "matrix_basis": [
          [
            0.9998624324798584,
            -0.015274584293365479,
            0.006468753330409527,
            0.0
          ],
          [
            0.014685166999697685,
            0.9964394569396973,
            0.08302248269319534,
            0.0
          ],
          [
            -0.007713854778558016,
            -0.08291606605052948,
            0.9965266585350037,
            0.0
          ],
          [
            0.0,
            0.0,
            0.0,
            1.0
          ]
        ],
        "rotation_mode": "QUATERNION"
      },
      "armature_space": {
        "head": {
          "x": 0.4658870995044708,
          "y": -0.2963976263999939,
          "z": 0.43103957176208496
        },
        "tail": {
          "x": 0.4582873284816742,
          "y": -0.32157444953918457,
          "z": 0.38906359672546387
        }
      },
      "world_space": {
        "head": {
          "x": 0.4658870995044708,
          "y": -0.23315362632274628,
          "z": 1.380893588066101
        },
        "tail": {
          "x": 0.4582873284816742,
          "y": -0.25833046436309814,
          "z": 1.33891761302948
        },
        "rotation_quaternion": {
          "w": 0.4652845859527588,
          "x": -0.8553276062011719,
          "y": 0.1713823825120926,
          "z": -0.1501767784357071
        },
        "matrix": [
          [
            0.8961496949195862,
            -0.15342654287815094,
            0.41638419032096863,
            0.4658870995044708
          ],
          [
            -0.4329265058040619,
            -0.5082769393920898,
            0.7444658875465393,
            -0.23315362632274628
          ],
          [
            0.09741783887147903,
            -0.8474228978157043,
            -0.5219177007675171,
            1.380893588066101
          ],
          [
            0.0,
            0.0,
            0.0,
            1.0
          ]
        ]
      },
      "bone_length_armature_space": 0.04953394163824952,
      "parent": "lowerarm_l",
      "has_children": true,
      "is_end_bone": false
    },
    "thumb_01_l": {
      "name": "thumb_01_l",
      "local": {
        "location": {
          "x": 0.0,
          "y": 0.0,
          "z": 0.0
        },
        "rotation_quaternion": {
          "w": 0.9786955118179321,
          "x": 0.2048337608575821,
          "y": 0.011147522367537022,
          "z": 0.008607005700469017
        },
        "scale": {
          "x": 1.0,
          "y": 1.0,
          "z": 1.0
        },
        "matrix_basis": [
          [
            0.9996033310890198,
            -0.012280497699975967,
            0.025346070528030396,
            0.0
          ],
          [
            0.021414052695035934,
            0.9159380793571472,
            -0.4007478654384613,
            0.0
          ],
          [
            -0.01829404942691326,
            0.40113165974617004,
            0.9158377051353455,
            0.0
          ],
          [
            0.0,
            0.0,
            0.0,
            1.0
          ]
        ],
        "rotation_mode": "QUATERNION"
      },
      "armature_space": {
        "head": {
          "x": 0.4582873284816742,
          "y": -0.32157444953918457,
          "z": 0.38906359672546387
        },
        "tail": {
          "x": 0.47400549054145813,
          "y": -0.31838661432266235,
          "z": 0.3590400218963623
        }
      },
      "world_space": {
        "head": {
          "x": 0.4582873284816742,
          "y": -0.25833046436309814,
          "z": 1.33891761302948
        },
        "tail": {
          "x": 0.47400549054145813,
          "y": -0.2551426291465759,
          "z": 1.3088940382003784
        },
        "rotation_quaternion": {
          "w": 0.5105049014091492,
          "x": -0.18583770096302032,
          "y": 0.5349866151809692,
          "z": -0.6470227241516113
        },
        "matrix": [
          [
            -0.4096948504447937,
            0.4617748260498047,
            0.7867108583450317,
            0.4582873284816742
          ],
          [
            -0.8594597578048706,
            0.09365318715572357,
            -0.502551794052124,
            -0.25833046436309814
          ],
          [
            -0.30574649572372437,
            -0.882045328617096,
            0.35850951075553894,
            1.33891761302948
          ],
          [
            0.0,
            0.0,
            0.0,
            1.0
          ]
        ]
      },
      "bone_length_armature_space": 0.03403877167164201,
      "parent": "metacarpal_thumb_l",
      "has_children": true,
      "is_end_bone": false
    },
    "thumb_02_l": {
      "name": "thumb_02_l",
      "local": {
        "location": {
          "x": 0.0,
          "y": 0.0,
          "z": 0.0
        },
        "rotation_quaternion": {
          "w": 0.9409283399581909,
          "x": 0.33849024772644043,
          "y": 0.0075979530811309814,
          "z": 0.004525548778474331
        },
        "scale": {
          "x": 1.0,
          "y": 1.0,
          "z": 1.0
        },
        "matrix_basis": [
          [
            0.9998435974121094,
            -0.003372768172994256,
            0.017361966893076897,
            0.0
          ],
          [
            0.013660100288689137,
            0.7708077430725098,
            -0.6369213461875916,
            0.0
          ],
          [
            -0.01123455073684454,
            0.6370589137077332,
            0.7707332372665405,
            0.0
          ],
          [
            0.0,
            0.0,
            0.0,
            1.0
          ]
        ],
        "rotation_mode": "QUATERNION"
      },
      "armature_space": {
        "head": {
          "x": 0.47400546073913574,
          "y": -0.3183865547180176,
          "z": 0.3590400218963623
        },
        "tail": {
          "x": 0.4831313490867615,
          "y": -0.35652878880500793,
          "z": 0.3677041530609131
        }
      },
      "world_space": {
        "head": {
          "x": 0.47400546073913574,
          "y": -0.25514256954193115,
          "z": 1.3088940382003784
        },
        "tail": {
          "x": 0.4831313490867615,
          "y": -0.2932847738265991,
          "z": 1.3175581693649292
        },
        "rotation_quaternion": {
          "w": 0.13609455525875092,
          "x": 0.2150375247001648,
          "y": -0.08155880123376846,
          "z": -0.9636313319206238
        },
        "matrix": [
          [
            -0.870474100112915,
            0.22721371054649353,
            -0.4366331696510315,
            0.47400546073913574
          ],
          [
            -0.29736652970314026,
            -0.949652910232544,
            0.09865427017211914,
            -0.25514256954193115
          ],
          [
            -0.39223727583885193,
            0.21571677923202515,
            0.8942204713821411,
            1.3088940382003784
          ],
          [
            0.0,
            0.0,
            0.0,
            1.0
          ]
        ]
      },
      "bone_length_armature_space": 0.040164400427222094,
      "parent": "thumb_01_l",
      "has_children": true,
      "is_end_bone": false
    },
    "thumb_03_l": {
      "name": "thumb_03_l",
      "local": {
        "location": {
          "x": 0.0,
          "y": 0.0,
          "z": 0.0
        },
        "rotation_quaternion": {
          "w": 0.9817237257957458,
          "x": 0.19029110670089722,
          "y": 0.002601468237116933,
          "z": 0.0010636853985488415
        },
        "scale": {
          "x": 1.0,
          "y": 1.0,
          "z": 1.0
        },
        "matrix_basis": [
          [
            0.9999842047691345,
            -0.0010984177934005857,
            0.005512665957212448,
            0.0
          ],
          [
            0.003078562906011939,
            0.9275763034820557,
            -0.37362104654312134,
            0.0
          ],
          [
            -0.0047030262649059296,
            0.37363213300704956,
            0.9275650382041931,
            0.0
          ],
          [
            0.0,
            0.0,
            0.0,
            1.0
          ]
        ],
        "rotation_mode": "QUATERNION"
      },
      "armature_space": {
        "head": {
          "x": 0.4831313490867615,
          "y": -0.35652875900268555,
          "z": 0.3677040636539459
        },
        "tail": {
          "x": 0.4810647964477539,
          "y": -0.37807697057724,
          "z": 0.3891119956970215
        }
      },
      "world_space": {
        "head": {
          "x": 0.4831313490867615,
          "y": -0.2932847738265991,
          "z": 1.3175580501556396
        },
        "tail": {
          "x": 0.4810647964477539,
          "y": -0.31483298540115356,
          "z": 1.3389660120010376
        },
        "rotation_quaternion": {
          "w": 0.145671084523201,
          "x": 0.4326145350933075,
          "y": -0.35339948534965515,
          "z": -0.8165375590324402
        },
        "matrix": [
          [
            -0.5832499265670776,
            -0.06787808239459991,
            -0.8094515800476074,
            0.4831313490867615
          ],
          [
            -0.5436631441116333,
            -0.7077780365943909,
            0.4510883390903473,
            -0.2932847738265991
          ],
          [
            -0.6035356521606445,
            0.7031705975532532,
            0.3759119510650635,
            1.3175580501556396
          ],
          [
            0.0,
            0.0,
            0.0,
            1.0
          ]
        ]
      },
      "bone_length_armature_space": 0.03044496053351892,
      "parent": "thumb_02_l",
      "has_children": false,
      "is_end_bone": true
    },
    "metacarpal_index_l": {
      "name": "metacarpal_index_l",
      "local": {
        "location": {
          "x": 0.0,
          "y": 0.0,
          "z": 0.0
        },
        "rotation_quaternion": {
          "w": 0.9998895525932312,
          "x": -0.013483913615345955,
          "y": 0.00021656071476172656,
          "z": -0.006250492297112942
        },
        "scale": {
          "x": 1.0,
          "y": 1.0,
          "z": 1.0
        },
        "matrix_basis": [
          [
            0.9999217391014099,
            0.01249376405030489,
            0.000601635780185461,
            0.0
          ],
          [
            -0.012505443766713142,
            0.9995582103729248,
            0.026962140575051308,
            0.0
          ],
          [
            -0.00026451138546690345,
            -0.026967555284500122,
            0.9996362924575806,
            0.0
          ],
          [
            0.0,
            0.0,
            0.0,
            1.0
          ]
        ],
        "rotation_mode": "QUATERNION"
      },
      "armature_space": {
        "head": {
          "x": 0.4658870995044708,
          "y": -0.2963976263999939,
          "z": 0.43103957176208496
        },
        "tail": {
          "x": 0.4822964072227478,
          "y": -0.37681084871292114,
          "z": 0.34741076827049255
        }
      },
      "world_space": {
        "head": {
          "x": 0.4658870995044708,
          "y": -0.23315362632274628,
          "z": 1.380893588066101
        },
        "tail": {
          "x": 0.4822964072227478,
          "y": -0.3135668635368347,
          "z": 1.297264814376831
        },
        "rotation_quaternion": {
          "w": 0.3848274052143097,
          "x": -0.9173026084899902,
          "y": -0.09362391382455826,
          "z": 0.0412108451128006
        },
        "matrix": [
          [
            0.9790723323822021,
            0.14004488289356232,
            -0.14766399562358856,
            0.4658870995044708
          ],
          [
            0.2034815102815628,
            -0.6862851977348328,
            0.6982895135879517,
            -0.23315362632274628
          ],
          [
            -0.0035477401688694954,
            -0.7137284278869629,
            -0.7004237174987793,
            1.380893588066101
          ],
          [
            0.0,
            0.0,
            0.0,
            1.0
          ]
        ]
      },
      "bone_length_armature_space": 0.11717221637243203,
      "parent": "lowerarm_l",
      "has_children": true,
      "is_end_bone": false
    },
    "index_01_l": {
      "name": "index_01_l",
      "local": {
        "location": {
          "x": 0.0,
          "y": 0.0,
          "z": 0.0
        },
        "rotation_quaternion": {
          "w": 0.972415566444397,
          "x": 0.23246052861213684,
          "y": 0.011955109424889088,
          "z": 0.015073761343955994
        },
        "scale": {
          "x": 1.0,
          "y": 1.0,
          "z": 1.0
        },
        "matrix_basis": [
          [
            0.9992597103118896,
            -0.02375773899257183,
            0.030258778482675552,
            0.0
          ],
          [
            0.03487410396337509,
            0.8914697766304016,
            -0.45173606276512146,
            0.0
          ],
          [
            -0.016242559999227524,
            0.45245689153671265,
            0.8916383385658264,
            0.0
          ],
          [
            0.0,
            0.0,
            0.0,
            1.0
          ]
        ],
        "rotation_mode": "QUATERNION"
      },
      "armature_space": {
        "head": {
          "x": 0.4822964072227478,
          "y": -0.37681084871292114,
          "z": 0.34741076827049255
        },
        "tail": {
          "x": 0.4931183159351349,
          "y": -0.3858920633792877,
          "z": 0.32264190912246704
        }
      },
      "world_space": {
        "head": {
          "x": 0.4822964072227478,
          "y": -0.3135668635368347,
          "z": 1.297264814376831
        },
        "tail": {
          "x": 0.4931183159351349,
          "y": -0.3226480484008789,
          "z": 1.272495985031128
        },
        "rotation_quaternion": {
          "w": 0.5336335897445679,
          "x": -0.8119233846664429,
          "y": -0.2366350293159485,
          "z": 0.004436175804585218
        },
        "matrix": [
          [
            0.8879677653312683,
            0.37952470779418945,
            -0.25975796580314636,
            0.4822964072227478
          ],
          [
            0.3889954686164856,
            -0.3184783160686493,
            0.8644388914108276,
            -0.3135668635368347
          ],
          [
            0.24535048007965088,
            -0.8686448335647583,
            -0.43043407797813416,
            1.297264814376831
          ],
          [
            0.0,
            0.0,
            0.0,
            1.0
          ]
        ]
      },
      "bone_length_armature_space": 0.028514532642311637,
      "parent": "metacarpal_index_l",
      "has_children": true,
      "is_end_bone": false
    },
    "index_02_l": {
      "name": "index_02_l",
      "local": {
        "location": {
          "x": 0.0,
          "y": 0.0,
          "z": 0.0
        },
        "rotation_quaternion": {
          "w": 0.9110308885574341,
          "x": 0.41217347979545593,
          "y": 0.009406386874616146,
          "z": 0.006881142966449261
        },
        "scale": {
          "x": 1.0,
          "y": 1.0,
          "z": 1.0
        },
        "matrix_basis": [
          [
            0.9997283220291138,
            -0.004783741198480129,
            0.022811466827988625,
            0.0
          ],
          [
            0.020291993394494057,
            0.6601313352584839,
            -0.7508760690689087,
            0.0
          ],
          [
            -0.01146656833589077,
            0.751134991645813,
            0.6600490808486938,
            0.0
          ],
          [
            0.0,
            0.0,
            0.0,
            1.0
          ]
        ],
        "rotation_mode": "QUATERNION"
      },
      "armature_space": {
        "head": {
          "x": 0.49311816692352295,
          "y": -0.38589200377464294,
          "z": 0.32264137268066406
        },
        "tail": {
          "x": 0.49421852827072144,
          "y": -0.375735878944397,
          "z": 0.29910969734191895
        }
      },
      "world_space": {
        "head": {
          "x": 0.49311816692352295,
          "y": -0.32264798879623413,
          "z": 1.2724953889846802
        },
        "tail": {
          "x": 0.49421852827072144,
          "y": -0.31249189376831055,
          "z": 1.248963713645935
        },
        "rotation_quaternion": {
          "w": 0.8047630786895752,
          "x": -0.5357280373573303,
          "y": -0.22429080307483673,
          "z": 0.12265979498624802
        },
        "matrix": [
          [
            0.869296669960022,
            0.04289335012435913,
            -0.49242591857910156,
            0.49311816692352295
          ],
          [
            0.4377416670322418,
            0.3959001302719116,
            0.8072458505630493,
            -0.32264798879623413
          ],
          [
            0.22957874834537506,
            -0.9172974824905396,
            0.3253813683986664,
            1.2724953889846802
          ],
          [
            0.0,
            0.0,
            0.0,
            1.0
          ]
        ]
      },
      "bone_length_armature_space": 0.02565340891285922,
      "parent": "index_01_l",
      "has_children": true,
      "is_end_bone": false
    },
    "index_03_l": {
      "name": "index_03_l",
      "local": {
        "location": {
          "x": 0.0,
          "y": 0.0,
          "z": 0.0
        },
        "rotation_quaternion": {
          "w": 0.9656873345375061,
          "x": 0.2596075236797333,
          "y": -0.004331432282924652,
          "z": -0.0057465313002467155
        },
        "scale": {
          "x": 1.0,
          "y": 1.0,
          "z": 1.0
        },
        "matrix_basis": [
          [
            0.9998964071273804,
            0.00884976051747799,
            -0.011349303647875786,
            0.0
          ],
          [
            -0.013347649946808815,
            0.8651418089866638,
            -0.5013496279716492,
            0.0
          ],
          [
            0.005381932947784662,
            0.5014491677284241,
            0.8651703596115112,
            0.0
          ],
          [
            0.0,
            0.0,
            0.0,
            1.0
          ]
        ],
        "rotation_mode": "QUATERNION"
      },
      "armature_space": {
        "head": {
          "x": 0.4942185580730438,
          "y": -0.3757359981536865,
          "z": 0.29910963773727417
        },
        "tail": {
          "x": 0.49005264043807983,
          "y": -0.3512883484363556,
          "z": 0.283659964799881
        }
      },
      "world_space": {
        "head": {
          "x": 0.4942185580730438,
          "y": -0.3124920129776001,
          "z": 1.2489635944366455
        },
        "tail": {
          "x": 0.49005264043807983,
          "y": -0.2880443334579468,
          "z": 1.2335139513015747
        },
        "rotation_quaternion": {
          "w": 0.9389266967773438,
          "x": -0.2554144263267517,
          "y": -0.1917630136013031,
          "z": 0.1280902773141861
        },
        "matrix": [
          [
            0.8936394453048706,
            -0.14257684350013733,
            -0.4255351126194,
            0.4942185580730438
          ],
          [
            0.3384931981563568,
            0.8367128372192383,
            0.43050485849380493,
            -0.3124920129776001
          ],
          [
            0.29467278718948364,
            -0.5287599563598633,
            0.7959867715835571,
            1.2489635944366455
          ],
          [
            0.0,
            0.0,
            0.0,
            1.0
          ]
        ]
      },
      "bone_length_armature_space": 0.029218740785034805,
      "parent": "index_02_l",
      "has_children": false,
      "is_end_bone": true
    },
    "metacarpal_pinky_l": {
      "name": "metacarpal_pinky_l",
      "local": {
        "location": {
          "x": 0.0,
          "y": 0.0,
          "z": 0.0
        },
        "rotation_quaternion": {
          "w": 0.9988014698028564,
          "x": -0.0486404225230217,
          "y": -0.003345044795423746,
          "z": -0.004329550080001354
        },
        "scale": {
          "x": 1.0,
          "y": 1.0,
          "z": 1.0
        },
        "matrix_basis": [
          [
            0.9999401569366455,
            0.00897413119673729,
            -0.006260889116674662,
            0.0
          ],
          [
            -0.008323312737047672,
            0.9952307343482971,
            0.09719321876764297,
            0.0
          ],
          [
            0.007103253621608019,
            -0.0971352830529213,
            0.9952458143234253,
            0.0
          ],
          [
            0.0,
            0.0,
            0.0,
            1.0
          ]
        ],
        "rotation_mode": "QUATERNION"
      },
      "armature_space": {
        "head": {
          "x": 0.4658870995044708,
          "y": -0.2963976263999939,
          "z": 0.43103957176208496
        },
        "tail": {
          "x": 0.5335512757301331,
          "y": -0.3641132116317749,
          "z": 0.39005908370018005
        }
      },
      "world_space": {
        "head": {
          "x": 0.4658870995044708,
          "y": -0.23315362632274628,
          "z": 1.380893588066101
        },
        "tail": {
          "x": 0.5335512757301331,
          "y": -0.3008692264556885,
          "z": 1.3399131298065186
        },
        "rotation_quaternion": {
          "w": 0.2075873613357544,
          "x": 0.4408700168132782,
          "y": 0.3629891276359558,
          "z": -0.7942165732383728
        },
        "matrix": [
          [
            -0.5250827670097351,
            0.6498002409934998,
            -0.5495885610580444,
            0.4658870995044708
          ],
          [
            -0.00967840850353241,
            -0.6502938270568848,
            -0.7596213817596436,
            -0.23315362632274628
          ],
          [
            -0.8510020971298218,
            -0.3935483992099762,
            0.34774884581565857,
            1.380893588066101
          ],
          [
            0.0,
            0.0,
            0.0,
            1.0
          ]
        ]
      },
      "bone_length_armature_space": 0.10413088904327339,
      "parent": "lowerarm_l",
      "has_children": true,
      "is_end_bone": false
    },
    "pinky_01_l": {
      "name": "pinky_01_l",
      "local": {
        "location": {
          "x": 0.0,
          "y": 0.0,
          "z": 0.0
        },
        "rotation_quaternion": {
          "w": 0.937045156955719,
          "x": 0.3491057753562927,
          "y": -0.0024113068357110023,
          "z": -0.008109238930046558
        },
        "scale": {
          "x": 1.0,
          "y": 1.0,
          "z": 1.0
        },
        "matrix_basis": [
          [
            0.9998568296432495,
            0.013513843528926373,
            -0.010180970653891563,
            0.0
          ],
          [
            -0.016881048679351807,
            0.7561187744140625,
            -0.6542166471481323,
            0.0
          ],
          [
            -0.0011429574806243181,
            0.6542948484420776,
            0.7562386989593506,
            0.0
          ],
          [
            0.0,
            0.0,
            0.0,
            1.0
          ]
        ],
        "rotation_mode": "QUATERNION"
      },
      "armature_space": {
        "head": {
          "x": 0.5335512757301331,
          "y": -0.3641132116317749,
          "z": 0.39005908370018005
        },
