{
  "metadata": {
    "armature_name": "KIM_caucasian_male",
    "export_time": "2026-01-13T21:00:40.615798",
    "blender_version": "4.4.1",
    "bone_count": 56,
    "end_bone_count": 13,
    "spaces_included": [
      "LOCAL_CHANNELS",
      "ARMATURE_SPACE",
      "WORLD_SPACE"
    ],
    "note": "LOCAL matches Transform panel; replay pose via local.matrix_basis for best fidelity."
  },
  "bones": {
    "Root": {
      "name": "Root",
      "local": {
        "location": {
          "x": 0.0,
          "y": 0.0,
          "z": 0.0
        },
        "rotation_quaternion": {
          "w": 0.9994659423828125,
          "x": -0.007340464740991592,
          "y": -0.011807114817202091,
          "z": -0.029574695974588394
        },
        "scale": {
          "x": 1.0,
          "y": 1.0,
          "z": 1.0
        },
        "matrix_basis": [
          [
            0.9979718327522278,
            0.05929114297032356,
            -0.023167435079813004,
            0.0
          ],
          [
            -0.0589444637298584,
            0.9981428980827332,
            0.01537147257477045,
            0.0
          ],
          [
            0.024035802111029625,
            -0.013974705711007118,
            0.9996134042739868,
            0.0
          ],
          [
            0.0,
            0.0,
            0.0,
            1.0
          ]
        ],
        "rotation_mode": "QUATERNION"
      },
      "armature_space": {
        "head": {
          "x": 0.0,
          "y": 0.07072800397872925,
          "z": -0.009595036506652832
        },
        "tail": {
          "x": 0.004231956787407398,
          "y": 0.0002654343843460083,
          "z": 0.0009705908596515656
        }
      },
      "world_space": {
        "head": {
          "x": 0.0,
          "y": 0.13397200405597687,
          "z": 0.9402589797973633
        },
        "tail": {
          "x": 0.004231956787407398,
          "y": 0.06350943446159363,
          "z": 0.9508246183395386
        },
        "rotation_quaternion": {
          "w": 0.0746554583311081,
          "x": 0.9967008233070374,
          "y": 0.028712090104818344,
          "z": -0.013772678561508656
        },
        "matrix": [
          [
            0.9979718327522278,
            0.05929114297032356,
            -0.023167435079813004,
            0.0
          ],
          [
            0.05517830699682236,
            -0.9872043132781982,
            -0.14960967004299164,
            0.13397200405597687
          ],
          [
            -0.031741686165332794,
            0.14802800118923187,
            -0.9884807467460632,
            0.9402589797973633
          ],
          [
            0.0,
            0.0,
            0.0,
            1.0
          ]
        ]
      },
      "bone_length_armature_space": 0.07137587627845918,
      "parent": null,
      "has_children": true,
      "is_end_bone": false
    },
    "spine_01": {
      "name": "spine_01",
      "local": {
        "location": {
          "x": 0.0,
          "y": 0.0,
          "z": 0.0
        },
        "rotation_quaternion": {
          "w": 0.9956499338150024,
          "x": 0.06769002228975296,
          "y": -0.04664464667439461,
          "z": 0.043859973549842834
        },
        "scale": {
          "x": 1.0,
          "y": 1.0,
          "z": 1.0
        },
        "matrix_basis": [
          [
            0.9918011426925659,
            -0.0936531126499176,
            -0.08694571256637573,
            0.0
          ],
          [
            0.08102360367774963,
            0.9869887232780457,
            -0.1388828009366989,
            0.0
          ],
          [
            0.0988212451338768,
            0.13069947063922882,
            0.9864846467971802,
            0.0
          ],
          [
            0.0,
            0.0,
            0.0,
            1.0
          ]
        ],
        "rotation_mode": "QUATERNION"
      },
      "armature_space": {
        "head": {
          "x": 0.004231956787407398,
          "y": 0.0002654343843460083,
          "z": 0.0009705908596515656
        },
        "tail": {
          "x": -0.02411358803510666,
          "y": -0.03586489334702492,
          "z": 0.48680973052978516
        }
      },
      "world_space": {
        "head": {
          "x": 0.004231956787407398,
          "y": 0.06350943446159363,
          "z": 0.9508246183395386
        },
        "tail": {
          "x": -0.02411358803510666,
          "y": 0.027379106730222702,
          "z": 1.4366637468338013
        },
        "rotation_quaternion": {
          "w": 0.6796252131462097,
          "x": 0.7327811121940613,
          "y": -0.033024612814188004,
          "z": 0.00712549639865756
        },
        "matrix": [
          [
            0.9977171421051025,
            -0.058084987103939056,
            -0.03444625437259674,
            0.004231956787407398
          ],
          [
            -0.03871466964483261,
            -0.07403737306594849,
            -0.9965037107467651,
            0.06350943446159363
          ],
          [
            0.05533196032047272,
            0.9955694675445557,
            -0.07611855864524841,
            0.9508246183395386
          ],
          [
            0.0,
            0.0,
            0.0,
            1.0
          ]
        ]
      },
      "bone_length_armature_space": 0.48800463512353537,
      "parent": "Root",
      "has_children": true,
      "is_end_bone": false
    },
    "neck_01": {
      "name": "neck_01",
      "local": {
        "location": {
          "x": 0.0,
          "y": 0.0,
          "z": 0.0
        },
        "rotation_quaternion": {
          "w": 0.9850536584854126,
          "x": -0.11967741698026657,
          "y": 0.004998722113668919,
          "z": -0.12378045171499252
        },
        "scale": {
          "x": 1.0,
          "y": 1.0,
          "z": 1.0
        },
        "matrix_basis": [
          [
            0.9693068265914917,
            0.24266430735588074,
            0.039475467056035995,
            0.0
          ],
          [
            -0.24505724012851715,
            0.9407114386558533,
            0.23453986644744873,
            0.0
          ],
          [
            0.019779430702328682,
            -0.23701484501361847,
            0.9713046550750732,
            0.0
          ],
          [
            0.0,
            0.0,
            0.0,
            1.0
          ]
        ],
        "rotation_mode": "QUATERNION"
      },
      "armature_space": {
        "head": {
          "x": -0.02956109493970871,
          "y": -0.07584498822689056,
          "z": 0.5570639371871948
        },
        "tail": {
          "x": -0.010903723537921906,
          "y": -0.09824904799461365,
          "z": 0.6553528904914856
        }
      },
      "world_space": {
        "head": {
          "x": -0.02956109493970871,
          "y": -0.012600988149642944,
          "z": 1.506917953491211
        },
        "tail": {
          "x": -0.010903723537921906,
          "y": -0.03500504791736603,
          "z": 1.6052069664001465
        },
        "rotation_quaternion": {
          "w": 0.6205260157585144,
          "x": 0.778818666934967,
          "y": 0.07537950575351715,
          "z": -0.05202941223978996
        },
        "matrix": [
          [
            0.9832216501235962,
            0.1819852590560913,
            0.012507995590567589,
            -0.02956109493970871
          ],
          [
            0.05284374952316284,
            -0.21853066980838776,
            -0.9743983149528503,
            -0.012600988149642944
          ],
          [
            -0.17459391057491302,
            0.9587171077728271,
            -0.2244834154844284,
            1.506917953491211
          ],
          [
            0.0,
            0.0,
            0.0,
            1.0
          ]
        ]
      },
      "bone_length_armature_space": 0.10252198505676331,
      "parent": "spine_01",
      "has_children": true,
      "is_end_bone": false
    },
    "head": {
      "name": "head",
      "local": {
        "location": {
          "x": 0.0,
          "y": 0.0,
          "z": 0.0
        },
        "rotation_quaternion": {
          "w": 0.9847647547721863,
          "x": -0.00340301007963717,
          "y": 0.13962078094482422,
          "z": -0.10359977930784225
        },
        "scale": {
          "x": 1.0,
          "y": 1.0,
          "z": 1.0
        },
        "matrix_basis": [
          [
            0.9395462274551392,
            0.203092560172081,
            0.275692343711853,
            0.0
          ],
          [
            -0.2049930840730667,
            0.9785110354423523,
            -0.022227035835385323,
            0.0
          ],
          [
            -0.27428215742111206,
            -0.0356316938996315,
            0.9609889388084412,
            0.0
          ],
          [
            0.0,
            0.0,
            0.0,
            1.0
          ]
        ],
        "rotation_mode": "QUATERNION"
      },
      "armature_space": {
        "head": {
          "x": -0.010903734713792801,
          "y": -0.09824918210506439,
          "z": 0.655352771282196
        },
        "tail": {
          "x": 0.044633977115154266,
          "y": -0.06868761032819748,
          "z": 0.7971094250679016
        }
      },
      "world_space": {
        "head": {
          "x": -0.010903734713792801,
          "y": -0.03500518202781677,
          "z": 1.6052067279815674
        },
        "tail": {
          "x": 0.044633977115154266,
          "y": -0.00544361025094986,
          "z": 1.7469635009765625
        },
        "rotation_quaternion": {
          "w": 0.7286012768745422,
          "x": 0.6356947422027588,
          "y": 0.25385838747024536,
          "z": -0.024256600067019463
        },
        "matrix": [
          [
            0.8699358105659485,
            0.35809940099716187,
            0.3390818238258362,
            -0.010903734713792801
          ],
          [
            0.2874038815498352,
            0.1906088888645172,
            -0.938651978969574,
            -0.03500518202781677
          ],
          [
            -0.4007652699947357,
            0.9140270948410034,
            0.06289789825677872,
            1.6052067279815674
          ],
          [
            0.0,
            0.0,
            0.0,
            1.0
          ]
        ]
      },
      "bone_length_armature_space": 0.15509117873860334,
      "parent": "neck_01",
      "has_children": false,
      "is_end_bone": true
    },
    "upperarm_l": {
      "name": "upperarm_l",
      "local": {
        "location": {
          "x": 0.0,
          "y": 0.0,
          "z": 0.0
        },
        "rotation_quaternion": {
          "w": 0.958566427230835,
          "x": 0.20064029097557068,
          "y": -0.19858047366142273,
          "z": 0.03820738568902016
        },
        "scale": {
          "x": 1.0,
          "y": 1.0,
          "z": 1.0
        },
        "matrix_basis": [
          [
            0.9182119965553284,
            -0.15293511748313904,
            -0.36537325382232666,
            0.0
          ],
          [
            -0.006437853444367647,
            0.916567325592041,
            -0.39982858300209045,
            0.0
          ],
          [
            0.3960370421409607,
            0.36947962641716003,
            0.8406185507774353,
            0.0
          ],
          [
            0.0,
            0.0,
            0.0,
            1.0
          ]
        ],
        "rotation_mode": "QUATERNION"
      },
      "armature_space": {
        "head": {
          "x": 0.12389039248228073,
          "y": -0.07985427975654602,
          "z": 0.49821096658706665
        },
        "tail": {
          "x": 0.3684103190898895,
          "y": -0.18194425106048584,
          "z": 0.5381518602371216
        }
      },
      "world_space": {
        "head": {
          "x": 0.12389039248228073,
          "y": -0.0166102796792984,
          "z": 1.4480650424957275
        },
        "tail": {
          "x": 0.3684103190898895,
          "y": -0.11870025098323822,
          "z": 1.4880058765411377
        },
        "rotation_quaternion": {
          "w": 0.4779648184776306,
          "x": 0.534774124622345,
          "y": 0.2847115993499756,
          "z": -0.63600754737854
        },
        "matrix": [
          [
            0.028868377208709717,
            0.9124918580055237,
            -0.4080749452114105,
            0.12389039248228073
          ],
          [
            -0.30346596240997314,
            -0.3809761703014374,
            -0.8733646273612976,
            -0.0166102796792984
          ],
          [
            -0.952411949634552,
            0.14905011653900146,
            0.26591312885284424,
            1.4480650424957275
          ],
          [
            0.0,
            0.0,
            0.0,
            1.0
          ]
        ]
      },
      "bone_length_armature_space": 0.2679694500669338,
      "parent": "spine_01",
      "has_children": true,
      "is_end_bone": false
    },
    "lowerarm_l": {
      "name": "lowerarm_l",
      "local": {
        "location": {
          "x": 0.0,
          "y": 0.0,
          "z": 0.0
        },
        "rotation_quaternion": {
          "w": 0.9667911529541016,
          "x": 0.2534909248352051,
          "y": -0.03137211501598358,
          "z": -0.00854908674955368
        },
        "scale": {
          "x": 1.0,
          "y": 1.0,
          "z": 1.0
        },
        "matrix_basis": [
          [
            0.9978854060173035,
            0.000625269953161478,
            -0.06499479711055756,
            0.0
          ],
          [
            -0.03243545442819595,
            0.8713385462760925,
            -0.48960915207862854,
            0.0
          ],
          [
            0.056326333433389664,
            0.4906819760799408,
            0.8695162534713745,
            0.0
          ],
          [
            0.0,
            0.0,
            0.0,
            1.0
          ]
        ],
        "rotation_mode": "QUATERNION"
      },
      "armature_space": {
        "head": {
          "x": 0.3684103786945343,
          "y": -0.18194428086280823,
          "z": 0.5381519794464111
        },
        "tail": {
          "x": 0.49962708353996277,
          "y": -0.3895239531993866,
          "z": 0.6442760825157166
        }
      },
      "world_space": {
        "head": {
          "x": 0.3684103786945343,
          "y": -0.11870028078556061,
          "z": 1.4880059957504272
        },
        "tail": {
          "x": 0.49962708353996277,
          "y": -0.3262799382209778,
          "z": 1.594130039215088
        },
        "rotation_quaternion": {
          "w": 0.33464592695236206,
          "x": 0.6075253486633301,
          "y": 0.00688914442434907,
          "z": -0.7203314900398254
        },
        "matrix": [
          [
            -0.037849269807338715,
            0.4904848635196686,
            -0.8706272840499878,
            0.3684103786945343
          ],
          [
            -0.47374218702316284,
            -0.7759277820587158,
            -0.41653892397880554,
            -0.11870028078556061
          ],
          [
            -0.8798565864562988,
            0.396689236164093,
            0.2617332637310028,
            1.4880059957504272
          ],
          [
            0.0,
            0.0,
            0.0,
            1.0
          ]
        ]
      },
      "bone_length_armature_space": 0.26752470694508856,
      "parent": "upperarm_l",
      "has_children": true,
      "is_end_bone": false
    },
    "metacarpal_thumb_l": {
      "name": "metacarpal_thumb_l",
      "local": {
        "location": {
          "x": 0.0,
          "y": 0.0,
          "z": 0.0
        },
        "rotation_quaternion": {
          "w": 0.9990181922912598,
          "x": -0.03760499507188797,
          "y": 0.01839403435587883,
          "z": -0.014501881785690784
        },
        "scale": {
          "x": 1.0,
          "y": 1.0,
          "z": 1.0
        },
        "matrix_basis": [
          [
            0.9989027380943298,
            0.027591872960329056,
            0.037842635065317154,
            0.0
          ],
          [
            -0.030358701944351196,
            0.9967511296272278,
            0.0746026486158371,
            0.0
          ],
          [
            -0.03566126525402069,
            -0.07566964626312256,
            0.9964950680732727,
            0.0
          ],
          [
            0.0,
            0.0,
            0.0,
            1.0
          ]
        ],
        "rotation_mode": "QUATERNION"
      },
      "armature_space": {
        "head": {
          "x": 0.49962708353996277,
          "y": -0.3895239531993866,
          "z": 0.6442760825157166
        },
        "tail": {
          "x": 0.49475952982902527,
          "y": -0.4351669251918793,
          "z": 0.6628936529159546
        }
      },
      "world_space": {
        "head": {
          "x": 0.49962708353996277,
          "y": -0.3262799382209778,
          "z": 1.594130039215088
        },
        "tail": {
          "x": 0.49475952982902527,
          "y": -0.37192291021347046,
          "z": 1.6127476692199707
        },
        "rotation_quaternion": {
          "w": 0.1907673478126526,
          "x": 0.9799981117248535,
          "y": -0.05367520451545715,
          "z": -0.01817905157804489
        },
        "matrix": [
          [
            0.9935769438743591,
            -0.09826729446649551,
            -0.05610987916588783,
            0.49962708353996277
          ],
          [
            -0.11213915795087814,
            -0.9214534163475037,
            -0.3719521760940552,
            -0.3262799382209778
          ],
          [
            -0.0151522196829319,
            0.37585705518722534,
            -0.9265614748001099,
            1.594130039215088
          ],
          [
            0.0,
            0.0,
            0.0,
            1.0
          ]
        ]
      },
      "bone_length_armature_space": 0.049533704009095146,
      "parent": "lowerarm_l",
      "has_children": true,
      "is_end_bone": false
    },
    "thumb_01_l": {
      "name": "thumb_01_l",
      "local": {
        "location": {
          "x": 0.0,
          "y": 0.0,
          "z": 0.0
        },
        "rotation_quaternion": {
          "w": 0.9997106790542603,
          "x": -0.004211315419524908,
          "y": 0.008998080156743526,
          "z": -0.021904950961470604
        },
        "scale": {
          "x": 1.0,
          "y": 1.0,
          "z": 1.0
        },
        "matrix_basis": [
          [
            0.9988784193992615,
            0.04372143745422363,
            0.018175451084971428,
            0.0
          ],
          [
            -0.04387301579117775,
            0.9990049004554749,
            0.008025988936424255,
            0.0
          ],
          [
            -0.017806455492973328,
            -0.008814399130642414,
            0.9998025894165039,
            0.0
          ],
          [
            0.0,
            0.0,
            0.0,
            1.0
          ]
        ],
        "rotation_mode": "QUATERNION"
      },
      "armature_space": {
        "head": {
          "x": 0.49475952982902527,
          "y": -0.4351669251918793,
          "z": 0.6628936529159546
        },
        "tail": {
          "x": 0.4866975247859955,
          "y": -0.4653545618057251,
          "z": 0.6493903398513794
        }
      },
      "world_space": {
        "head": {
          "x": 0.49475952982902527,
          "y": -0.37192291021347046,
          "z": 1.6127476692199707
        },
        "tail": {
          "x": 0.4866975247859955,
          "y": -0.40211057662963867,
          "z": 1.5992443561553955
        },
        "rotation_quaternion": {
          "w": 0.058468643575906754,
          "x": -0.6876533627510071,
          "y": 0.23053961992263794,
          "z": -0.6859779953956604
        },
        "matrix": [
          [
            -0.04742848128080368,
            -0.23684921860694885,
            0.9703880548477173,
            0.49475952982902527
          ],
          [
            -0.39727890491485596,
            -0.8868652582168579,
            -0.23588056862354279,
            -0.37192291021347046
          ],
          [
            0.916477620601654,
            -0.39670586585998535,
            -0.0520332045853138,
            1.6127476692199707
          ],
          [
            0.0,
            0.0,
            0.0,
            1.0
          ]
        ]
      },
      "bone_length_armature_space": 0.03403863647133646,
      "parent": "metacarpal_thumb_l",
      "has_children": true,
      "is_end_bone": false
    },
    "thumb_02_l": {
      "name": "thumb_02_l",
      "local": {
        "location": {
          "x": 0.0,
          "y": 0.0,
          "z": 0.0
        },
        "rotation_quaternion": {
          "w": 0.9953591823577881,
          "x": 0.09592843055725098,
          "y": 0.006840073503553867,
          "z": -0.0033500785939395428
        },
        "scale": {
          "x": 1.0,
          "y": 1.0,
          "z": 1.0
        },
        "matrix_basis": [
          [
            0.9998840093612671,
            0.0079813776537776,
            0.012973924167454243,
            0.0
          ],
          [
            -0.0053567481227219105,
            0.9815730452537537,
            -0.19101232290267944,
            0.0
          ],
          [
            -0.014259395189583302,
            0.1909206658601761,
            0.9815018773078918,
            0.0
          ],
          [
            0.0,
            0.0,
            0.0,
            1.0
          ]
        ],
        "rotation_mode": "QUATERNION"
      },
      "armature_space": {
        "head": {
          "x": 0.4866974651813507,
          "y": -0.4653545320034027,
          "z": 0.6493903398513794
        },
        "tail": {
          "x": 0.5083631873130798,
          "y": -0.49365368485450745,
          "z": 0.6679089069366455
        }
      },
      "world_space": {
        "head": {
          "x": 0.4866974651813507,
          "y": -0.4021105170249939,
          "z": 1.5992443561553955
        },
        "tail": {
          "x": 0.5083631873130798,
          "y": -0.43040966987609863,
          "z": 1.6177629232406616
        },
        "rotation_quaternion": {
          "w": 0.17134912312030792,
          "x": -0.36073917150497437,
          "y": -0.34401747584342957,
          "z": -0.8497992157936096
        },
        "matrix": [
          [
            -0.6810138821601868,
            0.5394259691238403,
            0.49521690607070923,
            0.4866974651813507
          ],
          [
            -0.04302438721060753,
            -0.7045829892158508,
            0.7083162069320679,
            -0.4021105170249939
          ],
          [
            0.7310107350349426,
            0.4610692262649536,
            0.5030433535575867,
            1.5992443561553955
          ],
          [
            0.0,
            0.0,
            0.0,
            1.0
          ]
        ]
      },
      "bone_length_armature_space": 0.04016444843310778,
      "parent": "thumb_01_l",
      "has_children": true,
      "is_end_bone": false
    },
    "thumb_03_l": {
      "name": "thumb_03_l",
      "local": {
        "location": {
          "x": 0.0,
          "y": 0.0,
          "z": 0.0
        },
        "rotation_quaternion": {
          "w": 0.9979377388954163,
          "x": 0.06397196650505066,
          "y": 0.0026851859875023365,
          "z": -0.004547123797237873
        },
        "scale": {
          "x": 1.0,
          "y": 1.0,
          "z": 1.0
        },
        "matrix_basis": [
          [
            0.9999442100524902,
            0.009419046342372894,
            0.004777519963681698,
            0.0
          ],
          [
            -0.00873193982988596,
            0.9917738437652588,
            -0.12770450115203857,
            0.0
          ],
          [
            -0.005941073875874281,
            0.12765565514564514,
            0.9918007254600525,
            0.0
          ],
          [
            0.0,
            0.0,
            0.0,
            1.0
          ]
        ],
        "rotation_mode": "QUATERNION"
      },
      "armature_space": {
        "head": {
          "x": 0.5083630681037903,
          "y": -0.49365371465682983,
          "z": 0.6679088473320007
        },
        "tail": {
          "x": 0.5313078165054321,
          "y": -0.5050323605537415,
          "z": 0.684369683265686
        }
      },
      "world_space": {
        "head": {
          "x": 0.5083630681037903,
          "y": -0.4304097294807434,
          "z": 1.617762804031372
        },
        "tail": {
          "x": 0.5313078165054321,
          "y": -0.44178837537765503,
          "z": 1.6342236995697021
        },
        "rotation_quaternion": {
          "w": 0.37287235260009766,
          "x": -0.18020431697368622,
          "y": -0.41724473237991333,
          "z": -0.8089497089385986
        },
        "matrix": [
          [
            -0.6569846868515015,
            0.7536489963531494,
            -0.019607603549957275,
            0.5083630681037903
          ],
          [
            -0.45289310812950134,
            -0.3737449645996094,
            0.8094459772109985,
            -0.4304097294807434
          ],
          [
            0.6027137637138367,
            0.5406770706176758,
            0.5868719816207886,
            1.617762804031372
          ],
          [
            0.0,
            0.0,
            0.0,
            1.0
          ]
        ]
      },
      "bone_length_armature_space": 0.03044493636592294,
      "parent": "thumb_02_l",
      "has_children": false,
      "is_end_bone": true
    },
    "metacarpal_index_l": {
      "name": "metacarpal_index_l",
      "local": {
        "location": {
          "x": 0.0,
          "y": 0.0,
          "z": 0.0
        },
        "rotation_quaternion": {
          "w": 0.9978640079498291,
          "x": -0.06300077587366104,
          "y": -0.012671217322349548,
          "z": -0.011736078187823296
        },
        "scale": {
          "x": 1.0,
          "y": 1.0,
          "z": 1.0
        },
        "matrix_basis": [
          [
            0.9994034171104431,
            0.025018613785505295,
            -0.023809539154171944,
            0.0
          ],
          [
            -0.021825427189469337,
            0.9917863607406616,
            0.126029834151268,
            0.0
          ],
          [
            0.0267670676112175,
            -0.1254349946975708,
            0.9917407035827637,
            0.0
          ],
          [
            0.0,
            0.0,
            0.0,
            1.0
          ]
        ],
        "rotation_mode": "QUATERNION"
      },
      "armature_space": {
        "head": {
          "x": 0.49962708353996277,
          "y": -0.3895239531993866,
          "z": 0.6442760825157166
        },
        "tail": {
          "x": 0.5339653491973877,
          "y": -0.4866890609264374,
          "z": 0.7000351548194885
        }
      },
      "world_space": {
        "head": {
          "x": 0.49962708353996277,
          "y": -0.3262799382209778,
          "z": 1.594130039215088
        },
        "tail": {
          "x": 0.5339653491973877,
          "y": -0.42344504594802856,
          "z": 1.6498892307281494
        },
        "rotation_quaternion": {
          "w": 0.28781062364578247,
          "x": 0.8886034488677979,
          "y": 0.05038140341639519,
          "z": -0.35356852412223816
        },
        "matrix": [
          [
            0.744902491569519,
            0.29305940866470337,
            -0.599363386631012,
            0.49962708353996277
          ],
          [
            -0.11398298293352127,
            -0.8292537927627563,
            -0.547125518321991,
            -0.3262799382209778
          ],
          [
            -0.6573694944381714,
            0.4758749306201935,
            -0.5843139290809631,
            1.594130039215088
          ],
          [
            0.0,
            0.0,
            0.0,
            1.0
          ]
        ]
      },
      "bone_length_armature_space": 0.11717187757469172,
      "parent": "lowerarm_l",
      "has_children": true,
      "is_end_bone": false
    },
    "index_01_l": {
      "name": "index_01_l",
      "local": {
        "location": {
          "x": 0.0,
          "y": 0.0,
          "z": 0.0
        },
        "rotation_quaternion": {
          "w": 0.9961479306221008,
          "x": -0.08616935461759567,
          "y": 0.015553999692201614,
          "z": -0.004726685583591461
        },
        "scale": {
          "x": 1.0,
          "y": 1.0,
          "z": 1.0
        },
        "matrix_basis": [
          [
            0.9994714856147766,
            0.006736400071531534,
            0.03180275857448578,
            0.0
          ],
          [
            -0.012097512371838093,
            0.9851049780845642,
            0.17152781784534454,
            0.0
          ],
          [
            -0.03017357923090458,
            -0.17182189226150513,
            0.9846658110618591,
            0.0
          ],
          [
            0.0,
            0.0,
            0.0,
            1.0
          ]
        ],
        "rotation_mode": "QUATERNION"
      },
      "armature_space": {
        "head": {
          "x": 0.5339653491973877,
          "y": -0.4866890609264374,
          "z": 0.7000351548194885
        },
        "tail": {
          "x": 0.5537030100822449,
          "y": -0.5041791200637817,
          "z": 0.7108791470527649
        }
      },
      "world_space": {
        "head": {
          "x": 0.5339653491973877,
          "y": -0.42344504594802856,
          "z": 1.6498892307281494
        },
        "tail": {
          "x": 0.5537030100822449,
          "y": -0.4409351348876953,
          "z": 1.6607332229614258
        },
        "rotation_quaternion": {
          "w": 0.3438268303871155,
          "x": 0.8288252949714661,
          "y": 0.27403295040130615,
          "z": -0.34603115916252136
        },
        "matrix": [
          [
            0.6103367805480957,
            0.6922009587287903,
            -0.38515809178352356,
            0.5339653491973877
          ],
          [
            0.21630239486694336,
            -0.613377571105957,
            -0.7595929503440857,
            -0.42344504594802856
          ],
          [
            -0.7620436549186707,
            0.3802988529205322,
            -0.5240959525108337,
            1.6498892307281494
          ],
          [
            0.0,
            0.0,
            0.0,
            1.0
          ]
        ]
      },
      "bone_length_armature_space": 0.02851437494888928,
      "parent": "metacarpal_index_l",
      "has_children": true,
      "is_end_bone": false
    },
    "index_02_l": {
      "name": "index_02_l",
      "local": {
        "location": {
          "x": 0.0,
          "y": 0.0,
          "z": 0.0
        },
        "rotation_quaternion": {
          "w": 0.9955102205276489,
          "x": 0.09426051378250122,
          "y": 0.008164542727172375,
          "z": 0.002809364115819335
        },
        "scale": {
          "x": 1.0,
          "y": 1.0,
          "z": 1.0
        },
        "matrix_basis": [
          [
            0.999850869178772,
            -0.004054313525557518,
            0.01678539626300335,
            0.0
          ],
          [
            0.007132689468562603,
            0.9822141528129578,
            -0.18762873113155365,
            0.0
          ],
          [
            -0.01572614721953869,
            0.18772047758102417,
            0.9820966124534607,
            0.0
          ],
          [
            0.0,
            0.0,
            0.0,
            1.0
          ]
        ],
        "rotation_mode": "QUATERNION"
      },
      "armature_space": {
        "head": {
          "x": 0.5537030100822449,
          "y": -0.5041796565055847,
          "z": 0.7108792662620544
        },
        "tail": {
          "x": 0.5699620246887207,
          "y": -0.5226295590400696,
          "z": 0.7181824445724487
        }
      },
      "world_space": {
        "head": {
          "x": 0.5537030100822449,
          "y": -0.4409356713294983,
          "z": 1.6607332229614258
        },
        "tail": {
          "x": 0.5699620246887207,
          "y": -0.45938557386398315,
          "z": 1.6680364608764648
        },
        "rotation_quaternion": {
          "w": 0.2831704616546631,
          "x": 0.840957760810852,
          "y": 0.24538393318653107,
          "z": -0.3903733491897583
        },
        "matrix": [
          [
            0.5747907757759094,
            0.6337997913360596,
            -0.51760333776474,
            0.5537030100822449
          ],
          [
            0.1916312724351883,
            -0.7192020416259766,
            -0.6678518652915955,
            -0.4409356713294983
          ],
          [
            -0.7955513000488281,
            0.2846873104572296,
            -0.5348508954048157,
            1.6607332229614258
          ],
          [
            0.0,
            0.0,
            0.0,
            1.0
          ]
        ]
      },
      "bone_length_armature_space": 0.025653281932580138,
      "parent": "index_01_l",
      "has_children": true,
      "is_end_bone": false
    },
    "index_03_l": {
      "name": "index_03_l",
      "local": {
        "location": {
          "x": 0.0,
          "y": 0.0,
          "z": 0.0
        },
        "rotation_quaternion": {
          "w": 0.9995965361595154,
          "x": 0.02795073203742504,
          "y": 0.005061398260295391,
          "z": 0.00010619871318340302
        },
        "scale": {
          "x": 1.0,
          "y": 1.0,
          "z": 1.0
        },
        "matrix_basis": [
          [
            0.9999487400054932,
            7.062784425215796e-05,
            0.010124648921191692,
            0.0
          ],
          [
            0.0004952513263560832,
            0.9984374642372131,
            -0.05587783455848694,
            0.0
          ],
          [
            -0.01011277548968792,
            0.05587998405098915,
            0.9983862638473511,
            0.0
          ],
          [
            0.0,
            0.0,
            0.0,
            1.0
          ]
        ],
        "rotation_mode": "QUATERNION"
      },
      "armature_space": {
        "head": {
          "x": 0.5699620842933655,
          "y": -0.52262943983078,
          "z": 0.7181825041770935
        },
        "tail": {
          "x": 0.5876224637031555,
          "y": -0.5456014275550842,
          "z": 0.7219412922859192
        }
      },
      "world_space": {
        "head": {
          "x": 0.5699620842933655,
          "y": -0.4593854546546936,
          "z": 1.6680364608764648
        },
        "tail": {
          "x": 0.5876224637031555,
          "y": -0.4823574423789978,
          "z": 1.67179536819458
        },
        "rotation_quaternion": {
          "w": 0.19278770685195923,
          "x": 0.8625490069389343,
          "y": 0.2640601098537445,
          "z": -0.38615351915359497
        },
        "matrix": [
          [
            0.5623151063919067,
            0.6044215559959412,
            -0.5643367171287537,
            0.5699620842933655
          ],
          [
            0.30663859844207764,
            -0.7862095832824707,
            -0.536514163017273,
            -0.4593854546546936
          ],
          [
            -0.767973005771637,
            0.12864260375499725,
            -0.6274413466453552,
            1.6680364608764648
          ],
          [
            0.0,
            0.0,
            0.0,
            1.0
          ]
        ]
      },
      "bone_length_armature_space": 0.029218653302185874,
      "parent": "index_02_l",
      "has_children": false,
      "is_end_bone": true
    },
    "metacarpal_pinky_l": {
      "name": "metacarpal_pinky_l",
      "local": {
        "location": {
          "x": 0.0,
          "y": 0.0,
          "z": 0.0
        },
        "rotation_quaternion": {
          "w": 0.9995582103729248,
          "x": -0.026182206347584724,
          "y": -0.013617713004350662,
          "z": -0.003538568504154682
        },
        "scale": {
          "x": 1.0,
          "y": 1.0,
          "z": 1.0
        },
        "matrix_basis": [
          [
            0.9996040463447571,
            0.007787093985825777,
            -0.027038099244236946,
            0.0
          ],
          [
            -0.006360926665365696,
            0.9986039400100708,
            0.05243765190243721,
            0.0
          ],
          [
            0.027408689260482788,
            -0.05224490538239479,
            0.998258113861084,
            0.0
          ],
          [
            0.0,
            0.0,
            0.0,
            1.0
          ]
        ],
        "rotation_mode": "QUATERNION"
      },
      "armature_space": {
        "head": {
          "x": 0.49962708353996277,
          "y": -0.3895239531993866,
          "z": 0.6442760825157166
        },
        "tail": {
          "x": 0.5759276151657104,
          "y": -0.45564448833465576,
          "z": 0.6697618365287781
        }
      },
      "world_space": {
        "head": {
          "x": 0.49962708353996277,
          "y": -0.3262799382209778,
          "z": 1.594130039215088
        },
        "tail": {
          "x": 0.5759276151657104,
          "y": -0.39240050315856934,
          "z": 1.6196157932281494
        },
        "rotation_quaternion": {
          "w": 0.4027453064918518,
          "x": -0.016024701297283173,
          "y": -0.14250630140304565,
          "z": -0.9040085077285767
        },
        "matrix": [
          [
            -0.6750786900520325,
            0.7327376008033752,
            -0.08581534773111343,
            0.49962708353996277
          ],
          [
            -0.7236034870147705,
            -0.6349760293960571,
            0.27056175470352173,
            -0.3262799382209778
          ],
          [
            0.14376065135002136,
            0.2447478026151657,
            0.9588773250579834,
            1.594130039215088
          ],
          [
            0.0,
            0.0,
            0.0,
            1.0
          ]
        ]
      },
      "bone_length_armature_space": 0.10413078255647418,
      "parent": "lowerarm_l",
      "has_children": true,
      "is_end_bone": false
    },
    "pinky_01_l": {
      "name": "pinky_01_l",
      "local": {
        "location": {
          "x": 0.0,
          "y": 0.0,
          "z": 0.0
        },
        "rotation_quaternion": {
          "w": 0.9586230516433716,
          "x": 0.2843140661716461,
          "y": 0.009975261986255646,
          "z": -0.010395051911473274
        },
        "scale": {
          "x": 1.0,
          "y": 1.0,
          "z": 1.0
        },
        "matrix_basis": [
          [
            0.9995848536491394,
            0.025602087378501892,
            0.01321411319077015,
            0.0
          ],
          [
            -0.014257658272981644,
            0.8381149172782898,
            -0.5453073978424072,
            0.0
          ],
          [
            -0.025035951286554337,
            0.5448926687240601,
            0.8381320238113403,
            0.0
          ],
          [
            0.0,
            0.0,
            0.0,
            1.0
          ]
        ],
        "rotation_mode": "QUATERNION"
      },
      "armature_space": {
        "head": {
          "x": 0.5759276151657104,
          "y": -0.45564448833465576,
          "z": 0.6697618365287781
        },
        "tail": {
