{
  "metadata": {
    "armature_name": "KIM_caucasian_male",
    "export_time": "2026-01-13T20:54:41.814016",
    "blender_version": "4.4.1",
    "bone_count": 56,
    "end_bone_count": 13,
    "spaces_included": [
      "LOCAL_CHANNELS",
      "ARMATURE_SPACE",
      "WORLD_SPACE"
    ],
    "note": "LOCAL matches Transform panel; replay pose via local.matrix_basis for best fidelity."
  },
  "bones": {
    "Root": {
      "name": "Root",
      "local": {
        "location": {
          "x": 0.0,
          "y": 0.0,
          "z": 0.0
        },
        "rotation_quaternion": {
          "w": 0.9996659755706787,
          "x": 0.000418642332078889,
          "y": 0.0024776665959507227,
          "z": 0.025725487619638443
        },
        "scale": {
          "x": 1.0,
          "y": 1.0,
          "z": 1.0
        },
        "matrix_basis": [
          [
            0.998664140701294,
            -0.05143171548843384,
            0.004975217394530773,
            0.0
          ],
          [
            0.051435865461826324,
            0.998676061630249,
            -0.0007095266482792795,
            0.0
          ],
          [
            -0.004932138603180647,
            0.0009644833626225591,
            0.9999873638153076,
            0.0
          ],
          [
            0.0,
            0.0,
            0.0,
            1.0
          ]
        ],
        "rotation_mode": "QUATERNION"
      },
      "armature_space": {
        "head": {
          "x": 0.0,
          "y": 0.07072800397872925,
          "z": -0.009595036506652832
        },
        "tail": {
          "x": -0.0036709834821522236,
          "y": 8.438527584075928e-05,
          "z": -8.091982454061508e-05
        }
      },
      "world_space": {
        "head": {
          "x": 0.0,
          "y": 0.13397200405597687,
          "z": 0.9402589797973633
        },
        "tail": {
          "x": -0.0036709834821522236,
          "y": 0.06332838535308838,
          "z": 0.9497730731964111
        },
        "rotation_quaternion": {
          "w": 0.066927470266819,
          "x": 0.9974231719970703,
          "y": -0.025500135496258736,
          "z": 0.00420511094853282
        },
        "matrix": [
          [
            0.998664140701294,
            -0.05143171548843384,
            0.004975217394530773,
            0.0
          ],
          [
            -0.050305962562561035,
            -0.9897409081459045,
            -0.13372491300106049,
            0.13397200405597687
          ],
          [
            0.011801913380622864,
            0.13329598307609558,
            -0.9910130500793457,
            0.9402589797973633
          ],
          [
            0.0,
            0.0,
            0.0,
            1.0
          ]
        ]
      },
      "bone_length_armature_space": 0.07137587421420229,
      "parent": null,
      "has_children": true,
      "is_end_bone": false
    },
    "spine_01": {
      "name": "spine_01",
      "local": {
        "location": {
          "x": 0.0,
          "y": 0.0,
          "z": 0.0
        },
        "rotation_quaternion": {
          "w": 0.9989197254180908,
          "x": 0.035333119332790375,
          "y": 0.009728986769914627,
          "z": 0.028570394963026047
        },
        "scale": {
          "x": 1.0,
          "y": 1.0,
          "z": 1.0
        },
        "matrix_basis": [
          [
            0.9981781840324402,
            -0.056391552090644836,
            0.0214559156447649,
            0.0
          ],
          [
            0.05776657164096832,
            0.9958705902099609,
            -0.0700339749455452,
            0.0
          ],
          [
            -0.017417991533875465,
            0.07114582508802414,
            0.9973138570785522,
            0.0
          ],
          [
            0.0,
            0.0,
            0.0,
            1.0
          ]
        ],
        "rotation_mode": "QUATERNION"
      },
      "armature_space": {
        "head": {
          "x": -0.0036709834821522236,
          "y": 8.438527584075928e-05,
          "z": -8.091982454061508e-05
        },
        "tail": {
          "x": -0.03752422705292702,
          "y": -0.010746074840426445,
          "z": 0.48662760853767395
        }
      },
      "world_space": {
        "head": {
          "x": -0.0036709834821522236,
          "y": 0.06332838535308838,
          "z": 0.9497730731964111
        },
        "tail": {
          "x": -0.03752422705292702,
          "y": 0.052497923374176025,
          "z": 1.4364815950393677
        },
        "rotation_quaternion": {
          "w": 0.6983487010002136,
          "x": 0.7147727608680725,
          "y": -0.03481607884168625,
          "z": 0.014033122919499874
        },
        "matrix": [
          [
            0.9971818327903748,
            -0.06937122344970703,
            -0.02856701985001564,
            -0.0036709834821522236
          ],
          [
            -0.030171595513820648,
            -0.022193510085344315,
            -0.9992983937263489,
            0.06332838535308838
          ],
          [
            0.06868899613618851,
            0.9973509907722473,
            -0.024225089699029922,
            0.9497730731964111
          ],
          [
            0.0,
            0.0,
            0.0,
            1.0
          ]
        ]
      },
      "bone_length_armature_space": 0.48800464240687863,
      "parent": "Root",
      "has_children": true,
      "is_end_bone": false
    },
    "neck_01": {
      "name": "neck_01",
      "local": {
        "location": {
          "x": 0.0,
          "y": 0.0,
          "z": 0.0
        },
        "rotation_quaternion": {
          "w": 0.9930218458175659,
          "x": -0.0734543427824974,
          "y": -0.09226073324680328,
          "z": -0.0003229394496884197
        },
        "scale": {
          "x": 1.0,
          "y": 1.0,
          "z": 1.0
        },
        "matrix_basis": [
          [
            0.9829757213592529,
            0.0141952745616436,
            -0.18318641185760498,
            0.0
          ],
          [
            0.01291253138333559,
            0.9892086982727051,
            0.14594312012195587,
            0.0
          ],
          [
            0.1832812875509262,
            -0.14582394063472748,
            0.9721848368644714,
            0.0
          ],
          [
            0.0,
            0.0,
            0.0,
            1.0
          ]
        ],
        "rotation_mode": "QUATERNION"
      },
      "armature_space": {
        "head": {
          "x": -0.04359419643878937,
          "y": -0.04702715575695038,
          "z": 0.5588119626045227
        },
        "tail": {
          "x": -0.04972437769174576,
          "y": -0.07396335899829865,
          "z": 0.6575419902801514
        }
      },
      "world_space": {
        "head": {
          "x": -0.04359419643878937,
          "y": 0.01621684432029724,
          "z": 1.5086660385131836
        },
        "tail": {
          "x": -0.04972437769174576,
          "y": -0.010719358921051025,
          "z": 1.6073960065841675
        },
        "rotation_quaternion": {
          "w": 0.6014060378074646,
          "x": 0.7923147082328796,
          "y": -0.08331744372844696,
          "z": -0.06005362793803215
        },
        "matrix": [
          [
            0.9789035320281982,
            -0.059794191271066666,
            -0.1953781545162201,
            -0.04359419643878937
          ],
          [
            -0.2042607218027115,
            -0.26273757219314575,
            -0.9429988861083984,
            0.01621684432029724
          ],
          [
            0.005052506923675537,
            0.9630192518234253,
            -0.2694110870361328,
            1.5086660385131836
          ],
          [
            0.0,
            0.0,
            0.0,
            1.0
          ]
        ]
      },
      "bone_length_armature_space": 0.10252198275024706,
      "parent": "spine_01",
      "has_children": true,
      "is_end_bone": false
    },
    "head": {
      "name": "head",
      "local": {
        "location": {
          "x": 0.0,
          "y": 0.0,
          "z": 0.0
        },
        "rotation_quaternion": {
          "w": 0.9848989248275757,
          "x": -0.09140937030315399,
          "y": 0.13923412561416626,
          "z": 0.047248199582099915
        },
        "scale": {
          "x": 1.0,
          "y": 1.0,
          "z": 1.0
        },
        "matrix_basis": [
          [
            0.9567629098892212,
            -0.11852400749921799,
            0.2656252384185791,
            0.0
          ],
          [
            0.06761479377746582,
            0.9788238406181335,
            0.19321510195732117,
            0.0
          ],
          [
            -0.28290092945098877,
            -0.1669008582830429,
            0.9445163607597351,
            0.0
          ],
          [
            0.0,
            0.0,
            0.0,
            1.0
          ]
        ],
        "rotation_mode": "QUATERNION"
      },
      "armature_space": {
        "head": {
          "x": -0.04972440004348755,
          "y": -0.07396349310874939,
          "z": 0.6575418710708618
        },
        "tail": {
          "x": -0.06019113212823868,
          "y": -0.030373360961675644,
          "z": 0.8060129284858704
        }
      },
      "world_space": {
        "head": {
          "x": -0.04972440004348755,
          "y": -0.01071949303150177,
          "z": 1.607395887374878
        },
        "tail": {
          "x": -0.06019113212823868,
          "y": 0.032870639115571976,
          "z": 1.7558670043945312
        },
        "rotation_quaternion": {
          "w": 0.8003031015396118,
          "x": 0.5976930260658264,
          "y": 0.00679929181933403,
          "z": 0.047241926193237305
        },
        "matrix": [
          [
            0.9954439997673035,
            -0.06748801469802856,
            0.0673556923866272,
            -0.04972440004348755
          ],
          [
            0.08374390006065369,
            0.2810630798339844,
            -0.9560286998748779,
            -0.01071949303150177
          ],
          [
            0.045589689165353775,
            0.957320511341095,
            0.285435289144516,
            1.607395887374878
          ],
          [
            0.0,
            0.0,
            0.0,
            1.0
          ]
        ]
      },
      "bone_length_armature_space": 0.1550912851865799,
      "parent": "neck_01",
      "has_children": false,
      "is_end_bone": true
    },
    "upperarm_l": {
      "name": "upperarm_l",
      "local": {
        "location": {
          "x": 0.0,
          "y": 0.0,
          "z": 0.0
        },
        "rotation_quaternion": {
          "w": 0.9122123718261719,
          "x": 0.21994896233081818,
          "y": 0.23044176399707794,
          "z": -0.25765809416770935
        },
        "scale": {
          "x": 1.0,
          "y": 1.0,
          "z": 1.0
        },
        "matrix_basis": [
          [
            0.7610177993774414,
            0.5714486837387085,
            0.30708038806915283,
            0.0
          ],
          [
            -0.36870694160461426,
            0.7704695463180542,
            -0.520030677318573,
            0.0
          ],
          [
            -0.5337669253349304,
            0.28252995014190674,
            0.7970380783081055,
            0.0
          ],
          [
            0.0,
            0.0,
            0.0,
            1.0
          ]
        ],
        "rotation_mode": "QUATERNION"
      },
      "armature_space": {
        "head": {
          "x": 0.11055425554513931,
          "y": -0.05324821174144745,
          "z": 0.502008318901062
        },
        "tail": {
          "x": 0.3248851001262665,
          "y": -0.11975359916687012,
          "z": 0.35555946826934814
        }
      },
      "world_space": {
        "head": {
          "x": 0.11055425554513931,
          "y": 0.009995788335800171,
          "z": 1.4518623352050781
        },
        "tail": {
          "x": 0.3248851001262665,
          "y": -0.0565095990896225,
          "z": 1.3054134845733643
        },
        "rotation_quaternion": {
          "w": 0.1062418520450592,
          "x": 0.5651741623878479,
          "y": 0.6038398146629333,
          "z": -0.5519678592681885
        },
        "matrix": [
          [
            -0.3385785222053528,
            0.7998332381248474,
            -0.4956122636795044,
            0.11055425554513931
          ],
          [
            0.5652676820755005,
            -0.2481827288866043,
            -0.7866880297660828,
            0.009995788335800171
          ],
          [
            -0.7522262334823608,
            -0.5465132594108582,
            -0.36809372901916504,
            1.4518623352050781
          ],
          [
            0.0,
            0.0,
            0.0,
            1.0
          ]
        ]
      },
      "bone_length_armature_space": 0.2679700452422933,
      "parent": "spine_01",
      "has_children": true,
      "is_end_bone": false
    },
    "lowerarm_l": {
      "name": "lowerarm_l",
      "local": {
        "location": {
          "x": 0.0,
          "y": 0.0,
          "z": 0.0
        },
        "rotation_quaternion": {
          "w": 0.8547987937927246,
          "x": 0.5188843011856079,
          "y": 0.0019738981500267982,
          "z": -0.008629709482192993
        },
        "scale": {
          "x": 1.0,
          "y": 1.0,
          "z": 1.0
        },
        "matrix_basis": [
          [
            0.9998432397842407,
            0.016801780089735985,
            -0.005581070203334093,
            0.0
          ],
          [
            -0.0127048809081316,
            0.46136921644210815,
            -0.8871174454689026,
            0.0
          ],
          [
            -0.012330212630331516,
            0.8870492577552795,
            0.4615103602409363,
            0.0
          ],
          [
            0.0,
            0.0,
            0.0,
            1.0
          ]
        ],
        "rotation_mode": "QUATERNION"
      },
      "armature_space": {
        "head": {
          "x": 0.32488518953323364,
          "y": -0.11975373327732086,
          "z": 0.3555595278739929
        },
        "tail": {
          "x": 0.28872445225715637,
          "y": -0.35878026485443115,
          "z": 0.24098065495491028
        }
      },
      "world_space": {
        "head": {
          "x": 0.32488518953323364,
          "y": -0.05650973320007324,
          "z": 1.3054134845733643
        },
        "tail": {
          "x": 0.28872445225715637,
          "y": -0.2955362796783447,
          "z": 1.190834641456604
        },
        "rotation_quaternion": {
          "w": 0.17886118590831757,
          "x": -0.5340635776519775,
          "y": -0.14584623277187347,
          "z": 0.8133348822593689
        },
        "matrix": [
          [
            -0.36556974053382874,
            -0.1351679563522339,
            -0.920917272567749,
            0.32488518953323364
          ],
          [
            0.44673052430152893,
            -0.8934754133224487,
            -0.04619517922401428,
            -0.05650973320007324
          ],
          [
            -0.8165777921676636,
            -0.4282930791378021,
            0.38701385259628296,
            1.3054134845733643
          ],
          [
            0.0,
            0.0,
            0.0,
            1.0
          ]
        ]
      },
      "bone_length_armature_space": 0.26752494998031495,
      "parent": "upperarm_l",
      "has_children": true,
      "is_end_bone": false
    },
    "metacarpal_thumb_l": {
      "name": "metacarpal_thumb_l",
      "local": {
        "location": {
          "x": 0.0,
          "y": 0.0,
          "z": 0.0
        },
        "rotation_quaternion": {
          "w": 0.9978801012039185,
          "x": -0.06331703066825867,
          "y": -0.015000960789620876,
          "z": -0.0011675115674734116
        },
        "scale": {
          "x": 1.0,
          "y": 1.0,
          "z": 1.0
        },
        "matrix_basis": [
          [
            0.9995472431182861,
            0.004229705780744553,
            -0.029790474101901054,
            0.0
          ],
          [
            -0.0004304405301809311,
            0.99197918176651,
            0.1264006346464157,
            0.0
          ],
          [
            0.03008616715669632,
            -0.12633058428764343,
            0.9915318489074707,
            0.0
          ],
          [
            0.0,
            0.0,
            0.0,
            1.0
          ]
        ],
        "rotation_mode": "QUATERNION"
      },
      "armature_space": {
        "head": {
          "x": 0.28872445225715637,
          "y": -0.35878026485443115,
          "z": 0.24098065495491028
        },
        "tail": {
          "x": 0.2555243968963623,
          "y": -0.3946102559566498,
          "z": 0.23276156187057495
        }
      },
      "world_space": {
        "head": {
          "x": 0.28872445225715637,
          "y": -0.2955362796783447,
          "z": 1.190834641456604
        },
        "tail": {
          "x": 0.2555243968963623,
          "y": -0.33136624097824097,
          "z": 1.1826155185699463
        },
        "rotation_quaternion": {
          "w": 0.19895519316196442,
          "x": -0.8806279301643372,
          "y": 0.3142348527908325,
          "z": 0.2935436964035034
        },
        "matrix": [
          [
            0.6301772594451904,
            -0.6702525019645691,
            -0.3919672667980194,
            0.28872445225715637
          ],
          [
            -0.43664488196372986,
            -0.7233461737632751,
            0.5348943471908569,
            -0.2955362796783447
          ],
          [
            -0.642047107219696,
            -0.1659294217824936,
            -0.7485030889511108,
            1.190834641456604
          ],
          [
            0.0,
            0.0,
            0.0,
            1.0
          ]
        ]
      },
      "bone_length_armature_space": 0.04953367940517692,
      "parent": "lowerarm_l",
      "has_children": true,
      "is_end_bone": false
    },
    "thumb_01_l": {
      "name": "thumb_01_l",
      "local": {
        "location": {
          "x": 0.0,
          "y": 0.0,
          "z": 0.0
        },
        "rotation_quaternion": {
          "w": 0.9792150259017944,
          "x": 0.20092113316059113,
          "y": -0.02647036500275135,
          "z": 0.008253207430243492
        },
        "scale": {
          "x": 1.0,
          "y": 1.0,
          "z": 1.0
        },
        "matrix_basis": [
          [
            0.9984623789787292,
            -0.026800241321325302,
            -0.04852386936545372,
            0.0
          ],
          [
            0.00552641786634922,
            0.9191251397132874,
            -0.3939269185066223,
            0.0
          ],
          [
            0.05515684559941292,
            0.3930530548095703,
            0.9178600311279297,
            0.0
          ],
          [
            0.0,
            0.0,
            0.0,
            1.0
          ]
        ],
        "rotation_mode": "QUATERNION"
      },
      "armature_space": {
        "head": {
          "x": 0.2555243968963623,
          "y": -0.3946102559566498,
          "z": 0.23276156187057495
        },
        "tail": {
          "x": 0.23758487403392792,
          "y": -0.4006546437740326,
          "z": 0.20447242259979248
        }
      },
      "world_space": {
        "head": {
          "x": 0.2555243968963623,
          "y": -0.33136624097824097,
          "z": 1.1826155185699463
        },
        "tail": {
          "x": 0.23758487403392792,
          "y": -0.3374106287956238,
          "z": 1.1543264389038086
        },
        "rotation_quaternion": {
          "w": 0.20040376484394073,
          "x": -0.5928682088851929,
          "y": 0.6091405749320984,
          "z": -0.4871276915073395
        },
        "matrix": [
          [
            -0.21668705344200134,
            -0.5270349383354187,
            0.8217549324035645,
            0.2555243968963623
          ],
          [
            -0.9175257086753845,
            -0.1775745004415512,
            -0.3558289706707001,
            -0.33136624097824097
          ],
          [
            0.3334583342075348,
            -0.8310904502868652,
            -0.4450935125350952,
            1.1826155185699463
          ],
          [
            0.0,
            0.0,
            0.0,
            1.0
          ]
        ]
      },
      "bone_length_armature_space": 0.03403875045645172,
      "parent": "metacarpal_thumb_l",
      "has_children": true,
      "is_end_bone": false
    },
    "thumb_02_l": {
      "name": "thumb_02_l",
      "local": {
        "location": {
          "x": 0.0,
          "y": 0.0,
          "z": 0.0
        },
        "rotation_quaternion": {
          "w": 0.9314208626747131,
          "x": 0.36392340064048767,
          "y": 0.0034199091605842113,
          "z": 0.001864539342932403
        },
        "scale": {
          "x": 1.0,
          "y": 1.0,
          "z": 1.0
        },
        "matrix_basis": [
          [
            0.9999696612358093,
            -0.000984171754680574,
            0.007727848365902901,
            0.0
          ],
          [
            0.005962511524558067,
            0.7351125478744507,
            -0.6779189705848694,
            0.0
          ],
          [
            -0.00501365028321743,
            0.6779444217681885,
            0.7350960969924927,
            0.0
          ],
          [
            0.0,
            0.0,
            0.0,
            1.0
          ]
        ],
        "rotation_mode": "QUATERNION"
      },
      "armature_space": {
        "head": {
          "x": 0.23758485913276672,
          "y": -0.4006545841693878,
          "z": 0.20447243750095367
        },
        "tail": {
          "x": 0.2607697546482086,
          "y": -0.4332890808582306,
          "z": 0.2077329158782959
        }
      },
      "world_space": {
        "head": {
          "x": 0.23758485913276672,
          "y": -0.337410569190979,
          "z": 1.1543264389038086
        },
        "tail": {
          "x": 0.2607697546482086,
          "y": -0.3700450658798218,
          "z": 1.157586932182312
        },
        "rotation_quaternion": {
          "w": 0.2738161087036133,
          "x": -0.30319902300834656,
          "y": -0.13697819411754608,
          "z": -0.9024035334587097
        },
        "matrix": [
          [
            -0.6661900281906128,
            0.5772495269775391,
            0.472201406955719,
            0.23758485913276672
          ],
          [
            -0.4111219346523285,
            -0.8125230073928833,
            0.4132620096206665,
            -0.337410569190979
          ],
          [
            0.6222335696220398,
            0.08117824792861938,
            0.7786202430725098,
            1.1543264389038086
          ],
          [
            0.0,
            0.0,
            0.0,
            1.0
          ]
        ]
      },
      "bone_length_armature_space": 0.04016441717267789,
      "parent": "thumb_01_l",
      "has_children": true,
      "is_end_bone": false
    },
    "thumb_03_l": {
      "name": "thumb_03_l",
      "local": {
        "location": {
          "x": 0.0,
          "y": 0.0,
          "z": 0.0
        },
        "rotation_quaternion": {
          "w": 0.9834751486778259,
          "x": 0.18074026703834534,
          "y": 0.010326330550014973,
          "z": 0.0017246687784790993
        },
        "scale": {
          "x": 1.0,
          "y": 1.0,
          "z": 1.0
        },
        "matrix_basis": [
          [
            0.9997807741165161,
            0.00034042971674352884,
            0.0209348127245903,
            0.0
          ],
          [
            0.007125105243176222,
            0.9346599578857422,
            -0.35547149181365967,
            0.0
          ],
          [
            -0.019687945023179054,
            0.35554274916648865,
            0.9344526529312134,
            0.0
          ],
          [
            0.0,
            0.0,
            0.0,
            1.0
          ]
        ],
        "rotation_mode": "QUATERNION"
      },
      "armature_space": {
        "head": {
          "x": 0.26076963543891907,
          "y": -0.433289110660553,
          "z": 0.2077329009771347
        },
        "tail": {
          "x": 0.28367483615875244,
          "y": -0.44616612792015076,
          "z": 0.22310912609100342
        }
      },
      "world_space": {
        "head": {
          "x": 0.26076963543891907,
          "y": -0.37004512548446655,
          "z": 1.157586932182312
        },
        "tail": {
          "x": 0.28367483615875244,
          "y": -0.38292211294174194,
          "z": 1.1729631423950195
        },
        "rotation_quaternion": {
          "w": 0.4383896291255951,
          "x": -0.020975386723876,
          "y": -0.31037601828575134,
          "z": -0.8432327508926392
        },
        "matrix": [
          [
            -0.6147484183311462,
            0.7523495554924011,
            -0.23675870895385742,
            0.26076963543891907
          ],
          [
            -0.7263092398643494,
            -0.4229618310928345,
            0.5418288707733154,
            -0.37004512548446655
          ],
          [
            0.30750608444213867,
            0.50505131483078,
            0.8064597249031067,
            1.157586932182312
          ],
          [
            0.0,
            0.0,
            0.0,
            1.0
          ]
        ]
      },
      "bone_length_armature_space": 0.030444935648960593,
      "parent": "thumb_02_l",
      "has_children": false,
      "is_end_bone": true
    },
    "metacarpal_index_l": {
      "name": "metacarpal_index_l",
      "local": {
        "location": {
          "x": 0.0,
          "y": 0.0,
          "z": 0.0
        },
        "rotation_quaternion": {
          "w": 0.996972918510437,
          "x": -0.07762252539396286,
          "y": 0.0014450736343860626,
          "z": 0.004199668765068054
        },
        "scale": {
          "x": 1.0,
          "y": 1.0,
          "z": 1.0
        },
        "matrix_basis": [
          [
            0.9999605417251587,
            -0.008598252199590206,
            0.0022294207010418177,
            0.0
          ],
          [
            0.008149571716785431,
            0.9879142045974731,
            0.15478724241256714,
            0.0
          ],
          [
            -0.003533376380801201,
            -0.15476296842098236,
            0.9879453182220459,
            0.0
          ],
          [
            0.0,
            0.0,
            0.0,
            1.0
          ]
        ],
        "rotation_mode": "QUATERNION"
      },
      "armature_space": {
        "head": {
          "x": 0.28872445225715637,
          "y": -0.35878026485443115,
          "z": 0.24098065495491028
        },
        "tail": {
          "x": 0.25262540578842163,
          "y": -0.465889573097229,
          "z": 0.21009868383407593
        }
      },
      "world_space": {
        "head": {
          "x": 0.28872445225715637,
          "y": -0.2955362796783447,
          "z": 1.190834641456604
        },
        "tail": {
          "x": 0.25262540578842163,
          "y": -0.4026455879211426,
          "z": 1.1599526405334473
        },
        "rotation_quaternion": {
          "w": 0.1968769133090973,
          "x": -0.8361179232597351,
          "y": 0.06464278697967529,
          "z": 0.5079050660133362
        },
        "matrix": [
          [
            0.4757080078125,
            -0.3080867528915405,
            -0.8238838911056519,
            0.28872445225715637
          ],
          [
            0.09189093858003616,
            -0.9141222834587097,
            0.3948884904384613,
            -0.2955362796783447
          ],
          [
            -0.8747963905334473,
            -0.2635616064071655,
            -0.4065472185611725,
            1.190834641456604
          ],
          [
            0.0,
            0.0,
            0.0,
            1.0
          ]
        ]
      },
      "bone_length_armature_space": 0.1171718450361475,
      "parent": "lowerarm_l",
      "has_children": true,
      "is_end_bone": false
    },
    "index_01_l": {
      "name": "index_01_l",
      "local": {
        "location": {
          "x": 0.0,
          "y": 0.0,
          "z": 0.0
        },
        "rotation_quaternion": {
          "w": 0.9667433500289917,
          "x": 0.25543031096458435,
          "y": -0.0023617588449269533,
          "z": -0.012528916820883751
        },
        "scale": {
          "x": 1.0,
          "y": 1.0,
          "z": 1.0
        },
        "matrix_basis": [
          [
            0.999674916267395,
            0.023017965257167816,
            -0.010966959409415722,
            0.0
          ],
          [
            -0.02543102391064167,
            0.8691967725753784,
            -0.4938119351863861,
            0.0
          ],
          [
            -0.0018341009272262454,
            0.49393028020858765,
            0.8694995641708374,
            0.0
          ],
          [
            0.0,
            0.0,
            0.0,
            1.0
          ]
        ],
        "rotation_mode": "QUATERNION"
      },
      "armature_space": {
        "head": {
          "x": 0.25262540578842163,
          "y": -0.465889573097229,
          "z": 0.21009868383407593
        },
        "tail": {
          "x": 0.24102282524108887,
          "y": -0.4831794202327728,
          "z": 0.19061750173568726
        }
      },
      "world_space": {
        "head": {
          "x": 0.25262540578842163,
          "y": -0.4026455879211426,
          "z": 1.1599526405334473
        },
        "tail": {
          "x": 0.24102282524108887,
          "y": -0.419935405254364,
          "z": 1.1404714584350586
        },
        "rotation_quaternion": {
          "w": 0.4436204135417938,
          "x": -0.7648587226867676,
          "y": -0.004910502582788467,
          "z": 0.46708449721336365
        },
        "matrix": [
          [
            0.5636174082756042,
            -0.4069032073020935,
            -0.7188639640808105,
            0.25262540578842163
          ],
          [
            0.4219265878200531,
            -0.6063554286956787,
            0.6740262508392334,
            -0.4026455879211426
          ],
          [
            -0.7101550698280334,
            -0.683205783367157,
            -0.17006972432136536,
            1.1599526405334473
          ],
          [
            0.0,
            0.0,
            0.0,
            1.0
          ]
        ]
      },
      "bone_length_armature_space": 0.02851447216775276,
      "parent": "metacarpal_index_l",
      "has_children": true,
      "is_end_bone": false
    },
    "index_02_l": {
      "name": "index_02_l",
      "local": {
        "location": {
          "x": 0.0,
          "y": 0.0,
          "z": 0.0
        },
        "rotation_quaternion": {
          "w": 0.9102742671966553,
          "x": 0.4138686954975128,
          "y": 0.010645867325365543,
          "z": -0.0005537522956728935
        },
        "scale": {
          "x": 1.0,
          "y": 1.0,
          "z": 1.0
        },
        "matrix_basis": [
          [
            0.9997727274894714,
            0.009820115752518177,
            0.0189229566603899,
            0.0
          ],
          [
            0.007803849410265684,
            0.657424807548523,
            -0.7534798383712769,
            0.0
          ],
          [
            -0.019839679822325706,
            0.7534562349319458,
            0.6571987271308899,
            0.0
          ],
          [
            0.0,
            0.0,
            0.0,
            1.0
          ]
        ],
        "rotation_mode": "QUATERNION"
      },
      "armature_space": {
        "head": {
          "x": 0.2410222887992859,
          "y": -0.4831795394420624,
          "z": 0.19061735272407532
        },
        "tail": {
          "x": 0.22016450762748718,
          "y": -0.48140987753868103,
          "z": 0.1757878214120865
        }
      },
      "world_space": {
        "head": {
          "x": 0.2410222887992859,
          "y": -0.41993552446365356,
          "z": 1.140471339225769
        },
        "tail": {
          "x": 0.22016450762748718,
          "y": -0.4181658625602722,
          "z": 1.1256418228149414
        },
        "rotation_quaternion": {
          "w": 0.7112207412719727,
          "x": -0.5133623480796814,
          "y": 0.16928523778915405,
          "z": 0.4494069516658783
        },
        "matrix": [
          [
            0.538750410079956,
            -0.8130649924278259,
            -0.22062116861343384,
            0.2410222887992859
          ],
          [
            0.46544837951660156,
            0.06898364424705505,
            0.8823828101158142,
            -0.41993552446365356
          ],
          [
            -0.7022197246551514,
            -0.5780755877494812,
            0.4156082272529602,
            1.140471339225769
          ],
          [
            0.0,
            0.0,
            0.0,
            1.0
          ]
        ]
      },
      "bone_length_armature_space": 0.02565333766961248,
      "parent": "index_01_l",
      "has_children": true,
      "is_end_bone": false
    },
    "index_03_l": {
      "name": "index_03_l",
      "local": {
        "location": {
          "x": 0.0,
          "y": 0.0,
          "z": 0.0
        },
        "rotation_quaternion": {
          "w": 0.964387059211731,
          "x": 0.2644411325454712,
          "y": -0.002538132481276989,
          "z": 0.004713809583336115
        },
        "scale": {
          "x": 1.0,
          "y": 1.0,
          "z": 1.0
        },
        "matrix_basis": [
          [
            0.9999426603317261,
            -0.010434247553348541,
            -0.002402433892711997,
            0.0
          ],
          [
            0.007749500684440136,
            0.860097348690033,
            -0.5100711584091187,
            0.0
          ],
          [
            0.007388534490019083,
            0.510023295879364,
            0.8601288795471191,
            0.0
          ],
          [
            0.0,
            0.0,
            0.0,
            1.0
          ]
        ],
        "rotation_mode": "QUATERNION"
      },
      "armature_space": {
        "head": {
          "x": 0.22016453742980957,
          "y": -0.48141002655029297,
          "z": 0.1757877916097641
        },
        "tail": {
          "x": 0.198862224817276,
          "y": -0.46336591243743896,
          "z": 0.16716493666172028
        }
      },
      "world_space": {
        "head": {
          "x": 0.22016453742980957,
          "y": -0.41816604137420654,
          "z": 1.1256418228149414
        },
        "tail": {
          "x": 0.198862224817276,
          "y": -0.40012192726135254,
          "z": 1.1170189380645752
        },
        "rotation_quaternion": {
          "w": 0.8515381217002869,
          "x": -0.285724401473999,
          "y": 0.28924110531806946,
          "z": 0.3310348391532898
        },
        "matrix": [
          [
            0.6135109663009644,
            -0.7290648818016052,
            0.3034290373325348,
            0.22016453742980957
          ],
          [
            0.39849185943603516,
            0.6175541877746582,
            0.6781086921691895,
            -0.41816604137420654
          ],
          [
            -0.6817733645439148,
            -0.29511457681655884,
            0.6694076061248779,
            1.1256418228149414
          ],
          [
            0.0,
            0.0,
            0.0,
            1.0
          ]
        ]
      },
      "bone_length_armature_space": 0.029218696179864716,
      "parent": "index_02_l",
      "has_children": false,
      "is_end_bone": true
    },
    "metacarpal_pinky_l": {
      "name": "metacarpal_pinky_l",
      "local": {
        "location": {
          "x": 0.0,
          "y": 0.0,
          "z": 0.0
        },
        "rotation_quaternion": {
          "w": 0.9999644160270691,
          "x": -0.0075044152326881886,
          "y": -0.0026593117509037256,
          "z": 0.0027870619669556618
        },
        "scale": {
          "x": 1.0,
          "y": 1.0,
          "z": 1.0
        },
        "matrix_basis": [
          [
            0.9999703168869019,
            -0.005534012336283922,
            -0.0053602647967636585,
            0.0
          ],
          [
            0.005613838788121939,
            0.9998718500137329,
            0.014993472956120968,
            0.0
          ],
          [
            0.005276603624224663,
            -0.015023119747638702,
            0.9998732209205627,
            0.0
          ],
          [
            0.0,
            0.0,
            0.0,
            1.0
          ]
        ],
        "rotation_mode": "QUATERNION"
      },
      "armature_space": {
        "head": {
          "x": 0.28872445225715637,
          "y": -0.35878026485443115,
          "z": 0.24098065495491028
        },
        "tail": {
          "x": 0.30463168025016785,
          "y": -0.44478556513786316,
          "z": 0.18447116017341614
        }
      },
      "world_space": {
        "head": {
          "x": 0.28872445225715637,
          "y": -0.2955362796783447,
          "z": 1.190834641456604
        },
        "tail": {
          "x": 0.30463168025016785,
          "y": -0.38154155015945435,
          "z": 1.1343251466751099
        },
        "rotation_quaternion": {
          "w": 0.08976190537214279,
          "x": -0.03321461006999016,
          "y": 0.28102537989616394,
          "z": -0.9549159407615662
        },
        "matrix": [
          [
            -0.9816792607307434,
            0.15276196599006653,
            0.11388528347015381,
            0.28872445225715637
          ],
          [
            -0.19009874761104584,
            -0.8259355425834656,
            -0.5307480692863464,
            -0.2955362796783447
          ],
          [
            0.012983869761228561,
            -0.54267817735672,
            0.8398486375808716,
            1.190834641456604
          ],
          [
            0.0,
            0.0,
            0.0,
            1.0
          ]
        ]
      },
      "bone_length_armature_space": 0.10413104569885226,
      "parent": "lowerarm_l",
      "has_children": true,
      "is_end_bone": false
    },
    "pinky_01_l": {
      "name": "pinky_01_l",
      "local": {
        "location": {
          "x": 0.0,
          "y": 0.0,
          "z": 0.0
        },
        "rotation_quaternion": {
          "w": 0.9327296018600464,
          "x": 0.35969507694244385,
          "y": 0.024940721690654755,
          "z": 0.0036186217330396175
        },
        "scale": {
          "x": 1.0,
          "y": 1.0,
          "z": 1.0
        },
        "matrix_basis": [
          [
            0.9987297058105469,
            0.0111917182803154,
            0.049129098653793335,
            0.0
          ],
          [
            0.02469250001013279,
            0.7412127256393433,
            -0.6708160042762756,
            0.0
          ],
          [
            -0.04392269626259804,
            0.6711769700050354,
            0.7399948239326477,
            0.0
          ],
          [
            0.0,
            0.0,
            0.0,
            1.0
          ]
        ],
        "rotation_mode": "QUATERNION"
      },
      "armature_space": {
        "head": {
          "x": 0.30463168025016785,
          "y": -0.44478556513786316,
          "z": 0.18447116017341614
