{
  "metadata": {
    "armature_name": "KIM_caucasian_male",
    "export_time": "2026-01-13T21:05:12.585600",
    "blender_version": "4.4.1",
    "bone_count": 56,
    "end_bone_count": 13,
    "spaces_included": [
      "LOCAL_CHANNELS",
      "ARMATURE_SPACE",
      "WORLD_SPACE"
    ],
    "note": "LOCAL matches Transform panel; replay pose via local.matrix_basis for best fidelity."
  },
  "bones": {
    "Root": {
      "name": "Root",
      "local": {
        "location": {
          "x": 0.0,
          "y": 0.0,
          "z": 0.0
        },
        "rotation_quaternion": {
          "w": 0.9997824430465698,
          "x": 0.01821519061923027,
          "y": 0.0019628703594207764,
          "z": -0.009975801222026348
        },
        "scale": {
          "x": 1.0,
          "y": 1.0,
          "z": 1.0
        },
        "matrix_basis": [
          [
            0.9997932314872742,
            0.020018769428133965,
            0.0035614643711596727,
            0.0
          ],
          [
            -0.019875753670930862,
            0.9991374015808105,
            -0.036461617797613144,
            0.0
          ],
          [
            -0.004288308788090944,
            0.03638329356908798,
            0.9993287324905396,
            0.0
          ],
          [
            0.0,
            0.0,
            0.0,
            1.0
          ]
        ],
        "rotation_mode": "QUATERNION"
      },
      "armature_space": {
        "head": {
          "x": 0.0,
          "y": 0.07072800397872925,
          "z": -0.009595036506652832
        },
        "tail": {
          "x": 0.0014288570964708924,
          "y": -0.00028808414936065674,
          "z": -0.0025816126726567745
        }
      },
      "world_space": {
        "head": {
          "x": 0.0,
          "y": 0.13397200405597687,
          "z": 0.9402589797973633
        },
        "tail": {
          "x": 0.0014288570964708924,
          "y": 0.06295591592788696,
          "z": 0.9472724199295044
        },
        "rotation_quaternion": {
          "w": 0.04917918145656586,
          "x": 0.9987382888793945,
          "y": 0.010085373185575008,
          "z": 0.001286363578401506
        },
        "matrix": [
          [
            0.9997932314872742,
            0.020018769428133965,
            0.0035614643711596727,
            0.0
          ],
          [
            0.020271820947527885,
            -0.9949593544006348,
            -0.09820878505706787,
            0.13397200405597687
          ],
          [
            0.0015775235369801521,
            0.09826043248176575,
            -0.995166540145874,
            0.9402589797973633
          ],
          [
            0.0,
            0.0,
            0.0,
            1.0
          ]
        ]
      },
      "bone_length_armature_space": 0.07137586927495776,
      "parent": null,
      "has_children": true,
      "is_end_bone": false
    },
    "spine_01": {
      "name": "spine_01",
      "local": {
        "location": {
          "x": 0.0,
          "y": 0.0,
          "z": 0.0
        },
        "rotation_quaternion": {
          "w": 0.9960694313049316,
          "x": 0.04526996240019798,
          "y": 0.03946058452129364,
          "z": 0.06510961055755615
        },
        "scale": {
          "x": 1.0,
          "y": 1.0,
          "z": 1.0
        },
        "matrix_basis": [
          [
            0.9884071946144104,
            -0.12613463401794434,
            0.08450598269701004,
            0.0
          ],
          [
            0.13328014314174652,
            0.9874227643013,
            -0.08504552394151688,
            0.0
          ],
          [
            -0.07271594554185867,
            0.09532257914543152,
            0.9927870035171509,
            0.0
          ],
          [
            0.0,
            0.0,
            0.0,
            1.0
          ]
        ],
        "rotation_mode": "QUATERNION"
      },
      "armature_space": {
        "head": {
          "x": 0.0014288570964708924,
          "y": -0.00028808414936065674,
          "z": -0.0025816126726567745
        },
        "tail": {
          "x": -0.060030996799468994,
          "y": -0.043076977133750916,
          "z": 0.4796426594257355
        }
      },
      "world_space": {
        "head": {
          "x": 0.0014288570964708924,
          "y": 0.06295591592788696,
          "z": 0.9472724199295044
        },
        "tail": {
          "x": -0.060030996799468994,
          "y": 0.020167022943496704,
          "z": 1.4294966459274292
        },
        "rotation_quaternion": {
          "w": 0.6753081679344177,
          "x": 0.7329427003860474,
          "y": -0.010858306661248207,
          "z": 0.0814628079533577
        },
        "matrix": [
          [
            0.986491858959198,
            -0.12594200670719147,
            0.10474882274866104,
            0.0014288570964708924
          ],
          [
            0.09410709142684937,
            -0.08768193423748016,
            -0.9916934370994568,
            0.06295591592788696
          ],
          [
            0.13408145308494568,
            0.9881620407104492,
            -0.07464689761400223,
            0.9472724199295044
          ],
          [
            0.0,
            0.0,
            0.0,
            1.0
          ]
        ]
      },
      "bone_length_armature_space": 0.4880045776917235,
      "parent": "Root",
      "has_children": true,
      "is_end_bone": false
    },
    "neck_01": {
      "name": "neck_01",
      "local": {
        "location": {
          "x": 0.0,
          "y": 0.0,
          "z": 0.0
        },
        "rotation_quaternion": {
          "w": 0.994507908821106,
          "x": -0.07341969013214111,
          "y": -0.0002474261855240911,
          "z": 0.07458867877721786
        },
        "scale": {
          "x": 1.0,
          "y": 1.0,
          "z": 1.0
        },
        "matrix_basis": [
          [
            0.9888729453086853,
            -0.148321732878685,
            -0.011444689705967903,
            0.0
          ],
          [
            0.1483943909406662,
            0.9780921339988708,
            0.14599601924419403,
            0.0
          ],
          [
            -0.01046042051166296,
            -0.14606983959674835,
            0.9892189502716064,
            0.0
          ],
          [
            0.0,
            0.0,
            0.0,
            1.0
          ]
        ],
        "rotation_mode": "QUATERNION"
      },
      "armature_space": {
        "head": {
          "x": -0.06561954319477081,
          "y": -0.08388927578926086,
          "z": 0.549405574798584
        },
        "tail": {
          "x": -0.09045755118131638,
          "y": -0.1179671660065651,
          "z": 0.6428534984588623
        }
      },
      "world_space": {
        "head": {
          "x": -0.06561954319477081,
          "y": -0.020645275712013245,
          "z": 1.4992595911026
        },
        "tail": {
          "x": -0.09045755118131638,
          "y": -0.054723165929317474,
          "z": 1.5927075147628784
        },
        "rotation_quaternion": {
          "w": 0.5741040706634521,
          "x": 0.8073701858520508,
          "y": -0.0648488849401474,
          "z": 0.11980172991752625
        },
        "matrix": [
          [
            0.9628843665122986,
            -0.2422715723514557,
            0.11898736655712128,
            -0.06561954319477081
          ],
          [
            0.032841943204402924,
            -0.33239802718162537,
            -0.9425673484802246,
            -0.020645275712013245
          ],
          [
            0.26791033148765564,
            0.9114972949028015,
            -0.3121073544025421,
            1.4992595911026
          ],
          [
            0.0,
            0.0,
            0.0,
            1.0
          ]
        ]
      },
      "bone_length_armature_space": 0.1025219179193766,
      "parent": "spine_01",
      "has_children": true,
      "is_end_bone": false
    },
    "head": {
      "name": "head",
      "local": {
        "location": {
          "x": 0.0,
          "y": 0.0,
          "z": 0.0
        },
        "rotation_quaternion": {
          "w": 0.9922345876693726,
          "x": 0.027125196531414986,
          "y": 0.051349300891160965,
          "z": 0.1099916324019432
        },
        "scale": {
          "x": 1.0,
          "y": 1.0,
          "z": 1.0
        },
        "matrix_basis": [
          [
            0.9705301523208618,
            -0.21548928320407867,
            0.10786819458007812,
            0.0
          ],
          [
            0.22106072306632996,
            0.9743321537971497,
            -0.04253312945365906,
            0.0
          ],
          [
            -0.09593401849269867,
            0.06512510031461716,
            0.9932549595832825,
            0.0
          ],
          [
            0.0,
            0.0,
            0.0,
            1.0
          ]
        ],
        "rotation_mode": "QUATERNION"
      },
      "armature_space": {
        "head": {
          "x": -0.09045751392841339,
          "y": -0.11796729266643524,
          "z": 0.6428533792495728
        },
        "tail": {
          "x": -0.16315248608589172,
          "y": -0.12440179288387299,
          "z": 0.7797010540962219
        }
      },
      "world_space": {
        "head": {
          "x": -0.09045751392841339,
          "y": -0.05472329258918762,
          "z": 1.5927073955535889
        },
        "tail": {
          "x": -0.16315248608589172,
          "y": -0.061157792806625366,
          "z": 1.7295551300048828
        },
        "rotation_quaternion": {
          "w": 0.6813328862190247,
          "x": 0.6871823072433472,
          "y": -0.1226402223110199,
          "z": 0.2202848494052887
        },
        "matrix": [
          [
            0.8728675246238708,
            -0.4687269628047943,
            0.1356363594532013,
            -0.09045751392841339
          ],
          [
            0.13162541389465332,
            -0.041488755494356155,
            -0.990431010723114,
            -0.05472329258918762
          ],
          [
            0.46987250447273254,
            0.8823745846748352,
            0.025481421500444412,
            1.5927073955535889
          ],
          [
            0.0,
            0.0,
            0.0,
            1.0
          ]
        ]
      },
      "bone_length_armature_space": 0.15509109439882038,
      "parent": "neck_01",
      "has_children": false,
      "is_end_bone": true
    },
    "upperarm_l": {
      "name": "upperarm_l",
      "local": {
        "location": {
          "x": 0.0,
          "y": 0.0,
          "z": 0.0
        },
        "rotation_quaternion": {
          "w": -0.6526602506637573,
          "x": 0.3034837245941162,
          "y": 0.2823322117328644,
          "z": 0.6342088580131531
        },
        "scale": {
          "x": 1.0,
          "y": 1.0,
          "z": 1.0
        },
        "matrix_basis": [
          [
            0.036135293543338776,
            0.9992122650146484,
            0.016410108655691147,
            0.0
          ],
          [
            -0.6564793586730957,
            0.011353506706655025,
            0.7542586922645569,
            0.0
          ],
          [
            0.7534781694412231,
            -0.03802834823727608,
            0.6563723087310791,
            0.0
          ],
          [
            0.0,
            0.0,
            0.0,
            1.0
          ]
        ],
        "rotation_mode": "QUATERNION"
      },
      "armature_space": {
        "head": {
          "x": 0.09115258604288101,
          "y": -0.06704294681549072,
          "z": 0.5028676390647888
        },
        "tail": {
          "x": 0.11965100467205048,
          "y": -0.027356062084436417,
          "z": 0.23938822746276855
        }
      },
      "world_space": {
        "head": {
          "x": 0.09115258604288101,
          "y": -0.003798946738243103,
          "z": 1.4527215957641602
        },
        "tail": {
          "x": 0.11965100467205048,
          "y": 0.0358879379928112,
          "z": 1.1892422437667847
        },
        "rotation_quaternion": {
          "w": 0.3951541781425476,
          "x": -0.2785288691520691,
          "y": 0.6464552879333496,
          "z": -0.5902292132377625
        },
        "matrix": [
          [
            -0.5325484871864319,
            0.10634951293468475,
            0.8396915197372437,
            0.09115258604288101
          ],
          [
            -0.8265770673751831,
            0.1481022834777832,
            -0.5429885387420654,
            -0.003798946738243103
          ],
          [
            -0.18210874497890472,
            -0.9832442998886108,
            0.009034045040607452,
            1.4527215957641602
          ],
          [
            0.0,
            0.0,
            0.0,
            1.0
          ]
        ]
      },
      "bone_length_armature_space": 0.2679712890241966,
      "parent": "spine_01",
      "has_children": true,
      "is_end_bone": false
    },
    "lowerarm_l": {
      "name": "lowerarm_l",
      "local": {
        "location": {
          "x": 0.0,
          "y": 0.0,
          "z": 0.0
        },
        "rotation_quaternion": {
          "w": 0.8675377368927002,
          "x": 0.48720142245292664,
          "y": -0.050837066024541855,
          "z": -0.08618973195552826
        },
        "scale": {
          "x": 1.0,
          "y": 1.0,
          "z": 1.0
        },
        "matrix_basis": [
          [
            0.9799738526344299,
            0.10000991076231003,
            -0.17218966782093048,
            0.0
          ],
          [
            -0.19908146560192108,
            0.5104122161865234,
            -0.8365679979324341,
            0.0
          ],
          [
            0.004222626332193613,
            0.8540945053100586,
            0.5201007127761841,
            0.0
          ],
          [
            0.0,
            0.0,
            0.0,
            1.0
          ]
        ],
        "rotation_mode": "QUATERNION"
      },
      "armature_space": {
        "head": {
          "x": 0.11965112388134003,
          "y": -0.02735598012804985,
          "z": 0.23938816785812378
        },
        "tail": {
          "x": 0.3438931107521057,
          "y": -0.1319899708032608,
          "z": 0.13771820068359375
        }
      },
      "world_space": {
        "head": {
          "x": 0.11965112388134003,
          "y": 0.03588801994919777,
          "z": 1.1892421245574951
        },
        "tail": {
          "x": 0.3438931107521057,
          "y": -0.06874597072601318,
          "z": 1.0875722169876099
        },
        "rotation_quaternion": {
          "w": 0.5238035321235657,
          "x": -0.0882154032588005,
          "y": 0.17340728640556335,
          "z": -0.8293237090110779
        },
        "matrix": [
          [
            -0.4356948733329773,
            0.8382110595703125,
            0.3279820382595062,
            0.11965112388134003
          ],
          [
            -0.8994004726409912,
            -0.3911193013191223,
            -0.1952047049999237,
            0.03588801994919777
          ],
          [
            -0.03534366190433502,
            -0.38003984093666077,
            0.924302339553833,
            1.1892421245574951
          ],
          [
            0.0,
            0.0,
            0.0,
            1.0
          ]
        ]
      },
      "bone_length_armature_space": 0.2675248044202999,
      "parent": "upperarm_l",
      "has_children": true,
      "is_end_bone": false
    },
    "metacarpal_thumb_l": {
      "name": "metacarpal_thumb_l",
      "local": {
        "location": {
          "x": 0.0,
          "y": 0.0,
          "z": 0.0
        },
        "rotation_quaternion": {
          "w": 0.9995431900024414,
          "x": 0.024392424151301384,
          "y": 0.01721203327178955,
          "z": 0.004719428718090057
        },
        "scale": {
          "x": 1.0,
          "y": 1.0,
          "z": 1.0
        },
        "matrix_basis": [
          [
            0.9993629455566406,
            -0.008594859391450882,
            0.034638576209545135,
            0.0
          ],
          [
            0.010274232365190983,
            0.9987654685974121,
            -0.048600099980831146,
            0.0
          ],
          [
            -0.034178104251623154,
            0.04892502352595329,
            0.9982175230979919,
            0.0
          ],
          [
            0.0,
            0.0,
            0.0,
            1.0
          ]
        ],
        "rotation_mode": "QUATERNION"
      },
      "armature_space": {
        "head": {
          "x": 0.3438931107521057,
          "y": -0.1319899708032608,
          "z": 0.13771820068359375
        },
        "tail": {
          "x": 0.3806368112564087,
          "y": -0.16291198134422302,
          "z": 0.1498555690050125
        }
      },
      "world_space": {
        "head": {
          "x": 0.3438931107521057,
          "y": -0.06874597072601318,
          "z": 1.0875722169876099
        },
        "tail": {
          "x": 0.3806368112564087,
          "y": -0.0996679812669754,
          "z": 1.0997096300125122
        },
        "rotation_quaternion": {
          "w": 0.368740975856781,
          "x": 0.6902252435684204,
          "y": 0.2278139293193817,
          "z": -0.5794135332107544
        },
        "matrix": [
          [
            0.22476185858249664,
            0.7417922019958496,
            -0.6318435668945312,
            0.3438931107521057
          ],
          [
            -0.11282073706388474,
            -0.6242625117301941,
            -0.7730252742767334,
            -0.06874597072601318
          ],
          [
            -0.9678674340248108,
            0.24503283202648163,
            -0.056621890515089035,
            1.0875722169876099
          ],
          [
            0.0,
            0.0,
            0.0,
            1.0
          ]
        ]
      },
      "bone_length_armature_space": 0.04953368550107422,
      "parent": "lowerarm_l",
      "has_children": true,
      "is_end_bone": false
    },
    "thumb_01_l": {
      "name": "thumb_01_l",
      "local": {
        "location": {
          "x": 0.0,
          "y": 0.0,
          "z": 0.0
        },
        "rotation_quaternion": {
          "w": 0.9997256994247437,
          "x": -0.02062995918095112,
          "y": 0.0034921688493341208,
          "z": 0.010526753962039948
        },
        "scale": {
          "x": 1.0,
          "y": 1.0,
          "z": 1.0
        },
        "matrix_basis": [
          [
            0.999754011631012,
            -0.02119181863963604,
            0.006548088975250721,
            0.0
          ],
          [
            0.02090364694595337,
            0.9989271759986877,
            0.041322123259305954,
            0.0
          ],
          [
            -0.007416754961013794,
            -0.041175078600645065,
            0.9991244077682495,
            0.0
          ],
          [
            0.0,
            0.0,
            0.0,
            1.0
          ]
        ],
        "rotation_mode": "QUATERNION"
      },
      "armature_space": {
        "head": {
          "x": 0.3806368112564087,
          "y": -0.16291198134422302,
          "z": 0.1498555690050125
        },
        "tail": {
          "x": 0.37941113114356995,
          "y": -0.19565531611442566,
          "z": 0.15907499194145203
        }
      },
      "world_space": {
        "head": {
          "x": 0.3806368112564087,
          "y": -0.0996679812669754,
          "z": 1.0997096300125122
        },
        "tail": {
          "x": 0.37941113114356995,
          "y": -0.13241131603717804,
          "z": 1.1089290380477905
        },
        "rotation_quaternion": {
          "w": 0.13792754709720612,
          "x": 0.9831384420394897,
          "y": -0.0014704487985000014,
          "z": 0.12005320936441422
        },
        "matrix": [
          [
            0.9711700677871704,
            -0.03600870817899704,
            0.2356521338224411,
            0.3806368112564087
          ],
          [
            0.0302260834723711,
            -0.9619477987289429,
            -0.27155718207359314,
            -0.0996679812669754
          ],
          [
            0.23646508157253265,
            0.27085214853286743,
            -0.9331333637237549,
            1.0997096300125122
          ],
          [
            0.0,
            0.0,
            0.0,
            1.0
          ]
        ]
      },
      "bone_length_armature_space": 0.03403859611487636,
      "parent": "metacarpal_thumb_l",
      "has_children": true,
      "is_end_bone": false
    },
    "thumb_02_l": {
      "name": "thumb_02_l",
      "local": {
        "location": {
          "x": 0.0,
          "y": 0.0,
          "z": 0.0
        },
        "rotation_quaternion": {
          "w": 0.9975351095199585,
          "x": 0.07009963691234589,
          "y": 0.0003876234404742718,
          "z": -0.0030998671427369118
        },
        "scale": {
          "x": 1.0,
          "y": 1.0,
          "z": 1.0
        },
        "matrix_basis": [
          [
            0.9999805092811584,
            0.006238797213882208,
            0.00033873686334118247,
            0.0
          ],
          [
            -0.006130108144134283,
            0.9901528358459473,
            -0.13985610008239746,
            0.0
          ],
          [
            -0.001207935158163309,
            0.13985130190849304,
            0.9901717901229858,
            0.0
          ],
          [
            0.0,
            0.0,
            0.0,
            1.0
          ]
        ],
        "rotation_mode": "QUATERNION"
      },
      "armature_space": {
        "head": {
          "x": 0.37941110134124756,
          "y": -0.19565528631210327,
          "z": 0.15907502174377441
        },
        "tail": {
          "x": 0.4110667109489441,
          "y": -0.215959370136261,
          "z": 0.14497365057468414
        }
      },
      "world_space": {
        "head": {
          "x": 0.37941110134124756,
          "y": -0.13241128623485565,
          "z": 1.1089290380477905
        },
        "tail": {
          "x": 0.4110667109489441,
          "y": -0.15271537005901337,
          "z": 1.094827651977539
        },
        "rotation_quaternion": {
          "w": 0.3614185154438019,
          "x": -0.8009183406829834,
          "y": -0.34148868918418884,
          "z": -0.33360472321510315
        },
        "matrix": [
          [
            0.5441867113113403,
            0.7881511449813843,
            0.28753864765167236,
            0.37941110134124756
          ],
          [
            0.30586931109428406,
            -0.505524218082428,
            0.8067773580551147,
            -0.13241128623485565
          ],
          [
            0.7812260389328003,
            -0.351091206073761,
            -0.516173779964447,
            1.1089290380477905
          ],
          [
            0.0,
            0.0,
            0.0,
            1.0
          ]
        ]
      },
      "bone_length_armature_space": 0.040164437926164115,
      "parent": "thumb_01_l",
      "has_children": true,
      "is_end_bone": false
    },
    "thumb_03_l": {
      "name": "thumb_03_l",
      "local": {
        "location": {
          "x": 0.0,
          "y": 0.0,
          "z": 0.0
        },
        "rotation_quaternion": {
          "w": 0.9974666237831116,
          "x": 0.07101240754127502,
          "y": -0.0010418170131742954,
          "z": -0.00407262472435832
        },
        "scale": {
          "x": 1.0,
          "y": 1.0,
          "z": 1.0
        },
        "matrix_basis": [
          [
            0.9999646544456482,
            0.007976650260388851,
            -0.0026567692402750254,
            0.0
          ],
          [
            -0.00827257800847292,
            0.9898812770843506,
            -0.1416565328836441,
            0.0
          ],
          [
            0.001499941572546959,
            0.1416735053062439,
            0.9899123311042786,
            0.0
          ],
          [
            0.0,
            0.0,
            0.0,
            1.0
          ]
        ],
        "rotation_mode": "QUATERNION"
      },
      "armature_space": {
        "head": {
          "x": 0.4110666811466217,
          "y": -0.215959370136261,
          "z": 0.1449737399816513
        },
        "tail": {
          "x": 0.4348311126232147,
          "y": -0.2212841957807541,
          "z": 0.12670372426509857
        }
      },
      "world_space": {
        "head": {
          "x": 0.4110666811466217,
          "y": -0.15271537005901337,
          "z": 1.0948277711868286
        },
        "tail": {
          "x": 0.4348311126232147,
          "y": -0.15804019570350647,
          "z": 1.0765577554702759
        },
        "rotation_quaternion": {
          "w": 0.5917951464653015,
          "x": -0.6665980219841003,
          "y": -0.2496584951877594,
          "z": -0.37828055024147034
        },
        "matrix": [
          [
            0.589149534702301,
            0.7805724143981934,
            0.20882871747016907,
            0.4110666811466217
          ],
          [
            -0.11488212645053864,
            -0.17490051686763763,
            0.977861225605011,
            -0.15271537005901337
          ],
          [
            0.799821138381958,
            -0.6001015305519104,
            -0.013368085026741028,
            1.0948277711868286
          ],
          [
            0.0,
            0.0,
            0.0,
            1.0
          ]
        ]
      },
      "bone_length_armature_space": 0.030444957187697134,
      "parent": "thumb_02_l",
      "has_children": false,
      "is_end_bone": true
    },
    "metacarpal_index_l": {
      "name": "metacarpal_index_l",
      "local": {
        "location": {
          "x": 0.0,
          "y": 0.0,
          "z": 0.0
        },
        "rotation_quaternion": {
          "w": 0.9993547201156616,
          "x": -0.029043421149253845,
          "y": 0.01873447559773922,
          "z": 0.00978442095220089
        },
        "scale": {
          "x": 1.0,
          "y": 1.0,
          "z": 1.0
        },
        "matrix_basis": [
          [
            0.9991065859794617,
            -0.02064444124698639,
            0.03687642887234688,
            0.0
          ],
          [
            0.018467988818883896,
            0.9981215000152588,
            0.0584159716963768,
            0.0
          ],
          [
            -0.038013119250535965,
            -0.05768274888396263,
            0.9976109862327576,
            0.0
          ],
          [
            0.0,
            0.0,
            0.0,
            1.0
          ]
        ],
        "rotation_mode": "QUATERNION"
      },
      "armature_space": {
        "head": {
          "x": 0.3438931107521057,
          "y": -0.1319899708032608,
          "z": 0.13771820068359375
        },
        "tail": {
          "x": 0.44945046305656433,
          "y": -0.1815900057554245,
          "z": 0.12646202743053436
        }
      },
      "world_space": {
        "head": {
          "x": 0.3438931107521057,
          "y": -0.06874597072601318,
          "z": 1.0875722169876099
        },
        "tail": {
          "x": 0.44945046305656433,
          "y": -0.11834600567817688,
          "z": 1.076315999031067
        },
        "rotation_quaternion": {
          "w": 0.4474160373210907,
          "x": 0.38930845260620117,
          "y": 0.296922504901886,
          "z": -0.7483949065208435
        },
        "matrix": [
          [
            -0.2965150475502014,
            0.9008773565292358,
            -0.31701579689979553,
            0.3438931107521057
          ],
          [
            -0.43850016593933105,
            -0.4233105480670929,
            -0.7927964925765991,
            -0.06874597072601318
          ],
          [
            -0.8484147787094116,
            -0.09606561064720154,
            0.5205556154251099,
            1.0875722169876099
          ],
          [
            0.0,
            0.0,
            0.0,
            1.0
          ]
        ]
      },
      "bone_length_armature_space": 0.11717175189140991,
      "parent": "lowerarm_l",
      "has_children": true,
      "is_end_bone": false
    },
    "index_01_l": {
      "name": "index_01_l",
      "local": {
        "location": {
          "x": 0.0,
          "y": 0.0,
          "z": 0.0
        },
        "rotation_quaternion": {
          "w": 0.9956402778625488,
          "x": -0.09316548705101013,
          "y": -3.909855513484217e-05,
          "z": 0.004560797940939665
        },
        "scale": {
          "x": 1.0,
          "y": 1.0,
          "z": 1.0
        },
        "matrix_basis": [
          [
            0.9999583959579468,
            -0.009074542671442032,
            -0.0009276741184294224,
            0.0
          ],
          [
            0.009089113213121891,
            0.9825987815856934,
            0.1855182647705078,
            0.0
          ],
          [
            -0.0007719617569819093,
            -0.18551898002624512,
            0.9826403856277466,
            0.0
          ],
          [
            0.0,
            0.0,
            0.0,
            1.0
          ]
        ],
        "rotation_mode": "QUATERNION"
      },
      "armature_space": {
        "head": {
          "x": 0.44945046305656433,
          "y": -0.1815900057554245,
          "z": 0.12646202743053436
        },
        "tail": {
          "x": 0.4725610017776489,
          "y": -0.18925949931144714,
          "z": 0.11162443459033966
        }
      },
      "world_space": {
        "head": {
          "x": 0.44945046305656433,
          "y": -0.11834600567817688,
          "z": 1.076315999031067
        },
        "tail": {
          "x": 0.4725610017776489,
          "y": -0.12601549923419952,
          "z": 1.0614784955978394
        },
        "rotation_quaternion": {
          "w": 0.3590291142463684,
          "x": 0.28374093770980835,
          "y": 0.48642945289611816,
          "z": -0.7442953586578369
        },
        "matrix": [
          [
            -0.5811781287193298,
            0.8104877471923828,
            -0.07308827340602875,
            0.44945046305656433
          ],
          [
            -0.25841042399406433,
            -0.26896941661834717,
            -0.9278361201286316,
            -0.11834600567817688
          ],
          [
            -0.7716639041900635,
            -0.5203550457954407,
            0.3657592535018921,
            1.076315999031067
          ],
          [
            0.0,
            0.0,
            0.0,
            1.0
          ]
        ]
      },
      "bone_length_armature_space": 0.0285144229842353,
      "parent": "metacarpal_index_l",
      "has_children": true,
      "is_end_bone": false
    },
    "index_02_l": {
      "name": "index_02_l",
      "local": {
        "location": {
          "x": 0.0,
          "y": 0.0,
          "z": 0.0
        },
        "rotation_quaternion": {
          "w": 0.998744010925293,
          "x": 0.048683203756809235,
          "y": 0.009826932102441788,
          "z": 0.006625705398619175
        },
        "scale": {
          "x": 1.0,
          "y": 1.0,
          "z": 1.0
        },
        "matrix_basis": [
          [
            0.9997190833091736,
            -0.012277954258024693,
            0.020274300128221512,
            0.0
          ],
          [
            0.0141915800049901,
            0.9951720833778381,
            -0.09711389243602753,
            0.0
          ],
          [
            -0.018984058871865273,
            0.0973743349313736,
            0.99506676197052,
            0.0
          ],
          [
            0.0,
            0.0,
            0.0,
            1.0
          ]
        ],
        "rotation_mode": "QUATERNION"
      },
      "armature_space": {
        "head": {
          "x": 0.47256141901016235,
          "y": -0.1892598420381546,
          "z": 0.11162453889846802
        },
        "tail": {
          "x": 0.49301087856292725,
          "y": -0.19770148396492004,
          "z": 0.09863798320293427
        }
      },
      "world_space": {
        "head": {
          "x": 0.47256141901016235,
          "y": -0.12601584196090698,
          "z": 1.061478614807129
        },
        "tail": {
          "x": 0.49301087856292725,
          "y": -0.13445748388767242,
          "z": 1.0484919548034668
        },
        "rotation_quaternion": {
          "w": 0.35627663135528564,
          "x": 0.2737431228160858,
          "y": 0.45665469765663147,
          "z": -0.7678529024124146
        },
        "matrix": [
          [
            -0.5962631106376648,
            0.7971487641334534,
            -0.09499680995941162,
            0.47256141901016235
          ],
          [
            -0.2971265912055969,
            -0.3290669620037079,
            -0.8963432312011719,
            -0.12601584196090698
          ],
          [
            -0.74578458070755,
            -0.5062339305877686,
            0.433066725730896,
            1.061478614807129
          ],
          [
            0.0,
            0.0,
            0.0,
            1.0
          ]
        ]
      },
      "bone_length_armature_space": 0.025653310578868382,
      "parent": "index_01_l",
      "has_children": true,
      "is_end_bone": false
    },
    "index_03_l": {
      "name": "index_03_l",
      "local": {
        "location": {
          "x": 0.0,
          "y": 0.0,
          "z": 0.0
        },
        "rotation_quaternion": {
          "w": 0.9990352988243103,
          "x": 0.04342664033174515,
          "y": 0.005433478392660618,
          "z": -0.0036153185646981
        },
        "scale": {
          "x": 1.0,
          "y": 1.0,
          "z": 1.0
        },
        "matrix_basis": [
          [
            0.999914824962616,
            0.0076955771073699,
            0.010542470961809158,
            0.0
          ],
          [
            -0.006751746404916048,
            0.9962021112442017,
            -0.08680877834558487,
            0.0
          ],
          [
            -0.011170475743710995,
            0.08673020452260971,
            0.9961692094802856,
            0.0
          ],
          [
            0.0,
            0.0,
            0.0,
            1.0
          ]
        ],
        "rotation_mode": "QUATERNION"
      },
      "armature_space": {
        "head": {
          "x": 0.49301090836524963,
          "y": -0.1977013349533081,
          "z": 0.09863795340061188
        },
        "tail": {
          "x": 0.5135318636894226,
          "y": -0.2125580757856369,
          "z": 0.08408111333847046
        }
      },
      "world_space": {
        "head": {
          "x": 0.49301090836524963,
          "y": -0.13445733487606049,
          "z": 1.0484919548034668
        },
        "tail": {
          "x": 0.5135318636894226,
          "y": -0.14931407570838928,
          "z": 1.0339350700378418
        },
        "rotation_quaternion": {
          "w": 0.27442336082458496,
          "x": 0.3117753863334656,
          "y": 0.41286617517471313,
          "z": -0.8105735182762146
        },
        "matrix": [
          [
            -0.6549761295318604,
            0.7023239135742188,
            -0.2788325250148773,
            0.49301090836524963
          ],
          [
            -0.1874399036169052,
            -0.5084672570228577,
            -0.8404331207275391,
            -0.13445733487606049
          ],
          [
            -0.7320387363433838,
            -0.4982030689716339,
            0.4646797776222229,
            1.0484919548034668
          ],
          [
            0.0,
            0.0,
            0.0,
            1.0
          ]
        ]
      },
      "bone_length_armature_space": 0.029218726186420685,
      "parent": "index_02_l",
      "has_children": false,
      "is_end_bone": true
    },
    "metacarpal_pinky_l": {
      "name": "metacarpal_pinky_l",
      "local": {
        "location": {
          "x": 0.0,
          "y": 0.0,
          "z": 0.0
        },
        "rotation_quaternion": {
          "w": 0.9989833831787109,
          "x": -0.03990413621068001,
          "y": -0.019702987745404243,
          "z": 0.00720205157995224
        },
        "scale": {
          "x": 1.0,
          "y": 1.0,
          "z": 1.0
        },
        "matrix_basis": [
          [
            0.9991198182106018,
            -0.012816998176276684,
            -0.03994069620966911,
            0.0
          ],
          [
            0.015961920842528343,
            0.9967115521430969,
            0.07944333553314209,
            0.0
          ],
          [
            0.03879113122820854,
            -0.08001094311475754,
            0.9960389137268066,
            0.0
          ],
          [
            0.0,
            0.0,
            0.0,
            1.0
          ]
        ],
        "rotation_mode": "QUATERNION"
      },
      "armature_space": {
        "head": {
          "x": 0.3438931107521057,
          "y": -0.1319899708032608,
          "z": 0.13771820068359375
        },
        "tail": {
          "x": 0.41083449125289917,
          "y": -0.17082080245018005,
          "z": 0.06804534047842026
        }
      },
      "world_space": {
        "head": {
          "x": 0.3438931107521057,
          "y": -0.06874597072601318,
          "z": 1.0875722169876099
        },
        "tail": {
          "x": 0.41083449125289917,
          "y": -0.10757680237293243,
          "z": 1.0178993940353394
        },
        "rotation_quaternion": {
          "w": 0.5575587153434753,
          "x": -0.6479290127754211,
          "y": -0.05173695087432861,
          "z": -0.5163716077804565
        },
        "matrix": [
          [
            0.46136361360549927,
            0.6428588032722473,
            0.6114541888237,
            0.3438931107521057
          ],
          [
            -0.5087743997573853,
            -0.3729044795036316,
            0.7759453058242798,
            -0.06874597072601318
          ],
          [
            0.726841926574707,
            -0.6690900921821594,
            0.15502740442752838,
            1.0875722169876099
          ],
          [
            0.0,
            0.0,
            0.0,
            1.0
          ]
        ]
      },
      "bone_length_armature_space": 0.10413111655013836,
      "parent": "lowerarm_l",
      "has_children": true,
      "is_end_bone": false
    },
    "pinky_01_l": {
      "name": "pinky_01_l",
      "local": {
        "location": {
          "x": 0.0,
          "y": 0.0,
          "z": 0.0
        },
        "rotation_quaternion": {
          "w": 0.9621843695640564,
          "x": 0.2710651755332947,
          "y": -0.012389881536364555,
          "z": -0.023905940353870392
        },
        "scale": {
          "x": 1.0,
          "y": 1.0,
          "z": 1.0
        },
        "matrix_basis": [
          [
            0.9985499978065491,
            0.039286915212869644,
            -0.03680283576250076,
            0.0
          ],
          [
            -0.052720773965120316,
            0.8519043326377869,
            -0.5210369825363159,
            0.0
          ],
          [
            0.010882564820349216,
            0.5222217440605164,
            0.8527403473854065,
            0.0
          ],
          [
            0.0,
            0.0,
            0.0,
            1.0
          ]
        ],
        "rotation_mode": "QUATERNION"
      },
      "armature_space": {
        "head": {
          "x": 0.41083449125289917,
          "y": -0.17082080245018005,
