{
  "metadata": {
    "armature_name": "KIM_caucasian_male",
    "export_time": "2026-01-13T21:15:54.000454",
    "blender_version": "4.4.1",
    "bone_count": 56,
    "end_bone_count": 13,
    "spaces_included": [
      "LOCAL_CHANNELS",
      "ARMATURE_SPACE",
      "WORLD_SPACE"
    ],
    "note": "LOCAL matches Transform panel; replay pose via local.matrix_basis for best fidelity."
  },
  "bones": {
    "Root": {
      "name": "Root",
      "local": {
        "location": {
          "x": 0.0,
          "y": 0.0,
          "z": 0.0
        },
        "rotation_quaternion": {
          "w": 0.9997342824935913,
          "x": 0.018352538347244263,
          "y": 0.012137753888964653,
          "z": 0.006881555076688528
        },
        "scale": {
          "x": 1.0,
          "y": 1.0,
          "z": 1.0
        },
        "matrix_basis": [
          [
            0.9996106624603271,
            -0.013313936069607735,
            0.02452164515852928,
            0.0
          ],
          [
            0.014204970560967922,
            0.9992316365242004,
            -0.036528270691633224,
            0.0
          ],
          [
            -0.024016469717025757,
            0.03686237707734108,
            0.9990317225456238,
            0.0
          ],
          [
            0.0,
            0.0,
            0.0,
            1.0
          ]
        ],
        "rotation_mode": "QUATERNION"
      },
      "armature_space": {
        "head": {
          "x": 0.0,
          "y": 0.07072800397872925,
          "z": -0.009595036506652832
        },
        "tail": {
          "x": -0.0009502937318757176,
          "y": -0.00029934942722320557,
          "z": -0.0026145940646529198
        }
      },
      "world_space": {
        "head": {
          "x": 0.0,
          "y": 0.13397200405597687,
          "z": 0.9402589797973633
        },
        "tail": {
          "x": -0.0009502937318757176,
          "y": 0.06294465065002441,
          "z": 0.9472393989562988
        },
        "rotation_quaternion": {
          "w": 0.04903889819979668,
          "x": 0.998699426651001,
          "y": -0.0060482267290353775,
          "z": 0.012573773972690105
        },
        "matrix": [
          [
            0.9996106624603271,
            -0.013313936069607735,
            0.02452164515852928,
            0.0
          ],
          [
            -0.01084750797599554,
            -0.9951171875,
            -0.09810282289981842,
            0.13397200405597687
          ],
          [
            0.025708213448524475,
            0.09779835492372513,
            -0.9948811531066895,
            0.9402589797973633
          ],
          [
            0.0,
            0.0,
            0.0,
            1.0
          ]
        ]
      },
      "bone_length_armature_space": 0.07137586856258202,
      "parent": null,
      "has_children": true,
      "is_end_bone": false
    },
    "spine_01": {
      "name": "spine_01",
      "local": {
        "location": {
          "x": 0.0,
          "y": 0.0,
          "z": 0.0
        },
        "rotation_quaternion": {
          "w": 0.9976633787155151,
          "x": -0.040749866515398026,
          "y": -0.016969306394457817,
          "z": 0.052147261798381805
        },
        "scale": {
          "x": 1.0,
          "y": 1.0,
          "z": 1.0
        },
        "matrix_basis": [
          [
            0.9939854145050049,
            -0.10266783088445663,
            -0.038109298795461655,
            0.0
          ],
          [
            0.10543382167816162,
            0.9912402033805847,
            0.07953949272632599,
            0.0
          ],
          [
            0.029609322547912598,
            -0.08307910710573196,
            0.9961029887199402,
            0.0
          ],
          [
            0.0,
            0.0,
            0.0,
            1.0
          ]
        ],
        "rotation_mode": "QUATERNION"
      },
      "armature_space": {
        "head": {
          "x": -0.0009502937318757176,
          "y": -0.00029934942722320557,
          "z": -0.0026145940646529198
        },
        "tail": {
          "x": -0.06296490877866745,
          "y": 0.04570819437503815,
          "z": 0.479242205619812
        }
      },
      "world_space": {
        "head": {
          "x": -0.0009502937318757176,
          "y": 0.06294465065002441,
          "z": 0.9472393989562988
        },
        "tail": {
          "x": -0.06296490877866745,
          "y": 0.10895219445228577,
          "z": 1.4290962219238281
        },
        "rotation_quaternion": {
          "w": 0.7370955944061279,
          "x": 0.6722911596298218,
          "y": -0.0618758499622345,
          "z": 0.029766585677862167
        },
        "matrix": [
          [
            0.9905706644058228,
            -0.1270788162946701,
            -0.051192399114370346,
            -0.0009502937318757176
          ],
          [
            -0.03931466490030289,
            0.0942775160074234,
            -0.9947694540023804,
            0.06294465065002441
          ],
          [
            0.13124127686023712,
            0.9874089956283569,
            0.08839218318462372,
            0.9472393989562988
          ],
          [
            0.0,
            0.0,
            0.0,
            1.0
          ]
        ]
      },
      "bone_length_armature_space": 0.4880045912892871,
      "parent": "Root",
      "has_children": true,
      "is_end_bone": false
    },
    "neck_01": {
      "name": "neck_01",
      "local": {
        "location": {
          "x": 0.0,
          "y": 0.0,
          "z": 0.0
        },
        "rotation_quaternion": {
          "w": 0.9984052181243896,
          "x": 0.02651423029601574,
          "y": 0.005612892098724842,
          "z": -0.04952472820878029
        },
        "scale": {
          "x": 1.0,
          "y": 1.0,
          "z": 1.0
        },
        "matrix_basis": [
          [
            0.9950315952301025,
            0.0991891399025917,
            0.008581661619246006,
            0.0
          ],
          [
            -0.09859385341405869,
            0.9936885833740234,
            -0.053499843925237656,
            0.0
          ],
          [
            -0.01383410207927227,
            0.052387937903404236,
            0.9985309839248657,
            0.0
          ],
          [
            0.0,
            0.0,
            0.0,
            1.0
          ]
        ],
        "rotation_mode": "QUATERNION"
      },
      "armature_space": {
        "head": {
          "x": -0.07404480129480362,
          "y": 0.018112007528543472,
          "z": 0.5546042919158936
        },
        "tail": {
          "x": -0.07793271541595459,
          "y": -0.01705426722764969,
          "z": 0.6508278250694275
        }
      },
      "world_space": {
        "head": {
          "x": -0.07404480129480362,
          "y": 0.0813560038805008,
          "z": 1.5044583082199097
        },
        "tail": {
          "x": -0.07793271541595459,
          "y": 0.04618973284959793,
          "z": 1.6006817817687988
        },
        "rotation_quaternion": {
          "w": 0.5730327367782593,
          "x": 0.8192785382270813,
          "y": -0.011233743280172348,
          "z": 0.017028549686074257
        },
        "matrix": [
          [
            0.9991676807403564,
            -0.03792300075292587,
            0.015027426183223724,
            -0.07404480129480362
          ],
          [
            0.0011085206642746925,
            -0.3430142104625702,
            -0.9393297433853149,
            0.0813560038805008
          ],
          [
            0.04077709838747978,
            0.9385706186294556,
            -0.3426898717880249,
            1.5044583082199097
          ],
          [
            0.0,
            0.0,
            0.0,
            1.0
          ]
        ]
      },
      "bone_length_armature_space": 0.10252195646482928,
      "parent": "spine_01",
      "has_children": true,
      "is_end_bone": false
    },
    "head": {
      "name": "head",
      "local": {
        "location": {
          "x": 0.0,
          "y": 0.0,
          "z": 0.0
        },
        "rotation_quaternion": {
          "w": 0.9987050294876099,
          "x": -0.02517508529126644,
          "y": 0.02845223806798458,
          "z": 0.03383839130401611
        },
        "scale": {
          "x": 1.0,
          "y": 1.0,
          "z": 1.0
        },
        "matrix_basis": [
          [
            0.9960908889770508,
            -0.06902171671390533,
            0.055127017199993134,
            0.0
          ],
          [
            0.06615656614303589,
            0.9964423775672913,
            0.052210524678230286,
            0.0
          ],
          [
            -0.05853455513715744,
            -0.04835941269993782,
            0.9971133470535278,
            0.0
          ],
          [
            0.0,
            0.0,
            0.0,
            1.0
          ]
        ],
        "rotation_mode": "QUATERNION"
      },
      "armature_space": {
        "head": {
          "x": -0.07793271541595459,
          "y": -0.01705438829958439,
          "z": 0.6508276462554932
        },
        "tail": {
          "x": -0.09500882029533386,
          "y": -0.00648326613008976,
          "z": 0.8046131134033203
        }
      },
      "world_space": {
        "head": {
          "x": -0.07793271541595459,
          "y": 0.04618961364030838,
          "z": 1.6006816625595093
        },
        "tail": {
          "x": -0.09500882029533386,
          "y": 0.05676073580980301,
          "z": 1.7544671297073364
        },
        "rotation_quaternion": {
          "w": 0.7305564880371094,
          "x": 0.6801563501358032,
          "y": -0.01917203888297081,
          "z": 0.05750710144639015
        },
        "matrix": [
          [
            0.9926507472991943,
            -0.11010433733463287,
            0.05021583288908005,
            -0.07793271541595459
          ],
          [
            0.057945188134908676,
            0.06816111505031586,
            -0.9959903359413147,
            0.04618961364030838
          ],
          [
            0.10624086856842041,
            0.991587221622467,
            0.07403981685638428,
            1.6006816625595093
          ],
          [
            0.0,
            0.0,
            0.0,
            1.0
          ]
        ]
      },
      "bone_length_armature_space": 0.15509130226328685,
      "parent": "neck_01",
      "has_children": false,
      "is_end_bone": true
    },
    "upperarm_l": {
      "name": "upperarm_l",
      "local": {
        "location": {
          "x": 0.0,
          "y": 0.0,
          "z": 0.0
        },
        "rotation_quaternion": {
          "w": 0.7710509300231934,
          "x": 0.5178477764129639,
          "y": 0.13361872732639313,
          "z": 0.3456301987171173
        },
        "scale": {
          "x": 1.0,
          "y": 1.0,
          "z": 1.0
        },
        "matrix_basis": [
          [
            0.7253715991973877,
            -0.39460864663124084,
            0.5640213489532471,
            0.0
          ],
          [
            0.6713852882385254,
            0.22474689781665802,
            -0.7062087059020996,
            0.0
          ],
          [
            0.15191397070884705,
            0.8909393548965454,
            0.4279594421386719,
            0.0
          ],
          [
            0.0,
            0.0,
            0.0,
            1.0
          ]
        ],
        "rotation_mode": "QUATERNION"
      },
      "armature_space": {
        "head": {
          "x": 0.08291822671890259,
          "y": 0.002706177532672882,
          "z": 0.5082107782363892
        },
        "tail": {
          "x": 0.12931273877620697,
          "y": -0.22825226187705994,
          "z": 0.6359353065490723
        }
      },
      "world_space": {
        "head": {
          "x": 0.08291822671890259,
          "y": 0.0659501776099205,
          "z": 1.4580647945404053
        },
        "tail": {
          "x": 0.12931273877620697,
          "y": -0.16500826179981232,
          "z": 1.5857893228530884
        },
        "rotation_quaternion": {
          "w": 0.26265206933021545,
          "x": 0.8957479000091553,
          "y": -0.00850007589906454,
          "z": -0.35857683420181274
        },
        "matrix": [
          [
            0.7427011132240295,
            0.17313358187675476,
            -0.6468536853790283,
            0.08291822671890259
          ],
          [
            -0.20358967781066895,
            -0.8618835806846619,
            -0.46444395184516907,
            0.0659501776099205
          ],
          [
            -0.6379280686378479,
            0.4766383767127991,
            -0.604878306388855,
            1.4580647945404053
          ],
          [
            0.0,
            0.0,
            0.0,
            1.0
          ]
        ]
      },
      "bone_length_armature_space": 0.2679697819751075,
      "parent": "spine_01",
      "has_children": true,
      "is_end_bone": false
    },
    "lowerarm_l": {
      "name": "lowerarm_l",
      "local": {
        "location": {
          "x": 0.0,
          "y": 0.0,
          "z": 0.0
        },
        "rotation_quaternion": {
          "w": 0.8469025492668152,
          "x": 0.49559861421585083,
          "y": -0.07118535786867142,
          "z": 0.17908360064029694
        },
        "scale": {
          "x": 1.0,
          "y": 1.0,
          "z": 1.0
        },
        "matrix_basis": [
          [
            0.9257234334945679,
            -0.3738914430141449,
            0.056933045387268066,
            0.0
          ],
          [
            0.23277398943901062,
            0.4446221590042114,
            -0.8649437427520752,
            0.0
          ],
          [
            0.29808127880096436,
            0.8139511942863464,
            0.4986293315887451,
            0.0
          ],
          [
            0.0,
            0.0,
            0.0,
            1.0
          ]
        ],
        "rotation_mode": "QUATERNION"
      },
      "armature_space": {
        "head": {
          "x": 0.1293126344680786,
          "y": -0.2282523363828659,
          "z": 0.635935366153717
        },
        "tail": {
          "x": -0.09565050899982452,
          "y": -0.3730279505252838,
          "z": 0.6349474787712097
        }
      },
      "world_space": {
        "head": {
          "x": 0.1293126344680786,
          "y": -0.1650083363056183,
          "z": 1.585789442062378
        },
        "tail": {
          "x": -0.09565050899982452,
          "y": -0.309783935546875,
          "z": 1.584801435470581
        },
        "rotation_quaternion": {
          "w": 0.184133842587471,
          "x": -0.811843991279602,
          "y": 0.44216543436050415,
          "z": 0.3339071273803711
        },
        "matrix": [
          [
            0.3859912157058716,
            -0.8409067392349243,
            -0.37932413816452026,
            0.1293126344680786
          ],
          [
            -0.5949721932411194,
            -0.5411677360534668,
            0.5942607522010803,
            -0.1650083363056183
          ],
          [
            -0.705001175403595,
            -0.0036926865577697754,
            -0.7092064619064331,
            1.585789442062378
          ],
          [
            0.0,
            0.0,
            0.0,
            1.0
          ]
        ]
      },
      "bone_length_armature_space": 0.26752452224286044,
      "parent": "upperarm_l",
      "has_children": true,
      "is_end_bone": false
    },
    "metacarpal_thumb_l": {
      "name": "metacarpal_thumb_l",
      "local": {
        "location": {
          "x": 0.0,
          "y": 0.0,
          "z": 0.0
        },
        "rotation_quaternion": {
          "w": 0.9984860420227051,
          "x": -0.054675474762916565,
          "y": -0.0013006945373490453,
          "z": -0.005884801037609577
        },
        "scale": {
          "x": 1.0,
          "y": 1.0,
          "z": 1.0
        },
        "matrix_basis": [
          [
            0.9999273419380188,
            0.011894015595316887,
            -0.0019539420027285814,
            0.0
          ],
          [
            -0.01160955149680376,
            0.9939519166946411,
            0.10920070856809616,
            0.0
          ],
          [
            0.0032409592531621456,
            -0.1091700866818428,
            0.9940177798271179,
            0.0
          ],
          [
            0.0,
            0.0,
            0.0,
            1.0
          ]
        ],
        "rotation_mode": "QUATERNION"
      },
      "armature_space": {
        "head": {
          "x": -0.09565050899982452,
          "y": -0.3730279505252838,
          "z": 0.6349474787712097
        },
        "tail": {
          "x": -0.13889358937740326,
          "y": -0.37988653779029846,
          "z": 0.6117831468582153
        }
      },
      "world_space": {
        "head": {
          "x": -0.09565050899982452,
          "y": -0.309783935546875,
          "z": 1.584801435470581
        },
        "tail": {
          "x": -0.13889358937740326,
          "y": -0.31664252281188965,
          "z": 1.5616371631622314
        },
        "rotation_quaternion": {
          "w": 0.023270074278116226,
          "x": 0.652015745639801,
          "y": -0.6559179425239563,
          "z": 0.37961268424987793
        },
        "matrix": [
          [
            -0.1486654430627823,
            -0.8730037808418274,
            0.46450281143188477,
            -0.09565050899982452
          ],
          [
            -0.8376717567443848,
            -0.13846299052238464,
            -0.5283315777778625,
            -0.309783935546875
          ],
          [
            0.5255548357963562,
            -0.46764880418777466,
            -0.7107113599777222,
            1.584801435470581
          ],
          [
            0.0,
            0.0,
            0.0,
            1.0
          ]
        ]
      },
      "bone_length_armature_space": 0.04953373033894634,
      "parent": "lowerarm_l",
      "has_children": true,
      "is_end_bone": false
    },
    "thumb_01_l": {
      "name": "thumb_01_l",
      "local": {
        "location": {
          "x": 0.0,
          "y": 0.0,
          "z": 0.0
        },
        "rotation_quaternion": {
          "w": 0.9997690916061401,
          "x": 0.003827841952443123,
          "y": 0.012640373781323433,
          "z": -0.016948936507105827
        },
        "scale": {
          "x": 1.0,
          "y": 1.0,
          "z": 1.0
        },
        "matrix_basis": [
          [
            0.9991059303283691,
            0.03398681804537773,
            0.02514515444636345,
            0.0
          ],
          [
            -0.03379327431321144,
            0.9993961453437805,
            -0.00808239821344614,
            0.0
          ],
          [
            -0.025404665619134903,
            0.007225434295833111,
            0.9996511340141296,
            0.0
          ],
          [
            0.0,
            0.0,
            0.0,
            1.0
          ]
        ],
        "rotation_mode": "QUATERNION"
      },
      "armature_space": {
        "head": {
          "x": -0.13889358937740326,
          "y": -0.37988653779029846,
          "z": 0.6117831468582153
        },
        "tail": {
          "x": -0.14732681214809418,
          "y": -0.39279770851135254,
          "z": 0.5814381241798401
        }
      },
      "world_space": {
        "head": {
          "x": -0.13889358937740326,
          "y": -0.31664252281188965,
          "z": 1.5616371631622314
        },
        "tail": {
          "x": -0.14732681214809418,
          "y": -0.3295537233352661,
          "z": 1.531292200088501
        },
        "rotation_quaternion": {
          "w": 0.16098806262016296,
          "x": -0.018344305455684662,
          "y": -0.5333178639411926,
          "z": 0.8302521109580994
        },
        "matrix": [
          [
            -0.947492241859436,
            -0.24775487184524536,
            -0.20217753946781158,
            -0.13889358937740326
          ],
          [
            0.28688913583755493,
            -0.3793102204799652,
            -0.8796696066856384,
            -0.31664252281188965
          ],
          [
            0.14125573635101318,
            -0.8914892077445984,
            0.43047386407852173,
            1.5616371631622314
          ],
          [
            0.0,
            0.0,
            0.0,
            1.0
          ]
        ]
      },
      "bone_length_armature_space": 0.03403877167164201,
      "parent": "metacarpal_thumb_l",
      "has_children": true,
      "is_end_bone": false
    },
    "thumb_02_l": {
      "name": "thumb_02_l",
      "local": {
        "location": {
          "x": 0.0,
          "y": 0.0,
          "z": 0.0
        },
        "rotation_quaternion": {
          "w": 0.995131254196167,
          "x": 0.09796113520860672,
          "y": -0.008406752720475197,
          "z": 0.006831635721027851
        },
        "scale": {
          "x": 1.0,
          "y": 1.0,
          "z": 1.0
        },
        "matrix_basis": [
          [
            0.9997653365135193,
            -0.01524381898343563,
            -0.015393175184726715,
            0.0
          ],
          [
            0.01194967795163393,
            0.9807139039039612,
            -0.19508324563503265,
            0.0
          ],
          [
            0.01807011477649212,
            0.1948535144329071,
            0.9806658625602722,
            0.0
          ],
          [
            0.0,
            0.0,
            0.0,
            1.0
          ]
        ],
        "rotation_mode": "QUATERNION"
      },
      "armature_space": {
        "head": {
          "x": -0.1473267674446106,
          "y": -0.39279767870903015,
          "z": 0.5814381241798401
        },
        "tail": {
          "x": -0.18111824989318848,
          "y": -0.41406673192977905,
          "z": 0.5857904553413391
        }
      },
      "world_space": {
        "head": {
          "x": -0.1473267674446106,
          "y": -0.32955366373062134,
          "z": 1.531292200088501
        },
        "tail": {
          "x": -0.18111824989318848,
          "y": -0.3508227467536926,
          "z": 1.53564453125
        },
        "rotation_quaternion": {
          "w": 0.48024067282676697,
          "x": -0.010594717226922512,
          "y": 0.06777917593717575,
          "z": 0.8744499087333679
        },
        "matrix": [
          [
            -0.5385130643844604,
            -0.8413290977478027,
            0.0465717613697052,
            -0.1473267674446106
          ],
          [
            0.8384568095207214,
            -0.5295497179031372,
            0.12871529161930084,
            -0.32955366373062134
          ],
          [
            -0.08362964540719986,
            0.108363576233387,
            0.9905943274497986,
            1.531292200088501
          ],
          [
            0.0,
            0.0,
            0.0,
            1.0
          ]
        ]
      },
      "bone_length_armature_space": 0.04016440900941058,
      "parent": "thumb_01_l",
      "has_children": true,
      "is_end_bone": false
    },
    "thumb_03_l": {
      "name": "thumb_03_l",
      "local": {
        "location": {
          "x": 0.0,
          "y": 0.0,
          "z": 0.0
        },
        "rotation_quaternion": {
          "w": 0.997100293636322,
          "x": 0.07552365213632584,
          "y": -0.0068916748277843,
          "z": 0.006301691755652428
        },
        "scale": {
          "x": 1.0,
          "y": 1.0,
          "z": 1.0
        },
        "matrix_basis": [
          [
            0.9998255968093872,
            -0.013607806526124477,
            -0.0127915283665061,
            0.0
          ],
          [
            0.011525868438184261,
            0.9885129332542419,
            -0.15069617331027985,
            0.0
          ],
          [
            0.014695235528051853,
            0.15052245557308197,
            0.9884973764419556,
            0.0
          ],
          [
            0.0,
            0.0,
            0.0,
            1.0
          ]
        ],
        "rotation_mode": "QUATERNION"
      },
      "armature_space": {
        "head": {
          "x": -0.18111824989318848,
          "y": -0.4140666723251343,
          "z": 0.5857903957366943
        },
        "tail": {
          "x": -0.20188350975513458,
          "y": -0.42997077107429504,
          "z": 0.6013711094856262
        }
      },
      "world_space": {
        "head": {
          "x": -0.18111824989318848,
          "y": -0.35082268714904785,
          "z": 1.5356444120407104
        },
        "tail": {
          "x": -0.20188350975513458,
          "y": -0.36672675609588623,
          "z": 1.551225185394287
        },
        "rotation_quaternion": {
          "w": 0.3649692237377167,
          "x": -0.07300511002540588,
          "y": 0.3249650299549103,
          "z": 0.8694052696228027
        },
        "matrix": [
          [
            -0.7229349613189697,
            -0.6820608377456665,
            0.11026398837566376,
            -0.18111824989318848
          ],
          [
            0.5871651768684387,
            -0.5223895907402039,
            0.6183418035507202,
            -0.35082268714904785
          ],
          [
            -0.36414778232574463,
            0.5117670297622681,
            0.7781418561935425,
            1.5356444120407104
          ],
          [
            0.0,
            0.0,
            0.0,
            1.0
          ]
        ]
      },
      "bone_length_armature_space": 0.03044495022719171,
      "parent": "thumb_02_l",
      "has_children": false,
      "is_end_bone": true
    },
    "metacarpal_index_l": {
      "name": "metacarpal_index_l",
      "local": {
        "location": {
          "x": 0.0,
          "y": 0.0,
          "z": 0.0
        },
        "rotation_quaternion": {
          "w": 0.9985156059265137,
          "x": -0.048072390258312225,
          "y": -0.016888661310076714,
          "z": 0.0192521084100008
        },
        "scale": {
          "x": 1.0,
          "y": 1.0,
          "z": 1.0
        },
        "matrix_basis": [
          [
            0.998688280582428,
            -0.03682330623269081,
            -0.0355781726539135,
            0.0
          ],
          [
            0.04007081687450409,
            0.9946367740631104,
            0.09535177797079086,
            0.0
          ],
          [
            0.03187619522213936,
            -0.09665235131978989,
            0.9948076605796814,
            0.0
          ],
          [
            0.0,
            0.0,
            0.0,
            1.0
          ]
        ],
        "rotation_mode": "QUATERNION"
      },
      "armature_space": {
        "head": {
          "x": -0.09565050899982452,
          "y": -0.3730279505252838,
          "z": 0.6349474787712097
        },
        "tail": {
          "x": -0.20479604601860046,
          "y": -0.4108944833278656,
          "z": 0.6153871417045593
        }
      },
      "world_space": {
        "head": {
          "x": -0.09565050899982452,
          "y": -0.309783935546875,
          "z": 1.584801435470581
        },
        "tail": {
          "x": -0.20479604601860046,
          "y": -0.3476504683494568,
          "z": 1.5652410984039307
        },
        "rotation_quaternion": {
          "w": 0.03858257457613945,
          "x": -0.8083773255348206,
          "y": 0.5804531574249268,
          "z": -0.09006534516811371
        },
        "matrix": [
          [
            0.30992451310157776,
            -0.9315004944801331,
            0.19040438532829285,
            -0.09565050899982452
          ],
          [
            -0.9454002380371094,
            -0.32317113876342773,
            -0.042180292308330536,
            -0.309783935546875
          ],
          [
            0.10082399100065231,
            -0.16693714261054993,
            -0.9808061122894287,
            1.584801435470581
          ],
          [
            0.0,
            0.0,
            0.0,
            1.0
          ]
        ]
      },
      "bone_length_armature_space": 0.11717179424122644,
      "parent": "lowerarm_l",
      "has_children": true,
      "is_end_bone": false
    },
    "index_01_l": {
      "name": "index_01_l",
      "local": {
        "location": {
          "x": 0.0,
          "y": 0.0,
          "z": 0.0
        },
        "rotation_quaternion": {
          "w": 0.9979515671730042,
          "x": -0.06113762408494949,
          "y": 0.018305938690900803,
          "z": -0.004458208102732897
        },
        "scale": {
          "x": 1.0,
          "y": 1.0,
          "z": 1.0
        },
        "matrix_basis": [
          [
            0.9992900490760803,
            0.00665978854522109,
            0.0370820090174675,
            0.0
          ],
          [
            -0.011136515066027641,
            0.9924846291542053,
            0.12186155468225479,
            0.0
          ],
          [
            -0.03599175065755844,
            -0.12218800187110901,
            0.991854190826416,
            0.0
          ],
          [
            0.0,
            0.0,
            0.0,
            1.0
          ]
        ],
        "rotation_mode": "QUATERNION"
      },
      "armature_space": {
        "head": {
          "x": -0.20479604601860046,
          "y": -0.4108944833278656,
          "z": 0.6153871417045593
        },
        "tail": {
          "x": -0.22720718383789062,
          "y": -0.4281200170516968,
          "z": 0.6191409826278687
        }
      },
      "world_space": {
        "head": {
          "x": -0.20479604601860046,
          "y": -0.3476504683494568,
          "z": 1.5652410984039307
        },
        "tail": {
          "x": -0.22720718383789062,
          "y": -0.36487603187561035,
          "z": 1.5689949989318848
        },
        "rotation_quaternion": {
          "w": 0.10321612656116486,
          "x": 0.8934928178787231,
          "y": -0.43277740478515625,
          "z": 0.061000023037195206
        },
        "matrix": [
          [
            0.6179655194282532,
            -0.7859593033790588,
            0.01966635137796402,
            -0.20479604601860046
          ],
          [
            -0.7607746124267578,
            -0.6041003465652466,
            -0.2372450828552246,
            -0.3476504683494568
          ],
          [
            0.1983461081981659,
            0.13164789974689484,
            -0.9712578058242798,
            1.5652410984039307
          ],
          [
            0.0,
            0.0,
            0.0,
            1.0
          ]
        ]
      },
      "bone_length_armature_space": 0.02851437297133678,
      "parent": "metacarpal_index_l",
      "has_children": true,
      "is_end_bone": false
    },
    "index_02_l": {
      "name": "index_02_l",
      "local": {
        "location": {
          "x": 0.0,
          "y": 0.0,
          "z": 0.0
        },
        "rotation_quaternion": {
          "w": 0.989343523979187,
          "x": 0.14543874561786652,
          "y": 0.006862224079668522,
          "z": -9.727126780489925e-06
        },
        "scale": {
          "x": 1.0,
          "y": 1.0,
          "z": 1.0
        },
        "matrix_basis": [
          [
            0.9999058246612549,
            0.0020153133664280176,
            0.013575364835560322,
            0.0
          ],
          [
            0.0019768194761127234,
            0.9576951265335083,
            -0.2877779006958008,
            0.0
          ],
          [
            -0.013581023551523685,
            0.2877776324748993,
            0.9576009511947632,
            0.0
          ],
          [
            0.0,
            0.0,
            0.0,
            1.0
          ]
        ],
        "rotation_mode": "QUATERNION"
      },
      "armature_space": {
        "head": {
          "x": -0.22720763087272644,
          "y": -0.4281201660633087,
          "z": 0.6191406846046448
        },
        "tail": {
          "x": -0.24637071788311005,
          "y": -0.4449097514152527,
          "z": 0.616144597530365
        }
      },
      "world_space": {
        "head": {
          "x": -0.22720763087272644,
          "y": -0.3648761510848999,
          "z": 1.5689947605133057
        },
        "tail": {
          "x": -0.24637071788311005,
          "y": -0.38166576623916626,
          "z": 1.5659985542297363
        },
        "rotation_quaternion": {
          "w": 0.02325606904923916,
          "x": -0.905064582824707,
          "y": 0.4149920642375946,
          "z": -0.08999350666999817
        },
        "matrix": [
          [
            0.6393653750419617,
            -0.7470036149024963,
            0.18220210075378418,
            -0.22720763087272644
          ],
          [
            -0.7553751468658447,
            -0.6544815897941589,
            -0.032597750425338745,
            -0.3648761510848999
          ],
          [
            0.14359888434410095,
            -0.1167905330657959,
            -0.982727587223053,
            1.5689947605133057
          ],
          [
            0.0,
            0.0,
            0.0,
            1.0
          ]
        ]
      },
      "bone_length_armature_space": 0.0256532769691111,
      "parent": "index_01_l",
      "has_children": true,
      "is_end_bone": false
    },
    "index_03_l": {
      "name": "index_03_l",
      "local": {
        "location": {
          "x": 0.0,
          "y": 0.0,
          "z": 0.0
        },
        "rotation_quaternion": {
          "w": 0.9758736491203308,
          "x": 0.2181755155324936,
          "y": -0.0014676314312964678,
          "z": 0.008248102851212025
        },
        "scale": {
          "x": 1.0,
          "y": 1.0,
          "z": 1.0
        },
        "matrix_basis": [
          [
            0.999859631061554,
            -0.016738614067435265,
            0.0007346224738284945,
            0.0
          ],
          [
            0.015457809902727604,
            0.9046628475189209,
            -0.4258476793766022,
            0.0
          ],
          [
            0.00646351370960474,
            0.42579925060272217,
            0.9047945737838745,
            0.0
          ],
          [
            0.0,
            0.0,
            0.0,
            1.0
          ]
        ],
        "rotation_mode": "QUATERNION"
      },
      "armature_space": {
        "head": {
          "x": -0.24637074768543243,
          "y": -0.4449097216129303,
          "z": 0.6161447167396545
        },
        "tail": {
          "x": -0.2606734037399292,
          "y": -0.4638848602771759,
          "z": 0.5991413593292236
        }
      },
      "world_space": {
        "head": {
          "x": -0.24637074768543243,
          "y": -0.3816657066345215,
          "z": 1.5659987926483154
        },
        "tail": {
          "x": -0.2606734037399292,
          "y": -0.4006408452987671,
          "z": 1.5489953756332397
        },
        "rotation_quaternion": {
          "w": 0.24641861021518707,
          "x": -0.8816356658935547,
          "y": 0.3384803533554077,
          "z": -0.21777868270874023
        },
        "matrix": [
          [
            0.6760061979293823,
            -0.48950397968292236,
            0.5508190393447876,
            -0.24637074768543243
          ],
          [
            -0.7041627764701843,
            -0.6494180560112,
            0.2870737910270691,
            -0.3816657066345215
          ],
          [
            0.21718890964984894,
            -0.5819345712661743,
            -0.7837061285972595,
            1.5659987926483154
          ],
          [
            0.0,
            0.0,
            0.0,
            1.0
          ]
        ]
      },
      "bone_length_armature_space": 0.0292187612977873,
      "parent": "index_02_l",
      "has_children": false,
      "is_end_bone": true
    },
    "metacarpal_pinky_l": {
      "name": "metacarpal_pinky_l",
      "local": {
        "location": {
          "x": 0.0,
          "y": 0.0,
          "z": 0.0
        },
        "rotation_quaternion": {
          "w": 0.9992426037788391,
          "x": -0.03803518787026405,
          "y": 0.007905540056526661,
          "z": 0.002244648290798068
        },
        "scale": {
          "x": 1.0,
          "y": 1.0,
          "z": 1.0
        },
        "matrix_basis": [
          [
            0.999864935874939,
            -0.00508727366104722,
            0.015628352761268616,
            0.0
          ],
          [
            0.0038845189847052097,
            0.997096598148346,
            0.07604824751615524,
            0.0
          ],
          [
            -0.015969855710864067,
            -0.07597727328538895,
            0.996981680393219,
            0.0
          ],
          [
            0.0,
            0.0,
            0.0,
            1.0
          ]
        ],
        "rotation_mode": "QUATERNION"
      },
      "armature_space": {
        "head": {
          "x": -0.09565050899982452,
          "y": -0.3730279505252838,
          "z": 0.6349474787712097
        },
        "tail": {
          "x": -0.16212283074855804,
          "y": -0.4511095881462097,
          "z": 0.653055727481842
        }
      },
      "world_space": {
        "head": {
          "x": -0.09565050899982452,
          "y": -0.309783935546875,
          "z": 1.584801435470581
        },
        "tail": {
          "x": -0.16212283074855804,
          "y": -0.3878656029701233,
          "z": 1.602909803390503
        },
        "rotation_quaternion": {
          "w": 0.2580419182777405,
          "x": -0.43778398633003235,
          "y": 0.241853266954422,
          "z": 0.8265993595123291
        },
        "matrix": [
          [
            -0.48351895809173584,
            -0.6383543610572815,
            -0.5989269018173218,
            -0.09565050899982452
          ],
          [
            0.2148360013961792,
            -0.7498422265052795,
            0.6257653832435608,
            -0.309783935546875
          ],
          [
            -0.8485663533210754,
            0.17389890551567078,
            0.49970829486846924,
            1.584801435470581
          ],
          [
            0.0,
            0.0,
            0.0,
            1.0
          ]
        ]
      },
      "bone_length_armature_space": 0.10413078507191163,
      "parent": "lowerarm_l",
      "has_children": true,
      "is_end_bone": false
    },
    "pinky_01_l": {
      "name": "pinky_01_l",
      "local": {
        "location": {
          "x": 0.0,
          "y": 0.0,
          "z": 0.0
        },
        "rotation_quaternion": {
          "w": 0.9997456669807434,
          "x": 0.02003958635032177,
          "y": 0.009301606565713882,
          "z": -0.004539827816188335
        },
        "scale": {
          "x": 1.0,
          "y": 1.0,
          "z": 1.0
        },
        "matrix_basis": [
          [
            0.9997857213020325,
            0.009450146928429604,
            0.018416529521346092,
            0.0
          ],
          [
            -0.00870454590767622,
            0.999155580997467,
            -0.04015343636274338,
            0.0
          ],
          [
            -0.018780434504151344,
            0.03998452425003052,
            0.9990237951278687,
            0.0
          ],
          [
            0.0,
            0.0,
            0.0,
            1.0
          ]
        ],
        "rotation_mode": "QUATERNION"
      },
      "armature_space": {
        "head": {
          "x": -0.16212283074855804,
          "y": -0.4511095881462097,
