{
  "metadata": {
    "armature_name": "KIM_caucasian_male",
    "export_time": "2026-01-13T21:16:05.171895",
    "blender_version": "4.4.1",
    "bone_count": 56,
    "end_bone_count": 13,
    "spaces_included": [
      "LOCAL_CHANNELS",
      "ARMATURE_SPACE",
      "WORLD_SPACE"
    ],
    "note": "LOCAL matches Transform panel; replay pose via local.matrix_basis for best fidelity."
  },
  "bones": {
    "Root": {
      "name": "Root",
      "local": {
        "location": {
          "x": 0.0,
          "y": 0.0,
          "z": 0.0
        },
        "rotation_quaternion": {
          "w": 0.9998416900634766,
          "x": -0.012352176010608673,
          "y": 0.0038475124165415764,
          "z": -0.012224163860082626
        },
        "scale": {
          "x": 1.0,
          "y": 1.0,
          "z": 1.0
        },
        "matrix_basis": [
          [
            0.9996715188026428,
            0.024349406361579895,
            0.007995796389877796,
            0.0
          ],
          [
            -0.024539507925510406,
            0.9993959665298462,
            0.02460637502372265,
            0.0
          ],
          [
            -0.007391816470772028,
            -0.024794505909085274,
            0.9996652603149414,
            0.0
          ],
          [
            0.0,
            0.0,
            0.0,
            1.0
          ]
        ],
        "rotation_mode": "QUATERNION"
      },
      "armature_space": {
        "head": {
          "x": 0.0,
          "y": 0.07072800397872925,
          "z": -0.009595036506652832
        },
        "tail": {
          "x": 0.0017379600321874022,
          "y": 0.000280626118183136,
          "z": 0.0017478829249739647
        }
      },
      "world_space": {
        "head": {
          "x": 0.0,
          "y": 0.13397200405597687,
          "z": 0.9402589797973633
        },
        "tail": {
          "x": 0.0017379600321874022,
          "y": 0.06352462619543076,
          "z": 0.9516019225120544
        },
        "rotation_quaternion": {
          "w": 0.07968109846115112,
          "x": 0.9967380166053772,
          "y": 0.012455593794584274,
          "z": 0.0030152546241879463
        },
        "matrix": [
          [
            0.9996715188026428,
            0.024349406361579895,
            0.007995796389877796,
            0.0
          ],
          [
            0.025310447439551353,
            -0.9869915246963501,
            -0.1587677150964737,
            0.13397200405597687
          ],
          [
            0.004025935661047697,
            0.1589181274175644,
            -0.9872906804084778,
            0.9402589797973633
          ],
          [
            0.0,
            0.0,
            0.0,
            1.0
          ]
        ]
      },
      "bone_length_armature_space": 0.07137587448497673,
      "parent": null,
      "has_children": true,
      "is_end_bone": false
    },
    "spine_01": {
      "name": "spine_01",
      "local": {
        "location": {
          "x": 0.0,
          "y": 0.0,
          "z": 0.0
        },
        "rotation_quaternion": {
          "w": 0.9918298125267029,
          "x": 0.10487616062164307,
          "y": 0.05299393832683563,
          "z": -0.04966287314891815
        },
        "scale": {
          "x": 1.0,
          "y": 1.0,
          "z": 1.0
        },
        "matrix_basis": [
          [
            0.9894504547119141,
            0.10962983965873718,
            0.09470503032207489,
            0.0
          ],
          [
            -0.08739863336086273,
            0.9730691909790039,
            -0.21330226957798004,
            0.0
          ],
          [
            -0.1155388355255127,
            0.20277494192123413,
            0.9723852872848511,
            0.0
          ],
          [
            0.0,
            0.0,
            0.0,
            1.0
          ]
        ],
        "rotation_mode": "QUATERNION"
      },
      "armature_space": {
        "head": {
          "x": 0.0017379600321874022,
          "y": 0.000280626118183136,
          "z": 0.0017478829249739647
        },
        "tail": {
          "x": 0.0549246147274971,
          "y": -0.06316531449556351,
          "z": 0.48267844319343567
        }
      },
      "world_space": {
        "head": {
          "x": 0.0017379600321874022,
          "y": 0.06352462619543076,
          "z": 0.9516019225120544
        },
        "tail": {
          "x": 0.0549246147274971,
          "y": 7.868558168411255e-05,
          "z": 1.4325324296951294
        },
        "rotation_quaternion": {
          "w": 0.6545690894126892,
          "x": 0.75160813331604,
          "y": 0.08082835376262665,
          "z": 0.009558835066854954
        },
        "matrix": [
          [
            0.9867506623268127,
            0.10898876935243607,
            0.12018511444330215,
            0.0017379600321874022
          ],
          [
            0.1340169459581375,
            -0.13001184165477753,
            -0.982413649559021,
            0.06352462619543076
          ],
          [
            -0.09144707769155502,
            0.9855110049247742,
            -0.14289751648902893,
            0.9516019225120544
          ],
          [
            0.0,
            0.0,
            0.0,
            1.0
          ]
        ]
      },
      "bone_length_armature_space": 0.4880045314122939,
      "parent": "Root",
      "has_children": true,
      "is_end_bone": false
    },
    "neck_01": {
      "name": "neck_01",
      "local": {
        "location": {
          "x": 0.0,
          "y": 0.0,
          "z": 0.0
        },
        "rotation_quaternion": {
          "w": 0.9933648109436035,
          "x": 0.003988706506788731,
          "y": -0.10712652653455734,
          "z": -0.04164746403694153
        },
        "scale": {
          "x": 1.0,
          "y": 1.0,
          "z": 1.0
        },
        "matrix_basis": [
          [
            0.9735788106918335,
            0.08188765496015549,
            -0.21316368877887726,
            0.0
          ],
          [
            -0.0835968405008316,
            0.9964991807937622,
            0.0009986149379983544,
            0.0
          ],
          [
            0.21249920129776,
            0.016847576946020126,
            0.9770159721374512,
            0.0
          ],
          [
            0.0,
            0.0,
            0.0,
            1.0
          ]
        ],
        "rotation_mode": "QUATERNION"
      },
      "armature_space": {
        "head": {
          "x": 0.06707267463207245,
          "y": -0.10675512254238129,
          "z": 0.54988032579422
        },
        "tail": {
          "x": 0.0904395654797554,
          "y": -0.157542884349823,
          "z": 0.6358181834220886
        }
      },
      "world_space": {
        "head": {
          "x": 0.06707267463207245,
          "y": -0.04351112246513367,
          "z": 1.4997344017028809
        },
        "tail": {
          "x": 0.0904395654797554,
          "y": -0.09429888427257538,
          "z": 1.58567214012146
        },
        "rotation_quaternion": {
          "w": 0.4983435273170471,
          "x": 0.8562473654747009,
          "y": 0.06292801350355148,
          "z": -0.12055756151676178
        },
        "matrix": [
          [
            0.9630119800567627,
            0.2279222309589386,
            -0.14373362064361572,
            0.06707267463207245
          ],
          [
            -0.012393340468406677,
            -0.4953872859477997,
            -0.8685839772224426,
            -0.04351112246513367
          ],
          [
            -0.26917529106140137,
            0.8382434844970703,
            -0.47424331307411194,
            1.4997344017028809
          ],
          [
            0.0,
            0.0,
            0.0,
            1.0
          ]
        ]
      },
      "bone_length_armature_space": 0.10252182111655558,
      "parent": "spine_01",
      "has_children": true,
      "is_end_bone": false
    },
    "head": {
      "name": "head",
      "local": {
        "location": {
          "x": 0.0,
          "y": 0.0,
          "z": 0.0
        },
        "rotation_quaternion": {
          "w": 0.9796830415725708,
          "x": 0.09526605904102325,
          "y": -0.06829820573329926,
          "z": -0.1627299189567566
        },
        "scale": {
          "x": 1.0,
          "y": 1.0,
          "z": 1.0
        },
        "matrix_basis": [
          [
            0.9377086758613586,
            0.30583447217941284,
            -0.16482646763324738,
            0.0
          ],
          [
            -0.3318604826927185,
            0.9288867115974426,
            -0.16443276405334473,
            0.0
          ],
          [
            0.1028159111738205,
            0.2088894098997116,
            0.9725194573402405,
            0.0
          ],
          [
            0.0,
            0.0,
            0.0,
            1.0
          ]
        ],
        "rotation_mode": "QUATERNION"
      },
      "armature_space": {
        "head": {
          "x": 0.09043952822685242,
          "y": -0.15754298865795135,
          "z": 0.6358180642127991
        },
        "tail": {
          "x": 0.17236319184303284,
          "y": -0.21161746978759766,
          "z": 0.7558915019035339
        }
      },
      "world_space": {
        "head": {
          "x": 0.09043952822685242,
          "y": -0.09429898858070374,
          "z": 1.58567214012146
        },
        "tail": {
          "x": 0.17236319184303284,
          "y": -0.14837346971035004,
          "z": 1.7057454586029053
        },
        "rotation_quaternion": {
          "w": 0.5509699583053589,
          "x": 0.775475263595581,
          "y": 0.14866064488887787,
          "z": -0.2701299786567688
        },
        "matrix": [
          [
            0.8098601698875427,
            0.5282323956489563,
            -0.2551414668560028,
            0.09043952822685242
          ],
          [
            -0.0670994222164154,
            -0.34866470098495483,
            -0.9348427057266235,
            -0.09429898858070374
          ],
          [
            -0.582777202129364,
            0.7742168307304382,
            -0.24692809581756592,
            1.58567214012146
          ],
          [
            0.0,
            0.0,
            0.0,
            1.0
          ]
        ]
      },
      "bone_length_armature_space": 0.15509083420132852,
      "parent": "neck_01",
      "has_children": false,
      "is_end_bone": true
    },
    "upperarm_l": {
      "name": "upperarm_l",
      "local": {
        "location": {
          "x": 0.0,
          "y": 0.0,
          "z": 0.0
        },
        "rotation_quaternion": {
          "w": 0.876341700553894,
          "x": 0.40459513664245605,
          "y": -0.24969831109046936,
          "z": 0.07732324302196503
        },
        "scale": {
          "x": 1.0,
          "y": 1.0,
          "z": 1.0
        },
        "matrix_basis": [
          [
            0.8633437156677246,
            -0.33757659792900085,
            -0.3750728666782379,
            0.0
          ],
          [
            -0.06653027981519699,
            0.6606478095054626,
            -0.7477421760559082,
            0.0
          ],
          [
            0.5002112984657288,
            0.6705121994018555,
            0.5479070544242859,
            0.0
          ],
          [
            0.0,
            0.0,
            0.0,
            1.0
          ]
        ],
        "rotation_mode": "QUATERNION"
      },
      "armature_space": {
        "head": {
          "x": 0.2081436812877655,
          "y": -0.08104781806468964,
          "z": 0.46947354078292847
        },
        "tail": {
          "x": 0.4214854836463928,
          "y": -0.23845835030078888,
          "z": 0.5083944797515869
        }
      },
      "world_space": {
        "head": {
          "x": 0.2081436812877655,
          "y": -0.017803817987442017,
          "z": 1.4193274974822998
        },
        "tail": {
          "x": 0.4214854836463928,
          "y": -0.17521435022354126,
          "z": 1.458248496055603
        },
        "rotation_quaternion": {
          "w": 0.4072248935699463,
          "x": 0.5314924120903015,
          "y": 0.2011401206254959,
          "z": -0.7150010466575623
        },
        "matrix": [
          [
            -0.10336671769618988,
            0.7961422801017761,
            -0.5962154865264893,
            0.2081436812877655
          ],
          [
            -0.3685241937637329,
            -0.5874197483062744,
            -0.7205056548118591,
            -0.017803817987442017
          ],
          [
            -0.9238603115081787,
            0.14524388313293457,
            0.3541192412376404,
            1.4193274974822998
          ],
          [
            0.0,
            0.0,
            0.0,
            1.0
          ]
        ]
      },
      "bone_length_armature_space": 0.26796947613303557,
      "parent": "spine_01",
      "has_children": true,
      "is_end_bone": false
    },
    "lowerarm_l": {
      "name": "lowerarm_l",
      "local": {
        "location": {
          "x": 0.0,
          "y": 0.0,
          "z": 0.0
        },
        "rotation_quaternion": {
          "w": 0.8545839190483093,
          "x": 0.5064609050750732,
          "y": 0.05732841044664383,
          "z": -0.09948445856571198
        },
        "scale": {
          "x": 1.0,
          "y": 1.0,
          "z": 1.0
        },
        "matrix_basis": [
          [
            0.9736325740814209,
            0.228104829788208,
            -0.002786102471873164,
            0.0
          ],
          [
            -0.11196643859148026,
            0.4672003984451294,
            -0.8770332336425781,
            0.0
          ],
          [
            -0.19875384867191315,
            0.8542200922966003,
            0.48042160272598267,
            0.0
          ],
          [
            0.0,
            0.0,
            0.0,
            1.0
          ]
        ],
        "rotation_mode": "QUATERNION"
      },
      "armature_space": {
        "head": {
          "x": 0.4214855432510376,
          "y": -0.23845839500427246,
          "z": 0.5083945989608765
        },
        "tail": {
          "x": 0.3502252399921417,
          "y": -0.48246586322784424,
          "z": 0.5917718410491943
        }
      },
      "world_space": {
        "head": {
          "x": 0.4214855432510376,
          "y": -0.17521439492702484,
          "z": 1.4582486152648926
        },
        "tail": {
          "x": 0.3502252399921417,
          "y": -0.4192218780517578,
          "z": 1.5416258573532104
        },
        "rotation_quaternion": {
          "w": 0.011398843489587307,
          "x": 0.6747474074363708,
          "y": -0.2093401849269867,
          "z": -0.7076458930969238
        },
        "matrix": [
          [
            -0.08917233347892761,
            -0.2663692831993103,
            -0.9597373008728027,
            0.4214855432510376
          ],
          [
            -0.2986364960670471,
            -0.9120940566062927,
            0.2808932960033417,
            -0.17521439492702484
          ],
          [
            -0.950198769569397,
            0.3116619884967804,
            0.001786455512046814,
            1.4582486152648926
          ],
          [
            0.0,
            0.0,
            0.0,
            1.0
          ]
        ]
      },
      "bone_length_armature_space": 0.2675246555965255,
      "parent": "upperarm_l",
      "has_children": true,
      "is_end_bone": false
    },
    "metacarpal_thumb_l": {
      "name": "metacarpal_thumb_l",
      "local": {
        "location": {
          "x": 0.0,
          "y": 0.0,
          "z": 0.0
        },
        "rotation_quaternion": {
          "w": 0.9986611604690552,
          "x": -0.04908459261059761,
          "y": 0.00458439951762557,
          "z": -0.015672074630856514
        },
        "scale": {
          "x": 1.0,
          "y": 1.0,
          "z": 1.0
        },
        "matrix_basis": [
          [
            0.9994667172431946,
            0.03085213713347912,
            0.010695038363337517,
            0.0
          ],
          [
            -0.03175223246216774,
            0.9946901798248291,
            0.09789405763149261,
            0.0
          ],
          [
            -0.0076180086471140385,
            -0.09818144887685776,
            0.9951393604278564,
            0.0
          ],
          [
            0.0,
            0.0,
            0.0,
            1.0
          ]
        ],
        "rotation_mode": "QUATERNION"
      },
      "armature_space": {
        "head": {
          "x": 0.3502252399921417,
          "y": -0.48246586322784424,
          "z": 0.5917718410491943
        },
        "tail": {
          "x": 0.31215140223503113,
          "y": -0.5129604935646057,
          "z": 0.6003768444061279
        }
      },
      "world_space": {
        "head": {
          "x": 0.3502252399921417,
          "y": -0.4192218780517578,
          "z": 1.5416258573532104
        },
        "tail": {
          "x": 0.31215140223503113,
          "y": -0.4497165083885193,
          "z": 1.550230860710144
        },
        "rotation_quaternion": {
          "w": 0.1048690676689148,
          "x": 0.8986192941665649,
          "y": -0.42565879225730896,
          "z": 0.017333051189780235
        },
        "matrix": [
          [
            0.6370282173156738,
            -0.768645703792572,
            -0.05812561884522438,
            0.3502252399921417
          ],
          [
            -0.7613751292228699,
            -0.6156341433525085,
            -0.20323079824447632,
            -0.4192218780517578
          ],
          [
            0.12042848020792007,
            0.17372006177902222,
            -0.9774110317230225,
            1.5416258573532104
          ],
          [
            0.0,
            0.0,
            0.0,
            1.0
          ]
        ]
      },
      "bone_length_armature_space": 0.049533682269514295,
      "parent": "lowerarm_l",
      "has_children": true,
      "is_end_bone": false
    },
    "thumb_01_l": {
      "name": "thumb_01_l",
      "local": {
        "location": {
          "x": 0.0,
          "y": 0.0,
          "z": 0.0
        },
        "rotation_quaternion": {
          "w": 0.9882655143737793,
          "x": 0.1518985778093338,
          "y": -0.0007044086814858019,
          "z": -0.01605171151459217
        },
        "scale": {
          "x": 1.0,
          "y": 1.0,
          "z": 1.0
        },
        "matrix_basis": [
          [
            0.9994837045669556,
            0.031512707471847534,
            -0.006268749944865704,
            0.0
          ],
          [
            -0.031940702348947525,
            0.9533383250236511,
            -0.300209641456604,
            0.0
          ],
          [
            -0.003484178800135851,
            0.30025485157966614,
            0.953852653503418,
            0.0
          ],
          [
            0.0,
            0.0,
            0.0,
            1.0
          ]
        ],
        "rotation_mode": "QUATERNION"
      },
      "armature_space": {
        "head": {
          "x": 0.31215140223503113,
          "y": -0.5129604935646057,
          "z": 0.6003768444061279
        },
        "tail": {
          "x": 0.29696226119995117,
          "y": -0.5368230938911438,
          "z": 0.5814428329467773
        }
      },
      "world_space": {
        "head": {
          "x": 0.31215140223503113,
          "y": -0.4497165083885193,
          "z": 1.550230860710144
        },
        "tail": {
          "x": 0.29696226119995117,
          "y": -0.4735791087150574,
          "z": 1.5312968492507935
        },
        "rotation_quaternion": {
          "w": 0.045659784227609634,
          "x": 0.4880971312522888,
          "y": -0.38391831517219543,
          "z": 0.7824852466583252
        },
        "matrix": [
          [
            -0.5193539261817932,
            -0.4462335705757141,
            0.7287982702255249,
            0.31215140223503113
          ],
          [
            -0.3033212423324585,
            -0.701045572757721,
            -0.6453927755355835,
            -0.4497165083885193
          ],
          [
            0.798922061920166,
            -0.556251585483551,
            0.22873957455158234,
            1.550230860710144
          ],
          [
            0.0,
            0.0,
            0.0,
            1.0
          ]
        ]
      },
      "bone_length_armature_space": 0.03403866212202859,
      "parent": "metacarpal_thumb_l",
      "has_children": true,
      "is_end_bone": false
    },
    "thumb_02_l": {
      "name": "thumb_02_l",
      "local": {
        "location": {
          "x": 0.0,
          "y": 0.0,
          "z": 0.0
        },
        "rotation_quaternion": {
          "w": 0.9237030744552612,
          "x": 0.38306474685668945,
          "y": -0.005777889862656593,
          "z": -0.0008122384897433221
        },
        "scale": {
          "x": 1.0,
          "y": 1.0,
          "z": 1.0
        },
        "matrix_basis": [
          [
            0.9999319314956665,
            -0.0029260774608701468,
            -0.011296388693153858,
            0.0
          ],
          [
            -0.005927146412432194,
            0.7065214514732361,
            -0.7076667547225952,
            0.0
          ],
          [
            0.010051829740405083,
            0.7076855301856995,
            0.7064560055732727,
            0.0
          ],
          [
            0.0,
            0.0,
            0.0,
            1.0
          ]
        ],
        "rotation_mode": "QUATERNION"
      },
      "armature_space": {
        "head": {
          "x": 0.2969622313976288,
          "y": -0.536823034286499,
          "z": 0.5814428329467773
        },
        "tail": {
          "x": 0.30966734886169434,
          "y": -0.5558207631111145,
          "z": 0.6144710183143616
        }
      },
      "world_space": {
        "head": {
          "x": 0.2969622313976288,
          "y": -0.4735790491104126,
          "z": 1.5312968492507935
        },
        "tail": {
          "x": 0.30966734886169434,
          "y": -0.4925767779350281,
          "z": 1.5643250942230225
        },
        "rotation_quaternion": {
          "w": 0.006157430354505777,
          "x": -0.2984875738620758,
          "y": -0.5132864713668823,
          "z": -0.8046143054962158
        },
        "matrix": [
          [
            -0.8217353224754333,
            0.3163275718688965,
            0.47401243448257446,
            0.2969622313976288
          ],
          [
            0.2965092957019806,
            -0.4729987382888794,
            0.8296715021133423,
            -0.4735790491104126
          ],
          [
            0.48665907979011536,
            0.8223246335983276,
            0.29488828778266907,
            1.5312968492507935
          ],
          [
            0.0,
            0.0,
            0.0,
            1.0
          ]
        ]
      },
      "bone_length_armature_space": 0.04016459571118393,
      "parent": "thumb_01_l",
      "has_children": true,
      "is_end_bone": false
    },
    "thumb_03_l": {
      "name": "thumb_03_l",
      "local": {
        "location": {
          "x": 0.0,
          "y": 0.0,
          "z": 0.0
        },
        "rotation_quaternion": {
          "w": 0.9843204021453857,
          "x": 0.17631524801254272,
          "y": -0.005117261782288551,
          "z": -0.00043931734398938715
        },
        "scale": {
          "x": 1.0,
          "y": 1.0,
          "z": 1.0
        },
        "matrix_basis": [
          [
            0.9999472498893738,
            -0.000939644523896277,
            -0.010228967294096947,
            0.0
          ],
          [
            -0.0026693607214838266,
            0.9378255009651184,
            -0.34709689021110535,
            0.0
          ],
          [
            0.009919133968651295,
            0.34710589051246643,
            0.9377734661102295,
            0.0
          ],
          [
            0.0,
            0.0,
            0.0,
            1.0
          ]
        ],
        "rotation_mode": "QUATERNION"
      },
      "armature_space": {
        "head": {
          "x": 0.3096672594547272,
          "y": -0.5558207631111145,
          "z": 0.6144710183143616
        },
        "tail": {
          "x": 0.32623374462127686,
          "y": -0.5535069704055786,
          "z": 0.6399091482162476
        }
      },
      "world_space": {
        "head": {
          "x": 0.3096672594547272,
          "y": -0.4925767779350281,
          "z": 1.5643250942230225
        },
        "tail": {
          "x": 0.32623374462127686,
          "y": -0.4902629852294922,
          "z": 1.5897631645202637
        },
        "rotation_quaternion": {
          "w": 0.24964579939842224,
          "x": -0.15493085980415344,
          "y": -0.6896936297416687,
          "z": -0.6618127822875977
        },
        "matrix": [
          [
            -0.8273462057113647,
            0.544147253036499,
            -0.13929036259651184,
            0.3096672594547272
          ],
          [
            -0.11673124134540558,
            0.07600024342536926,
            0.9902516007423401,
            -0.4925767779350281
          ],
          [
            0.5494326949119568,
            0.83554607629776,
            0.0006413757801055908,
            1.5643250942230225
          ],
          [
            0.0,
            0.0,
            0.0,
            1.0
          ]
        ]
      },
      "bone_length_armature_space": 0.030445041072118074,
      "parent": "thumb_02_l",
      "has_children": false,
      "is_end_bone": true
    },
    "metacarpal_index_l": {
      "name": "metacarpal_index_l",
      "local": {
        "location": {
          "x": 0.0,
          "y": 0.0,
          "z": 0.0
        },
        "rotation_quaternion": {
          "w": 0.9995961785316467,
          "x": -0.02230101265013218,
          "y": 0.014376007951796055,
          "z": 0.010181196965277195
        },
        "scale": {
          "x": 1.0,
          "y": 1.0,
          "z": 1.0
        },
        "matrix_basis": [
          [
            0.9993793368339539,
            -0.0209953710436821,
            0.028286302462220192,
            0.0
          ],
          [
            0.01971297152340412,
            0.9987980127334595,
            0.044876743108034134,
            0.0
          ],
          [
            -0.029194507747888565,
            -0.044291283935308456,
            0.9985920190811157,
            0.0
          ],
          [
            0.0,
            0.0,
            0.0,
            1.0
          ]
        ],
        "rotation_mode": "QUATERNION"
      },
      "armature_space": {
        "head": {
          "x": 0.3502252399921417,
          "y": -0.48246586322784424,
          "z": 0.5917718410491943
        },
        "tail": {
          "x": 0.2869916260242462,
          "y": -0.5748146772384644,
          "z": 0.6264479756355286
        }
      },
      "world_space": {
        "head": {
          "x": 0.3502252399921417,
          "y": -0.4192218780517578,
          "z": 1.5416258573532104
        },
        "tail": {
          "x": 0.2869916260242462,
          "y": -0.5115706920623779,
          "z": 1.5763020515441895
        },
        "rotation_quaternion": {
          "w": 0.06614764779806137,
          "x": 0.9041768312454224,
          "y": -0.31866857409477234,
          "z": -0.2766568660736084
        },
        "matrix": [
          [
            0.6438223719596863,
            -0.5396660566329956,
            -0.5424512624740601,
            0.3502252399921417
          ],
          [
            -0.612866222858429,
            -0.7881494760513306,
            0.056706249713897705,
            -0.4192218780517578
          ],
          [
            -0.45813900232315063,
            0.29594284296035767,
            -0.8381770253181458,
            1.5416258573532104
          ],
          [
            0.0,
            0.0,
            0.0,
            1.0
          ]
        ]
      },
      "bone_length_armature_space": 0.11717178716222591,
      "parent": "lowerarm_l",
      "has_children": true,
      "is_end_bone": false
    },
    "index_01_l": {
      "name": "index_01_l",
      "local": {
        "location": {
          "x": 0.0,
          "y": 0.0,
          "z": 0.0
        },
        "rotation_quaternion": {
          "w": 0.9681738018989563,
          "x": 0.2492324262857437,
          "y": -0.016543682664632797,
          "z": 0.015781110152602196
        },
        "scale": {
          "x": 1.0,
          "y": 1.0,
          "z": 1.0
        },
        "matrix_basis": [
          [
            0.9989545345306396,
            -0.03880415856838226,
            -0.024167992174625397,
            0.0
          ],
          [
            0.022311270236968994,
            0.875268280506134,
            -0.4831227660179138,
            0.0
          ],
          [
            0.03990064933896065,
            0.4820784628391266,
            0.8752189874649048,
            0.0
          ],
          [
            0.0,
            0.0,
            0.0,
            1.0
          ]
        ],
        "rotation_mode": "QUATERNION"
      },
      "armature_space": {
        "head": {
          "x": 0.2869916260242462,
          "y": -0.5748146772384644,
          "z": 0.6264479756355286
        },
        "tail": {
          "x": 0.273129940032959,
          "y": -0.5992294549942017,
          "z": 0.6214638948440552
        }
      },
      "world_space": {
        "head": {
          "x": 0.2869916260242462,
          "y": -0.5115706920623779,
          "z": 1.5763020515441895
        },
        "tail": {
          "x": 0.273129940032959,
          "y": -0.5359854698181152,
          "z": 1.5713179111480713
        },
        "rotation_quaternion": {
          "w": 0.15549790859222412,
          "x": -0.9275719523429871,
          "y": 0.21841758489608765,
          "z": 0.2602393329143524
        },
        "matrix": [
          [
            0.7691386938095093,
            -0.4861298203468323,
            -0.41485369205474854,
            0.2869916260242462
          ],
          [
            -0.3242632746696472,
            -0.856228232383728,
            0.4021526277065277,
            -0.5115706920623779
          ],
          [
            -0.5507122278213501,
            -0.1747911274433136,
            -0.8161974549293518,
            1.5763020515441895
          ],
          [
            0.0,
            0.0,
            0.0,
            1.0
          ]
        ]
      },
      "bone_length_armature_space": 0.028514360850850722,
      "parent": "metacarpal_index_l",
      "has_children": true,
      "is_end_bone": false
    },
    "index_02_l": {
      "name": "index_02_l",
      "local": {
        "location": {
          "x": 0.0,
          "y": 0.0,
          "z": 0.0
        },
        "rotation_quaternion": {
          "w": 0.902576208114624,
          "x": 0.43045568466186523,
          "y": -0.00711498549208045,
          "z": 0.003663840238004923
        },
        "scale": {
          "x": 1.0,
          "y": 1.0,
          "z": 1.0
        },
        "matrix_basis": [
          [
            0.9998719096183777,
            -0.01273916196078062,
            -0.00968939159065485,
            0.0
          ],
          [
            0.0004884181544184685,
            0.6293889880180359,
            -0.7770902514457703,
            0.0
          ],
          [
            0.01599787548184395,
            0.7769860029220581,
            0.6293145418167114,
            0.0
          ],
          [
            0.0,
            0.0,
            0.0,
            1.0
          ]
        ],
        "rotation_mode": "QUATERNION"
      },
      "armature_space": {
        "head": {
          "x": 0.2731294631958008,
          "y": -0.599229633808136,
          "z": 0.6214637160301208
        },
        "tail": {
          "x": 0.2560659646987915,
          "y": -0.6055479645729065,
          "z": 0.6033802628517151
        }
      },
      "world_space": {
        "head": {
          "x": 0.2731294631958008,
          "y": -0.5359856486320496,
          "z": 1.5713176727294922
        },
        "tail": {
          "x": 0.2560659646987915,
          "y": -0.5423039793968201,
          "z": 1.553234338760376
        },
        "rotation_quaternion": {
          "w": 0.5335211157798767,
          "x": -0.766966700553894,
          "y": 0.3036549389362335,
          "z": 0.18684495985507965
        },
        "matrix": [
          [
            0.7457648515701294,
            -0.6651582717895508,
            0.037406980991363525,
            0.2731294631958008
          ],
          [
            -0.2664180397987366,
            -0.24629831314086914,
            0.9318576455116272,
            -0.5359856486320496
          ],
          [
            -0.610624372959137,
            -0.7049176096916199,
            -0.36089253425598145,
            1.5713176727294922
          ],
          [
            0.0,
            0.0,
            0.0,
            1.0
          ]
        ]
      },
      "bone_length_armature_space": 0.025653373402051895,
      "parent": "index_01_l",
      "has_children": true,
      "is_end_bone": false
    },
    "index_03_l": {
      "name": "index_03_l",
      "local": {
        "location": {
          "x": 0.0,
          "y": 0.0,
          "z": 0.0
        },
        "rotation_quaternion": {
          "w": 0.9720708131790161,
          "x": 0.23454955220222473,
          "y": -0.006155629176646471,
          "z": -0.005196460988372564
        },
        "scale": {
          "x": 1.0,
          "y": 1.0,
          "z": 1.0
        },
        "matrix_basis": [
          [
            0.9998701810836792,
            0.007215056102722883,
            -0.01440506987273693,
            0.0
          ],
          [
            -0.0129902558401227,
            0.8899189829826355,
            -0.4559335708618164,
            0.0
          ],
          [
            0.009529760107398033,
            0.4560615122318268,
            0.8898972272872925,
            0.0
          ],
          [
            0.0,
            0.0,
            0.0,
            1.0
          ]
        ],
        "rotation_mode": "QUATERNION"
      },
      "armature_space": {
        "head": {
          "x": 0.2560659646987915,
          "y": -0.605548083782196,
          "z": 0.6033803820610046
        },
        "tail": {
          "x": 0.2429194152355194,
          "y": -0.5980567336082458,
          "z": 0.5783846378326416
        }
      },
      "world_space": {
        "head": {
          "x": 0.2560659646987915,
          "y": -0.5423040986061096,
          "z": 1.553234338760376
        },
        "tail": {
          "x": 0.2429194152355194,
          "y": -0.5348127484321594,
          "z": 1.5282386541366577
        },
        "rotation_quaternion": {
          "w": 0.729612410068512,
          "x": -0.6076662540435791,
          "y": 0.30961230397224426,
          "z": 0.05047547072172165
        },
        "matrix": [
          [
            0.8031859993934631,
            -0.44993624091148376,
            0.39044785499572754,
            0.2560659646987915
          ],
          [
            -0.302624374628067,
            0.2563888430595398,
            0.9179778099060059,
            -0.5423040986061096
          ],
          [
            -0.5131421089172363,
            -0.8554717898368835,
            0.06976750493049622,
            1.553234338760376
          ],
          [
            0.0,
            0.0,
            0.0,
            1.0
          ]
        ]
      },
      "bone_length_armature_space": 0.02921881794901682,
      "parent": "index_02_l",
      "has_children": false,
      "is_end_bone": true
    },
    "metacarpal_pinky_l": {
      "name": "metacarpal_pinky_l",
      "local": {
        "location": {
          "x": 0.0,
          "y": 0.0,
          "z": 0.0
        },
        "rotation_quaternion": {
          "w": 0.998461127281189,
          "x": -0.05249752104282379,
          "y": 0.017872264608740807,
          "z": -6.788549944758415e-05
        },
        "scale": {
          "x": 1.0,
          "y": 1.0,
          "z": 1.0
        },
        "matrix_basis": [
          [
            0.9993611574172974,
            -0.0017409371212124825,
            0.03569665178656578,
            0.0
          ],
          [
            -0.0020120611879974604,
            0.994488000869751,
            0.1048310399055481,
            0.0
          ],
          [
            -0.03568239510059357,
            -0.10483589768409729,
            0.9938491582870483,
            0.0
          ],
          [
            0.0,
            0.0,
            0.0,
            1.0
          ]
        ],
        "rotation_mode": "QUATERNION"
      },
      "armature_space": {
        "head": {
          "x": 0.3502252399921417,
          "y": -0.48246586322784424,
          "z": 0.5917718410491943
        },
        "tail": {
          "x": 0.3562321066856384,
          "y": -0.5844993591308594,
          "z": 0.6116793751716614
        }
      },
      "world_space": {
        "head": {
          "x": 0.3502252399921417,
          "y": -0.4192218780517578,
          "z": 1.5416258573532104
        },
        "tail": {
          "x": 0.3562321066856384,
          "y": -0.521255373954773,
          "z": 1.5615334510803223
        },
        "rotation_quaternion": {
          "w": 0.038783662021160126,
          "x": 0.10304542630910873,
          "y": -0.09255469590425491,
          "z": -0.9896014928817749
        },
        "matrix": [
          [
            -0.975754976272583,
            0.05768594145774841,
            -0.21112719178199768,
            0.3502252399921417
          ],
          [
            -0.09583557397127151,
            -0.9798590540885925,
            0.17519187927246094,
            -0.4192218780517578
          ],
          [
            -0.19676987826824188,
            0.1911783665418625,
            0.9616374373435974,
            1.5416258573532104
          ],
          [
            0.0,
            0.0,
            0.0,
            1.0
          ]
        ]
      },
      "bone_length_armature_space": 0.10413081420905776,
      "parent": "lowerarm_l",
      "has_children": true,
      "is_end_bone": false
    },
    "pinky_01_l": {
      "name": "pinky_01_l",
      "local": {
        "location": {
          "x": 0.0,
          "y": 0.0,
          "z": 0.0
        },
        "rotation_quaternion": {
          "w": 0.9459968209266663,
          "x": 0.3238142728805542,
          "y": 0.013381972908973694,
          "z": 0.007448260206729174
        },
        "scale": {
          "x": 1.0,
          "y": 1.0,
          "z": 1.0
        },
        "matrix_basis": [
          [
            0.9995309114456177,
            -0.005425513256341219,
            0.03014231286942959,
            0.0
          ],
          [
            0.02275860868394375,
            0.7901777029037476,
            -0.6124551892280579,
            0.0
          ],
          [
            -0.02049490250647068,
            0.6128538846969604,
            0.7899304628372192,
            0.0
          ],
          [
            0.0,
            0.0,
            0.0,
            1.0
          ]
        ],
        "rotation_mode": "QUATERNION"
      },
      "armature_space": {
        "head": {
          "x": 0.3562321066856384,
          "y": -0.5844993591308594,
          "z": 0.6116793751716614
        },
        "tail": {
          "x": 0.3501008450984955,
