{
  "metadata": {
    "armature_name": "KIM_caucasian_male",
    "export_time": "2026-01-13T21:04:16.432701",
    "blender_version": "4.4.1",
    "bone_count": 56,
    "end_bone_count": 13,
    "spaces_included": [
      "LOCAL_CHANNELS",
      "ARMATURE_SPACE",
      "WORLD_SPACE"
    ],
    "note": "LOCAL matches Transform panel; replay pose via local.matrix_basis for best fidelity."
  },
  "bones": {
    "Root": {
      "name": "Root",
      "local": {
        "location": {
          "x": 0.0,
          "y": 0.0,
          "z": 0.0
        },
        "rotation_quaternion": {
          "w": 0.9999518394470215,
          "x": -0.0033492189832031727,
          "y": 0.0033241119235754013,
          "z": -0.008617178536951542
        },
        "scale": {
          "x": 1.0,
          "y": 1.0,
          "z": 1.0
        },
        "matrix_basis": [
          [
            0.9998294115066528,
            0.01721126027405262,
            0.00670562544837594,
            0.0
          ],
          [
            -0.017255794256925583,
            0.9998290538787842,
            0.006640826351940632,
            0.0
          ],
          [
            -0.006590181961655617,
            -0.00675540417432785,
            0.9999554753303528,
            0.0
          ],
          [
            0.0,
            0.0,
            0.0,
            1.0
          ]
        ],
        "rotation_mode": "QUATERNION"
      },
      "armature_space": {
        "head": {
          "x": 0.0,
          "y": 0.07072800397872925,
          "z": -0.009595036506652832
        },
        "tail": {
          "x": 0.0012284686090424657,
          "y": 7.691234350204468e-05,
          "z": 0.00047615915536880493
        }
      },
      "world_space": {
        "head": {
          "x": 0.0,
          "y": 0.13397200405597687,
          "z": 0.9402589797973633
        },
        "tail": {
          "x": 0.0012284686090424657,
          "y": 0.06332091242074966,
          "z": 0.9503301978111267
        },
        "rotation_quaternion": {
          "w": 0.07070600986480713,
          "x": 0.9974544644355774,
          "y": 0.008821540512144566,
          "z": 0.0027360389940440655
        },
        "matrix": [
          [
            0.9998294115066528,
            0.01721126027405262,
            0.00670562544837594,
            0.0
          ],
          [
            0.017985083162784576,
            -0.9898456335067749,
            -0.14100424945354462,
            0.13397200405597687
          ],
          [
            0.004210718907415867,
            0.14110085368156433,
            -0.9899933934211731,
            0.9402589797973633
          ],
          [
            0.0,
            0.0,
            0.0,
            1.0
          ]
        ]
      },
      "bone_length_armature_space": 0.07137586887277805,
      "parent": null,
      "has_children": true,
      "is_end_bone": false
    },
    "spine_01": {
      "name": "spine_01",
      "local": {
        "location": {
          "x": 0.0,
          "y": 0.0,
          "z": 0.0
        },
        "rotation_quaternion": {
          "w": 0.9962937831878662,
          "x": 0.026049571111798286,
          "y": -0.05294108763337135,
          "z": -0.06258920580148697
        },
        "scale": {
          "x": 1.0,
          "y": 1.0,
          "z": 1.0
        },
        "matrix_basis": [
          [
            0.9865596890449524,
            0.12195628881454468,
            -0.1087505966424942,
            0.0
          ],
          [
            -0.1274726539850235,
            0.9908080101013184,
            -0.045278970152139664,
            0.0
          ],
          [
            0.10222890973091125,
            0.05853313207626343,
            0.9930373430252075,
            0.0
          ],
          [
            0.0,
            0.0,
            0.0,
            1.0
          ]
        ],
        "rotation_mode": "QUATERNION"
      },
      "armature_space": {
        "head": {
          "x": 0.0012284686090424657,
          "y": 7.691234350204468e-05,
          "z": 0.00047615915536880493
        },
        "tail": {
          "x": 0.05874207243323326,
          "y": -0.0015605863882228732,
          "z": 0.48507702350616455
        }
      },
      "world_space": {
        "head": {
          "x": 0.0012284686090424657,
          "y": 0.06332091242074966,
          "z": 0.9503301978111267
        },
        "tail": {
          "x": 0.05874207243323326,
          "y": 0.06168341264128685,
          "z": 1.4349310398101807
        },
        "rotation_quaternion": {
          "w": 0.7058554887771606,
          "x": 0.7044142484664917,
          "y": 0.009486022405326366,
          "z": -0.0740174800157547
        },
        "matrix": [
          [
            0.9888628125190735,
            0.11785544455051422,
            -0.09088721126317978,
            0.0012284686090424657
          ],
          [
            -0.09112797677516937,
            -0.003355521708726883,
            -0.9958335161209106,
            0.06332091242074966
          ],
          [
            -0.11767028272151947,
            0.9930320978164673,
            0.007420927286148071,
            0.9503301978111267
          ],
          [
            0.0,
            0.0,
            0.0,
            1.0
          ]
        ]
      },
      "bone_length_armature_space": 0.48800461551064506,
      "parent": "Root",
      "has_children": true,
      "is_end_bone": false
    },
    "neck_01": {
      "name": "neck_01",
      "local": {
        "location": {
          "x": 0.0,
          "y": 0.0,
          "z": 0.0
        },
        "rotation_quaternion": {
          "w": 0.9828300476074219,
          "x": -0.07760374993085861,
          "y": -0.07432428747415543,
          "z": 0.14999543130397797
        },
        "scale": {
          "x": 1.0,
          "y": 1.0,
          "z": 1.0
        },
        "matrix_basis": [
          [
            0.9439545273780823,
            -0.2833043336868286,
            -0.1693767011165619,
            0.0
          ],
          [
            0.3063757121562958,
            0.9429580569267273,
            0.13024598360061646,
            0.0
          ],
          [
            0.12281586974859238,
            -0.17483919858932495,
            0.9769071340560913,
            0.0
          ],
          [
            0.0,
            0.0,
            0.0,
            1.0
          ]
        ],
        "rotation_mode": "QUATERNION"
      },
      "armature_space": {
        "head": {
          "x": 0.06421925872564316,
          "y": -0.03634221851825714,
          "z": 0.5580426454544067
        },
        "tail": {
          "x": 0.045046329498291016,
          "y": -0.05403611436486244,
          "z": 0.6571894288063049
        }
      },
      "world_space": {
        "head": {
          "x": 0.06421925872564316,
          "y": 0.02690178155899048,
          "z": 1.5078966617584229
        },
        "tail": {
          "x": 0.045046329498291016,
          "y": 0.009207885712385178,
          "z": 1.6070435047149658
        },
        "rotation_quaternion": {
          "w": 0.621659517288208,
          "x": 0.7639023065567017,
          "y": -0.16506172716617584,
          "z": -0.05241477116942406
        },
        "matrix": [
          [
            0.9400143027305603,
            -0.18701404333114624,
            -0.2853049039840698,
            0.06421925872564316
          ],
          [
            -0.3173512816429138,
            -0.17258743941783905,
            -0.9324709177017212,
            0.02690178155899048
          ],
          [
            0.12514564394950867,
            0.9670843482017517,
            -0.22158631682395935,
            1.5078966617584229
          ],
          [
            0.0,
            0.0,
            0.0,
            1.0
          ]
        ]
      },
      "bone_length_armature_space": 0.1025219966957984,
      "parent": "spine_01",
      "has_children": true,
      "is_end_bone": false
    },
    "head": {
      "name": "head",
      "local": {
        "location": {
          "x": 0.0,
          "y": 0.0,
          "z": 0.0
        },
        "rotation_quaternion": {
          "w": 0.9667320251464844,
          "x": -0.1752469688653946,
          "y": 0.07525119185447693,
          "z": -0.1704556941986084
        },
        "scale": {
          "x": 1.0,
          "y": 1.0,
          "z": 1.0
        },
        "matrix_basis": [
          [
            0.9305642247200012,
            0.30319488048553467,
            0.2052391618490219,
            0.0
          ],
          [
            -0.35594505071640015,
            0.8804666996002197,
            0.31317973136901855,
            0.0
          ],
          [
            -0.08575178682804108,
            -0.3644877076148987,
            0.9272515177726746,
            0.0
          ],
          [
            0.0,
            0.0,
            0.0,
            1.0
          ]
        ],
        "rotation_mode": "QUATERNION"
      },
      "armature_space": {
        "head": {
          "x": 0.04504629969596863,
          "y": -0.05403624475002289,
          "z": 0.6571893095970154
        },
        "tail": {
          "x": 0.09841011464595795,
          "y": 0.007617376744747162,
          "z": 0.7891149520874023
        }
      },
      "world_space": {
        "head": {
          "x": 0.04504629969596863,
          "y": 0.009207755327224731,
          "z": 1.6070432662963867
        },
        "tail": {
          "x": 0.09841011464595795,
          "y": 0.07086137682199478,
          "z": 1.7389689683914185
        },
        "rotation_quaternion": {
          "w": 0.8353599309921265,
          "x": 0.5160065293312073,
          "y": 0.03066907450556755,
          "z": -0.187003955245018
        },
        "matrix": [
          [
            0.928177535533905,
            0.34408244490623474,
            -0.14175260066986084,
            0.04504629969596863
          ],
          [
            -0.280782014131546,
            0.39753392338752747,
            -0.8735722303390503,
            0.009207755327224731
          ],
          [
            -0.2442314177751541,
            0.8506380915641785,
            0.4655965268611908,
            1.6070432662963867
          ],
          [
            0.0,
            0.0,
            0.0,
            1.0
          ]
        ]
      },
      "bone_length_armature_space": 0.15509107440168807,
      "parent": "neck_01",
      "has_children": false,
      "is_end_bone": true
    },
    "upperarm_l": {
      "name": "upperarm_l",
      "local": {
        "location": {
          "x": 0.0,
          "y": 0.0,
          "z": 0.0
        },
        "rotation_quaternion": {
          "w": 0.6585891842842102,
          "x": 0.559335470199585,
          "y": -0.14889033138751984,
          "z": 0.48086997866630554
        },
        "scale": {
          "x": 1.0,
          "y": 1.0,
          "z": 1.0
        },
        "matrix_basis": [
          [
            0.4931914508342743,
            -0.7999508380889893,
            0.3418201506137848,
            0.0
          ],
          [
            0.4668322503566742,
            -0.08818420767784119,
            -0.8799383640289307,
            0.0
          ],
          [
            0.7340503931045532,
            0.5935508012771606,
            0.3299509882926941,
            0.0
          ],
          [
            0.0,
            0.0,
            0.0,
            1.0
          ]
        ],
        "rotation_mode": "QUATERNION"
      },
      "armature_space": {
        "head": {
          "x": 0.20433802902698517,
          "y": -0.05296173691749573,
          "z": 0.4736763536930084
        },
        "tail": {
          "x": 0.20176972448825836,
          "y": -0.2167765200138092,
          "z": 0.6857290267944336
        }
      },
      "world_space": {
        "head": {
          "x": 0.20433802902698517,
          "y": 0.010282263159751892,
          "z": 1.4235303401947021
        },
        "tail": {
          "x": 0.20176972448825836,
          "y": -0.15353251993656158,
          "z": 1.6355830430984497
        },
        "rotation_quaternion": {
          "w": 0.36008477210998535,
          "x": 0.7393755912780762,
          "y": -0.2543219029903412,
          "z": -0.5089038610458374
        },
        "matrix": [
          [
            0.35267576575279236,
            -0.009584344923496246,
            -0.9356966614723206,
            0.20433802902698517
          ],
          [
            -0.7425760626792908,
            -0.6113189458847046,
            -0.27362439036369324,
            0.010282263159751892
          ],
          [
            -0.5693910121917725,
            0.7913315892219543,
            -0.22271610796451569,
            1.4235303401947021
          ],
          [
            0.0,
            0.0,
            0.0,
            1.0
          ]
        ]
      },
      "bone_length_armature_space": 0.2679705502332604,
      "parent": "spine_01",
      "has_children": true,
      "is_end_bone": false
    },
    "lowerarm_l": {
      "name": "lowerarm_l",
      "local": {
        "location": {
          "x": 0.0,
          "y": 0.0,
          "z": 0.0
        },
        "rotation_quaternion": {
          "w": 0.9449728727340698,
          "x": 0.2953740656375885,
          "y": 0.12495864927768707,
          "z": -0.06454361230134964
        },
        "scale": {
          "x": 1.0,
          "y": 1.0,
          "z": 1.0
        },
        "matrix_basis": [
          [
            0.9604389071464539,
            0.19580301642417908,
            0.1980360448360443,
            0.0
          ],
          [
            -0.048164837062358856,
            0.8171765804290771,
            -0.5743715167045593,
            0.0
          ],
          [
            -0.27429407835006714,
            0.5421103835105896,
            0.7942789793014526,
            0.0
          ],
          [
            0.0,
            0.0,
            0.0,
            1.0
          ]
        ],
        "rotation_mode": "QUATERNION"
      },
      "armature_space": {
        "head": {
          "x": 0.2017696350812912,
          "y": -0.216776505112648,
          "z": 0.6857291460037231
        },
        "tail": {
          "x": 0.04158812761306763,
          "y": -0.4000847339630127,
          "z": 0.7966773509979248
        }
      },
      "world_space": {
        "head": {
          "x": 0.2017696350812912,
          "y": -0.1535325050354004,
          "z": 1.6355831623077393
        },
        "tail": {
          "x": 0.04158812761306763,
          "y": -0.33684074878692627,
          "z": 1.746531367301941
        },
        "rotation_quaternion": {
          "w": 0.09111742675304413,
          "x": 0.8544687032699585,
          "y": -0.3861302137374878,
          "z": -0.33538708090782166
        },
        "matrix": [
          [
            0.4768373966217041,
            -0.5987545847892761,
            -0.6435211300849915,
            0.2017696350812912
          ],
          [
            -0.7209920287132263,
            -0.6852016448974609,
            0.10329363495111465,
            -0.1535325050354004
          ],
          [
            -0.5027931928634644,
            0.41472160816192627,
            -0.7584319114685059,
            1.6355831623077393
          ],
          [
            0.0,
            0.0,
            0.0,
            1.0
          ]
        ]
      },
      "bone_length_armature_space": 0.267524813123442,
      "parent": "upperarm_l",
      "has_children": true,
      "is_end_bone": false
    },
    "metacarpal_thumb_l": {
      "name": "metacarpal_thumb_l",
      "local": {
        "location": {
          "x": 0.0,
          "y": 0.0,
          "z": 0.0
        },
        "rotation_quaternion": {
          "w": 0.9990965723991394,
          "x": -0.04129217192530632,
          "y": -0.003598442766815424,
          "z": -0.00939133670181036
        },
        "scale": {
          "x": 1.0,
          "y": 1.0,
          "z": 1.0
        },
        "matrix_basis": [
          [
            0.9997977018356323,
            0.01906288042664528,
            -0.006414806470274925,
            0.0
          ],
          [
            -0.018468528985977173,
            0.99641352891922,
            0.08257732540369034,
            0.0
          ],
          [
            0.00796596147119999,
            -0.08244214951992035,
            0.9965640306472778,
            0.0
          ],
          [
            0.0,
            0.0,
            0.0,
            1.0
          ]
        ],
        "rotation_mode": "QUATERNION"
      },
      "armature_space": {
        "head": {
          "x": 0.04158812761306763,
          "y": -0.4000847339630127,
          "z": 0.7966773509979248
        },
        "tail": {
          "x": 0.0016021206974983215,
          "y": -0.4283517301082611,
          "z": 0.7892153263092041
        }
      },
      "world_space": {
        "head": {
          "x": 0.04158812761306763,
          "y": -0.33684074878692627,
          "z": 1.746531367301941
        },
        "tail": {
          "x": 0.0016021206974983215,
          "y": -0.3651077151298523,
          "z": 1.7390693426132202
        },
        "rotation_quaternion": {
          "w": 0.1561153531074524,
          "x": 0.7654313445091248,
          "y": -0.4362291991710663,
          "z": 0.44659507274627686
        },
        "matrix": [
          [
            0.22051282227039337,
            -0.8072490692138672,
            0.5474697351455688,
            0.04158812761306763
          ],
          [
            -0.5283661484718323,
            -0.5706622004508972,
            -0.6286286115646362,
            -0.33684074878692627
          ],
          [
            0.8198854923248291,
            -0.1506451517343521,
            -0.552365779876709,
            1.746531367301941
          ],
          [
            0.0,
            0.0,
            0.0,
            1.0
          ]
        ]
      },
      "bone_length_armature_space": 0.049533681828847015,
      "parent": "lowerarm_l",
      "has_children": true,
      "is_end_bone": false
    },
    "thumb_01_l": {
      "name": "thumb_01_l",
      "local": {
        "location": {
          "x": 0.0,
          "y": 0.0,
          "z": 0.0
        },
        "rotation_quaternion": {
          "w": 0.9993224143981934,
          "x": 0.02607661858201027,
          "y": -0.020575137808918953,
          "z": 0.015860283747315407
        },
        "scale": {
          "x": 1.0,
          "y": 1.0,
          "z": 1.0
        },
        "matrix_basis": [
          [
            0.9986502528190613,
            -0.032772134989500046,
            -0.040295228362083435,
            0.0
          ],
          [
            0.03062601387500763,
            0.9981369376182556,
            -0.05277055501937866,
            0.0
          ],
          [
            0.0419495590031147,
            0.051465243101119995,
            0.9977933764457703,
            0.0
          ],
          [
            0.0,
            0.0,
            0.0,
            1.0
          ]
        ],
        "rotation_mode": "QUATERNION"
      },
      "armature_space": {
        "head": {
          "x": 0.0016021206974983215,
          "y": -0.4283517301082611,
          "z": 0.7892153263092041
        },
        "tail": {
          "x": -0.002192021580412984,
          "y": -0.4559033215045929,
          "z": 0.7695901989936829
        }
      },
      "world_space": {
        "head": {
          "x": 0.0016021206974983215,
          "y": -0.3651077151298523,
          "z": 1.7390693426132202
        },
        "tail": {
          "x": -0.002192021580412984,
          "y": -0.3926593065261841,
          "z": 1.7194442749023438
        },
        "rotation_quaternion": {
          "w": 0.014809280633926392,
          "x": 0.13553746044635773,
          "y": -0.3083333969116211,
          "z": 0.9414567947387695
        },
        "matrix": [
          [
            -0.9628206491470337,
            -0.1114659458398819,
            0.24607248604297638,
            0.0016021206974983215
          ],
          [
            -0.05569647252559662,
            -0.8094227910041809,
            -0.5845792889595032,
            -0.3651077151298523
          ],
          [
            0.26433926820755005,
            -0.5765549540519714,
            0.7731257081031799,
            1.7390693426132202
          ],
          [
            0.0,
            0.0,
            0.0,
            1.0
          ]
        ]
      },
      "bone_length_armature_space": 0.03403867394538799,
      "parent": "metacarpal_thumb_l",
      "has_children": true,
      "is_end_bone": false
    },
    "thumb_02_l": {
      "name": "thumb_02_l",
      "local": {
        "location": {
          "x": 0.0,
          "y": 0.0,
          "z": 0.0
        },
        "rotation_quaternion": {
          "w": 0.9937815070152283,
          "x": 0.1112772524356842,
          "y": -0.003411480225622654,
          "z": 0.0020082672126591206
        },
        "scale": {
          "x": 1.0,
          "y": 1.0,
          "z": 1.0
        },
        "matrix_basis": [
          [
            0.9999686479568481,
            -0.004750797990709543,
            -0.0063335830345749855,
            0.0
          ],
          [
            0.003232317278161645,
            0.9752267003059387,
            -0.22118425369262695,
            0.0
          ],
          [
            0.007227480877190828,
            0.22115685045719147,
            0.9752114415168762,
            0.0
          ],
          [
            0.0,
            0.0,
            0.0,
            1.0
          ]
        ],
        "rotation_mode": "QUATERNION"
      },
      "armature_space": {
        "head": {
          "x": -0.0021919971331954002,
          "y": -0.4559032917022705,
          "z": 0.7695901393890381
        },
        "tail": {
          "x": -0.02270299196243286,
          "y": -0.48274996876716614,
          "z": 0.7913097143173218
        }
      },
      "world_space": {
        "head": {
          "x": -0.0021919971331954002,
          "y": -0.3926593065261841,
          "z": 1.7194441556930542
        },
        "tail": {
          "x": -0.02270299196243286,
          "y": -0.4195059537887573,
          "z": 1.741163730621338
        },
        "rotation_quaternion": {
          "w": 0.2603573799133301,
          "x": -0.05753783509135246,
          "y": 0.31305602192878723,
          "z": 0.9115369319915771
        },
        "matrix": [
          [
            -0.8578066825866699,
            -0.5106759667396545,
            0.05811828374862671,
            -0.0021919971331954002
          ],
          [
            0.43862637877464294,
            -0.6684195399284363,
            0.6006848812103271,
            -0.3926593065261841
          ],
          [
            -0.26790952682495117,
            0.5407671928405762,
            0.7973766922950745,
            1.7194441556930542
          ],
          [
            0.0,
            0.0,
            0.0,
            1.0
          ]
        ]
      },
      "bone_length_armature_space": 0.04016447307006834,
      "parent": "thumb_01_l",
      "has_children": true,
      "is_end_bone": false
    },
    "thumb_03_l": {
      "name": "thumb_03_l",
      "local": {
        "location": {
          "x": 0.0,
          "y": 0.0,
          "z": 0.0
        },
        "rotation_quaternion": {
          "w": 0.9963997602462769,
          "x": 0.08378448337316513,
          "y": -0.010891063138842583,
          "z": 0.007007664535194635
        },
        "scale": {
          "x": 1.0,
          "y": 1.0,
          "z": 1.0
        },
        "matrix_basis": [
          [
            0.9996645450592041,
            -0.015789873898029327,
            -0.02052943781018257,
            0.0
          ],
          [
            0.012139866128563881,
            0.9858620762825012,
            -0.16711832582950592,
            0.0
          ],
          [
            0.022877972573041916,
            0.16681303083896637,
            0.985723078250885,
            0.0
          ],
          [
            0.0,
            0.0,
            0.0,
            1.0
          ]
        ],
        "rotation_mode": "QUATERNION"
      },
      "armature_space": {
        "head": {
          "x": -0.02270302176475525,
          "y": -0.48274993896484375,
          "z": 0.791309654712677
        },
        "tail": {
          "x": -0.03310316428542137,
          "y": -0.49478262662887573,
          "z": 0.8172702193260193
        }
      },
      "world_space": {
        "head": {
          "x": -0.02270302176475525,
          "y": -0.4195059537887573,
          "z": 1.741163730621338
        },
        "tail": {
          "x": -0.03310316428542137,
          "y": -0.4315386414527893,
          "z": 1.7671241760253906
        },
        "rotation_quaternion": {
          "w": 0.11667097359895706,
          "x": -0.1390363723039627,
          "y": 0.5373764038085938,
          "z": 0.8235795497894287
        },
        "matrix": [
          [
            -0.934113621711731,
            -0.34160560369491577,
            -0.10362106561660767,
            -0.02270302176475525
          ],
          [
            0.04274752736091614,
            -0.39522886276245117,
            0.9175875782966614,
            -0.4195059537887573
          ],
          [
            -0.3544095456600189,
            0.8527072668075562,
            0.3837946951389313,
            1.741163730621338
          ],
          [
            0.0,
            0.0,
            0.0,
            1.0
          ]
        ]
      },
      "bone_length_armature_space": 0.030445023954696247,
      "parent": "thumb_02_l",
      "has_children": false,
      "is_end_bone": true
    },
    "metacarpal_index_l": {
      "name": "metacarpal_index_l",
      "local": {
        "location": {
          "x": 0.0,
          "y": 0.0,
          "z": 0.0
        },
        "rotation_quaternion": {
          "w": 0.9985264539718628,
          "x": -0.05331992357969284,
          "y": -0.0033197677694261074,
          "z": -0.009539465419948101
        },
        "scale": {
          "x": 1.0,
          "y": 1.0,
          "z": 1.0
        },
        "matrix_basis": [
          [
            0.9997959733009338,
            0.019404835999011993,
            -0.005612464621663094,
            0.0
          ],
          [
            -0.018696798011660576,
            0.9941319823265076,
            0.10654604434967041,
            0.0
          ],
          [
            0.0076470389030873775,
            -0.10641936957836151,
            0.9942919015884399,
            0.0
          ],
          [
            0.0,
            0.0,
            0.0,
            1.0
          ]
        ],
        "rotation_mode": "QUATERNION"
      },
      "armature_space": {
        "head": {
          "x": 0.04158812761306763,
          "y": -0.4000847339630127,
          "z": 0.7966773509979248
        },
        "tail": {
          "x": -0.04540417343378067,
          "y": -0.4733155071735382,
          "z": 0.8249407410621643
        }
      },
      "world_space": {
        "head": {
          "x": 0.04158812761306763,
          "y": -0.33684074878692627,
          "z": 1.746531367301941
        },
        "tail": {
          "x": -0.04540417343378067,
          "y": -0.4100714921951294,
          "z": 1.7747948169708252
        },
        "rotation_quaternion": {
          "w": 0.1917494833469391,
          "x": 0.8919764161109924,
          "y": -0.3882506489753723,
          "z": 0.12989136576652527
        },
        "matrix": [
          [
            0.6647794246673584,
            -0.7424342036247253,
            0.08282535523176193,
            0.04158812761306763
          ],
          [
            -0.6428079605102539,
            -0.6249867677688599,
            -0.44293326139450073,
            -0.33684074878692627
          ],
          [
            0.3806155323982239,
            0.2412133514881134,
            -0.8927273154258728,
            1.746531367301941
          ],
          [
            0.0,
            0.0,
            0.0,
            1.0
          ]
        ]
      },
      "bone_length_armature_space": 0.11717177971064595,
      "parent": "lowerarm_l",
      "has_children": true,
      "is_end_bone": false
    },
    "index_01_l": {
      "name": "index_01_l",
      "local": {
        "location": {
          "x": 0.0,
          "y": 0.0,
          "z": 0.0
        },
        "rotation_quaternion": {
          "w": 0.9986472129821777,
          "x": -0.04745855927467346,
          "y": -0.02018040418624878,
          "z": -0.006649141199886799
        },
        "scale": {
          "x": 1.0,
          "y": 1.0,
          "z": 1.0
        },
        "matrix_basis": [
          [
            0.9990971088409424,
            0.015195758081972599,
            -0.039675090461969376,
            0.0
          ],
          [
            -0.011364826932549477,
            0.9954069256782532,
            0.09505707770586014,
            0.0
          ],
          [
            0.04093732684850693,
            -0.09452035278081894,
            0.9946808815002441,
            0.0
          ],
          [
            0.0,
            0.0,
            0.0,
            1.0
          ]
        ],
        "rotation_mode": "QUATERNION"
      },
      "armature_space": {
        "head": {
          "x": -0.04540417343378067,
          "y": -0.4733155071735382,
          "z": 0.8249407410621643
        },
        "tail": {
          "x": -0.058510638773441315,
          "y": -0.4930868148803711,
          "z": 0.8407644033432007
        }
      },
      "world_space": {
        "head": {
          "x": -0.04540417343378067,
          "y": -0.4100714921951294,
          "z": 1.7747948169708252
        },
        "tail": {
          "x": -0.058510638773441315,
          "y": -0.42984282970428467,
          "z": 1.7906184196472168
        },
        "rotation_quaternion": {
          "w": 0.31523120403289795,
          "x": 0.9186747670173645,
          "y": -0.23224680125713348,
          "z": 0.05222414806485176
        },
        "matrix": [
          [
            0.8866681456565857,
            -0.45964422821998596,
            -0.050469838082790375,
            -0.04540417343378067
          ],
          [
            -0.3937940001487732,
            -0.6933810710906982,
            -0.6034479141235352,
            -0.4100714921951294
          ],
          [
            0.24237774312496185,
            0.5549360513687134,
            -0.7958097457885742,
            1.7747948169708252
          ],
          [
            0.0,
            0.0,
            0.0,
            1.0
          ]
        ]
      },
      "bone_length_armature_space": 0.02851442317561102,
      "parent": "metacarpal_index_l",
      "has_children": true,
      "is_end_bone": false
    },
    "index_02_l": {
      "name": "index_02_l",
      "local": {
        "location": {
          "x": 0.0,
          "y": 0.0,
          "z": 0.0
        },
        "rotation_quaternion": {
          "w": 0.987889289855957,
          "x": 0.1549549698829651,
          "y": 0.005036665592342615,
          "z": 0.006199273746460676
        },
        "scale": {
          "x": 1.0,
          "y": 1.0,
          "z": 1.0
        },
        "matrix_basis": [
          [
            0.9998723864555359,
            -0.010687479749321938,
            0.011872552335262299,
            0.0
          ],
          [
            0.013809304684400558,
            0.9519010782241821,
            -0.3060942590236664,
            0.0
          ],
          [
            -0.008030119352042675,
            0.3062191605567932,
            0.9519271850585938,
            0.0
          ],
          [
            0.0,
            0.0,
            0.0,
            1.0
          ]
        ],
        "rotation_mode": "QUATERNION"
      },
      "armature_space": {
        "head": {
          "x": -0.05851104110479355,
          "y": -0.49308717250823975,
          "z": 0.8407642841339111
        },
        "tail": {
          "x": -0.07023142278194427,
          "y": -0.5144029259681702,
          "z": 0.8489105701446533
        }
      },
      "world_space": {
        "head": {
          "x": -0.05851104110479355,
          "y": -0.4298431873321533,
          "z": 1.7906183004379272
        },
        "tail": {
          "x": -0.07023142278194427,
          "y": -0.45115894079208374,
          "z": 1.7987645864486694
        },
        "rotation_quaternion": {
          "w": 0.17946802079677582,
          "x": 0.9551965594291687,
          "y": -0.22876179218292236,
          "z": 0.055306706577539444
        },
        "matrix": [
          [
            0.8892185688018799,
            -0.456876665353775,
            0.023546233773231506,
            -0.05851104110479355
          ],
          [
            -0.41717368364334106,
            -0.8309184908866882,
            -0.36815905570983887,
            -0.4298431873321533
          ],
          [
            0.1877691000699997,
            0.31755250692367554,
            -0.9294715523719788,
            1.7906183004379272
          ],
          [
            0.0,
            0.0,
            0.0,
            1.0
          ]
        ]
      },
      "bone_length_armature_space": 0.025653277819991573,
      "parent": "index_01_l",
      "has_children": true,
      "is_end_bone": false
    },
    "index_03_l": {
      "name": "index_03_l",
      "local": {
        "location": {
          "x": 0.0,
          "y": 0.0,
          "z": 0.0
        },
        "rotation_quaternion": {
          "w": 0.9732505083084106,
          "x": 0.22967146337032318,
          "y": 0.003257657866925001,
          "z": -0.004894506186246872
        },
        "scale": {
          "x": 1.0,
          "y": 1.0,
          "z": 1.0
        },
        "matrix_basis": [
          [
            0.9999308586120605,
            0.011023543775081635,
            0.004092777613550425,
            0.0
          ],
          [
            -0.008030778728425503,
            0.8944541215896606,
            -0.4470876157283783,
            0.0
          ],
          [
            -0.008589291013777256,
            0.44702383875846863,
            0.89448082447052,
            0.0
          ],
          [
            0.0,
            0.0,
            0.0,
            1.0
          ]
        ],
        "rotation_mode": "QUATERNION"
      },
      "armature_space": {
        "head": {
          "x": -0.07023143768310547,
          "y": -0.5144028663635254,
          "z": 0.8489106297492981
        },
        "tail": {
          "x": -0.07796932756900787,
          "y": -0.5420014262199402,
          "z": 0.843238115310669
        }
      },
      "world_space": {
        "head": {
          "x": -0.07023143768310547,
          "y": -0.45115888118743896,
          "z": 1.798764705657959
        },
        "tail": {
          "x": -0.07796932756900787,
          "y": -0.47875744104385376,
          "z": 1.793092131614685
        },
        "rotation_quaternion": {
          "w": 0.0795041099190712,
          "x": -0.9770963788032532,
          "y": 0.14629898965358734,
          "z": -0.13250833749771118
        },
        "matrix": [
          [
            0.9220763444900513,
            -0.2648266851902008,
            0.2822098135948181,
            -0.07023143768310547
          ],
          [
            -0.30696648359298706,
            -0.9445517063140869,
            0.11659407615661621,
            -0.45115888118743896
          ],
          [
            0.235685795545578,
            -0.1941395103931427,
            -0.9522479772567749,
            1.798764705657959
          ],
          [
            0.0,
            0.0,
            0.0,
            1.0
          ]
        ]
      },
      "bone_length_armature_space": 0.029218707012110465,
      "parent": "index_02_l",
      "has_children": false,
      "is_end_bone": true
    },
    "metacarpal_pinky_l": {
      "name": "metacarpal_pinky_l",
      "local": {
        "location": {
          "x": 0.0,
          "y": 0.0,
          "z": 0.0
        },
        "rotation_quaternion": {
          "w": 0.9986668825149536,
          "x": -0.04762103408575058,
          "y": 0.0017388203414157033,
          "z": -0.019844364374876022
        },
        "scale": {
          "x": 1.0,
          "y": 1.0,
          "z": 1.0
        },
        "matrix_basis": [
          [
            0.9992063641548157,
            0.039470210671424866,
            0.005363022908568382,
            0.0
          ],
          [
            -0.039801426231861115,
            0.9946768879890442,
            0.09504608809947968,
            0.0
          ],
          [
            -0.001582986325956881,
            -0.09518411010503769,
            0.9954584240913391,
            0.0
          ],
          [
            0.0,
            0.0,
            0.0,
            1.0
          ]
        ],
        "rotation_mode": "QUATERNION"
      },
      "armature_space": {
        "head": {
          "x": 0.04158812761306763,
          "y": -0.4000847339630127,
          "z": 0.7966773509979248
        },
        "tail": {
          "x": 0.0070737265050411224,
          "y": -0.47913265228271484,
          "z": 0.8550163507461548
        }
      },
      "world_space": {
        "head": {
          "x": 0.04158812761306763,
          "y": -0.33684074878692627,
          "z": 1.746531367301941
        },
        "tail": {
          "x": 0.0070737265050411224,
          "y": -0.4158886671066284,
          "z": 1.804870367050171
        },
        "rotation_quaternion": {
          "w": 0.018004629760980606,
          "x": -0.43501919507980347,
          "y": 0.34657666087150574,
          "z": 0.8308543562889099
        },
        "matrix": [
          [
            -0.6208693385124207,
            -0.33145251870155334,
            -0.7103950381278992,
            0.04158812761306763
          ],
          [
            -0.2716160714626312,
            -0.7591216564178467,
            0.5915735363960266,
            -0.33684074878692627
          ],
          [
            -0.7353598475456238,
            0.5602477192878723,
            0.3812904953956604,
            1.746531367301941
          ],
          [
            0.0,
            0.0,
            0.0,
            1.0
          ]
        ]
      },
      "bone_length_armature_space": 0.10413095668050139,
      "parent": "lowerarm_l",
      "has_children": true,
      "is_end_bone": false
    },
    "pinky_01_l": {
      "name": "pinky_01_l",
      "local": {
        "location": {
          "x": 0.0,
          "y": 0.0,
          "z": 0.0
        },
        "rotation_quaternion": {
          "w": 0.9984787702560425,
          "x": 0.049664780497550964,
          "y": 0.015560378320515156,
          "z": 0.018206551671028137
        },
        "scale": {
          "x": 1.0,
          "y": 1.0,
          "z": 1.0
        },
        "matrix_basis": [
          [
            0.9988527894020081,
            -0.03481210395693779,
            0.03288186341524124,
            0.0
          ],
          [
            0.0379033163189888,
            0.9944038391113281,
            -0.09861185401678085,
            0.0
          ],
          [
            -0.029264966025948524,
            0.09974505752325058,
            0.9945825934410095,
            0.0
          ],
          [
            0.0,
            0.0,
            0.0,
            1.0
          ]
        ],
        "rotation_mode": "QUATERNION"
      },
      "armature_space": {
        "head": {
          "x": 0.0070737265050411224,
