{
  "metadata": {
    "armature_name": "KIM_caucasian_male",
    "export_time": "2026-01-13T20:54:55.019241",
    "blender_version": "4.4.1",
    "bone_count": 56,
    "end_bone_count": 13,
    "spaces_included": [
      "LOCAL_CHANNELS",
      "ARMATURE_SPACE",
      "WORLD_SPACE"
    ],
    "note": "LOCAL matches Transform panel; replay pose via local.matrix_basis for best fidelity."
  },
  "bones": {
    "Root": {
      "name": "Root",
      "local": {
        "location": {
          "x": 0.0,
          "y": 0.0,
          "z": 0.0
        },
        "rotation_quaternion": {
          "w": 0.9996979236602783,
          "x": -0.0023713461123406887,
          "y": -0.0167556069791317,
          "z": -0.017828604206442833
        },
        "scale": {
          "x": 1.0,
          "y": 1.0,
          "z": 1.0
        },
        "matrix_basis": [
          [
            0.9988027811050415,
            0.035725902765989304,
            -0.03341653570532799,
            0.0
          ],
          [
            -0.03556697070598602,
            0.9993530511856079,
            0.005338717717677355,
            0.0
          ],
          [
            0.033585645258426666,
            -0.0041438015177845955,
            0.9994272589683533,
            0.0
          ],
          [
            0.0,
            0.0,
            0.0,
            1.0
          ]
        ],
        "rotation_mode": "QUATERNION"
      },
      "armature_space": {
        "head": {
          "x": 0.0,
          "y": 0.07072800397872925,
          "z": -0.009595036506652832
        },
        "tail": {
          "x": 0.002549967262893915,
          "y": 8.55177640914917e-05,
          "z": 0.0002868780866265297
        }
      },
      "world_space": {
        "head": {
          "x": 0.0,
          "y": 0.13397200405597687,
          "z": 0.9402589797973633
        },
        "tail": {
          "x": 0.002549967262893915,
          "y": 0.06332951784133911,
          "z": 0.9501408934593201
        },
        "rotation_quaternion": {
          "w": 0.06971326470375061,
          "x": 0.9972670078277588,
          "y": 0.016659313812851906,
          "z": -0.017918620258569717
        },
        "matrix": [
          [
            0.9988027811050415,
            0.035725902765989304,
            -0.03341653570532799,
            0.0
          ],
          [
            0.030729228630661964,
            -0.9897250533103943,
            -0.13964295387268066,
            0.13397200405597687
          ],
          [
            -0.038062289357185364,
            0.13844895362854004,
            -0.9896449446678162,
            0.9402589797973633
          ],
          [
            0.0,
            0.0,
            0.0,
            1.0
          ]
        ]
      },
      "bone_length_armature_space": 0.07137587315021801,
      "parent": null,
      "has_children": true,
      "is_end_bone": false
    },
    "spine_01": {
      "name": "spine_01",
      "local": {
        "location": {
          "x": 0.0,
          "y": 0.0,
          "z": 0.0
        },
        "rotation_quaternion": {
          "w": 0.9914926886558533,
          "x": 0.10408167541027069,
          "y": 0.06264068931341171,
          "z": -0.046751148998737335
        },
        "scale": {
          "x": 1.0,
          "y": 1.0,
          "z": 1.0
        },
        "matrix_basis": [
          [
            0.9877809286117554,
            0.10574634373188019,
            0.11448369175195694,
            0.0
          ],
          [
            -0.0796673521399498,
            0.973962664604187,
            -0.2122494876384735,
            0.0
          ],
          [
            -0.1339474469423294,
            0.200535386800766,
            0.9704862833023071,
            0.0
          ],
          [
            0.0,
            0.0,
            0.0,
            1.0
          ]
        ],
        "rotation_mode": "QUATERNION"
      },
      "armature_space": {
        "head": {
          "x": 0.002549967262893915,
          "y": 8.55177640914917e-05,
          "z": 0.0002868780866265297
        },
        "tail": {
          "x": 0.07460238039493561,
          "y": -0.07127866894006729,
          "z": 0.4776378571987152
        }
      },
      "world_space": {
        "head": {
          "x": 0.002549967262893915,
          "y": 0.06332951784133911,
          "z": 0.9501408934593201
        },
        "tail": {
          "x": 0.07460238039493561,
          "y": -0.008034668862819672,
          "z": 1.4274919033050537
        },
        "rotation_quaternion": {
          "w": 0.6454185247421265,
          "x": 0.7570313811302185,
          "y": 0.10156706720590591,
          "z": 0.004749666433781385
        },
        "matrix": [
          [
            0.9793229699134827,
            0.14764800667762756,
            0.1382986605167389,
            0.002549967262893915
          ],
          [
            0.15991076827049255,
            -0.14623771607875824,
            -0.9762393236160278,
            0.06332951784133911
          ],
          [
            -0.12391602993011475,
            0.9781757593154907,
            -0.16682648658752441,
            0.9501408934593201
          ],
          [
            0.0,
            0.0,
            0.0,
            1.0
          ]
        ]
      },
      "bone_length_armature_space": 0.4880044567449575,
      "parent": "Root",
      "has_children": true,
      "is_end_bone": false
    },
    "neck_01": {
      "name": "neck_01",
      "local": {
        "location": {
          "x": 0.0,
          "y": 0.0,
          "z": 0.0
        },
        "rotation_quaternion": {
          "w": 0.9880668520927429,
          "x": -0.1440369337797165,
          "y": -0.05067837983369827,
          "z": -0.02022506669163704
        },
        "scale": {
          "x": 1.0,
          "y": 1.0,
          "z": 1.0
        },
        "matrix_basis": [
          [
            0.9940453171730042,
            0.05456655099987984,
            -0.09432093799114227,
            0.0
          ],
          [
            -0.02536831982433796,
            0.9576886296272278,
            0.2866861820220947,
            0.0
          ],
          [
            0.10597356408834457,
            -0.28258630633354187,
            0.9533701539039612,
            0.0
          ],
          [
            0.0,
            0.0,
            0.0,
            1.0
          ]
        ],
        "rotation_mode": "QUATERNION"
      },
      "armature_space": {
        "head": {
          "x": 0.09020919352769852,
          "y": -0.11584237217903137,
          "z": 0.5434727072715759
        },
        "tail": {
          "x": 0.11222496628761292,
          "y": -0.14009061455726624,
          "z": 0.6406224966049194
        }
      },
      "world_space": {
        "head": {
          "x": 0.09020919352769852,
          "y": -0.05259837210178375,
          "z": 1.4933266639709473
        },
        "tail": {
          "x": 0.11222496628761292,
          "y": -0.07684661448001862,
          "z": 1.5904765129089355
        },
        "rotation_quaternion": {
          "w": 0.6106438040733337,
          "x": 0.7843714952468872,
          "y": 0.0940978080034256,
          "z": -0.05496484413743019
        },
        "matrix": [
          [
            0.9762488603591919,
            0.21474333107471466,
            0.02869601547718048,
            0.09020919352769852
          ],
          [
            0.08048856258392334,
            -0.23651902377605438,
            -0.9682875275611877,
            -0.05259837210178375
          ],
          [
            -0.20114746689796448,
            0.9476054906845093,
            -0.24818849563598633,
            1.4933266639709473
          ],
          [
            0.0,
            0.0,
            0.0,
            1.0
          ]
        ]
      },
      "bone_length_armature_space": 0.10252196419166053,
      "parent": "spine_01",
      "has_children": true,
      "is_end_bone": false
    },
    "head": {
      "name": "head",
      "local": {
        "location": {
          "x": 0.0,
          "y": 0.0,
          "z": 0.0
        },
        "rotation_quaternion": {
          "w": 0.9891809225082397,
          "x": 0.0314418263733387,
          "y": 0.077214315533638,
          "z": 0.12070818990468979
        },
        "scale": {
          "x": 1.0,
          "y": 1.0,
          "z": 1.0
        },
        "matrix_basis": [
          [
            0.9589349627494812,
            -0.2339489609003067,
            0.16034843027591705,
            0.0
          ],
          [
            0.24365998804569244,
            0.9688819050788879,
            -0.04356250911951065,
            0.0
          ],
          [
            -0.1451672911643982,
            0.08084411174058914,
            0.9860987067222595,
            0.0
          ],
          [
            0.0,
            0.0,
            0.0,
            1.0
          ]
        ],
        "rotation_mode": "QUATERNION"
      },
      "armature_space": {
        "head": {
          "x": 0.11222495883703232,
          "y": -0.14009074866771698,
          "z": 0.6406223773956299
        },
        "tail": {
          "x": 0.10649457573890686,
          "y": -0.13584698736667633,
          "z": 0.7955496907234192
        }
      },
      "world_space": {
        "head": {
          "x": 0.11222495883703232,
          "y": -0.07684674859046936,
          "z": 1.590476393699646
        },
        "tail": {
          "x": 0.10649457573890686,
          "y": -0.07260298728942871,
          "z": 1.74540376663208
        },
        "rotation_quaternion": {
          "w": 0.7125690579414368,
          "x": 0.6900883316993713,
          "y": 0.07698480039834976,
          "z": 0.10048245638608932
        },
        "matrix": [
          [
            0.9679532051086426,
            -0.03694869950413704,
            0.2483977973461151,
            0.11222495883703232
          ],
          [
            0.2494543194770813,
            0.02736315131187439,
            -0.9680001139640808,
            -0.07684674859046936
          ],
          [
            0.02896982990205288,
            0.9989495873451233,
            0.03570251911878586,
            1.590476393699646
          ],
          [
            0.0,
            0.0,
            0.0,
            1.0
          ]
        ]
      },
      "bone_length_armature_space": 0.15509132387305927,
      "parent": "neck_01",
      "has_children": false,
      "is_end_bone": true
    },
    "upperarm_l": {
      "name": "upperarm_l",
      "local": {
        "location": {
          "x": 0.0,
          "y": 0.0,
          "z": 0.0
        },
        "rotation_quaternion": {
          "w": 0.9945881366729736,
          "x": 0.10382683575153351,
          "y": -0.0023897720966488123,
          "z": 0.0029654763638973236
        },
        "scale": {
          "x": 1.0,
          "y": 1.0,
          "z": 1.0
        },
        "matrix_basis": [
          [
            0.9999709725379944,
            -0.006395100150257349,
            -0.004137885756790638,
            0.0
          ],
          [
            0.005402610171586275,
            0.9784224033355713,
            -0.20654405653476715,
            0.0
          ],
          [
            0.005369469989091158,
            0.20651569962501526,
            0.9784285426139832,
            0.0
          ],
          [
            0.0,
            0.0,
            0.0,
            1.0
          ]
        ],
        "rotation_mode": "QUATERNION"
      },
      "armature_space": {
        "head": {
          "x": 0.22762559354305267,
          "y": -0.08514080941677094,
          "z": 0.458612322807312
        },
        "tail": {
          "x": 0.49169647693634033,
          "y": -0.08610541373491287,
          "z": 0.4130789637565613
        }
      },
      "world_space": {
        "head": {
          "x": 0.22762559354305267,
          "y": -0.021896809339523315,
          "z": 1.4084663391113281
        },
        "tail": {
          "x": 0.49169647693634033,
          "y": -0.022861413657665253,
          "z": 1.3629329204559326
        },
        "rotation_quaternion": {
          "w": 0.40941840410232544,
          "x": 0.4988204538822174,
          "y": 0.574958324432373,
          "z": -0.5029689073562622
        },
        "matrix": [
          [
            -0.16710834205150604,
            0.9854514598846436,
            -0.03098587691783905,
            0.22762559354305267
          ],
          [
            0.16175344586372375,
            -0.0035996735095977783,
            -0.9868247509002686,
            -0.021896809339523315
          ],
          [
            -0.9725861549377441,
            -0.169919952750206,
            -0.15880060195922852,
            1.4084663391113281
          ],
          [
            0.0,
            0.0,
            0.0,
            1.0
          ]
        ]
      },
      "bone_length_armature_space": 0.2679694819117848,
      "parent": "spine_01",
      "has_children": true,
      "is_end_bone": false
    },
    "lowerarm_l": {
      "name": "lowerarm_l",
      "local": {
        "location": {
          "x": 0.0,
          "y": 0.0,
          "z": 0.0
        },
        "rotation_quaternion": {
          "w": 0.9632984399795532,
          "x": -0.041125886142253876,
          "y": -0.08606115728616714,
          "z": 0.2509151101112366
        },
        "scale": {
          "x": 1.0,
          "y": 1.0,
          "z": 1.0
        },
        "matrix_basis": [
          [
            0.8592701554298401,
            -0.4763335883617401,
            -0.18644337356090546,
            0.0
          ],
          [
            0.49049094319343567,
            0.8707005381584167,
            0.03604491427540779,
            0.0
          ],
          [
            0.14516694843769073,
            -0.12242109328508377,
            0.9818042516708374,
            0.0
          ],
          [
            0.0,
            0.0,
            0.0,
            1.0
          ]
        ],
        "rotation_mode": "QUATERNION"
      },
      "armature_space": {
        "head": {
          "x": 0.4916965961456299,
          "y": -0.08610548079013824,
          "z": 0.41307908296585083
        },
        "tail": {
          "x": 0.7401381731033325,
          "y": -0.08593759685754776,
          "z": 0.5123071670532227
        }
      },
      "world_space": {
        "head": {
          "x": 0.4916965961456299,
          "y": -0.022861480712890625,
          "z": 1.3629331588745117
        },
        "tail": {
          "x": 0.7401381731033325,
          "y": -0.02269359678030014,
          "z": 1.4621611833572388
        },
        "rotation_quaternion": {
          "w": 0.6211607456207275,
          "x": 0.5442578196525574,
          "y": 0.3383381962776184,
          "z": -0.4510767161846161
        },
        "matrix": [
          [
            0.36411362886428833,
            0.9286684989929199,
            -0.07067931443452835,
            0.4916965961456299
          ],
          [
            -0.19209866225719452,
            0.0006275400519371033,
            -0.9813755750656128,
            -0.022861480712890625
          ],
          [
            -0.9113349318504333,
            0.3709122836589813,
            0.17862488329410553,
            1.3629331588745117
          ],
          [
            0.0,
            0.0,
            0.0,
            1.0
          ]
        ]
      },
      "bone_length_armature_space": 0.26752468651607203,
      "parent": "upperarm_l",
      "has_children": true,
      "is_end_bone": false
    },
    "metacarpal_thumb_l": {
      "name": "metacarpal_thumb_l",
      "local": {
        "location": {
          "x": 0.0,
          "y": 0.0,
          "z": 0.0
        },
        "rotation_quaternion": {
          "w": 0.9984312057495117,
          "x": -0.055414631962776184,
          "y": -0.007750371936708689,
          "z": 0.002080219332128763
        },
        "scale": {
          "x": 1.0,
          "y": 1.0,
          "z": 1.0
        },
        "matrix_basis": [
          [
            0.9998711943626404,
            -0.003294943831861019,
            -0.015706975013017654,
            0.0
          ],
          [
            0.005012879613786936,
            0.9938497543334961,
            0.11062315106391907,
            0.0
          ],
          [
            0.015245877206325531,
            -0.11068764328956604,
            0.9937382936477661,
            0.0
          ],
          [
            0.0,
            0.0,
            0.0,
            1.0
          ]
        ],
        "rotation_mode": "QUATERNION"
      },
      "armature_space": {
        "head": {
          "x": 0.7401381731033325,
          "y": -0.08593759685754776,
          "z": 0.5123071670532227
        },
        "tail": {
          "x": 0.7762666940689087,
          "y": -0.11541969329118729,
          "z": 0.5290140509605408
        }
      },
      "world_space": {
        "head": {
          "x": 0.7401381731033325,
          "y": -0.02269359678030014,
          "z": 1.4621611833572388
        },
        "tail": {
          "x": 0.7762666940689087,
          "y": -0.05217569321393967,
          "z": 1.478868007659912
        },
        "rotation_quaternion": {
          "w": 0.15546512603759766,
          "x": 0.8902045488357544,
          "y": 0.4221777021884918,
          "z": 0.0716409981250763
        },
        "matrix": [
          [
            0.6332666873931885,
            0.7293734550476074,
            0.25881850719451904,
            0.7401381731033325
          ],
          [
            0.773924708366394,
            -0.5951930284500122,
            -0.21630063652992249,
            -0.02269359678030014
          ],
          [
            -0.0037163132801651955,
            0.3372838497161865,
            -0.9414030909538269,
            1.4621611833572388
          ],
          [
            0.0,
            0.0,
            0.0,
            1.0
          ]
        ]
      },
      "bone_length_armature_space": 0.0495336649365984,
      "parent": "lowerarm_l",
      "has_children": true,
      "is_end_bone": false
    },
    "thumb_01_l": {
      "name": "thumb_01_l",
      "local": {
        "location": {
          "x": 0.0,
          "y": 0.0,
          "z": 0.0
        },
        "rotation_quaternion": {
          "w": 0.9609068036079407,
          "x": 0.27667486667633057,
          "y": 0.004515877924859524,
          "z": 0.009432410821318626
        },
        "scale": {
          "x": 1.0,
          "y": 1.0,
          "z": 1.0
        },
        "matrix_basis": [
          [
            0.9997812509536743,
            -0.015628475695848465,
            0.013898097909986973,
            0.0
          ],
          [
            0.020626194775104523,
            0.8467240929603577,
            -0.5316323041915894,
            0.0
          ],
          [
            -0.003459253581240773,
            0.5318027138710022,
            0.8468612432479858,
            0.0
          ],
          [
            0.0,
            0.0,
            0.0,
            1.0
          ]
        ],
        "rotation_mode": "QUATERNION"
      },
      "armature_space": {
        "head": {
          "x": 0.7762666940689087,
          "y": -0.11541969329118729,
          "z": 0.5290140509605408
        },
        "tail": {
          "x": 0.8061606884002686,
          "y": -0.12124154716730118,
          "z": 0.5138126611709595
        }
      },
      "world_space": {
        "head": {
          "x": 0.7762666940689087,
          "y": -0.05217569321393967,
          "z": 1.478868007659912
        },
        "tail": {
          "x": 0.8061606884002686,
          "y": -0.05799754709005356,
          "z": 1.4636666774749756
        },
        "rotation_quaternion": {
          "w": 0.5966280698776245,
          "x": -0.5777056813240051,
          "y": -0.24190250039100647,
          "z": -0.5017711520195007
        },
        "matrix": [
          [
            0.3794155716896057,
            0.8782385587692261,
            0.29110196232795715,
            0.7762666940689087
          ],
          [
            -0.3192472457885742,
            -0.1710369884967804,
            0.9321092367172241,
            -0.05217569321393967
          ],
          [
            0.868409276008606,
            -0.4465937614440918,
            0.215483620762825,
            1.478868007659912
          ],
          [
            0.0,
            0.0,
            0.0,
            1.0
          ]
        ]
      },
      "bone_length_armature_space": 0.03403861269099003,
      "parent": "metacarpal_thumb_l",
      "has_children": true,
      "is_end_bone": false
    },
    "thumb_02_l": {
      "name": "thumb_02_l",
      "local": {
        "location": {
          "x": 0.0,
          "y": 0.0,
          "z": 0.0
        },
        "rotation_quaternion": {
          "w": 0.8756501078605652,
          "x": 0.48290783166885376,
          "y": 0.006075885612517595,
          "z": 0.00018603533681016415
        },
        "scale": {
          "x": 1.0,
          "y": 1.0,
          "z": 1.0
        },
        "matrix_basis": [
          [
            0.9999260902404785,
            0.005542381666600704,
            0.010820375755429268,
            0.0
          ],
          [
            0.006193989422172308,
            0.5335999727249146,
            -0.8457143306732178,
            0.0
          ],
          [
            -0.010461024008691311,
            0.8457188606262207,
            0.5335262417793274,
            0.0
          ],
          [
            0.0,
            0.0,
            0.0,
            1.0
          ]
        ],
        "rotation_mode": "QUATERNION"
      },
      "armature_space": {
        "head": {
          "x": 0.8061606884002686,
          "y": -0.12124157696962357,
          "z": 0.5138126015663147
        },
        "tail": {
          "x": 0.8060640692710876,
          "y": -0.10016611218452454,
          "z": 0.5480034351348877
        }
      },
      "world_space": {
        "head": {
          "x": 0.8061606884002686,
          "y": -0.057997576892375946,
          "z": 1.4636666774749756
        },
        "tail": {
          "x": 0.8060640692710876,
          "y": -0.036922112107276917,
          "z": 1.4978574514389038
        },
        "rotation_quaternion": {
          "w": 0.6171843409538269,
          "x": 0.34555089473724365,
          "y": -0.6176151633262634,
          "z": -0.3438456952571869
        },
        "matrix": [
          [
            0.0006418456323444843,
            -0.0024055540561676025,
            -0.999996542930603,
            0.8061606884002686
          ],
          [
            -0.8512668609619141,
            0.5247299671173096,
            -0.0018087774515151978,
            -0.057997576892375946
          ],
          [
            0.5247355103492737,
            0.8512718081474304,
            -0.0017108023166656494,
            1.4636666774749756
          ],
          [
            0.0,
            0.0,
            0.0,
            1.0
          ]
        ]
      },
      "bone_length_armature_space": 0.04016463167266111,
      "parent": "thumb_01_l",
      "has_children": true,
      "is_end_bone": false
    },
    "thumb_03_l": {
      "name": "thumb_03_l",
      "local": {
        "location": {
          "x": 0.0,
          "y": 0.0,
          "z": 0.0
        },
        "rotation_quaternion": {
          "w": 0.9916604161262512,
          "x": 0.1288311779499054,
          "y": 0.003232051618397236,
          "z": 0.0013201815309002995
        },
        "scale": {
          "x": 1.0,
          "y": 1.0,
          "z": 1.0
        },
        "matrix_basis": [
          [
            0.9999756217002869,
            -0.001785565516911447,
            0.0067503564059734344,
            0.0
          ],
          [
            0.0034511215053498745,
            0.9668015837669373,
            -0.2555050253868103,
            0.0
          ],
          [
            -0.006070034112781286,
            0.25552210211753845,
            0.9667841792106628,
            0.0
          ],
          [
            0.0,
            0.0,
            0.0,
            1.0
          ]
        ],
        "rotation_mode": "QUATERNION"
      },
      "armature_space": {
        "head": {
          "x": 0.8060641288757324,
          "y": -0.10016617923974991,
          "z": 0.5480034351348877
        },
        "tail": {
          "x": 0.7909945249557495,
          "y": -0.08480193465948105,
          "z": 0.5695381760597229
        }
      },
      "world_space": {
        "head": {
          "x": 0.8060641288757324,
          "y": -0.03692217916250229,
          "z": 1.4978574514389038
        },
        "tail": {
          "x": 0.7909945249557495,
          "y": -0.02155793458223343,
          "z": 1.5193922519683838
        },
        "rotation_quaternion": {
          "w": 0.6520462036132812,
          "x": 0.49468350410461426,
          "y": -0.5719843506813049,
          "z": -0.054386451840400696
        },
        "matrix": [
          [
            0.33975279331207275,
            -0.4949806332588196,
            -0.7997260689735413,
            0.8060641288757324
          ],
          [
            -0.636827290058136,
            0.5046576857566833,
            -0.5828993916511536,
            -0.03692217916250229
          ],
          [
            0.6921160221099854,
            0.7073347568511963,
            -0.1437598168849945,
            1.4978574514389038
          ],
          [
            0.0,
            0.0,
            0.0,
            1.0
          ]
        ]
      },
      "bone_length_armature_space": 0.030445000175504403,
      "parent": "thumb_02_l",
      "has_children": false,
      "is_end_bone": true
    },
    "metacarpal_index_l": {
      "name": "metacarpal_index_l",
      "local": {
        "location": {
          "x": 0.0,
          "y": 0.0,
          "z": 0.0
        },
        "rotation_quaternion": {
          "w": 0.9997435212135315,
          "x": -0.017716553062200546,
          "y": -0.009833465330302715,
          "z": -0.010122532024979591
        },
        "scale": {
          "x": 1.0,
          "y": 1.0,
          "z": 1.0
        },
        "matrix_basis": [
          [
            0.9996016621589661,
            0.020588301122188568,
            -0.01930321380496025,
            0.0
          ],
          [
            -0.019891440868377686,
            0.9991673231124878,
            0.03562309592962265,
            0.0
          ],
          [
            0.020020559430122375,
            -0.03522494062781334,
            0.9991788268089294,
            0.0
          ],
          [
            0.0,
            0.0,
            0.0,
            1.0
          ]
        ],
        "rotation_mode": "QUATERNION"
      },
      "armature_space": {
        "head": {
          "x": 0.7401381731033325,
          "y": -0.08593759685754776,
          "z": 0.5123071670532227
        },
        "tail": {
          "x": 0.8440717458724976,
          "y": -0.11763539910316467,
          "z": 0.5561511516571045
        }
      },
      "world_space": {
        "head": {
          "x": 0.7401381731033325,
          "y": -0.02269359678030014,
          "z": 1.4621611833572388
        },
        "tail": {
          "x": 0.8440717458724976,
          "y": -0.05439139902591705,
          "z": 1.5060051679611206
        },
        "rotation_quaternion": {
          "w": 0.34920215606689453,
          "x": 0.7782829403877258,
          "y": 0.4927421808242798,
          "z": -0.17186832427978516
        },
        "matrix": [
          [
            0.45533180236816406,
            0.8870192766189575,
            0.07661107182502747,
            0.7401381731033325
          ],
          [
            0.6469534635543823,
            -0.2705243229866028,
            -0.7129292488098145,
            -0.02269359678030014
          ],
          [
            -0.6116605997085571,
            0.37418562173843384,
            -0.6970441341400146,
            1.4621611833572388
          ],
          [
            0.0,
            0.0,
            0.0,
            1.0
          ]
        ]
      },
      "bone_length_armature_space": 0.11717181249759424,
      "parent": "lowerarm_l",
      "has_children": true,
      "is_end_bone": false
    },
    "index_01_l": {
      "name": "index_01_l",
      "local": {
        "location": {
          "x": 0.0,
          "y": 0.0,
          "z": 0.0
        },
        "rotation_quaternion": {
          "w": 0.953287661075592,
          "x": 0.30121850967407227,
          "y": -0.019266560673713684,
          "z": -0.01178189367055893
        },
        "scale": {
          "x": 1.0,
          "y": 1.0,
          "z": 1.0
        },
        "matrix_basis": [
          [
            0.9989799857139587,
            0.01085617858916521,
            -0.0438309982419014,
            0.0
          ],
          [
            -0.034069955348968506,
            0.818257212638855,
            -0.5738418102264404,
            0.0
          ],
          [
            0.029635300859808922,
            0.574749767780304,
            0.8177924156188965,
            0.0
          ],
          [
            0.0,
            0.0,
            0.0,
            1.0
          ]
        ],
        "rotation_mode": "QUATERNION"
      },
      "armature_space": {
        "head": {
          "x": 0.8440717458724976,
          "y": -0.11763539910316467,
          "z": 0.5561511516571045
        },
        "tail": {
          "x": 0.8701860904693604,
          "y": -0.1273956596851349,
          "z": 0.550163745880127
        }
      },
      "world_space": {
        "head": {
          "x": 0.8440717458724976,
          "y": -0.05439139902591705,
          "z": 1.5060051679611206
        },
        "tail": {
          "x": 0.8701860904693604,
          "y": -0.06415165960788727,
          "z": 1.500017762184143
        },
        "rotation_quaternion": {
          "w": 0.1500401347875595,
          "x": 0.7227984070777893,
          "y": 0.5534802079200745,
          "z": -0.3856295347213745
        },
        "matrix": [
          [
            0.0898975357413292,
            0.915830135345459,
            -0.39137357473373413,
            0.8440717458724976
          ],
          [
            0.6843888759613037,
            -0.3422926664352417,
            -0.6437762975692749,
            -0.05439139902591705
          ],
          [
            -0.7235586047172546,
            -0.20997954905033112,
            -0.657560408115387,
            1.5060051679611206
          ],
          [
            0.0,
            0.0,
            0.0,
            1.0
          ]
        ]
      },
      "bone_length_armature_space": 0.028514394469238858,
      "parent": "metacarpal_index_l",
      "has_children": true,
      "is_end_bone": false
    },
    "index_02_l": {
      "name": "index_02_l",
      "local": {
        "location": {
          "x": 0.0,
          "y": 0.0,
          "z": 0.0
        },
        "rotation_quaternion": {
          "w": 0.8988366723060608,
          "x": 0.43824952840805054,
          "y": -0.004845100920647383,
          "z": -0.002572030760347843
        },
        "scale": {
          "x": 1.0,
          "y": 1.0,
          "z": 1.0
        },
        "matrix_basis": [
          [
            0.9999397993087769,
            0.0003769447503145784,
            -0.010964291170239449,
            0.0
          ],
          [
            -0.008870397694408894,
            0.6158614754676819,
            -0.7878045439720154,
            0.0
          ],
          [
            0.0064555262215435505,
            0.7878544330596924,
            0.615827739238739,
            0.0
          ],
          [
            0.0,
            0.0,
            0.0,
            1.0
          ]
        ],
        "rotation_mode": "QUATERNION"
      },
      "armature_space": {
        "head": {
          "x": 0.8701862692832947,
          "y": -0.12739615142345428,
          "z": 0.5501636266708374
        },
        "tail": {
          "x": 0.8775679469108582,
          "y": -0.14622926712036133,
          "z": 0.5343864560127258
        }
      },
      "world_space": {
        "head": {
          "x": 0.8701862692832947,
          "y": -0.06415215134620667,
          "z": 1.5000176429748535
        },
        "tail": {
          "x": 0.8775679469108582,
          "y": -0.08298526704311371,
          "z": 1.4842405319213867
        },
        "rotation_quaternion": {
          "w": 0.14707185328006744,
          "x": -0.701302170753479,
          "y": -0.3336152136325836,
          "z": 0.6125733256340027
        },
        "matrix": [
          [
            0.02690950781106949,
            0.28774869441986084,
            -0.9573276042938232,
            0.8701862692832947
          ],
          [
            0.6481150984764099,
            -0.7341408133506775,
            -0.20244649052619934,
            -0.06415215134620667
          ],
          [
            -0.7610716819763184,
            -0.6150157451629639,
            -0.2062513530254364,
            1.5000176429748535
          ],
          [
            0.0,
            0.0,
            0.0,
            1.0
          ]
        ]
      },
      "bone_length_armature_space": 0.025653353548240776,
      "parent": "index_01_l",
      "has_children": true,
      "is_end_bone": false
    },
    "index_03_l": {
      "name": "index_03_l",
      "local": {
        "location": {
          "x": 0.0,
          "y": 0.0,
          "z": 0.0
        },
        "rotation_quaternion": {
          "w": 0.9313265681266785,
          "x": 0.3640812635421753,
          "y": -0.00749420840293169,
          "z": 0.004415261559188366
        },
        "scale": {
          "x": 1.0,
          "y": 1.0,
          "z": 1.0
        },
        "matrix_basis": [
          [
            0.9998486638069153,
            -0.01368110254406929,
            -0.010744082741439342,
            0.0
          ],
          [
            0.002767099067568779,
            0.7348507046699524,
            -0.6782233119010925,
            0.0
          ],
          [
            0.017174139618873596,
            0.6780909299850464,
            0.7347773313522339,
            0.0
          ],
          [
            0.0,
            0.0,
            0.0,
            1.0
          ]
        ],
        "rotation_mode": "QUATERNION"
      },
      "armature_space": {
        "head": {
          "x": 0.8775680661201477,
          "y": -0.14622923731803894,
          "z": 0.5343865156173706
        },
        "tail": {
          "x": 0.862567663192749,
          "y": -0.16302497684955597,
          "z": 0.5157685875892639
        }
      },
      "world_space": {
        "head": {
          "x": 0.8775680661201477,
          "y": -0.08298523724079132,
          "z": 1.4842405319213867
        },
        "tail": {
          "x": 0.862567663192749,
          "y": -0.09978097677230835,
          "z": 1.4656226634979248
        },
        "rotation_quaternion": {
          "w": 0.4522857367992401,
          "x": -0.5696762800216675,
          "y": -0.08956741541624069,
          "z": 0.6803560256958008
        },
        "matrix": [
          [
            0.05818822979927063,
            -0.5133845806121826,
            -0.8561832904815674,
            0.8775680661201477
          ],
          [
            0.7174797654151917,
            -0.5748286843299866,
            0.3934403359889984,
            -0.08298523724079132
          ],
          [
            -0.6941490769386292,
            -0.637192964553833,
            0.33489754796028137,
            1.4842405319213867
          ],
          [
            0.0,
            0.0,
            0.0,
            1.0
          ]
        ]
      },
      "bone_length_armature_space": 0.029218764535003376,
      "parent": "index_02_l",
      "has_children": false,
      "is_end_bone": true
    },
    "metacarpal_pinky_l": {
      "name": "metacarpal_pinky_l",
      "local": {
        "location": {
          "x": 0.0,
          "y": 0.0,
          "z": 0.0
        },
        "rotation_quaternion": {
          "w": 0.9986065030097961,
          "x": -0.048507679253816605,
          "y": 0.014332548715174198,
          "z": 0.015060422010719776
        },
        "scale": {
          "x": 1.0,
          "y": 1.0,
          "z": 1.0
        },
        "matrix_basis": [
          [
            0.9991354942321777,
            -0.031469348818063736,
            0.02716406062245369,
            0.0
          ],
          [
            0.028688393533229828,
            0.9948403835296631,
            0.09731187671422958,
            0.0
          ],
          [
            -0.030086245387792587,
            -0.09644845873117447,
            0.9948831796646118,
            0.0
          ],
          [
            0.0,
            0.0,
            0.0,
            1.0
          ]
        ],
        "rotation_mode": "QUATERNION"
      },
      "armature_space": {
        "head": {
          "x": 0.7401381731033325,
          "y": -0.08593759685754776,
          "z": 0.5123071670532227
        },
        "tail": {
          "x": 0.8361253142356873,
          "y": -0.051340218633413315,
          "z": 0.5331087112426758
        }
      },
      "world_space": {
        "head": {
          "x": 0.7401381731033325,
          "y": -0.02269359678030014,
          "z": 1.4621611833572388
        },
        "tail": {
          "x": 0.8361253142356873,
          "y": 0.011903781443834305,
          "z": 1.482962727546692
        },
        "rotation_quaternion": {
          "w": 0.8139078617095947,
          "x": 0.08007298409938812,
          "y": -0.060653842985630035,
          "z": -0.5722443461418152
        },
        "matrix": [
          [
            0.3377145528793335,
            0.9217944741249084,
            -0.1903764009475708,
            0.7401381731033325
          ],
          [
            -0.9412219524383545,
            0.33224937319755554,
            -0.06092500314116478,
            -0.02269359678030014
          ],
          [
            0.007091367617249489,
            0.1997634768486023,
            0.9798257350921631,
            1.4621611833572388
          ],
          [
            0.0,
            0.0,
            0.0,
            1.0
          ]
        ]
      },
      "bone_length_armature_space": 0.10413075544564439,
      "parent": "lowerarm_l",
      "has_children": true,
      "is_end_bone": false
    },
    "pinky_01_l": {
      "name": "pinky_01_l",
      "local": {
        "location": {
          "x": 0.0,
          "y": 0.0,
          "z": 0.0
        },
        "rotation_quaternion": {
          "w": 0.9439977407455444,
          "x": 0.32951289415359497,
          "y": 0.001445310888811946,
          "z": 0.016956446692347527
        },
        "scale": {
          "x": 1.0,
          "y": 1.0,
          "z": 1.0
        },
        "matrix_basis": [
          [
            0.9994207620620728,
            -0.031061196699738503,
            0.013903476297855377,
            0.0
          ],
          [
            0.032966192811727524,
            0.7822674512863159,
            -0.6220698356628418,
            0.0
          ],
          [
            0.008445994928479195,
            0.6221678853034973,
            0.7828383445739746,
            0.0
          ],
          [
            0.0,
            0.0,
            0.0,
            1.0
          ]
        ],
        "rotation_mode": "QUATERNION"
      },
      "armature_space": {
        "head": {
          "x": 0.8361253142356873,
          "y": -0.051340218633413315,
          "z": 0.5331087112426758
        },
