{
  "metadata": {
    "armature_name": "KIM_caucasian_male",
    "export_time": "2026-01-13T21:04:23.378737",
    "blender_version": "4.4.1",
    "bone_count": 56,
    "end_bone_count": 13,
    "spaces_included": [
      "LOCAL_CHANNELS",
      "ARMATURE_SPACE",
      "WORLD_SPACE"
    ],
    "note": "LOCAL matches Transform panel; replay pose via local.matrix_basis for best fidelity."
  },
  "bones": {
    "Root": {
      "name": "Root",
      "local": {
        "location": {
          "x": 0.0,
          "y": 0.0,
          "z": 0.0
        },
        "rotation_quaternion": {
          "w": 0.9998275637626648,
          "x": 0.005201014224439859,
          "y": 0.016894515603780746,
          "z": 0.005694520194083452
        },
        "scale": {
          "x": 1.0,
          "y": 1.0,
          "z": 1.0
        },
        "matrix_basis": [
          [
            0.9993643164634705,
            -0.011211339384317398,
            0.03384244069457054,
            0.0
          ],
          [
            0.011562814004719257,
            0.9998810291290283,
            -0.010207822546362877,
            0.0
          ],
          [
            -0.033723969012498856,
            0.010592646896839142,
            0.99937504529953,
            0.0
          ],
          [
            0.0,
            0.0,
            0.0,
            1.0
          ]
        ],
        "rotation_mode": "QUATERNION"
      },
      "armature_space": {
        "head": {
          "x": 0.0,
          "y": 0.07072800397872925,
          "z": -0.009595036506652832
        },
        "tail": {
          "x": -0.0008002190734259784,
          "y": -9.322166442871094e-05,
          "z": -0.0007503433153033257
        }
      },
      "world_space": {
        "head": {
          "x": 0.0,
          "y": 0.13397200405597687,
          "z": 0.9402589797973633
        },
        "tail": {
          "x": -0.0008002190734259784,
          "y": 0.06315077841281891,
          "z": 0.9491036534309387
        },
        "rotation_quaternion": {
          "w": 0.062166839838027954,
          "x": 0.9979065656661987,
          "y": -0.004543435759842396,
          "z": 0.0172397643327713
        },
        "matrix": [
          [
            0.9993643164634705,
            -0.011211339384317398,
            0.03384244069457054,
            0.0
          ],
          [
            -0.006924357730895281,
            -0.9922292232513428,
            -0.1242305114865303,
            0.13397200405597687
          ],
          [
            0.03497248515486717,
            0.12391713261604309,
            -0.9916831254959106,
            0.9402589797973633
          ],
          [
            0.0,
            0.0,
            0.0,
            1.0
          ]
        ]
      },
      "bone_length_armature_space": 0.07137587168405402,
      "parent": null,
      "has_children": true,
      "is_end_bone": false
    },
    "spine_01": {
      "name": "spine_01",
      "local": {
        "location": {
          "x": 0.0,
          "y": 0.0,
          "z": 0.0
        },
        "rotation_quaternion": {
          "w": 0.996937096118927,
          "x": -0.047345761209726334,
          "y": 0.05871943011879921,
          "z": 0.020665904507040977
        },
        "scale": {
          "x": 1.0,
          "y": 1.0,
          "z": 1.0
        },
        "matrix_basis": [
          [
            0.9922499060630798,
            -0.04676544666290283,
            0.11512227356433868,
            0.0
          ],
          [
            0.035644982010126114,
            0.9946625828742981,
            0.09682846814393997,
            0.0
          ],
          [
            -0.11903604120016098,
            -0.09197451174259186,
            0.9886208176612854,
            0.0
          ],
          [
            0.0,
            0.0,
            0.0,
            1.0
          ]
        ],
        "rotation_mode": "QUATERNION"
      },
      "armature_space": {
        "head": {
          "x": -0.0008002190734259784,
          "y": -9.322166442871094e-05,
          "z": -0.0007503433153033257
        },
        "tail": {
          "x": -0.04008171707391739,
          "y": 0.06261684000492096,
          "z": 0.4816114902496338
        }
      },
      "world_space": {
        "head": {
          "x": -0.0008002190734259784,
          "y": 0.06315077841281891,
          "z": 0.9491036534309387
        },
        "tail": {
          "x": -0.04008171707391739,
          "y": 0.12586084008216858,
          "z": 1.43146550655365
        },
        "rotation_quaternion": {
          "w": 0.7510626912117004,
          "x": 0.6569501757621765,
          "y": 0.012515382841229439,
          "z": 0.06453429162502289
        },
        "matrix": [
          [
            0.9913573861122131,
            -0.08049467206001282,
            0.10359179973602295,
            -0.0008002190734259784
          ],
          [
            0.11338307708501816,
            0.12850390374660492,
            -0.9852060675621033,
            0.06315077841281891
          ],
          [
            0.06599245220422745,
            0.9884438514709473,
            0.13652008771896362,
            0.9491036534309387
          ],
          [
            0.0,
            0.0,
            0.0,
            1.0
          ]
        ]
      },
      "bone_length_armature_space": 0.48800462886150014,
      "parent": "Root",
      "has_children": true,
      "is_end_bone": false
    },
    "neck_01": {
      "name": "neck_01",
      "local": {
        "location": {
          "x": 0.0,
          "y": 0.0,
          "z": 0.0
        },
        "rotation_quaternion": {
          "w": 0.9935619235038757,
          "x": -0.07516833394765854,
          "y": -0.08295389264822006,
          "z": 0.017415395006537437
        },
        "scale": {
          "x": 1.0,
          "y": 1.0,
          "z": 1.0
        },
        "matrix_basis": [
          [
            0.9856306910514832,
            -0.0221355352550745,
            -0.16745783388614655,
            0.0
          ],
          [
            0.04707755893468857,
            0.988092839717865,
            0.14647944271564484,
            0.0
          ],
          [
            0.1622214913368225,
            -0.15225814282894135,
            0.9749367237091064,
            0.0
          ],
          [
            0.0,
            0.0,
            0.0,
            1.0
          ]
        ],
        "rotation_mode": "QUATERNION"
      },
      "armature_space": {
        "head": {
          "x": -0.04238280653953552,
          "y": 0.03785832226276398,
          "z": 0.5587183833122253
        },
        "tail": {
          "x": -0.05013539269566536,
          "y": 0.026722414419054985,
          "z": 0.6603385210037231
        }
      },
      "world_space": {
        "head": {
          "x": -0.04238280653953552,
          "y": 0.1011023223400116,
          "z": 1.5085723400115967
        },
        "tail": {
          "x": -0.05013539269566536,
          "y": 0.08996641635894775,
          "z": 1.6101925373077393
        },
        "rotation_quaternion": {
          "w": 0.6660969257354736,
          "x": 0.7444899678230286,
          "y": -0.04477217048406601,
          "z": 0.0067215124145150185
        },
        "matrix": [
          [
            0.995900571346283,
            -0.07561925053596497,
            -0.049637459218502045,
            -0.04238280653953552
          ],
          [
            -0.05771096050739288,
            -0.10862039029598236,
            -0.9924067854881287,
            0.1011023223400116
          ],
          [
            0.06965383887290955,
            0.9912098050117493,
            -0.11254087090492249,
            1.5085723400115967
          ],
          [
            0.0,
            0.0,
            0.0,
            1.0
          ]
        ]
      },
      "bone_length_armature_space": 0.1025220162656974,
      "parent": "spine_01",
      "has_children": true,
      "is_end_bone": false
    },
    "head": {
      "name": "head",
      "local": {
        "location": {
          "x": 0.0,
          "y": 0.0,
          "z": 0.0
        },
        "rotation_quaternion": {
          "w": 0.9610326290130615,
          "x": -0.1379699856042862,
          "y": 0.02949838899075985,
          "z": -0.2377193719148636
        },
        "scale": {
          "x": 1.0,
          "y": 1.0,
          "z": 1.0
        },
        "matrix_basis": [
          [
            0.8852387070655823,
            0.4487723708152771,
            0.1222941055893898,
            0.0
          ],
          [
            -0.46505191922187805,
            0.8489075899124146,
            0.25116264820098877,
            0.0
          ],
          [
            0.008898448199033737,
            -0.27921199798583984,
            0.9601882696151733,
            0.0
          ],
          [
            0.0,
            0.0,
            0.0,
            1.0
          ]
        ],
        "rotation_mode": "QUATERNION"
      },
      "armature_space": {
        "head": {
          "x": -0.05013539642095566,
          "y": 0.026722267270088196,
          "z": 0.6603384613990784
        },
        "tail": {
          "x": 0.01547648012638092,
          "y": 0.09817925840616226,
          "z": 0.7813433408737183
        }
      },
      "world_space": {
        "head": {
          "x": -0.05013539642095566,
          "y": 0.08996626734733582,
          "z": 1.6101925373077393
        },
        "tail": {
          "x": 0.01547648012638092,
          "y": 0.16142326593399048,
          "z": 1.7311973571777344
        },
        "rotation_quaternion": {
          "w": 0.8456190228462219,
          "x": 0.487488716840744,
          "y": 0.1236952468752861,
          "z": -0.1788368970155716
        },
        "matrix": [
          [
            0.905433714389801,
            0.4230561852455139,
            0.03483457863330841,
            -0.05013539642095566
          ],
          [
            -0.18185767531394958,
            0.4607446789741516,
            -0.8687015175819397,
            0.08996626734733582
          ],
          [
            -0.38356223702430725,
            0.7802225351333618,
            0.49411237239837646,
            1.6101925373077393
          ],
          [
            0.0,
            0.0,
            0.0,
            1.0
          ]
        ]
      },
      "bone_length_armature_space": 0.15509094454341488,
      "parent": "neck_01",
      "has_children": false,
      "is_end_bone": true
    },
    "upperarm_l": {
      "name": "upperarm_l",
      "local": {
        "location": {
          "x": 0.0,
          "y": 0.0,
          "z": 0.0
        },
        "rotation_quaternion": {
          "w": 0.8641231060028076,
          "x": 0.4967000484466553,
          "y": 0.05755510926246643,
          "z": -0.05716369301080704
        },
        "scale": {
          "x": 1.0,
          "y": 1.0,
          "z": 1.0
        },
        "matrix_basis": [
          [
            0.9868394136428833,
            0.15596818923950195,
            0.04268298298120499,
            0.0
          ],
          [
            -0.041617684066295624,
            0.500042736530304,
            -0.8650001287460327,
            0.0
          ],
          [
            -0.1562558114528656,
            0.8518398404121399,
            0.49995294213294983,
            0.0
          ],
          [
            0.0,
            0.0,
            0.0,
            1.0
          ]
        ],
        "rotation_mode": "QUATERNION"
      },
      "armature_space": {
        "head": {
          "x": 0.1120610460639,
          "y": 0.04308737441897392,
          "z": 0.5026215314865112
        },
        "tail": {
          "x": 0.27958232164382935,
          "y": -0.1658170521259308,
          "z": 0.49246352910995483
        }
      },
      "world_space": {
        "head": {
          "x": 0.1120610460639,
          "y": 0.10633137822151184,
          "z": 1.4524755477905273
        },
        "tail": {
          "x": 0.27958232164382935,
          "y": -0.10257305204868317,
          "z": 1.4423174858093262
        },
        "rotation_quaternion": {
          "w": 0.21941882371902466,
          "x": 0.6688408255577087,
          "y": 0.24912568926811218,
          "z": -0.6651644110679626
        },
        "matrix": [
          [
            -0.009014874696731567,
            0.6251506805419922,
            -0.7804520726203918,
            0.1120610460639
          ],
          [
            0.04135121405124664,
            -0.7795830965042114,
            -0.6249322295188904,
            0.10633137822151184
          ],
          [
            -0.9991109371185303,
            -0.03790731728076935,
            -0.01882355287671089,
            1.4524755477905273
          ],
          [
            0.0,
            0.0,
            0.0,
            1.0
          ]
        ]
      },
      "bone_length_armature_space": 0.26796944061797123,
      "parent": "spine_01",
      "has_children": true,
      "is_end_bone": false
    },
    "lowerarm_l": {
      "name": "lowerarm_l",
      "local": {
        "location": {
          "x": 0.0,
          "y": 0.0,
          "z": 0.0
        },
        "rotation_quaternion": {
          "w": 0.9145478010177612,
          "x": 0.3866616487503052,
          "y": -0.0960138589143753,
          "z": 0.0698326975107193
        },
        "scale": {
          "x": 1.0,
          "y": 1.0,
          "z": 1.0
        },
        "matrix_basis": [
          [
            0.971809446811676,
            -0.20198042690753937,
            -0.12161527574062347,
            0.0
          ],
          [
            0.053480926901102066,
            0.6912323236465454,
            -0.7206509113311768,
            0.0
          ],
          [
            0.2296217828989029,
            0.6938313245773315,
            0.6825482249259949,
            0.0
          ],
          [
            0.0,
            0.0,
            0.0,
            1.0
          ]
        ],
        "rotation_mode": "QUATERNION"
      },
      "armature_space": {
        "head": {
          "x": 0.27958232164382935,
          "y": -0.16581717133522034,
          "z": 0.4924636483192444
        },
        "tail": {
          "x": 0.22571000456809998,
          "y": -0.41466614603996277,
          "z": 0.5745695233345032
        }
      },
      "world_space": {
        "head": {
          "x": 0.27958232164382935,
          "y": -0.10257317125797272,
          "z": 1.4423177242279053
        },
        "tail": {
          "x": 0.22571000456809998,
          "y": -0.35142213106155396,
          "z": 1.524423599243164
        },
        "rotation_quaternion": {
          "w": 0.017135510221123695,
          "x": 0.6119956970214844,
          "y": -0.1860397607088089,
          "z": -0.7684770226478577
        },
        "matrix": [
          [
            -0.25033584237098694,
            -0.2013733983039856,
            -0.946985125541687,
            0.27958232164382935
          ],
          [
            -0.2540479004383087,
            -0.9301913976669312,
            0.2649596631526947,
            -0.10257317125797272
          ],
          [
            -0.9342398643493652,
            0.30690979957580566,
            0.1817033439874649,
            1.4423177242279053
          ],
          [
            0.0,
            0.0,
            0.0,
            1.0
          ]
        ]
      },
      "bone_length_armature_space": 0.2675246059885823,
      "parent": "upperarm_l",
      "has_children": true,
      "is_end_bone": false
    },
    "metacarpal_thumb_l": {
      "name": "metacarpal_thumb_l",
      "local": {
        "location": {
          "x": 0.0,
          "y": 0.0,
          "z": 0.0
        },
        "rotation_quaternion": {
          "w": 0.9978464841842651,
          "x": -0.06320375204086304,
          "y": -0.00834699533879757,
          "z": 0.015430944040417671
        },
        "scale": {
          "x": 1.0,
          "y": 1.0,
          "z": 1.0
        },
        "matrix_basis": [
          [
            0.9993844032287598,
            -0.02974030375480652,
            -0.01860862784087658,
            0.0
          ],
          [
            0.03185055032372475,
            0.9915343523025513,
            0.12587767839431763,
            0.0
          ],
          [
            0.014707452617585659,
            -0.1263928860425949,
            0.9918712377548218,
            0.0
          ],
          [
            0.0,
            0.0,
            0.0,
            1.0
          ]
        ],
        "rotation_mode": "QUATERNION"
      },
      "armature_space": {
        "head": {
          "x": 0.22571000456809998,
          "y": -0.41466614603996277,
          "z": 0.5745695233345032
        },
        "tail": {
          "x": 0.18838950991630554,
          "y": -0.4435974061489105,
          "z": 0.5895278453826904
        }
      },
      "world_space": {
        "head": {
          "x": 0.22571000456809998,
          "y": -0.35142213106155396,
          "z": 1.524423599243164
        },
        "tail": {
          "x": 0.18838950991630554,
          "y": -0.3803533911705017,
          "z": 1.5393818616867065
        },
        "rotation_quaternion": {
          "w": 0.12794631719589233,
          "x": 0.8857964873313904,
          "y": -0.43771398067474365,
          "z": -0.08602887392044067
        },
        "matrix": [
          [
            0.6020107865333557,
            -0.753436803817749,
            -0.2644161283969879,
            0.22571000456809998
          ],
          [
            -0.7974650263786316,
            -0.5840723514556885,
            -0.15135625004768372,
            -0.35142213106155396
          ],
          [
            -0.04040179401636124,
            0.3019823431968689,
            -0.95246422290802,
            1.524423599243164
          ],
          [
            0.0,
            0.0,
            0.0,
            1.0
          ]
        ]
      },
      "bone_length_armature_space": 0.049533711500434986,
      "parent": "lowerarm_l",
      "has_children": true,
      "is_end_bone": false
    },
    "thumb_01_l": {
      "name": "thumb_01_l",
      "local": {
        "location": {
          "x": 0.0,
          "y": 0.0,
          "z": 0.0
        },
        "rotation_quaternion": {
          "w": 0.9991090297698975,
          "x": 0.03258464112877846,
          "y": -0.02080480568110943,
          "z": -0.016933266073465347
        },
        "scale": {
          "x": 1.0,
          "y": 1.0,
          "z": 1.0
        },
        "matrix_basis": [
          [
            0.9985608458518982,
            0.032480522990226746,
            -0.04267606884241104,
            0.0
          ],
          [
            -0.03519219160079956,
            0.9973030090332031,
            -0.0644066333770752,
            0.0
          ],
          [
            0.040469009429216385,
            0.06581580638885498,
            0.9970108270645142,
            0.0
          ],
          [
            0.0,
            0.0,
            0.0,
            1.0
          ]
        ],
        "rotation_mode": "QUATERNION"
      },
      "armature_space": {
        "head": {
          "x": 0.18838950991630554,
          "y": -0.4435974061489105,
          "z": 0.5895278453826904
        },
        "tail": {
          "x": 0.1630929559469223,
          "y": -0.45949751138687134,
          "z": 0.5732213854789734
        }
      },
      "world_space": {
        "head": {
          "x": 0.18838950991630554,
          "y": -0.3803533911705017,
          "z": 1.5393818616867065
        },
        "tail": {
          "x": 0.1630929559469223,
          "y": -0.3962535262107849,
          "z": 1.5230753421783447
        },
        "rotation_quaternion": {
          "w": 0.14977893233299255,
          "x": 0.554256796836853,
          "y": -0.49396806955337524,
          "z": 0.652963399887085
        },
        "matrix": [
          [
            -0.3407326340675354,
            -0.7431728839874268,
            0.575843095779419,
            0.18838950991630554
          ],
          [
            -0.3519689440727234,
            -0.4671200215816498,
            -0.8111206293106079,
            -0.3803533911705017
          ],
          [
            0.8717963695526123,
            -0.4790579676628113,
            -0.10241217911243439,
            1.5393818616867065
          ],
          [
            0.0,
            0.0,
            0.0,
            1.0
          ]
        ]
      },
      "bone_length_armature_space": 0.034038648655417635,
      "parent": "metacarpal_thumb_l",
      "has_children": true,
      "is_end_bone": false
    },
    "thumb_02_l": {
      "name": "thumb_02_l",
      "local": {
        "location": {
          "x": 0.0,
          "y": 0.0,
          "z": 0.0
        },
        "rotation_quaternion": {
          "w": 0.9931214451789856,
          "x": 0.11647960543632507,
          "y": -0.009074434638023376,
          "z": 0.007743122987449169
        },
        "scale": {
          "x": 1.0,
          "y": 1.0,
          "z": 1.0
        },
        "matrix_basis": [
          [
            0.9997153878211975,
            -0.01749369688332081,
            -0.016220198944211006,
            0.0
          ],
          [
            0.01326574943959713,
            0.9727451205253601,
            -0.23149731755256653,
            0.0
          ],
          [
            0.019827863201498985,
            0.23121625185012817,
            0.972700297832489,
            0.0
          ],
          [
            0.0,
            0.0,
            0.0,
            1.0
          ]
        ],
        "rotation_mode": "QUATERNION"
      },
      "armature_space": {
        "head": {
          "x": 0.1630929559469223,
          "y": -0.45949745178222656,
          "z": 0.5732213854789734
        },
        "tail": {
          "x": 0.16178850829601288,
          "y": -0.49671459197998047,
          "z": 0.5882667899131775
        }
      },
      "world_space": {
        "head": {
          "x": 0.1630929559469223,
          "y": -0.39625346660614014,
          "z": 1.5230753421783447
        },
        "tail": {
          "x": 0.16178850829601288,
          "y": -0.43347060680389404,
          "z": 1.5381207466125488
        },
        "rotation_quaternion": {
          "w": 0.1043919175863266,
          "x": 0.4618264138698578,
          "y": 0.16059991717338562,
          "z": 0.8660405874252319
        },
        "matrix": [
          [
            -0.5516375303268433,
            -0.032477810978889465,
            0.8334513902664185,
            0.1630929559469223
          ],
          [
            0.32915425300598145,
            -0.9266199469566345,
            0.1817493438720703,
            -0.39625346660614014
          ],
          [
            0.7663955092430115,
            0.3745955228805542,
            0.5218521952629089,
            1.5230753421783447
          ],
          [
            0.0,
            0.0,
            0.0,
            1.0
          ]
        ]
      },
      "bone_length_armature_space": 0.04016442867597545,
      "parent": "thumb_01_l",
      "has_children": true,
      "is_end_bone": false
    },
    "thumb_03_l": {
      "name": "thumb_03_l",
      "local": {
        "location": {
          "x": 0.0,
          "y": 0.0,
          "z": 0.0
        },
        "rotation_quaternion": {
          "w": 0.9968854188919067,
          "x": 0.07866548001766205,
          "y": 0.005225473549216986,
          "z": 0.0019657956436276436
        },
        "scale": {
          "x": 1.0,
          "y": 1.0,
          "z": 1.0
        },
        "matrix_basis": [
          [
            0.9999376535415649,
            -0.003097217297181487,
            0.01072767749428749,
            0.0
          ],
          [
            0.004741474986076355,
            0.9876157641410828,
            -0.1568204015493393,
            0.0
          ],
          [
            -0.010109116323292255,
            0.15686148405075073,
            0.9875688552856445,
            0.0
          ],
          [
            0.0,
            0.0,
            0.0,
            1.0
          ]
        ],
        "rotation_mode": "QUATERNION"
      },
      "armature_space": {
        "head": {
          "x": 0.16178841888904572,
          "y": -0.4967145323753357,
          "z": 0.5882667303085327
        },
        "tail": {
          "x": 0.17299529910087585,
          "y": -0.521034836769104,
          "z": 0.6027519702911377
        }
      },
      "world_space": {
        "head": {
          "x": 0.16178841888904572,
          "y": -0.43347054719924927,
          "z": 1.5381207466125488
        },
        "tail": {
          "x": 0.17299529910087585,
          "y": -0.4577908515930176,
          "z": 1.5526059865951538
        },
        "rotation_quaternion": {
          "w": 0.10311120003461838,
          "x": -0.30493518710136414,
          "y": -0.2999214231967926,
          "z": -0.8980143070220947
        },
        "matrix": [
          [
            -0.7927654981613159,
            0.368103951215744,
            0.48582130670547485,
            0.16178841888904572
          ],
          [
            -0.002277899067848921,
            -0.7988302707672119,
            0.6015520691871643,
            -0.43347054719924927
          ],
          [
            0.6095266342163086,
            0.4757855236530304,
            0.6341285705566406,
            1.5381207466125488
          ],
          [
            0.0,
            0.0,
            0.0,
            1.0
          ]
        ]
      },
      "bone_length_armature_space": 0.030444926328448516,
      "parent": "thumb_02_l",
      "has_children": false,
      "is_end_bone": true
    },
    "metacarpal_index_l": {
      "name": "metacarpal_index_l",
      "local": {
        "location": {
          "x": 0.0,
          "y": 0.0,
          "z": 0.0
        },
        "rotation_quaternion": {
          "w": 0.9997833967208862,
          "x": -0.020349007099866867,
          "y": 0.0002855458587873727,
          "z": 0.004367159213870764
        },
        "scale": {
          "x": 1.0,
          "y": 1.0,
          "z": 1.0
        },
        "matrix_basis": [
          [
            0.9999616742134094,
            -0.008744047954678535,
            0.000393233320210129,
            0.0
          ],
          [
            0.008720804937183857,
            0.9991337060928345,
            0.040691692382097244,
            0.0
          ],
          [
            -0.0007487027323804796,
            -0.040686704218387604,
            0.9991716742515564,
            0.0
          ],
          [
            0.0,
            0.0,
            0.0,
            1.0
          ]
        ],
        "rotation_mode": "QUATERNION"
      },
      "armature_space": {
        "head": {
          "x": 0.22571000456809998,
          "y": -0.41466614603996277,
          "z": 0.5745695233345032
        },
        "tail": {
          "x": 0.17063359916210175,
          "y": -0.5103586912155151,
          "z": 0.613796591758728
        }
      },
      "world_space": {
        "head": {
          "x": 0.22571000456809998,
          "y": -0.35142213106155396,
          "z": 1.524423599243164
        },
        "tail": {
          "x": 0.17063359916210175,
          "y": -0.4471147060394287,
          "z": 1.5636506080627441
        },
        "rotation_quaternion": {
          "w": 0.06487758457660675,
          "x": 0.8767499327659607,
          "y": -0.2957153916358948,
          "z": -0.3737015724182129
        },
        "matrix": [
          [
            0.5457987189292908,
            -0.47004860639572144,
            -0.6936556696891785,
            0.22571000456809998
          ],
          [
            -0.5670269727706909,
            -0.81668621301651,
            0.10725690424442291,
            -0.35142213106155396
          ],
          [
            -0.616919755935669,
            0.3347824215888977,
            -0.7122812271118164,
            1.524423599243164
          ],
          [
            0.0,
            0.0,
            0.0,
            1.0
          ]
        ]
      },
      "bone_length_armature_space": 0.1171718264072059,
      "parent": "lowerarm_l",
      "has_children": true,
      "is_end_bone": false
    },
    "index_01_l": {
      "name": "index_01_l",
      "local": {
        "location": {
          "x": 0.0,
          "y": 0.0,
          "z": 0.0
        },
        "rotation_quaternion": {
          "w": 0.9965413808822632,
          "x": -0.08063962310552597,
          "y": 0.02006378024816513,
          "z": -0.0002669708919711411
        },
        "scale": {
          "x": 1.0,
          "y": 1.0,
          "z": 1.0
        },
        "matrix_basis": [
          [
            0.9991947412490845,
            -0.0027037763502448797,
            0.040031831711530685,
            0.0
          ],
          [
            -0.003767966525629163,
            0.9869943857192993,
            0.16071073710918427,
            0.0
          ],
          [
            -0.03994571790099144,
            -0.16073215007781982,
            0.9861893653869629,
            0.0
          ],
          [
            0.0,
            0.0,
            0.0,
            1.0
          ]
        ],
        "rotation_mode": "QUATERNION"
      },
      "armature_space": {
        "head": {
          "x": 0.17063359916210175,
          "y": -0.5103586912155151,
          "z": 0.613796591758728
        },
        "tail": {
          "x": 0.1694391816854477,
          "y": -0.5374824404716492,
          "z": 0.6225112080574036
        }
      },
      "world_space": {
        "head": {
          "x": 0.17063359916210175,
          "y": -0.4471147060394287,
          "z": 1.5636506080627441
        },
        "tail": {
          "x": 0.1694391816854477,
          "y": -0.47423845529556274,
          "z": 1.5723652839660645
        },
        "rotation_quaternion": {
          "w": 0.13533993065357208,
          "x": 0.9150442481040955,
          "y": -0.0778941735625267,
          "z": -0.37189990282058716
        },
        "matrix": [
          [
            0.7112460136413574,
            -0.041888073086738586,
            -0.701694130897522,
            0.17063359916210175
          ],
          [
            -0.2432192862033844,
            -0.9512313008308411,
            -0.18974609673023224,
            -0.4471147060394287
          ],
          [
            -0.6595301032066345,
            0.305622935295105,
            -0.6867521405220032,
            1.5636506080627441
          ],
          [
            0.0,
            0.0,
            0.0,
            1.0
          ]
        ]
      },
      "bone_length_armature_space": 0.028514364355426,
      "parent": "metacarpal_index_l",
      "has_children": true,
      "is_end_bone": false
    },
    "index_02_l": {
      "name": "index_02_l",
      "local": {
        "location": {
          "x": 0.0,
          "y": 0.0,
          "z": 0.0
        },
        "rotation_quaternion": {
          "w": 0.9759894013404846,
          "x": 0.21771717071533203,
          "y": 0.0013731587678194046,
          "z": -0.006487799342721701
        },
        "scale": {
          "x": 1.0,
          "y": 1.0,
          "z": 1.0
        },
        "matrix_basis": [
          [
            0.9999120235443115,
            0.013261967338621616,
            -0.0001446338283130899,
            0.0
          ],
          [
            -0.012066125869750977,
            0.9051142930984497,
            -0.42499712109565735,
            0.0
          ],
          [
            -0.005505387671291828,
            0.42496147751808167,
            0.9051946997642517,
            0.0
          ],
          [
            0.0,
            0.0,
            0.0,
            1.0
          ]
        ],
        "rotation_mode": "QUATERNION"
      },
      "armature_space": {
        "head": {
          "x": 0.16943877935409546,
          "y": -0.5374827980995178,
          "z": 0.6225112676620483
        },
        "tail": {
          "x": 0.16162188351154327,
          "y": -0.5619160532951355,
          "z": 0.6225546598434448
        }
      },
      "world_space": {
        "head": {
          "x": 0.16943877935409546,
          "y": -0.4742388129234314,
          "z": 1.5723652839660645
        },
        "tail": {
          "x": 0.16162188351154327,
          "y": -0.4986720681190491,
          "z": 1.572408676147461
        },
        "rotation_quaternion": {
          "w": 0.058740515261888504,
          "x": -0.9114401340484619,
          "y": 0.14257696270942688,
          "z": 0.3814423382282257
        },
        "matrix": [
          [
            0.6683471202850342,
            -0.30471351742744446,
            -0.678573489189148,
            0.16943877935409546
          ],
          [
            -0.2150888293981552,
            -0.9524427056312561,
            0.21584679186344147,
            -0.4742388129234314
          ],
          [
            -0.7120788097381592,
            0.0016922354698181152,
            -0.702107310295105,
            1.5723652839660645
          ],
          [
            0.0,
            0.0,
            0.0,
            1.0
          ]
        ]
      },
      "bone_length_armature_space": 0.02565325878596588,
      "parent": "index_01_l",
      "has_children": true,
      "is_end_bone": false
    },
    "index_03_l": {
      "name": "index_03_l",
      "local": {
        "location": {
          "x": 0.0,
          "y": 0.0,
          "z": 0.0
        },
        "rotation_quaternion": {
          "w": 0.9775514602661133,
          "x": 0.21052125096321106,
          "y": -0.008424309082329273,
          "z": 0.001735714846290648
        },
        "scale": {
          "x": 1.0,
          "y": 1.0,
          "z": 1.0
        },
        "matrix_basis": [
          [
            0.9998520612716675,
            -0.006940493360161781,
            -0.01573958247900009,
            0.0
          ],
          [
            -0.0001534910115879029,
            0.9113555550575256,
            -0.41161996126174927,
            0.0
          ],
          [
            0.017201200127601624,
            0.4115614593029022,
            0.9112196564674377,
            0.0
          ],
          [
            0.0,
            0.0,
            0.0,
            1.0
          ]
        ],
        "rotation_mode": "QUATERNION"
      },
      "armature_space": {
        "head": {
          "x": 0.16162195801734924,
          "y": -0.5619161128997803,
          "z": 0.6225548386573792
        },
        "tail": {
          "x": 0.14622601866722107,
          "y": -0.5835732221603394,
          "z": 0.6104028820991516
        }
      },
      "world_space": {
        "head": {
          "x": 0.16162195801734924,
          "y": -0.49867212772369385,
          "z": 1.57240891456604
        },
        "tail": {
          "x": 0.14622601866722107,
          "y": -0.5203292369842529,
          "z": 1.5602569580078125
        },
        "rotation_quaternion": {
          "w": 0.3048039972782135,
          "x": -0.878777801990509,
          "y": 0.19102661311626434,
          "z": 0.3136126697063446
        },
        "matrix": [
          [
            0.7303122878074646,
            -0.5269209742546082,
            -0.43473950028419495,
            0.16162195801734924
          ],
          [
            -0.14456026256084442,
            -0.7412070035934448,
            0.6555261611938477,
            -0.49867212772369385
          ],
          [
            -0.6676471829414368,
            -0.41589611768722534,
            -0.6174879670143127,
            1.57240891456604
          ],
          [
            0.0,
            0.0,
            0.0,
            1.0
          ]
        ]
      },
      "bone_length_armature_space": 0.029218750341053312,
      "parent": "index_02_l",
      "has_children": false,
      "is_end_bone": true
    },
    "metacarpal_pinky_l": {
      "name": "metacarpal_pinky_l",
      "local": {
        "location": {
          "x": 0.0,
          "y": 0.0,
          "z": 0.0
        },
        "rotation_quaternion": {
          "w": 0.9998436570167542,
          "x": -0.01315928902477026,
          "y": 0.010665569454431534,
          "z": -0.005085152108222246
        },
        "scale": {
          "x": 1.0,
          "y": 1.0,
          "z": 1.0
        },
        "matrix_basis": [
          [
            0.9997207522392273,
            0.00988801196217537,
            0.021461637690663338,
            0.0
          ],
          [
            -0.010449416935443878,
            0.9996019601821899,
            0.026205990463495255,
            0.0
          ],
          [
            -0.0211939699947834,
            -0.026422934606671333,
            0.9994261860847473,
            0.0
          ],
          [
            0.0,
            0.0,
            0.0,
            1.0
          ]
        ],
        "rotation_mode": "QUATERNION"
      },
      "armature_space": {
        "head": {
          "x": 0.22571000456809998,
          "y": -0.41466614603996277,
          "z": 0.5745695233345032
        },
        "tail": {
          "x": 0.23455695807933807,
          "y": -0.5161675214767456,
          "z": 0.5960736274719238
        }
      },
      "world_space": {
        "head": {
          "x": 0.22571000456809998,
          "y": -0.35142213106155396,
          "z": 1.524423599243164
        },
        "tail": {
          "x": 0.23455695807933807,
          "y": -0.4529235363006592,
          "z": 1.54592764377594
        },
        "rotation_quaternion": {
          "w": 0.04415246471762657,
          "x": 0.013441004790365696,
          "y": -0.10332494974136353,
          "z": -0.9935764074325562
        },
        "matrix": [
          [
            -0.9957398772239685,
            0.084959976375103,
            -0.035833537578582764,
            0.22571000456809998
          ],
          [
            -0.09051539748907089,
            -0.974748969078064,
            0.2041359394788742,
            -0.35142213106155396
          ],
          [
            -0.017585355788469315,
            0.20651030540466309,
            0.9782934188842773,
            1.524423599243164
          ],
          [
            0.0,
            0.0,
            0.0,
            1.0
          ]
        ]
      },
      "bone_length_armature_space": 0.10413080592907821,
      "parent": "lowerarm_l",
      "has_children": true,
      "is_end_bone": false
    },
    "pinky_01_l": {
      "name": "pinky_01_l",
      "local": {
        "location": {
          "x": 0.0,
          "y": 0.0,
          "z": 0.0
        },
        "rotation_quaternion": {
          "w": 0.9992057681083679,
          "x": 0.03732980042695999,
          "y": 0.013551661744713783,
          "z": -0.003262599930167198
        },
        "scale": {
          "x": 1.0,
          "y": 1.0,
          "z": 1.0
        },
        "matrix_basis": [
          [
            0.9996114373207092,
            0.007531778886914253,
            0.026838213205337524,
            0.0
          ],
          [
            -0.0055082556791603565,
            0.9971916675567627,
            -0.07468873262405396,
            0.0
          ],
          [
            -0.027325382456183434,
            0.07451187819242477,
            0.9968456625938416,
            0.0
          ],
          [
            0.0,
            0.0,
            0.0,
            1.0
          ]
        ],
        "rotation_mode": "QUATERNION"
      },
      "armature_space": {
        "head": {
          "x": 0.23455695807933807,
          "y": -0.5161675214767456,
          "z": 0.5960736274719238
        },
