{
  "metadata": {
    "armature_name": "KIM_caucasian_male",
    "export_time": "2026-01-13T21:13:13.696990",
    "blender_version": "4.4.1",
    "bone_count": 56,
    "end_bone_count": 13,
    "spaces_included": [
      "LOCAL_CHANNELS",
      "ARMATURE_SPACE",
      "WORLD_SPACE"
    ],
    "note": "LOCAL matches Transform panel; replay pose via local.matrix_basis for best fidelity."
  },
  "bones": {
    "Root": {
      "name": "Root",
      "local": {
        "location": {
          "x": 0.0,
          "y": 0.0,
          "z": 0.0
        },
        "rotation_quaternion": {
          "w": 0.9996429681777954,
          "x": -0.007098507136106491,
          "y": 0.017626598477363586,
          "z": -0.018789250403642654
        },
        "scale": {
          "x": 1.0,
          "y": 1.0,
          "z": 1.0
        },
        "matrix_basis": [
          [
            0.9986725449562073,
            0.03731483966112137,
            0.035507362335920334,
            0.0
          ],
          [
            -0.03781532868742943,
            0.9991931319236755,
            0.013529564253985882,
            0.0
          ],
          [
            -0.034973859786987305,
            -0.014854326844215393,
            0.9992778301239014,
            0.0
          ],
          [
            0.0,
            0.0,
            0.0,
            1.0
          ]
        ],
        "rotation_mode": "QUATERNION"
      },
      "armature_space": {
        "head": {
          "x": 0.0,
          "y": 0.07072800397872925,
          "z": -0.009595036506652832
        },
        "tail": {
          "x": 0.002663379069417715,
          "y": 0.00019960105419158936,
          "z": 0.0010428829118609428
        }
      },
      "world_space": {
        "head": {
          "x": 0.0,
          "y": 0.13397200405597687,
          "z": 0.9402589797973633
        },
        "tail": {
          "x": 0.002663379069417715,
          "y": 0.06344360113143921,
          "z": 0.9508969187736511
        },
        "rotation_quaternion": {
          "w": 0.07442598044872284,
          "x": 0.9968937039375305,
          "y": 0.01993403397500515,
          "z": 0.016320765018463135
        },
        "matrix": [
          [
            0.9986725449562073,
            0.03731483966112137,
            0.035507362335920334,
            0.0
          ],
          [
            0.042173609137535095,
            -0.9881267547607422,
            -0.14773936569690704,
            0.13397200405597687
          ],
          [
            0.02957315184175968,
            0.1490408331155777,
            -0.9883958101272583,
            0.9402589797973633
          ],
          [
            0.0,
            0.0,
            0.0,
            1.0
          ]
        ]
      },
      "bone_length_armature_space": 0.07137586929884963,
      "parent": null,
      "has_children": true,
      "is_end_bone": false
    },
    "spine_01": {
      "name": "spine_01",
      "local": {
        "location": {
          "x": 0.0,
          "y": 0.0,
          "z": 0.0
        },
        "rotation_quaternion": {
          "w": 0.9953348636627197,
          "x": 0.08644428849220276,
          "y": 0.0182497538626194,
          "z": 0.038767773658037186
        },
        "scale": {
          "x": 1.0,
          "y": 1.0,
          "z": 1.0
        },
        "matrix_basis": [
          [
            0.9963279962539673,
            -0.07401865720748901,
            0.043031737208366394,
            0.0
          ],
          [
            0.08032900840044022,
            0.9820488691329956,
            -0.17066702246665955,
            0.0
          ],
          [
            -0.02962672710418701,
            0.1734970360994339,
            0.9843886494636536,
            0.0
          ],
          [
            0.0,
            0.0,
            0.0,
            1.0
          ]
        ],
        "rotation_mode": "QUATERNION"
      },
      "armature_space": {
        "head": {
          "x": 0.002663379069417715,
          "y": 0.00019960105419158936,
          "z": 0.0010428829118609428
        },
        "tail": {
          "x": -0.04537581279873848,
          "y": -0.056890759617090225,
          "z": 0.4833097457885742
        }
      },
      "world_space": {
        "head": {
          "x": 0.002663379069417715,
          "y": 0.06344360113143921,
          "z": 0.9508969187736511
        },
        "tail": {
          "x": -0.04537581279873848,
          "y": 0.006353240460157394,
          "z": 1.4331637620925903
        },
        "rotation_quaternion": {
          "w": 0.6644178032875061,
          "x": 0.7444233298301697,
          "y": -0.0074002244509756565,
          "z": 0.0657891184091568
        },
        "matrix": [
          [
            0.9912341237068176,
            -0.09844071418046951,
            0.08811552077531815,
            0.002663379069417715
          ],
          [
            0.07640445977449417,
            -0.1169881522655487,
            -0.9901899695396423,
            0.06344360113143921
          ],
          [
            0.10778431594371796,
            0.9882493019104004,
            -0.1084430068731308,
            0.9508969187736511
          ],
          [
            0.0,
            0.0,
            0.0,
            1.0
          ]
        ]
      },
      "bone_length_armature_space": 0.4880045137593144,
      "parent": "Root",
      "has_children": true,
      "is_end_bone": false
    },
    "neck_01": {
      "name": "neck_01",
      "local": {
        "location": {
          "x": 0.0,
          "y": 0.0,
          "z": 0.0
        },
        "rotation_quaternion": {
          "w": 0.9959773421287537,
          "x": -0.02091055177152157,
          "y": -0.08568989485502243,
          "z": 0.01578964665532112
        },
        "scale": {
          "x": 1.0,
          "y": 1.0,
          "z": 1.0
        },
        "matrix_basis": [
          [
            0.9848158359527588,
            -0.027868615463376045,
            -0.17135073244571686,
            0.0
          ],
          [
            0.035035908222198486,
            0.9986268877983093,
            0.03894684463739395,
            0.0
          ],
          [
            0.17003004252910614,
            -0.04435889795422554,
            0.9844399690628052,
            0.0
          ],
          [
            0.0,
            0.0,
            0.0,
            1.0
          ]
        ],
        "rotation_mode": "QUATERNION"
      },
      "armature_space": {
        "head": {
          "x": -0.0495276041328907,
          "y": -0.09979668259620667,
          "z": 0.5519070029258728
        },
        "tail": {
          "x": -0.05878877639770508,
          "y": -0.14563891291618347,
          "z": 0.6431399583816528
        }
      },
      "world_space": {
        "head": {
          "x": -0.0495276041328907,
          "y": -0.036552682518959045,
          "z": 1.5017609596252441
        },
        "tail": {
          "x": -0.05878877639770508,
          "y": -0.08239491283893585,
          "z": 1.592993974685669
        },
        "rotation_quaternion": {
          "w": 0.5230411887168884,
          "x": 0.8506315350532532,
          "y": -0.05341969057917595,
          "z": -0.0005228778463788331
        },
        "matrix": [
          [
            0.994292140007019,
            -0.09033407270908356,
            -0.05677132308483124,
            -0.0495276041328907
          ],
          [
            -0.09142828732728958,
            -0.4471481144428253,
            -0.8897750973701477,
            -0.036552682518959045
          ],
          [
            0.054992109537124634,
            0.8898924589157104,
            -0.45285895466804504,
            1.5017609596252441
          ],
          [
            0.0,
            0.0,
            0.0,
            1.0
          ]
        ]
      },
      "bone_length_armature_space": 0.10252186014996216,
      "parent": "spine_01",
      "has_children": true,
      "is_end_bone": false
    },
    "head": {
      "name": "head",
      "local": {
        "location": {
          "x": 0.0,
          "y": 0.0,
          "z": 0.0
        },
        "rotation_quaternion": {
          "w": 0.9814213514328003,
          "x": -0.10392306745052338,
          "y": -0.03997412696480751,
          "z": -0.1562507599592209
        },
        "scale": {
          "x": 1.0,
          "y": 1.0,
          "z": 1.0
        },
        "matrix_basis": [
          [
            0.9479755163192749,
            0.3150041401386261,
            -0.045986805111169815,
            0.0
          ],
          [
            -0.29838719964027405,
            0.9295713901519775,
            0.21647660434246063,
            0.0
          ],
          [
            0.11093904078006744,
            -0.19149266183376312,
            0.9752041101455688,
            0.0
          ],
          [
            0.0,
            0.0,
            0.0,
            1.0
          ]
        ],
        "rotation_mode": "QUATERNION"
      },
      "armature_space": {
        "head": {
          "x": -0.05878877639770508,
          "y": -0.14563901722431183,
          "z": 0.6431398391723633
        },
        "tail": {
          "x": -0.016871653497219086,
          "y": -0.1345483958721161,
          "z": 0.7920466661453247
        }
      },
      "world_space": {
        "head": {
          "x": -0.05878877639770508,
          "y": -0.08239501714706421,
          "z": 1.5929938554763794
        },
        "tail": {
          "x": -0.016871653497219086,
          "y": -0.07130439579486847,
          "z": 1.7419006824493408
        },
        "rotation_quaternion": {
          "w": 0.7310009002685547,
          "x": 0.6644248962402344,
          "y": 0.037320327013731,
          "z": -0.1509454995393753
        },
        "matrix": [
          [
            0.951645016670227,
            0.270275741815567,
            -0.14602310955524445,
            -0.05878877639770508
          ],
          [
            -0.17109131813049316,
            0.07151078432798386,
            -0.982656717300415,
            -0.08239501714706421
          ],
          [
            -0.2551479935646057,
            0.960130512714386,
            0.11429452151060104,
            1.5929938554763794
          ],
          [
            0.0,
            0.0,
            0.0,
            1.0
          ]
        ]
      },
      "bone_length_armature_space": 0.15509123020332394,
      "parent": "neck_01",
      "has_children": false,
      "is_end_bone": true
    },
    "upperarm_l": {
      "name": "upperarm_l",
      "local": {
        "location": {
          "x": 0.0,
          "y": 0.0,
          "z": 0.0
        },
        "rotation_quaternion": {
          "w": 0.975346565246582,
          "x": -0.05712014064192772,
          "y": 0.15706390142440796,
          "z": -0.14410875737667084
        },
        "scale": {
          "x": 1.0,
          "y": 1.0,
          "z": 1.0
        },
        "matrix_basis": [
          [
            0.9091271758079529,
            0.26316893100738525,
            0.32284650206565857,
            0.0
          ],
          [
            -0.29905498027801514,
            0.9519399404525757,
            0.06615529954433441,
            0.0
          ],
          [
            -0.289920449256897,
            -0.15669243037700653,
            0.9441364407539368,
            0.0
          ],
          [
            0.0,
            0.0,
            0.0,
            1.0
          ]
        ],
        "rotation_mode": "QUATERNION"
      },
      "armature_space": {
        "head": {
          "x": 0.10605450719594955,
          "y": -0.08363133668899536,
          "z": 0.5013108253479004
        },
        "tail": {
          "x": 0.3581107556819916,
          "y": -0.0025376304984092712,
          "z": 0.4600907266139984
        }
      },
      "world_space": {
        "head": {
          "x": 0.10605450719594955,
          "y": -0.02038733661174774,
          "z": 1.4511648416519165
        },
        "tail": {
          "x": 0.3581107556819916,
          "y": 0.06070636957883835,
          "z": 1.409944772720337
        },
        "rotation_quaternion": {
          "w": 0.3879833221435547,
          "x": 0.46517905592918396,
          "y": 0.7076590657234192,
          "z": -0.3637252151966095
        },
        "matrix": [
          [
            -0.2661536633968353,
            0.9406156539916992,
            0.21072354912757874,
            0.10605450719594955
          ],
          [
            0.3761383593082428,
            0.3026229739189148,
            -0.8757507801055908,
            -0.02038733661174774
          ],
          [
            -0.8875204920768738,
            -0.1538238823413849,
            -0.4343497157096863,
            1.4511648416519165
          ],
          [
            0.0,
            0.0,
            0.0,
            1.0
          ]
        ]
      },
      "bone_length_armature_space": 0.26796945875563466,
      "parent": "spine_01",
      "has_children": true,
      "is_end_bone": false
    },
    "lowerarm_l": {
      "name": "lowerarm_l",
      "local": {
        "location": {
          "x": 0.0,
          "y": 0.0,
          "z": 0.0
        },
        "rotation_quaternion": {
          "w": 0.9866991639137268,
          "x": 0.08569091558456421,
          "y": 0.016637315973639488,
          "z": 0.1371317058801651
        },
        "scale": {
          "x": 1.0,
          "y": 1.0,
          "z": 1.0
        },
        "matrix_basis": [
          [
            0.9618362188339233,
            -0.267764151096344,
            0.056333933025598526,
            0.0
          ],
          [
            0.2734668254852295,
            0.9477038979530334,
            -0.16453930735588074,
            0.0
          ],
          [
            -0.00933016836643219,
            0.17366531491279602,
            0.9847605228424072,
            0.0
          ],
          [
            0.0,
            0.0,
            0.0,
            1.0
          ]
        ],
        "rotation_mode": "QUATERNION"
      },
      "armature_space": {
        "head": {
          "x": 0.35811087489128113,
          "y": -0.0025376901030540466,
          "z": 0.4600908160209656
        },
        "tail": {
          "x": 0.6242474317550659,
          "y": -0.021829811856150627,
          "z": 0.47928598523139954
        }
      },
      "world_space": {
        "head": {
          "x": 0.35811087489128113,
          "y": 0.06070630997419357,
          "z": 1.409944772720337
        },
        "tail": {
          "x": 0.6242474317550659,
          "y": 0.04141418635845184,
          "z": 1.4291399717330933
        },
        "rotation_quaternion": {
          "w": 0.4200315773487091,
          "x": 0.6073613166809082,
          "y": 0.5362048149108887,
          "z": -0.4088645279407501
        },
        "matrix": [
          [
            0.09062676876783371,
            0.9948121309280396,
            -0.04620906710624695,
            0.35811087489128113
          ],
          [
            0.3078681230545044,
            -0.07211348414421082,
            -0.948692262172699,
            0.06070630997419357
          ],
          [
            -0.9471093416213989,
            0.07175104320049286,
            -0.3128095269203186,
            1.409944772720337
          ],
          [
            0.0,
            0.0,
            0.0,
            1.0
          ]
        ]
      },
      "bone_length_armature_space": 0.2675244086990066,
      "parent": "upperarm_l",
      "has_children": true,
      "is_end_bone": false
    },
    "metacarpal_thumb_l": {
      "name": "metacarpal_thumb_l",
      "local": {
        "location": {
          "x": 0.0,
          "y": 0.0,
          "z": 0.0
        },
        "rotation_quaternion": {
          "w": 0.9992643594741821,
          "x": -0.038072116672992706,
          "y": 0.004200011491775513,
          "z": -0.001950744423083961
        },
        "scale": {
          "x": 1.0,
          "y": 1.0,
          "z": 1.0
        },
        "matrix_basis": [
          [
            0.9999570846557617,
            0.0035788121167570353,
            0.008542381227016449,
            0.0
          ],
          [
            -0.00421842560172081,
            0.9970934391021729,
            0.0760718286037445,
            0.0
          ],
          [
            -0.008245306089520454,
            -0.07610460370779037,
            0.9970657229423523,
            0.0
          ],
          [
            0.0,
            0.0,
            0.0,
            1.0
          ]
        ],
        "rotation_mode": "QUATERNION"
      },
      "armature_space": {
        "head": {
          "x": 0.6242474317550659,
          "y": -0.021829811856150627,
          "z": 0.47928598523139954
        },
        "tail": {
          "x": 0.6629132032394409,
          "y": -0.05065657198429108,
          "z": 0.46799176931381226
        }
      },
      "world_space": {
        "head": {
          "x": 0.6242474317550659,
          "y": 0.04141418635845184,
          "z": 1.4291399717330933
        },
        "tail": {
          "x": 0.6629132032394409,
          "y": 0.012587428092956543,
          "z": 1.4178457260131836
        },
        "rotation_quaternion": {
          "w": 0.1565893441438675,
          "x": -0.8874704241752625,
          "y": -0.4295324385166168,
          "z": -0.05811971798539162
        },
        "matrix": [
          [
            0.6242476105690002,
            0.7805963754653931,
            -0.03136264532804489,
            0.6242474317550659
          ],
          [
            0.7441934943199158,
            -0.5819629430770874,
            0.32786479592323303,
            0.04141418635845184
          ],
          [
            0.23768068850040436,
            -0.22801083326339722,
            -0.9442102909088135,
            1.4291399717330933
          ],
          [
            0.0,
            0.0,
            0.0,
            1.0
          ]
        ]
      },
      "bone_length_armature_space": 0.0495336583265865,
      "parent": "lowerarm_l",
      "has_children": true,
      "is_end_bone": false
    },
    "thumb_01_l": {
      "name": "thumb_01_l",
      "local": {
        "location": {
          "x": 0.0,
          "y": 0.0,
          "z": 0.0
        },
        "rotation_quaternion": {
          "w": 0.9994833469390869,
          "x": -0.028592362999916077,
          "y": 0.009991975501179695,
          "z": 0.010756763629615307
        },
        "scale": {
          "x": 1.0,
          "y": 1.0,
          "z": 1.0
        },
        "matrix_basis": [
          [
            0.9995688796043396,
            -0.02207379974424839,
            0.019358504563570023,
            0.0
          ],
          [
            0.020931024104356766,
            0.9981335401535034,
            0.0573701448738575,
            0.0
          ],
          [
            -0.020588748157024384,
            -0.056940220296382904,
            0.9981652498245239,
            0.0
          ],
          [
            0.0,
            0.0,
            0.0,
            1.0
          ]
        ],
        "rotation_mode": "QUATERNION"
      },
      "armature_space": {
        "head": {
          "x": 0.6629132032394409,
          "y": -0.05065657198429108,
          "z": 0.46799176931381226
        },
        "tail": {
          "x": 0.6752893924713135,
          "y": -0.059412382543087006,
          "z": 0.4375154674053192
        }
      },
      "world_space": {
        "head": {
          "x": 0.6629132032394409,
          "y": 0.012587428092956543,
          "z": 1.4178457260131836
        },
        "tail": {
          "x": 0.6752893924713135,
          "y": 0.003831617534160614,
          "z": 1.3873695135116577
        },
        "rotation_quaternion": {
          "w": 0.5980083346366882,
          "x": -0.6634001731872559,
          "y": 0.1173485517501831,
          "z": -0.4341837465763092
        },
        "matrix": [
          [
            0.5954245328903198,
            0.36359259486198425,
            0.7164283990859985,
            0.6629132032394409
          ],
          [
            -0.674991250038147,
            -0.2572319805622101,
            0.6915335655212402,
            0.012587428092956543
          ],
          [
            0.4357272684574127,
            -0.8953457474708557,
            0.09226097166538239,
            1.4178457260131836
          ],
          [
            0.0,
            0.0,
            0.0,
            1.0
          ]
        ]
      },
      "bone_length_armature_space": 0.03403879037519931,
      "parent": "metacarpal_thumb_l",
      "has_children": true,
      "is_end_bone": false
    },
    "thumb_02_l": {
      "name": "thumb_02_l",
      "local": {
        "location": {
          "x": 0.0,
          "y": 0.0,
          "z": 0.0
        },
        "rotation_quaternion": {
          "w": 0.996641218662262,
          "x": 0.08150523900985718,
          "y": -0.007933057844638824,
          "z": 0.0006329284515231848
        },
        "scale": {
          "x": 1.0,
          "y": 1.0,
          "z": 1.0
        },
        "matrix_basis": [
          [
            0.9998733401298523,
            -0.0025547766126692295,
            -0.0157096516340971,
            0.0
          ],
          [
            -3.15663855872117e-05,
            0.9867129921913147,
            -0.16247300803661346,
            0.0
          ],
          [
            0.015915999189019203,
            0.16245292127132416,
            0.9865879416465759,
            0.0
          ],
          [
            0.0,
            0.0,
            0.0,
            1.0
          ]
        ],
        "rotation_mode": "QUATERNION"
      },
      "armature_space": {
        "head": {
          "x": 0.6752892732620239,
          "y": -0.0594123899936676,
          "z": 0.4375154674053192
        },
        "tail": {
          "x": 0.7152930498123169,
          "y": -0.06252895295619965,
          "z": 0.4392947852611542
        }
      },
      "world_space": {
        "head": {
          "x": 0.6752892732620239,
          "y": 0.003831610083580017,
          "z": 1.3873695135116577
        },
        "tail": {
          "x": 0.7152930498123169,
          "y": 0.0007150471210479736,
          "z": 1.3891488313674927
        },
        "rotation_quaternion": {
          "w": 0.6645532250404358,
          "x": -0.11914186179637909,
          "y": -0.13989564776420593,
          "z": -0.7242950797080994
        },
        "matrix": [
          [
            -0.08834805339574814,
            0.9959999918937683,
            -0.013350263237953186,
            0.6752892732620239
          ],
          [
            -0.9293305277824402,
            -0.07759518921375275,
            0.3610040545463562,
            0.003831610083580017
          ],
          [
            0.3585257828235626,
            0.044301100075244904,
            0.932475745677948,
            1.3873695135116577
          ],
          [
            0.0,
            0.0,
            0.0,
            1.0
          ]
        ]
      },
      "bone_length_armature_space": 0.04016442593601708,
      "parent": "thumb_01_l",
      "has_children": true,
      "is_end_bone": false
    },
    "thumb_03_l": {
      "name": "thumb_03_l",
      "local": {
        "location": {
          "x": 0.0,
          "y": 0.0,
          "z": 0.0
        },
        "rotation_quaternion": {
          "w": 0.9981987476348877,
          "x": 0.059595465660095215,
          "y": -0.006472038570791483,
          "z": -0.0024012539070099592
        },
        "scale": {
          "x": 1.0,
          "y": 1.0,
          "z": 1.0
        },
        "matrix_basis": [
          [
            0.9999046921730042,
            0.004022448789328337,
            -0.013206969015300274,
            0.0
          ],
          [
            -0.005565265659242868,
            0.9928852319717407,
            -0.1189451590180397,
            0.0
          ],
          [
            0.01263455394655466,
            0.11900731921195984,
            0.992812991142273,
            0.0
          ],
          [
            0.0,
            0.0,
            0.0,
            1.0
          ]
        ],
        "rotation_mode": "QUATERNION"
      },
      "armature_space": {
        "head": {
          "x": 0.7152929902076721,
          "y": -0.06252902746200562,
          "z": 0.4392947554588318
        },
        "tail": {
          "x": 0.743350625038147,
          "y": -0.05746249109506607,
          "z": 0.44997137784957886
        }
      },
      "world_space": {
        "head": {
          "x": 0.7152929902076721,
          "y": 0.0007149726152420044,
          "z": 1.3891487121582031
        },
        "tail": {
          "x": 0.743350625038147,
          "y": 0.005781508982181549,
          "z": 1.3998253345489502
        },
        "rotation_quaternion": {
          "w": 0.7528108358383179,
          "x": 0.12489122897386551,
          "y": -0.12839102745056152,
          "z": -0.6333985924720764
        },
        "matrix": [
          [
            0.1646426022052765,
            0.9215885996818542,
            -0.3515206277370453,
            0.7152929902076721
          ],
          [
            -0.9857286810874939,
            0.16641661524772644,
            -0.02539100870490074,
            0.0007149726152420044
          ],
          [
            0.03509809076786041,
            0.3506871461868286,
            0.9358423948287964,
            1.3891487121582031
          ],
          [
            0.0,
            0.0,
            0.0,
            1.0
          ]
        ]
      },
      "bone_length_armature_space": 0.030444883101549112,
      "parent": "thumb_02_l",
      "has_children": false,
      "is_end_bone": true
    },
    "metacarpal_index_l": {
      "name": "metacarpal_index_l",
      "local": {
        "location": {
          "x": 0.0,
          "y": 0.0,
          "z": 0.0
        },
        "rotation_quaternion": {
          "w": 0.9998236894607544,
          "x": -0.012575177475810051,
          "y": -0.0132510457187891,
          "z": 0.004353570751845837
        },
        "scale": {
          "x": 1.0,
          "y": 1.0,
          "z": 1.0
        },
        "matrix_basis": [
          [
            0.9996109008789062,
            -0.008372337557375431,
            -0.026606911793351173,
            0.0
          ],
          [
            0.009038874879479408,
            0.9996458292007446,
            0.02503054216504097,
            0.0
          ],
          [
            0.026387924328446388,
            -0.025261299684643745,
            0.9993325471878052,
            0.0
          ],
          [
            0.0,
            0.0,
            0.0,
            1.0
          ]
        ],
        "rotation_mode": "QUATERNION"
      },
      "armature_space": {
        "head": {
          "x": 0.6242474317550659,
          "y": -0.021829811856150627,
          "z": 0.47928598523139954
        },
        "tail": {
          "x": 0.7341371774673462,
          "y": -0.06209373474121094,
          "z": 0.4736044406890869
        }
      },
      "world_space": {
        "head": {
          "x": 0.6242474317550659,
          "y": 0.04141418635845184,
          "z": 1.4291399717330933
        },
        "tail": {
          "x": 0.7341371774673462,
          "y": 0.0011502653360366821,
          "z": 1.423458456993103
        },
        "rotation_quaternion": {
          "w": 0.07289537042379379,
          "x": 0.8065115809440613,
          "y": 0.5682166814804077,
          "z": -0.14613406360149384
        },
        "matrix": [
          [
            0.3115488886833191,
            0.9378517270088196,
            -0.15287578105926514,
            0.6242474317550659
          ],
          [
            0.8952415585517883,
            -0.34363168478012085,
            -0.2836547791957855,
            0.04141418635845184
          ],
          [
            -0.31856048107147217,
            -0.04848914593458176,
            -0.9466689229011536,
            1.4291399717330933
          ],
          [
            0.0,
            0.0,
            0.0,
            1.0
          ]
        ]
      },
      "bone_length_armature_space": 0.11717175420450512,
      "parent": "lowerarm_l",
      "has_children": true,
      "is_end_bone": false
    },
    "index_01_l": {
      "name": "index_01_l",
      "local": {
        "location": {
          "x": 0.0,
          "y": 0.0,
          "z": 0.0
        },
        "rotation_quaternion": {
          "w": 0.9954364895820618,
          "x": -0.09306956082582474,
          "y": -0.017190827056765556,
          "z": 0.01220298744738102
        },
        "scale": {
          "x": 1.0,
          "y": 1.0,
          "z": 1.0
        },
        "matrix_basis": [
          [
            0.9991111159324646,
            -0.021094713360071182,
            -0.03649620711803436,
            0.0
          ],
          [
            0.027494482696056366,
            0.9823783040046692,
            0.18487010896205902,
            0.0
          ],
          [
            0.03195330128073692,
            -0.18570923805236816,
            0.9820850491523743,
            0.0
          ],
          [
            0.0,
            0.0,
            0.0,
            1.0
          ]
        ],
        "rotation_mode": "QUATERNION"
      },
      "armature_space": {
        "head": {
          "x": 0.7341371774673462,
          "y": -0.06209373474121094,
          "z": 0.4736044406890869
        },
        "tail": {
          "x": 0.7622557282447815,
          "y": -0.06049199774861336,
          "z": 0.4780597686767578
        }
      },
      "world_space": {
        "head": {
          "x": 0.7341371774673462,
          "y": 0.0011502653360366821,
          "z": 1.423458456993103
        },
        "tail": {
          "x": 0.7622557282447815,
          "y": 0.002752002328634262,
          "z": 1.427913784980774
        },
        "rotation_quaternion": {
          "w": 0.16565607488155365,
          "x": 0.6851378679275513,
          "y": 0.7075627446174622,
          "z": -0.04999234527349472
        },
        "matrix": [
          [
            -0.006287785712629557,
            0.9861190915107727,
            0.1659192442893982,
            0.7341371774673462
          ],
          [
            0.9529925584793091,
            0.056172922253608704,
            -0.297741562128067,
            0.0011502653360366821
          ],
          [
            -0.3029300272464752,
            0.15624883770942688,
            -0.9401243329048157,
            1.423458456993103
          ],
          [
            0.0,
            0.0,
            0.0,
            1.0
          ]
        ]
      },
      "bone_length_armature_space": 0.02851435403307505,
      "parent": "metacarpal_index_l",
      "has_children": true,
      "is_end_bone": false
    },
    "index_02_l": {
      "name": "index_02_l",
      "local": {
        "location": {
          "x": 0.0,
          "y": 0.0,
          "z": 0.0
        },
        "rotation_quaternion": {
          "w": 0.9996627569198608,
          "x": 0.025718271732330322,
          "y": -0.0017833532765507698,
          "z": -0.0031245232094079256
        },
        "scale": {
          "x": 1.0,
          "y": 1.0,
          "z": 1.0
        },
        "matrix_basis": [
          [
            0.9999741315841675,
            0.006155209615826607,
            -0.0037262183614075184,
            0.0
          ],
          [
            -0.006338668521493673,
            0.9986576437950134,
            -0.05140805244445801,
            0.0
          ],
          [
            0.003404789138585329,
            0.051430340856313705,
            0.998670756816864,
            0.0
          ],
          [
            0.0,
            0.0,
            0.0,
            1.0
          ]
        ],
        "rotation_mode": "QUATERNION"
      },
      "armature_space": {
        "head": {
          "x": 0.7622562050819397,
          "y": -0.060492295771837234,
          "z": 0.4780596196651459
        },
        "tail": {
          "x": 0.7876027822494507,
          "y": -0.058355752378702164,
          "z": 0.48138758540153503
        }
      },
      "world_space": {
        "head": {
          "x": 0.7622562050819397,
          "y": 0.002751704305410385,
          "z": 1.4279136657714844
        },
        "tail": {
          "x": 0.7876027822494507,
          "y": 0.004888247698545456,
          "z": 1.4312416315078735
        },
        "rotation_quaternion": {
          "w": 0.18390730023384094,
          "x": 0.6719874739646912,
          "y": 0.7126159071922302,
          "z": -0.08239869028329849
        },
        "matrix": [
          [
            -0.029221270233392715,
            0.9880453944206238,
            0.15136681497097015,
            0.7622562050819397
          ],
          [
            0.9274300336837769,
            0.08328543603420258,
            -0.36460554599761963,
            0.002751704305410385
          ],
          [
            -0.3728552460670471,
            0.12972891330718994,
            -0.9187836647033691,
            1.4279136657714844
          ],
          [
            0.0,
            0.0,
            0.0,
            1.0
          ]
        ]
      },
      "bone_length_armature_space": 0.025653247915071297,
      "parent": "index_01_l",
      "has_children": true,
      "is_end_bone": false
    },
    "index_03_l": {
      "name": "index_03_l",
      "local": {
        "location": {
          "x": 0.0,
          "y": 0.0,
          "z": 0.0
        },
        "rotation_quaternion": {
          "w": 0.999923586845398,
          "x": 0.011001675389707088,
          "y": -0.005258648190647364,
          "z": 0.002074876567348838
        },
        "scale": {
          "x": 1.0,
          "y": 1.0,
          "z": 1.0
        },
        "matrix_basis": [
          [
            0.9999361038208008,
            -0.0042651440016925335,
            -0.010470838285982609,
            0.0
          ],
          [
            0.004033728037029505,
            0.9997493028640747,
            -0.02202349156141281,
            0.0
          ],
          [
            0.01056214701384306,
            0.02197984792292118,
            0.9997026324272156,
            0.0
          ],
          [
            0.0,
            0.0,
            0.0,
            1.0
          ]
        ],
        "rotation_mode": "QUATERNION"
      },
      "armature_space": {
        "head": {
          "x": 0.7876027822494507,
          "y": -0.058355726301670074,
          "z": 0.4813877046108246
        },
        "tail": {
          "x": 0.8165960311889648,
          "y": -0.05473709851503372,
          "z": 0.4812242090702057
        }
      },
      "world_space": {
        "head": {
          "x": 0.7876027822494507,
          "y": 0.004888273775577545,
          "z": 1.431241750717163
        },
        "tail": {
          "x": 0.8165960311889648,
          "y": 0.008506901562213898,
          "z": 1.4310781955718994
        },
        "rotation_quaternion": {
          "w": 0.1206398457288742,
          "x": 0.6526349782943726,
          "y": 0.7398442625999451,
          "z": -0.11020027101039886
        },
        "matrix": [
          [
            -0.11902710795402527,
            0.992285430431366,
            0.034666795283555984,
            0.7876027822494507
          ],
          [
            0.9391072392463684,
            0.12384633719921112,
            -0.3205302655696869,
            0.004888273775577545
          ],
          [
            -0.32235226035118103,
            -0.005595874041318893,
            -0.9466105699539185,
            1.431241750717163
          ],
          [
            0.0,
            0.0,
            0.0,
            1.0
          ]
        ]
      },
      "bone_length_armature_space": 0.029218653190383314,
      "parent": "index_02_l",
      "has_children": false,
      "is_end_bone": true
    },
    "metacarpal_pinky_l": {
      "name": "metacarpal_pinky_l",
      "local": {
        "location": {
          "x": 0.0,
          "y": 0.0,
          "z": 0.0
        },
        "rotation_quaternion": {
          "w": 0.9996944665908813,
          "x": -0.022459473460912704,
          "y": -0.008207488805055618,
          "z": -0.006257015746086836
        },
        "scale": {
          "x": 1.0,
          "y": 1.0,
          "z": 1.0
        },
        "matrix_basis": [
          [
            0.9997869729995728,
            0.01287887990474701,
            -0.0161289032548666,
            0.0
          ],
          [
            -0.012141535989940166,
            0.9989128708839417,
            0.04500793293118477,
            0.0
          ],
          [
            0.016691021621227264,
            -0.04480251297354698,
            0.9988564252853394,
            0.0
          ],
          [
            0.0,
            0.0,
            0.0,
            1.0
          ]
        ],
        "rotation_mode": "QUATERNION"
      },
      "armature_space": {
        "head": {
          "x": 0.6242474317550659,
          "y": -0.021829811856150627,
          "z": 0.47928598523139954
        },
        "tail": {
          "x": 0.7247719764709473,
          "y": 0.002614205703139305,
          "z": 0.49114033579826355
        }
      },
      "world_space": {
        "head": {
          "x": 0.6242474317550659,
          "y": 0.04141418635845184,
          "z": 1.4291399717330933
        },
        "tail": {
          "x": 0.7247719764709473,
          "y": 0.06585820764303207,
          "z": 1.440994381904602
        },
        "rotation_quaternion": {
          "w": 0.7661495208740234,
          "x": 0.20692558586597443,
          "y": 0.17432016134262085,
          "z": -0.5829315781593323
        },
        "matrix": [
          [
            0.2596059739589691,
            0.9653681516647339,
            0.025861229747533798,
            0.6242474317550659
          ],
          [
            -0.8210837841033936,
            0.23474349081516266,
            -0.5203049182891846,
            0.04141418635845184
          ],
          [
            -0.5083610415458679,
            0.11384107172489166,
            0.8535944819450378,
            1.4291399717330933
          ],
          [
            0.0,
            0.0,
            0.0,
            1.0
          ]
        ]
      },
      "bone_length_armature_space": 0.10413078283596723,
      "parent": "lowerarm_l",
      "has_children": true,
      "is_end_bone": false
    },
    "pinky_01_l": {
      "name": "pinky_01_l",
      "local": {
        "location": {
          "x": 0.0,
          "y": 0.0,
          "z": 0.0
        },
        "rotation_quaternion": {
          "w": 0.967094898223877,
          "x": 0.25420036911964417,
          "y": -0.00287650222890079,
          "z": 0.01007228996604681
        },
        "scale": {
          "x": 1.0,
          "y": 1.0,
          "z": 1.0
        },
        "matrix_basis": [
          [
            0.999780535697937,
            -0.02094413712620735,
            -0.00044294161489233375,
            0.0
          ],
          [
            0.018019305542111397,
            0.870561420917511,
            -0.4917297065258026,
            0.0
          ],
          [
            0.010684461332857609,
            0.49161380529403687,
            0.8707478046417236,
            0.0
          ],
          [
            0.0,
            0.0,
            0.0,
            1.0
          ]
        ],
        "rotation_mode": "QUATERNION"
      },
      "armature_space": {
        "head": {
          "x": 0.7247719764709473,
          "y": 0.002614205703139305,
