{
  "metadata": {
    "armature_name": "KIM_caucasian_male",
    "export_time": "2026-01-13T19:11:09.620841",
    "blender_version": "4.4.1",
    "bone_count": 56,
    "end_bone_count": 13,
    "spaces_included": [
      "LOCAL_CHANNELS",
      "ARMATURE_SPACE",
      "WORLD_SPACE"
    ],
    "note": "LOCAL matches Transform panel; replay pose via local.matrix_basis for best fidelity."
  },
  "bones": {
    "Root": {
      "name": "Root",
      "local": {
        "location": {
          "x": 0.0,
          "y": 0.0,
          "z": 0.0
        },
        "rotation_quaternion": {
          "w": 0.9997526407241821,
          "x": -0.013277672231197357,
          "y": -0.005693100392818451,
          "z": -0.016914697363972664
        },
        "scale": {
          "x": 1.0,
          "y": 1.0,
          "z": 1.0
        },
        "matrix_basis": [
          [
            0.9993629455566406,
            0.033972207456827164,
            -0.010934208519756794,
            0.0
          ],
          [
            -0.0336698442697525,
            0.999075174331665,
            0.02674137055873871,
            0.0
          ],
          [
            0.01183255948126316,
            -0.026356181129813194,
            0.9995825886726379,
            0.0
          ],
          [
            0.0,
            0.0,
            0.0,
            1.0
          ]
        ],
        "rotation_mode": "QUATERNION"
      },
      "armature_space": {
        "head": {
          "x": 0.0,
          "y": 0.07072800397872925,
          "z": -0.009595036506652832
        },
        "tail": {
          "x": 0.0024247958790510893,
          "y": 0.0003183037042617798,
          "z": 0.0018552588298916817
        }
      },
      "world_space": {
        "head": {
          "x": 0.0,
          "y": 0.13397200405597687,
          "z": 0.9402589797973633
        },
        "tail": {
          "x": 0.0024247958790510893,
          "y": 0.0635623037815094,
          "z": 0.9517092704772949
        },
        "rotation_quaternion": {
          "w": 0.08059849590063095,
          "x": 0.9965868592262268,
          "y": 0.01649273931980133,
          "z": -0.006819676607847214
        },
        "matrix": [
          [
            0.9993629455566406,
            0.033972207456827164,
            -0.010934208519756794,
            0.0
          ],
          [
            0.031773582100868225,
            -0.9864636659622192,
            -0.160872220993042,
            0.13397200405597687
          ],
          [
            -0.016251467168331146,
            0.16042250394821167,
            -0.9869217872619629,
            0.9402589797973633
          ],
          [
            0.0,
            0.0,
            0.0,
            1.0
          ]
        ]
      },
      "bone_length_armature_space": 0.07137587049981399,
      "parent": null,
      "has_children": true,
      "is_end_bone": false
    },
    "spine_01": {
      "name": "spine_01",
      "local": {
        "location": {
          "x": 0.0,
          "y": 0.0,
          "z": 0.0
        },
        "rotation_quaternion": {
          "w": 0.9988900423049927,
          "x": -0.04561600089073181,
          "y": 0.01154092513024807,
          "z": -0.0021447387989610434
        },
        "scale": {
          "x": 1.0,
          "y": 1.0,
          "z": 1.0
        },
        "matrix_basis": [
          [
            0.9997243881225586,
            0.00323181482963264,
            0.02325189858675003,
            0.0
          ],
          [
            -0.005337618291378021,
            0.995829164981842,
            0.09108123183250427,
            0.0
          ],
          [
            -0.022860562428832054,
            -0.0911802425980568,
            0.9955719709396362,
            0.0
          ],
          [
            0.0,
            0.0,
            0.0,
            1.0
          ]
        ],
        "rotation_mode": "QUATERNION"
      },
      "armature_space": {
        "head": {
          "x": 0.0024247958790510893,
          "y": 0.0003183037042617798,
          "z": 0.0018552588298916817
        },
        "tail": {
          "x": 0.009283310733735561,
          "y": 0.08042581379413605,
          "z": 0.48319119215011597
        }
      },
      "world_space": {
        "head": {
          "x": 0.0024247958790510893,
          "y": 0.0635623037815094,
          "z": 0.9517092704772949
        },
        "tail": {
          "x": 0.009283310733735561,
          "y": 0.14366981387138367,
          "z": 1.4330451488494873
        },
        "rotation_quaternion": {
          "w": 0.7624832987785339,
          "x": 0.6463359594345093,
          "y": 0.026384998112916946,
          "z": 0.013149690814316273
        },
        "matrix": [
          [
            0.9982618093490601,
            0.014054298400878906,
            0.05723436921834946,
            0.0024247958790510893
          ],
          [
            0.054159872233867645,
            0.1641543209552765,
            -0.9849467277526855,
            0.0635623037815094
          ],
          [
            -0.02323811687529087,
            0.986341655254364,
            0.16310805082321167,
            0.9517092704772949
          ],
          [
            0.0,
            0.0,
            0.0,
            1.0
          ]
        ]
      },
      "bone_length_armature_space": 0.4880046461380078,
      "parent": "Root",
      "has_children": true,
      "is_end_bone": false
    },
    "neck_01": {
      "name": "neck_01",
      "local": {
        "location": {
          "x": 0.0,
          "y": 0.0,
          "z": 0.0
        },
        "rotation_quaternion": {
          "w": 0.9894105195999146,
          "x": -0.02566150762140751,
          "y": -0.03956080228090286,
          "z": 0.13727091252803802
        },
        "scale": {
          "x": 1.0,
          "y": 1.0,
          "z": 1.0
        },
        "matrix_basis": [
          [
            0.9591832756996155,
            -0.2696041762828827,
            -0.08532890677452087,
            0.0
          ],
          [
            0.2736649513244629,
            0.9609963893890381,
            0.0399184376001358,
            0.0
          ],
          [
            0.07123859226703644,
            -0.061640627682209015,
            0.9955528378486633,
            0.0
          ],
          [
            0.0,
            0.0,
            0.0,
            1.0
          ]
        ],
        "rotation_mode": "QUATERNION"
      },
      "armature_space": {
        "head": {
          "x": 0.012297257781028748,
          "y": 0.058286555111408234,
          "z": 0.5610662698745728
        },
        "tail": {
          "x": -0.01216389611363411,
          "y": 0.04108382761478424,
          "z": 0.6591299176216125
        }
      },
      "world_space": {
        "head": {
          "x": 0.012297257781028748,
          "y": 0.12153055518865585,
          "z": 1.5109202861785889
        },
        "tail": {
          "x": -0.01216389611363411,
          "y": 0.10432782769203186,
          "z": 1.6089839935302734
        },
        "rotation_quaternion": {
          "w": 0.6365315914154053,
          "x": 0.761585533618927,
          "y": -0.1045427918434143,
          "z": 0.06233708932995796
        },
        "matrix": [
          [
            0.9703696966171265,
            -0.23859573900699615,
            -0.03814089298248291,
            0.012297257781028748
          ],
          [
            -0.07987888157367706,
            -0.16779658198356628,
            -0.9825802445411682,
            0.12153055518865585
          ],
          [
            0.22804105281829834,
            0.9565192461013794,
            -0.18188564479351044,
            1.5109202861785889
          ],
          [
            0.0,
            0.0,
            0.0,
            1.0
          ]
        ]
      },
      "bone_length_armature_space": 0.10252200322501262,
      "parent": "spine_01",
      "has_children": true,
      "is_end_bone": false
    },
    "head": {
      "name": "head",
      "local": {
        "location": {
          "x": 0.0,
          "y": 0.0,
          "z": 0.0
        },
        "rotation_quaternion": {
          "w": 0.9893898963928223,
          "x": 0.01768806017935276,
          "y": 0.039053335785865784,
          "z": 0.13881564140319824
        },
        "scale": {
          "x": 1.0,
          "y": 1.0,
          "z": 1.0
        },
        "matrix_basis": [
          [
            0.9584100842475891,
            -0.2733040452003479,
            0.08218871057033539,
            0.0
          ],
          [
            0.2760671377182007,
            0.9608346819877625,
            -0.024158349260687828,
            0.0
          ],
          [
            -0.07236719131469727,
            0.045843202620744705,
            0.9963239431381226,
            0.0
          ],
          [
            0.0,
            0.0,
            0.0,
            1.0
          ]
        ],
        "rotation_mode": "QUATERNION"
      },
      "armature_space": {
        "head": {
          "x": -0.012163884937763214,
          "y": 0.0410836860537529,
          "z": 0.6591298580169678
        },
        "tail": {
          "x": -0.08534687012434006,
          "y": 0.06727100163698196,
          "z": 0.7933375835418701
        }
      },
      "world_space": {
        "head": {
          "x": -0.012163884937763214,
          "y": 0.10432768613100052,
          "z": 1.6089838743209839
        },
        "tail": {
          "x": -0.08534687012434006,
          "y": 0.13051500916481018,
          "z": 1.7431915998458862
        },
        "rotation_quaternion": {
          "w": 0.7450162768363953,
          "x": 0.6207584738731384,
          "y": -0.17139539122581482,
          "z": 0.17387758195400238
        },
        "matrix": [
          [
            0.8807803988456726,
            -0.4718736708164215,
            -0.03951068967580795,
            -0.012163884937763214
          ],
          [
            0.04629585146903992,
            0.16885216534137726,
            -0.9845536947250366,
            0.10432768613100052
          ],
          [
            0.4712597131729126,
            0.8653527498245239,
            0.17056778073310852,
            1.6089838743209839
          ],
          [
            0.0,
            0.0,
            0.0,
            1.0
          ]
        ]
      },
      "bone_length_armature_space": 0.1550910640805865,
      "parent": "neck_01",
      "has_children": false,
      "is_end_bone": true
    },
    "upperarm_l": {
      "name": "upperarm_l",
      "local": {
        "location": {
          "x": 0.0,
          "y": 0.0,
          "z": 0.0
        },
        "rotation_quaternion": {
          "w": 0.796122670173645,
          "x": 0.20270748436450958,
          "y": 0.48492223024368286,
          "z": 0.29991474747657776
        },
        "scale": {
          "x": 1.0,
          "y": 1.0,
          "z": 1.0
        },
        "matrix_basis": [
          [
            0.3498031497001648,
            -0.2809431254863739,
            0.8937050700187683,
            0.0
          ],
          [
            0.6741325855255127,
            0.7379216551780701,
            -0.03188939020037651,
            0.0
          ],
          [
            -0.6505252122879028,
            0.6136307120323181,
            0.4475202262401581,
            0.0
          ],
          [
            0.0,
            0.0,
            0.0,
            1.0
          ]
        ],
        "rotation_mode": "QUATERNION"
      },
      "armature_space": {
        "head": {
          "x": 0.1612745076417923,
          "y": 0.052236974239349365,
          "z": 0.4918109178543091
        },
        "tail": {
          "x": 0.3765287399291992,
          "y": -0.08159443736076355,
          "z": 0.5787733793258667
        }
      },
      "world_space": {
        "head": {
          "x": 0.1612745076417923,
          "y": 0.11548097431659698,
          "z": 1.4416649341583252
        },
        "tail": {
          "x": 0.3765287399291992,
          "y": -0.01835043728351593,
          "z": 1.5286273956298828
        },
        "rotation_quaternion": {
          "w": 0.26215648651123047,
          "x": 0.8537265658378601,
          "y": 0.4260979890823364,
          "z": -0.1444488912820816
        },
        "matrix": [
          [
            0.5951497554779053,
            0.8032789826393127,
            -0.02322942391037941,
            0.1612745076417923
          ],
          [
            0.6518065929412842,
            -0.4994279146194458,
            -0.5707188844680786,
            0.11548097431659698
          ],
          [
            -0.4700506329536438,
            0.3245238959789276,
            -0.8208232522010803,
            1.4416649341583252
          ],
          [
            0.0,
            0.0,
            0.0,
            1.0
          ]
        ]
      },
      "bone_length_armature_space": 0.2679695934304624,
      "parent": "spine_01",
      "has_children": true,
      "is_end_bone": false
    },
    "lowerarm_l": {
      "name": "lowerarm_l",
      "local": {
        "location": {
          "x": 0.0,
          "y": 0.0,
          "z": 0.0
        },
        "rotation_quaternion": {
          "w": 0.9202654957771301,
          "x": 0.36649343371391296,
          "y": 0.13298195600509644,
          "z": -0.03331273794174194
        },
        "scale": {
          "x": 1.0,
          "y": 1.0,
          "z": 1.0
        },
        "matrix_basis": [
          [
            0.9624121189117432,
            0.15878716111183167,
            0.2203396111726761,
            0.0
          ],
          [
            0.0361609011888504,
            0.7291456460952759,
            -0.6834025382995605,
            0.0
          ],
          [
            -0.2691752016544342,
            0.6656825542449951,
            0.6959967017173767,
            0.0
          ],
          [
            0.0,
            0.0,
            0.0,
            1.0
          ]
        ],
        "rotation_mode": "QUATERNION"
      },
      "armature_space": {
        "head": {
          "x": 0.37652871012687683,
          "y": -0.08159458637237549,
          "z": 0.5787734389305115
        },
        "tail": {
          "x": 0.5133782625198364,
          "y": -0.2819410562515259,
          "z": 0.46606555581092834
        }
      },
      "world_space": {
        "head": {
          "x": 0.37652871012687683,
          "y": -0.01835058629512787,
          "z": 1.5286273956298828
        },
        "tail": {
          "x": 0.5133782625198364,
          "y": -0.21869705617427826,
          "z": 1.415919542312622
        },
        "rotation_quaternion": {
          "w": 0.15039949119091034,
          "x": -0.9059082269668579,
          "y": -0.3208346962928772,
          "z": 0.2318955361843109
        },
        "matrix": [
          [
            0.6865784525871277,
            0.5115401744842529,
            -0.5166589021682739,
            0.37652871012687683
          ],
          [
            0.6510478258132935,
            -0.7488901615142822,
            0.12369430065155029,
            -0.01835058629512787
          ],
          [
            -0.3236478567123413,
            -0.4212993383407593,
            -0.8472148180007935,
            1.5286273956298828
          ],
          [
            0.0,
            0.0,
            0.0,
            1.0
          ]
        ]
      },
      "bone_length_armature_space": 0.2675249018954757,
      "parent": "upperarm_l",
      "has_children": true,
      "is_end_bone": false
    },
    "metacarpal_thumb_l": {
      "name": "metacarpal_thumb_l",
      "local": {
        "location": {
          "x": 0.0,
          "y": 0.0,
          "z": 0.0
        },
        "rotation_quaternion": {
          "w": 0.9996403455734253,
          "x": 0.024498315528035164,
          "y": 0.006504821125417948,
          "z": -0.008768678642809391
        },
        "scale": {
          "x": 1.0,
          "y": 1.0,
          "z": 1.0
        },
        "matrix_basis": [
          [
            0.9997615814208984,
            0.017849763855338097,
            0.012575327418744564,
            0.0
          ],
          [
            -0.017212335020303726,
            0.9986459016799927,
            -0.049093086272478104,
            0.0
          ],
          [
            -0.01343459915369749,
            0.048864930868148804,
            0.9987150430679321,
            0.0
          ],
          [
            0.0,
            0.0,
            0.0,
            1.0
          ]
        ],
        "rotation_mode": "QUATERNION"
      },
      "armature_space": {
        "head": {
          "x": 0.5133782625198364,
          "y": -0.2819410562515259,
          "z": 0.46606555581092834
        },
        "tail": {
          "x": 0.5266261696815491,
          "y": -0.30022600293159485,
          "z": 0.4219774007797241
        }
      },
      "world_space": {
        "head": {
          "x": 0.5133782625198364,
          "y": -0.21869705617427826,
          "z": 1.415919542312622
        },
        "tail": {
          "x": 0.5266261696815491,
          "y": -0.23698200285434723,
          "z": 1.3718314170837402
        },
        "rotation_quaternion": {
          "w": 0.556430995464325,
          "x": -0.7527229189872742,
          "y": 0.07625112682580948,
          "z": -0.3434799611568451
        },
        "matrix": [
          [
            0.7524154782295227,
            0.26745301485061646,
            0.6019463539123535,
            0.5133782625198364
          ],
          [
            -0.49703601002693176,
            -0.36914190649986267,
            0.7852957844734192,
            -0.21869705617427826
          ],
          [
            0.4322359263896942,
            -0.8900643587112427,
            -0.14481468498706818,
            1.415919542312622
          ],
          [
            0.0,
            0.0,
            0.0,
            1.0
          ]
        ]
      },
      "bone_length_armature_space": 0.049533945494067845,
      "parent": "lowerarm_l",
      "has_children": true,
      "is_end_bone": false
    },
    "thumb_01_l": {
      "name": "thumb_01_l",
      "local": {
        "location": {
          "x": 0.0,
          "y": 0.0,
          "z": 0.0
        },
        "rotation_quaternion": {
          "w": 0.9980197548866272,
          "x": -0.059316541999578476,
          "y": 0.013785199262201786,
          "z": 0.01575242541730404
        },
        "scale": {
          "x": 1.0,
          "y": 1.0,
          "z": 1.0
        },
        "matrix_basis": [
          [
            0.9991236329078674,
            -0.033077843487262726,
            0.02564704418182373,
            0.0
          ],
          [
            0.029807083308696747,
            0.9924668073654175,
            0.11883246153593063,
            0.0
          ],
          [
            -0.029384560883045197,
            -0.11796385794878006,
            0.9925830364227295,
            0.0
          ],
          [
            0.0,
            0.0,
            0.0,
            1.0
          ]
        ],
        "rotation_mode": "QUATERNION"
      },
      "armature_space": {
        "head": {
          "x": 0.5266261696815491,
          "y": -0.30022600293159485,
          "z": 0.4219774007797241
        },
        "tail": {
          "x": 0.5415175557136536,
          "y": -0.2840339243412018,
          "z": 0.39600247144699097
        }
      },
      "world_space": {
        "head": {
          "x": 0.5266261696815491,
          "y": -0.23698200285434723,
          "z": 1.3718314170837402
        },
        "tail": {
          "x": 0.5415175557136536,
          "y": -0.22078992426395416,
          "z": 1.3458564281463623
        },
        "rotation_quaternion": {
          "w": 0.6122940182685852,
          "x": -0.1380217969417572,
          "y": 0.6024503111839294,
          "z": -0.4930514693260193
        },
        "matrix": [
          [
            -0.21209247410297394,
            0.4374856650829315,
            0.8738551735877991,
            0.5266261696815491
          ],
          [
            -0.7700879573822021,
            0.4756980836391449,
            -0.42505985498428345,
            -0.23698200285434723
          ],
          [
            -0.601653516292572,
            -0.7631024122238159,
            0.2360115945339203,
            1.3718314170837402
          ],
          [
            0.0,
            0.0,
            0.0,
            1.0
          ]
        ]
      },
      "bone_length_armature_space": 0.03403870893449191,
      "parent": "metacarpal_thumb_l",
      "has_children": true,
      "is_end_bone": false
    },
    "thumb_02_l": {
      "name": "thumb_02_l",
      "local": {
        "location": {
          "x": 0.0,
          "y": 0.0,
          "z": 0.0
        },
        "rotation_quaternion": {
          "w": 0.9959641695022583,
          "x": 0.08915021270513535,
          "y": 0.0007584801642224193,
          "z": -0.010353980585932732
        },
        "scale": {
          "x": 1.0,
          "y": 1.0,
          "z": 1.0
        },
        "matrix_basis": [
          [
            0.9997844099998474,
            0.020759625360369682,
            -0.000335281016305089,
            0.0
          ],
          [
            -0.020489150658249855,
            0.9838900566101074,
            -0.1775965392589569,
            0.0
          ],
          [
            -0.0033569573424756527,
            0.17756512761116028,
            0.9841033220291138,
            0.0
          ],
          [
            0.0,
            0.0,
            0.0,
            1.0
          ]
        ],
        "rotation_mode": "QUATERNION"
      },
      "armature_space": {
        "head": {
          "x": 0.5415174961090088,
          "y": -0.284033864736557,
          "z": 0.39600250124931335
        },
        "tail": {
          "x": 0.5643234848976135,
          "y": -0.31011298298835754,
          "z": 0.3756812810897827
        }
      },
      "world_space": {
        "head": {
          "x": 0.5415174961090088,
          "y": -0.2207898646593094,
          "z": 1.3458565473556519
        },
        "tail": {
          "x": 0.5643234848976135,
          "y": -0.24686898291110992,
          "z": 1.3255352973937988
        },
        "rotation_quaternion": {
          "w": 0.2460174858570099,
          "x": 0.19371454417705536,
          "y": 0.3388523459434509,
          "z": -0.8872030377388
        },
        "matrix": [
          [
            -0.8039001226425171,
            0.5678163170814514,
            -0.17699983716011047,
            0.5415174961090088
          ],
          [
            -0.3052552044391632,
            -0.6493089199066162,
            -0.6965752840042114,
            -0.2207898646593094
          ],
          [
            -0.5104581117630005,
            -0.5059509873390198,
            0.6953127384185791,
            1.3458565473556519
          ],
          [
            0.0,
            0.0,
            0.0,
            1.0
          ]
        ]
      },
      "bone_length_armature_space": 0.0401644806785384,
      "parent": "thumb_01_l",
      "has_children": true,
      "is_end_bone": false
    },
    "thumb_03_l": {
      "name": "thumb_03_l",
      "local": {
        "location": {
          "x": 0.0,
          "y": 0.0,
          "z": 0.0
        },
        "rotation_quaternion": {
          "w": 0.9984844326972961,
          "x": 0.054596029222011566,
          "y": 0.006786085665225983,
          "z": -0.0014744913205504417
        },
        "scale": {
          "x": 1.0,
          "y": 1.0,
          "z": 1.0
        },
        "matrix_basis": [
          [
            0.9999035596847534,
            0.003685500007122755,
            0.013390598818659782,
            0.0
          ],
          [
            -0.002203526673838496,
            0.9940341711044312,
            -0.1090465858578682,
            0.0
          ],
          [
            -0.013712604530155659,
            0.10900656133890152,
            0.9939464330673218,
            0.0
          ],
          [
            0.0,
            0.0,
            0.0,
            1.0
          ]
        ],
        "rotation_mode": "QUATERNION"
      },
      "armature_space": {
        "head": {
          "x": 0.5643234252929688,
          "y": -0.31011292338371277,
          "z": 0.3756812512874603
        },
        "tail": {
          "x": 0.5811211466789246,
          "y": -0.33506742119789124,
          "z": 0.37099072337150574
        }
      },
      "world_space": {
        "head": {
          "x": 0.5643234252929688,
          "y": -0.24686892330646515,
          "z": 1.3255352973937988
        },
        "tail": {
          "x": 0.5811211466789246,
          "y": -0.2718234062194824,
          "z": 1.3208447694778442
        },
        "rotation_quaternion": {
          "w": 0.22028645873069763,
          "x": 0.4361441731452942,
          "y": 0.20406679809093475,
          "z": -0.848297655582428
        },
        "matrix": [
          [
            -0.5225042700767517,
            0.5517421364784241,
            -0.6500535607337952,
            0.5643234252929688
          ],
          [
            -0.19573278725147247,
            -0.8196611404418945,
            -0.5383719205856323,
            -0.24686892330646515
          ],
          [
            -0.8298719525337219,
            -0.15406663715839386,
            0.5362739562988281,
            1.3255352973937988
          ],
          [
            0.0,
            0.0,
            0.0,
            1.0
          ]
        ]
      },
      "bone_length_armature_space": 0.030444892332454,
      "parent": "thumb_02_l",
      "has_children": false,
      "is_end_bone": true
    },
    "metacarpal_index_l": {
      "name": "metacarpal_index_l",
      "local": {
        "location": {
          "x": 0.0,
          "y": 0.0,
          "z": 0.0
        },
        "rotation_quaternion": {
          "w": 0.999788761138916,
          "x": -0.015619083307683468,
          "y": 0.012997835874557495,
          "z": 0.003092581871896982
        },
        "scale": {
          "x": 1.0,
          "y": 1.0,
          "z": 1.0
        },
        "matrix_basis": [
          [
            0.9996429681777954,
            -0.006589885801076889,
            0.025893574580550194,
            0.0
          ],
          [
            0.005777828861027956,
            0.9994929432868958,
            0.03131196275353432,
            0.0
          ],
          [
            -0.02608678676187992,
            -0.031151173636317253,
            0.999174177646637,
            0.0
          ],
          [
            0.0,
            0.0,
            0.0,
            1.0
          ]
        ],
        "rotation_mode": "QUATERNION"
      },
      "armature_space": {
        "head": {
          "x": 0.5133782625198364,
          "y": -0.2819410562515259,
          "z": 0.46606555581092834
        },
        "tail": {
          "x": 0.5546396374702454,
          "y": -0.3599320650100708,
          "z": 0.3889668583869934
        }
      },
      "world_space": {
        "head": {
          "x": 0.5133782625198364,
          "y": -0.21869705617427826,
          "z": 1.415919542312622
        },
        "tail": {
          "x": 0.5546396374702454,
          "y": -0.2966880798339844,
          "z": 1.3388209342956543
        },
        "rotation_quaternion": {
          "w": 0.389427125453949,
          "x": -0.897577702999115,
          "y": -0.12466084957122803,
          "z": -0.16480478644371033
        },
        "matrix": [
          [
            0.9145982265472412,
            0.3521444797515869,
            0.19875650107860565,
            0.5133782625198364
          ],
          [
            0.09542800486087799,
            -0.6656127572059631,
            0.7401710748672485,
            -0.21869705617427826
          ],
          [
            0.3929448127746582,
            -0.6579975485801697,
            -0.6423764824867249,
            1.415919542312622
          ],
          [
            0.0,
            0.0,
            0.0,
            1.0
          ]
        ]
      },
      "bone_length_armature_space": 0.11717212943762143,
      "parent": "lowerarm_l",
      "has_children": true,
      "is_end_bone": false
    },
    "index_01_l": {
      "name": "index_01_l",
      "local": {
        "location": {
          "x": 0.0,
          "y": 0.0,
          "z": 0.0
        },
        "rotation_quaternion": {
          "w": 0.9946054220199585,
          "x": -0.10359348356723785,
          "y": 0.005204250570386648,
          "z": 0.001155255944468081
        },
        "scale": {
          "x": 1.0,
          "y": 1.0,
          "z": 1.0
        },
        "matrix_basis": [
          [
            0.9999431371688843,
            -0.003376300446689129,
            0.010112998075783253,
            0.0
          ],
          [
            0.0012197947362437844,
            0.9785341024398804,
            0.2060813009738922,
            0.0
          ],
          [
            -0.010591705329716206,
            -0.20605725049972534,
            0.9784826040267944,
            0.0
          ],
          [
            0.0,
            0.0,
            0.0,
            1.0
          ]
        ],
        "rotation_mode": "QUATERNION"
      },
      "armature_space": {
        "head": {
          "x": 0.5546396374702454,
          "y": -0.3599320650100708,
          "z": 0.3889668583869934
        },
        "tail": {
          "x": 0.5700324773788452,
          "y": -0.382925808429718,
          "z": 0.38208070397377014
        }
      },
      "world_space": {
        "head": {
          "x": 0.5546396374702454,
          "y": -0.2966880798339844,
          "z": 1.3388209342956543
        },
        "tail": {
          "x": 0.5700324773788452,
          "y": -0.3196818232536316,
          "z": 1.3319346904754639
        },
        "rotation_quaternion": {
          "w": 0.2061181217432022,
          "x": -0.9069417119026184,
          "y": -0.23306581377983093,
          "z": -0.283993661403656
        },
        "matrix": [
          [
            0.7300559282302856,
            0.5398268103599548,
            0.4190525710582733,
            0.5546396374702454
          ],
          [
            0.3056826889514923,
            -0.806391179561615,
            0.5062524080276489,
            -0.2966880798339844
          ],
          [
            0.6112134456634521,
            -0.24149800837039948,
            -0.7537311911582947,
            1.3388209342956543
          ],
          [
            0.0,
            0.0,
            0.0,
            1.0
          ]
        ]
      },
      "bone_length_armature_space": 0.028514397722629155,
      "parent": "metacarpal_index_l",
      "has_children": true,
      "is_end_bone": false
    },
    "index_02_l": {
      "name": "index_02_l",
      "local": {
        "location": {
          "x": 0.0,
          "y": 0.0,
          "z": 0.0
        },
        "rotation_quaternion": {
          "w": 0.9991236925125122,
          "x": 0.0415768176317215,
          "y": 0.0028893754351884127,
          "z": 0.003873412497341633
        },
        "scale": {
          "x": 1.0,
          "y": 1.0,
          "z": 1.0
        },
        "matrix_basis": [
          [
            0.9999532699584961,
            -0.00749977445229888,
            0.006095775403082371,
            0.0
          ],
          [
            0.00798029825091362,
            0.9965127110481262,
            -0.08305838704109192,
            0.0
          ],
          [
            -0.005451598670333624,
            0.08310315012931824,
            0.9965260624885559,
            0.0
          ],
          [
            0.0,
            0.0,
            0.0,
            1.0
          ]
        ],
        "rotation_mode": "QUATERNION"
      },
      "armature_space": {
        "head": {
          "x": 0.5700325965881348,
          "y": -0.3829260468482971,
          "z": 0.38208022713661194
        },
        "tail": {
          "x": 0.5847173929214478,
          "y": -0.40282079577445984,
          "z": 0.37525033950805664
        }
      },
      "world_space": {
        "head": {
          "x": 0.5700325965881348,
          "y": -0.3196820616722107,
          "z": 1.3319342136383057
        },
        "tail": {
          "x": 0.5847173929214478,
          "y": -0.339576780796051,
          "z": 1.3251043558120728
        },
        "rotation_quaternion": {
          "w": 0.21758508682250977,
          "x": -0.9076846241950989,
          "y": -0.254743754863739,
          "z": -0.2527272403240204
        },
        "matrix": [
          [
            0.7424691319465637,
            0.5724334716796875,
            0.34793561697006226,
            0.5700325965881348
          ],
          [
            0.3524756133556366,
            -0.7755244970321655,
            0.5237584114074707,
            -0.3196820616722107
          ],
          [
            0.5696536898612976,
            -0.266238272190094,
            -0.7775768041610718,
            1.3319342136383057
          ],
          [
            0.0,
            0.0,
            0.0,
            1.0
          ]
        ]
      },
      "bone_length_armature_space": 0.025653296964794788,
      "parent": "index_01_l",
      "has_children": true,
      "is_end_bone": false
    },
    "index_03_l": {
      "name": "index_03_l",
      "local": {
        "location": {
          "x": 0.0,
          "y": 0.0,
          "z": 0.0
        },
        "rotation_quaternion": {
          "w": 0.9997941255569458,
          "x": 0.019449196755886078,
          "y": 0.0057664671912789345,
          "z": 0.000395687238778919
        },
        "scale": {
          "x": 1.0,
          "y": 1.0,
          "z": 1.0
        },
        "matrix_basis": [
          [
            0.9999331831932068,
            -0.0005669052479788661,
            0.01154595147818327,
            0.0
          ],
          [
            0.0010155178606510162,
            0.9992431402206421,
            -0.03888582065701485,
            0.0
          ],
          [
            -0.011515168473124504,
            0.03889494761824608,
            0.9991769790649414,
            0.0
          ],
          [
            0.0,
            0.0,
            0.0,
            1.0
          ]
        ],
        "rotation_mode": "QUATERNION"
      },
      "armature_space": {
        "head": {
          "x": 0.5847172737121582,
          "y": -0.4028208553791046,
          "z": 0.3752504587173462
        },
        "tail": {
          "x": 0.6045346856117249,
          "y": -0.42230650782585144,
          "z": 0.36623314023017883
        }
      },
      "world_space": {
        "head": {
          "x": 0.5847172737121582,
          "y": -0.3395768404006958,
          "z": 1.3251044750213623
        },
        "tail": {
          "x": 0.6045346856117249,
          "y": -0.3590624928474426,
          "z": 1.3160871267318726
        },
        "rotation_quaternion": {
          "w": 0.2752939760684967,
          "x": -0.8684794306755066,
          "y": -0.3012774884700775,
          "z": -0.28140464425086975
        },
        "matrix": [
          [
            0.6600865125656128,
            0.6782447695732117,
            0.32290753722190857,
            0.5847172737121582
          ],
          [
            0.36837005615234375,
            -0.6668899059295654,
            0.6477357149124146,
            -0.3395768404006958
          ],
          [
            0.6546720266342163,
            -0.3086150288581848,
            -0.6900544166564941,
            1.3251044750213623
          ],
          [
            0.0,
            0.0,
            0.0,
            1.0
          ]
        ]
      },
      "bone_length_armature_space": 0.02921870116020809,
      "parent": "index_02_l",
      "has_children": false,
      "is_end_bone": true
    },
    "metacarpal_pinky_l": {
      "name": "metacarpal_pinky_l",
      "local": {
        "location": {
          "x": 0.0,
          "y": 0.0,
          "z": 0.0
        },
        "rotation_quaternion": {
          "w": 0.999915361404419,
          "x": -0.003454214660450816,
          "y": 0.0054292501881718636,
          "z": -0.011313091032207012
        },
        "scale": {
          "x": 1.0,
          "y": 1.0,
          "z": 1.0
        },
        "matrix_basis": [
          [
            0.9996850490570068,
            0.02258675917983055,
            0.010935736820101738,
            0.0
          ],
          [
            -0.02266177535057068,
            0.9997201561927795,
            0.00678500160574913,
            0.0
          ],
          [
            -0.010779425501823425,
            -0.007030687760561705,
            0.999917209148407,
            0.0
          ],
          [
            0.0,
            0.0,
            0.0,
            1.0
          ]
        ],
        "rotation_mode": "QUATERNION"
      },
      "armature_space": {
        "head": {
          "x": 0.5133782625198364,
          "y": -0.2819410562515259,
          "z": 0.46606555581092834
        },
        "tail": {
          "x": 0.581045389175415,
          "y": -0.3591190576553345,
          "z": 0.4485175311565399
        }
      },
      "world_space": {
        "head": {
          "x": 0.5133782625198364,
          "y": -0.21869705617427826,
          "z": 1.415919542312622
        },
        "tail": {
          "x": 0.581045389175415,
          "y": -0.29587507247924805,
          "z": 1.3983715772628784
        },
        "rotation_quaternion": {
          "w": 0.1995691955089569,
          "x": 0.6215267777442932,
          "y": 0.2993166148662567,
          "z": -0.6959068179130554
        },
        "matrix": [
          [
            -0.1477537602186203,
            0.6498283743858337,
            -0.7455813884735107,
            0.5133782625198364
          ],
          [
            0.09430237114429474,
            -0.7411644458770752,
            -0.6646671295166016,
            -0.21869705617427826
          ],
          [
            -0.9845248460769653,
            -0.16851919889450073,
            0.04822910949587822,
            1.415919542312622
          ],
          [
            0.0,
            0.0,
            0.0,
            1.0
          ]
        ]
      },
      "bone_length_armature_space": 0.10413076928055326,
      "parent": "lowerarm_l",
      "has_children": true,
      "is_end_bone": false
    },
    "pinky_01_l": {
      "name": "pinky_01_l",
      "local": {
        "location": {
          "x": 0.0,
          "y": 0.0,
          "z": 0.0
        },
        "rotation_quaternion": {
          "w": 0.9946213960647583,
          "x": -0.10270397365093231,
          "y": -0.01097748801112175,
          "z": -0.007733274716883898
        },
        "scale": {
          "x": 1.0,
          "y": 1.0,
          "z": 1.0
        },
        "matrix_basis": [
          [
            0.9996393918991089,
            0.017638225108385086,
            -0.0202484130859375,
            0.0
          ],
          [
            -0.013128497637808323,
            0.9787842035293579,
            0.20447292923927307,
            0.0
          ],
          [
            0.02342536486685276,
            -0.20413336157798767,
            0.9786627888679504,
            0.0
          ],
          [
            0.0,
            0.0,
            0.0,
            1.0
          ]
        ],
        "rotation_mode": "QUATERNION"
      },
      "armature_space": {
        "head": {
          "x": 0.581045389175415,
          "y": -0.3591190576553345,
          "z": 0.4485175311565399
        },
        "tail": {
          "x": 0.5926405787467957,
