{
  "metadata": {
    "armature_name": "KIM_caucasian_male",
    "export_time": "2026-01-13T19:12:13.981004",
    "blender_version": "4.4.1",
    "bone_count": 56,
    "end_bone_count": 13,
    "spaces_included": [
      "LOCAL_CHANNELS",
      "ARMATURE_SPACE",
      "WORLD_SPACE"
    ],
    "note": "LOCAL matches Transform panel; replay pose via local.matrix_basis for best fidelity."
  },
  "bones": {
    "Root": {
      "name": "Root",
      "local": {
        "location": {
          "x": 0.0,
          "y": 0.0,
          "z": 0.0
        },
        "rotation_quaternion": {
          "w": 0.999890148639679,
          "x": -0.007201822940260172,
          "y": -0.0036171278916299343,
          "z": -0.012445715256035328
        },
        "scale": {
          "x": 1.0,
          "y": 1.0,
          "z": 1.0
        },
        "matrix_basis": [
          [
            0.9996640682220459,
            0.024940796196460724,
            -0.0070541976019740105,
            0.0
          ],
          [
            -0.024836596101522446,
            0.9995864629745483,
            0.014492099173367023,
            0.0
          ],
          [
            0.0074127246625721455,
            -0.01431202795356512,
            0.9998701214790344,
            0.0
          ],
          [
            0.0,
            0.0,
            0.0,
            1.0
          ]
        ],
        "rotation_mode": "QUATERNION"
      },
      "armature_space": {
        "head": {
          "x": 0.0,
          "y": 0.07072800397872925,
          "z": -0.009595036506652832
        },
        "tail": {
          "x": 0.0017801710637286305,
          "y": 0.00016657263040542603,
          "z": 0.0010083001106977463
        }
      },
      "world_space": {
        "head": {
          "x": 0.0,
          "y": 0.13397200405597687,
          "z": 0.9402589797973633
        },
        "tail": {
          "x": 0.0017801710637286305,
          "y": 0.06341057270765305,
          "z": 0.9508622884750366
        },
        "rotation_quaternion": {
          "w": 0.07454570382833481,
          "x": 0.9971333742141724,
          "y": 0.01217376347631216,
          "z": -0.004447353072464466
        },
        "matrix": [
          [
            0.9996640682220459,
            0.024940796196460724,
            -0.0070541976019740105,
            0.0
          ],
          [
            0.02361466735601425,
            -0.9885894060134888,
            -0.14877279102802277,
            0.13397200405597687
          ],
          [
            -0.010684268549084663,
            0.14855632185935974,
            -0.9888533353805542,
            0.9402589797973633
          ],
          [
            0.0,
            0.0,
            0.0,
            1.0
          ]
        ]
      },
      "bone_length_armature_space": 0.07137587429224904,
      "parent": null,
      "has_children": true,
      "is_end_bone": false
    },
    "spine_01": {
      "name": "spine_01",
      "local": {
        "location": {
          "x": 0.0,
          "y": 0.0,
          "z": 0.0
        },
        "rotation_quaternion": {
          "w": 0.995867133140564,
          "x": 0.06194029003381729,
          "y": -0.040119580924510956,
          "z": 0.05293908342719078
        },
        "scale": {
          "x": 1.0,
          "y": 1.0,
          "z": 1.0
        },
        "matrix_basis": [
          [
            0.9911757707595825,
            -0.11041062325239182,
            -0.07334941625595093,
            0.0
          ],
          [
            0.10047055035829544,
            0.9867216944694519,
            -0.12761639058589935,
            0.0
          ],
          [
            0.08646567165851593,
            0.11912081390619278,
            0.9891076683998108,
            0.0
          ],
          [
            0.0,
            0.0,
            0.0,
            1.0
          ]
        ],
        "rotation_mode": "QUATERNION"
      },
      "armature_space": {
        "head": {
          "x": 0.0017801710637286305,
          "y": 0.00016657263040542603,
          "z": 0.0010083001106977463
        },
        "tail": {
          "x": -0.04623406380414963,
          "y": -0.029627595096826553,
          "z": 0.48573029041290283
        }
      },
      "world_space": {
        "head": {
          "x": 0.0017801710637286305,
          "y": 0.06341057270765305,
          "z": 0.9508622884750366
        },
        "tail": {
          "x": -0.04623406380414963,
          "y": 0.033616404980421066,
          "z": 1.435584306716919
        },
        "rotation_quaternion": {
          "w": 0.6831086874008179,
          "x": 0.7282131910324097,
          "y": -0.05325019359588623,
          "z": 0.015249786898493767
        },
        "matrix": [
          [
            0.9938637614250183,
            -0.09838958084583282,
            -0.05054180324077606,
            0.0017801710637286305
          ],
          [
            -0.05672108381986618,
            -0.06105346977710724,
            -0.9965215921401978,
            0.06341057270765305
          ],
          [
            0.09496219456195831,
            0.993280291557312,
            -0.06626098603010178,
            0.9508622884750366
          ],
          [
            0.0,
            0.0,
            0.0,
            1.0
          ]
        ]
      },
      "bone_length_armature_space": 0.4880045691037885,
      "parent": "Root",
      "has_children": true,
      "is_end_bone": false
    },
    "neck_01": {
      "name": "neck_01",
      "local": {
        "location": {
          "x": 0.0,
          "y": 0.0,
          "z": 0.0
        },
        "rotation_quaternion": {
          "w": 0.988620400428772,
          "x": -0.001773662748746574,
          "y": 0.0072527057491242886,
          "z": -0.15024589002132416
        },
        "scale": {
          "x": 1.0,
          "y": 1.0,
          "z": 1.0
        },
        "matrix_basis": [
          [
            0.9547471404075623,
            0.29704657196998596,
            0.014873316511511803,
            0.0
          ],
          [
            -0.2970980405807495,
            0.9548460245132446,
            0.001327579841017723,
            0.0
          ],
          [
            -0.013807374984025955,
            -0.005686336662620306,
            0.9998884797096252,
            0.0
          ],
          [
            0.0,
            0.0,
            0.0,
            1.0
          ]
        ],
        "rotation_mode": "QUATERNION"
      },
      "armature_space": {
        "head": {
          "x": -0.055190812796354294,
          "y": -0.06865764409303665,
          "z": 0.5561587810516357
        },
        "tail": {
          "x": -0.03570720925927162,
          "y": -0.11249740421772003,
          "z": 0.6467633843421936
        }
      },
      "world_space": {
        "head": {
          "x": -0.055190812796354294,
          "y": -0.005413644015789032,
          "z": 1.5060127973556519
        },
        "tail": {
          "x": -0.03570720925927162,
          "y": -0.04925340414047241,
          "z": 1.5966174602508545
        },
        "rotation_quaternion": {
          "w": 0.5286744236946106,
          "x": 0.8434382081031799,
          "y": 0.0818239375948906,
          "z": -0.049195971339941025
        },
        "matrix": [
          [
            0.9817692637443542,
            0.1900443732738495,
            0.0035297907888889313,
            -0.055190812796354294
          ],
          [
            0.08601036667823792,
            -0.4276160001754761,
            -0.8998594284057617,
            -0.005413644015789032
          ],
          [
            -0.16950488090515137,
            0.8837634921073914,
            -0.43616992235183716,
            1.5060127973556519
          ],
          [
            0.0,
            0.0,
            0.0,
            1.0
          ]
        ]
      },
      "bone_length_armature_space": 0.10252184836897192,
      "parent": "spine_01",
      "has_children": true,
      "is_end_bone": false
    },
    "head": {
      "name": "head",
      "local": {
        "location": {
          "x": 0.0,
          "y": 0.0,
          "z": 0.0
        },
        "rotation_quaternion": {
          "w": 0.9731775522232056,
          "x": -0.03852545842528343,
          "y": 0.16908466815948486,
          "z": -0.15116778016090393
        },
        "scale": {
          "x": 1.0,
          "y": 1.0,
          "z": 1.0
        },
        "matrix_basis": [
          [
            0.8971173763275146,
            0.28119805455207825,
            0.3407464325428009,
            0.0
          ],
          [
            -0.3072543144226074,
            0.9513281583786011,
            0.023863915354013443,
            0.0
          ],
          [
            -0.3174511790275574,
            -0.12610453367233276,
            0.9398523569107056,
            0.0
          ],
          [
            0.0,
            0.0,
            0.0,
            1.0
          ]
        ],
        "rotation_mode": "QUATERNION"
      },
      "armature_space": {
        "head": {
          "x": -0.035707224160432816,
          "y": -0.11249752342700958,
          "z": 0.646763265132904
        },
        "tail": {
          "x": 0.03163640573620796,
          "y": -0.10027915239334106,
          "z": 0.78593510389328
        }
      },
      "world_space": {
        "head": {
          "x": -0.035707224160432816,
          "y": -0.04925352334976196,
          "z": 1.5966172218322754
        },
        "tail": {
          "x": 0.03163640573620796,
          "y": -0.037035152316093445,
          "z": 1.7357890605926514
        },
        "rotation_quaternion": {
          "w": 0.6649033427238464,
          "x": 0.6786327958106995,
          "y": 0.31192028522491455,
          "z": -0.008169004693627357
        },
        "matrix": [
          [
            0.8052766919136047,
            0.4342223107814789,
            0.40370869636535645,
            -0.035707224160432816
          ],
          [
            0.41249793767929077,
            0.07878235727548599,
            -0.9075456261634827,
            -0.04925352334976196
          ],
          [
            -0.4258841276168823,
            0.8973605632781982,
            -0.11567586660385132,
            1.5966172218322754
          ],
          [
            0.0,
            0.0,
            0.0,
            1.0
          ]
        ]
      },
      "bone_length_armature_space": 0.1550911169058536,
      "parent": "neck_01",
      "has_children": false,
      "is_end_bone": true
    },
    "upperarm_l": {
      "name": "upperarm_l",
      "local": {
        "location": {
          "x": 0.0,
          "y": 0.0,
          "z": 0.0
        },
        "rotation_quaternion": {
          "w": 0.8736375570297241,
          "x": 0.444193035364151,
          "y": 0.03731314837932587,
          "z": -0.19508427381515503
        },
        "scale": {
          "x": 1.0,
          "y": 1.0,
          "z": 1.0
        },
        "matrix_basis": [
          [
            0.9210997223854065,
            0.37401437759399414,
            -0.10811381787061691,
            0.0
          ],
          [
            -0.3077174127101898,
            0.5292693376541138,
            -0.7906858325004578,
            0.0
          ],
          [
            -0.238506481051445,
            0.7615690231323242,
            0.6026005744934082,
            0.0
          ],
          [
            0.0,
            0.0,
            0.0,
            1.0
          ]
        ],
        "rotation_mode": "QUATERNION"
      },
      "armature_space": {
        "head": {
          "x": 0.10034012049436569,
          "y": -0.07624056935310364,
          "z": 0.5034356713294983
        },
        "tail": {
          "x": 0.2474646270275116,
          "y": -0.27321016788482666,
          "z": 0.39682793617248535
        }
      },
      "world_space": {
        "head": {
          "x": 0.10034012049436569,
          "y": -0.012996569275856018,
          "z": 1.4532897472381592
        },
        "tail": {
          "x": 0.2474646270275116,
          "y": -0.20996616780757904,
          "z": 1.3466819524765015
        },
        "rotation_quaternion": {
          "w": 0.08101538568735123,
          "x": 0.6136527061462402,
          "y": 0.3548424541950226,
          "z": -0.7006808519363403
        },
        "matrix": [
          [
            -0.2337341457605362,
            0.5490346550941467,
            -0.8024522066116333,
            0.10034012049436569
          ],
          [
            0.3219677209854126,
            -0.7350449562072754,
            -0.5966959595680237,
            -0.012996569275856018
          ],
          [
            -0.917451024055481,
            -0.397835373878479,
            -0.004966992884874344,
            1.4532897472381592
          ],
          [
            0.0,
            0.0,
            0.0,
            1.0
          ]
        ]
      },
      "bone_length_armature_space": 0.26796986451765237,
      "parent": "spine_01",
      "has_children": true,
      "is_end_bone": false
    },
    "lowerarm_l": {
      "name": "lowerarm_l",
      "local": {
        "location": {
          "x": 0.0,
          "y": 0.0,
          "z": 0.0
        },
        "rotation_quaternion": {
          "w": 0.9730159044265747,
          "x": 0.031043455004692078,
          "y": 0.03766583651304245,
          "z": 0.22551661729812622
        },
        "scale": {
          "x": 1.0,
          "y": 1.0,
          "z": 1.0
        },
        "matrix_basis": [
          [
            0.8954470753669739,
            -0.4365239441394806,
            0.08730054646730423,
            0.0
          ],
          [
            0.4412010610103607,
            0.8963571190834045,
            -0.04342300817370415,
            0.0
          ],
          [
            -0.059297285974025726,
            0.0774000957608223,
            0.9952352046966553,
            0.0
          ],
          [
            0.0,
            0.0,
            0.0,
            1.0
          ]
        ],
        "rotation_mode": "QUATERNION"
      },
      "armature_space": {
        "head": {
          "x": 0.24746467173099518,
          "y": -0.2732102870941162,
          "z": 0.3968280255794525
        },
        "tail": {
          "x": 0.3795664310455322,
          "y": -0.5034992694854736,
          "z": 0.4297747015953064
        }
      },
      "world_space": {
        "head": {
          "x": 0.24746467173099518,
          "y": -0.2099662870168686,
          "z": 1.346682071685791
        },
        "tail": {
          "x": 0.3795664310455322,
          "y": -0.4402552843093872,
          "z": 1.3796286582946777
        },
        "rotation_quaternion": {
          "w": 0.23075814545154572,
          "x": 0.6577246785163879,
          "y": 0.12784095108509064,
          "z": -0.7055534720420837
        },
        "matrix": [
          [
            -0.02829776704311371,
            0.49379315972328186,
            -0.8691189885139465,
            0.24746467173099518
          ],
          [
            -0.1574566811323166,
            -0.8608145117759705,
            -0.48394837975502014,
            -0.2099662870168686
          ],
          [
            -0.9871274828910828,
            0.12315391004085541,
            0.1021103635430336,
            1.346682071685791
          ],
          [
            0.0,
            0.0,
            0.0,
            1.0
          ]
        ]
      },
      "bone_length_armature_space": 0.26752453114149266,
      "parent": "upperarm_l",
      "has_children": true,
      "is_end_bone": false
    },
    "metacarpal_thumb_l": {
      "name": "metacarpal_thumb_l",
      "local": {
        "location": {
          "x": 0.0,
          "y": 0.0,
          "z": 0.0
        },
        "rotation_quaternion": {
          "w": 0.9992846250534058,
          "x": -0.03548017516732216,
          "y": 0.006776981521397829,
          "z": -0.011201754212379456
        },
        "scale": {
          "x": 1.0,
          "y": 1.0,
          "z": 1.0
        },
        "matrix_basis": [
          [
            0.9996572136878967,
            0.02190658450126648,
            0.014339147135615349,
            0.0
          ],
          [
            -0.022868378087878227,
            0.9972313642501831,
            0.07075776159763336,
            0.0
          ],
          [
            -0.01274938602000475,
            -0.07106141746044159,
            0.9973904490470886,
            0.0
          ],
          [
            0.0,
            0.0,
            0.0,
            1.0
          ]
        ],
        "rotation_mode": "QUATERNION"
      },
      "armature_space": {
        "head": {
          "x": 0.3795664310455322,
          "y": -0.5034992694854736,
          "z": 0.4297747015953064
        },
        "tail": {
          "x": 0.37462812662124634,
          "y": -0.5527331233024597,
          "z": 0.43206074833869934
        }
      },
      "world_space": {
        "head": {
          "x": 0.3795664310455322,
          "y": -0.4402552843093872,
          "z": 1.3796286582946777
        },
        "tail": {
          "x": 0.37462812662124634,
          "y": -0.4894891381263733,
          "z": 1.381914734840393
        },
        "rotation_quaternion": {
          "w": 0.021401917561888695,
          "x": 0.9979096055030823,
          "y": -0.05067984014749527,
          "z": -0.033913835883140564
        },
        "matrix": [
          [
            0.9925629496574402,
            -0.09969614446163177,
            -0.06985516101121902,
            0.3795664310455322
          ],
          [
            -0.10259940475225449,
            -0.9939469695091248,
            -0.0392773300409317,
            -0.4402552843093872
          ],
          [
            -0.06551706790924072,
            0.04615163803100586,
            -0.9967905879020691,
            1.3796286582946777
          ],
          [
            0.0,
            0.0,
            0.0,
            1.0
          ]
        ]
      },
      "bone_length_armature_space": 0.049533677610375686,
      "parent": "lowerarm_l",
      "has_children": true,
      "is_end_bone": false
    },
    "thumb_01_l": {
      "name": "thumb_01_l",
      "local": {
        "location": {
          "x": 0.0,
          "y": 0.0,
          "z": 0.0
        },
        "rotation_quaternion": {
          "w": 0.9825323820114136,
          "x": 0.185015469789505,
          "y": -0.018078269436955452,
          "z": 0.00853259488940239
        },
        "scale": {
          "x": 1.0,
          "y": 1.0,
          "z": 1.0
        },
        "matrix_basis": [
          [
            0.9992007613182068,
            -0.023456620052456856,
            -0.03236764669418335,
            0.0
          ],
          [
            0.01007758267223835,
            0.9313929677009583,
            -0.3638758957386017,
            0.0
          ],
          [
            0.03868229314684868,
            0.36325886845588684,
            0.9308848977088928,
            0.0
          ],
          [
            0.0,
            0.0,
            0.0,
            1.0
          ]
        ],
        "rotation_mode": "QUATERNION"
      },
      "armature_space": {
        "head": {
          "x": 0.37462812662124634,
          "y": -0.5527331233024597,
          "z": 0.43206074833869934
        },
        "tail": {
          "x": 0.3791198134422302,
          "y": -0.5758221745491028,
          "z": 0.40745675563812256
        }
      },
      "world_space": {
        "head": {
          "x": 0.37462812662124634,
          "y": -0.4894891381263733,
          "z": 1.381914734840393
        },
        "tail": {
          "x": 0.3791198134422302,
          "y": -0.5125781893730164,
          "z": 1.3573107719421387
        },
        "rotation_quaternion": {
          "w": 0.3236061930656433,
          "x": -0.6299728155136108,
          "y": 0.23689483106136322,
          "z": -0.665052056312561
        },
        "matrix": [
          [
            0.0031723901629447937,
            0.13195879757404327,
            0.9912503957748413,
            0.37462812662124634
          ],
          [
            -0.7289044260978699,
            -0.6783196330070496,
            0.09263305366039276,
            -0.4894891381263733
          ],
          [
            0.6846120953559875,
            -0.7228262424468994,
            0.09403420984745026,
            1.381914734840393
          ],
          [
            0.0,
            0.0,
            0.0,
            1.0
          ]
        ]
      },
      "bone_length_armature_space": 0.034038742841424274,
      "parent": "metacarpal_thumb_l",
      "has_children": true,
      "is_end_bone": false
    },
    "thumb_02_l": {
      "name": "thumb_02_l",
      "local": {
        "location": {
          "x": 0.0,
          "y": 0.0,
          "z": 0.0
        },
        "rotation_quaternion": {
          "w": 0.9252547025680542,
          "x": 0.3792760670185089,
          "y": 0.006152281071990728,
          "z": -0.003951079212129116
        },
        "scale": {
          "x": 1.0,
          "y": 1.0,
          "z": 1.0
        },
        "matrix_basis": [
          [
            0.999893069267273,
            0.011978334747254848,
            0.008387754671275616,
            0.0
          ],
          [
            -0.0026446832343935966,
            0.7122681140899658,
            -0.7019025683403015,
            0.0
          ],
          [
            -0.0143819535151124,
            0.7018052935600281,
            0.7122236490249634,
            0.0
          ],
          [
            0.0,
            0.0,
            0.0,
            1.0
          ]
        ],
        "rotation_mode": "QUATERNION"
      },
      "armature_space": {
        "head": {
          "x": 0.37911975383758545,
          "y": -0.575822114944458,
          "z": 0.40745675563812256
        },
        "tail": {
          "x": 0.40627869963645935,
          "y": -0.5850641131401062,
          "z": 0.43556666374206543
        }
      },
      "world_space": {
        "head": {
          "x": 0.37911975383758545,
          "y": -0.5125781297683716,
          "z": 1.3573107719421387
        },
        "tail": {
          "x": 0.40627869963645935,
          "y": -0.5218201279640198,
          "z": 1.3854206800460815
        },
        "rotation_quaternion": {
          "w": 0.3859206736087799,
          "x": -0.07586678862571716,
          "y": -0.48581087589263916,
          "z": -0.7805750370025635
        },
        "matrix": [
          [
            -0.6906179189682007,
            0.6761944890022278,
            -0.25653180480003357,
            0.37911975383758545
          ],
          [
            -0.5287683010101318,
            -0.23010462522506714,
            0.8169797658920288,
            -0.5125781297683716
          ],
          [
            0.49341079592704773,
            0.6998711228370667,
            0.5164689421653748,
            1.3573107719421387
          ],
          [
            0.0,
            0.0,
            0.0,
            1.0
          ]
        ]
      },
      "bone_length_armature_space": 0.04016453466240363,
      "parent": "thumb_01_l",
      "has_children": true,
      "is_end_bone": false
    },
    "thumb_03_l": {
      "name": "thumb_03_l",
      "local": {
        "location": {
          "x": 0.0,
          "y": 0.0,
          "z": 0.0
        },
        "rotation_quaternion": {
          "w": 0.9857710599899292,
          "x": 0.16784316301345825,
          "y": -0.006352885626256466,
          "z": -0.006622332148253918
        },
        "scale": {
          "x": 1.0,
          "y": 1.0,
          "z": 1.0
        },
        "matrix_basis": [
          [
            0.9998315572738647,
            0.010923629626631737,
            -0.014748007990419865,
            0.0
          ],
          [
            -0.015188783407211304,
            0.9435696601867676,
            -0.33082571625709534,
            0.0
          ],
          [
            0.010301955044269562,
            0.33099400997161865,
            0.9435766339302063,
            0.0
          ],
          [
            0.0,
            0.0,
            0.0,
            1.0
          ]
        ],
        "rotation_mode": "QUATERNION"
      },
      "armature_space": {
        "head": {
          "x": 0.40627866983413696,
          "y": -0.5850642323493958,
          "z": 0.43556663393974304
        },
        "tail": {
          "x": 0.4194667935371399,
          "y": -0.5769907236099243,
          "z": 0.4617924392223358
        }
      },
      "world_space": {
        "head": {
          "x": 0.40627866983413696,
          "y": -0.5218202471733093,
          "z": 1.3854206800460815
        },
        "tail": {
          "x": 0.4194667935371399,
          "y": -0.5137467384338379,
          "z": 1.4116464853286743
        },
        "rotation_quaternion": {
          "w": 0.52967768907547,
          "x": 0.1574918031692505,
          "y": -0.5933229923248291,
          "z": -0.5853252410888672
        },
        "matrix": [
          [
            -0.38927212357521057,
            0.433180034160614,
            -0.8129101991653442,
            0.40627866983413696
          ],
          [
            -0.8069559335708618,
            0.26518377661705017,
            0.5277307629585266,
            -0.5218202471733093
          ],
          [
            0.4441750645637512,
            0.8614194989204407,
            0.2463308423757553,
            1.3854206800460815
          ],
          [
            0.0,
            0.0,
            0.0,
            1.0
          ]
        ]
      },
      "bone_length_armature_space": 0.030445048570322514,
      "parent": "thumb_02_l",
      "has_children": false,
      "is_end_bone": true
    },
    "metacarpal_index_l": {
      "name": "metacarpal_index_l",
      "local": {
        "location": {
          "x": 0.0,
          "y": 0.0,
          "z": 0.0
        },
        "rotation_quaternion": {
          "w": 0.9978970289230347,
          "x": -0.06430459767580032,
          "y": -0.006433987058699131,
          "z": 0.005013710353523493
        },
        "scale": {
          "x": 1.0,
          "y": 1.0,
          "z": 1.0
        },
        "matrix_basis": [
          [
            0.9998669624328613,
            -0.00917886383831501,
            -0.013485722243785858,
            0.0
          ],
          [
            0.010833803564310074,
            0.9916795492172241,
            0.12827421724796295,
            0.0
          ],
          [
            0.012196104042232037,
            -0.12840324640274048,
            0.9916470646858215,
            0.0
          ],
          [
            0.0,
            0.0,
            0.0,
            1.0
          ]
        ],
        "rotation_mode": "QUATERNION"
      },
      "armature_space": {
        "head": {
          "x": 0.3795664310455322,
          "y": -0.5034992694854736,
          "z": 0.4297747015953064
        },
        "tail": {
          "x": 0.4113968312740326,
          "y": -0.6137431859970093,
          "z": 0.45348820090293884
        }
      },
      "world_space": {
        "head": {
          "x": 0.3795664310455322,
          "y": -0.4402552843093872,
          "z": 1.3796286582946777
        },
        "tail": {
          "x": 0.4113968312740326,
          "y": -0.5504992008209229,
          "z": 1.4033422470092773
        },
        "rotation_quaternion": {
          "w": 0.14281336963176727,
          "x": 0.9287443161010742,
          "y": 0.0957450121641159,
          "z": -0.32843756675720215
        },
        "matrix": [
          [
            0.7659234404563904,
            0.2716560661792755,
            -0.5827217102050781,
            0.3795664310455322
          ],
          [
            0.0840347483754158,
            -0.9408743977546692,
            -0.32816728949546814,
            -0.4402552843093872
          ],
          [
            -0.6374207735061646,
            0.20238253474235535,
            -0.7434716820716858,
            1.3796286582946777
          ],
          [
            0.0,
            0.0,
            0.0,
            1.0
          ]
        ]
      },
      "bone_length_armature_space": 0.11717177946225994,
      "parent": "lowerarm_l",
      "has_children": true,
      "is_end_bone": false
    },
    "index_01_l": {
      "name": "index_01_l",
      "local": {
        "location": {
          "x": 0.0,
          "y": 0.0,
          "z": 0.0
        },
        "rotation_quaternion": {
          "w": 0.9705061912536621,
          "x": 0.24099178612232208,
          "y": 0.0010671407217159867,
          "z": -0.006305699236690998
        },
        "scale": {
          "x": 1.0,
          "y": 1.0,
          "z": 1.0
        },
        "matrix_basis": [
          [
            0.9999182224273682,
            0.012753784656524658,
            -0.0009679101058281958,
            0.0
          ],
          [
            -0.01172509603202343,
            0.8837664127349854,
            -0.46778151392936707,
            0.0
          ],
          [
            -0.005110576748847961,
            0.4677545726299286,
            0.8838436603546143,
            0.0
          ],
          [
            0.0,
            0.0,
            0.0,
            1.0
          ]
        ],
        "rotation_mode": "QUATERNION"
      },
      "armature_space": {
        "head": {
          "x": 0.4113968312740326,
          "y": -0.6137431859970093,
          "z": 0.45348820090293884
        },
        "tail": {
          "x": 0.41989439725875854,
          "y": -0.6395974159240723,
          "z": 0.44497817754745483
        }
      },
      "world_space": {
        "head": {
          "x": 0.4113968312740326,
          "y": -0.5504992008209229,
          "z": 1.4033422470092773
        },
        "tail": {
          "x": 0.41989439725875854,
          "y": -0.5763534307479858,
          "z": 1.3948321342468262
        },
        "rotation_quaternion": {
          "w": 0.08052558451890945,
          "x": -0.8977736830711365,
          "y": -0.20040251314640045,
          "z": 0.3838711678981781
        },
        "matrix": [
          [
            0.6249634027481079,
            0.2980104982852936,
            -0.7215336561203003,
            0.4113968312740326
          ],
          [
            0.42165520787239075,
            -0.9067090153694153,
            -0.009271681308746338,
            -0.5504992008209229
          ],
          [
            -0.6569881439208984,
            -0.2984468936920166,
            -0.692322313785553,
            1.4033422470092773
          ],
          [
            0.0,
            0.0,
            0.0,
            1.0
          ]
        ]
      },
      "bone_length_armature_space": 0.02851438757970524,
      "parent": "metacarpal_index_l",
      "has_children": true,
      "is_end_bone": false
    },
    "index_02_l": {
      "name": "index_02_l",
      "local": {
        "location": {
          "x": 0.0,
          "y": 0.0,
          "z": 0.0
        },
        "rotation_quaternion": {
          "w": 0.9232602119445801,
          "x": 0.383967787027359,
          "y": -0.011733470484614372,
          "z": -0.004657492507249117
        },
        "scale": {
          "x": 1.0,
          "y": 1.0,
          "z": 1.0
        },
        "matrix_basis": [
          [
            0.999681293964386,
            -0.0004103943647351116,
            -0.025242747738957405,
            0.0
          ],
          [
            -0.0176107045263052,
            0.7050940990447998,
            -0.7088950872421265,
            0.0
          ],
          [
            0.01808943785727024,
            0.7091136574745178,
            0.704862117767334,
            0.0
          ],
          [
            0.0,
            0.0,
            0.0,
            1.0
          ]
        ],
        "rotation_mode": "QUATERNION"
      },
      "armature_space": {
        "head": {
          "x": 0.41989412903785706,
          "y": -0.6395978927612305,
          "z": 0.4449779987335205
        },
        "tail": {
          "x": 0.4124468266963959,
          "y": -0.6570104956626892,
          "z": 0.427673876285553
        }
      },
      "world_space": {
        "head": {
          "x": 0.41989412903785706,
          "y": -0.576353907585144,
          "z": 1.3948320150375366
        },
        "tail": {
          "x": 0.4124468266963959,
          "y": -0.5937665104866028,
          "z": 1.3775279521942139
        },
        "rotation_quaternion": {
          "w": 0.397093266248703,
          "x": -0.7848805785179138,
          "y": -0.054161589592695236,
          "z": 0.4725950360298157
        },
        "matrix": [
          [
            0.5474423170089722,
            -0.2903062105178833,
            -0.7848755121231079,
            0.41989412903785706
          ],
          [
            0.4603482782840729,
            -0.678768515586853,
            0.572147786617279,
            -0.576353907585144
          ],
          [
            -0.6988511085510254,
            -0.67453932762146,
            -0.2379457652568817,
            1.3948320150375366
          ],
          [
            0.0,
            0.0,
            0.0,
            1.0
          ]
        ]
      },
      "bone_length_armature_space": 0.025653337097928497,
      "parent": "index_01_l",
      "has_children": true,
      "is_end_bone": false
    },
    "index_03_l": {
      "name": "index_03_l",
      "local": {
        "location": {
          "x": 0.0,
          "y": 0.0,
          "z": 0.0
        },
        "rotation_quaternion": {
          "w": 0.9683499336242676,
          "x": 0.249432772397995,
          "y": 0.009001748636364937,
          "z": -0.0008822132367640734
        },
        "scale": {
          "x": 1.0,
          "y": 1.0,
          "z": 1.0
        },
        "matrix_basis": [
          [
            0.9998363852500916,
            0.006199244409799576,
            0.016993580386042595,
            0.0
          ],
          [
            0.0027820800896734,
            0.8755650520324707,
            -0.4830923080444336,
            0.0
          ],
          [
            -0.017873791977763176,
            0.4830605387687683,
            0.8754045367240906,
            0.0
          ],
          [
            0.0,
            0.0,
            0.0,
            1.0
          ]
        ],
        "rotation_mode": "QUATERNION"
      },
      "armature_space": {
        "head": {
          "x": 0.4124469459056854,
          "y": -0.6570106148719788,
          "z": 0.42767390608787537
        },
        "tail": {
          "x": 0.3945971727371216,
          "y": -0.6624325513839722,
          "z": 0.4051855206489563
        }
      },
      "world_space": {
        "head": {
          "x": 0.4124469459056854,
          "y": -0.5937666296958923,
          "z": 1.3775279521942139
        },
        "tail": {
          "x": 0.3945971727371216,
          "y": -0.5991885662078857,
          "z": 1.3550395965576172
        },
        "rotation_quaternion": {
          "w": 0.6353796720504761,
          "x": -0.6448875665664673,
          "y": 0.05925465002655983,
          "z": 0.420596718788147
        },
        "matrix": [
          [
            0.6391723155975342,
            -0.6109029054641724,
            -0.4671795666217804,
            0.4124469459056854
          ],
          [
            0.45805516839027405,
            -0.18556419014930725,
            0.8693398237228394,
            -0.5937666296958923
          ],
          [
            -0.6177777647972107,
            -0.7696574926376343,
            0.1612216979265213,
            1.3775279521942139
          ],
          [
            0.0,
            0.0,
            0.0,
            1.0
          ]
        ]
      },
      "bone_length_armature_space": 0.029218816984079216,
      "parent": "index_02_l",
      "has_children": false,
      "is_end_bone": true
    },
    "metacarpal_pinky_l": {
      "name": "metacarpal_pinky_l",
      "local": {
        "location": {
          "x": 0.0,
          "y": 0.0,
          "z": 0.0
        },
        "rotation_quaternion": {
          "w": 0.9999361038208008,
          "x": -0.0036070114001631737,
          "y": 0.00901681836694479,
          "z": -0.005804384592920542
        },
        "scale": {
          "x": 1.0,
          "y": 1.0,
          "z": 1.0
        },
        "matrix_basis": [
          [
            0.9997699856758118,
            0.011542979627847672,
            0.018074357882142067,
            0.0
          ],
          [
            -0.011673075146973133,
            0.999906599521637,
            0.007108887657523155,
            0.0
          ],
          [
            -0.017990611493587494,
            -0.00731823593378067,
            0.9998113512992859,
            0.0
          ],
          [
            0.0,
            0.0,
            0.0,
            1.0
          ]
        ],
        "rotation_mode": "QUATERNION"
      },
      "armature_space": {
        "head": {
          "x": 0.3795664310455322,
          "y": -0.5034992694854736,
          "z": 0.4297747015953064
        },
        "tail": {
          "x": 0.45533719658851624,
          "y": -0.5745301246643066,
          "z": 0.4372999668121338
        }
      },
      "world_space": {
        "head": {
          "x": 0.3795664310455322,
          "y": -0.4402552843093872,
          "z": 1.3796286582946777
        },
        "tail": {
          "x": 0.45533719658851624,
          "y": -0.5112861394882202,
          "z": 1.38715398311615
        },
        "rotation_quaternion": {
          "w": 0.39865902066230774,
          "x": 0.08534146845340729,
          "y": -0.0023126481100916862,
          "z": -0.9131169319152832
        },
        "matrix": [
          [
            -0.6675756573677063,
            0.7276501059532166,
            -0.15769705176353455,
            0.3795664310455322
          ],
          [
            -0.7284396290779114,
            -0.6821312308311462,
            -0.06382088363170624,
            -0.4402552843093872
          ],
          [
            -0.1540110558271408,
            0.0722673311829567,
            0.9854299426078796,
            1.3796286582946777
          ],
          [
            0.0,
            0.0,
            0.0,
            1.0
          ]
        ]
      },
      "bone_length_armature_space": 0.10413078657418676,
      "parent": "lowerarm_l",
      "has_children": true,
      "is_end_bone": false
    },
    "pinky_01_l": {
      "name": "pinky_01_l",
      "local": {
        "location": {
          "x": 0.0,
          "y": 0.0,
          "z": 0.0
        },
        "rotation_quaternion": {
          "w": 0.9367275238037109,
          "x": 0.3500165343284607,
          "y": 0.0024322550743818283,
          "z": -0.004915210884064436
        },
        "scale": {
          "x": 1.0,
          "y": 1.0,
          "z": 1.0
        },
        "matrix_basis": [
          [
            0.9999398589134216,
            0.010911085642874241,
            0.0011159103596583009,
            0.0
          ],
          [
            -0.00750576751306653,
            0.7549285292625427,
            -0.6557641625404358,
            0.0
          ],
          [
            -0.00799753051251173,
            0.6557163596153259,
            0.7549650073051453,
            0.0
          ],
          [
            0.0,
            0.0,
            0.0,
            1.0
          ]
        ],
        "rotation_mode": "QUATERNION"
      },
      "armature_space": {
        "head": {
          "x": 0.45533719658851624,
          "y": -0.5745301246643066,
          "z": 0.4372999668121338
        },
