{
  "metadata": {
    "armature_name": "KIM_caucasian_male",
    "export_time": "2026-01-13T21:08:27.978922",
    "blender_version": "4.4.1",
    "bone_count": 56,
    "end_bone_count": 13,
    "spaces_included": [
      "LOCAL_CHANNELS",
      "ARMATURE_SPACE",
      "WORLD_SPACE"
    ],
    "note": "LOCAL matches Transform panel; replay pose via local.matrix_basis for best fidelity."
  },
  "bones": {
    "Root": {
      "name": "Root",
      "local": {
        "location": {
          "x": 0.0,
          "y": 0.0,
          "z": 0.0
        },
        "rotation_quaternion": {
          "w": 0.9996998906135559,
          "x": 0.014269831590354443,
          "y": 0.0175795778632164,
          "z": -0.00934953149408102
        },
        "scale": {
          "x": 1.0,
          "y": 1.0,
          "z": 1.0
        },
        "matrix_basis": [
          [
            0.999207079410553,
            0.01919516734778881,
            0.034881770610809326,
            0.0
          ],
          [
            -0.018191736191511154,
            0.9994179010391235,
            -0.02885982021689415,
            0.0
          ],
          [
            -0.03541543707251549,
            0.028202377259731293,
            0.9989746809005737,
            0.0
          ],
          [
            0.0,
            0.0,
            0.0,
            1.0
          ]
        ],
        "rotation_mode": "QUATERNION"
      },
      "armature_space": {
        "head": {
          "x": 0.0,
          "y": 0.07072800397872925,
          "z": -0.009595036506652832
        },
        "tail": {
          "x": 0.0013700717827305198,
          "y": -0.00022943317890167236,
          "z": -0.0020002974197268486
        }
      },
      "world_space": {
        "head": {
          "x": 0.0,
          "y": 0.13397200405597687,
          "z": 0.9402589797973633
        },
        "tail": {
          "x": 0.0013700717827305198,
          "y": 0.06301456689834595,
          "z": 0.9478537440299988
        },
        "rotation_quaternion": {
          "w": 0.0531100332736969,
          "x": 0.998390257358551,
          "y": 0.010512590408325195,
          "z": 0.016909785568714142
        },
        "matrix": [
          [
            0.999207079410553,
            0.01919516734778881,
            0.034881770610809326,
            0.0
          ],
          [
            0.02278750017285347,
            -0.9941375851631165,
            -0.1056939959526062,
            0.13397200405597687
          ],
          [
            0.0326487198472023,
            0.1064048558473587,
            -0.993793785572052,
            0.9402589797973633
          ],
          [
            0.0,
            0.0,
            0.0,
            1.0
          ]
        ]
      },
      "bone_length_armature_space": 0.07137587247885667,
      "parent": null,
      "has_children": true,
      "is_end_bone": false
    },
    "spine_01": {
      "name": "spine_01",
      "local": {
        "location": {
          "x": 0.0,
          "y": 0.0,
          "z": 0.0
        },
        "rotation_quaternion": {
          "w": 0.9987387657165527,
          "x": 0.0047498829662799835,
          "y": 6.72804526402615e-05,
          "z": 0.04998425021767616
        },
        "scale": {
          "x": 1.0,
          "y": 1.0,
          "z": 1.0
        },
        "matrix_basis": [
          [
            0.9950031638145447,
            -0.09984178096055984,
            0.0006092298426665366,
            0.0
          ],
          [
            0.09984305500984192,
            0.9949580430984497,
            -0.009481058456003666,
            0.0
          ],
          [
            0.0003404474991839379,
            0.009494510479271412,
            0.999954879283905,
            0.0
          ],
          [
            0.0,
            0.0,
            0.0,
            1.0
          ]
        ],
        "rotation_mode": "QUATERNION"
      },
      "armature_space": {
        "head": {
          "x": 0.0013700717827305198,
          "y": -0.00022943317890167236,
          "z": -0.0020002974197268486
        },
        "tail": {
          "x": -0.06326238065958023,
          "y": 0.002686594845727086,
          "z": 0.48169654607772827
        }
      },
      "world_space": {
        "head": {
          "x": 0.0013700717827305198,
          "y": 0.06301456689834595,
          "z": 0.9478537440299988
        },
        "tail": {
          "x": -0.06326238065958023,
          "y": 0.06593059748411179,
          "z": 1.4315505027770996
        },
        "rotation_quaternion": {
          "w": 0.7081685066223145,
          "x": 0.7028214335441589,
          "y": -0.03853417560458183,
          "z": 0.05526789650321007
        },
        "matrix": [
          [
            0.990921139717102,
            -0.13244321942329407,
            0.02311043255031109,
            0.0013700717827305198
          ],
          [
            0.02411363460123539,
            0.005975452251732349,
            -0.999691367149353,
            0.06301456689834595
          ],
          [
            0.13226521015167236,
            0.9911795854568481,
            0.009114041924476624,
            0.9478537440299988
          ],
          [
            0.0,
            0.0,
            0.0,
            1.0
          ]
        ]
      },
      "bone_length_armature_space": 0.4880046077616091,
      "parent": "Root",
      "has_children": true,
      "is_end_bone": false
    },
    "neck_01": {
      "name": "neck_01",
      "local": {
        "location": {
          "x": 0.0,
          "y": 0.0,
          "z": 0.0
        },
        "rotation_quaternion": {
          "w": 0.9848393797874451,
          "x": -0.11669732630252838,
          "y": 0.024545922875404358,
          "z": -0.1259792447090149
        },
        "scale": {
          "x": 1.0,
          "y": 1.0,
          "z": 1.0
        },
        "matrix_basis": [
          [
            0.9670534729957581,
            0.24240975081920624,
            0.07775046676397324,
            0.0
          ],
          [
            -0.2538675367832184,
            0.9410219192504883,
            0.22367168962955475,
            0.0
          ],
          [
            -0.018944701179862022,
            -0.23604080080986023,
            0.9715584516525269,
            0.0
          ],
          [
            0.0,
            0.0,
            0.0,
            1.0
          ]
        ],
        "rotation_mode": "QUATERNION"
      },
      "armature_space": {
        "head": {
          "x": -0.07215818762779236,
          "y": -0.03154563158750534,
          "z": 0.554585337638855
        },
        "tail": {
          "x": -0.060194142162799835,
          "y": -0.044658880680799484,
          "z": 0.6555589437484741
        }
      },
      "world_space": {
        "head": {
          "x": -0.07215818762779236,
          "y": 0.03169836848974228,
          "z": 1.504439353942871
        },
        "tail": {
          "x": -0.060194142162799835,
          "y": 0.018585119396448135,
          "z": 1.6054129600524902
        },
        "rotation_quaternion": {
          "w": 0.6550281643867493,
          "x": 0.7509385347366333,
          "y": 0.08357136696577072,
          "z": 0.006729422137141228
        },
        "matrix": [
          [
            0.9859409928321838,
            0.11669810861349106,
            0.1195906326174736,
            -0.07215818762779236
          ],
          [
            0.13433049619197845,
            -0.12790751457214355,
            -0.9826470017433167,
            0.03169836848974228
          ],
          [
            -0.09937705844640732,
            0.9849033951759338,
            -0.14178729057312012,
            1.504439353942871
          ],
          [
            0.0,
            0.0,
            0.0,
            1.0
          ]
        ]
      },
      "bone_length_armature_space": 0.10252201947707666,
      "parent": "spine_01",
      "has_children": true,
      "is_end_bone": false
    },
    "head": {
      "name": "head",
      "local": {
        "location": {
          "x": 0.0,
          "y": 0.0,
          "z": 0.0
        },
        "rotation_quaternion": {
          "w": 0.9885618686676025,
          "x": -0.13529963791370392,
          "y": 0.05951081961393356,
          "z": 0.029964802786707878
        },
        "scale": {
          "x": 1.0,
          "y": 1.0,
          "z": 1.0
        },
        "matrix_basis": [
          [
            0.9911211729049683,
            -0.07534770667552948,
            0.109551802277565,
            0.0
          ],
          [
            0.04314053803682327,
            0.9615922570228577,
            0.27107059955596924,
            0.0
          ],
          [
            -0.12576870620250702,
            -0.26393765211105347,
            0.9563049674034119,
            0.0
          ],
          [
            0.0,
            0.0,
            0.0,
            1.0
          ]
        ],
        "rotation_mode": "QUATERNION"
      },
      "armature_space": {
        "head": {
          "x": -0.06019412726163864,
          "y": -0.044659025967121124,
          "z": 0.6555588841438293
        },
        "tail": {
          "x": -0.06820425391197205,
          "y": 0.028394542634487152,
          "z": 0.7921321988105774
        }
      },
      "world_space": {
        "head": {
          "x": -0.06019412726163864,
          "y": 0.018584974110126495,
          "z": 1.6054129600524902
        },
        "tail": {
          "x": -0.06820425391197205,
          "y": 0.09163854271173477,
          "z": 1.7419862747192383
        },
        "rotation_quaternion": {
          "w": 0.8513226509094238,
          "x": 0.5059787034988403,
          "y": 0.10377528518438339,
          "z": 0.09201223403215408
        },
        "matrix": [
          [
            0.9615288972854614,
            -0.05164819955825806,
            0.2698049545288086,
            -0.06019412726163864
          ],
          [
            0.2616804242134094,
            0.47103917598724365,
            -0.8424046635627747,
            0.018584974110126495
          ],
          [
            -0.08358033001422882,
            0.8806056976318359,
            0.46643567085266113,
            1.6054129600524902
          ],
          [
            0.0,
            0.0,
            0.0,
            1.0
          ]
        ]
      },
      "bone_length_armature_space": 0.15509112037749573,
      "parent": "neck_01",
      "has_children": false,
      "is_end_bone": true
    },
    "upperarm_l": {
      "name": "upperarm_l",
      "local": {
        "location": {
          "x": 0.0,
          "y": 0.0,
          "z": 0.0
        },
        "rotation_quaternion": {
          "w": 0.8796704411506653,
          "x": 0.25675320625305176,
          "y": 0.32962241768836975,
          "z": 0.2271714210510254
        },
        "scale": {
          "x": 1.0,
          "y": 1.0,
          "z": 1.0
        },
        "matrix_basis": [
          [
            0.6794844269752502,
            -0.23040874302387238,
            0.6965721845626831,
            0.0
          ],
          [
            0.568935215473175,
            0.7649418711662292,
            -0.30195483565330505,
            0.0
          ],
          [
            -0.46326422691345215,
            0.6014779806137085,
            0.65085369348526,
            0.0
          ],
          [
            0.0,
            0.0,
            0.0,
            1.0
          ]
        ],
        "rotation_mode": "QUATERNION"
      },
      "armature_space": {
        "head": {
          "x": 0.08545489609241486,
          "y": -0.031518325209617615,
          "z": 0.5078391432762146
        },
        "tail": {
          "x": 0.29245659708976746,
          "y": -0.180491104722023,
          "z": 0.5900893807411194
        }
      },
      "world_space": {
        "head": {
          "x": 0.08545489609241486,
          "y": 0.031725674867630005,
          "z": 1.457693099975586
        },
        "tail": {
          "x": 0.29245659708976746,
          "y": -0.11724710464477539,
          "z": 1.5399434566497803
        },
        "rotation_quaternion": {
          "w": 0.2830008566379547,
          "x": 0.8509965538978577,
          "y": 0.3767545521259308,
          "z": -0.23188692331314087
        },
        "matrix": [
          [
            0.6085687279701233,
            0.7724825143814087,
            -0.18142470717430115,
            0.08545489609241486
          ],
          [
            0.5099859833717346,
            -0.5559319853782654,
            -0.6563947796821594,
            0.031725674867630005
          ],
          [
            -0.6079171299934387,
            0.30693891644477844,
            -0.7322837710380554,
            1.457693099975586
          ],
          [
            0.0,
            0.0,
            0.0,
            1.0
          ]
        ]
      },
      "bone_length_armature_space": 0.26796958039741753,
      "parent": "spine_01",
      "has_children": true,
      "is_end_bone": false
    },
    "lowerarm_l": {
      "name": "lowerarm_l",
      "local": {
        "location": {
          "x": 0.0,
          "y": 0.0,
          "z": 0.0
        },
        "rotation_quaternion": {
          "w": 0.966524600982666,
          "x": 0.22925330698490143,
          "y": -0.059468891471624374,
          "z": -0.098674476146698
        },
        "scale": {
          "x": 1.0,
          "y": 1.0,
          "z": 1.0
        },
        "matrix_basis": [
          [
            0.9734535813331604,
            0.16347573697566986,
            -0.16019919514656067,
            0.0
          ],
          [
            -0.21800950169563293,
            0.8754125237464905,
            -0.43142178654670715,
            0.0
          ],
          [
            0.06971339136362076,
            0.4548940360546112,
            0.8878127336502075,
            0.0
          ],
          [
            0.0,
            0.0,
            0.0,
            1.0
          ]
        ],
        "rotation_mode": "QUATERNION"
      },
      "armature_space": {
        "head": {
          "x": 0.29245656728744507,
          "y": -0.18049123883247375,
          "z": 0.5900894403457642
        },
        "tail": {
          "x": 0.4401589035987854,
          "y": -0.39768996834754944,
          "z": 0.5393141508102417
        }
      },
      "world_space": {
        "head": {
          "x": 0.29245656728744507,
          "y": -0.11724723875522614,
          "z": 1.5399434566497803
        },
        "tail": {
          "x": 0.4401589035987854,
          "y": -0.3344459533691406,
          "z": 1.4891681671142578
        },
        "rotation_quaternion": {
          "w": 0.046937815845012665,
          "x": 0.8421480059623718,
          "y": 0.3030751943588257,
          "z": -0.44354140758514404
        },
        "matrix": [
          [
            0.4228322207927704,
            0.5521076917648315,
            -0.7186027765274048,
            0.29245656728744507
          ],
          [
            0.46883073449134827,
            -0.8118835687637329,
            -0.3479120135307312,
            -0.11724723875522614
          ],
          [
            -0.7755119800567627,
            -0.1897968053817749,
            -0.6021401286125183,
            1.5399434566497803
          ],
          [
            0.0,
            0.0,
            0.0,
            1.0
          ]
        ]
      },
      "bone_length_armature_space": 0.267524574657245,
      "parent": "upperarm_l",
      "has_children": true,
      "is_end_bone": false
    },
    "metacarpal_thumb_l": {
      "name": "metacarpal_thumb_l",
      "local": {
        "location": {
          "x": 0.0,
          "y": 0.0,
          "z": 0.0
        },
        "rotation_quaternion": {
          "w": 0.9999735951423645,
          "x": 0.0030914372764527798,
          "y": 0.00408871378749609,
          "z": 0.005164379719644785
        },
        "scale": {
          "x": 1.0,
          "y": 1.0,
          "z": 1.0
        },
        "matrix_basis": [
          [
            0.999913215637207,
            -0.010303206741809845,
            0.00820914190262556,
            0.0
          ],
          [
            0.01035376638174057,
            0.9999275207519531,
            -0.006140479817986488,
            0.0
          ],
          [
            -0.008145281113684177,
            0.006224942859262228,
            0.9999474287033081,
            0.0
          ],
          [
            0.0,
            0.0,
            0.0,
            1.0
          ]
        ],
        "rotation_mode": "QUATERNION"
      },
      "armature_space": {
        "head": {
          "x": 0.4401589035987854,
          "y": -0.39768996834754944,
          "z": 0.5393141508102417
        },
        "tail": {
          "x": 0.4442329406738281,
          "y": -0.43499693274497986,
          "z": 0.5069847106933594
        }
      },
      "world_space": {
        "head": {
          "x": 0.4401589035987854,
          "y": -0.3344459533691406,
          "z": 1.4891681671142578
        },
        "tail": {
          "x": 0.4442329406738281,
          "y": -0.37175291776657104,
          "z": 1.4568387269973755
        },
        "rotation_quaternion": {
          "w": 0.35039010643959045,
          "x": -0.9180185794830322,
          "y": 0.025399161502718925,
          "z": -0.18391214311122894
        },
        "matrix": [
          [
            0.9310624599456787,
            0.08224790543317795,
            0.3554683327674866,
            0.4401589035987854
          ],
          [
            -0.1755153387784958,
            -0.7531636357307434,
            0.633986234664917,
            -0.3344459533691406
          ],
          [
            0.31987202167510986,
            -0.6526762843132019,
            -0.6868112683296204,
            1.4891681671142578
          ],
          [
            0.0,
            0.0,
            0.0,
            1.0
          ]
        ]
      },
      "bone_length_armature_space": 0.049533827193752725,
      "parent": "lowerarm_l",
      "has_children": true,
      "is_end_bone": false
    },
    "thumb_01_l": {
      "name": "thumb_01_l",
      "local": {
        "location": {
          "x": 0.0,
          "y": 0.0,
          "z": 0.0
        },
        "rotation_quaternion": {
          "w": 0.996384859085083,
          "x": -0.08218853175640106,
          "y": -0.018394622951745987,
          "z": -0.011134117841720581
        },
        "scale": {
          "x": 1.0,
          "y": 1.0,
          "z": 1.0
        },
        "matrix_basis": [
          [
            0.9990753531455994,
            0.025211386382579803,
            -0.03482605516910553,
            0.0
          ],
          [
            -0.019164077937602997,
            0.9862421751022339,
            0.16419243812561035,
            0.0
          ],
          [
            0.03848643973469734,
            -0.163373202085495,
            0.9858133792877197,
            0.0
          ],
          [
            0.0,
            0.0,
            0.0,
            1.0
          ]
        ],
        "rotation_mode": "QUATERNION"
      },
      "armature_space": {
        "head": {
          "x": 0.4442329406738281,
          "y": -0.43499693274497986,
          "z": 0.5069847106933594
        },
        "tail": {
          "x": 0.44561371207237244,
          "y": -0.43503060936927795,
          "z": 0.47297391295433044
        }
      },
      "world_space": {
        "head": {
          "x": 0.4442329406738281,
          "y": -0.37175291776657104,
          "z": 1.4568387269973755
        },
        "tail": {
          "x": 0.44561371207237244,
          "y": -0.37178659439086914,
          "z": 1.422827959060669
        },
        "rotation_quaternion": {
          "w": 0.4726542830467224,
          "x": -0.45139631628990173,
          "y": 0.5254555344581604,
          "z": -0.5447347164154053
        },
        "matrix": [
          [
            -0.14567822217941284,
            0.04056467115879059,
            0.9885000586509705,
            0.4442329406738281
          ],
          [
            -0.9893195033073425,
            -0.0009889844805002213,
            -0.14575831592082977,
            -0.37175291776657104
          ],
          [
            -0.00493572186678648,
            -0.9991835355758667,
            0.04027554392814636,
            1.4568387269973755
          ],
          [
            0.0,
            0.0,
            0.0,
            1.0
          ]
        ]
      },
      "bone_length_armature_space": 0.03403883198353229,
      "parent": "metacarpal_thumb_l",
      "has_children": true,
      "is_end_bone": false
    },
    "thumb_02_l": {
      "name": "thumb_02_l",
      "local": {
        "location": {
          "x": 0.0,
          "y": 0.0,
          "z": 0.0
        },
        "rotation_quaternion": {
          "w": 0.9944614768028259,
          "x": 0.10497289896011353,
          "y": 0.0010961806401610374,
          "z": -0.005095912143588066
        },
        "scale": {
          "x": 1.0,
          "y": 1.0,
          "z": 1.0
        },
        "matrix_basis": [
          [
            0.9999456405639648,
            0.010365515016019344,
            0.0011103535071015358,
            0.0
          ],
          [
            -0.009905237704515457,
            0.9779094457626343,
            -0.20879417657852173,
            0.0
          ],
          [
            -0.0032500841189175844,
            0.20877183973789215,
            0.9779589772224426,
            0.0
          ],
          [
            0.0,
            0.0,
            0.0,
            1.0
          ]
        ],
        "rotation_mode": "QUATERNION"
      },
      "armature_space": {
        "head": {
          "x": 0.44561365246772766,
          "y": -0.4350305497646332,
          "z": 0.47297394275665283
        },
        "tail": {
          "x": 0.4686848223209381,
          "y": -0.466027170419693,
          "z": 0.4620143473148346
        }
      },
      "world_space": {
        "head": {
          "x": 0.44561365246772766,
          "y": -0.37178653478622437,
          "z": 1.422827959060669
        },
        "tail": {
          "x": 0.4686848223209381,
          "y": -0.4027831554412842,
          "z": 1.4118683338165283
        },
        "rotation_quaternion": {
          "w": 0.31611400842666626,
          "x": -0.07801121473312378,
          "y": 0.11916449666023254,
          "z": -0.9379690885543823
        },
        "matrix": [
          [
            -0.7879721522331238,
            0.5744181275367737,
            0.2216837853193283,
            0.44561365246772766
          ],
          [
            -0.611602783203125,
            -0.7717432975769043,
            -0.17422343790531158,
            -0.37178653478622437
          ],
          [
            0.07100602984428406,
            -0.27286821603775024,
            0.9594348073005676,
            1.422827959060669
          ],
          [
            0.0,
            0.0,
            0.0,
            1.0
          ]
        ]
      },
      "bone_length_armature_space": 0.04016443865078101,
      "parent": "thumb_01_l",
      "has_children": true,
      "is_end_bone": false
    },
    "thumb_03_l": {
      "name": "thumb_03_l",
      "local": {
        "location": {
          "x": 0.0,
          "y": 0.0,
          "z": 0.0
        },
        "rotation_quaternion": {
          "w": 0.9986673593521118,
          "x": 0.05158268287777901,
          "y": -0.0008464715792797506,
          "z": -0.0014654097612947226
        },
        "scale": {
          "x": 1.0,
          "y": 1.0,
          "z": 1.0
        },
        "matrix_basis": [
          [
            0.9999942779541016,
            0.002839587163180113,
            -0.0018418666440993547,
            0.0
          ],
          [
            -0.00301424041390419,
            0.9946741461753845,
            -0.1030253991484642,
            0.0
          ],
          [
            0.0015395075315609574,
            0.10303036123514175,
            0.9946770071983337,
            0.0
          ],
          [
            0.0,
            0.0,
            0.0,
            1.0
          ]
        ],
        "rotation_mode": "QUATERNION"
      },
      "armature_space": {
        "head": {
          "x": 0.46868473291397095,
          "y": -0.466027170419693,
          "z": 0.4620143175125122
        },
        "tail": {
          "x": 0.49012690782546997,
          "y": -0.4874817132949829,
          "z": 0.46462690830230713
        }
      },
      "world_space": {
        "head": {
          "x": 0.46868473291397095,
          "y": -0.4027831554412842,
          "z": 1.4118683338165283
        },
        "tail": {
          "x": 0.49012690782546997,
          "y": -0.4242377281188965,
          "z": 1.4144809246063232
        },
        "rotation_quaternion": {
          "w": 0.38351160287857056,
          "x": 0.1682853251695633,
          "y": 0.02383013814687729,
          "z": -0.9077615737915039
        },
        "matrix": [
          [
            -0.6491977572441101,
            0.7042949795722961,
            -0.28724703192710876,
            0.46868473291397095
          ],
          [
            -0.6882535815238953,
            -0.7047015428543091,
            -0.1723434031009674,
            -0.4027831554412842
          ],
          [
            -0.3238067924976349,
            0.0858139768242836,
            0.9422309994697571,
            1.4118683338165283
          ],
          [
            0.0,
            0.0,
            0.0,
            1.0
          ]
        ]
      },
      "bone_length_armature_space": 0.030444866760749454,
      "parent": "thumb_02_l",
      "has_children": false,
      "is_end_bone": true
    },
    "metacarpal_index_l": {
      "name": "metacarpal_index_l",
      "local": {
        "location": {
          "x": 0.0,
          "y": 0.0,
          "z": 0.0
        },
        "rotation_quaternion": {
          "w": 0.9996458292007446,
          "x": 0.02037428319454193,
          "y": 0.012289393693208694,
          "z": 0.011927875690162182
        },
        "scale": {
          "x": 1.0,
          "y": 1.0,
          "z": 1.0
        },
        "matrix_basis": [
          [
            0.9994133710861206,
            -0.02334652654826641,
            0.025056125596165657,
            0.0
          ],
          [
            0.024348078295588493,
            0.9988852143287659,
            -0.040440961718559265,
            0.0
          ],
          [
            -0.02408403903245926,
            0.04102730751037598,
            0.9988676905632019,
            0.0
          ],
          [
            0.0,
            0.0,
            0.0,
            1.0
          ]
        ],
        "rotation_mode": "QUATERNION"
      },
      "armature_space": {
        "head": {
          "x": 0.4401589035987854,
          "y": -0.39768996834754944,
          "z": 0.5393141508102417
        },
        "tail": {
          "x": 0.47509002685546875,
          "y": -0.49694812297821045,
          "z": 0.48776906728744507
        }
      },
      "world_space": {
        "head": {
          "x": 0.4401589035987854,
          "y": -0.3344459533691406,
          "z": 1.4891681671142578
        },
        "tail": {
          "x": 0.47509002685546875,
          "y": -0.433704137802124,
          "z": 1.4376230239868164
        },
        "rotation_quaternion": {
          "w": 0.22147874534130096,
          "x": -0.9599969983100891,
          "y": -0.16549548506736755,
          "z": 0.04431883245706558
        },
        "matrix": [
          [
            0.9412940144538879,
            0.29811909794807434,
            -0.15839974582195282,
            0.4401589035987854
          ],
          [
            0.33738210797309875,
            -0.8471168875694275,
            0.41056811809539795,
            -0.3344459533691406
          ],
          [
            -0.011784879490733147,
            -0.43991053104400635,
            -0.8979722857475281,
            1.4891681671142578
          ],
          [
            0.0,
            0.0,
            0.0,
            1.0
          ]
        ]
      },
      "bone_length_armature_space": 0.11717192576152685,
      "parent": "lowerarm_l",
      "has_children": true,
      "is_end_bone": false
    },
    "index_01_l": {
      "name": "index_01_l",
      "local": {
        "location": {
          "x": 0.0,
          "y": 0.0,
          "z": 0.0
        },
        "rotation_quaternion": {
          "w": 0.9973942041397095,
          "x": -0.07115470618009567,
          "y": -0.011903660371899605,
          "z": -0.0005140990833751857
        },
        "scale": {
          "x": 1.0,
          "y": 1.0,
          "z": 1.0
        },
        "matrix_basis": [
          [
            0.9997161030769348,
            0.0027195217553526163,
            -0.02367212250828743,
            0.0
          ],
          [
            0.0006684840191155672,
            0.989873468875885,
            0.1419508159160614,
            0.0
          ],
          [
            0.023818444460630417,
            -0.1419263482093811,
            0.9895906448364258,
            0.0
          ],
          [
            0.0,
            0.0,
            0.0,
            1.0
          ]
        ],
        "rotation_mode": "QUATERNION"
      },
      "armature_space": {
        "head": {
          "x": 0.47509002685546875,
          "y": -0.49694812297821045,
          "z": 0.48776906728744507
        },
        "tail": {
          "x": 0.49298185110092163,
          "y": -0.5187001824378967,
          "z": 0.4833192825317383
        }
      },
      "world_space": {
        "head": {
          "x": 0.47509002685546875,
          "y": -0.433704137802124,
          "z": 1.4376230239868164
        },
        "tail": {
          "x": 0.49298185110092163,
          "y": -0.4554561972618103,
          "z": 1.4331732988357544
        },
        "rotation_quaternion": {
          "w": 0.09553619474172592,
          "x": -0.9381855726242065,
          "y": -0.3308327794075012,
          "z": -0.035076845437288284
        },
        "matrix": [
          [
            0.7786386609077454,
            0.6274672150611877,
            0.0026036053895950317,
            0.47509002685546875
          ],
          [
            0.6140631437301636,
            -0.7628449201583862,
            0.20247003436088562,
            -0.433704137802124
          ],
          [
            0.12903079390525818,
            -0.1560540348291397,
            -0.9792918562889099,
            1.4376230239868164
          ],
          [
            0.0,
            0.0,
            0.0,
            1.0
          ]
        ]
      },
      "bone_length_armature_space": 0.028514383050473897,
      "parent": "metacarpal_index_l",
      "has_children": true,
      "is_end_bone": false
    },
    "index_02_l": {
      "name": "index_02_l",
      "local": {
        "location": {
          "x": 0.0,
          "y": 0.0,
          "z": 0.0
        },
        "rotation_quaternion": {
          "w": 0.9981474280357361,
          "x": 0.05962251126766205,
          "y": -0.005490845534950495,
          "z": 0.010803820565342903
        },
        "scale": {
          "x": 1.0,
          "y": 1.0,
          "z": 1.0
        },
        "matrix_basis": [
          [
            0.9997062683105469,
            -0.02222236804664135,
            -0.009673045016825199,
            0.0
          ],
          [
            0.020912855863571167,
            0.9926568865776062,
            -0.11914275586605072,
            0.0
          ],
          [
            0.012249648571014404,
            0.11890546977519989,
            0.9928300380706787,
            0.0
          ],
          [
            0.0,
            0.0,
            0.0,
            1.0
          ]
        ],
        "rotation_mode": "QUATERNION"
      },
      "armature_space": {
        "head": {
          "x": 0.4929819107055664,
          "y": -0.5187005400657654,
          "z": 0.48331889510154724
        },
        "tail": {
          "x": 0.509048581123352,
          "y": -0.5377570986747742,
          "z": 0.47725245356559753
        }
      },
      "world_space": {
        "head": {
          "x": 0.4929819107055664,
          "y": -0.45545655488967896,
          "z": 1.4331729412078857
        },
        "tail": {
          "x": 0.509048581123352,
          "y": -0.47451311349868774,
          "z": 1.427106499671936
        },
        "rotation_quaternion": {
          "w": 0.12128283083438873,
          "x": -0.9333823919296265,
          "y": -0.3374391198158264,
          "z": 0.014920830726623535
        },
        "matrix": [
          [
            0.7718243598937988,
            0.6263001561164856,
            -0.10970544070005417,
            0.4929819107055664
          ],
          [
            0.6335391998291016,
            -0.7428505420684814,
            0.21633604168891907,
            -0.45545655488967896
          ],
          [
            0.05399736762046814,
            -0.23647849261760712,
            -0.9701425433158875,
            1.4331729412078857
          ],
          [
            0.0,
            0.0,
            0.0,
            1.0
          ]
        ]
      },
      "bone_length_armature_space": 0.025653304622712075,
      "parent": "index_01_l",
      "has_children": true,
      "is_end_bone": false
    },
    "index_03_l": {
      "name": "index_03_l",
      "local": {
        "location": {
          "x": 0.0,
          "y": 0.0,
          "z": 0.0
        },
        "rotation_quaternion": {
          "w": 0.9997159838676453,
          "x": 0.023141130805015564,
          "y": -0.002193670952692628,
          "z": 0.005271713249385357
        },
        "scale": {
          "x": 1.0,
          "y": 1.0,
          "z": 1.0
        },
        "matrix_basis": [
          [
            0.9999347925186157,
            -0.010641960427165031,
            -0.004142108839005232,
            0.0
          ],
          [
            0.010438904166221619,
            0.9988734126091003,
            -0.046292245388031006,
            0.0
          ],
          [
            0.004630082752555609,
            0.046245988458395004,
            0.9989193677902222,
            0.0
          ],
          [
            0.0,
            0.0,
            0.0,
            1.0
          ]
        ],
        "rotation_mode": "QUATERNION"
      },
      "armature_space": {
        "head": {
          "x": 0.509048581123352,
          "y": -0.537757158279419,
          "z": 0.4772526025772095
        },
        "tail": {
          "x": 0.5285612344741821,
          "y": -0.5567978024482727,
          "z": 0.4667433500289917
        }
      },
      "world_space": {
        "head": {
          "x": 0.509048581123352,
          "y": -0.4745131731033325,
          "z": 1.4271066188812256
        },
        "tail": {
          "x": 0.5285612344741821,
          "y": -0.4935538172721863,
          "z": 1.4165973663330078
        },
        "rotation_quaternion": {
          "w": 0.19656983017921448,
          "x": -0.9087461829185486,
          "y": -0.36814430356025696,
          "z": 0.003270349930971861
        },
        "matrix": [
          [
            0.7289179563522339,
            0.6678137183189392,
            -0.15067699551582336,
            0.509048581123352
          ],
          [
            0.6703858375549316,
            -0.6516599655151367,
            0.3548552691936493,
            -0.4745131731033325
          ],
          [
            0.13878850638866425,
            -0.3596752882003784,
            -0.9227056503295898,
            1.4271066188812256
          ],
          [
            0.0,
            0.0,
            0.0,
            1.0
          ]
        ]
      },
      "bone_length_armature_space": 0.029218729548149105,
      "parent": "index_02_l",
      "has_children": false,
      "is_end_bone": true
    },
    "metacarpal_pinky_l": {
      "name": "metacarpal_pinky_l",
      "local": {
        "location": {
          "x": 0.0,
          "y": 0.0,
          "z": 0.0
        },
        "rotation_quaternion": {
          "w": 0.9990788698196411,
          "x": -0.037833765149116516,
          "y": -0.011859827674925327,
          "z": 0.0164140984416008
        },
        "scale": {
          "x": 1.0,
          "y": 1.0,
          "z": 1.0
        },
        "matrix_basis": [
          [
            0.9991798400878906,
            -0.031900554895401,
            -0.024939820170402527,
            0.0
          ],
          [
            0.03369536250829697,
            0.9965983629226685,
            0.07520849257707596,
            0.0
          ],
          [
            0.022455792874097824,
            -0.07598716765642166,
            0.9968559145927429,
            0.0
          ],
          [
            0.0,
            0.0,
            0.0,
            1.0
          ]
        ],
        "rotation_mode": "QUATERNION"
      },
      "armature_space": {
        "head": {
          "x": 0.4401589035987854,
          "y": -0.39768996834754944,
          "z": 0.5393141508102417
        },
        "tail": {
          "x": 0.523200511932373,
          "y": -0.460483193397522,
          "z": 0.5372373461723328
        }
      },
      "world_space": {
        "head": {
          "x": 0.4401589035987854,
          "y": -0.3344459533691406,
          "z": 1.4891681671142578
        },
        "tail": {
          "x": 0.523200511932373,
          "y": -0.39723920822143555,
          "z": 1.487091302871704
        },
        "rotation_quaternion": {
          "w": 0.3939061462879181,
          "x": 0.39835482835769653,
          "y": 0.20814861357212067,
          "z": -0.8017640113830566
        },
        "matrix": [
          [
            -0.3723023235797882,
            0.7974744439125061,
            -0.47478994727134705,
            0.4401589035987854
          ],
          [
            -0.4658064544200897,
            -0.6030228734016418,
            -0.6476014852523804,
            -0.3344459533691406
          ],
          [
            -0.8027609586715698,
            -0.019944095984101295,
            0.5959793329238892,
            1.4891681671142578
          ],
          [
            0.0,
            0.0,
            0.0,
            1.0
          ]
        ]
      },
      "bone_length_armature_space": 0.10413074001674921,
      "parent": "lowerarm_l",
      "has_children": true,
      "is_end_bone": false
    },
    "pinky_01_l": {
      "name": "pinky_01_l",
      "local": {
        "location": {
          "x": 0.0,
          "y": 0.0,
          "z": 0.0
        },
        "rotation_quaternion": {
          "w": 0.9914165735244751,
          "x": -0.13065895438194275,
          "y": -0.0033668403048068285,
          "z": -0.0031849436927586794
        },
        "scale": {
          "x": 1.0,
          "y": 1.0,
          "z": 1.0
        },
        "matrix_basis": [
          [
            0.9999570250511169,
            0.00719502754509449,
            -0.005843599792569876,
            0.0
          ],
          [
            -0.005435396451503038,
            0.9658361673355103,
            0.2590963542461395,
            0.0
          ],
          [
            0.007508165203034878,
            -0.25905346870422363,
            0.9658337831497192,
            0.0
          ],
          [
            0.0,
            0.0,
            0.0,
            1.0
          ]
        ],
        "rotation_mode": "QUATERNION"
      },
      "armature_space": {
        "head": {
          "x": 0.523200511932373,
          "y": -0.460483193397522,
          "z": 0.5372373461723328
