{
  "metadata": {
    "armature_name": "KIM_caucasian_male",
    "export_time": "2026-01-13T20:55:08.427155",
    "blender_version": "4.4.1",
    "bone_count": 56,
    "end_bone_count": 13,
    "spaces_included": [
      "LOCAL_CHANNELS",
      "ARMATURE_SPACE",
      "WORLD_SPACE"
    ],
    "note": "LOCAL matches Transform panel; replay pose via local.matrix_basis for best fidelity."
  },
  "bones": {
    "Root": {
      "name": "Root",
      "local": {
        "location": {
          "x": 0.0,
          "y": 0.0,
          "z": 0.0
        },
        "rotation_quaternion": {
          "w": 0.9997810125350952,
          "x": -0.008463528007268906,
          "y": -0.018630975857377052,
          "z": 0.004390231799334288
        },
        "scale": {
          "x": 1.0,
          "y": 1.0,
          "z": 1.0
        },
        "matrix_basis": [
          [
            0.9992672204971313,
            -0.008463173173367977,
            -0.03732810541987419,
            0.0
          ],
          [
            0.009093908593058586,
            0.9998182058334351,
            0.016759760677814484,
            0.0
          ],
          [
            0.037179477512836456,
            -0.0170869380235672,
            0.999162495136261,
            0.0
          ],
          [
            0.0,
            0.0,
            0.0,
            1.0
          ]
        ],
        "rotation_mode": "QUATERNION"
      },
      "armature_space": {
        "head": {
          "x": 0.0,
          "y": 0.07072800397872925,
          "z": -0.009595036506652832
        },
        "tail": {
          "x": -0.0006040663574822247,
          "y": 0.00017680972814559937,
          "z": 0.0012067891657352448
        }
      },
      "world_space": {
        "head": {
          "x": 0.0,
          "y": 0.13397200405597687,
          "z": 0.9402589797973633
        },
        "tail": {
          "x": -0.0006040663574822247,
          "y": 0.06342080980539322,
          "z": 0.9510608315467834
        },
        "rotation_quaternion": {
          "w": 0.07579720765352249,
          "x": 0.9969395995140076,
          "y": -0.005635388195514679,
          "z": -0.01829289272427559
        },
        "matrix": [
          [
            0.9992672204971313,
            -0.008463173173367977,
            -0.03732810541987419,
            0.0
          ],
          [
            -0.014009390026330948,
            -0.988446056842804,
            -0.15092474222183228,
            0.13397200405597687
          ],
          [
            -0.03561977669596672,
            0.15133722126483917,
            -0.9878472685813904,
            0.9402589797973633
          ],
          [
            0.0,
            0.0,
            0.0,
            1.0
          ]
        ]
      },
      "bone_length_armature_space": 0.07137587498869682,
      "parent": null,
      "has_children": true,
      "is_end_bone": false
    },
    "spine_01": {
      "name": "spine_01",
      "local": {
        "location": {
          "x": 0.0,
          "y": 0.0,
          "z": 0.0
        },
        "rotation_quaternion": {
          "w": 0.9972884654998779,
          "x": 0.07249812036752701,
          "y": -0.011814677156507969,
          "z": 0.004496202804148197
        },
        "scale": {
          "x": 1.0,
          "y": 1.0,
          "z": 1.0
        },
        "matrix_basis": [
          [
            0.9996803998947144,
            -0.01068110577762127,
            -0.02291334979236126,
            0.0
          ],
          [
            0.007254938594996929,
            0.9894475936889648,
            -0.14470931887626648,
            0.0
          ],
          [
            0.024217214435338974,
            0.1444968432188034,
            0.9892088770866394,
            0.0
          ],
          [
            0.0,
            0.0,
            0.0,
            1.0
          ]
        ],
        "rotation_mode": "QUATERNION"
      },
      "armature_space": {
        "head": {
          "x": -0.0006040663574822247,
          "y": 0.00017680972814559937,
          "z": 0.0012067891657352448
        },
        "tail": {
          "x": 0.010955928824841976,
          "y": -0.039509497582912445,
          "z": 0.4874575734138489
        }
      },
      "world_space": {
        "head": {
          "x": -0.0006040663574822247,
          "y": 0.06342080980539322,
          "z": 0.9510608315467834
        },
        "tail": {
          "x": 0.010955928824841976,
          "y": 0.023734502494335175,
          "z": 1.4373116493225098
        },
        "rotation_quaternion": {
          "w": 0.6777278184890747,
          "x": 0.7349485158920288,
          "y": -0.004770022351294756,
          "z": -0.022649137303233147
        },
        "matrix": [
          [
            0.9989285469055176,
            0.023688454180955887,
            -0.039757274091243744,
            -0.0006040663574822247
          ],
          [
            -0.03771117702126503,
            -0.08132419735193253,
            -0.9959741234779358,
            0.06342080980539322
          ],
          [
            -0.026826534420251846,
            0.9964130520820618,
            -0.08034518361091614,
            0.9510608315467834
          ],
          [
            0.0,
            0.0,
            0.0,
            1.0
          ]
        ]
      },
      "bone_length_armature_space": 0.4880045702816476,
      "parent": "Root",
      "has_children": true,
      "is_end_bone": false
    },
    "neck_01": {
      "name": "neck_01",
      "local": {
        "location": {
          "x": 0.0,
          "y": 0.0,
          "z": 0.0
        },
        "rotation_quaternion": {
          "w": 0.9893326759338379,
          "x": -0.06079162657260895,
          "y": 0.04503216966986656,
          "z": 0.12448915094137192
        },
        "scale": {
          "x": 1.0,
          "y": 1.0,
          "z": 1.0
        },
        "matrix_basis": [
          [
            0.9649491310119629,
            -0.25179752707481384,
            0.07396779954433441,
            0.0
          ],
          [
            0.24084721505641937,
            0.961613655090332,
            0.131498321890831,
            0.0
          ],
          [
            -0.10423938930034637,
            -0.10907424986362457,
            0.988552987575531,
            0.0
          ],
          [
            0.0,
            0.0,
            0.0,
            1.0
          ]
        ],
        "rotation_mode": "QUATERNION"
      },
      "armature_space": {
        "head": {
          "x": 0.011311560869216919,
          "y": -0.0800047516822815,
          "z": 0.5576269626617432
        },
        "tail": {
          "x": -0.013270705938339233,
          "y": -0.11375343054533005,
          "z": 0.6512618064880371
        }
      },
      "world_space": {
        "head": {
          "x": 0.011311560869216919,
          "y": -0.016760751605033875,
          "z": 1.5074809789657593
        },
        "tail": {
          "x": -0.013270705938339233,
          "y": -0.05050943046808243,
          "z": 1.6011158227920532
        },
        "rotation_quaternion": {
          "w": 0.5720059871673584,
          "x": 0.8111867308616638,
          "y": -0.09063950926065445,
          "z": 0.08105310797691345
        },
        "matrix": [
          [
            0.9704297780990601,
            -0.239777073264122,
            0.02780451625585556,
            0.011311560869216919
          ],
          [
            -0.05432660132646561,
            -0.32918688654899597,
            -0.9427009224891663,
            -0.016760751605033875
          ],
          [
            0.23519247770309448,
            0.9133203029632568,
            -0.3324822187423706,
            1.5074809789657593
          ],
          [
            0.0,
            0.0,
            0.0,
            1.0
          ]
        ]
      },
      "bone_length_armature_space": 0.10252192388083767,
      "parent": "spine_01",
      "has_children": true,
      "is_end_bone": false
    },
    "head": {
      "name": "head",
      "local": {
        "location": {
          "x": 0.0,
          "y": 0.0,
          "z": 0.0
        },
        "rotation_quaternion": {
          "w": 0.9707595109939575,
          "x": -0.04812508076429367,
          "y": 0.09703576564788818,
          "z": 0.21422912180423737
        },
        "scale": {
          "x": 1.0,
          "y": 1.0,
          "z": 1.0
        },
        "matrix_basis": [
          [
            0.8893798589706421,
            -0.42526963353157043,
            0.1677771955728531,
            0.0
          ],
          [
            0.40659019351005554,
            0.9035797119140625,
            0.13501153886318207,
            0.0
          ],
          [
            -0.2090163677930832,
            -0.051859986037015915,
            0.9765360951423645,
            0.0
          ],
          [
            0.0,
            0.0,
            0.0,
            1.0
          ]
        ],
        "rotation_mode": "QUATERNION"
      },
      "armature_space": {
        "head": {
          "x": -0.013270682655274868,
          "y": -0.1137535572052002,
          "z": 0.6512616872787476
        },
        "tail": {
          "x": -0.10956462472677231,
          "y": -0.09719822555780411,
          "z": 0.7717049717903137
        }
      },
      "world_space": {
        "head": {
          "x": -0.013270682655274868,
          "y": -0.050509557127952576,
          "z": 1.6011157035827637
        },
        "tail": {
          "x": -0.10956462472677231,
          "y": -0.03395422548055649,
          "z": 1.7215590476989746
        },
        "rotation_quaternion": {
          "w": 0.720651388168335,
          "x": 0.6091728806495667,
          "y": -0.18448406457901,
          "z": 0.2748376727104187
        },
        "matrix": [
          [
            0.7808594703674316,
            -0.6208898425102234,
            0.06895188987255096,
            -0.013270682655274868
          ],
          [
            0.17136222124099731,
            0.10674645751714706,
            -0.9794083833694458,
            -0.050509557127952576
          ],
          [
            0.6007484793663025,
            0.7766013741493225,
            0.18975137174129486,
            1.6011157035827637
          ],
          [
            0.0,
            0.0,
            0.0,
            1.0
          ]
        ]
      },
      "bone_length_armature_space": 0.155090899787323,
      "parent": "neck_01",
      "has_children": false,
      "is_end_bone": true
    },
    "upperarm_l": {
      "name": "upperarm_l",
      "local": {
        "location": {
          "x": 0.0,
          "y": 0.0,
          "z": 0.0
        },
        "rotation_quaternion": {
          "w": 0.8617197275161743,
          "x": 0.48744165897369385,
          "y": 0.1380615383386612,
          "z": 0.0279073603451252
        },
        "scale": {
          "x": 1.0,
          "y": 1.0,
          "z": 1.0
        },
        "matrix_basis": [
          [
            0.9603203535079956,
            0.0864972472190857,
            0.2651471197605133,
            0.0
          ],
          [
            0.18269053101539612,
            0.5232436060905457,
            -0.8323703408241272,
            0.0
          ],
          [
            -0.2107342779636383,
            0.8477820754051208,
            0.4866792857646942,
            0.0
          ],
          [
            0.0,
            0.0,
            0.0,
            1.0
          ]
        ],
        "rotation_mode": "QUATERNION"
      },
      "armature_space": {
        "head": {
          "x": 0.15943199396133423,
          "y": -0.083372101187706,
          "z": 0.48638013005256653
        },
        "tail": {
          "x": 0.29804739356040955,
          "y": -0.3063805103302002,
          "z": 0.43289440870285034
        }
      },
      "world_space": {
        "head": {
          "x": 0.15943199396133423,
          "y": -0.020128101110458374,
          "z": 1.4362341165542603
        },
        "tail": {
          "x": 0.29804739356040955,
          "y": -0.24313651025295258,
          "z": 1.3827483654022217
        },
        "rotation_quaternion": {
          "w": 0.08630513399839401,
          "x": 0.7497349381446838,
          "y": 0.2764834463596344,
          "z": -0.5949839949607849
        },
        "matrix": [
          [
            0.13910141587257385,
            0.517280638217926,
            -0.8444357514381409,
            0.15943199396133423
          ],
          [
            0.3118782639503479,
            -0.8322158455848694,
            -0.4584203064441681,
            -0.020128101110458374
          ],
          [
            -0.9398906826972961,
            -0.1995963454246521,
            -0.27709323167800903,
            1.4362341165542603
          ],
          [
            0.0,
            0.0,
            0.0,
            1.0
          ]
        ]
      },
      "bone_length_armature_space": 0.2679695956026365,
      "parent": "spine_01",
      "has_children": true,
      "is_end_bone": false
    },
    "lowerarm_l": {
      "name": "lowerarm_l",
      "local": {
        "location": {
          "x": 0.0,
          "y": 0.0,
          "z": 0.0
        },
        "rotation_quaternion": {
          "w": 0.9595420360565186,
          "x": 0.19253931939601898,
          "y": 0.04715094715356827,
          "z": -0.19996142387390137
        },
        "scale": {
          "x": 1.0,
          "y": 1.0,
          "z": 1.0
        },
        "matrix_basis": [
          [
            0.9155844449996948,
            0.4018996059894562,
            0.013485758565366268,
            0.0
          ],
          [
            -0.36558595299720764,
            0.845888078212738,
            -0.38835588097572327,
            0.0
          ],
          [
            -0.1674875020980835,
            0.3506424129009247,
            0.9214107990264893,
            0.0
          ],
          [
            0.0,
            0.0,
            0.0,
            1.0
          ]
        ],
        "rotation_mode": "QUATERNION"
      },
      "armature_space": {
        "head": {
          "x": 0.29804736375808716,
          "y": -0.30638065934181213,
          "z": 0.4328944981098175
        },
        "tail": {
          "x": 0.30876606702804565,
          "y": -0.5253057479858398,
          "z": 0.2795105278491974
        }
      },
      "world_space": {
        "head": {
          "x": 0.29804736375808716,
          "y": -0.24313665926456451,
          "z": 1.3827484846115112
        },
        "tail": {
          "x": 0.30876606702804565,
          "y": -0.4620617628097534,
          "z": 1.2293645143508911
        },
        "rotation_quaternion": {
          "w": 0.20421850681304932,
          "x": -0.6934071183204651,
          "y": -0.22164501249790192,
          "z": 0.6544883251190186
        },
        "matrix": [
          [
            0.04503795504570007,
            0.040066272020339966,
            -0.9981815814971924,
            0.29804736375808716
          ],
          [
            0.5746975541114807,
            -0.8183367848396301,
            -0.006917297840118408,
            -0.24313665926456451
          ],
          [
            -0.8171308040618896,
            -0.5733455419540405,
            -0.059882648289203644,
            1.3827484846115112
          ],
          [
            0.0,
            0.0,
            0.0,
            1.0
          ]
        ]
      },
      "bone_length_armature_space": 0.2675251923081912,
      "parent": "upperarm_l",
      "has_children": true,
      "is_end_bone": false
    },
    "metacarpal_thumb_l": {
      "name": "metacarpal_thumb_l",
      "local": {
        "location": {
          "x": 0.0,
          "y": 0.0,
          "z": 0.0
        },
        "rotation_quaternion": {
          "w": 0.9999403953552246,
          "x": -0.003920324612408876,
          "y": -0.010184635408222675,
          "z": -0.0005436583305709064
        },
        "scale": {
          "x": 1.0,
          "y": 1.0,
          "z": 1.0
        },
        "matrix_basis": [
          [
            0.9997919797897339,
            0.0011671059764921665,
            -0.02036379463970661,
            0.0
          ],
          [
            -0.0010073976591229439,
            0.9999686479568481,
            0.007851256057620049,
            0.0
          ],
          [
            0.02037231996655464,
            -0.007829108275473118,
            0.9997618198394775,
            0.0
          ],
          [
            0.0,
            0.0,
            0.0,
            1.0
          ]
        ],
        "rotation_mode": "QUATERNION"
      },
      "armature_space": {
        "head": {
          "x": 0.30876606702804565,
          "y": -0.5253057479858398,
          "z": 0.2795105278491974
        },
        "tail": {
          "x": 0.28167980909347534,
          "y": -0.5525593161582947,
          "z": 0.24825069308280945
        }
      },
      "world_space": {
        "head": {
          "x": 0.30876606702804565,
          "y": -0.4620617628097534,
          "z": 1.2293645143508911
        },
        "tail": {
          "x": 0.28167980909347534,
          "y": -0.48931533098220825,
          "z": 1.198104739189148
        },
        "rotation_quaternion": {
          "w": 0.38602831959724426,
          "x": -0.876494824886322,
          "y": 0.27546462416648865,
          "z": 0.08281563967466354
        },
        "matrix": [
          [
            0.8345213532447815,
            -0.5468252897262573,
            0.06750094890594482,
            0.30876606702804565
          ],
          [
            -0.41894975304603577,
            -0.5502026677131653,
            0.722328245639801,
            -0.4620617628097534
          ],
          [
            -0.3578509986400604,
            -0.6310825347900391,
            -0.6882522106170654,
            1.2293645143508911
          ],
          [
            0.0,
            0.0,
            0.0,
            1.0
          ]
        ]
      },
      "bone_length_armature_space": 0.049533823282841935,
      "parent": "lowerarm_l",
      "has_children": true,
      "is_end_bone": false
    },
    "thumb_01_l": {
      "name": "thumb_01_l",
      "local": {
        "location": {
          "x": 0.0,
          "y": 0.0,
          "z": 0.0
        },
        "rotation_quaternion": {
          "w": 0.9997369050979614,
          "x": -0.02185233309864998,
          "y": -0.001921126269735396,
          "z": 0.006705334410071373
        },
        "scale": {
          "x": 1.0,
          "y": 1.0,
          "z": 1.0
        },
        "matrix_basis": [
          [
            0.9999027252197266,
            -0.013323178514838219,
            -0.004134295973926783,
            0.0
          ],
          [
            0.013491102494299412,
            0.9989550113677979,
            0.04366740584373474,
            0.0
          ],
          [
            0.003548187203705311,
            -0.04371893033385277,
            0.9990375638008118,
            0.0
          ],
          [
            0.0,
            0.0,
            0.0,
            1.0
          ]
        ],
        "rotation_mode": "QUATERNION"
      },
      "armature_space": {
        "head": {
          "x": 0.28167980909347534,
          "y": -0.5525593161582947,
          "z": 0.24825069308280945
        },
        "tail": {
          "x": 0.26670539379119873,
          "y": -0.5439803600311279,
          "z": 0.21891121566295624
        }
      },
      "world_space": {
        "head": {
          "x": 0.28167980909347534,
          "y": -0.48931533098220825,
          "z": 1.198104739189148
        },
        "tail": {
          "x": 0.26670539379119873,
          "y": -0.4807363748550415,
          "z": 1.1687651872634888
        },
        "rotation_quaternion": {
          "w": 0.2675867974758148,
          "x": -0.4458395838737488,
          "y": 0.7445911765098572,
          "z": -0.4185791611671448
        },
        "matrix": [
          [
            -0.4592472016811371,
            -0.43992453813552856,
            0.7717244625091553,
            0.28167980909347534
          ],
          [
            -0.8879496455192566,
            0.25203606486320496,
            -0.38473784923553467,
            -0.48931533098220825
          ],
          [
            -0.025247689336538315,
            -0.861947774887085,
            -0.5063815712928772,
            1.198104739189148
          ],
          [
            0.0,
            0.0,
            0.0,
            1.0
          ]
        ]
      },
      "bone_length_armature_space": 0.03403875029613537,
      "parent": "metacarpal_thumb_l",
      "has_children": true,
      "is_end_bone": false
    },
    "thumb_02_l": {
      "name": "thumb_02_l",
      "local": {
        "location": {
          "x": 0.0,
          "y": 0.0,
          "z": 0.0
        },
        "rotation_quaternion": {
          "w": 0.9950762987136841,
          "x": 0.09833568334579468,
          "y": -0.010757972486317158,
          "z": 0.006130278576165438
        },
        "scale": {
          "x": 1.0,
          "y": 1.0,
          "z": 1.0
        },
        "matrix_basis": [
          [
            0.9996933937072754,
            -0.014315974898636341,
            -0.02020435594022274,
            0.0
          ],
          [
            0.010084404610097408,
            0.9805850386619568,
            -0.1958349198102951,
            0.0
          ],
          [
            0.02261565625667572,
            0.19557110965251923,
            0.9804286956787109,
            0.0
          ],
          [
            0.0,
            0.0,
            0.0,
            1.0
          ]
        ],
        "rotation_mode": "QUATERNION"
      },
      "armature_space": {
        "head": {
          "x": 0.26670539379119873,
          "y": -0.5439803600311279,
          "z": 0.21891126036643982
        },
        "tail": {
          "x": 0.27013978362083435,
          "y": -0.5749496221542358,
          "z": 0.1935676634311676
        }
      },
      "world_space": {
        "head": {
          "x": 0.26670539379119873,
          "y": -0.4807363748550415,
          "z": 1.1687653064727783
        },
        "tail": {
          "x": 0.27013978362083435,
          "y": -0.5117056369781494,
          "z": 1.1434216499328613
        },
        "rotation_quaternion": {
          "w": 0.14341458678245544,
          "x": -0.2808237075805664,
          "y": 0.3064327538013458,
          "z": -0.8981476426124573
        },
        "matrix": [
          [
            -0.8011407852172852,
            0.08550862222909927,
            0.5923360586166382,
            0.26670539379119873
          ],
          [
            -0.4297221899032593,
            -0.7710629105567932,
            -0.4698944091796875,
            -0.4807363748550415
          ],
          [
            0.4165508449077606,
            -0.6309965252876282,
            0.6544786691665649,
            1.1687653064727783
          ],
          [
            0.0,
            0.0,
            0.0,
            1.0
          ]
        ]
      },
      "bone_length_armature_space": 0.040164513376827846,
      "parent": "thumb_01_l",
      "has_children": true,
      "is_end_bone": false
    },
    "thumb_03_l": {
      "name": "thumb_03_l",
      "local": {
        "location": {
          "x": 0.0,
          "y": 0.0,
          "z": 0.0
        },
        "rotation_quaternion": {
          "w": 0.9982207417488098,
          "x": 0.05940493196249008,
          "y": 0.003217316698282957,
          "z": 0.004021411295980215
        },
        "scale": {
          "x": 1.0,
          "y": 1.0,
          "z": 1.0
        },
        "matrix_basis": [
          [
            0.9999469518661499,
            -0.00764626357704401,
            0.0069009680300951,
            0.0
          ],
          [
            0.008410761132836342,
            0.9929097890853882,
            -0.11857259273529053,
            0.0
          ],
          [
            -0.005945401266217232,
            0.11862434446811676,
            0.9929214119911194,
            0.0
          ],
          [
            0.0,
            0.0,
            0.0,
            1.0
          ]
        ],
        "rotation_mode": "QUATERNION"
      },
      "armature_space": {
        "head": {
          "x": 0.2701397240161896,
          "y": -0.5749496221542358,
          "z": 0.1935676634311676
        },
        "tail": {
          "x": 0.2823054790496826,
          "y": -0.6003210544586182,
          "z": 0.1819409728050232
        }
      },
      "world_space": {
        "head": {
          "x": 0.2701397240161896,
          "y": -0.5117056369781494,
          "z": 1.1434216499328613
        },
        "tail": {
          "x": 0.2823054790496826,
          "y": -0.5370770692825317,
          "z": 1.1317949295043945
        },
        "rotation_quaternion": {
          "w": 0.21664667129516602,
          "x": -0.03906827047467232,
          "y": 0.19075295329093933,
          "z": -0.9566353559494019
        },
        "matrix": [
          [
            -0.9030758142471313,
            0.39959916472435,
            0.1574007123708725,
            0.2701397240161896
          ],
          [
            -0.42940887808799744,
            -0.833355188369751,
            -0.3480333685874939,
            -0.5117056369781494
          ],
          [
            -0.00790349394083023,
            -0.38189318776130676,
            0.9241801500320435,
            1.1434216499328613
          ],
          [
            0.0,
            0.0,
            0.0,
            1.0
          ]
        ]
      },
      "bone_length_armature_space": 0.0304449516611157,
      "parent": "thumb_02_l",
      "has_children": false,
      "is_end_bone": true
    },
    "metacarpal_index_l": {
      "name": "metacarpal_index_l",
      "local": {
        "location": {
          "x": 0.0,
          "y": 0.0,
          "z": 0.0
        },
        "rotation_quaternion": {
          "w": 0.9991648197174072,
          "x": -0.039722342044115067,
          "y": -0.0064567760564386845,
          "z": -0.007083471864461899
        },
        "scale": {
          "x": 1.0,
          "y": 1.0,
          "z": 1.0
        },
        "matrix_basis": [
          [
            0.9998162984848022,
            0.014668067917227745,
            -0.012340023182332516,
            0.0
          ],
          [
            -0.013642155565321445,
            0.99674391746521,
            0.07946980744600296,
            0.0
          ],
          [
            0.013465511612594128,
            -0.0792868584394455,
            0.996760904788971,
            0.0
          ],
          [
            0.0,
            0.0,
            0.0,
            1.0
          ]
        ],
        "rotation_mode": "QUATERNION"
      },
      "armature_space": {
        "head": {
          "x": 0.30876606702804565,
          "y": -0.5253057479858398,
          "z": 0.2795105278491974
        },
        "tail": {
          "x": 0.2840983271598816,
          "y": -0.6187187433242798,
          "z": 0.21321719884872437
        }
      },
      "world_space": {
        "head": {
          "x": 0.30876606702804565,
          "y": -0.4620617628097534,
          "z": 1.2293645143508911
        },
        "tail": {
          "x": 0.2840983271598816,
          "y": -0.5554747581481934,
          "z": 1.1630711555480957
        },
        "rotation_quaternion": {
          "w": 0.3182959258556366,
          "x": -0.8969539403915405,
          "y": 0.008506044745445251,
          "z": 0.30673927068710327
        },
        "matrix": [
          [
            0.8116779327392578,
            -0.21052642166614532,
            -0.5448466539382935,
            0.30876606702804565
          ],
          [
            0.18000809848308563,
            -0.7972315549850464,
            0.576211154460907,
            -0.4620617628097534
          ],
          [
            -0.5556800961494446,
            -0.5657791495323181,
            -0.6092022657394409,
            1.2293645143508911
          ],
          [
            0.0,
            0.0,
            0.0,
            1.0
          ]
        ]
      },
      "bone_length_armature_space": 0.11717205591555983,
      "parent": "lowerarm_l",
      "has_children": true,
      "is_end_bone": false
    },
    "index_01_l": {
      "name": "index_01_l",
      "local": {
        "location": {
          "x": 0.0,
          "y": 0.0,
          "z": 0.0
        },
        "rotation_quaternion": {
          "w": 0.9964281320571899,
          "x": -0.0838952586054802,
          "y": -0.007107596844434738,
          "z": -0.006483373232185841
        },
        "scale": {
          "x": 1.0,
          "y": 1.0,
          "z": 1.0
        },
        "matrix_basis": [
          [
            0.9998148679733276,
            0.014113018289208412,
            -0.013076569885015488,
            0.0
          ],
          [
            -0.011727843433618546,
            0.9858391284942627,
            0.16728335618972778,
            0.0
          ],
          [
            0.015252267010509968,
            -0.1670990288257599,
            0.9858221411705017,
            0.0
          ],
          [
            0.0,
            0.0,
            0.0,
            1.0
          ]
        ],
        "rotation_mode": "QUATERNION"
      },
      "armature_space": {
        "head": {
          "x": 0.2840983271598816,
          "y": -0.6187187433242798,
          "z": 0.21321719884872437
        },
        "tail": {
          "x": 0.2913007140159607,
          "y": -0.6420962810516357,
          "z": 0.19856493175029755
        }
      },
      "world_space": {
        "head": {
          "x": 0.2840983271598816,
          "y": -0.5554747581481934,
          "z": 1.1630711555480957
        },
        "tail": {
          "x": 0.2913007140159607,
          "y": -0.5788522958755493,
          "z": 1.14841890335083
        },
        "rotation_quaternion": {
          "w": 0.2314896136522293,
          "x": -0.9281186461448669,
          "y": -0.1910157948732376,
          "z": 0.22027555108070374
        },
        "matrix": [
          [
            0.8299831748008728,
            0.2525881230831146,
            -0.4973202049732208,
            0.2840983271598816
          ],
          [
            0.45655399560928345,
            -0.8198515176773071,
            0.3455464839935303,
            -0.5554747581481934
          ],
          [
            -0.32044950127601624,
            -0.5138553977012634,
            -0.7957879900932312,
            1.1630711555480957
          ],
          [
            0.0,
            0.0,
            0.0,
            1.0
          ]
        ]
      },
      "bone_length_armature_space": 0.028514427768627882,
      "parent": "metacarpal_index_l",
      "has_children": true,
      "is_end_bone": false
    },
    "index_02_l": {
      "name": "index_02_l",
      "local": {
        "location": {
          "x": 0.0,
          "y": 0.0,
          "z": 0.0
        },
        "rotation_quaternion": {
          "w": 0.9973927736282349,
          "x": 0.07198943942785263,
          "y": -0.004800763912498951,
          "z": -0.0014406056143343449
        },
        "scale": {
          "x": 1.0,
          "y": 1.0,
          "z": 1.0
        },
        "matrix_basis": [
          [
            0.9999497532844543,
            0.0021824906580150127,
            -0.009783911518752575,
            0.0
          ],
          [
            -0.0035649079363793135,
            0.9896308779716492,
            -0.14358966052532196,
            0.0
          ],
          [
            0.00936907809227705,
            0.14361733198165894,
            0.9895889759063721,
            0.0
          ],
          [
            0.0,
            0.0,
            0.0,
            1.0
          ]
        ],
        "rotation_mode": "QUATERNION"
      },
      "armature_space": {
        "head": {
          "x": 0.2913004755973816,
          "y": -0.6420965790748596,
          "z": 0.1985645592212677
        },
        "tail": {
          "x": 0.2968502640724182,
          "y": -0.6617524027824402,
          "z": 0.18304221332073212
        }
      },
      "world_space": {
        "head": {
          "x": 0.2913004755973816,
          "y": -0.5788525938987732,
          "z": 1.1484185457229614
        },
        "tail": {
          "x": 0.2968502640724182,
          "y": -0.5985084176063538,
          "z": 1.1328961849212646
        },
        "rotation_quaternion": {
          "w": 0.2769376337528229,
          "x": -0.9022837281227112,
          "y": -0.2005007565021515,
          "z": 0.2626577317714691
        },
        "matrix": [
          [
            0.7816206216812134,
            0.21633824706077576,
            -0.5850360989570618,
            0.2913004755973816
          ],
          [
            0.507297158241272,
            -0.7662103772163391,
            0.3944254517555237,
            -0.5788525938987732
          ],
          [
            -0.3629334568977356,
            -0.6050828695297241,
            -0.708638072013855,
            1.1484185457229614
          ],
          [
            0.0,
            0.0,
            0.0,
            1.0
          ]
        ]
      },
      "bone_length_armature_space": 0.02565335787353665,
      "parent": "index_01_l",
      "has_children": true,
      "is_end_bone": false
    },
    "index_03_l": {
      "name": "index_03_l",
      "local": {
        "location": {
          "x": 0.0,
          "y": 0.0,
          "z": 0.0
        },
        "rotation_quaternion": {
          "w": 0.9990004301071167,
          "x": 0.044414762407541275,
          "y": 0.0019095134921371937,
          "z": -0.0046724299900233746
        },
        "scale": {
          "x": 1.0,
          "y": 1.0,
          "z": 1.0
        },
        "matrix_basis": [
          [
            0.999949038028717,
            0.009505140595138073,
            0.003400159766897559,
            0.0
          ],
          [
            -0.009165897965431213,
            0.9960110187530518,
            -0.08875858038663864,
            0.0
          ],
          [
            -0.0042302594520151615,
            0.08872289210557938,
            0.9960473775863647,
            0.0
          ],
          [
            0.0,
            0.0,
            0.0,
            1.0
          ]
        ],
        "rotation_mode": "QUATERNION"
      },
      "armature_space": {
        "head": {
          "x": 0.296850323677063,
          "y": -0.661752462387085,
          "z": 0.18304233253002167
        },
        "tail": {
          "x": 0.30245986580848694,
          "y": -0.6800807118415833,
          "z": 0.16098903119564056
        }
      },
      "world_space": {
        "head": {
          "x": 0.296850323677063,
          "y": -0.5985084772109985,
          "z": 1.1328963041305542
        },
        "tail": {
          "x": 0.30245986580848694,
          "y": -0.6168367266654968,
          "z": 1.1108430624008179
        },
        "rotation_quaternion": {
          "w": 0.3766857981681824,
          "x": -0.8714067339897156,
          "y": -0.21087737381458282,
          "z": 0.23299983143806458
        },
        "matrix": [
          [
            0.8024835586547852,
            0.1919851303100586,
            -0.564944326877594,
            0.296850323677063
          ],
          [
            0.5430557727813721,
            -0.6272776126861572,
            0.5582235455513,
            -0.5985084772109985
          ],
          [
            -0.24720749258995056,
            -0.754767119884491,
            -0.6076421737670898,
            1.1328963041305542
          ],
          [
            0.0,
            0.0,
            0.0,
            1.0
          ]
        ]
      },
      "bone_length_armature_space": 0.02921882585527858,
      "parent": "index_02_l",
      "has_children": false,
      "is_end_bone": true
    },
    "metacarpal_pinky_l": {
      "name": "metacarpal_pinky_l",
      "local": {
        "location": {
          "x": 0.0,
          "y": 0.0,
          "z": 0.0
        },
        "rotation_quaternion": {
          "w": 0.9999157190322876,
          "x": -0.007693643216043711,
          "y": -0.010075424797832966,
          "z": -0.0028210103046149015
        },
        "scale": {
          "x": 1.0,
          "y": 1.0,
          "z": 1.0
        },
        "matrix_basis": [
          [
            0.99978107213974,
            0.005796578712761402,
            -0.020105743780732155,
            0.0
          ],
          [
            -0.005486511625349522,
            0.999865710735321,
            0.015442835167050362,
            0.0
          ],
          [
            0.02019255980849266,
            -0.015329143963754177,
            0.9996786117553711,
            0.0
          ],
          [
            0.0,
            0.0,
            0.0,
            1.0
          ]
        ],
        "rotation_mode": "QUATERNION"
      },
      "armature_space": {
        "head": {
          "x": 0.30876606702804565,
          "y": -0.5253057479858398,
          "z": 0.2795105278491974
        },
        "tail": {
          "x": 0.344256728887558,
          "y": -0.6050006151199341,
          "z": 0.2226562350988388
        }
      },
      "world_space": {
        "head": {
          "x": 0.30876606702804565,
          "y": -0.4620617628097534,
          "z": 1.2293645143508911
        },
        "tail": {
          "x": 0.344256728887558,
          "y": -0.5417566299438477,
          "z": 1.1725102663040161
        },
        "rotation_quaternion": {
          "w": 0.11940024048089981,
          "x": 0.1884969025850296,
          "y": 0.3210553526878357,
          "z": -0.9203999638557434
        },
        "matrix": [
          [
            -0.900425374507904,
            0.3408277630805969,
            -0.27031612396240234,
            0.30876606702804565
          ],
          [
            -0.0987570732831955,
            -0.7653344869613647,
            -0.6360113024711609,
            -0.4620617628097534
          ],
          [
            -0.42365550994873047,
            -0.5459893941879272,
            0.722790002822876,
            1.2293645143508911
          ],
          [
            0.0,
            0.0,
            0.0,
            1.0
          ]
        ]
      },
      "bone_length_armature_space": 0.10413102040479169,
      "parent": "lowerarm_l",
      "has_children": true,
      "is_end_bone": false
    },
    "pinky_01_l": {
      "name": "pinky_01_l",
      "local": {
        "location": {
          "x": 0.0,
          "y": 0.0,
          "z": 0.0
        },
        "rotation_quaternion": {
          "w": 0.9576066732406616,
          "x": 0.2877485454082489,
          "y": 0.0074379523284733295,
          "z": -0.011623316444456577
        },
        "scale": {
          "x": 1.0,
          "y": 1.0,
          "z": 1.0
        },
        "matrix_basis": [
          [
            0.9996191263198853,
            0.02654165029525757,
            0.0075560808181762695,
            0.0
          ],
          [
            -0.017980610951781273,
            0.8341313600540161,
            -0.5512727499008179,
            0.0
          ],
          [
            -0.0209344495087862,
            0.550926923751831,
            0.8342909216880798,
            0.0
          ],
          [
            0.0,
            0.0,
            0.0,
            1.0
          ]
        ],
        "rotation_mode": "QUATERNION"
      },
      "armature_space": {
        "head": {
          "x": 0.344256728887558,
          "y": -0.6050006151199341,
          "z": 0.2226562350988388
        },
