{
  "metadata": {
    "armature_name": "KIM_caucasian_male",
    "export_time": "2026-01-13T21:16:34.961790",
    "blender_version": "4.4.1",
    "bone_count": 56,
    "end_bone_count": 13,
    "spaces_included": [
      "LOCAL_CHANNELS",
      "ARMATURE_SPACE",
      "WORLD_SPACE"
    ],
    "note": "LOCAL matches Transform panel; replay pose via local.matrix_basis for best fidelity."
  },
  "bones": {
    "Root": {
      "name": "Root",
      "local": {
        "location": {
          "x": 0.0,
          "y": 0.0,
          "z": 0.0
        },
        "rotation_quaternion": {
          "w": 0.9996922016143799,
          "x": -0.009522250853478909,
          "y": 0.009562034159898758,
          "z": -0.02082282491028309
        },
        "scale": {
          "x": 1.0,
          "y": 1.0,
          "z": 1.0
        },
        "matrix_basis": [
          [
            0.9989499449729919,
            0.041450727730989456,
            0.019514741376042366,
            0.0
          ],
          [
            -0.041814934462308884,
            0.9989514946937561,
            0.01864042319357395,
            0.0
          ],
          [
            -0.018721621483564377,
            -0.019436856731772423,
            0.9996358156204224,
            0.0
          ],
          [
            0.0,
            0.0,
            0.0,
            1.0
          ]
        ],
        "rotation_mode": "QUATERNION"
      },
      "armature_space": {
        "head": {
          "x": 0.0,
          "y": 0.07072800397872925,
          "z": -0.009595036506652832
        },
        "tail": {
          "x": 0.0029585817828774452,
          "y": 0.0002606585621833801,
          "z": 0.0013646790757775307
        }
      },
      "world_space": {
        "head": {
          "x": 0.0,
          "y": 0.13397200405597687,
          "z": 0.9402589797973633
        },
        "tail": {
          "x": 0.0029585817828774452,
          "y": 0.063504658639431,
          "z": 0.9512187242507935
        },
        "rotation_quaternion": {
          "w": 0.07684753090143204,
          "x": 0.9967795610427856,
          "y": 0.021419694647192955,
          "z": 0.008137521333992481
        },
        "matrix": [
          [
            0.9989499449729919,
            0.041450727730989456,
            0.019514741376042366,
            0.0
          ],
          [
            0.043952129781246185,
            -0.9872713088989258,
            -0.15285196900367737,
            0.13397200405597687
          ],
          [
            0.012930652126669884,
            0.15354931354522705,
            -0.9880634546279907,
            0.9402589797973633
          ],
          [
            0.0,
            0.0,
            0.0,
            1.0
          ]
        ]
      },
      "bone_length_armature_space": 0.07137587287625799,
      "parent": null,
      "has_children": true,
      "is_end_bone": false
    },
    "spine_01": {
      "name": "spine_01",
      "local": {
        "location": {
          "x": 0.0,
          "y": 0.0,
          "z": 0.0
        },
        "rotation_quaternion": {
          "w": 0.9970322847366333,
          "x": 0.01179596595466137,
          "y": 0.006851681508123875,
          "z": -0.07576686143875122
        },
        "scale": {
          "x": 1.0,
          "y": 1.0,
          "z": 1.0
        },
        "matrix_basis": [
          [
            0.9884248971939087,
            0.15124565362930298,
            0.011875208467245102,
            0.0
          ],
          [
            -0.15092237293720245,
            0.9882404804229736,
            -0.024560177698731422,
            0.0
          ],
          [
            -0.015450182370841503,
            0.02248365618288517,
            0.9996278285980225,
            0.0
          ],
          [
            0.0,
            0.0,
            0.0,
            1.0
          ]
        ],
        "rotation_mode": "QUATERNION"
      },
      "armature_space": {
        "head": {
          "x": 0.0029585817828774452,
          "y": 0.0002606585621833801,
          "z": 0.0013646790757775307
        },
        "tail": {
          "x": 0.06954478472471237,
          "y": 0.02411164902150631,
          "z": 0.48421648144721985
        }
      },
      "world_space": {
        "head": {
          "x": 0.0029585817828774452,
          "y": 0.063504658639431,
          "z": 0.9512187242507935
        },
        "tail": {
          "x": 0.06954478472471237,
          "y": 0.08735565096139908,
          "z": 1.4340704679489136
        },
        "rotation_quaternion": {
          "w": 0.7210478782653809,
          "x": 0.6889434456825256,
          "y": 0.06728469580411911,
          "z": -0.030328163877129555
        },
        "matrix": [
          [
            0.9891059994697571,
            0.1364467889070511,
            0.05524132400751114,
            0.0029585817828774452
          ],
          [
            0.04897364601492882,
            0.048874858766794205,
            -0.9976036548614502,
            0.063504658639431
          ],
          [
            -0.13882063329219818,
            0.9894479513168335,
            0.04165949672460556,
            0.9512187242507935
          ],
          [
            0.0,
            0.0,
            0.0,
            1.0
          ]
        ]
      },
      "bone_length_armature_space": 0.48800456480982085,
      "parent": "Root",
      "has_children": true,
      "is_end_bone": false
    },
    "neck_01": {
      "name": "neck_01",
      "local": {
        "location": {
          "x": 0.0,
          "y": 0.0,
          "z": 0.0
        },
        "rotation_quaternion": {
          "w": 0.9836393594741821,
          "x": -0.14720655977725983,
          "y": 0.07380467653274536,
          "z": -0.07305362075567245
        },
        "scale": {
          "x": 1.0,
          "y": 1.0,
          "z": 1.0
        },
        "matrix_basis": [
          [
            0.9784320592880249,
            0.12198776751756668,
            0.16670231521129608,
            0.0
          ],
          [
            -0.16544589400291443,
            0.945986807346344,
            0.2788129448890686,
            0.0
          ],
          [
            -0.12368642538785934,
            -0.3003797233104706,
            0.9457662105560303,
            0.0
          ],
          [
            0.0,
            0.0,
            0.0,
            1.0
          ]
        ],
        "rotation_mode": "QUATERNION"
      },
      "armature_space": {
        "head": {
          "x": 0.08145100623369217,
          "y": -0.006907140836119652,
          "z": 0.5581071376800537
        },
        "tail": {
          "x": 0.1081731915473938,
          "y": -0.00969381257891655,
          "z": 0.6570460796356201
        }
      },
      "world_space": {
        "head": {
          "x": 0.08145100623369217,
          "y": 0.05633685737848282,
          "z": 1.5079611539840698
        },
        "tail": {
          "x": 0.1081731915473938,
          "y": 0.05355018749833107,
          "z": 1.6069000959396362
        },
        "rotation_quaternion": {
          "w": 0.677139401435852,
          "x": 0.716479480266571,
          "y": 0.16700704395771027,
          "z": -0.015754247084259987
        },
        "matrix": [
          [
            0.9437205791473389,
            0.26065000891685486,
            0.20360051095485687,
            0.08145100623369217
          ],
          [
            0.21798016130924225,
            -0.027181386947631836,
            -0.9755748510360718,
            0.05633685737848282
          ],
          [
            -0.24875089526176453,
            0.9650573134422302,
            -0.08246961236000061,
            1.5079611539840698
          ],
          [
            0.0,
            0.0,
            0.0,
            1.0
          ]
        ]
      },
      "bone_length_armature_space": 0.10252197468187536,
      "parent": "spine_01",
      "has_children": true,
      "is_end_bone": false
    },
    "head": {
      "name": "head",
      "local": {
        "location": {
          "x": 0.0,
          "y": 0.0,
          "z": 0.0
        },
        "rotation_quaternion": {
          "w": 0.9744833707809448,
          "x": 0.02898784913122654,
          "y": -0.023774536326527596,
          "z": 0.22130663692951202
        },
        "scale": {
          "x": 1.0,
          "y": 1.0,
          "z": 1.0
        },
        "matrix_basis": [
          [
            0.9009162783622742,
            -0.4326976239681244,
            -0.03350537270307541,
            0.0
          ],
          [
            0.42994093894958496,
            0.9003661274909973,
            -0.0670192763209343,
            0.0
          ],
          [
            0.059166185557842255,
            0.04597342759370804,
            0.997188925743103,
            0.0
          ],
          [
            0.0,
            0.0,
            0.0,
            1.0
          ]
        ],
        "rotation_mode": "QUATERNION"
      },
      "armature_space": {
        "head": {
          "x": 0.10817320644855499,
          "y": -0.009693963453173637,
          "z": 0.6570460200309753
        },
        "tail": {
          "x": 0.07035808265209198,
          "y": 0.014978189021348953,
          "z": 0.8054191470146179
        }
      },
      "world_space": {
        "head": {
          "x": 0.10817320644855499,
          "y": 0.05355003476142883,
          "z": 1.6068999767303467
        },
        "tail": {
          "x": 0.07035808265209198,
          "y": 0.07822218537330627,
          "z": 1.7552731037139893
        },
        "rotation_quaternion": {
          "w": 0.7611361742019653,
          "x": 0.6251575350761414,
          "y": 0.014587408863008022,
          "z": 0.17215406894683838
        },
        "matrix": [
          [
            0.9402999877929688,
            -0.24382664263248444,
            0.2374541461467743,
            0.10817320644855499
          ],
          [
            0.28030577301979065,
            0.1590825915336609,
            -0.9466370940208435,
            0.05355003476142883
          ],
          [
            0.19304214417934418,
            0.9566892385482788,
            0.21793197095394135,
            1.6068999767303467
          ],
          [
            0.0,
            0.0,
            0.0,
            1.0
          ]
        ]
      },
      "bone_length_armature_space": 0.15509120876360194,
      "parent": "neck_01",
      "has_children": false,
      "is_end_bone": true
    },
    "upperarm_l": {
      "name": "upperarm_l",
      "local": {
        "location": {
          "x": 0.0,
          "y": 0.0,
          "z": 0.0
        },
        "rotation_quaternion": {
          "w": 0.8713757991790771,
          "x": 0.40954825282096863,
          "y": 0.27001526951789856,
          "z": -0.00813981331884861
        },
        "scale": {
          "x": 1.0,
          "y": 1.0,
          "z": 1.0
        },
        "matrix_basis": [
          [
            0.8540509939193726,
            0.2353542298078537,
            0.46390223503112793,
            0.0
          ],
          [
            0.20698289573192596,
            0.6644079685211182,
            -0.7181366086006165,
            0.0
          ],
          [
            -0.4772368371486664,
            0.7093451023101807,
            0.5187239646911621,
            0.0
          ],
          [
            0.0,
            0.0,
            0.0,
            1.0
          ]
        ],
        "rotation_mode": "QUATERNION"
      },
      "armature_space": {
        "head": {
          "x": 0.2208227813243866,
          "y": -0.006027352064847946,
          "z": 0.47091829776763916
        },
        "tail": {
          "x": 0.40282219648361206,
          "y": -0.18149904906749725,
          "z": 0.3820720613002777
        }
      },
      "world_space": {
        "head": {
          "x": 0.2208227813243866,
          "y": 0.05721664801239967,
          "z": 1.4207723140716553
        },
        "tail": {
          "x": 0.40282219648361206,
          "y": -0.11825504899024963,
          "z": 1.3319261074066162
        },
        "rotation_quaternion": {
          "w": 0.09145151823759079,
          "x": 0.7095302939414978,
          "y": 0.40524765849113464,
          "z": -0.5691905617713928
        },
        "matrix": [
          [
            0.02359161153435707,
            0.679179847240448,
            -0.7335927486419678,
            0.2208227813243866
          ],
          [
            0.47096413373947144,
            -0.6548198461532593,
            -0.5911040902137756,
            0.05721664801239967
          ],
          [
            -0.8818426728248596,
            -0.3315536379814148,
            -0.3353203535079956,
            1.4207723140716553
          ],
          [
            0.0,
            0.0,
            0.0,
            1.0
          ]
        ]
      },
      "bone_length_armature_space": 0.26796969421932143,
      "parent": "spine_01",
      "has_children": true,
      "is_end_bone": false
    },
    "lowerarm_l": {
      "name": "lowerarm_l",
      "local": {
        "location": {
          "x": 0.0,
          "y": 0.0,
          "z": 0.0
        },
        "rotation_quaternion": {
          "w": 0.9546345472335815,
          "x": 0.14185506105422974,
          "y": -0.001753119402565062,
          "z": -0.2618151307106018
        },
        "scale": {
          "x": 1.0,
          "y": 1.0,
          "z": 1.0
        },
        "matrix_basis": [
          [
            0.8628995418548584,
            0.49937817454338074,
            -0.0776267796754837,
            0.0
          ],
          [
            -0.5003728866577148,
            0.822659969329834,
            -0.26992151141166687,
            0.0
          ],
          [
            -0.07093242555856705,
            0.27175748348236084,
            0.9597481489181519,
            0.0
          ],
          [
            0.0,
            0.0,
            0.0,
            1.0
          ]
        ],
        "rotation_mode": "QUATERNION"
      },
      "armature_space": {
        "head": {
          "x": 0.40282225608825684,
          "y": -0.1814991980791092,
          "z": 0.3820720911026001
        },
        "tail": {
          "x": 0.4670197367668152,
          "y": -0.34158018231391907,
          "z": 0.17756596207618713
        }
      },
      "world_space": {
        "head": {
          "x": 0.40282225608825684,
          "y": -0.11825519800186157,
          "z": 1.3319261074066162
        },
        "tail": {
          "x": 0.4670197367668152,
          "y": -0.27833616733551025,
          "z": 1.1274199485778809
        },
        "rotation_quaternion": {
          "w": 0.17312167584896088,
          "x": -0.5764751434326172,
          "y": -0.4133265018463135,
          "z": 0.6832762956619263
        },
        "matrix": [
          [
            -0.2754098176956177,
            0.2399686872959137,
            -0.9308944940567017,
            0.40282225608825684
          ],
          [
            0.7131250500679016,
            -0.5983788371086121,
            -0.36523371934890747,
            -0.11825519800186157
          ],
          [
            -0.6446760296821594,
            -0.7644389271736145,
            -0.006328672170639038,
            1.3319261074066162
          ],
          [
            0.0,
            0.0,
            0.0,
            1.0
          ]
        ]
      },
      "bone_length_armature_space": 0.2675256921393397,
      "parent": "upperarm_l",
      "has_children": true,
      "is_end_bone": false
    },
    "metacarpal_thumb_l": {
      "name": "metacarpal_thumb_l",
      "local": {
        "location": {
          "x": 0.0,
          "y": 0.0,
          "z": 0.0
        },
        "rotation_quaternion": {
          "w": 0.9996623396873474,
          "x": -0.02216898649930954,
          "y": 0.006094772834330797,
          "z": -0.012111098505556583
        },
        "scale": {
          "x": 1.0,
          "y": 1.0,
          "z": 1.0
        },
        "matrix_basis": [
          [
            0.9996323585510254,
            0.023943787440657616,
            0.012722411192953587,
            0.0
          ],
          [
            -0.02448424883186817,
            0.9987236857414246,
            0.044175371527671814,
            0.0
          ],
          [
            -0.011648448184132576,
            -0.04447063058614731,
            0.9989427924156189,
            0.0
          ],
          [
            0.0,
            0.0,
            0.0,
            1.0
          ]
        ],
        "rotation_mode": "QUATERNION"
      },
      "armature_space": {
        "head": {
          "x": 0.4670197367668152,
          "y": -0.34158018231391907,
          "z": 0.17756596207618713
        },
        "tail": {
          "x": 0.4484342336654663,
          "y": -0.3709331452846527,
          "z": 0.14225894212722778
        }
      },
      "world_space": {
        "head": {
          "x": 0.4670197367668152,
          "y": -0.27833616733551025,
          "z": 1.1274199485778809
        },
        "tail": {
          "x": 0.4484342336654663,
          "y": -0.3076891303062439,
          "z": 1.0921130180358887
        },
        "rotation_quaternion": {
          "w": 0.4379901587963104,
          "x": -0.8666217923164368,
          "y": 0.10895835608243942,
          "z": 0.21274252235889435
        },
        "matrix": [
          [
            0.8857377767562866,
            -0.3752097189426422,
            -0.27328798174858093,
            0.4670197367668152
          ],
          [
            -0.002494547516107559,
            -0.5925860404968262,
            0.8055033683776855,
            -0.27833616733551025
          ],
          [
            -0.46418261528015137,
            -0.7127883434295654,
            -0.5258147716522217,
            1.1274199485778809
          ],
          [
            0.0,
            0.0,
            0.0,
            1.0
          ]
        ]
      },
      "bone_length_armature_space": 0.049533857067225406,
      "parent": "lowerarm_l",
      "has_children": true,
      "is_end_bone": false
    },
    "thumb_01_l": {
      "name": "thumb_01_l",
      "local": {
        "location": {
          "x": 0.0,
          "y": 0.0,
          "z": 0.0
        },
        "rotation_quaternion": {
          "w": 0.9798824191093445,
          "x": 0.19831755757331848,
          "y": -0.020193716511130333,
          "z": 0.00963954534381628
        },
        "scale": {
          "x": 1.0,
          "y": 1.0,
          "z": 1.0
        },
        "matrix_basis": [
          [
            0.9989985823631287,
            -0.026900779455900192,
            -0.03575155511498451,
            0.0
          ],
          [
            0.010881705209612846,
            0.9211544394493103,
            -0.3890450894832611,
            0.0
          ],
          [
            0.04339831694960594,
            0.3882664740085602,
            0.9205247163772583,
            0.0
          ],
          [
            0.0,
            0.0,
            0.0,
            1.0
          ]
        ],
        "rotation_mode": "QUATERNION"
      },
      "armature_space": {
        "head": {
          "x": 0.4484342336654663,
          "y": -0.3709331452846527,
          "z": 0.14225894212722778
        },
        "tail": {
          "x": 0.44193556904792786,
          "y": -0.36332428455352783,
          "z": 0.10972416400909424
        }
      },
      "world_space": {
        "head": {
          "x": 0.4484342336654663,
          "y": -0.3076891303062439,
          "z": 1.0921130180358887
        },
        "tail": {
          "x": 0.44193556904792786,
          "y": -0.3000802993774414,
          "z": 1.0595781803131104
        },
        "rotation_quaternion": {
          "w": 0.48716771602630615,
          "x": -0.47605180740356445,
          "y": 0.6119121313095093,
          "z": -0.4020023047924042
        },
        "matrix": [
          [
            -0.07208452373743057,
            -0.19092023372650146,
            0.9789552092552185,
            0.4484342336654663
          ],
          [
            -0.974289059638977,
            0.22353647649288177,
            -0.028145741671323776,
            -0.3076891303062439
          ],
          [
            -0.21346083283424377,
            -0.9558208584785461,
            -0.2021266222000122,
            1.0921130180358887
          ],
          [
            0.0,
            0.0,
            0.0,
            1.0
          ]
        ]
      },
      "bone_length_armature_space": 0.03403878946674105,
      "parent": "metacarpal_thumb_l",
      "has_children": true,
      "is_end_bone": false
    },
    "thumb_02_l": {
      "name": "thumb_02_l",
      "local": {
        "location": {
          "x": 0.0,
          "y": 0.0,
          "z": 0.0
        },
        "rotation_quaternion": {
          "w": 0.9270630478858948,
          "x": 0.37479525804519653,
          "y": -0.0018985061906278133,
          "z": 0.008895616978406906
        },
        "scale": {
          "x": 1.0,
          "y": 1.0,
          "z": 1.0
        },
        "matrix_basis": [
          [
            0.9998345375061035,
            -0.01791669800877571,
            0.0031480002216994762,
            0.0
          ],
          [
            0.015070493333041668,
            0.7188987731933594,
            -0.6949514746665955,
            0.0
          ],
          [
            0.010188139975070953,
            0.6948838829994202,
            0.7190498113632202,
            0.0
          ],
          [
            0.0,
            0.0,
            0.0,
            1.0
          ]
        ],
        "rotation_mode": "QUATERNION"
      },
      "armature_space": {
        "head": {
          "x": 0.44193553924560547,
          "y": -0.36332425475120544,
          "z": 0.10972419381141663
        },
        "tail": {
          "x": 0.47096309065818787,
          "y": -0.3910224437713623,
          "z": 0.10788311064243317
        }
      },
      "world_space": {
        "head": {
          "x": 0.44193553924560547,
          "y": -0.30008023977279663,
          "z": 1.0595781803131104
        },
        "tail": {
          "x": 0.47096309065818787,
          "y": -0.3277784585952759,
          "z": 1.057737112045288
        },
        "rotation_quaternion": {
          "w": 0.3938884139060974,
          "x": -0.04315073415637016,
          "y": 0.00645061768591404,
          "z": -0.9181222915649414
        },
        "matrix": [
          [
            -0.685979962348938,
            0.7227185964584351,
            0.08431696891784668,
            0.44193553924560547
          ],
          [
            -0.7238319516181946,
            -0.6896206140518188,
            0.022148936986923218,
            -0.30008023977279663
          ],
          [
            0.07415420562028885,
            -0.04583859443664551,
            0.9961998462677002,
            1.0595781803131104
          ],
          [
            0.0,
            0.0,
            0.0,
            1.0
          ]
        ]
      },
      "bone_length_armature_space": 0.04016438695952287,
      "parent": "thumb_01_l",
      "has_children": true,
      "is_end_bone": false
    },
    "thumb_03_l": {
      "name": "thumb_03_l",
      "local": {
        "location": {
          "x": 0.0,
          "y": 0.0,
          "z": 0.0
        },
        "rotation_quaternion": {
          "w": 0.9839170575141907,
          "x": 0.17857542634010315,
          "y": -1.6666774172335863e-05,
          "z": 0.004253253806382418
        },
        "scale": {
          "x": 1.0,
          "y": 1.0,
          "z": 1.0
        },
        "matrix_basis": [
          [
            0.9999638199806213,
            -0.008375650271773338,
            0.0014862557873129845,
            0.0
          ],
          [
            0.008363745175302029,
            0.9361854791641235,
            -0.3514069616794586,
            0.0
          ],
          [
            0.0015518506988883018,
            0.35140666365623474,
            0.9362216591835022,
            0.0
          ],
          [
            0.0,
            0.0,
            0.0,
            1.0
          ]
        ],
        "rotation_mode": "QUATERNION"
      },
      "armature_space": {
        "head": {
          "x": 0.4709630310535431,
          "y": -0.3910224735736847,
          "z": 0.10788305848836899
        },
        "tail": {
          "x": 0.4909323751926422,
          "y": -0.40732869505882263,
          "z": 0.1240764781832695
        }
      },
      "world_space": {
        "head": {
          "x": 0.4709630310535431,
          "y": -0.3277784585952759,
          "z": 1.057737112045288
        },
        "tail": {
          "x": 0.4909323751926422,
          "y": -0.3440846800804138,
          "z": 1.0739305019378662
        },
        "rotation_quaternion": {
          "w": 0.44744399189949036,
          "x": 0.2598325312137604,
          "y": -0.17887088656425476,
          "z": -0.8368310928344727
        },
        "matrix": [
          [
            -0.4645608067512512,
            0.6559180021286011,
            -0.5949410796165466,
            0.4709630310535431
          ],
          [
            -0.8418233394622803,
            -0.5355976819992065,
            0.06684694439172745,
            -0.3277784585952759
          ],
          [
            -0.27480548620224,
            0.5318930149078369,
            0.8009907007217407,
            1.057737112045288
          ],
          [
            0.0,
            0.0,
            0.0,
            1.0
          ]
        ]
      },
      "bone_length_armature_space": 0.030444940906684093,
      "parent": "thumb_02_l",
      "has_children": false,
      "is_end_bone": true
    },
    "metacarpal_index_l": {
      "name": "metacarpal_index_l",
      "local": {
        "location": {
          "x": 0.0,
          "y": 0.0,
          "z": 0.0
        },
        "rotation_quaternion": {
          "w": 0.9994674921035767,
          "x": -0.02850344404578209,
          "y": 0.002963006729260087,
          "z": 0.015605950728058815
        },
        "scale": {
          "x": 1.0,
          "y": 1.0,
          "z": 1.0
        },
        "matrix_basis": [
          [
            0.9994953274726868,
            -0.03136419132351875,
            0.005033211316913366,
            0.0
          ],
          [
            0.031026368960738182,
            0.9978880286216736,
            0.05706901103258133,
            0.0
          ],
          [
            -0.0068125044927001,
            -0.056884050369262695,
            0.9983575344085693,
            0.0
          ],
          [
            0.0,
            0.0,
            0.0,
            1.0
          ]
        ],
        "rotation_mode": "QUATERNION"
      },
      "armature_space": {
        "head": {
          "x": 0.4670197367668152,
          "y": -0.34158018231391907,
          "z": 0.17756596207618713
        },
        "tail": {
          "x": 0.46179866790771484,
          "y": -0.4224252998828888,
          "z": 0.09291292726993561
        }
      },
      "world_space": {
        "head": {
          "x": 0.4670197367668152,
          "y": -0.27833616733551025,
          "z": 1.1274199485778809
        },
        "tail": {
          "x": 0.46179866790771484,
          "y": -0.35918128490448,
          "z": 1.0427669286727905
        },
        "rotation_quaternion": {
          "w": 0.36307623982429504,
          "x": -0.8241918683052063,
          "y": -0.1522841602563858,
          "z": 0.40705400705337524
        },
        "matrix": [
          [
            0.6222339272499084,
            -0.04455914720892906,
            -0.781562328338623,
            0.4670197367668152
          ],
          [
            0.5466057658195496,
            -0.6899712085723877,
            0.47451236844062805,
            -0.27833616733551025
          ],
          [
            -0.5604026913642883,
            -0.7224697470664978,
            -0.4049696624279022,
            1.1274199485778809
          ],
          [
            0.0,
            0.0,
            0.0,
            1.0
          ]
        ]
      },
      "bone_length_armature_space": 0.11717221927543263,
      "parent": "lowerarm_l",
      "has_children": true,
      "is_end_bone": false
    },
    "index_01_l": {
      "name": "index_01_l",
      "local": {
        "location": {
          "x": 0.0,
          "y": 0.0,
          "z": 0.0
        },
        "rotation_quaternion": {
          "w": 0.9742608070373535,
          "x": 0.2247653752565384,
          "y": -0.013367203995585442,
          "z": -0.010850672610104084
        },
        "scale": {
          "x": 1.0,
          "y": 1.0,
          "z": 1.0
        },
        "matrix_basis": [
          [
            0.999407172203064,
            0.01513380091637373,
            -0.0309239961206913,
            0.0
          ],
          [
            -0.027151739224791527,
            0.8987255692481995,
            -0.43767011165618896,
            0.0
          ],
          [
            0.021168574690818787,
            0.43825027346611023,
            0.8986036777496338,
            0.0
          ],
          [
            0.0,
            0.0,
            0.0,
            1.0
          ]
        ],
        "rotation_mode": "QUATERNION"
      },
      "armature_space": {
        "head": {
          "x": 0.46179866790771484,
          "y": -0.4224252998828888,
          "z": 0.09291292726993561
        },
        "tail": {
          "x": 0.459841787815094,
          "y": -0.43012091517448425,
          "z": 0.06552627682685852
        }
      },
      "world_space": {
        "head": {
          "x": 0.46179866790771484,
          "y": -0.35918128490448,
          "z": 1.0427669286727905
        },
        "tail": {
          "x": 0.459841787815094,
          "y": -0.36687690019607544,
          "z": 1.0153802633285522
        },
        "rotation_quaternion": {
          "w": 0.5497498512268066,
          "x": -0.6996166110038757,
          "y": -0.25066518783569336,
          "z": 0.38141682744026184
        },
        "matrix": [
          [
            0.5833773612976074,
            -0.0686277449131012,
            -0.8092968463897705,
            0.46179866790771484
          ],
          [
            0.7701060771942139,
            -0.2698850631713867,
            0.5780127048492432,
            -0.35918128490448
          ],
          [
            -0.2580859363079071,
            -0.9604508876800537,
            -0.10459443926811218,
            1.0427669286727905
          ],
          [
            0.0,
            0.0,
            0.0,
            1.0
          ]
        ]
      },
      "bone_length_armature_space": 0.028514566762855968,
      "parent": "metacarpal_index_l",
      "has_children": true,
      "is_end_bone": false
    },
    "index_02_l": {
      "name": "index_02_l",
      "local": {
        "location": {
          "x": 0.0,
          "y": 0.0,
          "z": 0.0
        },
        "rotation_quaternion": {
          "w": 0.9132066965103149,
          "x": 0.4072698950767517,
          "y": 0.013376477174460888,
          "z": -0.0024182391352951527
        },
        "scale": {
          "x": 1.0,
          "y": 1.0,
          "z": 1.0
        },
        "matrix_basis": [
          [
            0.9996304512023926,
            0.015312377363443375,
            0.02246122434735298,
            0.0
          ],
          [
            0.006478968542069197,
            0.6682507395744324,
            -0.7439078688621521,
            0.0
          ],
          [
            -0.026400728151202202,
            0.7437784671783447,
            0.6679046154022217,
            0.0
          ],
          [
            0.0,
            0.0,
            0.0,
            1.0
          ]
        ],
        "rotation_mode": "QUATERNION"
      },
      "armature_space": {
        "head": {
          "x": 0.45984137058258057,
          "y": -0.4301210045814514,
          "z": 0.06552594155073166
        },
        "tail": {
          "x": 0.44349637627601624,
          "y": -0.4244978725910187,
          "z": 0.046570293605327606
        }
      },
      "world_space": {
        "head": {
          "x": 0.45984137058258057,
          "y": -0.366877019405365,
          "z": 1.0153799057006836
        },
        "tail": {
          "x": 0.44349637627601624,
          "y": -0.36125385761260986,
          "z": 0.9964243173599243
        },
        "rotation_quaternion": {
          "w": 0.7748350501060486,
          "x": -0.4193904995918274,
          "y": -0.09607527405023575,
          "z": 0.4631543457508087
        },
        "matrix": [
          [
            0.5525134801864624,
            -0.6371505260467529,
            -0.537371814250946,
            0.45984137058258057
          ],
          [
            0.798323929309845,
            0.21919800341129303,
            0.5609198808670044,
            -0.366877019405365
          ],
          [
            -0.23960049450397491,
            -0.7389174699783325,
            0.6297671794891357,
            1.0153799057006836
          ],
          [
            0.0,
            0.0,
            0.0,
            1.0
          ]
        ]
      },
      "bone_length_armature_space": 0.02565336326242885,
      "parent": "index_01_l",
      "has_children": true,
      "is_end_bone": false
    },
    "index_03_l": {
      "name": "index_03_l",
      "local": {
        "location": {
          "x": 0.0,
          "y": 0.0,
          "z": 0.0
        },
        "rotation_quaternion": {
          "w": 0.9637175798416138,
          "x": 0.2668651342391968,
          "y": -0.0036157527938485146,
          "z": -0.004300388507544994
        },
        "scale": {
          "x": 1.0,
          "y": 1.0,
          "z": 1.0
        },
        "matrix_basis": [
          [
            0.9999368786811829,
            0.00635888334363699,
            -0.009264376945793629,
            0.0
          ],
          [
            -0.010218556970357895,
            0.8575289845466614,
            -0.5143341422080994,
            0.0
          ],
          [
            0.004673881456255913,
            0.5143963694572449,
            0.8575398325920105,
            0.0
          ],
          [
            0.0,
            0.0,
            0.0,
            1.0
          ]
        ],
        "rotation_mode": "QUATERNION"
      },
      "armature_space": {
        "head": {
          "x": 0.4434964656829834,
          "y": -0.42449796199798584,
          "z": 0.04657021909952164
        },
        "tail": {
          "x": 0.42128801345825195,
          "y": -0.40699300169944763,
          "z": 0.03921543061733246
        }
      },
      "world_space": {
        "head": {
          "x": 0.4434964656829834,
          "y": -0.3612539768218994,
          "z": 0.9964242577552795
        },
        "tail": {
          "x": 0.42128801345825195,
          "y": -0.3437489867210388,
          "z": 0.9890694618225098
        },
        "rotation_quaternion": {
          "w": 0.8931082487106323,
          "x": -0.16134843230247498,
          "y": 0.04368683323264122,
          "z": 0.4176311492919922
        },
        "matrix": [
          [
            0.6473513245582581,
            -0.7600774765014648,
            -0.05673497915267944,
            0.4434964656829834
          ],
          [
            0.7318822741508484,
            0.5991014242172241,
            0.32469335198402405,
            -0.3612539768218994
          ],
          [
            -0.2128029465675354,
            -0.2517153024673462,
            0.9441231489181519,
            0.9964242577552795
          ],
          [
            0.0,
            0.0,
            0.0,
            1.0
          ]
        ]
      },
      "bone_length_armature_space": 0.029218690763740333,
      "parent": "index_02_l",
      "has_children": false,
      "is_end_bone": true
    },
    "metacarpal_pinky_l": {
      "name": "metacarpal_pinky_l",
      "local": {
        "location": {
          "x": 0.0,
          "y": 0.0,
          "z": 0.0
        },
        "rotation_quaternion": {
          "w": 0.999423086643219,
          "x": -0.027258533984422684,
          "y": -0.01409740187227726,
          "z": 0.014552841894328594
        },
        "scale": {
          "x": 1.0,
          "y": 1.0,
          "z": 1.0
        },
        "matrix_basis": [
          [
            0.999178946018219,
            -0.028320344164967537,
            -0.028971916064620018,
            0.0
          ],
          [
            0.029857441782951355,
            0.998090386390686,
            0.05407530069351196,
            0.0
          ],
          [
            0.027385160326957703,
            -0.054895929992198944,
            0.9981164932250977,
            0.0
          ],
          [
            0.0,
            0.0,
            0.0,
            1.0
          ]
        ],
        "rotation_mode": "QUATERNION"
      },
      "armature_space": {
        "head": {
          "x": 0.4670197367668152,
          "y": -0.34158018231391907,
          "z": 0.17756596207618713
        },
        "tail": {
          "x": 0.5222610235214233,
          "y": -0.3832184374332428,
          "z": 0.09973305463790894
        }
      },
      "world_space": {
        "head": {
          "x": 0.4670197367668152,
          "y": -0.27833616733551025,
          "z": 1.1274199485778809
        },
        "tail": {
          "x": 0.5222610235214233,
          "y": -0.319974422454834,
          "z": 1.0495870113372803
        },
        "rotation_quaternion": {
          "w": 0.26601162552833557,
          "x": 0.09198585897684097,
          "y": 0.4788583815097809,
          "z": -0.8315474390983582
        },
        "matrix": [
          [
            -0.8415524959564209,
            0.530499279499054,
            0.10178431868553162,
            0.4670197367668152
          ],
          [
            -0.354308545589447,
            -0.3998650312423706,
            -0.8453246355056763,
            -0.27833616733551025
          ],
          [
            -0.40774717926979065,
            -0.7474535703659058,
            0.5244706273078918,
            1.1274199485778809
          ],
          [
            0.0,
            0.0,
            0.0,
            1.0
          ]
        ]
      },
      "bone_length_armature_space": 0.10413119313096143,
      "parent": "lowerarm_l",
      "has_children": true,
      "is_end_bone": false
    },
    "pinky_01_l": {
      "name": "pinky_01_l",
      "local": {
        "location": {
          "x": 0.0,
          "y": 0.0,
          "z": 0.0
        },
        "rotation_quaternion": {
          "w": 0.9434940814971924,
          "x": 0.3313143253326416,
          "y": 0.003453292651101947,
          "z": -0.006154804956167936
        },
        "scale": {
          "x": 1.0,
          "y": 1.0,
          "z": 1.0
        },
        "matrix_basis": [
          [
            0.9999004006385803,
            0.01390229444950819,
            0.002437972230836749,
            0.0
          ],
          [
            -0.009325793012976646,
            0.7803858518600464,
            -0.6252287030220032,
            0.0
          ],
          [
            -0.01059467252343893,
            0.6251437067985535,
            0.7804377675056458,
            0.0
          ],
          [
            0.0,
            0.0,
            0.0,
            1.0
          ]
        ],
        "rotation_mode": "QUATERNION"
      },
      "armature_space": {
        "head": {
          "x": 0.5222610235214233,
          "y": -0.3832184374332428,
          "z": 0.09973305463790894
        },
        "tail": {
