{
  "metadata": {
    "armature_name": "KIM_caucasian_male",
    "export_time": "2026-01-13T21:07:50.323618",
    "blender_version": "4.4.1",
    "bone_count": 56,
    "end_bone_count": 13,
    "spaces_included": [
      "LOCAL_CHANNELS",
      "ARMATURE_SPACE",
      "WORLD_SPACE"
    ],
    "note": "LOCAL matches Transform panel; replay pose via local.matrix_basis for best fidelity."
  },
  "bones": {
    "Root": {
      "name": "Root",
      "local": {
        "location": {
          "x": 0.0,
          "y": 0.0,
          "z": 0.0
        },
        "rotation_quaternion": {
          "w": 0.9997345805168152,
          "x": -0.009342709556221962,
          "y": 0.017069822177290916,
          "z": 0.012338703498244286
        },
        "scale": {
          "x": 1.0,
          "y": 1.0,
          "z": 1.0
        },
        "matrix_basis": [
          [
            0.9991127848625183,
            -0.024989813566207886,
            0.033900029957294464,
            0.0
          ],
          [
            0.024351900443434715,
            0.9995209574699402,
            0.019101697951555252,
            0.0
          ],
          [
            -0.034361135214567184,
            -0.018259219825267792,
            0.9992426633834839,
            0.0
          ],
          [
            0.0,
            0.0,
            0.0,
            1.0
          ]
        ],
        "rotation_mode": "QUATERNION"
      },
      "armature_space": {
        "head": {
          "x": 0.0,
          "y": 0.07072800397872925,
          "z": -0.009595036506652832
        },
        "tail": {
          "x": -0.0017836696933954954,
          "y": 0.00020907819271087646,
          "z": 0.0012868503108620644
        }
      },
      "world_space": {
        "head": {
          "x": 0.0,
          "y": 0.13397200405597687,
          "z": 0.9402589797973633
        },
        "tail": {
          "x": -0.0017836696933954954,
          "y": 0.0634530782699585,
          "z": 0.9511408805847168
        },
        "rotation_quaternion": {
          "w": 0.07667126506567001,
          "x": 0.9968339800834656,
          "y": -0.011160715483129025,
          "z": 0.01786227710545063
        },
        "matrix": [
          [
            0.9991127848625183,
            -0.024989813566207886,
            0.033900029957294464,
            0.0
          ],
          [
            -0.01951170526444912,
            -0.9879938960075378,
            -0.15325620770454407,
            0.13397200405597687
          ],
          [
            0.03732310235500336,
            0.15245890617370605,
            -0.9876118898391724,
            0.9402589797973633
          ],
          [
            0.0,
            0.0,
            0.0,
            1.0
          ]
        ]
      },
      "bone_length_armature_space": 0.07137587707804015,
      "parent": null,
      "has_children": true,
      "is_end_bone": false
    },
    "spine_01": {
      "name": "spine_01",
      "local": {
        "location": {
          "x": 0.0,
          "y": 0.0,
          "z": 0.0
        },
        "rotation_quaternion": {
          "w": 0.9992611408233643,
          "x": 0.015394964255392551,
          "y": -0.0018330890452489257,
          "z": -0.03517109900712967
        },
        "scale": {
          "x": 1.0,
          "y": 1.0,
          "z": 1.0
        },
        "matrix_basis": [
          [
            0.9975192546844482,
            0.0702337846159935,
            -0.004746384918689728,
            0.0
          ],
          [
            -0.07034666836261749,
            0.9970519542694092,
            -0.030638234689831734,
            0.0
          ],
          [
            0.0025805537588894367,
            0.030896123498678207,
            0.9995192885398865,
            0.0
          ],
          [
            0.0,
            0.0,
            0.0,
            1.0
          ]
        ],
        "rotation_mode": "QUATERNION"
      },
      "armature_space": {
        "head": {
          "x": -0.0017836696933954954,
          "y": 0.00020907819271087646,
          "z": 0.0012868503108620644
        },
        "tail": {
          "x": 0.014629573561251163,
          "y": 0.01648964174091816,
          "z": 0.4887436330318451
        }
      },
      "world_space": {
        "head": {
          "x": -0.0017836696933954954,
          "y": 0.0634530782699585,
          "z": 0.9511408805847168
        },
        "tail": {
          "x": 0.014629573561251163,
          "y": 0.07973363995552063,
          "z": 1.4385976791381836
        },
        "rotation_quaternion": {
          "w": 0.7188006043434143,
          "x": 0.6948953866958618,
          "y": 0.002507876604795456,
          "z": -0.020971184596419334
        },
        "matrix": [
          [
            0.999107837677002,
            0.03363361209630966,
            -0.025540463626384735,
            -0.0017836696933954954
          ],
          [
            -0.026663025841116905,
            0.03336172550916672,
            -0.9990877509117126,
            0.0634530782699585
          ],
          [
            -0.032751113176345825,
            0.9988843202590942,
            0.034228067845106125,
            0.9511408805847168
          ],
          [
            0.0,
            0.0,
            0.0,
            1.0
          ]
        ]
      },
      "bone_length_armature_space": 0.4880046583228842,
      "parent": "Root",
      "has_children": true,
      "is_end_bone": false
    },
    "neck_01": {
      "name": "neck_01",
      "local": {
        "location": {
          "x": 0.0,
          "y": 0.0,
          "z": 0.0
        },
        "rotation_quaternion": {
          "w": 0.9895522594451904,
          "x": -0.10869934409856796,
          "y": -0.06281232088804245,
          "z": 0.07089032232761383
        },
        "scale": {
          "x": 1.0,
          "y": 1.0,
          "z": 1.0
        },
        "matrix_basis": [
          [
            0.9820583462715149,
            -0.1266440451145172,
            -0.13972361385822296,
            0.0
          ],
          [
            0.1539546698331833,
            0.9663180112838745,
            0.2062217891216278,
            0.0
          ],
          [
            0.10890068858861923,
            -0.2240329384803772,
            0.9684781432151794,
            0.0
          ],
          [
            0.0,
            0.0,
            0.0,
            1.0
          ]
        ],
        "rotation_mode": "QUATERNION"
      },
      "armature_space": {
        "head": {
          "x": 0.016206420958042145,
          "y": -0.015716467052698135,
          "z": 0.5630674362182617
        },
        "tail": {
          "x": 0.006232215091586113,
          "y": -0.028376765549182892,
          "z": 0.6643146276473999
        }
      },
      "world_space": {
        "head": {
          "x": 0.016206420958042145,
          "y": 0.047527533024549484,
          "z": 1.5129214525222778
        },
        "tail": {
          "x": 0.006232215091586113,
          "y": 0.03486723452806473,
          "z": 1.614168643951416
        },
        "rotation_quaternion": {
          "w": 0.6553370952606201,
          "x": 0.7487747669219971,
          "y": -0.09374625980854034,
          "z": -0.03288435935974121
        },
        "matrix": [
          [
            0.9802603721618652,
            -0.0972890704870224,
            -0.17211727797985077,
            0.016206420958042145
          ],
          [
            -0.18349087238311768,
            -0.1234893947839737,
            -0.9752342700958252,
            0.047527533024549484
          ],
          [
            0.07362528145313263,
            0.9875721335411072,
            -0.138905331492424,
            1.5129214525222778
          ],
          [
            0.0,
            0.0,
            0.0,
            1.0
          ]
        ]
      },
      "bone_length_armature_space": 0.10252200712834701,
      "parent": "spine_01",
      "has_children": true,
      "is_end_bone": false
    },
    "head": {
      "name": "head",
      "local": {
        "location": {
          "x": 0.0,
          "y": 0.0,
          "z": 0.0
        },
        "rotation_quaternion": {
          "w": 0.9839861392974854,
          "x": 0.01344215590506792,
          "y": -0.0955733209848404,
          "z": -0.14985476434230804
        },
        "scale": {
          "x": 1.0,
          "y": 1.0,
          "z": 1.0
        },
        "matrix_basis": [
          [
            0.9368185997009277,
            0.29234060645103455,
            -0.19211438298225403,
            0.0
          ],
          [
            -0.29747945070266724,
            0.9547257423400879,
            0.00219044485129416,
            0.0
          ],
          [
            0.18405690789222717,
            0.0550980269908905,
            0.9813700914382935,
            0.0
          ],
          [
            0.0,
            0.0,
            0.0,
            1.0
          ]
        ],
        "rotation_mode": "QUATERNION"
      },
      "armature_space": {
        "head": {
          "x": 0.006232196465134621,
          "y": -0.028376908972859383,
          "z": 0.6643145680427551
        },
        "tail": {
          "x": 0.04464174807071686,
          "y": -0.009796340018510818,
          "z": 0.8134211301803589
        }
      },
      "world_space": {
        "head": {
          "x": 0.006232196465134621,
          "y": 0.034867092967033386,
          "z": 1.614168643951416
        },
        "tail": {
          "x": 0.04464174807071686,
          "y": 0.0534476600587368,
          "z": 1.763275146484375
        },
        "rotation_quaternion": {
          "w": 0.7450557947158813,
          "x": 0.6243564486503601,
          "y": -0.06923981010913849,
          "z": -0.2242247611284256
        },
        "matrix": [
          [
            0.8898576498031616,
            0.24765941500663757,
            -0.3831687569618225,
            0.006232196465134621
          ],
          [
            -0.420582115650177,
            0.11980490386486053,
            -0.8993096351623535,
            0.034867092967033386
          ],
          [
            -0.17681866884231567,
            0.9614182710647583,
            0.21077097952365875,
            1.614168643951416
          ],
          [
            0.0,
            0.0,
            0.0,
            1.0
          ]
        ]
      },
      "bone_length_armature_space": 0.15509125868014922,
      "parent": "neck_01",
      "has_children": false,
      "is_end_bone": true
    },
    "upperarm_l": {
      "name": "upperarm_l",
      "local": {
        "location": {
          "x": 0.0,
          "y": 0.0,
          "z": 0.0
        },
        "rotation_quaternion": {
          "w": 0.8194019198417664,
          "x": 0.5236538052558899,
          "y": -0.23116928339004517,
          "z": 0.030464697629213333
        },
        "scale": {
          "x": 1.0,
          "y": 1.0,
          "z": 1.0
        },
        "matrix_basis": [
          [
            0.891265332698822,
            -0.29203101992607117,
            -0.3469352126121521,
            0.0
          ],
          [
            -0.19217967987060547,
            0.4497171938419342,
            -0.8722508549690247,
            0.0
          ],
          [
            0.4107470214366913,
            0.8440808653831482,
            0.34469491243362427,
            0.0
          ],
          [
            0.0,
            0.0,
            0.0,
            1.0
          ]
        ],
        "rotation_mode": "QUATERNION"
      },
      "armature_space": {
        "head": {
          "x": 0.1637307107448578,
          "y": -0.0251443050801754,
          "z": 0.49113115668296814
        },
        "tail": {
          "x": 0.291179358959198,
          "y": -0.24920126795768738,
          "z": 0.5643637180328369
        }
      },
      "world_space": {
        "head": {
          "x": 0.1637307107448578,
          "y": 0.03809969499707222,
          "z": 1.4409852027893066
        },
        "tail": {
          "x": 0.291179358959198,
          "y": -0.18595726788043976,
          "z": 1.514217734336853
        },
        "rotation_quaternion": {
          "w": 0.2851507067680359,
          "x": 0.5480635762214661,
          "y": 0.024986635893583298,
          "z": -0.785933256149292
        },
        "matrix": [
          [
            -0.23663024604320526,
            0.4756089746952057,
            -0.8472322225570679,
            0.1637307107448578
          ],
          [
            -0.4208311438560486,
            -0.836128830909729,
            -0.351838618516922,
            0.03809969499707222
          ],
          [
            -0.8757389783859253,
            0.2732870280742645,
            0.3980068862438202,
            1.4409852027893066
          ],
          [
            0.0,
            0.0,
            0.0,
            1.0
          ]
        ]
      },
      "bone_length_armature_space": 0.2679695621511536,
      "parent": "spine_01",
      "has_children": true,
      "is_end_bone": false
    },
    "lowerarm_l": {
      "name": "lowerarm_l",
      "local": {
        "location": {
          "x": 0.0,
          "y": 0.0,
          "z": 0.0
        },
        "rotation_quaternion": {
          "w": 0.9532829523086548,
          "x": 0.14837822318077087,
          "y": -0.022760828956961632,
          "z": 0.26214033365249634
        },
        "scale": {
          "x": 1.0,
          "y": 1.0,
          "z": 1.0
        },
        "matrix_basis": [
          [
            0.861528754234314,
            -0.5065422654151917,
            0.034396812319755554,
            0.0
          ],
          [
            0.49303340911865234,
            0.8185327053070068,
            -0.2948259115219116,
            0.0
          ],
          [
            0.12118685245513916,
            0.2709597945213318,
            0.9549316763877869,
            0.0
          ],
          [
            0.0,
            0.0,
            0.0,
            1.0
          ]
        ],
        "rotation_mode": "QUATERNION"
      },
      "armature_space": {
        "head": {
          "x": 0.2911794185638428,
          "y": -0.24920131266117096,
          "z": 0.5643638968467712
        },
        "tail": {
          "x": 0.3590310513973236,
          "y": -0.37698906660079956,
          "z": 0.7893893718719482
        }
      },
      "world_space": {
        "head": {
          "x": 0.2911794185638428,
          "y": -0.18595731258392334,
          "z": 1.5142178535461426
        },
        "tail": {
          "x": 0.3590310513973236,
          "y": -0.31374508142471313,
          "z": 1.7392433881759644
        },
        "rotation_quaternion": {
          "w": 0.40071189403533936,
          "x": 0.4912791848182678,
          "y": -0.31716835498809814,
          "z": -0.7053219676017761
        },
        "matrix": [
          [
            -0.1961493194103241,
            0.2536277770996094,
            -0.9472056031227112,
            0.2911794185638428
          ],
          [
            -0.8768989443778992,
            -0.47766751050949097,
            0.0536876916885376,
            -0.18595731258392334
          ],
          [
            -0.43883630633354187,
            0.8411396741867065,
            0.316102534532547,
            1.5142178535461426
          ],
          [
            0.0,
            0.0,
            0.0,
            1.0
          ]
        ]
      },
      "bone_length_armature_space": 0.2675257304330359,
      "parent": "upperarm_l",
      "has_children": true,
      "is_end_bone": false
    },
    "metacarpal_thumb_l": {
      "name": "metacarpal_thumb_l",
      "local": {
        "location": {
          "x": 0.0,
          "y": 0.0,
          "z": 0.0
        },
        "rotation_quaternion": {
          "w": 0.9998310804367065,
          "x": 0.004643062129616737,
          "y": 0.01238994486629963,
          "z": 0.012762386351823807
        },
        "scale": {
          "x": 1.0,
          "y": 1.0,
          "z": 1.0
        },
        "matrix_basis": [
          [
            0.9993672370910645,
            -0.025405406951904297,
            0.024894217029213905,
            0.0
          ],
          [
            0.02563551627099514,
            0.9996311068534851,
            -0.008968304842710495,
            0.0
          ],
          [
            -0.024657191708683968,
            0.009600806050002575,
            0.9996498823165894,
            0.0
          ],
          [
            0.0,
            0.0,
            0.0,
            1.0
          ]
        ],
        "rotation_mode": "QUATERNION"
      },
      "armature_space": {
        "head": {
          "x": 0.3590310513973236,
          "y": -0.37698906660079956,
          "z": 0.7893893718719482
        },
        "tail": {
          "x": 0.3383558690547943,
          "y": -0.4018702805042267,
          "z": 0.8269002437591553
        }
      },
      "world_space": {
        "head": {
          "x": 0.3590310513973236,
          "y": -0.31374508142471313,
          "z": 1.7392433881759644
        },
        "tail": {
          "x": 0.3383558690547943,
          "y": -0.33862626552581787,
          "z": 1.7767542600631714
        },
        "rotation_quaternion": {
          "w": 0.44292983412742615,
          "x": 0.8664048910140991,
          "y": -0.22947381436824799,
          "z": 0.0223082285374403
        },
        "matrix": [
          [
            0.8936878442764282,
            -0.4173967242240906,
            -0.16462694108486176,
            0.3590310513973236
          ],
          [
            -0.37787362933158875,
            -0.5023093819618225,
            -0.7777512669563293,
            -0.31374508142471313
          ],
          [
            0.24193830788135529,
            0.7572798132896423,
            -0.6066358685493469,
            1.7392433881759644
          ],
          [
            0.0,
            0.0,
            0.0,
            1.0
          ]
        ]
      },
      "bone_length_armature_space": 0.04953386235521378,
      "parent": "lowerarm_l",
      "has_children": true,
      "is_end_bone": false
    },
    "thumb_01_l": {
      "name": "thumb_01_l",
      "local": {
        "location": {
          "x": 0.0,
          "y": 0.0,
          "z": 0.0
        },
        "rotation_quaternion": {
          "w": 0.9960038661956787,
          "x": -0.0884585976600647,
          "y": 0.011961137875914574,
          "z": -0.002889973809942603
        },
        "scale": {
          "x": 1.0,
          "y": 1.0,
          "z": 1.0
        },
        "matrix_basis": [
          [
            0.9996971487998962,
            0.003640719223767519,
            0.02433796599507332,
            0.0
          ],
          [
            -0.007872981019318104,
            0.9843334555625916,
            0.17614106833934784,
            0.0
          ],
          [
            -0.023315392434597015,
            -0.17627935111522675,
            0.9840640425682068,
            0.0
          ],
          [
            0.0,
            0.0,
            0.0,
            1.0
          ]
        ],
        "rotation_mode": "QUATERNION"
      },
      "armature_space": {
        "head": {
          "x": 0.3383558690547943,
          "y": -0.4018702805042267,
          "z": 0.8269002437591553
        },
        "tail": {
          "x": 0.3163575232028961,
          "y": -0.4278362989425659,
          "z": 0.8262187242507935
        }
      },
      "world_space": {
        "head": {
          "x": 0.3383558690547943,
          "y": -0.33862626552581787,
          "z": 1.7767542600631714
        },
        "tail": {
          "x": 0.3163575232028961,
          "y": -0.3645923137664795,
          "z": 1.7760727405548096
        },
        "rotation_quaternion": {
          "w": 0.26902467012405396,
          "x": 0.5630541443824768,
          "y": -0.2149544507265091,
          "z": 0.7512591481208801
        },
        "matrix": [
          [
            -0.22119134664535522,
            -0.6462767720222473,
            0.7303429245948792,
            0.3383558690547943
          ],
          [
            0.16215331852436066,
            -0.7628406286239624,
            -0.6259240508079529,
            -0.33862626552581787
          ],
          [
            0.9616619944572449,
            -0.02002224326133728,
            0.27353087067604065,
            1.7767542600631714
          ],
          [
            0.0,
            0.0,
            0.0,
            1.0
          ]
        ]
      },
      "bone_length_armature_space": 0.034038593090561384,
      "parent": "metacarpal_thumb_l",
      "has_children": true,
      "is_end_bone": false
    },
    "thumb_02_l": {
      "name": "thumb_02_l",
      "local": {
        "location": {
          "x": 0.0,
          "y": 0.0,
          "z": 0.0
        },
        "rotation_quaternion": {
          "w": 0.9972922801971436,
          "x": 0.07325414568185806,
          "y": -0.0007167232688516378,
          "z": 0.006437328178435564
        },
        "scale": {
          "x": 1.0,
          "y": 1.0,
          "z": 1.0
        },
        "matrix_basis": [
          [
            0.9999160766601562,
            -0.012944801710546017,
            -0.00048644322669133544,
            0.0
          ],
          [
            0.012734789401292801,
            0.9891847968101501,
            -0.1461208164691925,
            0.0
          ],
          [
            0.002372687216848135,
            0.14610235393047333,
            0.9892666339874268,
            0.0
          ],
          [
            0.0,
            0.0,
            0.0,
            1.0
          ]
        ],
        "rotation_mode": "QUATERNION"
      },
      "armature_space": {
        "head": {
          "x": 0.3163575232028961,
          "y": -0.42783623933792114,
          "z": 0.8262186646461487
        },
        "tail": {
          "x": 0.32075732946395874,
          "y": -0.45130524039268494,
          "z": 0.8585147857666016
        }
      },
      "world_space": {
        "head": {
          "x": 0.3163575232028961,
          "y": -0.3645922541618347,
          "z": 1.7760727405548096
        },
        "tail": {
          "x": 0.32075732946395874,
          "y": -0.3880612254142761,
          "z": 1.8083688020706177
        },
        "rotation_quaternion": {
          "w": 0.16055947542190552,
          "x": 0.4230368137359619,
          "y": 0.4266839921474457,
          "z": 0.783071756362915
        },
        "matrix": [
          [
            -0.5905221104621887,
            0.1095452830195427,
            0.7995520830154419,
            0.3163575232028961
          ],
          [
            0.612464964389801,
            -0.5843234062194824,
            0.5324031114578247,
            -0.3645922541618347
          ],
          [
            0.5255233645439148,
            0.80409836769104,
            0.2779655456542969,
            1.7760727405548096
          ],
          [
            0.0,
            0.0,
            0.0,
            1.0
          ]
        ]
      },
      "bone_length_armature_space": 0.04016455891435973,
      "parent": "thumb_01_l",
      "has_children": true,
      "is_end_bone": false
    },
    "thumb_03_l": {
      "name": "thumb_03_l",
      "local": {
        "location": {
          "x": 0.0,
          "y": 0.0,
          "z": 0.0
        },
        "rotation_quaternion": {
          "w": 0.9972549676895142,
          "x": 0.07382174581289291,
          "y": -0.0028890669345855713,
          "z": 0.00497240386903286
        },
        "scale": {
          "x": 1.0,
          "y": 1.0,
          "z": 1.0
        },
        "matrix_basis": [
          [
            0.9999338388442993,
            -0.010344061069190502,
            -0.005028129555284977,
            0.0
          ],
          [
            0.00949095655232668,
            0.9890512228012085,
            -0.1472669392824173,
            0.0
          ],
          [
            0.006496415939182043,
            0.14720948040485382,
            0.989084005355835,
            0.0
          ],
          [
            0.0,
            0.0,
            0.0,
            1.0
          ]
        ],
        "rotation_mode": "QUATERNION"
      },
      "armature_space": {
        "head": {
          "x": 0.3207572400569916,
          "y": -0.45130521059036255,
          "z": 0.8585147857666016
        },
        "tail": {
          "x": 0.3356313109397888,
          "y": -0.4629942774772644,
          "z": 0.8823690414428711
        }
      },
      "world_space": {
        "head": {
          "x": 0.3207572400569916,
          "y": -0.3880612254142761,
          "z": 1.8083688020706177
        },
        "tail": {
          "x": 0.3356313109397888,
          "y": -0.399750292301178,
          "z": 1.8322230577468872
        },
        "rotation_quaternion": {
          "w": 0.08376888185739517,
          "x": -0.32855740189552307,
          "y": -0.5486459732055664,
          "z": -0.7642123103141785
        },
        "matrix": [
          [
            -0.7700665593147278,
            0.4885573387145996,
            0.41025516390800476,
            0.3207572400569916
          ],
          [
            0.23248696327209473,
            -0.3839417099952698,
            0.8936100006103516,
            -0.3880612254142761
          ],
          [
            0.5940980315208435,
            0.7835230827331543,
            0.18207944929599762,
            1.8083688020706177
          ],
          [
            0.0,
            0.0,
            0.0,
            1.0
          ]
        ]
      },
      "bone_length_armature_space": 0.030444996351713025,
      "parent": "thumb_02_l",
      "has_children": false,
      "is_end_bone": true
    },
    "metacarpal_index_l": {
      "name": "metacarpal_index_l",
      "local": {
        "location": {
          "x": 0.0,
          "y": 0.0,
          "z": 0.0
        },
        "rotation_quaternion": {
          "w": 0.9994558691978455,
          "x": -0.028011247515678406,
          "y": -0.001738594495691359,
          "z": 0.0173307154327631
        },
        "scale": {
          "x": 1.0,
          "y": 1.0,
          "z": 1.0
        },
        "matrix_basis": [
          [
            0.9993932247161865,
            -0.0345451682806015,
            -0.004446207080036402,
            0.0
          ],
          [
            0.03473997116088867,
            0.9978300333023071,
            0.05593175068497658,
            0.0
          ],
          [
            0.0025043869391083717,
            -0.056052275002002716,
            0.9984247088432312,
            0.0
          ],
          [
            0.0,
            0.0,
            0.0,
            1.0
          ]
        ],
        "rotation_mode": "QUATERNION"
      },
      "armature_space": {
        "head": {
          "x": 0.3590310513973236,
          "y": -0.37698906660079956,
          "z": 0.7893893718719482
        },
        "tail": {
          "x": 0.35431307554244995,
          "y": -0.4269014000892639,
          "z": 0.8952943682670593
        }
      },
      "world_space": {
        "head": {
          "x": 0.3590310513973236,
          "y": -0.31374508142471313,
          "z": 1.7392433881759644
        },
        "tail": {
          "x": 0.35431307554244995,
          "y": -0.3636574149131775,
          "z": 1.8451483249664307
        },
        "rotation_quaternion": {
          "w": 0.48360246419906616,
          "x": 0.777633011341095,
          "y": -0.23052284121513367,
          "z": -0.32905128598213196
        },
        "matrix": [
          [
            0.6771693825721741,
            -0.04026547446846962,
            -0.7347246408462524,
            0.3590310513973236
          ],
          [
            -0.6767842769622803,
            -0.4259759485721588,
            -0.6004231572151184,
            -0.31374508142471313
          ],
          [
            -0.2888014018535614,
            0.9038440585136414,
            -0.3157113492488861,
            1.7392433881759644
          ],
          [
            0.0,
            0.0,
            0.0,
            1.0
          ]
        ]
      },
      "bone_length_armature_space": 0.11717238919398673,
      "parent": "lowerarm_l",
      "has_children": true,
      "is_end_bone": false
    },
    "index_01_l": {
      "name": "index_01_l",
      "local": {
        "location": {
          "x": 0.0,
          "y": 0.0,
          "z": 0.0
        },
        "rotation_quaternion": {
          "w": 0.992681086063385,
          "x": -0.12003709375858307,
          "y": 0.005224543157964945,
          "z": 0.012174015864729881
        },
        "scale": {
          "x": 1.0,
          "y": 1.0,
          "z": 1.0
        },
        "matrix_basis": [
          [
            0.9996489882469177,
            -0.025424107909202576,
            0.007449943572282791,
            0.0
          ],
          [
            0.0229155533015728,
            0.9708857536315918,
            0.23844431340694427,
            0.0
          ],
          [
            -0.013295277021825314,
            -0.23818989098072052,
            0.9711276292800903,
            0.0
          ],
          [
            0.0,
            0.0,
            0.0,
            1.0
          ]
        ],
        "rotation_mode": "QUATERNION"
      },
      "armature_space": {
        "head": {
          "x": 0.35431307554244995,
          "y": -0.4269014000892639,
          "z": 0.8952943682670593
        },
        "tail": {
          "x": 0.3666779696941376,
          "y": -0.4370972514152527,
          "z": 0.9188789129257202
        }
      },
      "world_space": {
        "head": {
          "x": 0.35431307554244995,
          "y": -0.3636574149131775,
          "z": 1.8451483249664307
        },
        "tail": {
          "x": 0.3666779696941376,
          "y": -0.37385326623916626,
          "z": 1.8687329292297363
        },
        "rotation_quaternion": {
          "w": 0.566500186920166,
          "x": 0.7177747488021851,
          "y": -0.0171420406550169,
          "z": -0.4044540822505951
        },
        "matrix": [
          [
            0.6722477078437805,
            0.4336371421813965,
            -0.6000348925590515,
            0.35431307554244995
          ],
          [
            -0.4828530251979828,
            -0.3575686812400818,
            -0.7993735074996948,
            -0.3636574149131775
          ],
          [
            -0.5611960887908936,
            0.8271108269691467,
            -0.030992403626441956,
            1.8451483249664307
          ],
          [
            0.0,
            0.0,
            0.0,
            1.0
          ]
        ]
      },
      "bone_length_armature_space": 0.0285145001085459,
      "parent": "metacarpal_index_l",
      "has_children": true,
      "is_end_bone": false
    },
    "index_02_l": {
      "name": "index_02_l",
      "local": {
        "location": {
          "x": 0.0,
          "y": 0.0,
          "z": 0.0
        },
        "rotation_quaternion": {
          "w": 0.9976475238800049,
          "x": 0.06819064170122147,
          "y": -0.006198109593242407,
          "z": 0.0033385553397238255
        },
        "scale": {
          "x": 1.0,
          "y": 1.0,
          "z": 1.0
        },
        "matrix_basis": [
          [
            0.9999008774757385,
            -0.0075067090801894665,
            -0.011911740526556969,
            0.0
          ],
          [
            0.005816096905618906,
            0.9906777739524841,
            -0.1361018419265747,
            0.0
          ],
          [
            0.012822373770177364,
            0.13601906597614288,
            0.9906232357025146,
            0.0
          ],
          [
            0.0,
            0.0,
            0.0,
            1.0
          ]
        ],
        "rotation_mode": "QUATERNION"
      },
      "armature_space": {
        "head": {
          "x": 0.36667779088020325,
          "y": -0.4370975196361542,
          "z": 0.9188793897628784
        },
        "tail": {
          "x": 0.37644079327583313,
          "y": -0.44847139716148376,
          "z": 0.9396979808807373
        }
      },
      "world_space": {
        "head": {
          "x": 0.36667779088020325,
          "y": -0.37385350465774536,
          "z": 1.8687334060668945
        },
        "tail": {
          "x": 0.37644079327583313,
          "y": -0.38522738218307495,
          "z": 1.8895519971847534
        },
        "rotation_quaternion": {
          "w": 0.5248569846153259,
          "x": 0.728762686252594,
          "y": -0.05330319702625275,
          "z": -0.43656492233276367
        },
        "matrix": [
          [
            0.6131413578987122,
            0.38057592511177063,
            -0.6922568678855896,
            0.36667779088020325
          ],
          [
            -0.5359575152397156,
            -0.4433692693710327,
            -0.7184522747993469,
            -0.37385350465774536
          ],
          [
            -0.5803555250167847,
            0.8115381002426147,
            -0.06787638366222382,
            1.8687334060668945
          ],
          [
            0.0,
            0.0,
            0.0,
            1.0
          ]
        ]
      },
      "bone_length_armature_space": 0.02565336333333532,
      "parent": "index_01_l",
      "has_children": true,
      "is_end_bone": false
    },
    "index_03_l": {
      "name": "index_03_l",
      "local": {
        "location": {
          "x": 0.0,
          "y": 0.0,
          "z": 0.0
        },
        "rotation_quaternion": {
          "w": 0.9991264343261719,
          "x": 0.041769661009311676,
          "y": 0.0013187775621190667,
          "z": -0.0003456150006968528
        },
        "scale": {
          "x": 1.0,
          "y": 1.0,
          "z": 1.0
        },
        "matrix_basis": [
          [
            0.9999963045120239,
            0.0008007959695532918,
            0.002606378635391593,
            0.0
          ],
          [
            -0.0005804563988931477,
            0.9965103268623352,
            -0.0834672600030899,
            0.0
          ],
          [
            -0.0026641234289854765,
            0.08346543461084366,
            0.9965071082115173,
            0.0
          ],
          [
            0.0,
            0.0,
            0.0,
            1.0
          ]
        ],
        "rotation_mode": "QUATERNION"
      },
      "armature_space": {
        "head": {
          "x": 0.3764408826828003,
          "y": -0.4484712779521942,
          "z": 0.9396979808807373
        },
        "tail": {
          "x": 0.38562870025634766,
          "y": -0.4662714898586273,
          "z": 0.9609693884849548
        }
      },
      "world_space": {
        "head": {
          "x": 0.3764408826828003,
          "y": -0.3852272629737854,
          "z": 1.8895519971847534
        },
        "tail": {
          "x": 0.38562870025634766,
          "y": -0.4030274748802185,
          "z": 1.9108233451843262
        },
        "rotation_quaternion": {
          "w": 0.4402686655521393,
          "x": 0.7883810997009277,
          "y": -0.03950457274913788,
          "z": -0.4278530478477478
        },
        "matrix": [
          [
            0.6307636499404907,
            0.31444984674453735,
            -0.7094070911407471,
            0.3764408826828003
          ],
          [
            -0.43902891874313354,
            -0.6092068552970886,
            -0.6603944897651672,
            -0.3852272629737854
          ],
          [
            -0.6398414373397827,
            0.7280074954032898,
            -0.24621504545211792,
            1.8895519971847534
          ],
          [
            0.0,
            0.0,
            0.0,
            1.0
          ]
        ]
      },
      "bone_length_armature_space": 0.029218766527136168,
      "parent": "index_02_l",
      "has_children": false,
      "is_end_bone": true
    },
    "metacarpal_pinky_l": {
      "name": "metacarpal_pinky_l",
      "local": {
        "location": {
          "x": 0.0,
          "y": 0.0,
          "z": 0.0
        },
        "rotation_quaternion": {
          "w": 0.9994014501571655,
          "x": -0.034330952912569046,
          "y": 0.004038850776851177,
          "z": 0.0013873662101104856
        },
        "scale": {
          "x": 1.0,
          "y": 1.0,
          "z": 1.0
        },
        "matrix_basis": [
          [
            0.9999635219573975,
            -0.003050386905670166,
            0.007977607659995556,
            0.0
          ],
          [
            0.00249575637280941,
            0.9976389408111572,
            0.06863201409578323,
            0.0
          ],
          [
            -0.00816812552511692,
            -0.06860960274934769,
            0.9976101517677307,
            0.0
          ],
          [
            0.0,
            0.0,
            0.0,
            1.0
          ]
        ],
        "rotation_mode": "QUATERNION"
      },
      "armature_space": {
        "head": {
          "x": 0.3590310513973236,
          "y": -0.37698906660079956,
          "z": 0.7893893718719482
        },
        "tail": {
          "x": 0.4143916964530945,
          "y": -0.43218085169792175,
          "z": 0.858181357383728
        }
      },
      "world_space": {
        "head": {
          "x": 0.3590310513973236,
          "y": -0.31374508142471313,
          "z": 1.7392433881759644
        },
        "tail": {
          "x": 0.4143916964530945,
          "y": -0.36893683671951294,
          "z": 1.8080353736877441
        },
        "rotation_quaternion": {
          "w": 0.24948082864284515,
          "x": -0.11948125809431076,
          "y": -0.41562849283218384,
          "z": -0.8664504885673523
        },
        "matrix": [
          [
            -0.8469669818878174,
            0.5316455364227295,
            -0.0003351513296365738,
            0.3590310513973236
          ],
          [
            -0.33300748467445374,
            -0.5300239324569702,
            0.7798596620559692,
            -0.31374508142471313
          ],
          [
            0.4144340753555298,
            0.6606308221817017,
            0.625959575176239,
            1.7392433881759644
          ],
          [
            0.0,
            0.0,
            0.0,
            1.0
          ]
        ]
      },
      "bone_length_armature_space": 0.1041310299075334,
      "parent": "lowerarm_l",
      "has_children": true,
      "is_end_bone": false
    },
    "pinky_01_l": {
      "name": "pinky_01_l",
      "local": {
        "location": {
          "x": 0.0,
          "y": 0.0,
          "z": 0.0
        },
        "rotation_quaternion": {
          "w": 0.9941614866256714,
          "x": -0.10775275528430939,
          "y": 0.002609152812510729,
          "z": 0.00506118917837739
        },
        "scale": {
          "x": 1.0,
          "y": 1.0,
          "z": 1.0
        },
        "matrix_basis": [
          [
            0.9999351501464844,
            -0.0106255654245615,
            0.004097124096006155,
            0.0
          ],
          [
            0.009500991553068161,
            0.9767274856567383,
            0.21427369117736816,
            0.0
          ],
          [
            -0.006278552580624819,
            -0.21422086656093597,
            0.9767650961875916,
            0.0
          ],
          [
            0.0,
            0.0,
            0.0,
            1.0
          ]
        ],
        "rotation_mode": "QUATERNION"
      },
      "armature_space": {
        "head": {
          "x": 0.4143916964530945,
          "y": -0.43218085169792175,
          "z": 0.858181357383728
        },
