{
  "metadata": {
    "armature_name": "KIM_caucasian_male",
    "export_time": "2026-01-13T21:16:43.646946",
    "blender_version": "4.4.1",
    "bone_count": 56,
    "end_bone_count": 13,
    "spaces_included": [
      "LOCAL_CHANNELS",
      "ARMATURE_SPACE",
      "WORLD_SPACE"
    ],
    "note": "LOCAL matches Transform panel; replay pose via local.matrix_basis for best fidelity."
  },
  "bones": {
    "Root": {
      "name": "Root",
      "local": {
        "location": {
          "x": 0.0,
          "y": 0.0,
          "z": 0.0
        },
        "rotation_quaternion": {
          "w": 0.9998807311058044,
          "x": -0.013459887355566025,
          "y": 0.006484510842710733,
          "z": 0.003927028737962246
        },
        "scale": {
          "x": 1.0,
          "y": 1.0,
          "z": 1.0
        },
        "matrix_basis": [
          [
            0.999885082244873,
            -0.008027682080864906,
            0.012861760333180428,
            0.0
          ],
          [
            0.007678559049963951,
            0.9996068477630615,
            0.026967493817210197,
            0.0
          ],
          [
            -0.013073189184069633,
            -0.026865635067224503,
            0.9995535612106323,
            0.0
          ],
          [
            0.0,
            0.0,
            0.0,
            1.0
          ]
        ],
        "rotation_mode": "QUATERNION"
      },
      "armature_space": {
        "head": {
          "x": 0.0,
          "y": 0.07072800397872925,
          "z": -0.009595036506652832
        },
        "tail": {
          "x": -0.0005729827680625021,
          "y": 0.00028558820486068726,
          "z": 0.0018963934853672981
        }
      },
      "world_space": {
        "head": {
          "x": 0.0,
          "y": 0.13397200405597687,
          "z": 0.9402589797973633
        },
        "tail": {
          "x": -0.0005729827680625021,
          "y": 0.0635295882821083,
          "z": 0.9517503976821899
        },
        "rotation_quaternion": {
          "w": 0.08078893274068832,
          "x": 0.9967024326324463,
          "y": -0.0034812598023563623,
          "z": 0.006734336726367474
        },
        "matrix": [
          [
            0.999885082244873,
            -0.008027682080864906,
            0.012861760333180428,
            0.0
          ],
          [
            -0.005851437337696552,
            -0.986922025680542,
            -0.1610923856496811,
            0.13397200405597687
          ],
          [
            0.013986844569444656,
            0.16099880635738373,
            -0.9868625998497009,
            0.9402589797973633
          ],
          [
            0.0,
            0.0,
            0.0,
            1.0
          ]
        ]
      },
      "bone_length_armature_space": 0.07137587119327532,
      "parent": null,
      "has_children": true,
      "is_end_bone": false
    },
    "spine_01": {
      "name": "spine_01",
      "local": {
        "location": {
          "x": 0.0,
          "y": 0.0,
          "z": 0.0
        },
        "rotation_quaternion": {
          "w": 0.9942194819450378,
          "x": 0.08575796335935593,
          "y": 0.05231770873069763,
          "z": 0.03789641335606575
        },
        "scale": {
          "x": 1.0,
          "y": 1.0,
          "z": 1.0
        },
        "matrix_basis": [
          [
            0.9916534423828125,
            -0.06638138741254807,
            0.11053040623664856,
            0.0
          ],
          [
            0.08432802557945251,
            0.9824188947677612,
            -0.16655917465686798,
            0.0
          ],
          [
            -0.09753073006868362,
            0.17448978126049042,
            0.9798168540000916,
            0.0
          ],
          [
            0.0,
            0.0,
            0.0,
            1.0
          ]
        ],
        "rotation_mode": "QUATERNION"
      },
      "armature_space": {
        "head": {
          "x": -0.0005729827680625021,
          "y": 0.00028558820486068726,
          "z": 0.0018963934853672981
        },
        "tail": {
          "x": -0.0400288961827755,
          "y": -0.049134258180856705,
          "z": 0.48578622937202454
        }
      },
      "world_space": {
        "head": {
          "x": -0.0005729827680625021,
          "y": 0.0635295882821083,
          "z": 0.9517503976821899
        },
        "tail": {
          "x": -0.0400288961827755,
          "y": 0.014109741896390915,
          "z": 1.4356402158737183
        },
        "rotation_quaternion": {
          "w": 0.6703226566314697,
          "x": 0.7390548586845398,
          "y": 0.0056899660266935825,
          "z": 0.06658171117305756
        },
        "matrix": [
          [
            0.9910690784454346,
            -0.08085207641124725,
            0.10604269802570343,
            -0.0005729827680625021
          ],
          [
            0.09767230600118637,
            -0.1012699231505394,
            -0.9900528788566589,
            0.0635295882821083
          ],
          [
            0.09078748524188995,
            0.9915750622749329,
            -0.09247003495693207,
            0.9517503976821899
          ],
          [
            0.0,
            0.0,
            0.0,
            1.0
          ]
        ]
      },
      "bone_length_armature_space": 0.48800458174713723,
      "parent": "Root",
      "has_children": true,
      "is_end_bone": false
    },
    "neck_01": {
      "name": "neck_01",
      "local": {
        "location": {
          "x": 0.0,
          "y": 0.0,
          "z": 0.0
        },
        "rotation_quaternion": {
          "w": 0.9789189696311951,
          "x": 0.10028082877397537,
          "y": 0.07749702781438828,
          "z": 0.16017384827136993
        },
        "scale": {
          "x": 1.0,
          "y": 1.0,
          "z": 1.0
        },
        "matrix_basis": [
          [
            0.936677098274231,
            -0.29805150628089905,
            0.18385134637355804,
            0.0
          ],
          [
            0.3291373550891876,
            0.9285761713981628,
            -0.17150761187076569,
            0.0
          ],
          [
            -0.11960189044475555,
            0.22115960717201233,
            0.9678759574890137,
            0.0
          ],
          [
            0.0,
            0.0,
            0.0,
            1.0
          ]
        ],
        "rotation_mode": "QUATERNION"
      },
      "armature_space": {
        "head": {
          "x": -0.04227115586400032,
          "y": -0.09088455885648727,
          "z": 0.5551809072494507
        },
        "tail": {
          "x": -0.07296515256166458,
          "y": -0.15844330191612244,
          "z": 0.6259225606918335
        }
      },
      "world_space": {
        "head": {
          "x": -0.04227115586400032,
          "y": -0.027640558779239655,
          "z": 1.5050349235534668
        },
        "tail": {
          "x": -0.07296515256166458,
          "y": -0.09519930183887482,
          "z": 1.5757765769958496
        },
        "rotation_quaternion": {
          "w": 0.40642091631889343,
          "x": 0.8864561319351196,
          "y": -0.07304679602384567,
          "z": 0.20900216698646545
        },
        "matrix": [
          [
            0.9019648432731628,
            -0.2993912994861603,
            0.31116604804992676,
            -0.04227115586400032
          ],
          [
            0.0403793603181839,
            -0.6589725017547607,
            -0.7510826587677002,
            -0.027640558779239655
          ],
          [
            0.4299204349517822,
            0.6900188326835632,
            -0.5822855830192566,
            1.5050349235534668
          ],
          [
            0.0,
            0.0,
            0.0,
            1.0
          ]
        ]
      },
      "bone_length_armature_space": 0.10252164142075401,
      "parent": "spine_01",
      "has_children": true,
      "is_end_bone": false
    },
    "head": {
      "name": "head",
      "local": {
        "location": {
          "x": 0.0,
          "y": 0.0,
          "z": 0.0
        },
        "rotation_quaternion": {
          "w": 0.9981895685195923,
          "x": 0.045277804136276245,
          "y": 0.036201685667037964,
          "z": -0.016032252460718155
        },
        "scale": {
          "x": 1.0,
          "y": 1.0,
          "z": 1.0
        },
        "matrix_basis": [
          [
            0.9968647956848145,
            0.03528472036123276,
            0.07082048058509827,
            0.0
          ],
          [
            -0.028728188946843147,
            0.9953857660293579,
            -0.09155245125293732,
            0.0
          ],
          [
            -0.07372409850358963,
            0.08923087269067764,
            0.9932787418365479,
            0.0
          ],
          [
            0.0,
            0.0,
            0.0,
            1.0
          ]
        ],
        "rotation_mode": "QUATERNION"
      },
      "armature_space": {
        "head": {
          "x": -0.07296508550643921,
          "y": -0.1584433615207672,
          "z": 0.6259223818778992
        },
        "tail": {
          "x": -0.12609365582466125,
          "y": -0.22416602075099945,
          "z": 0.755964994430542
        }
      },
      "world_space": {
        "head": {
          "x": -0.07296508550643921,
          "y": -0.09519936144351959,
          "z": 1.5757763385772705
        },
        "tail": {
          "x": -0.12609365582466125,
          "y": -0.16092202067375183,
          "z": 1.705819010734558
        },
        "rotation_quaternion": {
          "w": 0.5322641730308533,
          "x": 0.8157451152801514,
          "y": -0.0693523958325386,
          "z": 0.21551114320755005
        },
        "matrix": [
          [
            0.8974908590316772,
            -0.34256553649902344,
            0.27777528762817383,
            -0.07296508550643921
          ],
          [
            0.11626844108104706,
            -0.4237705171108246,
            -0.8982765674591064,
            -0.09519936144351959
          ],
          [
            0.42543452978134155,
            0.8384968042373657,
            -0.3405038118362427,
            1.5757763385772705
          ],
          [
            0.0,
            0.0,
            0.0,
            1.0
          ]
        ]
      },
      "bone_length_armature_space": 0.1550909250271332,
      "parent": "neck_01",
      "has_children": false,
      "is_end_bone": true
    },
    "upperarm_l": {
      "name": "upperarm_l",
      "local": {
        "location": {
          "x": 0.0,
          "y": 0.0,
          "z": 0.0
        },
        "rotation_quaternion": {
          "w": 0.9979469776153564,
          "x": 0.05923435091972351,
          "y": 0.021263951435685158,
          "z": -0.011875404976308346
        },
        "scale": {
          "x": 1.0,
          "y": 1.0,
          "z": 1.0
        },
        "matrix_basis": [
          [
            0.9988136291503906,
            0.02622116170823574,
            0.041033729910850525,
            0.0
          ],
          [
            -0.021182935684919357,
            0.9927005171775818,
            -0.11873052269220352,
            0.0
          ],
          [
            -0.04384745657444,
            0.11772044748067856,
            0.9920782446861267,
            0.0
          ],
          [
            0.0,
            0.0,
            0.0,
            1.0
          ]
        ],
        "rotation_mode": "QUATERNION"
      },
      "armature_space": {
        "head": {
          "x": 0.11216127872467041,
          "y": -0.07258498668670654,
          "z": 0.501862645149231
        },
        "tail": {
          "x": 0.37990307807922363,
          "y": -0.06586660444736481,
          "z": 0.5106267929077148
        }
      },
      "world_space": {
        "head": {
          "x": 0.11216127872467041,
          "y": -0.009340986609458923,
          "z": 1.451716661453247
        },
        "tail": {
          "x": 0.37990307807922363,
          "y": -0.0026226043701171875,
          "z": 1.460480809211731
        },
        "rotation_quaternion": {
          "w": 0.4720812141895294,
          "x": 0.539667546749115,
          "y": 0.5382140278816223,
          "z": -0.442971795797348
        },
        "matrix": [
          [
            0.028202131390571594,
            0.9991505742073059,
            0.030047789216041565,
            0.11216127872467041
          ],
          [
            0.16267579793930054,
            0.025071457028388977,
            -0.9863610863685608,
            -0.009340986609458923
          ],
          [
            -0.9862833023071289,
            0.032705724239349365,
            -0.16183257102966309,
            1.451716661453247
          ],
          [
            0.0,
            0.0,
            0.0,
            1.0
          ]
        ]
      },
      "bone_length_armature_space": 0.2679694362261042,
      "parent": "spine_01",
      "has_children": true,
      "is_end_bone": false
    },
    "lowerarm_l": {
      "name": "lowerarm_l",
      "local": {
        "location": {
          "x": 0.0,
          "y": 0.0,
          "z": 0.0
        },
        "rotation_quaternion": {
          "w": 0.9727469682693481,
          "x": 0.1813005954027176,
          "y": 0.0579771026968956,
          "z": -0.13240961730480194
        },
        "scale": {
          "x": 1.0,
          "y": 1.0,
          "z": 1.0
        },
        "matrix_basis": [
          [
            0.958212673664093,
            0.27862468361854553,
            0.06478221714496613,
            0.0
          ],
          [
            -0.2365795373916626,
            0.8991955518722534,
            -0.36807265877723694,
            0.0
          ],
          [
            -0.16080598533153534,
            0.3373657464981079,
            0.9275375008583069,
            0.0
          ],
          [
            0.0,
            0.0,
            0.0,
            1.0
          ]
        ],
        "rotation_mode": "QUATERNION"
      },
      "armature_space": {
        "head": {
          "x": 0.3799031674861908,
          "y": -0.06586667150259018,
          "z": 0.5106269121170044
        },
        "tail": {
          "x": 0.6159176230430603,
          "y": -0.17835600674152374,
          "z": 0.45394596457481384
        }
      },
      "world_space": {
        "head": {
          "x": 0.3799031674861908,
          "y": -0.00262267142534256,
          "z": 1.4604809284210205
        },
        "tail": {
          "x": 0.6159176230430603,
          "y": -0.11511200666427612,
          "z": 1.4038000106811523
        },
        "rotation_quaternion": {
          "w": 0.2835070788860321,
          "x": 0.5929427742958069,
          "y": 0.45758217573165894,
          "z": -0.5988833904266357
        },
        "matrix": [
          [
            -0.13608652353286743,
            0.8822163343429565,
            -0.45074909925460815,
            0.3799031674861908
          ],
          [
            0.2030637115240097,
            -0.4204823970794678,
            -0.8842849731445312,
            -0.00262267142534256
          ],
          [
            -0.9696693420410156,
            -0.21187199652194977,
            -0.12192577123641968,
            1.4604809284210205
          ],
          [
            0.0,
            0.0,
            0.0,
            1.0
          ]
        ]
      },
      "bone_length_armature_space": 0.26752458727681183,
      "parent": "upperarm_l",
      "has_children": true,
      "is_end_bone": false
    },
    "metacarpal_thumb_l": {
      "name": "metacarpal_thumb_l",
      "local": {
        "location": {
          "x": 0.0,
          "y": 0.0,
          "z": 0.0
        },
        "rotation_quaternion": {
          "w": 0.9995309710502625,
          "x": 0.030375203117728233,
          "y": -0.001479419181123376,
          "z": -0.003607330843806267
        },
        "scale": {
          "x": 1.0,
          "y": 1.0,
          "z": 1.0
        },
        "matrix_basis": [
          [
            0.9999696016311646,
            0.007121402304619551,
            -0.003176597412675619,
            0.0
          ],
          [
            -0.007301153149455786,
            0.9981286525726318,
            -0.06071123853325844,
            0.0
          ],
          [
            0.0027383037377148867,
            0.060732584446668625,
            0.9981502890586853,
            0.0
          ],
          [
            0.0,
            0.0,
            0.0,
            1.0
          ]
        ],
        "rotation_mode": "QUATERNION"
      },
      "armature_space": {
        "head": {
          "x": 0.6159176230430603,
          "y": -0.17835600674152374,
          "z": 0.45394596457481384
        },
        "tail": {
          "x": 0.6354363560676575,
          "y": -0.21746733784675598,
          "z": 0.4306453764438629
        }
      },
      "world_space": {
        "head": {
          "x": 0.6159176230430603,
          "y": -0.11511200666427612,
          "z": 1.4038000106811523
        },
        "tail": {
          "x": 0.6354363560676575,
          "y": -0.15422333776950836,
          "z": 1.3804993629455566
        },
        "rotation_quaternion": {
          "w": 0.22395317256450653,
          "x": -0.940077006816864,
          "y": -0.23462669551372528,
          "z": 0.10512223094701767
        },
        "matrix": [
          [
            0.8677989840507507,
            0.3940495252609253,
            -0.3027372658252716,
            0.6159176230430603
          ],
          [
            0.48821961879730225,
            -0.7895907759666443,
            0.3717365860939026,
            -0.11511200666427612
          ],
          [
            -0.09255616366863251,
            -0.4703989326953888,
            -0.8775946497917175,
            1.4038000106811523
          ],
          [
            0.0,
            0.0,
            0.0,
            1.0
          ]
        ]
      },
      "bone_length_armature_space": 0.04953377128422409,
      "parent": "lowerarm_l",
      "has_children": true,
      "is_end_bone": false
    },
    "thumb_01_l": {
      "name": "thumb_01_l",
      "local": {
        "location": {
          "x": 0.0,
          "y": 0.0,
          "z": 0.0
        },
        "rotation_quaternion": {
          "w": 0.9978070259094238,
          "x": -0.06362935900688171,
          "y": 0.00728845177218318,
          "z": 0.016712095588445663
        },
        "scale": {
          "x": 1.0,
          "y": 1.0,
          "z": 1.0
        },
        "matrix_basis": [
          [
            0.9993351697921753,
            -0.03427841141819954,
            0.012418176978826523,
            0.0
          ],
          [
            0.03242337331175804,
            0.9913440346717834,
            0.12722325325012207,
            0.0
          ],
          [
            -0.016671696677803993,
            -0.12673602998256683,
            0.9917963743209839,
            0.0
          ],
          [
            0.0,
            0.0,
            0.0,
            1.0
          ]
        ],
        "rotation_mode": "QUATERNION"
      },
      "armature_space": {
        "head": {
          "x": 0.6354363560676575,
          "y": -0.21746733784675598,
          "z": 0.4306453764438629
        },
        "tail": {
          "x": 0.6287782788276672,
          "y": -0.22871889173984528,
          "z": 0.39921748638153076
        }
      },
      "world_space": {
        "head": {
          "x": 0.6354363560676575,
          "y": -0.15422333776950836,
          "z": 1.3804993629455566
        },
        "tail": {
          "x": 0.6287782788276672,
          "y": -0.16547489166259766,
          "z": 1.3490715026855469
        },
        "rotation_quaternion": {
          "w": 0.4527875781059265,
          "x": -0.7297108173370361,
          "y": 0.3601485788822174,
          "z": -0.36441534757614136
        },
        "matrix": [
          [
            0.4749884605407715,
            -0.1956041157245636,
            0.8579773306846619,
            0.6354363560676575
          ],
          [
            -0.8556143045425415,
            -0.33055296540260315,
            0.3983200490474701,
            -0.15422333776950836
          ],
          [
            0.20569446682929993,
            -0.9233019948005676,
            -0.3243725299835205,
            1.3804993629455566
          ],
          [
            0.0,
            0.0,
            0.0,
            1.0
          ]
        ]
      },
      "bone_length_armature_space": 0.03403879785661935,
      "parent": "metacarpal_thumb_l",
      "has_children": true,
      "is_end_bone": false
    },
    "thumb_02_l": {
      "name": "thumb_02_l",
      "local": {
        "location": {
          "x": 0.0,
          "y": 0.0,
          "z": 0.0
        },
        "rotation_quaternion": {
          "w": 0.9973058700561523,
          "x": 0.07303804159164429,
          "y": 0.006777111440896988,
          "z": -0.0008092544157989323
        },
        "scale": {
          "x": 1.0,
          "y": 1.0,
          "z": 1.0
        },
        "matrix_basis": [
          [
            0.9999068379402161,
            0.0026041222736239433,
            0.01339949294924736,
            0.0
          ],
          [
            -0.0006241744849830866,
            0.9893295764923096,
            -0.14569351077079773,
            0.0
          ],
          [
            -0.013635918498039246,
            0.1456715613603592,
            0.9892390370368958,
            0.0
          ],
          [
            0.0,
            0.0,
            0.0,
            1.0
          ]
        ],
        "rotation_mode": "QUATERNION"
      },
      "armature_space": {
        "head": {
          "x": 0.6287782192230225,
          "y": -0.22871887683868408,
          "z": 0.39921751618385315
        },
        "tail": {
          "x": 0.661237359046936,
          "y": -0.24586085975170135,
          "z": 0.3829159736633301
        }
      },
      "world_space": {
        "head": {
          "x": 0.6287782192230225,
          "y": -0.16547487676143646,
          "z": 1.3490715026855469
        },
        "tail": {
          "x": 0.661237359046936,
          "y": -0.18261685967445374,
          "z": 1.3327699899673462
        },
        "rotation_quaternion": {
          "w": 0.5336820483207703,
          "x": -0.31831464171409607,
          "y": 0.04225132241845131,
          "z": -0.7823517918586731
        },
        "matrix": [
          [
            -0.22771719098091125,
            0.8081569671630859,
            0.5431641936302185,
            0.6287782192230225
          ],
          [
            -0.8619521856307983,
            -0.42679551243782043,
            0.2736494839191437,
            -0.16547487676143646
          ],
          [
            0.4529741108417511,
            -0.4058702290058136,
            0.7937871217727661,
            1.3490715026855469
          ],
          [
            0.0,
            0.0,
            0.0,
            1.0
          ]
        ]
      },
      "bone_length_armature_space": 0.04016445785312389,
      "parent": "thumb_01_l",
      "has_children": true,
      "is_end_bone": false
    },
    "thumb_03_l": {
      "name": "thumb_03_l",
      "local": {
        "location": {
          "x": 0.0,
          "y": 0.0,
          "z": 0.0
        },
        "rotation_quaternion": {
          "w": 0.9983489513397217,
          "x": 0.05666326731443405,
          "y": -0.007800580933690071,
          "z": -0.005270065274089575
        },
        "scale": {
          "x": 1.0,
          "y": 1.0,
          "z": 1.0
        },
        "matrix_basis": [
          [
            0.999822735786438,
            0.009638715535402298,
            -0.01617264188826084,
            0.0
          ],
          [
            -0.011406741105020046,
            0.9935230016708374,
            -0.1130572110414505,
            0.0
          ],
          [
            0.014978165738284588,
            0.11322164535522461,
            0.9934568405151367,
            0.0
          ],
          [
            0.0,
            0.0,
            0.0,
            1.0
          ]
        ],
        "rotation_mode": "QUATERNION"
      },
      "armature_space": {
        "head": {
          "x": 0.6612372398376465,
          "y": -0.24586090445518494,
          "z": 0.3829159736633301
        },
        "tail": {
          "x": 0.6907914876937866,
          "y": -0.25197476148605347,
          "z": 0.37890881299972534
        }
      },
      "world_space": {
        "head": {
          "x": 0.6612372398376465,
          "y": -0.18261690437793732,
          "z": 1.3327699899673462
        },
        "tail": {
          "x": 0.6907914876937866,
          "y": -0.18873076140880585,
          "z": 1.3287627696990967
        },
        "rotation_quaternion": {
          "w": 0.631340503692627,
          "x": -0.06555463373661041,
          "y": 0.031631696969270706,
          "z": -0.772082507610321
        },
        "matrix": [
          [
            -0.19422349333763123,
            0.9707465767860413,
            0.14116808772087097,
            0.6612372398376465
          ],
          [
            -0.9790409207344055,
            -0.20081721246242523,
            0.033931393176317215,
            -0.18261690437793732
          ],
          [
            0.06128719449043274,
            -0.13162025809288025,
            0.9894111156463623,
            1.3327699899673462
          ],
          [
            0.0,
            0.0,
            0.0,
            1.0
          ]
        ]
      },
      "bone_length_armature_space": 0.030444870644304095,
      "parent": "thumb_02_l",
      "has_children": false,
      "is_end_bone": true
    },
    "metacarpal_index_l": {
      "name": "metacarpal_index_l",
      "local": {
        "location": {
          "x": 0.0,
          "y": 0.0,
          "z": 0.0
        },
        "rotation_quaternion": {
          "w": 0.9983774423599243,
          "x": -0.05590369552373886,
          "y": -0.008669993840157986,
          "z": -0.006492790766060352
        },
        "scale": {
          "x": 1.0,
          "y": 1.0,
          "z": 1.0
        },
        "matrix_basis": [
          [
            0.9997653365135193,
            0.013933881185948849,
            -0.016585910692811012,
            0.0
          ],
          [
            -0.011995142325758934,
            0.9936652183532715,
            0.11173856258392334,
            0.0
          ],
          [
            0.018037794157862663,
            -0.11151339113712311,
            0.9935992360115051,
            0.0
          ],
          [
            0.0,
            0.0,
            0.0,
            1.0
          ]
        ],
        "rotation_mode": "QUATERNION"
      },
      "armature_space": {
        "head": {
          "x": 0.6159176230430603,
          "y": -0.17835600674152374,
          "z": 0.45394596457481384
        },
        "tail": {
          "x": 0.7046995759010315,
          "y": -0.25102123618125916,
          "z": 0.43013933300971985
        }
      },
      "world_space": {
        "head": {
          "x": 0.6159176230430603,
          "y": -0.11511200666427612,
          "z": 1.4038000106811523
        },
        "tail": {
          "x": 0.7046995759010315,
          "y": -0.18777723610401154,
          "z": 1.3799933195114136
        },
        "rotation_quaternion": {
          "w": 0.031209023669362068,
          "x": 0.8504076600074768,
          "y": 0.43467870354652405,
          "z": -0.2947665750980377
        },
        "matrix": [
          [
            0.4483334422111511,
            0.7577078938484192,
            -0.4742106795310974,
            0.6159176230430603
          ],
          [
            0.7209092974662781,
            -0.6201601028442383,
            -0.30934035778045654,
            -0.11511200666427612
          ],
          [
            -0.528479278087616,
            -0.2031773328781128,
            -0.8242833614349365,
            1.4038000106811523
          ],
          [
            0.0,
            0.0,
            0.0,
            1.0
          ]
        ]
      },
      "bone_length_armature_space": 0.11717178442997998,
      "parent": "lowerarm_l",
      "has_children": true,
      "is_end_bone": false
    },
    "index_01_l": {
      "name": "index_01_l",
      "local": {
        "location": {
          "x": 0.0,
          "y": 0.0,
          "z": 0.0
        },
        "rotation_quaternion": {
          "w": 0.9942684173583984,
          "x": -0.10554833710193634,
          "y": 0.009810634888708591,
          "z": 0.013913635164499283
        },
        "scale": {
          "x": 1.0,
          "y": 1.0,
          "z": 1.0
        },
        "matrix_basis": [
          [
            0.9994203448295593,
            -0.029738768935203552,
            0.016571687534451485,
            0.0
          ],
          [
            0.02559678442776203,
            0.9773319363594055,
            0.2101597636938095,
            0.0
          ],
          [
            -0.022445930168032646,
            -0.20961375534534454,
            0.9775266051292419,
            0.0
          ],
          [
            0.0,
            0.0,
            0.0,
            1.0
          ]
        ],
        "rotation_mode": "QUATERNION"
      },
      "armature_space": {
        "head": {
          "x": 0.7046995759010315,
          "y": -0.25102123618125916,
          "z": 0.43013933300971985
        },
        "tail": {
          "x": 0.7323567271232605,
          "y": -0.25774601101875305,
          "z": 0.42842790484428406
        }
      },
      "world_space": {
        "head": {
          "x": 0.7046995759010315,
          "y": -0.18777723610401154,
          "z": 1.3799933195114136
        },
        "tail": {
          "x": 0.7323567271232605,
          "y": -0.19450201094150543,
          "z": 1.3782819509506226
        },
        "rotation_quaternion": {
          "w": 0.10422293096780777,
          "x": 0.7651585936546326,
          "y": 0.6092768311500549,
          "z": -0.18014374375343323
        },
        "matrix": [
          [
            0.19265958666801453,
            0.9699372053146362,
            -0.14867407083511353,
            0.7046995759010315
          ],
          [
            0.89483642578125,
            -0.23583772778511047,
            -0.37901026010513306,
            -0.18777723610401154
          ],
          [
            -0.4026811420917511,
            -0.06001971662044525,
            -0.9133783578872681,
            1.3799933195114136
          ],
          [
            0.0,
            0.0,
            0.0,
            1.0
          ]
        ]
      },
      "bone_length_armature_space": 0.02851437486117526,
      "parent": "metacarpal_index_l",
      "has_children": true,
      "is_end_bone": false
    },
    "index_02_l": {
      "name": "index_02_l",
      "local": {
        "location": {
          "x": 0.0,
          "y": 0.0,
          "z": 0.0
        },
        "rotation_quaternion": {
          "w": 0.9994274377822876,
          "x": 0.03316543623805046,
          "y": 0.0029676263220608234,
          "z": 0.006011107936501503
        },
        "scale": {
          "x": 1.0,
          "y": 1.0,
          "z": 1.0
        },
        "matrix_basis": [
          [
            0.9999101161956787,
            -0.01181848719716072,
            0.006330576259642839,
            0.0
          ],
          [
            0.012212177738547325,
            0.9977278113365173,
            -0.06625721603631973,
            0.0
          ],
          [
            -0.005533132236450911,
            0.06632857024669647,
            0.9977824687957764,
            0.0
          ],
          [
            0.0,
            0.0,
            0.0,
            1.0
          ]
        ],
        "rotation_mode": "QUATERNION"
      },
      "armature_space": {
        "head": {
          "x": 0.7323569655418396,
          "y": -0.2577464282512665,
          "z": 0.42842769622802734
        },
        "tail": {
          "x": 0.757180392742157,
          "y": -0.26375025510787964,
          "z": 0.42601096630096436
        }
      },
      "world_space": {
        "head": {
          "x": 0.7323569655418396,
          "y": -0.19450242817401886,
          "z": 1.3782817125320435
        },
        "tail": {
          "x": 0.757180392742157,
          "y": -0.20050625503063202,
          "z": 1.3758649826049805
        },
        "rotation_quaternion": {
          "w": 0.10945028811693192,
          "x": 0.7560234665870667,
          "y": 0.6090986728668213,
          "z": -0.21318526566028595
        },
        "matrix": [
          [
            0.16710102558135986,
            0.9676525592803955,
            -0.1890120953321457,
            0.7323569655418396
          ],
          [
            0.8743192553520203,
            -0.23403754830360413,
            -0.4251973032951355,
            -0.19450242817401886
          ],
          [
            -0.45568159222602844,
            -0.09420694410800934,
            -0.8851518630981445,
            1.3782817125320435
          ],
          [
            0.0,
            0.0,
            0.0,
            1.0
          ]
        ]
      },
      "bone_length_armature_space": 0.025653246576705643,
      "parent": "index_01_l",
      "has_children": true,
      "is_end_bone": false
    },
    "index_03_l": {
      "name": "index_03_l",
      "local": {
        "location": {
          "x": 0.0,
          "y": 0.0,
          "z": 0.0
        },
        "rotation_quaternion": {
          "w": 0.9998856782913208,
          "x": 0.014707224443554878,
          "y": -0.0027967137284576893,
          "z": -0.002136380411684513
        },
        "scale": {
          "x": 1.0,
          "y": 1.0,
          "z": 1.0
        },
        "matrix_basis": [
          [
            0.9999752044677734,
            0.004190008621662855,
            -0.005655628629028797,
            0.0
          ],
          [
            -0.004354536067694426,
            0.9995582699775696,
            -0.02939913608133793,
            0.0
          ],
          [
            0.005529947578907013,
            0.02942303568124771,
            0.9995517730712891,
            0.0
          ],
          [
            0.0,
            0.0,
            0.0,
            1.0
          ]
        ],
        "rotation_mode": "QUATERNION"
      },
      "armature_space": {
        "head": {
          "x": 0.757180392742157,
          "y": -0.26375022530555725,
          "z": 0.4260111153125763
        },
        "tail": {
          "x": 0.784953236579895,
          "y": -0.2694881558418274,
          "z": 0.4189770817756653
        }
      },
      "world_space": {
        "head": {
          "x": 0.757180392742157,
          "y": -0.20050622522830963,
          "z": 1.37586510181427
        },
        "tail": {
          "x": 0.784953236579895,
          "y": -0.20624415576457977,
          "z": 1.3688311576843262
        },
        "rotation_quaternion": {
          "w": 0.03396545723080635,
          "x": 0.7385024428367615,
          "y": 0.6329742074012756,
          "z": -0.22979186475276947
        },
        "matrix": [
          [
            0.0930778756737709,
            0.9505163431167603,
            -0.2964033782482147,
            0.757180392742157
          ],
          [
            0.9192954897880554,
            -0.19637908041477203,
            -0.34107398986816406,
            -0.20050622522830963
          ],
          [
            -0.3824056386947632,
            -0.24073782563209534,
            -0.8920905590057373,
            1.37586510181427
          ],
          [
            0.0,
            0.0,
            0.0,
            1.0
          ]
        ]
      },
      "bone_length_armature_space": 0.029218698109747872,
      "parent": "index_02_l",
      "has_children": false,
      "is_end_bone": true
    },
    "metacarpal_pinky_l": {
      "name": "metacarpal_pinky_l",
      "local": {
        "location": {
          "x": 0.0,
          "y": 0.0,
          "z": 0.0
        },
        "rotation_quaternion": {
          "w": 0.999798595905304,
          "x": -0.009074592031538486,
          "y": -0.013956577517092228,
          "z": 0.011210443452000618
        },
        "scale": {
          "x": 1.0,
          "y": 1.0,
          "z": 1.0
        },
        "matrix_basis": [
          [
            0.9993590712547302,
            -0.022163070738315582,
            -0.028110994026064873,
            0.0
          ],
          [
            0.02266967110335827,
            0.9995839595794678,
            0.01783261075615883,
            0.0
          ],
          [
            0.02770407311618328,
            -0.018458448350429535,
            0.9994457364082336,
            0.0
          ],
          [
            0.0,
            0.0,
            0.0,
            1.0
          ]
        ],
        "rotation_mode": "QUATERNION"
      },
      "armature_space": {
        "head": {
          "x": 0.6159176230430603,
          "y": -0.17835600674152374,
          "z": 0.45394596457481384
        },
        "tail": {
          "x": 0.7178480625152588,
          "y": -0.1890818178653717,
          "z": 0.43555140495300293
        }
      },
      "world_space": {
        "head": {
          "x": 0.6159176230430603,
          "y": -0.11511200666427612,
          "z": 1.4038000106811523
        },
        "tail": {
          "x": 0.7178480625152588,
          "y": -0.12583781778812408,
          "z": 1.385405421257019
        },
        "rotation_quaternion": {
          "w": 0.6367373466491699,
          "x": 0.10106537491083145,
          "y": 0.2075168341398239,
          "z": -0.7357229590415955
        },
        "matrix": [
          [
            -0.16870208084583282,
            0.9788697957992554,
            0.11555762588977814,
            0.6159176230430603
          ],
          [
            -0.8949797749519348,
            -0.10300333797931671,
            -0.4340527653694153,
            -0.11511200666427612
          ],
          [
            -0.41298195719718933,
            -0.17664873600006104,
            0.8934513330459595,
            1.4038000106811523
          ],
          [
            0.0,
            0.0,
            0.0,
            1.0
          ]
        ]
      },
      "bone_length_armature_space": 0.1041307687565037,
      "parent": "lowerarm_l",
      "has_children": true,
      "is_end_bone": false
    },
    "pinky_01_l": {
      "name": "pinky_01_l",
      "local": {
        "location": {
          "x": 0.0,
          "y": 0.0,
          "z": 0.0
        },
        "rotation_quaternion": {
          "w": 0.991004228591919,
          "x": -0.13300760090351105,
          "y": 0.001778176287189126,
          "z": 0.014715845696628094
        },
        "scale": {
          "x": 1.0,
          "y": 1.0,
          "z": 1.0
        },
        "matrix_basis": [
          [
            0.999560534954071,
            -0.02963995188474655,
            -0.0003902782336808741,
            0.0
          ],
          [
            0.0286939088255167,
            0.9641848206520081,
            0.2636745274066925,
            0.0
          ],
          [
            -0.007438999135047197,
            -0.2635698616504669,
            0.9646116495132446,
            0.0
          ],
          [
            0.0,
            0.0,
            0.0,
            1.0
          ]
        ],
        "rotation_mode": "QUATERNION"
      },
      "armature_space": {
        "head": {
          "x": 0.7178480625152588,
          "y": -0.1890818178653717,
