{
  "metadata": {
    "armature_name": "KIM_caucasian_male",
    "export_time": "2026-01-13T21:02:50.564731",
    "blender_version": "4.4.1",
    "bone_count": 56,
    "end_bone_count": 13,
    "spaces_included": [
      "LOCAL_CHANNELS",
      "ARMATURE_SPACE",
      "WORLD_SPACE"
    ],
    "note": "LOCAL matches Transform panel; replay pose via local.matrix_basis for best fidelity."
  },
  "bones": {
    "Root": {
      "name": "Root",
      "local": {
        "location": {
          "x": 0.0,
          "y": 0.0,
          "z": 0.0
        },
        "rotation_quaternion": {
          "w": 0.9998541474342346,
          "x": 0.0019006801303476095,
          "y": -0.0035461303777992725,
          "z": 0.016602735966444016
        },
        "scale": {
          "x": 1.0,
          "y": 1.0,
          "z": 1.0
        },
        "matrix_basis": [
          [
            0.9994235634803772,
            -0.033214107155799866,
            -0.00702811311930418,
            0.0
          ],
          [
            0.0331871472299099,
            0.9994414448738098,
            -0.003918556962162256,
            0.0
          ],
          [
            0.007154339458793402,
            0.003683054819703102,
            0.999967634677887,
            0.0
          ],
          [
            0.0,
            0.0,
            0.0,
            1.0
          ]
        ],
        "rotation_mode": "QUATERNION"
      },
      "armature_space": {
        "head": {
          "x": 0.0,
          "y": 0.07072800397872925,
          "z": -0.009595036506652832
        },
        "tail": {
          "x": -0.0023706858046352863,
          "y": 4.16487455368042e-06,
          "z": -0.00026585720479488373
        }
      },
      "world_space": {
        "head": {
          "x": 0.0,
          "y": 0.13397200405597687,
          "z": 0.9402589797973633
        },
        "tail": {
          "x": -0.0023706858046352863,
          "y": 0.0632481649518013,
          "z": 0.9495881795883179
        },
        "rotation_quaternion": {
          "w": 0.06546147167682648,
          "x": 0.9977107644081116,
          "y": -0.016803916543722153,
          "z": -0.0024195839650928974
        },
        "matrix": [
          [
            0.9994235634803772,
            -0.033214107155799866,
            -0.00702811311930418,
            0.0
          ],
          [
            -0.03384766727685928,
            -0.9908648133277893,
            -0.1305423527956009,
            0.13397200405597687
          ],
          [
            -0.002628113143146038,
            0.13070495426654816,
            -0.9914249181747437,
            0.9402589797973633
          ],
          [
            0.0,
            0.0,
            0.0,
            1.0
          ]
        ]
      },
      "bone_length_armature_space": 0.07137587365035433,
      "parent": null,
      "has_children": true,
      "is_end_bone": false
    },
    "spine_01": {
      "name": "spine_01",
      "local": {
        "location": {
          "x": 0.0,
          "y": 0.0,
          "z": 0.0
        },
        "rotation_quaternion": {
          "w": 0.9988296031951904,
          "x": 0.014290320686995983,
          "y": 0.017310338094830513,
          "z": 0.04284567013382912
        },
        "scale": {
          "x": 1.0,
          "y": 1.0,
          "z": 1.0
        },
        "matrix_basis": [
          [
            0.9957292079925537,
            -0.08509630709886551,
            0.035804711282253265,
            0.0
          ],
          [
            0.08608578890562057,
            0.9959200620651245,
            -0.027063844725489616,
            0.0
          ],
          [
            -0.033355601131916046,
            0.030030537396669388,
            0.9989922642707825,
            0.0
          ],
          [
            0.0,
            0.0,
            0.0,
            1.0
          ]
        ],
        "rotation_mode": "QUATERNION"
      },
      "armature_space": {
        "head": {
          "x": -0.0023706858046352863,
          "y": 4.16487455368042e-06,
          "z": -0.00026585720479488373
        },
        "tail": {
          "x": -0.04238530993461609,
          "y": 0.007612432818859816,
          "z": 0.4860359728336334
        }
      },
      "world_space": {
        "head": {
          "x": -0.0023706858046352863,
          "y": 0.0632481649518013,
          "z": 0.9495881795883179
        },
        "tail": {
          "x": -0.04238530993461609,
          "y": 0.07085642963647842,
          "z": 1.4358899593353271
        },
        "rotation_quaternion": {
          "w": 0.7120442986488342,
          "x": 0.7009338736534119,
          "y": -0.028071237727999687,
          "z": 0.029945358633995056
        },
        "matrix": [
          [
            0.9966305494308472,
            -0.08199697732925415,
            0.002004038542509079,
            -0.0023706858046352863
          ],
          [
            0.003293275833129883,
            0.015590673312544823,
            -0.9998730421066284,
            0.0632481649518013
          ],
          [
            0.08195590227842331,
            0.9965176582336426,
            0.015807349234819412,
            0.9495881795883179
          ],
          [
            0.0,
            0.0,
            0.0,
            1.0
          ]
        ]
      },
      "bone_length_armature_space": 0.48800464206768507,
      "parent": "Root",
      "has_children": true,
      "is_end_bone": false
    },
    "neck_01": {
      "name": "neck_01",
      "local": {
        "location": {
          "x": 0.0,
          "y": 0.0,
          "z": 0.0
        },
        "rotation_quaternion": {
          "w": 0.994186520576477,
          "x": -0.012035916559398174,
          "y": 0.10474526882171631,
          "z": 0.021834561601281166
        },
        "scale": {
          "x": 1.0,
          "y": 1.0,
          "z": 1.0
        },
        "matrix_basis": [
          [
            0.9771033525466919,
            -0.04593666270375252,
            0.20774707198143005,
            0.0
          ],
          [
            0.04089384153485298,
            0.9987567663192749,
            0.028506025671958923,
            0.0
          ],
          [
            -0.20879825949668884,
            -0.01935775764286518,
            0.9777671098709106,
            0.0
          ],
          [
            0.0,
            0.0,
            0.0,
            1.0
          ]
        ],
        "rotation_mode": "QUATERNION"
      },
      "armature_space": {
        "head": {
          "x": -0.0483195036649704,
          "y": -0.025922078639268875,
          "z": 0.5595476627349854
        },
        "tail": {
          "x": -0.060763999819755554,
          "y": -0.061500515788793564,
          "z": 0.6548894643783569
        }
      },
      "world_space": {
        "head": {
          "x": -0.0483195036649704,
          "y": 0.037321921437978745,
          "z": 1.5094016790390015
        },
        "tail": {
          "x": -0.060763999819755554,
          "y": 0.0017434842884540558,
          "z": 1.604743480682373
        },
        "rotation_quaternion": {
          "w": 0.5710898637771606,
          "x": 0.8099319338798523,
          "y": 0.01841566152870655,
          "z": 0.13239195942878723
        },
        "matrix": [
          [
            0.9642666578292847,
            -0.12138445675373077,
            0.23549006879329681,
            -0.0483195036649704
          ],
          [
            0.1810455322265625,
            -0.3470344543457031,
            -0.9202118515968323,
            0.037321921437978745
          ],
          [
            0.19342410564422607,
            0.9299701452255249,
            -0.31266066431999207,
            1.5094016790390015
          ],
          [
            0.0,
            0.0,
            0.0,
            1.0
          ]
        ]
      },
      "bone_length_armature_space": 0.10252194964286185,
      "parent": "spine_01",
      "has_children": true,
      "is_end_bone": false
    },
    "head": {
      "name": "head",
      "local": {
        "location": {
          "x": 0.0,
          "y": 0.0,
          "z": 0.0
        },
        "rotation_quaternion": {
          "w": 0.993876576423645,
          "x": 0.026668213307857513,
          "y": -0.06068820878863335,
          "z": 0.08840389549732208
        },
        "scale": {
          "x": 1.0,
          "y": 1.0,
          "z": 1.0
        },
        "matrix_basis": [
          [
            0.9770033955574036,
            -0.17896200716495514,
            -0.11591803282499313,
            0.0
          ],
          [
            0.1724882274866104,
            0.9829471111297607,
            -0.06373997032642365,
            0.0
          ],
          [
            0.12534832954406738,
            0.0422796756029129,
            0.991211473941803,
            0.0
          ],
          [
            0.0,
            0.0,
            0.0,
            1.0
          ]
        ],
        "rotation_mode": "QUATERNION"
      },
      "armature_space": {
        "head": {
          "x": -0.06076395511627197,
          "y": -0.061500631272792816,
          "z": 0.6548893451690674
        },
        "tail": {
          "x": -0.11672897636890411,
          "y": -0.071526899933815,
          "z": 0.7991830110549927
        }
      },
      "world_space": {
        "head": {
          "x": -0.06076395511627197,
          "y": 0.0017433688044548035,
          "z": 1.6047433614730835
        },
        "tail": {
          "x": -0.11672897636890411,
          "y": -0.008282899856567383,
          "z": 1.7490370273590088
        },
        "rotation_quaternion": {
          "w": 0.6752606630325317,
          "x": 0.7133987545967102,
          "y": -0.10816241055727005,
          "z": 0.15292519330978394
        },
        "matrix": [
          [
            0.9298296570777893,
            -0.3608546257019043,
            0.07211553305387497,
            -0.06076395511627197
          ],
          [
            0.05220060050487518,
            -0.06464800238609314,
            -0.9965419769287109,
            0.0017433688044548035
          ],
          [
            0.36427152156829834,
            0.9303852915763855,
            -0.041275981813669205,
            1.6047433614730835
          ],
          [
            0.0,
            0.0,
            0.0,
            1.0
          ]
        ]
      },
      "bone_length_armature_space": 0.15509117360151317,
      "parent": "neck_01",
      "has_children": false,
      "is_end_bone": true
    },
    "upperarm_l": {
      "name": "upperarm_l",
      "local": {
        "location": {
          "x": 0.0,
          "y": 0.0,
          "z": 0.0
        },
        "rotation_quaternion": {
          "w": 0.8096301555633545,
          "x": 0.49224212765693665,
          "y": 0.17179742455482483,
          "z": 0.26959672570228577
        },
        "scale": {
          "x": 1.0,
          "y": 1.0,
          "z": 1.0
        },
        "matrix_basis": [
          [
            0.7956064939498901,
            -0.2674154043197632,
            0.543598473072052,
            0.0
          ],
          [
            0.6056791543960571,
            0.37003058195114136,
            -0.7044361233711243,
            0.0
          ],
          [
            -0.012771019712090492,
            0.889700174331665,
            0.4563666582107544,
            0.0
          ],
          [
            0.0,
            0.0,
            0.0,
            1.0
          ]
        ],
        "rotation_mode": "QUATERNION"
      },
      "armature_space": {
        "head": {
          "x": 0.10669231414794922,
          "y": -0.029664624482393265,
          "z": 0.5049178004264832
        },
        "tail": {
          "x": 0.2114848792552948,
          "y": -0.2642761170864105,
          "z": 0.5809680819511414
        }
      },
      "world_space": {
        "head": {
          "x": 0.10669231414794922,
          "y": 0.033579375594854355,
          "z": 1.4547717571258545
        },
        "tail": {
          "x": 0.2114848792552948,
          "y": -0.2010321170091629,
          "z": 1.5308220386505127
        },
        "rotation_quaternion": {
          "w": 0.21675872802734375,
          "x": 0.8822090029716492,
          "y": 0.12352202087640762,
          "z": -0.3993307948112488
        },
        "matrix": [
          [
            0.6505545973777771,
            0.3910616338253021,
            -0.6510374546051025,
            0.10669231414794922
          ],
          [
            0.04482777416706085,
            -0.8755158185958862,
            -0.48110562562942505,
            0.033579375594854355
          ],
          [
            -0.7581406831741333,
            0.28380200266838074,
            -0.5871056914329529,
            1.4547717571258545
          ],
          [
            0.0,
            0.0,
            0.0,
            1.0
          ]
        ]
      },
      "bone_length_armature_space": 0.26796955172471654,
      "parent": "spine_01",
      "has_children": true,
      "is_end_bone": false
    },
    "lowerarm_l": {
      "name": "lowerarm_l",
      "local": {
        "location": {
          "x": 0.0,
          "y": 0.0,
          "z": 0.0
        },
        "rotation_quaternion": {
          "w": 0.9915980100631714,
          "x": 0.127608984708786,
          "y": -0.003925716038793325,
          "z": 0.020832642912864685
        },
        "scale": {
          "x": 1.0,
          "y": 1.0,
          "z": 1.0
        },
        "matrix_basis": [
          [
            0.9991011619567871,
            -0.04231712594628334,
            -0.0024685997050255537,
            0.0
          ],
          [
            0.040313299745321274,
            0.966563880443573,
            -0.25323718786239624,
            0.0
          ],
          [
            0.013102329336106777,
            0.2529100775718689,
            0.9674010872840881,
            0.0
          ],
          [
            0.0,
            0.0,
            0.0,
            1.0
          ]
        ],
        "rotation_mode": "QUATERNION"
      },
      "armature_space": {
        "head": {
          "x": 0.21148480474948883,
          "y": -0.2642762064933777,
          "z": 0.5809682011604309
        },
        "tail": {
          "x": 0.22123530507087708,
          "y": -0.5279898643493652,
          "z": 0.6248926520347595
        }
      },
      "world_space": {
        "head": {
          "x": 0.21148480474948883,
          "y": -0.20103220641613007,
          "z": 1.5308222770690918
        },
        "tail": {
          "x": 0.22123530507087708,
          "y": -0.4647458791732788,
          "z": 1.5747466087341309
        },
        "rotation_quaternion": {
          "w": 0.08145197480916977,
          "x": 0.882332444190979,
          "y": -0.022087329998612404,
          "z": -0.4629979431629181
        },
        "matrix": [
          [
            0.570290207862854,
            0.036447152495384216,
            -0.8206344842910767,
            0.21148480474948883
          ],
          [
            -0.11440116912126541,
            -0.9857553839683533,
            -0.12328267097473145,
            -0.20103220641613007
          ],
          [
            -0.8134438395500183,
            0.16418853402137756,
            -0.5580010414123535,
            1.5308222770690918
          ],
          [
            0.0,
            0.0,
            0.0,
            1.0
          ]
        ]
      },
      "bone_length_armature_space": 0.26752444028873823,
      "parent": "upperarm_l",
      "has_children": true,
      "is_end_bone": false
    },
    "metacarpal_thumb_l": {
      "name": "metacarpal_thumb_l",
      "local": {
        "location": {
          "x": 0.0,
          "y": 0.0,
          "z": 0.0
        },
        "rotation_quaternion": {
          "w": 0.999738872051239,
          "x": -0.021100329235196114,
          "y": -0.0063263787887990475,
          "z": -0.00608660327270627
        },
        "scale": {
          "x": 1.0,
          "y": 1.0,
          "z": 1.0
        },
        "matrix_basis": [
          [
            0.9998458623886108,
            0.012437005527317524,
            -0.01239259447902441,
            0.0
          ],
          [
            -0.011903050355613232,
            0.9990354776382446,
            0.04226665198802948,
            0.0
          ],
          [
            0.012906312011182308,
            -0.042112626135349274,
            0.9990295171737671,
            0.0
          ],
          [
            0.0,
            0.0,
            0.0,
            1.0
          ]
        ],
        "rotation_mode": "QUATERNION"
      },
      "armature_space": {
        "head": {
          "x": 0.22123530507087708,
          "y": -0.5279898643493652,
          "z": 0.6248926520347595
        },
        "tail": {
          "x": 0.2031315416097641,
          "y": -0.5715165734291077,
          "z": 0.6096851229667664
        }
      },
      "world_space": {
        "head": {
          "x": 0.22123530507087708,
          "y": -0.4647458791732788,
          "z": 1.5747466087341309
        },
        "tail": {
          "x": 0.2031315416097641,
          "y": -0.5082725882530212,
          "z": 1.5595390796661377
        },
        "rotation_quaternion": {
          "w": 0.09602098166942596,
          "x": -0.9264633655548096,
          "y": 0.22674912214279175,
          "z": -0.2846587896347046
        },
        "matrix": [
          [
            0.7351081371307373,
            -0.36548393964767456,
            0.5709971189498901,
            0.22123530507087708
          ],
          [
            -0.47481587529182434,
            -0.878729522228241,
            0.04882609844207764,
            -0.4647458791732788
          ],
          [
            0.48390981554985046,
            -0.30701401829719543,
            -0.8195044994354248,
            1.5747466087341309
          ],
          [
            0.0,
            0.0,
            0.0,
            1.0
          ]
        ]
      },
      "bone_length_armature_space": 0.049533721488886344,
      "parent": "lowerarm_l",
      "has_children": true,
      "is_end_bone": false
    },
    "thumb_01_l": {
      "name": "thumb_01_l",
      "local": {
        "location": {
          "x": 0.0,
          "y": 0.0,
          "z": 0.0
        },
        "rotation_quaternion": {
          "w": 0.9995411038398743,
          "x": -0.024813830852508545,
          "y": -0.0063229515217244625,
          "z": -0.016187265515327454
        },
        "scale": {
          "x": 1.0,
          "y": 1.0,
          "z": 1.0
        },
        "matrix_basis": [
          [
            0.9993959665298462,
            0.032673466950654984,
            -0.011836763471364975,
            0.0
          ],
          [
            -0.0320458821952343,
            0.9982444643974304,
            0.049809589982032776,
            0.0
          ],
          [
            0.013443436473608017,
            -0.04940018430352211,
            0.9986885786056519,
            0.0
          ],
          [
            0.0,
            0.0,
            0.0,
            1.0
          ]
        ],
        "rotation_mode": "QUATERNION"
      },
      "armature_space": {
        "head": {
          "x": 0.2031315416097641,
          "y": -0.5715165734291077,
          "z": 0.6096851229667664
        },
        "tail": {
          "x": 0.2043037861585617,
          "y": -0.5878986120223999,
          "z": 0.5798708200454712
        }
      },
      "world_space": {
        "head": {
          "x": 0.2031315416097641,
          "y": -0.5082725882530212,
          "z": 1.5595390796661377
        },
        "tail": {
          "x": 0.2043037861585617,
          "y": -0.5246546268463135,
          "z": 1.5297248363494873
        },
        "rotation_quaternion": {
          "w": 0.2268146276473999,
          "x": -0.35271719098091125,
          "y": 0.455978125333786,
          "z": -0.7850030064582825
        },
        "matrix": [
          [
            -0.6482918858528137,
            0.03443889692425728,
            0.7606127262115479,
            0.2031315416097641
          ],
          [
            -0.677762508392334,
            -0.48127877712249756,
            -0.5558851361274719,
            -0.5082725882530212
          ],
          [
            0.34692448377609253,
            -0.8758974075317383,
            0.3353523313999176,
            1.5595390796661377
          ],
          [
            0.0,
            0.0,
            0.0,
            1.0
          ]
        ]
      },
      "bone_length_armature_space": 0.03403877249827266,
      "parent": "metacarpal_thumb_l",
      "has_children": true,
      "is_end_bone": false
    },
    "thumb_02_l": {
      "name": "thumb_02_l",
      "local": {
        "location": {
          "x": 0.0,
          "y": 0.0,
          "z": 0.0
        },
        "rotation_quaternion": {
          "w": 0.9960173964500427,
          "x": 0.08862150460481644,
          "y": -0.007006712723523378,
          "z": 0.006823904346674681
        },
        "scale": {
          "x": 1.0,
          "y": 1.0,
          "z": 1.0
        },
        "matrix_basis": [
          [
            0.999808669090271,
            -0.014835345558822155,
            -0.012748125940561295,
            0.0
          ],
          [
            0.01235156413167715,
            0.9841993451118469,
            -0.17663274705410004,
            0.0
          ],
          [
            0.01516710501164198,
            0.176441490650177,
            0.984194278717041,
            0.0
          ],
          [
            0.0,
            0.0,
            0.0,
            1.0
          ]
        ],
        "rotation_mode": "QUATERNION"
      },
      "armature_space": {
        "head": {
          "x": 0.2043037861585617,
          "y": -0.5878986120223999,
          "z": 0.5798708200454712
        },
        "tail": {
          "x": 0.20829932391643524,
          "y": -0.6273044943809509,
          "z": 0.5865335464477539
        }
      },
      "world_space": {
        "head": {
          "x": 0.2043037861585617,
          "y": -0.5246546268463135,
          "z": 1.5297248363494873
        },
        "tail": {
          "x": 0.20829932391643524,
          "y": -0.5640605092048645,
          "z": 1.53638756275177
        },
        "rotation_quaternion": {
          "w": 0.04485997185111046,
          "x": -0.06001557037234306,
          "y": -0.08619913458824158,
          "z": -0.9934563040733337
        },
        "matrix": [
          [
            -0.9887715578079224,
            0.09947950392961502,
            0.11151188611984253,
            0.2043037861585617
          ],
          [
            -0.07878618687391281,
            -0.9811142086982727,
            0.17665521800518036,
            -0.5246546268463135
          ],
          [
            0.12698030471801758,
            0.16588625311851501,
            0.9779426455497742,
            1.5297248363494873
          ],
          [
            0.0,
            0.0,
            0.0,
            1.0
          ]
        ]
      },
      "bone_length_armature_space": 0.04016440996047094,
      "parent": "thumb_01_l",
      "has_children": true,
      "is_end_bone": false
    },
    "thumb_03_l": {
      "name": "thumb_03_l",
      "local": {
        "location": {
          "x": 0.0,
          "y": 0.0,
          "z": 0.0
        },
        "rotation_quaternion": {
          "w": 0.998184859752655,
          "x": 0.060008756816387177,
          "y": -0.0027784653939306736,
          "z": -0.004284531809389591
        },
        "scale": {
          "x": 1.0,
          "y": 1.0,
          "z": 1.0
        },
        "matrix_basis": [
          [
            0.9999478459358215,
            0.008220044896006584,
            -0.006061063148081303,
            0.0
          ],
          [
            -0.008886974304914474,
            0.9927611947059631,
            -0.11977585405111313,
            0.0
          ],
          [
            0.005032625515013933,
            0.11982347071170807,
            0.992782473564148,
            0.0
          ],
          [
            0.0,
            0.0,
            0.0,
            1.0
          ]
        ],
        "rotation_mode": "QUATERNION"
      },
      "armature_space": {
        "head": {
          "x": 0.20829926431179047,
          "y": -0.6273044347763062,
          "z": 0.5865334868431091
        },
        "tail": {
          "x": 0.21555644273757935,
          "y": -0.6525569558143616,
          "z": 0.6019132137298584
        }
      },
      "world_space": {
        "head": {
          "x": 0.20829926431179047,
          "y": -0.5640604496002197,
          "z": 1.5363874435424805
        },
        "tail": {
          "x": 0.21555644273757935,
          "y": -0.5893129706382751,
          "z": 1.5517672300338745
        },
        "rotation_quaternion": {
          "w": 0.1596076935529709,
          "x": 0.13097040355205536,
          "y": -0.24453972280025482,
          "z": -0.9474030137062073
        },
        "matrix": [
          [
            -0.9147442579269409,
            0.23837091028690338,
            -0.3262246251106262,
            0.20829926431179047
          ],
          [
            -0.3664807081222534,
            -0.8294509649276733,
            0.42154762148857117,
            -0.5640604496002197
          ],
          [
            -0.1701042503118515,
            0.5051660537719727,
            0.8461004495620728,
            1.5363874435424805
          ],
          [
            0.0,
            0.0,
            0.0,
            1.0
          ]
        ]
      },
      "bone_length_armature_space": 0.03044490882260722,
      "parent": "thumb_02_l",
      "has_children": false,
      "is_end_bone": true
    },
    "metacarpal_index_l": {
      "name": "metacarpal_index_l",
      "local": {
        "location": {
          "x": 0.0,
          "y": 0.0,
          "z": 0.0
        },
        "rotation_quaternion": {
          "w": 0.9994937181472778,
          "x": 0.026987425982952118,
          "y": 0.010536870919167995,
          "z": -0.013159367255866528
        },
        "scale": {
          "x": 1.0,
          "y": 1.0,
          "z": 1.0
        },
        "matrix_basis": [
          [
            0.9994316101074219,
            0.026874136179685593,
            0.020352797582745552,
            0.0
          ],
          [
            -0.02573668397963047,
            0.9981970191001892,
            -0.05422484129667282,
            0.0
          ],
          [
            -0.02177334763109684,
            0.053670208901166916,
            0.9983212947845459,
            0.0
          ],
          [
            0.0,
            0.0,
            0.0,
            1.0
          ]
        ],
        "rotation_mode": "QUATERNION"
      },
      "armature_space": {
        "head": {
          "x": 0.22123530507087708,
          "y": -0.5279898643493652,
          "z": 0.6248926520347595
        },
        "tail": {
          "x": 0.2025098353624344,
          "y": -0.642951250076294,
          "z": 0.6121470928192139
        }
      },
      "world_space": {
        "head": {
          "x": 0.22123530507087708,
          "y": -0.4647458791732788,
          "z": 1.5747466087341309
        },
        "tail": {
          "x": 0.2025098353624344,
          "y": -0.5797072649002075,
          "z": 1.56200110912323
        },
        "rotation_quaternion": {
          "w": 0.0534660778939724,
          "x": -0.9951664209365845,
          "y": 0.08107610046863556,
          "z": -0.014554950408637524
        },
        "matrix": [
          [
            0.986429750919342,
            -0.15981216728687286,
            0.03763892129063606,
            0.22123530507087708
          ],
          [
            -0.16292473673820496,
            -0.9811360239982605,
            0.10405460745096207,
            -0.4647458791732788
          ],
          [
            0.020299719646573067,
            -0.10877668112516403,
            -0.9938659071922302,
            1.5747466087341309
          ],
          [
            0.0,
            0.0,
            0.0,
            1.0
          ]
        ]
      },
      "bone_length_armature_space": 0.11717172301652622,
      "parent": "lowerarm_l",
      "has_children": true,
      "is_end_bone": false
    },
    "index_01_l": {
      "name": "index_01_l",
      "local": {
        "location": {
          "x": 0.0,
          "y": 0.0,
          "z": 0.0
        },
        "rotation_quaternion": {
          "w": 0.9912775754928589,
          "x": -0.13069280982017517,
          "y": -0.016270507127046585,
          "z": 0.004852470476180315
        },
        "scale": {
          "x": 1.0,
          "y": 1.0,
          "z": 1.0
        },
        "matrix_basis": [
          [
            0.9994234442710876,
            -0.005367413628846407,
            -0.03352554515004158,
            0.0
          ],
          [
            0.013873167335987091,
            0.9657917022705078,
            0.25894778966903687,
            0.0
          ],
          [
            0.03098881244659424,
            -0.2592636048793793,
            0.9653093218803406,
            0.0
          ],
          [
            0.0,
            0.0,
            0.0,
            1.0
          ]
        ],
        "rotation_mode": "QUATERNION"
      },
      "armature_space": {
        "head": {
          "x": 0.2025098353624344,
          "y": -0.642951250076294,
          "z": 0.6121470928192139
        },
        "tail": {
          "x": 0.20693370699882507,
          "y": -0.669835090637207,
          "z": 0.6205589175224304
        }
      },
      "world_space": {
        "head": {
          "x": 0.2025098353624344,
          "y": -0.5797072649002075,
          "z": 1.56200110912323
        },
        "tail": {
          "x": 0.20693370699882507,
          "y": -0.6065911054611206,
          "z": 1.5704128742218018
        },
        "rotation_quaternion": {
          "w": 0.14708378911018372,
          "x": 0.9851046800613403,
          "y": 0.0834137499332428,
          "z": 0.031264983117580414
        },
        "matrix": [
          [
            0.9841294288635254,
            0.1551453173160553,
            0.08613623678684235,
            0.2025098353624344
          ],
          [
            0.17353975772857666,
            -0.9428167939186096,
            -0.2845703661441803,
            -0.5797072649002075
          ],
          [
            0.0370614230632782,
            0.29500317573547363,
            -0.9547845125198364,
            1.56200110912323
          ],
          [
            0.0,
            0.0,
            0.0,
            1.0
          ]
        ]
      },
      "bone_length_armature_space": 0.02851438812193711,
      "parent": "metacarpal_index_l",
      "has_children": true,
      "is_end_bone": false
    },
    "index_02_l": {
      "name": "index_02_l",
      "local": {
        "location": {
          "x": 0.0,
          "y": 0.0,
          "z": 0.0
        },
        "rotation_quaternion": {
          "w": 0.9997881650924683,
          "x": 0.018300382420420647,
          "y": 0.003263903548941016,
          "z": -0.008834769949316978
        },
        "scale": {
          "x": 1.0,
          "y": 1.0,
          "z": 1.0
        },
        "matrix_basis": [
          [
            0.9998226165771484,
            0.01778525859117508,
            0.006203065160661936,
            0.0
          ],
          [
            -0.017546335235238075,
            0.9991740584373474,
            -0.03665068373084068,
            0.0
          ],
          [
            -0.006849783472716808,
            0.036535341292619705,
            0.9993088841438293,
            0.0
          ],
          [
            0.0,
            0.0,
            0.0,
            1.0
          ]
        ],
        "rotation_mode": "QUATERNION"
      },
      "armature_space": {
        "head": {
          "x": 0.20693355798721313,
          "y": -0.6698355674743652,
          "z": 0.6205587387084961
        },
        "tail": {
          "x": 0.21208849549293518,
          "y": -0.6938113570213318,
          "z": 0.6280872225761414
        }
      },
      "world_space": {
        "head": {
          "x": 0.20693355798721313,
          "y": -0.6065915822982788,
          "z": 1.5704127550125122
        },
        "tail": {
          "x": 0.21208849549293518,
          "y": -0.6305673718452454,
          "z": 1.5779411792755127
        },
        "rotation_quaternion": {
          "w": 0.14936883747577667,
          "x": 0.9835154414176941,
          "y": 0.10190030187368393,
          "z": -0.001692456309683621
        },
        "matrix": [
          [
            0.9792271256446838,
            0.20094655454158783,
            0.027112452313303947,
            0.20693355798721313
          ],
          [
            0.19993549585342407,
            -0.9346103072166443,
            -0.2941584289073944,
            -0.6065915822982788
          ],
          [
            -0.03377050533890724,
            0.29346963763237,
            -0.9553790092468262,
            1.5704127550125122
          ],
          [
            0.0,
            0.0,
            0.0,
            1.0
          ]
        ]
      },
      "bone_length_armature_space": 0.02565326367410002,
      "parent": "index_01_l",
      "has_children": true,
      "is_end_bone": false
    },
    "index_03_l": {
      "name": "index_03_l",
      "local": {
        "location": {
          "x": 0.0,
          "y": 0.0,
          "z": 0.0
        },
        "rotation_quaternion": {
          "w": 0.9997611045837402,
          "x": 0.020994381979107857,
          "y": 0.004819483496248722,
          "z": -0.0037044985219836235
        },
        "scale": {
          "x": 1.0,
          "y": 1.0,
          "z": 1.0
        },
        "matrix_basis": [
          [
            0.9999260902404785,
            0.007609591353684664,
            0.009481117129325867,
            0.0
          ],
          [
            -0.007204862777143717,
            0.9990910291671753,
            -0.04201444238424301,
            0.0
          ],
          [
            -0.009792211465537548,
            0.0419430248439312,
            0.9990720152854919,
            0.0
          ],
          [
            0.0,
            0.0,
            0.0,
            1.0
          ]
        ],
        "rotation_mode": "QUATERNION"
      },
      "armature_space": {
        "head": {
          "x": 0.2120884656906128,
          "y": -0.693811297416687,
          "z": 0.6280872821807861
        },
        "tail": {
          "x": 0.22087328135967255,
          "y": -0.7212691903114319,
          "z": 0.6328436136245728
        }
      },
      "world_space": {
        "head": {
          "x": 0.2120884656906128,
          "y": -0.6305673122406006,
          "z": 1.5779412984848022
        },
        "tail": {
          "x": 0.22087328135967255,
          "y": -0.6580252051353455,
          "z": 1.5826976299285889
        },
        "rotation_quaternion": {
          "w": 0.07900042086839676,
          "x": 0.9845418930053711,
          "y": 0.15456430613994598,
          "z": 0.023370057344436646
        },
        "matrix": [
          [
            0.9511275887489319,
            0.3006575405597687,
            0.0704389289021492,
            0.2120884656906128
          ],
          [
            0.30804258584976196,
            -0.9397373795509338,
            -0.14833451807498932,
            -0.6305673122406006
          ],
          [
            0.0215967558324337,
            0.16278338432312012,
            -0.9864324331283569,
            1.5779412984848022
          ],
          [
            0.0,
            0.0,
            0.0,
            1.0
          ]
        ]
      },
      "bone_length_armature_space": 0.029218685191979146,
      "parent": "index_02_l",
      "has_children": false,
      "is_end_bone": true
    },
    "metacarpal_pinky_l": {
      "name": "metacarpal_pinky_l",
      "local": {
        "location": {
          "x": 0.0,
          "y": 0.0,
          "z": 0.0
        },
        "rotation_quaternion": {
          "w": 0.999592661857605,
          "x": -0.02401547133922577,
          "y": 0.015406936407089233,
          "z": -0.0006550501566380262
        },
        "scale": {
          "x": 1.0,
          "y": 1.0,
          "z": 1.0
        },
        "matrix_basis": [
          [
            0.9995244145393372,
            0.00056955695617944,
            0.03083278425037861,
            0.0
          ],
          [
            -0.0020495762582868338,
            0.998845636844635,
            0.04799119383096695,
            0.0
          ],
          [
            -0.03076985850930214,
            -0.04803156107664108,
            0.9983717799186707,
            0.0
          ],
          [
            0.0,
            0.0,
            0.0,
            1.0
          ]
        ],
        "rotation_mode": "QUATERNION"
      },
      "armature_space": {
        "head": {
          "x": 0.22123530507087708,
          "y": -0.5279898643493652,
          "z": 0.6248926520347595
        },
        "tail": {
          "x": 0.25482451915740967,
          "y": -0.621838390827179,
          "z": 0.655016303062439
        }
      },
      "world_space": {
        "head": {
          "x": 0.22123530507087708,
          "y": -0.4647458791732788,
          "z": 1.5747466087341309
        },
        "tail": {
          "x": 0.25482451915740967,
          "y": -0.5585944056510925,
          "z": 1.604870319366455
        },
        "rotation_quaternion": {
          "w": 0.2127465456724167,
          "x": 0.4138457179069519,
          "y": -0.06411158293485641,
          "z": -0.8828138709068298
        },
        "matrix": [
          [
            -0.5669412016868591,
            0.3225677013397217,
            -0.7579763531684875,
            0.22123530507087708
          ],
          [
            -0.42869648337364197,
            -0.9012567400932312,
            -0.06289232522249222,
            -0.4647458791732788
          ],
          [
            -0.7034236192703247,
            0.2892865538597107,
            0.6492475867271423,
            1.5747466087341309
          ],
          [
            0.0,
            0.0,
            0.0,
            1.0
          ]
        ]
      },
      "bone_length_armature_space": 0.1041307596380412,
      "parent": "lowerarm_l",
      "has_children": true,
      "is_end_bone": false
    },
    "pinky_01_l": {
      "name": "pinky_01_l",
      "local": {
        "location": {
          "x": 0.0,
          "y": 0.0,
          "z": 0.0
        },
        "rotation_quaternion": {
          "w": 0.9672889709472656,
          "x": 0.25349491834640503,
          "y": -0.007034150417894125,
          "z": 0.006565423682332039
        },
        "scale": {
          "x": 1.0,
          "y": 1.0,
          "z": 1.0
        },
        "matrix_basis": [
          [
            0.9998148083686829,
            -0.01626756601035595,
            -0.010279509238898754,
            0.0
          ],
          [
            0.009135081432759762,
            0.8713944554328918,
            -0.49049803614616394,
            0.0
          ],
          [
            0.016936715692281723,
            0.490313321352005,
            0.8713817000389099,
            0.0
          ],
          [
            0.0,
            0.0,
            0.0,
            1.0
          ]
        ],
        "rotation_mode": "QUATERNION"
      },
      "armature_space": {
        "head": {
          "x": 0.25482451915740967,
          "y": -0.621838390827179,
          "z": 0.655016303062439
