{
  "metadata": {
    "armature_name": "KIM_caucasian_male",
    "export_time": "2026-01-13T20:55:03.245055",
    "blender_version": "4.4.1",
    "bone_count": 56,
    "end_bone_count": 13,
    "spaces_included": [
      "LOCAL_CHANNELS",
      "ARMATURE_SPACE",
      "WORLD_SPACE"
    ],
    "note": "LOCAL matches Transform panel; replay pose via local.matrix_basis for best fidelity."
  },
  "bones": {
    "Root": {
      "name": "Root",
      "local": {
        "location": {
          "x": 0.0,
          "y": 0.0,
          "z": 0.0
        },
        "rotation_quaternion": {
          "w": 0.9993990659713745,
          "x": -0.006125311367213726,
          "y": -0.01742462068796158,
          "z": -0.029334669932723045
        },
        "scale": {
          "x": 1.0,
          "y": 1.0,
          "z": 1.0
        },
        "matrix_basis": [
          [
            0.9976717233657837,
            0.05884754657745361,
            -0.03446893021464348,
            0.0
          ],
          [
            -0.05842062085866928,
            0.9982039332389832,
            0.013265551999211311,
            0.0
          ],
          [
            0.03518766909837723,
            -0.011220970191061497,
            0.9993177056312561,
            0.0
          ],
          [
            0.0,
            0.0,
            0.0,
            1.0
          ]
        ],
        "rotation_mode": "QUATERNION"
      },
      "armature_space": {
        "head": {
          "x": 0.0,
          "y": 0.07072800397872925,
          "z": -0.009595036506652832
        },
        "tail": {
          "x": 0.004200294613838196,
          "y": 0.00023469328880310059,
          "z": 0.0007764091715216637
        }
      },
      "world_space": {
        "head": {
          "x": 0.0,
          "y": 0.13397200405597687,
          "z": 0.9402589797973633
        },
        "tail": {
          "x": 0.004200294613838196,
          "y": 0.06347869336605072,
          "z": 0.9506304264068604
        },
        "rotation_quaternion": {
          "w": 0.07343856245279312,
          "x": 0.9967159628868103,
          "y": 0.02809416502714157,
          "z": -0.019361253827810287
        },
        "matrix": [
          [
            0.9976717233657837,
            0.05884754657745361,
            -0.03446893021464348,
            0.0
          ],
          [
            0.05316007882356644,
            -0.9876350164413452,
            -0.14748312532901764,
            0.13397200405597687
          ],
          [
            -0.04272199049592018,
            0.14530745148658752,
            -0.9884707927703857,
            0.9402589797973633
          ],
          [
            0.0,
            0.0,
            0.0,
            1.0
          ]
        ]
      },
      "bone_length_armature_space": 0.0713758790817709,
      "parent": null,
      "has_children": true,
      "is_end_bone": false
    },
    "spine_01": {
      "name": "spine_01",
      "local": {
        "location": {
          "x": 0.0,
          "y": 0.0,
          "z": 0.0
        },
        "rotation_quaternion": {
          "w": 0.9989619255065918,
          "x": -0.014320725575089455,
          "y": -0.033539097756147385,
          "z": -0.02729654870927334
        },
        "scale": {
          "x": 1.0,
          "y": 1.0,
          "z": 1.0
        },
        "matrix_basis": [
          [
            0.9962600469589233,
            0.05549703538417816,
            -0.06622675061225891,
            0.0
          ],
          [
            -0.05357581749558449,
            0.9980996251106262,
            0.030442722141742706,
            0.0
          ],
          [
            0.06779037415981293,
            -0.026780715212225914,
            0.9973400831222534,
            0.0
          ],
          [
            0.0,
            0.0,
            0.0,
            1.0
          ]
        ],
        "rotation_mode": "QUATERNION"
      },
      "armature_space": {
        "head": {
          "x": 0.004200294613838196,
          "y": 0.00023469328880310059,
          "z": 0.0007764091715216637
        },
        "tail": {
          "x": 0.04973867908120155,
          "y": 0.043940480798482895,
          "z": 0.4846819341182709
        }
      },
      "world_space": {
        "head": {
          "x": 0.004200294613838196,
          "y": 0.06347869336605072,
          "z": 0.9506304264068604
        },
        "tail": {
          "x": 0.04973867908120155,
          "y": 0.10718448460102081,
          "z": 1.4345359802246094
        },
        "rotation_quaternion": {
          "w": 0.7375604510307312,
          "x": 0.6736472249031067,
          "y": 0.028015317395329475,
          "z": -0.03767232596874237
        },
        "matrix": [
          [
            0.9955918192863464,
            0.09331613034009933,
            -0.00943034142255783,
            0.004200294613838196
          ],
          [
            -0.017826996743679047,
            0.08956081420183182,
            -0.9958218932151794,
            0.06347869336605072
          ],
          [
            -0.09208230674266815,
            0.9916071891784668,
            0.09082929790019989,
            0.9506304264068604
          ],
          [
            0.0,
            0.0,
            0.0,
            1.0
          ]
        ]
      },
      "bone_length_armature_space": 0.48800460178565164,
      "parent": "Root",
      "has_children": true,
      "is_end_bone": false
    },
    "neck_01": {
      "name": "neck_01",
      "local": {
        "location": {
          "x": 0.0,
          "y": 0.0,
          "z": 0.0
        },
        "rotation_quaternion": {
          "w": 0.9950395822525024,
          "x": -0.07592703402042389,
          "y": -0.04259968176484108,
          "z": 0.0481315553188324
        },
        "scale": {
          "x": 1.0,
          "y": 1.0,
          "z": 1.0
        },
        "matrix_basis": [
          [
            0.9917372465133667,
            -0.08931667357683182,
            -0.09208571165800095,
            0.0
          ],
          [
            0.10225453972816467,
            0.9838368892669678,
            0.1470000296831131,
            0.0
          ],
          [
            0.07746776938438416,
            -0.15520158410072327,
            0.9848406910896301,
            0.0
          ],
          [
            0.0,
            0.0,
            0.0,
            1.0
          ]
        ],
        "rotation_mode": "QUATERNION"
      },
      "armature_space": {
        "head": {
          "x": 0.05624409765005112,
          "y": 0.015962444245815277,
          "z": 0.5604358911514282
        },
        "tail": {
          "x": 0.05620405450463295,
          "y": 0.0015367278829216957,
          "z": 0.661937952041626
        }
      },
      "world_space": {
        "head": {
          "x": 0.05624409765005112,
          "y": 0.0792064443230629,
          "z": 1.5102899074554443
        },
        "tail": {
          "x": 0.05620405450463295,
          "y": 0.06478072702884674,
          "z": 1.611791968345642
        },
        "rotation_quaternion": {
          "w": 0.6541832089424133,
          "x": 0.7537506818771362,
          "y": -0.04110388085246086,
          "z": -0.04706144332885742
        },
        "matrix": [
          [
            0.9921913743019104,
            -0.0003905901685357094,
            -0.12472403794527054,
            0.05624409765005112
          ],
          [
            -0.12353771924972534,
            -0.14070940017700195,
            -0.9823134541511536,
            0.0792064443230629
          ],
          [
            -0.01716640032827854,
            0.9900575876235962,
            -0.1396607607603073,
            1.5102899074554443
          ],
          [
            0.0,
            0.0,
            0.0,
            1.0
          ]
        ]
      },
      "bone_length_armature_space": 0.10252205291717956,
      "parent": "spine_01",
      "has_children": true,
      "is_end_bone": false
    },
    "head": {
      "name": "head",
      "local": {
        "location": {
          "x": 0.0,
          "y": 0.0,
          "z": 0.0
        },
        "rotation_quaternion": {
          "w": 0.9896587133407593,
          "x": 0.032466668635606766,
          "y": 0.08553531020879745,
          "z": 0.11047827452421188
        },
        "scale": {
          "x": 1.0,
          "y": 1.0,
          "z": 1.0
        },
        "matrix_basis": [
          [
            0.9609565138816833,
            -0.21311748027801514,
            0.17647525668144226,
            0.0
          ],
          [
            0.22422567009925842,
            0.9734809398651123,
            -0.04536225646734238,
            0.0
          ],
          [
            -0.1621278077363968,
            0.08316142857074738,
            0.9832592606544495,
            0.0
          ],
          [
            0.0,
            0.0,
            0.0,
            1.0
          ]
        ],
        "rotation_mode": "QUATERNION"
      },
      "armature_space": {
        "head": {
          "x": 0.05620403587818146,
          "y": 0.0015365863218903542,
          "z": 0.6619378328323364
        },
        "tail": {
          "x": 0.028538143262267113,
          "y": 0.02706524357199669,
          "z": 0.8123911023139954
        }
      },
      "world_space": {
        "head": {
          "x": 0.05620403587818146,
          "y": 0.0647805854678154,
          "z": 1.6117918491363525
        },
        "tail": {
          "x": 0.028538143262267113,
          "y": 0.0903092473745346,
          "z": 1.7622451782226562
        },
        "rotation_quaternion": {
          "w": 0.7622259855270386,
          "x": 0.6404727697372437,
          "y": -0.0362483412027359,
          "z": 0.08655805140733719
        },
        "matrix": [
          [
            0.9823874235153198,
            -0.17838580906391144,
            0.05561837553977966,
            0.05620403587818146
          ],
          [
            0.0855226069688797,
            0.16460520029067993,
            -0.9826450943946838,
            0.0647805854678154
          ],
          [
            0.16613608598709106,
            0.9701016545295715,
            0.17696237564086914,
            1.6117918491363525
          ],
          [
            0.0,
            0.0,
            0.0,
            1.0
          ]
        ]
      },
      "bone_length_armature_space": 0.1550912646851463,
      "parent": "neck_01",
      "has_children": false,
      "is_end_bone": true
    },
    "upperarm_l": {
      "name": "upperarm_l",
      "local": {
        "location": {
          "x": 0.0,
          "y": 0.0,
          "z": 0.0
        },
        "rotation_quaternion": {
          "w": 0.8161967396736145,
          "x": 0.45544546842575073,
          "y": 0.05626089870929718,
          "z": -0.3510373532772064
        },
        "scale": {
          "x": 1.0,
          "y": 1.0,
          "z": 1.0
        },
        "matrix_basis": [
          [
            0.7472149729728699,
            0.6242786049842834,
            -0.22791682183742523,
            0.0
          ],
          [
            -0.5217835307121277,
            0.33868440985679626,
            -0.7829655408859253,
            0.0
          ],
          [
            -0.4115966558456421,
            0.7039668560028076,
            0.5788082480430603,
            0.0
          ],
          [
            0.0,
            0.0,
            0.0,
            1.0
          ]
        ],
        "rotation_mode": "QUATERNION"
      },
      "armature_space": {
        "head": {
          "x": 0.1992812305688858,
          "y": 0.0040934085845947266,
          "z": 0.48026952147483826
        },
        "tail": {
          "x": 0.275057315826416,
          "y": -0.19328784942626953,
          "z": 0.3156283497810364
        }
      },
      "world_space": {
        "head": {
          "x": 0.1992812305688858,
          "y": 0.06733740866184235,
          "z": 1.4301235675811768
        },
        "tail": {
          "x": 0.275057315826416,
          "y": -0.1300438493490219,
          "z": 1.2654824256896973
        },
        "rotation_quaternion": {
          "w": 0.020990651100873947,
          "x": -0.4378975033760071,
          "y": -0.36231133341789246,
          "z": 0.8225179314613342
        },
        "matrix": [
          [
            -0.6156113743782043,
            0.2827788293361664,
            -0.735567033290863,
            0.1992812305688858
          ],
          [
            0.3518398404121399,
            -0.7365812659263611,
            -0.5776307582855225,
            0.06733740866184235
          ],
          [
            -0.7051510214805603,
            -0.6144027709960938,
            0.35395675897598267,
            1.4301235675811768
          ],
          [
            0.0,
            0.0,
            0.0,
            1.0
          ]
        ]
      },
      "bone_length_armature_space": 0.2679703198044953,
      "parent": "spine_01",
      "has_children": true,
      "is_end_bone": false
    },
    "lowerarm_l": {
      "name": "lowerarm_l",
      "local": {
        "location": {
          "x": 0.0,
          "y": 0.0,
          "z": 0.0
        },
        "rotation_quaternion": {
          "w": 0.991716742515564,
          "x": 0.03236248344182968,
          "y": -0.026500403881072998,
          "z": -0.12144334614276886
        },
        "scale": {
          "x": 1.0,
          "y": 1.0,
          "z": 1.0
        },
        "matrix_basis": [
          [
            0.9690985083580017,
            0.23915955424308777,
            -0.060422204434871674,
            0.0
          ],
          [
            -0.2425900399684906,
            0.9684083461761475,
            -0.05775223672389984,
            0.0
          ],
          [
            0.04470137134194374,
            0.0706254318356514,
            0.9965007901191711,
            0.0
          ],
          [
            0.0,
            0.0,
            0.0,
            1.0
          ]
        ],
        "rotation_mode": "QUATERNION"
      },
      "armature_space": {
        "head": {
          "x": 0.2750573754310608,
          "y": -0.19328799843788147,
          "z": 0.31562840938568115
        },
        "tail": {
          "x": 0.27950429916381836,
          "y": -0.40164029598236084,
          "z": 0.14788049459457397
        }
      },
      "world_space": {
        "head": {
          "x": 0.2750573754310608,
          "y": -0.13004399836063385,
          "z": 1.2654824256896973
        },
        "tail": {
          "x": 0.27950429916381836,
          "y": -0.3383963108062744,
          "z": 1.0977344512939453
        },
        "rotation_quaternion": {
          "w": 0.10648129880428314,
          "x": -0.3255396783351898,
          "y": -0.31504639983177185,
          "z": 0.8851166367530823
        },
        "matrix": [
          [
            -0.7653716802597046,
            0.01662253960967064,
            -0.6433739066123962,
            0.2750573754310608
          ],
          [
            0.3936167061328888,
            -0.7788158655166626,
            -0.48837703466415405,
            -0.13004399836063385
          ],
          [
            -0.5091909170150757,
            -0.6270376443862915,
            0.5895442366600037,
            1.2654824256896973
          ],
          [
            0.0,
            0.0,
            0.0,
            1.0
          ]
        ]
      },
      "bone_length_armature_space": 0.2675253603499338,
      "parent": "upperarm_l",
      "has_children": true,
      "is_end_bone": false
    },
    "metacarpal_thumb_l": {
      "name": "metacarpal_thumb_l",
      "local": {
        "location": {
          "x": 0.0,
          "y": 0.0,
          "z": 0.0
        },
        "rotation_quaternion": {
          "w": 0.9997078776359558,
          "x": -0.021474869921803474,
          "y": 0.008475081995129585,
          "z": 0.007154413033276796
        },
        "scale": {
          "x": 1.0,
          "y": 1.0,
          "z": 1.0
        },
        "matrix_basis": [
          [
            0.9997539520263672,
            -0.014668649062514305,
            0.016637932509183884,
            0.0
          ],
          [
            0.013940643519163132,
            0.9989752769470215,
            0.04305846244096756,
            0.0
          ],
          [
            -0.017252491787075996,
            -0.0428159236907959,
            0.9989340305328369,
            0.0
          ],
          [
            0.0,
            0.0,
            0.0,
            1.0
          ]
        ],
        "rotation_mode": "QUATERNION"
      },
      "armature_space": {
        "head": {
          "x": 0.27950429916381836,
          "y": -0.40164029598236084,
          "z": 0.14788049459457397
        },
        "tail": {
          "x": 0.25570544600486755,
          "y": -0.44382336735725403,
          "z": 0.13749831914901733
        }
      },
      "world_space": {
        "head": {
          "x": 0.27950429916381836,
          "y": -0.3383963108062744,
          "z": 1.0977344512939453
        },
        "tail": {
          "x": 0.25570544600486755,
          "y": -0.3805793523788452,
          "z": 1.0873522758483887
        },
        "rotation_quaternion": {
          "w": 0.2195543795824051,
          "x": -0.8321002721786499,
          "y": 0.16122667491436005,
          "z": 0.4831261932849884
        },
        "matrix": [
          [
            0.48119044303894043,
            -0.48045822978019714,
            -0.7332228422164917,
            0.27950429916381836
          ],
          [
            -0.05616948753595352,
            -0.8516040444374084,
            0.5211676359176636,
            -0.3383963108062744
          ],
          [
            -0.87482088804245,
            -0.20959821343421936,
            -0.43677330017089844,
            1.0977344512939453
          ],
          [
            0.0,
            0.0,
            0.0,
            1.0
          ]
        ]
      },
      "bone_length_armature_space": 0.04953368968741289,
      "parent": "lowerarm_l",
      "has_children": true,
      "is_end_bone": false
    },
    "thumb_01_l": {
      "name": "thumb_01_l",
      "local": {
        "location": {
          "x": 0.0,
          "y": 0.0,
          "z": 0.0
        },
        "rotation_quaternion": {
          "w": 0.9998931288719177,
          "x": 0.012273244559764862,
          "y": -0.007353201508522034,
          "z": -0.0030271729920059443
        },
        "scale": {
          "x": 1.0,
          "y": 1.0,
          "z": 1.0
        },
        "matrix_basis": [
          [
            0.9998735189437866,
            0.005873203743249178,
            -0.014779137447476387,
            0.0
          ],
          [
            -0.006234194152057171,
            0.9996803998947144,
            -0.024499347433447838,
            0.0
          ],
          [
            0.014630524441599846,
            0.024588383734226227,
            0.9995905756950378,
            0.0
          ],
          [
            0.0,
            0.0,
            0.0,
            1.0
          ]
        ],
        "rotation_mode": "QUATERNION"
      },
      "armature_space": {
        "head": {
          "x": 0.25570544600486755,
          "y": -0.44382336735725403,
          "z": 0.13749831914901733
        },
        "tail": {
          "x": 0.22477255761623383,
          "y": -0.4498389661312103,
          "z": 0.12462988495826721
        }
      },
      "world_space": {
        "head": {
          "x": 0.25570544600486755,
          "y": -0.3805793523788452,
          "z": 1.0873522758483887
        },
        "tail": {
          "x": 0.22477255761623383,
          "y": -0.3865949511528015,
          "z": 1.074483871459961
        },
        "rotation_quaternion": {
          "w": 0.1055801659822464,
          "x": -0.7470388412475586,
          "y": 0.6328415274620056,
          "z": -0.17406168580055237
        },
        "matrix": [
          [
            0.1384270191192627,
            -0.9087597131729126,
            0.3936927318572998,
            0.25570544600486755
          ],
          [
            -0.9822692275047302,
            -0.17672842741012573,
            -0.06256449967622757,
            -0.3805793523788452
          ],
          [
            0.12643277645111084,
            -0.37805435061454773,
            -0.9171170592308044,
            1.0873522758483887
          ],
          [
            0.0,
            0.0,
            0.0,
            1.0
          ]
        ]
      },
      "bone_length_armature_space": 0.034038619851815194,
      "parent": "metacarpal_thumb_l",
      "has_children": true,
      "is_end_bone": false
    },
    "thumb_02_l": {
      "name": "thumb_02_l",
      "local": {
        "location": {
          "x": 0.0,
          "y": 0.0,
          "z": 0.0
        },
        "rotation_quaternion": {
          "w": 0.9907049536705017,
          "x": 0.13599707186222076,
          "y": -0.0029063280671834946,
          "z": -1.6613223124295473e-05
        },
        "scale": {
          "x": 1.0,
          "y": 1.0,
          "z": 1.0
        },
        "matrix_basis": [
          [
            0.9999831318855286,
            -0.0007575866184197366,
            -0.005763146094977856,
            0.0
          ],
          [
            -0.0008234218112193048,
            0.9630095958709717,
            -0.2694658637046814,
            0.0
          ],
          [
            0.005754108540713787,
            0.2694660425186157,
            0.9629927277565002,
            0.0
          ],
          [
            0.0,
            0.0,
            0.0,
            1.0
          ]
        ],
        "rotation_mode": "QUATERNION"
      },
      "armature_space": {
        "head": {
          "x": 0.22477254271507263,
          "y": -0.44983890652656555,
          "z": 0.1246299296617508
        },
        "tail": {
          "x": 0.23083233833312988,
          "y": -0.4801059365272522,
          "z": 0.09893213957548141
        }
      },
      "world_space": {
        "head": {
          "x": 0.22477254271507263,
          "y": -0.38659489154815674,
          "z": 1.0744839906692505
        },
        "tail": {
          "x": 0.23083233833312988,
          "y": -0.41686195135116577,
          "z": 1.0487861633300781
        },
        "rotation_quaternion": {
          "w": 0.286266028881073,
          "x": -0.618895411491394,
          "y": 0.20313186943531036,
          "z": -0.702678918838501
        },
        "matrix": [
          [
            -0.07004100829362869,
            0.15087473392486572,
            0.986068606376648,
            0.22477254271507263
          ],
          [
            -0.6537410616874695,
            -0.753578245639801,
            0.06886656582355499,
            -0.38659489154815674
          ],
          [
            0.7534747123718262,
            -0.6398150324821472,
            0.15141534805297852,
            1.0744839906692505
          ],
          [
            0.0,
            0.0,
            0.0,
            1.0
          ]
        ]
      },
      "bone_length_armature_space": 0.04016454448999544,
      "parent": "thumb_01_l",
      "has_children": true,
      "is_end_bone": false
    },
    "thumb_03_l": {
      "name": "thumb_03_l",
      "local": {
        "location": {
          "x": 0.0,
          "y": 0.0,
          "z": 0.0
        },
        "rotation_quaternion": {
          "w": 0.9966423511505127,
          "x": 0.0817234069108963,
          "y": 0.0025320155546069145,
          "z": -0.00435121264308691
        },
        "scale": {
          "x": 1.0,
          "y": 1.0,
          "z": 1.0
        },
        "matrix_basis": [
          [
            0.9999493360519409,
            0.009087055921554565,
            0.004335836041718721,
            0.0
          ],
          [
            -0.008259356021881104,
            0.9866046905517578,
            -0.1629200577735901,
            0.0
          ],
          [
            -0.005758219864219427,
            0.1628759801387787,
            0.9866297245025635,
            0.0
          ],
          [
            0.0,
            0.0,
            0.0,
            1.0
          ]
        ],
        "rotation_mode": "QUATERNION"
      },
      "armature_space": {
        "head": {
          "x": 0.2308322638273239,
          "y": -0.4801059365272522,
          "z": 0.09893220663070679
        },
        "tail": {
          "x": 0.24752508103847504,
          "y": -0.4983149766921997,
          "z": 0.0811367779970169
        }
      },
      "world_space": {
        "head": {
          "x": 0.2308322638273239,
          "y": -0.41686195135116577,
          "z": 1.0487861633300781
        },
        "tail": {
          "x": 0.24752508103847504,
          "y": -0.4350709915161133,
          "z": 1.0309908390045166
        },
        "rotation_quaternion": {
          "w": 0.4165092706680298,
          "x": -0.3796394169330597,
          "y": 0.16574296355247498,
          "z": -0.809273362159729
        },
        "matrix": [
          [
            -0.3647867739200592,
            0.548296332359314,
            0.7525303959846497,
            0.2308322638273239
          ],
          [
            -0.7999851703643799,
            -0.5980981588363647,
            0.04798616096377373,
            -0.41686195135116577
          ],
          [
            0.4764002859592438,
            -0.5845128297805786,
            0.6568115949630737,
            1.0487861633300781
          ],
          [
            0.0,
            0.0,
            0.0,
            1.0
          ]
        ]
      },
      "bone_length_armature_space": 0.030444975798826147,
      "parent": "thumb_02_l",
      "has_children": false,
      "is_end_bone": true
    },
    "metacarpal_index_l": {
      "name": "metacarpal_index_l",
      "local": {
        "location": {
          "x": 0.0,
          "y": 0.0,
          "z": 0.0
        },
        "rotation_quaternion": {
          "w": 0.999509334564209,
          "x": -0.02619612216949463,
          "y": 0.005704106297343969,
          "z": 0.01619623228907585
        },
        "scale": {
          "x": 1.0,
          "y": 1.0,
          "z": 1.0
        },
        "matrix_basis": [
          [
            0.9994102716445923,
            -0.032675422728061676,
            0.010554058477282524,
            0.0
          ],
          [
            0.032077718526124954,
            0.9981029033660889,
            0.052551306784152985,
            0.0
          ],
          [
            -0.012251172214746475,
            -0.05218176543712616,
            0.9985624551773071,
            0.0
          ],
          [
            0.0,
            0.0,
            0.0,
            1.0
          ]
        ],
        "rotation_mode": "QUATERNION"
      },
      "armature_space": {
        "head": {
          "x": 0.27950429916381836,
          "y": -0.40164029598236084,
          "z": 0.14788049459457397
        },
        "tail": {
          "x": 0.25959980487823486,
          "y": -0.5064073801040649,
          "z": 0.09933222830295563
        }
      },
      "world_space": {
        "head": {
          "x": 0.27950429916381836,
          "y": -0.3383963108062744,
          "z": 1.0977344512939453
        },
        "tail": {
          "x": 0.25959980487823486,
          "y": -0.4431633949279785,
          "z": 1.0491862297058105
        },
        "rotation_quaternion": {
          "w": 0.21344774961471558,
          "x": -0.6975831389427185,
          "y": -0.08586996793746948,
          "z": 0.6785604953765869
        },
        "matrix": [
          [
            0.06436394155025482,
            -0.16987445950508118,
            -0.9833616018295288,
            0.27950429916381836
          ],
          [
            0.40947702527046204,
            -0.8941326141357422,
            0.18126168847084045,
            -0.3383963108062744
          ],
          [
            -0.9100531935691833,
            -0.4143342971801758,
            0.012010052800178528,
            1.0977344512939453
          ],
          [
            0.0,
            0.0,
            0.0,
            1.0
          ]
        ]
      },
      "bone_length_armature_space": 0.11717194749527333,
      "parent": "lowerarm_l",
      "has_children": true,
      "is_end_bone": false
    },
    "index_01_l": {
      "name": "index_01_l",
      "local": {
        "location": {
          "x": 0.0,
          "y": 0.0,
          "z": 0.0
        },
        "rotation_quaternion": {
          "w": 0.998706042766571,
          "x": -0.050554417073726654,
          "y": 0.003516590455546975,
          "z": -0.004288007505238056
        },
        "scale": {
          "x": 1.0,
          "y": 1.0,
          "z": 1.0
        },
        "matrix_basis": [
          [
            0.9999384880065918,
            0.00820935983210802,
            0.007457635831087828,
            0.0
          ],
          [
            -0.008920476771891117,
            0.9948517084121704,
            0.10094784200191498,
            0.0
          ],
          [
            -0.006590524688363075,
            -0.10100816190242767,
            0.994863748550415,
            0.0
          ],
          [
            0.0,
            0.0,
            0.0,
            1.0
          ]
        ],
        "rotation_mode": "QUATERNION"
      },
      "armature_space": {
        "head": {
          "x": 0.25959980487823486,
          "y": -0.5064073801040649,
          "z": 0.09933222830295563
        },
        "tail": {
          "x": 0.26234859228134155,
          "y": -0.5267809629440308,
          "z": 0.07957273721694946
        }
      },
      "world_space": {
        "head": {
          "x": 0.25959980487823486,
          "y": -0.4431633949279785,
          "z": 1.0491862297058105
        },
        "tail": {
          "x": 0.26234859228134155,
          "y": -0.46353697776794434,
          "z": 1.0294268131256104
        },
        "rotation_quaternion": {
          "w": 0.2535151541233063,
          "x": -0.7099198698997498,
          "y": -0.2801414430141449,
          "z": 0.5943607687950134
        },
        "matrix": [
          [
            0.13651295006275177,
            0.09640005230903625,
            -0.9859367609024048,
            0.25959980487823486
          ],
          [
            0.6991149187088013,
            -0.7145019173622131,
            0.026939012110233307,
            -0.4431633949279785
          ],
          [
            -0.7018609642982483,
            -0.6929659843444824,
            -0.16493453085422516,
            1.0491862297058105
          ],
          [
            0.0,
            0.0,
            0.0,
            1.0
          ]
        ]
      },
      "bone_length_armature_space": 0.0285144910102484,
      "parent": "metacarpal_index_l",
      "has_children": true,
      "is_end_bone": false
    },
    "index_02_l": {
      "name": "index_02_l",
      "local": {
        "location": {
          "x": 0.0,
          "y": 0.0,
          "z": 0.0
        },
        "rotation_quaternion": {
          "w": 0.9761737585067749,
          "x": 0.2167564332485199,
          "y": -0.000607383088208735,
          "z": 0.010054543614387512
        },
        "scale": {
          "x": 1.0,
          "y": 1.0,
          "z": 1.0
        },
        "matrix_basis": [
          [
            0.9997970461845398,
            -0.01989327184855938,
            0.003172951051965356,
            0.0
          ],
          [
            0.019366655498743057,
            0.9058310985565186,
            -0.42319610714912415,
            0.0
          ],
          [
            0.005544596817344427,
            0.42317166924476624,
            0.9060325622558594,
            0.0
          ],
          [
            0.0,
            0.0,
            0.0,
            1.0
          ]
        ],
        "rotation_mode": "QUATERNION"
      },
      "armature_space": {
        "head": {
          "x": 0.2623482942581177,
          "y": -0.5267813801765442,
          "z": 0.07957258820533752
        },
        "tail": {
          "x": 0.25471025705337524,
          "y": -0.5437343120574951,
          "z": 0.061899036169052124
        }
      },
      "world_space": {
        "head": {
          "x": 0.2623482942581177,
          "y": -0.46353739500045776,
          "z": 1.0294265747070312
        },
        "tail": {
          "x": 0.25471025705337524,
          "y": -0.4804903268814087,
          "z": 1.0117530822753906
        },
        "rotation_quaternion": {
          "w": 0.37799254059791565,
          "x": -0.6243948936462402,
          "y": -0.1633923500776291,
          "z": 0.6637437343597412
        },
        "matrix": [
          [
            0.0654945820569992,
            -0.2977411150932312,
            -0.9523974061012268,
            0.2623482942581177
          ],
          [
            0.7058233022689819,
            -0.6608481407165527,
            0.255134254693985,
            -0.46353739500045776
          ],
          [
            -0.7053581476211548,
            -0.6889395117759705,
            0.1668720692396164,
            1.0294265747070312
          ],
          [
            0.0,
            0.0,
            0.0,
            1.0
          ]
        ]
      },
      "bone_length_armature_space": 0.025653380989039944,
      "parent": "index_01_l",
      "has_children": true,
      "is_end_bone": false
    },
    "index_03_l": {
      "name": "index_03_l",
      "local": {
        "location": {
          "x": 0.0,
          "y": 0.0,
          "z": 0.0
        },
        "rotation_quaternion": {
          "w": 0.9782616496086121,
          "x": 0.20720167458057404,
          "y": 0.007326499558985233,
          "z": 0.00424995319917798
        },
        "scale": {
          "x": 1.0,
          "y": 1.0,
          "z": 1.0
        },
        "matrix_basis": [
          [
            0.9998565316200256,
            -0.005279006436467171,
            0.016095662489533424,
            0.0
          ],
          [
            0.011351258493959904,
            0.9140987992286682,
            -0.40533262491226196,
            0.0
          ],
          [
            -0.012573271989822388,
            0.40545716881752014,
            0.9140275716781616,
            0.0
          ],
          [
            0.0,
            0.0,
            0.0,
            1.0
          ]
        ],
        "rotation_mode": "QUATERNION"
      },
      "armature_space": {
        "head": {
          "x": 0.2547104060649872,
          "y": -0.5437343716621399,
          "z": 0.06189904361963272
        },
        "tail": {
          "x": 0.23389336466789246,
          "y": -0.5547448992729187,
          "z": 0.04460292309522629
        }
      },
      "world_space": {
        "head": {
          "x": 0.2547104060649872,
          "y": -0.48049038648605347,
          "z": 1.0117530822753906
        },
        "tail": {
          "x": 0.23389336466789246,
          "y": -0.4915009140968323,
          "z": 0.994456946849823
        },
        "rotation_quaternion": {
          "w": 0.5581546425819397,
          "x": -0.5224125385284424,
          "y": -0.0068077887408435345,
          "z": 0.644594669342041
        },
        "matrix": [
          [
            0.16890527307987213,
            -0.712456464767456,
            -0.6810850501060486,
            0.2547104060649872
          ],
          [
            0.7266793251037598,
            -0.37683096528053284,
            0.5744004249572754,
            -0.48049038648605347
          ],
          [
            -0.6658931970596313,
            -0.5919541120529175,
            0.45408231019973755,
            1.0117530822753906
          ],
          [
            0.0,
            0.0,
            0.0,
            1.0
          ]
        ]
      },
      "bone_length_armature_space": 0.029218773748616395,
      "parent": "index_02_l",
      "has_children": false,
      "is_end_bone": true
    },
    "metacarpal_pinky_l": {
      "name": "metacarpal_pinky_l",
      "local": {
        "location": {
          "x": 0.0,
          "y": 0.0,
          "z": 0.0
        },
        "rotation_quaternion": {
          "w": 0.9998031854629517,
          "x": -0.01749558188021183,
          "y": -0.008531488478183746,
          "z": -0.003846367821097374
        },
        "scale": {
          "x": 1.0,
          "y": 1.0,
          "z": 1.0
        },
        "matrix_basis": [
          [
            0.9998248219490051,
            0.007989748381078243,
            -0.016925029456615448,
            0.0
          ],
          [
            -0.00739269470795989,
            0.9993582367897034,
            0.035049907863140106,
            0.0
          ],
          [
            0.01719420775771141,
            -0.0349186472594738,
            0.9992422461509705,
            0.0
          ],
          [
            0.0,
            0.0,
            0.0,
            1.0
          ]
        ],
        "rotation_mode": "QUATERNION"
      },
      "armature_space": {
        "head": {
          "x": 0.27950429916381836,
          "y": -0.40164029598236084,
          "z": 0.14788049459457397
        },
        "tail": {
          "x": 0.29831036925315857,
          "y": -0.4616047143936157,
          "z": 0.06485085189342499
        }
      },
      "world_space": {
        "head": {
          "x": 0.27950429916381836,
          "y": -0.3383963108062744,
          "z": 1.0977344512939453
        },
        "tail": {
          "x": 0.29831036925315857,
          "y": -0.3983607292175293,
          "z": 1.0147048234939575
        },
        "rotation_quaternion": {
          "w": 0.22131675481796265,
          "x": -0.24410006403923035,
          "y": 0.40384477376937866,
          "z": -0.853430449962616
        },
        "matrix": [
          [
            -0.7828679084777832,
            0.18060052394866943,
            0.5954001545906067,
            0.27950429916381836
          ],
          [
            -0.5749143958091736,
            -0.5758570432662964,
            -0.5812593698501587,
            -0.3383963108062744
          ],
          [
            0.23789077997207642,
            -0.7973594069480896,
            0.5546530485153198,
            1.0977344512939453
          ],
          [
            0.0,
            0.0,
            0.0,
            1.0
          ]
        ]
      },
      "bone_length_armature_space": 0.10413126985147406,
      "parent": "lowerarm_l",
      "has_children": true,
      "is_end_bone": false
    },
    "pinky_01_l": {
      "name": "pinky_01_l",
      "local": {
        "location": {
          "x": 0.0,
          "y": 0.0,
          "z": 0.0
        },
        "rotation_quaternion": {
          "w": 0.9997668862342834,
          "x": 0.018989941105246544,
          "y": -0.00977056659758091,
          "z": 0.0032001561485230923
        },
        "scale": {
          "x": 1.0,
          "y": 1.0,
          "z": 1.0
        },
        "matrix_basis": [
          [
            0.9997885823249817,
            -0.006769905332475901,
            -0.019415035843849182,
            0.0
          ],
          [
            0.0060277353040874004,
            0.999258279800415,
            -0.038033563643693924,
            0.0
          ],
          [
            0.019658120349049568,
            0.03790849447250366,
            0.9990878105163574,
            0.0
          ],
          [
            0.0,
            0.0,
            0.0,
            1.0
          ]
        ],
        "rotation_mode": "QUATERNION"
      },
      "armature_space": {
        "head": {
          "x": 0.29831036925315857,
          "y": -0.4616047143936157,
