{
  "metadata": {
    "armature_name": "KIM_caucasian_male",
    "export_time": "2026-01-13T21:04:37.246279",
    "blender_version": "4.4.1",
    "bone_count": 56,
    "end_bone_count": 13,
    "spaces_included": [
      "LOCAL_CHANNELS",
      "ARMATURE_SPACE",
      "WORLD_SPACE"
    ],
    "note": "LOCAL matches Transform panel; replay pose via local.matrix_basis for best fidelity."
  },
  "bones": {
    "Root": {
      "name": "Root",
      "local": {
        "location": {
          "x": 0.0,
          "y": 0.0,
          "z": 0.0
        },
        "rotation_quaternion": {
          "w": 0.9996861219406128,
          "x": 0.012047925963997841,
          "y": -0.018314119428396225,
          "z": 0.012128891423344612
        },
        "scale": {
          "x": 1.0,
          "y": 1.0,
          "z": 1.0
        },
        "matrix_basis": [
          [
            0.9990349411964417,
            -0.024691462516784668,
            -0.03632448613643646,
            0.0
          ],
          [
            0.023808874189853668,
            0.9994154572486877,
            -0.02453254908323288,
            0.0
          ],
          [
            0.03690899908542633,
            0.02364402823150158,
            0.9990388751029968,
            0.0
          ],
          [
            0.0,
            0.0,
            0.0,
            1.0
          ]
        ],
        "rotation_mode": "QUATERNION"
      },
      "armature_space": {
        "head": {
          "x": 0.0,
          "y": 0.07072800397872925,
          "z": -0.009595036506652832
        },
        "tail": {
          "x": -0.001762374653480947,
          "y": -0.00018551945686340332,
          "z": -0.0016779154539108276
        }
      },
      "world_space": {
        "head": {
          "x": 0.0,
          "y": 0.13397200405597687,
          "z": 0.9402589797973633
        },
        "tail": {
          "x": -0.001762374653480947,
          "y": 0.06305848062038422,
          "z": 0.9481760859489441
        },
        "rotation_quaternion": {
          "w": 0.0553259551525116,
          "x": 0.9982267022132874,
          "y": -0.013335120864212513,
          "z": -0.017455417662858963
        },
        "matrix": [
          [
            0.9990349411964417,
            -0.024691462516784668,
            -0.03632448613643646,
            0.0
          ],
          [
            -0.028554430231451988,
            -0.9935224056243896,
            -0.10999061167240143,
            0.13397200405597687
          ],
          [
            -0.033373620361089706,
            0.11092153936624527,
            -0.9932757019996643,
            0.9402589797973633
          ],
          [
            0.0,
            0.0,
            0.0,
            1.0
          ]
        ]
      },
      "bone_length_armature_space": 0.07137586915549844,
      "parent": null,
      "has_children": true,
      "is_end_bone": false
    },
    "spine_01": {
      "name": "spine_01",
      "local": {
        "location": {
          "x": 0.0,
          "y": 0.0,
          "z": 0.0
        },
        "rotation_quaternion": {
          "w": 0.9932208061218262,
          "x": 0.08281446248292923,
          "y": -0.04966362193226814,
          "z": 0.06471242755651474
        },
        "scale": {
          "x": 1.0,
          "y": 1.0,
          "z": 1.0
        },
        "matrix_basis": [
          [
            0.9866916537284851,
            -0.13677318394184113,
            -0.08793563395738602,
            0.0
          ],
          [
            0.12032172828912735,
            0.9779081344604492,
            -0.170933797955513,
            0.0
          ],
          [
            0.10937213152647018,
            0.1580783873796463,
            0.9813506007194519,
            0.0
          ],
          [
            0.0,
            0.0,
            0.0,
            1.0
          ]
        ],
        "rotation_mode": "QUATERNION"
      },
      "armature_space": {
        "head": {
          "x": -0.001762374653480947,
          "y": -0.00018551945686340332,
          "z": -0.0016779154539108276
        },
        "tail": {
          "x": -0.054356303066015244,
          "y": -0.06479402631521225,
          "z": 0.4791629910469055
        }
      },
      "world_space": {
        "head": {
          "x": -0.001762374653480947,
          "y": 0.06305848062038422,
          "z": 0.9481760859489441
        },
        "tail": {
          "x": -0.054356303066015244,
          "y": -0.0015500262379646301,
          "z": 1.4290170669555664
        },
        "rotation_quaternion": {
          "w": 0.6536862254142761,
          "x": 0.7523898482322693,
          "y": -0.080603688955307,
          "z": -0.010338850319385529
        },
        "matrix": [
          [
            0.9867921471595764,
            -0.10777416825294495,
            -0.12093737721443176,
            -0.001762374653480947
          ],
          [
            -0.13480812311172485,
            -0.13239414989948273,
            -0.9819870591163635,
            0.06305848062038422
          ],
          [
            0.089821957051754,
            0.9853273034095764,
            -0.1451762616634369,
            0.9481760859489441
          ],
          [
            0.0,
            0.0,
            0.0,
            1.0
          ]
        ]
      },
      "bone_length_armature_space": 0.4880044844171985,
      "parent": "Root",
      "has_children": true,
      "is_end_bone": false
    },
    "neck_01": {
      "name": "neck_01",
      "local": {
        "location": {
          "x": 0.0,
          "y": 0.0,
          "z": 0.0
        },
        "rotation_quaternion": {
          "w": 0.9921445250511169,
          "x": -0.07957714796066284,
          "y": 0.039820946753025055,
          "z": 0.08792692422866821
        },
        "scale": {
          "x": 1.0,
          "y": 1.0,
          "z": 1.0
        },
        "matrix_basis": [
          [
            0.9813662767410278,
            -0.1808101087808609,
            0.06502231955528259,
            0.0
          ],
          [
            0.16813476383686066,
            0.9718726873397827,
            0.16490672528743744,
            0.0
          ],
          [
            -0.09301021695137024,
            -0.15090139210224152,
            0.9841635227203369,
            0.0
          ],
          [
            0.0,
            0.0,
            0.0,
            1.0
          ]
        ],
        "rotation_mode": "QUATERNION"
      },
      "armature_space": {
        "head": {
          "x": -0.06644152104854584,
          "y": -0.10854347050189972,
          "z": 0.5462723970413208
        },
        "tail": {
          "x": -0.09811842441558838,
          "y": -0.14211870729923248,
          "z": 0.6378148198127747
        }
      },
      "world_space": {
        "head": {
          "x": -0.06644152104854584,
          "y": -0.0452994704246521,
          "z": 1.496126413345337
        },
        "tail": {
          "x": -0.09811842441558838,
          "y": -0.07887470722198486,
          "z": 1.5876688957214355
        },
        "rotation_quaternion": {
          "w": 0.5633239150047302,
          "x": 0.8111364245414734,
          "y": -0.1375443935394287,
          "z": 0.07619410008192062
        },
        "matrix": [
          [
            0.9505518078804016,
            -0.3089786767959595,
            -0.031357988715171814,
            -0.06644152104854584
          ],
          [
            -0.1372920274734497,
            -0.32749509811401367,
            -0.9348251819610596,
            -0.0452994704246521
          ],
          [
            0.27857327461242676,
            0.8929108381271362,
            -0.35372474789619446,
            1.496126413345337
          ],
          [
            0.0,
            0.0,
            0.0,
            1.0
          ]
        ]
      },
      "bone_length_armature_space": 0.10252189038309957,
      "parent": "spine_01",
      "has_children": true,
      "is_end_bone": false
    },
    "head": {
      "name": "head",
      "local": {
        "location": {
          "x": 0.0,
          "y": 0.0,
          "z": 0.0
        },
        "rotation_quaternion": {
          "w": 0.9950048923492432,
          "x": -0.009452173486351967,
          "y": 0.06309507042169571,
          "z": -0.07677879929542542
        },
        "scale": {
          "x": 1.0,
          "y": 1.0,
          "z": 1.0
        },
        "matrix_basis": [
          [
            0.9802480340003967,
            0.151597797870636,
            0.1270112544298172,
            0.0
          ],
          [
            -0.15398333966732025,
            0.9880313277244568,
            0.009121189825236797,
            0.0
          ],
          [
            -0.12410835176706314,
            -0.02849864587187767,
            0.9918593168258667,
            0.0
          ],
          [
            0.0,
            0.0,
            0.0,
            1.0
          ]
        ],
        "rotation_mode": "QUATERNION"
      },
      "armature_space": {
        "head": {
          "x": -0.09811840951442719,
          "y": -0.14211882650852203,
          "z": 0.6378147006034851
        },
        "tail": {
          "x": -0.11764714121818542,
          "y": -0.1360350251197815,
          "z": 0.7915512323379517
        }
      },
      "world_space": {
        "head": {
          "x": -0.09811840951442719,
          "y": -0.07887482643127441,
          "z": 1.5876686573028564
        },
        "tail": {
          "x": -0.11764714121818542,
          "y": -0.07279102504253387,
          "z": 1.7414052486419678
        },
        "rotation_quaternion": {
          "w": 0.7189205884933472,
          "x": 0.6921142935752869,
          "y": -0.05259997025132179,
          "z": 0.03693608194589615
        },
        "matrix": [
          [
            0.9917379021644592,
            -0.12591855227947235,
            -0.024501606822013855,
            -0.09811840951442719
          ],
          [
            -0.019701242446899414,
            0.039227522909641266,
            -0.9990361928939819,
            -0.07887482643127441
          ],
          [
            0.12675920128822327,
            0.9912717342376709,
            0.036421969532966614,
            1.5876686573028564
          ],
          [
            0.0,
            0.0,
            0.0,
            1.0
          ]
        ]
      },
      "bone_length_armature_space": 0.15509128200815417,
      "parent": "neck_01",
      "has_children": false,
      "is_end_bone": true
    },
    "upperarm_l": {
      "name": "upperarm_l",
      "local": {
        "location": {
          "x": 0.0,
          "y": 0.0,
          "z": 0.0
        },
        "rotation_quaternion": {
          "w": 0.9183299541473389,
          "x": 0.048377059400081635,
          "y": 0.3915090560913086,
          "z": 0.03241310641169548
        },
        "scale": {
          "x": 1.0,
          "y": 1.0,
          "z": 1.0
        },
        "matrix_basis": [
          [
            0.6913400888442993,
            -0.02165173925459385,
            0.7222051024436951,
            0.0
          ],
          [
            0.09741196781396866,
            0.9932181239128113,
            -0.06347215920686722,
            0.0
          ],
          [
            -0.7159329056739807,
            0.11423225700855255,
            0.6887606382369995,
            0.0
          ],
          [
            0.0,
            0.0,
            0.0,
            1.0
          ]
        ],
        "rotation_mode": "QUATERNION"
      },
      "armature_space": {
        "head": {
          "x": 0.08843487501144409,
          "y": -0.12299845367670059,
          "z": 0.4930610656738281
        },
        "tail": {
          "x": 0.34973517060279846,
          "y": -0.17884577810764313,
          "z": 0.5133301615715027
        }
      },
      "world_space": {
        "head": {
          "x": 0.08843487501144409,
          "y": -0.05975445359945297,
          "z": 1.4429150819778442
        },
        "tail": {
          "x": 0.34973517060279846,
          "y": -0.11560177803039551,
          "z": 1.463184118270874
        },
        "rotation_quaternion": {
          "w": 0.21052353084087372,
          "x": 0.75041663646698,
          "y": 0.5928526520729065,
          "z": -0.20268364250659943
        },
        "matrix": [
          [
            0.21488958597183228,
            0.9751123189926147,
            -0.05457308143377304,
            0.08843487501144409
          ],
          [
            0.8044336438179016,
            -0.20840932428836823,
            -0.5562843680381775,
            -0.05975445359945297
          ],
          [
            -0.5538164973258972,
            0.07563960552215576,
            -0.8292045593261719,
            1.4429150819778442
          ],
          [
            0.0,
            0.0,
            0.0,
            1.0
          ]
        ]
      },
      "bone_length_armature_space": 0.267969407166469,
      "parent": "spine_01",
      "has_children": true,
      "is_end_bone": false
    },
    "lowerarm_l": {
      "name": "lowerarm_l",
      "local": {
        "location": {
          "x": 0.0,
          "y": 0.0,
          "z": 0.0
        },
        "rotation_quaternion": {
          "w": 0.9076541662216187,
          "x": 0.3290323317050934,
          "y": -0.07000591605901718,
          "z": 0.25099995732307434
        },
        "scale": {
          "x": 1.0,
          "y": 1.0,
          "z": 1.0
        },
        "matrix_basis": [
          [
            0.8641963601112366,
            -0.5017107129096985,
            0.03809187933802605,
            0.0
          ],
          [
            0.40957388281822205,
            0.6574735045433044,
            -0.6324381232261658,
            0.0
          ],
          [
            0.29225653409957886,
            0.5621521472930908,
            0.7736737728118896,
            0.0
          ],
          [
            0.0,
            0.0,
            0.0,
            1.0
          ]
        ],
        "rotation_mode": "QUATERNION"
      },
      "armature_space": {
        "head": {
          "x": 0.34973523020744324,
          "y": -0.17884592711925507,
          "z": 0.5133302211761475
        },
        "tail": {
          "x": 0.45063868165016174,
          "y": -0.4257664084434509,
          "z": 0.4928818345069885
        }
      },
      "world_space": {
        "head": {
          "x": 0.34973523020744324,
          "y": -0.11560192704200745,
          "z": 1.4631842374801636
        },
        "tail": {
          "x": 0.45063868165016174,
          "y": -0.3625224232673645,
          "z": 1.4427359104156494
        },
        "rotation_quaternion": {
          "w": 0.050411928445100784,
          "x": 0.878738522529602,
          "y": 0.18964996933937073,
          "z": -0.4350980222225189
        },
        "matrix": [
          [
            0.5494449138641357,
            0.3771746754646301,
            -0.7455529570579529,
            0.34973523020744324
          ],
          [
            0.28943732380867004,
            -0.9229828119277954,
            -0.2536318302154541,
            -0.11560192704200745
          ],
          [
            -0.7838013768196106,
            -0.07643559575080872,
            -0.6163012385368347,
            1.4631842374801636
          ],
          [
            0.0,
            0.0,
            0.0,
            1.0
          ]
        ]
      },
      "bone_length_armature_space": 0.2675245183587391,
      "parent": "upperarm_l",
      "has_children": true,
      "is_end_bone": false
    },
    "metacarpal_thumb_l": {
      "name": "metacarpal_thumb_l",
      "local": {
        "location": {
          "x": 0.0,
          "y": 0.0,
          "z": 0.0
        },
        "rotation_quaternion": {
          "w": 0.9988088607788086,
          "x": -0.04602374508976936,
          "y": 0.01349316630512476,
          "z": -0.008985737338662148
        },
        "scale": {
          "x": 1.0,
          "y": 1.0,
          "z": 1.0
        },
        "matrix_basis": [
          [
            0.9994744062423706,
            0.01670805551111698,
            0.027781302109360695,
            0.0
          ],
          [
            -0.019192080944776535,
            0.9956021308898926,
            0.09169535338878632,
            0.0
          ],
          [
            -0.026127073913812637,
            -0.09218034148216248,
            0.9953994750976562,
            0.0
          ],
          [
            0.0,
            0.0,
            0.0,
            1.0
          ]
        ],
        "rotation_mode": "QUATERNION"
      },
      "armature_space": {
        "head": {
          "x": 0.45063868165016174,
          "y": -0.4257664084434509,
          "z": 0.4928818345069885
        },
        "tail": {
          "x": 0.44701990485191345,
          "y": -0.46879711747169495,
          "z": 0.46861547231674194
        }
      },
      "world_space": {
        "head": {
          "x": 0.45063868165016174,
          "y": -0.3625224232673645,
          "z": 1.4427359104156494
        },
        "tail": {
          "x": 0.44701990485191345,
          "y": -0.40555310249328613,
          "z": 1.4184694290161133
        },
        "rotation_quaternion": {
          "w": 0.23441314697265625,
          "x": -0.9322671294212341,
          "y": 0.10340419411659241,
          "z": -0.2554135322570801
        },
        "matrix": [
          [
            0.8481428623199463,
            -0.07305663824081421,
            0.5247055888175964,
            0.45063868165016174
          ],
          [
            -0.31254515051841736,
            -0.8687165379524231,
            0.38424885272979736,
            -0.3625224232673645
          ],
          [
            0.4277513921260834,
            -0.489896297454834,
            -0.7596344351768494,
            1.4427359104156494
          ],
          [
            0.0,
            0.0,
            0.0,
            1.0
          ]
        ]
      },
      "bone_length_armature_space": 0.049533764389629246,
      "parent": "lowerarm_l",
      "has_children": true,
      "is_end_bone": false
    },
    "thumb_01_l": {
      "name": "thumb_01_l",
      "local": {
        "location": {
          "x": 0.0,
          "y": 0.0,
          "z": 0.0
        },
        "rotation_quaternion": {
          "w": 0.9544259309768677,
          "x": 0.2982332110404968,
          "y": 0.007132422644644976,
          "z": -0.008800827898085117
        },
        "scale": {
          "x": 1.0,
          "y": 1.0,
          "z": 1.0
        },
        "matrix_basis": [
          [
            0.9997433423995972,
            0.021053727716207504,
            0.00836533959954977,
            0.0
          ],
          [
            -0.012545226141810417,
            0.8219590187072754,
            -0.5694085359573364,
            0.0
          ],
          [
            -0.018864136189222336,
            0.5691574811935425,
            0.822012186050415,
            0.0
          ],
          [
            0.0,
            0.0,
            0.0,
            1.0
          ]
        ],
        "rotation_mode": "QUATERNION"
      },
      "armature_space": {
        "head": {
          "x": 0.44701990485191345,
          "y": -0.46879711747169495,
          "z": 0.46861547231674194
        },
        "tail": {
          "x": 0.4704723358154297,
          "y": -0.4832251965999603,
          "z": 0.4486043453216553
        }
      },
      "world_space": {
        "head": {
          "x": 0.44701990485191345,
          "y": -0.40555310249328613,
          "z": 1.4184694290161133
        },
        "tail": {
          "x": 0.4704723358154297,
          "y": -0.4199811816215515,
          "z": 1.3984583616256714
        },
        "rotation_quaternion": {
          "w": 0.48619017004966736,
          "x": -0.22424577176570892,
          "y": 0.2273360937833786,
          "z": -0.8134194612503052
        },
        "matrix": [
          [
            -0.4266641438007355,
            0.6889953017234802,
            0.5858693718910217,
            0.44701990485191345
          ],
          [
            -0.892911970615387,
            -0.42387449741363525,
            -0.15178480744361877,
            -0.40555310249328613
          ],
          [
            0.1437564194202423,
            -0.5878955125808716,
            0.796069860458374,
            1.4184694290161133
          ],
          [
            0.0,
            0.0,
            0.0,
            1.0
          ]
        ]
      },
      "bone_length_armature_space": 0.03403867195478878,
      "parent": "metacarpal_thumb_l",
      "has_children": true,
      "is_end_bone": false
    },
    "thumb_02_l": {
      "name": "thumb_02_l",
      "local": {
        "location": {
          "x": 0.0,
          "y": 0.0,
          "z": 0.0
        },
        "rotation_quaternion": {
          "w": 0.875613272190094,
          "x": 0.4829975962638855,
          "y": -0.0034432904794812202,
          "z": 0.0016931863501667976
        },
        "scale": {
          "x": 1.0,
          "y": 1.0,
          "z": 1.0
        },
        "matrix_basis": [
          [
            0.999970555305481,
            -0.0062913550063967705,
            -0.004394371993839741,
            0.0
          ],
          [
            -0.0003610491694416851,
            0.5334209203720093,
            -0.845849871635437,
            0.0
          ],
          [
            0.0076655917800962925,
            0.8458265662193298,
            0.5334029197692871,
            0.0
          ],
          [
            0.0,
            0.0,
            0.0,
            1.0
          ]
        ],
        "rotation_mode": "QUATERNION"
      },
      "armature_space": {
        "head": {
          "x": 0.4704723060131073,
          "y": -0.48322516679763794,
          "z": 0.4486043155193329
        },
        "tail": {
          "x": 0.46380147337913513,
          "y": -0.4995103180408478,
          "z": 0.4847082197666168
        }
      },
      "world_space": {
        "head": {
          "x": 0.4704723060131073,
          "y": -0.4199811816215515,
          "z": 1.3984583616256714
        },
        "tail": {
          "x": 0.46380147337913513,
          "y": -0.43626630306243896,
          "z": 1.4345622062683105
        },
        "rotation_quaternion": {
          "w": 0.10810525715351105,
          "x": 0.31273534893989563,
          "y": -0.534399151802063,
          "z": -0.7777707576751709
        },
        "matrix": [
          [
            -0.7810205221176147,
            -0.16608797013759613,
            -0.6020145416259766,
            0.4704723060131073
          ],
          [
            -0.5024122595787048,
            -0.4054620862007141,
            0.7636637687683105,
            -0.4199811816215515
          ],
          [
            -0.37093254923820496,
            0.8989028930664062,
            0.23323184251785278,
            1.3984583616256714
          ],
          [
            0.0,
            0.0,
            0.0,
            1.0
          ]
        ]
      },
      "bone_length_armature_space": 0.04016463669714535,
      "parent": "thumb_01_l",
      "has_children": true,
      "is_end_bone": false
    },
    "thumb_03_l": {
      "name": "thumb_03_l",
      "local": {
        "location": {
          "x": 0.0,
          "y": 0.0,
          "z": 0.0
        },
        "rotation_quaternion": {
          "w": 0.9918498992919922,
          "x": 0.127317875623703,
          "y": -0.003093171864748001,
          "z": -0.0038123957347124815
        },
        "scale": {
          "x": 1.0,
          "y": 1.0,
          "z": 1.0
        },
        "matrix_basis": [
          [
            0.9999517798423767,
            0.00677501643076539,
            -0.007106696721166372,
            0.0
          ],
          [
            -0.008350281044840813,
            0.9675512313842773,
            -0.2525368630886078,
            0.0
          ],
          [
            0.0051651522517204285,
            0.2525840401649475,
            0.9675611853599548,
            0.0
          ],
          [
            0.0,
            0.0,
            0.0,
            1.0
          ]
        ],
        "rotation_mode": "QUATERNION"
      },
      "armature_space": {
        "head": {
          "x": 0.46380147337913513,
          "y": -0.49951037764549255,
          "z": 0.48470816016197205
        },
        "tail": {
          "x": 0.4517008364200592,
          "y": -0.4981347918510437,
          "z": 0.5126112699508667
        }
      },
      "world_space": {
        "head": {
          "x": 0.46380147337913513,
          "y": -0.43626636266708374,
          "z": 1.4345622062683105
        },
        "tail": {
          "x": 0.4517008364200592,
          "y": -0.4348908066749573,
          "z": 1.4624652862548828
        },
        "rotation_quaternion": {
          "w": 0.19148316979408264,
          "x": 0.43299445509910583,
          "y": -0.6970840096473694,
          "z": -0.5384458303451538
        },
        "matrix": [
          [
            -0.5516976714134216,
            -0.39746037125587463,
            -0.7332495450973511,
            0.46380147337913513
          ],
          [
            -0.8098751902580261,
            0.04518289864063263,
            0.5848595499992371,
            -0.43626636266708374
          ],
          [
            -0.1993301659822464,
            0.9165129065513611,
            -0.34682270884513855,
            1.4345622062683105
          ],
          [
            0.0,
            0.0,
            0.0,
            1.0
          ]
        ]
      },
      "bone_length_armature_space": 0.030445051673413548,
      "parent": "thumb_02_l",
      "has_children": false,
      "is_end_bone": true
    },
    "metacarpal_index_l": {
      "name": "metacarpal_index_l",
      "local": {
        "location": {
          "x": 0.0,
          "y": 0.0,
          "z": 0.0
        },
        "rotation_quaternion": {
          "w": 0.9997751712799072,
          "x": 0.0014323703944683075,
          "y": 0.020802130922675133,
          "z": -0.003859889693558216
        },
        "scale": {
          "x": 1.0,
          "y": 1.0,
          "z": 1.0
        },
        "matrix_basis": [
          [
            0.9991047382354736,
            0.007777636405080557,
            0.04158385097980499,
            0.0
          ],
          [
            -0.007658450864255428,
            0.9999660849571228,
            -0.0030246844980865717,
            0.0
          ],
          [
            -0.04160596430301666,
            0.0027035088278353214,
            0.9991304278373718,
            0.0
          ],
          [
            0.0,
            0.0,
            0.0,
            1.0
          ]
        ],
        "rotation_mode": "QUATERNION"
      },
      "armature_space": {
        "head": {
          "x": 0.45063868165016174,
          "y": -0.4257664084434509,
          "z": 0.4928818345069885
        },
        "tail": {
          "x": 0.4701450765132904,
          "y": -0.535719096660614,
          "z": 0.4573972821235657
        }
      },
      "world_space": {
        "head": {
          "x": 0.45063868165016174,
          "y": -0.3625224232673645,
          "z": 1.4427359104156494
        },
        "tail": {
          "x": 0.4701450765132904,
          "y": -0.4724751114845276,
          "z": 1.4072513580322266
        },
        "rotation_quaternion": {
          "w": 0.154821515083313,
          "x": -0.9844043254852295,
          "y": -0.0826793983578682,
          "z": -0.011939583346247673
        },
        "matrix": [
          [
            0.9860430359840393,
            0.16647687554359436,
            -0.002094544470310211,
            0.45063868165016174
          ],
          [
            0.15908311307430267,
            -0.9383891224861145,
            0.3067878186702728,
            -0.3625224232673645
          ],
          [
            0.04910803213715553,
            -0.30284225940704346,
            -0.9517821073532104,
            1.4427359104156494
          ],
          [
            0.0,
            0.0,
            0.0,
            1.0
          ]
        ]
      },
      "bone_length_armature_space": 0.1171718662731373,
      "parent": "lowerarm_l",
      "has_children": true,
      "is_end_bone": false
    },
    "index_01_l": {
      "name": "index_01_l",
      "local": {
        "location": {
          "x": 0.0,
          "y": 0.0,
          "z": 0.0
        },
        "rotation_quaternion": {
          "w": 0.9561278820037842,
          "x": 0.292753130197525,
          "y": -0.008449723944067955,
          "z": -0.006610452197492123
        },
        "scale": {
          "x": 1.0,
          "y": 1.0,
          "z": 1.0
        },
        "matrix_basis": [
          [
            0.9997698068618774,
            0.007693509105592966,
            -0.0200284942984581,
            0.0
          ],
          [
            -0.017588241025805473,
            0.8285037875175476,
            -0.5597071647644043,
            0.0
          ],
          [
            0.012287572026252747,
            0.5599305629730225,
            0.8284484148025513,
            0.0
          ],
          [
            0.0,
            0.0,
            0.0,
            1.0
          ]
        ],
        "rotation_mode": "QUATERNION"
      },
      "armature_space": {
        "head": {
          "x": 0.4701450765132904,
          "y": -0.535719096660614,
          "z": 0.4573972821235657
        },
        "tail": {
          "x": 0.48318517208099365,
          "y": -0.5527102947235107,
          "z": 0.4385736286640167
        }
      },
      "world_space": {
        "head": {
          "x": 0.4701450765132904,
          "y": -0.4724751114845276,
          "z": 1.4072513580322266
        },
        "tail": {
          "x": 0.48318517208099365,
          "y": -0.4894663095474243,
          "z": 1.3884276151657104
        },
        "rotation_quaternion": {
          "w": 0.36288633942604065,
          "x": -0.8929875493049622,
          "y": -0.26527780294418335,
          "z": 0.022683922201395035
        },
        "matrix": [
          [
            0.8582257032394409,
            0.4573163688182831,
            -0.23304560780525208,
            0.4701450765132904
          ],
          [
            0.4902442395687103,
            -0.5958823561668396,
            0.6360700726509094,
            -0.4724751114845276
          ],
          [
            0.15201903879642487,
            -0.6601461172103882,
            -0.7356027364730835,
            1.4072513580322266
          ],
          [
            0.0,
            0.0,
            0.0,
            1.0
          ]
        ]
      },
      "bone_length_armature_space": 0.028514467064408588,
      "parent": "metacarpal_index_l",
      "has_children": true,
      "is_end_bone": false
    },
    "index_02_l": {
      "name": "index_02_l",
      "local": {
        "location": {
          "x": 0.0,
          "y": 0.0,
          "z": 0.0
        },
        "rotation_quaternion": {
          "w": 0.9045567512512207,
          "x": 0.42627862095832825,
          "y": -0.0011950527550652623,
          "z": -0.007898770272731781
        },
        "scale": {
          "x": 1.0,
          "y": 1.0,
          "z": 1.0
        },
        "matrix_basis": [
          [
            0.9998723864555359,
            0.01327092107385397,
            -0.008896139450371265,
            0.0
          ],
          [
            -0.0153086232021451,
            0.6364482641220093,
            -0.771167516708374,
            0.0
          ],
          [
            -0.004572167526930571,
            0.7712053060531616,
            0.6365702152252197,
            0.0
          ],
          [
            0.0,
            0.0,
            0.0,
            1.0
          ]
        ],
        "rotation_mode": "QUATERNION"
      },
      "armature_space": {
        "head": {
          "x": 0.4831850826740265,
          "y": -0.5527104735374451,
          "z": 0.43857309222221375
        },
        "tail": {
          "x": 0.4861238896846771,
          "y": -0.5508629679679871,
          "z": 0.41315558552742004
        }
      },
      "world_space": {
        "head": {
          "x": 0.4831850826740265,
          "y": -0.48946648836135864,
          "z": 1.3884271383285522
        },
        "tail": {
          "x": 0.4861238896846771,
          "y": -0.48761898279190063,
          "z": 1.3630095720291138
        },
        "rotation_quaternion": {
          "w": 0.6871529817581177,
          "x": -0.662092387676239,
          "y": -0.2526468336582184,
          "z": 0.1600751280784607
        },
        "matrix": [
          [
            0.8210904598236084,
            0.11455854773521423,
            -0.5591839551925659,
            0.4831850826740265
          ],
          [
            0.5545444488525391,
            0.07201880216598511,
            0.8290320634841919,
            -0.48946648836135864
          ],
          [
            0.13524594902992249,
            -0.990809440612793,
            -0.004393100738525391,
            1.3884271383285522
          ],
          [
            0.0,
            0.0,
            0.0,
            1.0
          ]
        ]
      },
      "bone_length_armature_space": 0.025653449777038297,
      "parent": "index_01_l",
      "has_children": true,
      "is_end_bone": false
    },
    "index_03_l": {
      "name": "index_03_l",
      "local": {
        "location": {
          "x": 0.0,
          "y": 0.0,
          "z": 0.0
        },
        "rotation_quaternion": {
          "w": 0.9332542419433594,
          "x": 0.35913899540901184,
          "y": -0.007217694073915482,
          "z": 0.0019415774149820209
        },
        "scale": {
          "x": 1.0,
          "y": 1.0,
          "z": 1.0
        },
        "matrix_basis": [
          [
            0.9998882412910461,
            -0.008808281272649765,
            -0.01207729522138834,
            0.0
          ],
          [
            -0.0015603400534018874,
            0.7420307993888855,
            -0.6703640222549438,
            0.0
          ],
          [
            0.01486647967249155,
            0.6703079342842102,
            0.7419341802597046,
            0.0
          ],
          [
            0.0,
            0.0,
            0.0,
            1.0
          ]
        ],
        "rotation_mode": "QUATERNION"
      },
      "armature_space": {
        "head": {
          "x": 0.4861239492893219,
          "y": -0.5508630871772766,
          "z": 0.41315561532974243
        },
        "tail": {
          "x": 0.47890612483024597,
          "y": -0.5300412178039551,
          "z": 0.39396995306015015
        }
      },
      "world_space": {
        "head": {
          "x": 0.4861239492893219,
          "y": -0.4876191020011902,
          "z": 1.3630096912384033
        },
        "tail": {
          "x": 0.47890612483024597,
          "y": -0.46679723262786865,
          "z": 1.3438239097595215
        },
        "rotation_quaternion": {
          "w": 0.9047086834907532,
          "x": -0.318817138671875,
          "y": -0.19445529580116272,
          "z": 0.20504875481128693
        },
        "matrix": [
          [
            0.8402840495109558,
            -0.24702773988246918,
            -0.4825969934463501,
            0.4861239492893219
          ],
          [
            0.495010644197464,
            0.7126213908195496,
            0.497127503156662,
            -0.4876191020011902
          ],
          [
            0.2211066484451294,
            -0.6566227674484253,
            0.7210911512374878,
            1.3630096912384033
          ],
          [
            0.0,
            0.0,
            0.0,
            1.0
          ]
        ]
      },
      "bone_length_armature_space": 0.029218776238781576,
      "parent": "index_02_l",
      "has_children": false,
      "is_end_bone": true
    },
    "metacarpal_pinky_l": {
      "name": "metacarpal_pinky_l",
      "local": {
        "location": {
          "x": 0.0,
          "y": 0.0,
          "z": 0.0
        },
        "rotation_quaternion": {
          "w": 0.9995258450508118,
          "x": -0.024081867188215256,
          "y": 0.01321274135261774,
          "z": 0.013913118280470371
        },
        "scale": {
          "x": 1.0,
          "y": 1.0,
          "z": 1.0
        },
        "matrix_basis": [
          [
            0.9992637038230896,
            -0.028449418023228645,
            0.025742845609784126,
            0.0
          ],
          [
            0.027176667004823685,
            0.9984529614448547,
            0.04850855842232704,
            0.0
          ],
          [
            -0.027083059772849083,
            -0.04777323827147484,
            0.9984909892082214,
            0.0
          ],
          [
            0.0,
            0.0,
            0.0,
            1.0
          ]
        ],
        "rotation_mode": "QUATERNION"
      },
      "armature_space": {
        "head": {
          "x": 0.45063868165016174,
          "y": -0.4257664084434509,
          "z": 0.4928818345069885
        },
        "tail": {
          "x": 0.5165249109268188,
          "y": -0.5056660175323486,
          "z": 0.5037568211555481
        }
      },
      "world_space": {
        "head": {
          "x": 0.45063868165016174,
          "y": -0.3625224232673645,
          "z": 1.4427359104156494
        },
        "tail": {
          "x": 0.5165249109268188,
          "y": -0.4424220323562622,
          "z": 1.453610897064209
        },
        "rotation_quaternion": {
          "w": 0.32247647643089294,
          "x": 0.44700032472610474,
          "y": 0.11116686463356018,
          "z": -0.8269471526145935
        },
        "matrix": [
          [
            -0.3923986554145813,
            0.6327261924743652,
            -0.6675930619239807,
            0.45063868165016174
          ],
          [
            -0.43395957350730896,
            -0.7673007249832153,
            -0.4721534550189972,
            -0.3625224232673645
          ],
          [
            -0.8109948039054871,
            0.1044360101222992,
            0.5756690502166748,
            1.4427359104156494
          ],
          [
            0.0,
            0.0,
            0.0,
            1.0
          ]
        ]
      },
      "bone_length_armature_space": 0.1041307255398755,
      "parent": "lowerarm_l",
      "has_children": true,
      "is_end_bone": false
    },
    "pinky_01_l": {
      "name": "pinky_01_l",
      "local": {
        "location": {
          "x": 0.0,
          "y": 0.0,
          "z": 0.0
        },
        "rotation_quaternion": {
          "w": 0.9564028978347778,
          "x": 0.2917490005493164,
          "y": -0.006922608241438866,
          "z": -0.011320323683321476
        },
        "scale": {
          "x": 1.0,
          "y": 1.0,
          "z": 1.0
        },
        "matrix_basis": [
          [
            0.999647855758667,
            0.017614252865314484,
            -0.019846990704536438,
            0.0
          ],
          [
            -0.025692908093333244,
            0.8295087218284607,
            -0.557902455329895,
            0.0
          ],
          [
            0.006636219099164009,
            0.5582159161567688,
            0.829669177532196,
            0.0
          ],
          [
            0.0,
            0.0,
            0.0,
            1.0
          ]
        ],
        "rotation_mode": "QUATERNION"
      },
      "armature_space": {
        "head": {
          "x": 0.5165249109268188,
          "y": -0.5056660175323486,
          "z": 0.5037568211555481
