{
  "metadata": {
    "armature_name": "KIM_caucasian_male",
    "export_time": "2026-01-13T21:02:34.387127",
    "blender_version": "4.4.1",
    "bone_count": 56,
    "end_bone_count": 13,
    "spaces_included": [
      "LOCAL_CHANNELS",
      "ARMATURE_SPACE",
      "WORLD_SPACE"
    ],
    "note": "LOCAL matches Transform panel; replay pose via local.matrix_basis for best fidelity."
  },
  "bones": {
    "Root": {
      "name": "Root",
      "local": {
        "location": {
          "x": 0.0,
          "y": 0.0,
          "z": 0.0
        },
        "rotation_quaternion": {
          "w": 0.9999607801437378,
          "x": -0.0033310300204902887,
          "y": -0.0008425834239460528,
          "z": -0.008163724094629288
        },
        "scale": {
          "x": 1.0,
          "y": 1.0,
          "z": 1.0
        },
        "matrix_basis": [
          [
            0.9998652935028076,
            0.016332421451807022,
            -0.0016307135811075568,
            0.0
          ],
          [
            -0.016321195289492607,
            0.999844491481781,
            0.00667555583640933,
            0.0
          ],
          [
            0.0017394879832863808,
            -0.006648041307926178,
            0.999976396560669,
            0.0
          ],
          [
            0.0,
            0.0,
            0.0,
            1.0
          ]
        ],
        "rotation_mode": "QUATERNION"
      },
      "armature_space": {
        "head": {
          "x": 0.0,
          "y": 0.07072800397872925,
          "z": -0.009595036506652832
        },
        "tail": {
          "x": 0.001165740774013102,
          "y": 7.478892803192139e-05,
          "z": 0.0004687132313847542
        }
      },
      "world_space": {
        "head": {
          "x": 0.0,
          "y": 0.13397200405597687,
          "z": 0.9402589797973633
        },
        "tail": {
          "x": 0.001165740774013102,
          "y": 0.06331878900527954,
          "z": 0.9503227472305298
        },
        "rotation_quaternion": {
          "w": 0.07068847864866257,
          "x": 0.9974647760391235,
          "y": 0.008088415488600731,
          "z": -0.001390642486512661
        },
        "matrix": [
          [
            0.9998652935028076,
            0.016332421451807022,
            -0.0016307135811075568,
            0.0
          ],
          [
            0.01593921147286892,
            -0.9898753762245178,
            -0.14104148745536804,
            0.13397200405597687
          ],
          [
            -0.0039177644066512585,
            0.1409965306520462,
            -0.9900094270706177,
            0.9402589797973633
          ],
          [
            0.0,
            0.0,
            0.0,
            1.0
          ]
        ]
      },
      "bone_length_armature_space": 0.0713758706017526,
      "parent": null,
      "has_children": true,
      "is_end_bone": false
    },
    "spine_01": {
      "name": "spine_01",
      "local": {
        "location": {
          "x": 0.0,
          "y": 0.0,
          "z": 0.0
        },
        "rotation_quaternion": {
          "w": 0.996963620185852,
          "x": -0.004798392299562693,
          "y": 0.04624657332897186,
          "z": -0.06246452033519745
        },
        "scale": {
          "x": 1.0,
          "y": 1.0,
          "z": 1.0
        },
        "matrix_basis": [
          [
            0.9879188537597656,
            0.12410589307546616,
            0.09281176328659058,
            0.0
          ],
          [
            -0.12499352544546127,
            0.9921503067016602,
            0.0037901049945503473,
            0.0
          ],
          [
            -0.09161284565925598,
            -0.015345185063779354,
            0.9956764578819275,
            0.0
          ],
          [
            0.0,
            0.0,
            0.0,
            1.0
          ]
        ],
        "rotation_mode": "QUATERNION"
      },
      "armature_space": {
        "head": {
          "x": 0.001165740774013102,
          "y": 7.478892803192139e-05,
          "z": 0.0004687132313847542
        },
        "tail": {
          "x": 0.06308276206254959,
          "y": 0.03437962383031845,
          "z": 0.48331236839294434
        }
      },
      "world_space": {
        "head": {
          "x": 0.001165740774013102,
          "y": 0.06331878900527954,
          "z": 0.9503227472305298
        },
        "tail": {
          "x": 0.06308276206254959,
          "y": 0.09762362390756607,
          "z": 1.4331663846969604
        },
        "rotation_quaternion": {
          "w": 0.7267688512802124,
          "x": 0.6817404627799988,
          "y": 0.08339688181877136,
          "z": -0.009059829637408257
        },
        "matrix": [
          [
            0.9859258532524109,
            0.12687882781028748,
            0.10886679589748383,
            0.001165740774013102
          ],
          [
            0.10054033994674683,
            0.07029661536216736,
            -0.9924465417861938,
            0.06331878900527954
          ],
          [
            -0.1335742473602295,
            0.9894312620162964,
            0.0565502867102623,
            0.9503227472305298
          ],
          [
            0.0,
            0.0,
            0.0,
            1.0
          ]
        ]
      },
      "bone_length_armature_space": 0.4880046610662519,
      "parent": "Root",
      "has_children": true,
      "is_end_bone": false
    },
    "neck_01": {
      "name": "neck_01",
      "local": {
        "location": {
          "x": 0.0,
          "y": 0.0,
          "z": 0.0
        },
        "rotation_quaternion": {
          "w": 0.9906033277511597,
          "x": -0.07737579941749573,
          "y": 0.002723493380472064,
          "z": -0.1127425879240036
        },
        "scale": {
          "x": 1.0,
          "y": 1.0,
          "z": 1.0
        },
        "matrix_basis": [
          [
            0.9745633602142334,
            0.22294490039348602,
            0.022842898964881897,
            0.0
          ],
          [
            -0.2237878292798996,
            0.9626041650772095,
            0.1526833474636078,
            0.0
          ],
          [
            0.012051292695105076,
            -0.1539115607738495,
            0.9880111217498779,
            0.0
          ],
          [
            0.0,
            0.0,
            0.0,
            1.0
          ]
        ],
        "rotation_mode": "QUATERNION"
      },
      "armature_space": {
        "head": {
          "x": 0.07614818960428238,
          "y": 0.005108151584863663,
          "z": 0.5577182173728943
        },
        "tail": {
          "x": 0.11354799568653107,
          "y": -0.008512383326888084,
          "z": 0.652198314666748
        }
      },
      "world_space": {
        "head": {
          "x": 0.07614818960428238,
          "y": 0.06835214793682098,
          "z": 1.5075721740722656
        },
        "tail": {
          "x": 0.11354799568653107,
          "y": 0.054731614887714386,
          "z": 1.6020523309707642
        },
        "rotation_quaternion": {
          "w": 0.6351510286331177,
          "x": 0.7480618357658386,
          "y": 0.17365242540836334,
          "z": -0.08265312761068344
        },
        "matrix": [
          [
            0.9260262846946716,
            0.36480021476745605,
            0.09693372249603271,
            0.07614818960428238
          ],
          [
            0.15481308102607727,
            -0.1328556090593338,
            -0.9789701700210571,
            0.06835214793682098
          ],
          [
            -0.3442525565624237,
            0.9215649366378784,
            -0.1795058697462082,
            1.5075721740722656
          ],
          [
            0.0,
            0.0,
            0.0,
            1.0
          ]
        ]
      },
      "bone_length_armature_space": 0.10252196298517485,
      "parent": "spine_01",
      "has_children": true,
      "is_end_bone": false
    },
    "head": {
      "name": "head",
      "local": {
        "location": {
          "x": 0.0,
          "y": 0.0,
          "z": 0.0
        },
        "rotation_quaternion": {
          "w": 0.9956896901130676,
          "x": -0.0037422925233840942,
          "y": -0.03958774358034134,
          "z": 0.08379100263118744
        },
        "scale": {
          "x": 1.0,
          "y": 1.0,
          "z": 1.0
        },
        "matrix_basis": [
          [
            0.9828237295150757,
            -0.16656337678432465,
            -0.07946135848760605,
            0.0
          ],
          [
            0.16715596616268158,
            0.9859301447868347,
            0.0008181307348422706,
            0.0
          ],
          [
            0.07820707559585571,
            -0.014086517505347729,
            0.9968376159667969,
            0.0
          ],
          [
            0.0,
            0.0,
            0.0,
            1.0
          ]
        ],
        "rotation_mode": "QUATERNION"
      },
      "armature_space": {
        "head": {
          "x": 0.11354798078536987,
          "y": -0.008512525819242,
          "z": 0.6521981954574585
        },
        "tail": {
          "x": 0.13568609952926636,
          "y": 0.02481754869222641,
          "z": 0.8020391464233398
        }
      },
      "world_space": {
        "head": {
          "x": 0.11354798078536987,
          "y": 0.054731473326683044,
          "z": 1.6020522117614746
        },
        "tail": {
          "x": 0.13568609952926636,
          "y": 0.08806154876947403,
          "z": 1.751893162727356
        },
        "rotation_quaternion": {
          "w": 0.772697389125824,
          "x": 0.6264599561691284,
          "y": 0.10194262117147446,
          "z": -0.0097176069393754
        },
        "matrix": [
          [
            0.979026734828949,
            0.14274348318576813,
            0.14536532759666443,
            0.11354798078536987
          ],
          [
            0.11270745098590851,
            0.2149076759815216,
            -0.9701092839241028,
            0.054731473326683044
          ],
          [
            -0.169717937707901,
            0.9661536812782288,
            0.1943124532699585,
            1.6020522117614746
          ],
          [
            0.0,
            0.0,
            0.0,
            1.0
          ]
        ]
      },
      "bone_length_armature_space": 0.15509126318389704,
      "parent": "neck_01",
      "has_children": false,
      "is_end_bone": true
    },
    "upperarm_l": {
      "name": "upperarm_l",
      "local": {
        "location": {
          "x": 0.0,
          "y": 0.0,
          "z": 0.0
        },
        "rotation_quaternion": {
          "w": 0.8832510709762573,
          "x": 0.42295846343040466,
          "y": 0.036849245429039,
          "z": 0.1990378051996231
        },
        "scale": {
          "x": 1.0,
          "y": 1.0,
          "z": 1.0
        },
        "matrix_basis": [
          [
            0.9180521965026855,
            -0.3204292953014374,
            0.23346371948719025,
            0.0
          ],
          [
            0.3827721178531647,
            0.5629801750183105,
            -0.7324882745742798,
            0.0
          ],
          [
            0.10327517986297607,
            0.7618257999420166,
            0.6394965648651123,
            0.0
          ],
          [
            0.0,
            0.0,
            0.0,
            1.0
          ]
        ],
        "rotation_mode": "QUATERNION"
      },
      "armature_space": {
        "head": {
          "x": 0.21585702896118164,
          "y": 0.012299686670303345,
          "z": 0.47136497497558594
        },
        "tail": {
          "x": 0.40576016902923584,
          "y": -0.16468176245689392,
          "z": 0.5378634929656982
        }
      },
      "world_space": {
        "head": {
          "x": 0.21585702896118164,
          "y": 0.07554368674755096,
          "z": 1.421218991279602
        },
        "tail": {
          "x": 0.40576016902923584,
          "y": -0.1014377623796463,
          "z": 1.4877175092697144
        },
        "rotation_quaternion": {
          "w": 0.3503941297531128,
          "x": 0.708547830581665,
          "y": 0.21678878366947174,
          "z": -0.5728757381439209
        },
        "matrix": [
          [
            0.24963252246379852,
            0.7086746096611023,
            -0.6598971486091614,
            0.21585702896118164
          ],
          [
            -0.09425373375415802,
            -0.6604538559913635,
            -0.744927704334259,
            0.07554368674755096
          ],
          [
            -0.9637496471405029,
            0.24815703928470612,
            -0.09807679057121277,
            1.421218991279602
          ],
          [
            0.0,
            0.0,
            0.0,
            1.0
          ]
        ]
      },
      "bone_length_armature_space": 0.267969567364372,
      "parent": "spine_01",
      "has_children": true,
      "is_end_bone": false
    },
    "lowerarm_l": {
      "name": "lowerarm_l",
      "local": {
        "location": {
          "x": 0.0,
          "y": 0.0,
          "z": 0.0
        },
        "rotation_quaternion": {
          "w": 0.8353335857391357,
          "x": 0.42181891202926636,
          "y": 0.2788069248199463,
          "z": -0.21576271951198578
        },
        "scale": {
          "x": 1.0,
          "y": 1.0,
          "z": 1.0
        },
        "matrix_basis": [
          [
            0.7514262795448303,
            0.595679759979248,
            0.2837679982185364,
            0.0
          ],
          [
            -0.12525562942028046,
            0.5510305166244507,
            -0.8250312805175781,
            0.0
          ],
          [
            -0.6478191614151001,
            0.5844067335128784,
            0.4886710047721863,
            0.0
          ],
          [
            0.0,
            0.0,
            0.0,
            1.0
          ]
        ],
        "rotation_mode": "QUATERNION"
      },
      "armature_space": {
        "head": {
          "x": 0.40576016902923584,
          "y": -0.16468185186386108,
          "z": 0.5378636121749878
        },
        "tail": {
          "x": 0.4051920473575592,
          "y": -0.4100707769393921,
          "z": 0.43131059408187866
        }
      },
      "world_space": {
        "head": {
          "x": 0.40576016902923584,
          "y": -0.10143785178661346,
          "z": 1.487717628479004
        },
        "tail": {
          "x": 0.4051920473575592,
          "y": -0.34682679176330566,
          "z": 1.38116455078125
        },
        "rotation_quaternion": {
          "w": 0.18045899271965027,
          "x": -0.8662449717521667,
          "y": -0.09384018182754517,
          "z": 0.45634225010871887
        },
        "matrix": [
          [
            0.5658919811248779,
            -0.002123624086380005,
            -0.824476957321167,
            0.40576016902923584
          ],
          [
            0.32727932929992676,
            -0.9172577857971191,
            0.22699540853500366,
            -0.10143785178661346
          ],
          [
            -0.7567446827888489,
            -0.39829257130622864,
            -0.5183771252632141,
            1.487717628479004
          ],
          [
            0.0,
            0.0,
            0.0,
            1.0
          ]
        ]
      },
      "bone_length_armature_space": 0.2675249359479395,
      "parent": "upperarm_l",
      "has_children": true,
      "is_end_bone": false
    },
    "metacarpal_thumb_l": {
      "name": "metacarpal_thumb_l",
      "local": {
        "location": {
          "x": 0.0,
          "y": 0.0,
          "z": 0.0
        },
        "rotation_quaternion": {
          "w": 0.9996916055679321,
          "x": -0.01599767990410328,
          "y": 0.017945462837815285,
          "z": -0.006224439479410648
        },
        "scale": {
          "x": 1.0,
          "y": 1.0,
          "z": 1.0
        },
        "matrix_basis": [
          [
            0.9992784261703491,
            0.011870868504047394,
            0.03607901185750961,
            0.0
          ],
          [
            -0.01301921159029007,
            0.9994106888771057,
            0.03176209330558777,
            0.0
          ],
          [
            -0.035680703818798065,
            -0.032208893448114395,
            0.9988440871238708,
            0.0
          ],
          [
            0.0,
            0.0,
            0.0,
            1.0
          ]
        ],
        "rotation_mode": "QUATERNION"
      },
      "armature_space": {
        "head": {
          "x": 0.4051920473575592,
          "y": -0.4100707769393921,
          "z": 0.43131059408187866
        },
        "tail": {
          "x": 0.385680615901947,
          "y": -0.43746981024742126,
          "z": 0.39494848251342773
        }
      },
      "world_space": {
        "head": {
          "x": 0.4051920473575592,
          "y": -0.34682679176330566,
          "z": 1.38116455078125
        },
        "tail": {
          "x": 0.385680615901947,
          "y": -0.37422579526901245,
          "z": 1.3448024988174438
        },
        "rotation_quaternion": {
          "w": 0.34454330801963806,
          "x": -0.8512542843818665,
          "y": 0.32360509037971497,
          "z": -0.22789441049098969
        },
        "matrix": [
          [
            0.686687171459198,
            -0.3939022719860077,
            0.610984742641449,
            0.4051920473575592
          ],
          [
            -0.707980215549469,
            -0.5531394481658936,
            0.4390912652015686,
            -0.34682679176330566
          ],
          [
            0.16500133275985718,
            -0.734088659286499,
            -0.6587128639221191,
            1.38116455078125
          ],
          [
            0.0,
            0.0,
            0.0,
            1.0
          ]
        ]
      },
      "bone_length_armature_space": 0.049533889382701084,
      "parent": "lowerarm_l",
      "has_children": true,
      "is_end_bone": false
    },
    "thumb_01_l": {
      "name": "thumb_01_l",
      "local": {
        "location": {
          "x": 0.0,
          "y": 0.0,
          "z": 0.0
        },
        "rotation_quaternion": {
          "w": 0.9995769262313843,
          "x": -0.022990697994828224,
          "y": 0.016127999871969223,
          "z": 0.007573804818093777
        },
        "scale": {
          "x": 1.0,
          "y": 1.0,
          "z": 1.0
        },
        "matrix_basis": [
          [
            0.9993650317192078,
            -0.015882788226008415,
            0.031894098967313766,
            0.0
          ],
          [
            0.014399613253772259,
            0.998828113079071,
            0.046206243336200714,
            0.0
          ],
          [
            -0.032590609043836594,
            -0.045717641711235046,
            0.9984226226806641,
            0.0
          ],
          [
            0.0,
            0.0,
            0.0,
            1.0
          ]
        ],
        "rotation_mode": "QUATERNION"
      },
      "armature_space": {
        "head": {
          "x": 0.385680615901947,
          "y": -0.43746981024742126,
          "z": 0.39494848251342773
        },
        "tail": {
          "x": 0.38870060443878174,
          "y": -0.4344181716442108,
          "z": 0.3611815273761749
        }
      },
      "world_space": {
        "head": {
          "x": 0.385680615901947,
          "y": -0.37422579526901245,
          "z": 1.3448024988174438
        },
        "tail": {
          "x": 0.38870060443878174,
          "y": -0.371174156665802,
          "z": 1.3110355138778687
        },
        "rotation_quaternion": {
          "w": 0.30025288462638855,
          "x": -0.21844519674777985,
          "y": 0.6742957234382629,
          "z": -0.6383222937583923
        },
        "matrix": [
          [
            -0.7242607474327087,
            0.08872252702713013,
            0.6837948560714722,
            0.385680615901947
          ],
          [
            -0.6779088973999023,
            0.0896526575088501,
            -0.7296590209007263,
            -0.37422579526901245
          ],
          [
            -0.1260424554347992,
            -0.9920205473899841,
            -0.004786662757396698,
            1.3448024988174438
          ],
          [
            0.0,
            0.0,
            0.0,
            1.0
          ]
        ]
      },
      "bone_length_armature_space": 0.03403880306689305,
      "parent": "metacarpal_thumb_l",
      "has_children": true,
      "is_end_bone": false
    },
    "thumb_02_l": {
      "name": "thumb_02_l",
      "local": {
        "location": {
          "x": 0.0,
          "y": 0.0,
          "z": 0.0
        },
        "rotation_quaternion": {
          "w": 0.994300127029419,
          "x": 0.10640179365873337,
          "y": -0.004235399886965752,
          "z": 0.005283334758132696
        },
        "scale": {
          "x": 1.0,
          "y": 1.0,
          "z": 1.0
        },
        "matrix_basis": [
          [
            0.9999082684516907,
            -0.01140774879604578,
            -0.007298204582184553,
            0.0
          ],
          [
            0.009605132974684238,
            0.9773014783859253,
            -0.21163538098335266,
            0.0
          ],
          [
            0.00954683031886816,
            0.2115458846092224,
            0.977321445941925,
            0.0
          ],
          [
            0.0,
            0.0,
            0.0,
            1.0
          ]
        ],
        "rotation_mode": "QUATERNION"
      },
      "armature_space": {
        "head": {
          "x": 0.38870060443878174,
          "y": -0.43441811203956604,
          "z": 0.3611815273761749
        },
        "tail": {
          "x": 0.3892010450363159,
          "y": -0.4715496301651001,
          "z": 0.3458784222602844
        }
      },
      "world_space": {
        "head": {
          "x": 0.38870060443878174,
          "y": -0.3711740970611572,
          "z": 1.3110355138778687
        },
        "tail": {
          "x": 0.3892010450363159,
          "y": -0.40830564498901367,
          "z": 1.2957324981689453
        },
        "rotation_quaternion": {
          "w": 0.00803194660693407,
          "x": -0.008492140099406242,
          "y": 0.19414359331130981,
          "z": -0.9809035062789917
        },
        "matrix": [
          [
            -0.9997271299362183,
            0.012459782883524895,
            0.01977865770459175,
            0.38870060443878174
          ],
          [
            -0.01905449852347374,
            -0.924487829208374,
            -0.3807355761528015,
            -0.3711740970611572
          ],
          [
            0.013541340827941895,
            -0.3810116648674011,
            0.9244787693023682,
            1.3110355138778687
          ],
          [
            0.0,
            0.0,
            0.0,
            1.0
          ]
        ]
      },
      "bone_length_armature_space": 0.04016447527293003,
      "parent": "thumb_01_l",
      "has_children": true,
      "is_end_bone": false
    },
    "thumb_03_l": {
      "name": "thumb_03_l",
      "local": {
        "location": {
          "x": 0.0,
          "y": 0.0,
          "z": 0.0
        },
        "rotation_quaternion": {
          "w": 0.9972149133682251,
          "x": 0.07420933991670609,
          "y": -0.003973957616835833,
          "z": 0.006298867054283619
        },
        "scale": {
          "x": 1.0,
          "y": 1.0,
          "z": 1.0
        },
        "matrix_basis": [
          [
            0.999889075756073,
            -0.013152457773685455,
            -0.006990910042077303,
            0.0
          ],
          [
            0.011972839012742043,
            0.9889066219329834,
            -0.14805538952350616,
            0.0
          ],
          [
            0.008860649541020393,
            0.1479552537202835,
            0.9889543652534485,
            0.0
          ],
          [
            0.0,
            0.0,
            0.0,
            1.0
          ]
        ],
        "rotation_mode": "QUATERNION"
      },
      "armature_space": {
        "head": {
          "x": 0.38920098543167114,
          "y": -0.47154954075813293,
          "z": 0.34587839245796204
        },
        "tail": {
          "x": 0.3932633101940155,
          "y": -0.5017102956771851,
          "z": 0.3467266857624054
        }
      },
      "world_space": {
        "head": {
          "x": 0.38920098543167114,
          "y": -0.4083055257797241,
          "z": 1.2957323789596558
        },
        "tail": {
          "x": 0.3932633101940155,
          "y": -0.43846631050109863,
          "z": 1.2965806722640991
        },
        "rotation_quaternion": {
          "w": 0.06831292062997818,
          "x": 0.19739395380020142,
          "y": -0.00045713881263509393,
          "z": -0.97794109582901
        },
        "matrix": [
          [
            -0.9127382636070251,
            0.13343167304992676,
            -0.38614195585250854,
            0.38920098543167114
          ],
          [
            -0.13379263877868652,
            -0.9906665086746216,
            -0.026074841618537903,
            -0.4083055257797241
          ],
          [
            -0.38601967692375183,
            0.027862906455993652,
            0.922077476978302,
            1.2957323789596558
          ],
          [
            0.0,
            0.0,
            0.0,
            1.0
          ]
        ]
      },
      "bone_length_armature_space": 0.030444920984836338,
      "parent": "thumb_02_l",
      "has_children": false,
      "is_end_bone": true
    },
    "metacarpal_index_l": {
      "name": "metacarpal_index_l",
      "local": {
        "location": {
          "x": 0.0,
          "y": 0.0,
          "z": 0.0
        },
        "rotation_quaternion": {
          "w": 0.9998177289962769,
          "x": -0.0014316834276542068,
          "y": 0.018528828397393227,
          "z": 0.004391178954392672
        },
        "scale": {
          "x": 1.0,
          "y": 1.0,
          "z": 1.0
        },
        "matrix_basis": [
          [
            0.9992747902870178,
            -0.008833811618387699,
            0.03703832998871803,
            0.0
          ],
          [
            0.00872770231217146,
            0.9999573230743408,
            0.0030255718156695366,
            0.0
          ],
          [
            -0.03706347569823265,
            -0.00270011811517179,
            0.999309241771698,
            0.0
          ],
          [
            0.0,
            0.0,
            0.0,
            1.0
          ]
        ],
        "rotation_mode": "QUATERNION"
      },
      "armature_space": {
        "head": {
          "x": 0.4051920473575592,
          "y": -0.4100707769393921,
          "z": 0.43131059408187866
        },
        "tail": {
          "x": 0.37781471014022827,
          "y": -0.5022127032279968,
          "z": 0.3643057942390442
        }
      },
      "world_space": {
        "head": {
          "x": 0.4051920473575592,
          "y": -0.34682679176330566,
          "z": 1.38116455078125
        },
        "tail": {
          "x": 0.37781471014022827,
          "y": -0.4389687180519104,
          "z": 1.314159870147705
        },
        "rotation_quaternion": {
          "w": 0.30435770750045776,
          "x": -0.9449816346168518,
          "y": 0.11905793845653534,
          "z": 0.014187293127179146
        },
        "matrix": [
          [
            0.9712479710578918,
            -0.23365142941474915,
            0.045659538358449936,
            0.4051920473575592
          ],
          [
            -0.2163795381784439,
            -0.7863835692405701,
            0.5786029100418091,
            -0.34682679176330566
          ],
          [
            -0.099286288022995,
            -0.5718511343002319,
            -0.814335823059082,
            1.38116455078125
          ],
          [
            0.0,
            0.0,
            0.0,
            1.0
          ]
        ]
      },
      "bone_length_armature_space": 0.11717208100248468,
      "parent": "lowerarm_l",
      "has_children": true,
      "is_end_bone": false
    },
    "index_01_l": {
      "name": "index_01_l",
      "local": {
        "location": {
          "x": 0.0,
          "y": 0.0,
          "z": 0.0
        },
        "rotation_quaternion": {
          "w": 0.9944058060646057,
          "x": -0.10435014963150024,
          "y": 0.002234020736068487,
          "z": -0.016224374994635582
        },
        "scale": {
          "x": 1.0,
          "y": 1.0,
          "z": 1.0
        },
        "matrix_basis": [
          [
            0.9994635581970215,
            0.03180098533630371,
            0.00782907847315073,
            0.0
          ],
          [
            -0.03273346647620201,
            0.977695643901825,
            0.20746029913425446,
            0.0
          ],
          [
            -0.0010570144513621926,
            -0.2076052874326706,
            0.9782121181488037,
            0.0
          ],
          [
            0.0,
            0.0,
            0.0,
            1.0
          ]
        ],
        "rotation_mode": "QUATERNION"
      },
      "armature_space": {
        "head": {
          "x": 0.37781471014022827,
          "y": -0.5022127032279968,
          "z": 0.3643057942390442
        },
        "tail": {
          "x": 0.3813808262348175,
          "y": -0.5295119285583496,
          "z": 0.3568825125694275
        }
      },
      "world_space": {
        "head": {
          "x": 0.37781471014022827,
          "y": -0.4389687180519104,
          "z": 1.314159870147705
        },
        "tail": {
          "x": 0.3813808262348175,
          "y": -0.4662679433822632,
          "z": 1.3067364692687988
        },
        "rotation_quaternion": {
          "w": 0.13508808612823486,
          "x": -0.9875525832176208,
          "y": -0.05530605465173721,
          "z": -0.05858834460377693
        },
        "matrix": [
          [
            0.9870175719261169,
            0.12506434321403503,
            0.1007755920290947,
            0.37781471014022827
          ],
          [
            0.0934062972664833,
            -0.9573853015899658,
            0.2732933759689331,
            -0.4389687180519104
          ],
          [
            0.13066130876541138,
            -0.2603348195552826,
            -0.9566439986228943,
            1.314159870147705
          ],
          [
            0.0,
            0.0,
            0.0,
            1.0
          ]
        ]
      },
      "bone_length_armature_space": 0.028514382284969938,
      "parent": "metacarpal_index_l",
      "has_children": true,
      "is_end_bone": false
    },
    "index_02_l": {
      "name": "index_02_l",
      "local": {
        "location": {
          "x": 0.0,
          "y": 0.0,
          "z": 0.0
        },
        "rotation_quaternion": {
          "w": 0.9992730021476746,
          "x": 0.037787679582834244,
          "y": -0.003482096130028367,
          "z": 0.0036912858486175537
        },
        "scale": {
          "x": 1.0,
          "y": 1.0,
          "z": 1.0
        },
        "matrix_basis": [
          [
            0.9999485015869141,
            -0.007640365045517683,
            -0.006680158898234367,
            0.0
          ],
          [
            0.007114043924957514,
            0.9971169233322144,
            -0.07554612308740616,
            0.0
          ],
          [
            0.007238099351525307,
            0.07549470663070679,
            0.9971199035644531,
            0.0
          ],
          [
            0.0,
            0.0,
            0.0,
            1.0
          ]
        ],
        "rotation_mode": "QUATERNION"
      },
      "armature_space": {
        "head": {
          "x": 0.38138067722320557,
          "y": -0.5295122861862183,
          "z": 0.35688209533691406
        },
        "tail": {
          "x": 0.3851582705974579,
          "y": -0.5537211894989014,
          "z": 0.34928271174430847
        }
      },
      "world_space": {
        "head": {
          "x": 0.38138067722320557,
          "y": -0.46626830101013184,
          "z": 1.3067361116409302
        },
        "tail": {
          "x": 0.3851582705974579,
          "y": -0.49047720432281494,
          "z": 1.299136757850647
        },
        "rotation_quaternion": {
          "w": 0.15191593766212463,
          "x": -0.9855653643608093,
          "y": -0.07122822105884552,
          "z": -0.02256254479289055
        },
        "matrix": [
          [
            0.9888352155685425,
            0.1472553014755249,
            0.022832131013274193,
            0.38138067722320557
          ],
          [
            0.1335451453924179,
            -0.9436964988708496,
            0.3026599884033203,
            -0.46626830101013184
          ],
          [
            0.06611547619104385,
            -0.29623448848724365,
            -0.9528316259384155,
            1.3067361116409302
          ],
          [
            0.0,
            0.0,
            0.0,
            1.0
          ]
        ]
      },
      "bone_length_armature_space": 0.025653300722847078,
      "parent": "index_01_l",
      "has_children": true,
      "is_end_bone": false
    },
    "index_03_l": {
      "name": "index_03_l",
      "local": {
        "location": {
          "x": 0.0,
          "y": 0.0,
          "z": 0.0
        },
        "rotation_quaternion": {
          "w": 0.998927891254425,
          "x": 0.0454980805516243,
          "y": -0.00630003958940506,
          "z": -0.0057870508171617985
        },
        "scale": {
          "x": 1.0,
          "y": 1.0,
          "z": 1.0
        },
        "matrix_basis": [
          [
            0.9998536109924316,
            0.010988413356244564,
            -0.013113169930875301,
            0.0
          ],
          [
            -0.012134972028434277,
            0.9957928657531738,
            -0.09082568436861038,
            0.0
          ],
          [
            0.012059970758855343,
            0.09097152203321457,
            0.9957804679870605,
            0.0
          ],
          [
            0.0,
            0.0,
            0.0,
            1.0
          ]
        ],
        "rotation_mode": "QUATERNION"
      },
      "armature_space": {
        "head": {
          "x": 0.3851582407951355,
          "y": -0.5537212491035461,
          "z": 0.3492828607559204
        },
        "tail": {
          "x": 0.3925880193710327,
          "y": -0.5787101984024048,
          "z": 0.3360886871814728
        }
      },
      "world_space": {
        "head": {
          "x": 0.3851582407951355,
          "y": -0.4904772639274597,
          "z": 1.2991368770599365
        },
        "tail": {
          "x": 0.3925880193710327,
          "y": -0.5154662132263184,
          "z": 1.2859426736831665
        },
        "rotation_quaternion": {
          "w": 0.24108514189720154,
          "x": -0.9617788791656494,
          "y": -0.11941108107566833,
          "z": -0.05099356919527054
        },
        "matrix": [
          [
            0.9662815928459167,
            0.2542817294597626,
            0.0405120924115181,
            0.3851582407951355
          ],
          [
            0.20510703325271606,
            -0.855238139629364,
            0.475919246673584,
            -0.4904772639274597
          ],
          [
            0.155666321516037,
            -0.4515663981437683,
            -0.8785613179206848,
            1.2991368770599365
          ],
          [
            0.0,
            0.0,
            0.0,
            1.0
          ]
        ]
      },
      "bone_length_armature_space": 0.02921875127486603,
      "parent": "index_02_l",
      "has_children": false,
      "is_end_bone": true
    },
    "metacarpal_pinky_l": {
      "name": "metacarpal_pinky_l",
      "local": {
        "location": {
          "x": 0.0,
          "y": 0.0,
          "z": 0.0
        },
        "rotation_quaternion": {
          "w": 0.9999510049819946,
          "x": -0.00022298892145045102,
          "y": 0.006098944693803787,
          "z": -0.007805208675563335
        },
        "scale": {
          "x": 1.0,
          "y": 1.0,
          "z": 1.0
        },
        "matrix_basis": [
          [
            0.9998037815093994,
            0.01560693234205246,
            0.012200772762298584,
            0.0
          ],
          [
            -0.015612372197210789,
            0.9998780488967896,
            0.00035074891638942063,
            0.0
          ],
          [
            -0.012193811126053333,
            -0.0005411630845628679,
            0.9999254941940308,
            0.0
          ],
          [
            0.0,
            0.0,
            0.0,
            1.0
          ]
        ],
        "rotation_mode": "QUATERNION"
      },
      "armature_space": {
        "head": {
          "x": 0.4051920473575592,
          "y": -0.4100707769393921,
          "z": 0.43131059408187866
        },
        "tail": {
          "x": 0.430422842502594,
          "y": -0.507991373538971,
          "z": 0.40644705295562744
        }
      },
      "world_space": {
        "head": {
          "x": 0.4051920473575592,
          "y": -0.34682679176330566,
          "z": 1.38116455078125
        },
        "tail": {
          "x": 0.430422842502594,
          "y": -0.4447473883628845,
          "z": 1.3563010692596436
        },
        "rotation_quaternion": {
          "w": 0.05523727834224701,
          "x": 0.44356441497802734,
          "y": 0.16360978782176971,
          "z": -0.8794493675231934
        },
        "matrix": [
          [
            -0.600399374961853,
            0.24229924380779266,
            -0.7621104121208191,
            0.4051920473575592
          ],
          [
            0.04798565059900284,
            -0.9403619170188904,
            -0.336775004863739,
            -0.34682679176330566
          ],
          [
            -0.798265278339386,
            -0.2387721985578537,
            0.5529690980911255,
            1.38116455078125
          ],
          [
            0.0,
            0.0,
            0.0,
            1.0
          ]
        ]
      },
      "bone_length_armature_space": 0.1041308426474635,
      "parent": "lowerarm_l",
      "has_children": true,
      "is_end_bone": false
    },
    "pinky_01_l": {
      "name": "pinky_01_l",
      "local": {
        "location": {
          "x": 0.0,
          "y": 0.0,
          "z": 0.0
        },
        "rotation_quaternion": {
          "w": 0.9594155550003052,
          "x": 0.28073596954345703,
          "y": -0.025001926347613335,
          "z": 0.009177344851195812
        },
        "scale": {
          "x": 1.0,
          "y": 1.0,
          "z": 1.0
        },
        "matrix_basis": [
          [
            0.9985813498497009,
            -0.03164765611290932,
            -0.04282165318727493,
            0.0
          ],
          [
            0.003571894718334079,
            0.8422061800956726,
            -0.5391438007354736,
            0.0
          ],
          [
            0.05312729626893997,
            0.5382260084152222,
            0.841124415397644,
            0.0
          ],
          [
            0.0,
            0.0,
            0.0,
            1.0
          ]
        ],
        "rotation_mode": "QUATERNION"
      },
      "armature_space": {
        "head": {
          "x": 0.430422842502594,
          "y": -0.507991373538971,
          "z": 0.40644705295562744
        },
        "tail": {
