{
  "metadata": {
    "armature_name": "KIM_caucasian_male",
    "export_time": "2026-01-13T21:16:42.242353",
    "blender_version": "4.4.1",
    "bone_count": 56,
    "end_bone_count": 13,
    "spaces_included": [
      "LOCAL_CHANNELS",
      "ARMATURE_SPACE",
      "WORLD_SPACE"
    ],
    "note": "LOCAL matches Transform panel; replay pose via local.matrix_basis for best fidelity."
  },
  "bones": {
    "Root": {
      "name": "Root",
      "local": {
        "location": {
          "x": 0.0,
          "y": 0.0,
          "z": 0.0
        },
        "rotation_quaternion": {
          "w": 0.9999061226844788,
          "x": 0.008170382119715214,
          "y": 0.005043700337409973,
          "z": -0.009782346896827221
        },
        "scale": {
          "x": 1.0,
          "y": 1.0,
          "z": 1.0
        },
        "matrix_basis": [
          [
            0.999757707118988,
            0.01964527554810047,
            0.009926602244377136,
            0.0
          ],
          [
            -0.01948043890297413,
            0.9996750950813293,
            -0.01643790863454342,
            0.0
          ],
          [
            -0.010246304795145988,
            0.016240552067756653,
            0.9998155832290649,
            0.0
          ],
          [
            0.0,
            0.0,
            0.0,
            1.0
          ]
        ],
        "rotation_mode": "QUATERNION"
      },
      "armature_space": {
        "head": {
          "x": 0.0,
          "y": 0.07072800397872925,
          "z": -0.009595036506652832
        },
        "tail": {
          "x": 0.0014021985698491335,
          "y": -0.00013284385204315186,
          "z": -0.0011517880484461784
        }
      },
      "world_space": {
        "head": {
          "x": 0.0,
          "y": 0.13397200405597687,
          "z": 0.9402589797973633
        },
        "tail": {
          "x": 0.0014021985698491335,
          "y": 0.06311115622520447,
          "z": 0.9487022161483765
        },
        "rotation_quaternion": {
          "w": 0.05920950695872307,
          "x": 0.9981849193572998,
          "y": 0.010099908336997032,
          "z": 0.004373227711766958
        },
        "matrix": [
          [
            0.999757707118988,
            0.01964527554810047,
            0.009926602244377136,
            0.0
          ],
          [
            0.020681025460362434,
            -0.9927843809127808,
            -0.11811619251966476,
            0.13397200405597687
          ],
          [
            0.007534623146057129,
            0.11829276382923126,
            -0.9929571747779846,
            0.9402589797973633
          ],
          [
            0.0,
            0.0,
            0.0,
            1.0
          ]
        ]
      },
      "bone_length_armature_space": 0.07137586607663349,
      "parent": null,
      "has_children": true,
      "is_end_bone": false
    },
    "spine_01": {
      "name": "spine_01",
      "local": {
        "location": {
          "x": 0.0,
          "y": 0.0,
          "z": 0.0
        },
        "rotation_quaternion": {
          "w": 0.9997788667678833,
          "x": 0.020780256018042564,
          "y": -0.001855185953900218,
          "z": 0.0026525177527219057
        },
        "scale": {
          "x": 1.0,
          "y": 1.0,
          "z": 1.0
        },
        "matrix_basis": [
          [
            0.9999790191650391,
            -0.0053809648379683495,
            -0.0035993114579468966,
            0.0
          ],
          [
            0.00522675970569253,
            0.9991222620010376,
            -0.04156116396188736,
            0.0
          ],
          [
            0.003819791367277503,
            0.04154147952795029,
            0.9991294741630554,
            0.0
          ],
          [
            0.0,
            0.0,
            0.0,
            1.0
          ]
        ],
        "rotation_mode": "QUATERNION"
      },
      "armature_space": {
        "head": {
          "x": 0.0014021985698491335,
          "y": -0.00013284385204315186,
          "z": -0.0011517880484461784
        },
        "tail": {
          "x": -0.00478723831474781,
          "y": -0.005660561379045248,
          "z": 0.4867822229862213
        }
      },
      "world_space": {
        "head": {
          "x": 0.0014021985698491335,
          "y": 0.06311115622520447,
          "z": 0.9487022161483765
        },
        "tail": {
          "x": -0.00478723831474781,
          "y": 0.057583440095186234,
          "z": 1.436636209487915
        },
        "rotation_quaternion": {
          "w": 0.7030887603759766,
          "x": 0.7110220193862915,
          "y": 0.001525522326119244,
          "z": 0.010562395676970482
        },
        "matrix": [
          [
            0.9997721314430237,
            -0.01268323976546526,
            0.017165249213576317,
            0.0014021985698491335
          ],
          [
            0.017021870240569115,
            -0.011327261105179787,
            -0.9997909069061279,
            0.06311115622520447
          ],
          [
            0.012875129468739033,
            0.9998623132705688,
            -0.011109774932265282,
            0.9487022161483765
          ],
          [
            0.0,
            0.0,
            0.0,
            1.0
          ]
        ]
      },
      "bone_length_armature_space": 0.48800458222424475,
      "parent": "Root",
      "has_children": true,
      "is_end_bone": false
    },
    "neck_01": {
      "name": "neck_01",
      "local": {
        "location": {
          "x": 0.0,
          "y": 0.0,
          "z": 0.0
        },
        "rotation_quaternion": {
          "w": 0.9882807731628418,
          "x": -0.04414535313844681,
          "y": 0.07006395608186722,
          "z": 0.12823204696178436
        },
        "scale": {
          "x": 1.0,
          "y": 1.0,
          "z": 1.0
        },
        "matrix_basis": [
          [
            0.9572951793670654,
            -0.2596445381641388,
            0.12716402113437653,
            0.0
          ],
          [
            0.2472725361585617,
            0.9632154703140259,
            0.10522489994764328,
            0.0
          ],
          [
            -0.1498074233531952,
            -0.06928712129592896,
            0.9862844347953796,
            0.0
          ],
          [
            0.0,
            0.0,
            0.0,
            1.0
          ]
        ],
        "rotation_mode": "QUATERNION"
      },
      "armature_space": {
        "head": {
          "x": -0.005120587069541216,
          "y": -0.041163112968206406,
          "z": 0.5596053600311279
        },
        "tail": {
          "x": -0.032383792102336884,
          "y": -0.07357652485370636,
          "z": 0.6529693007469177
        }
      },
      "world_space": {
        "head": {
          "x": -0.005120587069541216,
          "y": 0.022080887109041214,
          "z": 1.509459376335144
        },
        "tail": {
          "x": -0.032383792102336884,
          "y": -0.01033252477645874,
          "z": 1.602823257446289
        },
        "rotation_quaternion": {
          "w": 0.5810454487800598,
          "x": 0.7992979288101196,
          "y": -0.06561096757650375,
          "z": 0.13857918977737427
        },
        "matrix": [
          [
            0.9529821276664734,
            -0.26592713594436646,
            0.14528481662273407,
            -0.005120587069541216
          ],
          [
            0.05615483969449997,
            -0.3161626160144806,
            -0.9470416903495789,
            0.022080887109041214
          ],
          [
            0.2977798283100128,
            0.9106782078742981,
            -0.28636711835861206,
            1.509459376335144
          ],
          [
            0.0,
            0.0,
            0.0,
            1.0
          ]
        ]
      },
      "bone_length_armature_space": 0.10252188584103256,
      "parent": "spine_01",
      "has_children": true,
      "is_end_bone": false
    },
    "head": {
      "name": "head",
      "local": {
        "location": {
          "x": 0.0,
          "y": 0.0,
          "z": 0.0
        },
        "rotation_quaternion": {
          "w": 0.9638311266899109,
          "x": -0.13649825751781464,
          "y": -0.05671223998069763,
          "z": 0.22176934778690338
        },
        "scale": {
          "x": 1.0,
          "y": 1.0,
          "z": 1.0
        },
        "matrix_basis": [
          [
            0.8952041268348694,
            -0.4120141565799713,
            -0.16986429691314697,
            0.0
          ],
          [
            0.4429786503314972,
            0.8643731474876404,
            0.23796845972537994,
            0.0
          ],
          [
            0.04877978563308716,
            -0.2882766127586365,
            0.9563038945198059,
            0.0
          ],
          [
            0.0,
            0.0,
            0.0,
            1.0
          ]
        ],
        "rotation_mode": "QUATERNION"
      },
      "armature_space": {
        "head": {
          "x": -0.0323837473988533,
          "y": -0.07357665151357651,
          "z": 0.6529691815376282
        },
        "tail": {
          "x": -0.13526314496994019,
          "y": -0.026006799191236496,
          "z": 0.7588279247283936
        }
      },
      "world_space": {
        "head": {
          "x": -0.0323837473988533,
          "y": -0.010332651436328888,
          "z": 1.602823257446289
        },
        "tail": {
          "x": -0.13526314496994019,
          "y": 0.037237200886011124,
          "z": 1.7086819410324097
        },
        "rotation_quaternion": {
          "w": 0.7521204352378845,
          "x": 0.5431799292564392,
          "y": -0.2961013913154602,
          "z": 0.22714413702487946
        },
        "matrix": [
          [
            0.7214593887329102,
            -0.6633520126342773,
            -0.19864632189273834,
            -0.0323837473988533
          ],
          [
            0.020009852945804596,
            0.3067237436771393,
            -0.9515882730484009,
            -0.010332651436328888
          ],
          [
            0.6921723484992981,
            0.6825624704360962,
            0.23456305265426636,
            1.602823257446289
          ],
          [
            0.0,
            0.0,
            0.0,
            1.0
          ]
        ]
      },
      "bone_length_armature_space": 0.15509072986418146,
      "parent": "neck_01",
      "has_children": false,
      "is_end_bone": true
    },
    "upperarm_l": {
      "name": "upperarm_l",
      "local": {
        "location": {
          "x": 0.0,
          "y": 0.0,
          "z": 0.0
        },
        "rotation_quaternion": {
          "w": 0.9035022258758545,
          "x": -0.26189467310905457,
          "y": -0.025544431060552597,
          "z": 0.33829355239868164
        },
        "scale": {
          "x": 1.0,
          "y": 1.0,
          "z": 1.0
        },
        "matrix_basis": [
          [
            0.769809901714325,
            -0.5979180335998535,
            -0.22335346043109894,
            0.0
          ],
          [
            0.624677836894989,
            0.6339372992515564,
            0.45596179366111755,
            0.0
          ],
          [
            -0.13103565573692322,
            -0.490527868270874,
            0.8615173101425171,
            0.0
          ],
          [
            0.0,
            0.0,
            0.0,
            1.0
          ]
        ],
        "rotation_mode": "QUATERNION"
      },
      "armature_space": {
        "head": {
          "x": 0.14575238525867462,
          "y": -0.04103701561689377,
          "z": 0.4943026900291443
        },
        "tail": {
          "x": 0.3096821904182434,
          "y": 0.09411630779504776,
          "z": 0.6576079726219177
        }
      },
      "world_space": {
        "head": {
          "x": 0.14575238525867462,
          "y": 0.02220698446035385,
          "z": 1.4441566467285156
        },
        "tail": {
          "x": 0.3096821904182434,
          "y": 0.15736031532287598,
          "z": 1.607461929321289
        },
        "rotation_quaternion": {
          "w": 0.7584998607635498,
          "x": 0.4782818555831909,
          "y": 0.4205443263053894,
          "z": -0.1380828320980072
        },
        "matrix": [
          [
            0.6081523299217224,
            0.611748218536377,
            0.5058802962303162,
            0.14575238525867462
          ],
          [
            0.1928035169839859,
            0.5043609738349915,
            -0.8416928648948669,
            0.02220698446035385
          ],
          [
            -0.7700555920600891,
            0.6094176173210144,
            0.18878158926963806,
            1.4441566467285156
          ],
          [
            0.0,
            0.0,
            0.0,
            1.0
          ]
        ]
      },
      "bone_length_armature_space": 0.267970180785694,
      "parent": "spine_01",
      "has_children": true,
      "is_end_bone": false
    },
    "lowerarm_l": {
      "name": "lowerarm_l",
      "local": {
        "location": {
          "x": 0.0,
          "y": 0.0,
          "z": 0.0
        },
        "rotation_quaternion": {
          "w": 0.8305056095123291,
          "x": 0.4247402548789978,
          "y": -0.316232830286026,
          "z": 0.17278064787387848
        },
        "scale": {
          "x": 1.0,
          "y": 1.0,
          "z": 1.0
        },
        "matrix_basis": [
          [
            0.7402873039245605,
            -0.55562424659729,
            -0.37849247455596924,
            0.0
          ],
          [
            0.018356969580054283,
            0.5794851183891296,
            -0.8147761821746826,
            0.0
          ],
          [
            0.6720400452613831,
            0.5962204933166504,
            0.4391850233078003,
            0.0
          ],
          [
            0.0,
            0.0,
            0.0,
            1.0
          ]
        ],
        "rotation_mode": "QUATERNION"
      },
      "armature_space": {
        "head": {
          "x": 0.3096822202205658,
          "y": 0.09411628544330597,
          "z": 0.657608151435852
        },
        "tail": {
          "x": 0.3548867702484131,
          "y": -0.006122373044490814,
          "z": 0.901491105556488
        }
      },
      "world_space": {
        "head": {
          "x": 0.3096822202205658,
          "y": 0.1573602855205536,
          "z": 1.6074621677398682
        },
        "tail": {
          "x": 0.3548867702484131,
          "y": 0.057121627032756805,
          "z": 1.8513450622558594
        },
        "rotation_quaternion": {
          "w": 0.5460081696510315,
          "x": 0.7634357810020447,
          "y": -0.12054271250963211,
          "z": -0.3232806622982025
        },
        "matrix": [
          [
            0.7619192600250244,
            0.16897356510162354,
            -0.6252416968345642,
            0.3096822202205658
          ],
          [
            -0.5370800495147705,
            -0.37468966841697693,
            -0.7557465434074402,
            0.1573602855205536
          ],
          [
            -0.361975759267807,
            0.9116285443305969,
            -0.19473272562026978,
            1.6074621677398682
          ],
          [
            0.0,
            0.0,
            0.0,
            1.0
          ]
        ]
      },
      "bone_length_armature_space": 0.2675259501865276,
      "parent": "upperarm_l",
      "has_children": true,
      "is_end_bone": false
    },
    "metacarpal_thumb_l": {
      "name": "metacarpal_thumb_l",
      "local": {
        "location": {
          "x": 0.0,
          "y": 0.0,
          "z": 0.0
        },
        "rotation_quaternion": {
          "w": 0.9982469081878662,
          "x": -0.058392804116010666,
          "y": -0.007070733234286308,
          "z": -0.006578507367521524
        },
        "scale": {
          "x": 1.0,
          "y": 1.0,
          "z": 1.0
        },
        "matrix_basis": [
          [
            0.999813437461853,
            0.01395970955491066,
            -0.013348400592803955,
            0.0
          ],
          [
            -0.012308189645409584,
            0.9930940270423889,
            0.11667390167713165,
            0.0
          ],
          [
            0.0148849505931139,
            -0.11648784577846527,
            0.9930805563926697,
            0.0
          ],
          [
            0.0,
            0.0,
            0.0,
            1.0
          ]
        ],
        "rotation_mode": "QUATERNION"
      },
      "armature_space": {
        "head": {
          "x": 0.3548867702484131,
          "y": -0.006122373044490814,
          "z": 0.901491105556488
        },
        "tail": {
          "x": 0.3463280498981476,
          "y": -0.0446770153939724,
          "z": 0.9313889741897583
        }
      },
      "world_space": {
        "head": {
          "x": 0.3548867702484131,
          "y": 0.057121627032756805,
          "z": 1.8513450622558594
        },
        "tail": {
          "x": 0.3463280498981476,
          "y": 0.018566984683275223,
          "z": 1.8812429904937744
        },
        "rotation_quaternion": {
          "w": 0.3284822404384613,
          "x": 0.8523597717285156,
          "y": 0.05406944081187248,
          "z": 0.4033099114894867
        },
        "matrix": [
          [
            0.6688358187675476,
            -0.17278605699539185,
            0.7230516672134399,
            0.3548867702484131
          ],
          [
            0.35713332891464233,
            -0.7783522605895996,
            -0.5163560509681702,
            0.057121627032756805
          ],
          [
            0.6520126461982727,
            0.603586733341217,
            -0.4588858485221863,
            1.8513450622558594
          ],
          [
            0.0,
            0.0,
            0.0,
            1.0
          ]
        ]
      },
      "bone_length_armature_space": 0.049533773046889995,
      "parent": "lowerarm_l",
      "has_children": true,
      "is_end_bone": false
    },
    "thumb_01_l": {
      "name": "thumb_01_l",
      "local": {
        "location": {
          "x": 0.0,
          "y": 0.0,
          "z": 0.0
        },
        "rotation_quaternion": {
          "w": 0.9997978210449219,
          "x": 0.018274715170264244,
          "y": -0.004075286444276571,
          "z": -0.007338067516684532
        },
        "scale": {
          "x": 1.0,
          "y": 1.0,
          "z": 1.0
        },
        "matrix_basis": [
          [
            0.999859094619751,
            0.014524218626320362,
            -0.008417127653956413,
            0.0
          ],
          [
            -0.014822117052972317,
            0.9992243647575378,
            -0.036482229828834534,
            0.0
          ],
          [
            0.007880723103880882,
            0.036601848900318146,
            0.9992988705635071,
            0.0
          ],
          [
            0.0,
            0.0,
            0.0,
            1.0
          ]
        ],
        "rotation_mode": "QUATERNION"
      },
      "armature_space": {
        "head": {
          "x": 0.3463280498981476,
          "y": -0.0446770153939724,
          "z": 0.9313889741897583
        },
        "tail": {
          "x": 0.3585110306739807,
          "y": -0.07645690441131592,
          "z": 0.9318774938583374
        }
      },
      "world_space": {
        "head": {
          "x": 0.3463280498981476,
          "y": 0.018566984683275223,
          "z": 1.8812429904937744
        },
        "tail": {
          "x": 0.3585110306739807,
          "y": -0.013212904334068298,
          "z": 1.8817315101623535
        },
        "rotation_quaternion": {
          "w": 0.1624482274055481,
          "x": -0.409288614988327,
          "y": -0.0823945701122284,
          "z": -0.8940384387969971
        },
        "matrix": [
          [
            -0.6121867299079895,
            0.35791701078414917,
            0.7050694823265076,
            0.3463280498981476
          ],
          [
            -0.22302353382110596,
            -0.9336432814598083,
            0.2803051471710205,
            0.018566984683275223
          ],
          [
            0.7586141228675842,
            0.014351324178278446,
            0.6513925790786743,
            1.8812429904937744
          ],
          [
            0.0,
            0.0,
            0.0,
            1.0
          ]
        ]
      },
      "bone_length_armature_space": 0.0340385815368741,
      "parent": "metacarpal_thumb_l",
      "has_children": true,
      "is_end_bone": false
    },
    "thumb_02_l": {
      "name": "thumb_02_l",
      "local": {
        "location": {
          "x": 0.0,
          "y": 0.0,
          "z": 0.0
        },
        "rotation_quaternion": {
          "w": 0.9962198734283447,
          "x": 0.0862358883023262,
          "y": -0.0015058440621942282,
          "z": 0.010351386852562428
        },
        "scale": {
          "x": 1.0,
          "y": 1.0,
          "z": 1.0
        },
        "matrix_basis": [
          [
            0.9997811913490295,
            -0.020884230732917786,
            -0.001214981428347528,
            0.0
          ],
          [
            0.020364798605442047,
            0.9849124550819397,
            -0.17185097932815552,
            0.0
          ],
          [
            0.004785625729709864,
            0.17178863286972046,
            0.9851222038269043,
            0.0
          ],
          [
            0.0,
            0.0,
            0.0,
            1.0
          ]
        ],
        "rotation_mode": "QUATERNION"
      },
      "armature_space": {
        "head": {
          "x": 0.3585110306739807,
          "y": -0.07645689696073532,
          "z": 0.9318773746490479
        },
        "tail": {
          "x": 0.36651602387428284,
          "y": -0.08723066747188568,
          "z": 0.969732940196991
        }
      },
      "world_space": {
        "head": {
          "x": 0.3585110306739807,
          "y": -0.013212896883487701,
          "z": 1.881731390953064
        },
        "tail": {
          "x": 0.36651602387428284,
          "y": -0.02398666739463806,
          "z": 1.9195868968963623
        },
        "rotation_quaternion": {
          "w": 0.1453731209039688,
          "x": 0.027322441339492798,
          "y": -0.5871504545211792,
          "z": -0.7958484292030334
        },
        "matrix": [
          [
            -0.9562401175498962,
            0.1993054747581482,
            -0.2142016440629959,
            0.3585110306739807
          ],
          [
            -0.2634754776954651,
            -0.268241822719574,
            0.9266214370727539,
            -0.013212896883487701
          ],
          [
            0.12722338736057281,
            0.94251549243927,
            0.30901849269866943,
            1.881731390953064
          ],
          [
            0.0,
            0.0,
            0.0,
            1.0
          ]
        ]
      },
      "bone_length_armature_space": 0.040164635021477026,
      "parent": "thumb_01_l",
      "has_children": true,
      "is_end_bone": false
    },
    "thumb_03_l": {
      "name": "thumb_03_l",
      "local": {
        "location": {
          "x": 0.0,
          "y": 0.0,
          "z": 0.0
        },
        "rotation_quaternion": {
          "w": 0.9944653511047363,
          "x": 0.1050637885928154,
          "y": 0.00015816884115338326,
          "z": 0.00047715543769299984
        },
        "scale": {
          "x": 1.0,
          "y": 1.0,
          "z": 1.0
        },
        "matrix_basis": [
          [
            0.9999995231628418,
            -0.0009157934691756964,
            0.0004148503940086812,
            0.0
          ],
          [
            0.000982264755293727,
            0.9779227375984192,
            -0.20896443724632263,
            0.0
          ],
          [
            -0.00021432334324344993,
            0.2089647501707077,
            0.9779231548309326,
            0.0
          ],
          [
            0.0,
            0.0,
            0.0,
            1.0
          ]
        ],
        "rotation_mode": "QUATERNION"
      },
      "armature_space": {
        "head": {
          "x": 0.36651596426963806,
          "y": -0.08723073452711105,
          "z": 0.969732940196991
        },
        "tail": {
          "x": 0.37120795249938965,
          "y": -0.08106251060962677,
          "z": 0.9991751313209534
        }
      },
      "world_space": {
        "head": {
          "x": 0.36651596426963806,
          "y": -0.023986734449863434,
          "z": 1.9195868968963623
        },
        "tail": {
          "x": 0.37120795249938965,
          "y": -0.01781851053237915,
          "z": 1.9490292072296143
        },
        "rotation_quaternion": {
          "w": 0.3161338269710541,
          "x": 0.16347545385360718,
          "y": -0.7080681324005127,
          "z": -0.6098973155021667
        },
        "matrix": [
          [
            -0.7466710805892944,
            0.15411444008350372,
            -0.6470944881439209,
            0.36651596426963806
          ],
          [
            -0.6171209812164307,
            0.20260295271873474,
            0.7603381276130676,
            -0.023986734449863434
          ],
          [
            0.24828341603279114,
            0.9670644998550415,
            -0.05617028474807739,
            1.9195868968963623
          ],
          [
            0.0,
            0.0,
            0.0,
            1.0
          ]
        ]
      },
      "bone_length_armature_space": 0.030445104224268237,
      "parent": "thumb_02_l",
      "has_children": false,
      "is_end_bone": true
    },
    "metacarpal_index_l": {
      "name": "metacarpal_index_l",
      "local": {
        "location": {
          "x": 0.0,
          "y": 0.0,
          "z": 0.0
        },
        "rotation_quaternion": {
          "w": 0.999821662902832,
          "x": -0.016636613756418228,
          "y": -0.008828344754874706,
          "z": 0.0014238531002774835
        },
        "scale": {
          "x": 1.0,
          "y": 1.0,
          "z": 1.0
        },
        "matrix_basis": [
          [
            0.9998400807380676,
            -0.0025534508749842644,
            -0.017700916156172752,
            0.0
          ],
          [
            0.0031409459188580513,
            0.9994423985481262,
            0.033242154866456985,
            0.0
          ],
          [
            0.017606165260076523,
            -0.033292435109615326,
            0.9992905855178833,
            0.0
          ],
          [
            0.0,
            0.0,
            0.0,
            1.0
          ]
        ],
        "rotation_mode": "QUATERNION"
      },
      "armature_space": {
        "head": {
          "x": 0.3548867702484131,
          "y": -0.006122373044490814,
          "z": 0.901491105556488
        },
        "tail": {
          "x": 0.3546399176120758,
          "y": -0.07510606944561005,
          "z": 0.9962039589881897
        }
      },
      "world_space": {
        "head": {
          "x": 0.3548867702484131,
          "y": 0.057121627032756805,
          "z": 1.8513450622558594
        },
        "tail": {
          "x": 0.3546399176120758,
          "y": -0.011862069368362427,
          "z": 1.9460580348968506
        },
        "rotation_quaternion": {
          "w": 0.4506998062133789,
          "x": 0.8855817317962646,
          "y": 0.04999588429927826,
          "z": 0.10057447105646133
        },
        "matrix": [
          [
            0.9747705459594727,
            -0.0021068360656499863,
            0.2232000082731247,
            0.3548867702484131
          ],
          [
            0.1792086362838745,
            -0.5887400507926941,
            -0.7882065773010254,
            0.057121627032756805
          ],
          [
            0.13306824862957,
            0.808324933052063,
            -0.5735133290290833,
            1.8513450622558594
          ],
          [
            0.0,
            0.0,
            0.0,
            1.0
          ]
        ]
      },
      "bone_length_armature_space": 0.11717224788661847,
      "parent": "lowerarm_l",
      "has_children": true,
      "is_end_bone": false
    },
    "index_01_l": {
      "name": "index_01_l",
      "local": {
        "location": {
          "x": 0.0,
          "y": 0.0,
          "z": 0.0
        },
        "rotation_quaternion": {
          "w": 0.996412456035614,
          "x": -0.08296533674001694,
          "y": 0.00901662465184927,
          "z": -0.014058591797947884
        },
        "scale": {
          "x": 1.0,
          "y": 1.0,
          "z": 1.0
        },
        "matrix_basis": [
          [
            0.9994421005249023,
            0.026520177721977234,
            0.02030130662024021,
            0.0
          ],
          [
            -0.029512446373701096,
            0.9858382344245911,
            0.16508187353610992,
            0.0
          ],
          [
            -0.01563580334186554,
            -0.16558891534805298,
            0.9860709309577942,
            0.0
          ],
          [
            0.0,
            0.0,
            0.0,
            1.0
          ]
        ],
        "rotation_mode": "QUATERNION"
      },
      "armature_space": {
        "head": {
          "x": 0.3546399176120758,
          "y": -0.07510606944561005,
          "z": 0.9962039589881897
        },
        "tail": {
          "x": 0.36256369948387146,
          "y": -0.08154018223285675,
          "z": 1.0228290557861328
        }
      },
      "world_space": {
        "head": {
          "x": 0.3546399176120758,
          "y": -0.011862069368362427,
          "z": 1.9460580348968506
        },
        "tail": {
          "x": 0.36256369948387146,
          "y": -0.01829618215560913,
          "z": 1.972683072090149
        },
        "rotation_quaternion": {
          "w": 0.5824877619743347,
          "x": 0.780907154083252,
          "y": 0.21882732212543488,
          "z": 0.05483405664563179
        },
        "matrix": [
          [
            0.8982152342796326,
            0.27788764238357544,
            0.34057044982910156,
            0.3546399176120758
          ],
          [
            0.40564921498298645,
            -0.22564466297626495,
            -0.8857389092445374,
            -0.011862069368362427
          ],
          [
            -0.1692889928817749,
            0.9337424039840698,
            -0.31540507078170776,
            1.9460580348968506
          ],
          [
            0.0,
            0.0,
            0.0,
            1.0
          ]
        ]
      },
      "bone_length_armature_space": 0.028514556309008093,
      "parent": "metacarpal_index_l",
      "has_children": true,
      "is_end_bone": false
    },
    "index_02_l": {
      "name": "index_02_l",
      "local": {
        "location": {
          "x": 0.0,
          "y": 0.0,
          "z": 0.0
        },
        "rotation_quaternion": {
          "w": 0.9994374513626099,
          "x": 0.02899756468832493,
          "y": -0.013275080360472202,
          "z": -0.010382198728621006
        },
        "scale": {
          "x": 1.0,
          "y": 1.0,
          "z": 1.0
        },
        "matrix_basis": [
          [
            0.9994319677352905,
            0.019982825964689255,
            -0.02713734284043312,
            0.0
          ],
          [
            -0.021522605791687965,
            0.9981027245521545,
            -0.057686854153871536,
            0.0
          ],
          [
            0.02593310736119747,
            0.05823815241456032,
            0.9979658126831055,
            0.0
          ],
          [
            0.0,
            0.0,
            0.0,
            1.0
          ]
        ],
        "rotation_mode": "QUATERNION"
      },
      "armature_space": {
        "head": {
          "x": 0.36256372928619385,
          "y": -0.08154065161943436,
          "z": 1.022829294204712
        },
        "tail": {
          "x": 0.3709872364997864,
          "y": -0.087395578622818,
          "z": 1.0463422536849976
        }
      },
      "world_space": {
        "head": {
          "x": 0.36256372928619385,
          "y": -0.018296651542186737,
          "z": 1.972683310508728
        },
        "tail": {
          "x": 0.3709872364997864,
          "y": -0.024151578545570374,
          "z": 1.9961962699890137
        },
        "rotation_quaternion": {
          "w": 0.5843120813369751,
          "x": 0.7836540937423706,
          "y": 0.2108614146709442,
          "z": 0.0018180934712290764
        },
        "matrix": [
          [
            0.9110678434371948,
            0.3283604383468628,
            0.24926891922950745,
            0.36256372928619385
          ],
          [
            0.33261099457740784,
            -0.2282332479953766,
            -0.9150299429893494,
            -0.018296651542186737
          ],
          [
            -0.2435697466135025,
            0.9165698885917664,
            -0.31715503334999084,
            1.972683310508728
          ],
          [
            0.0,
            0.0,
            0.0,
            1.0
          ]
        ]
      },
      "bone_length_armature_space": 0.025653360709795844,
      "parent": "index_01_l",
      "has_children": true,
      "is_end_bone": false
    },
    "index_03_l": {
      "name": "index_03_l",
      "local": {
        "location": {
          "x": 0.0,
          "y": 0.0,
          "z": 0.0
        },
        "rotation_quaternion": {
          "w": 0.9999102354049683,
          "x": 0.011563844047486782,
          "y": -0.0020130148623138666,
          "z": -0.0064648473635315895
        },
        "scale": {
          "x": 1.0,
          "y": 1.0,
          "z": 1.0
        },
        "matrix_basis": [
          [
            0.9999083280563354,
            0.01288197748363018,
            -0.004175185225903988,
            0.0
          ],
          [
            -0.012975090183317661,
            0.9996489882469177,
            -0.023099584504961967,
            0.0
          ],
          [
            0.0038761512842029333,
            0.023151639848947525,
            0.9997244477272034,
            0.0
          ],
          [
            0.0,
            0.0,
            0.0,
            1.0
          ]
        ],
        "rotation_mode": "QUATERNION"
      },
      "armature_space": {
        "head": {
          "x": 0.3709871768951416,
          "y": -0.08739545941352844,
          "z": 1.0463422536849976
        },
        "tail": {
          "x": 0.38406792283058167,
          "y": -0.09590788185596466,
          "z": 1.0710439682006836
        }
      },
      "world_space": {
        "head": {
          "x": 0.3709871768951416,
          "y": -0.024151459336280823,
          "z": 1.9961962699890137
        },
        "tail": {
          "x": 0.38406792283058167,
          "y": -0.03266388177871704,
          "z": 2.02089786529541
        },
        "rotation_quaternion": {
          "w": 0.5307201743125916,
          "x": 0.8034180402755737,
          "y": 0.26957061886787415,
          "z": -0.013686961494386196
        },
        "matrix": [
          [
            0.8542879819869995,
            0.447684109210968,
            0.26414239406585693,
            0.3709871768951416
          ],
          [
            0.4186297357082367,
            -0.29133477807044983,
            -0.8601589202880859,
            -0.024151459336280823
          ],
          [
            -0.30812758207321167,
            0.8454068303108215,
            -0.4363011419773102,
            1.9961962699890137
          ],
          [
            0.0,
            0.0,
            0.0,
            1.0
          ]
        ]
      },
      "bone_length_armature_space": 0.029218863394429237,
      "parent": "index_02_l",
      "has_children": false,
      "is_end_bone": true
    },
    "metacarpal_pinky_l": {
      "name": "metacarpal_pinky_l",
      "local": {
        "location": {
          "x": 0.0,
          "y": 0.0,
          "z": 0.0
        },
        "rotation_quaternion": {
          "w": 0.999253511428833,
          "x": -0.03747011348605156,
          "y": 0.002754386281594634,
          "z": -0.009003938175737858
        },
        "scale": {
          "x": 1.0,
          "y": 1.0,
          "z": 1.0
        },
        "matrix_basis": [
          [
            0.9998226761817932,
            0.01778801903128624,
            0.006179417483508587,
            0.0
          ],
          [
            -0.018200848251581192,
            0.9970298409461975,
            0.0748346820473671,
            0.0
          ],
          [
            -0.00482990313321352,
            -0.07493388652801514,
            0.9971768260002136,
            0.0
          ],
          [
            0.0,
            0.0,
            0.0,
            1.0
          ]
        ],
        "rotation_mode": "QUATERNION"
      },
      "armature_space": {
        "head": {
          "x": 0.3548867702484131,
          "y": -0.006122373044490814,
          "z": 0.901491105556488
        },
        "tail": {
          "x": 0.3979957103729248,
          "y": -0.023694586008787155,
          "z": 0.9946370720863342
        }
      },
      "world_space": {
        "head": {
          "x": 0.3548867702484131,
          "y": 0.057121627032756805,
          "z": 1.8513450622558594
        },
        "tail": {
          "x": 0.3979957103729248,
          "y": 0.039549414068460464,
          "z": 1.9444911479949951
        },
        "rotation_quaternion": {
          "w": 0.4885629415512085,
          "x": 0.3162541389465332,
          "y": -0.42063039541244507,
          "z": -0.6959595680236816
        },
        "matrix": [
          [
            -0.3225773572921753,
            0.41398856043815613,
            -0.8512095808982849,
            0.3548867702484131
          ],
          [
            -0.946092963218689,
            -0.16875141859054565,
            0.2764619290828705,
            0.057121627032756805
          ],
          [
            -0.029191551730036736,
            0.8945095539093018,
            0.44611042737960815,
            1.8513450622558594
          ],
          [
            0.0,
            0.0,
            0.0,
            1.0
          ]
        ]
      },
      "bone_length_armature_space": 0.10413133399481007,
      "parent": "lowerarm_l",
      "has_children": true,
      "is_end_bone": false
    },
    "pinky_01_l": {
      "name": "pinky_01_l",
      "local": {
        "location": {
          "x": 0.0,
          "y": 0.0,
          "z": 0.0
        },
        "rotation_quaternion": {
          "w": 0.9538049697875977,
          "x": 0.2999782860279083,
          "y": -0.016331184655427933,
          "z": -0.0015484681352972984
        },
        "scale": {
          "x": 1.0,
          "y": 1.0,
          "z": 1.0
        },
        "matrix_basis": [
          [
            0.9994617700576782,
            -0.006844128482043743,
            -0.03208254277706146,
            0.0
          ],
          [
            -0.012751874513924122,
            0.8200212717056274,
            -0.5721909999847412,
            0.0
          ],
          [
            0.030224516987800598,
            0.572292149066925,
            0.8194926381111145,
            0.0
          ],
          [
            0.0,
            0.0,
            0.0,
            1.0
          ]
        ],
        "rotation_mode": "QUATERNION"
      },
      "armature_space": {
        "head": {
          "x": 0.3979957103729248,
          "y": -0.023694586008787155,
