{
  "metadata": {
    "armature_name": "KIM_caucasian_male",
    "export_time": "2026-01-13T21:01:11.733590",
    "blender_version": "4.4.1",
    "bone_count": 56,
    "end_bone_count": 13,
    "spaces_included": [
      "LOCAL_CHANNELS",
      "ARMATURE_SPACE",
      "WORLD_SPACE"
    ],
    "note": "LOCAL matches Transform panel; replay pose via local.matrix_basis for best fidelity."
  },
  "bones": {
    "Root": {
      "name": "Root",
      "local": {
        "location": {
          "x": 0.0,
          "y": 0.0,
          "z": 0.0
        },
        "rotation_quaternion": {
          "w": 0.9999411106109619,
          "x": 0.0028792601078748703,
          "y": 0.009186631068587303,
          "z": 0.005019542295485735
        },
        "scale": {
          "x": 1.0,
          "y": 1.0,
          "z": 1.0
        },
        "matrix_basis": [
          [
            0.9997808337211609,
            -0.00998559221625328,
            0.01840108446776867,
            0.0
          ],
          [
            0.010091395117342472,
            0.9999330043792725,
            -0.005665955599397421,
            0.0
          ],
          [
            -0.018343275412917137,
            0.005850406363606453,
            0.9998146295547485,
            0.0
          ],
          [
            0.0,
            0.0,
            0.0,
            1.0
          ]
        ],
        "rotation_mode": "QUATERNION"
      },
      "armature_space": {
        "head": {
          "x": 0.0,
          "y": 0.07072800397872925,
          "z": -0.009595036506652832
        },
        "tail": {
          "x": -0.0007127303397282958,
          "y": -5.1394104957580566e-05,
          "z": -0.00041443295776844025
        }
      },
      "world_space": {
        "head": {
          "x": 0.0,
          "y": 0.13397200405597687,
          "z": 0.9402589797973633
        },
        "tail": {
          "x": -0.0007127303397282958,
          "y": 0.06319260597229004,
          "z": 0.9494395852088928
        },
        "rotation_quaternion": {
          "w": 0.06449096649885178,
          "x": 0.9978634119033813,
          "y": -0.004389254841953516,
          "z": 0.009503916837275028
        },
        "matrix": [
          [
            0.9997808337211609,
            -0.00998559221625328,
            0.01840108446776867,
            0.0
          ],
          [
            -0.0075339158065617085,
            -0.9916432499885559,
            -0.1287902593612671,
            0.13397200405597687
          ],
          [
            0.019533488899469376,
            0.1286233514547348,
            -0.9915081858634949,
            0.9402589797973633
          ],
          [
            0.0,
            0.0,
            0.0,
            1.0
          ]
        ]
      },
      "bone_length_armature_space": 0.0713758700402938,
      "parent": null,
      "has_children": true,
      "is_end_bone": false
    },
    "spine_01": {
      "name": "spine_01",
      "local": {
        "location": {
          "x": 0.0,
          "y": 0.0,
          "z": 0.0
        },
        "rotation_quaternion": {
          "w": 0.99884033203125,
          "x": 0.02169438824057579,
          "y": 0.04288668930530548,
          "z": 0.002871007425710559
        },
        "scale": {
          "x": 1.0,
          "y": 1.0,
          "z": 1.0
        },
        "matrix_basis": [
          [
            0.996304988861084,
            -0.0038745549973100424,
            0.085798479616642,
            0.0
          ],
          [
            0.0075961570255458355,
            0.9990422129631042,
            -0.04309220239520073,
            0.0
          ],
          [
            -0.08554933965206146,
            0.04358471557497978,
            0.995380163192749,
            0.0
          ],
          [
            0.0,
            0.0,
            0.0,
            1.0
          ]
        ],
        "rotation_mode": "QUATERNION"
      },
      "armature_space": {
        "head": {
          "x": -0.0007127303397282958,
          "y": -5.1394104957580566e-05,
          "z": -0.00041443295776844025
        },
        "tail": {
          "x": -0.012144871056079865,
          "y": -0.0012712397146970034,
          "z": 0.48745474219322205
        }
      },
      "world_space": {
        "head": {
          "x": -0.0007127303397282958,
          "y": 0.06319260597229004,
          "z": 0.9494395852088928
        },
        "tail": {
          "x": -0.012144871056079865,
          "y": 0.061972759664058685,
          "z": 1.4373087882995605
        },
        "rotation_quaternion": {
          "w": 0.7059559226036072,
          "x": 0.7070735096931458,
          "y": 0.019394833594560623,
          "z": 0.03601755201816559
        },
        "matrix": [
          [
            0.9966531991958618,
            -0.023426460102200508,
            0.07831771671772003,
            -0.0007127303397282958
          ],
          [
            0.07828058302402496,
            -0.0024996772408485413,
            -0.996928334236145,
            0.06319260597229004
          ],
          [
            0.023550504818558693,
            0.9997293949127197,
            -0.0006583891808986664,
            0.9494395852088928
          ],
          [
            0.0,
            0.0,
            0.0,
            1.0
          ]
        ]
      },
      "bone_length_armature_space": 0.48800463013149586,
      "parent": "Root",
      "has_children": true,
      "is_end_bone": false
    },
    "neck_01": {
      "name": "neck_01",
      "local": {
        "location": {
          "x": 0.0,
          "y": 0.0,
          "z": 0.0
        },
        "rotation_quaternion": {
          "w": 0.9961576461791992,
          "x": -0.020498458296060562,
          "y": -0.07716899365186691,
          "z": 0.035982418805360794
        },
        "scale": {
          "x": 1.0,
          "y": 1.0,
          "z": 1.0
        },
        "matrix_basis": [
          [
            0.9855003952980042,
            -0.06852462887763977,
            -0.1552201360464096,
            0.0
          ],
          [
            0.07485201209783554,
            0.9965701699256897,
            0.035285938531160355,
            0.0
          ],
          [
            0.15226979553699493,
            -0.04639284685254097,
            0.987249493598938,
            0.0
          ],
          [
            0.0,
            0.0,
            0.0,
            1.0
          ]
        ],
        "rotation_mode": "QUATERNION"
      },
      "armature_space": {
        "head": {
          "x": -0.011144028045237064,
          "y": -0.0360281765460968,
          "z": 0.5606305599212646
        },
        "tail": {
          "x": -0.017699550837278366,
          "y": -0.07111594080924988,
          "z": 0.6567379236221313
        }
      },
      "world_space": {
        "head": {
          "x": -0.011144028045237064,
          "y": 0.027215823531150818,
          "z": 1.5104845762252808
        },
        "tail": {
          "x": -0.017699550837278366,
          "y": -0.007871940732002258,
          "z": 1.6065919399261475
        },
        "rotation_quaternion": {
          "w": 0.571466326713562,
          "x": 0.8191214203834534,
          "y": -0.047977957874536514,
          "z": -0.012823699042201042
        },
        "matrix": [
          [
            0.9950673580169678,
            -0.06394300609827042,
            -0.0758441686630249,
            -0.011144028045237064
          ],
          [
            -0.09325646609067917,
            -0.34224840998649597,
            -0.9349704384803772,
            0.027215823531150818
          ],
          [
            0.03382740542292595,
            0.9374374747276306,
            -0.3465265929698944,
            1.5104845762252808
          ],
          [
            0.0,
            0.0,
            0.0,
            1.0
          ]
        ]
      },
      "bone_length_armature_space": 0.10252195590594251,
      "parent": "spine_01",
      "has_children": true,
      "is_end_bone": false
    },
    "head": {
      "name": "head",
      "local": {
        "location": {
          "x": 0.0,
          "y": 0.0,
          "z": 0.0
        },
        "rotation_quaternion": {
          "w": 0.9771997928619385,
          "x": -0.09247645735740662,
          "y": -0.18541212379932404,
          "z": -0.04638062044978142
        },
        "scale": {
          "x": 1.0,
          "y": 1.0,
          "z": 1.0
        },
        "matrix_basis": [
          [
            0.9269423484802246,
            0.12493877857923508,
            -0.35379114747047424,
            0.0
          ],
          [
            -0.05635375156998634,
            0.9785938858985901,
            0.19793501496315002,
            0.0
          ],
          [
            0.37094759941101074,
            -0.1635368913412094,
            0.9141408801078796,
            0.0
          ],
          [
            0.0,
            0.0,
            0.0,
            1.0
          ]
        ],
        "rotation_mode": "QUATERNION"
      },
      "armature_space": {
        "head": {
          "x": -0.017699558287858963,
          "y": -0.07111606001853943,
          "z": 0.6567378044128418
        },
        "tail": {
          "x": -0.0009507853537797928,
          "y": -0.0448644757270813,
          "z": 0.8086708188056946
        }
      },
      "world_space": {
        "head": {
          "x": -0.017699558287858963,
          "y": -0.007872059941291809,
          "z": 1.606591820716858
        },
        "tail": {
          "x": -0.0009507853537797928,
          "y": 0.01837952435016632,
          "z": 1.7585248947143555
        },
        "rotation_quaternion": {
          "w": 0.7512008547782898,
          "x": 0.616202712059021,
          "y": -0.14258494973182678,
          "z": -0.18884171545505524
        },
        "matrix": [
          [
            0.8880165219306946,
            0.10799374431371689,
            -0.44694986939430237,
            -0.017699558287858963
          ],
          [
            -0.45943909883499146,
            0.16926655173301697,
            -0.871931791305542,
            -0.007872059941291809
          ],
          [
            -0.018510112538933754,
            0.9796428680419922,
            0.19992853701114655,
            1.606591820716858
          ],
          [
            0.0,
            0.0,
            0.0,
            1.0
          ]
        ]
      },
      "bone_length_armature_space": 0.15509128720388332,
      "parent": "neck_01",
      "has_children": false,
      "is_end_bone": true
    },
    "upperarm_l": {
      "name": "upperarm_l",
      "local": {
        "location": {
          "x": 0.0,
          "y": 0.0,
          "z": 0.0
        },
        "rotation_quaternion": {
          "w": 0.879785418510437,
          "x": 0.03949809446930885,
          "y": 0.45525556802749634,
          "z": 0.1309959441423416
        },
        "scale": {
          "x": 1.0,
          "y": 1.0,
          "z": 1.0
        },
        "matrix_basis": [
          [
            0.5511648654937744,
            -0.19453318417072296,
            0.8114026188850403,
            0.0
          ],
          [
            0.2664600908756256,
            0.9625599384307861,
            0.04977357015013695,
            0.0
          ],
          [
            -0.790706217288971,
            0.18877296149730682,
            0.582364559173584,
            0.0
          ],
          [
            0.0,
            0.0,
            0.0,
            1.0
          ]
        ],
        "rotation_mode": "QUATERNION"
      },
      "armature_space": {
        "head": {
          "x": 0.1401781588792801,
          "y": -0.027297422289848328,
          "z": 0.49697145819664
        },
        "tail": {
          "x": 0.40233302116394043,
          "y": -0.048546433448791504,
          "z": 0.5482646226882935
        }
      },
      "world_space": {
        "head": {
          "x": 0.1401781588792801,
          "y": 0.03594657778739929,
          "z": 1.4468255043029785
        },
        "tail": {
          "x": 0.40233302116394043,
          "y": 0.014697566628456116,
          "z": 1.4981186389923096
        },
        "rotation_quaternion": {
          "w": 0.25812938809394836,
          "x": 0.7203905582427979,
          "y": 0.6274711489677429,
          "z": -0.14382866024971008
        },
        "matrix": [
          [
            0.17118576169013977,
            0.9783012866973877,
            0.11671444773674011,
            0.1401781588792801
          ],
          [
            0.8297962546348572,
            -0.07929639518260956,
            -0.5524042844772339,
            0.03594657778739929
          ],
          [
            -0.531165599822998,
            0.19141414761543274,
            -0.825371265411377,
            1.4468255043029785
          ],
          [
            0.0,
            0.0,
            0.0,
            1.0
          ]
        ]
      },
      "bone_length_armature_space": 0.26796956068493594,
      "parent": "spine_01",
      "has_children": true,
      "is_end_bone": false
    },
    "lowerarm_l": {
      "name": "lowerarm_l",
      "local": {
        "location": {
          "x": 0.0,
          "y": 0.0,
          "z": 0.0
        },
        "rotation_quaternion": {
          "w": 0.8445674180984497,
          "x": 0.4416275918483734,
          "y": 0.28192487359046936,
          "z": -0.11040514707565308
        },
        "scale": {
          "x": 1.0,
          "y": 1.0,
          "z": 1.0
        },
        "matrix_basis": [
          [
            0.8166581392288208,
            0.4355008006095886,
            0.37869319319725037,
            0.0
          ],
          [
            0.06252242624759674,
            0.5855515599250793,
            -0.8082204461097717,
            0.0
          ],
          [
            -0.5737250447273254,
            0.6837166547775269,
            0.45096686482429504,
            0.0
          ],
          [
            0.0,
            0.0,
            0.0,
            1.0
          ]
        ],
        "rotation_mode": "QUATERNION"
      },
      "armature_space": {
        "head": {
          "x": 0.4023330807685852,
          "y": -0.04854656755924225,
          "z": 0.5482646226882935
        },
        "tail": {
          "x": 0.5766592025756836,
          "y": -0.11251383274793625,
          "z": 0.3556808829307556
        }
      },
      "world_space": {
        "head": {
          "x": 0.4023330807685852,
          "y": 0.014697432518005371,
          "z": 1.4981186389923096
        },
        "tail": {
          "x": 0.5766592025756836,
          "y": -0.04926983267068863,
          "z": 1.305534839630127
        },
        "rotation_quaternion": {
          "w": 0.293079137802124,
          "x": -0.7420669198036194,
          "y": -0.5427247881889343,
          "z": 0.26247140765190125
        },
        "matrix": [
          [
            0.27311453223228455,
            0.651626706123352,
            -0.7076658606529236,
            0.4023330807685852
          ],
          [
            0.9593266248703003,
            -0.23910808563232422,
            0.1500663161277771,
            0.014697432518005371
          ],
          [
            -0.07142096757888794,
            -0.7198733687400818,
            -0.6904313564300537,
            1.4981186389923096
          ],
          [
            0.0,
            0.0,
            0.0,
            1.0
          ]
        ]
      },
      "bone_length_armature_space": 0.2675255259098221,
      "parent": "upperarm_l",
      "has_children": true,
      "is_end_bone": false
    },
    "metacarpal_thumb_l": {
      "name": "metacarpal_thumb_l",
      "local": {
        "location": {
          "x": 0.0,
          "y": 0.0,
          "z": 0.0
        },
        "rotation_quaternion": {
          "w": 0.9997514486312866,
          "x": 0.019449882209300995,
          "y": 0.01055233646184206,
          "z": 0.002729634288698435
        },
        "scale": {
          "x": 1.0,
          "y": 1.0,
          "z": 1.0
        },
        "matrix_basis": [
          [
            0.9997624158859253,
            -0.005047428421676159,
            0.021205609664320946,
            0.0
          ],
          [
            0.005868394859135151,
            0.9992284774780273,
            -0.038832489401102066,
            0.0
          ],
          [
            -0.020993245765566826,
            0.038947705179452896,
            0.9990206956863403,
            0.0
          ],
          [
            0.0,
            0.0,
            0.0,
            1.0
          ]
        ],
        "rotation_mode": "QUATERNION"
      },
      "armature_space": {
        "head": {
          "x": 0.5766592025756836,
          "y": -0.11251383274793625,
          "z": 0.3556808829307556
        },
        "tail": {
          "x": 0.5840554237365723,
          "y": -0.10687436163425446,
          "z": 0.3070279359817505
        }
      },
      "world_space": {
        "head": {
          "x": 0.5766592025756836,
          "y": -0.04926983267068863,
          "z": 1.305534839630127
        },
        "tail": {
          "x": 0.5840554237365723,
          "y": -0.043630361557006836,
          "z": 1.2568819522857666
        },
        "rotation_quaternion": {
          "w": 0.7458562850952148,
          "x": -0.6543583273887634,
          "y": 0.024989623576402664,
          "z": -0.12202133983373642
        },
        "matrix": [
          [
            0.968972384929657,
            0.14931660890579224,
            0.19696944952011108,
            0.5766592025756836
          ],
          [
            -0.21472585201263428,
            0.11385133117437363,
            0.970015823841095,
            -0.04926983267068863
          ],
          [
            0.12241474539041519,
            -0.9822196960449219,
            0.1423828899860382,
            1.305534839630127
          ],
          [
            0.0,
            0.0,
            0.0,
            1.0
          ]
        ]
      },
      "bone_length_armature_space": 0.04953399855744194,
      "parent": "lowerarm_l",
      "has_children": true,
      "is_end_bone": false
    },
    "thumb_01_l": {
      "name": "thumb_01_l",
      "local": {
        "location": {
          "x": 0.0,
          "y": 0.0,
          "z": 0.0
        },
        "rotation_quaternion": {
          "w": 0.999401330947876,
          "x": -0.033662233501672745,
          "y": -0.007648678030818701,
          "z": -0.0023424725513905287
        },
        "scale": {
          "x": 1.0,
          "y": 1.0,
          "z": 1.0
        },
        "matrix_basis": [
          [
            0.9998720288276672,
            0.005197083577513695,
            -0.015130491927266121,
            0.0
          ],
          [
            -0.004167197272181511,
            0.9977227449417114,
            0.06731999665498734,
            0.0
          ],
          [
            0.01544590387493372,
            -0.06724832952022552,
            0.997616708278656,
            0.0
          ],
          [
            0.0,
            0.0,
            0.0,
            1.0
          ]
        ],
        "rotation_mode": "QUATERNION"
      },
      "armature_space": {
        "head": {
          "x": 0.5840554237365723,
          "y": -0.10687436163425446,
          "z": 0.3070279359817505
        },
        "tail": {
          "x": 0.5861043334007263,
          "y": -0.07884524017572403,
          "z": 0.28782379627227783
        }
      },
      "world_space": {
        "head": {
          "x": 0.5840554237365723,
          "y": -0.043630361557006836,
          "z": 1.2568819522857666
        },
        "tail": {
          "x": 0.5861043334007263,
          "y": -0.01560124009847641,
          "z": 1.237677812576294
        },
        "rotation_quaternion": {
          "w": 0.6784957647323608,
          "x": -0.18775299191474915,
          "y": 0.671840488910675,
          "z": -0.23026667535305023
        },
        "matrix": [
          [
            -0.008783773519098759,
            0.060192883014678955,
            0.9981481432914734,
            0.5840554237365723
          ],
          [
            -0.5647504925727844,
            0.8234516382217407,
            -0.05462776869535446,
            -0.043630361557006836
          ],
          [
            -0.8252211213111877,
            -0.5641875863075256,
            0.026760879904031754,
            1.2568819522857666
          ],
          [
            0.0,
            0.0,
            0.0,
            1.0
          ]
        ]
      },
      "bone_length_armature_space": 0.034038635075243545,
      "parent": "metacarpal_thumb_l",
      "has_children": true,
      "is_end_bone": false
    },
    "thumb_02_l": {
      "name": "thumb_02_l",
      "local": {
        "location": {
          "x": 0.0,
          "y": 0.0,
          "z": 0.0
        },
        "rotation_quaternion": {
          "w": 0.9927031397819519,
          "x": 0.12012918293476105,
          "y": -0.010181869380176067,
          "z": 0.0024449906777590513
        },
        "scale": {
          "x": 1.0,
          "y": 1.0,
          "z": 1.0
        },
        "matrix_basis": [
          [
            0.9997807145118713,
            -0.007300578989088535,
            -0.01962771825492382,
            0.0
          ],
          [
            0.002408020431175828,
            0.9711260199546814,
            -0.23855502903461456,
            0.0
          ],
          [
            0.0208025760948658,
            0.23845544457435608,
            0.9709306359291077,
            0.0
          ],
          [
            0.0,
            0.0,
            0.0,
            1.0
          ]
        ],
        "rotation_mode": "QUATERNION"
      },
      "armature_space": {
        "head": {
          "x": 0.5861042141914368,
          "y": -0.07884523272514343,
          "z": 0.2878238260746002
        },
        "tail": {
          "x": 0.6141672134399414,
          "y": -0.08669289201498032,
          "z": 0.2601819634437561
        }
      },
      "world_space": {
        "head": {
          "x": 0.5861042141914368,
          "y": -0.015601232647895813,
          "z": 1.237677812576294
        },
        "tail": {
          "x": 0.6141672134399414,
          "y": -0.023448891937732697,
          "z": 1.210036039352417
        },
        "rotation_quaternion": {
          "w": 0.38326317071914673,
          "x": 0.1110449805855751,
          "y": 0.5053859353065491,
          "z": -0.7650905847549438
        },
        "matrix": [
          [
            -0.6815555691719055,
            0.6987036466598511,
            0.21747490763664246,
            0.5861042141914368
          ],
          [
            -0.47422367334365845,
            -0.19538843631744385,
            -0.8584492802619934,
            -0.015601232647895813
          ],
          [
            -0.5573137998580933,
            -0.6882176399230957,
            0.4645121991634369,
            1.237677812576294
          ],
          [
            0.0,
            0.0,
            0.0,
            1.0
          ]
        ]
      },
      "bone_length_armature_space": 0.04016453955355562,
      "parent": "thumb_01_l",
      "has_children": true,
      "is_end_bone": false
    },
    "thumb_03_l": {
      "name": "thumb_03_l",
      "local": {
        "location": {
          "x": 0.0,
          "y": 0.0,
          "z": 0.0
        },
        "rotation_quaternion": {
          "w": 0.9984358549118042,
          "x": 0.05539294332265854,
          "y": -0.00215233420021832,
          "z": -0.0072737582959234715
        },
        "scale": {
          "x": 1.0,
          "y": 1.0,
          "z": 1.0
        },
        "matrix_basis": [
          [
            0.9998849034309387,
            0.014286314137279987,
            -0.005103765055537224,
            0.0
          ],
          [
            -0.014763209968805313,
            0.993757426738739,
            -0.11058129370212555,
            0.0
          ],
          [
            0.003492105519399047,
            0.1106439158320427,
            0.9938539862632751,
            0.0
          ],
          [
            0.0,
            0.0,
            0.0,
            1.0
          ]
        ],
        "rotation_mode": "QUATERNION"
      },
      "armature_space": {
        "head": {
          "x": 0.6141671538352966,
          "y": -0.08669285476207733,
          "z": 0.2601819336414337
        },
        "tail": {
          "x": 0.6384310722351074,
          "y": -0.10020513087511063,
          "z": 0.2477090209722519
        }
      },
      "world_space": {
        "head": {
          "x": 0.6141671538352966,
          "y": -0.023448854684829712,
          "z": 1.2100359201431274
        },
        "tail": {
          "x": 0.6384310722351074,
          "y": -0.03696113079786301,
          "z": 1.1975630521774292
        },
        "rotation_quaternion": {
          "w": 0.32114219665527344,
          "x": 0.36281707882881165,
          "y": 0.41827520728111267,
          "z": -0.7682950496673584
        },
        "matrix": [
          [
            -0.530462920665741,
            0.7969789505004883,
            -0.2888488471508026,
            0.6141671538352966
          ],
          [
            -0.18995141983032227,
            -0.44382745027542114,
            -0.8757486343383789,
            -0.023448854684829712
          ],
          [
            -0.8261581063270569,
            -0.40968820452690125,
            0.3868230879306793,
            1.2100359201431274
          ],
          [
            0.0,
            0.0,
            0.0,
            1.0
          ]
        ]
      },
      "bone_length_armature_space": 0.030444915335020348,
      "parent": "thumb_02_l",
      "has_children": false,
      "is_end_bone": true
    },
    "metacarpal_index_l": {
      "name": "metacarpal_index_l",
      "local": {
        "location": {
          "x": 0.0,
          "y": 0.0,
          "z": 0.0
        },
        "rotation_quaternion": {
          "w": 0.9992579221725464,
          "x": -0.03849687799811363,
          "y": -0.00105580547824502,
          "z": 0.0007187575101852417
        },
        "scale": {
          "x": 1.0,
          "y": 1.0,
          "z": 1.0
        },
        "matrix_basis": [
          [
            0.9999967217445374,
            -0.0013551578158512712,
            -0.002165383892133832,
            0.0
          ],
          [
            0.0015177386812865734,
            0.9970349669456482,
            0.07693510502576828,
            0.0
          ],
          [
            0.0020547041203826666,
            -0.07693813741207123,
            0.9970337748527527,
            0.0
          ],
          [
            0.0,
            0.0,
            0.0,
            1.0
          ]
        ],
        "rotation_mode": "QUATERNION"
      },
      "armature_space": {
        "head": {
          "x": 0.5766592025756836,
          "y": -0.11251383274793625,
          "z": 0.3556808829307556
        },
        "tail": {
          "x": 0.6280562877655029,
          "y": -0.13634303212165833,
          "z": 0.2531144320964813
        }
      },
      "world_space": {
        "head": {
          "x": 0.5766592025756836,
          "y": -0.04926983267068863,
          "z": 1.305534839630127
        },
        "tail": {
          "x": 0.6280562877655029,
          "y": -0.0730990320444107,
          "z": 1.2029684782028198
        },
        "rotation_quaternion": {
          "w": 0.5714774131774902,
          "x": -0.7754156589508057,
          "y": -0.267822265625,
          "z": -0.020385878160595894
        },
        "matrix": [
          [
            0.8557104468345642,
            0.43864747881889343,
            -0.27449560165405273,
            0.5766592025756836
          ],
          [
            0.3920493423938751,
            -0.20336991548538208,
            0.8971834182739258,
            -0.04926983267068863
          ],
          [
            0.33772584795951843,
            -0.8753514289855957,
            -0.34599873423576355,
            1.305534839630127
          ],
          [
            0.0,
            0.0,
            0.0,
            1.0
          ]
        ]
      },
      "bone_length_armature_space": 0.11717238676447372,
      "parent": "lowerarm_l",
      "has_children": true,
      "is_end_bone": false
    },
    "index_01_l": {
      "name": "index_01_l",
      "local": {
        "location": {
          "x": 0.0,
          "y": 0.0,
          "z": 0.0
        },
        "rotation_quaternion": {
          "w": 0.9944112300872803,
          "x": -0.10366031527519226,
          "y": 0.012147735804319382,
          "z": 0.015913397073745728
        },
        "scale": {
          "x": 1.0,
          "y": 1.0,
          "z": 1.0
        },
        "matrix_basis": [
          [
            0.9991983771324158,
            -0.034167397767305374,
            0.020860513672232628,
            0.0
          ],
          [
            0.029130445793271065,
            0.9780026078224182,
            0.20654858648777008,
            0.0
          ],
          [
            -0.02745886519551277,
            -0.20577533543109894,
            0.9782139658927917,
            0.0
          ],
          [
            0.0,
            0.0,
            0.0,
            1.0
          ]
        ],
        "rotation_mode": "QUATERNION"
      },
      "armature_space": {
        "head": {
          "x": 0.6280562877655029,
          "y": -0.13634303212165833,
          "z": 0.2531144320964813
        },
        "tail": {
          "x": 0.6490213871002197,
          "y": -0.14680379629135132,
          "z": 0.23686298727989197
        }
      },
      "world_space": {
        "head": {
          "x": 0.6280562877655029,
          "y": -0.0730990320444107,
          "z": 1.2029684782028198
        },
        "tail": {
          "x": 0.6490213871002197,
          "y": -0.0835597962141037,
          "z": 1.1867170333862305
        },
        "rotation_quaternion": {
          "w": 0.43842828273773193,
          "x": -0.8041641712188721,
          "y": -0.3526342511177063,
          "z": -0.19170236587524414
        },
        "matrix": [
          [
            0.6777980327606201,
            0.7352474927902222,
            -0.0008911490440368652,
            0.6280562877655029
          ],
          [
            0.3990587890148163,
            -0.36685919761657715,
            0.8403370976448059,
            -0.0730990320444107
          ],
          [
            0.6175336837768555,
            -0.5699388980865479,
            -0.5420663356781006,
            1.2029684782028198
          ],
          [
            0.0,
            0.0,
            0.0,
            1.0
          ]
        ]
      },
      "bone_length_armature_space": 0.028514425089368134,
      "parent": "metacarpal_index_l",
      "has_children": true,
      "is_end_bone": false
    },
    "index_02_l": {
      "name": "index_02_l",
      "local": {
        "location": {
          "x": 0.0,
          "y": 0.0,
          "z": 0.0
        },
        "rotation_quaternion": {
          "w": 0.9991682767868042,
          "x": 0.03935861214995384,
          "y": 0.006674864795058966,
          "z": 0.008314777165651321
        },
        "scale": {
          "x": 1.0,
          "y": 1.0,
          "z": 1.0
        },
        "matrix_basis": [
          [
            0.9997726082801819,
            -0.01609029620885849,
            0.013993142172694206,
            0.0
          ],
          [
            0.017141150310635567,
            0.9967635273933411,
            -0.07854074984788895,
            0.0
          ],
          [
            -0.012684110552072525,
            0.07876275479793549,
            0.9968127012252808,
            0.0
          ],
          [
            0.0,
            0.0,
            0.0,
            1.0
          ]
        ],
        "rotation_mode": "QUATERNION"
      },
      "armature_space": {
        "head": {
          "x": 0.6490215063095093,
          "y": -0.14680375158786774,
          "z": 0.2368624359369278
        },
        "tail": {
          "x": 0.6680347323417664,
          "y": -0.1551772803068161,
          "z": 0.2218133509159088
        }
      },
      "world_space": {
        "head": {
          "x": 0.6490215063095093,
          "y": -0.08355975151062012,
          "z": 1.1867164373397827
        },
        "tail": {
          "x": 0.6680347323417664,
          "y": -0.09193328022956848,
          "z": 1.1716673374176025
        },
        "rotation_quaternion": {
          "w": 0.444977730512619,
          "x": -0.7974494695663452,
          "y": -0.3725436329841614,
          "z": -0.16516779363155365
        },
        "matrix": [
          [
            0.6678609251976013,
            0.7411617636680603,
            -0.06812330335378647,
            0.6490215063095093
          ],
          [
            0.4471801519393921,
            -0.3264116942882538,
            0.8327577114105225,
            -0.08355975151062012
          ],
          [
            0.5949767231941223,
            -0.5866342186927795,
            -0.5494334697723389,
            1.1867164373397827
          ],
          [
            0.0,
            0.0,
            0.0,
            1.0
          ]
        ]
      },
      "bone_length_armature_space": 0.02565333695611541,
      "parent": "index_01_l",
      "has_children": true,
      "is_end_bone": false
    },
    "index_03_l": {
      "name": "index_03_l",
      "local": {
        "location": {
          "x": 0.0,
          "y": 0.0,
          "z": 0.0
        },
        "rotation_quaternion": {
          "w": 0.9998853206634521,
          "x": 0.013415971770882607,
          "y": 0.006894308142364025,
          "z": -0.00138280657120049
        },
        "scale": {
          "x": 1.0,
          "y": 1.0,
          "z": 1.0
        },
        "matrix_basis": [
          [
            0.9999011158943176,
            0.0029502836987376213,
            0.013749931938946247,
            0.0
          ],
          [
            -0.0025803083553910255,
            0.999636173248291,
            -0.02684793435037136,
            0.0
          ],
          [
            -0.013824138790369034,
            0.026809798553586006,
            0.9995449781417847,
            0.0
          ],
          [
            0.0,
            0.0,
            0.0,
            1.0
          ]
        ],
        "rotation_mode": "QUATERNION"
      },
      "armature_space": {
        "head": {
          "x": 0.6680346727371216,
          "y": -0.15517739951610565,
          "z": 0.2218134105205536
        },
        "tail": {
          "x": 0.6910831928253174,
          "y": -0.1605769842863083,
          "z": 0.20468607544898987
        }
      },
      "world_space": {
        "head": {
          "x": 0.6680346727371216,
          "y": -0.09193339943885803,
          "z": 1.171667456626892
        },
        "tail": {
          "x": 0.6910831928253174,
          "y": -0.09733298420906067,
          "z": 1.1545400619506836
        },
        "rotation_quaternion": {
          "w": 0.49880656599998474,
          "x": -0.7442651987075806,
          "y": -0.39848771691322327,
          "z": -0.1961349993944168
        },
        "matrix": [
          [
            0.6054762005805969,
            0.7888282537460327,
            -0.10558557510375977,
            0.6680346727371216
          ],
          [
            0.39749738574028015,
            -0.18479889631271362,
            0.8988021016120911,
            -0.09193339943885803
          ],
          [
            0.6894938349723816,
            -0.5861775875091553,
            -0.4254505932331085,
            1.171667456626892
          ],
          [
            0.0,
            0.0,
            0.0,
            1.0
          ]
        ]
      },
      "bone_length_armature_space": 0.02921875027879913,
      "parent": "index_02_l",
      "has_children": false,
      "is_end_bone": true
    },
    "metacarpal_pinky_l": {
      "name": "metacarpal_pinky_l",
      "local": {
        "location": {
          "x": 0.0,
          "y": 0.0,
          "z": 0.0
        },
        "rotation_quaternion": {
          "w": 0.9997010231018066,
          "x": -0.022015603259205818,
          "y": 0.00869122613221407,
          "z": -0.0061403438448905945
        },
        "scale": {
          "x": 1.0,
          "y": 1.0,
          "z": 1.0
        },
        "matrix_basis": [
          [
            0.9997735023498535,
            0.011894331313669682,
            0.017647622153162956,
            0.0
          ],
          [
            -0.012659701518714428,
            0.9989551901817322,
            0.04391130805015564,
            0.0
          ],
          [
            -0.017106888815760612,
            -0.044124774634838104,
            0.9988795518875122,
            0.0
          ],
          [
            0.0,
            0.0,
            0.0,
            1.0
          ]
        ],
        "rotation_mode": "QUATERNION"
      },
      "armature_space": {
        "head": {
          "x": 0.5766592025756836,
          "y": -0.11251383274793625,
          "z": 0.3556808829307556
        },
        "tail": {
          "x": 0.6650446057319641,
          "y": -0.13585080206394196,
          "z": 0.3058145046234131
        }
      },
      "world_space": {
        "head": {
          "x": 0.5766592025756836,
          "y": -0.04926983267068863,
          "z": 1.305534839630127
        },
        "tail": {
          "x": 0.6650446057319641,
          "y": -0.07260680198669434,
          "z": 1.2556685209274292
        },
        "rotation_quaternion": {
          "w": 0.2123543620109558,
          "x": 0.5094860792160034,
          "y": 0.5855339765548706,
          "z": -0.5936999320983887
        },
        "matrix": [
          [
            -0.39065679907798767,
            0.8487926721572876,
            -0.35628390312194824,
            0.5766592025756836
          ],
          [
            0.344495952129364,
            -0.2241121083498001,
            -0.9116448760032654,
            -0.04926983267068863
          ],
          [
            -0.8536505699157715,
            -0.4788822531700134,
            -0.20485712587833405,
            1.305534839630127
          ],
          [
            0.0,
            0.0,
            0.0,
            1.0
          ]
        ]
      },
      "bone_length_armature_space": 0.10413092370037091,
      "parent": "lowerarm_l",
      "has_children": true,
      "is_end_bone": false
    },
    "pinky_01_l": {
      "name": "pinky_01_l",
      "local": {
        "location": {
          "x": 0.0,
          "y": 0.0,
          "z": 0.0
        },
        "rotation_quaternion": {
          "w": 0.959969699382782,
          "x": 0.2797020375728607,
          "y": 0.008125106804072857,
          "z": 0.012613372877240181
        },
        "scale": {
          "x": 1.0,
          "y": 1.0,
          "z": 1.0
        },
        "matrix_basis": [
          [
            0.9995497465133667,
            -0.019671693444252014,
            0.022655684500932693,
            0.0
          ],
          [
            0.028762130066752434,
            0.8432153463363647,
            -0.5368059873580933,
            0.0
          ],
          [
            -0.008543740026652813,
            0.5372159481048584,
            0.8434014916419983,
            0.0
          ],
          [
            0.0,
            0.0,
            0.0,
            1.0
          ]
        ],
        "rotation_mode": "QUATERNION"
      },
      "armature_space": {
        "head": {
          "x": 0.6650446057319641,
          "y": -0.13585080206394196,
