{
  "metadata": {
    "armature_name": "KIM_caucasian_male",
    "export_time": "2026-01-13T21:05:31.153788",
    "blender_version": "4.4.1",
    "bone_count": 56,
    "end_bone_count": 13,
    "spaces_included": [
      "LOCAL_CHANNELS",
      "ARMATURE_SPACE",
      "WORLD_SPACE"
    ],
    "note": "LOCAL matches Transform panel; replay pose via local.matrix_basis for best fidelity."
  },
  "bones": {
    "Root": {
      "name": "Root",
      "local": {
        "location": {
          "x": 0.0,
          "y": 0.0,
          "z": 0.0
        },
        "rotation_quaternion": {
          "w": 0.9997065663337708,
          "x": -0.010322139598429203,
          "y": 0.0046998742036521435,
          "z": -0.02140652947127819
        },
        "scale": {
          "x": 1.0,
          "y": 1.0,
          "z": 1.0
        },
        "matrix_basis": [
          [
            0.999039351940155,
            0.04270347207784653,
            0.009838912636041641,
            0.0
          ],
          [
            -0.04289752244949341,
            0.9988704323768616,
            0.020437005907297134,
            0.0
          ],
          [
            -0.008955067954957485,
            -0.02083943784236908,
            0.9997427463531494,
            0.0
          ],
          [
            0.0,
            0.0,
            0.0,
            1.0
          ]
        ],
        "rotation_mode": "QUATERNION"
      },
      "armature_space": {
        "head": {
          "x": 0.0,
          "y": 0.07072800397872925,
          "z": -0.009595036506652832
        },
        "tail": {
          "x": 0.0030479973647743464,
          "y": 0.000279843807220459,
          "z": 0.0014631040394306183
        }
      },
      "world_space": {
        "head": {
          "x": 0.0,
          "y": 0.13397200405597687,
          "z": 0.9402589797973633
        },
        "tail": {
          "x": 0.0030479973647743464,
          "y": 0.06352384388446808,
          "z": 0.9513171315193176
        },
        "rotation_quaternion": {
          "w": 0.07764658331871033,
          "x": 0.9967400431632996,
          "y": 0.021674519404768944,
          "z": 0.0032470831647515297
        },
        "matrix": [
          [
            0.999039351940155,
            0.04270347207784653,
            0.009838912636041641,
            0.0
          ],
          [
            0.04371197521686554,
            -0.987002432346344,
            -0.1546466052532196,
            0.13397200405597687
          ],
          [
            0.0031071463599801064,
            0.1549282819032669,
            -0.9879279136657715,
            0.9402589797973633
          ],
          [
            0.0,
            0.0,
            0.0,
            1.0
          ]
        ]
      },
      "bone_length_armature_space": 0.07137588011389927,
      "parent": null,
      "has_children": true,
      "is_end_bone": false
    },
    "spine_01": {
      "name": "spine_01",
      "local": {
        "location": {
          "x": 0.0,
          "y": 0.0,
          "z": 0.0
        },
        "rotation_quaternion": {
          "w": 0.9923485517501831,
          "x": 0.11047662049531937,
          "y": -0.05456514284014702,
          "z": -0.007869331166148186
        },
        "scale": {
          "x": 1.0,
          "y": 1.0,
          "z": 1.0
        },
        "matrix_basis": [
          [
            0.9939214587211609,
            0.0035618937108665705,
            -0.1100340336561203,
            0.0
          ],
          [
            -0.027674583718180656,
            0.9754659533500671,
            -0.21840384602546692,
            0.0
          ],
          [
            0.10655652731657028,
            0.22012141346931458,
            0.9696351289749146,
            0.0
          ],
          [
            0.0,
            0.0,
            0.0,
            1.0
          ]
        ],
        "rotation_mode": "QUATERNION"
      },
      "armature_space": {
        "head": {
          "x": 0.0030479973647743464,
          "y": 0.000279843807220459,
          "z": 0.0014631040394306183
        },
        "tail": {
          "x": 0.006569704972207546,
          "y": -0.07471843808889389,
          "z": 0.4836573302745819
        }
      },
      "world_space": {
        "head": {
          "x": 0.0030479973647743464,
          "y": 0.06352384388446808,
          "z": 0.9513171315193176
        },
        "tail": {
          "x": 0.006569704972207546,
          "y": -0.01147443801164627,
          "z": 1.4335113763809204
        },
        "rotation_quaternion": {
          "w": 0.6502306461334229,
          "x": 0.7589991688728333,
          "y": -0.018910087645053864,
          "z": -0.027622578665614128
        },
        "matrix": [
          [
            0.9977588057518005,
            0.00721659604460001,
            -0.0665227621793747,
            0.0030479973647743464
          ],
          [
            -0.0646274983882904,
            -0.1536846160888672,
            -0.9860042929649353,
            0.06352384388446808
          ],
          [
            -0.017339294776320457,
            0.9881004095077515,
            -0.15287575125694275,
            0.9513171315193176
          ],
          [
            0.0,
            0.0,
            0.0,
            1.0
          ]
        ]
      },
      "bone_length_armature_space": 0.4880045202021302,
      "parent": "Root",
      "has_children": true,
      "is_end_bone": false
    },
    "neck_01": {
      "name": "neck_01",
      "local": {
        "location": {
          "x": 0.0,
          "y": 0.0,
          "z": 0.0
        },
        "rotation_quaternion": {
          "w": 0.9985858798027039,
          "x": 0.016140226274728775,
          "y": 0.015805741772055626,
          "z": 0.048123884946107864
        },
        "scale": {
          "x": 1.0,
          "y": 1.0,
          "z": 1.0
        },
        "matrix_basis": [
          [
            0.9948685169219971,
            -0.09560144692659378,
            0.03312024101614952,
            0.0
          ],
          [
            0.09662187844514847,
            0.9948471784591675,
            -0.030713535845279694,
            0.0
          ],
          [
            -0.030013320967555046,
            0.0337560698390007,
            0.9989793300628662,
            0.0
          ],
          [
            0.0,
            0.0,
            0.0,
            1.0
          ]
        ],
        "rotation_mode": "QUATERNION"
      },
      "armature_space": {
        "head": {
          "x": 0.004791054874658585,
          "y": -0.12016605585813522,
          "z": 0.550702691078186
        },
        "tail": {
          "x": -0.007112233899533749,
          "y": -0.17517659068107605,
          "z": 0.6363932490348816
        }
      },
      "world_space": {
        "head": {
          "x": 0.004791054874658585,
          "y": -0.056922055780887604,
          "z": 1.5005567073822021
        },
        "tail": {
          "x": -0.007112233899533749,
          "y": -0.11193259060382843,
          "z": 1.586247205734253
        },
        "rotation_quaternion": {
          "w": 0.47775745391845703,
          "x": 0.8764150142669678,
          "y": -0.05881677567958832,
          "z": 0.013615255244076252
        },
        "matrix": [
          [
            0.9927104115486145,
            -0.11610547453165054,
            -0.03233553096652031,
            0.004791054874658585
          ],
          [
            -0.09008662402629852,
            -0.536576509475708,
            -0.8390294313430786,
            -0.056922055780887604
          ],
          [
            0.08006589114665985,
            0.8358314633369446,
            -0.5431292653083801,
            1.5005567073822021
          ],
          [
            0.0,
            0.0,
            0.0,
            1.0
          ]
        ]
      },
      "bone_length_armature_space": 0.10252179790941408,
      "parent": "spine_01",
      "has_children": true,
      "is_end_bone": false
    },
    "head": {
      "name": "head",
      "local": {
        "location": {
          "x": 0.0,
          "y": 0.0,
          "z": 0.0
        },
        "rotation_quaternion": {
          "w": 0.996465802192688,
          "x": -0.05054859444499016,
          "y": 0.014098018407821655,
          "z": -0.06559029966592789
        },
        "scale": {
          "x": 1.0,
          "y": 1.0,
          "z": 1.0
        },
        "matrix_basis": [
          [
            0.9909983277320862,
            0.12929171323776245,
            0.03472737967967987,
            0.0
          ],
          [
            -0.13214224576950073,
            0.9862855076789856,
            0.0988905057311058,
            0.0
          ],
          [
            -0.021465390920639038,
            -0.10258927941322327,
            0.9944921731948853,
            0.0
          ],
          [
            0.0,
            0.0,
            0.0,
            1.0
          ]
        ],
        "rotation_mode": "QUATERNION"
      },
      "armature_space": {
        "head": {
          "x": -0.007112229708582163,
          "y": -0.1751766949892044,
          "z": 0.636393129825592
        },
        "tail": {
          "x": -0.0008835797198116779,
          "y": -0.19163796305656433,
          "z": 0.7904825210571289
        }
      },
      "world_space": {
        "head": {
          "x": -0.007112229708582163,
          "y": -0.11193269491195679,
          "z": 1.586247205734253
        },
        "tail": {
          "x": -0.0008835797198116779,
          "y": -0.1283939629793167,
          "z": 1.740336537361145
        },
        "rotation_quaternion": {
          "w": 0.6685258746147156,
          "x": 0.7429991960525513,
          "y": -0.0017432409804314375,
          "z": -0.03197476640343666
        },
        "matrix": [
          [
            0.9979492425918579,
            0.04016146436333656,
            -0.04984496533870697,
            -0.007112229708582163
          ],
          [
            -0.0453420951962471,
            -0.10613991320133209,
            -0.9933170676231384,
            -0.11193269491195679
          ],
          [
            -0.04518395662307739,
            0.9935468435287476,
            -0.10410292446613312,
            1.586247205734253
          ],
          [
            0.0,
            0.0,
            0.0,
            1.0
          ]
        ]
      },
      "bone_length_armature_space": 0.15509129397123228,
      "parent": "neck_01",
      "has_children": false,
      "is_end_bone": true
    },
    "upperarm_l": {
      "name": "upperarm_l",
      "local": {
        "location": {
          "x": 0.0,
          "y": 0.0,
          "z": 0.0
        },
        "rotation_quaternion": {
          "w": 0.9336855411529541,
          "x": -0.1898311972618103,
          "y": 0.2019505649805069,
          "z": -0.2267412692308426
        },
        "scale": {
          "x": 1.0,
          "y": 1.0,
          "z": 1.0
        },
        "matrix_basis": [
          [
            0.8156087398529053,
            0.3467370569705963,
            0.4632017910480499,
            0.0
          ],
          [
            -0.5000831484794617,
            0.8251050114631653,
            0.26290422677993774,
            0.0
          ],
          [
            -0.29103150963783264,
            -0.44606634974479675,
            0.8463601469993591,
            0.0
          ],
          [
            0.0,
            0.0,
            0.0,
            1.0
          ]
        ],
        "rotation_mode": "QUATERNION"
      },
      "armature_space": {
        "head": {
          "x": 0.1537577211856842,
          "y": -0.12267586588859558,
          "z": 0.4812062680721283
        },
        "tail": {
          "x": 0.3754015266895294,
          "y": 0.006507739424705505,
          "z": 0.40378981828689575
        }
      },
      "world_space": {
        "head": {
          "x": 0.1537577211856842,
          "y": -0.05943186581134796,
          "z": 1.4310603141784668
        },
        "tail": {
          "x": 0.3754015266895294,
          "y": 0.06975173950195312,
          "z": 1.3536438941955566
        },
        "rotation_quaternion": {
          "w": 0.2968994975090027,
          "x": 0.39306551218032837,
          "y": 0.8080180287361145,
          "z": -0.32319849729537964
        },
        "matrix": [
          [
            -0.5147000551223755,
            0.8271234631538391,
            0.22572244703769684,
            0.1537577211856842
          ],
          [
            0.4432939887046814,
            0.48208335041999817,
            -0.7557024955749512,
            -0.05943186581134796
          ],
          [
            -0.7338809967041016,
            -0.28890034556388855,
            -0.6147921085357666,
            1.4310603141784668
          ],
          [
            0.0,
            0.0,
            0.0,
            1.0
          ]
        ]
      },
      "bone_length_armature_space": 0.26796956562663254,
      "parent": "spine_01",
      "has_children": true,
      "is_end_bone": false
    },
    "lowerarm_l": {
      "name": "lowerarm_l",
      "local": {
        "location": {
          "x": 0.0,
          "y": 0.0,
          "z": 0.0
        },
        "rotation_quaternion": {
          "w": 0.9815685749053955,
          "x": 0.015846209600567818,
          "y": 0.0821722075343132,
          "z": -0.1718134880065918
        },
        "scale": {
          "x": 1.0,
          "y": 1.0,
          "z": 1.0
        },
        "matrix_basis": [
          [
            0.927455723285675,
            0.33989766240119934,
            0.15587012469768524,
            0.0
          ],
          [
            -0.334689199924469,
            0.9404580593109131,
            -0.05934486910700798,
            0.0
          ],
          [
            -0.16676050424575806,
            0.0028716956730931997,
            0.9859932661056519,
            0.0
          ],
          [
            0.0,
            0.0,
            0.0,
            1.0
          ]
        ],
        "rotation_mode": "QUATERNION"
      },
      "armature_space": {
        "head": {
          "x": 0.37540167570114136,
          "y": 0.006507687270641327,
          "z": 0.40378984808921814
        },
        "tail": {
          "x": 0.5582581758499146,
          "y": 0.12843850255012512,
          "z": 0.25125789642333984
        }
      },
      "world_space": {
        "head": {
          "x": 0.37540167570114136,
          "y": 0.06975168734788895,
          "z": 1.3536438941955566
        },
        "tail": {
          "x": 0.5582581758499146,
          "y": 0.19168250262737274,
          "z": 1.201111912727356
        },
        "rotation_quaternion": {
          "w": 0.19753974676132202,
          "x": 0.31232357025146484,
          "y": 0.8299793004989624,
          "z": -0.41781145334243774
        },
        "matrix": [
          [
            -0.7268637418746948,
            0.6835132837295532,
            0.0669214278459549,
            0.37540167570114136
          ],
          [
            0.35337722301483154,
            0.4557744264602661,
            -0.816942036151886,
            0.06975168734788895
          ],
          [
            -0.5888956785202026,
            -0.5701606869697571,
            -0.5728287100791931,
            1.3536438941955566
          ],
          [
            0.0,
            0.0,
            0.0,
            1.0
          ]
        ]
      },
      "bone_length_armature_space": 0.26752499066747987,
      "parent": "upperarm_l",
      "has_children": true,
      "is_end_bone": false
    },
    "metacarpal_thumb_l": {
      "name": "metacarpal_thumb_l",
      "local": {
        "location": {
          "x": 0.0,
          "y": 0.0,
          "z": 0.0
        },
        "rotation_quaternion": {
          "w": 0.9967551827430725,
          "x": -0.07698556035757065,
          "y": -0.0230863094329834,
          "z": -0.004417502786964178
        },
        "scale": {
          "x": 1.0,
          "y": 1.0,
          "z": 1.0
        },
        "matrix_basis": [
          [
            0.998894989490509,
            0.012360962107777596,
            -0.04534262791275978,
            0.0
          ],
          [
            -0.005251712631434202,
            0.988107442855835,
            0.15367548167705536,
            0.0
          ],
          [
            0.04670296609401703,
            -0.15326754748821259,
            0.9870805144309998,
            0.0
          ],
          [
            0.0,
            0.0,
            0.0,
            1.0
          ]
        ],
        "rotation_mode": "QUATERNION"
      },
      "armature_space": {
        "head": {
          "x": 0.5582581758499146,
          "y": 0.12843850255012512,
          "z": 0.25125789642333984
        },
        "tail": {
          "x": 0.5866525173187256,
          "y": 0.1239410862326622,
          "z": 0.2109200358390808
        }
      },
      "world_space": {
        "head": {
          "x": 0.5582581758499146,
          "y": 0.19168250262737274,
          "z": 1.201111912727356
        },
        "tail": {
          "x": 0.5866525173187256,
          "y": 0.18718507885932922,
          "z": 1.1607739925384521
        },
        "rotation_quaternion": {
          "w": 0.38316941261291504,
          "x": -0.6929712891578674,
          "y": -0.554781973361969,
          "z": 0.2553214728832245
        },
        "matrix": [
          [
            0.25405263900756836,
            0.5732328295707703,
            -0.77901291847229,
            0.5582581758499146
          ],
          [
            0.9645594954490662,
            -0.09079517424106598,
            0.24775221943855286,
            0.19168250262737274
          ],
          [
            0.07129044830799103,
            -0.8143522143363953,
            -0.5759878158569336,
            1.201111912727356
          ],
          [
            0.0,
            0.0,
            0.0,
            1.0
          ]
        ]
      },
      "bone_length_armature_space": 0.04953391139760681,
      "parent": "lowerarm_l",
      "has_children": true,
      "is_end_bone": false
    },
    "thumb_01_l": {
      "name": "thumb_01_l",
      "local": {
        "location": {
          "x": 0.0,
          "y": 0.0,
          "z": 0.0
        },
        "rotation_quaternion": {
          "w": 0.9978362321853638,
          "x": 0.06435997784137726,
          "y": -0.002247928874567151,
          "z": -0.013255730271339417
        },
        "scale": {
          "x": 1.0,
          "y": 1.0,
          "z": 1.0
        },
        "matrix_basis": [
          [
            0.9996384382247925,
            0.026164742186665535,
            -0.006192406639456749,
            0.0
          ],
          [
            -0.02674344927072525,
            0.9913641810417175,
            -0.12838183343410492,
            0.0
          ],
          [
            0.002779852831736207,
            0.1285010278224945,
            0.9917054772377014,
            0.0
          ],
          [
            0.0,
            0.0,
            0.0,
            1.0
          ]
        ],
        "rotation_mode": "QUATERNION"
      },
      "armature_space": {
        "head": {
          "x": 0.5866525173187256,
          "y": 0.1239410862326622,
          "z": 0.2109200358390808
        },
        "tail": {
          "x": 0.5807520747184753,
          "y": 0.12821505963802338,
          "z": 0.17767010629177094
        }
      },
      "world_space": {
        "head": {
          "x": 0.5866525173187256,
          "y": 0.18718507885932922,
          "z": 1.1607739925384521
        },
        "tail": {
          "x": 0.5807520747184753,
          "y": 0.191459059715271,
          "z": 1.1275241374969482
        },
        "rotation_quaternion": {
          "w": 0.7341936230659485,
          "x": -0.660902738571167,
          "y": 0.15408124029636383,
          "z": -0.020648187026381493
        },
        "matrix": [
          [
            0.9516653418540955,
            -0.17334584891796112,
            0.25354260206222534,
            0.5866525173187256
          ],
          [
            -0.2339838296175003,
            0.12556244432926178,
            0.9640983939170837,
            0.18718507885932922
          ],
          [
            -0.19895942509174347,
            -0.9768308401107788,
            0.0789346843957901,
            1.1607739925384521
          ],
          [
            0.0,
            0.0,
            0.0,
            1.0
          ]
        ]
      },
      "bone_length_armature_space": 0.03403879919258704,
      "parent": "metacarpal_thumb_l",
      "has_children": true,
      "is_end_bone": false
    },
    "thumb_02_l": {
      "name": "thumb_02_l",
      "local": {
        "location": {
          "x": 0.0,
          "y": 0.0,
          "z": 0.0
        },
        "rotation_quaternion": {
          "w": 0.9903333187103271,
          "x": 0.1385582834482193,
          "y": -0.004083758220076561,
          "z": -0.004980295430868864
        },
        "scale": {
          "x": 1.0,
          "y": 1.0,
          "z": 1.0
        },
        "matrix_basis": [
          [
            0.9999170303344727,
            0.0087326280772686,
            -0.0094686858355999,
            0.0
          ],
          [
            -0.010995982214808464,
            0.9615535736083984,
            -0.2743971049785614,
            0.0
          ],
          [
            0.00670844130218029,
            0.2744784355163574,
            0.9615698456764221,
            0.0
          ],
          [
            0.0,
            0.0,
            0.0,
            1.0
          ]
        ],
        "rotation_mode": "QUATERNION"
      },
      "armature_space": {
        "head": {
          "x": 0.5807520151138306,
          "y": 0.1282150149345398,
          "z": 0.17767012119293213
        },
        "tail": {
          "x": 0.6124246120452881,
          "y": 0.14956797659397125,
          "z": 0.1652572751045227
        }
      },
      "world_space": {
        "head": {
          "x": 0.5807520151138306,
          "y": 0.19145901501178741,
          "z": 1.1275241374969482
        },
        "tail": {
          "x": 0.6124246120452881,
          "y": 0.21281197667121887,
          "z": 1.1151113510131836
        },
        "rotation_quaternion": {
          "w": 0.867647111415863,
          "x": -0.11635031551122665,
          "y": 0.11405311524868011,
          "z": -0.4697265028953552
        },
        "matrix": [
          [
            0.5326972007751465,
            0.7885735034942627,
            0.3072214126586914,
            0.5807520151138306
          ],
          [
            -0.8416542410850525,
            0.5316389799118042,
            0.09475374221801758,
            0.19145901501178741
          ],
          [
            -0.088611900806427,
            -0.3090510070323944,
            0.9469156861305237,
            1.1275241374969482
          ],
          [
            0.0,
            0.0,
            0.0,
            1.0
          ]
        ]
      },
      "bone_length_armature_space": 0.04016442578882923,
      "parent": "thumb_01_l",
      "has_children": true,
      "is_end_bone": false
    },
    "thumb_03_l": {
      "name": "thumb_03_l",
      "local": {
        "location": {
          "x": 0.0,
          "y": 0.0,
          "z": 0.0
        },
        "rotation_quaternion": {
          "w": 0.9991658926010132,
          "x": 0.040433116257190704,
          "y": -0.005453435704112053,
          "z": 0.0017494302010163665
        },
        "scale": {
          "x": 1.0,
          "y": 1.0,
          "z": 1.0
        },
        "matrix_basis": [
          [
            0.9999343752861023,
            -0.0039369408041238785,
            -0.010756304487586021,
            0.0
          ],
          [
            0.0030549431685358286,
            0.9967241883277893,
            -0.08081786334514618,
            0.0
          ],
          [
            0.011039244011044502,
            0.08077970147132874,
            0.9966708421707153,
            0.0
          ],
          [
            0.0,
            0.0,
            0.0,
            1.0
          ]
        ],
        "rotation_mode": "QUATERNION"
      },
      "armature_space": {
        "head": {
          "x": 0.6124246120452881,
          "y": 0.14956790208816528,
          "z": 0.16525721549987793
        },
        "tail": {
          "x": 0.6358017921447754,
          "y": 0.16901163756847382,
          "z": 0.16678671538829803
        }
      },
      "world_space": {
        "head": {
          "x": 0.6124246120452881,
          "y": 0.2128119021654129,
          "z": 1.115111231803894
        },
        "tail": {
          "x": 0.6358017921447754,
          "y": 0.23225563764572144,
          "z": 1.1166406869888306
        },
        "rotation_quaternion": {
          "w": 0.8812016248703003,
          "x": 0.12396971881389618,
          "y": 0.20690806210041046,
          "z": -0.4065764546394348
        },
        "matrix": [
          [
            0.5837691426277161,
            0.7678524255752563,
            0.26384785771369934,
            0.6124246120452881
          ],
          [
            -0.6652513146400452,
            0.6386536359786987,
            -0.38673272728919983,
            0.2128119021654129
          ],
          [
            -0.46546491980552673,
            0.05023840069770813,
            0.8836472034454346,
            1.115111231803894
          ],
          [
            0.0,
            0.0,
            0.0,
            1.0
          ]
        ]
      },
      "bone_length_armature_space": 0.030444881226987987,
      "parent": "thumb_02_l",
      "has_children": false,
      "is_end_bone": true
    },
    "metacarpal_index_l": {
      "name": "metacarpal_index_l",
      "local": {
        "location": {
          "x": 0.0,
          "y": 0.0,
          "z": 0.0
        },
        "rotation_quaternion": {
          "w": 0.9996064305305481,
          "x": -0.024303177371621132,
          "y": -0.012635758146643639,
          "z": -0.0060595134273171425
        },
        "scale": {
          "x": 1.0,
          "y": 1.0,
          "z": 1.0
        },
        "matrix_basis": [
          [
            0.999607264995575,
            0.0127284349873662,
            -0.02496703900396824,
            0.0
          ],
          [
            -0.011500079184770584,
            0.9987452626228333,
            0.04874035716056824,
            0.0
          ],
          [
            0.02555610053241253,
            -0.04843408986926079,
            0.9984993934631348,
            0.0
          ],
          [
            0.0,
            0.0,
            0.0,
            1.0
          ]
        ],
        "rotation_mode": "QUATERNION"
      },
      "armature_space": {
        "head": {
          "x": 0.5582581758499146,
          "y": 0.12843850255012512,
          "z": 0.25125789642333984
        },
        "tail": {
          "x": 0.6359109878540039,
          "y": 0.1549464613199234,
          "z": 0.16761177778244019
        }
      },
      "world_space": {
        "head": {
          "x": 0.5582581758499146,
          "y": 0.19168250262737274,
          "z": 1.201111912727356
        },
        "tail": {
          "x": 0.6359109878540039,
          "y": 0.21819046139717102,
          "z": 1.1174657344818115
        },
        "rotation_quaternion": {
          "w": 0.20914384722709656,
          "x": -0.5295690298080444,
          "y": -0.7545696496963501,
          "z": 0.3262518048286438
        },
        "matrix": [
          [
            -0.3516288697719574,
            0.6627265810966492,
            -0.6611734628677368,
            0.5582581758499146
          ],
          [
            0.9356614351272583,
            0.22623169422149658,
            -0.27084508538246155,
            0.19168250262737274
          ],
          [
            -0.029917236417531967,
            -0.7138762474060059,
            -0.6996424794197083,
            1.201111912727356
          ],
          [
            0.0,
            0.0,
            0.0,
            1.0
          ]
        ]
      },
      "bone_length_armature_space": 0.11717211378934866,
      "parent": "lowerarm_l",
      "has_children": true,
      "is_end_bone": false
    },
    "index_01_l": {
      "name": "index_01_l",
      "local": {
        "location": {
          "x": 0.0,
          "y": 0.0,
          "z": 0.0
        },
        "rotation_quaternion": {
          "w": 0.9975528717041016,
          "x": -0.06690870970487595,
          "y": -0.0195741206407547,
          "z": -0.005342237185686827
        },
        "scale": {
          "x": 1.0,
          "y": 1.0,
          "z": 1.0
        },
        "matrix_basis": [
          [
            0.9991766214370728,
            0.013277686201035976,
            -0.03833755478262901,
            0.0
          ],
          [
            -0.008038969710469246,
            0.9909893870353699,
            0.13369908928871155,
            0.0
          ],
          [
            0.039767324924468994,
            -0.13328081369400024,
            0.9902801513671875,
            0.0
          ],
          [
            0.0,
            0.0,
            0.0,
            1.0
          ]
        ],
        "rotation_mode": "QUATERNION"
      },
      "armature_space": {
        "head": {
          "x": 0.6359109878540039,
          "y": 0.1549464613199234,
          "z": 0.16761177778244019
        },
        "tail": {
          "x": 0.6544370651245117,
          "y": 0.17202205955982208,
          "z": 0.15425962209701538
        }
      },
      "world_space": {
        "head": {
          "x": 0.6359109878540039,
          "y": 0.21819046139717102,
          "z": 1.1174657344818115
        },
        "tail": {
          "x": 0.6544370651245117,
          "y": 0.2352660596370697,
          "z": 1.1041135787963867
        },
        "rotation_quaternion": {
          "w": 0.1982298493385315,
          "x": -0.4123438894748688,
          "y": -0.8718522191047668,
          "z": 0.17478929460048676
        },
        "matrix": [
          [
            -0.5813542008399963,
            0.6497093439102173,
            -0.4898008108139038,
            0.6359109878540039
          ],
          [
            0.7883033156394958,
            0.5988420844078064,
            -0.14130206406116486,
            0.21819046139717102
          ],
          [
            0.2015102207660675,
            -0.46826088428497314,
            -0.8603135347366333,
            1.1174657344818115
          ],
          [
            0.0,
            0.0,
            0.0,
            1.0
          ]
        ]
      },
      "bone_length_armature_space": 0.028514411437897895,
      "parent": "metacarpal_index_l",
      "has_children": true,
      "is_end_bone": false
    },
    "index_02_l": {
      "name": "index_02_l",
      "local": {
        "location": {
          "x": 0.0,
          "y": 0.0,
          "z": 0.0
        },
        "rotation_quaternion": {
          "w": 0.9846100211143494,
          "x": 0.17466937005519867,
          "y": -0.0006716941716149449,
          "z": -0.005768975242972374
        },
        "scale": {
          "x": 1.0,
          "y": 1.0,
          "z": 1.0
        },
        "matrix_basis": [
          [
            0.9999325275421143,
            0.011125733144581318,
            -0.0033380400855094194,
            0.0
          ],
          [
            -0.011595030315220356,
            0.9389146566390991,
            -0.3439546823501587,
            0.0
          ],
          [
            -0.0006926128990016878,
            0.3439701795578003,
            0.9389803409576416,
            0.0
          ],
          [
            0.0,
            0.0,
            0.0,
            1.0
          ]
        ],
        "rotation_mode": "QUATERNION"
      },
      "armature_space": {
        "head": {
          "x": 0.654437243938446,
          "y": 0.17202205955982208,
          "z": 0.1542591154575348
        },
        "tail": {
          "x": 0.6660937070846558,
          "y": 0.18585363030433655,
          "z": 0.13606823980808258
        }
      },
      "world_space": {
        "head": {
          "x": 0.654437243938446,
          "y": 0.2352660596370697,
          "z": 1.1041131019592285
        },
        "tail": {
          "x": 0.6660937070846558,
          "y": 0.24909763038158417,
          "z": 1.0859222412109375
        },
        "rotation_quaternion": {
          "w": 0.23197095096111298,
          "x": -0.3566310405731201,
          "y": -0.8460360169410706,
          "z": 0.32128965854644775
        },
        "matrix": [
          [
            -0.6380066871643066,
            0.4543861746788025,
            -0.6216753721237183,
            0.654437243938446
          ],
          [
            0.752505898475647,
            0.5391741394996643,
            -0.37818804383277893,
            0.2352660596370697
          ],
          [
            0.16334965825080872,
            -0.7091054320335388,
            -0.6859303116798401,
            1.1041131019592285
          ],
          [
            0.0,
            0.0,
            0.0,
            1.0
          ]
        ]
      },
      "bone_length_armature_space": 0.02565333227628324,
      "parent": "index_01_l",
      "has_children": true,
      "is_end_bone": false
    },
    "index_03_l": {
      "name": "index_03_l",
      "local": {
        "location": {
          "x": 0.0,
          "y": 0.0,
          "z": 0.0
        },
        "rotation_quaternion": {
          "w": 0.9772813320159912,
          "x": 0.21190764009952545,
          "y": 0.003436054801568389,
          "z": 0.0021317736245691776
        },
        "scale": {
          "x": 1.0,
          "y": 1.0,
          "z": 1.0
        },
        "matrix_basis": [
          [
            0.9999672770500183,
            -0.0027104325126856565,
            0.007619462441653013,
            0.0
          ],
          [
            0.005622937809675932,
            0.9101812243461609,
            -0.41417211294174194,
            0.0
          ],
          [
            -0.005812506191432476,
            0.41420140862464905,
            0.9101666808128357,
            0.0
          ],
          [
            0.0,
            0.0,
            0.0,
            1.0
          ]
        ],
        "rotation_mode": "QUATERNION"
      },
      "armature_space": {
        "head": {
          "x": 0.6660938262939453,
          "y": 0.18585367500782013,
          "z": 0.13606835901737213
        },
        "tail": {
          "x": 0.6666252613067627,
          "y": 0.19639922678470612,
          "z": 0.10882408916950226
        }
      },
      "world_space": {
        "head": {
          "x": 0.6660938262939453,
          "y": 0.24909767508506775,
          "z": 1.085922360420227
        },
        "tail": {
          "x": 0.6666252613067627,
          "y": 0.25964322686195374,
          "z": 1.058678150177002
        },
        "rotation_quaternion": {
          "w": 0.3551200330257416,
          "x": -0.2532576322555542,
          "y": -0.7445460557937622,
          "z": 0.5053726434707642
        },
        "matrix": [
          [
            -0.6195011734962463,
            0.018189042806625366,
            -0.7847846746444702,
            0.6660938262939453
          ],
          [
            0.736059844493866,
            0.36091792583465576,
            -0.5726727843284607,
            0.24909767508506775
          ],
          [
            0.2728291153907776,
            -0.9324263334274292,
            -0.2369796335697174,
            1.085922360420227
          ],
          [
            0.0,
            0.0,
            0.0,
            1.0
          ]
        ]
      },
      "bone_length_armature_space": 0.029218852181908644,
      "parent": "index_02_l",
      "has_children": false,
      "is_end_bone": true
    },
    "metacarpal_pinky_l": {
      "name": "metacarpal_pinky_l",
      "local": {
        "location": {
          "x": 0.0,
          "y": 0.0,
          "z": 0.0
        },
        "rotation_quaternion": {
          "w": 0.9988194704055786,
          "x": -0.04507560655474663,
          "y": 0.016074614599347115,
          "z": -0.00834471546113491
        },
        "scale": {
          "x": 1.0,
          "y": 1.0,
          "z": 1.0
        },
        "matrix_basis": [
          [
            0.9993439316749573,
            0.015220582485198975,
            0.0328635610640049,
            0.0
          ],
          [
            -0.018118875101208687,
            0.9957970976829529,
            0.08977650851011276,
            0.0
          ],
          [
            -0.0313589908182621,
            -0.09031306207180023,
            0.9954196214675903,
            0.0
          ],
          [
            0.0,
            0.0,
            0.0,
            1.0
          ]
        ],
        "rotation_mode": "QUATERNION"
      },
      "armature_space": {
        "head": {
          "x": 0.5582581758499146,
          "y": 0.12843850255012512,
          "z": 0.25125789642333984
        },
        "tail": {
          "x": 0.6160796880722046,
          "y": 0.20334291458129883,
          "z": 0.20779256522655487
        }
      },
      "world_space": {
        "head": {
          "x": 0.5582581758499146,
          "y": 0.19168250262737274,
          "z": 1.201111912727356
        },
        "tail": {
          "x": 0.6160796880722046,
          "y": 0.26658689975738525,
          "z": 1.1576465368270874
        },
        "rotation_quaternion": {
          "w": 0.717339277267456,
          "x": 0.015569902025163174,
          "y": 0.5874439477920532,
          "z": -0.3742881417274475
        },
        "matrix": [
          [
            0.029635386541485786,
            0.5552781820297241,
            0.8311364054679871,
            0.5582581758499146
          ],
          [
            -0.5186909437179565,
            0.7193302512168884,
            -0.46208655834198,
            0.19168250262737274
          ],
          [
            -0.854454517364502,
            -0.41741108894348145,
            0.30933716893196106,
            1.201111912727356
          ],
          [
            0.0,
            0.0,
            0.0,
            1.0
          ]
        ]
      },
      "bone_length_armature_space": 0.10413084600137816,
      "parent": "lowerarm_l",
      "has_children": true,
      "is_end_bone": false
    },
    "pinky_01_l": {
      "name": "pinky_01_l",
      "local": {
        "location": {
          "x": 0.0,
          "y": 0.0,
          "z": 0.0
        },
        "rotation_quaternion": {
          "w": 0.9993139505386353,
          "x": 0.029781170189380646,
          "y": 0.022005615755915642,
          "z": -0.0008028679294511676
        },
        "scale": {
          "x": 1.0,
          "y": 1.0,
          "z": 1.0
        },
        "matrix_basis": [
          [
            0.9990302324295044,
            0.002915340242907405,
            0.043933216482400894,
            0.0
          ],
          [
            -0.0002939282567240298,
            0.9982248544692993,
            -0.059556812047958374,
            0.0
          ],
          [
            -0.044028859585523605,
            0.05948614329099655,
            0.997257649898529,
            0.0
          ],
          [
            0.0,
            0.0,
            0.0,
            1.0
          ]
        ],
        "rotation_mode": "QUATERNION"
      },
      "armature_space": {
        "head": {
          "x": 0.6160796880722046,
          "y": 0.20334291458129883,
          "z": 0.20779256522655487
        },
        "tail": {
