{
  "metadata": {
    "armature_name": "KIM_caucasian_male",
    "export_time": "2026-01-13T19:11:47.712198",
    "blender_version": "4.4.1",
    "bone_count": 56,
    "end_bone_count": 13,
    "spaces_included": [
      "LOCAL_CHANNELS",
      "ARMATURE_SPACE",
      "WORLD_SPACE"
    ],
    "note": "LOCAL matches Transform panel; replay pose via local.matrix_basis for best fidelity."
  },
  "bones": {
    "Root": {
      "name": "Root",
      "local": {
        "location": {
          "x": 0.0,
          "y": 0.0,
          "z": 0.0
        },
        "rotation_quaternion": {
          "w": 0.9999221563339233,
          "x": -0.0024497322738170624,
          "y": -0.003069245023652911,
          "z": -0.011840331368148327
        },
        "scale": {
          "x": 1.0,
          "y": 1.0,
          "z": 1.0
        },
        "matrix_basis": [
          [
            0.9997007846832275,
            0.023693857714533806,
            -0.006080001126974821,
            0.0
          ],
          [
            -0.023663781583309174,
            0.9997076392173767,
            0.004971764981746674,
            0.0
          ],
          [
            0.006196023430675268,
            -0.004826401360332966,
            0.9999691843986511,
            0.0
          ],
          [
            0.0,
            0.0,
            0.0,
            1.0
          ]
        ],
        "rotation_mode": "QUATERNION"
      },
      "armature_space": {
        "head": {
          "x": 0.0,
          "y": 0.07072800397872925,
          "z": -0.009595036506652832
        },
        "tail": {
          "x": 0.0016911696875467896,
          "y": 6.698817014694214e-05,
          "z": 0.0003385581076145172
        }
      },
      "world_space": {
        "head": {
          "x": 0.0,
          "y": 0.13397200405597687,
          "z": 0.9402589797973633
        },
        "tail": {
          "x": 0.0016911696875467896,
          "y": 0.06331098824739456,
          "z": 0.9501925706863403
        },
        "rotation_quaternion": {
          "w": 0.06980659067630768,
          "x": 0.9974856376647949,
          "y": 0.011606663465499878,
          "z": -0.003859930904582143
        },
        "matrix": [
          [
            0.9997007846832275,
            0.023693857714533806,
            -0.006080001126974821,
            0.0
          ],
          [
            0.022616058588027954,
            -0.9899846911430359,
            -0.13935218751430511,
            0.13397200405597687
          ],
          [
            -0.009320941753685474,
            0.1391730159521103,
            -0.9902313351631165,
            0.9402589797973633
          ],
          [
            0.0,
            0.0,
            0.0,
            1.0
          ]
        ]
      },
      "bone_length_armature_space": 0.07137587458213697,
      "parent": null,
      "has_children": true,
      "is_end_bone": false
    },
    "spine_01": {
      "name": "spine_01",
      "local": {
        "location": {
          "x": 0.0,
          "y": 0.0,
          "z": 0.0
        },
        "rotation_quaternion": {
          "w": 0.9983024001121521,
          "x": -0.04227032884955406,
          "y": -0.023838359862565994,
          "z": 0.032207317650318146
        },
        "scale": {
          "x": 1.0,
          "y": 1.0,
          "z": 1.0
        },
        "matrix_basis": [
          [
            0.9967888593673706,
            -0.062289975583553314,
            -0.05031860992312431,
            0.0
          ],
          [
            0.06632059812545776,
            0.9943518042564392,
            0.08286160230636597,
            0.0
          ],
          [
            0.0448729544878006,
            -0.08593267947435379,
            0.9952899217605591,
            0.0
          ],
          [
            0.0,
            0.0,
            0.0,
            1.0
          ]
        ],
        "rotation_mode": "QUATERNION"
      },
      "armature_space": {
        "head": {
          "x": 0.0016911696875467896,
          "y": 6.698817014694214e-05,
          "z": 0.0003385581076145172
        },
        "tail": {
          "x": -0.025714388117194176,
          "y": 0.06634674966335297,
          "z": 0.483043909072876
        }
      },
      "world_space": {
        "head": {
          "x": 0.0016911696875467896,
          "y": 0.06331098824739456,
          "z": 0.9501925706863403
        },
        "tail": {
          "x": -0.025714388117194176,
          "y": 0.12959074974060059,
          "z": 1.432897925376892
        },
        "rotation_quaternion": {
          "w": 0.753057599067688,
          "x": 0.6572192907333374,
          "y": -0.028524253517389297,
          "z": 0.01239308062940836
        },
        "matrix": [
          [
            0.9980655908584595,
            -0.05615878850221634,
            -0.026670491322875023,
            0.0016911696875467896
          ],
          [
            -0.018827591091394424,
            0.13581883907318115,
            -0.9905548691749573,
            0.06331098824739456
          ],
          [
            0.05925111472606659,
            0.9891478419303894,
            0.13449877500534058,
            0.9501925706863403
          ],
          [
            0.0,
            0.0,
            0.0,
            1.0
          ]
        ]
      },
      "bone_length_armature_space": 0.488004648542182,
      "parent": "Root",
      "has_children": true,
      "is_end_bone": false
    },
    "neck_01": {
      "name": "neck_01",
      "local": {
        "location": {
          "x": 0.0,
          "y": 0.0,
          "z": 0.0
        },
        "rotation_quaternion": {
          "w": 0.9860844612121582,
          "x": -0.10921718925237656,
          "y": 0.10982198268175125,
          "z": 0.06040079519152641
        },
        "scale": {
          "x": 1.0,
          "y": 1.0,
          "z": 1.0
        },
        "matrix_basis": [
          [
            0.9685817360877991,
            -0.14310947060585022,
            0.20339389145374298,
            0.0
          ],
          [
            0.09513167291879654,
            0.9688466787338257,
            0.2286614179611206,
            0.0
          ],
          [
            -0.2297811061143875,
            -0.2021280825138092,
            0.9520214796066284,
            0.0
          ],
          [
            0.0,
            0.0,
            0.0,
            1.0
          ]
        ],
        "rotation_mode": "QUATERNION"
      },
      "armature_space": {
        "head": {
          "x": -0.030751191079616547,
          "y": 0.04193831607699394,
          "z": 0.5601322650909424
        },
        "tail": {
          "x": -0.05145559087395668,
          "y": 0.03739652782678604,
          "z": 0.660439133644104
        }
      },
      "world_space": {
        "head": {
          "x": -0.030751191079616547,
          "y": 0.10518231987953186,
          "z": 1.5099862813949585
        },
        "tail": {
          "x": -0.05145559087395668,
          "y": 0.10064052790403366,
          "z": 1.6102931499481201
        },
        "rotation_quaternion": {
          "w": 0.6912178993225098,
          "x": 0.7093648910522461,
          "y": -0.008202417753636837,
          "z": 0.1376665085554123
        },
        "matrix": [
          [
            0.9619616270065308,
            -0.20195209980010986,
            0.18397091329097748,
            -0.030751191079616547
          ],
          [
            0.1786767989397049,
            -0.04430091381072998,
            -0.9829102158546448,
            0.10518231987953186
          ],
          [
            0.2066524177789688,
            0.9783996939659119,
            -0.006532639265060425,
            1.5099862813949585
          ],
          [
            0.0,
            0.0,
            0.0,
            1.0
          ]
        ]
      },
      "bone_length_armature_space": 0.10252203674932749,
      "parent": "spine_01",
      "has_children": true,
      "is_end_bone": false
    },
    "head": {
      "name": "head",
      "local": {
        "location": {
          "x": 0.0,
          "y": 0.0,
          "z": 0.0
        },
        "rotation_quaternion": {
          "w": 0.9980359077453613,
          "x": -0.035842057317495346,
          "y": -0.025663433596491814,
          "z": -0.044508446007966995
        },
        "scale": {
          "x": 1.0,
          "y": 1.0,
          "z": 1.0
        },
        "matrix_basis": [
          [
            0.9947207570075989,
            0.09068171679973602,
            -0.048035506159067154,
            0.0
          ],
          [
            -0.08700239658355713,
            0.993468701839447,
            0.07382780313491821,
            0.0
          ],
          [
            0.05441660434007645,
            -0.06925883889198303,
            0.9961134791374207,
            0.0
          ],
          [
            0.0,
            0.0,
            0.0,
            1.0
          ]
        ],
        "rotation_mode": "QUATERNION"
      },
      "armature_space": {
        "head": {
          "x": -0.0514555498957634,
          "y": 0.0373963788151741,
          "z": 0.6604390144348145
        },
        "tail": {
          "x": -0.07830426096916199,
          "y": 0.09825973212718964,
          "z": 0.8005392551422119
        }
      },
      "world_space": {
        "head": {
          "x": -0.0514555498957634,
          "y": 0.10064037889242172,
          "z": 1.6102930307388306
        },
        "tail": {
          "x": -0.07830426096916199,
          "y": 0.16150373220443726,
          "z": 1.750393271446228
        },
        "rotation_quaternion": {
          "w": 0.8336679935455322,
          "x": 0.5451762676239014,
          "y": -0.03488026186823845,
          "z": 0.0810183510184288
        },
        "matrix": [
          [
            0.9844387769699097,
            -0.1731167435646057,
            0.030182279646396637,
            -0.0514555498957634
          ],
          [
            0.09705395251512527,
            0.3924383819103241,
            -0.9146437048912048,
            0.10064037889242172
          ],
          [
            0.1464964896440506,
            0.9033465385437012,
            0.4031350314617157,
            1.6102930307388306
          ],
          [
            0.0,
            0.0,
            0.0,
            1.0
          ]
        ]
      },
      "bone_length_armature_space": 0.15509119544000952,
      "parent": "neck_01",
      "has_children": false,
      "is_end_bone": true
    },
    "upperarm_l": {
      "name": "upperarm_l",
      "local": {
        "location": {
          "x": 0.0,
          "y": 0.0,
          "z": 0.0
        },
        "rotation_quaternion": {
          "w": 0.9667277932167053,
          "x": 0.11044352501630783,
          "y": 0.1210462674498558,
          "z": -0.19643709063529968
        },
        "scale": {
          "x": 1.0,
          "y": 1.0,
          "z": 1.0
        },
        "matrix_basis": [
          [
            0.8935205340385437,
            0.4065399467945099,
            0.1906471699476242,
            0.0
          ],
          [
            -0.3530648350715637,
            0.8984293937683105,
            -0.2610936164855957,
            0.0
          ],
          [
            -0.27742800116539,
            0.1659816950559616,
            0.9463000297546387,
            0.0
          ],
          [
            0.0,
            0.0,
            0.0,
            1.0
          ]
        ],
        "rotation_mode": "QUATERNION"
      },
      "armature_space": {
        "head": {
          "x": 0.12264790385961533,
          "y": 0.026827089488506317,
          "z": 0.5029704570770264
        },
        "tail": {
          "x": 0.36752715706825256,
          "y": -0.025435127317905426,
          "z": 0.40752115845680237
        }
      },
      "world_space": {
        "head": {
          "x": 0.12264790385961533,
          "y": 0.09007108956575394,
          "z": 1.4528244733810425
        },
        "tail": {
          "x": 0.36752715706825256,
          "y": 0.037808872759342194,
          "z": 1.357375144958496
        },
        "rotation_quaternion": {
          "w": 0.31109243631362915,
          "x": 0.4900254011154175,
          "y": 0.5529070496559143,
          "z": -0.5978214144706726
        },
        "matrix": [
          [
            -0.3261917531490326,
            0.9138327836990356,
            -0.2418854832649231,
            0.12264790385961533
          ],
          [
            0.16992387175559998,
            -0.19503052532672882,
            -0.9659654498100281,
            0.09007108956575394
          ],
          [
            -0.929912269115448,
            -0.35619476437568665,
            -0.09166618436574936,
            1.4528244733810425
          ],
          [
            0.0,
            0.0,
            0.0,
            1.0
          ]
        ]
      },
      "bone_length_armature_space": 0.26796968770280155,
      "parent": "spine_01",
      "has_children": true,
      "is_end_bone": false
    },
    "lowerarm_l": {
      "name": "lowerarm_l",
      "local": {
        "location": {
          "x": 0.0,
          "y": 0.0,
          "z": 0.0
        },
        "rotation_quaternion": {
          "w": 0.8540739417076111,
          "x": 0.4173007011413574,
          "y": -0.15420228242874146,
          "z": 0.2695169746875763
        },
        "scale": {
          "x": 1.0,
          "y": 1.0,
          "z": 1.0
        },
        "matrix_basis": [
          [
            0.8071644902229309,
            -0.5890722870826721,
            -0.03846105560660362,
            0.0
          ],
          [
            0.3316774070262909,
            0.5064414739608765,
            -0.7959315776824951,
            0.0
          ],
          [
            0.48833954334259033,
            0.6296910643577576,
            0.6041635870933533,
            0.0
          ],
          [
            0.0,
            0.0,
            0.0,
            1.0
          ]
        ],
        "rotation_mode": "QUATERNION"
      },
      "armature_space": {
        "head": {
          "x": 0.3675272762775421,
          "y": -0.02543521299958229,
          "z": 0.40752121806144714
        },
        "tail": {
          "x": 0.4863424301147461,
          "y": -0.23100394010543823,
          "z": 0.530785083770752
        }
      },
      "world_space": {
        "head": {
          "x": 0.3675272762775421,
          "y": 0.03780878707766533,
          "z": 1.3573752641677856
        },
        "tail": {
          "x": 0.4863424301147461,
          "y": -0.1677599400281906,
          "z": 1.480639100074768
        },
        "rotation_quaternion": {
          "w": 0.33701249957084656,
          "x": 0.580216646194458,
          "y": -0.047079045325517654,
          "z": -0.7399694323539734
        },
        "matrix": [
          [
            -0.09954178333282471,
            0.44412821531295776,
            -0.8904162645339966,
            0.3675272762775421
          ],
          [
            -0.5533908605575562,
            -0.7684109210968018,
            -0.3214086592197418,
            0.03780878707766533
          ],
          [
            -0.8269585967063904,
            0.46075722575187683,
            0.3222673833370209,
            1.3573752641677856
          ],
          [
            0.0,
            0.0,
            0.0,
            1.0
          ]
        ]
      },
      "bone_length_armature_space": 0.267524813123442,
      "parent": "upperarm_l",
      "has_children": true,
      "is_end_bone": false
    },
    "metacarpal_thumb_l": {
      "name": "metacarpal_thumb_l",
      "local": {
        "location": {
          "x": 0.0,
          "y": 0.0,
          "z": 0.0
        },
        "rotation_quaternion": {
          "w": 0.9989255666732788,
          "x": -0.043801214545965195,
          "y": -0.0019323067972436547,
          "z": 0.01501775998622179
        },
        "scale": {
          "x": 1.0,
          "y": 1.0,
          "z": 1.0
        },
        "matrix_basis": [
          [
            0.9995414614677429,
            -0.029833974316716194,
            -0.005176053382456303,
            0.0
          ],
          [
            0.030172523111104965,
            0.9957118630409241,
            0.08745026588439941,
            0.0
          ],
          [
            0.0025448689702898264,
            -0.08756634593009949,
            0.9961554408073425,
            0.0
          ],
          [
            0.0,
            0.0,
            0.0,
            1.0
          ]
        ],
        "rotation_mode": "QUATERNION"
      },
      "armature_space": {
        "head": {
          "x": 0.4863424301147461,
          "y": -0.23100394010543823,
          "z": 0.530785083770752
        },
        "tail": {
          "x": 0.4760340452194214,
          "y": -0.27317655086517334,
          "z": 0.5546345710754395
        }
      },
      "world_space": {
        "head": {
          "x": 0.4863424301147461,
          "y": -0.1677599400281906,
          "z": 1.480639100074768
        },
        "tail": {
          "x": 0.4760340452194214,
          "y": -0.20993255078792572,
          "z": 1.5044885873794556
        },
        "rotation_quaternion": {
          "w": 0.24420881271362305,
          "x": 0.9608118534088135,
          "y": -0.12110121548175812,
          "z": -0.0503709502518177
        },
        "matrix": [
          [
            0.9655942320823669,
            -0.20810890197753906,
            -0.15594230592250824,
            0.4863424301147461
          ],
          [
            -0.25731322169303894,
            -0.8513929843902588,
            -0.4570778012275696,
            -0.1677599400281906
          ],
          [
            -0.0376465804874897,
            0.48148030042648315,
            -0.8756558895111084,
            1.480639100074768
          ],
          [
            0.0,
            0.0,
            0.0,
            1.0
          ]
        ]
      },
      "bone_length_armature_space": 0.049533725748666456,
      "parent": "lowerarm_l",
      "has_children": true,
      "is_end_bone": false
    },
    "thumb_01_l": {
      "name": "thumb_01_l",
      "local": {
        "location": {
          "x": 0.0,
          "y": 0.0,
          "z": 0.0
        },
        "rotation_quaternion": {
          "w": 0.9629483222961426,
          "x": 0.2692802846431732,
          "y": -0.011694719083607197,
          "z": 0.0090608736500144
        },
        "scale": {
          "x": 1.0,
          "y": 1.0,
          "z": 1.0
        },
        "matrix_basis": [
          [
            0.9995622634887695,
            -0.023748621344566345,
            -0.017642991617321968,
            0.0
          ],
          [
            0.011151991784572601,
            0.8548120856285095,
            -0.5188179016113281,
            0.0
          ],
          [
            0.027402648702263832,
            0.5183940529823303,
            0.8547027111053467,
            0.0
          ],
          [
            0.0,
            0.0,
            0.0,
            1.0
          ]
        ],
        "rotation_mode": "QUATERNION"
      },
      "armature_space": {
        "head": {
          "x": 0.4760340452194214,
          "y": -0.27317655086517334,
          "z": 0.5546345710754395
        },
        "tail": {
          "x": 0.4816814959049225,
          "y": -0.3046853840351105,
          "z": 0.5430618524551392
        }
      },
      "world_space": {
        "head": {
          "x": 0.4760340452194214,
          "y": -0.20993255078792572,
          "z": 1.5044885873794556
        },
        "tail": {
          "x": 0.4816814959049225,
          "y": -0.24144138395786285,
          "z": 1.4929158687591553
        },
        "rotation_quaternion": {
          "w": 0.18016530573368073,
          "x": -0.6711364984512329,
          "y": 0.06855926662683487,
          "z": -0.7158323526382446
        },
        "matrix": [
          [
            -0.03423270583152771,
            0.16591346263885498,
            0.9855457544326782,
            0.4760340452194214
          ],
          [
            -0.34996142983436584,
            -0.9256801009178162,
            0.14367946982383728,
            -0.20993255078792572
          ],
          [
            0.9361444711685181,
            -0.33998772501945496,
            0.08975280076265335,
            1.5044885873794556
          ],
          [
            0.0,
            0.0,
            0.0,
            1.0
          ]
        ]
      },
      "bone_length_armature_space": 0.03403862540946951,
      "parent": "metacarpal_thumb_l",
      "has_children": true,
      "is_end_bone": false
    },
    "thumb_02_l": {
      "name": "thumb_02_l",
      "local": {
        "location": {
          "x": 0.0,
          "y": 0.0,
          "z": 0.0
        },
        "rotation_quaternion": {
          "w": 0.8886170387268066,
          "x": 0.4586179852485657,
          "y": 0.0041664098389446735,
          "z": 0.003460276871919632
        },
        "scale": {
          "x": 1.0,
          "y": 1.0,
          "z": 1.0
        },
        "matrix_basis": [
          [
            0.999941349029541,
            -0.0023281408939510584,
            0.010578575544059277,
            0.0
          ],
          [
            0.009971302933990955,
            0.5793151259422302,
            -0.8150426745414734,
            0.0
          ],
          [
            -0.004230794962495565,
            0.815100371837616,
            0.5793043971061707,
            0.0
          ],
          [
            0.0,
            0.0,
            0.0,
            1.0
          ]
        ],
        "rotation_mode": "QUATERNION"
      },
      "armature_space": {
        "head": {
          "x": 0.4816814363002777,
          "y": -0.3046853542327881,
          "z": 0.5430618524551392
        },
        "tail": {
          "x": 0.5054495334625244,
          "y": -0.29322126507759094,
          "z": 0.5733413100242615
        }
      },
      "world_space": {
        "head": {
          "x": 0.4816814363002777,
          "y": -0.24144135415554047,
          "z": 1.4929158687591553
        },
        "tail": {
          "x": 0.5054495334625244,
          "y": -0.22997726500034332,
          "z": 1.5231952667236328
        },
        "rotation_quaternion": {
          "w": 0.3663442134857178,
          "x": -0.11343254148960114,
          "y": -0.7130956649780273,
          "z": -0.5868726372718811
        },
        "matrix": [
          [
            -0.7058507800102234,
            0.5917707085609436,
            -0.3893350064754486,
            0.4816814363002777
          ],
          [
            -0.26821547746658325,
            0.2854292392730713,
            0.9201037883758545,
            -0.24144135415554047
          ],
          [
            0.6556221842765808,
            0.7538872361183167,
            -0.04274779558181763,
            1.4929158687591553
          ],
          [
            0.0,
            0.0,
            0.0,
            1.0
          ]
        ]
      },
      "bone_length_armature_space": 0.04016457868275009,
      "parent": "thumb_01_l",
      "has_children": true,
      "is_end_bone": false
    },
    "thumb_03_l": {
      "name": "thumb_03_l",
      "local": {
        "location": {
          "x": 0.0,
          "y": 0.0,
          "z": 0.0
        },
        "rotation_quaternion": {
          "w": 0.9920344352722168,
          "x": 0.12587514519691467,
          "y": -0.001484316773712635,
          "z": 0.004575064871460199
        },
        "scale": {
          "x": 1.0,
          "y": 1.0,
          "z": 1.0
        },
        "matrix_basis": [
          [
            0.9999537467956543,
            -0.009450920857489109,
            -0.0017932128394022584,
            0.0
          ],
          [
            0.008703566156327724,
            0.9682690501213074,
            -0.2497585415840149,
            0.0
          ],
          [
            0.004096760414540768,
            0.2497313767671585,
            0.9683064818382263,
            0.0
          ],
          [
            0.0,
            0.0,
            0.0,
            1.0
          ]
        ],
        "rotation_mode": "QUATERNION"
      },
      "armature_space": {
        "head": {
          "x": 0.5054495334625244,
          "y": -0.2932213544845581,
          "z": 0.5733413100242615
        },
        "tail": {
          "x": 0.5167508125305176,
          "y": -0.2713726758956909,
          "z": 0.591280460357666
        }
      },
      "world_space": {
        "head": {
          "x": 0.5054495334625244,
          "y": -0.22997735440731049,
          "z": 1.5231952667236328
        },
        "tail": {
          "x": 0.5167508125305176,
          "y": -0.2081286758184433,
          "z": 1.5411344766616821
        },
        "rotation_quaternion": {
          "w": 0.5642110109329224,
          "x": 0.034666817635297775,
          "y": -0.7351793050765991,
          "z": -0.37413325905799866
        },
        "matrix": [
          [
            -0.36092960834503174,
            0.37120532989501953,
            -0.8555326461791992,
            0.5054495334625244
          ],
          [
            -0.4731515645980835,
            0.7176469564437866,
            0.5109901428222656,
            -0.22997735440731049
          ],
          [
            0.8036576509475708,
            0.5892329812049866,
            -0.08338389545679092,
            1.5231952667236328
          ],
          [
            0.0,
            0.0,
            0.0,
            1.0
          ]
        ]
      },
      "bone_length_armature_space": 0.030444979383632997,
      "parent": "thumb_02_l",
      "has_children": false,
      "is_end_bone": true
    },
    "metacarpal_index_l": {
      "name": "metacarpal_index_l",
      "local": {
        "location": {
          "x": 0.0,
          "y": 0.0,
          "z": 0.0
        },
        "rotation_quaternion": {
          "w": 0.9992245435714722,
          "x": -0.032750919461250305,
          "y": -0.013042001985013485,
          "z": 0.017541170120239258
        },
        "scale": {
          "x": 1.0,
          "y": 1.0,
          "z": 1.0
        },
        "matrix_basis": [
          [
            0.9990444183349609,
            -0.03420086205005646,
            -0.027212755754590034,
            0.0
          ],
          [
            0.03590941056609154,
            0.997239351272583,
            0.06499350070953369,
            0.0
          ],
          [
            0.024914797395467758,
            -0.06590858846902847,
            0.997514545917511,
            0.0
          ],
          [
            0.0,
            0.0,
            0.0,
            1.0
          ]
        ],
        "rotation_mode": "QUATERNION"
      },
      "armature_space": {
        "head": {
          "x": 0.4863424301147461,
          "y": -0.23100394010543823,
          "z": 0.530785083770752
        },
        "tail": {
          "x": 0.5055227279663086,
          "y": -0.32662728428840637,
          "z": 0.595727801322937
        }
      },
      "world_space": {
        "head": {
          "x": 0.4863424301147461,
          "y": -0.1677599400281906,
          "z": 1.480639100074768
        },
        "tail": {
          "x": 0.5055227279663086,
          "y": -0.26338326930999756,
          "z": 1.5455818176269531
        },
        "rotation_quaternion": {
          "w": 0.3013361692428589,
          "x": 0.8779923915863037,
          "y": -0.03389540687203407,
          "z": -0.37037426233291626
        },
        "matrix": [
          [
            0.7233483791351318,
            0.16369377076625824,
            -0.6707988381385803,
            0.4863424301147461
          ],
          [
            -0.2827339172363281,
            -0.8160957098007202,
            -0.5040333867073059,
            -0.1677599400281906
          ],
          [
            -0.6299477815628052,
            0.5542525053024292,
            -0.5440441370010376,
            1.480639100074768
          ],
          [
            0.0,
            0.0,
            0.0,
            1.0
          ]
        ]
      },
      "bone_length_armature_space": 0.11717194314852436,
      "parent": "lowerarm_l",
      "has_children": true,
      "is_end_bone": false
    },
    "index_01_l": {
      "name": "index_01_l",
      "local": {
        "location": {
          "x": 0.0,
          "y": 0.0,
          "z": 0.0
        },
        "rotation_quaternion": {
          "w": 0.9511373043060303,
          "x": 0.3086845576763153,
          "y": -0.0040617696940898895,
          "z": 0.005936186760663986
        },
        "scale": {
          "x": 1.0,
          "y": 1.0,
          "z": 1.0
        },
        "matrix_basis": [
          [
            0.9998965263366699,
            -0.013799868524074554,
            -0.0040617831982672215,
            0.0
          ],
          [
            0.008784646168351173,
            0.809357225894928,
            -0.5872510075569153,
            0.0
          ],
          [
            0.011391419917345047,
            0.5871545672416687,
            0.8093947172164917,
            0.0
          ],
          [
            0.0,
            0.0,
            0.0,
            1.0
          ]
        ],
        "rotation_mode": "QUATERNION"
      },
      "armature_space": {
        "head": {
          "x": 0.5055227279663086,
          "y": -0.32662728428840637,
          "z": 0.595727801322937
        },
        "tail": {
          "x": 0.5064736604690552,
          "y": -0.3551234006881714,
          "z": 0.5960969924926758
        }
      },
      "world_space": {
        "head": {
          "x": 0.5055227279663086,
          "y": -0.26338326930999756,
          "z": 1.5455818176269531
        },
        "tail": {
          "x": 0.5064736604690552,
          "y": -0.29187941551208496,
          "z": 1.545951008796692
        },
        "rotation_quaternion": {
          "w": 0.013053035363554955,
          "x": 0.9014086723327637,
          "y": 0.012234202586114407,
          "z": -0.4325995445251465
        },
        "matrix": [
          [
            0.6254157423973083,
            0.033349692821502686,
            -0.779578447341919,
            0.5055227279663086
          ],
          [
            0.010762425139546394,
            -0.9993600845336914,
            -0.03411775827407837,
            -0.26338326930999756
          ],
          [
            -0.7802227735519409,
            0.01294681429862976,
            -0.6253790259361267,
            1.5455818176269531
          ],
          [
            0.0,
            0.0,
            0.0,
            1.0
          ]
        ]
      },
      "bone_length_armature_space": 0.02851436876131245,
      "parent": "metacarpal_index_l",
      "has_children": true,
      "is_end_bone": false
    },
    "index_02_l": {
      "name": "index_02_l",
      "local": {
        "location": {
          "x": 0.0,
          "y": 0.0,
          "z": 0.0
        },
        "rotation_quaternion": {
          "w": 0.89808189868927,
          "x": 0.4397983253002167,
          "y": -0.004256616346538067,
          "z": 0.0028928876854479313
        },
        "scale": {
          "x": 1.0,
          "y": 1.0,
          "z": 1.0
        },
        "matrix_basis": [
          [
            0.9999470114707947,
            -0.008940205909311771,
            -0.0051010060124099255,
            0.0
          ],
          [
            0.0014519946416839957,
            0.6131381392478943,
            -0.7899744510650635,
            0.0
          ],
          [
            0.010190154425799847,
            0.789925217628479,
            0.6131186485290527,
            0.0
          ],
          [
            0.0,
            0.0,
            0.0,
            1.0
          ]
        ],
        "rotation_mode": "QUATERNION"
      },
      "armature_space": {
        "head": {
          "x": 0.5064733028411865,
          "y": -0.3551237881183624,
          "z": 0.5960969924926758
        },
        "tail": {
          "x": 0.49104487895965576,
          "y": -0.3722536563873291,
          "z": 0.5848442912101746
        }
      },
      "world_space": {
        "head": {
          "x": 0.5064733028411865,
          "y": -0.2918797731399536,
          "z": 1.545951008796692
        },
        "tail": {
          "x": 0.49104487895965576,
          "y": -0.3090096712112427,
          "z": 1.534698247909546
        },
        "rotation_quaternion": {
          "w": 0.3675830364227295,
          "x": -0.8040415644645691,
          "y": 0.17609742283821106,
          "z": 0.4328853487968445
        },
        "matrix": [
          [
            0.5632004737854004,
            -0.6014214158058167,
            -0.5666544437408447,
            0.5064733028411865
          ],
          [
            0.03506164997816086,
            -0.6677460670471191,
            0.7435632348060608,
            -0.2918797731399536
          ],
          [
            -0.8255816698074341,
            -0.4386468231678009,
            -0.35499000549316406,
            1.545951008796692
          ],
          [
            0.0,
            0.0,
            0.0,
            1.0
          ]
        ]
      },
      "bone_length_armature_space": 0.02565330249551306,
      "parent": "index_01_l",
      "has_children": true,
      "is_end_bone": false
    },
    "index_03_l": {
      "name": "index_03_l",
      "local": {
        "location": {
          "x": 0.0,
          "y": 0.0,
          "z": 0.0
        },
        "rotation_quaternion": {
          "w": 0.9326122999191284,
          "x": 0.3608228862285614,
          "y": -0.006399907171726227,
          "z": -0.0005095451488159597
        },
        "scale": {
          "x": 1.0,
          "y": 1.0,
          "z": 1.0
        },
        "matrix_basis": [
          [
            0.9999175667762756,
            -0.003668049816042185,
            -0.012304975651204586,
            0.0
          ],
          [
            -0.0055688819848001,
            0.7396131753921509,
            -0.6730092167854309,
            0.0
          ],
          [
            0.011569553054869175,
            0.6730222702026367,
            0.7395317554473877,
            0.0
          ],
          [
            0.0,
            0.0,
            0.0,
            1.0
          ]
        ],
        "rotation_mode": "QUATERNION"
      },
      "armature_space": {
        "head": {
          "x": 0.49104493856430054,
          "y": -0.37225377559661865,
          "z": 0.5848443508148193
        },
        "tail": {
          "x": 0.46889835596084595,
          "y": -0.36927998065948486,
          "z": 0.566018283367157
        }
      },
      "world_space": {
        "head": {
          "x": 0.49104493856430054,
          "y": -0.3090097904205322,
          "z": 1.5346983671188354
        },
        "tail": {
          "x": 0.46889835596084595,
          "y": -0.30603599548339844,
          "z": 1.5158722400665283
        },
        "rotation_quaternion": {
          "w": 0.6809747815132141,
          "x": -0.6013326644897461,
          "y": 0.29523083567619324,
          "z": 0.2958226799964905
        },
        "matrix": [
          [
            0.6506550312042236,
            -0.75795978307724,
            0.046312570571899414,
            0.49104493856430054
          ],
          [
            0.04783480241894722,
            0.10177665948867798,
            0.9936567544937134,
            -0.3090097904205322
          ],
          [
            -0.7578703761100769,
            -0.6443170309066772,
            0.10248002409934998,
            1.5346983671188354
          ],
          [
            0.0,
            0.0,
            0.0,
            1.0
          ]
        ]
      },
      "bone_length_armature_space": 0.02921875076126904,
      "parent": "index_02_l",
      "has_children": false,
      "is_end_bone": true
    },
    "metacarpal_pinky_l": {
      "name": "metacarpal_pinky_l",
      "local": {
        "location": {
          "x": 0.0,
          "y": 0.0,
          "z": 0.0
        },
        "rotation_quaternion": {
          "w": 0.9997087717056274,
          "x": -0.014794139191508293,
          "y": 0.014120682142674923,
          "z": -0.012815961614251137
        },
        "scale": {
          "x": 1.0,
          "y": 1.0,
          "z": 1.0
        },
        "matrix_basis": [
          [
            0.9992727041244507,
            0.02520665153861046,
            0.028612341731786728,
            0.0
          ],
          [
            -0.026042265817523003,
            0.9992337822914124,
            0.02921772189438343,
            0.0
          ],
          [
            -0.027853937819600105,
            -0.029941601678729057,
            0.9991635084152222,
            0.0
          ],
          [
            0.0,
            0.0,
            0.0,
            1.0
          ]
        ],
        "rotation_mode": "QUATERNION"
      },
      "armature_space": {
        "head": {
          "x": 0.4863424301147461,
          "y": -0.23100394010543823,
          "z": 0.530785083770752
        },
        "tail": {
          "x": 0.5568624138832092,
          "y": -0.3002835512161255,
          "z": 0.5635034441947937
        }
      },
      "world_space": {
        "head": {
          "x": 0.4863424301147461,
          "y": -0.1677599400281906,
          "z": 1.480639100074768
        },
        "tail": {
          "x": 0.5568624138832092,
          "y": -0.23703955113887787,
          "z": 1.513357400894165
        },
        "rotation_quaternion": {
          "w": 0.36676058173179626,
          "x": -0.02231699414551258,
          "y": -0.18118974566459656,
          "z": -0.9122274518013
        },
        "matrix": [
          [
            -0.7299769520759583,
            0.6772252321243286,
            -0.0921909287571907,
            0.4863424301147461
          ],
          [
            -0.661051332950592,
            -0.6653137803077698,
            0.346942663192749,
            -0.1677599400281906
          ],
          [
            0.17362302541732788,
            0.31420475244522095,
            0.9333512187004089,
            1.480639100074768
          ],
          [
            0.0,
            0.0,
            0.0,
            1.0
          ]
        ]
      },
      "bone_length_armature_space": 0.1041308001645351,
      "parent": "lowerarm_l",
      "has_children": true,
      "is_end_bone": false
    },
    "pinky_01_l": {
      "name": "pinky_01_l",
      "local": {
        "location": {
          "x": 0.0,
          "y": 0.0,
          "z": 0.0
        },
        "rotation_quaternion": {
          "w": 0.9472471475601196,
          "x": 0.3196393847465515,
          "y": 0.020476527512073517,
          "z": 0.011592532508075237
        },
        "scale": {
          "x": 1.0,
          "y": 1.0,
          "z": 1.0
        },
        "matrix_basis": [
          [
            0.9988926649093628,
            -0.008871776983141899,
            0.04620352387428284,
            0.0
          ],
          [
            0.03505219519138336,
            0.7953925728797913,
            -0.605080246925354,
            0.0
          ],
          [
            -0.03138180449604988,
            0.606029748916626,
            0.7948227524757385,
            0.0
          ],
          [
            0.0,
            0.0,
            0.0,
            1.0
          ]
        ],
        "rotation_mode": "QUATERNION"
      },
      "armature_space": {
        "head": {
          "x": 0.5568624138832092,
          "y": -0.3002835512161255,
          "z": 0.5635034441947937
        },
        "tail": {
