{
  "metadata": {
    "armature_name": "KIM_caucasian_male",
    "export_time": "2026-01-13T19:11:18.760496",
    "blender_version": "4.4.1",
    "bone_count": 56,
    "end_bone_count": 13,
    "spaces_included": [
      "LOCAL_CHANNELS",
      "ARMATURE_SPACE",
      "WORLD_SPACE"
    ],
    "note": "LOCAL matches Transform panel; replay pose via local.matrix_basis for best fidelity."
  },
  "bones": {
    "Root": {
      "name": "Root",
      "local": {
        "location": {
          "x": 0.0,
          "y": 0.0,
          "z": 0.0
        },
        "rotation_quaternion": {
          "w": 0.9998427629470825,
          "x": 0.0007218642276711762,
          "y": -0.016368618234992027,
          "z": -0.006797799840569496
        },
        "scale": {
          "x": 1.0,
          "y": 1.0,
          "z": 1.0
        },
        "matrix_basis": [
          [
            0.9993717074394226,
            0.013569829985499382,
            -0.03274190425872803,
            0.0
          ],
          [
            -0.013617093674838543,
            0.9999065399169922,
            -0.0012209602864459157,
            0.0
          ],
          [
            0.03272227570414543,
            0.001666042604483664,
            0.9994630813598633,
            0.0
          ],
          [
            0.0,
            0.0,
            0.0,
            1.0
          ]
        ],
        "rotation_mode": "QUATERNION"
      },
      "armature_space": {
        "head": {
          "x": 0.0,
          "y": 0.07072800397872925,
          "z": -0.009595036506652832
        },
        "tail": {
          "x": 0.00096855842275545,
          "y": -9.372830390930176e-06,
          "z": -0.00011873338371515274
        }
      },
      "world_space": {
        "head": {
          "x": 0.0,
          "y": 0.13397200405597687,
          "z": 0.9402589797973633
        },
        "tail": {
          "x": 0.00096855842275545,
          "y": 0.06323462724685669,
          "z": 0.9497352838516235
        },
        "rotation_quaternion": {
          "w": 0.0666368305683136,
          "x": 0.9976198673248291,
          "y": 0.005679638125002384,
          "z": -0.01678938791155815
        },
        "matrix": [
          [
            0.9993717074394226,
            0.013569829985499382,
            -0.03274190425872803,
            0.0
          ],
          [
            0.00909464806318283,
            -0.9910545349121094,
            -0.13314762711524963,
            0.13397200405597687
          ],
          [
            -0.03425603359937668,
            0.13276620209217072,
            -0.9905623197555542,
            0.9402589797973633
          ],
          [
            0.0,
            0.0,
            0.0,
            1.0
          ]
        ]
      },
      "bone_length_armature_space": 0.0713758700590091,
      "parent": null,
      "has_children": true,
      "is_end_bone": false
    },
    "spine_01": {
      "name": "spine_01",
      "local": {
        "location": {
          "x": 0.0,
          "y": 0.0,
          "z": 0.0
        },
        "rotation_quaternion": {
          "w": 0.9968158006668091,
          "x": -0.043347012251615524,
          "y": 0.0007753595127724111,
          "z": -0.06692404299974442
        },
        "scale": {
          "x": 1.0,
          "y": 1.0,
          "z": 1.0
        },
        "matrix_basis": [
          [
            0.9910411238670349,
            0.13335466384887695,
            0.007347695995122194,
            0.0
          ],
          [
            -0.13348910212516785,
            0.9872844219207764,
            0.08631419390439987,
            0.0
          ],
          [
            0.004256133455783129,
            -0.08652175217866898,
            0.9962408542633057,
            0.0
          ],
          [
            0.0,
            0.0,
            0.0,
            1.0
          ]
        ],
        "rotation_mode": "QUATERNION"
      },
      "armature_space": {
        "head": {
          "x": 0.00096855842275545,
          "y": -9.372830390930176e-06,
          "z": -0.00011873338371515274
        },
        "tail": {
          "x": 0.08184468746185303,
          "y": 0.06465719640254974,
          "z": 0.4767730236053467
        }
      },
      "world_space": {
        "head": {
          "x": 0.00096855842275545,
          "y": 0.06323462724685669,
          "z": 0.9497352838516235
        },
        "tail": {
          "x": 0.08184468746185303,
          "y": 0.12790119647979736,
          "z": 1.4266270399093628
        },
        "rotation_quaternion": {
          "w": 0.7498884201049805,
          "x": 0.6562338471412659,
          "y": 0.06263966858386993,
          "z": -0.05568615719676018
        },
        "matrix": [
          [
            0.9859506487846375,
            0.1657293438911438,
            0.020858218893408775,
            0.00096855842275545
          ],
          [
            -0.001305396668612957,
            0.1325131207704544,
            -0.9911804795265198,
            0.06323462724685669
          ],
          [
            -0.167032852768898,
            0.9772347211837769,
            0.13086776435375214,
            0.9497352838516235
          ],
          [
            0.0,
            0.0,
            0.0,
            1.0
          ]
        ]
      },
      "bone_length_armature_space": 0.48800457697606225,
      "parent": "Root",
      "has_children": true,
      "is_end_bone": false
    },
    "neck_01": {
      "name": "neck_01",
      "local": {
        "location": {
          "x": 0.0,
          "y": 0.0,
          "z": 0.0
        },
        "rotation_quaternion": {
          "w": 0.9898576736450195,
          "x": -0.06496532261371613,
          "y": 0.023069588467478752,
          "z": -0.12421446293592453
        },
        "scale": {
          "x": 1.0,
          "y": 1.0,
          "z": 1.0
        },
        "matrix_basis": [
          [
            0.9680771231651306,
            0.24291183054447174,
            0.061810482293367386,
            0.0
          ],
          [
            -0.24890673160552979,
            0.9607005715370178,
            0.1228816956281662,
            0.0
          ],
          [
            -0.02953195385634899,
            -0.13434399664402008,
            0.9904946088790894,
            0.0
          ],
          [
            0.0,
            0.0,
            0.0,
            1.0
          ]
        ],
        "rotation_mode": "QUATERNION"
      },
      "armature_space": {
        "head": {
          "x": 0.09470250457525253,
          "y": 0.03998502716422081,
          "z": 0.5528631806373596
        },
        "tail": {
          "x": 0.135759174823761,
          "y": 0.028217684477567673,
          "z": 0.6460652351379395
        }
      },
      "world_space": {
        "head": {
          "x": 0.09470250457525253,
          "y": 0.10322903096675873,
          "z": 1.5027172565460205
        },
        "tail": {
          "x": 0.135759174823761,
          "y": 0.09146168828010559,
          "z": 1.5959192514419556
        },
        "rotation_quaternion": {
          "w": 0.6442329287528992,
          "x": 0.7367289066314697,
          "y": 0.16605493426322937,
          "z": -0.12091464549303055
        },
        "matrix": [
          [
            0.9156106114387512,
            0.40046945214271545,
            0.03579554334282875,
            0.09470250457525253
          ],
          [
            0.08888278901576996,
            -0.11477944254875183,
            -0.989406943321228,
            0.10322903096675873
          ],
          [
            -0.39212125539779663,
            0.9090991020202637,
            -0.14068998396396637,
            1.5027172565460205
          ],
          [
            0.0,
            0.0,
            0.0,
            1.0
          ]
        ]
      },
      "bone_length_armature_space": 0.10252191550640417,
      "parent": "spine_01",
      "has_children": true,
      "is_end_bone": false
    },
    "head": {
      "name": "head",
      "local": {
        "location": {
          "x": 0.0,
          "y": 0.0,
          "z": 0.0
        },
        "rotation_quaternion": {
          "w": 0.9849584102630615,
          "x": -0.05182615667581558,
          "y": -0.05006490275263786,
          "z": -0.15704914927482605
        },
        "scale": {
          "x": 1.0,
          "y": 1.0,
          "z": 1.0
        },
        "matrix_basis": [
          [
            0.9456581473350525,
            0.3145630955696106,
            -0.08234518766403198,
            0.0
          ],
          [
            -0.3041844069957733,
            0.9452992081642151,
            0.11781851947307587,
            0.0
          ],
          [
            0.11490219831466675,
            -0.08636792004108429,
            0.9896150827407837,
            0.0
          ],
          [
            0.0,
            0.0,
            0.0,
            1.0
          ]
        ],
        "rotation_mode": "QUATERNION"
      },
      "armature_space": {
        "head": {
          "x": 0.1357591450214386,
          "y": 0.028217541053891182,
          "z": 0.6460651755332947
        },
        "tail": {
          "x": 0.23087486624717712,
          "y": 0.08207505196332932,
          "z": 0.7560902833938599
        }
      },
      "world_space": {
        "head": {
          "x": 0.1357591450214386,
          "y": 0.09146153926849365,
          "z": 1.595919132232666
        },
        "tail": {
          "x": 0.23087486624717712,
          "y": 0.14531904458999634,
          "z": 1.705944299697876
        },
        "rotation_quaternion": {
          "w": 0.784088671207428,
          "x": 0.5232917070388794,
          "y": 0.24256420135498047,
          "z": -0.22920173406600952
        },
        "matrix": [
          [
            0.7772585153579712,
            0.6132928133010864,
            0.14050334692001343,
            0.1357591450214386
          ],
          [
            -0.10556807368993759,
            0.34726572036743164,
            -0.9318060278892517,
            0.09146153926849365
          ],
          [
            -0.6202662587165833,
            0.7094265222549438,
            0.33466070890426636,
            1.595919132232666
          ],
          [
            0.0,
            0.0,
            0.0,
            1.0
          ]
        ]
      },
      "bone_length_armature_space": 0.15509080192437685,
      "parent": "neck_01",
      "has_children": false,
      "is_end_bone": true
    },
    "upperarm_l": {
      "name": "upperarm_l",
      "local": {
        "location": {
          "x": 0.0,
          "y": 0.0,
          "z": 0.0
        },
        "rotation_quaternion": {
          "w": 0.7378631830215454,
          "x": -0.3000745475292206,
          "y": 0.5321443676948547,
          "z": -0.2869419753551483
        },
        "scale": {
          "x": 1.0,
          "y": 1.0,
          "z": 1.0
        },
        "matrix_basis": [
          [
            0.26897335052490234,
            0.10408187657594681,
            0.9575074315071106,
            0.0
          ],
          [
            -0.7428138256072998,
            0.6552391648292542,
            0.1374388039112091,
            0.0
          ],
          [
            -0.6130915284156799,
            -0.7482170462608337,
            0.2535552680492401,
            0.0
          ],
          [
            0.0,
            0.0,
            0.0,
            1.0
          ]
        ],
        "rotation_mode": "QUATERNION"
      },
      "armature_space": {
        "head": {
          "x": 0.231523334980011,
          "y": 0.027722306549549103,
          "z": 0.4625478684902191
        },
        "tail": {
          "x": 0.38743722438812256,
          "y": 0.22995534539222717,
          "z": 0.3813053071498871
        }
      },
      "world_space": {
        "head": {
          "x": 0.231523334980011,
          "y": 0.09096630662679672,
          "z": 1.4124019145965576
        },
        "tail": {
          "x": 0.38743722438812256,
          "y": 0.293199360370636,
          "z": 1.3311593532562256
        },
        "rotation_quaternion": {
          "w": 0.03958195075392723,
          "x": 0.3034715950489044,
          "y": 0.9358295798301697,
          "z": -0.17481838166713715
        },
        "matrix": [
          [
            -0.8126764893531799,
            0.5818345546722412,
            -0.032021500170230865,
            0.231523334980011
          ],
          [
            0.5541563630104065,
            0.7546870112419128,
            -0.3512246608734131,
            0.09096630662679672
          ],
          [
            -0.18018916249275208,
            -0.30317848920822144,
            -0.9357504844665527,
            1.4124019145965576
          ],
          [
            0.0,
            0.0,
            0.0,
            1.0
          ]
        ]
      },
      "bone_length_armature_space": 0.2679695864795052,
      "parent": "spine_01",
      "has_children": true,
      "is_end_bone": false
    },
    "lowerarm_l": {
      "name": "lowerarm_l",
      "local": {
        "location": {
          "x": 0.0,
          "y": 0.0,
          "z": 0.0
        },
        "rotation_quaternion": {
          "w": 0.9247150421142578,
          "x": 0.1937617063522339,
          "y": -0.052775539457798004,
          "z": 0.32337790727615356
        },
        "scale": {
          "x": 1.0,
          "y": 1.0,
          "z": 1.0
        },
        "matrix_basis": [
          [
            0.7852829694747925,
            -0.6185165643692017,
            0.027711840346455574,
            0.0
          ],
          [
            0.5776130557060242,
            0.7157662510871887,
            -0.39248162508010864,
            0.0
          ],
          [
            0.22292117774486542,
            0.324215829372406,
            0.9193422794342041,
            0.0
          ],
          [
            0.0,
            0.0,
            0.0,
            1.0
          ]
        ],
        "rotation_mode": "QUATERNION"
      },
      "armature_space": {
        "head": {
          "x": 0.3874373435974121,
          "y": 0.22995534539222717,
          "z": 0.3813052475452423
        },
        "tail": {
          "x": 0.6372025012969971,
          "y": 0.22419869899749756,
          "z": 0.285630464553833
        }
      },
      "world_space": {
        "head": {
          "x": 0.3874373435974121,
          "y": 0.293199360370636,
          "z": 1.331159234046936
        },
        "tail": {
          "x": 0.6372025012969971,
          "y": 0.287442684173584,
          "z": 1.2354844808578491
        },
        "rotation_quaternion": {
          "w": 0.1521807461977005,
          "x": 0.5957772731781006,
          "y": 0.6827029585838318,
          "z": -0.3947241008281708
        },
        "matrix": [
          [
            -0.24377912282943726,
            0.9336162209510803,
            -0.26254940032958984,
            0.3874373435974121
          ],
          [
            0.6933407187461853,
            -0.021518200635910034,
            -0.720288872718811,
            0.293199360370636
          ],
          [
            -0.6781271696090698,
            -0.35763007402420044,
            -0.6420736312866211,
            1.331159234046936
          ],
          [
            0.0,
            0.0,
            0.0,
            1.0
          ]
        ]
      },
      "bone_length_armature_space": 0.2675246489943724,
      "parent": "upperarm_l",
      "has_children": true,
      "is_end_bone": false
    },
    "metacarpal_thumb_l": {
      "name": "metacarpal_thumb_l",
      "local": {
        "location": {
          "x": 0.0,
          "y": 0.0,
          "z": 0.0
        },
        "rotation_quaternion": {
          "w": 0.9973877668380737,
          "x": -0.071375772356987,
          "y": 0.011034545488655567,
          "z": 0.0011473229387775064
        },
        "scale": {
          "x": 1.0,
          "y": 1.0,
          "z": 1.0
        },
        "matrix_basis": [
          [
            0.9997538328170776,
            -0.0038638501428067684,
            0.021847659721970558,
            0.0
          ],
          [
            0.000713453337084502,
            0.9898083806037903,
            0.1424039602279663,
            0.0
          ],
          [
            -0.022175222635269165,
            -0.14235332608222961,
            0.9895674586296082,
            0.0
          ],
          [
            0.0,
            0.0,
            0.0,
            1.0
          ]
        ],
        "rotation_mode": "QUATERNION"
      },
      "armature_space": {
        "head": {
          "x": 0.6372025012969971,
          "y": 0.22419869899749756,
          "z": 0.285630464553833
        },
        "tail": {
          "x": 0.6662099957466125,
          "y": 0.20359811186790466,
          "z": 0.2511662542819977
        }
      },
      "world_space": {
        "head": {
          "x": 0.6372025012969971,
          "y": 0.287442684173584,
          "z": 1.2354844808578491
        },
        "tail": {
          "x": 0.6662099957466125,
          "y": 0.2668421268463135,
          "z": 1.2010202407836914
        },
        "rotation_quaternion": {
          "w": 0.4096638858318329,
          "x": -0.8413455486297607,
          "y": -0.35246288776397705,
          "z": 0.009122216142714024
        },
        "matrix": [
          [
            0.7513721585273743,
            0.5856121778488159,
            -0.3041345179080963,
            0.6372025012969971
          ],
          [
            0.6005620360374451,
            -0.41589048504829407,
            0.6829060316085815,
            0.287442684173584
          ],
          [
            0.273434042930603,
            -0.6957734823226929,
            -0.6641891598701477,
            1.2354844808578491
          ],
          [
            0.0,
            0.0,
            0.0,
            1.0
          ]
        ]
      },
      "bone_length_armature_space": 0.0495338344463799,
      "parent": "lowerarm_l",
      "has_children": true,
      "is_end_bone": false
    },
    "thumb_01_l": {
      "name": "thumb_01_l",
      "local": {
        "location": {
          "x": 0.0,
          "y": 0.0,
          "z": 0.0
        },
        "rotation_quaternion": {
          "w": 0.9816096425056458,
          "x": 0.18933536112308502,
          "y": -0.022521963343024254,
          "z": 0.009361360222101212
        },
        "scale": {
          "x": 1.0,
          "y": 1.0,
          "z": 1.0
        },
        "matrix_basis": [
          [
            0.9988102316856384,
            -0.026906810700893402,
            -0.04067067801952362,
            0.0
          ],
          [
            0.00984999444335699,
            0.9281289577484131,
            -0.37212851643562317,
            0.0
          ],
          [
            0.04776042699813843,
            0.37128517031669617,
            0.9272897839546204,
            0.0
          ],
          [
            0.0,
            0.0,
            0.0,
            1.0
          ]
        ],
        "rotation_mode": "QUATERNION"
      },
      "armature_space": {
        "head": {
          "x": 0.6662099957466125,
          "y": 0.20359811186790466,
          "z": 0.2511662542819977
        },
        "tail": {
          "x": 0.67755126953125,
          "y": 0.21717569231987,
          "z": 0.22208599746227264
        }
      },
      "world_space": {
        "head": {
          "x": 0.6662099957466125,
          "y": 0.2668421268463135,
          "z": 1.2010202407836914
        },
        "tail": {
          "x": 0.67755126953125,
          "y": 0.2804197072982788,
          "z": 1.1719399690628052
        },
        "rotation_quaternion": {
          "w": 0.803954541683197,
          "x": -0.436103880405426,
          "y": 0.23043769598007202,
          "z": -0.33221858739852905
        },
        "matrix": [
          [
            0.6730576157569885,
            0.3331882357597351,
            0.6602868437767029,
            0.6662099957466125
          ],
          [
            -0.7351676821708679,
            0.3988880515098572,
            0.5481032133102417,
            0.2668421268463135
          ],
          [
            -0.08076006174087524,
            -0.8543322682380676,
            0.5134281516075134,
            1.2010202407836914
          ],
          [
            0.0,
            0.0,
            0.0,
            1.0
          ]
        ]
      },
      "bone_length_armature_space": 0.0340387501892578,
      "parent": "metacarpal_thumb_l",
      "has_children": true,
      "is_end_bone": false
    },
    "thumb_02_l": {
      "name": "thumb_02_l",
      "local": {
        "location": {
          "x": 0.0,
          "y": 0.0,
          "z": 0.0
        },
        "rotation_quaternion": {
          "w": 0.934443473815918,
          "x": 0.3560330271720886,
          "y": -0.005210546310991049,
          "z": 0.005381160415709019
        },
        "scale": {
          "x": 1.0,
          "y": 1.0,
          "z": 1.0
        },
        "matrix_basis": [
          [
            0.9998877644538879,
            -0.013767033815383911,
            -0.00590618047863245,
            0.0
          ],
          [
            0.006346527487039566,
            0.746423065662384,
            -0.6654415726661682,
            0.0
          ],
          [
            0.013569663278758526,
            0.6653293967247009,
            0.7464266419410706,
            0.0
          ],
          [
            0.0,
            0.0,
            0.0,
            1.0
          ]
        ],
        "rotation_mode": "QUATERNION"
      },
      "armature_space": {
        "head": {
          "x": 0.6775511503219604,
          "y": 0.2171756774187088,
          "z": 0.22208598256111145
        },
        "tail": {
          "x": 0.7116580605506897,
          "y": 0.21109937131404877,
          "z": 0.2424079328775406
        }
      },
      "world_space": {
        "head": {
          "x": 0.6775511503219604,
          "y": 0.2804196774959564,
          "z": 1.1719399690628052
        },
        "tail": {
          "x": 0.7116580605506897,
          "y": 0.2743433713912964,
          "z": 1.1922619342803955
        },
        "rotation_quaternion": {
          "w": 0.6459589600563049,
          "x": 0.3008265197277069,
          "y": -0.08422097563743591,
          "z": -0.6965250968933105
        },
        "matrix": [
          [
            0.015521273948252201,
            0.8491827845573425,
            -0.5278707146644592,
            0.6775511503219604
          ],
          [
            -0.9505248665809631,
            -0.15128594636917114,
            -0.27132147550582886,
            0.2804196774959564
          ],
          [
            -0.31026405096054077,
            0.5059691667556763,
            0.8048264980316162,
            1.1719399690628052
          ],
          [
            0.0,
            0.0,
            0.0,
            1.0
          ]
        ]
      },
      "bone_length_armature_space": 0.0401644672731378,
      "parent": "thumb_01_l",
      "has_children": true,
      "is_end_bone": false
    },
    "thumb_03_l": {
      "name": "thumb_03_l",
      "local": {
        "location": {
          "x": 0.0,
          "y": 0.0,
          "z": 0.0
        },
        "rotation_quaternion": {
          "w": 0.9810396432876587,
          "x": 0.19375932216644287,
          "y": -0.003357422072440386,
          "z": -0.0027440909761935472
        },
        "scale": {
          "x": 1.0,
          "y": 1.0,
          "z": 1.0
        },
        "matrix_basis": [
          [
            0.9999623894691467,
            0.004083060193806887,
            -0.00765091460198164,
            0.0
          ],
          [
            -0.006685187574476004,
            0.9248995780944824,
            -0.38015273213386536,
            0.0
          ],
          [
            0.00552414171397686,
            0.38018956780433655,
            0.9248921275138855,
            0.0
          ],
          [
            0.0,
            0.0,
            0.0,
            1.0
          ]
        ],
        "rotation_mode": "QUATERNION"
      },
      "armature_space": {
        "head": {
          "x": 0.7116581201553345,
          "y": 0.21109934151172638,
          "z": 0.24240784347057343
        },
        "tail": {
          "x": 0.7229791283607483,
          "y": 0.20245590806007385,
          "z": 0.26931557059288025
        }
      },
      "world_space": {
        "head": {
          "x": 0.7116581201553345,
          "y": 0.274343341588974,
          "z": 1.192261815071106
        },
        "tail": {
          "x": 0.7229791283607483,
          "y": 0.26569992303848267,
          "z": 1.2191696166992188
        },
        "rotation_quaternion": {
          "w": 0.5704075694084167,
          "x": 0.6101236343383789,
          "y": -0.18078552186489105,
          "z": -0.5193274617195129
        },
        "matrix": [
          [
            0.39522743225097656,
            0.37185290455818176,
            -0.8399527072906494,
            0.7116581201553345
          ],
          [
            -0.8130618333816528,
            -0.283904492855072,
            -0.5082607865333557,
            0.274343341588974
          ],
          [
            -0.42746827006340027,
            0.8838180899620056,
            0.19013327360153198,
            1.192261815071106
          ],
          [
            0.0,
            0.0,
            0.0,
            1.0
          ]
        ]
      },
      "bone_length_armature_space": 0.030445031363284886,
      "parent": "thumb_02_l",
      "has_children": false,
      "is_end_bone": true
    },
    "metacarpal_index_l": {
      "name": "metacarpal_index_l",
      "local": {
        "location": {
          "x": 0.0,
          "y": 0.0,
          "z": 0.0
        },
        "rotation_quaternion": {
          "w": 0.9995903372764587,
          "x": -0.025339758023619652,
          "y": 0.011274570599198341,
          "z": -0.007074231747537851
        },
        "scale": {
          "x": 1.0,
          "y": 1.0,
          "z": 1.0
        },
        "matrix_basis": [
          [
            0.9996456503868103,
            0.013571277260780334,
            0.022898422554135323,
            0.0
          ],
          [
            -0.014714057557284832,
            0.9986156821250916,
            0.050499238073825836,
            0.0
          ],
          [
            -0.02218138426542282,
            -0.050818271934986115,
            0.9984615445137024,
            0.0
          ],
          [
            0.0,
            0.0,
            0.0,
            1.0
          ]
        ],
        "rotation_mode": "QUATERNION"
      },
      "armature_space": {
        "head": {
          "x": 0.6372025012969971,
          "y": 0.22419869899749756,
          "z": 0.285630464553833
        },
        "tail": {
          "x": 0.7339362502098083,
          "y": 0.20067612826824188,
          "z": 0.22383615374565125
        }
      },
      "world_space": {
        "head": {
          "x": 0.6372025012969971,
          "y": 0.287442684173584,
          "z": 1.2354844808578491
        },
        "tail": {
          "x": 0.7339362502098083,
          "y": 0.2639201283454895,
          "z": 1.1736901998519897
        },
        "rotation_quaternion": {
          "w": 0.23428934812545776,
          "x": -0.7610727548599243,
          "y": -0.5871387124061584,
          "z": 0.14541351795196533
        },
        "matrix": [
          [
            0.26824402809143066,
            0.8255725502967834,
            -0.49646228551864624,
            0.6372025012969971
          ],
          [
            0.9618489146232605,
            -0.20075295865535736,
            0.1858639270067215,
            0.287442684173584
          ],
          [
            0.053779080510139465,
            -0.5273824334144592,
            -0.847932755947113,
            1.2354844808578491
          ],
          [
            0.0,
            0.0,
            0.0,
            1.0
          ]
        ]
      },
      "bone_length_armature_space": 0.11717195109686522,
      "parent": "lowerarm_l",
      "has_children": true,
      "is_end_bone": false
    },
    "index_01_l": {
      "name": "index_01_l",
      "local": {
        "location": {
          "x": 0.0,
          "y": 0.0,
          "z": 0.0
        },
        "rotation_quaternion": {
          "w": 0.977759838104248,
          "x": 0.20938901603221893,
          "y": -0.0029576027300208807,
          "z": 0.011544532142579556
        },
        "scale": {
          "x": 1.0,
          "y": 1.0,
          "z": 1.0
        },
        "matrix_basis": [
          [
            0.9997159242630005,
            -0.023814138025045395,
            -0.0009490539086982608,
            0.0
          ],
          [
            0.021336980164051056,
            0.912045955657959,
            -0.4095326364040375,
            0.0
          ],
          [
            0.010618247091770172,
            0.40939605236053467,
            0.9122949838638306,
            0.0
          ],
          [
            0.0,
            0.0,
            0.0,
            1.0
          ]
        ],
        "rotation_mode": "QUATERNION"
      },
      "armature_space": {
        "head": {
          "x": 0.7339362502098083,
          "y": 0.20067612826824188,
          "z": 0.22383615374565125
        },
        "tail": {
          "x": 0.7536318898200989,
          "y": 0.20562486350536346,
          "z": 0.20381948351860046
        }
      },
      "world_space": {
        "head": {
          "x": 0.7339362502098083,
          "y": 0.2639201283454895,
          "z": 1.1736901998519897
        },
        "tail": {
          "x": 0.7536318898200989,
          "y": 0.2688688635826111,
          "z": 1.153673529624939
        },
        "rotation_quaternion": {
          "w": 0.3474588692188263,
          "x": -0.6096461415290833,
          "y": -0.6826780438423157,
          "z": 0.20384959876537323
        },
        "matrix": [
          [
            -0.015205401927232742,
            0.6907265186309814,
            -0.7229560017585754,
            0.7339362502098083
          ],
          [
            0.9740428924560547,
            0.17355214059352875,
            0.1453292965888977,
            0.2639201283454895
          ],
          [
            0.2258557677268982,
            -0.7019851207733154,
            -0.6754409074783325,
            1.1736901998519897
          ],
          [
            0.0,
            0.0,
            0.0,
            1.0
          ]
        ]
      },
      "bone_length_armature_space": 0.028514475134071137,
      "parent": "metacarpal_index_l",
      "has_children": true,
      "is_end_bone": false
    },
    "index_02_l": {
      "name": "index_02_l",
      "local": {
        "location": {
          "x": 0.0,
          "y": 0.0,
          "z": 0.0
        },
        "rotation_quaternion": {
          "w": 0.8967061042785645,
          "x": 0.44253379106521606,
          "y": 0.0007578454096801579,
          "z": 0.009024262428283691
        },
        "scale": {
          "x": 1.0,
          "y": 1.0,
          "z": 1.0
        },
        "matrix_basis": [
          [
            0.9998359680175781,
            -0.015513477846980095,
            0.009346211329102516,
            0.0
          ],
          [
            0.016854966059327126,
            0.6081647872924805,
            -0.7936318516731262,
            0.0
          ],
          [
            0.006627953145653009,
            0.7936592102050781,
            0.6083265542984009,
            0.0
          ],
          [
            0.0,
            0.0,
            0.0,
            1.0
          ]
        ],
        "rotation_mode": "QUATERNION"
      },
      "armature_space": {
        "head": {
          "x": 0.7536318898200989,
          "y": 0.2056247442960739,
          "z": 0.20381896197795868
        },
        "tail": {
          "x": 0.7506670951843262,
          "y": 0.21012860536575317,
          "z": 0.17873860895633698
        }
      },
      "world_space": {
        "head": {
          "x": 0.7536318898200989,
          "y": 0.26886874437332153,
          "z": 1.1536729335784912
        },
        "tail": {
          "x": 0.7506670951843262,
          "y": 0.2733725905418396,
          "z": 1.128592610359192
        },
        "rotation_quaternion": {
          "w": 0.5478020906448364,
          "x": -0.4028485119342804,
          "y": -0.5363735556602478,
          "z": 0.49992942810058594
        },
        "matrix": [
          [
            -0.07525147497653961,
            -0.11557221412658691,
            -0.9904444217681885,
            0.7536318898200989
          ],
          [
            0.9798796772956848,
            0.17556653916835785,
            -0.09493482112884521,
            0.26886874437332153
          ],
          [
            0.18486280739307404,
            -0.9776670932769775,
            0.1000356674194336,
            1.1536729335784912
          ],
          [
            0.0,
            0.0,
            0.0,
            1.0
          ]
        ]
      },
      "bone_length_armature_space": 0.025653438086371005,
      "parent": "index_01_l",
      "has_children": true,
      "is_end_bone": false
    },
    "index_03_l": {
      "name": "index_03_l",
      "local": {
        "location": {
          "x": 0.0,
          "y": 0.0,
          "z": 0.0
        },
        "rotation_quaternion": {
          "w": 0.9637333154678345,
          "x": 0.26686012744903564,
          "y": -0.0007718425476923585,
          "z": 0.0018114129779860377
        },
        "scale": {
          "x": 1.0,
          "y": 1.0,
          "z": 1.0
        },
        "matrix_basis": [
          [
            0.9999922513961792,
            -0.0039033861830830574,
            -0.0005209129303693771,
            0.0
          ],
          [
            0.0030794900376349688,
            0.8575648069381714,
            -0.5143668055534363,
            0.0
          ],
          [
            0.0024544885382056236,
            0.5143612027168274,
            0.8575701713562012,
            0.0
          ],
          [
            0.0,
            0.0,
            0.0,
            1.0
          ]
        ],
        "rotation_mode": "QUATERNION"
      },
      "armature_space": {
        "head": {
          "x": 0.7506672143936157,
          "y": 0.21012859046459198,
          "z": 0.17873859405517578
        },
        "tail": {
          "x": 0.7307397127151489,
          "y": 0.21572251617908478,
          "z": 0.15811480581760406
        }
      },
      "world_space": {
        "head": {
          "x": 0.7506672143936157,
          "y": 0.2733725905418396,
          "z": 1.128592610359192
        },
        "tail": {
          "x": 0.7307397127151489,
          "y": 0.2789665162563324,
          "z": 1.107968807220459
        },
        "rotation_quaternion": {
          "w": 0.6815826892852783,
          "x": -0.19646602869033813,
          "y": -0.3621755540370941,
          "z": 0.6047106385231018
        },
        "matrix": [
          [
            0.006304835435003042,
            -0.6820118427276611,
            -0.7313138246536255,
            0.7506672143936157
          ],
          [
            0.9666311740875244,
            0.19145043194293976,
            -0.17020964622497559,
            0.2733725905418396
          ],
          [
            0.2560978829860687,
            -0.7058425545692444,
            0.6604653596878052,
            1.128592610359192
          ],
          [
            0.0,
            0.0,
            0.0,
            1.0
          ]
        ]
      },
      "bone_length_armature_space": 0.029218794728251413,
      "parent": "index_02_l",
      "has_children": false,
      "is_end_bone": true
    },
    "metacarpal_pinky_l": {
      "name": "metacarpal_pinky_l",
      "local": {
        "location": {
          "x": 0.0,
          "y": 0.0,
          "z": 0.0
        },
        "rotation_quaternion": {
          "w": 0.9990161657333374,
          "x": -0.038018692284822464,
          "y": 0.007491522468626499,
          "z": -0.021571408957242966
        },
        "scale": {
          "x": 1.0,
          "y": 1.0,
          "z": 1.0
        },
        "matrix_basis": [
          [
            0.998957097530365,
            0.042530737817287445,
            0.01660853810608387,
            0.0
          ],
          [
            -0.043670009821653366,
            0.9961785078048706,
            0.07563937455415726,
            0.0
          ],
          [
            -0.013328070752322674,
            -0.07628577947616577,
            0.9969969391822815,
            0.0
          ],
          [
            0.0,
            0.0,
            0.0,
            1.0
          ]
        ],
        "rotation_mode": "QUATERNION"
      },
      "armature_space": {
        "head": {
          "x": 0.6372025012969971,
          "y": 0.22419869899749756,
          "z": 0.285630464553833
        },
        "tail": {
          "x": 0.7354802489280701,
          "y": 0.24978801608085632,
          "z": 0.2626112401485443
        }
      },
      "world_space": {
        "head": {
          "x": 0.6372025012969971,
          "y": 0.287442684173584,
          "z": 1.2354844808578491
        },
        "tail": {
          "x": 0.7354802489280701,
          "y": 0.31303203105926514,
          "z": 1.2124652862548828
        },
        "rotation_quaternion": {
          "w": 0.6319501399993896,
          "x": 0.24603576958179474,
          "y": 0.47277048230171204,
          "z": -0.5626665353775024
        },
        "matrix": [
          [
            -0.08021242916584015,
            0.9437918663024902,
            0.3206595480442047,
            0.6372025012969971
          ],
          [
            -0.4785173237323761,
            0.24574217200279236,
            -0.8429902195930481,
            0.287442684173584
          ],
          [
            -0.8744134902954102,
            -0.22106073796749115,
            0.43191152811050415,
            1.2354844808578491
          ],
          [
            0.0,
            0.0,
            0.0,
            1.0
          ]
        ]
      },
      "bone_length_armature_space": 0.10413075097375425,
      "parent": "lowerarm_l",
      "has_children": true,
      "is_end_bone": false
    },
    "pinky_01_l": {
      "name": "pinky_01_l",
      "local": {
        "location": {
          "x": 0.0,
          "y": 0.0,
          "z": 0.0
        },
        "rotation_quaternion": {
          "w": 0.9413807988166809,
          "x": 0.33722004294395447,
          "y": 0.009204956702888012,
          "z": 0.00047705601900815964
        },
        "scale": {
          "x": 1.0,
          "y": 1.0,
          "z": 1.0
        },
        "matrix_basis": [
          [
            0.9998300671577454,
            0.005310009233653545,
            0.0176524855196476,
            0.0
          ],
          [
            0.007106374483555555,
            0.7725648283958435,
            -0.6348961591720581,
            0.0
          ],
          [
            -0.01700899377465248,
            0.6349137425422668,
            0.7723958492279053,
            0.0
          ],
          [
            0.0,
            0.0,
            0.0,
            1.0
          ]
        ],
        "rotation_mode": "QUATERNION"
      },
      "armature_space": {
        "head": {
          "x": 0.7354802489280701,
          "y": 0.24978801608085632,
          "z": 0.2626112401485443
        },
        "tail": {
          "x": 0.7451635003089905,
          "y": 0.2606465220451355,
          "z": 0.24431844055652618
        }
