{
  "metadata": {
    "armature_name": "KIM_caucasian_male",
    "export_time": "2026-01-13T20:26:12.642252",
    "blender_version": "4.4.1",
    "bone_count": 56,
    "end_bone_count": 13,
    "spaces_included": [
      "LOCAL_CHANNELS",
      "ARMATURE_SPACE",
      "WORLD_SPACE"
    ],
    "note": "LOCAL matches Transform panel; replay pose via local.matrix_basis for best fidelity."
  },
  "bones": {
    "Root": {
      "name": "Root",
      "local": {
        "location": {
          "x": 0.0,
          "y": 0.0,
          "z": 0.0
        },
        "rotation_quaternion": {
          "w": 0.9996273517608643,
          "x": 0.015939772129058838,
          "y": 0.005211142357438803,
          "z": -0.021542740985751152
        },
        "scale": {
          "x": 1.0,
          "y": 1.0,
          "z": 1.0
        },
        "matrix_basis": [
          [
            0.9990175366401672,
            0.04323555529117584,
            0.009731628000736237,
            0.0
          ],
          [
            -0.042903296649456024,
            0.9985636472702026,
            -0.03209218755364418,
            0.0
          ],
          [
            -0.011105173267424107,
            0.03164314106106758,
            0.9994375109672546,
            0.0
          ],
          [
            0.0,
            0.0,
            0.0,
            1.0
          ]
        ],
        "rotation_mode": "QUATERNION"
      },
      "armature_space": {
        "head": {
          "x": 0.0,
          "y": 0.07072800397872925,
          "z": -0.009595036506652832
        },
        "tail": {
          "x": 0.0030859753023833036,
          "y": -0.00020202994346618652,
          "z": -0.0022518541663885117
        }
      },
      "world_space": {
        "head": {
          "x": 0.0,
          "y": 0.13397200405597687,
          "z": 0.9402589797973633
        },
        "tail": {
          "x": 0.0030859753023833036,
          "y": 0.06304197013378143,
          "z": 0.9476021528244019
        },
        "rotation_quaternion": {
          "w": 0.051438990980386734,
          "x": 0.9984302520751953,
          "y": 0.02184486947953701,
          "z": 0.00374801829457283
        },
        "matrix": [
          [
            0.9990175366401672,
            0.04323555529117584,
            0.009731628000736237,
            0.0
          ],
          [
            0.04400673508644104,
            -0.9937536716461182,
            -0.10255318880081177,
            0.13397200405597687
          ],
          [
            0.005236974451690912,
            0.10288046300411224,
            -0.9946869611740112,
            0.9402589797973633
          ],
          [
            0.0,
            0.0,
            0.0,
            1.0
          ]
        ]
      },
      "bone_length_armature_space": 0.07137587344329152,
      "parent": null,
      "has_children": true,
      "is_end_bone": false
    },
    "spine_01": {
      "name": "spine_01",
      "local": {
        "location": {
          "x": 0.0,
          "y": 0.0,
          "z": 0.0
        },
        "rotation_quaternion": {
          "w": 0.9910754561424255,
          "x": 0.1125287190079689,
          "y": -0.032818134874105453,
          "z": -0.06348109245300293
        },
        "scale": {
          "x": 1.0,
          "y": 1.0,
          "z": 1.0
        },
        "matrix_basis": [
          [
            0.9897862672805786,
            0.11844313889741898,
            -0.07933738827705383,
            0.0
          ],
          [
            -0.133215069770813,
            0.9666149020195007,
            -0.2188822478055954,
            0.0
          ],
          [
            0.050763603299856186,
            0.22721555829048157,
            0.9725205302238464,
            0.0
          ],
          [
            0.0,
            0.0,
            0.0,
            1.0
          ]
        ],
        "rotation_mode": "QUATERNION"
      },
      "armature_space": {
        "head": {
          "x": 0.0030859753023833036,
          "y": -0.00020202994346618652,
          "z": -0.0022518541663885117
        },
        "tail": {
          "x": 0.06292133778333664,
          "y": -0.10146923363208771,
          "z": 0.4713650643825531
        }
      },
      "world_space": {
        "head": {
          "x": 0.0030859753023833036,
          "y": 0.06304197013378143,
          "z": 0.9476021528244019
        },
        "tail": {
          "x": 0.06292133778333664,
          "y": -0.03822523355484009,
          "z": 1.4212191104888916
        },
        "rotation_quaternion": {
          "w": 0.628413200378418,
          "x": 0.7752490043640137,
          "y": 0.036600373685359955,
          "z": -0.052405212074518204
        },
        "matrix": [
          [
            0.9918282628059387,
            0.12261313945055008,
            -0.035253096371889114,
            0.0030859753023833036
          ],
          [
            -0.00911472737789154,
            -0.20751424133777618,
            -0.9781895875930786,
            0.06304197013378143
          ],
          [
            -0.12725529074668884,
            0.9705240726470947,
            -0.20470325648784637,
            0.9476021528244019
          ],
          [
            0.0,
            0.0,
            0.0,
            1.0
          ]
        ]
      },
      "bone_length_armature_space": 0.48800441380527004,
      "parent": "Root",
      "has_children": true,
      "is_end_bone": false
    },
    "neck_01": {
      "name": "neck_01",
      "local": {
        "location": {
          "x": 0.0,
          "y": 0.0,
          "z": 0.0
        },
        "rotation_quaternion": {
          "w": 0.9958658218383789,
          "x": 0.04711546376347542,
          "y": 0.06819870322942734,
          "z": 0.037152908742427826
        },
        "scale": {
          "x": 1.0,
          "y": 1.0,
          "z": 1.0
        },
        "matrix_basis": [
          [
            0.9879372119903564,
            -0.0675721988081932,
            0.13933447003364563,
            0.0
          ],
          [
            0.08042505383491516,
            0.9927995800971985,
            -0.08877380192279816,
            0.0
          ],
          [
            -0.13233256340026855,
            0.0989089235663414,
            0.9862581491470337,
            0.0
          ],
          [
            0.0,
            0.0,
            0.0,
            1.0
          ]
        ],
        "rotation_mode": "QUATERNION"
      },
      "armature_space": {
        "head": {
          "x": 0.070676289498806,
          "y": -0.15058715641498566,
          "z": 0.5353261232376099
        },
        "tail": {
          "x": 0.0731668695807457,
          "y": -0.21625196933746338,
          "z": 0.6140193939208984
        }
      },
      "world_space": {
        "head": {
          "x": 0.070676289498806,
          "y": -0.08734315633773804,
          "z": 1.485180139541626
        },
        "tail": {
          "x": 0.0731668695807457,
          "y": -0.15300796926021576,
          "z": 1.5638734102249146
        },
        "rotation_quaternion": {
          "w": 0.4234245717525482,
          "x": 0.9055116176605225,
          "y": 0.02149258740246296,
          "z": 0.017276208847761154
        },
        "matrix": [
          [
            0.9984792470932007,
            0.024293258786201477,
            0.049488626420497894,
            0.070676289498806
          ],
          [
            0.0535539835691452,
            -0.6404990553855896,
            -0.7660895586013794,
            -0.08734315633773804
          ],
          [
            0.013086773455142975,
            0.7675794959068298,
            -0.6408312916755676,
            1.485180139541626
          ],
          [
            0.0,
            0.0,
            0.0,
            1.0
          ]
        ]
      },
      "bone_length_armature_space": 0.10252171055656861,
      "parent": "spine_01",
      "has_children": true,
      "is_end_bone": false
    },
    "head": {
      "name": "head",
      "local": {
        "location": {
          "x": 0.0,
          "y": 0.0,
          "z": 0.0
        },
        "rotation_quaternion": {
          "w": 0.9764224886894226,
          "x": -0.0438968650996685,
          "y": 0.07086499780416489,
          "z": 0.19912417232990265
        },
        "scale": {
          "x": 1.0,
          "y": 1.0,
          "z": 1.0
        },
        "matrix_basis": [
          [
            0.9106554388999939,
            -0.3950801491737366,
            0.12090650200843811,
            0.0
          ],
          [
            0.3826371431350708,
            0.9168452620506287,
            0.11394564062356949,
            0.0
          ],
          [
            -0.1558702141046524,
            -0.0575019046664238,
            0.9861024618148804,
            0.0
          ],
          [
            0.0,
            0.0,
            0.0,
            1.0
          ]
        ],
        "rotation_mode": "QUATERNION"
      },
      "armature_space": {
        "head": {
          "x": 0.0731668695807457,
          "y": -0.21625205874443054,
          "z": 0.6140192151069641
        },
        "tail": {
          "x": 0.012101363390684128,
          "y": -0.2564513385295868,
          "z": 0.7507973313331604
        }
      },
      "world_space": {
        "head": {
          "x": 0.0731668695807457,
          "y": -0.15300805866718292,
          "z": 1.563873291015625
        },
        "tail": {
          "x": 0.012101363390684128,
          "y": -0.19320733845233917,
          "z": 1.7006514072418213
        },
        "rotation_quaternion": {
          "w": 0.5994975566864014,
          "x": 0.7694522738456726,
          "y": -0.10489585995674133,
          "z": 0.19375979900360107
        },
        "matrix": [
          [
            0.902908444404602,
            -0.3937418460845947,
            0.1724063605070114,
            0.0731668695807457
          ],
          [
            0.07089027017354965,
            -0.2591993808746338,
            -0.9632188677787781,
            -0.15300805866718292
          ],
          [
            0.42395028471946716,
            0.8819262385368347,
            -0.2061232328414917,
            1.563873291015625
          ],
          [
            0.0,
            0.0,
            0.0,
            1.0
          ]
        ]
      },
      "bone_length_armature_space": 0.1550910421247864,
      "parent": "neck_01",
      "has_children": false,
      "is_end_bone": true
    },
    "upperarm_l": {
      "name": "upperarm_l",
      "local": {
        "location": {
          "x": 0.0,
          "y": 0.0,
          "z": 0.0
        },
        "rotation_quaternion": {
          "w": 0.8829237818717957,
          "x": 0.346366822719574,
          "y": -0.3143329918384552,
          "z": 0.04087305814027786
        },
        "scale": {
          "x": 1.0,
          "y": 1.0,
          "z": 1.0
        },
        "matrix_basis": [
          [
            0.7990483045578003,
            -0.28992462158203125,
            -0.5267500281333923,
            0.0
          ],
          [
            -0.1455734521150589,
            0.7567188143730164,
            -0.6373265385627747,
            0.0
          ],
          [
            0.5833783149719238,
            0.5859355330467224,
            0.56244957447052,
            0.0
          ],
          [
            0.0,
            0.0,
            0.0,
            1.0
          ]
        ],
        "rotation_mode": "QUATERNION"
      },
      "armature_space": {
        "head": {
          "x": 0.2110975682735443,
          "y": -0.14112737774848938,
          "z": 0.4503583014011383
        },
        "tail": {
          "x": 0.42297282814979553,
          "y": -0.3049072027206421,
          "z": 0.459985613822937
        }
      },
      "world_space": {
        "head": {
          "x": 0.2110975682735443,
          "y": -0.07788337767124176,
          "z": 1.400212287902832
        },
        "tail": {
          "x": 0.42297282814979553,
          "y": -0.24166320264339447,
          "z": 1.4098396301269531
        },
        "rotation_quaternion": {
          "w": 0.38548585772514343,
          "x": 0.4708482325077057,
          "y": 0.2140231877565384,
          "z": -0.7641313672065735
        },
        "matrix": [
          [
            -0.25940465927124023,
            0.7906695008277893,
            -0.5545729398727417,
            0.2110975682735443
          ],
          [
            -0.3875797986984253,
            -0.6111884117126465,
            -0.6900950074195862,
            -0.07788337767124176
          ],
          [
            -0.8845920562744141,
            0.0359269380569458,
            0.4649953246116638,
            1.400212287902832
          ],
          [
            0.0,
            0.0,
            0.0,
            1.0
          ]
        ]
      },
      "bone_length_armature_space": 0.26796948206578863,
      "parent": "spine_01",
      "has_children": true,
      "is_end_bone": false
    },
    "lowerarm_l": {
      "name": "lowerarm_l",
      "local": {
        "location": {
          "x": 0.0,
          "y": 0.0,
          "z": 0.0
        },
        "rotation_quaternion": {
          "w": 0.8658653497695923,
          "x": 0.48198914527893066,
          "y": -0.132252499461174,
          "z": 0.02174627035856247
        },
        "scale": {
          "x": 1.0,
          "y": 1.0,
          "z": 1.0
        },
        "matrix_basis": [
          [
            0.9640727639198303,
            -0.16514721512794495,
            -0.2080627828836441,
            0.0
          ],
          [
            -0.08982985466718674,
            0.5344271063804626,
            -0.8404273986816406,
            0.0
          ],
          [
            0.2499886453151703,
            0.8289234042167664,
            0.5003914833068848,
            0.0
          ],
          [
            0.0,
            0.0,
            0.0,
            1.0
          ]
        ],
        "rotation_mode": "QUATERNION"
      },
      "armature_space": {
        "head": {
          "x": 0.4229728877544403,
          "y": -0.3049072325229645,
          "z": 0.45998576283454895
        },
        "tail": {
          "x": 0.4065796732902527,
          "y": -0.4980062246322632,
          "z": 0.6444141268730164
        }
      },
      "world_space": {
        "head": {
          "x": 0.4229728877544403,
          "y": -0.24166323244571686,
          "z": 1.4098397493362427
        },
        "tail": {
          "x": 0.4065796732902527,
          "y": -0.43476223945617676,
          "z": 1.5942680835723877
        },
        "rotation_quaternion": {
          "w": 0.16089564561843872,
          "x": 0.47281524538993835,
          "y": -0.3364716172218323,
          "z": -0.7983390092849731
        },
        "matrix": [
          [
            -0.5011174082756042,
            -0.06127747893333435,
            -0.8632069826126099,
            0.4229728877544403
          ],
          [
            -0.5750766396522522,
            -0.721799373626709,
            0.38508811593055725,
            -0.24166323244571686
          ],
          [
            -0.6466644406318665,
            0.6893888115882874,
            0.3264698386192322,
            1.4098397493362427
          ],
          [
            0.0,
            0.0,
            0.0,
            1.0
          ]
        ]
      },
      "bone_length_armature_space": 0.267525289511253,
      "parent": "upperarm_l",
      "has_children": true,
      "is_end_bone": false
    },
    "metacarpal_thumb_l": {
      "name": "metacarpal_thumb_l",
      "local": {
        "location": {
          "x": 0.0,
          "y": 0.0,
          "z": 0.0
        },
        "rotation_quaternion": {
          "w": 0.999866247177124,
          "x": -0.014084989205002785,
          "y": 0.007893986999988556,
          "z": -0.002624506363645196
        },
        "scale": {
          "x": 1.0,
          "y": 1.0,
          "z": 1.0
        },
        "matrix_basis": [
          [
            0.9998615980148315,
            0.005025937221944332,
            0.01585979387164116,
            0.0
          ],
          [
            -0.005470684263855219,
            0.9995894432067871,
            0.028124775737524033,
            0.0
          ],
          [
            -0.01571192964911461,
            -0.028207646682858467,
            0.9994785785675049,
            0.0
          ],
          [
            0.0,
            0.0,
            0.0,
            1.0
          ]
        ],
        "rotation_mode": "QUATERNION"
      },
      "armature_space": {
        "head": {
          "x": 0.4065796732902527,
          "y": -0.4980062246322632,
          "z": 0.6444141268730164
        },
        "tail": {
          "x": 0.3752950429916382,
          "y": -0.5197196006774902,
          "z": 0.6760905981063843
        }
      },
      "world_space": {
        "head": {
          "x": 0.4065796732902527,
          "y": -0.43476223945617676,
          "z": 1.5942680835723877
        },
        "tail": {
          "x": 0.3752950429916382,
          "y": -0.4564756155014038,
          "z": 1.6259446144104004
        },
        "rotation_quaternion": {
          "w": 0.3302757441997528,
          "x": 0.8420737981796265,
          "y": -0.4144147038459778,
          "z": -0.10044988244771957
        },
        "matrix": [
          [
            0.6363394260406494,
            -0.6315833926200867,
            -0.44291579723358154,
            0.4065796732902527
          ],
          [
            -0.7642888426780701,
            -0.4383561909198761,
            -0.47297635674476624,
            -0.43476223945617676
          ],
          [
            0.10456906259059906,
            0.6394932270050049,
            -0.7616612315177917,
            1.5942680835723877
          ],
          [
            0.0,
            0.0,
            0.0,
            1.0
          ]
        ]
      },
      "bone_length_armature_space": 0.04953380213086838,
      "parent": "lowerarm_l",
      "has_children": true,
      "is_end_bone": false
    },
    "thumb_01_l": {
      "name": "thumb_01_l",
      "local": {
        "location": {
          "x": 0.0,
          "y": 0.0,
          "z": 0.0
        },
        "rotation_quaternion": {
          "w": 0.9998272657394409,
          "x": -0.002220044145360589,
          "y": 0.012202057987451553,
          "z": -0.013848284259438515
        },
        "scale": {
          "x": 1.0,
          "y": 1.0,
          "z": 1.0
        },
        "matrix_basis": [
          [
            0.9993186593055725,
            0.027637606486678123,
            0.02446138858795166,
            0.0
          ],
          [
            -0.027745962142944336,
            0.9996066093444824,
            0.0041013662703335285,
            0.0
          ],
          [
            -0.024338413029909134,
            -0.004777276422828436,
            0.9996923804283142,
            0.0
          ],
          [
            0.0,
            0.0,
            0.0,
            1.0
          ]
        ],
        "rotation_mode": "QUATERNION"
      },
      "armature_space": {
        "head": {
          "x": 0.3752950429916382,
          "y": -0.5197196006774902,
          "z": 0.6760905981063843
        },
        "tail": {
          "x": 0.3470592796802521,
          "y": -0.5382205843925476,
          "z": 0.6717223525047302
        }
      },
      "world_space": {
        "head": {
          "x": 0.3752950429916382,
          "y": -0.4564756155014038,
          "z": 1.6259446144104004
        },
        "tail": {
          "x": 0.3470592796802521,
          "y": -0.4749765992164612,
          "z": 1.6215763092041016
        },
        "rotation_quaternion": {
          "w": 0.3165394365787506,
          "x": 0.561265230178833,
          "y": -0.3578248918056488,
          "z": 0.6758294105529785
        },
        "matrix": [
          [
            -0.1695682853460312,
            -0.8295223712921143,
            0.5321082472801208,
            0.3752950429916382
          ],
          [
            0.02618507668375969,
            -0.5435290932655334,
            -0.8389820456504822,
            -0.4564756155014038
          ],
          [
            0.9851773977279663,
            -0.12833285331726074,
            0.11388636380434036,
            1.6259446144104004
          ],
          [
            0.0,
            0.0,
            0.0,
            1.0
          ]
        ]
      },
      "bone_length_armature_space": 0.034038600239700886,
      "parent": "metacarpal_thumb_l",
      "has_children": true,
      "is_end_bone": false
    },
    "thumb_02_l": {
      "name": "thumb_02_l",
      "local": {
        "location": {
          "x": 0.0,
          "y": 0.0,
          "z": 0.0
        },
        "rotation_quaternion": {
          "w": 0.9948350787162781,
          "x": 0.10140840709209442,
          "y": -0.0018371441401541233,
          "z": -0.004030297975987196
        },
        "scale": {
          "x": 1.0,
          "y": 1.0,
          "z": 1.0
        },
        "matrix_basis": [
          [
            0.9999607801437378,
            0.007646359968930483,
            -0.004472723230719566,
            0.0
          ],
          [
            -0.008391567505896091,
            0.9794001579284668,
            -0.20175446569919586,
            0.0
          ],
          [
            0.002837898675352335,
            0.20178408920764923,
            0.9794259071350098,
            0.0
          ],
          [
            0.0,
            0.0,
            0.0,
            1.0
          ]
        ],
        "rotation_mode": "QUATERNION"
      },
      "armature_space": {
        "head": {
          "x": 0.3470592796802521,
          "y": -0.5382204651832581,
          "z": 0.6717222929000854
        },
        "tail": {
          "x": 0.3466201424598694,
          "y": -0.56668621301651,
          "z": 0.7000542283058167
        }
      },
      "world_space": {
        "head": {
          "x": 0.3470592796802521,
          "y": -0.47497648000717163,
          "z": 1.6215763092041016
        },
        "tail": {
          "x": 0.3466201424598694,
          "y": -0.5034422278404236,
          "z": 1.6499083042144775
        },
        "rotation_quaternion": {
          "w": 0.2136591374874115,
          "x": 0.5055716037750244,
          "y": 0.3162032663822174,
          "z": 0.7737975716590881
        },
        "matrix": [
          [
            -0.3974950313568115,
            -0.01093338429927826,
            0.917539119720459,
            0.3470592796802521
          ],
          [
            0.6503849625587463,
            -0.7087307572364807,
            0.2733136713504791,
            -0.47497648000717163
          ],
          [
            0.6473050713539124,
            0.7053986191749573,
            0.28883010149002075,
            1.6215763092041016
          ],
          [
            0.0,
            0.0,
            0.0,
            1.0
          ]
        ]
      },
      "bone_length_armature_space": 0.040164538641771906,
      "parent": "thumb_01_l",
      "has_children": true,
      "is_end_bone": false
    },
    "thumb_03_l": {
      "name": "thumb_03_l",
      "local": {
        "location": {
          "x": 0.0,
          "y": 0.0,
          "z": 0.0
        },
        "rotation_quaternion": {
          "w": 0.9984121918678284,
          "x": 0.055847086012363434,
          "y": 0.004025749396532774,
          "z": 0.006174908485263586
        },
        "scale": {
          "x": 1.0,
          "y": 1.0,
          "z": 1.0
        },
        "matrix_basis": [
          [
            0.9998913407325745,
            -0.01188055519014597,
            0.008728415705263615,
            0.0
          ],
          [
            0.012779860757291317,
            0.9936859607696533,
            -0.11146710813045502,
            0.0
          ],
          [
            -0.007349013350903988,
            0.11156654357910156,
            0.9937297701835632,
            0.0
          ],
          [
            0.0,
            0.0,
            0.0,
            1.0
          ]
        ],
        "rotation_mode": "QUATERNION"
      },
      "armature_space": {
        "head": {
          "x": 0.3466200530529022,
          "y": -0.5666861534118652,
          "z": 0.7000542283058167
        },
        "tail": {
          "x": 0.35829728841781616,
          "y": -0.585931658744812,
          "z": 0.7205517292022705
        }
      },
      "world_space": {
        "head": {
          "x": 0.3466200530529022,
          "y": -0.5034421682357788,
          "z": 1.6499083042144775
        },
        "tail": {
          "x": 0.35829728841781616,
          "y": -0.5226876735687256,
          "z": 1.6704057455062866
        },
        "rotation_quaternion": {
          "w": 0.023220999166369438,
          "x": -0.40401342511177063,
          "y": -0.42824044823646545,
          "z": -0.807987630367279
        },
        "matrix": [
          [
            -0.6724688410758972,
            0.38355353474617004,
            0.632986843585968,
            0.3466200530529022
          ],
          [
            0.3085043430328369,
            -0.6321425437927246,
            0.710789144039154,
            -0.5034421682357788
          ],
          [
            0.6727685332298279,
            0.6732666492462158,
            0.30677101016044617,
            1.6499083042144775
          ],
          [
            0.0,
            0.0,
            0.0,
            1.0
          ]
        ]
      },
      "bone_length_armature_space": 0.030444947598330874,
      "parent": "thumb_02_l",
      "has_children": false,
      "is_end_bone": true
    },
    "metacarpal_index_l": {
      "name": "metacarpal_index_l",
      "local": {
        "location": {
          "x": 0.0,
          "y": 0.0,
          "z": 0.0
        },
        "rotation_quaternion": {
          "w": 0.998975396156311,
          "x": -0.04516925290226936,
          "y": 0.0027649258263409138,
          "z": -0.0005039600655436516
        },
        "scale": {
          "x": 1.0,
          "y": 1.0,
          "z": 1.0
        },
        "matrix_basis": [
          [
            0.9999842047691345,
            0.0007571081514470279,
            0.005569712724536657,
            0.0
          ],
          [
            -0.0012566667282953858,
            0.9959189891815186,
            0.09024316072463989,
            0.0
          ],
          [
            -0.005478658713400364,
            -0.09024873375892639,
            0.9959042072296143,
            0.0
          ],
          [
            0.0,
            0.0,
            0.0,
            1.0
          ]
        ],
        "rotation_mode": "QUATERNION"
      },
      "armature_space": {
        "head": {
          "x": 0.4065796732902527,
          "y": -0.4980062246322632,
          "z": 0.6444141268730164
        },
        "tail": {
          "x": 0.3752419948577881,
          "y": -0.5668029189109802,
          "z": 0.7339366674423218
        }
      },
      "world_space": {
        "head": {
          "x": 0.4065796732902527,
          "y": -0.43476223945617676,
          "z": 1.5942680835723877
        },
        "tail": {
          "x": 0.3752419948577881,
          "y": -0.5035589337348938,
          "z": 1.683790683746338
        },
        "rotation_quaternion": {
          "w": 0.2978023886680603,
          "x": 0.773391604423523,
          "y": -0.3431348204612732,
          "z": -0.4420832097530365
        },
        "matrix": [
          [
            0.37364161014556885,
            -0.26745080947875977,
            -0.8881790637969971,
            0.4065796732902527
          ],
          [
            -0.7940627336502075,
            -0.587144136428833,
            -0.1572464257478714,
            -0.43476223945617676
          ],
          [
            -0.47943758964538574,
            0.7640286087989807,
            -0.4317571818828583,
            1.5942680835723877
          ],
          [
            0.0,
            0.0,
            0.0,
            1.0
          ]
        ]
      },
      "bone_length_armature_space": 0.11717218159851553,
      "parent": "lowerarm_l",
      "has_children": true,
      "is_end_bone": false
    },
    "index_01_l": {
      "name": "index_01_l",
      "local": {
        "location": {
          "x": 0.0,
          "y": 0.0,
          "z": 0.0
        },
        "rotation_quaternion": {
          "w": 0.9951651096343994,
          "x": -0.09819930791854858,
          "y": 0.0002354648895561695,
          "z": 0.0018080337904393673
        },
        "scale": {
          "x": 1.0,
          "y": 1.0,
          "z": 1.0
        },
        "matrix_basis": [
          [
            0.9999933242797852,
            -0.0036448293831199408,
            0.0001135575512307696,
            0.0
          ],
          [
            0.0035523392725735903,
            0.9807072281837463,
            0.19544990360736847,
            0.0
          ],
          [
            -0.0008237482397817075,
            -0.19544820487499237,
            0.9807136654853821,
            0.0
          ],
          [
            0.0,
            0.0,
            0.0,
            1.0
          ]
        ],
        "rotation_mode": "QUATERNION"
      },
      "armature_space": {
        "head": {
          "x": 0.3752419948577881,
          "y": -0.5668029189109802,
          "z": 0.7339366674423218
        },
        "tail": {
          "x": 0.38011324405670166,
          "y": -0.587548017501831,
          "z": 0.7528835535049438
        }
      },
      "world_space": {
        "head": {
          "x": 0.3752419948577881,
          "y": -0.5035589337348938,
          "z": 1.683790683746338
        },
        "tail": {
          "x": 0.38011324405670166,
          "y": -0.5243040323257446,
          "z": 1.70273756980896
        },
        "rotation_quaternion": {
          "w": 0.3494284152984619,
          "x": 0.7776033878326416,
          "y": -0.11888627707958221,
          "z": -0.5090175271034241
        },
        "matrix": [
          [
            0.45353561639785767,
            0.17083537578582764,
            -0.874711811542511,
            0.3752419948577881
          ],
          [
            -0.540622889995575,
            -0.7275324463844299,
            -0.4224023222923279,
            -0.5035589337348938
          ],
          [
            -0.7085480093955994,
            0.6644676923751831,
            -0.2376062572002411,
            1.683790683746338
          ],
          [
            0.0,
            0.0,
            0.0,
            1.0
          ]
        ]
      },
      "bone_length_armature_space": 0.028514429363425232,
      "parent": "metacarpal_index_l",
      "has_children": true,
      "is_end_bone": false
    },
    "index_02_l": {
      "name": "index_02_l",
      "local": {
        "location": {
          "x": 0.0,
          "y": 0.0,
          "z": 0.0
        },
        "rotation_quaternion": {
          "w": 0.9983859062194824,
          "x": 0.05649706348776817,
          "y": -0.005028125364333391,
          "z": -0.0028908150270581245
        },
        "scale": {
          "x": 1.0,
          "y": 1.0,
          "z": 1.0
        },
        "matrix_basis": [
          [
            0.9999327063560486,
            0.005204149521887302,
            -0.01036666426807642,
            0.0
          ],
          [
            -0.006340446416288614,
            0.9935994744300842,
            -0.11278267204761505,
            0.0
          ],
          [
            0.009713374078273773,
            0.11284081637859344,
            0.9935656189918518,
            0.0
          ],
          [
            0.0,
            0.0,
            0.0,
            1.0
          ]
        ],
        "rotation_mode": "QUATERNION"
      },
      "armature_space": {
        "head": {
          "x": 0.3801129460334778,
          "y": -0.5875483155250549,
          "z": 0.7528839111328125
        },
        "tail": {
          "x": 0.38305264711380005,
          "y": -0.6073964834213257,
          "z": 0.7688683271408081
        }
      },
      "world_space": {
        "head": {
          "x": 0.3801129460334778,
          "y": -0.5243043303489685,
          "z": 1.7027379274368286
        },
        "tail": {
          "x": 0.38305264711380005,
          "y": -0.5441524982452393,
          "z": 1.7187223434448242
        },
        "rotation_quaternion": {
          "w": 0.3060728907585144,
          "x": 0.7721158862113953,
          "y": -0.1395176500082016,
          "z": -0.5391579866409302
        },
        "matrix": [
          [
            0.3796881437301636,
            0.11459317803382874,
            -0.9179899096488953,
            0.3801129460334778
          ],
          [
            -0.5454908013343811,
            -0.7737089991569519,
            -0.3222023844718933,
            -0.5243043303489685
          ],
          [
            -0.7471849918365479,
            0.6230950951576233,
            -0.23126035928726196,
            1.7027379274368286
          ],
          [
            0.0,
            0.0,
            0.0,
            1.0
          ]
        ]
      },
      "bone_length_armature_space": 0.02565332685193125,
      "parent": "index_01_l",
      "has_children": true,
      "is_end_bone": false
    },
    "index_03_l": {
      "name": "index_03_l",
      "local": {
        "location": {
          "x": 0.0,
          "y": 0.0,
          "z": 0.0
        },
        "rotation_quaternion": {
          "w": 0.9993859529495239,
          "x": 0.03343210741877556,
          "y": -0.006739119999110699,
          "z": -0.00804661214351654
        },
        "scale": {
          "x": 1.0,
          "y": 1.0,
          "z": 1.0
        },
        "matrix_basis": [
          [
            0.9997797012329102,
            0.015632735565304756,
            -0.0140079939737916,
            0.0
          ],
          [
            -0.016533948481082916,
            0.9976350665092468,
            -0.06671470403671265,
            0.0
          ],
          [
            0.012931933626532555,
            0.06693161278963089,
            0.997673749923706,
            0.0
          ],
          [
            0.0,
            0.0,
            0.0,
            1.0
          ]
        ],
        "rotation_mode": "QUATERNION"
      },
      "armature_space": {
        "head": {
          "x": 0.3830527365207672,
          "y": -0.6073964238166809,
          "z": 0.7688683867454529
        },
        "tail": {
          "x": 0.3834591209888458,
          "y": -0.6327999830245972,
          "z": 0.7832984328269958
        }
      },
      "world_space": {
        "head": {
          "x": 0.3830527365207672,
          "y": -0.5441524386405945,
          "z": 1.7187223434448242
        },
        "tail": {
          "x": 0.3834591209888458,
          "y": -0.5695559978485107,
          "z": 1.7331523895263672
        },
        "rotation_quaternion": {
          "w": 0.21911808848381042,
          "x": 0.814775824546814,
          "y": -0.1314251869916916,
          "z": -0.5204373598098755
        },
        "matrix": [
          [
            0.4237452745437622,
            0.01390831544995308,
            -0.9056746959686279,
            0.3830527365207672
          ],
          [
            -0.44223886728286743,
            -0.8694296479225159,
            -0.22026589512825012,
            -0.5441524386405945
          ],
          [
            -0.7904898524284363,
            0.49386394023895264,
            -0.36226844787597656,
            1.7187223434448242
          ],
          [
            0.0,
            0.0,
            0.0,
            1.0
          ]
        ]
      },
      "bone_length_armature_space": 0.02921869628127113,
      "parent": "index_02_l",
      "has_children": false,
      "is_end_bone": true
    },
    "metacarpal_pinky_l": {
      "name": "metacarpal_pinky_l",
      "local": {
        "location": {
          "x": 0.0,
          "y": 0.0,
          "z": 0.0
        },
        "rotation_quaternion": {
          "w": 0.999273955821991,
          "x": -0.03303935378789902,
          "y": 0.01225799135863781,
          "z": -0.014484723098576069
        },
        "scale": {
          "x": 1.0,
          "y": 1.0,
          "z": 1.0
        },
        "matrix_basis": [
          [
            0.9992798566818237,
            0.0281384214758873,
            0.02545531466603279,
            0.0
          ],
          [
            -0.029758404940366745,
            0.9973971843719482,
            0.06567562371492386,
            0.0
          ],
          [
            -0.023541051894426346,
            -0.06638583540916443,
            0.9975162744522095,
            0.0
          ],
          [
            0.0,
            0.0,
            0.0,
            1.0
          ]
        ],
        "rotation_mode": "QUATERNION"
      },
      "armature_space": {
        "head": {
          "x": 0.4065796732902527,
          "y": -0.4980062246322632,
          "z": 0.6444141268730164
        },
        "tail": {
          "x": 0.4229123294353485,
          "y": -0.5860018730163574,
          "z": 0.6976425051689148
        }
      },
      "world_space": {
        "head": {
          "x": 0.4065796732902527,
          "y": -0.43476223945617676,
          "z": 1.5942680835723877
        },
        "tail": {
          "x": 0.4229123294353485,
          "y": -0.522757887840271,
          "z": 1.6474964618682861
        },
        "rotation_quaternion": {
          "w": 0.04147723689675331,
          "x": -0.14177681505680084,
          "y": -0.2752360701560974,
          "z": -0.9499600529670715
        },
        "matrix": [
          [
            -0.9563580751419067,
            0.15684756636619568,
            0.24653205275535583,
            0.4065796732902527
          ],
          [
            -0.0007595652714371681,
            -0.8450494408607483,
            0.5346879363059998,
            -0.43476223945617676
          ],
          [
            0.29219865798950195,
            0.5111687779426575,
            0.8082951307296753,
            1.5942680835723877
          ],
          [
            0.0,
            0.0,
            0.0,
            1.0
          ]
        ]
      },
      "bone_length_armature_space": 0.10413092803250729,
      "parent": "lowerarm_l",
      "has_children": true,
      "is_end_bone": false
    },
    "pinky_01_l": {
      "name": "pinky_01_l",
      "local": {
        "location": {
          "x": 0.0,
          "y": 0.0,
          "z": 0.0
        },
        "rotation_quaternion": {
          "w": 0.957432210445404,
          "x": 0.28850969672203064,
          "y": 0.0027316350024193525,
          "z": 0.008851633407175541
        },
        "scale": {
          "x": 1.0,
          "y": 1.0,
          "z": 1.0
        },
        "matrix_basis": [
          [
            0.9998283982276917,
            -0.015373471193015575,
            0.010338274762034416,
            0.0
          ],
          [
            0.018525883555412292,
            0.8333675861358643,
            -0.5524085760116577,
            0.0
          ],
          [
            -0.00012314654304645956,
            0.5525053143501282,
            0.8335093855857849,
            0.0
          ],
          [
            0.0,
            0.0,
            0.0,
            1.0
          ]
        ],
        "rotation_mode": "QUATERNION"
      },
      "armature_space": {
        "head": {
          "x": 0.4229123294353485,
          "y": -0.5860018730163574,
          "z": 0.6976425051689148
        },
        "tail": {
          "x": 0.4130743443965912,
