{
  "metadata": {
    "armature_name": "KIM_caucasian_male",
    "export_time": "2026-01-13T21:05:49.132160",
    "blender_version": "4.4.1",
    "bone_count": 56,
    "end_bone_count": 13,
    "spaces_included": [
      "LOCAL_CHANNELS",
      "ARMATURE_SPACE",
      "WORLD_SPACE"
    ],
    "note": "LOCAL matches Transform panel; replay pose via local.matrix_basis for best fidelity."
  },
  "bones": {
    "Root": {
      "name": "Root",
      "local": {
        "location": {
          "x": 0.0,
          "y": 0.0,
          "z": 0.0
        },
        "rotation_quaternion": {
          "w": 0.9996551275253296,
          "x": 0.017632246017456055,
          "y": -0.012961775995790958,
          "z": 0.014521765522658825
        },
        "scale": {
          "x": 1.0,
          "y": 1.0,
          "z": 1.0
        },
        "matrix_basis": [
          [
            0.9992422461509705,
            -0.029490604996681213,
            -0.025402508676052094,
            0.0
          ],
          [
            0.028576424345374107,
            0.9989564418792725,
            -0.0356287844479084,
            0.0
          ],
          [
            0.026426713913679123,
            0.03487587347626686,
            0.9990422129631042,
            0.0
          ],
          [
            0.0,
            0.0,
            0.0,
            1.0
          ]
        ],
        "rotation_mode": "QUATERNION"
      },
      "armature_space": {
        "head": {
          "x": 0.0,
          "y": 0.07072800397872925,
          "z": -0.009595036506652832
        },
        "tail": {
          "x": -0.0021049175411462784,
          "y": -0.0002608299255371094,
          "z": -0.002476731315255165
        }
      },
      "world_space": {
        "head": {
          "x": 0.0,
          "y": 0.13397200405597687,
          "z": 0.9402589797973633
        },
        "tail": {
          "x": -0.0021049175411462784,
          "y": 0.06298317015171051,
          "z": 0.9473772644996643
        },
        "rotation_quaternion": {
          "w": 0.04975223168730736,
          "x": 0.9985719323158264,
          "y": -0.015361983329057693,
          "z": -0.011954031884670258
        },
        "matrix": [
          [
            0.9992422461509705,
            -0.029490604996681213,
            -0.025402508676052094,
            0.0
          ],
          [
            -0.03186957538127899,
            -0.9945774674415588,
            -0.09899554401636124,
            0.13397200405597687
          ],
          [
            -0.022345509380102158,
            0.09972985833883286,
            -0.9947707056999207,
            0.9402589797973633
          ],
          [
            0.0,
            0.0,
            0.0,
            1.0
          ]
        ]
      },
      "bone_length_armature_space": 0.07137587362805527,
      "parent": null,
      "has_children": true,
      "is_end_bone": false
    },
    "spine_01": {
      "name": "spine_01",
      "local": {
        "location": {
          "x": 0.0,
          "y": 0.0,
          "z": 0.0
        },
        "rotation_quaternion": {
          "w": 0.9983319044113159,
          "x": -0.05429065600037575,
          "y": -0.003483325708657503,
          "z": 0.019338198006153107
        },
        "scale": {
          "x": 1.0,
          "y": 1.0,
          "z": 1.0
        },
        "matrix_basis": [
          [
            0.9992278218269348,
            -0.03823365643620491,
            -0.009054797701537609,
            0.0
          ],
          [
            0.03899010270833969,
            0.9933571219444275,
            0.1082654669880867,
            0.0
          ],
          [
            0.004855263512581587,
            -0.10853490978479385,
            0.9940807819366455,
            0.0
          ],
          [
            0.0,
            0.0,
            0.0,
            1.0
          ]
        ],
        "rotation_mode": "QUATERNION"
      },
      "armature_space": {
        "head": {
          "x": -0.0021049175411462784,
          "y": -0.0002608299255371094,
          "z": -0.002476731315255165
        },
        "tail": {
          "x": -0.00806579552590847,
          "y": 0.058659251779317856,
          "z": 0.48192137479782104
        }
      },
      "world_space": {
        "head": {
          "x": -0.0021049175411462784,
          "y": 0.06298317015171051,
          "z": 0.9473772644996643
        },
        "tail": {
          "x": -0.00806579552590847,
          "y": 0.12190325558185577,
          "z": 1.4317753314971924
        },
        "rotation_quaternion": {
          "w": 0.7483544945716858,
          "x": 0.6629984974861145,
          "y": -0.018280165269970894,
          "z": -0.008033995516598225
        },
        "matrix": [
          [
            0.9992026090621948,
            -0.012214883230626583,
            -0.038013048470020294,
            -0.0021049175411462784
          ],
          [
            -0.03626389801502228,
            0.12073756754398346,
            -0.9920220375061035,
            0.06298317015171051
          ],
          [
            0.01670711860060692,
            0.9926165342330933,
            0.12019826471805573,
            0.9473772644996643
          ],
          [
            0.0,
            0.0,
            0.0,
            1.0
          ]
        ]
      },
      "bone_length_armature_space": 0.4880047442171219,
      "parent": "Root",
      "has_children": true,
      "is_end_bone": false
    },
    "neck_01": {
      "name": "neck_01",
      "local": {
        "location": {
          "x": 0.0,
          "y": 0.0,
          "z": 0.0
        },
        "rotation_quaternion": {
          "w": 0.9915466904640198,
          "x": -0.06440746039152145,
          "y": -0.04296048358082771,
          "z": -0.10412221401929855
        },
        "scale": {
          "x": 1.0,
          "y": 1.0,
          "z": 1.0
        },
        "matrix_basis": [
          [
            0.9746259450912476,
            0.21201802790164948,
            -0.07178215682506561,
            0.0
          ],
          [
            -0.20095011591911316,
            0.9700204730033875,
            0.13667228817939758,
            0.0
          ],
          [
            0.0986071452498436,
            -0.1187797263264656,
            0.9880121350288391,
            0.0
          ],
          [
            0.0,
            0.0,
            0.0,
            1.0
          ]
        ],
        "rotation_mode": "QUATERNION"
      },
      "armature_space": {
        "head": {
          "x": -0.010278459638357162,
          "y": 0.03309571370482445,
          "z": 0.5587677359580994
        },
        "tail": {
          "x": 0.009272478520870209,
          "y": 0.017631318420171738,
          "z": 0.6582130789756775
        }
      },
      "world_space": {
        "head": {
          "x": -0.010278459638357162,
          "y": 0.09633971750736237,
          "z": 1.5086216926574707
        },
        "tail": {
          "x": 0.009272478520870209,
          "y": 0.08087532222270966,
          "z": 1.6080670356750488
        },
        "rotation_quaternion": {
          "w": 0.6505313515663147,
          "x": 0.751466691493988,
          "y": 0.03726207837462425,
          "z": -0.10352974385023117
        },
        "matrix": [
          [
            0.9757865071296692,
            0.19070115685462952,
            -0.10711680352687836,
            -0.010278459638357162
          ],
          [
            -0.07869511842727661,
            -0.15084074437618256,
            -0.9854210615158081,
            0.09633971750736237
          ],
          [
            -0.20407994091510773,
            0.969996452331543,
            -0.13218292593955994,
            1.5086216926574707
          ],
          [
            0.0,
            0.0,
            0.0,
            1.0
          ]
        ]
      },
      "bone_length_armature_space": 0.10252201252204521,
      "parent": "spine_01",
      "has_children": true,
      "is_end_bone": false
    },
    "head": {
      "name": "head",
      "local": {
        "location": {
          "x": 0.0,
          "y": 0.0,
          "z": 0.0
        },
        "rotation_quaternion": {
          "w": 0.9680482745170593,
          "x": -0.1031239703297615,
          "y": 0.06863322854042053,
          "z": 0.21803104877471924
        },
        "scale": {
          "x": 1.0,
          "y": 1.0,
          "z": 1.0
        },
        "matrix_basis": [
          [
            0.8955038785934448,
            -0.4362846314907074,
            0.08791210502386093,
            0.0
          ],
          [
            0.4079737067222595,
            0.883655846118927,
            0.22958631813526154,
            0.0
          ],
          [
            -0.17784900963306427,
            -0.16972962021827698,
            0.9693098664283752,
            0.0
          ],
          [
            0.0,
            0.0,
            0.0,
            1.0
          ]
        ],
        "rotation_mode": "QUATERNION"
      },
      "armature_space": {
        "head": {
          "x": 0.009272446855902672,
          "y": 0.017631176859140396,
          "z": 0.6582130193710327
        },
        "tail": {
          "x": -0.026273587718605995,
          "y": 0.07831235229969025,
          "z": 0.7964430451393127
        }
      },
      "world_space": {
        "head": {
          "x": 0.009272446855902672,
          "y": 0.08087517321109772,
          "z": 1.6080670356750488
        },
        "tail": {
          "x": -0.026273587718605995,
          "y": 0.14155635237693787,
          "z": 1.7462971210479736
        },
        "rotation_quaternion": {
          "w": 0.8338257074356079,
          "x": 0.5373247265815735,
          "y": -0.01914048194885254,
          "z": 0.12510187923908234
        },
        "matrix": [
          [
            0.9679662585258484,
            -0.22919586300849915,
            0.1025221198797226,
            0.009272446855902672
          ],
          [
            0.18805822730064392,
            0.3912637233734131,
            -0.9008592367172241,
            0.08087517321109772
          ],
          [
            0.16636136174201965,
            0.8912878036499023,
            0.42183423042297363,
            1.6080670356750488
          ],
          [
            0.0,
            0.0,
            0.0,
            1.0
          ]
        ]
      },
      "bone_length_armature_space": 0.15509114983953673,
      "parent": "neck_01",
      "has_children": false,
      "is_end_bone": true
    },
    "upperarm_l": {
      "name": "upperarm_l",
      "local": {
        "location": {
          "x": 0.0,
          "y": 0.0,
          "z": 0.0
        },
        "rotation_quaternion": {
          "w": 0.8708622455596924,
          "x": -0.19103379547595978,
          "y": 0.4191797077655792,
          "z": -0.17144551873207092
        },
        "scale": {
          "x": 1.0,
          "y": 1.0,
          "z": 1.0
        },
        "matrix_basis": [
          [
            0.589789628982544,
            0.13845588266849518,
            0.7955993413925171,
            0.0
          ],
          [
            -0.45876583456993103,
            0.8682250380516052,
            0.18899527192115784,
            0.0
          ],
          [
            -0.6645917892456055,
            -0.4764612019062042,
            0.5755889415740967,
            0.0
          ],
          [
            0.0,
            0.0,
            0.0,
            1.0
          ]
        ],
        "rotation_mode": "QUATERNION"
      },
      "armature_space": {
        "head": {
          "x": 0.1403016448020935,
          "y": 0.01637793704867363,
          "z": 0.4949456453323364
        },
        "tail": {
          "x": 0.3724718391895294,
          "y": 0.1398891806602478,
          "z": 0.44347113370895386
        }
      },
      "world_space": {
        "head": {
          "x": 0.1403016448020935,
          "y": 0.07962194085121155,
          "z": 1.4447996616363525
        },
        "tail": {
          "x": 0.3724718391895294,
          "y": 0.20313318073749542,
          "z": 1.3933250904083252
        },
        "rotation_quaternion": {
          "w": 0.25368252396583557,
          "x": 0.4506677985191345,
          "y": 0.8161517977714539,
          "z": -0.2577597498893738
        },
        "matrix": [
          [
            -0.4650869369506836,
            0.8664055466651917,
            0.1817571073770523,
            0.1403016448020935
          ],
          [
            0.6048490405082703,
            0.4609154164791107,
            -0.6493959426879883,
            0.07962194085121155
          ],
          [
            -0.6464188694953918,
            -0.1920909881591797,
            -0.7384160757064819,
            1.4447996616363525
          ],
          [
            0.0,
            0.0,
            0.0,
            1.0
          ]
        ]
      },
      "bone_length_armature_space": 0.2679694952481753,
      "parent": "spine_01",
      "has_children": true,
      "is_end_bone": false
    },
    "lowerarm_l": {
      "name": "lowerarm_l",
      "local": {
        "location": {
          "x": 0.0,
          "y": 0.0,
          "z": 0.0
        },
        "rotation_quaternion": {
          "w": 0.859810471534729,
          "x": 0.4352937936782837,
          "y": -0.2263087034225464,
          "z": 0.1415264904499054
        },
        "scale": {
          "x": 1.0,
          "y": 1.0,
          "z": 1.0
        },
        "matrix_basis": [
          [
            0.8575092554092407,
            -0.44039347767829895,
            -0.26595398783683777,
            0.0
          ],
          [
            0.04635036736726761,
            0.5809791088104248,
            -0.8125976920127869,
            0.0
          ],
          [
            0.5123763680458069,
            0.684482991695404,
            0.5186073780059814,
            0.0
          ],
          [
            0.0,
            0.0,
            0.0,
            1.0
          ]
        ],
        "rotation_mode": "QUATERNION"
      },
      "armature_space": {
        "head": {
          "x": 0.37247198820114136,
          "y": 0.13988912105560303,
          "z": 0.44347116351127625
        },
        "tail": {
          "x": 0.5844231843948364,
          "y": -0.012279778718948364,
          "z": 0.38438859581947327
        }
      },
      "world_space": {
        "head": {
          "x": 0.37247198820114136,
          "y": 0.20313312113285065,
          "z": 1.3933252096176147
        },
        "tail": {
          "x": 0.5844231843948364,
          "y": 0.050964221358299255,
          "z": 1.334242582321167
        },
        "rotation_quaternion": {
          "w": 0.2646240293979645,
          "x": 0.565497100353241,
          "y": 0.3815403878688812,
          "z": -0.6816261410713196
        },
        "matrix": [
          [
            -0.22037479281425476,
            0.7922683954238892,
            -0.5689864158630371,
            0.37247198820114136
          ],
          [
            0.07076933979988098,
            -0.5688036680221558,
            -0.8194234371185303,
            0.20313312113285065
          ],
          [
            -0.9728516340255737,
            -0.22084921598434448,
            0.06928151845932007,
            1.3933252096176147
          ],
          [
            0.0,
            0.0,
            0.0,
            1.0
          ]
        ]
      },
      "bone_length_armature_space": 0.267524640801175,
      "parent": "upperarm_l",
      "has_children": true,
      "is_end_bone": false
    },
    "metacarpal_thumb_l": {
      "name": "metacarpal_thumb_l",
      "local": {
        "location": {
          "x": 0.0,
          "y": 0.0,
          "z": 0.0
        },
        "rotation_quaternion": {
          "w": 0.9997668862342834,
          "x": -0.02091922238469124,
          "y": -0.0046563600189983845,
          "z": 0.0026185433380305767
        },
        "scale": {
          "x": 1.0,
          "y": 1.0,
          "z": 1.0
        },
        "matrix_basis": [
          [
            0.9999428987503052,
            -0.005041051190346479,
            -0.009420105256140232,
            0.0
          ],
          [
            0.005430680699646473,
            0.9991110563278198,
            0.04180430620908737,
            0.0
          ],
          [
            0.009200992994010448,
            -0.041853077709674835,
            0.9990814328193665,
            0.0
          ],
          [
            0.0,
            0.0,
            0.0,
            1.0
          ]
        ],
        "rotation_mode": "QUATERNION"
      },
      "armature_space": {
        "head": {
          "x": 0.5844231843948364,
          "y": -0.012279778718948364,
          "z": 0.38438859581947327
        },
        "tail": {
          "x": 0.5972431302070618,
          "y": -0.058205630630254745,
          "z": 0.3709701895713806
        }
      },
      "world_space": {
        "head": {
          "x": 0.5844231843948364,
          "y": 0.050964221358299255,
          "z": 1.334242582321167
        },
        "tail": {
          "x": 0.5972431302070618,
          "y": 0.005038369446992874,
          "z": 1.320824146270752
        },
        "rotation_quaternion": {
          "w": 0.1156286671757698,
          "x": -0.9695044159889221,
          "y": -0.15181559324264526,
          "z": 0.15376366674900055
        },
        "matrix": [
          [
            0.906617283821106,
            0.2588130235671997,
            -0.33325764536857605,
            0.5844231843948364
          ],
          [
            0.32993084192276,
            -0.9271643757820129,
            0.17751683294773102,
            0.050964221358299255
          ],
          [
            -0.2630426585674286,
            -0.27089452743530273,
            -0.9259801506996155,
            1.334242582321167
          ],
          [
            0.0,
            0.0,
            0.0,
            1.0
          ]
        ]
      },
      "bone_length_armature_space": 0.04953371135354598,
      "parent": "lowerarm_l",
      "has_children": true,
      "is_end_bone": false
    },
    "thumb_01_l": {
      "name": "thumb_01_l",
      "local": {
        "location": {
          "x": 0.0,
          "y": 0.0,
          "z": 0.0
        },
        "rotation_quaternion": {
          "w": 0.9985259771347046,
          "x": -0.049375321716070175,
          "y": 0.02170168235898018,
          "z": -0.006090124603360891
        },
        "scale": {
          "x": 1.0,
          "y": 1.0,
          "z": 1.0
        },
        "matrix_basis": [
          [
            0.9989839196205139,
            0.010019239969551563,
            0.04394078999757767,
            0.0
          ],
          [
            -0.014305350370705128,
            0.9950499534606934,
            0.09834074974060059,
            0.0
          ],
          [
            -0.04273798316717148,
            -0.09886941313743591,
            0.9941822290420532,
            0.0
          ],
          [
            0.0,
            0.0,
            0.0,
            1.0
          ]
        ],
        "rotation_mode": "QUATERNION"
      },
      "armature_space": {
        "head": {
          "x": 0.5972431302070618,
          "y": -0.058205630630254745,
          "z": 0.3709701895713806
        },
        "tail": {
          "x": 0.588081955909729,
          "y": -0.0770019143819809,
          "z": 0.3441111445426941
        }
      },
      "world_space": {
        "head": {
          "x": 0.5972431302070618,
          "y": 0.005038369446992874,
          "z": 1.320824146270752
        },
        "tail": {
          "x": 0.588081955909729,
          "y": -0.013757914304733276,
          "z": 1.2939651012420654
        },
        "rotation_quaternion": {
          "w": 0.3148846924304962,
          "x": -0.7671472430229187,
          "y": 0.3531925678253174,
          "z": -0.43311411142349243
        },
        "matrix": [
          [
            0.37533384561538696,
            -0.26914122700691223,
            0.8869539499282837,
            0.5972431302070618
          ],
          [
            -0.814663827419281,
            -0.5522052645683289,
            0.17717903852462769,
            0.005038369446992874
          ],
          [
            0.44209688901901245,
            -0.7890768051147461,
            -0.42652401328086853,
            1.320824146270752
          ],
          [
            0.0,
            0.0,
            0.0,
            1.0
          ]
        ]
      },
      "bone_length_armature_space": 0.03403873789833537,
      "parent": "metacarpal_thumb_l",
      "has_children": true,
      "is_end_bone": false
    },
    "thumb_02_l": {
      "name": "thumb_02_l",
      "local": {
        "location": {
          "x": 0.0,
          "y": 0.0,
          "z": 0.0
        },
        "rotation_quaternion": {
          "w": 0.9966373443603516,
          "x": 0.08144578337669373,
          "y": 0.007790409028530121,
          "z": 0.004465376026928425
        },
        "scale": {
          "x": 1.0,
          "y": 1.0,
          "z": 1.0
        },
        "matrix_basis": [
          [
            0.9998387694358826,
            -0.007631728891283274,
            0.016255797818303108,
            0.0
          ],
          [
            0.010169712826609612,
            0.986693263053894,
            -0.16227424144744873,
            0.0
          ],
          [
            -0.014801053330302238,
            0.16241338849067688,
            0.9866117835044861,
            0.0
          ],
          [
            0.0,
            0.0,
            0.0,
            1.0
          ]
        ],
        "rotation_mode": "QUATERNION"
      },
      "armature_space": {
        "head": {
          "x": 0.5880818963050842,
          "y": -0.07700188457965851,
          "z": 0.3441111743450165
        },
        "tail": {
          "x": 0.6181150674819946,
          "y": -0.10148762911558151,
          "z": 0.3335453271865845
        }
      },
      "world_space": {
        "head": {
          "x": 0.5880818963050842,
          "y": -0.013757884502410889,
          "z": 1.293965220451355
        },
        "tail": {
          "x": 0.6181150674819946,
          "y": -0.03824362903833389,
          "z": 1.2833993434906006
        },
        "rotation_quaternion": {
          "w": 0.4389112889766693,
          "x": -0.3922688961029053,
          "y": -0.05037032440304756,
          "z": -0.8068116307258606
        },
        "matrix": [
          [
            -0.3069628179073334,
            0.7477564215660095,
            0.588756263256073,
            0.5880818963050842
          ],
          [
            -0.6687200665473938,
            -0.6096379160881042,
            0.4256236255168915,
            -0.013757884502410889
          ],
          [
            0.6771953701972961,
            -0.2630649209022522,
            0.6871810555458069,
            1.293965220451355
          ],
          [
            0.0,
            0.0,
            0.0,
            1.0
          ]
        ]
      },
      "bone_length_armature_space": 0.040164414919570984,
      "parent": "thumb_01_l",
      "has_children": true,
      "is_end_bone": false
    },
    "thumb_03_l": {
      "name": "thumb_03_l",
      "local": {
        "location": {
          "x": 0.0,
          "y": 0.0,
          "z": 0.0
        },
        "rotation_quaternion": {
          "w": 0.9972419738769531,
          "x": 0.07383234798908234,
          "y": 0.0021474636159837246,
          "z": 0.007266519125550985
        },
        "scale": {
          "x": 1.0,
          "y": 1.0,
          "z": 1.0
        },
        "matrix_basis": [
          [
            0.9998852014541626,
            -0.01417585089802742,
            0.005356090143322945,
            0.0
          ],
          [
            0.014810060150921345,
            0.9889919757843018,
            -0.1472262293100357,
            0.0
          ],
          [
            -0.003210073336958885,
            0.14728863537311554,
            0.9890883564949036,
            0.0
          ],
          [
            0.0,
            0.0,
            0.0,
            1.0
          ]
        ],
        "rotation_mode": "QUATERNION"
      },
      "armature_space": {
        "head": {
          "x": 0.6181149482727051,
          "y": -0.1014876663684845,
          "z": 0.33354535698890686
        },
        "tail": {
          "x": 0.647103488445282,
          "y": -0.11071854829788208,
          "z": 0.3323845863342285
        }
      },
      "world_space": {
        "head": {
          "x": 0.6181149482727051,
          "y": -0.03824366629123688,
          "z": 1.2833993434906006
        },
        "tail": {
          "x": 0.647103488445282,
          "y": -0.04747454822063446,
          "z": 1.2822386026382446
        },
        "rotation_quaternion": {
          "w": 0.5850033760070801,
          "x": -0.13935449719429016,
          "y": -0.07855536043643951,
          "z": -0.795097827911377
        },
        "matrix": [
          [
            -0.2767026126384735,
            0.9521638751029968,
            0.12968933582305908,
            0.6181149482727051
          ],
          [
            -0.9083756804466248,
            -0.30319973826408386,
            0.28796517848968506,
            -0.03824366629123688
          ],
          [
            0.3135134279727936,
            -0.038126468658447266,
            0.9488257765769958,
            1.2833993434906006
          ],
          [
            0.0,
            0.0,
            0.0,
            1.0
          ]
        ]
      },
      "bone_length_armature_space": 0.03044490131503291,
      "parent": "thumb_02_l",
      "has_children": false,
      "is_end_bone": true
    },
    "metacarpal_index_l": {
      "name": "metacarpal_index_l",
      "local": {
        "location": {
          "x": 0.0,
          "y": 0.0,
          "z": 0.0
        },
        "rotation_quaternion": {
          "w": 0.9993812441825867,
          "x": -0.03034093976020813,
          "y": -0.010325083509087563,
          "z": 0.014491654932498932
        },
        "scale": {
          "x": 1.0,
          "y": 1.0,
          "z": 1.0
        },
        "matrix_basis": [
          [
            0.9993667602539062,
            -0.028338830918073654,
            -0.021516770124435425,
            0.0
          ],
          [
            0.029591921716928482,
            0.9977388381958008,
            0.06034507602453232,
            0.0
          ],
          [
            0.019758008420467377,
            -0.060943588614463806,
            0.9979456663131714,
            0.0
          ],
          [
            0.0,
            0.0,
            0.0,
            1.0
          ]
        ],
        "rotation_mode": "QUATERNION"
      },
      "armature_space": {
        "head": {
          "x": 0.5844231843948364,
          "y": -0.012279778718948364,
          "z": 0.38438859581947327
        },
        "tail": {
          "x": 0.6539947986602783,
          "y": -0.10428756475448608,
          "z": 0.3638073205947876
        }
      },
      "world_space": {
        "head": {
          "x": 0.5844231843948364,
          "y": 0.050964221358299255,
          "z": 1.334242582321167
        },
        "tail": {
          "x": 0.6539947986602783,
          "y": -0.041043564677238464,
          "z": 1.3136613368988037
        },
        "rotation_quaternion": {
          "w": 0.042899180203676224,
          "x": 0.8630903959274292,
          "y": 0.32486918568611145,
          "z": -0.38431066274642944
        },
        "matrix": [
          [
            0.49352988600730896,
            0.5937576293945312,
            -0.6355154514312744,
            0.5844231843948364
          ],
          [
            0.5278099775314331,
            -0.7852387428283691,
            -0.3237551152706146,
            0.050964221358299255
          ],
          [
            -0.6912680268287659,
            -0.17565056681632996,
            -0.7009351849555969,
            1.334242582321167
          ],
          [
            0.0,
            0.0,
            0.0,
            1.0
          ]
        ]
      },
      "bone_length_armature_space": 0.11717180144441952,
      "parent": "lowerarm_l",
      "has_children": true,
      "is_end_bone": false
    },
    "index_01_l": {
      "name": "index_01_l",
      "local": {
        "location": {
          "x": 0.0,
          "y": 0.0,
          "z": 0.0
        },
        "rotation_quaternion": {
          "w": 0.991309404373169,
          "x": -0.13132916390895844,
          "y": 0.007114572450518608,
          "z": -0.0028069117106497288
        },
        "scale": {
          "x": 1.0,
          "y": 1.0,
          "z": 1.0
        },
        "matrix_basis": [
          [
            0.9998829960823059,
            0.0036963343154639006,
            0.0148427439853549,
            0.0
          ],
          [
            -0.007433737628161907,
            0.9654895663261414,
            0.2603357434272766,
            0.0
          ],
          [
            -0.01336822658777237,
            -0.26041561365127563,
            0.9654040932655334,
            0.0
          ],
          [
            0.0,
            0.0,
            0.0,
            1.0
          ]
        ],
        "rotation_mode": "QUATERNION"
      },
      "armature_space": {
        "head": {
          "x": 0.6539947986602783,
          "y": -0.10428756475448608,
          "z": 0.3638073205947876
        },
        "tail": {
          "x": 0.6801559925079346,
          "y": -0.11524579674005508,
          "z": 0.36087846755981445
        }
      },
      "world_space": {
        "head": {
          "x": 0.6539947986602783,
          "y": -0.041043564677238464,
          "z": 1.3136613368988037
        },
        "tail": {
          "x": 0.6801559925079346,
          "y": -0.052001796662807465,
          "z": 1.3107324838638306
        },
        "rotation_quaternion": {
          "w": 0.12428076565265656,
          "x": 0.7850503921508789,
          "y": 0.5407408475875854,
          "z": -0.27540817856788635
        },
        "matrix": [
          [
            0.26349836587905884,
            0.9174742698669434,
            -0.2980090379714966,
            0.6539947986602783
          ],
          [
            0.7805615663528442,
            -0.3843056857585907,
            -0.4929841160774231,
            -0.041043564677238464
          ],
          [
            -0.5668302774429321,
            -0.10271519422531128,
            -0.8174153566360474,
            1.3136613368988037
          ],
          [
            0.0,
            0.0,
            0.0,
            1.0
          ]
        ]
      },
      "bone_length_armature_space": 0.028514366416706145,
      "parent": "metacarpal_index_l",
      "has_children": true,
      "is_end_bone": false
    },
    "index_02_l": {
      "name": "index_02_l",
      "local": {
        "location": {
          "x": 0.0,
          "y": 0.0,
          "z": 0.0
        },
        "rotation_quaternion": {
          "w": 0.9991154670715332,
          "x": 0.04103586822748184,
          "y": 0.008824683725833893,
          "z": -0.002573904115706682
        },
        "scale": {
          "x": 1.0,
          "y": 1.0,
          "z": 1.0
        },
        "matrix_basis": [
          [
            0.9998310208320618,
            0.0058675119653344154,
            0.0174225103110075,
            0.0
          ],
          [
            -0.004418997559696436,
            0.9966188669204712,
            -0.0820445716381073,
            0.0
          ],
          [
            -0.017845001071691513,
            0.08195371180772781,
            0.9964763522148132,
            0.0
          ],
          [
            0.0,
            0.0,
            0.0,
            1.0
          ]
        ],
        "rotation_mode": "QUATERNION"
      },
      "armature_space": {
        "head": {
          "x": 0.6801561713218689,
          "y": -0.11524628847837448,
          "z": 0.3608782887458801
        },
        "tail": {
          "x": 0.7035025954246521,
          "y": -0.12506037950515747,
          "z": 0.35678955912590027
        }
      },
      "world_space": {
        "head": {
          "x": 0.6801561713218689,
          "y": -0.05200228840112686,
          "z": 1.310732364654541
        },
        "tail": {
          "x": 0.7035025954246521,
          "y": -0.06181637942790985,
          "z": 1.3066436052322388
        },
        "rotation_quaternion": {
          "w": 0.11454910039901733,
          "x": 0.7718071937561035,
          "y": 0.5436856150627136,
          "z": -0.30918967723846436
        },
        "matrix": [
          [
            0.21761412918567657,
            0.9100766777992249,
            -0.3527098596096039,
            0.6801561713218689
          ],
          [
            0.7684058547019958,
            -0.38256704807281494,
            -0.5130257606506348,
            -0.05200228840112686
          ],
          [
            -0.6018316745758057,
            -0.1593843698501587,
            -0.7825664281845093,
            1.310732364654541
          ],
          [
            0.0,
            0.0,
            0.0,
            1.0
          ]
        ]
      },
      "bone_length_armature_space": 0.025653257895199722,
      "parent": "index_01_l",
      "has_children": true,
      "is_end_bone": false
    },
    "index_03_l": {
      "name": "index_03_l",
      "local": {
        "location": {
          "x": 0.0,
          "y": 0.0,
          "z": 0.0
        },
        "rotation_quaternion": {
          "w": 0.999633252620697,
          "x": 0.026711896061897278,
          "y": -0.004390178248286247,
          "z": 0.0008035347564145923
        },
        "scale": {
          "x": 1.0,
          "y": 1.0,
          "z": 1.0
        },
        "matrix_basis": [
          [
            0.99996018409729,
            -0.0018410200718790293,
            -0.008734208531677723,
            0.0
          ],
          [
            0.0013719401322305202,
            0.9985716342926025,
            -0.05341125279664993,
            0.0
          ],
          [
            0.0088200643658638,
            0.05339714512228966,
            0.9985343813896179,
            0.0
          ],
          [
            0.0,
            0.0,
            0.0,
            1.0
          ]
        ],
        "rotation_mode": "QUATERNION"
      },
      "armature_space": {
        "head": {
          "x": 0.7035026550292969,
          "y": -0.1250603199005127,
          "z": 0.3567897081375122
        },
        "tail": {
          "x": 0.7288460731506348,
          "y": -0.13611985743045807,
          "z": 0.3473488390445709
        }
      },
      "world_space": {
        "head": {
          "x": 0.7035026550292969,
          "y": -0.061816319823265076,
          "z": 1.3066437244415283
        },
        "tail": {
          "x": 0.7288460731506348,
          "y": -0.07287585735321045,
          "z": 1.2972028255462646
        },
        "rotation_quaternion": {
          "w": 0.028387142345309258,
          "x": 0.7622193694114685,
          "y": 0.5567213892936707,
          "z": -0.3290551006793976
        },
        "matrix": [
          [
            0.16356638073921204,
            0.8673707246780396,
            -0.47001466155052185,
            0.7035026550292969
          ],
          [
            0.8300053477287292,
            -0.3785093426704407,
            -0.40966129302978516,
            -0.061816319823265076
          ],
          [
            -0.5332363843917847,
            -0.32311075925827026,
            -0.7818397283554077,
            1.3066437244415283
          ],
          [
            0.0,
            0.0,
            0.0,
            1.0
          ]
        ]
      },
      "bone_length_armature_space": 0.029218696179864716,
      "parent": "index_02_l",
      "has_children": false,
      "is_end_bone": true
    },
    "metacarpal_pinky_l": {
      "name": "metacarpal_pinky_l",
      "local": {
        "location": {
          "x": 0.0,
          "y": 0.0,
          "z": 0.0
        },
        "rotation_quaternion": {
          "w": 0.9997103214263916,
          "x": 0.0018823789432644844,
          "y": -0.021938832476735115,
          "z": 0.009718971326947212
        },
        "scale": {
          "x": 1.0,
          "y": 1.0,
          "z": 1.0
        },
        "matrix_basis": [
          [
            0.9988484382629395,
            -0.019514907151460648,
            -0.043828364461660385,
            0.0
          ],
          [
            0.01934971660375595,
            0.9998040199279785,
            -0.004190112929791212,
            0.0
          ],
          [
            0.04390154406428337,
            0.0033372214529663324,
            0.9990302920341492,
            0.0
          ],
          [
            0.0,
            0.0,
            0.0,
            1.0
          ]
        ],
        "rotation_mode": "QUATERNION"
      },
      "armature_space": {
        "head": {
          "x": 0.5844231843948364,
          "y": -0.012279778718948364,
          "z": 0.38438859581947327
        },
        "tail": {
          "x": 0.6816374659538269,
          "y": -0.041039738804101944,
          "z": 0.36060890555381775
        }
      },
      "world_space": {
        "head": {
          "x": 0.5844231843948364,
          "y": 0.050964221358299255,
          "z": 1.334242582321167
        },
        "tail": {
          "x": 0.6816374659538269,
          "y": 0.022204261273145676,
          "z": 1.3104629516601562
        },
        "rotation_quaternion": {
          "w": 0.579743504524231,
          "x": 0.02427413873374462,
          "y": 0.1606297791004181,
          "z": -0.7984399795532227
        },
        "matrix": [
          [
            -0.32661598920822144,
            0.9335788488388062,
            0.14748679101467133,
            0.5844231843948364
          ],
          [
            -0.9179832935333252,
            -0.2761908173561096,
            -0.2846508324146271,
            0.050964221358299255
          ],
          [
            -0.22501179575920105,
            -0.22836385667324066,
            0.947224497795105,
            1.334242582321167
          ],
          [
            0.0,
            0.0,
            0.0,
            1.0
          ]
        ]
      },
      "bone_length_armature_space": 0.10413080854932498,
      "parent": "lowerarm_l",
      "has_children": true,
      "is_end_bone": false
    },
    "pinky_01_l": {
      "name": "pinky_01_l",
      "local": {
        "location": {
          "x": 0.0,
          "y": 0.0,
          "z": 0.0
        },
        "rotation_quaternion": {
          "w": 0.9941475987434387,
          "x": -0.10782723128795624,
          "y": 0.00048809644067659974,
          "z": 0.006613393314182758
        },
        "scale": {
          "x": 1.0,
          "y": 1.0,
          "z": 1.0
        },
        "matrix_basis": [
          [
            0.9999120235443115,
            -0.013254638761281967,
            -0.0004557279753498733,
            0.0
          ],
          [
            0.013044117949903011,
            0.9766591191291809,
            0.2143988162279129,
            0.0
          ],
          [
            -0.0023966876324266195,
            -0.21438591182231903,
            0.9767460823059082,
            0.0
          ],
          [
            0.0,
            0.0,
            0.0,
            1.0
          ]
        ],
        "rotation_mode": "QUATERNION"
      },
      "armature_space": {
        "head": {
          "x": 0.6816374659538269,
          "y": -0.041039738804101944,
