{
  "metadata": {
    "armature_name": "KIM_caucasian_male",
    "export_time": "2026-01-13T20:59:59.342856",
    "blender_version": "4.4.1",
    "bone_count": 56,
    "end_bone_count": 13,
    "spaces_included": [
      "LOCAL_CHANNELS",
      "ARMATURE_SPACE",
      "WORLD_SPACE"
    ],
    "note": "LOCAL matches Transform panel; replay pose via local.matrix_basis for best fidelity."
  },
  "bones": {
    "Root": {
      "name": "Root",
      "local": {
        "location": {
          "x": 0.0,
          "y": 0.0,
          "z": 0.0
        },
        "rotation_quaternion": {
          "w": 0.9999706149101257,
          "x": 0.0013189841993153095,
          "y": 0.003550766035914421,
          "z": -0.006677547469735146
        },
        "scale": {
          "x": 1.0,
          "y": 1.0,
          "z": 1.0
        },
        "matrix_basis": [
          [
            0.999885618686676,
            0.013364069163799286,
            0.007083708420395851,
            0.0
          ],
          [
            -0.013345335610210896,
            0.9999073147773743,
            -0.0026853117160499096,
            0.0
          ],
          [
            -0.0071189384907484055,
            0.002590470016002655,
            0.999971330165863,
            0.0
          ],
          [
            0.0,
            0.0,
            0.0,
            1.0
          ]
        ],
        "rotation_mode": "QUATERNION"
      },
      "armature_space": {
        "head": {
          "x": 0.0,
          "y": 0.07072800397872925,
          "z": -0.009595036506652832
        },
        "tail": {
          "x": 0.000953872047830373,
          "y": -1.8298625946044922e-05,
          "z": -0.00018410943448543549
        }
      },
      "world_space": {
        "head": {
          "x": 0.0,
          "y": 0.13397200405597687,
          "z": 0.9402589797973633
        },
        "tail": {
          "x": 0.000953872047830373,
          "y": 0.06322570145130157,
          "z": 0.9496698975563049
        },
        "rotation_quaternion": {
          "w": 0.06604968011379242,
          "x": 0.9977877140045166,
          "y": 0.0069015854969620705,
          "z": 0.0030928475316613913
        },
        "matrix": [
          [
            0.999885618686676,
            0.013364069163799286,
            0.007083708420395851,
            0.0
          ],
          [
            0.014181198552250862,
            -0.9911795258522034,
            -0.13176488876342773,
            0.13397200405597687
          ],
          [
            0.005260361824184656,
            0.1318502575159073,
            -0.9912627339363098,
            0.9402589797973633
          ],
          [
            0.0,
            0.0,
            0.0,
            1.0
          ]
        ]
      },
      "bone_length_armature_space": 0.07137586912165164,
      "parent": null,
      "has_children": true,
      "is_end_bone": false
    },
    "spine_01": {
      "name": "spine_01",
      "local": {
        "location": {
          "x": 0.0,
          "y": 0.0,
          "z": 0.0
        },
        "rotation_quaternion": {
          "w": 0.9939316511154175,
          "x": 0.10624226927757263,
          "y": -0.021504824981093407,
          "z": 0.018707886338233948
        },
        "scale": {
          "x": 1.0,
          "y": 1.0,
          "z": 1.0
        },
        "matrix_basis": [
          [
            0.9983751177787781,
            -0.04175816476345062,
            -0.038773514330387115,
            0.0
          ],
          [
            0.032619278877973557,
            0.976725161075592,
            -0.21199972927570343,
            0.0
          ],
          [
            0.04672379046678543,
            0.21039049327373505,
            0.9765002727508545,
            0.0
          ],
          [
            0.0,
            0.0,
            0.0,
            1.0
          ]
        ],
        "rotation_mode": "QUATERNION"
      },
      "armature_space": {
        "head": {
          "x": 0.000953872047830373,
          "y": -1.8298625946044922e-05,
          "z": -0.00018410943448543549
        },
        "tail": {
          "x": -0.020794032141566277,
          "y": -0.08186664432287216,
          "z": 0.4804157316684723
        }
      },
      "world_space": {
        "head": {
          "x": 0.000953872047830373,
          "y": 0.06322570145130157,
          "z": 0.9496698975563049
        },
        "tail": {
          "x": -0.020794032141566277,
          "y": -0.018622644245624542,
          "z": 1.430269718170166
        },
        "rotation_quaternion": {
          "w": 0.6446133852005005,
          "x": 0.7640901207923889,
          "y": -0.02474946342408657,
          "z": 0.005230717360973358
        },
        "matrix": [
          [
            0.9987202286720276,
            -0.044565264135599136,
            -0.023914460092782974,
            0.000953872047830373
          ],
          [
            -0.031078314408659935,
            -0.16772159934043884,
            -0.9853444695472717,
            0.06322570145130157
          ],
          [
            0.039901409298181534,
            0.984833300113678,
            -0.16889405250549316,
            0.9496698975563049
          ],
          [
            0.0,
            0.0,
            0.0,
            1.0
          ]
        ]
      },
      "bone_length_armature_space": 0.48800443870432536,
      "parent": "Root",
      "has_children": true,
      "is_end_bone": false
    },
    "neck_01": {
      "name": "neck_01",
      "local": {
        "location": {
          "x": 0.0,
          "y": 0.0,
          "z": 0.0
        },
        "rotation_quaternion": {
          "w": 0.9978915452957153,
          "x": -0.054717544466257095,
          "y": 0.019062956795096397,
          "z": -0.029244055971503258
        },
        "scale": {
          "x": 1.0,
          "y": 1.0,
          "z": 1.0
        },
        "matrix_basis": [
          [
            0.9975627660751343,
            0.05627863481640816,
            0.041245851665735245,
            0.0
          ],
          [
            -0.060450948774814606,
            0.9923015236854553,
            0.1080893948674202,
            0.0
          ],
          [
            -0.034845199435949326,
            -0.11031930893659592,
            0.9932851791381836,
            0.0
          ],
          [
            0.0,
            0.0,
            0.0,
            1.0
          ]
        ],
        "rotation_mode": "QUATERNION"
      },
      "armature_space": {
        "head": {
          "x": -0.024886395782232285,
          "y": -0.1283191442489624,
          "z": 0.5466664433479309
        },
        "tail": {
          "x": -0.024163734167814255,
          "y": -0.17278459668159485,
          "z": 0.6390408873558044
        }
      },
      "world_space": {
        "head": {
          "x": -0.024886395782232285,
          "y": -0.06507514417171478,
          "z": 1.4965205192565918
        },
        "tail": {
          "x": -0.024163734167814255,
          "y": -0.10954059660434723,
          "z": 1.5888948440551758
        },
        "rotation_quaternion": {
          "w": 0.5320025086402893,
          "x": 0.8466125130653381,
          "y": 0.010665373876690865,
          "z": 0.010347709059715271
        },
        "matrix": [
          [
            0.9995584487915039,
            0.007048882078379393,
            0.028869008645415306,
            -0.024886395782232285
          ],
          [
            0.029068905860185623,
            -0.4337190091609955,
            -0.9005793929100037,
            -0.06507514417171478
          ],
          [
            0.006173040717840195,
            0.9010264277458191,
            -0.43373626470565796,
            1.4965205192565918
          ],
          [
            0.0,
            0.0,
            0.0,
            1.0
          ]
        ]
      },
      "bone_length_armature_space": 0.10252188470884248,
      "parent": "spine_01",
      "has_children": true,
      "is_end_bone": false
    },
    "head": {
      "name": "head",
      "local": {
        "location": {
          "x": 0.0,
          "y": 0.0,
          "z": 0.0
        },
        "rotation_quaternion": {
          "w": 0.9940599203109741,
          "x": -0.0937245562672615,
          "y": -0.0548720620572567,
          "z": -0.007047573104500771
        },
        "scale": {
          "x": 1.0,
          "y": 1.0,
          "z": 1.0
        },
        "matrix_basis": [
          [
            0.9938787817955017,
            0.024297138676047325,
            -0.10777117311954498,
            0.0
          ],
          [
            -0.003725700546056032,
            0.9823320508003235,
            0.1871090829372406,
            0.0
          ],
          [
            0.11041329801082611,
            -0.18556222319602966,
            0.9764095544815063,
            0.0
          ],
          [
            0.0,
            0.0,
            0.0,
            1.0
          ]
        ],
        "rotation_mode": "QUATERNION"
      },
      "armature_space": {
        "head": {
          "x": -0.024163732305169106,
          "y": -0.1727847009897232,
          "z": 0.6390407681465149
        },
        "tail": {
          "x": -0.021842768415808678,
          "y": -0.15601927042007446,
          "z": 0.793205738067627
        }
      },
      "world_space": {
        "head": {
          "x": -0.024163732305169106,
          "y": -0.10954070091247559,
          "z": 1.5888948440551758
        },
        "tail": {
          "x": -0.021842768415808678,
          "y": -0.09277527034282684,
          "z": 1.743059754371643
        },
        "rotation_quaternion": {
          "w": 0.7438971996307373,
          "x": 0.6669679284095764,
          "y": -0.025831807404756546,
          "z": -0.033219125121831894
        },
        "matrix": [
          [
            0.9964584708213806,
            0.014965251088142395,
            -0.08274468779563904,
            -0.024163732305169106
          ],
          [
            -0.08388130366802216,
            0.10810112208127975,
            -0.9905951023101807,
            -0.10954070091247559
          ],
          [
            -0.005879824981093407,
            0.9940343499183655,
            0.10897330939769745,
            1.5888948440551758
          ],
          [
            0.0,
            0.0,
            0.0,
            1.0
          ]
        ]
      },
      "bone_length_armature_space": 0.15509127815533913,
      "parent": "neck_01",
      "has_children": false,
      "is_end_bone": true
    },
    "upperarm_l": {
      "name": "upperarm_l",
      "local": {
        "location": {
          "x": 0.0,
          "y": 0.0,
          "z": 0.0
        },
        "rotation_quaternion": {
          "w": 0.9640442132949829,
          "x": 0.14536705613136292,
          "y": -0.16530558466911316,
          "z": -0.1488669216632843
        },
        "scale": {
          "x": 1.0,
          "y": 1.0,
          "z": 1.0
        },
        "matrix_basis": [
          [
            0.9010254144668579,
            0.2389686107635498,
            -0.36200448870658875,
            0.0
          ],
          [
            -0.3350885510444641,
            0.9134141206741333,
            -0.23106347024440765,
            0.0
          ],
          [
            0.27544310688972473,
            0.3294976055622101,
            0.9030849933624268,
            0.0
          ],
          [
            0.0,
            0.0,
            0.0,
            1.0
          ]
        ],
        "rotation_mode": "QUATERNION"
      },
      "armature_space": {
        "head": {
          "x": 0.12784050405025482,
          "y": -0.12485108524560928,
          "z": 0.48592454195022583
        },
        "tail": {
          "x": 0.3753346800804138,
          "y": -0.19646728038787842,
          "z": 0.41226688027381897
        }
      },
      "world_space": {
        "head": {
          "x": 0.12784050405025482,
          "y": -0.061607085168361664,
          "z": 1.4357786178588867
        },
        "tail": {
          "x": 0.3753346800804138,
          "y": -0.1332232803106308,
          "z": 1.3621208667755127
        },
        "rotation_quaternion": {
          "w": 0.38684555888175964,
          "x": 0.44166985154151917,
          "y": 0.4655357003211975,
          "z": -0.6622347235679626
        },
        "matrix": [
          [
            -0.3105566203594208,
            0.923591136932373,
            -0.22479775547981262,
            0.12784050405025482
          ],
          [
            -0.1011410653591156,
            -0.26725512742996216,
            -0.9583034515380859,
            -0.061607085168361664
          ],
          [
            -0.9451655149459839,
            -0.27487337589263916,
            0.17641112208366394,
            1.4357786178588867
          ],
          [
            0.0,
            0.0,
            0.0,
            1.0
          ]
        ]
      },
      "bone_length_armature_space": 0.26796958734837484,
      "parent": "spine_01",
      "has_children": true,
      "is_end_bone": false
    },
    "lowerarm_l": {
      "name": "lowerarm_l",
      "local": {
        "location": {
          "x": 0.0,
          "y": 0.0,
          "z": 0.0
        },
        "rotation_quaternion": {
          "w": 0.8963809609413147,
          "x": 0.3893033266067505,
          "y": 0.0945606455206871,
          "z": -0.18974295258522034
        },
        "scale": {
          "x": 1.0,
          "y": 1.0,
          "z": 1.0
        },
        "matrix_basis": [
          [
            0.9101117849349976,
            0.4137894809246063,
            0.02178959921002388,
            0.0
          ],
          [
            -0.2665383815765381,
            0.6248810887336731,
            -0.7338126301765442,
            0.0
          ],
          [
            -0.31725984811782837,
            0.6620437502861023,
            0.6790024042129517,
            0.0
          ],
          [
            0.0,
            0.0,
            0.0,
            1.0
          ]
        ],
        "rotation_mode": "QUATERNION"
      },
      "armature_space": {
        "head": {
          "x": 0.37533479928970337,
          "y": -0.1964673399925232,
          "z": 0.41226696968078613
        },
        "tail": {
          "x": 0.4436543583869934,
          "y": -0.44445037841796875,
          "z": 0.33873921632766724
        }
      },
      "world_space": {
        "head": {
          "x": 0.37533479928970337,
          "y": -0.13322333991527557,
          "z": 1.3621209859848022
        },
        "tail": {
          "x": 0.4436543583869934,
          "y": -0.3812063932418823,
          "z": 1.2885932922363281
        },
        "rotation_quaternion": {
          "w": 0.03142111003398895,
          "x": 0.5408264398574829,
          "y": 0.1885094791650772,
          "z": -0.8191359639167786
        },
        "matrix": [
          [
            -0.4130394458770752,
            0.2553769052028656,
            -0.8741744160652161,
            0.37533479928970337
          ],
          [
            0.1524248719215393,
            -0.9269545078277588,
            -0.3428152799606323,
            -0.13322333991527557
          ],
          [
            -0.8978731632232666,
            -0.2748449444770813,
            0.34394505620002747,
            1.3621209859848022
          ],
          [
            0.0,
            0.0,
            0.0,
            1.0
          ]
        ]
      },
      "bone_length_armature_space": 0.2675247269623224,
      "parent": "upperarm_l",
      "has_children": true,
      "is_end_bone": false
    },
    "metacarpal_thumb_l": {
      "name": "metacarpal_thumb_l",
      "local": {
        "location": {
          "x": 0.0,
          "y": 0.0,
          "z": 0.0
        },
        "rotation_quaternion": {
          "w": 0.9997999668121338,
          "x": 0.012735879980027676,
          "y": -0.011388331651687622,
          "z": 0.010398272424936295
        },
        "scale": {
          "x": 1.0,
          "y": 1.0,
          "z": 1.0
        },
        "matrix_basis": [
          [
            0.9995243549346924,
            -0.02108246646821499,
            -0.02250724472105503,
            0.0
          ],
          [
            0.020502304658293724,
            0.9994593262672424,
            -0.02570350281894207,
            0.0
          ],
          [
            0.02303696982562542,
            0.02522982656955719,
            0.9994162321090698,
            0.0
          ],
          [
            0.0,
            0.0,
            0.0,
            1.0
          ]
        ],
        "rotation_mode": "QUATERNION"
      },
      "armature_space": {
        "head": {
          "x": 0.4436543583869934,
          "y": -0.44445037841796875,
          "z": 0.33873921632766724
        },
        "tail": {
          "x": 0.4230678677558899,
          "y": -0.48852142691612244,
          "z": 0.3293836712837219
        }
      },
      "world_space": {
        "head": {
          "x": 0.4436543583869934,
          "y": -0.3812063932418823,
          "z": 1.2885932922363281
        },
        "tail": {
          "x": 0.4230678677558899,
          "y": -0.4252774119377136,
          "z": 1.2792377471923828
        },
        "rotation_quaternion": {
          "w": 0.1488957554101944,
          "x": -0.9392991065979004,
          "y": 0.18157801032066345,
          "z": 0.25015342235565186
        },
        "matrix": [
          [
            0.8089053630828857,
            -0.4156058728694916,
            -0.41586485505104065,
            0.4436543583869934
          ],
          [
            -0.2666190266609192,
            -0.8897188901901245,
            0.3705598711967468,
            -0.3812063932418823
          ],
          [
            -0.5240136384963989,
            -0.1888725459575653,
            -0.830512523651123,
            1.2885932922363281
          ],
          [
            0.0,
            0.0,
            0.0,
            1.0
          ]
        ]
      },
      "bone_length_armature_space": 0.049533696664643224,
      "parent": "lowerarm_l",
      "has_children": true,
      "is_end_bone": false
    },
    "thumb_01_l": {
      "name": "thumb_01_l",
      "local": {
        "location": {
          "x": 0.0,
          "y": 0.0,
          "z": 0.0
        },
        "rotation_quaternion": {
          "w": 0.9965074062347412,
          "x": -0.0834823027253151,
          "y": 0.0018815051298588514,
          "z": -0.0005344889359548688
        },
        "scale": {
          "x": 1.0,
          "y": 1.0,
          "z": 1.0
        },
        "matrix_basis": [
          [
            0.9999923706054688,
            0.0007510996074415743,
            0.00383910839445889,
            0.0
          ],
          [
            -0.0013793890830129385,
            0.9860608577728271,
            0.16637945175170898,
            0.0
          ],
          [
            -0.003660626942291856,
            -0.16638347506523132,
            0.9860543012619019,
            0.0
          ],
          [
            0.0,
            0.0,
            0.0,
            1.0
          ]
        ],
        "rotation_mode": "QUATERNION"
      },
      "armature_space": {
        "head": {
          "x": 0.4230678677558899,
          "y": -0.48852142691612244,
          "z": 0.3293836712837219
        },
        "tail": {
          "x": 0.3960798978805542,
          "y": -0.4962182939052582,
          "z": 0.3101213276386261
        }
      },
      "world_space": {
        "head": {
          "x": 0.4230678677558899,
          "y": -0.4252774119377136,
          "z": 1.2792377471923828
        },
        "tail": {
          "x": 0.3960798978805542,
          "y": -0.43297427892684937,
          "z": 1.2599753141403198
        },
        "rotation_quaternion": {
          "w": 0.07746557146310806,
          "x": -0.6889902353286743,
          "y": 0.6172012090682983,
          "z": -0.37195998430252075
        },
        "matrix": [
          [
            -0.038585759699344635,
            -0.7928643822669983,
            0.6081751585006714,
            0.4230678677558899
          ],
          [
            -0.9081186056137085,
            -0.2261216789484024,
            -0.3524055480957031,
            -0.4252774119377136
          ],
          [
            0.41693350672721863,
            -0.5658974051475525,
            -0.7112953066825867,
            1.2792377471923828
          ],
          [
            0.0,
            0.0,
            0.0,
            1.0
          ]
        ]
      },
      "bone_length_armature_space": 0.03403865736596422,
      "parent": "metacarpal_thumb_l",
      "has_children": true,
      "is_end_bone": false
    },
    "thumb_02_l": {
      "name": "thumb_02_l",
      "local": {
        "location": {
          "x": 0.0,
          "y": 0.0,
          "z": 0.0
        },
        "rotation_quaternion": {
          "w": 0.9974731206893921,
          "x": 0.07082176953554153,
          "y": -0.0051828850992023945,
          "z": -0.0021908425260335207
        },
        "scale": {
          "x": 1.0,
          "y": 1.0,
          "z": 1.0
        },
        "matrix_basis": [
          [
            0.9999366998672485,
            0.003636490786448121,
            -0.01064989622682333,
            0.0
          ],
          [
            -0.005104735027998686,
            0.9899589419364929,
            -0.14126291871070862,
            0.0
          ],
          [
            0.010029258206486702,
            0.14130833745002747,
            0.9899148344993591,
            0.0
          ],
          [
            0.0,
            0.0,
            0.0,
            1.0
          ]
        ],
        "rotation_mode": "QUATERNION"
      },
      "armature_space": {
        "head": {
          "x": 0.3960798680782318,
          "y": -0.4962182343006134,
          "z": 0.3101213574409485
        },
        "tail": {
          "x": 0.39947745203971863,
          "y": -0.5330182909965515,
          "z": 0.29439249634742737
        }
      },
      "world_space": {
        "head": {
          "x": 0.3960798680782318,
          "y": -0.4329742193222046,
          "z": 1.2599754333496094
        },
        "tail": {
          "x": 0.39947745203971863,
          "y": -0.4697743058204651,
          "z": 1.244246482849121
        },
        "rotation_quaternion": {
          "w": 0.1480560600757599,
          "x": -0.5494994521141052,
          "y": 0.14128616452217102,
          "z": -0.8100419640541077
        },
        "matrix": [
          [
            -0.35225993394851685,
            0.08459214866161346,
            0.9320712685585022,
            0.3960798680782318
          ],
          [
            -0.3951365053653717,
            -0.9162354469299316,
            -0.06617996096611023,
            -0.4329742193222046
          ],
          [
            0.8484043478965759,
            -0.39161166548728943,
            0.35618099570274353,
            1.2599754333496094
          ],
          [
            0.0,
            0.0,
            0.0,
            1.0
          ]
        ]
      },
      "bone_length_armature_space": 0.04016447244735123,
      "parent": "thumb_01_l",
      "has_children": true,
      "is_end_bone": false
    },
    "thumb_03_l": {
      "name": "thumb_03_l",
      "local": {
        "location": {
          "x": 0.0,
          "y": 0.0,
          "z": 0.0
        },
        "rotation_quaternion": {
          "w": 0.9982455372810364,
          "x": 0.05896572023630142,
          "y": 0.005359691102057695,
          "z": -0.000314239296130836
        },
        "scale": {
          "x": 1.0,
          "y": 1.0,
          "z": 1.0
        },
        "matrix_basis": [
          [
            0.9999423623085022,
            0.001259452081285417,
            0.010663516819477081,
            0.0
          ],
          [
            4.700142198998947e-06,
            0.9930458664894104,
            -0.11772790551185608,
            0.0
          ],
          [
            -0.010737634263932705,
            0.11772116273641586,
            0.992988646030426,
            0.0
          ],
          [
            0.0,
            0.0,
            0.0,
            1.0
          ]
        ],
        "rotation_mode": "QUATERNION"
      },
      "armature_space": {
        "head": {
          "x": 0.39947739243507385,
          "y": -0.5330182909965515,
          "z": 0.29439255595207214
        },
        "tail": {
          "x": 0.413692831993103,
          "y": -0.5580787062644958,
          "z": 0.2845544219017029
        }
      },
      "world_space": {
        "head": {
          "x": 0.39947739243507385,
          "y": -0.4697743058204651,
          "z": 1.2442466020584106
        },
        "tail": {
          "x": 0.413692831993103,
          "y": -0.4948347210884094,
          "z": 1.2344083786010742
        },
        "rotation_quaternion": {
          "w": 0.28780636191368103,
          "x": -0.3283478319644928,
          "y": 0.07481277734041214,
          "z": -0.8965257406234741
        },
        "matrix": [
          [
            -0.6187097430229187,
            0.46692347526550293,
            0.6318073272705078,
            0.39947739243507385
          ],
          [
            -0.5651808977127075,
            -0.8231408596038818,
            0.05485987290740013,
            -0.4697743058204651
          ],
          [
            0.5456852316856384,
            -0.32314619421958923,
            0.7731873989105225,
            1.2442466020584106
          ],
          [
            0.0,
            0.0,
            0.0,
            1.0
          ]
        ]
      },
      "bone_length_armature_space": 0.03044490111525411,
      "parent": "thumb_02_l",
      "has_children": false,
      "is_end_bone": true
    },
    "metacarpal_index_l": {
      "name": "metacarpal_index_l",
      "local": {
        "location": {
          "x": 0.0,
          "y": 0.0,
          "z": 0.0
        },
        "rotation_quaternion": {
          "w": 0.9987794160842896,
          "x": -0.04692085459828377,
          "y": 0.01367985550314188,
          "z": 0.007139011286199093
        },
        "scale": {
          "x": 1.0,
          "y": 1.0,
          "z": 1.0
        },
        "matrix_basis": [
          [
            0.9995238184928894,
            -0.015544336289167404,
            0.02665637992322445,
            0.0
          ],
          [
            0.012976854108273983,
            0.9954949617385864,
            0.09392248839139938,
            0.0
          ],
          [
            -0.027996253222227097,
            -0.09353184700012207,
            0.9952225685119629,
            0.0
          ],
          [
            0.0,
            0.0,
            0.0,
            1.0
          ]
        ],
        "rotation_mode": "QUATERNION"
      },
      "armature_space": {
        "head": {
          "x": 0.4436543583869934,
          "y": -0.44445037841796875,
          "z": 0.33873921632766724
        },
        "tail": {
          "x": 0.447017639875412,
          "y": -0.5603752136230469,
          "z": 0.3220255970954895
        }
      },
      "world_space": {
        "head": {
          "x": 0.4436543583869934,
          "y": -0.3812063932418823,
          "z": 1.2885932922363281
        },
        "tail": {
          "x": 0.447017639875412,
          "y": -0.49713122844696045,
          "z": 1.2718796730041504
        },
        "rotation_quaternion": {
          "w": 0.05538886785507202,
          "x": -0.8704497814178467,
          "y": -0.047465238720178604,
          "z": 0.4868227243423462
        },
        "matrix": [
          [
            0.5215014219284058,
            0.028703872114419937,
            -0.8527674078941345,
            0.4436543583869934
          ],
          [
            0.13656125962734222,
            -0.9893585443496704,
            0.05021107196807861,
            -0.3812063932418823
          ],
          [
            -0.8422572612762451,
            -0.14264200627803802,
            -0.5198752880096436,
            1.2885932922363281
          ],
          [
            0.0,
            0.0,
            0.0,
            1.0
          ]
        ]
      },
      "bone_length_armature_space": 0.11717177235221028,
      "parent": "lowerarm_l",
      "has_children": true,
      "is_end_bone": false
    },
    "index_01_l": {
      "name": "index_01_l",
      "local": {
        "location": {
          "x": 0.0,
          "y": 0.0,
          "z": 0.0
        },
        "rotation_quaternion": {
          "w": 0.9912548065185547,
          "x": -0.13137541711330414,
          "y": 0.010588759556412697,
          "z": -0.006519981659948826
        },
        "scale": {
          "x": 1.0,
          "y": 1.0,
          "z": 1.0
        },
        "matrix_basis": [
          [
            0.9996907114982605,
            0.010143720544874668,
            0.022705448791384697,
            0.0
          ],
          [
            -0.015708131715655327,
            0.965395987033844,
            0.26031494140625,
            0.0
          ],
          [
            -0.01927918754518032,
            -0.2605910897254944,
            0.9652567505836487,
            0.0
          ],
          [
            0.0,
            0.0,
            0.0,
            1.0
          ]
        ],
        "rotation_mode": "QUATERNION"
      },
      "armature_space": {
        "head": {
          "x": 0.447017639875412,
          "y": -0.5603752136230469,
          "z": 0.3220255970954895
        },
        "tail": {
          "x": 0.46199288964271545,
          "y": -0.5839798450469971,
          "z": 0.31640127301216125
        }
      },
      "world_space": {
        "head": {
          "x": 0.447017639875412,
          "y": -0.49713122844696045,
          "z": 1.2718796730041504
        },
        "tail": {
          "x": 0.46199288964271545,
          "y": -0.5207358598709106,
          "z": 1.266255259513855
        },
        "rotation_quaternion": {
          "w": 0.023448975756764412,
          "x": 0.8652238845825195,
          "y": 0.2924756407737732,
          "z": -0.4065660238265991
        },
        "matrix": [
          [
            0.4983234405517578,
            0.52518230676651,
            -0.6898239850997925,
            0.447017639875412
          ],
          [
            0.4870469570159912,
            -0.8278157711029053,
            -0.27840057015419006,
            -0.49713122844696045
          ],
          [
            -0.7172628045082092,
            -0.19724531471729279,
            -0.6683133244514465,
            1.2718796730041504
          ],
          [
            0.0,
            0.0,
            0.0,
            1.0
          ]
        ]
      },
      "bone_length_armature_space": 0.028514378202281806,
      "parent": "metacarpal_index_l",
      "has_children": true,
      "is_end_bone": false
    },
    "index_02_l": {
      "name": "index_02_l",
      "local": {
        "location": {
          "x": 0.0,
          "y": 0.0,
          "z": 0.0
        },
        "rotation_quaternion": {
          "w": 0.9981248378753662,
          "x": 0.06114603951573372,
          "y": 0.001888822764158249,
          "z": -0.0021252876613289118
        },
        "scale": {
          "x": 1.0,
          "y": 1.0,
          "z": 1.0
        },
        "matrix_basis": [
          [
            0.9999838471412659,
            0.004473593086004257,
            0.0035106560681015253,
            0.0
          ],
          [
            -0.004011616576462984,
            0.9925132989883423,
            -0.1220707893371582,
            0.0
          ],
          [
            -0.004030467476695776,
            0.12205473333597183,
            0.9925152063369751,
            0.0
          ],
          [
            0.0,
            0.0,
            0.0,
            1.0
          ]
        ],
        "rotation_mode": "QUATERNION"
      },
      "armature_space": {
        "head": {
          "x": 0.4619927704334259,
          "y": -0.5839803218841553,
          "z": 0.3164011538028717
        },
        "tail": {
          "x": 0.47420668601989746,
          "y": -0.6054105758666992,
          "z": 0.3093545138835907
        }
      },
      "world_space": {
        "head": {
          "x": 0.4619927704334259,
          "y": -0.5207363367080688,
          "z": 1.2662551403045654
        },
        "tail": {
          "x": 0.47420668601989746,
          "y": -0.5421665906906128,
          "z": 1.2592085599899292
        },
        "rotation_quaternion": {
          "w": 0.011037193238735199,
          "x": -0.8475717902183533,
          "y": -0.28668317198753357,
          "z": 0.44644492864608765
        },
        "matrix": [
          [
            0.4369986355304718,
            0.47611576318740845,
            -0.7631158828735352,
            0.4619927704334259
          ],
          [
            0.4958244562149048,
            -0.8353814482688904,
            -0.2372690886259079,
            -0.5207363367080688
          ],
          [
            -0.7504651546478271,
            -0.27468791604042053,
            -0.6011347770690918,
            1.2662551403045654
          ],
          [
            0.0,
            0.0,
            0.0,
            1.0
          ]
        ]
      },
      "bone_length_armature_space": 0.02565327774908487,
      "parent": "index_01_l",
      "has_children": true,
      "is_end_bone": false
    },
    "index_03_l": {
      "name": "index_03_l",
      "local": {
        "location": {
          "x": 0.0,
          "y": 0.0,
          "z": 0.0
        },
        "rotation_quaternion": {
          "w": 0.9998167753219604,
          "x": 0.0179717056453228,
          "y": 0.003999477252364159,
          "z": 0.005242679268121719
        },
        "scale": {
          "x": 1.0,
          "y": 1.0,
          "z": 1.0
        },
        "matrix_basis": [
          [
            0.9999130368232727,
            -0.010339682921767235,
            0.00818592868745327,
            0.0
          ],
          [
            0.010627192445099354,
            0.9992990493774414,
            -0.03589488938450813,
            0.0
          ],
          [
            -0.007809048984199762,
            0.035978760570287704,
            0.9993220567703247,
            0.0
          ],
          [
            0.0,
            0.0,
            0.0,
            1.0
          ]
        ],
        "rotation_mode": "QUATERNION"
      },
      "armature_space": {
        "head": {
          "x": 0.474206805229187,
          "y": -0.6054105162620544,
          "z": 0.30935463309288025
        },
        "tail": {
          "x": 0.4862430989742279,
          "y": -0.6292082667350769,
          "z": 0.297416090965271
        }
      },
      "world_space": {
        "head": {
          "x": 0.474206805229187,
          "y": -0.542166531085968,
          "z": 1.2592086791992188
        },
        "tail": {
          "x": 0.4862430989742279,
          "y": -0.5659642815589905,
          "z": 1.247270107269287
        },
        "rotation_quaternion": {
          "w": 0.0937434583902359,
          "x": -0.8498750329017639,
          "y": -0.2897874712944031,
          "z": 0.4300556778907776
        },
        "matrix": [
          [
            0.462149977684021,
            0.41193825006484985,
            -0.7853178381919861,
            0.474206805229187
          ],
          [
            0.5731965899467468,
            -0.8144705891609192,
            -0.0899113342165947,
            -0.542166531085968
          ],
          [
            -0.6766603589057922,
            -0.4085925817489624,
            -0.6125335097312927,
            1.2592086791992188
          ],
          [
            0.0,
            0.0,
            0.0,
            1.0
          ]
        ]
      },
      "bone_length_armature_space": 0.029218728676589922,
      "parent": "index_02_l",
      "has_children": false,
      "is_end_bone": true
    },
    "metacarpal_pinky_l": {
      "name": "metacarpal_pinky_l",
      "local": {
        "location": {
          "x": 0.0,
          "y": 0.0,
          "z": 0.0
        },
        "rotation_quaternion": {
          "w": 0.9999094009399414,
          "x": -0.0022127185948193073,
          "y": 7.948791608214378e-05,
          "z": -0.013278736732900143
        },
        "scale": {
          "x": 1.0,
          "y": 1.0,
          "z": 1.0
        },
        "matrix_basis": [
          [
            0.999647319316864,
            0.026554714888334274,
            0.000217725639231503,
            0.0
          ],
          [
            -0.026555418968200684,
            0.9996375441551208,
            0.004422925412654877,
            0.0
          ],
          [
            -0.00010019721230491996,
            -0.004427147097885609,
            0.9999902248382568,
            0.0
          ],
          [
            0.0,
            0.0,
            0.0,
            1.0
          ]
        ],
        "rotation_mode": "QUATERNION"
      },
      "armature_space": {
        "head": {
          "x": 0.4436543583869934,
          "y": -0.44445037841796875,
          "z": 0.33873921632766724
        },
        "tail": {
          "x": 0.49397462606430054,
          "y": -0.5268187522888184,
          "z": 0.29966795444488525
        }
      },
      "world_space": {
        "head": {
          "x": 0.4436543583869934,
          "y": -0.3812063932418823,
          "z": 1.2885932922363281
        },
        "tail": {
          "x": 0.49397462606430054,
          "y": -0.46357476711273193,
          "z": 1.2495219707489014
        },
        "rotation_quaternion": {
          "w": 0.2662408947944641,
          "x": -0.05407870188355446,
          "y": 0.1833336502313614,
          "z": -0.9447645545005798
        },
        "matrix": [
          [
            -0.8523821830749512,
            0.48324114084243774,
            0.19980579614639282,
            0.4436543583869934
          ],
          [
            -0.522899329662323,
            -0.7910093069076538,
            -0.31761762499809265,
            -0.3812063932418823
          ],
          [
            0.004561925306916237,
            -0.37521329522132874,
            0.9269349575042725,
            1.2885932922363281
          ],
          [
            0.0,
            0.0,
            0.0,
            1.0
          ]
        ]
      },
      "bone_length_armature_space": 0.10413088848428785,
      "parent": "lowerarm_l",
      "has_children": true,
      "is_end_bone": false
    },
    "pinky_01_l": {
      "name": "pinky_01_l",
      "local": {
        "location": {
          "x": 0.0,
          "y": 0.0,
          "z": 0.0
        },
        "rotation_quaternion": {
          "w": 0.9965487122535706,
          "x": -0.08270371705293655,
          "y": 0.0020473042968660593,
          "z": 0.006841081194579601
        },
        "scale": {
          "x": 1.0,
          "y": 1.0,
          "z": 1.0
        },
        "matrix_basis": [
          [
            0.9998980164527893,
            -0.013973580673336983,
            0.0029489111620932817,
            0.0
          ],
          [
            0.013296302407979965,
            0.9862266182899475,
            0.16486456990242004,
            0.0
          ],
          [
            -0.005212042480707169,
            -0.16480855643749237,
            0.9863117933273315,
            0.0
          ],
          [
            0.0,
            0.0,
            0.0,
            1.0
          ]
        ],
        "rotation_mode": "QUATERNION"
      },
      "armature_space": {
        "head": {
          "x": 0.49397462606430054,
          "y": -0.5268187522888184,
