{
  "metadata": {
    "armature_name": "KIM_caucasian_male",
    "export_time": "2026-01-13T20:25:07.178127",
    "blender_version": "4.4.1",
    "bone_count": 56,
    "end_bone_count": 13,
    "spaces_included": [
      "LOCAL_CHANNELS",
      "ARMATURE_SPACE",
      "WORLD_SPACE"
    ],
    "note": "LOCAL matches Transform panel; replay pose via local.matrix_basis for best fidelity."
  },
  "bones": {
    "Root": {
      "name": "Root",
      "local": {
        "location": {
          "x": 0.0,
          "y": 0.0,
          "z": 0.0
        },
        "rotation_quaternion": {
          "w": 0.999764084815979,
          "x": -0.0004010215343441814,
          "y": 0.004061066545546055,
          "z": 0.02133277989923954
        },
        "scale": {
          "x": 1.0,
          "y": 1.0,
          "z": 1.0
        },
        "matrix_basis": [
          [
            0.9990568161010742,
            -0.04265874996781349,
            0.00810310710221529,
            0.0
          ],
          [
            0.04265223816037178,
            0.9990894794464111,
            0.0009751215111464262,
            0.0
          ],
          [
            -0.008137326687574387,
            -0.0006285861600190401,
            0.9999666810035706,
            0.0
          ],
          [
            0.0,
            0.0,
            0.0,
            1.0
          ]
        ],
        "rotation_mode": "QUATERNION"
      },
      "armature_space": {
        "head": {
          "x": 0.0,
          "y": 0.07072800397872925,
          "z": -0.009595036506652832
        },
        "tail": {
          "x": -0.003044805256649852,
          "y": 7.043033838272095e-05,
          "z": 3.5721808671951294e-05
        }
      },
      "world_space": {
        "head": {
          "x": 0.0,
          "y": 0.13397200405597687,
          "z": 0.9402589797973633
        },
        "tail": {
          "x": -0.003044805256649852,
          "y": 0.06331443041563034,
          "z": 0.9498897194862366
        },
        "rotation_quaternion": {
          "w": 0.06775186955928802,
          "x": 0.9974658489227295,
          "y": -0.021010728552937508,
          "z": 0.005488984752446413
        },
        "matrix": [
          [
            0.9990568161010742,
            -0.04265874996781349,
            0.00810310710221529,
            0.0
          ],
          [
            -0.04117119312286377,
            -0.9899364113807678,
            -0.1353914737701416,
            0.13397200405597687
          ],
          [
            0.01379725057631731,
            0.13493017852306366,
            -0.9907661080360413,
            0.9402589797973633
          ],
          [
            0.0,
            0.0,
            0.0,
            1.0
          ]
        ]
      },
      "bone_length_armature_space": 0.07137587016851347,
      "parent": null,
      "has_children": true,
      "is_end_bone": false
    },
    "spine_01": {
      "name": "spine_01",
      "local": {
        "location": {
          "x": 0.0,
          "y": 0.0,
          "z": 0.0
        },
        "rotation_quaternion": {
          "w": 0.9918117523193359,
          "x": 0.11199381947517395,
          "y": -0.01057787798345089,
          "z": 0.06045738235116005
        },
        "scale": {
          "x": 1.0,
          "y": 1.0,
          "z": 1.0
        },
        "matrix_basis": [
          [
            0.9924660325050354,
            -0.12229400128126144,
            -0.0074408212676644325,
            0.0
          ],
          [
            0.11755537241697311,
            0.9676045775413513,
            -0.22343260049819946,
            0.0
          ],
          [
            0.034524232149124146,
            0.22087454795837402,
            0.9746909737586975,
            0.0
          ],
          [
            0.0,
            0.0,
            0.0,
            1.0
          ]
        ],
        "rotation_mode": "QUATERNION"
      },
      "armature_space": {
        "head": {
          "x": -0.003044805256649852,
          "y": 7.043033838272095e-05,
          "z": 3.5721808671951294e-05
        },
        "tail": {
          "x": -0.07275489717721939,
          "y": -0.08248218894004822,
          "z": 0.4759284555912018
        }
      },
      "world_space": {
        "head": {
          "x": -0.003044805256649852,
          "y": 0.06331443041563034,
          "z": 0.9498897194862366
        },
        "tail": {
          "x": -0.07275489717721939,
          "y": -0.019238188862800598,
          "z": 1.4257824420928955
        },
        "rotation_quaternion": {
          "w": 0.6407657265663147,
          "x": 0.7640472054481506,
          "y": -0.06954629719257355,
          "z": 0.028539899736642838
        },
        "matrix": [
          [
            0.9886974692344666,
            -0.1428481936454773,
            -0.04551498591899872,
            -0.003044805256649852
          ],
          [
            -0.06969936192035675,
            -0.169164776802063,
            -0.9831202030181885,
            0.06331443041563034
          ],
          [
            0.13273829221725464,
            0.9751875400543213,
            -0.17721137404441833,
            0.9498897194862366
          ],
          [
            0.0,
            0.0,
            0.0,
            1.0
          ]
        ]
      },
      "bone_length_armature_space": 0.4880044204847772,
      "parent": "Root",
      "has_children": true,
      "is_end_bone": false
    },
    "neck_01": {
      "name": "neck_01",
      "local": {
        "location": {
          "x": 0.0,
          "y": 0.0,
          "z": 0.0
        },
        "rotation_quaternion": {
          "w": 0.9932391047477722,
          "x": 0.033707208931446075,
          "y": -0.02668331377208233,
          "z": 0.10783311724662781
        },
        "scale": {
          "x": 1.0,
          "y": 1.0,
          "z": 1.0
        },
        "matrix_basis": [
          [
            0.975320041179657,
            -0.21600697934627533,
            -0.04573631286621094,
            0.0
          ],
          [
            0.21240930259227753,
            0.9744716882705688,
            -0.07271332293748856,
            0.0
          ],
          [
            0.060275327414274216,
            0.06120394542813301,
            0.9963036775588989,
            0.0
          ],
          [
            0.0,
            0.0,
            0.0,
            1.0
          ]
        ],
        "rotation_mode": "QUATERNION"
      },
      "armature_space": {
        "head": {
          "x": -0.08479250222444534,
          "y": -0.12896321713924408,
          "z": 0.5411843657493591
        },
        "tail": {
          "x": -0.12155108898878098,
          "y": -0.18563559651374817,
          "z": 0.618306040763855
        }
      },
      "world_space": {
        "head": {
          "x": -0.08479250222444534,
          "y": -0.06571921706199646,
          "z": 1.4910383224487305
        },
        "tail": {
          "x": -0.12155108898878098,
          "y": -0.12239159643650055,
          "z": 1.568160057067871
        },
        "rotation_quaternion": {
          "w": 0.4418831169605255,
          "x": 0.8782606720924377,
          "y": -0.16836266219615936,
          "z": 0.0710740014910698
        },
        "matrix": [
          [
            0.9332048296928406,
            -0.35854572057724,
            -0.02395148202776909,
            -0.08479250222444534
          ],
          [
            -0.23292087018489838,
            -0.552786111831665,
            -0.8001098036766052,
            -0.06571921706199646
          ],
          [
            0.2736375331878662,
            0.7522497177124023,
            -0.599380373954773,
            1.4910383224487305
          ],
          [
            0.0,
            0.0,
            0.0,
            1.0
          ]
        ]
      },
      "bone_length_armature_space": 0.10252173027511548,
      "parent": "spine_01",
      "has_children": true,
      "is_end_bone": false
    },
    "head": {
      "name": "head",
      "local": {
        "location": {
          "x": 0.0,
          "y": 0.0,
          "z": 0.0
        },
        "rotation_quaternion": {
          "w": 0.9728608131408691,
          "x": 0.06892477720975876,
          "y": -0.006283671595156193,
          "z": -0.22079803049564362
        },
        "scale": {
          "x": 1.0,
          "y": 1.0,
          "z": 1.0
        },
        "matrix_basis": [
          [
            0.9024174809455872,
            0.428745299577713,
            -0.04266318678855896,
            0.0
          ],
          [
            -0.43047770857810974,
            0.8929952383041382,
            -0.131333589553833,
            0.0
          ],
          [
            -0.01821063458919525,
            0.13688327372074127,
            0.9904198050498962,
            0.0
          ],
          [
            0.0,
            0.0,
            0.0,
            1.0
          ]
        ],
        "rotation_mode": "QUATERNION"
      },
      "armature_space": {
        "head": {
          "x": -0.12155106663703918,
          "y": -0.18563567101955414,
          "z": 0.6183058619499207
        },
        "tail": {
          "x": -0.10800895094871521,
          "y": -0.2526887059211731,
          "z": 0.7574954032897949
        }
      },
      "world_space": {
        "head": {
          "x": -0.12155106663703918,
          "y": -0.12239167094230652,
          "z": 1.568159818649292
        },
        "tail": {
          "x": -0.10800895094871521,
          "y": -0.18944470584392548,
          "z": 1.707349419593811
        },
        "rotation_quaternion": {
          "w": 0.5327426791191101,
          "x": 0.8417720794677734,
          "y": -0.0032872839365154505,
          "z": -0.08714525401592255
        },
        "matrix": [
          [
            0.9847898483276367,
            0.08731766045093536,
            -0.15021485090255737,
            -0.12155106663703918
          ],
          [
            -0.0983857810497284,
            -0.43234869837760925,
            -0.8963232040405273,
            -0.12239167094230652
          ],
          [
            -0.14321120083332062,
            0.8974748253822327,
            -0.41718557476997375,
            1.568159818649292
          ],
          [
            0.0,
            0.0,
            0.0,
            1.0
          ]
        ]
      },
      "bone_length_armature_space": 0.15509102659621649,
      "parent": "neck_01",
      "has_children": false,
      "is_end_bone": true
    },
    "upperarm_l": {
      "name": "upperarm_l",
      "local": {
        "location": {
          "x": 0.0,
          "y": 0.0,
          "z": 0.0
        },
        "rotation_quaternion": {
          "w": 0.906975507736206,
          "x": 0.37103796005249023,
          "y": -0.1046442836523056,
          "z": -0.16963444650173187
        },
        "scale": {
          "x": 1.0,
          "y": 1.0,
          "z": 1.0
        },
        "matrix_basis": [
          [
            0.9205474853515625,
            0.230054572224617,
            -0.3157012462615967,
            0.0
          ],
          [
            -0.38536256551742554,
            0.6671099662780762,
            -0.6375421285629272,
            0.0
          ],
          [
            0.0639379695057869,
            0.7085472345352173,
            0.7027608156204224,
            0.0
          ],
          [
            0.0,
            0.0,
            0.0,
            1.0
          ]
        ],
        "rotation_mode": "QUATERNION"
      },
      "armature_space": {
        "head": {
          "x": 0.07296747714281082,
          "y": -0.13118423521518707,
          "z": 0.494989812374115
        },
        "tail": {
          "x": 0.2571731507778168,
          "y": -0.31029894948005676,
          "z": 0.41887202858924866
        }
      },
      "world_space": {
        "head": {
          "x": 0.07296747714281082,
          "y": -0.06794023513793945,
          "z": 1.4448437690734863
        },
        "tail": {
          "x": 0.2571731507778168,
          "y": -0.24705494940280914,
          "z": 1.3687260150909424
        },
        "rotation_quaternion": {
          "w": 0.19661375880241394,
          "x": 0.5707622766494751,
          "y": 0.3565618693828583,
          "z": -0.7130476832389832
        },
        "matrix": [
          [
            -0.2711475193500519,
            0.6874129772186279,
            -0.6737523674964905,
            0.07296747714281082
          ],
          [
            0.12663283944129944,
            -0.6684147119522095,
            -0.7329297065734863,
            -0.06794023513793945
          ],
          [
            -0.9541780352592468,
            -0.2840539515018463,
            0.09418997168540955,
            1.4448437690734863
          ],
          [
            0.0,
            0.0,
            0.0,
            1.0
          ]
        ]
      },
      "bone_length_armature_space": 0.2679696438248967,
      "parent": "spine_01",
      "has_children": true,
      "is_end_bone": false
    },
    "lowerarm_l": {
      "name": "lowerarm_l",
      "local": {
        "location": {
          "x": 0.0,
          "y": 0.0,
          "z": 0.0
        },
        "rotation_quaternion": {
          "w": 0.8898240923881531,
          "x": 0.4144890606403351,
          "y": -0.04626837000250816,
          "z": 0.18512459099292755
        },
        "scale": {
          "x": 1.0,
          "y": 1.0,
          "z": 1.0
        },
        "matrix_basis": [
          [
            0.9271762371063232,
            -0.3678120970726013,
            0.07112281769514084,
            0.0
          ],
          [
            0.2911011874675751,
            0.5878553986549377,
            -0.7547755241394043,
            0.0
          ],
          [
            0.2358056604862213,
            0.7205138802528381,
            0.6521161198616028,
            0.0
          ],
          [
            0.0,
            0.0,
            0.0,
            1.0
          ]
        ],
        "rotation_mode": "QUATERNION"
      },
      "armature_space": {
        "head": {
          "x": 0.25717318058013916,
          "y": -0.3102990388870239,
          "z": 0.4188721179962158
        },
        "tail": {
          "x": 0.25032758712768555,
          "y": -0.5537073612213135,
          "z": 0.5296647548675537
        }
      },
      "world_space": {
        "head": {
          "x": 0.25717318058013916,
          "y": -0.2470550388097763,
          "z": 1.368726134300232
        },
        "tail": {
          "x": 0.25032758712768555,
          "y": -0.49046337604522705,
          "z": 1.4795187711715698
        },
        "rotation_quaternion": {
          "w": 0.11620016396045685,
          "x": 0.584274411201477,
          "y": -0.17768055200576782,
          "z": -0.7832947373390198
        },
        "matrix": [
          [
            -0.2902423143386841,
            -0.025588631629943848,
            -0.9566108584403992,
            0.25717318058013916
          ],
          [
            -0.3896667957305908,
            -0.9098542928695679,
            0.14256533980369568,
            -0.2470550388097763
          ],
          [
            -0.8740311861038208,
            0.41414016485214233,
            0.2541092038154602,
            1.368726134300232
          ],
          [
            0.0,
            0.0,
            0.0,
            1.0
          ]
        ]
      },
      "bone_length_armature_space": 0.267524734536778,
      "parent": "upperarm_l",
      "has_children": true,
      "is_end_bone": false
    },
    "metacarpal_thumb_l": {
      "name": "metacarpal_thumb_l",
      "local": {
        "location": {
          "x": 0.0,
          "y": 0.0,
          "z": 0.0
        },
        "rotation_quaternion": {
          "w": 0.9999430775642395,
          "x": 0.004153681453317404,
          "y": 0.006768629886209965,
          "z": 0.00712375296279788
        },
        "scale": {
          "x": 1.0,
          "y": 1.0,
          "z": 1.0
        },
        "matrix_basis": [
          [
            0.9998068809509277,
            -0.014190465211868286,
            0.013595668599009514,
            0.0
          ],
          [
            0.014302924275398254,
            0.9998639822006226,
            -0.008210454136133194,
            0.0
          ],
          [
            -0.013477309606969357,
            0.008403326384723186,
            0.9998738765716553,
            0.0
          ],
          [
            0.0,
            0.0,
            0.0,
            1.0
          ]
        ],
        "rotation_mode": "QUATERNION"
      },
      "armature_space": {
        "head": {
          "x": 0.25032758712768555,
          "y": -0.5537073612213135,
          "z": 0.5296647548675537
        },
        "tail": {
          "x": 0.2182352989912033,
          "y": -0.5882034301757812,
          "z": 0.5449517369270325
        }
      },
      "world_space": {
        "head": {
          "x": 0.25032758712768555,
          "y": -0.49046337604522705,
          "z": 1.4795187711715698
        },
        "tail": {
          "x": 0.2182352989912033,
          "y": -0.5249594449996948,
          "z": 1.4948058128356934
        },
        "rotation_quaternion": {
          "w": 0.14430037140846252,
          "x": 0.919029712677002,
          "y": -0.36189642548561096,
          "z": -0.0599396638572216
        },
        "matrix": [
          [
            0.7308761477470398,
            -0.6478884816169739,
            -0.21461661159992218,
            0.25032758712768555
          ],
          [
            -0.6824858784675598,
            -0.6964165568351746,
            -0.22184862196445465,
            -0.49046337604522705
          ],
          [
            -0.005730104632675648,
            0.3086182475090027,
            -0.951176106929779,
            1.4795187711715698
          ],
          [
            0.0,
            0.0,
            0.0,
            1.0
          ]
        ]
      },
      "bone_length_armature_space": 0.049533681094401545,
      "parent": "lowerarm_l",
      "has_children": true,
      "is_end_bone": false
    },
    "thumb_01_l": {
      "name": "thumb_01_l",
      "local": {
        "location": {
          "x": 0.0,
          "y": 0.0,
          "z": 0.0
        },
        "rotation_quaternion": {
          "w": 0.9964388608932495,
          "x": -0.0839872807264328,
          "y": -0.002479429356753826,
          "z": 0.007042233366519213
        },
        "scale": {
          "x": 1.0,
          "y": 1.0,
          "z": 1.0
        },
        "matrix_basis": [
          [
            0.99988853931427,
            -0.013617828488349915,
            -0.00612411554902792,
            0.0
          ],
          [
            0.014450791291892529,
            0.9857931137084961,
            0.1673414558172226,
            0.0
          ],
          [
            0.0037582835648208857,
            -0.16741129755973816,
            0.9858799576759338,
            0.0
          ],
          [
            0.0,
            0.0,
            0.0,
            1.0
          ]
        ],
        "rotation_mode": "QUATERNION"
      },
      "armature_space": {
        "head": {
          "x": 0.2182352989912033,
          "y": -0.5882034301757812,
          "z": 0.5449517369270325
        },
        "tail": {
          "x": 0.1920175552368164,
          "y": -0.6019015908241272,
          "z": 0.5281107425689697
        }
      },
      "world_space": {
        "head": {
          "x": 0.2182352989912033,
          "y": -0.5249594449996948,
          "z": 1.4948058128356934
        },
        "tail": {
          "x": 0.1920175552368164,
          "y": -0.5386576056480408,
          "z": 1.4779647588729858
        },
        "rotation_quaternion": {
          "w": 0.1541246920824051,
          "x": 0.5483590960502625,
          "y": -0.5244314670562744,
          "z": 0.6328662633895874
        },
        "matrix": [
          [
            -0.3510976731777191,
            -0.770236074924469,
            0.5324158668518066,
            0.2182352989912033
          ],
          [
            -0.38007158041000366,
            -0.40243035554885864,
            -0.8328237533569336,
            -0.5249594449996948
          ],
          [
            0.8557368516921997,
            -0.4947626292705536,
            -0.1514543741941452,
            1.4948058128356934
          ],
          [
            0.0,
            0.0,
            0.0,
            1.0
          ]
        ]
      },
      "bone_length_armature_space": 0.03403863647133646,
      "parent": "metacarpal_thumb_l",
      "has_children": true,
      "is_end_bone": false
    },
    "thumb_02_l": {
      "name": "thumb_02_l",
      "local": {
        "location": {
          "x": 0.0,
          "y": 0.0,
          "z": 0.0
        },
        "rotation_quaternion": {
          "w": 0.99821537733078,
          "x": 0.05933394283056259,
          "y": -0.0057206349447369576,
          "z": 0.003588612424209714
        },
        "scale": {
          "x": 1.0,
          "y": 1.0,
          "z": 1.0
        },
        "matrix_basis": [
          [
            0.9999088048934937,
            -0.00784327182918787,
            -0.01099499873816967,
            0.0
          ],
          [
            0.006485560443252325,
            0.9929332137107849,
            -0.11849716305732727,
            0.0
          ],
          [
            0.01184670440852642,
            0.11841505020856857,
            0.9928935170173645,
            0.0
          ],
          [
            0.0,
            0.0,
            0.0,
            1.0
          ]
        ],
        "rotation_mode": "QUATERNION"
      },
      "armature_space": {
        "head": {
          "x": 0.1920175552368164,
          "y": -0.6019015312194824,
          "z": 0.528110682964325
        },
        "tail": {
          "x": 0.18488885462284088,
          "y": -0.6399151086807251,
          "z": 0.5389425754547119
        }
      },
      "world_space": {
        "head": {
          "x": 0.1920175552368164,
          "y": -0.538657546043396,
          "z": 1.4779646396636963
        },
        "tail": {
          "x": 0.18488885462284088,
          "y": -0.5766711235046387,
          "z": 1.488796591758728
        },
        "rotation_quaternion": {
          "w": 0.14348694682121277,
          "x": 0.46192502975463867,
          "y": 0.07865575700998306,
          "z": 0.8716937899589539
        },
        "matrix": [
          [
            -0.532073438167572,
            -0.17748819291591644,
            0.827886164188385,
            0.1920175552368164
          ],
          [
            0.3228200078010559,
            -0.946449339389801,
            0.0045662522315979,
            -0.538657546043396
          ],
          [
            0.7827478051185608,
            0.2696887254714966,
            0.5608813762664795,
            1.4779646396636963
          ],
          [
            0.0,
            0.0,
            0.0,
            1.0
          ]
        ]
      },
      "bone_length_armature_space": 0.04016441636880559,
      "parent": "thumb_01_l",
      "has_children": true,
      "is_end_bone": false
    },
    "thumb_03_l": {
      "name": "thumb_03_l",
      "local": {
        "location": {
          "x": 0.0,
          "y": 0.0,
          "z": 0.0
        },
        "rotation_quaternion": {
          "w": 0.9981771111488342,
          "x": 0.06016978994011879,
          "y": 0.004668023437261581,
          "z": -0.0005719501059502363
        },
        "scale": {
          "x": 1.0,
          "y": 1.0,
          "z": 1.0
        },
        "matrix_basis": [
          [
            0.9999557733535767,
            0.0017035630298778415,
            0.009250200353562832,
            0.0
          ],
          [
            -0.0005800670478492975,
            0.9927585124969482,
            -0.12012555450201035,
            0.0
          ],
          [
            -0.009387856349349022,
            0.12011487782001495,
            0.99271559715271,
            0.0
          ],
          [
            0.0,
            0.0,
            0.0,
            1.0
          ]
        ],
        "rotation_mode": "QUATERNION"
      },
      "armature_space": {
        "head": {
          "x": 0.18488876521587372,
          "y": -0.6399150490760803,
          "z": 0.5389425158500671
        },
        "tail": {
          "x": 0.19122402369976044,
          "y": -0.6674617528915405,
          "z": 0.5502533316612244
        }
      },
      "world_space": {
        "head": {
          "x": 0.18488876521587372,
          "y": -0.5766710638999939,
          "z": 1.4887964725494385
        },
        "tail": {
          "x": 0.19122402369976044,
          "y": -0.6042177677154541,
          "z": 1.5001072883605957
        },
        "rotation_quaternion": {
          "w": 0.04182744398713112,
          "x": -0.3048151731491089,
          "y": -0.21412014961242676,
          "z": -0.9270873069763184
        },
        "matrix": [
          [
            -0.8106763958930969,
            0.20808950066566467,
            0.5472680330276489,
            0.18488876521587372
          ],
          [
            0.05297873914241791,
            -0.9048058986663818,
            0.42251551151275635,
            -0.5766710638999939
          ],
          [
            0.5830966234207153,
            0.37151867151260376,
            0.7224861979484558,
            1.4887964725494385
          ],
          [
            0.0,
            0.0,
            0.0,
            1.0
          ]
        ]
      },
      "bone_length_armature_space": 0.030444884147121,
      "parent": "thumb_02_l",
      "has_children": false,
      "is_end_bone": true
    },
    "metacarpal_index_l": {
      "name": "metacarpal_index_l",
      "local": {
        "location": {
          "x": 0.0,
          "y": 0.0,
          "z": 0.0
        },
        "rotation_quaternion": {
          "w": 0.999846875667572,
          "x": -0.000595814548432827,
          "y": -0.016534943133592606,
          "z": 0.005703127011656761
        },
        "scale": {
          "x": 1.0,
          "y": 1.0,
          "z": 1.0
        },
        "matrix_basis": [
          [
            0.9993881583213806,
            -0.011384803801774979,
            -0.033071618527173996,
            0.0
          ],
          [
            0.011424210853874683,
            0.9999342560768127,
            0.0010028448887169361,
            0.0
          ],
          [
            0.03305802494287491,
            -0.0013800483429804444,
            0.9994524717330933,
            0.0
          ],
          [
            0.0,
            0.0,
            0.0,
            1.0
          ]
        ],
        "rotation_mode": "QUATERNION"
      },
      "armature_space": {
        "head": {
          "x": 0.25032758712768555,
          "y": -0.5537073612213135,
          "z": 0.5296647548675537
        },
        "tail": {
          "x": 0.21091628074645996,
          "y": -0.651565670967102,
          "z": 0.5806524753570557
        }
      },
      "world_space": {
        "head": {
          "x": 0.25032758712768555,
          "y": -0.49046337604522705,
          "z": 1.4795187711715698
        },
        "tail": {
          "x": 0.21091628074645996,
          "y": -0.5883216857910156,
          "z": 1.5305064916610718
        },
        "rotation_quaternion": {
          "w": 0.13190141320228577,
          "x": 0.8685438632965088,
          "y": -0.25498420000076294,
          "z": -0.4040008783340454
        },
        "matrix": [
          [
            0.5435323715209961,
            -0.3363550007343292,
            -0.769049882888794,
            0.25032758712768555
          ],
          [
            -0.5495069622993469,
            -0.835169792175293,
            -0.02309534326195717,
            -0.49046337604522705
          ],
          [
            -0.6345241069793701,
            0.4351537823677063,
            -0.6387757658958435,
            1.4795187711715698
          ],
          [
            0.0,
            0.0,
            0.0,
            1.0
          ]
        ]
      },
      "bone_length_armature_space": 0.11717187211020401,
      "parent": "lowerarm_l",
      "has_children": true,
      "is_end_bone": false
    },
    "index_01_l": {
      "name": "index_01_l",
      "local": {
        "location": {
          "x": 0.0,
          "y": 0.0,
          "z": 0.0
        },
        "rotation_quaternion": {
          "w": 0.9920965433120728,
          "x": -0.12463214248418808,
          "y": -0.0042410180903971195,
          "z": 0.013905900530517101
        },
        "scale": {
          "x": 1.0,
          "y": 1.0,
          "z": 1.0
        },
        "matrix_basis": [
          [
            0.9995772838592529,
            -0.026534857228398323,
            -0.01188124343752861,
            0.0
          ],
          [
            0.02864912524819374,
            0.9685469269752502,
            0.24717628955841064,
            0.0
          ],
          [
            0.004948754329234362,
            -0.24741218984127045,
            0.9688977003097534,
            0.0
          ],
          [
            0.0,
            0.0,
            0.0,
            1.0
          ]
        ],
        "rotation_mode": "QUATERNION"
      },
      "armature_space": {
        "head": {
          "x": 0.21091628074645996,
          "y": -0.651565670967102,
          "z": 0.5806524753570557
        },
        "tail": {
          "x": 0.21524196863174438,
          "y": -0.6768777370452881,
          "z": 0.5930483341217041
        }
      },
      "world_space": {
        "head": {
          "x": 0.21091628074645996,
          "y": -0.5883216857910156,
          "z": 1.5305064916610718
        },
        "tail": {
          "x": 0.21524196863174438,
          "y": -0.6136337518692017,
          "z": 1.5429023504257202
        },
        "rotation_quaternion": {
          "w": 0.2352103590965271,
          "x": 0.8716033101081848,
          "y": -0.028780361637473106,
          "z": -0.4291333854198456
        },
        "matrix": [
          [
            0.6300327777862549,
            0.15170226991176605,
            -0.7616068124771118,
            0.21091628074645996
          ],
          [
            -0.25204336643218994,
            -0.8876957893371582,
            -0.38531845808029175,
            -0.5883216857910156
          ],
          [
            -0.7345343828201294,
            0.43472349643707275,
            -0.5210458636283875,
            1.5305064916610718
          ],
          [
            0.0,
            0.0,
            0.0,
            1.0
          ]
        ]
      },
      "bone_length_armature_space": 0.02851437488509727,
      "parent": "metacarpal_index_l",
      "has_children": true,
      "is_end_bone": false
    },
    "index_02_l": {
      "name": "index_02_l",
      "local": {
        "location": {
          "x": 0.0,
          "y": 0.0,
          "z": 0.0
        },
        "rotation_quaternion": {
          "w": 0.9996045827865601,
          "x": 0.02611728385090828,
          "y": -0.006434590555727482,
          "z": 0.008201826363801956
        },
        "scale": {
          "x": 1.0,
          "y": 1.0,
          "z": 1.0
        },
        "matrix_basis": [
          [
            0.9997826814651489,
            -0.01673327386379242,
            -0.012435673736035824,
            0.0
          ],
          [
            0.01606105826795101,
            0.9985012412071228,
            -0.05231946334242821,
            0.0
          ],
          [
            0.013292510993778706,
            0.052108362317085266,
            0.9985529780387878,
            0.0
          ],
          [
            0.0,
            0.0,
            0.0,
            1.0
          ]
        ],
        "rotation_mode": "QUATERNION"
      },
      "armature_space": {
        "head": {
          "x": 0.21524164080619812,
          "y": -0.6768781542778015,
          "z": 0.5930485129356384
        },
        "tail": {
          "x": 0.21899056434631348,
          "y": -0.6998786926269531,
          "z": 0.6037729382514954
        }
      },
      "world_space": {
        "head": {
          "x": 0.21524164080619812,
          "y": -0.6136341691017151,
          "z": 1.5429024696350098
        },
        "tail": {
          "x": 0.21899056434631348,
          "y": -0.6366347074508667,
          "z": 1.5536270141601562
        },
        "rotation_quaternion": {
          "w": 0.22445793449878693,
          "x": 0.8560202717781067,
          "y": -0.03637091815471649,
          "z": -0.46424686908721924
        },
        "matrix": [
          [
            0.5663043260574341,
            0.1461382657289505,
            -0.811136782169342,
            0.21524164080619812
          ],
          [
            -0.2706763446331024,
            -0.89659184217453,
            -0.35051020979881287,
            -0.6136341691017151
          ],
          [
            -0.7784873843193054,
            0.41805312037467957,
            -0.4681912064552307,
            1.5429024696350098
          ],
          [
            0.0,
            0.0,
            0.0,
            1.0
          ]
        ]
      },
      "bone_length_armature_space": 0.025653313113779726,
      "parent": "index_01_l",
      "has_children": true,
      "is_end_bone": false
    },
    "index_03_l": {
      "name": "index_03_l",
      "local": {
        "location": {
          "x": 0.0,
          "y": 0.0,
          "z": 0.0
        },
        "rotation_quaternion": {
          "w": 0.9999362230300903,
          "x": 0.01125263050198555,
          "y": -0.0009589114924892783,
          "z": 0.0004233973450027406
        },
        "scale": {
          "x": 1.0,
          "y": 1.0,
          "z": 1.0
        },
        "matrix_basis": [
          [
            0.9999977946281433,
            -0.0008683212217874825,
            -0.001908172038383782,
            0.0
          ],
          [
            0.0008251601248048246,
            0.9997463822364807,
            -0.022504637017846107,
            0.0
          ],
          [
            0.001927229342982173,
            0.022503012791275978,
            0.9997448921203613,
            0.0
          ],
          [
            0.0,
            0.0,
            0.0,
            1.0
          ]
        ],
        "rotation_mode": "QUATERNION"
      },
      "armature_space": {
        "head": {
          "x": 0.21899066865444183,
          "y": -0.6998785734176636,
          "z": 0.6037729978561401
        },
        "tail": {
          "x": 0.2221105396747589,
          "y": -0.7276589870452881,
          "z": 0.6122727990150452
        }
      },
      "world_space": {
        "head": {
          "x": 0.21899066865444183,
          "y": -0.6366345882415771,
          "z": 1.5536270141601562
        },
        "tail": {
          "x": 0.2221105396747589,
          "y": -0.6644150018692017,
          "z": 1.562126874923706
        },
        "rotation_quaternion": {
          "w": 0.15590900182724,
          "x": 0.8835379481315613,
          "y": -0.017446396872401237,
          "z": -0.4413032829761505
        },
        "matrix": [
          [
            0.6098941564559937,
            0.10677659511566162,
            -0.7852563261985779,
            0.21899066865444183
          ],
          [
            -0.16843552887439728,
            -0.9507760405540466,
            -0.26010435819625854,
            -0.6366345882415771
          ],
          [
            -0.7743818163871765,
            0.29090243577957153,
            -0.5618919134140015,
            1.5536270141601562
          ],
          [
            0.0,
            0.0,
            0.0,
            1.0
          ]
        ]
      },
      "bone_length_armature_space": 0.029218685985721728,
      "parent": "index_02_l",
      "has_children": false,
      "is_end_bone": true
    },
    "metacarpal_pinky_l": {
      "name": "metacarpal_pinky_l",
      "local": {
        "location": {
          "x": 0.0,
          "y": 0.0,
          "z": 0.0
        },
        "rotation_quaternion": {
          "w": 0.9989822506904602,
          "x": -0.03546419367194176,
          "y": -0.021214373409748077,
          "z": -0.018077945336699486
        },
        "scale": {
          "x": 1.0,
          "y": 1.0,
          "z": 1.0
        },
        "matrix_basis": [
          [
            0.9984462857246399,
            0.03762379288673401,
            -0.04110332578420639,
            0.0
          ],
          [
            -0.03461439162492752,
            0.996830940246582,
            0.07162322103977203,
            0.0
          ],
          [
            0.04366780444979668,
            -0.0700891762971878,
            0.9965844750404358,
            0.0
          ],
          [
            0.0,
            0.0,
            0.0,
            1.0
          ]
        ],
        "rotation_mode": "QUATERNION"
      },
      "armature_space": {
        "head": {
          "x": 0.25032758712768555,
          "y": -0.5537073612213135,
          "z": 0.5296647548675537
        },
        "tail": {
          "x": 0.2737658619880676,
          "y": -0.651763916015625,
          "z": 0.5557180643081665
        }
      },
      "world_space": {
        "head": {
          "x": 0.25032758712768555,
          "y": -0.49046337604522705,
          "z": 1.4795187711715698
        },
        "tail": {
          "x": 0.2737658619880676,
          "y": -0.5885199308395386,
          "z": 1.5055720806121826
        },
        "rotation_quaternion": {
          "w": 0.10606516897678375,
          "x": -0.06155828759074211,
          "y": -0.13385148346424103,
          "z": -0.9833842515945435
        },
        "matrix": [
          [
            -0.9699214100837708,
            0.22508491575717926,
            0.09267669171094894,
            0.25032758712768555
          ],
          [
            -0.19212637841701508,
            -0.9416677355766296,
            0.2763136923313141,
            -0.49046337604522705
          ],
          [
            0.14946572482585907,
            0.25019797682762146,
            0.9565955996513367,
            1.4795187711715698
          ],
          [
            0.0,
            0.0,
            0.0,
            1.0
          ]
        ]
      },
      "bone_length_armature_space": 0.10413076187398611,
      "parent": "lowerarm_l",
      "has_children": true,
      "is_end_bone": false
    },
    "pinky_01_l": {
      "name": "pinky_01_l",
      "local": {
        "location": {
          "x": 0.0,
          "y": 0.0,
          "z": 0.0
        },
        "rotation_quaternion": {
          "w": 0.9891570210456848,
          "x": -0.14615586400032043,
          "y": -0.0058212196454405785,
          "z": 0.013151174411177635
        },
        "scale": {
          "x": 1.0,
          "y": 1.0,
          "z": 1.0
        },
        "matrix_basis": [
          [
            0.9995863437652588,
            -0.024315541610121727,
            -0.01536044292151928,
            0.0
          ],
          [
            0.027718763798475266,
            0.9569309949874878,
            0.2889890968799591,
            0.0
          ],
          [
            0.007671957835555077,
            -0.2892953157424927,
            0.9572091698646545,
            0.0
          ],
          [
            0.0,
            0.0,
            0.0,
            1.0
          ]
        ],
        "rotation_mode": "QUATERNION"
      },
      "armature_space": {
        "head": {
          "x": 0.2737658619880676,
          "y": -0.651763916015625,
          "z": 0.5557180643081665
        },
