{
  "metadata": {
    "armature_name": "KIM_caucasian_male",
    "export_time": "2026-01-13T20:25:14.714441",
    "blender_version": "4.4.1",
    "bone_count": 56,
    "end_bone_count": 13,
    "spaces_included": [
      "LOCAL_CHANNELS",
      "ARMATURE_SPACE",
      "WORLD_SPACE"
    ],
    "note": "LOCAL matches Transform panel; replay pose via local.matrix_basis for best fidelity."
  },
  "bones": {
    "Root": {
      "name": "Root",
      "local": {
        "location": {
          "x": 0.0,
          "y": 0.0,
          "z": 0.0
        },
        "rotation_quaternion": {
          "w": 0.9996793270111084,
          "x": -0.006727647501975298,
          "y": 0.0064945523627102375,
          "z": -0.023536937311291695
        },
        "scale": {
          "x": 1.0,
          "y": 1.0,
          "z": 1.0
        },
        "matrix_basis": [
          [
            0.9988076686859131,
            0.0469713918864727,
            0.013301636092364788,
            0.0
          ],
          [
            -0.04714616388082504,
            0.9988015294075012,
            0.013145256787538528,
            0.0
          ],
          [
            -0.012668242678046227,
            -0.013756703585386276,
            0.999825119972229,
            0.0
          ],
          [
            0.0,
            0.0,
            0.0,
            1.0
          ]
        ],
        "rotation_mode": "QUATERNION"
      },
      "armature_space": {
        "head": {
          "x": 0.0,
          "y": 0.07072800397872925,
          "z": -0.009595036506652832
        },
        "tail": {
          "x": 0.003352623898535967,
          "y": 0.00021675974130630493,
          "z": 0.0009614918380975723
        }
      },
      "world_space": {
        "head": {
          "x": 0.0,
          "y": 0.13397200405597687,
          "z": 0.9402589797973633
        },
        "tail": {
          "x": 0.003352623898535967,
          "y": 0.06346075981855392,
          "z": 0.9508154988288879
        },
        "rotation_quaternion": {
          "w": 0.0740584135055542,
          "x": 0.9969549775123596,
          "y": 0.023920990526676178,
          "z": 0.004894163925200701
        },
        "matrix": [
          [
            0.9988076686859131,
            0.0469713918864727,
            0.013301636092364788,
            0.0
          ],
          [
            0.048421211540699005,
            -0.9878863096237183,
            -0.1474321186542511,
            0.13397200405597687
          ],
          [
            0.006215500179678202,
            0.1479005217552185,
            -0.9889898300170898,
            0.9402589797973633
          ],
          [
            0.0,
            0.0,
            0.0,
            1.0
          ]
        ]
      },
      "bone_length_armature_space": 0.07137587926016345,
      "parent": null,
      "has_children": true,
      "is_end_bone": false
    },
    "spine_01": {
      "name": "spine_01",
      "local": {
        "location": {
          "x": 0.0,
          "y": 0.0,
          "z": 0.0
        },
        "rotation_quaternion": {
          "w": 0.9966363310813904,
          "x": 0.019188258796930313,
          "y": 0.025604387745261192,
          "z": 0.07544701546430588
        },
        "scale": {
          "x": 1.0,
          "y": 1.0,
          "z": 1.0
        },
        "matrix_basis": [
          [
            0.9873043298721313,
            -0.1494038701057434,
            0.05393191799521446,
            0.0
          ],
          [
            0.15136907994747162,
            0.9878790974617004,
            -0.03438388183712959,
            0.0
          ],
          [
            -0.04814113304018974,
            0.042110979557037354,
            0.9979524612426758,
            0.0
          ],
          [
            0.0,
            0.0,
            0.0,
            1.0
          ]
        ],
        "rotation_mode": "QUATERNION"
      },
      "armature_space": {
        "head": {
          "x": 0.003352623898535967,
          "y": 0.00021675974130630493,
          "z": 0.0009614918380975723
        },
        "tail": {
          "x": -0.07287982106208801,
          "y": 0.005101882852613926,
          "z": 0.48295027017593384
        }
      },
      "world_space": {
        "head": {
          "x": 0.003352623898535967,
          "y": 0.06346075981855392,
          "z": 0.9508154988288879
        },
        "tail": {
          "x": -0.07287982106208801,
          "y": 0.06834588199853897,
          "z": 1.4328043460845947
        },
        "rotation_quaternion": {
          "w": 0.7103989124298096,
          "x": 0.6975332498550415,
          "y": -0.018398670479655266,
          "z": 0.09188242256641388
        },
        "matrix": [
          [
            0.9824380874633789,
            -0.156213641166687,
            0.10204234719276428,
            0.003352623898535967
          ],
          [
            0.10488010942935944,
            0.010010473430156708,
            -0.9944345951080322,
            0.06346075981855392
          ],
          [
            0.15432392060756683,
            0.9876794815063477,
            0.02621767669916153,
            0.9508154988288879
          ],
          [
            0.0,
            0.0,
            0.0,
            1.0
          ]
        ]
      },
      "bone_length_armature_space": 0.4880045457106104,
      "parent": "Root",
      "has_children": true,
      "is_end_bone": false
    },
    "neck_01": {
      "name": "neck_01",
      "local": {
        "location": {
          "x": 0.0,
          "y": 0.0,
          "z": 0.0
        },
        "rotation_quaternion": {
          "w": 0.989670991897583,
          "x": -0.010156694799661636,
          "y": -0.056091368198394775,
          "z": 0.13153669238090515
        },
        "scale": {
          "x": 1.0,
          "y": 1.0,
          "z": 1.0
        },
        "matrix_basis": [
          [
            0.9591037034988403,
            -0.25921669602394104,
            -0.11369595676660538,
            0.0
          ],
          [
            0.2614955008029938,
            0.9651898741722107,
            0.005347426515072584,
            0.0
          ],
          [
            0.10835204273462296,
            -0.03485971689224243,
            0.9935011863708496,
            0.0
          ],
          [
            0.0,
            0.0,
            0.0,
            1.0
          ]
        ],
        "rotation_mode": "QUATERNION"
      },
      "armature_space": {
        "head": {
          "x": -0.08077867329120636,
          "y": -0.028652595356106758,
          "z": 0.556175947189331
        },
        "tail": {
          "x": -0.11790043860673904,
          "y": -0.06456191092729568,
          "z": 0.6447378993034363
        }
      },
      "world_space": {
        "head": {
          "x": -0.08077867329120636,
          "y": 0.03459140658378601,
          "z": 1.5060299634933472
        },
        "tail": {
          "x": -0.11790043860673904,
          "y": -0.0013179108500480652,
          "z": 1.5945918560028076
        },
        "rotation_quaternion": {
          "w": 0.5521748661994934,
          "x": 0.8128788471221924,
          "y": -0.14132194221019745,
          "z": 0.11982854455709457
        },
        "matrix": [
          [
            0.931338369846344,
            -0.3620881736278534,
            0.03874174505472183,
            -0.08077867329120636
          ],
          [
            -0.09742429852485657,
            -0.3502618372440338,
            -0.9315714836120605,
            0.03459140658378601
          ],
          [
            0.3508830964565277,
            0.8638394474983215,
            -0.3614917993545532,
            1.5060299634933472
          ],
          [
            0.0,
            0.0,
            0.0,
            1.0
          ]
        ]
      },
      "bone_length_armature_space": 0.10252182338759055,
      "parent": "spine_01",
      "has_children": true,
      "is_end_bone": false
    },
    "head": {
      "name": "head",
      "local": {
        "location": {
          "x": 0.0,
          "y": 0.0,
          "z": 0.0
        },
        "rotation_quaternion": {
          "w": 0.9954235553741455,
          "x": -0.024172253906726837,
          "y": -0.09076894074678421,
          "z": -0.017575383186340332
        },
        "scale": {
          "x": 1.0,
          "y": 1.0,
          "z": 1.0
        },
        "matrix_basis": [
          [
            0.9829041957855225,
            0.039378080517053604,
            -0.17985740303993225,
            0.0
          ],
          [
            -0.03060172125697136,
            0.9982135891914368,
            0.0513138584792614,
            0.0
          ],
          [
            0.18155676126480103,
            -0.044932663440704346,
            0.9823533892631531,
            0.0
          ],
          [
            0.0,
            0.0,
            0.0,
            1.0
          ]
        ],
        "rotation_mode": "QUATERNION"
      },
      "armature_space": {
        "head": {
          "x": -0.11790040135383606,
          "y": -0.06456203013658524,
          "z": 0.6447377800941467
        },
        "tail": {
          "x": -0.16605979204177856,
          "y": -0.056655287742614746,
          "z": 0.791949987411499
        }
      },
      "world_space": {
        "head": {
          "x": -0.11790040135383606,
          "y": -0.001318030059337616,
          "z": 1.5945918560028076
        },
        "tail": {
          "x": -0.16605979204177856,
          "y": 0.0065887123346328735,
          "z": 1.7418040037155151
        },
        "rotation_quaternion": {
          "w": 0.6925336122512817,
          "x": 0.6887562274932861,
          "y": -0.21421432495117188,
          "z": 0.011148931458592415
        },
        "matrix": [
          [
            0.9079751372337341,
            -0.3105250597000122,
            -0.2813454270362854,
            -0.11790040135383606
          ],
          [
            -0.27964287996292114,
            0.050981566309928894,
            -0.9587497115135193,
            -0.001318030059337616
          ],
          [
            0.3120611608028412,
            0.9492037892341614,
            -0.04054724797606468,
            1.5945918560028076
          ],
          [
            0.0,
            0.0,
            0.0,
            1.0
          ]
        ]
      },
      "bone_length_armature_space": 0.15509119349307604,
      "parent": "neck_01",
      "has_children": false,
      "is_end_bone": true
    },
    "upperarm_l": {
      "name": "upperarm_l",
      "local": {
        "location": {
          "x": 0.0,
          "y": 0.0,
          "z": 0.0
        },
        "rotation_quaternion": {
          "w": 0.9440826177597046,
          "x": -0.18255336582660675,
          "y": -0.04216214641928673,
          "z": 0.27130186557769775
        },
        "scale": {
          "x": 1.0,
          "y": 1.0,
          "z": 1.0
        },
        "matrix_basis": [
          [
            0.8492352962493896,
            -0.4968690574169159,
            -0.1786632388830185,
            0.0
          ],
          [
            0.5276564359664917,
            0.7861391305923462,
            0.32181358337402344,
            0.0
          ],
          [
            -0.019445037469267845,
            -0.3675682544708252,
            0.9297932386398315,
            0.0
          ],
          [
            0.0,
            0.0,
            0.0,
            1.0
          ]
        ],
        "rotation_mode": "QUATERNION"
      },
      "armature_space": {
        "head": {
          "x": 0.0774112418293953,
          "y": -0.016764741390943527,
          "z": 0.5130283832550049
        },
        "tail": {
          "x": 0.25241661071777344,
          "y": 0.10941745340824127,
          "z": 0.6719597578048706
        }
      },
      "world_space": {
        "head": {
          "x": 0.0774112418293953,
          "y": 0.04647925868630409,
          "z": 1.462882399559021
        },
        "tail": {
          "x": 0.25241661071777344,
          "y": 0.1726614534854889,
          "z": 1.6218137741088867
        },
        "rotation_quaternion": {
          "w": 0.7621716260910034,
          "x": 0.4818671643733978,
          "y": 0.393109530210495,
          "z": -0.1798984706401825
        },
        "matrix": [
          [
            0.626203715801239,
            0.653079628944397,
            0.4258590042591095,
            0.0774112418293953
          ],
          [
            0.10462368279695511,
            0.4708828330039978,
            -0.8759700059890747,
            0.04647925868630409
          ],
          [
            -0.7726130485534668,
            0.5930951237678528,
            0.22654175758361816,
            1.462882399559021
          ],
          [
            0.0,
            0.0,
            0.0,
            1.0
          ]
        ]
      },
      "bone_length_armature_space": 0.2679701668838099,
      "parent": "spine_01",
      "has_children": true,
      "is_end_bone": false
    },
    "lowerarm_l": {
      "name": "lowerarm_l",
      "local": {
        "location": {
          "x": 0.0,
          "y": 0.0,
          "z": 0.0
        },
        "rotation_quaternion": {
          "w": 0.8822139501571655,
          "x": 0.46043962240219116,
          "y": -0.07829449325799942,
          "z": -0.05969841778278351
        },
        "scale": {
          "x": 1.0,
          "y": 1.0,
          "z": 1.0
        },
        "matrix_basis": [
          [
            0.9806121587753296,
            0.03323378041386604,
            -0.19312001764774323,
            0.0
          ],
          [
            -0.1774333268404007,
            0.5688629150390625,
            -0.8030644059181213,
            0.0
          ],
          [
            0.08316995203495026,
            0.8217606544494629,
            0.5637306571006775,
            0.0
          ],
          [
            0.0,
            0.0,
            0.0,
            1.0
          ]
        ],
        "rotation_mode": "QUATERNION"
      },
      "armature_space": {
        "head": {
          "x": 0.25241661071777344,
          "y": 0.10941743850708008,
          "z": 0.6719598770141602
        },
        "tail": {
          "x": 0.41335153579711914,
          "y": -0.04136587679386139,
          "z": 0.823399543762207
        }
      },
      "world_space": {
        "head": {
          "x": 0.25241661071777344,
          "y": 0.1726614385843277,
          "z": 1.6218138933181763
        },
        "tail": {
          "x": 0.41335153579711914,
          "y": 0.02187812328338623,
          "z": 1.7732535600662231
        },
        "rotation_quaternion": {
          "w": 0.44284895062446594,
          "x": 0.7792838215827942,
          "y": 0.14857016503810883,
          "z": -0.41776615381240845
        },
        "matrix": [
          [
            0.6067973375320435,
            0.6015707850456238,
            -0.5195280313491821,
            0.25241661071777344
          ],
          [
            -0.1384565532207489,
            -0.563624382019043,
            -0.8143448829650879,
            0.1726614385843277
          ],
          [
            -0.7827101945877075,
            0.5660778284072876,
            -0.2587168216705322,
            1.6218138933181763
          ],
          [
            0.0,
            0.0,
            0.0,
            1.0
          ]
        ]
      },
      "bone_length_armature_space": 0.2675250132956331,
      "parent": "upperarm_l",
      "has_children": true,
      "is_end_bone": false
    },
    "metacarpal_thumb_l": {
      "name": "metacarpal_thumb_l",
      "local": {
        "location": {
          "x": 0.0,
          "y": 0.0,
          "z": 0.0
        },
        "rotation_quaternion": {
          "w": 0.9996539950370789,
          "x": -0.024669241160154343,
          "y": 0.004594368394464254,
          "z": 0.007886568084359169
        },
        "scale": {
          "x": 1.0,
          "y": 1.0,
          "z": 1.0
        },
        "matrix_basis": [
          [
            0.9998334050178528,
            -0.01599435694515705,
            0.008796446025371552,
            0.0
          ],
          [
            0.015540999360382557,
            0.9986584782600403,
            0.049393877387046814,
            0.0
          ],
          [
            -0.009574668481945992,
            -0.04924894496798515,
            0.9987406134605408,
            0.0
          ],
          [
            0.0,
            0.0,
            0.0,
            1.0
          ]
        ],
        "rotation_mode": "QUATERNION"
      },
      "armature_space": {
        "head": {
          "x": 0.41335153579711914,
          "y": -0.04136587679386139,
          "z": 0.823399543762207
        },
        "tail": {
          "x": 0.4252804219722748,
          "y": -0.08855479955673218,
          "z": 0.8325914740562439
        }
      },
      "world_space": {
        "head": {
          "x": 0.41335153579711914,
          "y": 0.02187812328338623,
          "z": 1.7732535600662231
        },
        "tail": {
          "x": 0.4252804219722748,
          "y": -0.025310799479484558,
          "z": 1.7824454307556152
        },
        "rotation_quaternion": {
          "w": 0.0570419616997242,
          "x": 0.9505141377449036,
          "y": 0.14287889003753662,
          "z": 0.26991623640060425
        },
        "matrix": [
          [
            0.8134615421295166,
            0.24082402884960175,
            0.529418408870697,
            0.41335153579711914
          ],
          [
            0.30241015553474426,
            -0.9526635408401489,
            -0.03130748122930527,
            0.02187812328338623
          ],
          [
            0.49682191014289856,
            0.18556943535804749,
            -0.8477886915206909,
            1.7732535600662231
          ],
          [
            0.0,
            0.0,
            0.0,
            1.0
          ]
        ]
      },
      "bone_length_armature_space": 0.049533668094714885,
      "parent": "lowerarm_l",
      "has_children": true,
      "is_end_bone": false
    },
    "thumb_01_l": {
      "name": "thumb_01_l",
      "local": {
        "location": {
          "x": 0.0,
          "y": 0.0,
          "z": 0.0
        },
        "rotation_quaternion": {
          "w": 0.9996291399002075,
          "x": -0.020629415288567543,
          "y": 0.012319108471274376,
          "z": 0.012823645956814289
        },
        "scale": {
          "x": 1.0,
          "y": 1.0,
          "z": 1.0
        },
        "matrix_basis": [
          [
            0.9993675947189331,
            -0.02614605240523815,
            0.024099990725517273,
            0.0
          ],
          [
            0.02512950822710991,
            0.9988199472427368,
            0.041559480130672455,
            0.0
          ],
          [
            -0.025158168748021126,
            -0.04092757776379585,
            0.9988453388214111,
            0.0
          ],
          [
            0.0,
            0.0,
            0.0,
            1.0
          ]
        ],
        "rotation_mode": "QUATERNION"
      },
      "armature_space": {
        "head": {
          "x": 0.4252804219722748,
          "y": -0.08855479955673218,
          "z": 0.8325914740562439
        },
        "tail": {
          "x": 0.4396197199821472,
          "y": -0.11165755987167358,
          "z": 0.8121151924133301
        }
      },
      "world_space": {
        "head": {
          "x": 0.4252804219722748,
          "y": -0.025310799479484558,
          "z": 1.7824454307556152
        },
        "tail": {
          "x": 0.4396197199821472,
          "y": -0.048413559794425964,
          "z": 1.7619692087173462
        },
        "rotation_quaternion": {
          "w": 0.37488487362861633,
          "x": -0.5160390734672546,
          "y": 0.14177240431308746,
          "z": -0.7570110559463501
        },
        "matrix": [
          [
            -0.18632909655570984,
            0.4212663769721985,
            0.8875900506973267,
            0.4252804219722748
          ],
          [
            -0.7139043211936951,
            -0.6787229180335999,
            0.1722663789987564,
            -0.025310799479484558
          ],
          [
            0.6750017404556274,
            -0.6015608310699463,
            0.42721298336982727,
            1.7824454307556152
          ],
          [
            0.0,
            0.0,
            0.0,
            1.0
          ]
        ]
      },
      "bone_length_armature_space": 0.03403867067225501,
      "parent": "metacarpal_thumb_l",
      "has_children": true,
      "is_end_bone": false
    },
    "thumb_02_l": {
      "name": "thumb_02_l",
      "local": {
        "location": {
          "x": 0.0,
          "y": 0.0,
          "z": 0.0
        },
        "rotation_quaternion": {
          "w": 0.9945111274719238,
          "x": 0.10427345335483551,
          "y": 0.007490088697522879,
          "z": 0.004310763906687498
        },
        "scale": {
          "x": 1.0,
          "y": 1.0,
          "z": 1.0
        },
        "matrix_basis": [
          [
            0.9998506307601929,
            -0.007012170739471912,
            0.015796950086951256,
            0.0
          ],
          [
            0.010136240161955357,
            0.9782169461250305,
            -0.2073376476764679,
            0.0
          ],
          [
            -0.01399895641952753,
            0.20746679604053497,
            0.9781419038772583,
            0.0
          ],
          [
            0.0,
            0.0,
            0.0,
            1.0
          ]
        ],
        "rotation_mode": "QUATERNION"
      },
      "armature_space": {
        "head": {
          "x": 0.43961969017982483,
          "y": -0.1116575300693512,
          "z": 0.8121151924133301
        },
        "tail": {
          "x": 0.463957816362381,
          "y": -0.1342829018831253,
          "z": 0.8346747756004333
        }
      },
      "world_space": {
        "head": {
          "x": 0.43961969017982483,
          "y": -0.04841352999210358,
          "z": 1.7619692087173462
        },
        "tail": {
          "x": 0.463957816362381,
          "y": -0.07103890180587769,
          "z": 1.7845287322998047
        },
        "rotation_quaternion": {
          "w": 0.3357449769973755,
          "x": -0.01911883056163788,
          "y": -0.3249853551387787,
          "z": -0.8839086294174194
        },
        "matrix": [
          [
            -0.7738189697265625,
            0.6059625744819641,
            -0.18442705273628235,
            0.43961969017982483
          ],
          [
            -0.5811098217964172,
            -0.5633189678192139,
            0.587352454662323,
            -0.04841352999210358
          ],
          [
            0.2520234286785126,
            0.5616804361343384,
            0.788043737411499,
            1.7619692087173462
          ],
          [
            0.0,
            0.0,
            0.0,
            1.0
          ]
        ]
      },
      "bone_length_armature_space": 0.04016449444624246,
      "parent": "thumb_01_l",
      "has_children": true,
      "is_end_bone": false
    },
    "thumb_03_l": {
      "name": "thumb_03_l",
      "local": {
        "location": {
          "x": 0.0,
          "y": 0.0,
          "z": 0.0
        },
        "rotation_quaternion": {
          "w": 0.9961984753608704,
          "x": 0.0869871973991394,
          "y": 0.0009823398431763053,
          "z": 0.004570923279970884
        },
        "scale": {
          "x": 1.0,
          "y": 1.0,
          "z": 1.0
        },
        "matrix_basis": [
          [
            0.9999563097953796,
            -0.008936191909015179,
            0.0027524344623088837,
            0.0
          ],
          [
            0.00927799567580223,
            0.9848246574401855,
            -0.17330405116081238,
            0.0
          ],
          [
            -0.001161987311206758,
            0.17332200706005096,
            0.9848645329475403,
            0.0
          ],
          [
            0.0,
            0.0,
            0.0,
            1.0
          ]
        ],
        "rotation_mode": "QUATERNION"
      },
      "armature_space": {
        "head": {
          "x": 0.4639577567577362,
          "y": -0.1342829465866089,
          "z": 0.8346746563911438
        },
        "tail": {
          "x": 0.4805079996585846,
          "y": -0.14032100141048431,
          "z": 0.8595046997070312
        }
      },
      "world_space": {
        "head": {
          "x": 0.4639577567577362,
          "y": -0.07103894650936127,
          "z": 1.7845287322998047
        },
        "tail": {
          "x": 0.4805079996585846,
          "y": -0.0770770013332367,
          "z": 1.8093587160110474
        },
        "rotation_quaternion": {
          "w": 0.4707907438278198,
          "x": 0.1919044703245163,
          "y": -0.4233105480670929,
          "z": -0.7498913407325745
        },
        "matrix": [
          [
            -0.48305544257164,
            0.5436136722564697,
            -0.6863973140716553,
            0.4639577567577362
          ],
          [
            -0.8685551285743713,
            -0.19832733273506165,
            0.45417848229408264,
            -0.07103894650936127
          ],
          [
            0.11076616495847702,
            0.81557297706604,
            0.5679659247398376,
            1.7845287322998047
          ],
          [
            0.0,
            0.0,
            0.0,
            1.0
          ]
        ]
      },
      "bone_length_armature_space": 0.030445027420004062,
      "parent": "thumb_02_l",
      "has_children": false,
      "is_end_bone": true
    },
    "metacarpal_index_l": {
      "name": "metacarpal_index_l",
      "local": {
        "location": {
          "x": 0.0,
          "y": 0.0,
          "z": 0.0
        },
        "rotation_quaternion": {
          "w": 0.9993751049041748,
          "x": -0.02898620255291462,
          "y": -0.020041445270180702,
          "z": 0.002768558217212558
        },
        "scale": {
          "x": 1.0,
          "y": 1.0,
          "z": 1.0
        },
        "matrix_basis": [
          [
            0.99918133020401,
            -0.00437180558219552,
            -0.04021834209561348,
            0.0
          ],
          [
            0.0066955070942640305,
            0.9983042478561401,
            0.05782520771026611,
            0.0
          ],
          [
            0.03989734128117561,
            -0.05804714933037758,
            0.9975162744522095,
            0.0
          ],
          [
            0.0,
            0.0,
            0.0,
            1.0
          ]
        ],
        "rotation_mode": "QUATERNION"
      },
      "armature_space": {
        "head": {
          "x": 0.41335153579711914,
          "y": -0.04136587679386139,
          "z": 0.823399543762207
        },
        "tail": {
          "x": 0.4643217921257019,
          "y": -0.13122497498989105,
          "z": 0.8786863088607788
        }
      },
      "world_space": {
        "head": {
          "x": 0.41335153579711914,
          "y": 0.02187812328338623,
          "z": 1.7732535600662231
        },
        "tail": {
          "x": 0.4643217921257019,
          "y": -0.06798097491264343,
          "z": 1.828540325164795
        },
        "rotation_quaternion": {
          "w": 0.2571863532066345,
          "x": 0.9395744800567627,
          "y": 0.2245098352432251,
          "z": -0.025501150637865067
        },
        "matrix": [
          [
            0.8978897929191589,
            0.4350045919418335,
            0.06756200641393661,
            0.41335153579711914
          ],
          [
            0.40877074003219604,
            -0.7669008374214172,
            -0.4947422742843628,
            0.02187812328338623
          ],
          [
            -0.16340254247188568,
            0.47184404730796814,
            -0.8664159774780273,
            1.7732535600662231
          ],
          [
            0.0,
            0.0,
            0.0,
            1.0
          ]
        ]
      },
      "bone_length_armature_space": 0.11717188751012327,
      "parent": "lowerarm_l",
      "has_children": true,
      "is_end_bone": false
    },
    "index_01_l": {
      "name": "index_01_l",
      "local": {
        "location": {
          "x": 0.0,
          "y": 0.0,
          "z": 0.0
        },
        "rotation_quaternion": {
          "w": 0.9897633790969849,
          "x": -0.14135302603244781,
          "y": -0.00909558404237032,
          "z": 0.017467357218265533
        },
        "scale": {
          "x": 1.0,
          "y": 1.0,
          "z": 1.0
        },
        "matrix_basis": [
          [
            0.9992243051528931,
            -0.03200572356581688,
            -0.022943079471588135,
            0.0
          ],
          [
            0.037148479372262955,
            0.9594284296035767,
            0.27949434518814087,
            0.0
          ],
          [
            0.013066824525594711,
            -0.2801298499107361,
            0.9598731994628906,
            0.0
          ],
          [
            0.0,
            0.0,
            0.0,
            1.0
          ]
        ],
        "rotation_mode": "QUATERNION"
      },
      "armature_space": {
        "head": {
          "x": 0.4643217921257019,
          "y": -0.13122497498989105,
          "z": 0.8786863088607788
        },
        "tail": {
          "x": 0.4815994203090668,
          "y": -0.14120039343833923,
          "z": 0.8990590572357178
        }
      },
      "world_space": {
        "head": {
          "x": 0.4643217921257019,
          "y": -0.06798097491264343,
          "z": 1.828540325164795
        },
        "tail": {
          "x": 0.4815994203090668,
          "y": -0.07795639336109161,
          "z": 1.8489130735397339
        },
        "rotation_quaternion": {
          "w": 0.4287550747394562,
          "x": 0.8214253187179565,
          "y": 0.375831663608551,
          "z": 0.01342089381068945
        },
        "matrix": [
          [
            0.7171396613121033,
            0.6059268712997437,
            0.344329833984375,
            0.4643217921257019
          ],
          [
            0.6289454698562622,
            -0.3498383164405823,
            -0.6942917704582214,
            -0.06798097491264343
          ],
          [
            -0.30023181438446045,
            0.7144734859466553,
            -0.6319828629493713,
            1.828540325164795
          ],
          [
            0.0,
            0.0,
            0.0,
            1.0
          ]
        ]
      },
      "bone_length_armature_space": 0.02851445775080312,
      "parent": "metacarpal_index_l",
      "has_children": true,
      "is_end_bone": false
    },
    "index_02_l": {
      "name": "index_02_l",
      "local": {
        "location": {
          "x": 0.0,
          "y": 0.0,
          "z": 0.0
        },
        "rotation_quaternion": {
          "w": 0.9995165467262268,
          "x": 0.029527440667152405,
          "y": 0.007322931196540594,
          "z": -0.006428639404475689
        },
        "scale": {
          "x": 1.0,
          "y": 1.0,
          "z": 1.0
        },
        "matrix_basis": [
          [
            0.9998100996017456,
            0.013283518142998219,
            0.014259139075875282,
            0.0
          ],
          [
            -0.01241860818117857,
            0.9981735944747925,
            -0.059120483696460724,
            0.0
          ],
          [
            -0.015018424019217491,
            0.05893217772245407,
            0.998149037361145,
            0.0
          ],
          [
            0.0,
            0.0,
            0.0,
            1.0
          ]
        ],
        "rotation_mode": "QUATERNION"
      },
      "armature_space": {
        "head": {
          "x": 0.4815995991230011,
          "y": -0.14120090007781982,
          "z": 0.8990592360496521
        },
        "tail": {
          "x": 0.49809256196022034,
          "y": -0.14996016025543213,
          "z": 0.9166476130485535
        }
      },
      "world_space": {
        "head": {
          "x": 0.4815995991230011,
          "y": -0.0779569000005722,
          "z": 1.8489131927490234
        },
        "tail": {
          "x": 0.49809256196022034,
          "y": -0.08671616017818451,
          "z": 1.8665015697479248
        },
        "rotation_quaternion": {
          "w": 0.4286215007305145,
          "x": 0.818702220916748,
          "y": 0.3815220892429352,
          "z": -0.021245336160063744
        },
        "matrix": [
          [
            0.7079778909683228,
            0.6429184079170227,
            0.2922718822956085,
            0.4815995991230011
          ],
          [
            0.606495201587677,
            -0.3414480686187744,
            -0.7180370092391968,
            -0.0779569000005722
          ],
          [
            -0.3618454933166504,
            0.6856202483177185,
            -0.6316697001457214,
            1.8489131927490234
          ],
          [
            0.0,
            0.0,
            0.0,
            1.0
          ]
        ]
      },
      "bone_length_armature_space": 0.025653332559909457,
      "parent": "index_01_l",
      "has_children": true,
      "is_end_bone": false
    },
    "index_03_l": {
      "name": "index_03_l",
      "local": {
        "location": {
          "x": 0.0,
          "y": 0.0,
          "z": 0.0
        },
        "rotation_quaternion": {
          "w": 0.9999630451202393,
          "x": 0.007052800618112087,
          "y": 0.00020054017659276724,
          "z": 0.004920067731291056
        },
        "scale": {
          "x": 1.0,
          "y": 1.0,
          "z": 1.0
        },
        "matrix_basis": [
          [
            0.9999514818191528,
            -0.00983694288879633,
            0.0004704660386778414,
            0.0
          ],
          [
            0.009842600673437119,
            0.9998521208763123,
            -0.01410310622304678,
            0.0
          ],
          [
            -0.0003316650108899921,
            0.014107053168118,
            0.9999004602432251,
            0.0
          ],
          [
            0.0,
            0.0,
            0.0,
            1.0
          ]
        ],
        "rotation_mode": "QUATERNION"
      },
      "armature_space": {
        "head": {
          "x": 0.49809250235557556,
          "y": -0.14996007084846497,
          "z": 0.916647732257843
        },
        "tail": {
          "x": 0.5192866921424866,
          "y": -0.16055555641651154,
          "z": 0.9337438344955444
        }
      },
      "world_space": {
        "head": {
          "x": 0.49809250235557556,
          "y": -0.08671607077121735,
          "z": 1.866501808166504
        },
        "tail": {
          "x": 0.5192866921424866,
          "y": -0.09731155633926392,
          "z": 1.8835978507995605
        },
        "rotation_quaternion": {
          "w": 0.36978834867477417,
          "x": 0.8248983025550842,
          "y": 0.42654725909233093,
          "z": -0.0292713213711977
        },
        "matrix": [
          [
            0.6344001293182373,
            0.7253646850585938,
            0.2671745717525482,
            0.49809250235557556
          ],
          [
            0.6820692420005798,
            -0.36262696981430054,
            -0.635046124458313,
            -0.08671607077121735
          ],
          [
            -0.36375710368156433,
            0.5851085782051086,
            -0.7248051762580872,
            1.866501808166504
          ],
          [
            0.0,
            0.0,
            0.0,
            1.0
          ]
        ]
      },
      "bone_length_armature_space": 0.02921873863726474,
      "parent": "index_02_l",
      "has_children": false,
      "is_end_bone": true
    },
    "metacarpal_pinky_l": {
      "name": "metacarpal_pinky_l",
      "local": {
        "location": {
          "x": 0.0,
          "y": 0.0,
          "z": 0.0
        },
        "rotation_quaternion": {
          "w": 0.9986590147018433,
          "x": -0.0509052611887455,
          "y": -0.007299905642867088,
          "z": -0.005971556529402733
        },
        "scale": {
          "x": 1.0,
          "y": 1.0,
          "z": 1.0
        },
        "matrix_basis": [
          [
            0.9998220801353455,
            0.012670304626226425,
            -0.013972265645861626,
            0.0
          ],
          [
            -0.011183890514075756,
            0.9947459697723389,
            0.10176117718219757,
            0.0
          ],
          [
            0.015188200399279594,
            -0.10158681124448776,
            0.9947107434272766,
            0.0
          ],
          [
            0.0,
            0.0,
            0.0,
            1.0
          ]
        ],
        "rotation_mode": "QUATERNION"
      },
      "armature_space": {
        "head": {
          "x": 0.41335153579711914,
          "y": -0.04136587679386139,
          "z": 0.823399543762207
        },
        "tail": {
          "x": 0.4962453246116638,
          "y": -0.07140792161226273,
          "z": 0.8788012862205505
        }
      },
      "world_space": {
        "head": {
          "x": 0.41335153579711914,
          "y": 0.02187812328338623,
          "z": 1.7732535600662231
        },
        "tail": {
          "x": 0.4962453246116638,
          "y": -0.008163921535015106,
          "z": 1.8286552429199219
        },
        "rotation_quaternion": {
          "w": 0.5817709565162659,
          "x": 0.28791242837905884,
          "y": -0.13149313628673553,
          "z": -0.7492386698722839
        },
        "matrix": [
          [
            -0.15729621052742004,
            0.7960546016693115,
            -0.584426760673523,
            0.41335153579711914
          ],
          [
            -0.9474877119064331,
            -0.28850308060646057,
            -0.13796086609363556,
            0.02187812328338623
          ],
          [
            -0.27843600511550903,
            0.5320399403572083,
            0.7996377944946289,
            1.7732535600662231
          ],
          [
            0.0,
            0.0,
            0.0,
            1.0
          ]
        ]
      },
      "bone_length_armature_space": 0.10413096506527865,
      "parent": "lowerarm_l",
      "has_children": true,
      "is_end_bone": false
    },
    "pinky_01_l": {
      "name": "pinky_01_l",
      "local": {
        "location": {
          "x": 0.0,
          "y": 0.0,
          "z": 0.0
        },
        "rotation_quaternion": {
          "w": 0.9931066036224365,
          "x": -0.11495880782604218,
          "y": -0.022289296612143517,
          "z": -0.005189396440982819
        },
        "scale": {
          "x": 1.0,
          "y": 1.0,
          "z": 1.0
        },
        "matrix_basis": [
          [
            0.9989525079727173,
            0.015431949868798256,
            -0.043078161776065826,
            0.0
          ],
          [
            -0.005182545632123947,
            0.9735150933265686,
            0.2285640388727188,
            0.0
          ],
          [
            0.04546443000435829,
            -0.22810137271881104,
            0.972575306892395,
            0.0
          ],
          [
            0.0,
            0.0,
            0.0,
            1.0
          ]
        ],
        "rotation_mode": "QUATERNION"
      },
      "armature_space": {
        "head": {
          "x": 0.4962453246116638,
          "y": -0.07140792161226273,
          "z": 0.8788012862205505
        },
        "tail": {
