{
  "metadata": {
    "armature_name": "KIM_caucasian_male",
    "export_time": "2026-01-13T21:16:27.875252",
    "blender_version": "4.4.1",
    "bone_count": 56,
    "end_bone_count": 13,
    "spaces_included": [
      "LOCAL_CHANNELS",
      "ARMATURE_SPACE",
      "WORLD_SPACE"
    ],
    "note": "LOCAL matches Transform panel; replay pose via local.matrix_basis for best fidelity."
  },
  "bones": {
    "Root": {
      "name": "Root",
      "local": {
        "location": {
          "x": 0.0,
          "y": 0.0,
          "z": 0.0
        },
        "rotation_quaternion": {
          "w": 0.9998545050621033,
          "x": 0.014196214266121387,
          "y": 0.001614752341993153,
          "z": -0.009316171519458294
        },
        "scale": {
          "x": 1.0,
          "y": 1.0,
          "z": 1.0
        },
        "matrix_basis": [
          [
            0.9998211860656738,
            0.01867547817528248,
            0.002964526182040572,
            0.0
          ],
          [
            -0.018583785742521286,
            0.9994233250617981,
            -0.02841838449239731,
            0.0
          ],
          [
            -0.003493543481454253,
            0.028358211740851402,
            0.9995917081832886,
            0.0
          ],
          [
            0.0,
            0.0,
            0.0,
            1.0
          ]
        ],
        "rotation_mode": "QUATERNION"
      },
      "armature_space": {
        "head": {
          "x": 0.0,
          "y": 0.07072800397872925,
          "z": -0.009595036506652832
        },
        "tail": {
          "x": 0.0013329784851521254,
          "y": -0.00023131072521209717,
          "z": -0.002011267002671957
        }
      },
      "world_space": {
        "head": {
          "x": 0.0,
          "y": 0.13397200405597687,
          "z": 0.9402589797973633
        },
        "tail": {
          "x": 0.0013329784851521254,
          "y": 0.06301268935203552,
          "z": 0.9478427767753601
        },
        "rotation_quaternion": {
          "w": 0.053193897008895874,
          "x": 0.9985394477844238,
          "y": 0.009403790347278118,
          "z": 0.0009834740776568651
        },
        "matrix": [
          [
            0.9998211860656738,
            0.01867547817528248,
            0.002964526182040572,
            0.0
          ],
          [
            0.01888474076986313,
            -0.9941639304161072,
            -0.10621437430381775,
            0.13397200405597687
          ],
          [
            0.000963645288720727,
            0.10625116527080536,
            -0.9943459033966064,
            0.9402589797973633
          ],
          [
            0.0,
            0.0,
            0.0,
            1.0
          ]
        ]
      },
      "bone_length_armature_space": 0.07137586960785107,
      "parent": null,
      "has_children": true,
      "is_end_bone": false
    },
    "spine_01": {
      "name": "spine_01",
      "local": {
        "location": {
          "x": 0.0,
          "y": 0.0,
          "z": 0.0
        },
        "rotation_quaternion": {
          "w": 0.9972696304321289,
          "x": 0.006208373233675957,
          "y": -0.048438917845487595,
          "z": -0.05539307743310928
        },
        "scale": {
          "x": 1.0,
          "y": 1.0,
          "z": 1.0
        },
        "matrix_basis": [
          [
            0.9891705513000488,
            0.10988221317529678,
            -0.09730112552642822,
            0.0
          ],
          [
            -0.11108512431383133,
            0.993786096572876,
            -0.007016482762992382,
            0.0
          ],
          [
            0.09592552483081818,
            0.017749205231666565,
            0.9952302575111389,
            0.0
          ],
          [
            0.0,
            0.0,
            0.0,
            1.0
          ]
        ],
        "rotation_mode": "QUATERNION"
      },
      "armature_space": {
        "head": {
          "x": 0.0013329784851521254,
          "y": -0.00023131072521209717,
          "z": -0.002011267002671957
        },
        "tail": {
          "x": 0.05447404459118843,
          "y": 0.001020471565425396,
          "z": 0.48308971524238586
        }
      },
      "world_space": {
        "head": {
          "x": 0.0013329784851521254,
          "y": 0.06301268935203552,
          "z": 0.9478427767753601
        },
        "tail": {
          "x": 0.05447404459118843,
          "y": 0.06426446884870529,
          "z": 1.4329437017440796
        },
        "rotation_quaternion": {
          "w": 0.7079344987869263,
          "x": 0.7030670642852783,
          "y": 0.010541697964072227,
          "z": -0.06644143909215927
        },
        "matrix": [
          [
            0.9909487366676331,
            0.10889535397291183,
            -0.0785006433725357,
            0.0013329784851521254
          ],
          [
            -0.07925014197826385,
            0.002565121278166771,
            -0.9968515634536743,
            0.06301268935203552
          ],
          [
            -0.10835196822881699,
            0.9940568804740906,
            0.011171041056513786,
            0.9478427767753601
          ],
          [
            0.0,
            0.0,
            0.0,
            1.0
          ]
        ]
      },
      "bone_length_armature_space": 0.4880046177776044,
      "parent": "Root",
      "has_children": true,
      "is_end_bone": false
    },
    "neck_01": {
      "name": "neck_01",
      "local": {
        "location": {
          "x": 0.0,
          "y": 0.0,
          "z": 0.0
        },
        "rotation_quaternion": {
          "w": 0.9897556900978088,
          "x": -0.122310109436512,
          "y": -0.03132893890142441,
          "z": -0.06665089726448059
        },
        "scale": {
          "x": 1.0,
          "y": 1.0,
          "z": 1.0
        },
        "matrix_basis": [
          [
            0.9891523122787476,
            0.13959990441799164,
            -0.045711833983659744,
            0.0
          ],
          [
            -0.12427251785993576,
            0.9611957669258118,
            0.24629046022891998,
            0.0
          ],
          [
            0.07832014560699463,
            -0.2379380464553833,
            0.9681174755096436,
            0.0
          ],
          [
            0.0,
            0.0,
            0.0,
            1.0
          ]
        ],
        "rotation_mode": "QUATERNION"
      },
      "armature_space": {
        "head": {
          "x": 0.05972475931048393,
          "y": -0.033362966030836105,
          "z": 0.5562604069709778
        },
        "tail": {
          "x": 0.08371452987194061,
          "y": -0.04909095913171768,
          "z": 0.6546874046325684
        }
      },
      "world_space": {
        "head": {
          "x": 0.05972475931048393,
          "y": 0.029881034046411514,
          "z": 1.5061144828796387
        },
        "tail": {
          "x": 0.08371452987194061,
          "y": 0.014153040945529938,
          "z": 1.6045414209365845
        },
        "rotation_quaternion": {
          "w": 0.6491917371749878,
          "x": 0.7480731010437012,
          "y": 0.042942456901073456,
          "z": -0.1307392120361328
        },
        "matrix": [
          [
            0.962126612663269,
            0.23399785161018372,
            -0.13984772562980652,
            0.05972475931048393
          ],
          [
            -0.10550001263618469,
            -0.1534118801355362,
            -0.9825146198272705,
            0.029881034046411514
          ],
          [
            -0.2513624429702759,
            0.9600637555122375,
            -0.12291666865348816,
            1.5061144828796387
          ],
          [
            0.0,
            0.0,
            0.0,
            1.0
          ]
        ]
      },
      "bone_length_armature_space": 0.10252196050123374,
      "parent": "spine_01",
      "has_children": true,
      "is_end_bone": false
    },
    "head": {
      "name": "head",
      "local": {
        "location": {
          "x": 0.0,
          "y": 0.0,
          "z": 0.0
        },
        "rotation_quaternion": {
          "w": 0.983083963394165,
          "x": 0.015001481398940086,
          "y": 0.013645502738654613,
          "z": -0.1820295751094818
        },
        "scale": {
          "x": 1.0,
          "y": 1.0,
          "z": 1.0
        },
        "matrix_basis": [
          [
            0.9333580732345581,
            0.35831010341644287,
            0.02136792242527008,
            0.0
          ],
          [
            -0.35749131441116333,
            0.9332804083824158,
            -0.034463200718164444,
            0.0
          ],
          [
            -0.03229077532887459,
            0.024527661502361298,
            0.9991775155067444,
            0.0
          ],
          [
            0.0,
            0.0,
            0.0,
            1.0
          ]
        ],
        "rotation_mode": "QUATERNION"
      },
      "armature_space": {
        "head": {
          "x": 0.08371449261903763,
          "y": -0.04909110069274902,
          "z": 0.6546873450279236
        },
        "tail": {
          "x": 0.17580512166023254,
          "y": -0.028087740764021873,
          "z": 0.777696967124939
        }
      },
      "world_space": {
        "head": {
          "x": 0.08371449261903763,
          "y": 0.014152899384498596,
          "z": 1.604541301727295
        },
        "tail": {
          "x": 0.17580512166023254,
          "y": 0.0351562574505806,
          "z": 1.727550983428955
        },
        "rotation_quaternion": {
          "w": 0.7304914593696594,
          "x": 0.6068443059921265,
          "y": 0.18464870750904083,
          "z": -0.2530360519886017
        },
        "matrix": [
          [
            0.8037550449371338,
            0.5937875509262085,
            -0.03734036162495613,
            0.08371449261903763
          ],
          [
            -0.1455785632133484,
            0.13542672991752625,
            -0.9800341129302979,
            0.014152899384498596
          ],
          [
            -0.5768792629241943,
            0.793148934841156,
            0.19529300928115845,
            1.604541301727295
          ],
          [
            0.0,
            0.0,
            0.0,
            1.0
          ]
        ]
      },
      "bone_length_armature_space": 0.1550909165825875,
      "parent": "neck_01",
      "has_children": false,
      "is_end_bone": true
    },
    "upperarm_l": {
      "name": "upperarm_l",
      "local": {
        "location": {
          "x": 0.0,
          "y": 0.0,
          "z": 0.0
        },
        "rotation_quaternion": {
          "w": 0.9959633946418762,
          "x": -0.03730731084942818,
          "y": 0.0812799483537674,
          "z": 0.007675208151340485
        },
        "scale": {
          "x": 1.0,
          "y": 1.0,
          "z": 1.0
        },
        "matrix_basis": [
          [
            0.9866693019866943,
            -0.02135312557220459,
            0.16133102774620056,
            0.0
          ],
          [
            0.00922378059476614,
            0.9970985054969788,
            0.07556111365556717,
            0.0
          ],
          [
            -0.16247639060020447,
            -0.07306575030088425,
            0.984003484249115,
            0.0
          ],
          [
            0.0,
            0.0,
            0.0,
            1.0
          ]
        ],
        "rotation_mode": "QUATERNION"
      },
      "armature_space": {
        "head": {
          "x": 0.20079810917377472,
          "y": -0.048601970076560974,
          "z": 0.47323495149612427
        },
        "tail": {
          "x": 0.46706902980804443,
          "y": -0.0399172343313694,
          "z": 0.44439077377319336
        }
      },
      "world_space": {
        "head": {
          "x": 0.20079810917377472,
          "y": 0.014642030000686646,
          "z": 1.4230890274047852
        },
        "tail": {
          "x": 0.46706902980804443,
          "y": 0.02332676574587822,
          "z": 1.3942447900772095
        },
        "rotation_quaternion": {
          "w": 0.4282059669494629,
          "x": 0.5106285214424133,
          "y": 0.5769271850585938,
          "z": -0.4722852110862732
        },
        "matrix": [
          [
            -0.11179524660110474,
            0.993661642074585,
            0.011761803179979324,
            0.20079810917377472
          ],
          [
            0.18472063541412354,
            0.0324094258248806,
            -0.9822567701339722,
            0.014642030000686646
          ],
          [
            -0.9764186143875122,
            -0.10763975232839584,
            -0.18717524409294128,
            1.4230890274047852
          ],
          [
            0.0,
            0.0,
            0.0,
            1.0
          ]
        ]
      },
      "bone_length_armature_space": 0.2679694394640031,
      "parent": "spine_01",
      "has_children": true,
      "is_end_bone": false
    },
    "lowerarm_l": {
      "name": "lowerarm_l",
      "local": {
        "location": {
          "x": 0.0,
          "y": 0.0,
          "z": 0.0
        },
        "rotation_quaternion": {
          "w": 0.9481924176216125,
          "x": 0.18913882970809937,
          "y": 0.13070310652256012,
          "z": -0.219258651137352
        },
        "scale": {
          "x": 1.0,
          "y": 1.0,
          "z": 1.0
        },
        "matrix_basis": [
          [
            0.8696846961975098,
            0.46524083614349365,
            0.16492274403572083,
            0.0
          ],
          [
            -0.3663567304611206,
            0.8323042988777161,
            -0.4159955680370331,
            0.0
          ],
          [
            -0.3308040499687195,
            0.3013644218444824,
            0.8942863941192627,
            0.0
          ],
          [
            0.0,
            0.0,
            0.0,
            1.0
          ]
        ],
        "rotation_mode": "QUATERNION"
      },
      "armature_space": {
        "head": {
          "x": 0.467069149017334,
          "y": -0.03991730138659477,
          "z": 0.4443908929824829
        },
        "tail": {
          "x": 0.6736920475959778,
          "y": -0.13580073416233063,
          "z": 0.3040948510169983
        }
      },
      "world_space": {
        "head": {
          "x": 0.467069149017334,
          "y": 0.023326698690652847,
          "z": 1.394244909286499
        },
        "tail": {
          "x": 0.6736920475959778,
          "y": -0.07255673408508301,
          "z": 1.2539489269256592
        },
        "rotation_quaternion": {
          "w": 0.14845126867294312,
          "x": 0.5366448760032654,
          "y": 0.5465874075889587,
          "z": -0.6254732012748718
        },
        "matrix": [
          [
            -0.3799457252025604,
            0.7723513841629028,
            -0.5090327262878418,
            0.467069149017334
          ],
          [
            0.40094518661499023,
            -0.35840994119644165,
            -0.8430810570716858,
            0.023326698690652847
          ],
          [
            -0.8336026668548584,
            -0.5244232416152954,
            -0.17349624633789062,
            1.394244909286499
          ],
          [
            0.0,
            0.0,
            0.0,
            1.0
          ]
        ]
      },
      "bone_length_armature_space": 0.2675250150362602,
      "parent": "upperarm_l",
      "has_children": true,
      "is_end_bone": false
    },
    "metacarpal_thumb_l": {
      "name": "metacarpal_thumb_l",
      "local": {
        "location": {
          "x": 0.0,
          "y": 0.0,
          "z": 0.0
        },
        "rotation_quaternion": {
          "w": 0.9997710585594177,
          "x": -0.012407949194312096,
          "y": 0.014871159568428993,
          "z": -0.00910037849098444
        },
        "scale": {
          "x": 1.0,
          "y": 1.0,
          "z": 1.0
        },
        "matrix_basis": [
          [
            0.9993920922279358,
            0.01782754808664322,
            0.029961343854665756,
            0.0
          ],
          [
            -0.018565630540251732,
            0.9995264410972595,
            0.02453955076634884,
            0.0
          ],
          [
            -0.02950967662036419,
            -0.025080883875489235,
            0.9992497563362122,
            0.0
          ],
          [
            0.0,
            0.0,
            0.0,
            1.0
          ]
        ],
        "rotation_mode": "QUATERNION"
      },
      "armature_space": {
        "head": {
          "x": 0.6736920475959778,
          "y": -0.13580073416233063,
          "z": 0.3040948510169983
        },
        "tail": {
          "x": 0.6869251728057861,
          "y": -0.17089250683784485,
          "z": 0.27173665165901184
        }
      },
      "world_space": {
        "head": {
          "x": 0.6736920475959778,
          "y": -0.07255673408508301,
          "z": 1.2539489269256592
        },
        "tail": {
          "x": 0.6869251728057861,
          "y": -0.10764850676059723,
          "z": 1.2215906381607056
        },
        "rotation_quaternion": {
          "w": 0.3185485899448395,
          "x": -0.9065975546836853,
          "y": -0.21048887073993683,
          "z": 0.17972789704799652
        },
        "matrix": [
          [
            0.846784234046936,
            0.26715365052223206,
            -0.4599839746952057,
            0.6736920475959778
          ],
          [
            0.49616214632987976,
            -0.7084426879882812,
            0.5019285678863525,
            -0.07255673408508301
          ],
          [
            -0.191781148314476,
            -0.653256893157959,
            -0.7324542999267578,
            1.2539489269256592
          ],
          [
            0.0,
            0.0,
            0.0,
            1.0
          ]
        ]
      },
      "bone_length_armature_space": 0.049533838706150295,
      "parent": "lowerarm_l",
      "has_children": true,
      "is_end_bone": false
    },
    "thumb_01_l": {
      "name": "thumb_01_l",
      "local": {
        "location": {
          "x": 0.0,
          "y": 0.0,
          "z": 0.0
        },
        "rotation_quaternion": {
          "w": 0.9989439249038696,
          "x": -0.04554605484008789,
          "y": -0.002042451873421669,
          "z": -0.005700158420950174
        },
        "scale": {
          "x": 1.0,
          "y": 1.0,
          "z": 1.0
        },
        "matrix_basis": [
          [
            0.9999266862869263,
            0.011574328877031803,
            -0.0035613502841442823,
            0.0
          ],
          [
            -0.011202226392924786,
            0.9957861304283142,
            0.09101919084787369,
            0.0
          ],
          [
            0.004599829204380512,
            -0.09097262471914291,
            0.9958427548408508,
            0.0
          ],
          [
            0.0,
            0.0,
            0.0,
            1.0
          ]
        ],
        "rotation_mode": "QUATERNION"
      },
      "armature_space": {
        "head": {
          "x": 0.6869251728057861,
          "y": -0.17089250683784485,
          "z": 0.27173665165901184
        },
        "tail": {
          "x": 0.6755207180976868,
          "y": -0.1779865026473999,
          "z": 0.2404596209526062
        }
      },
      "world_space": {
        "head": {
          "x": 0.6869251728057861,
          "y": -0.10764850676059723,
          "z": 1.2215906381607056
        },
        "tail": {
          "x": 0.6755207180976868,
          "y": -0.11474250257015228,
          "z": 1.1903135776519775
        },
        "rotation_quaternion": {
          "w": 0.47589337825775146,
          "x": -0.7265726327896118,
          "y": 0.4114851653575897,
          "z": -0.2762202322483063
        },
        "matrix": [
          [
            0.5087630152702332,
            -0.33504539728164673,
            0.7930351495742798,
            0.6869251728057861
          ],
          [
            -0.8608514666557312,
            -0.2084103226661682,
            0.46421974897384644,
            -0.10764850676059723
          ],
          [
            0.009741459041833878,
            -0.9188698530197144,
            -0.39445817470550537,
            1.2215906381607056
          ],
          [
            0.0,
            0.0,
            0.0,
            1.0
          ]
        ]
      },
      "bone_length_armature_space": 0.034038786367295036,
      "parent": "metacarpal_thumb_l",
      "has_children": true,
      "is_end_bone": false
    },
    "thumb_02_l": {
      "name": "thumb_02_l",
      "local": {
        "location": {
          "x": 0.0,
          "y": 0.0,
          "z": 0.0
        },
        "rotation_quaternion": {
          "w": 0.9947850704193115,
          "x": 0.101884625852108,
          "y": 0.0038189785555005074,
          "z": -0.002787747187539935
        },
        "scale": {
          "x": 1.0,
          "y": 1.0,
          "z": 1.0
        },
        "matrix_basis": [
          [
            0.9999552965164185,
            0.006324608810245991,
            0.007030068431049585,
            0.0
          ],
          [
            -0.004768228158354759,
            0.9792234897613525,
            -0.20272789895534515,
            0.0
          ],
          [
            -0.008166182786226273,
            0.20268531143665314,
            0.9792098999023438,
            0.0
          ],
          [
            0.0,
            0.0,
            0.0,
            1.0
          ]
        ],
        "rotation_mode": "QUATERNION"
      },
      "armature_space": {
        "head": {
          "x": 0.675520658493042,
          "y": -0.17798647284507751,
          "z": 0.24045968055725098
        },
        "tail": {
          "x": 0.7066352367401123,
          "y": -0.19144682586193085,
          "z": 0.21892161667346954
        }
      },
      "world_space": {
        "head": {
          "x": 0.675520658493042,
          "y": -0.1147424727678299,
          "z": 1.190313696861267
        },
        "tail": {
          "x": 0.7066352367401123,
          "y": -0.12820282578468323,
          "z": 1.1687756776809692
        },
        "rotation_quaternion": {
          "w": 0.5658780932426453,
          "x": -0.32762590050697327,
          "y": 0.11052482575178146,
          "z": -0.748483419418335
        },
        "matrix": [
          [
            -0.144884392619133,
            0.7746803760528564,
            0.6155312061309814,
            0.675520658493042
          ],
          [
            -0.9195223450660706,
            -0.33513128757476807,
            0.20534351468086243,
            -0.1147424727678299
          ],
          [
            0.36536115407943726,
            -0.5362474918365479,
            0.7608966827392578,
            1.190313696861267
          ],
          [
            0.0,
            0.0,
            0.0,
            1.0
          ]
        ]
      },
      "bone_length_armature_space": 0.04016449027970094,
      "parent": "thumb_01_l",
      "has_children": true,
      "is_end_bone": false
    },
    "thumb_03_l": {
      "name": "thumb_03_l",
      "local": {
        "location": {
          "x": 0.0,
          "y": 0.0,
          "z": 0.0
        },
        "rotation_quaternion": {
          "w": 0.9981465935707092,
          "x": 0.060807231813669205,
          "y": -0.0007655275985598564,
          "z": -0.0023233939427882433
        },
        "scale": {
          "x": 1.0,
          "y": 1.0,
          "z": 1.0
        },
        "matrix_basis": [
          [
            0.9999880194664001,
            0.004545076284557581,
            -0.001810775836929679,
            0.0
          ],
          [
            -0.004731274675577879,
            0.9925941824913025,
            -0.12138550728559494,
            0.0
          ],
          [
            0.0012456591939553618,
            0.121392622590065,
            0.9926037788391113,
            0.0
          ],
          [
            0.0,
            0.0,
            0.0,
            1.0
          ]
        ],
        "rotation_mode": "QUATERNION"
      },
      "armature_space": {
        "head": {
          "x": 0.7066351175308228,
          "y": -0.19144687056541443,
          "z": 0.21892161667346954
        },
        "tail": {
          "x": 0.7358707189559937,
          "y": -0.1954292356967926,
          "z": 0.21141739189624786
        }
      },
      "world_space": {
        "head": {
          "x": 0.7066351175308228,
          "y": -0.1282028704881668,
          "z": 1.1687756776809692
        },
        "tail": {
          "x": 0.7358707189559937,
          "y": -0.13218523561954498,
          "z": 1.1612714529037476
        },
        "rotation_quaternion": {
          "w": 0.6496907472610474,
          "x": -0.06072290241718292,
          "y": 0.11179850995540619,
          "z": -0.749476969242096
        },
        "matrix": [
          [
            -0.14842869341373444,
            0.9602788686752319,
            0.23629070818424225,
            0.7066351175308228
          ],
          [
            -0.9874342679977417,
            -0.13080568611621857,
            -0.08867688477039337,
            -0.1282028704881668
          ],
          [
            -0.05424753949046135,
            -0.24648535251617432,
            0.9676343202590942,
            1.1687756776809692
          ],
          [
            0.0,
            0.0,
            0.0,
            1.0
          ]
        ]
      },
      "bone_length_armature_space": 0.030444918172998107,
      "parent": "thumb_02_l",
      "has_children": false,
      "is_end_bone": true
    },
    "metacarpal_index_l": {
      "name": "metacarpal_index_l",
      "local": {
        "location": {
          "x": 0.0,
          "y": 0.0,
          "z": 0.0
        },
        "rotation_quaternion": {
          "w": 0.9981070756912231,
          "x": -0.057132601737976074,
          "y": 0.010436014272272587,
          "z": 0.02022937312722206
        },
        "scale": {
          "x": 1.0,
          "y": 1.0,
          "z": 1.0
        },
        "matrix_basis": [
          [
            0.9989637136459351,
            -0.0415746346116066,
            0.018521005287766457,
            0.0
          ],
          [
            0.03918968886137009,
            0.9926532506942749,
            0.11447113752365112,
            0.0
          ],
          [
            -0.023144032806158066,
            -0.11362668126821518,
            0.9932538866996765,
            0.0
          ],
          [
            0.0,
            0.0,
            0.0,
            1.0
          ]
        ],
        "rotation_mode": "QUATERNION"
      },
      "armature_space": {
        "head": {
          "x": 0.6736920475959778,
          "y": -0.13580073416233063,
          "z": 0.3040948510169983
        },
        "tail": {
          "x": 0.7471631765365601,
          "y": -0.20623226463794708,
          "z": 0.24603748321533203
        }
      },
      "world_space": {
        "head": {
          "x": 0.6736920475959778,
          "y": -0.07255673408508301,
          "z": 1.2539489269256592
        },
        "tail": {
          "x": 0.7471631765365601,
          "y": -0.14298826456069946,
          "z": 1.1958914995193481
        },
        "rotation_quaternion": {
          "w": 0.11802294105291367,
          "x": -0.8236535787582397,
          "y": -0.4307226538658142,
          "z": 0.3494901955127716
        },
        "matrix": [
          [
            0.38466769456863403,
            0.6270381808280945,
            -0.6773871779441833,
            0.6736920475959778
          ],
          [
            0.7920286059379578,
            -0.6010965704917908,
            -0.10664910078048706,
            -0.07255673408508301
          ],
          [
            -0.4740508794784546,
            -0.49548956751823425,
            -0.7278597950935364,
            1.2539489269256592
          ],
          [
            0.0,
            0.0,
            0.0,
            1.0
          ]
        ]
      },
      "bone_length_armature_space": 0.11717194612915224,
      "parent": "lowerarm_l",
      "has_children": true,
      "is_end_bone": false
    },
    "index_01_l": {
      "name": "index_01_l",
      "local": {
        "location": {
          "x": 0.0,
          "y": 0.0,
          "z": 0.0
        },
        "rotation_quaternion": {
          "w": 0.997868001461029,
          "x": -0.06402700394392014,
          "y": 0.0001783166080713272,
          "z": -0.012647969648241997
        },
        "scale": {
          "x": 1.0,
          "y": 1.0,
          "z": 1.0
        },
        "matrix_basis": [
          [
            0.9996799826622009,
            0.025219174101948738,
            0.0019754960667341948,
            0.0
          ],
          [
            -0.025264842435717583,
            0.9914811253547668,
            0.12777648866176605,
            0.0
          ],
          [
            0.0012637503677979112,
            -0.12778550386428833,
            0.9918010234832764,
            0.0
          ],
          [
            0.0,
            0.0,
            0.0,
            1.0
          ]
        ],
        "rotation_mode": "QUATERNION"
      },
      "armature_space": {
        "head": {
          "x": 0.7471631765365601,
          "y": -0.20623226463794708,
          "z": 0.24603748321533203
        },
        "tail": {
          "x": 0.7721288204193115,
          "y": -0.21274979412555695,
          "z": 0.23390038311481476
        }
      },
      "world_space": {
        "head": {
          "x": 0.7471631765365601,
          "y": -0.14298826456069946,
          "z": 1.1958914995193481
        },
        "tail": {
          "x": 0.7721288204193115,
          "y": -0.14950579404830933,
          "z": 1.1837544441223145
        },
        "rotation_quaternion": {
          "w": 0.08710454404354095,
          "x": -0.7459751963615417,
          "y": -0.6149206161499023,
          "z": 0.24042995274066925
        },
        "matrix": [
          [
            0.1281304806470871,
            0.8755462765693665,
            -0.4658334255218506,
            0.7471631765365601
          ],
          [
            0.9593160152435303,
            -0.22857016324996948,
            -0.16573786735534668,
            -0.14298826456069946
          ],
          [
            -0.251587837934494,
            -0.42564857006073,
            -0.8692185878753662,
            1.1958914995193481
          ],
          [
            0.0,
            0.0,
            0.0,
            1.0
          ]
        ]
      },
      "bone_length_armature_space": 0.02851439587266217,
      "parent": "metacarpal_index_l",
      "has_children": true,
      "is_end_bone": false
    },
    "index_02_l": {
      "name": "index_02_l",
      "local": {
        "location": {
          "x": 0.0,
          "y": 0.0,
          "z": 0.0
        },
        "rotation_quaternion": {
          "w": 0.999701201915741,
          "x": 0.021912023425102234,
          "y": 0.0091932974755764,
          "z": -0.005736753810197115
        },
        "scale": {
          "x": 1.0,
          "y": 1.0,
          "z": 1.0
        },
        "matrix_basis": [
          [
            0.999765157699585,
            0.011872966773808002,
            0.01812969334423542,
            0.0
          ],
          [
            -0.011067192070186138,
            0.9989739060401917,
            -0.043916430324316025,
            0.0
          ],
          [
            -0.01863250881433487,
            0.043705474585294724,
            0.9988706707954407,
            0.0
          ],
          [
            0.0,
            0.0,
            0.0,
            1.0
          ]
        ],
        "rotation_mode": "QUATERNION"
      },
      "armature_space": {
        "head": {
          "x": 0.7721289992332458,
          "y": -0.2127501666545868,
          "z": 0.2339000105857849
        },
        "tail": {
          "x": 0.7945846319198608,
          "y": -0.21766439080238342,
          "z": 0.22251194715499878
        }
      },
      "world_space": {
        "head": {
          "x": 0.7721289992332458,
          "y": -0.14950616657733917,
          "z": 1.1837539672851562
        },
        "tail": {
          "x": 0.7945846319198608,
          "y": -0.1544203907251358,
          "z": 1.1723659038543701
        },
        "rotation_quaternion": {
          "w": 0.08048523217439651,
          "x": -0.7270621061325073,
          "y": -0.630666196346283,
          "z": 0.25915807485580444
        },
        "matrix": [
          [
            0.07019253820180893,
            0.8753506541252136,
            -0.47836554050445557,
            0.7721289992332458
          ],
          [
            0.9587836265563965,
            -0.19156353175640106,
            -0.2098519504070282,
            -0.14950616657733917
          ],
          [
            -0.27533265948295593,
            -0.4439223110675812,
            -0.8527244329452515,
            1.1837539672851562
          ],
          [
            0.0,
            0.0,
            0.0,
            1.0
          ]
        ]
      },
      "bone_length_armature_space": 0.025653323412962396,
      "parent": "index_01_l",
      "has_children": true,
      "is_end_bone": false
    },
    "index_03_l": {
      "name": "index_03_l",
      "local": {
        "location": {
          "x": 0.0,
          "y": 0.0,
          "z": 0.0
        },
        "rotation_quaternion": {
          "w": 0.9989005923271179,
          "x": 0.046617504209280014,
          "y": 0.0047127194702625275,
          "z": 0.0015178513713181019
        },
        "scale": {
          "x": 1.0,
          "y": 1.0,
          "z": 1.0
        },
        "matrix_basis": [
          [
            0.9999509453773499,
            -0.0025929748080670834,
            0.009556593373417854,
            0.0
          ],
          [
            0.0034717556554824114,
            0.995648980140686,
            -0.09311819821596146,
            0.0
          ],
          [
            -0.009273559786379337,
            0.09314680844545364,
            0.9956092238426208,
            0.0
          ],
          [
            0.0,
            0.0,
            0.0,
            1.0
          ]
        ],
        "rotation_mode": "QUATERNION"
      },
      "armature_space": {
        "head": {
          "x": 0.7945846319198608,
          "y": -0.21766439080238342,
          "z": 0.22251208126544952
        },
        "tail": {
          "x": 0.8172979950904846,
          "y": -0.2216169387102127,
          "z": 0.20456168055534363
        }
      },
      "world_space": {
        "head": {
          "x": 0.7945846319198608,
          "y": -0.1544203907251358,
          "z": 1.1723661422729492
        },
        "tail": {
          "x": 0.8172979950904846,
          "y": -0.1583729386329651,
          "z": 1.1544157266616821
        },
        "rotation_quaternion": {
          "w": 0.1826159805059433,
          "x": -0.6975933313369751,
          "y": -0.631675124168396,
          "z": 0.28460779786109924
        },
        "matrix": [
          [
            0.03996708244085312,
            0.7773569822311401,
            -0.6277883648872375,
            0.7945846319198608
          ],
          [
            0.9852524995803833,
            -0.13527482748031616,
            -0.1047794297337532,
            -0.1544203907251358
          ],
          [
            -0.16637536883354187,
            -0.6143467426300049,
            -0.7713050246238708,
            1.1723661422729492
          ],
          [
            0.0,
            0.0,
            0.0,
            1.0
          ]
        ]
      },
      "bone_length_armature_space": 0.029218768083489815,
      "parent": "index_02_l",
      "has_children": false,
      "is_end_bone": true
    },
    "metacarpal_pinky_l": {
      "name": "metacarpal_pinky_l",
      "local": {
        "location": {
          "x": 0.0,
          "y": 0.0,
          "z": 0.0
        },
        "rotation_quaternion": {
          "w": 0.9986077547073364,
          "x": -0.04908749833703041,
          "y": -0.017215445637702942,
          "z": -0.008759289048612118
        },
        "scale": {
          "x": 1.0,
          "y": 1.0,
          "z": 1.0
        },
        "matrix_basis": [
          [
            0.9992538094520569,
            0.019184313714504242,
            -0.033523011952638626,
            0.0
          ],
          [
            -0.01580406166613102,
            0.9950273633003235,
            0.09833990037441254,
            0.0
          ],
          [
            0.035242896527051926,
            -0.09773672372102737,
            0.9945880770683289,
            0.0
          ],
          [
            0.0,
            0.0,
            0.0,
            1.0
          ]
        ],
        "rotation_mode": "QUATERNION"
      },
      "armature_space": {
        "head": {
          "x": 0.6736920475959778,
          "y": -0.13580073416233063,
          "z": 0.3040948510169983
        },
        "tail": {
          "x": 0.761968731880188,
          "y": -0.13954561948776245,
          "z": 0.24899083375930786
        }
      },
      "world_space": {
        "head": {
          "x": 0.6736920475959778,
          "y": -0.07255673408508301,
          "z": 1.2539489269256592
        },
        "tail": {
          "x": 0.761968731880188,
          "y": -0.07630161941051483,
          "z": 1.1988449096679688
        },
        "rotation_quaternion": {
          "w": 0.5700288414955139,
          "x": 0.0356316864490509,
          "y": 0.3963390588760376,
          "z": -0.7188275456428528
        },
        "matrix": [
          [
            -0.34759289026260376,
            0.8477486371994019,
            0.4006258249282837,
            0.6736920475959778
          ],
          [
            -0.7912626266479492,
            -0.03596334159374237,
            -0.6104183793067932,
            -0.07255673408508301
          ],
          [
            -0.5030778050422668,
            -0.5291810035705566,
            0.6832966208457947,
            1.2539489269256592
          ],
          [
            0.0,
            0.0,
            0.0,
            1.0
          ]
        ]
      },
      "bone_length_armature_space": 0.10413092742985122,
      "parent": "lowerarm_l",
      "has_children": true,
      "is_end_bone": false
    },
    "pinky_01_l": {
      "name": "pinky_01_l",
      "local": {
        "location": {
          "x": 0.0,
          "y": 0.0,
          "z": 0.0
        },
        "rotation_quaternion": {
          "w": 0.9955562353134155,
          "x": -0.0934121385216713,
          "y": -0.01074384618550539,
          "z": -0.005166103597730398
        },
        "scale": {
          "x": 1.0,
          "y": 1.0,
          "z": 1.0
        },
        "matrix_basis": [
          [
            0.9997157454490662,
            0.012293504551053047,
            -0.020427051931619644,
            0.0
          ],
          [
            -0.008279082365334034,
            0.9824949502944946,
            0.18610508739948273,
            0.0
          ],
          [
            0.022357359528541565,
            -0.1858830600976944,
            0.9823175072669983,
            0.0
          ],
          [
            0.0,
            0.0,
            0.0,
            1.0
          ]
        ],
        "rotation_mode": "QUATERNION"
      },
      "armature_space": {
        "head": {
          "x": 0.761968731880188,
          "y": -0.13954561948776245,
          "z": 0.24899083375930786
