{
  "metadata": {
    "armature_name": "KIM_caucasian_male",
    "export_time": "2026-01-13T21:02:42.553748",
    "blender_version": "4.4.1",
    "bone_count": 56,
    "end_bone_count": 13,
    "spaces_included": [
      "LOCAL_CHANNELS",
      "ARMATURE_SPACE",
      "WORLD_SPACE"
    ],
    "note": "LOCAL matches Transform panel; replay pose via local.matrix_basis for best fidelity."
  },
  "bones": {
    "Root": {
      "name": "Root",
      "local": {
        "location": {
          "x": 0.0,
          "y": 0.0,
          "z": 0.0
        },
        "rotation_quaternion": {
          "w": 0.9998405575752258,
          "x": 0.015134191140532494,
          "y": -0.0048880078829824924,
          "z": -0.008127142675220966
        },
        "scale": {
          "x": 1.0,
          "y": 1.0,
          "z": 1.0
        },
        "matrix_basis": [
          [
            0.9998201131820679,
            0.01610374078154564,
            -0.010020452551543713,
            0.0
          ],
          [
            -0.016399646177887917,
            0.9994097948074341,
            -0.030184105038642883,
            0.0
          ],
          [
            0.00952846184372902,
            0.030343007296323776,
            0.9994941353797913,
            0.0
          ],
          [
            0.0,
            0.0,
            0.0,
            1.0
          ]
        ],
        "rotation_mode": "QUATERNION"
      },
      "armature_space": {
        "head": {
          "x": 0.0,
          "y": 0.07072800397872925,
          "z": -0.009595036506652832
        },
        "tail": {
          "x": 0.001149418530985713,
          "y": -0.0002493932843208313,
          "z": -0.002151778433471918
        }
      },
      "world_space": {
        "head": {
          "x": 0.0,
          "y": 0.13397200405597687,
          "z": 0.9402589797973633
        },
        "tail": {
          "x": 0.001149418530985713,
          "y": 0.06299460679292679,
          "z": 0.9477022290229797
        },
        "rotation_quaternion": {
          "w": 0.05225710570812225,
          "x": 0.9985887408256531,
          "y": 0.007779385894536972,
          "z": -0.005424411967396736
        },
        "matrix": [
          [
            0.9998201131820679,
            0.01610374078154564,
            -0.010020452551543713,
            0.0
          ],
          [
            0.014969880692660809,
            -0.9944173097610474,
            -0.10445155203342438,
            0.13397200405597687
          ],
          [
            -0.011646639555692673,
            0.10428255796432495,
            -0.9944865703582764,
            0.9402589797973633
          ],
          [
            0.0,
            0.0,
            0.0,
            1.0
          ]
        ]
      },
      "bone_length_armature_space": 0.07137586672171385,
      "parent": null,
      "has_children": true,
      "is_end_bone": false
    },
    "spine_01": {
      "name": "spine_01",
      "local": {
        "location": {
          "x": 0.0,
          "y": 0.0,
          "z": 0.0
        },
        "rotation_quaternion": {
          "w": 0.9960105419158936,
          "x": -0.04740888252854347,
          "y": -0.042711492627859116,
          "z": 0.0623796209692955
        },
        "scale": {
          "x": 1.0,
          "y": 1.0,
          "z": 1.0
        },
        "matrix_basis": [
          [
            0.9885690212249756,
            -0.12021171301603317,
            -0.0909968912601471,
            0.0
          ],
          [
            0.12831132113933563,
            0.9877223372459412,
            0.0891108438372612,
            0.0
          ],
          [
            0.07916750013828278,
            -0.09976814687252045,
            0.9918562769889832,
            0.0
          ],
          [
            0.0,
            0.0,
            0.0,
            1.0
          ]
        ],
        "rotation_mode": "QUATERNION"
      },
      "armature_space": {
        "head": {
          "x": 0.001149418530985713,
          "y": -0.0002493932843208313,
          "z": -0.002151778433471918
        },
        "tail": {
          "x": -0.052747517824172974,
          "y": 0.05553358420729637,
          "z": 0.4796489179134369
        }
      },
      "world_space": {
        "head": {
          "x": 0.001149418530985713,
          "y": 0.06299460679292679,
          "z": 0.9477022290229797
        },
        "tail": {
          "x": -0.052747517824172974,
          "y": 0.11877758800983429,
          "z": 1.4295029640197754
        },
        "rotation_quaternion": {
          "w": 0.7436020970344543,
          "x": 0.6652690172195435,
          "y": -0.06488655507564545,
          "z": 0.016211779788136482
        },
        "matrix": [
          [
            0.9910538196563721,
            -0.11044427007436752,
            -0.07492844760417938,
            0.001149418530985713
          ],
          [
            -0.06222303956747055,
            0.11430909484624863,
            -0.9914947152137756,
            0.06299460679292679
          ],
          [
            0.11807068437337875,
            0.9872940182685852,
            0.10641415417194366,
            0.9477022290229797
          ],
          [
            0.0,
            0.0,
            0.0,
            1.0
          ]
        ]
      },
      "bone_length_armature_space": 0.48800464520243,
      "parent": "Root",
      "has_children": true,
      "is_end_bone": false
    },
    "neck_01": {
      "name": "neck_01",
      "local": {
        "location": {
          "x": 0.0,
          "y": 0.0,
          "z": 0.0
        },
        "rotation_quaternion": {
          "w": 0.9962149858474731,
          "x": -0.052659012377262115,
          "y": -0.06904769688844681,
          "z": 0.00390810938552022
        },
        "scale": {
          "x": 1.0,
          "y": 1.0,
          "z": 1.0
        },
        "matrix_basis": [
          [
            0.9904342889785767,
            -0.0005146672483533621,
            -0.1379842907190323,
            0.0
          ],
          [
            0.015058601275086403,
            0.994423508644104,
            0.10437970608472824,
            0.0
          ],
          [
            0.13716110587120056,
            -0.10545908659696579,
            0.9849188923835754,
            0.0
          ],
          [
            0.0,
            0.0,
            0.0,
            1.0
          ]
        ],
        "rotation_mode": "QUATERNION"
      },
      "armature_space": {
        "head": {
          "x": -0.06343263387680054,
          "y": 0.029517650604248047,
          "z": 0.5556275248527527
        },
        "tail": {
          "x": -0.07648812234401703,
          "y": 0.012284208089113235,
          "z": 0.6558439135551453
        }
      },
      "world_space": {
        "head": {
          "x": -0.06343263387680054,
          "y": 0.09276165068149567,
          "z": 1.505481481552124
        },
        "tail": {
          "x": -0.07648812234401703,
          "y": 0.07552820444107056,
          "z": 1.6056978702545166
        },
        "rotation_quaternion": {
          "w": 0.6360282897949219,
          "x": 0.7637099623680115,
          "y": -0.10686304420232773,
          "z": -0.02820689231157303
        },
        "matrix": [
          [
            0.9755691885948181,
            -0.12734408676624298,
            -0.17902027070522308,
            -0.06343263387680054
          ],
          [
            -0.1991061568260193,
            -0.1680961549282074,
            -0.9654536247253418,
            0.09276165068149567
          ],
          [
            0.0928526520729065,
            0.9775174856185913,
            -0.18934664130210876,
            1.505481481552124
          ],
          [
            0.0,
            0.0,
            0.0,
            1.0
          ]
        ]
      },
      "bone_length_armature_space": 0.1025220085477413,
      "parent": "spine_01",
      "has_children": true,
      "is_end_bone": false
    },
    "head": {
      "name": "head",
      "local": {
        "location": {
          "x": 0.0,
          "y": 0.0,
          "z": 0.0
        },
        "rotation_quaternion": {
          "w": 0.9795020818710327,
          "x": 0.0744074285030365,
          "y": 0.0576423779129982,
          "z": 0.1780920773744583
        },
        "scale": {
          "x": 1.0,
          "y": 1.0,
          "z": 1.0
        },
        "matrix_basis": [
          [
            0.9299211502075195,
            -0.3403050899505615,
            0.1394243985414505,
            0.0
          ],
          [
            0.357461154460907,
            0.9254934787750244,
            -0.12523315846920013,
            0.0
          ],
          [
            -0.08641891181468964,
            0.16629576683044434,
            0.9822818040847778,
            0.0
          ],
          [
            0.0,
            0.0,
            0.0,
            1.0
          ]
        ],
        "rotation_mode": "QUATERNION"
      },
      "armature_space": {
        "head": {
          "x": -0.07648813724517822,
          "y": 0.012284070253372192,
          "z": 0.6558438539505005
        },
        "tail": {
          "x": -0.1413501799106598,
          "y": 0.025788791477680206,
          "z": 0.7960715293884277
        }
      },
      "world_space": {
        "head": {
          "x": -0.07648813724517822,
          "y": 0.07552807033061981,
          "z": 1.6056978702545166
        },
        "tail": {
          "x": -0.1413501799106598,
          "y": 0.08903279155492783,
          "z": 1.7459255456924438
        },
        "rotation_quaternion": {
          "w": 0.7170418500900269,
          "x": 0.6623443365097046,
          "y": -0.17143164575099945,
          "z": 0.13327519595623016
        },
        "matrix": [
          [
            0.9056980609893799,
            -0.4182213246822357,
            -0.0692971795797348,
            -0.07648813724517822
          ],
          [
            -0.035963110625743866,
            0.08707654476165771,
            -0.9955524206161499,
            0.07552807033061981
          ],
          [
            0.42239829897880554,
            0.904168426990509,
            0.06382401287555695,
            1.6056978702545166
          ],
          [
            0.0,
            0.0,
            0.0,
            1.0
          ]
        ]
      },
      "bone_length_armature_space": 0.15509114524195744,
      "parent": "neck_01",
      "has_children": false,
      "is_end_bone": true
    },
    "upperarm_l": {
      "name": "upperarm_l",
      "local": {
        "location": {
          "x": 0.0,
          "y": 0.0,
          "z": 0.0
        },
        "rotation_quaternion": {
          "w": 0.8556524515151978,
          "x": -0.024732680991292,
          "y": 0.5169491171836853,
          "z": 0.00331298541277647
        },
        "scale": {
          "x": 1.0,
          "y": 1.0,
          "z": 1.0
        },
        "matrix_basis": [
          [
            0.4655052721500397,
            -0.03124060295522213,
            0.8844937086105347,
            0.0
          ],
          [
            -0.019901547580957413,
            0.998754620552063,
            0.0457504466176033,
            0.0
          ],
          [
            -0.8848214149475098,
            -0.03889986872673035,
            0.4643038213253021,
            0.0
          ],
          [
            0.0,
            0.0,
            0.0,
            1.0
          ]
        ],
        "rotation_mode": "QUATERNION"
      },
      "armature_space": {
        "head": {
          "x": 0.09240920096635818,
          "y": 0.00933973491191864,
          "z": 0.5073237419128418
        },
        "tail": {
          "x": 0.3584202229976654,
          "y": 0.013545981608331203,
          "z": 0.5393871068954468
        }
      },
      "world_space": {
        "head": {
          "x": 0.09240920096635818,
          "y": 0.07258373498916626,
          "z": 1.457177758216858
        },
        "tail": {
          "x": 0.3584202229976654,
          "y": 0.0767899826169014,
          "z": 1.489241123199463
        },
        "rotation_quaternion": {
          "w": 0.24208267033100128,
          "x": 0.6835944652557373,
          "y": 0.6702560782432556,
          "z": -0.15764299035072327
        },
        "matrix": [
          [
            0.05181005597114563,
            0.992691695690155,
            0.10898986458778381,
            0.09240920096635818
          ],
          [
            0.8400418758392334,
            0.01569674164056778,
            -0.5422948002815247,
            0.07258373498916626
          ],
          [
            -0.5400453805923462,
            0.11965315043926239,
            -0.8330957889556885,
            1.457177758216858
          ],
          [
            0.0,
            0.0,
            0.0,
            1.0
          ]
        ]
      },
      "bone_length_armature_space": 0.2679694362770145,
      "parent": "spine_01",
      "has_children": true,
      "is_end_bone": false
    },
    "lowerarm_l": {
      "name": "lowerarm_l",
      "local": {
        "location": {
          "x": 0.0,
          "y": 0.0,
          "z": 0.0
        },
        "rotation_quaternion": {
          "w": 0.9781004190444946,
          "x": 0.195787250995636,
          "y": 0.059876564890146255,
          "z": -0.03744163736701012
        },
        "scale": {
          "x": 1.0,
          "y": 1.0,
          "z": 1.0
        },
        "matrix_basis": [
          [
            0.9900258183479309,
            0.09668949991464615,
            0.10246939957141876,
            0.0
          ],
          [
            -0.04979722574353218,
            0.9205309748649597,
            -0.3874829411506653,
            0.0
          ],
          [
            -0.13179177045822144,
            0.37851542234420776,
            0.9161642789840698,
            0.0
          ],
          [
            0.0,
            0.0,
            0.0,
            1.0
          ]
        ],
        "rotation_mode": "QUATERNION"
      },
      "armature_space": {
        "head": {
          "x": 0.35842031240463257,
          "y": 0.013545854017138481,
          "z": 0.5393871665000916
        },
        "tail": {
          "x": 0.6035693883895874,
          "y": -0.05903877317905426,
          "z": 0.4606289267539978
        }
      },
      "world_space": {
        "head": {
          "x": 0.35842031240463257,
          "y": 0.07678985595703125,
          "z": 1.489241123199463
        },
        "tail": {
          "x": 0.6035693883895874,
          "y": 0.004205226898193359,
          "z": 1.4104828834533691
        },
        "rotation_quaternion": {
          "w": 0.06238388270139694,
          "x": 0.7298035621643066,
          "y": 0.6003727912902832,
          "z": -0.3210102915763855
        },
        "matrix": [
          [
            0.07300831377506256,
            0.9163611531257629,
            -0.39363911747932434,
            0.35842031240463257
          ],
          [
            0.8362559080123901,
            -0.27131956815719604,
            -0.47651025652885437,
            0.07678985595703125
          ],
          [
            -0.5434606671333313,
            -0.29439637064933777,
            -0.7861271500587463,
            1.489241123199463
          ],
          [
            0.0,
            0.0,
            0.0,
            1.0
          ]
        ]
      },
      "bone_length_armature_space": 0.2675246895387971,
      "parent": "upperarm_l",
      "has_children": true,
      "is_end_bone": false
    },
    "metacarpal_thumb_l": {
      "name": "metacarpal_thumb_l",
      "local": {
        "location": {
          "x": 0.0,
          "y": 0.0,
          "z": 0.0
        },
        "rotation_quaternion": {
          "w": 0.9994001388549805,
          "x": -0.021573267877101898,
          "y": -0.02210901863873005,
          "z": 0.015659883618354797
        },
        "scale": {
          "x": 1.0,
          "y": 1.0,
          "z": 1.0
        },
        "matrix_basis": [
          [
            0.9985319375991821,
            -0.030347052961587906,
            -0.04486718401312828,
            0.0
          ],
          [
            0.032254908233881,
            0.9985787272453308,
            0.04242820292711258,
            0.0
          ],
          [
            0.04351584240794182,
            -0.04381310194730759,
            0.9980915784835815,
            0.0
          ],
          [
            0.0,
            0.0,
            0.0,
            1.0
          ]
        ],
        "rotation_mode": "QUATERNION"
      },
      "armature_space": {
        "head": {
          "x": 0.6035693883895874,
          "y": -0.05903877317905426,
          "z": 0.4606289267539978
        },
        "tail": {
          "x": 0.6273797750473022,
          "y": -0.07829741388559341,
          "z": 0.42169591784477234
        }
      },
      "world_space": {
        "head": {
          "x": 0.6035693883895874,
          "y": 0.004205226898193359,
          "z": 1.4104828834533691
        },
        "tail": {
          "x": 0.6273797750473022,
          "y": -0.015053413808345795,
          "z": 1.3715499639511108
        },
        "rotation_quaternion": {
          "w": 0.4985606372356415,
          "x": -0.828961968421936,
          "y": -0.23882602155208588,
          "z": -0.08497954905033112
        },
        "matrix": [
          [
            0.8714805841445923,
            0.480690598487854,
            -0.09725081920623779,
            0.6035693883895874
          ],
          [
            0.31122273206710815,
            -0.38879895210266113,
            0.8671654462814331,
            0.004205226898193359
          ],
          [
            0.3790303170681,
            -0.7859906554222107,
            -0.48843541741371155,
            1.4104828834533691
          ],
          [
            0.0,
            0.0,
            0.0,
            1.0
          ]
        ]
      },
      "bone_length_armature_space": 0.049533916997727225,
      "parent": "lowerarm_l",
      "has_children": true,
      "is_end_bone": false
    },
    "thumb_01_l": {
      "name": "thumb_01_l",
      "local": {
        "location": {
          "x": 0.0,
          "y": 0.0,
          "z": 0.0
        },
        "rotation_quaternion": {
          "w": 0.9553367495536804,
          "x": 0.2945195734500885,
          "y": 0.02424832433462143,
          "z": -0.0013977650087326765
        },
        "scale": {
          "x": 1.0,
          "y": 1.0,
          "z": 1.0
        },
        "matrix_basis": [
          [
            0.9988201260566711,
            0.016953885555267334,
            0.045507293194532394,
            0.0
          ],
          [
            0.011612540110945702,
            0.8265125155448914,
            -0.5627985596656799,
            0.0
          ],
          [
            -0.04715396836400032,
            0.5626629590988159,
            0.8253404498100281,
            0.0
          ],
          [
            0.0,
            0.0,
            0.0,
            1.0
          ]
        ],
        "rotation_mode": "QUATERNION"
      },
      "armature_space": {
        "head": {
          "x": 0.6273797750473022,
          "y": -0.07829741388559341,
          "z": 0.42169591784477234
        },
        "tail": {
          "x": 0.648727297782898,
          "y": -0.06224341690540314,
          "z": 0.400596559047699
        }
      },
      "world_space": {
        "head": {
          "x": 0.6273797750473022,
          "y": -0.015053413808345795,
          "z": 1.3715499639511108
        },
        "tail": {
          "x": 0.648727297782898,
          "y": 0.0010005831718444824,
          "z": 1.3504505157470703
        },
        "rotation_quaternion": {
          "w": 0.8032819032669067,
          "x": -0.21010157465934753,
          "y": 0.30093052983283997,
          "z": -0.4690803289413452
        },
        "matrix": [
          [
            0.3788074254989624,
            0.6271567940711975,
            0.6805725693702698,
            0.6273797750473022
          ],
          [
            -0.8800599575042725,
            0.4716412425041199,
            0.055218636989593506,
            -0.015053413808345795
          ],
          [
            -0.28635817766189575,
            -0.619866132736206,
            0.7306021451950073,
            1.3715499639511108
          ],
          [
            0.0,
            0.0,
            0.0,
            1.0
          ]
        ]
      },
      "bone_length_armature_space": 0.034038661908272906,
      "parent": "metacarpal_thumb_l",
      "has_children": true,
      "is_end_bone": false
    },
    "thumb_02_l": {
      "name": "thumb_02_l",
      "local": {
        "location": {
          "x": 0.0,
          "y": 0.0,
          "z": 0.0
        },
        "rotation_quaternion": {
          "w": 0.8994506597518921,
          "x": 0.4369800090789795,
          "y": -0.006022697780281305,
          "z": -0.0008331752615049481
        },
        "scale": {
          "x": 1.0,
          "y": 1.0,
          "z": 1.0
        },
        "matrix_basis": [
          [
            0.9999260902404785,
            -0.0037647970020771027,
            -0.011562400497496128,
            0.0
          ],
          [
            -0.006762397009879351,
            0.6180955767631531,
            -0.7860738635063171,
            0.0
          ],
          [
            0.010106077417731285,
            0.7860939502716064,
            0.6180244088172913,
            0.0
          ],
          [
            0.0,
            0.0,
            0.0,
            1.0
          ]
        ],
        "rotation_mode": "QUATERNION"
      },
      "armature_space": {
        "head": {
          "x": 0.6487272381782532,
          "y": -0.062243394553661346,
          "z": 0.400596559047699
        },
        "tail": {
          "x": 0.6675946116447449,
          "y": -0.08909163624048233,
          "z": 0.4237564504146576
        }
      },
      "world_space": {
        "head": {
          "x": 0.6487272381782532,
          "y": 0.0010006055235862732,
          "z": 1.3504505157470703
        },
        "tail": {
          "x": 0.6675946116447449,
          "y": -0.02584763616323471,
          "z": 1.373610496520996
        },
        "rotation_quaternion": {
          "w": 0.383480966091156,
          "x": 0.47314196825027466,
          "y": -0.1367933303117752,
          "z": -0.7812597155570984
        },
        "matrix": [
          [
            -0.2581571638584137,
            0.46975356340408325,
            -0.8442074656486511,
            0.6487272381782532
          ],
          [
            -0.7286425232887268,
            -0.6684586405754089,
            -0.14914174377918243,
            0.0010006055235862732
          ],
          [
            -0.6343829035758972,
            0.5766270756721497,
            0.5148534178733826,
            1.3504505157470703
          ],
          [
            0.0,
            0.0,
            0.0,
            1.0
          ]
        ]
      },
      "bone_length_armature_space": 0.04016449191008681,
      "parent": "thumb_01_l",
      "has_children": true,
      "is_end_bone": false
    },
    "thumb_03_l": {
      "name": "thumb_03_l",
      "local": {
        "location": {
          "x": 0.0,
          "y": 0.0,
          "z": 0.0
        },
        "rotation_quaternion": {
          "w": 0.9907759428024292,
          "x": 0.1353609412908554,
          "y": 0.0007975491462275386,
          "z": -0.0063089970499277115
        },
        "scale": {
          "x": 1.0,
          "y": 1.0,
          "z": 1.0
        },
        "matrix_basis": [
          [
            0.9999191164970398,
            0.012717518955469131,
            -0.00012759854143951088,
            0.0
          ],
          [
            -0.012285690754652023,
            0.9632752537727356,
            -0.2682347893714905,
            0.0
          ],
          [
            -0.00328836846165359,
            0.2682146728038788,
            0.9633535742759705,
            0.0
          ],
          [
            0.0,
            0.0,
            0.0,
            1.0
          ]
        ],
        "rotation_mode": "QUATERNION"
      },
      "armature_space": {
        "head": {
          "x": 0.6675946116447449,
          "y": -0.08909163624048233,
          "z": 0.42375636100769043
        },
        "tail": {
          "x": 0.6674824357032776,
          "y": -0.10808852314949036,
          "z": 0.44754719734191895
        }
      },
      "world_space": {
        "head": {
          "x": 0.6675946116447449,
          "y": -0.02584763616323471,
          "z": 1.3736103773117065
        },
        "tail": {
          "x": 0.6674824357032776,
          "y": -0.04484452307224274,
          "z": 1.397401213645935
        },
        "rotation_quaternion": {
          "w": 0.32996776700019836,
          "x": 0.6884779930114746,
          "y": -0.28130608797073364,
          "z": -0.5813658237457275
        },
        "matrix": [
          [
            0.16576272249221802,
            -0.0036854147911071777,
            -0.9861587285995483,
            0.6675946116447449
          ],
          [
            -0.7710103988647461,
            -0.6239762306213379,
            -0.1272667497396469,
            -0.02584763616323471
          ],
          [
            -0.6148756742477417,
            0.7814398407936096,
            -0.10627435892820358,
            1.3736103773117065
          ],
          [
            0.0,
            0.0,
            0.0,
            1.0
          ]
        ]
      },
      "bone_length_armature_space": 0.030445002739246094,
      "parent": "thumb_02_l",
      "has_children": false,
      "is_end_bone": true
    },
    "metacarpal_index_l": {
      "name": "metacarpal_index_l",
      "local": {
        "location": {
          "x": 0.0,
          "y": 0.0,
          "z": 0.0
        },
        "rotation_quaternion": {
          "w": 0.9999720454216003,
          "x": 0.0011132584186270833,
          "y": -0.0029509945306926966,
          "z": 0.0067916326224803925
        },
        "scale": {
          "x": 1.0,
          "y": 1.0,
          "z": 1.0
        },
        "matrix_basis": [
          [
            0.9998903274536133,
            -0.013589455746114254,
            -0.005886702332645655,
            0.0
          ],
          [
            0.01357631478458643,
            0.9999052882194519,
            -0.002266538795083761,
            0.0
          ],
          [
            0.00591694563627243,
            0.002186370547860861,
            0.999980092048645,
            0.0
          ],
          [
            0.0,
            0.0,
            0.0,
            1.0
          ]
        ],
        "rotation_mode": "QUATERNION"
      },
      "armature_space": {
        "head": {
          "x": 0.6035693883895874,
          "y": -0.05903877317905426,
          "z": 0.4606289267539978
        },
        "tail": {
          "x": 0.6910563707351685,
          "y": -0.10250931978225708,
          "z": 0.39593255519866943
        }
      },
      "world_space": {
        "head": {
          "x": 0.6035693883895874,
          "y": 0.004205226898193359,
          "z": 1.4104828834533691
        },
        "tail": {
          "x": 0.6910563707351685,
          "y": -0.03926531970500946,
          "z": 1.3457865715026855
        },
        "rotation_quaternion": {
          "w": 0.3100576102733612,
          "x": -0.8268757462501526,
          "y": -0.4672950804233551,
          "z": 0.04214349016547203
        },
        "matrix": [
          [
            0.5597171187400818,
            0.746656060218811,
            -0.35947343707084656,
            0.6035693883895874
          ],
          [
            0.7989253401756287,
            -0.3709986209869385,
            0.4733695387840271,
            0.004205226898193359
          ],
          [
            0.2200823724269867,
            -0.5521498918533325,
            -0.8041820526123047,
            1.4104828834533691
          ],
          [
            0.0,
            0.0,
            0.0,
            1.0
          ]
        ]
      },
      "bone_length_armature_space": 0.11717201567711469,
      "parent": "lowerarm_l",
      "has_children": true,
      "is_end_bone": false
    },
    "index_01_l": {
      "name": "index_01_l",
      "local": {
        "location": {
          "x": 0.0,
          "y": 0.0,
          "z": 0.0
        },
        "rotation_quaternion": {
          "w": 0.9354005455970764,
          "x": 0.35238778591156006,
          "y": -0.026585349813103676,
          "z": 0.011916063725948334
        },
        "scale": {
          "x": 1.0,
          "y": 1.0,
          "z": 1.0
        },
        "matrix_basis": [
          [
            0.9983024597167969,
            -0.04102928936481476,
            -0.041337750852108,
            0.0
          ],
          [
            0.0035558799281716347,
            0.7513617277145386,
            -0.659881055355072,
            0.0
          ],
          [
            0.0581340529024601,
            0.6586138606071472,
            0.7502321600914001,
            0.0
          ],
          [
            0.0,
            0.0,
            0.0,
            1.0
          ]
        ],
        "rotation_mode": "QUATERNION"
      },
      "armature_space": {
        "head": {
          "x": 0.6910563707351685,
          "y": -0.10250931978225708,
          "z": 0.39593255519866943
        },
        "tail": {
          "x": 0.7063610553741455,
          "y": -0.0975702777504921,
          "z": 0.37238579988479614
        }
      },
      "world_space": {
        "head": {
          "x": 0.6910563707351685,
          "y": -0.03926531970500946,
          "z": 1.3457865715026855
        },
        "tail": {
          "x": 0.7063610553741455,
          "y": -0.034326277673244476,
          "z": 1.322239875793457
        },
        "rotation_quaternion": {
          "w": 0.498283326625824,
          "x": -0.6168253421783447,
          "y": -0.5816519856452942,
          "z": 0.18144193291664124
        },
        "matrix": [
          [
            0.25751516222953796,
            0.5367354154586792,
            -0.8034929037094116,
            0.6910563707351685
          ],
          [
            0.8983762264251709,
            0.1732124388217926,
            0.40363115072250366,
            -0.03926531970500946
          ],
          [
            0.35582149028778076,
            -0.8257858753204346,
            -0.4375881552696228,
            1.3457865715026855
          ],
          [
            0.0,
            0.0,
            0.0,
            1.0
          ]
        ]
      },
      "bone_length_armature_space": 0.028514508465261816,
      "parent": "metacarpal_index_l",
      "has_children": true,
      "is_end_bone": false
    },
    "index_02_l": {
      "name": "index_02_l",
      "local": {
        "location": {
          "x": 0.0,
          "y": 0.0,
          "z": 0.0
        },
        "rotation_quaternion": {
          "w": 0.8992539048194885,
          "x": 0.4372434616088867,
          "y": 0.0061740148812532425,
          "z": 0.0110745495185256
        },
        "scale": {
          "x": 1.0,
          "y": 1.0,
          "z": 1.0
        },
        "matrix_basis": [
          [
            0.9996784925460815,
            -0.01451856829226017,
            0.020788563415408134,
            0.0
          ],
          [
            0.025316759943962097,
            0.6173909902572632,
            -0.786249041557312,
            0.0
          ],
          [
            -0.0014194652903825045,
            0.7865225076675415,
            0.617560088634491,
            0.0
          ],
          [
            0.0,
            0.0,
            0.0,
            1.0
          ]
        ],
        "rotation_mode": "QUATERNION"
      },
      "armature_space": {
        "head": {
          "x": 0.706360936164856,
          "y": -0.09757030010223389,
          "z": 0.3723852336406708
        },
        "tail": {
          "x": 0.6992405652999878,
          "y": -0.08787687122821808,
          "z": 0.349726140499115
        }
      },
      "world_space": {
        "head": {
          "x": 0.706360936164856,
          "y": -0.03432630002498627,
          "z": 1.3222392797470093
        },
        "tail": {
          "x": 0.6992405652999878,
          "y": -0.02463287115097046,
          "z": 1.2995800971984863
        },
        "rotation_quaternion": {
          "w": 0.6918689012527466,
          "x": -0.35115447640419006,
          "y": -0.4585297703742981,
          "z": 0.4333110451698303
        },
        "matrix": [
          [
            0.20398356020450592,
            -0.2775614857673645,
            -0.9388025403022766,
            0.706360936164856
          ],
          [
            0.9216191172599792,
            0.3778633177280426,
            0.08853289484977722,
            -0.03432630002498627
          ],
          [
            0.3301689326763153,
            -0.8832834959030151,
            0.33288639783859253,
            1.3222392797470093
          ],
          [
            0.0,
            0.0,
            0.0,
            1.0
          ]
        ]
      },
      "bone_length_armature_space": 0.0256533968011667,
      "parent": "index_01_l",
      "has_children": true,
      "is_end_bone": false
    },
    "index_03_l": {
      "name": "index_03_l",
      "local": {
        "location": {
          "x": 0.0,
          "y": 0.0,
          "z": 0.0
        },
        "rotation_quaternion": {
          "w": 0.9341341257095337,
          "x": 0.35679879784584045,
          "y": -0.008915695361793041,
          "z": 0.00296157319098711
        },
        "scale": {
          "x": 1.0,
          "y": 1.0,
          "z": 1.0
        },
        "matrix_basis": [
          [
            0.9998234510421753,
            -0.011895231902599335,
            -0.01454353891313076,
            0.0
          ],
          [
            -0.0008292056154459715,
            0.7453716993331909,
            -0.6666486859321594,
            0.0
          ],
          [
            0.018770281225442886,
            0.6665430665016174,
            0.7452302575111389,
            0.0
          ],
          [
            0.0,
            0.0,
            0.0,
            1.0
          ]
        ],
        "rotation_mode": "QUATERNION"
      },
      "armature_space": {
        "head": {
          "x": 0.6992406845092773,
          "y": -0.08787691593170166,
          "z": 0.3497260808944702
        },
        "tail": {
          "x": 0.6743593811988831,
          "y": -0.07580474019050598,
          "z": 0.34029653668403625
        }
      },
      "world_space": {
        "head": {
          "x": 0.6992406845092773,
          "y": -0.02463291585445404,
          "z": 1.2995800971984863
        },
        "tail": {
          "x": 0.6743593811988831,
          "y": -0.012560740113258362,
          "z": 1.29015052318573
        },
        "rotation_quaternion": {
          "w": 0.7995789647102356,
          "x": -0.026324283331632614,
          "y": -0.2593401074409485,
          "z": 0.5410391688346863
        },
        "matrix": [
          [
            0.28003770112991333,
            -0.8515540957450867,
            -0.4432092308998108,
            0.6992406845092773
          ],
          [
            0.8788611888885498,
            0.4131664037704468,
            -0.2385311871767044,
            -0.02463291585445404
          ],
          [
            0.38624486327171326,
            -0.3227234482765198,
            0.8641059398651123,
            1.2995800971984863
          ],
          [
            0.0,
            0.0,
            0.0,
            1.0
          ]
        ]
      },
      "bone_length_armature_space": 0.029218710000315486,
      "parent": "index_02_l",
      "has_children": false,
      "is_end_bone": true
    },
    "metacarpal_pinky_l": {
      "name": "metacarpal_pinky_l",
      "local": {
        "location": {
          "x": 0.0,
          "y": 0.0,
          "z": 0.0
        },
        "rotation_quaternion": {
          "w": 0.9987387657165527,
          "x": -0.04509168863296509,
          "y": -0.0213679950684309,
          "z": 0.005588263738900423
        },
        "scale": {
          "x": 1.0,
          "y": 1.0,
          "z": 1.0
        },
        "matrix_basis": [
          [
            0.9990243315696716,
            -0.00923539325594902,
            -0.04318605735898018,
            0.0
          ],
          [
            0.013089469633996487,
            0.9958710074424744,
            0.08983081579208374,
            0.0
          ],
          [
            0.04217812046408653,
            -0.09030845761299133,
            0.9950202703475952,
            0.0
          ],
          [
            0.0,
            0.0,
            0.0,
            1.0
          ]
        ],
        "rotation_mode": "QUATERNION"
      },
      "armature_space": {
        "head": {
          "x": 0.6035693883895874,
          "y": -0.05903877317905426,
          "z": 0.4606289267539978
        },
        "tail": {
          "x": 0.7074742317199707,
          "y": -0.06116104871034622,
          "z": 0.45411089062690735
        }
      },
      "world_space": {
        "head": {
          "x": 0.6035693883895874,
          "y": 0.004205226898193359,
          "z": 1.4104828834533691
        },
        "tail": {
          "x": 0.7074742317199707,
          "y": 0.0020829513669013977,
          "z": 1.403964877128601
        },
        "rotation_quaternion": {
          "w": 0.5585125684738159,
          "x": 0.3939031958580017,
          "y": 0.4217493534088135,
          "z": -0.5958452820777893
        },
        "matrix": [
          [
            -0.06580682098865509,
            0.9978307485580444,
            0.0016952678561210632,
            0.6035693883895874
          ],
          [
            -0.333318293094635,
            -0.02038087695837021,
            -0.9425941705703735,
            0.004205226898193359
          ],
          [
            -0.9405221343040466,
            -0.06259482353925705,
            0.33393794298171997,
            1.4104828834533691
          ],
          [
            0.0,
            0.0,
            0.0,
            1.0
          ]
        ]
      },
      "bone_length_armature_space": 0.104130711927682,
      "parent": "lowerarm_l",
      "has_children": true,
      "is_end_bone": false
    },
    "pinky_01_l": {
      "name": "pinky_01_l",
      "local": {
        "location": {
          "x": 0.0,
          "y": 0.0,
          "z": 0.0
        },
        "rotation_quaternion": {
          "w": 0.9406155943870544,
          "x": 0.3392319083213806,
          "y": 0.001099411747418344,
          "z": -0.012766069732606411
        },
        "scale": {
          "x": 1.0,
          "y": 1.0,
          "z": 1.0
        },
        "matrix_basis": [
          [
            0.9996716380119324,
            0.02476183883845806,
            -0.0065930685959756374,
            0.0
          ],
          [
            -0.0232700165361166,
            0.7695174813270569,
            -0.6382017135620117,
            0.0
          ],
          [
            -0.010729564353823662,
            0.6381455659866333,
            0.7698410153388977,
            0.0
          ],
          [
            0.0,
            0.0,
            0.0,
            1.0
          ]
        ],
        "rotation_mode": "QUATERNION"
      },
      "armature_space": {
        "head": {
          "x": 0.7074742317199707,
          "y": -0.06116104871034622,
          "z": 0.45411089062690735
        },
        "tail": {
