{
  "metadata": {
    "armature_name": "KIM_caucasian_male",
    "export_time": "2026-01-13T21:13:22.848272",
    "blender_version": "4.4.1",
    "bone_count": 56,
    "end_bone_count": 13,
    "spaces_included": [
      "LOCAL_CHANNELS",
      "ARMATURE_SPACE",
      "WORLD_SPACE"
    ],
    "note": "LOCAL matches Transform panel; replay pose via local.matrix_basis for best fidelity."
  },
  "bones": {
    "Root": {
      "name": "Root",
      "local": {
        "location": {
          "x": 0.0,
          "y": 0.0,
          "z": 0.0
        },
        "rotation_quaternion": {
          "w": 0.9996322393417358,
          "x": 0.0032475783955305815,
          "y": -0.015682486817240715,
          "z": 0.021888945251703262
        },
        "scale": {
          "x": 1.0,
          "y": 1.0,
          "z": 1.0
        },
        "matrix_basis": [
          [
            0.9985498785972595,
            -0.043863650411367416,
            -0.031211266294121742,
            0.0
          ],
          [
            0.04365992918610573,
            0.9990206360816956,
            -0.007179314270615578,
            0.0
          ],
          [
            0.03149561211466789,
            0.005806222092360258,
            0.999487042427063,
            0.0
          ],
          [
            0.0,
            0.0,
            0.0,
            1.0
          ]
        ],
        "rotation_mode": "QUATERNION"
      },
      "armature_space": {
        "head": {
          "x": 0.0,
          "y": 0.07072800397872925,
          "z": -0.009595036506652832
        },
        "tail": {
          "x": -0.0031308061443269253,
          "y": 1.3560056686401367e-05,
          "z": -0.0004200628027319908
        }
      },
      "world_space": {
        "head": {
          "x": 0.0,
          "y": 0.13397200405597687,
          "z": 0.9402589797973633
        },
        "tail": {
          "x": -0.0031308061443269253,
          "y": 0.06325756013393402,
          "z": 0.9494339823722839
        },
        "rotation_quaternion": {
          "w": 0.06410267949104309,
          "x": 0.9975800514221191,
          "y": -0.02289571799337864,
          "z": -0.014172251336276531
        },
        "matrix": [
          [
            0.9985498785972595,
            -0.043863650411367416,
            -0.031211266294121742,
            0.0
          ],
          [
            -0.04749758169054985,
            -0.9907332062721252,
            -0.12724658846855164,
            0.13397200405597687
          ],
          [
            -0.025340761989355087,
            0.12854447960853577,
            -0.9913870096206665,
            0.9402589797973633
          ],
          [
            0.0,
            0.0,
            0.0,
            1.0
          ]
        ]
      },
      "bone_length_armature_space": 0.07137586914912729,
      "parent": null,
      "has_children": true,
      "is_end_bone": false
    },
    "spine_01": {
      "name": "spine_01",
      "local": {
        "location": {
          "x": 0.0,
          "y": 0.0,
          "z": 0.0
        },
        "rotation_quaternion": {
          "w": 0.9964682459831238,
          "x": -0.04913518205285072,
          "y": -0.036776233464479446,
          "z": 0.05730927363038063
        },
        "scale": {
          "x": 1.0,
          "y": 1.0,
          "z": 1.0
        },
        "matrix_basis": [
          [
            0.9907262921333313,
            -0.11059972643852234,
            -0.0789244994521141,
            0.0
          ],
          [
            0.11782775819301605,
            0.9886027574539185,
            0.09370806068181992,
            0.0
          ],
          [
            0.06766089797019958,
            -0.10213853418827057,
            0.9924665093421936,
            0.0
          ],
          [
            0.0,
            0.0,
            0.0,
            1.0
          ]
        ],
        "rotation_mode": "QUATERNION"
      },
      "armature_space": {
        "head": {
          "x": -0.0031308061443269253,
          "y": 1.3560056686401367e-05,
          "z": -0.0004200628027319908
        },
        "tail": {
          "x": -0.04157302528619766,
          "y": 0.07142986357212067,
          "z": 0.48079758882522583
        }
      },
      "world_space": {
        "head": {
          "x": -0.0031308061443269253,
          "y": 0.06325756013393402,
          "z": 0.9494339823722839
        },
        "tail": {
          "x": -0.04157302528619766,
          "y": 0.1346738636493683,
          "z": 1.4306516647338867
        },
        "rotation_quaternion": {
          "w": 0.7536291480064392,
          "x": 0.6532390713691711,
          "y": -0.07221629470586777,
          "z": -0.010332763195037842
        },
        "matrix": [
          [
            0.9893561601638794,
            -0.0787748470902443,
            -0.12234760075807571,
            -0.0031308061443269253
          ],
          [
            -0.10992258787155151,
            0.14634451270103455,
            -0.9831075668334961,
            0.06325756013393402
          ],
          [
            0.09534960985183716,
            0.9860992431640625,
            0.13612774014472961,
            0.9494339823722839
          ],
          [
            0.0,
            0.0,
            0.0,
            1.0
          ]
        ]
      },
      "bone_length_armature_space": 0.488004626356686,
      "parent": "Root",
      "has_children": true,
      "is_end_bone": false
    },
    "neck_01": {
      "name": "neck_01",
      "local": {
        "location": {
          "x": 0.0,
          "y": 0.0,
          "z": 0.0
        },
        "rotation_quaternion": {
          "w": 0.9909461140632629,
          "x": 0.008497128263115883,
          "y": -0.041953910142183304,
          "z": -0.1272536963224411
        },
        "scale": {
          "x": 1.0,
          "y": 1.0,
          "z": 1.0
        },
        "matrix_basis": [
          [
            0.9640927314758301,
            0.25149014592170715,
            -0.08531071245670319,
            0.0
          ],
          [
            -0.2529160976409912,
            0.9674686193466187,
            -0.006162812002003193,
            0.0
          ],
          [
            0.08098554611206055,
            0.027517972514033318,
            0.9963353276252747,
            0.0
          ],
          [
            0.0,
            0.0,
            0.0,
            1.0
          ]
        ],
        "rotation_mode": "QUATERNION"
      },
      "armature_space": {
        "head": {
          "x": -0.051583871245384216,
          "y": 0.048050377517938614,
          "z": 0.5577192306518555
        },
        "tail": {
          "x": -0.038156453520059586,
          "y": 0.018833667039871216,
          "z": 0.6550682783126831
        }
      },
      "world_space": {
        "head": {
          "x": -0.051583871245384216,
          "y": 0.11129437386989594,
          "z": 1.5075732469558716
        },
        "tail": {
          "x": -0.038156453520059586,
          "y": 0.08207766711711884,
          "z": 1.6049222946166992
        },
        "rotation_quaternion": {
          "w": 0.5979180932044983,
          "x": 0.7943490743637085,
          "y": 0.001718587358482182,
          "z": -0.10724009573459625
        },
        "matrix": [
          [
            0.9769933223724365,
            0.13097192347049713,
            -0.16831618547439575,
            -0.051583871245384216
          ],
          [
            -0.12551051378250122,
            -0.28498175740242004,
            -0.9502804279327393,
            0.11129437386989594
          ],
          [
            -0.17242833971977234,
            0.9495493769645691,
            -0.2619895935058594,
            1.5075732469558716
          ],
          [
            0.0,
            0.0,
            0.0,
            1.0
          ]
        ]
      },
      "bone_length_armature_space": 0.10252194148133974,
      "parent": "spine_01",
      "has_children": true,
      "is_end_bone": false
    },
    "head": {
      "name": "head",
      "local": {
        "location": {
          "x": 0.0,
          "y": 0.0,
          "z": 0.0
        },
        "rotation_quaternion": {
          "w": 0.9725374579429626,
          "x": 0.032492391765117645,
          "y": -0.036256372928619385,
          "z": -0.22759786248207092
        },
        "scale": {
          "x": 1.0,
          "y": 1.0,
          "z": 1.0
        },
        "matrix_basis": [
          [
            0.893769383430481,
            0.44033879041671753,
            -0.08531176298856735,
            0.0
          ],
          [
            -0.44505101442337036,
            0.8942869305610657,
            -0.046696390956640244,
            0.0
          ],
          [
            0.05573096498847008,
            0.07970388233661652,
            0.9952594637870789,
            0.0
          ],
          [
            0.0,
            0.0,
            0.0,
            1.0
          ]
        ],
        "rotation_mode": "QUATERNION"
      },
      "armature_space": {
        "head": {
          "x": -0.03815649077296257,
          "y": 0.01883353851735592,
          "z": 0.6550681591033936
        },
        "tail": {
          "x": 0.05244894698262215,
          "y": 0.00864492543041706,
          "z": 0.7805274724960327
        }
      },
      "world_space": {
        "head": {
          "x": -0.03815649077296257,
          "y": 0.08207754045724869,
          "z": 1.6049221754074097
        },
        "tail": {
          "x": 0.05244894698262215,
          "y": 0.07188892364501953,
          "z": 1.7303814888000488
        },
        "rotation_quaternion": {
          "w": 0.668540894985199,
          "x": 0.6677173972129822,
          "y": 0.1421450525522232,
          "z": -0.2949599027633667
        },
        "matrix": [
          [
            0.7855861783027649,
            0.5842111706733704,
            -0.20384249091148376,
            -0.03815649077296257
          ],
          [
            -0.204563707113266,
            -0.06569474935531616,
            -0.9766464233398438,
            0.08207754045724869
          ],
          [
            -0.5839633345603943,
            0.8089443445205688,
            0.06789910048246384,
            1.6049221754074097
          ],
          [
            0.0,
            0.0,
            0.0,
            1.0
          ]
        ]
      },
      "bone_length_armature_space": 0.1550909139553954,
      "parent": "neck_01",
      "has_children": false,
      "is_end_bone": true
    },
    "upperarm_l": {
      "name": "upperarm_l",
      "local": {
        "location": {
          "x": 0.0,
          "y": 0.0,
          "z": 0.0
        },
        "rotation_quaternion": {
          "w": 0.7935843467712402,
          "x": 0.49777331948280334,
          "y": 0.013276148587465286,
          "z": 0.3496703803539276
        },
        "scale": {
          "x": 1.0,
          "y": 1.0,
          "z": 1.0
        },
        "matrix_basis": [
          [
            0.7551087141036987,
            -0.5417688488960266,
            0.369184672832489,
            0.0
          ],
          [
            0.5682029128074646,
            0.259904682636261,
            -0.7807656526565552,
            0.0
          ],
          [
            0.3270416855812073,
            0.7993347644805908,
            0.5040909051895142,
            0.0
          ],
          [
            0.0,
            0.0,
            0.0,
            1.0
          ]
        ],
        "rotation_mode": "QUATERNION"
      },
      "armature_space": {
        "head": {
          "x": 0.10172366350889206,
          "y": 0.018591247498989105,
          "z": 0.5061823129653931
        },
        "tail": {
          "x": 0.14486388862133026,
          "y": -0.1811884045600891,
          "z": 0.6794883608818054
        }
      },
      "world_space": {
        "head": {
          "x": 0.10172366350889206,
          "y": 0.08183524757623672,
          "z": 1.4560363292694092
        },
        "tail": {
          "x": 0.14486388862133026,
          "y": -0.11794440448284149,
          "z": 1.6293423175811768
        },
        "rotation_quaternion": {
          "w": 0.34510332345962524,
          "x": 0.8200089335441589,
          "y": -0.09021224081516266,
          "z": -0.44760578870773315
        },
        "matrix": [
          [
            0.5830225348472595,
            0.16098934412002563,
            -0.796346127986908,
            0.10172366350889206
          ],
          [
            -0.4568900167942047,
            -0.7455315589904785,
            -0.4852158725261688,
            0.08183524757623672
          ],
          [
            -0.6718207597732544,
            0.6467381119728088,
            -0.3611101806163788,
            1.4560363292694092
          ],
          [
            0.0,
            0.0,
            0.0,
            1.0
          ]
        ]
      },
      "bone_length_armature_space": 0.2679701015015016,
      "parent": "spine_01",
      "has_children": true,
      "is_end_bone": false
    },
    "lowerarm_l": {
      "name": "lowerarm_l",
      "local": {
        "location": {
          "x": 0.0,
          "y": 0.0,
          "z": 0.0
        },
        "rotation_quaternion": {
          "w": 0.8759214282035828,
          "x": 0.4387294352054596,
          "y": 0.1746206432580948,
          "z": -0.09892253577709198
        },
        "scale": {
          "x": 1.0,
          "y": 1.0,
          "z": 1.0
        },
        "matrix_basis": [
          [
            0.9194439053535461,
            0.3265191614627838,
            0.2191074639558792,
            0.0
          ],
          [
            -0.020074306055903435,
            0.5954616069793701,
            -0.8031328320503235,
            0.0
          ],
          [
            -0.3927083909511566,
            0.7340372204780579,
            0.5540482401847839,
            0.0
          ],
          [
            0.0,
            0.0,
            0.0,
            1.0
          ]
        ],
        "rotation_mode": "QUATERNION"
      },
      "armature_space": {
        "head": {
          "x": 0.1448637843132019,
          "y": -0.1811884492635727,
          "z": 0.679488480091095
        },
        "tail": {
          "x": 0.016855284571647644,
          "y": -0.41487616300582886,
          "z": 0.6555460095405579
        }
      },
      "world_space": {
        "head": {
          "x": 0.1448637843132019,
          "y": -0.11794444918632507,
          "z": 1.6293425559997559
        },
        "tail": {
          "x": 0.016855284571647644,
          "y": -0.35163217782974243,
          "z": 1.6054000854492188
        },
        "rotation_quaternion": {
          "w": 0.10681893676519394,
          "x": -0.9368568062782288,
          "y": 0.22766226530075073,
          "z": 0.24302062392234802
        },
        "matrix": [
          [
            0.778221845626831,
            -0.4784926474094391,
            -0.40671321749687195,
            0.1448637843132019
          ],
          [
            -0.37465590238571167,
            -0.8735190629959106,
            0.31080126762390137,
            -0.11794444918632507
          ],
          [
            -0.5039917230606079,
            -0.0894964188337326,
            -0.8590672016143799,
            1.6293425559997559
          ],
          [
            0.0,
            0.0,
            0.0,
            1.0
          ]
        ]
      },
      "bone_length_armature_space": 0.26752451166819124,
      "parent": "upperarm_l",
      "has_children": true,
      "is_end_bone": false
    },
    "metacarpal_thumb_l": {
      "name": "metacarpal_thumb_l",
      "local": {
        "location": {
          "x": 0.0,
          "y": 0.0,
          "z": 0.0
        },
        "rotation_quaternion": {
          "w": 0.9990473985671997,
          "x": -0.04150502383708954,
          "y": 0.0025257649831473827,
          "z": 0.013239914551377296
        },
        "scale": {
          "x": 1.0,
          "y": 1.0,
          "z": 1.0
        },
        "matrix_basis": [
          [
            0.9996366500854492,
            -0.026664268225431442,
            0.003947671968489885,
            0.0
          ],
          [
            0.026244940236210823,
            0.9962040781974792,
            0.08299785107374191,
            0.0
          ],
          [
            -0.006145763676613569,
            -0.08286409080028534,
            0.9965419173240662,
            0.0
          ],
          [
            0.0,
            0.0,
            0.0,
            1.0
          ]
        ],
        "rotation_mode": "QUATERNION"
      },
      "armature_space": {
        "head": {
          "x": 0.016855284571647644,
          "y": -0.41487616300582886,
          "z": 0.6555460095405579
        },
        "tail": {
          "x": -0.010269509628415108,
          "y": -0.44125667214393616,
          "z": 0.6235786080360413
        }
      },
      "world_space": {
        "head": {
          "x": 0.016855284571647644,
          "y": -0.35163217782974243,
          "z": 1.6054000854492188
        },
        "tail": {
          "x": -0.010269509628415108,
          "y": -0.37801265716552734,
          "z": 1.5734326839447021
        },
        "rotation_quaternion": {
          "w": 0.12971065938472748,
          "x": -0.724685788154602,
          "y": 0.4657100737094879,
          "z": -0.4910396635532379
        },
        "matrix": [
          [
            0.08398697525262833,
            -0.547603189945221,
            0.8325124382972717,
            0.016855284571647644
          ],
          [
            -0.8023729920387268,
            -0.5325770974159241,
            -0.26936787366867065,
            -0.35163217782974243
          ],
          [
            0.5908871293067932,
            -0.6453669667243958,
            -0.4841151833534241,
            1.6054000854492188
          ],
          [
            0.0,
            0.0,
            0.0,
            1.0
          ]
        ]
      },
      "bone_length_armature_space": 0.04953383150860699,
      "parent": "lowerarm_l",
      "has_children": true,
      "is_end_bone": false
    },
    "thumb_01_l": {
      "name": "thumb_01_l",
      "local": {
        "location": {
          "x": 0.0,
          "y": 0.0,
          "z": 0.0
        },
        "rotation_quaternion": {
          "w": 0.9995730519294739,
          "x": 0.02155059017241001,
          "y": 0.011304409243166447,
          "z": -0.0161740705370903
        },
        "scale": {
          "x": 1.0,
          "y": 1.0,
          "z": 1.0
        },
        "matrix_basis": [
          [
            0.9992212057113647,
            0.03282156214118004,
            0.021902043372392654,
            0.0
          ],
          [
            -0.03184709697961807,
            0.9985479712486267,
            -0.04344845563173294,
            0.0
          ],
          [
            -0.023296287283301353,
            0.0427171029150486,
            0.9988155364990234,
            0.0
          ],
          [
            0.0,
            0.0,
            0.0,
            1.0
          ]
        ],
        "rotation_mode": "QUATERNION"
      },
      "armature_space": {
        "head": {
          "x": -0.010269509628415108,
          "y": -0.44125667214393616,
          "z": 0.6235786080360413
        },
        "tail": {
          "x": -0.002840071450918913,
          "y": -0.45818954706192017,
          "z": 0.5950003266334534
        }
      },
      "world_space": {
        "head": {
          "x": -0.010269509628415108,
          "y": -0.37801265716552734,
          "z": 1.5734326839447021
        },
        "tail": {
          "x": -0.002840071450918913,
          "y": -0.39494556188583374,
          "z": 1.5448544025421143
        },
        "rotation_quaternion": {
          "w": 0.11517146974802017,
          "x": 0.019474441185593605,
          "y": 0.4878576695919037,
          "z": -0.8650729656219482
        },
        "matrix": [
          [
            -0.9727123975753784,
            0.21826523542404175,
            0.07868179678916931,
            -0.010269509628415108
          ],
          [
            -0.18026280403137207,
            -0.497461199760437,
            -0.8485503196716309,
            -0.37801265716552734
          ],
          [
            -0.14606894552707672,
            -0.8395851254463196,
            0.5232345461845398,
            1.5734326839447021
          ],
          [
            0.0,
            0.0,
            0.0,
            1.0
          ]
        ]
      },
      "bone_length_armature_space": 0.03403875686910509,
      "parent": "metacarpal_thumb_l",
      "has_children": true,
      "is_end_bone": false
    },
    "thumb_02_l": {
      "name": "thumb_02_l",
      "local": {
        "location": {
          "x": 0.0,
          "y": 0.0,
          "z": 0.0
        },
        "rotation_quaternion": {
          "w": 0.9935916662216187,
          "x": 0.11290368437767029,
          "y": -0.005027297884225845,
          "z": -0.0017971668858081102
        },
        "scale": {
          "x": 1.0,
          "y": 1.0,
          "z": 1.0
        },
        "matrix_basis": [
          [
            0.9999430179595947,
            0.0024360991083085537,
            -0.010395975783467293,
            0.0
          ],
          [
            -0.00470650102943182,
            0.9744990468025208,
            -0.2243422567844391,
            0.0
          ],
          [
            0.009584348648786545,
            0.22437839210033417,
            0.974454939365387,
            0.0
          ],
          [
            0.0,
            0.0,
            0.0,
            1.0
          ]
        ],
        "rotation_mode": "QUATERNION"
      },
      "armature_space": {
        "head": {
          "x": -0.0028400439769029617,
          "y": -0.4581894874572754,
          "z": 0.5950003266334534
        },
        "tail": {
          "x": -0.02468775399029255,
          "y": -0.49188295006752014,
          "z": 0.5957789421081543
        }
      },
      "world_space": {
        "head": {
          "x": -0.0028400439769029617,
          "y": -0.39494550228118896,
          "z": 1.5448544025421143
        },
        "tail": {
          "x": -0.02468775399029255,
          "y": -0.42863893508911133,
          "z": 1.5456329584121704
        },
        "rotation_quaternion": {
          "w": 0.2769077718257904,
          "x": -0.17692136764526367,
          "y": 0.06226923316717148,
          "z": 0.9424137473106384
        },
        "matrix": [
          [
            -0.7840418219566345,
            -0.5439570546150208,
            -0.2989802360534668,
            -0.0028400439769029617
          ],
          [
            0.49988970160484314,
            -0.838888943195343,
            0.21534952521324158,
            -0.39494550228118896
          ],
          [
            -0.36795419454574585,
            0.01938524842262268,
            0.9296492338180542,
            1.5448544025421143
          ],
          [
            0.0,
            0.0,
            0.0,
            1.0
          ]
        ]
      },
      "bone_length_armature_space": 0.040164388042911406,
      "parent": "thumb_01_l",
      "has_children": true,
      "is_end_bone": false
    },
    "thumb_03_l": {
      "name": "thumb_03_l",
      "local": {
        "location": {
          "x": 0.0,
          "y": 0.0,
          "z": 0.0
        },
        "rotation_quaternion": {
          "w": 0.9977124333381653,
          "x": 0.06732308119535446,
          "y": 0.005176938604563475,
          "z": 0.003284930717200041
        },
        "scale": {
          "x": 1.0,
          "y": 1.0,
          "z": 1.0
        },
        "matrix_basis": [
          [
            0.9999248385429382,
            -0.005857777316123247,
            0.010772495530545712,
            0.0
          ],
          [
            0.007251887582242489,
            0.9909136295318604,
            -0.13430413603782654,
            0.0
          ],
          [
            -0.00988788902759552,
            0.13437215983867645,
            0.990881621837616,
            0.0
          ],
          [
            0.0,
            0.0,
            0.0,
            1.0
          ]
        ],
        "rotation_mode": "QUATERNION"
      },
      "armature_space": {
        "head": {
          "x": -0.02468775399029255,
          "y": -0.49188289046287537,
          "z": 0.5957788228988647
        },
        "tail": {
          "x": -0.040675319731235504,
          "y": -0.514361560344696,
          "z": 0.6086629033088684
        }
      },
      "world_space": {
        "head": {
          "x": -0.02468775399029255,
          "y": -0.42863887548446655,
          "z": 1.5456328392028809
        },
        "tail": {
          "x": -0.040675319731235504,
          "y": -0.4511175751686096,
          "z": 1.5585169792175293
        },
        "rotation_quaternion": {
          "w": 0.19420740008354187,
          "x": -0.29830363392829895,
          "y": 0.30514493584632874,
          "z": 0.883280873298645
        },
        "matrix": [
          [
            -0.7465971112251282,
            -0.525131344795227,
            -0.4084482789039612,
            -0.02468775399029255
          ],
          [
            0.16102834045886993,
            -0.7383397817611694,
            0.6549230217933655,
            -0.42863887548446655
          ],
          [
            -0.645498514175415,
            0.42319411039352417,
            0.6358084678649902,
            1.5456328392028809
          ],
          [
            0.0,
            0.0,
            0.0,
            1.0
          ]
        ]
      },
      "bone_length_armature_space": 0.030444907209440455,
      "parent": "thumb_02_l",
      "has_children": false,
      "is_end_bone": true
    },
    "metacarpal_index_l": {
      "name": "metacarpal_index_l",
      "local": {
        "location": {
          "x": 0.0,
          "y": 0.0,
          "z": 0.0
        },
        "rotation_quaternion": {
          "w": 0.9997517466545105,
          "x": 0.0066936081275343895,
          "y": -0.02080223523080349,
          "z": 0.004345286637544632
        },
        "scale": {
          "x": 1.0,
          "y": 1.0,
          "z": 1.0
        },
        "matrix_basis": [
          [
            0.9990967512130737,
            -0.0089668994769454,
            -0.04153596982359886,
            0.0
          ],
          [
            0.00840993132442236,
            0.999872624874115,
            -0.01356467604637146,
            0.0
          ],
          [
            0.041652314364910126,
            0.013203109614551067,
            0.9990449547767639,
            0.0
          ],
          [
            0.0,
            0.0,
            0.0,
            1.0
          ]
        ],
        "rotation_mode": "QUATERNION"
      },
      "armature_space": {
        "head": {
          "x": 0.016855284571647644,
          "y": -0.41487616300582886,
          "z": 0.6555460095405579
        },
        "tail": {
          "x": -0.0462970957159996,
          "y": -0.5025294423103333,
          "z": 0.6101815700531006
        }
      },
      "world_space": {
        "head": {
          "x": 0.016855284571647644,
          "y": -0.35163217782974243,
          "z": 1.6054000854492188
        },
        "tail": {
          "x": -0.0462970957159996,
          "y": -0.4392854571342468,
          "z": 1.5600355863571167
        },
        "rotation_quaternion": {
          "w": 0.13223771750926971,
          "x": -0.9078541994094849,
          "y": 0.3293563425540924,
          "z": -0.2232452929019928
        },
        "matrix": [
          [
            0.6833713054656982,
            -0.538972795009613,
            0.4924551248550415,
            0.016855284571647644
          ],
          [
            -0.65705806016922,
            -0.7480751872062683,
            0.09304897487163544,
            -0.35163217782974243
          ],
          [
            0.31824401021003723,
            -0.38716211915016174,
            -0.8653554916381836,
            1.6054000854492188
          ],
          [
            0.0,
            0.0,
            0.0,
            1.0
          ]
        ]
      },
      "bone_length_armature_space": 0.11717189446492485,
      "parent": "lowerarm_l",
      "has_children": true,
      "is_end_bone": false
    },
    "index_01_l": {
      "name": "index_01_l",
      "local": {
        "location": {
          "x": 0.0,
          "y": 0.0,
          "z": 0.0
        },
        "rotation_quaternion": {
          "w": 0.9900088906288147,
          "x": -0.13940659165382385,
          "y": 0.017440203577280045,
          "z": -0.0120070306584239
        },
        "scale": {
          "x": 1.0,
          "y": 1.0,
          "z": 1.0
        },
        "matrix_basis": [
          [
            0.9991033673286438,
            0.0189115758985281,
            0.03787963092327118,
            0.0
          ],
          [
            -0.028636692091822624,
            0.9608432650566101,
            0.27560871839523315,
            0.0
          ],
          [
            -0.03118419460952282,
            -0.2764463424682617,
            0.9605233073234558,
            0.0
          ],
          [
            0.0,
            0.0,
            0.0,
            1.0
          ]
        ],
        "rotation_mode": "QUATERNION"
      },
      "armature_space": {
        "head": {
          "x": -0.0462970957159996,
          "y": -0.5025294423103333,
          "z": 0.6101815700531006
        },
        "tail": {
          "x": -0.05856917053461075,
          "y": -0.5280255079269409,
          "z": 0.6137053370475769
        }
      },
      "world_space": {
        "head": {
          "x": -0.0462970957159996,
          "y": -0.4392854571342468,
          "z": 1.5600355863571167
        },
        "tail": {
          "x": -0.05856917053461075,
          "y": -0.4647815227508545,
          "z": 1.5635592937469482
        },
        "rotation_quaternion": {
          "w": 0.11314283311367035,
          "x": 0.9465319514274597,
          "y": -0.20031215250492096,
          "z": 0.22616641223430634
        },
        "matrix": [
          [
            0.8174476027488708,
            -0.4303821623325348,
            0.3828193247318268,
            -0.0462970957159996
          ],
          [
            -0.32802537083625793,
            -0.8941471576690674,
            -0.30479520559310913,
            -0.4392854571342468
          ],
          [
            0.47347813844680786,
            0.12357956171035767,
            -0.8721012473106384,
            1.5600355863571167
          ],
          [
            0.0,
            0.0,
            0.0,
            1.0
          ]
        ]
      },
      "bone_length_armature_space": 0.028514384437949774,
      "parent": "metacarpal_index_l",
      "has_children": true,
      "is_end_bone": false
    },
    "index_02_l": {
      "name": "index_02_l",
      "local": {
        "location": {
          "x": 0.0,
          "y": 0.0,
          "z": 0.0
        },
        "rotation_quaternion": {
          "w": 0.9989386796951294,
          "x": 0.0460604764521122,
          "y": 9.141467307927087e-05,
          "z": -0.00035766689688898623
        },
        "scale": {
          "x": 1.0,
          "y": 1.0,
          "z": 1.0
        },
        "matrix_basis": [
          [
            0.9999997019767761,
            0.000722995784599334,
            0.00014968668983783573,
            0.0
          ],
          [
            -0.0007061533979140222,
            0.9957566261291504,
            -0.09202324599027634,
            0.0
          ],
          [
            -0.00021558391745202243,
            0.09202311933040619,
            0.9957568645477295,
            0.0
          ],
          [
            0.0,
            0.0,
            0.0,
            1.0
          ]
        ],
        "rotation_mode": "QUATERNION"
      },
      "armature_space": {
        "head": {
          "x": -0.05856940895318985,
          "y": -0.5280258655548096,
          "z": 0.6137049794197083
        },
        "tail": {
          "x": -0.06848523020744324,
          "y": -0.551583468914032,
          "z": 0.6158971190452576
        }
      },
      "world_space": {
        "head": {
          "x": -0.05856940895318985,
          "y": -0.46478188037872314,
          "z": 1.5635590553283691
        },
        "tail": {
          "x": -0.06848523020744324,
          "y": -0.48833948373794556,
          "z": 1.565751075744629
        },
        "rotation_quaternion": {
          "w": 0.0827203169465065,
          "x": 0.959034264087677,
          "y": -0.1843990683555603,
          "z": 0.198513463139534
        },
        "matrix": [
          [
            0.8531787395477295,
            -0.3865325152873993,
            0.35025516152381897,
            -0.05856940895318985
          ],
          [
            -0.3208477795124054,
            -0.9183082580566406,
            -0.23187556862831116,
            -0.46478188037872314
          ],
          [
            0.4112721085548401,
            0.08545228093862534,
            -0.9075060486793518,
            1.5635590553283691
          ],
          [
            0.0,
            0.0,
            0.0,
            1.0
          ]
        ]
      },
      "bone_length_armature_space": 0.025653258480180487,
      "parent": "index_01_l",
      "has_children": true,
      "is_end_bone": false
    },
    "index_03_l": {
      "name": "index_03_l",
      "local": {
        "location": {
          "x": 0.0,
          "y": 0.0,
          "z": 0.0
        },
        "rotation_quaternion": {
          "w": 0.9988511204719543,
          "x": 0.04754277691245079,
          "y": -0.004013183526694775,
          "z": 0.004473817069083452
        },
        "scale": {
          "x": 1.0,
          "y": 1.0,
          "z": 1.0
        },
        "matrix_basis": [
          [
            0.9999277591705322,
            -0.009318950586020947,
            -0.007591750472784042,
            0.0
          ],
          [
            0.008555758744478226,
            0.995439350605011,
            -0.09501221776008606,
            0.0
          ],
          [
            0.008442540653049946,
            0.09494040161371231,
            0.9954471588134766,
            0.0
          ],
          [
            0.0,
            0.0,
            0.0,
            1.0
          ]
        ],
        "rotation_mode": "QUATERNION"
      },
      "armature_space": {
        "head": {
          "x": -0.06848529726266861,
          "y": -0.5515834093093872,
          "z": 0.6158972382545471
        },
        "tail": {
          "x": -0.07549642026424408,
          "y": -0.5799164175987244,
          "z": 0.6145496368408203
        }
      },
      "world_space": {
        "head": {
          "x": -0.06848529726266861,
          "y": -0.4883394241333008,
          "z": 1.565751314163208
        },
        "tail": {
          "x": -0.07549642026424408,
          "y": -0.5166724324226379,
          "z": 1.5644036531448364
        },
        "rotation_quaternion": {
          "w": 0.00659498805180192,
          "x": 0.9631207585334778,
          "y": -0.12293236702680588,
          "z": 0.2392546385526657
        },
        "matrix": [
          [
            0.8552896976470947,
            -0.2399534434080124,
            0.4592406153678894,
            -0.06848529726266861
          ],
          [
            -0.23364153504371643,
            -0.9696879982948303,
            -0.07152878493070602,
            -0.4883394241333008
          ],
          [
            0.4624866843223572,
            -0.046121299266815186,
            -0.8854337334632874,
            1.565751314163208
          ],
          [
            0.0,
            0.0,
            0.0,
            1.0
          ]
        ]
      },
      "bone_length_armature_space": 0.029218679770016385,
      "parent": "index_02_l",
      "has_children": false,
      "is_end_bone": true
    },
    "metacarpal_pinky_l": {
      "name": "metacarpal_pinky_l",
      "local": {
        "location": {
          "x": 0.0,
          "y": 0.0,
          "z": 0.0
        },
        "rotation_quaternion": {
          "w": 0.9997981786727905,
          "x": -0.01709228940308094,
          "y": 0.007022917736321688,
          "z": -0.007893537171185017
        },
        "scale": {
          "x": 1.0,
          "y": 1.0,
          "z": 1.0
        },
        "matrix_basis": [
          [
            0.9997767210006714,
            0.01554381288588047,
            0.014312838204205036,
            0.0
          ],
          [
            -0.016023963689804077,
            0.9992910623550415,
            0.034066807478666306,
            0.0
          ],
          [
            -0.01377316378057003,
            -0.03428855165839195,
            0.9993170499801636,
            0.0
          ],
          [
            0.0,
            0.0,
            0.0,
            1.0
          ]
        ],
        "rotation_mode": "QUATERNION"
      },
      "armature_space": {
        "head": {
          "x": 0.016855284571647644,
          "y": -0.41487616300582886,
          "z": 0.6555460095405579
        },
        "tail": {
          "x": -0.014597363770008087,
          "y": -0.5129207968711853,
          "z": 0.6710766553878784
        }
      },
      "world_space": {
        "head": {
          "x": 0.016855284571647644,
          "y": -0.35163217782974243,
          "z": 1.6054000854492188
        },
        "tail": {
          "x": -0.014597363770008087,
          "y": -0.4496768116950989,
          "z": 1.6209306716918945
        },
        "rotation_quaternion": {
          "w": 0.0769733265042305,
          "x": -0.5924046635627747,
          "y": 0.15263907611370087,
          "z": 0.787294864654541
        },
        "matrix": [
          [
            -0.2862638235092163,
            -0.30204954743385315,
            -0.9092960357666016,
            0.016855284571647644
          ],
          [
            -0.0596470981836319,
            -0.9415528774261475,
            0.3315425515174866,
            -0.35163217782974243
          ],
          [
            -0.9562991261482239,
            0.1491454392671585,
            0.2515181303024292,
            1.6054000854492188
          ],
          [
            0.0,
            0.0,
            0.0,
            1.0
          ]
        ]
      },
      "bone_length_armature_space": 0.10413078479241858,
      "parent": "lowerarm_l",
      "has_children": true,
      "is_end_bone": false
    },
    "pinky_01_l": {
      "name": "pinky_01_l",
      "local": {
        "location": {
          "x": 0.0,
          "y": 0.0,
          "z": 0.0
        },
        "rotation_quaternion": {
          "w": 0.9579393863677979,
          "x": 0.28589531779289246,
          "y": 0.013188116252422333,
          "z": 0.021025914698839188
        },
        "scale": {
          "x": 1.0,
          "y": 1.0,
          "z": 1.0
        },
        "matrix_basis": [
          [
            0.9987679719924927,
            -0.03274226188659668,
            0.03728925436735153,
            0.0
          ],
          [
            0.0478239431977272,
            0.8356435298919678,
            -0.5471861958503723,
            0.0
          ],
          [
            -0.01324441097676754,
            0.5482953786849976,
            0.8361798524856567,
            0.0
          ],
          [
            0.0,
            0.0,
            0.0,
            1.0
          ]
        ],
        "rotation_mode": "QUATERNION"
      },
      "armature_space": {
        "head": {
          "x": -0.014597363770008087,
