{
  "metadata": {
    "armature_name": "KIM_caucasian_male",
    "export_time": "2026-01-13T21:07:55.810269",
    "blender_version": "4.4.1",
    "bone_count": 56,
    "end_bone_count": 13,
    "spaces_included": [
      "LOCAL_CHANNELS",
      "ARMATURE_SPACE",
      "WORLD_SPACE"
    ],
    "note": "LOCAL matches Transform panel; replay pose via local.matrix_basis for best fidelity."
  },
  "bones": {
    "Root": {
      "name": "Root",
      "local": {
        "location": {
          "x": 0.0,
          "y": 0.0,
          "z": 0.0
        },
        "rotation_quaternion": {
          "w": 0.9998531341552734,
          "x": 0.015074526891112328,
          "y": 0.006791344378143549,
          "z": 0.004527600947767496
        },
        "scale": {
          "x": 1.0,
          "y": 1.0,
          "z": 1.0
        },
        "matrix_basis": [
          [
            0.999866783618927,
            -0.008849119767546654,
            0.013717196881771088,
            0.0
          ],
          [
            0.009258624166250229,
            0.9995045065879822,
            -0.030083129182457924,
            0.0
          ],
          [
            -0.013444190844893456,
            0.030206123366951942,
            0.9994532465934753,
            0.0
          ],
          [
            0.0,
            0.0,
            0.0,
            1.0
          ]
        ],
        "rotation_mode": "QUATERNION"
      },
      "armature_space": {
        "head": {
          "x": 0.0,
          "y": 0.07072800397872925,
          "z": -0.009595036506652832
        },
        "tail": {
          "x": -0.0006316135986708105,
          "y": -0.0002547800540924072,
          "z": -0.0021411883644759655
        }
      },
      "world_space": {
        "head": {
          "x": 0.0,
          "y": 0.13397200405597687,
          "z": 0.9402589797973633
        },
        "tail": {
          "x": -0.0006316135986708105,
          "y": 0.06298922002315521,
          "z": 0.9477128386497498
        },
        "rotation_quaternion": {
          "w": 0.05231747776269913,
          "x": 0.9985971450805664,
          "y": -0.004059797152876854,
          "z": 0.007080931682139635
        },
        "matrix": [
          [
            0.999866783618927,
            -0.008849119767546654,
            0.013717196881771088,
            0.0
          ],
          [
            -0.007367286831140518,
            -0.994492769241333,
            -0.10454612970352173,
            0.13397200405597687
          ],
          [
            0.01456688903272152,
            0.10443092882633209,
            -0.9944324493408203,
            0.9402589797973633
          ],
          [
            0.0,
            0.0,
            0.0,
            1.0
          ]
        ]
      },
      "bone_length_armature_space": 0.07137586776957122,
      "parent": null,
      "has_children": true,
      "is_end_bone": false
    },
    "spine_01": {
      "name": "spine_01",
      "local": {
        "location": {
          "x": 0.0,
          "y": 0.0,
          "z": 0.0
        },
        "rotation_quaternion": {
          "w": 0.997443437576294,
          "x": 0.06182931363582611,
          "y": 0.0010960735380649567,
          "z": 0.0358145646750927
        },
        "scale": {
          "x": 1.0,
          "y": 1.0,
          "z": 1.0
        },
        "matrix_basis": [
          [
            0.9974322319030762,
            -0.07131046801805496,
            0.006615322548896074,
            0.0
          ],
          [
            0.07158154249191284,
            0.9897888898849487,
            -0.12326397746801376,
            0.0
          ],
          [
            0.0022422370966523886,
            0.12342099845409393,
            0.9923518896102905,
            0.0
          ],
          [
            0.0,
            0.0,
            0.0,
            1.0
          ]
        ],
        "rotation_mode": "QUATERNION"
      },
      "armature_space": {
        "head": {
          "x": -0.0006316135986708105,
          "y": -0.0002547800540924072,
          "z": -0.0021411883644759655
        },
        "tail": {
          "x": -0.04286077991127968,
          "y": -0.05217267945408821,
          "z": 0.48125267028808594
        }
      },
      "world_space": {
        "head": {
          "x": -0.0006316135986708105,
          "y": 0.06298922002315521,
          "z": 0.9477128386497498
        },
        "tail": {
          "x": -0.04286077991127968,
          "y": 0.011071320623159409,
          "z": 1.431106686592102
        },
        "rotation_quaternion": {
          "w": 0.667671799659729,
          "x": 0.7431948781013489,
          "y": -0.03193385899066925,
          "z": 0.029257455840706825
        },
        "matrix": [
          [
            0.9962484836578369,
            -0.08653496205806732,
            0.0008447379805147648,
            -0.0006316135986708105
          ],
          [
            -0.008397944271564484,
            -0.1063888669013977,
            -0.994289219379425,
            0.06298922002315521
          ],
          [
            0.08613122999668121,
            0.9905586838722229,
            -0.10671810805797577,
            0.9477128386497498
          ],
          [
            0.0,
            0.0,
            0.0,
            1.0
          ]
        ]
      },
      "bone_length_armature_space": 0.48800448739912095,
      "parent": "Root",
      "has_children": true,
      "is_end_bone": false
    },
    "neck_01": {
      "name": "neck_01",
      "local": {
        "location": {
          "x": 0.0,
          "y": 0.0,
          "z": 0.0
        },
        "rotation_quaternion": {
          "w": 0.9923502206802368,
          "x": 0.034844476729631424,
          "y": -0.026848889887332916,
          "z": 0.11535222083330154
        },
        "scale": {
          "x": 1.0,
          "y": 1.0,
          "z": 1.0
        },
        "matrix_basis": [
          [
            0.9719460010528564,
            -0.23081067204475403,
            -0.045248229056596756,
            0.0
          ],
          [
            0.22706852853298187,
            0.970959484577179,
            -0.07535000890493393,
            0.0
          ],
          [
            0.06132577732205391,
            0.06296169012784958,
            0.9961299896240234,
            0.0
          ],
          [
            0.0,
            0.0,
            0.0,
            1.0
          ]
        ],
        "rotation_mode": "QUATERNION"
      },
      "armature_space": {
        "head": {
          "x": -0.049167439341545105,
          "y": -0.09444469213485718,
          "z": 0.550078809261322
        },
        "tail": {
          "x": -0.08047328144311905,
          "y": -0.14728288352489471,
          "z": 0.6321688890457153
        }
      },
      "world_space": {
        "head": {
          "x": -0.049167439341545105,
          "y": -0.031200692057609558,
          "z": 1.4999327659606934
        },
        "tail": {
          "x": -0.08047328144311905,
          "y": -0.0840388834476471,
          "z": 1.5820229053497314
        },
        "rotation_quaternion": {
          "w": 0.4726618230342865,
          "x": 0.8675802946090698,
          "y": -0.13746625185012817,
          "z": 0.07069849967956543
        },
        "matrix": [
          [
            0.9522095322608948,
            -0.30535927414894104,
            -0.007277984172105789,
            -0.049167439341545105
          ],
          [
            -0.1716940999031067,
            -0.5153872966766357,
            -0.8395816683769226,
            -0.031200692057609558
          ],
          [
            0.25262460112571716,
            0.8007120490074158,
            -0.543189525604248,
            1.4999327659606934
          ],
          [
            0.0,
            0.0,
            0.0,
            1.0
          ]
        ]
      },
      "bone_length_armature_space": 0.10252176036635142,
      "parent": "spine_01",
      "has_children": true,
      "is_end_bone": false
    },
    "head": {
      "name": "head",
      "local": {
        "location": {
          "x": 0.0,
          "y": 0.0,
          "z": 0.0
        },
        "rotation_quaternion": {
          "w": 0.993424117565155,
          "x": -0.06798242777585983,
          "y": 0.06579668819904327,
          "z": -0.06448084861040115
        },
        "scale": {
          "x": 1.0,
          "y": 1.0,
          "z": 1.0
        },
        "matrix_basis": [
          [
            0.9830260276794434,
            0.11916762590408325,
            0.13949516415596008,
            0.0
          ],
          [
            -0.13705970346927643,
            0.982441246509552,
            0.12658551335334778,
            0.0
          ],
          [
            -0.12196090817451477,
            -0.14355601370334625,
            0.9820983409881592,
            0.0
          ],
          [
            0.0,
            0.0,
            0.0,
            1.0
          ]
        ],
        "rotation_mode": "QUATERNION"
      },
      "armature_space": {
        "head": {
          "x": -0.08047325909137726,
          "y": -0.14728298783302307,
          "z": 0.6321687698364258
        },
        "tail": {
          "x": -0.10328276455402374,
          "y": -0.15590333938598633,
          "z": 0.785331130027771
        }
      },
      "world_space": {
        "head": {
          "x": -0.08047325909137726,
          "y": -0.08403898775577545,
          "z": 1.582022786140442
        },
        "tail": {
          "x": -0.10328276455402374,
          "y": -0.09265933930873871,
          "z": 1.735185146331787
        },
        "rotation_quaternion": {
          "w": 0.6844767332077026,
          "x": 0.7252198457717896,
          "y": -0.06082727015018463,
          "z": 0.04298624396324158
        },
        "matrix": [
          [
            0.988904595375061,
            -0.14707250893115997,
            -0.020921729505062103,
            -0.08047325909137726
          ],
          [
            -0.02938106656074524,
            -0.05558282136917114,
            -0.9980218410491943,
            -0.08403898775577545
          ],
          [
            0.14561966061592102,
            0.9875696897506714,
            -0.05928856134414673,
            1.582022786140442
          ],
          [
            0.0,
            0.0,
            0.0,
            1.0
          ]
        ]
      },
      "bone_length_armature_space": 0.15509123785031378,
      "parent": "neck_01",
      "has_children": false,
      "is_end_bone": true
    },
    "upperarm_l": {
      "name": "upperarm_l",
      "local": {
        "location": {
          "x": 0.0,
          "y": 0.0,
          "z": 0.0
        },
        "rotation_quaternion": {
          "w": 0.9700566530227661,
          "x": 0.22031669318675995,
          "y": 0.08646001666784286,
          "z": 0.05454707518219948
        },
        "scale": {
          "x": 1.0,
          "y": 1.0,
          "z": 1.0
        },
        "matrix_basis": [
          [
            0.9790985584259033,
            -0.06773033738136292,
            0.19177749752998352,
            0.0
          ],
          [
            0.14392468333244324,
            0.8969703316688538,
            -0.4180070757865906,
            0.0
          ],
          [
            -0.14370696246623993,
            0.43687161803245544,
            0.8879704475402832,
            0.0
          ],
          [
            0.0,
            0.0,
            0.0,
            1.0
          ]
        ],
        "rotation_mode": "QUATERNION"
      },
      "armature_space": {
        "head": {
          "x": 0.10608835518360138,
          "y": -0.09172514826059341,
          "z": 0.49608492851257324
        },
        "tail": {
          "x": 0.34945061802864075,
          "y": -0.20219622552394867,
          "z": 0.5155418515205383
        }
      },
      "world_space": {
        "head": {
          "x": 0.10608835518360138,
          "y": -0.028481148183345795,
          "z": 1.4459389448165894
        },
        "tail": {
          "x": 0.34945061802864075,
          "y": -0.13895222544670105,
          "z": 1.4653959274291992
        },
        "rotation_quaternion": {
          "w": 0.3375442326068878,
          "x": 0.6971473693847656,
          "y": 0.4241897761821747,
          "z": -0.46916162967681885
        },
        "matrix": [
          [
            0.19990000128746033,
            0.9081717133522034,
            -0.36778271198272705,
            0.10608835518360138
          ],
          [
            0.2747201919555664,
            -0.4122525453567505,
            -0.8686639070510864,
            -0.028481148183345795
          ],
          [
            -0.9405214190483093,
            0.07260864973068237,
            -0.33190542459487915,
            1.4459389448165894
          ],
          [
            0.0,
            0.0,
            0.0,
            1.0
          ]
        ]
      },
      "bone_length_armature_space": 0.26796944126962385,
      "parent": "spine_01",
      "has_children": true,
      "is_end_bone": false
    },
    "lowerarm_l": {
      "name": "lowerarm_l",
      "local": {
        "location": {
          "x": 0.0,
          "y": 0.0,
          "z": 0.0
        },
        "rotation_quaternion": {
          "w": 0.9412710666656494,
          "x": 0.05420393869280815,
          "y": 0.023488754406571388,
          "z": -0.3324439227581024
        },
        "scale": {
          "x": 1.0,
          "y": 1.0,
          "z": 1.0
        },
        "matrix_basis": [
          [
            0.7778586149215698,
            0.6283860802650452,
            0.008179029449820518,
            0.0
          ],
          [
            -0.6232933402061462,
            0.7730859518051147,
            -0.1176585853099823,
            0.0
          ],
          [
            -0.08025810867547989,
            0.08642381429672241,
            0.9930204153060913,
            0.0
          ],
          [
            0.0,
            0.0,
            0.0,
            1.0
          ]
        ],
        "rotation_mode": "QUATERNION"
      },
      "armature_space": {
        "head": {
          "x": 0.34945064783096313,
          "y": -0.20219632983207703,
          "z": 0.5155419111251831
        },
        "tail": {
          "x": 0.544781506061554,
          "y": -0.31000933051109314,
          "z": 0.36792120337486267
        }
      },
      "world_space": {
        "head": {
          "x": 0.34945064783096313,
          "y": -0.1389523297548294,
          "z": 1.4653959274291992
        },
        "tail": {
          "x": 0.544781506061554,
          "y": -0.24676533043384552,
          "z": 1.3177752494812012
        },
        "rotation_quaternion": {
          "w": 0.09631020575761795,
          "x": 0.5687167048454285,
          "y": 0.5377928018569946,
          "z": -0.6148695945739746
        },
        "matrix": [
          [
            -0.3345734179019928,
            0.7301420569419861,
            -0.595779299736023,
            0.34945064783096313
          ],
          [
            0.4932660758495331,
            -0.40300241112709045,
            -0.7708942890167236,
            -0.1389523297548294
          ],
          [
            -0.8029678463935852,
            -0.5518026351928711,
            -0.2253226488828659,
            1.4653959274291992
          ],
          [
            0.0,
            0.0,
            0.0,
            1.0
          ]
        ]
      },
      "bone_length_armature_space": 0.2675250655144409,
      "parent": "upperarm_l",
      "has_children": true,
      "is_end_bone": false
    },
    "metacarpal_thumb_l": {
      "name": "metacarpal_thumb_l",
      "local": {
        "location": {
          "x": 0.0,
          "y": 0.0,
          "z": 0.0
        },
        "rotation_quaternion": {
          "w": 0.9994628429412842,
          "x": -0.03268153592944145,
          "y": 0.001991311786696315,
          "z": -0.0014278878225013614
        },
        "scale": {
          "x": 1.0,
          "y": 1.0,
          "z": 1.0
        },
        "matrix_basis": [
          [
            0.9999880194664001,
            0.002724083373323083,
            0.004073815420269966,
            0.0
          ],
          [
            -0.0029843999072909355,
            0.99785977602005,
            0.06532227247953415,
            0.0
          ],
          [
            -0.0038871532306075096,
            -0.06533364951610565,
            0.9978559017181396,
            0.0
          ],
          [
            0.0,
            0.0,
            0.0,
            1.0
          ]
        ],
        "rotation_mode": "QUATERNION"
      },
      "armature_space": {
        "head": {
          "x": 0.544781506061554,
          "y": -0.31000933051109314,
          "z": 0.36792120337486267
        },
        "tail": {
          "x": 0.5544142723083496,
          "y": -0.3455468714237213,
          "z": 0.33478671312332153
        }
      },
      "world_space": {
        "head": {
          "x": 0.544781506061554,
          "y": -0.24676533043384552,
          "z": 1.3177752494812012
        },
        "tail": {
          "x": 0.5544142723083496,
          "y": -0.2823028564453125,
          "z": 1.2846407890319824
        },
        "rotation_quaternion": {
          "w": 0.33596131205558777,
          "x": -0.9113526940345764,
          "y": -0.16855023801326752,
          "z": 0.16780073940753937
        },
        "matrix": [
          [
            0.8868672251701355,
            0.19446858763694763,
            -0.4191041886806488,
            0.544781506061554
          ],
          [
            0.41996699571609497,
            -0.7174420356750488,
            0.5557922124862671,
            -0.24676533043384552
          ],
          [
            -0.1925998032093048,
            -0.668928861618042,
            -0.7179505228996277,
            1.3177752494812012
          ],
          [
            0.0,
            0.0,
            0.0,
            1.0
          ]
        ]
      },
      "bone_length_armature_space": 0.04953384105636829,
      "parent": "lowerarm_l",
      "has_children": true,
      "is_end_bone": false
    },
    "thumb_01_l": {
      "name": "thumb_01_l",
      "local": {
        "location": {
          "x": 0.0,
          "y": 0.0,
          "z": 0.0
        },
        "rotation_quaternion": {
          "w": 0.9531310796737671,
          "x": 0.30220547318458557,
          "y": -0.0061201234348118305,
          "z": -0.013254029676318169
        },
        "scale": {
          "x": 1.0,
          "y": 1.0,
          "z": 1.0
        },
        "matrix_basis": [
          [
            0.9995737671852112,
            0.021566584706306458,
            -0.01967743970453739,
            0.0
          ],
          [
            -0.028964724391698837,
            0.8169923424720764,
            -0.5759206414222717,
            0.0
          ],
          [
            0.0036556790582835674,
            0.5762450695037842,
            0.8172687888145447,
            0.0
          ],
          [
            0.0,
            0.0,
            0.0,
            1.0
          ]
        ],
        "rotation_mode": "QUATERNION"
      },
      "armature_space": {
        "head": {
          "x": 0.5544142723083496,
          "y": -0.3455468714237213,
          "z": 0.33478671312332153
        },
        "tail": {
          "x": 0.5635327696800232,
          "y": -0.3413829803466797,
          "z": 0.3022574186325073
        }
      },
      "world_space": {
        "head": {
          "x": 0.5544142723083496,
          "y": -0.2823028564453125,
          "z": 1.2846407890319824
        },
        "tail": {
          "x": 0.5635327696800232,
          "y": -0.27813899517059326,
          "z": 1.2521114349365234
        },
        "rotation_quaternion": {
          "w": 0.6798029541969299,
          "x": -0.5037320256233215,
          "y": 0.31469470262527466,
          "z": -0.4302201569080353
        },
        "matrix": [
          [
            0.4317544996738434,
            0.2678869068622589,
            0.8612924814224243,
            0.5544142723083496
          ],
          [
            -0.9019739627838135,
            0.1223285123705864,
            0.4141002297401428,
            -0.2823028564453125
          ],
          [
            0.005570642650127411,
            -0.9556592702865601,
            0.2944452166557312,
            1.2846407890319824
          ],
          [
            0.0,
            0.0,
            0.0,
            1.0
          ]
        ]
      },
      "bone_length_armature_space": 0.0340388007423095,
      "parent": "metacarpal_thumb_l",
      "has_children": true,
      "is_end_bone": false
    },
    "thumb_02_l": {
      "name": "thumb_02_l",
      "local": {
        "location": {
          "x": 0.0,
          "y": 0.0,
          "z": 0.0
        },
        "rotation_quaternion": {
          "w": 0.8958966732025146,
          "x": 0.44423097372055054,
          "y": 0.004125866107642651,
          "z": 0.0033324044197797775
        },
        "scale": {
          "x": 1.0,
          "y": 1.0,
          "z": 1.0
        },
        "matrix_basis": [
          [
            0.999943733215332,
            -0.0023053050972521305,
            0.010353414341807365,
            0.0
          ],
          [
            0.009636655449867249,
            0.6052954792976379,
            -0.7959426045417786,
            0.0
          ],
          [
            -0.004431984852999449,
            0.7959976196289062,
            0.6052836179733276,
            0.0
          ],
          [
            0.0,
            0.0,
            0.0,
            1.0
          ]
        ],
        "rotation_mode": "QUATERNION"
      },
      "armature_space": {
        "head": {
          "x": 0.5635327100753784,
          "y": -0.3413829803466797,
          "z": 0.3022574484348297
        },
        "tail": {
          "x": 0.5938510894775391,
          "y": -0.3533000349998474,
          "z": 0.3257514238357544
        }
      },
      "world_space": {
        "head": {
          "x": 0.5635327100753784,
          "y": -0.27813899517059326,
          "z": 1.2521114349365234
        },
        "tail": {
          "x": 0.5938510894775391,
          "y": -0.290056049823761,
          "z": 1.2756054401397705
        },
        "rotation_quaternion": {
          "w": 0.5514975786209106,
          "x": 0.22477570176124573,
          "y": -0.21793700754642487,
          "z": -0.7731944918632507
        },
        "matrix": [
          [
            -0.29065096378326416,
            0.7548567056655884,
            -0.5879740715026855,
            0.5635327100753784
          ],
          [
            -0.9508044719696045,
            -0.29670676589012146,
            0.08908698707818985,
            -0.27813899517059326
          ],
          [
            -0.10720958560705185,
            0.5849452018737793,
            0.8039644956588745,
            1.2521114349365234
          ],
          [
            0.0,
            0.0,
            0.0,
            1.0
          ]
        ]
      },
      "bone_length_armature_space": 0.04016450205470848,
      "parent": "thumb_01_l",
      "has_children": true,
      "is_end_bone": false
    },
    "thumb_03_l": {
      "name": "thumb_03_l",
      "local": {
        "location": {
          "x": 0.0,
          "y": 0.0,
          "z": 0.0
        },
        "rotation_quaternion": {
          "w": 0.9899600744247437,
          "x": 0.14130792021751404,
          "y": -0.0019112732261419296,
          "z": 0.002752806292846799
        },
        "scale": {
          "x": 1.0,
          "y": 1.0,
          "z": 1.0
        },
        "matrix_basis": [
          [
            0.9999775290489197,
            -0.005990492645651102,
            -0.0030061816796660423,
            0.0
          ],
          [
            0.0049101803451776505,
            0.9600489735603333,
            -0.27978891134262085,
            0.0
          ],
          [
            0.00456215487793088,
            0.27976787090301514,
            0.9600568413734436,
            0.0
          ],
          [
            0.0,
            0.0,
            0.0,
            1.0
          ]
        ],
        "rotation_mode": "QUATERNION"
      },
      "armature_space": {
        "head": {
          "x": 0.5938510894775391,
          "y": -0.3533000648021698,
          "z": 0.32575133442878723
        },
        "tail": {
          "x": 0.6047782301902771,
          "y": -0.35812845826148987,
          "z": 0.3537546694278717
        }
      },
      "world_space": {
        "head": {
          "x": 0.5938510894775391,
          "y": -0.290056049823761,
          "z": 1.275605320930481
        },
        "tail": {
          "x": 0.6047782301902771,
          "y": -0.29488444328308105,
          "z": 1.3036086559295654
        },
        "rotation_quaternion": {
          "w": 0.5681267976760864,
          "x": 0.4875694513320923,
          "y": -0.31294313073158264,
          "z": -0.5844437479972839
        },
        "matrix": [
          [
            0.12098541110754013,
            0.3589150309562683,
            -0.925495982170105,
            0.5938510894775391
          ],
          [
            -0.9692397713661194,
            -0.15859483182430267,
            -0.18820855021476746,
            -0.290056049823761
          ],
          [
            -0.21433202922344208,
            0.9198038578033447,
            0.32868900895118713,
            1.275605320930481
          ],
          [
            0.0,
            0.0,
            0.0,
            1.0
          ]
        ]
      },
      "bone_length_armature_space": 0.030445074261367534,
      "parent": "thumb_02_l",
      "has_children": false,
      "is_end_bone": true
    },
    "metacarpal_index_l": {
      "name": "metacarpal_index_l",
      "local": {
        "location": {
          "x": 0.0,
          "y": 0.0,
          "z": 0.0
        },
        "rotation_quaternion": {
          "w": 0.9986943006515503,
          "x": -0.049094825983047485,
          "y": -0.004606950096786022,
          "z": 0.013349276036024094
        },
        "scale": {
          "x": 1.0,
          "y": 1.0,
          "z": 1.0
        },
        "matrix_basis": [
          [
            0.9996011257171631,
            -0.026211336255073547,
            -0.010512630455195904,
            0.0
          ],
          [
            0.027116047218441963,
            0.9948229789733887,
            0.09793844819068909,
            0.0
          ],
          [
            0.007891109213232994,
            -0.09818444401025772,
            0.9951369762420654,
            0.0
          ],
          [
            0.0,
            0.0,
            0.0,
            1.0
          ]
        ],
        "rotation_mode": "QUATERNION"
      },
      "armature_space": {
        "head": {
          "x": 0.544781506061554,
          "y": -0.31000933051109314,
          "z": 0.36792120337486267
        },
        "tail": {
          "x": 0.6099109649658203,
          "y": -0.3824416697025299,
          "z": 0.3027982711791992
        }
      },
      "world_space": {
        "head": {
          "x": 0.544781506061554,
          "y": -0.24676533043384552,
          "z": 1.3177752494812012
        },
        "tail": {
          "x": 0.6099109649658203,
          "y": -0.3191976547241211,
          "z": 1.2526522874832153
        },
        "rotation_quaternion": {
          "w": 0.16743941605091095,
          "x": -0.831237256526947,
          "y": -0.40358105301856995,
          "z": 0.3437020480632782
        },
        "matrix": [
          [
            0.4379812479019165,
            0.5558459758758545,
            -0.7065461277961731,
            0.544781506061554
          ],
          [
            0.7860422134399414,
            -0.6181724667549133,
            0.0009382367134094238,
            -0.24676533043384552
          ],
          [
            -0.43624812364578247,
            -0.555790364742279,
            -0.7076712250709534,
            1.3177752494812012
          ],
          [
            0.0,
            0.0,
            0.0,
            1.0
          ]
        ]
      },
      "bone_length_armature_space": 0.11717203753503722,
      "parent": "lowerarm_l",
      "has_children": true,
      "is_end_bone": false
    },
    "index_01_l": {
      "name": "index_01_l",
      "local": {
        "location": {
          "x": 0.0,
          "y": 0.0,
          "z": 0.0
        },
        "rotation_quaternion": {
          "w": 0.9401162266731262,
          "x": 0.34042105078697205,
          "y": 0.017175210639834404,
          "z": -0.00022624293342232704
        },
        "scale": {
          "x": 1.0,
          "y": 1.0,
          "z": 1.0
        },
        "matrix_basis": [
          [
            0.9994099140167236,
            0.012118996120989323,
            0.03213935345411301,
            0.0
          ],
          [
            0.011268217116594315,
            0.7682269215583801,
            -0.6400784850120544,
            0.0
          ],
          [
            -0.03244742378592491,
            0.6400629281997681,
            0.7676370143890381,
            0.0
          ],
          [
            0.0,
            0.0,
            0.0,
            1.0
          ]
        ],
        "rotation_mode": "QUATERNION"
      },
      "armature_space": {
        "head": {
          "x": 0.6099109649658203,
          "y": -0.3824416697025299,
          "z": 0.3027982711791992
        },
        "tail": {
          "x": 0.6155655980110168,
          "y": -0.38932108879089355,
          "z": 0.27570992708206177
        }
      },
      "world_space": {
        "head": {
          "x": 0.6099109649658203,
          "y": -0.3191976547241211,
          "z": 1.2526522874832153
        },
        "tail": {
          "x": 0.6155655980110168,
          "y": -0.32607710361480713,
          "z": 1.2255640029907227
        },
        "rotation_quaternion": {
          "w": 0.43649807572364807,
          "x": -0.6600971221923828,
          "y": -0.4345555901527405,
          "z": 0.4300030767917633
        },
        "matrix": [
          [
            0.2525169253349304,
            0.19830766320228577,
            -0.9470528364181519,
            0.6099109649658203
          ],
          [
            0.9490893483161926,
            -0.24126146733760834,
            0.20254094898700714,
            -0.3191976547241211
          ],
          [
            -0.18832235038280487,
            -0.9499894380569458,
            -0.24913576245307922,
            1.2526522874832153
          ],
          [
            0.0,
            0.0,
            0.0,
            1.0
          ]
        ]
      },
      "bone_length_armature_space": 0.028514552226344875,
      "parent": "metacarpal_index_l",
      "has_children": true,
      "is_end_bone": false
    },
    "index_02_l": {
      "name": "index_02_l",
      "local": {
        "location": {
          "x": 0.0,
          "y": 0.0,
          "z": 0.0
        },
        "rotation_quaternion": {
          "w": 0.8978583812713623,
          "x": 0.44025886058807373,
          "y": -0.004684618674218655,
          "z": -0.000855893362313509
        },
        "scale": {
          "x": 1.0,
          "y": 1.0,
          "z": 1.0
        },
        "matrix_basis": [
          [
            0.9999546408653259,
            -0.0025879477616399527,
            -0.009165877476334572,
            0.0
          ],
          [
            -0.0056618317030370235,
            0.6123428344726562,
            -0.7905722260475159,
            0.0
          ],
          [
            0.007658618967980146,
            0.7905882596969604,
            0.6123003959655762,
            0.0
          ],
          [
            0.0,
            0.0,
            0.0,
            1.0
          ]
        ],
        "rotation_mode": "QUATERNION"
      },
      "armature_space": {
        "head": {
          "x": 0.615565299987793,
          "y": -0.38932135701179504,
          "z": 0.27570950984954834
        },
        "tail": {
          "x": 0.5999630093574524,
          "y": -0.3901485502719879,
          "z": 0.25536298751831055
        }
      },
      "world_space": {
        "head": {
          "x": 0.615565299987793,
          "y": -0.32607734203338623,
          "z": 1.2255635261535645
        },
        "tail": {
          "x": 0.5999630093574524,
          "y": -0.3269045352935791,
          "z": 1.2052170038223267
        },
        "rotation_quaternion": {
          "w": 0.6569991111755371,
          "x": -0.39481815695762634,
          "y": -0.22853998839855194,
          "z": 0.6002001762390137
        },
        "matrix": [
          [
            0.17505498230457306,
            -0.608198344707489,
            -0.7742419838905334,
            0.615565299987793
          ],
          [
            0.9691264033317566,
            -0.0322452187538147,
            0.24444785714149475,
            -0.32607734203338623
          ],
          [
            -0.17363864183425903,
            -0.7931355237960815,
            0.5837804675102234,
            1.2255635261535645
          ],
          [
            0.0,
            0.0,
            0.0,
            1.0
          ]
        ]
      },
      "bone_length_armature_space": 0.025653395301053636,
      "parent": "index_01_l",
      "has_children": true,
      "is_end_bone": false
    },
    "index_03_l": {
      "name": "index_03_l",
      "local": {
        "location": {
          "x": 0.0,
          "y": 0.0,
          "z": 0.0
        },
        "rotation_quaternion": {
          "w": 0.9249575138092041,
          "x": 0.3800293505191803,
          "y": -0.003001204691827297,
          "z": 0.004747592378407717
        },
        "scale": {
          "x": 1.0,
          "y": 1.0,
          "z": 1.0
        },
        "matrix_basis": [
          [
            0.9999368786811829,
            -0.011063734069466591,
            -0.0019435248104855418,
            0.0
          ],
          [
            0.0065015507861971855,
            0.7111102938652039,
            -0.7030504941940308,
            0.0
          ],
          [
            0.009160422720015049,
            0.7029935121536255,
            0.7111373543739319,
            0.0
          ],
          [
            0.0,
            0.0,
            0.0,
            1.0
          ]
        ],
        "rotation_mode": "QUATERNION"
      },
      "armature_space": {
        "head": {
          "x": 0.5999631285667419,
          "y": -0.3901486098766327,
          "z": 0.25536292791366577
        },
        "tail": {
          "x": 0.571872353553772,
          "y": -0.3824599087238312,
          "z": 0.25301244854927063
        }
      },
      "world_space": {
        "head": {
          "x": 0.5999631285667419,
          "y": -0.3269045948982239,
          "z": 1.205216884613037
        },
        "tail": {
          "x": 0.571872353553772,
          "y": -0.31921589374542236,
          "z": 1.2028664350509644
        },
        "rotation_quaternion": {
          "w": 0.7939432859420776,
          "x": -0.07720915228128433,
          "y": 0.035010047256946564,
          "z": 0.6020523905754089
        },
        "matrix": [
          [
            0.2726144790649414,
            -0.9613972902297974,
            -0.03737643361091614,
            0.5999631285667419
          ],
          [
            0.9505849480628967,
            0.26314324140548706,
            0.1647554188966751,
            -0.3269045948982239
          ],
          [
            -0.14856016635894775,
            -0.08044451475143433,
            0.985633134841919,
            1.205216884613037
          ],
          [
            0.0,
            0.0,
            0.0,
            1.0
          ]
        ]
      },
      "bone_length_armature_space": 0.029218701385879876,
      "parent": "index_02_l",
      "has_children": false,
      "is_end_bone": true
    },
    "metacarpal_pinky_l": {
      "name": "metacarpal_pinky_l",
      "local": {
        "location": {
          "x": 0.0,
          "y": 0.0,
          "z": 0.0
        },
        "rotation_quaternion": {
          "w": 0.9987668395042419,
          "x": 0.047056473791599274,
          "y": -0.000471645500510931,
          "z": 0.01582237146794796
        },
        "scale": {
          "x": 1.0,
          "y": 1.0,
          "z": 1.0
        },
        "matrix_basis": [
          [
            0.9994988441467285,
            -0.031650107353925705,
            0.0005469622556120157,
            0.0
          ],
          [
            0.03156133368611336,
            0.9950706958770752,
            -0.0940118134021759,
            0.0
          ],
          [
            0.0024312178138643503,
            0.09398196637630463,
            0.995570957660675,
            0.0
          ],
          [
            0.0,
            0.0,
            0.0,
            1.0
          ]
        ],
        "rotation_mode": "QUATERNION"
      },
      "armature_space": {
        "head": {
          "x": 0.544781506061554,
          "y": -0.31000933051109314,
          "z": 0.36792120337486267
        },
        "tail": {
          "x": 0.6391133069992065,
          "y": -0.32988935708999634,
          "z": 0.3285570740699768
        }
      },
      "world_space": {
        "head": {
          "x": 0.544781506061554,
          "y": -0.24676533043384552,
          "z": 1.3177752494812012
        },
        "tail": {
          "x": 0.6391133069992065,
          "y": -0.2666453719139099,
          "z": 1.2784111499786377
        },
        "rotation_quaternion": {
          "w": 0.5295887589454651,
          "x": 0.14695994555950165,
          "y": 0.3522469401359558,
          "z": -0.7575358748435974
        },
        "matrix": [
          [
            -0.3958759605884552,
            0.9058973789215088,
            0.15043936669826508,
            0.544781506061554
          ],
          [
            -0.6988346576690674,
            -0.1909140944480896,
            -0.6893348097801208,
            -0.24676533043384552
          ],
          [
            -0.5957502126693726,
            -0.37802600860595703,
            0.7086549401283264,
            1.3177752494812012
          ],
          [
            0.0,
            0.0,
            0.0,
            1.0
          ]
        ]
      },
      "bone_length_armature_space": 0.10413087171472031,
      "parent": "lowerarm_l",
      "has_children": true,
      "is_end_bone": false
    },
    "pinky_01_l": {
      "name": "pinky_01_l",
      "local": {
        "location": {
          "x": 0.0,
          "y": 0.0,
          "z": 0.0
        },
        "rotation_quaternion": {
          "w": 0.9494466781616211,
          "x": 0.3134649991989136,
          "y": -0.014974929392337799,
          "z": 0.008164629340171814
        },
        "scale": {
          "x": 1.0,
          "y": 1.0,
          "z": 1.0
        },
        "matrix_basis": [
          [
            0.9994181990623474,
            -0.024891993030905724,
            -0.023317143321037292,
            0.0
          ],
          [
            0.0061155278235673904,
            0.8033460378646851,
            -0.5954811573028564,
            0.0
          ],
          [
            0.03355444595217705,
            0.5949921011924744,
            0.8030309081077576,
            0.0
          ],
          [
            0.0,
            0.0,
            0.0,
            1.0
          ]
        ],
        "rotation_mode": "QUATERNION"
      },
      "armature_space": {
        "head": {
          "x": 0.6391133069992065,
          "y": -0.32988935708999634,
          "z": 0.3285570740699768
