{
  "metadata": {
    "armature_name": "KIM_caucasian_male",
    "export_time": "2026-01-13T19:12:18.808068",
    "blender_version": "4.4.1",
    "bone_count": 56,
    "end_bone_count": 13,
    "spaces_included": [
      "LOCAL_CHANNELS",
      "ARMATURE_SPACE",
      "WORLD_SPACE"
    ],
    "note": "LOCAL matches Transform panel; replay pose via local.matrix_basis for best fidelity."
  },
  "bones": {
    "Root": {
      "name": "Root",
      "local": {
        "location": {
          "x": 0.0,
          "y": 0.0,
          "z": 0.0
        },
        "rotation_quaternion": {
          "w": 0.99953693151474,
          "x": -0.01332699041813612,
          "y": 0.006587166339159012,
          "z": -0.026553308591246605
        },
        "scale": {
          "x": 1.0,
          "y": 1.0,
          "z": 1.0
        },
        "matrix_basis": [
          [
            0.9985030889511108,
            0.052906449884176254,
            0.013875983655452728,
            0.0
          ],
          [
            -0.05325759947299957,
            0.9982346296310425,
            0.02629181556403637,
            0.0
          ],
          [
            -0.012460480444133282,
            -0.026991460472345352,
            0.9995579719543457,
            0.0
          ],
          [
            0.0,
            0.0,
            0.0,
            1.0
          ]
        ],
        "rotation_mode": "QUATERNION"
      },
      "armature_space": {
        "head": {
          "x": 0.0,
          "y": 0.07072800397872925,
          "z": -0.009595036506652832
        },
        "tail": {
          "x": 0.0037762438878417015,
          "y": 0.0003838464617729187,
          "z": 0.0018921270966529846
        }
      },
      "world_space": {
        "head": {
          "x": 0.0,
          "y": 0.13397200405597687,
          "z": 0.9402589797973633
        },
        "tail": {
          "x": 0.0037762438878417015,
          "y": 0.06362784653902054,
          "z": 0.9517461657524109
        },
        "rotation_quaternion": {
          "w": 0.08063318580389023,
          "x": 0.996368408203125,
          "y": 0.02693675458431244,
          "z": 0.0047833602875471115
        },
        "matrix": [
          [
            0.9985030889511108,
            0.052906449884176254,
            0.013875983655452728,
            0.0
          ],
          [
            0.05444924905896187,
            -0.9855453968048096,
            -0.16042344272136688,
            0.13397200405597687
          ],
          [
            0.005188063718378544,
            0.1609390377998352,
            -0.9869577884674072,
            0.9402589797973633
          ],
          [
            0.0,
            0.0,
            0.0,
            1.0
          ]
        ]
      },
      "bone_length_armature_space": 0.0713758730992487,
      "parent": null,
      "has_children": true,
      "is_end_bone": false
    },
    "spine_01": {
      "name": "spine_01",
      "local": {
        "location": {
          "x": 0.0,
          "y": 0.0,
          "z": 0.0
        },
        "rotation_quaternion": {
          "w": 0.9978147149085999,
          "x": 0.010111585259437561,
          "y": -0.05100439861416817,
          "z": 0.040769025683403015
        },
        "scale": {
          "x": 1.0,
          "y": 1.0,
          "z": 1.0
        },
        "matrix_basis": [
          [
            0.9914728999137878,
            -0.08239133656024933,
            -0.10096140205860138,
            0.0
          ],
          [
            0.08032839745283127,
            0.9964712858200073,
            -0.024337776005268097,
            0.0
          ],
          [
            0.10261035710573196,
            0.01602017693221569,
            0.9945926070213318,
            0.0
          ],
          [
            0.0,
            0.0,
            0.0,
            1.0
          ]
        ],
        "rotation_mode": "QUATERNION"
      },
      "armature_space": {
        "head": {
          "x": 0.0037762438878417015,
          "y": 0.0003838464617729187,
          "z": 0.0018921270966529846
        },
        "tail": {
          "x": -0.04040732607245445,
          "y": 0.025958320125937462,
          "z": 0.48721909523010254
        }
      },
      "world_space": {
        "head": {
          "x": 0.0037762438878417015,
          "y": 0.06362784653902054,
          "z": 0.9517461657524109
        },
        "tail": {
          "x": -0.04040732607245445,
          "y": 0.08920232206583023,
          "z": 1.4370731115341187
        },
        "rotation_quaternion": {
          "w": 0.72379070520401,
          "x": 0.6881276965141296,
          "y": -0.04827098920941353,
          "z": 0.01665307581424713
        },
        "matrix": [
          [
            0.9947852492332458,
            -0.09053988009691238,
            -0.04695672169327736,
            0.0037762438878417015
          ],
          [
            -0.04232589155435562,
            0.05240657553076744,
            -0.9977285861968994,
            0.06362784653902054
          ],
          [
            0.09279566258192062,
            0.9945200085639954,
            0.04830052703619003,
            0.9517461657524109
          ],
          [
            0.0,
            0.0,
            0.0,
            1.0
          ]
        ]
      },
      "bone_length_armature_space": 0.4880046200946507,
      "parent": "Root",
      "has_children": true,
      "is_end_bone": false
    },
    "neck_01": {
      "name": "neck_01",
      "local": {
        "location": {
          "x": 0.0,
          "y": 0.0,
          "z": 0.0
        },
        "rotation_quaternion": {
          "w": 0.9941818118095398,
          "x": 0.06994356960058212,
          "y": 0.07262106239795685,
          "z": -0.03790288791060448
        },
        "scale": {
          "x": 1.0,
          "y": 1.0,
          "z": 1.0
        },
        "matrix_basis": [
          [
            0.9865791201591492,
            0.08552347868680954,
            0.13909494876861572,
            0.0
          ],
          [
            -0.06520596891641617,
            0.9873425364494324,
            -0.14457835257053375,
            0.0
          ],
          [
            -0.14969921112060547,
            0.1335681527853012,
            0.979668140411377,
            0.0
          ],
          [
            0.0,
            0.0,
            0.0,
            1.0
          ]
        ],
        "rotation_mode": "QUATERNION"
      },
      "armature_space": {
        "head": {
          "x": -0.04866499826312065,
          "y": -0.004806216806173325,
          "z": 0.5617114305496216
        },
        "tail": {
          "x": -0.05037381872534752,
          "y": -0.05156205967068672,
          "z": 0.6529347896575928
        }
      },
      "world_space": {
        "head": {
          "x": -0.04866499826312065,
          "y": 0.058437783271074295,
          "z": 1.5115654468536377
        },
        "tail": {
          "x": -0.05037381872534752,
          "y": 0.011681940406560898,
          "z": 1.6027888059616089
        },
        "rotation_quaternion": {
          "w": 0.5206345915794373,
          "x": 0.8507450222969055,
          "y": 0.030161118134856224,
          "z": 0.06529227644205093
        },
        "matrix": [
          [
            0.9896546006202698,
            -0.01666795276105404,
            0.14249975979328156,
            -0.04866499826312065
          ],
          [
            0.11930554360151291,
            -0.45605963468551636,
            -0.8819161653518677,
            0.058437783271074295
          ],
          [
            0.07968879491090775,
            0.8897989392280579,
            -0.4493567645549774,
            1.5115654468536377
          ],
          [
            0.0,
            0.0,
            0.0,
            1.0
          ]
        ]
      },
      "bone_length_armature_space": 0.10252185358525391,
      "parent": "spine_01",
      "has_children": true,
      "is_end_bone": false
    },
    "head": {
      "name": "head",
      "local": {
        "location": {
          "x": 0.0,
          "y": 0.0,
          "z": 0.0
        },
        "rotation_quaternion": {
          "w": 0.998665452003479,
          "x": 0.04496286064386368,
          "y": -0.0007400857866741717,
          "z": -0.02539871446788311
        },
        "scale": {
          "x": 1.0,
          "y": 1.0,
          "z": 1.0
        },
        "matrix_basis": [
          [
            0.9987087249755859,
            0.05066308379173279,
            -0.0037621939554810524,
            0.0
          ],
          [
            -0.05079618841409683,
            0.9946665167808533,
            -0.08976811915636063,
            0.0
          ],
          [
            -0.0008058014791458845,
            0.08984330296516418,
            0.9959555864334106,
            0.0
          ],
          [
            0.0,
            0.0,
            0.0,
            1.0
          ]
        ],
        "rotation_mode": "QUATERNION"
      },
      "armature_space": {
        "head": {
          "x": -0.05037379637360573,
          "y": -0.05156216397881508,
          "z": 0.6529346704483032
        },
        "tail": {
          "x": -0.051309581845998764,
          "y": -0.08083398640155792,
          "z": 0.8052356243133545
        }
      },
      "world_space": {
        "head": {
          "x": -0.05037379637360573,
          "y": 0.011681836098432541,
          "z": 1.6027886867523193
        },
        "tail": {
          "x": -0.051309581845998764,
          "y": -0.017589986324310303,
          "z": 1.7550896406173706
        },
        "rotation_quaternion": {
          "w": 0.6357684135437012,
          "x": 0.7693004608154297,
          "y": 0.037788793444633484,
          "z": 0.0504709929227829
        },
        "matrix": [
          [
            0.9920496344566345,
            -0.006033803336322308,
            0.12570445239543915,
            -0.05037379637360573
          ],
          [
            0.12231754511594772,
            -0.18874062597751617,
            -0.9743796586990356,
            0.011681836098432541
          ],
          [
            0.02960507571697235,
            0.9820152521133423,
            -0.18650412559509277,
            1.6027886867523193
          ],
          [
            0.0,
            0.0,
            0.0,
            1.0
          ]
        ]
      },
      "bone_length_armature_space": 0.1550912471048423,
      "parent": "neck_01",
      "has_children": false,
      "is_end_bone": true
    },
    "upperarm_l": {
      "name": "upperarm_l",
      "local": {
        "location": {
          "x": 0.0,
          "y": 0.0,
          "z": 0.0
        },
        "rotation_quaternion": {
          "w": 0.9293577075004578,
          "x": 0.10330520570278168,
          "y": -0.14570419490337372,
          "z": -0.3230985999107361
        },
        "scale": {
          "x": 1.0,
          "y": 1.0,
          "z": 1.0
        },
        "matrix_basis": [
          [
            0.748755156993866,
            0.5704443454742432,
            -0.3375781774520874,
            0.0
          ],
          [
            -0.6306523680686951,
            0.7698706388473511,
            -0.09786133468151093,
            0.0
          ],
          [
            0.20406709611415863,
            0.28616863489151,
            0.9361966252326965,
            0.0
          ],
          [
            0.0,
            0.0,
            0.0,
            1.0
          ]
        ],
        "rotation_mode": "QUATERNION"
      },
      "armature_space": {
        "head": {
          "x": 0.10648803412914276,
          "y": -0.017859114333987236,
          "z": 0.5089453458786011
        },
        "tail": {
          "x": 0.32234179973602295,
          "y": -0.09962567687034607,
          "z": 0.37282299995422363
        }
      },
      "world_space": {
        "head": {
          "x": 0.10648803412914276,
          "y": 0.045384883880615234,
          "z": 1.4587993621826172
        },
        "tail": {
          "x": 0.32234179973602295,
          "y": -0.03638167679309845,
          "z": 1.3226770162582397
        },
        "rotation_quaternion": {
          "w": 0.3432697355747223,
          "x": 0.30452337861061096,
          "y": 0.4791651666164398,
          "z": -0.74821937084198
        },
        "matrix": [
          [
            -0.578862726688385,
            0.8055163621902466,
            -0.12673376500606537,
            0.10648803412914276
          ],
          [
            -0.2218509465456009,
            -0.3051339089870453,
            -0.9261078834533691,
            0.045384883880615234
          ],
          [
            -0.7846713066101074,
            -0.5079770684242249,
            0.3553367555141449,
            1.4587993621826172
          ],
          [
            0.0,
            0.0,
            0.0,
            1.0
          ]
        ]
      },
      "bone_length_armature_space": 0.2679699783394356,
      "parent": "spine_01",
      "has_children": true,
      "is_end_bone": false
    },
    "lowerarm_l": {
      "name": "lowerarm_l",
      "local": {
        "location": {
          "x": 0.0,
          "y": 0.0,
          "z": 0.0
        },
        "rotation_quaternion": {
          "w": 0.9897945523262024,
          "x": 0.13814854621887207,
          "y": 0.015509836375713348,
          "z": 0.03132620081305504
        },
        "scale": {
          "x": 1.0,
          "y": 1.0,
          "z": 1.0
        },
        "matrix_basis": [
          [
            0.997556209564209,
            -0.05772768333554268,
            0.03935844078660011,
            0.0
          ],
          [
            0.06629832834005356,
            0.9598672986030579,
            -0.27250564098358154,
            0.0
          ],
          [
            -0.02204776555299759,
            0.27444908022880554,
            0.961348831653595,
            0.0
          ],
          [
            0.0,
            0.0,
            0.0,
            1.0
          ]
        ],
        "rotation_mode": "QUATERNION"
      },
      "armature_space": {
        "head": {
          "x": 0.3223419189453125,
          "y": -0.09962572157382965,
          "z": 0.3728230595588684
        },
        "tail": {
          "x": 0.531814455986023,
          "y": -0.2568039894104004,
          "z": 0.3181820511817932
        }
      },
      "world_space": {
        "head": {
          "x": 0.3223419189453125,
          "y": -0.03638172149658203,
          "z": 1.3226771354675293
        },
        "tail": {
          "x": 0.531814455986023,
          "y": -0.19355998933315277,
          "z": 1.268036127090454
        },
        "rotation_quaternion": {
          "w": 0.35550060868263245,
          "x": 0.36040419340133667,
          "y": 0.28258591890335083,
          "z": -0.8147843480110168
        },
        "matrix": [
          [
            -0.4874560832977295,
            0.7830033302307129,
            -0.38638341426849365,
            0.3223419189453125
          ],
          [
            -0.3756237328052521,
            -0.5875285267829895,
            -0.7167408466339111,
            -0.03638172149658203
          ],
          [
            -0.7882274389266968,
            -0.20424680411815643,
            0.5805124044418335,
            1.3226771354675293
          ],
          [
            0.0,
            0.0,
            0.0,
            1.0
          ]
        ]
      },
      "bone_length_armature_space": 0.2675245646486226,
      "parent": "upperarm_l",
      "has_children": true,
      "is_end_bone": false
    },
    "metacarpal_thumb_l": {
      "name": "metacarpal_thumb_l",
      "local": {
        "location": {
          "x": 0.0,
          "y": 0.0,
          "z": 0.0
        },
        "rotation_quaternion": {
          "w": 0.998155951499939,
          "x": -0.059475887566804886,
          "y": -0.0007781576132401824,
          "z": 0.012114476412534714
        },
        "scale": {
          "x": 1.0,
          "y": 1.0,
          "z": 1.0
        },
        "matrix_basis": [
          [
            0.9997052550315857,
            -0.024091709405183792,
            -0.0029944838024675846,
            0.0
          ],
          [
            0.024276835843920708,
            0.992631733417511,
            0.11871356517076492,
            0.0
          ],
          [
            0.00011240682943025604,
            -0.11875127255916595,
            0.9929240345954895,
            0.0
          ],
          [
            0.0,
            0.0,
            0.0,
            1.0
          ]
        ],
        "rotation_mode": "QUATERNION"
      },
      "armature_space": {
        "head": {
          "x": 0.531814455986023,
          "y": -0.2568039894104004,
          "z": 0.3181820511817932
        },
        "tail": {
          "x": 0.5492901802062988,
          "y": -0.302610844373703,
          "z": 0.3252470791339874
        }
      },
      "world_space": {
        "head": {
          "x": 0.531814455986023,
          "y": -0.19355998933315277,
          "z": 1.268036127090454
        },
        "tail": {
          "x": 0.5492901802062988,
          "y": -0.23936684429645538,
          "z": 1.2751010656356812
        },
        "rotation_quaternion": {
          "w": 0.12845958769321442,
          "x": 0.9249444603919983,
          "y": 0.14531661570072174,
          "z": -0.32689324021339417
        },
        "matrix": [
          [
            0.7440477013587952,
            0.3528050184249878,
            -0.5673812031745911,
            0.531814455986023
          ],
          [
            0.1848345398902893,
            -0.9247621297836304,
            -0.3326426148414612,
            -0.19355998933315277
          ],
          [
            -0.642055094242096,
            0.14263054728507996,
            -0.7532832622528076,
            1.268036127090454
          ],
          [
            0.0,
            0.0,
            0.0,
            1.0
          ]
        ]
      },
      "bone_length_armature_space": 0.04953365972203354,
      "parent": "lowerarm_l",
      "has_children": true,
      "is_end_bone": false
    },
    "thumb_01_l": {
      "name": "thumb_01_l",
      "local": {
        "location": {
          "x": 0.0,
          "y": 0.0,
          "z": 0.0
        },
        "rotation_quaternion": {
          "w": 0.965664267539978,
          "x": 0.2595973610877991,
          "y": -0.009615049697458744,
          "z": 0.0030685351230204105
        },
        "scale": {
          "x": 1.0,
          "y": 1.0,
          "z": 1.0
        },
        "matrix_basis": [
          [
            0.9997962713241577,
            -0.010918432846665382,
            -0.016976652666926384,
            0.0
          ],
          [
            0.0009342663688585162,
            0.8651995658874512,
            -0.5014268159866333,
            0.0
          ],
          [
            0.02016298659145832,
            0.501308798789978,
            0.8650335073471069,
            0.0
          ],
          [
            0.0,
            0.0,
            0.0,
            1.0
          ]
        ],
        "rotation_mode": "QUATERNION"
      },
      "armature_space": {
        "head": {
          "x": 0.5492901802062988,
          "y": -0.302610844373703,
          "z": 0.3252470791339874
        },
        "tail": {
          "x": 0.5531295537948608,
          "y": -0.3270217478275299,
          "z": 0.301837682723999
        }
      },
      "world_space": {
        "head": {
          "x": 0.5492901802062988,
          "y": -0.23936684429645538,
          "z": 1.2751010656356812
        },
        "tail": {
          "x": 0.5531295537948608,
          "y": -0.2637777328491211,
          "z": 1.2516916990280151
        },
        "rotation_quaternion": {
          "w": 0.36060234904289246,
          "x": -0.8342267870903015,
          "y": 0.10672091692686081,
          "z": -0.40328943729400635
        },
        "matrix": [
          [
            0.6519373059272766,
            0.1127939373254776,
            0.749836802482605,
            0.5492901802062988
          ],
          [
            -0.46891242265701294,
            -0.7171542048454285,
            0.5155686140060425,
            -0.23936684429645538
          ],
          [
            0.5959052443504333,
            -0.6877317428588867,
            -0.4146515727043152,
            1.2751010656356812
          ],
          [
            0.0,
            0.0,
            0.0,
            1.0
          ]
        ]
      },
      "bone_length_armature_space": 0.03403869640307967,
      "parent": "metacarpal_thumb_l",
      "has_children": true,
      "is_end_bone": false
    },
    "thumb_02_l": {
      "name": "thumb_02_l",
      "local": {
        "location": {
          "x": 0.0,
          "y": 0.0,
          "z": 0.0
        },
        "rotation_quaternion": {
          "w": 0.8986920118331909,
          "x": 0.43843144178390503,
          "y": -0.008835049346089363,
          "z": -0.007246464490890503
        },
        "scale": {
          "x": 1.0,
          "y": 1.0,
          "z": 1.0
        },
        "matrix_basis": [
          [
            0.999738872051239,
            0.005277552641928196,
            -0.022234132513403893,
            0.0
          ],
          [
            -0.020771807059645653,
            0.6154507398605347,
            -0.7879016399383545,
            0.0
          ],
          [
            0.00952582061290741,
            0.7881577014923096,
            0.6153995990753174,
            0.0
          ],
          [
            0.0,
            0.0,
            0.0,
            1.0
          ]
        ],
        "rotation_mode": "QUATERNION"
      },
      "armature_space": {
        "head": {
          "x": 0.5531294345855713,
          "y": -0.3270217478275299,
          "z": 0.301837682723999
        },
        "tail": {
          "x": 0.5882787704467773,
          "y": -0.3130030930042267,
          "z": 0.3152982294559479
        }
      },
      "world_space": {
        "head": {
          "x": 0.5531294345855713,
          "y": -0.2637777328491211,
          "z": 1.2516916990280151
        },
        "tail": {
          "x": 0.5882787704467773,
          "y": -0.24975909292697906,
          "z": 1.2651522159576416
        },
        "rotation_quaternion": {
          "w": 0.6697961688041687,
          "x": -0.14192500710487366,
          "y": -0.4752795398235321,
          "z": -0.5525756478309631
        },
        "matrix": [
          [
            -0.062463194131851196,
            0.8751357793807983,
            -0.47982877492904663,
            0.5531294345855713
          ],
          [
            -0.6053169965744019,
            0.34903156757354736,
            0.7153798341751099,
            -0.2637777328491211
          ],
          [
            0.7935348153114319,
            0.3351359963417053,
            0.5079371929168701,
            1.2516916990280151
          ],
          [
            0.0,
            0.0,
            0.0,
            1.0
          ]
        ]
      },
      "bone_length_armature_space": 0.04016447143968171,
      "parent": "thumb_01_l",
      "has_children": true,
      "is_end_bone": false
    },
    "thumb_03_l": {
      "name": "thumb_03_l",
      "local": {
        "location": {
          "x": 0.0,
          "y": 0.0,
          "z": 0.0
        },
        "rotation_quaternion": {
          "w": 0.9908077716827393,
          "x": 0.13518600165843964,
          "y": -0.004862087778747082,
          "z": 0.0010450350819155574
        },
        "scale": {
          "x": 1.0,
          "y": 1.0,
          "z": 1.0
        },
        "matrix_basis": [
          [
            0.9999505281448364,
            -0.0033854302018880844,
            -0.009352240711450577,
            0.0
          ],
          [
            0.0007562853279523551,
            0.9634473323822021,
            -0.267896831035614,
            0.0
          ],
          [
            0.009917336516082287,
            0.2678765058517456,
            0.9634022116661072,
            0.0
          ],
          [
            0.0,
            0.0,
            0.0,
            1.0
          ]
        ],
        "rotation_mode": "QUATERNION"
      },
      "armature_space": {
        "head": {
          "x": 0.5882787704467773,
          "y": -0.31300321221351624,
          "z": 0.3152982294559479
        },
        "tail": {
          "x": 0.6039971113204956,
          "y": -0.29186078906059265,
          "z": 0.3305568993091583
        }
      },
      "world_space": {
        "head": {
          "x": 0.5882787704467773,
          "y": -0.24975921213626862,
          "z": 1.2651522159576416
        },
        "tail": {
          "x": 0.6039971113204956,
          "y": -0.22861678898334503,
          "z": 1.280410885810852
        },
        "rotation_quaternion": {
          "w": 0.8050309419631958,
          "x": 0.10214070975780487,
          "y": -0.4462623596191406,
          "z": -0.37728315591812134
        },
        "matrix": [
          [
            0.31701356172561646,
            0.5162882804870605,
            -0.7955807447433472,
            0.5882787704467773
          ],
          [
            -0.6986123919487,
            0.694448709487915,
            0.1722841113805771,
            -0.24975921213626862
          ],
          [
            0.641442060470581,
            0.5011903643608093,
            0.5808393955230713,
            1.2651522159576416
          ],
          [
            0.0,
            0.0,
            0.0,
            1.0
          ]
        ]
      },
      "bone_length_armature_space": 0.030444955245925394,
      "parent": "thumb_02_l",
      "has_children": false,
      "is_end_bone": true
    },
    "metacarpal_index_l": {
      "name": "metacarpal_index_l",
      "local": {
        "location": {
          "x": 0.0,
          "y": 0.0,
          "z": 0.0
        },
        "rotation_quaternion": {
          "w": 0.9994893670082092,
          "x": 0.02596406452357769,
          "y": 0.01410677284002304,
          "z": 0.012162668630480766
        },
        "scale": {
          "x": 1.0,
          "y": 1.0,
          "z": 1.0
        },
        "matrix_basis": [
          [
            0.9993061423301697,
            -0.02358037792146206,
            0.028830723837018013,
            0.0
          ],
          [
            0.025045454502105713,
            0.9983558654785156,
            -0.05155846104025841,
            0.0
          ],
          [
            -0.027567554265260696,
            0.05224476382136345,
            0.9982537031173706,
            0.0
          ],
          [
            0.0,
            0.0,
            0.0,
            1.0
          ]
        ],
        "rotation_mode": "QUATERNION"
      },
      "armature_space": {
        "head": {
          "x": 0.531814455986023,
          "y": -0.2568039894104004,
          "z": 0.3181820511817932
        },
        "tail": {
          "x": 0.5969751477241516,
          "y": -0.3540186882019043,
          "z": 0.3124721646308899
        }
      },
      "world_space": {
        "head": {
          "x": 0.531814455986023,
          "y": -0.19355998933315277,
          "z": 1.268036127090454
        },
        "tail": {
          "x": 0.5969751477241516,
          "y": -0.29077470302581787,
          "z": 1.2623262405395508
        },
        "rotation_quaternion": {
          "w": 0.1529245376586914,
          "x": 0.7677649855613708,
          "y": 0.2485463172197342,
          "z": -0.5704172849655151
        },
        "matrix": [
          [
            0.22569724917411804,
            0.5561127662658691,
            -0.7998744249343872,
            0.531814455986023
          ],
          [
            0.20718879997730255,
            -0.8296771049499512,
            -0.51837158203125,
            -0.19355998933315277
          ],
          [
            -0.9519169926643372,
            -0.04873102158308029,
            -0.3024786412715912,
            1.268036127090454
          ],
          [
            0.0,
            0.0,
            0.0,
            1.0
          ]
        ]
      },
      "bone_length_armature_space": 0.11717173746949308,
      "parent": "lowerarm_l",
      "has_children": true,
      "is_end_bone": false
    },
    "index_01_l": {
      "name": "index_01_l",
      "local": {
        "location": {
          "x": 0.0,
          "y": 0.0,
          "z": 0.0
        },
        "rotation_quaternion": {
          "w": 0.946569561958313,
          "x": 0.32184821367263794,
          "y": 0.010950744152069092,
          "z": 0.017314517870545387
        },
        "scale": {
          "x": 1.0,
          "y": 1.0,
          "z": 1.0
        },
        "matrix_basis": [
          [
            0.9991605877876282,
            -0.025729836896061897,
            0.0318765752017498,
            0.0
          ],
          [
            0.03982774540781975,
            0.7922278642654419,
            -0.6089242100715637,
            0.0
          ],
          [
            -0.009585988707840443,
            0.6096826791763306,
            0.7925876379013062,
            0.0
          ],
          [
            0.0,
            0.0,
            0.0,
            1.0
          ]
        ],
        "rotation_mode": "QUATERNION"
      },
      "armature_space": {
        "head": {
          "x": 0.5969751477241516,
          "y": -0.3540186882019043,
          "z": 0.3124721646308899
        },
        "tail": {
          "x": 0.6004025340080261,
          "y": -0.3791043758392334,
          "z": 0.29935601353645325
        }
      },
      "world_space": {
        "head": {
          "x": 0.5969751477241516,
          "y": -0.29077470302581787,
          "z": 1.2623262405395508
        },
        "tail": {
          "x": 0.6004025340080261,
          "y": -0.315860390663147,
          "z": 1.249210000038147
        },
        "rotation_quaternion": {
          "w": 0.1334206908941269,
          "x": -0.7160266041755676,
          "y": -0.20572017133235931,
          "z": 0.6535931825637817
        },
        "matrix": [
          [
            0.060990847647190094,
            0.12019938230514526,
            -0.9908743500709534,
            0.5969751477241516
          ],
          [
            0.4690079987049103,
            -0.8797563314437866,
            -0.07785153388977051,
            -0.29077470302581787
          ],
          [
            -0.8810913562774658,
            -0.4599836766719818,
            -0.11003232002258301,
            1.2623262405395508
          ],
          [
            0.0,
            0.0,
            0.0,
            1.0
          ]
        ]
      },
      "bone_length_armature_space": 0.028514420145495323,
      "parent": "metacarpal_index_l",
      "has_children": true,
      "is_end_bone": false
    },
    "index_02_l": {
      "name": "index_02_l",
      "local": {
        "location": {
          "x": 0.0,
          "y": 0.0,
          "z": 0.0
        },
        "rotation_quaternion": {
          "w": 0.8874022960662842,
          "x": 0.4609631597995758,
          "y": 0.0010328530333936214,
          "z": 0.005396534688770771
        },
        "scale": {
          "x": 1.0,
          "y": 1.0,
          "z": 1.0
        },
        "matrix_basis": [
          [
            0.9999396204948425,
            -0.008625579997897148,
            0.006808319594711065,
            0.0
          ],
          [
            0.010530008934438229,
            0.5749676823616028,
            -0.8181083798408508,
            0.0
          ],
          [
            0.003142095170915127,
            0.8181306719779968,
            0.5750237703323364,
            0.0
          ],
          [
            0.0,
            0.0,
            0.0,
            1.0
          ]
        ],
        "rotation_mode": "QUATERNION"
      },
      "armature_space": {
        "head": {
          "x": 0.600402295589447,
          "y": -0.3791048526763916,
          "z": 0.29935601353645325
        },
        "tail": {
          "x": 0.5819787383079529,
          "y": -0.39486244320869446,
          "z": 0.29096776247024536
        }
      },
      "world_space": {
        "head": {
          "x": 0.600402295589447,
          "y": -0.3158608675003052,
          "z": 1.249210000038147
        },
        "tail": {
          "x": 0.5819787383079529,
          "y": -0.33161842823028564,
          "z": 1.2408218383789062
        },
        "rotation_quaternion": {
          "w": 0.42594271898269653,
          "x": -0.5602372884750366,
          "y": 0.10698339343070984,
          "z": 0.7023258209228516
        },
        "matrix": [
          [
            -0.009412290528416634,
            -0.7181753516197205,
            -0.695798397064209,
            0.600402295589447
          ],
          [
            0.47842881083488464,
            -0.6142526268959045,
            0.6275349855422974,
            -0.3158608675003052
          ],
          [
            -0.8780816793441772,
            -0.3269861936569214,
            0.3493802547454834,
            1.249210000038147
          ],
          [
            0.0,
            0.0,
            0.0,
            1.0
          ]
        ]
      },
      "bone_length_armature_space": 0.025653301644633402,
      "parent": "index_01_l",
      "has_children": true,
      "is_end_bone": false
    },
    "index_03_l": {
      "name": "index_03_l",
      "local": {
        "location": {
          "x": 0.0,
          "y": 0.0,
          "z": 0.0
        },
        "rotation_quaternion": {
          "w": 0.9145886898040771,
          "x": 0.4043850302696228,
          "y": -0.0005922252312302589,
          "z": -0.00019899499602615833
        },
        "scale": {
          "x": 1.0,
          "y": 1.0,
          "z": 1.0
        },
        "matrix_basis": [
          [
            0.9999992251396179,
            -0.00011497689411044121,
            -0.001244226237758994,
            0.0
          ],
          [
            -0.0008429712033830583,
            0.6729454398155212,
            -0.7396917343139648,
            0.0
          ],
          [
            0.0009223438100889325,
            0.739692211151123,
            0.6729447841644287,
            0.0
          ],
          [
            0.0,
            0.0,
            0.0,
            1.0
          ]
        ],
        "rotation_mode": "QUATERNION"
      },
      "armature_space": {
        "head": {
          "x": 0.5819788575172424,
          "y": -0.3948625326156616,
          "z": 0.2909677028656006
        },
        "tail": {
          "x": 0.5532622337341309,
          "y": -0.3894875943660736,
          "z": 0.2905248701572418
        }
      },
      "world_space": {
        "head": {
          "x": 0.5819788575172424,
          "y": -0.3316185474395752,
          "z": 1.2408217191696167
        },
        "tail": {
          "x": 0.5532622337341309,
          "y": -0.3262435793876648,
          "z": 1.2403788566589355
        },
        "rotation_quaternion": {
          "w": 0.6669437289237976,
          "x": -0.32698556780815125,
          "y": 0.3836212158203125,
          "z": 0.5487269759178162
        },
        "matrix": [
          [
            0.10346552729606628,
            -0.9828176498413086,
            0.15285354852676392,
            0.5819788575172424
          ],
          [
            0.48106294870376587,
            0.18395540118217468,
            0.8571694493293762,
            -0.3316185474395752
          ],
          [
            -0.8705649375915527,
            -0.015155300498008728,
            0.4918343424797058,
            1.2408217191696167
          ],
          [
            0.0,
            0.0,
            0.0,
            1.0
          ]
        ]
      },
      "bone_length_armature_space": 0.02921866740474699,
      "parent": "index_02_l",
      "has_children": false,
      "is_end_bone": true
    },
    "metacarpal_pinky_l": {
      "name": "metacarpal_pinky_l",
      "local": {
        "location": {
          "x": 0.0,
          "y": 0.0,
          "z": 0.0
        },
        "rotation_quaternion": {
          "w": 0.9989821910858154,
          "x": -0.0444641150534153,
          "y": 0.0012861760333180428,
          "z": 0.007472191471606493
        },
        "scale": {
          "x": 1.0,
          "y": 1.0,
          "z": 1.0
        },
        "matrix_basis": [
          [
            0.9998850226402283,
            -0.015043550170958042,
            0.0019052451243624091,
            0.0
          ],
          [
            0.01481479499489069,
            0.9959341883659363,
            0.08885694295167923,
            0.0
          ],
          [
            -0.003234222764149308,
            -0.0888184979557991,
            0.9960425496101379,
            0.0
          ],
          [
            0.0,
            0.0,
            0.0,
            1.0
          ]
        ],
        "rotation_mode": "QUATERNION"
      },
      "armature_space": {
        "head": {
          "x": 0.531814455986023,
          "y": -0.2568039894104004,
          "z": 0.3181820511817932
        },
        "tail": {
          "x": 0.6174241304397583,
          "y": -0.2922258973121643,
          "z": 0.27064770460128784
        }
      },
      "world_space": {
        "head": {
          "x": 0.531814455986023,
          "y": -0.19355998933315277,
          "z": 1.268036127090454
        },
        "tail": {
          "x": 0.6174241304397583,
          "y": -0.2289818972349167,
          "z": 1.2205016613006592
        },
        "rotation_quaternion": {
          "w": 0.5626718401908875,
          "x": -0.2454865723848343,
          "y": 0.11539594829082489,
          "z": -0.7809100151062012
        },
        "matrix": [
          [
            -0.2462717443704605,
            0.8221365213394165,
            0.5132654905319214,
            0.531814455986023
          ],
          [
            -0.9354487657546997,
            -0.34016770124435425,
            0.09603165090084076,
            -0.19355998933315277
          ],
          [
            0.2535485327243805,
            -0.4564870595932007,
            0.8528461456298828,
            1.268036127090454
          ],
          [
            0.0,
            0.0,
            0.0,
            1.0
          ]
        ]
      },
      "bone_length_armature_space": 0.10413088904327339,
      "parent": "lowerarm_l",
      "has_children": true,
      "is_end_bone": false
    },
    "pinky_01_l": {
      "name": "pinky_01_l",
      "local": {
        "location": {
          "x": 0.0,
          "y": 0.0,
          "z": 0.0
        },
        "rotation_quaternion": {
          "w": 0.9368965029716492,
          "x": 0.3492879867553711,
          "y": -0.0045158751308918,
          "z": 0.0142318494617939
        },
        "scale": {
          "x": 1.0,
          "y": 1.0,
          "z": 1.0
        },
        "matrix_basis": [
          [
            0.9995540976524353,
            -0.029822221025824547,
            0.001480212900787592,
            0.0
          ],
          [
            0.023512858897447586,
            0.7555907368659973,
            -0.6546218991279602,
            0.0
          ],
          [
            0.01840384304523468,
            0.654364824295044,
            0.7559550404548645,
            0.0
          ],
          [
            0.0,
            0.0,
            0.0,
            1.0
          ]
        ],
        "rotation_mode": "QUATERNION"
      },
      "armature_space": {
        "head": {
          "x": 0.6174241304397583,
          "y": -0.2922258973121643,
          "z": 0.27064770460128784
        },
        "tail": {
          "x": 0.6200900077819824,
