{
  "metadata": {
    "armature_name": "KIM_caucasian_male",
    "export_time": "2026-01-13T20:59:27.013609",
    "blender_version": "4.4.1",
    "bone_count": 56,
    "end_bone_count": 13,
    "spaces_included": [
      "LOCAL_CHANNELS",
      "ARMATURE_SPACE",
      "WORLD_SPACE"
    ],
    "note": "LOCAL matches Transform panel; replay pose via local.matrix_basis for best fidelity."
  },
  "bones": {
    "Root": {
      "name": "Root",
      "local": {
        "location": {
          "x": 0.0,
          "y": 0.0,
          "z": 0.0
        },
        "rotation_quaternion": {
          "w": 0.9998855590820312,
          "x": -0.013156751170754433,
          "y": -0.0035523122642189264,
          "z": 0.0065727331675589085
        },
        "scale": {
          "x": 1.0,
          "y": 1.0,
          "z": 1.0
        },
        "matrix_basis": [
          [
            0.9998883605003357,
            -0.013050488196313381,
            -0.007276763208210468,
            0.0
          ],
          [
            0.01323743537068367,
            0.9995673894882202,
            0.02626379393041134,
            0.0
          ],
          [
            0.006930859759449959,
            -0.02635718695819378,
            0.9996285438537598,
            0.0
          ],
          [
            0.0,
            0.0,
            0.0,
            1.0
          ]
        ],
        "rotation_mode": "QUATERNION"
      },
      "armature_space": {
        "head": {
          "x": 0.0,
          "y": 0.07072800397872925,
          "z": -0.009595036506652832
        },
        "tail": {
          "x": -0.0009314899216406047,
          "y": 0.00028349459171295166,
          "z": 0.0018600523471832275
        }
      },
      "world_space": {
        "head": {
          "x": 0.0,
          "y": 0.13397200405597687,
          "z": 0.9402589797973633
        },
        "tail": {
          "x": -0.0009314899216406047,
          "y": 0.06352749466896057,
          "z": 0.951714038848877
        },
        "rotation_quaternion": {
          "w": 0.08048680424690247,
          "x": 0.996727705001831,
          "y": -0.0067971134558320045,
          "z": -0.0031014506239444017
        },
        "matrix": [
          [
            0.9998883605003357,
            -0.013050488196313381,
            -0.007276763208210468,
            0.0
          ],
          [
            -0.014048995450139046,
            -0.9869512915611267,
            -0.16040515899658203,
            0.13397200405597687
          ],
          [
            -0.005088494159281254,
            0.16048966348171234,
            -0.9870315194129944,
            0.9402589797973633
          ],
          [
            0.0,
            0.0,
            0.0,
            1.0
          ]
        ]
      },
      "bone_length_armature_space": 0.07137587596667037,
      "parent": null,
      "has_children": true,
      "is_end_bone": false
    },
    "spine_01": {
      "name": "spine_01",
      "local": {
        "location": {
          "x": 0.0,
          "y": 0.0,
          "z": 0.0
        },
        "rotation_quaternion": {
          "w": 0.9997929334640503,
          "x": 0.0015749861486256123,
          "y": 0.01740231364965439,
          "z": -0.01043326873332262
        },
        "scale": {
          "x": 1.0,
          "y": 1.0,
          "z": 1.0
        },
        "matrix_basis": [
          [
            0.9991766214370728,
            0.020917033776640892,
            0.03476455435156822,
            0.0
          ],
          [
            -0.020807400345802307,
            0.9997773170471191,
            -0.0035124460700899363,
            0.0
          ],
          [
            -0.034830283373594284,
            0.00278619397431612,
            0.9993893504142761,
            0.0
          ],
          [
            0.0,
            0.0,
            0.0,
            1.0
          ]
        ],
        "rotation_mode": "QUATERNION"
      },
      "armature_space": {
        "head": {
          "x": -0.0009314899216406047,
          "y": 0.00028349459171295166,
          "z": 0.0018600523471832275
        },
        "tail": {
          "x": 0.012232758104801178,
          "y": 0.0343819260597229,
          "z": 0.4884939193725586
        }
      },
      "world_space": {
        "head": {
          "x": -0.0009314899216406047,
          "y": 0.06352749466896057,
          "z": 0.951714038848877
        },
        "tail": {
          "x": 0.012232758104801178,
          "y": 0.09762592613697052,
          "z": 1.4383479356765747
        },
        "rotation_quaternion": {
          "w": 0.7311978936195374,
          "x": 0.6819503307342529,
          "y": 0.016920022666454315,
          "z": -0.0026659134309738874
        },
        "matrix": [
          [
            0.999413251876831,
            0.026975851505994797,
            0.021107550710439682,
            -0.0009314899216406047
          ],
          [
            0.019178424030542374,
            0.06987366080284119,
            -0.9973715543746948,
            0.06352749466896057
          ],
          [
            -0.02837998978793621,
            0.9971980452537537,
            0.0693148747086525,
            0.951714038848877
          ],
          [
            0.0,
            0.0,
            0.0,
            1.0
          ]
        ]
      },
      "bone_length_armature_space": 0.4880046285782176,
      "parent": "Root",
      "has_children": true,
      "is_end_bone": false
    },
    "neck_01": {
      "name": "neck_01",
      "local": {
        "location": {
          "x": 0.0,
          "y": 0.0,
          "z": 0.0
        },
        "rotation_quaternion": {
          "w": 0.9991012811660767,
          "x": -0.01861189305782318,
          "y": 0.03277977555990219,
          "z": -0.019381172955036163
        },
        "scale": {
          "x": 1.0,
          "y": 1.0,
          "z": 1.0
        },
        "matrix_basis": [
          [
            0.9970996975898743,
            0.0375073216855526,
            0.06622207164764404,
            0.0
          ],
          [
            -0.03994769603013992,
            0.9985559582710266,
            0.035919710993766785,
            0.0
          ],
          [
            -0.06477919220924377,
            -0.038460955023765564,
            0.9971581697463989,
            0.0
          ],
          [
            0.0,
            0.0,
            0.0,
            1.0
          ]
        ],
        "rotation_mode": "QUATERNION"
      },
      "armature_space": {
        "head": {
          "x": 0.014939908869564533,
          "y": 0.0049086809158325195,
          "z": 0.5639111399650574
        },
        "tail": {
          "x": 0.022128770127892494,
          "y": -0.023453867062926292,
          "z": 0.6621691584587097
        }
      },
      "world_space": {
        "head": {
          "x": 0.014939908869564533,
          "y": 0.06815268099308014,
          "z": 1.5137650966644287
        },
        "tail": {
          "x": 0.022128770127892494,
          "y": 0.03979013115167618,
          "z": 1.612023115158081
        },
        "rotation_quaternion": {
          "w": 0.5992631912231445,
          "x": 0.7989028096199036,
          "y": 0.050579994916915894,
          "z": 0.00892465841025114
        },
        "matrix": [
          [
            0.9947240352630615,
            0.07012064009904861,
            0.0748816654086113,
            0.014939908869564533
          ],
          [
            0.09151377528905869,
            -0.27665019035339355,
            -0.9566035270690918,
            0.06815268099308014
          ],
          [
            -0.04636185243725777,
            0.9584153294563293,
            -0.2816103994846344,
            1.5137650966644287
          ],
          [
            0.0,
            0.0,
            0.0,
            1.0
          ]
        ]
      },
      "bone_length_armature_space": 0.10252195963185433,
      "parent": "spine_01",
      "has_children": true,
      "is_end_bone": false
    },
    "head": {
      "name": "head",
      "local": {
        "location": {
          "x": 0.0,
          "y": 0.0,
          "z": 0.0
        },
        "rotation_quaternion": {
          "w": 0.9731078147888184,
          "x": -0.13976925611495972,
          "y": -0.06476328521966934,
          "z": -0.17126499116420746
        },
        "scale": {
          "x": 1.0,
          "y": 1.0,
          "z": 1.0
        },
        "matrix_basis": [
          [
            0.9329480528831482,
            0.35142242908477783,
            -0.07816815376281738,
            0.0
          ],
          [
            -0.31521478295326233,
            0.902265727519989,
            0.2942044734954834,
            0.0
          ],
          [
            0.1739184856414795,
            -0.2498377412557602,
            0.9525405168533325,
            0.0
          ],
          [
            0.0,
            0.0,
            0.0,
            1.0
          ]
        ],
        "rotation_mode": "QUATERNION"
      },
      "armature_space": {
        "head": {
          "x": 0.02212877757847309,
          "y": -0.02345399558544159,
          "z": 0.6621690392494202
        },
        "tail": {
          "x": 0.07806173712015152,
          "y": 0.0321066789329052,
          "z": 0.7957271337509155
        }
      },
      "world_space": {
        "head": {
          "x": 0.02212877757847309,
          "y": 0.03979000449180603,
          "z": 1.612023115158081
        },
        "tail": {
          "x": 0.07806173712015152,
          "y": 0.09535068273544312,
          "z": 1.7455811500549316
        },
        "rotation_quaternion": {
          "w": 0.8165742754936218,
          "x": 0.5472095608711243,
          "y": 0.11104021966457367,
          "z": -0.146418496966362
        },
        "matrix": [
          [
            0.9324634671211243,
            0.36064788699150085,
            0.021100394427776337,
            0.02212877757847309
          ],
          [
            -0.11760052293539047,
            0.35824745893478394,
            -0.9261907935142517,
            0.03979000449180603
          ],
          [
            -0.3415903151035309,
            0.8611637353897095,
            0.37646669149398804,
            1.612023115158081
          ],
          [
            0.0,
            0.0,
            0.0,
            1.0
          ]
        ]
      },
      "bone_length_armature_space": 0.1550911006735798,
      "parent": "neck_01",
      "has_children": false,
      "is_end_bone": true
    },
    "upperarm_l": {
      "name": "upperarm_l",
      "local": {
        "location": {
          "x": 0.0,
          "y": 0.0,
          "z": 0.0
        },
        "rotation_quaternion": {
          "w": 0.9414141774177551,
          "x": 0.32681602239608765,
          "y": 0.02451685257256031,
          "z": -0.07955947518348694
        },
        "scale": {
          "x": 1.0,
          "y": 1.0,
          "z": 1.0
        },
        "matrix_basis": [
          [
            0.9861384034156799,
            0.165821835398674,
            -0.0058415974490344524,
            0.0
          ],
          [
            -0.1337718367576599,
            0.7737231254577637,
            -0.6192395687103271,
            0.0
          ],
          [
            -0.0981636494398117,
            0.6114373803138733,
            0.7851804494857788,
            0.0
          ],
          [
            0.0,
            0.0,
            0.0,
            1.0
          ]
        ],
        "rotation_mode": "QUATERNION"
      },
      "armature_space": {
        "head": {
          "x": 0.16310623288154602,
          "y": -9.13478434085846e-05,
          "z": 0.4928557276725769
        },
        "tail": {
          "x": 0.37724611163139343,
          "y": -0.15380986034870148,
          "z": 0.44466447830200195
        }
      },
      "world_space": {
        "head": {
          "x": 0.16310623288154602,
          "y": 0.06315265595912933,
          "z": 1.4427096843719482
        },
        "tail": {
          "x": 0.37724611163139343,
          "y": -0.09056586027145386,
          "z": 1.394518494606018
        },
        "rotation_quaternion": {
          "w": 0.27850762009620667,
          "x": 0.5727466940879822,
          "y": 0.3682568371295929,
          "z": -0.6773342490196228
        },
        "matrix": [
          [
            -0.18878990411758423,
            0.7991205453872681,
            -0.5707581043243408,
            0.16310623288154602
          ],
          [
            0.04454902186989784,
            -0.5736420154571533,
            -0.817893922328949,
            0.06315265595912933
          ],
          [
            -0.981013298034668,
            -0.179838627576828,
            0.07269757241010666,
            1.4427096843719482
          ],
          [
            0.0,
            0.0,
            0.0,
            1.0
          ]
        ]
      },
      "bone_length_armature_space": 0.2679695243553173,
      "parent": "spine_01",
      "has_children": true,
      "is_end_bone": false
    },
    "lowerarm_l": {
      "name": "lowerarm_l",
      "local": {
        "location": {
          "x": 0.0,
          "y": 0.0,
          "z": 0.0
        },
        "rotation_quaternion": {
          "w": 0.9118539690971375,
          "x": 0.34710535407066345,
          "y": 0.18644344806671143,
          "z": -0.11523528397083282
        },
        "scale": {
          "x": 1.0,
          "y": 1.0,
          "z": 1.0
        },
        "matrix_basis": [
          [
            0.9039193391799927,
            0.3395865261554718,
            0.26002082228660583,
            0.0
          ],
          [
            -0.08072446286678314,
            0.7324774265289307,
            -0.675988495349884,
            0.0
          ],
          [
            -0.42001596093177795,
            0.5900490880012512,
            0.6895134449005127,
            0.0
          ],
          [
            0.0,
            0.0,
            0.0,
            1.0
          ]
        ],
        "rotation_mode": "QUATERNION"
      },
      "armature_space": {
        "head": {
          "x": 0.3772462010383606,
          "y": -0.15380996465682983,
          "z": 0.4446645677089691
        },
        "tail": {
          "x": 0.40144214034080505,
          "y": -0.4104127883911133,
          "z": 0.3729776442050934
        }
      },
      "world_space": {
        "head": {
          "x": 0.3772462010383606,
          "y": -0.09056596457958221,
          "z": 1.3945186138153076
        },
        "tail": {
          "x": 0.40144214034080505,
          "y": -0.34716880321502686,
          "z": 1.322831630706787
        },
        "rotation_quaternion": {
          "w": 0.0644020363688469,
          "x": -0.7052472233772278,
          "y": -0.12753364443778992,
          "z": 0.6944162845611572
        },
        "matrix": [
          [
            0.0030428171157836914,
            0.09044384956359863,
            -0.9958969354629517,
            0.3772462010383606
          ],
          [
            0.2693289518356323,
            -0.9591751098632812,
            -0.08628624677658081,
            -0.09056596457958221
          ],
          [
            -0.9630498886108398,
            -0.2679639458656311,
            -0.027277961373329163,
            1.3945186138153076
          ],
          [
            0.0,
            0.0,
            0.0,
            1.0
          ]
        ]
      },
      "bone_length_armature_space": 0.2675247115142399,
      "parent": "upperarm_l",
      "has_children": true,
      "is_end_bone": false
    },
    "metacarpal_thumb_l": {
      "name": "metacarpal_thumb_l",
      "local": {
        "location": {
          "x": 0.0,
          "y": 0.0,
          "z": 0.0
        },
        "rotation_quaternion": {
          "w": 0.9999759793281555,
          "x": -0.0004198634997010231,
          "y": 0.0005127456970512867,
          "z": -0.006902802735567093
        },
        "scale": {
          "x": 1.0,
          "y": 1.0,
          "z": 1.0
        },
        "matrix_basis": [
          [
            0.9999041557312012,
            0.01380484364926815,
            0.0010312632657587528,
            0.0
          ],
          [
            -0.013805704191327095,
            0.9999043345451355,
            0.0008326280512847006,
            0.0
          ],
          [
            -0.0010196702787652612,
            -0.0008467856096103787,
            0.9999991059303284,
            0.0
          ],
          [
            0.0,
            0.0,
            0.0,
            1.0
          ]
        ],
        "rotation_mode": "QUATERNION"
      },
      "armature_space": {
        "head": {
          "x": 0.40144214034080505,
          "y": -0.4104127883911133,
          "z": 0.3729776442050934
        },
        "tail": {
          "x": 0.37658172845840454,
          "y": -0.4482717514038086,
          "z": 0.3529214560985565
        }
      },
      "world_space": {
        "head": {
          "x": 0.40144214034080505,
          "y": -0.34716880321502686,
          "z": 1.322831630706787
        },
        "tail": {
          "x": 0.37658172845840454,
          "y": -0.38502776622772217,
          "z": 1.302775502204895
        },
        "rotation_quaternion": {
          "w": 0.2272329479455948,
          "x": -0.9382985234260559,
          "y": 0.2573156952857971,
          "z": 0.041831713169813156
        },
        "matrix": [
          [
            0.8640773892402649,
            -0.5018889904022217,
            0.038440898060798645,
            0.40144214034080505
          ],
          [
            -0.46386730670928955,
            -0.7643076777458191,
            0.4479519724845886,
            -0.34716880321502686
          ],
          [
            -0.1954432725906372,
            -0.4048999845981598,
            -0.8932366371154785,
            1.322831630706787
          ],
          [
            0.0,
            0.0,
            0.0,
            1.0
          ]
        ]
      },
      "bone_length_armature_space": 0.04953374513800579,
      "parent": "lowerarm_l",
      "has_children": true,
      "is_end_bone": false
    },
    "thumb_01_l": {
      "name": "thumb_01_l",
      "local": {
        "location": {
          "x": 0.0,
          "y": 0.0,
          "z": 0.0
        },
        "rotation_quaternion": {
          "w": 0.9985486268997192,
          "x": -0.0493987500667572,
          "y": -0.014715590514242649,
          "z": -0.015619759447872639
        },
        "scale": {
          "x": 1.0,
          "y": 1.0,
          "z": 1.0
        },
        "matrix_basis": [
          [
            0.9990789294242859,
            0.03264804184436798,
            -0.027845272794365883,
            0.0
          ],
          [
            -0.029740314930677414,
            0.9946315884590149,
            0.0991138145327568,
            0.0
          ],
          [
            0.030931659042835236,
            -0.09819439798593521,
            0.9946864247322083,
            0.0
          ],
          [
            0.0,
            0.0,
            0.0,
            1.0
          ]
        ],
        "rotation_mode": "QUATERNION"
      },
      "armature_space": {
        "head": {
          "x": 0.37658172845840454,
          "y": -0.4482717514038086,
          "z": 0.3529214560985565
        },
        "tail": {
          "x": 0.3596016466617584,
          "y": -0.4515514075756073,
          "z": 0.32360324263572693
        }
      },
      "world_space": {
        "head": {
          "x": 0.37658172845840454,
          "y": -0.38502776622772217,
          "z": 1.302775502204895
        },
        "tail": {
          "x": 0.3596016466617584,
          "y": -0.3883073925971985,
          "z": 1.2734572887420654
        },
        "rotation_quaternion": {
          "w": 0.18387870490550995,
          "x": -0.5321781039237976,
          "y": 0.646540105342865,
          "z": -0.5147435665130615
        },
        "matrix": [
          [
            -0.3659467399120331,
            -0.4988478422164917,
            0.7856422662734985,
            0.37658172845840454
          ],
          [
            -0.8774511218070984,
            -0.09635116904973984,
            -0.46988943219184875,
            -0.38502776622772217
          ],
          [
            0.31010228395462036,
            -0.8613231778144836,
            -0.40245842933654785,
            1.302775502204895
          ],
          [
            0.0,
            0.0,
            0.0,
            1.0
          ]
        ]
      },
      "bone_length_armature_space": 0.03403875694926325,
      "parent": "metacarpal_thumb_l",
      "has_children": true,
      "is_end_bone": false
    },
    "thumb_02_l": {
      "name": "thumb_02_l",
      "local": {
        "location": {
          "x": 0.0,
          "y": 0.0,
          "z": 0.0
        },
        "rotation_quaternion": {
          "w": 0.998436450958252,
          "x": 0.05551905557513237,
          "y": 0.004387839697301388,
          "z": -0.004813916049897671
        },
        "scale": {
          "x": 1.0,
          "y": 1.0,
          "z": 1.0
        },
        "matrix_basis": [
          [
            0.9999151229858398,
            0.010099995881319046,
            0.008227430284023285,
            0.0
          ],
          [
            -0.009125561453402042,
            0.9937888979911804,
            -0.11090674251317978,
            0.0
          ],
          [
            -0.009296486154198647,
            0.11082225292921066,
            0.9937967658042908,
            0.0
          ],
          [
            0.0,
            0.0,
            0.0,
            1.0
          ]
        ],
        "rotation_mode": "QUATERNION"
      },
      "armature_space": {
        "head": {
          "x": 0.3596016466617584,
          "y": -0.4515513479709625,
          "z": 0.3236032724380493
        },
        "tail": {
          "x": 0.3621690273284912,
          "y": -0.4885118007659912,
          "z": 0.30809465050697327
        }
      },
      "world_space": {
        "head": {
          "x": 0.3596016466617584,
          "y": -0.3883073329925537,
          "z": 1.2734572887420654
        },
        "tail": {
          "x": 0.3621690273284912,
          "y": -0.4252678155899048,
          "z": 1.257948637008667
        },
        "rotation_quaternion": {
          "w": 0.0980721190571785,
          "x": -0.3353031277656555,
          "y": 0.1739756017923355,
          "z": -0.9206988215446472
        },
        "matrix": [
          [
            -0.755907416343689,
            0.0639214739203453,
            0.6515504121780396,
            0.3596016466617584
          ],
          [
            -0.29725879430770874,
            -0.9202290177345276,
            -0.25458934903144836,
            -0.3883073329925537
          ],
          [
            0.5833057761192322,
            -0.3861285448074341,
            0.7146138548851013,
            1.2734572887420654
          ],
          [
            0.0,
            0.0,
            0.0,
            1.0
          ]
        ]
      },
      "bone_length_armature_space": 0.04016446103464326,
      "parent": "thumb_01_l",
      "has_children": true,
      "is_end_bone": false
    },
    "thumb_03_l": {
      "name": "thumb_03_l",
      "local": {
        "location": {
          "x": 0.0,
          "y": 0.0,
          "z": 0.0
        },
        "rotation_quaternion": {
          "w": 0.997054934501648,
          "x": 0.07629858702421188,
          "y": -0.004347792826592922,
          "z": 0.006414005067199469
        },
        "scale": {
          "x": 1.0,
          "y": 1.0,
          "z": 1.0
        },
        "matrix_basis": [
          [
            0.9998798966407776,
            -0.013453691266477108,
            -0.007691217586398125,
            0.0
          ],
          [
            0.012126769870519638,
            0.9882747530937195,
            -0.1522035449743271,
            0.0
          ],
          [
            0.009648735634982586,
            0.15209199488162994,
            0.9883192181587219,
            0.0
          ],
          [
            0.0,
            0.0,
            0.0,
            1.0
          ]
        ],
        "rotation_mode": "QUATERNION"
      },
      "armature_space": {
        "head": {
          "x": 0.36216893792152405,
          "y": -0.48851174116134644,
          "z": 0.30809465050697327
        },
        "tail": {
          "x": 0.37464290857315063,
          "y": -0.5160306096076965,
          "z": 0.3043525815010071
        }
      },
      "world_space": {
        "head": {
          "x": 0.36216893792152405,
          "y": -0.42526775598526,
          "z": 1.257948637008667
        },
        "tail": {
          "x": 0.37464290857315063,
          "y": -0.4527866244316101,
          "z": 1.254206657409668
        },
        "rotation_quaternion": {
          "w": 0.21579548716545105,
          "x": -0.11161034554243088,
          "y": 0.03855559974908829,
          "z": -0.9692723751068115
        },
        "matrix": [
          [
            -0.8819506764411926,
            0.4097228944301605,
            0.2330019474029541,
            0.36216893792152405
          ],
          [
            -0.4269355237483978,
            -0.9038915634155273,
            -0.026570945978164673,
            -0.42526775598526
          ],
          [
            0.19972285628318787,
            -0.12291274964809418,
            0.972119927406311,
            1.257948637008667
          ],
          [
            0.0,
            0.0,
            0.0,
            1.0
          ]
        ]
      },
      "bone_length_armature_space": 0.030444887224089504,
      "parent": "thumb_02_l",
      "has_children": false,
      "is_end_bone": true
    },
    "metacarpal_index_l": {
      "name": "metacarpal_index_l",
      "local": {
        "location": {
          "x": 0.0,
          "y": 0.0,
          "z": 0.0
        },
        "rotation_quaternion": {
          "w": 0.9997879862785339,
          "x": -0.018744340166449547,
          "y": -0.006476056762039661,
          "z": -0.005550461355596781
        },
        "scale": {
          "x": 1.0,
          "y": 1.0,
          "z": 1.0
        },
        "matrix_basis": [
          [
            0.9998545050621033,
            0.01134134829044342,
            -0.012741288170218468,
            0.0
          ],
          [
            -0.010855790227651596,
            0.9992356896400452,
            0.037552621215581894,
            0.0
          ],
          [
            0.01315744686871767,
            -0.037408843636512756,
            0.9992133975028992,
            0.0
          ],
          [
            0.0,
            0.0,
            0.0,
            1.0
          ]
        ],
        "rotation_mode": "QUATERNION"
      },
      "armature_space": {
        "head": {
          "x": 0.40144214034080505,
          "y": -0.4104127883911133,
          "z": 0.3729776442050934
        },
        "tail": {
          "x": 0.37946411967277527,
          "y": -0.5203460454940796,
          "z": 0.338905930519104
        }
      },
      "world_space": {
        "head": {
          "x": 0.40144214034080505,
          "y": -0.34716880321502686,
          "z": 1.322831630706787
        },
        "tail": {
          "x": 0.37946411967277527,
          "y": -0.45710206031799316,
          "z": 1.2887599468231201
        },
        "rotation_quaternion": {
          "w": 0.17052195966243744,
          "x": -0.9318422079086304,
          "y": 0.04255169630050659,
          "z": 0.317461222410202
        },
        "matrix": [
          [
            0.7948156595230103,
            -0.18757106363773346,
            -0.5771353244781494,
            0.40144214034080505
          ],
          [
            0.028965065255761147,
            -0.9382235407829285,
            0.34481555223464966,
            -0.34716880321502686
          ],
          [
            -0.6061636209487915,
            -0.2907843291759491,
            -0.7402864694595337,
            1.322831630706787
          ],
          [
            0.0,
            0.0,
            0.0,
            1.0
          ]
        ]
      },
      "bone_length_armature_space": 0.11717182454431158,
      "parent": "lowerarm_l",
      "has_children": true,
      "is_end_bone": false
    },
    "index_01_l": {
      "name": "index_01_l",
      "local": {
        "location": {
          "x": 0.0,
          "y": 0.0,
          "z": 0.0
        },
        "rotation_quaternion": {
          "w": 0.9935091733932495,
          "x": -0.1125914677977562,
          "y": 0.007206587120890617,
          "z": -0.01452353224158287
        },
        "scale": {
          "x": 1.0,
          "y": 1.0,
          "z": 1.0
        },
        "matrix_basis": [
          [
            0.999474287033081,
            0.0272357240319252,
            0.017590072005987167,
            0.0
          ],
          [
            -0.030481325462460518,
            0.9742244482040405,
            0.2235119789838791,
            0.0
          ],
          [
            -0.01104916911572218,
            -0.22393064200878143,
            0.9745424389839172,
            0.0
          ],
          [
            0.0,
            0.0,
            0.0,
            1.0
          ]
        ],
        "rotation_mode": "QUATERNION"
      },
      "armature_space": {
        "head": {
          "x": 0.37946411967277527,
          "y": -0.5203460454940796,
          "z": 0.338905930519104
        },
        "tail": {
          "x": 0.38849684596061707,
          "y": -0.5467643141746521,
          "z": 0.33311331272125244
        }
      },
      "world_space": {
        "head": {
          "x": 0.37946411967277527,
          "y": -0.45710206031799316,
          "z": 1.2887599468231201
        },
        "tail": {
          "x": 0.38849684596061707,
          "y": -0.4835203289985657,
          "z": 1.2829673290252686
        },
        "rotation_quaternion": {
          "w": 0.06051212549209595,
          "x": -0.9511571526527405,
          "y": -0.18191580474376678,
          "z": 0.241961270570755
        },
        "matrix": [
          [
            0.8167226910591125,
            0.3167782425880432,
            -0.4823024272918701,
            0.37946411967277527
          ],
          [
            0.3753443658351898,
            -0.9264898896217346,
            0.027078747749328613,
            -0.45710206031799316
          ],
          [
            -0.43827319145202637,
            -0.20314760506153107,
            -0.8755921125411987,
            1.2887599468231201
          ],
          [
            0.0,
            0.0,
            0.0,
            1.0
          ]
        ]
      },
      "bone_length_armature_space": 0.028514373481672923,
      "parent": "metacarpal_index_l",
      "has_children": true,
      "is_end_bone": false
    },
    "index_02_l": {
      "name": "index_02_l",
      "local": {
        "location": {
          "x": 0.0,
          "y": 0.0,
          "z": 0.0
        },
        "rotation_quaternion": {
          "w": 0.9996058344841003,
          "x": 0.024641573429107666,
          "y": 0.010839060880243778,
          "z": 0.007975542917847633
        },
        "scale": {
          "x": 1.0,
          "y": 1.0,
          "z": 1.0
        },
        "matrix_basis": [
          [
            0.9996377825737,
            -0.015410615131258965,
            0.02206263691186905,
            0.0
          ],
          [
            0.01647898182272911,
            0.9986583590507507,
            -0.04909082502126694,
            0.0
          ],
          [
            -0.02127651683986187,
            0.04943661764264107,
            0.9985505938529968,
            0.0
          ],
          [
            0.0,
            0.0,
            0.0,
            1.0
          ]
        ],
        "rotation_mode": "QUATERNION"
      },
      "armature_space": {
        "head": {
          "x": 0.38849663734436035,
          "y": -0.5467647910118103,
          "z": 0.33311307430267334
        },
        "tail": {
          "x": 0.3967127203941345,
          "y": -0.5703984498977661,
          "z": 0.32745301723480225
        }
      },
      "world_space": {
        "head": {
          "x": 0.38849663734436035,
          "y": -0.4835208058357239,
          "z": 1.2829670906066895
        },
        "tail": {
          "x": 0.3967127203941345,
          "y": -0.5071544647216797,
          "z": 1.2773070335388184
        },
        "rotation_quaternion": {
          "w": 0.06443450599908829,
          "x": -0.9439631700515747,
          "y": -0.18764756619930267,
          "z": 0.26376140117645264
        },
        "matrix": [
          [
            0.7904364466667175,
            0.3202746510505676,
            -0.5221440196037292,
            0.38849663734436035
          ],
          [
            0.38825565576553345,
            -0.9212731719017029,
            0.022657964378595352,
            -0.4835208058357239
          ],
          [
            -0.47378355264663696,
            -0.22063744068145752,
            -0.8525620698928833,
            1.2829670906066895
          ],
          [
            0.0,
            0.0,
            0.0,
            1.0
          ]
        ]
      },
      "bone_length_armature_space": 0.025653266758543205,
      "parent": "index_01_l",
      "has_children": true,
      "is_end_bone": false
    },
    "index_03_l": {
      "name": "index_03_l",
      "local": {
        "location": {
          "x": 0.0,
          "y": 0.0,
          "z": 0.0
        },
        "rotation_quaternion": {
          "w": 0.9999599456787109,
          "x": 0.00362634239718318,
          "y": 0.006337270140647888,
          "z": -0.005183876026421785
        },
        "scale": {
          "x": 1.0,
          "y": 1.0,
          "z": 1.0
        },
        "matrix_basis": [
          [
            0.9998659491539001,
            0.010413299314677715,
            0.012636435218155384,
            0.0
          ],
          [
            -0.010321374982595444,
            0.9999199509620667,
            -0.00731809763237834,
            0.0
          ],
          [
            -0.012711629271507263,
            0.007186691276729107,
            0.9998933672904968,
            0.0
          ],
          [
            0.0,
            0.0,
            0.0,
            1.0
          ]
        ],
        "rotation_mode": "QUATERNION"
      },
      "armature_space": {
        "head": {
          "x": 0.3967127799987793,
          "y": -0.5703984498977661,
          "z": 0.3274531364440918
        },
        "tail": {
          "x": 0.40688562393188477,
          "y": -0.5958422422409058,
          "z": 0.3173111081123352
        }
      },
      "world_space": {
        "head": {
          "x": 0.3967127799987793,
          "y": -0.5071544647216797,
          "z": 1.277307152748108
        },
        "tail": {
          "x": 0.40688562393188477,
          "y": -0.5325982570648193,
          "z": 1.267165184020996
        },
        "rotation_quaternion": {
          "w": 0.13164830207824707,
          "x": -0.9395792484283447,
          "y": -0.21740837395191193,
          "z": 0.2293325513601303
        },
        "matrix": [
          [
            0.8002801537513733,
            0.34816280007362366,
            -0.48819500207901,
            0.3967127799987793
          ],
          [
            0.4689274728298187,
            -0.8708047866821289,
            0.14766909182071686,
            -0.5071544647216797
          ],
          [
            -0.3737119436264038,
            -0.3471079170703888,
            -0.8601564764976501,
            1.277307152748108
          ],
          [
            0.0,
            0.0,
            0.0,
            1.0
          ]
        ]
      },
      "bone_length_armature_space": 0.02921872830306455,
      "parent": "index_02_l",
      "has_children": false,
      "is_end_bone": true
    },
    "metacarpal_pinky_l": {
      "name": "metacarpal_pinky_l",
      "local": {
        "location": {
          "x": 0.0,
          "y": 0.0,
          "z": 0.0
        },
        "rotation_quaternion": {
          "w": 0.999596118927002,
          "x": -0.024059461429715157,
          "y": -0.0065377261489629745,
          "z": -0.013643432408571243
        },
        "scale": {
          "x": 1.0,
          "y": 1.0,
          "z": 1.0
        },
        "matrix_basis": [
          [
            0.999542236328125,
            0.0275904331356287,
            -0.012413663789629936,
            0.0
          ],
          [
            -0.026961255818605423,
            0.9984700083732605,
            0.04827788099646568,
            0.0
          ],
          [
            0.013726678676903248,
            -0.04792109504342079,
            0.9987568259239197,
            0.0
          ],
          [
            0.0,
            0.0,
            0.0,
            1.0
          ]
        ],
        "rotation_mode": "QUATERNION"
      },
      "armature_space": {
        "head": {
          "x": 0.40144214034080505,
          "y": -0.4104127883911133,
          "z": 0.3729776442050934
        },
        "tail": {
          "x": 0.44053781032562256,
          "y": -0.5015591979026794,
          "z": 0.34124284982681274
        }
      },
      "world_space": {
        "head": {
          "x": 0.40144214034080505,
          "y": -0.34716880321502686,
          "z": 1.322831630706787
        },
        "tail": {
          "x": 0.44053781032562256,
          "y": -0.438315212726593,
          "z": 1.2910969257354736
        },
        "rotation_quaternion": {
          "w": 0.16784927248954773,
          "x": 0.1463753879070282,
          "y": 0.18485963344573975,
          "z": -0.957197904586792
        },
        "matrix": [
          [
            -0.9008018970489502,
            0.3754477798938751,
            -0.21816286444664001,
            0.40144214034080505
          ],
          [
            -0.26721271872520447,
            -0.8753072619438171,
            -0.4030323326587677,
            -0.34716880321502686
          ],
          [
            -0.34227949380874634,
            -0.3047591745853424,
            0.8888084292411804,
            1.322831630706787
          ],
          [
            0.0,
            0.0,
            0.0,
            1.0
          ]
        ]
      },
      "bone_length_armature_space": 0.10413086444790687,
      "parent": "lowerarm_l",
      "has_children": true,
      "is_end_bone": false
    },
    "pinky_01_l": {
      "name": "pinky_01_l",
      "local": {
        "location": {
          "x": 0.0,
          "y": 0.0,
          "z": 0.0
        },
        "rotation_quaternion": {
          "w": 0.9639241695404053,
          "x": 0.26572421193122864,
          "y": 0.014059367589652538,
          "z": 0.006578359752893448
        },
        "scale": {
          "x": 1.0,
          "y": 1.0,
          "z": 1.0
        },
        "matrix_basis": [
          [
            0.999518096446991,
            -0.005210251081734896,
            0.03060038760304451,
            0.0
          ],
          [
            0.02015390805900097,
            0.8586947321891785,
            -0.5120909810066223,
            0.0
          ],
          [
            -0.023608269169926643,
            0.5124609470367432,
            0.8583859801292419,
            0.0
          ],
          [
            0.0,
            0.0,
            0.0,
            1.0
          ]
        ],
        "rotation_mode": "QUATERNION"
      },
      "armature_space": {
        "head": {
          "x": 0.44053781032562256,
          "y": -0.5015591979026794,
          "z": 0.34124284982681274
