{
  "metadata": {
    "armature_name": "KIM_caucasian_male",
    "export_time": "2026-01-13T20:59:58.018357",
    "blender_version": "4.4.1",
    "bone_count": 56,
    "end_bone_count": 13,
    "spaces_included": [
      "LOCAL_CHANNELS",
      "ARMATURE_SPACE",
      "WORLD_SPACE"
    ],
    "note": "LOCAL matches Transform panel; replay pose via local.matrix_basis for best fidelity."
  },
  "bones": {
    "Root": {
      "name": "Root",
      "local": {
        "location": {
          "x": 0.0,
          "y": 0.0,
          "z": 0.0
        },
        "rotation_quaternion": {
          "w": 0.999448299407959,
          "x": -0.014522264711558819,
          "y": 0.008004805073142052,
          "z": -0.028777696192264557
        },
        "scale": {
          "x": 1.0,
          "y": 1.0,
          "z": 1.0
        },
        "matrix_basis": [
          [
            0.9982155561447144,
            0.057291142642498016,
            0.016836611554026604,
            0.0
          ],
          [
            -0.05775613337755203,
            0.997921884059906,
            0.028567785397171974,
            0.0
          ],
          [
            -0.015164943411946297,
            -0.029489224776625633,
            0.9994500279426575,
            0.0
          ],
          [
            0.0,
            0.0,
            0.0,
            1.0
          ]
        ],
        "rotation_mode": "QUATERNION"
      },
      "armature_space": {
        "head": {
          "x": 0.0,
          "y": 0.07072800397872925,
          "z": -0.009595036506652832
        },
        "tail": {
          "x": 0.0040892050601542,
          "y": 0.0004299357533454895,
          "z": 0.002065788023173809
        }
      },
      "world_space": {
        "head": {
          "x": 0.0,
          "y": 0.13397200405597687,
          "z": 0.9402589797973633
        },
        "tail": {
          "x": 0.0040892050601542,
          "y": 0.06367393583059311,
          "z": 0.9519197940826416
        },
        "rotation_quaternion": {
          "w": 0.08181975781917572,
          "x": 0.9961994290351868,
          "y": 0.02925158478319645,
          "z": 0.006047924514859915
        },
        "matrix": [
          [
            0.9982155561447144,
            0.057291142642498016,
            0.016836611554026604,
            0.0
          ],
          [
            0.05927051231265068,
            -0.984899640083313,
            -0.1626642346382141,
            0.13397200405597687
          ],
          [
            0.007263260893523693,
            0.16337208449840546,
            -0.9865448474884033,
            0.9402589797973633
          ],
          [
            0.0,
            0.0,
            0.0,
            1.0
          ]
        ]
      },
      "bone_length_armature_space": 0.07137586938486035,
      "parent": null,
      "has_children": true,
      "is_end_bone": false
    },
    "spine_01": {
      "name": "spine_01",
      "local": {
        "location": {
          "x": 0.0,
          "y": 0.0,
          "z": 0.0
        },
        "rotation_quaternion": {
          "w": 0.9996467232704163,
          "x": 0.015394862741231918,
          "y": 0.00951243657618761,
          "z": -0.01946692354977131
        },
        "scale": {
          "x": 1.0,
          "y": 1.0,
          "z": 1.0
        },
        "matrix_basis": [
          [
            0.999061107635498,
            0.03921297937631607,
            0.018418770283460617,
            0.0
          ],
          [
            -0.03862720727920532,
            0.9987680912017822,
            -0.031149204820394516,
            0.0
          ],
          [
            -0.019617533311247826,
            0.03040849231183529,
            0.9993450045585632,
            0.0
          ],
          [
            0.0,
            0.0,
            0.0,
            1.0
          ]
        ],
        "rotation_mode": "QUATERNION"
      },
      "armature_space": {
        "head": {
          "x": 0.0040892050601542,
          "y": 0.0004299357533454895,
          "z": 0.002065788023173809
        },
        "tail": {
          "x": 0.018341954797506332,
          "y": 0.023539740592241287,
          "z": 0.4893145263195038
        }
      },
      "world_space": {
        "head": {
          "x": 0.0040892050601542,
          "y": 0.06367393583059311,
          "z": 0.9519197940826416
        },
        "tail": {
          "x": 0.018341954797506332,
          "y": 0.08678373694419861,
          "z": 1.4391685724258423
        },
        "rotation_quaternion": {
          "w": 0.722654402256012,
          "x": 0.689972460269928,
          "y": 0.03805815428495407,
          "z": 0.016129277646541595
        },
        "matrix": [
          [
            0.9965829253196716,
            0.029206380248069763,
            0.07726311683654785,
            0.0040892050601542
          ],
          [
            0.07582975178956985,
            0.04735603928565979,
            -0.9959956407546997,
            0.06367393583059311
          ],
          [
            -0.03274845704436302,
            0.9984580278396606,
            0.04497888684272766,
            0.9519197940826416
          ],
          [
            0.0,
            0.0,
            0.0,
            1.0
          ]
        ]
      },
      "bone_length_armature_space": 0.4880046659566029,
      "parent": "Root",
      "has_children": true,
      "is_end_bone": false
    },
    "neck_01": {
      "name": "neck_01",
      "local": {
        "location": {
          "x": 0.0,
          "y": 0.0,
          "z": 0.0
        },
        "rotation_quaternion": {
          "w": 0.9899766445159912,
          "x": -0.09569930285215378,
          "y": -0.025019686669111252,
          "z": 0.10080692172050476
        },
        "scale": {
          "x": 1.0,
          "y": 1.0,
          "z": 1.0
        },
        "matrix_basis": [
          [
            0.9784239530563354,
            -0.19480426609516144,
            -0.06883211433887482,
            0.0
          ],
          [
            0.20438173413276672,
            0.9613592028617859,
            0.18443582952022552,
            0.0
          ],
          [
            0.030243506655097008,
            -0.19452446699142456,
            0.980431318283081,
            0.0
          ],
          [
            0.0,
            0.0,
            0.0,
            1.0
          ]
        ],
        "rotation_mode": "QUATERNION"
      },
      "armature_space": {
        "head": {
          "x": 0.023159919306635857,
          "y": -0.007534492760896683,
          "z": 0.563979983329773
        },
        "tail": {
          "x": 0.007640819065272808,
          "y": -0.023256532847881317,
          "z": 0.6640936136245728
        }
      },
      "world_space": {
        "head": {
          "x": 0.023159919306635857,
          "y": 0.05570950731635094,
          "z": 1.513833999633789
        },
        "tail": {
          "x": 0.007640819065272808,
          "y": 0.0399874672293663,
          "z": 1.6139476299285889
        },
        "rotation_quaternion": {
          "w": 0.6480494141578674,
          "x": 0.7578061819076538,
          "y": -0.057922136038541794,
          "z": 0.04906012490391731
        },
        "matrix": [
          [
            0.9884762763977051,
            -0.15137434005737305,
            -0.00071759894490242,
            0.023159919306635857
          ],
          [
            -0.024201640859246254,
            -0.15335384011268616,
            -0.9878751039505005,
            0.05570950731635094
          ],
          [
            0.14942987263202667,
            0.9765149354934692,
            -0.15525217354297638,
            1.513833999633789
          ],
          [
            0.0,
            0.0,
            0.0,
            1.0
          ]
        ]
      },
      "bone_length_armature_space": 0.10252201706410662,
      "parent": "spine_01",
      "has_children": true,
      "is_end_bone": false
    },
    "head": {
      "name": "head",
      "local": {
        "location": {
          "x": 0.0,
          "y": 0.0,
          "z": 0.0
        },
        "rotation_quaternion": {
          "w": 0.9792035818099976,
          "x": 0.020787648856639862,
          "y": -0.07857143133878708,
          "z": -0.18588922917842865
        },
        "scale": {
          "x": 1.0,
          "y": 1.0,
          "z": 1.0
        },
        "matrix_basis": [
          [
            0.9185434579849243,
            0.36078017950057983,
            -0.16160325706005096,
            0.0
          ],
          [
            -0.367313414812088,
            0.930026113986969,
            -0.011499514803290367,
            0.0
          ],
          [
            0.14614646136760712,
            0.06992184370756149,
            0.986788809299469,
            0.0
          ],
          [
            0.0,
            0.0,
            0.0,
            1.0
          ]
        ],
        "rotation_mode": "QUATERNION"
      },
      "armature_space": {
        "head": {
          "x": 0.007640831172466278,
          "y": -0.023256676271557808,
          "z": 0.6640934944152832
        },
        "tail": {
          "x": 0.04189220815896988,
          "y": -0.004467945545911789,
          "z": 0.8141838908195496
        }
      },
      "world_space": {
        "head": {
          "x": 0.007640831172466278,
          "y": 0.03998732566833496,
          "z": 1.6139475107192993
        },
        "tail": {
          "x": 0.04189220815896988,
          "y": 0.05877605453133583,
          "z": 1.764037847518921
        },
        "rotation_quaternion": {
          "w": 0.7486500144004822,
          "x": 0.6442866921424866,
          "y": -0.009825333021581173,
          "z": -0.15595315396785736
        },
        "matrix": [
          [
            0.9511639475822449,
            0.22084809839725494,
            -0.21566981077194214,
            0.007640831172466278
          ],
          [
            -0.24617072939872742,
            0.12114710360765457,
            -0.9616255760192871,
            0.03998732566833496
          ],
          [
            -0.18624690175056458,
            0.9677618741989136,
            0.16959725320339203,
            1.6139475107192993
          ],
          [
            0.0,
            0.0,
            0.0,
            1.0
          ]
        ]
      },
      "bone_length_armature_space": 0.15509126271475665,
      "parent": "neck_01",
      "has_children": false,
      "is_end_bone": true
    },
    "upperarm_l": {
      "name": "upperarm_l",
      "local": {
        "location": {
          "x": 0.0,
          "y": 0.0,
          "z": 0.0
        },
        "rotation_quaternion": {
          "w": 0.9679074287414551,
          "x": -0.12385812401771545,
          "y": -0.07838446646928787,
          "z": 0.20413324236869812
        },
        "scale": {
          "x": 1.0,
          "y": 1.0,
          "z": 1.0
        },
        "matrix_basis": [
          [
            0.9043709635734558,
            -0.37574705481529236,
            -0.2023049294948578,
            0.0
          ],
          [
            0.4145812690258026,
            0.885977566242218,
            0.2077646404504776,
            0.0
          ],
          [
            0.10117069631814957,
            -0.27176815271377563,
            0.9570300579071045,
            0.0
          ],
          [
            0.0,
            0.0,
            0.0,
            1.0
          ]
        ],
        "rotation_mode": "QUATERNION"
      },
      "armature_space": {
        "head": {
          "x": 0.170930877327919,
          "y": -0.002519078552722931,
          "z": 0.4921070635318756
        },
        "tail": {
          "x": 0.4034769535064697,
          "y": 0.0993475541472435,
          "z": 0.5778582692146301
        }
      },
      "world_space": {
        "head": {
          "x": 0.170930877327919,
          "y": 0.06072492152452469,
          "z": 1.4419610500335693
        },
        "tail": {
          "x": 0.4034769535064697,
          "y": 0.16259154677391052,
          "z": 1.527712345123291
        },
        "rotation_quaternion": {
          "w": 0.7004716992378235,
          "x": 0.4431973695755005,
          "y": 0.4465537667274475,
          "z": -0.33690541982650757
        },
        "matrix": [
          [
            0.37416934967041016,
            0.8678081631660461,
            0.3269656002521515,
            0.170930877327919
          ],
          [
            -0.0761646032333374,
            0.3801427483558655,
            -0.9217866659164429,
            0.06072492152452469
          ],
          [
            -0.9242338538169861,
            0.32000359892845154,
            0.2083345353603363,
            1.4419610500335693
          ],
          [
            0.0,
            0.0,
            0.0,
            1.0
          ]
        ]
      },
      "bone_length_armature_space": 0.26796969595706005,
      "parent": "spine_01",
      "has_children": true,
      "is_end_bone": false
    },
    "lowerarm_l": {
      "name": "lowerarm_l",
      "local": {
        "location": {
          "x": 0.0,
          "y": 0.0,
          "z": 0.0
        },
        "rotation_quaternion": {
          "w": 0.8704748153686523,
          "x": 0.4618251919746399,
          "y": 0.1361473947763443,
          "z": -0.10224974155426025
        },
        "scale": {
          "x": 1.0,
          "y": 1.0,
          "z": 1.0
        },
        "matrix_basis": [
          [
            0.9420177340507507,
            0.3037642538547516,
            0.1425827443599701,
            0.0
          ],
          [
            -0.05225905776023865,
            0.552524983882904,
            -0.8318564891815186,
            0.0
          ],
          [
            -0.33146876096725464,
            0.7761723399162292,
            0.5363627672195435,
            0.0
          ],
          [
            0.0,
            0.0,
            0.0,
            1.0
          ]
        ],
        "rotation_mode": "QUATERNION"
      },
      "armature_space": {
        "head": {
          "x": 0.4034769833087921,
          "y": 0.0993475541472435,
          "z": 0.5778583884239197
        },
        "tail": {
          "x": 0.6036251187324524,
          "y": -0.07092490047216415,
          "z": 0.6280320882797241
        }
      },
      "world_space": {
        "head": {
          "x": 0.4034769833087921,
          "y": 0.16259154677391052,
          "z": 1.527712345123291
        },
        "tail": {
          "x": 0.6036251187324524,
          "y": -0.007680900394916534,
          "z": 1.5778861045837402
        },
        "rotation_quaternion": {
          "w": 0.31433138251304626,
          "x": 0.7549339532852173,
          "y": 0.2880251109600067,
          "z": -0.4983091652393341
        },
        "matrix": [
          [
            0.3374587595462799,
            0.7481487989425659,
            -0.5713099241256714,
            0.4034769833087921
          ],
          [
            0.12161184847354889,
            -0.6364743113517761,
            -0.7616503238677979,
            0.16259154677391052
          ],
          [
            -0.9334580302238464,
            0.1875481754541397,
            -0.3057703375816345,
            1.527712345123291
          ],
          [
            0.0,
            0.0,
            0.0,
            1.0
          ]
        ]
      },
      "bone_length_armature_space": 0.26752454985326707,
      "parent": "upperarm_l",
      "has_children": true,
      "is_end_bone": false
    },
    "metacarpal_thumb_l": {
      "name": "metacarpal_thumb_l",
      "local": {
        "location": {
          "x": 0.0,
          "y": 0.0,
          "z": 0.0
        },
        "rotation_quaternion": {
          "w": 0.9998366236686707,
          "x": 0.015841219574213028,
          "y": 0.004823370836675167,
          "z": 0.007249508984386921
        },
        "scale": {
          "x": 1.0,
          "y": 1.0,
          "z": 1.0
        },
        "matrix_basis": [
          [
            0.9998483657836914,
            -0.01434383261948824,
            0.00987484771758318,
            0.0
          ],
          [
            0.014649465680122375,
            0.9993929862976074,
            -0.03160732984542847,
            0.0
          ],
          [
            -0.009415483102202415,
            0.03174719586968422,
            0.9994515776634216,
            0.0
          ],
          [
            0.0,
            0.0,
            0.0,
            1.0
          ]
        ],
        "rotation_mode": "QUATERNION"
      },
      "armature_space": {
        "head": {
          "x": 0.6036251187324524,
          "y": -0.07092490047216415,
          "z": 0.6280320882797241
        },
        "tail": {
          "x": 0.6189196109771729,
          "y": -0.11656442284584045,
          "z": 0.6163402199745178
        }
      },
      "world_space": {
        "head": {
          "x": 0.6036251187324524,
          "y": -0.007680900394916534,
          "z": 1.5778861045837402
        },
        "tail": {
          "x": 0.6189196109771729,
          "y": -0.053320422768592834,
          "z": 1.5661942958831787
        },
        "rotation_quaternion": {
          "w": 0.140676811337471,
          "x": -0.9710754156112671,
          "y": -0.1397072821855545,
          "z": -0.13305829465389252
        },
        "matrix": [
          [
            0.9255548715591431,
            0.3087691068649292,
            0.21911169588565826,
            0.6036251187324524
          ],
          [
            0.23389644920825958,
            -0.921383798122406,
            0.31039363145828247,
            -0.007680900394916534
          ],
          [
            0.2977282404899597,
            -0.23603934049606323,
            -0.9250172972679138,
            1.5778861045837402
          ],
          [
            0.0,
            0.0,
            0.0,
            1.0
          ]
        ]
      },
      "bone_length_armature_space": 0.04953369886797891,
      "parent": "lowerarm_l",
      "has_children": true,
      "is_end_bone": false
    },
    "thumb_01_l": {
      "name": "thumb_01_l",
      "local": {
        "location": {
          "x": 0.0,
          "y": 0.0,
          "z": 0.0
        },
        "rotation_quaternion": {
          "w": 0.9992510080337524,
          "x": 0.03643916919827461,
          "y": -0.009856737218797207,
          "z": -0.008521000854671001
        },
        "scale": {
          "x": 1.0,
          "y": 1.0,
          "z": 1.0
        },
        "matrix_basis": [
          [
            0.9996604919433594,
            0.01631089486181736,
            -0.020319705829024315,
            0.0
          ],
          [
            -0.017747579142451286,
            0.9971991777420044,
            -0.07265577465295792,
            0.0
          ],
          [
            0.019077712669968605,
            0.07299172878265381,
            0.9971500635147095,
            0.0
          ],
          [
            0.0,
            0.0,
            0.0,
            1.0
          ]
        ],
        "rotation_mode": "QUATERNION"
      },
      "armature_space": {
        "head": {
          "x": 0.6189196109771729,
          "y": -0.11656442284584045,
          "z": 0.6163402199745178
        },
        "tail": {
          "x": 0.6299880146980286,
          "y": -0.1304045170545578,
          "z": 0.5872785449028015
        }
      },
      "world_space": {
        "head": {
          "x": 0.6189196109771729,
          "y": -0.053320422768592834,
          "z": 1.5661942958831787
        },
        "tail": {
          "x": 0.6299880146980286,
          "y": -0.06716051697731018,
          "z": 1.5371325016021729
        },
        "rotation_quaternion": {
          "w": 0.484036922454834,
          "x": -0.559537410736084,
          "y": 0.24981509149074554,
          "z": -0.6246748566627502
        },
        "matrix": [
          [
            0.09474807977676392,
            0.32517218589782715,
            0.9408964514732361,
            0.6189196109771729
          ],
          [
            -0.8842930793762207,
            -0.40660029649734497,
            0.2295684516429901,
            -0.053320422768592834
          ],
          [
            0.45722025632858276,
            -0.8537856936454773,
            0.249024897813797,
            1.5661942958831787
          ],
          [
            0.0,
            0.0,
            0.0,
            1.0
          ]
        ]
      },
      "bone_length_armature_space": 0.034038782466267764,
      "parent": "metacarpal_thumb_l",
      "has_children": true,
      "is_end_bone": false
    },
    "thumb_02_l": {
      "name": "thumb_02_l",
      "local": {
        "location": {
          "x": 0.0,
          "y": 0.0,
          "z": 0.0
        },
        "rotation_quaternion": {
          "w": 0.9906400442123413,
          "x": 0.13615572452545166,
          "y": 0.004914487712085247,
          "z": -0.008364370092749596
        },
        "scale": {
          "x": 1.0,
          "y": 1.0,
          "z": 1.0
        },
        "matrix_basis": [
          [
            0.9998117685317993,
            0.017910432070493698,
            0.007459262851625681,
            0.0
          ],
          [
            -0.015233888290822506,
            0.9627833366394043,
            -0.26984483003616333,
            0.0
          ],
          [
            -0.012014690786600113,
            0.2696804106235504,
            0.9628749489784241,
            0.0
          ],
          [
            0.0,
            0.0,
            0.0,
            1.0
          ]
        ],
        "rotation_mode": "QUATERNION"
      },
      "armature_space": {
        "head": {
          "x": 0.6299879550933838,
          "y": -0.1304044872522354,
          "z": 0.5872785449028015
        },
        "tail": {
          "x": 0.6614270210266113,
          "y": -0.15261754393577576,
          "z": 0.5987392663955688
        }
      },
      "world_space": {
        "head": {
          "x": 0.6299879550933838,
          "y": -0.06716048717498779,
          "z": 1.5371325016021729
        },
        "tail": {
          "x": 0.6614270210266113,
          "y": -0.08937354385852814,
          "z": 1.548593282699585
        },
        "rotation_quaternion": {
          "w": 0.4355980157852173,
          "x": -0.04353892430663109,
          "y": -0.18365077674388885,
          "z": -0.8801314234733582
        },
        "matrix": [
          [
            -0.616717517375946,
            0.782758891582489,
            -0.08335679769515991,
            0.6299879550933838
          ],
          [
            -0.7507750988006592,
            -0.5530531406402588,
            0.3612046539783478,
            -0.06716048717498779
          ],
          [
            0.2366361916065216,
            0.2853448688983917,
            0.9287601113319397,
            1.5371325016021729
          ],
          [
            0.0,
            0.0,
            0.0,
            1.0
          ]
        ]
      },
      "bone_length_armature_space": 0.04016444788964524,
      "parent": "thumb_01_l",
      "has_children": true,
      "is_end_bone": false
    },
    "thumb_03_l": {
      "name": "thumb_03_l",
      "local": {
        "location": {
          "x": 0.0,
          "y": 0.0,
          "z": 0.0
        },
        "rotation_quaternion": {
          "w": 0.9945024847984314,
          "x": 0.1045551598072052,
          "y": -0.00567095959559083,
          "z": 0.0009672637097537518
        },
        "scale": {
          "x": 1.0,
          "y": 1.0,
          "z": 1.0
        },
        "matrix_basis": [
          [
            0.9999338388442993,
            -0.003109748475253582,
            -0.01107730157673359,
            0.0
          ],
          [
            0.0007380361785180867,
            0.9781345725059509,
            -0.2079717069864273,
            0.0
          ],
          [
            0.011481831781566143,
            0.20794975757598877,
            0.9780721068382263,
            0.0
          ],
          [
            0.0,
            0.0,
            0.0,
            1.0
          ]
        ],
        "rotation_mode": "QUATERNION"
      },
      "armature_space": {
        "head": {
          "x": 0.6614269018173218,
          "y": -0.15261758863925934,
          "z": 0.5987392067909241
        },
        "tail": {
          "x": 0.6829351186752319,
          "y": -0.16074587404727936,
          "z": 0.6186947822570801
        }
      },
      "world_space": {
        "head": {
          "x": 0.6614269018173218,
          "y": -0.08937358856201172,
          "z": 1.548593282699585
        },
        "tail": {
          "x": 0.6829351186752319,
          "y": -0.09750187397003174,
          "z": 1.5685487985610962
        },
        "rotation_quaternion": {
          "w": 0.5353997349739075,
          "x": 0.20640401542186737,
          "y": -0.2825860381126404,
          "z": -0.7686935067176819
        },
        "matrix": [
          [
            -0.34148725867271423,
            0.7064633965492249,
            -0.6199163198471069,
            0.6614269018173218
          ],
          [
            -0.9397708773612976,
            -0.26698362827301025,
            0.21342501044273376,
            -0.08937358856201172
          ],
          [
            -0.014731647446751595,
            0.6554654836654663,
            0.755090594291687,
            1.548593282699585
          ],
          [
            0.0,
            0.0,
            0.0,
            1.0
          ]
        ]
      },
      "bone_length_armature_space": 0.030444990257544526,
      "parent": "thumb_02_l",
      "has_children": false,
      "is_end_bone": true
    },
    "metacarpal_index_l": {
      "name": "metacarpal_index_l",
      "local": {
        "location": {
          "x": 0.0,
          "y": 0.0,
          "z": 0.0
        },
        "rotation_quaternion": {
          "w": 0.9993010759353638,
          "x": -0.031448859721422195,
          "y": 0.020204829052090645,
          "z": -0.0005046961014159024
        },
        "scale": {
          "x": 1.0,
          "y": 1.0,
          "z": 1.0
        },
        "matrix_basis": [
          [
            0.9991829991340637,
            -0.0002621509484015405,
            0.040413159877061844,
            0.0
          ],
          [
            -0.0022795244585722685,
            0.9980214238166809,
            0.06283336132764816,
            0.0
          ],
          [
            -0.04034966975450516,
            -0.06287415325641632,
            0.9972054958343506,
            0.0
          ],
          [
            0.0,
            0.0,
            0.0,
            1.0
          ]
        ],
        "rotation_mode": "QUATERNION"
      },
      "armature_space": {
        "head": {
          "x": 0.6036251187324524,
          "y": -0.07092490047216415,
          "z": 0.6280320882797241
        },
        "tail": {
          "x": 0.669881284236908,
          "y": -0.1668737232685089,
          "z": 0.6395717859268188
        }
      },
      "world_space": {
        "head": {
          "x": 0.6036251187324524,
          "y": -0.007680900394916534,
          "z": 1.5778861045837402
        },
        "tail": {
          "x": 0.669881284236908,
          "y": -0.10362972319126129,
          "z": 1.589425802230835
        },
        "rotation_quaternion": {
          "w": 0.08072151988744736,
          "x": 0.9489629864692688,
          "y": 0.28990912437438965,
          "z": -0.0943726971745491
        },
        "matrix": [
          [
            0.8140929937362671,
            0.5654619932174683,
            -0.1323082149028778,
            0.6036251187324524
          ],
          [
            0.534990131855011,
            -0.818873405456543,
            -0.20792317390441895,
            -0.007680900394916534
          ],
          [
            -0.22591739892959595,
            0.09848510473966599,
            -0.9691624641418457,
            1.5778861045837402
          ],
          [
            0.0,
            0.0,
            0.0,
            1.0
          ]
        ]
      },
      "bone_length_armature_space": 0.11717175704542065,
      "parent": "lowerarm_l",
      "has_children": true,
      "is_end_bone": false
    },
    "index_01_l": {
      "name": "index_01_l",
      "local": {
        "location": {
          "x": 0.0,
          "y": 0.0,
          "z": 0.0
        },
        "rotation_quaternion": {
          "w": 0.9996063709259033,
          "x": -0.022686030715703964,
          "y": 0.015165038406848907,
          "z": 0.006521289236843586
        },
        "scale": {
          "x": 1.0,
          "y": 1.0,
          "z": 1.0
        },
        "matrix_basis": [
          [
            0.9994549751281738,
            -0.013725513592362404,
            0.030022254213690758,
            0.0
          ],
          [
            0.012349375523626804,
            0.9988856315612793,
            0.04555199295282364,
            0.0
          ],
          [
            -0.03061402216553688,
            -0.045156411826610565,
            0.9985107183456421,
            0.0
          ],
          [
            0.0,
            0.0,
            0.0,
            1.0
          ]
        ],
        "rotation_mode": "QUATERNION"
      },
      "armature_space": {
        "head": {
          "x": 0.669881284236908,
          "y": -0.1668737232685089,
          "z": 0.6395717859268188
        },
        "tail": {
          "x": 0.6931294798851013,
          "y": -0.18247653543949127,
          "z": 0.6449702382087708
        }
      },
      "world_space": {
        "head": {
          "x": 0.669881284236908,
          "y": -0.10362972319126129,
          "z": 1.589425802230835
        },
        "tail": {
          "x": 0.6931294798851013,
          "y": -0.11923253536224365,
          "z": 1.5948243141174316
        },
        "rotation_quaternion": {
          "w": 0.1324813961982727,
          "x": 0.8782612681388855,
          "y": 0.45700448751449585,
          "z": -0.04746533930301666
        },
        "matrix": [
          [
            0.5777878761291504,
            0.8153151273727417,
            0.037716031074523926,
            0.669881284236908
          ],
          [
            0.7901621460914612,
            -0.5471910238265991,
            -0.2760905623435974,
            -0.10362972319126129
          ],
          [
            -0.2044636458158493,
            0.18932431936264038,
            -0.9603981971740723,
            1.589425802230835
          ],
          [
            0.0,
            0.0,
            0.0,
            1.0
          ]
        ]
      },
      "bone_length_armature_space": 0.028514376320417548,
      "parent": "metacarpal_index_l",
      "has_children": true,
      "is_end_bone": false
    },
    "index_02_l": {
      "name": "index_02_l",
      "local": {
        "location": {
          "x": 0.0,
          "y": 0.0,
          "z": 0.0
        },
        "rotation_quaternion": {
          "w": 0.977776050567627,
          "x": 0.20934562385082245,
          "y": -0.009071741253137589,
          "z": -0.006801529321819544
        },
        "scale": {
          "x": 1.0,
          "y": 1.0,
          "z": 1.0
        },
        "matrix_basis": [
          [
            0.999742865562439,
            0.009502486325800419,
            -0.02058800309896469,
            0.0
          ],
          [
            -0.017099004238843918,
            0.9122563004493713,
            -0.40926286578178406,
            0.0
          ],
          [
            0.014892522245645523,
            0.40950968861579895,
            0.9121842384338379,
            0.0
          ],
          [
            0.0,
            0.0,
            0.0,
            1.0
          ]
        ],
        "rotation_mode": "QUATERNION"
      },
      "armature_space": {
        "head": {
          "x": 0.6931296586990356,
          "y": -0.18247701227664948,
          "z": 0.6449700593948364
        },
        "tail": {
          "x": 0.7130289077758789,
          "y": -0.1979195773601532,
          "z": 0.6401081085205078
        }
      },
      "world_space": {
        "head": {
          "x": 0.6931296586990356,
          "y": -0.11923301219940186,
          "z": 1.5948240756988525
        },
        "tail": {
          "x": 0.7130289077758789,
          "y": -0.13467557728290558,
          "z": 1.589962124824524
        },
        "rotation_quaternion": {
          "w": 0.019073400646448135,
          "x": -0.8776918053627014,
          "y": -0.4457014799118042,
          "z": 0.17505308985710144
        },
        "matrix": [
          [
            0.5414127707481384,
            0.77569979429245,
            -0.3242871165275574,
            0.6931296586990356
          ],
          [
            0.7890546917915344,
            -0.6019726395606995,
            -0.12256324291229248,
            -0.11923301219940186
          ],
          [
            -0.29028552770614624,
            -0.1895248293876648,
            -0.937991738319397,
            1.5948240756988525
          ],
          [
            0.0,
            0.0,
            0.0,
            1.0
          ]
        ]
      },
      "bone_length_armature_space": 0.025653293951261896,
      "parent": "index_01_l",
      "has_children": true,
      "is_end_bone": false
    },
    "index_03_l": {
      "name": "index_03_l",
      "local": {
        "location": {
          "x": 0.0,
          "y": 0.0,
          "z": 0.0
        },
        "rotation_quaternion": {
          "w": 0.9728778600692749,
          "x": 0.23129314184188843,
          "y": 0.0033557862043380737,
          "z": -0.0009340191027149558
        },
        "scale": {
          "x": 1.0,
          "y": 1.0,
          "z": 1.0
        },
        "matrix_basis": [
          [
            0.9999757409095764,
            0.003369713667780161,
            0.006097475998103619,
            0.0
          ],
          [
            -0.000265032344032079,
            0.8930051922798157,
            -0.45004621148109436,
            0.0
          ],
          [
            -0.006961604580283165,
            0.45003369450569153,
            0.8929844498634338,
            0.0
          ],
          [
            0.0,
            0.0,
            0.0,
            1.0
          ]
        ],
        "rotation_mode": "QUATERNION"
      },
      "armature_space": {
        "head": {
          "x": 0.7130289077758789,
          "y": -0.1979195773601532,
          "z": 0.6401082277297974
        },
        "tail": {
          "x": 0.7289721965789795,
          "y": -0.2119891345500946,
          "z": 0.6200683116912842
        }
      },
      "world_space": {
        "head": {
          "x": 0.7130289077758789,
          "y": -0.13467557728290558,
          "z": 1.5899622440338135
        },
        "tail": {
          "x": 0.7289721965789795,
          "y": -0.14874513447284698,
          "z": 1.5699223279953003
        },
        "rotation_quaternion": {
          "w": 0.28139400482177734,
          "x": -0.8188086152076721,
          "y": -0.42432811856269836,
          "z": 0.2651709318161011
        },
        "matrix": [
          [
            0.49925851821899414,
            0.5456528663635254,
            -0.6730556488037109,
            0.7130289077758789
          ],
          [
            0.8441227078437805,
            -0.48152589797973633,
            0.23577484488487244,
            -0.13467557728290558
          ],
          [
            -0.19544309377670288,
            -0.6858593225479126,
            -0.7010084390640259,
            1.5899622440338135
          ],
          [
            0.0,
            0.0,
            0.0,
            1.0
          ]
        ]
      },
      "bone_length_armature_space": 0.029218814587298577,
      "parent": "index_02_l",
      "has_children": false,
      "is_end_bone": true
    },
    "metacarpal_pinky_l": {
      "name": "metacarpal_pinky_l",
      "local": {
        "location": {
          "x": 0.0,
          "y": 0.0,
          "z": 0.0
        },
        "rotation_quaternion": {
          "w": 0.9999156594276428,
          "x": -0.0032951124012470245,
          "y": -0.01104028895497322,
          "z": -0.006003407295793295
        },
        "scale": {
          "x": 1.0,
          "y": 1.0,
          "z": 1.0
        },
        "matrix_basis": [
          [
            0.9996841549873352,
            0.012078559957444668,
            -0.022039152681827545,
            0.0
          ],
          [
            -0.011933043599128723,
            0.9999061822891235,
            0.006722227670252323,
            0.0
          ],
          [
            0.022118279710412025,
            -0.006457110401242971,
            0.9997345209121704,
            0.0
          ],
          [
            0.0,
            0.0,
            0.0,
            1.0
          ]
        ],
        "rotation_mode": "QUATERNION"
      },
      "armature_space": {
        "head": {
          "x": 0.6036251187324524,
          "y": -0.07092490047216415,
          "z": 0.6280320882797241
        },
        "tail": {
          "x": 0.6960960626602173,
          "y": -0.11073921620845795,
          "z": 0.6546247601509094
        }
      },
      "world_space": {
        "head": {
          "x": 0.6036251187324524,
          "y": -0.007680900394916534,
          "z": 1.5778861045837402
        },
        "tail": {
          "x": 0.6960960626602173,
          "y": -0.04749521613121033,
          "z": 1.6044788360595703
        },
        "rotation_quaternion": {
          "w": 0.5549140572547913,
          "x": 0.2724539339542389,
          "y": 0.029918253421783447,
          "z": -0.785457968711853
        },
        "matrix": [
          [
            -0.2356775999069214,
            0.888027012348175,
            -0.3947962522506714,
            0.6036251187324524
          ],
          [
            -0.8554208278656006,
            -0.38234928250312805,
            -0.34937742352485657,
            -0.007680900394916534
          ],
          [
            -0.4612105190753937,
            0.25537779927253723,
            0.8497533202171326,
            1.5778861045837402
          ],
          [
            0.0,
            0.0,
            0.0,
            1.0
          ]
        ]
      },
      "bone_length_armature_space": 0.10413081050577584,
      "parent": "lowerarm_l",
      "has_children": true,
      "is_end_bone": false
    },
    "pinky_01_l": {
      "name": "pinky_01_l",
      "local": {
        "location": {
          "x": 0.0,
          "y": 0.0,
          "z": 0.0
        },
        "rotation_quaternion": {
          "w": 0.9988015294075012,
          "x": 0.045069269835948944,
          "y": -0.019013067707419395,
          "z": 0.001707043731585145
        },
        "scale": {
          "x": 1.0,
          "y": 1.0,
          "z": 1.0
        },
        "matrix_basis": [
          [
            0.9992711544036865,
            -0.005123805720359087,
            -0.03782669082283974,
            0.0
          ],
          [
            0.0016961856745183468,
            0.9959316849708557,
            -0.09009542316198349,
            0.0
          ],
          [
            0.03813443332910538,
            0.08996559679508209,
            0.9952145218849182,
            0.0
          ],
          [
            0.0,
            0.0,
            0.0,
            1.0
          ]
        ],
        "rotation_mode": "QUATERNION"
      },
      "armature_space": {
        "head": {
          "x": 0.6960960626602173,
          "y": -0.11073921620845795,
          "z": 0.6546247601509094
        },
        "tail": {
