{
  "metadata": {
    "armature_name": "KIM_caucasian_male",
    "export_time": "2026-01-13T21:08:19.023870",
    "blender_version": "4.4.1",
    "bone_count": 56,
    "end_bone_count": 13,
    "spaces_included": [
      "LOCAL_CHANNELS",
      "ARMATURE_SPACE",
      "WORLD_SPACE"
    ],
    "note": "LOCAL matches Transform panel; replay pose via local.matrix_basis for best fidelity."
  },
  "bones": {
    "Root": {
      "name": "Root",
      "local": {
        "location": {
          "x": 0.0,
          "y": 0.0,
          "z": 0.0
        },
        "rotation_quaternion": {
          "w": 0.9998732805252075,
          "x": -0.008768525905907154,
          "y": 0.012914618477225304,
          "z": 0.003129293443635106
        },
        "scale": {
          "x": 1.0,
          "y": 1.0,
          "z": 1.0
        },
        "matrix_basis": [
          [
            0.9996468424797058,
            -0.0064842780120670795,
            0.025771085172891617,
            0.0
          ],
          [
            0.006031309254467487,
            0.9998266696929932,
            0.017615657299757004,
            0.0
          ],
          [
            -0.02588084153831005,
            -0.017454002052545547,
            0.9995126724243164,
            0.0
          ],
          [
            0.0,
            0.0,
            0.0,
            1.0
          ]
        ],
        "rotation_mode": "QUATERNION"
      },
      "armature_space": {
        "head": {
          "x": 0.0,
          "y": 0.07072800397872925,
          "z": -0.009595036506652832
        },
        "tail": {
          "x": -0.0004628209862858057,
          "y": 0.00017973780632019043,
          "z": 0.0012328317388892174
        }
      },
      "world_space": {
        "head": {
          "x": 0.0,
          "y": 0.13397200405597687,
          "z": 0.9402589797973633
        },
        "tail": {
          "x": -0.0004628209862858057,
          "y": 0.06342373788356781,
          "z": 0.9510868191719055
        },
        "rotation_quaternion": {
          "w": 0.07610772550106049,
          "x": 0.9970110654830933,
          "y": -0.002252153819426894,
          "z": 0.013096094131469727
        },
        "matrix": [
          [
            0.9996468424797058,
            -0.0064842780120670795,
            0.025771085172891617,
            0.0
          ],
          [
            -0.002497410634532571,
            -0.9884050488471985,
            -0.15181994438171387,
            0.13397200405597687
          ],
          [
            0.026456894353032112,
            0.15170209109783173,
            -0.9880791902542114,
            0.9402589797973633
          ],
          [
            0.0,
            0.0,
            0.0,
            1.0
          ]
        ]
      },
      "bone_length_armature_space": 0.07137586861384998,
      "parent": null,
      "has_children": true,
      "is_end_bone": false
    },
    "spine_01": {
      "name": "spine_01",
      "local": {
        "location": {
          "x": 0.0,
          "y": 0.0,
          "z": 0.0
        },
        "rotation_quaternion": {
          "w": 0.9993038177490234,
          "x": 0.03223376348614693,
          "y": 0.017611730843782425,
          "z": 0.00654209591448307
        },
        "scale": {
          "x": 1.0,
          "y": 1.0,
          "z": 1.0
        },
        "matrix_basis": [
          [
            0.9992940425872803,
            -0.01193969789892435,
            0.03562069311738014,
            0.0
          ],
          [
            0.014210467226803303,
            0.9978363513946533,
            -0.06419221311807632,
            0.0
          ],
          [
            -0.034777186810970306,
            0.06465308368206024,
            0.9973016381263733,
            0.0
          ],
          [
            0.0,
            0.0,
            0.0,
            1.0
          ]
        ],
        "rotation_mode": "QUATERNION"
      },
      "armature_space": {
        "head": {
          "x": -0.0004628209862858057,
          "y": 0.00017973780632019043,
          "z": 0.0012328317388892174
        },
        "tail": {
          "x": -0.01919783465564251,
          "y": 1.0897871106863022e-05,
          "z": 0.48887765407562256
        }
      },
      "world_space": {
        "head": {
          "x": -0.0004628209862858057,
          "y": 0.06342373788356781,
          "z": 0.9510868191719055
        },
        "tail": {
          "x": -0.01919783465564251,
          "y": 0.06325490027666092,
          "z": 1.4387316703796387
        },
        "rotation_quaternion": {
          "w": 0.706981897354126,
          "x": 0.706777036190033,
          "y": -0.0018636167515069246,
          "z": 0.025288507342338562
        },
        "matrix": [
          [
            0.998714029788971,
            -0.03839132562279701,
            0.03311184421181679,
            -0.0004628209862858057
          ],
          [
            0.03312298655509949,
            -0.0003459826111793518,
            -0.9994513392448425,
            0.06342373788356781
          ],
          [
            0.03838201239705086,
            0.9992696642875671,
            0.000925213098526001,
            0.9510868191719055
          ],
          [
            0.0,
            0.0,
            0.0,
            1.0
          ]
        ]
      },
      "bone_length_armature_space": 0.48800460874815305,
      "parent": "Root",
      "has_children": true,
      "is_end_bone": false
    },
    "neck_01": {
      "name": "neck_01",
      "local": {
        "location": {
          "x": 0.0,
          "y": 0.0,
          "z": 0.0
        },
        "rotation_quaternion": {
          "w": 0.9949939250946045,
          "x": 0.06926391273736954,
          "y": -0.022427326068282127,
          "z": 0.0684594213962555
        },
        "scale": {
          "x": 1.0,
          "y": 1.0,
          "z": 1.0
        },
        "matrix_basis": [
          [
            0.9896206259727478,
            -0.13934022188186646,
            -0.035146571695804596,
            0.0
          ],
          [
            0.13312660157680511,
            0.9810316562652588,
            -0.14090506732463837,
            0.0
          ],
          [
            0.05411364138126373,
            0.13476362824440002,
            0.9893990755081177,
            0.0
          ],
          [
            0.0,
            0.0,
            0.0,
            1.0
          ]
        ],
        "rotation_mode": "QUATERNION"
      },
      "armature_space": {
        "head": {
          "x": -0.020860454067587852,
          "y": -0.03467584773898125,
          "z": 0.5620747208595276
        },
        "tail": {
          "x": -0.036834508180618286,
          "y": -0.0861186683177948,
          "z": 0.6493054032325745
        }
      },
      "world_space": {
        "head": {
          "x": -0.020860454067587852,
          "y": 0.028568152338266373,
          "z": 1.5119287967681885
        },
        "tail": {
          "x": -0.036834508180618286,
          "y": -0.02287466824054718,
          "z": 1.5991594791412354
        },
        "rotation_quaternion": {
          "w": 0.4948514699935913,
          "x": 0.8654386401176453,
          "y": -0.06506579369306564,
          "z": 0.04364033415913582
        },
        "matrix": [
          [
            0.9877239465713501,
            -0.15581201016902924,
            0.011139597743749619,
            -0.020860454067587852
          ],
          [
            -0.06943053752183914,
            -0.5017766952514648,
            -0.8622065186500549,
            0.028568152338266373
          ],
          [
            0.1399325728416443,
            0.8508538007736206,
            -0.5064391493797302,
            1.5119287967681885
          ],
          [
            0.0,
            0.0,
            0.0,
            1.0
          ]
        ]
      },
      "bone_length_armature_space": 0.10252183190397125,
      "parent": "spine_01",
      "has_children": true,
      "is_end_bone": false
    },
    "head": {
      "name": "head",
      "local": {
        "location": {
          "x": 0.0,
          "y": 0.0,
          "z": 0.0
        },
        "rotation_quaternion": {
          "w": 0.9869483709335327,
          "x": -0.02587355300784111,
          "y": -0.15807659924030304,
          "z": 0.01659180037677288
        },
        "scale": {
          "x": 1.0,
          "y": 1.0,
          "z": 1.0
        },
        "matrix_basis": [
          [
            0.9494730234146118,
            -0.024570494890213013,
            -0.31288546323776245,
            0.0
          ],
          [
            0.040930505841970444,
            0.9981105327606201,
            0.04582617059350014,
            0.0
          ],
          [
            0.3111683130264282,
            -0.056317273527383804,
            0.9486846923828125,
            0.0
          ],
          [
            0.0,
            0.0,
            0.0,
            1.0
          ]
        ],
        "rotation_mode": "QUATERNION"
      },
      "armature_space": {
        "head": {
          "x": -0.03683449700474739,
          "y": -0.08611875772476196,
          "z": 0.6493052840232849
        },
        "tail": {
          "x": -0.06337805092334747,
          "y": -0.10140404105186462,
          "z": 0.8013417720794678
        }
      },
      "world_space": {
        "head": {
          "x": -0.03683449700474739,
          "y": -0.022874757647514343,
          "z": 1.5991592407226562
        },
        "tail": {
          "x": -0.06337805092334747,
          "y": -0.038160040974617004,
          "z": 1.7511957883834839
        },
        "rotation_quaternion": {
          "w": 0.6446004509925842,
          "x": 0.7366190552711487,
          "y": -0.18764673173427582,
          "z": -0.08167803287506104
        },
        "matrix": [
          [
            0.9162344932556152,
            -0.1711491495370865,
            -0.36224645376205444,
            -0.03683449700474739
          ],
          [
            -0.38174867630004883,
            -0.09855736047029495,
            -0.9189966917037964,
            -0.022874757647514343
          ],
          [
            0.12158390879631042,
            0.9803099632263184,
            -0.1556394249200821,
            1.5991592407226562
          ],
          [
            0.0,
            0.0,
            0.0,
            1.0
          ]
        ]
      },
      "bone_length_armature_space": 0.1550912409935549,
      "parent": "neck_01",
      "has_children": false,
      "is_end_bone": true
    },
    "upperarm_l": {
      "name": "upperarm_l",
      "local": {
        "location": {
          "x": 0.0,
          "y": 0.0,
          "z": 0.0
        },
        "rotation_quaternion": {
          "w": 0.9110832214355469,
          "x": 0.1576881855726242,
          "y": 0.30188316106796265,
          "z": 0.23222500085830688
        },
        "scale": {
          "x": 1.0,
          "y": 1.0,
          "z": 1.0
        },
        "matrix_basis": [
          [
            0.7098762392997742,
            -0.3279457986354828,
            0.6233196258544922,
            0.0
          ],
          [
            0.5183594226837158,
            0.842411994934082,
            -0.1471244841814041,
            0.0
          ],
          [
            -0.47684308886528015,
            0.4275437593460083,
            0.7680019736289978,
            0.0
          ],
          [
            0.0,
            0.0,
            0.0,
            1.0
          ]
        ],
        "rotation_mode": "QUATERNION"
      },
      "armature_space": {
        "head": {
          "x": 0.131632462143898,
          "y": -0.03287152573466301,
          "z": 0.5006763339042664
        },
        "tail": {
          "x": 0.36377406120300293,
          "y": -0.1328703761100769,
          "z": 0.5896608233451843
        }
      },
      "world_space": {
        "head": {
          "x": 0.131632462143898,
          "y": 0.03037247434258461,
          "z": 1.4505302906036377
        },
        "tail": {
          "x": 0.36377406120300293,
          "y": -0.06962637603282928,
          "z": 1.5395147800445557
        },
        "rotation_quaternion": {
          "w": 0.3453037142753601,
          "x": 0.791933000087738,
          "y": 0.44065672159194946,
          "z": -0.24378114938735962
        },
        "matrix": [
          [
            0.4927842617034912,
            0.8662987351417542,
            -0.08179406821727753,
            0.131632462143898
          ],
          [
            0.5295853018760681,
            -0.3731725811958313,
            -0.7617624402046204,
            0.03037247434258461
          ],
          [
            -0.690441370010376,
            0.3320694863796234,
            -0.6426776051521301,
            1.4505302906036377
          ],
          [
            0.0,
            0.0,
            0.0,
            1.0
          ]
        ]
      },
      "bone_length_armature_space": 0.2679696455626356,
      "parent": "spine_01",
      "has_children": true,
      "is_end_bone": false
    },
    "lowerarm_l": {
      "name": "lowerarm_l",
      "local": {
        "location": {
          "x": 0.0,
          "y": 0.0,
          "z": 0.0
        },
        "rotation_quaternion": {
          "w": 0.8971946239471436,
          "x": 0.4410300552845001,
          "y": 0.020562510937452316,
          "z": -0.01055723987519741
        },
        "scale": {
          "x": 1.0,
          "y": 1.0,
          "z": 1.0
        },
        "matrix_basis": [
          [
            0.9989314675331116,
            0.037081167101860046,
            0.027585027739405632,
            0.0
          ],
          [
            -0.0008064270368777215,
            0.6107620596885681,
            -0.7918137311935425,
            0.0
          ],
          [
            -0.046209268271923065,
            0.7909454107284546,
            0.6101393699645996,
            0.0
          ],
          [
            0.0,
            0.0,
            0.0,
            1.0
          ]
        ],
        "rotation_mode": "QUATERNION"
      },
      "armature_space": {
        "head": {
          "x": 0.36377406120300293,
          "y": -0.13287051022052765,
          "z": 0.5896608829498291
        },
        "tail": {
          "x": 0.4479047656059265,
          "y": -0.37377962470054626,
          "z": 0.5093221664428711
        }
      },
      "world_space": {
        "head": {
          "x": 0.36377406120300293,
          "y": -0.06962651014328003,
          "z": 1.5395148992538452
        },
        "tail": {
          "x": 0.4479047656059265,
          "y": -0.31053560972213745,
          "z": 1.4591761827468872
        },
        "rotation_quaternion": {
          "w": 0.06611321866512299,
          "x": -0.8728771209716797,
          "y": -0.213008850812912,
          "z": 0.43398362398147583
        },
        "matrix": [
          [
            0.5325706005096436,
            0.3144785165786743,
            -0.7857937216758728,
            0.36377406120300293
          ],
          [
            0.4292454421520233,
            -0.9005123972892761,
            -0.069469153881073,
            -0.06962651014328003
          ],
          [
            -0.7294682264328003,
            -0.3003040552139282,
            -0.6145790815353394,
            1.5395148992538452
          ],
          [
            0.0,
            0.0,
            0.0,
            1.0
          ]
        ]
      },
      "bone_length_armature_space": 0.2675247417576681,
      "parent": "upperarm_l",
      "has_children": true,
      "is_end_bone": false
    },
    "metacarpal_thumb_l": {
      "name": "metacarpal_thumb_l",
      "local": {
        "location": {
          "x": 0.0,
          "y": 0.0,
          "z": 0.0
        },
        "rotation_quaternion": {
          "w": 0.999332845211029,
          "x": -0.03524256870150566,
          "y": 0.0029207414481788874,
          "z": 0.009130777791142464
        },
        "scale": {
          "x": 1.0,
          "y": 1.0,
          "z": 1.0
        },
        "matrix_basis": [
          [
            0.9998161792755127,
            -0.01845524087548256,
            0.005194001365453005,
            0.0
          ],
          [
            0.018043503165245056,
            0.997349202632904,
            0.07049144804477692,
            0.0
          ],
          [
            -0.0064811697229743,
            -0.07038477808237076,
            0.9974988698959351,
            0.0
          ],
          [
            0.0,
            0.0,
            0.0,
            1.0
          ]
        ],
        "rotation_mode": "QUATERNION"
      },
      "armature_space": {
        "head": {
          "x": 0.4479047656059265,
          "y": -0.37377962470054626,
          "z": 0.5093221664428711
        },
        "tail": {
          "x": 0.43958237767219543,
          "y": -0.40865305066108704,
          "z": 0.4751434624195099
        }
      },
      "world_space": {
        "head": {
          "x": 0.4479047656059265,
          "y": -0.31053560972213745,
          "z": 1.4591761827468872
        },
        "tail": {
          "x": 0.43958237767219543,
          "y": -0.3454090356826782,
          "z": 1.4249974489212036
        },
        "rotation_quaternion": {
          "w": 0.34301090240478516,
          "x": -0.8985437750816345,
          "y": 0.17414428293704987,
          "z": -0.2112734466791153
        },
        "matrix": [
          [
            0.8500743508338928,
            -0.16801485419273376,
            0.4991437494754791,
            0.4479047656059265
          ],
          [
            -0.45789089798927307,
            -0.7040349841117859,
            0.5428357720375061,
            -0.31053560972213745
          ],
          [
            0.2602115273475647,
            -0.6900094151496887,
            -0.6754188537597656,
            1.4591761827468872
          ],
          [
            0.0,
            0.0,
            0.0,
            1.0
          ]
        ]
      },
      "bone_length_armature_space": 0.04953384531613812,
      "parent": "lowerarm_l",
      "has_children": true,
      "is_end_bone": false
    },
    "thumb_01_l": {
      "name": "thumb_01_l",
      "local": {
        "location": {
          "x": 0.0,
          "y": 0.0,
          "z": 0.0
        },
        "rotation_quaternion": {
          "w": 0.9557790756225586,
          "x": 0.2938803434371948,
          "y": 0.010968437418341637,
          "z": 0.0007363675395026803
        },
        "scale": {
          "x": 1.0,
          "y": 1.0,
          "z": 1.0
        },
        "matrix_basis": [
          [
            0.9997583031654358,
            0.0050392067059874535,
            0.021399613469839096,
            0.0
          ],
          [
            0.007854425348341465,
            0.827267587184906,
            -0.5617532134056091,
            0.0
          ],
          [
            -0.02053399756550789,
            0.5617855191230774,
            0.8270280957221985,
            0.0
          ],
          [
            0.0,
            0.0,
            0.0,
            1.0
          ]
        ],
        "rotation_mode": "QUATERNION"
      },
      "armature_space": {
        "head": {
          "x": 0.43958237767219543,
          "y": -0.40865305066108704,
          "z": 0.4751434624195099
        },
        "tail": {
          "x": 0.4606059491634369,
          "y": -0.4179061949253082,
          "z": 0.4500232934951782
        }
      },
      "world_space": {
        "head": {
          "x": 0.43958237767219543,
          "y": -0.3454090356826782,
          "z": 1.4249974489212036
        },
        "tail": {
          "x": 0.4606059491634369,
          "y": -0.3546621799468994,
          "z": 1.3998773097991943
        },
        "rotation_quaternion": {
          "w": 0.47981488704681396,
          "x": -0.17595863342285156,
          "y": 0.3658629059791565,
          "z": -0.7777921557426453
        },
        "matrix": [
          [
            -0.47763028740882874,
            0.6176391839981079,
            0.6248128414154053,
            0.43958237767219543
          ],
          [
            -0.87514728307724,
            -0.2718431353569031,
            -0.4002731740474701,
            -0.3454090356826782
          ],
          [
            -0.07737444341182709,
            -0.7379912734031677,
            0.6703701019287109,
            1.4249974489212036
          ],
          [
            0.0,
            0.0,
            0.0,
            1.0
          ]
        ]
      },
      "bone_length_armature_space": 0.0340387153471531,
      "parent": "metacarpal_thumb_l",
      "has_children": true,
      "is_end_bone": false
    },
    "thumb_02_l": {
      "name": "thumb_02_l",
      "local": {
        "location": {
          "x": 0.0,
          "y": 0.0,
          "z": 0.0
        },
        "rotation_quaternion": {
          "w": 0.8905911445617676,
          "x": 0.4547244608402252,
          "y": 0.0057378835044801235,
          "z": -0.006350828800350428
        },
        "scale": {
          "x": 1.0,
          "y": 1.0,
          "z": 1.0
        },
        "matrix_basis": [
          [
            0.9998534917831421,
            0.016530295833945274,
            0.00444446224719286,
            0.0
          ],
          [
            -0.006093672011047602,
            0.5863706469535828,
            -0.8100200295448303,
            0.0
          ],
          [
            -0.015995969995856285,
            0.8098742961883545,
            0.5863854885101318,
            0.0
          ],
          [
            0.0,
            0.0,
            0.0,
            1.0
          ]
        ],
        "rotation_mode": "QUATERNION"
      },
      "armature_space": {
        "head": {
          "x": 0.4606059193611145,
          "y": -0.41790613532066345,
          "z": 0.45002326369285583
        },
        "tail": {
          "x": 0.4558183252811432,
          "y": -0.4454832077026367,
          "z": 0.4788290858268738
        }
      },
      "world_space": {
        "head": {
          "x": 0.4606059193611145,
          "y": -0.35466212034225464,
          "z": 1.3998773097991943
        },
        "tail": {
          "x": 0.4558183252811432,
          "y": -0.3822392225265503,
          "z": 1.4286830425262451
        },
        "rotation_quaternion": {
          "w": 0.05988519266247749,
          "x": 0.28587445616722107,
          "y": -0.39129483699798584,
          "z": -0.8726843595504761
        },
        "matrix": [
          [
            -0.8293796181678772,
            -0.11920025944709778,
            -0.5458212494850159,
            0.4606059193611145
          ],
          [
            -0.3282439112663269,
            -0.6866044998168945,
            0.6487143635749817,
            -0.35466212034225464
          ],
          [
            -0.45209360122680664,
            0.7171974182128906,
            0.5303332209587097,
            1.3998773097991943
          ],
          [
            0.0,
            0.0,
            0.0,
            1.0
          ]
        ]
      },
      "bone_length_armature_space": 0.040164553683546905,
      "parent": "thumb_01_l",
      "has_children": true,
      "is_end_bone": false
    },
    "thumb_03_l": {
      "name": "thumb_03_l",
      "local": {
        "location": {
          "x": 0.0,
          "y": 0.0,
          "z": 0.0
        },
        "rotation_quaternion": {
          "w": 0.9895606637001038,
          "x": 0.14389503002166748,
          "y": -0.007791283540427685,
          "z": 0.001839837757870555
        },
        "scale": {
          "x": 1.0,
          "y": 1.0,
          "z": 1.0
        },
        "matrix_basis": [
          [
            0.9998718500137329,
            -0.005883516278117895,
            -0.014890408143401146,
            0.0
          ],
          [
            0.0013990082079544663,
            0.9585816860198975,
            -0.28481438755989075,
            0.0
          ],
          [
            0.01594938151538372,
            0.2847570478916168,
            0.9584670066833496,
            0.0
          ],
          [
            0.0,
            0.0,
            0.0,
            1.0
          ]
        ],
        "rotation_mode": "QUATERNION"
      },
      "armature_space": {
        "head": {
          "x": 0.4558182954788208,
          "y": -0.4454832077026367,
          "z": 0.4788289964199066
        },
        "tail": {
          "x": 0.44536536931991577,
          "y": -0.45259177684783936,
          "z": 0.5065256953239441
        }
      },
      "world_space": {
        "head": {
          "x": 0.4558182954788208,
          "y": -0.3822392225265503,
          "z": 1.4286830425262451
        },
        "tail": {
          "x": 0.44536536931991577,
          "y": -0.38934779167175293,
          "z": 1.4563796520233154
        },
        "rotation_quaternion": {
          "w": 0.12633784115314484,
          "x": 0.4214072823524475,
          "y": -0.6060478687286377,
          "z": -0.6626920700073242
        },
        "matrix": [
          [
            -0.6129071116447449,
            -0.3433394432067871,
            -0.711662232875824,
            0.4558182954788208
          ],
          [
            -0.6782345175743103,
            -0.23349009454250336,
            0.6967644095420837,
            -0.3822392225265503
          ],
          [
            -0.405396044254303,
            0.9097318649291992,
            -0.08975696563720703,
            1.4286830425262451
          ],
          [
            0.0,
            0.0,
            0.0,
            1.0
          ]
        ]
      },
      "bone_length_armature_space": 0.030445074201620945,
      "parent": "thumb_02_l",
      "has_children": false,
      "is_end_bone": true
    },
    "metacarpal_index_l": {
      "name": "metacarpal_index_l",
      "local": {
        "location": {
          "x": 0.0,
          "y": 0.0,
          "z": 0.0
        },
        "rotation_quaternion": {
          "w": 0.9986469149589539,
          "x": -0.048595551401376724,
          "y": -4.2411036702105775e-05,
          "z": 0.018516438081860542
        },
        "scale": {
          "x": 1.0,
          "y": 1.0,
          "z": 1.0
        },
        "matrix_basis": [
          [
            0.9993143081665039,
            -0.036978647112846375,
            -0.0018843403086066246,
            0.0
          ],
          [
            0.03698689118027687,
            0.994591236114502,
            0.09705802798271179,
            0.0
          ],
          [
            -0.0017149257473647594,
            -0.0970611646771431,
            0.995276927947998,
            0.0
          ],
          [
            0.0,
            0.0,
            0.0,
            1.0
          ]
        ],
        "rotation_mode": "QUATERNION"
      },
      "armature_space": {
        "head": {
          "x": 0.4479047656059265,
          "y": -0.37377962470054626,
          "z": 0.5093221664428711
        },
        "tail": {
          "x": 0.4543741047382355,
          "y": -0.4797402322292328,
          "z": 0.4597262144088745
        }
      },
      "world_space": {
        "head": {
          "x": 0.4479047656059265,
          "y": -0.31053560972213745,
          "z": 1.4591761827468872
        },
        "tail": {
          "x": 0.4543741047382355,
          "y": -0.416496217250824,
          "z": 1.4095802307128906
        },
        "rotation_quaternion": {
          "w": 0.21618595719337463,
          "x": -0.975532591342926,
          "y": -0.03323157876729965,
          "z": 0.022259512916207314
        },
        "matrix": [
          [
            0.9968003034591675,
            0.05521256476640701,
            -0.05779816210269928,
            0.4479047656059265
          ],
          [
            0.07446148991584778,
            -0.9043188095092773,
            0.42031311988830566,
            -0.31053560972213745
          ],
          [
            -0.02906166762113571,
            -0.4232757091522217,
            -0.9055423736572266,
            1.4591761827468872
          ],
          [
            0.0,
            0.0,
            0.0,
            1.0
          ]
        ]
      },
      "bone_length_armature_space": 0.11717193069819248,
      "parent": "lowerarm_l",
      "has_children": true,
      "is_end_bone": false
    },
    "index_01_l": {
      "name": "index_01_l",
      "local": {
        "location": {
          "x": 0.0,
          "y": 0.0,
          "z": 0.0
        },
        "rotation_quaternion": {
          "w": 0.948025107383728,
          "x": 0.3181007504463196,
          "y": 0.004197080619633198,
          "z": 0.006536839995533228
        },
        "scale": {
          "x": 1.0,
          "y": 1.0,
          "z": 1.0
        },
        "matrix_basis": [
          [
            0.9998793005943298,
            -0.009723987430334091,
            0.012116623111069202,
            0.0
          ],
          [
            0.015064366161823273,
            0.7975383400917053,
            -0.603080153465271,
            0.0
          ],
          [
            -0.0037991281133145094,
            0.6031898856163025,
            0.797588586807251,
            0.0
          ],
          [
            0.0,
            0.0,
            0.0,
            1.0
          ]
        ],
        "rotation_mode": "QUATERNION"
      },
      "armature_space": {
        "head": {
          "x": 0.4543741047382355,
          "y": -0.4797402322292328,
          "z": 0.4597262144088745
        },
        "tail": {
          "x": 0.4633546471595764,
          "y": -0.4942982494831085,
          "z": 0.436911940574646
        }
      },
      "world_space": {
        "head": {
          "x": 0.4543741047382355,
          "y": -0.416496217250824,
          "z": 1.4095802307128906
        },
        "tail": {
          "x": 0.4633546471595764,
          "y": -0.4310542345046997,
          "z": 1.386765956878662
        },
        "rotation_quaternion": {
          "w": 0.4542091488838196,
          "x": -0.8686100244522095,
          "y": -0.1960080862045288,
          "z": 0.028137801215052605
        },
        "matrix": [
          [
            0.9215778112411499,
            0.31494849920272827,
            -0.2269398421049118,
            0.4543741047382355
          ],
          [
            0.3660711944103241,
            -0.5105500817298889,
            0.7780300974845886,
            -0.416496217250824
          ],
          [
            0.1291763186454773,
            -0.8000972867012024,
            -0.585808515548706,
            1.4095802307128906
          ],
          [
            0.0,
            0.0,
            0.0,
            1.0
          ]
        ]
      },
      "bone_length_armature_space": 0.02851450699805233,
      "parent": "metacarpal_index_l",
      "has_children": true,
      "is_end_bone": false
    },
    "index_02_l": {
      "name": "index_02_l",
      "local": {
        "location": {
          "x": 0.0,
          "y": 0.0,
          "z": 0.0
        },
        "rotation_quaternion": {
          "w": 0.9046037197113037,
          "x": 0.42621713876724243,
          "y": -0.00554301543161273,
          "z": 0.0005829859874211252
        },
        "scale": {
          "x": 1.0,
          "y": 1.0,
          "z": 1.0
        },
        "matrix_basis": [
          [
            0.999937891960144,
            -0.005779799073934555,
            -0.009531507268548012,
            0.0
          ],
          [
            -0.003670313861221075,
            0.6366772055625916,
            -0.7711216807365417,
            0.0
          ],
          [
            0.010525422170758247,
            0.7711087465286255,
            0.6366164684295654,
            0.0
          ],
          [
            0.0,
            0.0,
            0.0,
            1.0
          ]
        ],
        "rotation_mode": "QUATERNION"
      },
      "armature_space": {
        "head": {
          "x": 0.4633544981479645,
          "y": -0.4942982792854309,
          "z": 0.4369114339351654
        },
        "tail": {
          "x": 0.4635246992111206,
          "y": -0.48843586444854736,
          "z": 0.411937415599823
        }
      },
      "world_space": {
        "head": {
          "x": 0.4633544981479645,
          "y": -0.4310542941093445,
          "z": 1.386765480041504
        },
        "tail": {
          "x": 0.4635246992111206,
          "y": -0.42519187927246094,
          "z": 1.3617913722991943
        },
        "rotation_quaternion": {
          "w": 0.7615993618965149,
          "x": -0.6045103073120117,
          "y": -0.1850111037492752,
          "z": 0.14249451458454132
        },
        "matrix": [
          [
            0.890932559967041,
            0.006634578108787537,
            -0.4540870785713196,
            0.4633544981479645
          ],
          [
            0.4407295286655426,
            0.2285250723361969,
            0.8680633902549744,
            -0.4310542941093445
          ],
          [
            0.109530508518219,
            -0.9735219478607178,
            0.2006784975528717,
            1.386765480041504
          ],
          [
            0.0,
            0.0,
            0.0,
            1.0
          ]
        ]
      },
      "bone_length_armature_space": 0.025653430252889717,
      "parent": "index_01_l",
      "has_children": true,
      "is_end_bone": false
    },
    "index_03_l": {
      "name": "index_03_l",
      "local": {
        "location": {
          "x": 0.0,
          "y": 0.0,
          "z": 0.0
        },
        "rotation_quaternion": {
          "w": 0.9338383674621582,
          "x": 0.35763585567474365,
          "y": -0.003550570923835039,
          "z": -0.005474637728184462
        },
        "scale": {
          "x": 1.0,
          "y": 1.0,
          "z": 1.0
        },
        "matrix_basis": [
          [
            0.999914824962616,
            0.007685230579227209,
            -0.010547172278165817,
            0.0
          ],
          [
            -0.012764476239681244,
            0.7441332340240479,
            -0.6679092645645142,
            0.0
          ],
          [
            0.002715465147048235,
            0.667987048625946,
            0.7441679835319519,
            0.0
          ],
          [
            0.0,
            0.0,
            0.0,
            1.0
          ]
        ],
        "rotation_mode": "QUATERNION"
      },
      "armature_space": {
        "head": {
          "x": 0.463524729013443,
          "y": -0.4884359836578369,
          "z": 0.4119373857975006
        },
        "tail": {
          "x": 0.4571135640144348,
          "y": -0.46391114592552185,
          "z": 0.3974059224128723
        }
      },
      "world_space": {
        "head": {
          "x": 0.463524729013443,
          "y": -0.4251919984817505,
          "z": 1.3617913722991943
        },
        "tail": {
          "x": 0.4571135640144348,
          "y": -0.40066713094711304,
          "z": 1.3472599983215332
        },
        "rotation_quaternion": {
          "w": 0.9491081237792969,
          "x": -0.24023602902889252,
          "y": -0.13737230002880096,
          "z": 0.15036416053771973
        },
        "matrix": [
          [
            0.9170387387275696,
            -0.2194201797246933,
            -0.333008348941803,
            0.463524729013443
          ],
          [
            0.3514275550842285,
            0.8393545150756836,
            0.4147081971168518,
            -0.4251919984817505
          ],
          [
            0.18851810693740845,
            -0.4973345994949341,
            0.8468371033668518,
            1.3617913722991943
          ],
          [
            0.0,
            0.0,
            0.0,
            1.0
          ]
        ]
      },
      "bone_length_armature_space": 0.02921872923687797,
      "parent": "index_02_l",
      "has_children": false,
      "is_end_bone": true
    },
    "metacarpal_pinky_l": {
      "name": "metacarpal_pinky_l",
      "local": {
        "location": {
          "x": 0.0,
          "y": 0.0,
          "z": 0.0
        },
        "rotation_quaternion": {
          "w": 0.9987985491752625,
          "x": -0.04728587716817856,
          "y": -0.010341006331145763,
          "z": -0.007659362629055977
        },
        "scale": {
          "x": 1.0,
          "y": 1.0,
          "z": 1.0
        },
        "matrix_basis": [
          [
            0.9996687769889832,
            0.016278287395834923,
            -0.019932804629206657,
            0.0
          ],
          [
            -0.014322353526949883,
            0.9954107403755188,
            0.09461653977632523,
            0.0
          ],
          [
            0.021381523460149765,
            -0.09429971873760223,
            0.9953142404556274,
            0.0
          ],
          [
            0.0,
            0.0,
            0.0,
            1.0
          ]
        ],
        "rotation_mode": "QUATERNION"
      },
      "armature_space": {
        "head": {
          "x": 0.4479047656059265,
          "y": -0.37377962470054626,
          "z": 0.5093221664428711
        },
        "tail": {
          "x": 0.5098973512649536,
          "y": -0.4556463062763214,
          "z": 0.4920598864555359
        }
      },
      "world_space": {
        "head": {
          "x": 0.4479047656059265,
          "y": -0.31053560972213745,
          "z": 1.4591761827468872
        },
        "tail": {
          "x": 0.5098973512649536,
          "y": -0.3924022912979126,
          "z": 1.4419138431549072
        },
        "rotation_quaternion": {
          "w": 0.23965157568454742,
          "x": 0.4335060119628906,
          "y": 0.22242195904254913,
          "z": -0.8397428393363953
        },
        "matrix": [
          [
            -0.5092793107032776,
            0.5953341126441956,
            -0.6214593648910522,
            0.4479047656059265
          ],
          [
            -0.20965000987052917,
            -0.7861911058425903,
            -0.581335186958313,
            -0.31053560972213745
          ],
          [
            -0.8346803784370422,
            -0.16577495634555817,
            0.5252057909965515,
            1.4591761827468872
          ],
          [
            0.0,
            0.0,
            0.0,
            1.0
          ]
        ]
      },
      "bone_length_armature_space": 0.10413078563089773,
      "parent": "lowerarm_l",
      "has_children": true,
      "is_end_bone": false
    },
    "pinky_01_l": {
      "name": "pinky_01_l",
      "local": {
        "location": {
          "x": 0.0,
          "y": 0.0,
          "z": 0.0
        },
        "rotation_quaternion": {
          "w": 0.9506960511207581,
          "x": 0.31000572443008423,
          "y": 0.005445627495646477,
          "z": 0.006624791771173477
        },
        "scale": {
          "x": 1.0,
          "y": 1.0,
          "z": 1.0
        },
        "matrix_basis": [
          [
            0.9998528957366943,
            -0.009219975210726261,
            0.014461719430983067,
            0.0
          ],
          [
            0.015972677618265152,
            0.8077051043510437,
            -0.5893703103065491,
            0.0
          ],
          [
            -0.006246826145797968,
            0.5895146131515503,
            0.8077335953712463,
            0.0
          ],
          [
            0.0,
            0.0,
            0.0,
            1.0
          ]
        ],
        "rotation_mode": "QUATERNION"
      },
      "armature_space": {
        "head": {
          "x": 0.5098973512649536,
          "y": -0.4556463062763214,
          "z": 0.4920598864555359
        },
        "tail": {
