{
  "metadata": {
    "armature_name": "KIM_caucasian_male",
    "export_time": "2026-01-13T20:27:00.559166",
    "blender_version": "4.4.1",
    "bone_count": 56,
    "end_bone_count": 13,
    "spaces_included": [
      "LOCAL_CHANNELS",
      "ARMATURE_SPACE",
      "WORLD_SPACE"
    ],
    "note": "LOCAL matches Transform panel; replay pose via local.matrix_basis for best fidelity."
  },
  "bones": {
    "Root": {
      "name": "Root",
      "local": {
        "location": {
          "x": 0.0,
          "y": 0.0,
          "z": 0.0
        },
        "rotation_quaternion": {
          "w": 0.9996194839477539,
          "x": -0.003921112976968288,
          "y": 0.006709597539156675,
          "z": 0.026469647884368896
        },
        "scale": {
          "x": 1.0,
          "y": 1.0,
          "z": 1.0
        },
        "matrix_basis": [
          [
            0.9985086917877197,
            -0.052971769124269485,
            0.01320650801062584,
            0.0
          ],
          [
            0.052866533398628235,
            0.9985679388046265,
            0.008194442838430405,
            0.0
          ],
          [
            -0.013621670193970203,
            -0.007484040688723326,
            0.9998792409896851,
            0.0
          ],
          [
            0.0,
            0.0,
            0.0,
            1.0
          ]
        ],
        "rotation_mode": "QUATERNION"
      },
      "armature_space": {
        "head": {
          "x": 0.0,
          "y": 0.07072800397872925,
          "z": -0.009595036506652832
        },
        "tail": {
          "x": -0.0037809060886502266,
          "y": 0.0001730993390083313,
          "z": 0.0005155941471457481
        }
      },
      "world_space": {
        "head": {
          "x": 0.0,
          "y": 0.13397200405597687,
          "z": 0.9402589797973633
        },
        "tail": {
          "x": -0.0037809060886502266,
          "y": 0.06341709941625595,
          "z": 0.9503695964813232
        },
        "rotation_quaternion": {
          "w": 0.07125422358512878,
          "x": 0.9970843195915222,
          "y": -0.0259575042873621,
          "z": 0.008477561175823212
        },
        "matrix": [
          [
            0.9985086917877197,
            -0.052971769124269485,
            0.01320650801062584,
            0.0
          ],
          [
            -0.0505555160343647,
            -0.9884980320930481,
            -0.14253352582454681,
            0.13397200405597687
          ],
          [
            0.02060495689511299,
            0.14165334403514862,
            -0.9897089600563049,
            0.9402589797973633
          ],
          [
            0.0,
            0.0,
            0.0,
            1.0
          ]
        ]
      },
      "bone_length_armature_space": 0.07137586920009659,
      "parent": null,
      "has_children": true,
      "is_end_bone": false
    },
    "spine_01": {
      "name": "spine_01",
      "local": {
        "location": {
          "x": 0.0,
          "y": 0.0,
          "z": 0.0
        },
        "rotation_quaternion": {
          "w": 0.9983470439910889,
          "x": -0.05402126908302307,
          "y": 0.013681398704648018,
          "z": -0.01406351663172245
        },
        "scale": {
          "x": 1.0,
          "y": 1.0,
          "z": 1.0
        },
        "matrix_basis": [
          [
            0.9992300868034363,
            0.02660236693918705,
            0.02883702516555786,
            0.0
          ],
          [
            -0.029558714479207993,
            0.9937678575515747,
            0.10747913271188736,
            0.0
          ],
          [
            -0.02579811029136181,
            -0.1082487627863884,
            0.99378901720047,
            0.0
          ],
          [
            0.0,
            0.0,
            0.0,
            1.0
          ]
        ],
        "rotation_mode": "QUATERNION"
      },
      "armature_space": {
        "head": {
          "x": -0.0037809060886502266,
          "y": 0.0001730993390083313,
          "z": 0.0005155941471457481
        },
        "tail": {
          "x": 0.003268116619437933,
          "y": 0.07887899875640869,
          "z": 0.4820799231529236
        }
      },
      "world_space": {
        "head": {
          "x": -0.0037809060886502266,
          "y": 0.06341709941625595,
          "z": 0.9503695964813232
        },
        "tail": {
          "x": 0.003268116619437933,
          "y": 0.1421229988336563,
          "z": 1.431933879852295
        },
        "rotation_quaternion": {
          "w": 0.7619839310646057,
          "x": 0.6474406719207764,
          "y": -0.004622924607247114,
          "z": -0.013406327925622463
        },
        "matrix": [
          [
            0.9995978474617004,
            0.014444682747125626,
            -0.024404874071478844,
            -0.0037809060886502266
          ],
          [
            -0.026417041197419167,
            0.16128218173980713,
            -0.9865546822547913,
            0.06341709941625595
          ],
          [
            -0.010314496234059334,
            0.9868096709251404,
            0.16159911453723907,
            0.9503695964813232
          ],
          [
            0.0,
            0.0,
            0.0,
            1.0
          ]
        ]
      },
      "bone_length_armature_space": 0.4880046422055989,
      "parent": "Root",
      "has_children": true,
      "is_end_bone": false
    },
    "neck_01": {
      "name": "neck_01",
      "local": {
        "location": {
          "x": 0.0,
          "y": 0.0,
          "z": 0.0
        },
        "rotation_quaternion": {
          "w": 0.9900115132331848,
          "x": -0.14047318696975708,
          "y": 0.01197329442948103,
          "z": -0.0010941564105451107
        },
        "scale": {
          "x": 1.0,
          "y": 1.0,
          "z": 1.0
        },
        "matrix_basis": [
          [
            0.9997108578681946,
            -0.0011973987566307187,
            0.024014797061681747,
            0.0
          ],
          [
            -0.0055303084664046764,
            0.9605321884155273,
            0.2781139314174652,
            0.0
          ],
          [
            -0.023399999365210533,
            -0.27816635370254517,
            0.9602478742599487,
            0.0
          ],
          [
            0.0,
            0.0,
            0.0,
            1.0
          ]
        ],
        "rotation_mode": "QUATERNION"
      },
      "armature_space": {
        "head": {
          "x": 0.003479362465441227,
          "y": 0.056473683565855026,
          "z": 0.5599369406700134
        },
        "tail": {
          "x": 0.004609439056366682,
          "y": 0.06203210726380348,
          "z": 0.6623019576072693
        }
      },
      "world_space": {
        "head": {
          "x": 0.003479362465441227,
          "y": 0.11971768736839294,
          "z": 1.5097908973693848
        },
        "tail": {
          "x": 0.004609439056366682,
          "y": 0.1252761036157608,
          "z": 1.6121559143066406
        },
        "rotation_quaternion": {
          "w": 0.7260178923606873,
          "x": 0.6876515746116638,
          "y": 0.0025271279737353325,
          "z": -0.005197722930461168
        },
        "matrix": [
          [
            0.9999331831932068,
            0.011022844351828098,
            -0.003479037433862686,
            0.003479362465441227
          ],
          [
            -0.004071790724992752,
            0.05421723425388336,
            -0.9985209703445435,
            0.11971768736839294
          ],
          [
            -0.0108179971575737,
            0.9984753131866455,
            0.054257914423942566,
            1.5097908973693848
          ],
          [
            0.0,
            0.0,
            0.0,
            1.0
          ]
        ]
      },
      "bone_length_armature_space": 0.10252204777956986,
      "parent": "spine_01",
      "has_children": true,
      "is_end_bone": false
    },
    "head": {
      "name": "head",
      "local": {
        "location": {
          "x": 0.0,
          "y": 0.0,
          "z": 0.0
        },
        "rotation_quaternion": {
          "w": 0.9808182120323181,
          "x": -0.0761338472366333,
          "y": 0.17127788066864014,
          "z": 0.05350933223962784
        },
        "scale": {
          "x": 1.0,
          "y": 1.0,
          "z": 1.0
        },
        "matrix_basis": [
          [
            0.9356012940406799,
            -0.13104593753814697,
            0.327837198972702,
            0.0
          ],
          [
            0.0788857638835907,
            0.9826807975769043,
            0.16767685115337372,
            0.0
          ],
          [
            -0.344132661819458,
            -0.13101699948310852,
            0.9297350645065308,
            0.0
          ],
          [
            0.0,
            0.0,
            0.0,
            1.0
          ]
        ],
        "rotation_mode": "QUATERNION"
      },
      "armature_space": {
        "head": {
          "x": 0.0046094381250441074,
          "y": 0.06203194707632065,
          "z": 0.6623018980026245
        },
        "tail": {
          "x": -0.014005124568939209,
          "y": 0.14340117573738098,
          "z": 0.7930145263671875
        }
      },
      "world_space": {
        "head": {
          "x": 0.0046094381250441074,
          "y": 0.12527593970298767,
          "z": 1.6121559143066406
        },
        "tail": {
          "x": -0.014005124568939209,
          "y": 0.2066451758146286,
          "z": 1.7428685426712036
        },
        "rotation_quaternion": {
          "w": 0.8652090430259705,
          "x": 0.46904805302619934,
          "y": 0.11722531169652939,
          "z": 0.13291145861148834
        },
        "matrix": [
          [
            0.9371854066848755,
            -0.12002409249544144,
            0.32753273844718933,
            0.0046094381250441074
          ],
          [
            0.33996134996414185,
            0.5246574282646179,
            -0.7804877758026123,
            0.12527593970298767
          ],
          [
            -0.07816537469625473,
            0.8428165316581726,
            0.5325077772140503,
            1.6121559143066406
          ],
          [
            0.0,
            0.0,
            0.0,
            1.0
          ]
        ]
      },
      "bone_length_armature_space": 0.15509108303388155,
      "parent": "neck_01",
      "has_children": false,
      "is_end_bone": true
    },
    "upperarm_l": {
      "name": "upperarm_l",
      "local": {
        "location": {
          "x": 0.0,
          "y": 0.0,
          "z": 0.0
        },
        "rotation_quaternion": {
          "w": -0.6659021377563477,
          "x": 0.2931070923805237,
          "y": 0.29616326093673706,
          "z": 0.618829607963562
        },
        "scale": {
          "x": 1.0,
          "y": 1.0,
          "z": 1.0
        },
        "matrix_basis": [
          [
            0.05867447704076767,
            0.9977750182151794,
            -0.03166480362415314,
            0.0
          ],
          [
            -0.6505448222160339,
            0.06227629631757736,
            0.7569104433059692,
            0.0
          ],
          [
            0.7571982145309448,
            -0.02381208911538124,
            0.652751088142395,
            0.0
          ],
          [
            0.0,
            0.0,
            0.0,
            1.0
          ]
        ],
        "rotation_mode": "QUATERNION"
      },
      "armature_space": {
        "head": {
          "x": 0.152370423078537,
          "y": 0.03852546960115433,
          "z": 0.49258384108543396
        },
        "tail": {
          "x": 0.15913985669612885,
          "y": 0.008364362642168999,
          "z": 0.22640132904052734
        }
      },
      "world_space": {
        "head": {
          "x": 0.152370423078537,
          "y": 0.10176946967840195,
          "z": 1.4424378871917725
        },
        "tail": {
          "x": 0.15913985669612885,
          "y": 0.07160836458206177,
          "z": 1.1762553453445435
        },
        "rotation_quaternion": {
          "w": 0.2903684079647064,
          "x": -0.30794596672058105,
          "y": 0.5995074510574341,
          "z": -0.679298460483551
        },
        "matrix": [
          [
            -0.6417111158370972,
            0.025261947885155678,
            0.766530454158783,
            0.152370423078537
          ],
          [
            -0.7637255191802979,
            -0.11255428194999695,
            -0.6356532573699951,
            0.10176946967840195
          ],
          [
            0.07021833211183548,
            -0.9933316707611084,
            0.09152064472436905,
            1.4424378871917725
          ],
          [
            0.0,
            0.0,
            0.0,
            1.0
          ]
        ]
      },
      "bone_length_armature_space": 0.2679713541346952,
      "parent": "spine_01",
      "has_children": true,
      "is_end_bone": false
    },
    "lowerarm_l": {
      "name": "lowerarm_l",
      "local": {
        "location": {
          "x": 0.0,
          "y": 0.0,
          "z": 0.0
        },
        "rotation_quaternion": {
          "w": 0.9085123538970947,
          "x": 0.3247945308685303,
          "y": 0.13179998099803925,
          "z": -0.2274700254201889
        },
        "scale": {
          "x": 1.0,
          "y": 1.0,
          "z": 1.0
        },
        "matrix_basis": [
          [
            0.8617722988128662,
            0.49893447756767273,
            0.0917217805981636,
            0.0
          ],
          [
            -0.3277028203010559,
            0.6855317950248718,
            -0.6501207947731018,
            0.0
          ],
          [
            -0.38724586367607117,
            0.5301985740661621,
            0.7542745471000671,
            0.0
          ],
          [
            0.0,
            0.0,
            0.0,
            1.0
          ]
        ],
        "rotation_mode": "QUATERNION"
      },
      "armature_space": {
        "head": {
          "x": 0.1591399759054184,
          "y": 0.008364411070942879,
          "z": 0.22640123963356018
        },
        "tail": {
          "x": 0.23742428421974182,
          "y": -0.20121291279792786,
          "z": 0.07970897853374481
        }
      },
      "world_space": {
        "head": {
          "x": 0.1591399759054184,
          "y": 0.07160840928554535,
          "z": 1.176255226135254
        },
        "tail": {
          "x": 0.23742428421974182,
          "y": -0.13796891272068024,
          "z": 1.0295629501342773
        },
        "rotation_quaternion": {
          "w": 0.21359801292419434,
          "x": -0.2024940550327301,
          "y": 0.25035688281059265,
          "z": -0.9223304390907288
        },
        "matrix": [
          [
            -0.8267439007759094,
            0.2926248610019684,
            0.48048466444015503,
            0.1591399759054184
          ],
          [
            -0.49540793895721436,
            -0.7833949327468872,
            -0.3753179907798767,
            0.07160840928554535
          ],
          [
            0.26658326387405396,
            -0.5483320951461792,
            0.7926408648490906,
            1.176255226135254
          ],
          [
            0.0,
            0.0,
            0.0,
            1.0
          ]
        ]
      },
      "bone_length_armature_space": 0.2675251542863908,
      "parent": "upperarm_l",
      "has_children": true,
      "is_end_bone": false
    },
    "metacarpal_thumb_l": {
      "name": "metacarpal_thumb_l",
      "local": {
        "location": {
          "x": 0.0,
          "y": 0.0,
          "z": 0.0
        },
        "rotation_quaternion": {
          "w": 0.9988773465156555,
          "x": -0.047146908938884735,
          "y": 0.002811711048707366,
          "z": 0.0036566525232046843
        },
        "scale": {
          "x": 1.0,
          "y": 1.0,
          "z": 1.0
        },
        "matrix_basis": [
          [
            0.9999574422836304,
            -0.007570221554487944,
            0.005272309295833111,
            0.0
          ],
          [
            0.007039967924356461,
            0.9955276250839233,
            0.09420852363109589,
            0.0
          ],
          [
            -0.005961908493191004,
            -0.09416739642620087,
            0.9955385327339172,
            0.0
          ],
          [
            0.0,
            0.0,
            0.0,
            1.0
          ]
        ],
        "rotation_mode": "QUATERNION"
      },
      "armature_space": {
        "head": {
          "x": 0.23742428421974182,
          "y": -0.20121291279792786,
          "z": 0.07970897853374481
        },
        "tail": {
          "x": 0.25954750180244446,
          "y": -0.2454354166984558,
          "z": 0.08262760192155838
        }
      },
      "world_space": {
        "head": {
          "x": 0.23742428421974182,
          "y": -0.13796891272068024,
          "z": 1.0295629501342773
        },
        "tail": {
          "x": 0.25954750180244446,
          "y": -0.1821914166212082,
          "z": 1.0324816703796387
        },
        "rotation_quaternion": {
          "w": 0.20368115603923798,
          "x": 0.5706075429916382,
          "y": 0.11011609435081482,
          "z": -0.7879058718681335
        },
        "matrix": [
          [
            -0.2658420503139496,
            0.44662973284721375,
            -0.8543126583099365,
            0.23742428421974182
          ],
          [
            -0.19529758393764496,
            -0.8927764892578125,
            -0.4059666395187378,
            -0.13796891272068024
          ],
          [
            -0.9440338611602783,
            0.05892195925116539,
            0.32456517219543457,
            1.0295629501342773
          ],
          [
            0.0,
            0.0,
            0.0,
            1.0
          ]
        ]
      },
      "bone_length_armature_space": 0.04953367425487756,
      "parent": "lowerarm_l",
      "has_children": true,
      "is_end_bone": false
    },
    "thumb_01_l": {
      "name": "thumb_01_l",
      "local": {
        "location": {
          "x": 0.0,
          "y": 0.0,
          "z": 0.0
        },
        "rotation_quaternion": {
          "w": 0.9990746378898621,
          "x": 0.03987124189734459,
          "y": -0.011964383535087109,
          "z": 0.010825902223587036
        },
        "scale": {
          "x": 1.0,
          "y": 1.0,
          "z": 1.0
        },
        "matrix_basis": [
          [
            0.9994792938232422,
            -0.02258583903312683,
            -0.02304334007203579,
            0.0
          ],
          [
            0.020677698776125908,
            0.9965861439704895,
            -0.07992774248123169,
            0.0
          ],
          [
            0.02476990781724453,
            0.0794096440076828,
            0.9965342879295349,
            0.0
          ],
          [
            0.0,
            0.0,
            0.0,
            1.0
          ]
        ],
        "rotation_mode": "QUATERNION"
      },
      "armature_space": {
        "head": {
          "x": 0.25954750180244446,
          "y": -0.2454354166984558,
          "z": 0.08262760192155838
        },
        "tail": {
          "x": 0.24764776229858398,
          "y": -0.2753525674343109,
          "z": 0.09367234259843826
        }
      },
      "world_space": {
        "head": {
          "x": 0.25954750180244446,
          "y": -0.1821914166212082,
          "z": 1.0324816703796387
        },
        "tail": {
          "x": 0.24764776229858398,
          "y": -0.2121085673570633,
          "z": 1.0435264110565186
        },
        "rotation_quaternion": {
          "w": 0.14281633496284485,
          "x": 0.9612181186676025,
          "y": -0.20035946369171143,
          "z": -0.12457649409770966
        },
        "matrix": [
          [
            0.8886734843254089,
            -0.34959548711776733,
            -0.2967197895050049,
            0.25954750180244446
          ],
          [
            -0.4207614064216614,
            -0.8789191842079163,
            -0.22463509440422058,
            -0.1821914166212082
          ],
          [
            -0.1822628378868103,
            0.32447707653045654,
            -0.9281752109527588,
            1.0324816703796387
          ],
          [
            0.0,
            0.0,
            0.0,
            1.0
          ]
        ]
      },
      "bone_length_armature_space": 0.0340385959645791,
      "parent": "metacarpal_thumb_l",
      "has_children": true,
      "is_end_bone": false
    },
    "thumb_02_l": {
      "name": "thumb_02_l",
      "local": {
        "location": {
          "x": 0.0,
          "y": 0.0,
          "z": 0.0
        },
        "rotation_quaternion": {
          "w": 0.9890281558036804,
          "x": 0.14760486781597137,
          "y": 0.00186787243001163,
          "z": -0.005722102243453264
        },
        "scale": {
          "x": 1.0,
          "y": 1.0,
          "z": 1.0
        },
        "matrix_basis": [
          [
            0.9999275207519531,
            0.01187005452811718,
            0.002005536574870348,
            0.0
          ],
          [
            -0.010767226107418537,
            0.9563601016998291,
            -0.2919921278953552,
            0.0
          ],
          [
            -0.005383977200835943,
            0.2919493615627289,
            0.9564186334609985,
            0.0
          ],
          [
            0.0,
            0.0,
            0.0,
            1.0
          ]
        ],
        "rotation_mode": "QUATERNION"
      },
      "armature_space": {
        "head": {
          "x": 0.2476477473974228,
          "y": -0.2753525376319885,
          "z": 0.09367238730192184
        },
        "tail": {
          "x": 0.2610936164855957,
          "y": -0.30081507563591003,
          "z": 0.06567133963108063
        }
      },
      "world_space": {
        "head": {
          "x": 0.2476477473974228,
          "y": -0.2121085375547409,
          "z": 1.0435264110565186
        },
        "tail": {
          "x": 0.2610936164855957,
          "y": -0.23757107555866241,
          "z": 1.0155253410339355
        },
        "rotation_quaternion": {
          "w": 0.42045724391937256,
          "x": -0.8730206489562988,
          "y": -0.07897486537694931,
          "z": -0.2341231405735016
        },
        "matrix": [
          [
            0.8778992295265198,
            0.33477067947387695,
            0.34237658977508545,
            0.2476477473974228
          ],
          [
            -0.058982692658901215,
            -0.6339579820632935,
            0.7711149454116821,
            -0.2121085375547409
          ],
          [
            0.4752024710178375,
            -0.6971608400344849,
            -0.5368087291717529,
            1.0435264110565186
          ],
          [
            0.0,
            0.0,
            0.0,
            1.0
          ]
        ]
      },
      "bone_length_armature_space": 0.04016454770547428,
      "parent": "thumb_01_l",
      "has_children": true,
      "is_end_bone": false
    },
    "thumb_03_l": {
      "name": "thumb_03_l",
      "local": {
        "location": {
          "x": 0.0,
          "y": 0.0,
          "z": 0.0
        },
        "rotation_quaternion": {
          "w": 0.9975780844688416,
          "x": 0.06925603002309799,
          "y": 0.0016214094357565045,
          "z": -0.006243596784770489
        },
        "scale": {
          "x": 1.0,
          "y": 1.0,
          "z": 1.0
        },
        "matrix_basis": [
          [
            0.9999167919158936,
            0.012681535445153713,
            0.0023701516911387444,
            0.0
          ],
          [
            -0.012232366017997265,
            0.9903292655944824,
            -0.13819684088230133,
            0.0
          ],
          [
            -0.004099778365343809,
            0.13815635442733765,
            0.9904019236564636,
            0.0
          ],
          [
            0.0,
            0.0,
            0.0,
            1.0
          ]
        ],
        "rotation_mode": "QUATERNION"
      },
      "armature_space": {
        "head": {
          "x": 0.2610936164855957,
          "y": -0.3008151054382324,
          "z": 0.06567142903804779
        },
        "tail": {
          "x": 0.2719540596008301,
          "y": -0.3092162311077118,
          "z": 0.0384984016418457
        }
      },
      "world_space": {
        "head": {
          "x": 0.2610936164855957,
          "y": -0.2375711053609848,
          "z": 1.015525460243225
        },
        "tail": {
          "x": 0.2719540596008301,
          "y": -0.24597223103046417,
          "z": 0.9883524179458618
        },
        "rotation_quaternion": {
          "w": 0.6004276871681213,
          "x": -0.7209570407867432,
          "y": 0.03891921043395996,
          "z": -0.34379178285598755
        },
        "matrix": [
          [
            0.7605863809585571,
            0.35672521591186523,
            0.5424535274505615,
            0.2610936164855957
          ],
          [
            -0.4689601957798004,
            -0.27594509720802307,
            0.8390058279037476,
            -0.2375711053609848
          ],
          [
            0.44898468255996704,
            -0.8925318121910095,
            -0.04258979111909866,
            1.015525460243225
          ],
          [
            0.0,
            0.0,
            0.0,
            1.0
          ]
        ]
      },
      "bone_length_armature_space": 0.030445058249276902,
      "parent": "thumb_02_l",
      "has_children": false,
      "is_end_bone": true
    },
    "metacarpal_index_l": {
      "name": "metacarpal_index_l",
      "local": {
        "location": {
          "x": 0.0,
          "y": 0.0,
          "z": 0.0
        },
        "rotation_quaternion": {
          "w": 0.9994312524795532,
          "x": -0.03279311582446098,
          "y": -0.002876535290852189,
          "z": 0.007330045104026794
        },
        "scale": {
          "x": 1.0,
          "y": 1.0,
          "z": 1.0
        },
        "matrix_basis": [
          [
            0.9998759627342224,
            -0.014463091269135475,
            -0.006230548489838839,
            0.0
          ],
          [
            0.014840413816273212,
            0.9977417588233948,
            0.06550675630569458,
            0.0
          ],
          [
            0.005269048269838095,
            -0.06559109687805176,
            0.9978326559066772,
            0.0
          ],
          [
            0.0,
            0.0,
            0.0,
            1.0
          ]
        ],
        "rotation_mode": "QUATERNION"
      },
      "armature_space": {
        "head": {
          "x": 0.23742428421974182,
          "y": -0.20121291279792786,
          "z": 0.07970897853374481
        },
        "tail": {
          "x": 0.28718987107276917,
          "y": -0.30099114775657654,
          "z": 0.04369603097438812
        }
      },
      "world_space": {
        "head": {
          "x": 0.23742428421974182,
          "y": -0.13796891272068024,
          "z": 1.0295629501342773
        },
        "tail": {
          "x": 0.28718987107276917,
          "y": -0.23774714767932892,
          "z": 0.9935500621795654
        },
        "rotation_quaternion": {
          "w": 0.16509687900543213,
          "x": 0.2782277762889862,
          "y": 0.21671488881111145,
          "z": -0.9210684299468994
        },
        "matrix": [
          [
            -0.7906650900840759,
            0.42472344636917114,
            -0.44097521901130676,
            0.23742428421974182
          ],
          [
            -0.18353956937789917,
            -0.8515554666519165,
            -0.49108731746673584,
            -0.13796891272068024
          ],
          [
            -0.584095299243927,
            -0.30735182762145996,
            0.7512534856796265,
            1.0295629501342773
          ],
          [
            0.0,
            0.0,
            0.0,
            1.0
          ]
        ]
      },
      "bone_length_armature_space": 0.11717184776839201,
      "parent": "lowerarm_l",
      "has_children": true,
      "is_end_bone": false
    },
    "index_01_l": {
      "name": "index_01_l",
      "local": {
        "location": {
          "x": 0.0,
          "y": 0.0,
          "z": 0.0
        },
        "rotation_quaternion": {
          "w": 0.9994478821754456,
          "x": -0.03194110468029976,
          "y": 0.004519163630902767,
          "z": -0.00795080978423357
        },
        "scale": {
          "x": 1.0,
          "y": 1.0,
          "z": 1.0
        },
        "matrix_basis": [
          [
            0.9998327493667603,
            0.01560414582490921,
            0.009541252627968788,
            0.0
          ],
          [
            -0.01618153415620327,
            0.9978330731391907,
            0.06377507746219635,
            0.0
          ],
          [
            -0.008525421842932701,
            -0.06391879916191101,
            0.9979186654090881,
            0.0
          ],
          [
            0.0,
            0.0,
            0.0,
            1.0
          ]
        ],
        "rotation_mode": "QUATERNION"
      },
      "armature_space": {
        "head": {
          "x": 0.28718987107276917,
          "y": -0.30099114775657654,
          "z": 0.04369603097438812
        },
        "tail": {
          "x": 0.29274359345436096,
          "y": -0.3222962021827698,
          "z": 0.025576267391443253
        }
      },
      "world_space": {
        "head": {
          "x": 0.28718987107276917,
          "y": -0.23774714767932892,
          "z": 0.9935500621795654
        },
        "tail": {
          "x": 0.29274359345436096,
          "y": -0.25905221700668335,
          "z": 0.9754303097724915
        },
        "rotation_quaternion": {
          "w": 0.01301718782633543,
          "x": 0.24099786579608917,
          "y": 0.3553118109703064,
          "z": -0.9030526280403137
        },
        "matrix": [
          [
            -0.8835017085075378,
            0.19476892054080963,
            -0.426016628742218,
            0.28718987107276917
          ],
          [
            0.1477476805448532,
            -0.747168779373169,
            -0.6480043530464172,
            -0.23774714767932892
          ],
          [
            -0.4445204436779022,
            -0.6354607939720154,
            0.6313520669937134,
            0.9935500621795654
          ],
          [
            0.0,
            0.0,
            0.0,
            1.0
          ]
        ]
      },
      "bone_length_armature_space": 0.0285144703815824,
      "parent": "metacarpal_index_l",
      "has_children": true,
      "is_end_bone": false
    },
    "index_02_l": {
      "name": "index_02_l",
      "local": {
        "location": {
          "x": 0.0,
          "y": 0.0,
          "z": 0.0
        },
        "rotation_quaternion": {
          "w": 0.989610493183136,
          "x": 0.14336995780467987,
          "y": 0.0069526745937764645,
          "z": 0.00823596864938736
        },
        "scale": {
          "x": 1.0,
          "y": 1.0,
          "z": 1.0
        },
        "matrix_basis": [
          [
            0.9997676610946655,
            -0.014307192526757717,
            0.01612246036529541,
            0.0
          ],
          [
            0.018294410780072212,
            0.9587544202804565,
            -0.2836463153362274,
            0.0
          ],
          [
            -0.011399298906326294,
            0.28387534618377686,
            0.9587934017181396,
            0.0
          ],
          [
            0.0,
            0.0,
            0.0,
            1.0
          ]
        ],
        "rotation_mode": "QUATERNION"
      },
      "armature_space": {
        "head": {
          "x": 0.2927437126636505,
          "y": -0.32229673862457275,
          "z": 0.025576330721378326
        },
        "tail": {
          "x": 0.2949264347553253,
          "y": -0.3450104892253876,
          "z": 0.013853956013917923
        }
      },
      "world_space": {
        "head": {
          "x": 0.2927437126636505,
          "y": -0.25905275344848633,
          "z": 0.9754303693771362
        },
        "tail": {
          "x": 0.2949264347553253,
          "y": -0.28176647424697876,
          "z": 0.9637079834938049
        },
        "rotation_quaternion": {
          "w": 0.009413068182766438,
          "x": -0.2151351422071457,
          "y": -0.23917551338672638,
          "z": 0.9467964172363281
        },
        "matrix": [
          [
            -0.9072568416595459,
            0.08508535474538803,
            -0.4118809103965759,
            0.2927437126636505
          ],
          [
            0.12073440849781036,
            -0.8854132294654846,
            -0.4488504230976105,
            -0.25905275344848633
          ],
          [
            -0.40287816524505615,
            -0.4569544494152069,
            0.7930296063423157,
            0.9754303693771362
          ],
          [
            0.0,
            0.0,
            0.0,
            1.0
          ]
        ]
      },
      "bone_length_armature_space": 0.025653319663776757,
      "parent": "index_01_l",
      "has_children": true,
      "is_end_bone": false
    },
    "index_03_l": {
      "name": "index_03_l",
      "local": {
        "location": {
          "x": 0.0,
          "y": 0.0,
          "z": 0.0
        },
        "rotation_quaternion": {
          "w": 0.9755971431732178,
          "x": 0.21943825483322144,
          "y": 0.00621796166524291,
          "z": -0.0043088458478450775
        },
        "scale": {
          "x": 1.0,
          "y": 1.0,
          "z": 1.0
        },
        "matrix_basis": [
          [
            0.9998855590820312,
            0.01113631296902895,
            0.010241400450468063,
            0.0
          ],
          [
            -0.005678478162735701,
            0.9036566019058228,
            -0.4282202422618866,
            0.0
          ],
          [
            -0.014023502357304096,
            0.42811307311058044,
            0.9036163687705994,
            0.0
          ],
          [
            0.0,
            0.0,
            0.0,
            1.0
          ]
        ],
        "rotation_mode": "QUATERNION"
      },
      "armature_space": {
        "head": {
          "x": 0.2949265241622925,
          "y": -0.3450103998184204,
          "z": 0.013853860087692738
        },
        "tail": {
          "x": 0.28775903582572937,
          "y": -0.3733120560646057,
          "z": 0.012681141495704651
        }
      },
      "world_space": {
        "head": {
          "x": 0.2949265241622925,
          "y": -0.281766414642334,
          "z": 0.9637078642845154
        },
        "tail": {
          "x": 0.28775903582572937,
          "y": -0.3100680708885193,
          "z": 0.9625351428985596
        },
        "rotation_quaternion": {
          "w": 0.12502238154411316,
          "x": -0.2214072197675705,
          "y": 0.007872018963098526,
          "z": 0.9671019911766052
        },
        "matrix": [
          [
            -0.8706966042518616,
            -0.24530501663684845,
            -0.42627832293510437,
            0.2949265241622925
          ],
          [
            0.23833289742469788,
            -0.9686148762702942,
            0.07058849930763245,
            -0.281766414642334
          ],
          [
            -0.4302181601524353,
            -0.04013592004776001,
            0.901840090751648,
            0.9637078642845154
          ],
          [
            0.0,
            0.0,
            0.0,
            1.0
          ]
        ]
      },
      "bone_length_armature_space": 0.029218691014703015,
      "parent": "index_02_l",
      "has_children": false,
      "is_end_bone": true
    },
    "metacarpal_pinky_l": {
      "name": "metacarpal_pinky_l",
      "local": {
        "location": {
          "x": 0.0,
          "y": 0.0,
          "z": 0.0
        },
        "rotation_quaternion": {
          "w": 0.998338520526886,
          "x": -0.05438283830881119,
          "y": 0.007895521819591522,
          "z": 0.017332106828689575
        },
        "scale": {
          "x": 1.0,
          "y": 1.0,
          "z": 1.0
        },
        "matrix_basis": [
          [
            0.999274492263794,
            -0.03546538203954697,
            0.013879668898880482,
            0.0
          ],
          [
            0.03374785929918289,
            0.9934841990470886,
            0.10885865986347198,
            0.0
          ],
          [
            -0.017649944871664047,
            -0.10831127315759659,
            0.9939603209495544,
            0.0
          ],
          [
            0.0,
            0.0,
            0.0,
            1.0
          ]
        ],
        "rotation_mode": "QUATERNION"
      },
      "armature_space": {
        "head": {
          "x": 0.23742428421974182,
          "y": -0.20121291279792786,
          "z": 0.07970897853374481
        },
        "tail": {
          "x": 0.23894613981246948,
          "y": -0.2678467333316803,
          "z": -0.000296860933303833
        }
      },
      "world_space": {
        "head": {
          "x": 0.23742428421974182,
          "y": -0.13796891272068024,
          "z": 1.0295629501342773
        },
        "tail": {
          "x": 0.23894613981246948,
          "y": -0.20460273325443268,
          "z": 0.9495571851730347
        },
        "rotation_quaternion": {
          "w": 0.3449389636516571,
          "x": -0.7259456515312195,
          "y": 0.24711307883262634,
          "z": -0.541253387928009
        },
        "matrix": [
          [
            0.29196104407310486,
            0.01461482048034668,
            0.956318736076355,
            0.23742428421974182
          ],
          [
            -0.7321798205375671,
            -0.6399052739143372,
            0.2333114743232727,
            -0.13796891272068024
          ],
          [
            0.6153667569160461,
            -0.7683209180831909,
            -0.17612764239311218,
            1.0295629501342773
          ],
          [
            0.0,
            0.0,
            0.0,
            1.0
          ]
        ]
      },
      "bone_length_armature_space": 0.10413124604991054,
      "parent": "lowerarm_l",
      "has_children": true,
      "is_end_bone": false
    },
    "pinky_01_l": {
      "name": "pinky_01_l",
      "local": {
        "location": {
          "x": 0.0,
          "y": 0.0,
          "z": 0.0
        },
        "rotation_quaternion": {
          "w": 0.9989826083183289,
          "x": 0.04269246384501457,
          "y": -0.013819923624396324,
          "z": 0.0044917939230799675
        },
        "scale": {
          "x": 1.0,
          "y": 1.0,
          "z": 1.0
        },
        "matrix_basis": [
          [
            0.9995776414871216,
            -0.010154461488127708,
            -0.02722819522023201,
            0.0
          ],
          [
            0.007794434670358896,
            0.9963143467903137,
            -0.08542221039533615,
            0.0
          ],
          [
            0.027995258569717407,
            0.08517390489578247,
            0.995972752571106,
            0.0
          ],
          [
            0.0,
            0.0,
            0.0,
            1.0
          ]
        ],
        "rotation_mode": "QUATERNION"
      },
      "armature_space": {
        "head": {
          "x": 0.23894613981246948,
          "y": -0.2678467333316803,
