{
  "metadata": {
    "armature_name": "KIM_caucasian_male",
    "export_time": "2026-01-13T19:11:35.953860",
    "blender_version": "4.4.1",
    "bone_count": 56,
    "end_bone_count": 13,
    "spaces_included": [
      "LOCAL_CHANNELS",
      "ARMATURE_SPACE",
      "WORLD_SPACE"
    ],
    "note": "LOCAL matches Transform panel; replay pose via local.matrix_basis for best fidelity."
  },
  "bones": {
    "Root": {
      "name": "Root",
      "local": {
        "location": {
          "x": 0.0,
          "y": 0.0,
          "z": 0.0
        },
        "rotation_quaternion": {
          "w": 0.9997801184654236,
          "x": 0.0002788641140796244,
          "y": 0.0063551440834999084,
          "z": -0.01998303271830082
        },
        "scale": {
          "x": 1.0,
          "y": 1.0,
          "z": 1.0
        },
        "matrix_basis": [
          [
            0.9991205930709839,
            0.039960820227861404,
            0.012696348130702972,
            0.0
          ],
          [
            -0.03995373472571373,
            0.9992011785507202,
            -0.0008115957025438547,
            0.0
          ],
          [
            -0.01271863840520382,
            0.00030361549579538405,
            0.999919056892395,
            0.0
          ],
          [
            0.0,
            0.0,
            0.0,
            1.0
          ]
        ],
        "rotation_mode": "QUATERNION"
      },
      "armature_space": {
        "head": {
          "x": 0.0,
          "y": 0.07072800397872925,
          "z": -0.009595036506652832
        },
        "tail": {
          "x": 0.0028522382490336895,
          "y": 5.358457565307617e-05,
          "z": -2.9139220714569092e-05
        }
      },
      "world_space": {
        "head": {
          "x": 0.0,
          "y": 0.13397200405597687,
          "z": 0.9402589797973633
        },
        "tail": {
          "x": 0.0028522382490336895,
          "y": 0.0632975846529007,
          "z": 0.949824869632721
        },
        "rotation_quaternion": {
          "w": 0.06707461178302765,
          "x": 0.9975275993347168,
          "y": 0.020365767180919647,
          "z": 0.004994491580873728
        },
        "matrix": [
          [
            0.9991205930709839,
            0.039960820227861404,
            0.012696348130702972,
            0.0
          ],
          [
            0.04130084440112114,
            -0.9901724457740784,
            -0.13361458480358124,
            0.13397200405597687
          ],
          [
            0.007232314441353083,
            0.13402144610881805,
            -0.9909590482711792,
            0.9402589797973633
          ],
          [
            0.0,
            0.0,
            0.0,
            1.0
          ]
        ]
      },
      "bone_length_armature_space": 0.07137587183138717,
      "parent": null,
      "has_children": true,
      "is_end_bone": false
    },
    "spine_01": {
      "name": "spine_01",
      "local": {
        "location": {
          "x": 0.0,
          "y": 0.0,
          "z": 0.0
        },
        "rotation_quaternion": {
          "w": 0.9995232820510864,
          "x": -0.020117465406656265,
          "y": 0.00980339851230383,
          "z": 0.02127092331647873
        },
        "scale": {
          "x": 1.0,
          "y": 1.0,
          "z": 1.0
        },
        "matrix_basis": [
          [
            0.9989028573036194,
            -0.04291600361466408,
            0.018741615116596222,
            0.0
          ],
          [
            0.042127128690481186,
            0.9982856512069702,
            0.04063280299305916,
            0.0
          ],
          [
            -0.020453283563256264,
            -0.03979869559407234,
            0.9989983439445496,
            0.0
          ],
          [
            0.0,
            0.0,
            0.0,
            1.0
          ]
        ],
        "rotation_mode": "QUATERNION"
      },
      "armature_space": {
        "head": {
          "x": 0.0028522382490336895,
          "y": 5.358457565307617e-05,
          "z": -2.9139220714569092e-05
        },
        "tail": {
          "x": -0.023315899074077606,
          "y": 0.0409790575504303,
          "z": 0.4855518043041229
        }
      },
      "world_space": {
        "head": {
          "x": 0.0028522382490336895,
          "y": 0.0632975846529007,
          "z": 0.949824869632721
        },
        "tail": {
          "x": -0.023315899074077606,
          "y": 0.10422305762767792,
          "z": 1.4354058504104614
        },
        "rotation_quaternion": {
          "w": 0.7361506819725037,
          "x": 0.6756356954574585,
          "y": 0.003694207640364766,
          "z": 0.03981180489063263
        },
        "matrix": [
          [
            0.9968026876449585,
            -0.053623098880052567,
            0.05923587828874588,
            0.0028522382490336895
          ],
          [
            0.06360722333192825,
            0.08386346697807312,
            -0.9944451451301575,
            0.0632975846529007
          ],
          [
            0.04835790395736694,
            0.9950404167175293,
            0.08700583875179291,
            0.949824869632721
          ],
          [
            0.0,
            0.0,
            0.0,
            1.0
          ]
        ]
      },
      "bone_length_armature_space": 0.48800464412893824,
      "parent": "Root",
      "has_children": true,
      "is_end_bone": false
    },
    "neck_01": {
      "name": "neck_01",
      "local": {
        "location": {
          "x": 0.0,
          "y": 0.0,
          "z": 0.0
        },
        "rotation_quaternion": {
          "w": 0.9872755408287048,
          "x": -0.12179449945688248,
          "y": -0.07182088494300842,
          "z": -0.07276700437068939
        },
        "scale": {
          "x": 1.0,
          "y": 1.0,
          "z": 1.0
        },
        "matrix_basis": [
          [
            0.9790934324264526,
            0.16117694973945618,
            -0.12408876419067383,
            0.0
          ],
          [
            -0.12618738412857056,
            0.9597421288490295,
            0.25094184279441833,
            0.0
          ],
          [
            0.15953925251960754,
            -0.23003707826137543,
            0.9600157141685486,
            0.0
          ],
          [
            0.0,
            0.0,
            0.0,
            1.0
          ]
        ],
        "rotation_mode": "QUATERNION"
      },
      "armature_space": {
        "head": {
          "x": -0.025187773630023003,
          "y": 0.012631617486476898,
          "z": 0.5614245533943176
        },
        "tail": {
          "x": -0.013112486340105534,
          "y": 0.006564259063452482,
          "z": 0.6630520224571228
        }
      },
      "world_space": {
        "head": {
          "x": -0.025187773630023003,
          "y": 0.07587561756372452,
          "z": 1.5112786293029785
        },
        "tail": {
          "x": -0.013112486340105534,
          "y": 0.06980825960636139,
          "z": 1.6129059791564941
        },
        "rotation_quaternion": {
          "w": 0.6855035424232483,
          "x": 0.7250496745109558,
          "y": 0.02222595550119877,
          "z": -0.06240176782011986
        },
        "matrix": [
          [
            0.9912241101264954,
            0.11778315901756287,
            -0.06001600623130798,
            -0.025187773630023003
          ],
          [
            -0.0533226877450943,
            -0.059181421995162964,
            -0.9968222379684448,
            0.07587561756372452
          ],
          [
            -0.12096154689788818,
            0.9912810921669006,
            -0.05238287150859833,
            1.5112786293029785
          ],
          [
            0.0,
            0.0,
            0.0,
            1.0
          ]
        ]
      },
      "bone_length_armature_space": 0.10252203814210772,
      "parent": "spine_01",
      "has_children": true,
      "is_end_bone": false
    },
    "head": {
      "name": "head",
      "local": {
        "location": {
          "x": 0.0,
          "y": 0.0,
          "z": 0.0
        },
        "rotation_quaternion": {
          "w": 0.9888229370117188,
          "x": 0.02693783864378929,
          "y": 0.10268006473779678,
          "z": 0.10469193756580353
        },
        "scale": {
          "x": 1.0,
          "y": 1.0,
          "z": 1.0
        },
        "matrix_basis": [
          [
            0.9569928050041199,
            -0.20151162147521973,
            0.20870515704154968,
            0.0
          ],
          [
            0.2125755399465561,
            0.9766278862953186,
            -0.03177395462989807,
            0.0
          ],
          [
            -0.19742445647716522,
            0.07477305829524994,
            0.9774622917175293,
            0.0
          ],
          [
            0.0,
            0.0,
            0.0,
            1.0
          ]
        ],
        "rotation_mode": "QUATERNION"
      },
      "armature_space": {
        "head": {
          "x": -0.013112504966557026,
          "y": 0.006564107723534107,
          "z": 0.663051962852478
        },
        "tail": {
          "x": -0.024456556886434555,
          "y": 0.043518174439668655,
          "z": 0.8132485151290894
        }
      },
      "world_space": {
        "head": {
          "x": -0.013112504966557026,
          "y": 0.06980811059474945,
          "z": 1.6129059791564941
        },
        "tail": {
          "x": -0.024456556886434555,
          "y": 0.10676217079162598,
          "z": 1.7631025314331055
        },
        "rotation_quaternion": {
          "w": 0.7851667404174805,
          "x": 0.6110286116600037,
          "y": 0.051481422036886215,
          "z": 0.08664274960756302
        },
        "matrix": [
          [
            0.979685366153717,
            -0.07314485311508179,
            0.18672576546669006,
            -0.013112504966557026
          ],
          [
            0.19897165894508362,
            0.23827466368675232,
            -0.9505975842475891,
            0.06980811059474945
          ],
          [
            0.025039728730916977,
            0.9684465527534485,
            0.24798868596553802,
            1.6129059791564941
          ],
          [
            0.0,
            0.0,
            0.0,
            1.0
          ]
        ]
      },
      "bone_length_armature_space": 0.1550912456849594,
      "parent": "neck_01",
      "has_children": false,
      "is_end_bone": true
    },
    "upperarm_l": {
      "name": "upperarm_l",
      "local": {
        "location": {
          "x": 0.0,
          "y": 0.0,
          "z": 0.0
        },
        "rotation_quaternion": {
          "w": 0.9396568536758423,
          "x": 0.22031132876873016,
          "y": 0.192148357629776,
          "z": -0.17772744596004486
        },
        "scale": {
          "x": 1.0,
          "y": 1.0,
          "z": 1.0
        },
        "matrix_basis": [
          [
            0.8629839420318604,
            0.41867053508758545,
            0.28279629349708557,
            0.0
          ],
          [
            -0.2493406981229782,
            0.8397517204284668,
            -0.482334166765213,
            0.0
          ],
          [
            -0.4394177794456482,
            0.34573403000831604,
            0.8290838599205017,
            0.0
          ],
          [
            0.0,
            0.0,
            0.0,
            1.0
          ]
        ],
        "rotation_mode": "QUATERNION"
      },
      "armature_space": {
        "head": {
          "x": 0.12812544405460358,
          "y": 0.013365011662244797,
          "z": 0.5020812749862671
        },
        "tail": {
          "x": 0.36441653966903687,
          "y": -0.0628865510225296,
          "z": 0.40128448605537415
        }
      },
      "world_space": {
        "head": {
          "x": 0.12812544405460358,
          "y": 0.07660901546478271,
          "z": 1.4519352912902832
        },
        "tail": {
          "x": 0.36441653966903687,
          "y": 0.0003574490547180176,
          "z": 1.3511384725570679
        },
        "rotation_quaternion": {
          "w": 0.2286757379770279,
          "x": 0.5609208941459656,
          "y": 0.5526561737060547,
          "z": -0.5724040865898132
        },
        "matrix": [
          [
            -0.26615241169929504,
            0.8817837834358215,
            -0.38938456773757935,
            0.12812544405460358
          ],
          [
            0.3582014739513397,
            -0.284553200006485,
            -0.88922518491745,
            0.07660901546478271
          ],
          [
            -0.8949106931686401,
            -0.37615036964416504,
            -0.2401241511106491,
            1.4519352912902832
          ],
          [
            0.0,
            0.0,
            0.0,
            1.0
          ]
        ]
      },
      "bone_length_armature_space": 0.26796972810522246,
      "parent": "spine_01",
      "has_children": true,
      "is_end_bone": false
    },
    "lowerarm_l": {
      "name": "lowerarm_l",
      "local": {
        "location": {
          "x": 0.0,
          "y": 0.0,
          "z": 0.0
        },
        "rotation_quaternion": {
          "w": 0.9760417938232422,
          "x": 0.21698515117168427,
          "y": 0.005654574371874332,
          "z": -0.015100565738976002
        },
        "scale": {
          "x": 1.0,
          "y": 1.0,
          "z": 1.0
        },
        "matrix_basis": [
          [
            0.9994800090789795,
            0.03193148225545883,
            0.004485004581511021,
            0.0
          ],
          [
            -0.027023648843169212,
            0.9053788185119629,
            -0.42374393343925476,
            0.0
          ],
          [
            -0.01759139820933342,
            0.4234023690223694,
            0.9057709574699402,
            0.0
          ],
          [
            0.0,
            0.0,
            0.0,
            1.0
          ]
        ],
        "rotation_mode": "QUATERNION"
      },
      "armature_space": {
        "head": {
          "x": 0.36441662907600403,
          "y": -0.06288665533065796,
          "z": 0.4012845456600189
        },
        "tail": {
          "x": 0.5157285332679749,
          "y": -0.26093223690986633,
          "z": 0.30406224727630615
        }
      },
      "world_space": {
        "head": {
          "x": 0.36441662907600403,
          "y": 0.00035734474658966064,
          "z": 1.3511385917663574
        },
        "tail": {
          "x": 0.5157285332679749,
          "y": -0.1976882368326187,
          "z": 1.2539162635803223
        },
        "rotation_quaternion": {
          "w": 0.11321336776018143,
          "x": 0.5866286754608154,
          "y": 0.3421092629432678,
          "z": -0.7252659797668457
        },
        "matrix": [
          [
            -0.286099910736084,
            0.5656001567840576,
            -0.7734618186950684,
            0.36441662907600403
          ],
          [
            0.2371613085269928,
            -0.740289568901062,
            -0.6290677189826965,
            0.00035734474658966064
          ],
          [
            -0.9283926486968994,
            -0.3634145259857178,
            0.07765822112560272,
            1.3511385917663574
          ],
          [
            0.0,
            0.0,
            0.0,
            1.0
          ]
        ]
      },
      "bone_length_armature_space": 0.2675248044202999,
      "parent": "upperarm_l",
      "has_children": true,
      "is_end_bone": false
    },
    "metacarpal_thumb_l": {
      "name": "metacarpal_thumb_l",
      "local": {
        "location": {
          "x": 0.0,
          "y": 0.0,
          "z": 0.0
        },
        "rotation_quaternion": {
          "w": 0.999846875667572,
          "x": -0.004369518719613552,
          "y": 0.008568758144974709,
          "z": -0.014622470363974571
        },
        "scale": {
          "x": 1.0,
          "y": 1.0,
          "z": 1.0
        },
        "matrix_basis": [
          [
            0.9994255304336548,
            0.02916557900607586,
            0.01726267859339714,
            0.0
          ],
          [
            -0.029315344989299774,
            0.9995341897010803,
            0.008487106300890446,
            0.0
          ],
          [
            -0.01700710505247116,
            -0.008988291956484318,
            0.9998149871826172,
            0.0
          ],
          [
            0.0,
            0.0,
            0.0,
            1.0
          ]
        ],
        "rotation_mode": "QUATERNION"
      },
      "armature_space": {
        "head": {
          "x": 0.5157285332679749,
          "y": -0.26093223690986633,
          "z": 0.30406224727630615
        },
        "tail": {
          "x": 0.514201819896698,
          "y": -0.30603569746017456,
          "z": 0.2836431860923767
        }
      },
      "world_space": {
        "head": {
          "x": 0.5157285332679749,
          "y": -0.1976882368326187,
          "z": 1.2539162635803223
        },
        "tail": {
          "x": 0.514201819896698,
          "y": -0.24279169738292694,
          "z": 1.233497142791748
        },
        "rotation_quaternion": {
          "w": 0.21046707034111023,
          "x": -0.9629576206207275,
          "y": -0.020564377307891846,
          "z": 0.16731230914592743
        },
        "matrix": [
          [
            0.9431674480438232,
            -0.030822141095995903,
            -0.3308854103088379,
            0.5157285332679749
          ],
          [
            0.11003266274929047,
            -0.9105616211891174,
            0.39845985174179077,
            -0.1976882368326187
          ],
          [
            -0.31357502937316895,
            -0.4122261106967926,
            -0.8554262518882751,
            1.2539162635803223
          ],
          [
            0.0,
            0.0,
            0.0,
            1.0
          ]
        ]
      },
      "bone_length_armature_space": 0.04953373647844502,
      "parent": "lowerarm_l",
      "has_children": true,
      "is_end_bone": false
    },
    "thumb_01_l": {
      "name": "thumb_01_l",
      "local": {
        "location": {
          "x": 0.0,
          "y": 0.0,
          "z": 0.0
        },
        "rotation_quaternion": {
          "w": 0.9852316975593567,
          "x": 0.17109468579292297,
          "y": 0.006597424857318401,
          "z": 0.0013323241146281362
        },
        "scale": {
          "x": 1.0,
          "y": 1.0,
          "z": 1.0
        },
        "matrix_basis": [
          [
            0.9999094009399414,
            -0.00036772721796296537,
            0.01345589105039835,
            0.0
          ],
          [
            0.0048828646540641785,
            0.9414496421813965,
            -0.3371182382106781,
            0.0
          ],
          [
            -0.012544076889753342,
            0.3371534049510956,
            0.9413661360740662,
            0.0
          ],
          [
            0.0,
            0.0,
            0.0,
            1.0
          ]
        ],
        "rotation_mode": "QUATERNION"
      },
      "armature_space": {
        "head": {
          "x": 0.514201819896698,
          "y": -0.30603569746017456,
          "z": 0.2836431860923767
        },
        "tail": {
          "x": 0.5124097466468811,
          "y": -0.3154663145542145,
          "z": 0.2509859800338745
        }
      },
      "world_space": {
        "head": {
          "x": 0.514201819896698,
          "y": -0.24279169738292694,
          "z": 1.233497142791748
        },
        "tail": {
          "x": 0.5124097466468811,
          "y": -0.25222229957580566,
          "z": 1.2008399963378906
        },
        "rotation_quaternion": {
          "w": 0.4481174051761627,
          "x": -0.6238808035850525,
          "y": 0.4008276164531708,
          "z": -0.49930045008659363
        },
        "matrix": [
          [
            0.18007329106330872,
            -0.05264812707901001,
            0.9822432994842529,
            0.514201819896698
          ],
          [
            -0.9476273655891418,
            -0.27705633640289307,
            0.15887713432312012,
            -0.24279169738292694
          ],
          [
            0.26377320289611816,
            -0.9594171047210693,
            -0.09978184103965759,
            1.233497142791748
          ],
          [
            0.0,
            0.0,
            0.0,
            1.0
          ]
        ]
      },
      "bone_length_armature_space": 0.03403881857413243,
      "parent": "metacarpal_thumb_l",
      "has_children": true,
      "is_end_bone": false
    },
    "thumb_02_l": {
      "name": "thumb_02_l",
      "local": {
        "location": {
          "x": 0.0,
          "y": 0.0,
          "z": 0.0
        },
        "rotation_quaternion": {
          "w": 0.9421296715736389,
          "x": 0.3351823687553406,
          "y": 0.006269213743507862,
          "z": -0.0022932214196771383
        },
        "scale": {
          "x": 1.0,
          "y": 1.0,
          "z": 1.0
        },
        "matrix_basis": [
          [
            0.9999108910560608,
            0.008523683995008469,
            0.010275529697537422,
            0.0
          ],
          [
            -0.0001183640633826144,
            0.7752950191497803,
            -0.6315992474555969,
            0.0
          ],
          [
            -0.01335011888295412,
            0.6315417289733887,
            0.7752269506454468,
            0.0
          ],
          [
            0.0,
            0.0,
            0.0,
            1.0
          ]
        ],
        "rotation_mode": "QUATERNION"
      },
      "armature_space": {
        "head": {
          "x": 0.5124096870422363,
          "y": -0.3154662549495697,
          "z": 0.2509859800338745
        },
        "tail": {
          "x": 0.5462184548377991,
          "y": -0.33435186743736267,
          "z": 0.26163870096206665
        }
      },
      "world_space": {
        "head": {
          "x": 0.5124096870422363,
          "y": -0.2522222399711609,
          "z": 1.2008399963378906
        },
        "tail": {
          "x": 0.5462184548377991,
          "y": -0.27110785245895386,
          "z": 1.2114927768707275
        },
        "rotation_quaternion": {
          "w": 0.472292423248291,
          "x": -0.08853984624147415,
          "y": -0.20453770458698273,
          "z": -0.852798342704773
        },
        "matrix": [
          [
            -0.5382009744644165,
            0.8417598605155945,
            -0.04219129681587219,
            0.5124096870422363
          ],
          [
            -0.7693212628364563,
            -0.47020745277404785,
            0.4324922561645508,
            -0.2522222399711609
          ],
          [
            0.3442177474498749,
            0.2652278244495392,
            0.900656521320343,
            1.2008399963378906
          ],
          [
            0.0,
            0.0,
            0.0,
            1.0
          ]
        ]
      },
      "bone_length_armature_space": 0.04016440749224283,
      "parent": "thumb_01_l",
      "has_children": true,
      "is_end_bone": false
    },
    "thumb_03_l": {
      "name": "thumb_03_l",
      "local": {
        "location": {
          "x": 0.0,
          "y": 0.0,
          "z": 0.0
        },
        "rotation_quaternion": {
          "w": 0.9842954277992249,
          "x": 0.1763647496700287,
          "y": -0.0073051732033491135,
          "z": -0.002158490242436528
        },
        "scale": {
          "x": 1.0,
          "y": 1.0,
          "z": 1.0
        },
        "matrix_basis": [
          [
            0.9998839497566223,
            0.0016724340384826064,
            -0.015142260119318962,
            0.0
          ],
          [
            -0.006825934164226055,
            0.9377816319465637,
            -0.3471584916114807,
            0.0
          ],
          [
            0.013619533739984035,
            0.34722158312797546,
            0.9376842379570007,
            0.0
          ],
          [
            0.0,
            0.0,
            0.0,
            1.0
          ]
        ],
        "rotation_mode": "QUATERNION"
      },
      "armature_space": {
        "head": {
          "x": 0.5462183952331543,
          "y": -0.33435189723968506,
          "z": 0.2616386413574219
        },
        "tail": {
          "x": 0.56685870885849,
          "y": -0.33832064270973206,
          "z": 0.28366419672966003
        }
      },
      "world_space": {
        "head": {
          "x": 0.5462183952331543,
          "y": -0.27110791206359863,
          "z": 1.211492657661438
        },
        "tail": {
          "x": 0.56685870885849,
          "y": -0.27507662773132324,
          "z": 1.2335182428359985
        },
        "rotation_quaternion": {
          "w": 0.565375804901123,
          "x": 0.20576949417591095,
          "y": -0.3393675982952118,
          "z": -0.7230759859085083
        },
        "matrix": [
          [
            -0.2760157883167267,
            0.6779564023017883,
            -0.6813153028488159,
            0.5462183952331543
          ],
          [
            -0.9572829008102417,
            -0.13035821914672852,
            0.2581004798412323,
            -0.27110791206359863
          ],
          [
            0.08616562187671661,
            0.7234562635421753,
            0.684982180595398,
            1.211492657661438
          ],
          [
            0.0,
            0.0,
            0.0,
            1.0
          ]
        ]
      },
      "bone_length_armature_space": 0.030445008868653325,
      "parent": "thumb_02_l",
      "has_children": false,
      "is_end_bone": true
    },
    "metacarpal_index_l": {
      "name": "metacarpal_index_l",
      "local": {
        "location": {
          "x": 0.0,
          "y": 0.0,
          "z": 0.0
        },
        "rotation_quaternion": {
          "w": 0.9999370574951172,
          "x": -0.008977686986327171,
          "y": 0.005897966679185629,
          "z": 0.0032353620044887066
        },
        "scale": {
          "x": 1.0,
          "y": 1.0,
          "z": 1.0
        },
        "matrix_basis": [
          [
            0.999909520149231,
            -0.006576216779649258,
            0.011737098917365074,
            0.0
          ],
          [
            0.00636441633105278,
            0.9998178482055664,
            0.017992407083511353,
            0.0
          ],
          [
            -0.011853283271193504,
            -0.017916079610586166,
            0.9997692108154297,
            0.0
          ],
          [
            0.0,
            0.0,
            0.0,
            1.0
          ]
        ],
        "rotation_mode": "QUATERNION"
      },
      "armature_space": {
        "head": {
          "x": 0.5157285332679749,
          "y": -0.26093223690986633,
          "z": 0.30406224727630615
        },
        "tail": {
          "x": 0.5505936741828918,
          "y": -0.3648728132247925,
          "z": 0.26270976662635803
        }
      },
      "world_space": {
        "head": {
          "x": 0.5157285332679749,
          "y": -0.1976882368326187,
          "z": 1.2539162635803223
        },
        "tail": {
          "x": 0.5505936741828918,
          "y": -0.30162882804870605,
          "z": 1.2125637531280518
        },
        "rotation_quaternion": {
          "w": 0.10028491169214249,
          "x": -0.8810587525367737,
          "y": -0.21541477739810944,
          "z": 0.4089924693107605
        },
        "matrix": [
          [
            0.5726428031921387,
            0.29755598306655884,
            -0.7638982534408569,
            0.5157285332679749
          ],
          [
            0.4616180956363678,
            -0.8870788216590881,
            0.0005059130489826202,
            -0.1976882368326187
          ],
          [
            -0.6774916052818298,
            -0.35292208194732666,
            -0.6453409790992737,
            1.2539162635803223
          ],
          [
            0.0,
            0.0,
            0.0,
            1.0
          ]
        ]
      },
      "bone_length_armature_space": 0.11717187956177809,
      "parent": "lowerarm_l",
      "has_children": true,
      "is_end_bone": false
    },
    "index_01_l": {
      "name": "index_01_l",
      "local": {
        "location": {
          "x": 0.0,
          "y": 0.0,
          "z": 0.0
        },
        "rotation_quaternion": {
          "w": 0.9741798043251038,
          "x": 0.2251659333705902,
          "y": 0.010521666146814823,
          "z": -0.01277872733771801
        },
        "scale": {
          "x": 1.0,
          "y": 1.0,
          "z": 1.0
        },
        "matrix_basis": [
          [
            0.9994519948959351,
            0.029635798186063766,
            0.014745321124792099,
            0.0
          ],
          [
            -0.020159315317869186,
            0.8982740044593811,
            -0.4389731287956238,
            0.0
          ],
          [
            -0.02625465765595436,
            0.43843531608581543,
            0.8983792066574097,
            0.0
          ],
          [
            0.0,
            0.0,
            0.0,
            1.0
          ]
        ],
        "rotation_mode": "QUATERNION"
      },
      "armature_space": {
        "head": {
          "x": 0.5505936741828918,
          "y": -0.3648728132247925,
          "z": 0.26270976662635803
        },
        "tail": {
          "x": 0.5570898652076721,
          "y": -0.3823116719722748,
          "z": 0.2411050796508789
        }
      },
      "world_space": {
        "head": {
          "x": 0.5505936741828918,
          "y": -0.30162882804870605,
          "z": 1.2125637531280518
        },
        "tail": {
          "x": 0.5570898652076721,
          "y": -0.31906765699386597,
          "z": 1.190959095954895
        },
        "rotation_quaternion": {
          "w": 0.3121556341648102,
          "x": -0.791364312171936,
          "y": -0.3110761046409607,
          "z": 0.4237136244773865
        },
        "matrix": [
          [
            0.44739678502082825,
            0.22782152891159058,
            -0.8648314476013184,
            0.5505936741828918
          ],
          [
            0.7568786144256592,
            -0.6115812659263611,
            0.23044192790985107,
            -0.30162882804870605
          ],
          [
            -0.4764176905155182,
            -0.7576769590377808,
            -0.44605571031570435,
            1.2125637531280518
          ],
          [
            0.0,
            0.0,
            0.0,
            1.0
          ]
        ]
      },
      "bone_length_armature_space": 0.02851450106542189,
      "parent": "metacarpal_index_l",
      "has_children": true,
      "is_end_bone": false
    },
    "index_02_l": {
      "name": "index_02_l",
      "local": {
        "location": {
          "x": 0.0,
          "y": 0.0,
          "z": 0.0
        },
        "rotation_quaternion": {
          "w": 0.9233070611953735,
          "x": 0.3839472234249115,
          "y": -0.002202326897531748,
          "z": -0.009153111837804317
        },
        "scale": {
          "x": 1.0,
          "y": 1.0,
          "z": 1.0
        },
        "matrix_basis": [
          [
            0.999822735786438,
            0.015211110934615135,
            -0.011095471680164337,
            0.0
          ],
          [
            -0.01859341934323311,
            0.7050014734268188,
            -0.7089620232582092,
            0.0
          ],
          [
            -0.002961775753647089,
            0.7090426683425903,
            0.7051593661308289,
            0.0
          ],
          [
            0.0,
            0.0,
            0.0,
            1.0
          ]
        ],
        "rotation_mode": "QUATERNION"
      },
      "armature_space": {
        "head": {
          "x": 0.5570895671844482,
          "y": -0.38231202960014343,
          "z": 0.24110476672649384
        },
        "tail": {
          "x": 0.546083390712738,
          "y": -0.38989120721817017,
          "z": 0.21920686960220337
        }
      },
      "world_space": {
        "head": {
          "x": 0.5570895671844482,
          "y": -0.3190680146217346,
          "z": 1.1909587383270264
        },
        "tail": {
          "x": 0.546083390712738,
          "y": -0.32664722204208374,
          "z": 1.1690609455108643
        },
        "rotation_quaternion": {
          "w": 0.5733341574668884,
          "x": -0.6011430025100708,
          "y": -0.15351133048534393,
          "z": 0.5351160764694214
        },
        "matrix": [
          [
            0.3801664412021637,
            -0.42903566360473633,
            -0.819391131401062,
            0.5570895671844482
          ],
          [
            0.7981669306755066,
            -0.29544633626937866,
            0.5250154733657837,
            -0.3190680146217346
          ],
          [
            -0.46733900904655457,
            -0.8536102771759033,
            0.23012515902519226,
            1.1909587383270264
          ],
          [
            0.0,
            0.0,
            0.0,
            1.0
          ]
        ]
      },
      "bone_length_armature_space": 0.025653416229506416,
      "parent": "index_01_l",
      "has_children": true,
      "is_end_bone": false
    },
    "index_03_l": {
      "name": "index_03_l",
      "local": {
        "location": {
          "x": 0.0,
          "y": 0.0,
          "z": 0.0
        },
        "rotation_quaternion": {
          "w": 0.9669345021247864,
          "x": 0.2549230456352234,
          "y": -0.003366331569850445,
          "z": -0.006382868159562349
        },
        "scale": {
          "x": 1.0,
          "y": 1.0,
          "z": 1.0
        },
        "matrix_basis": [
          [
            0.9998958706855774,
            0.010627320036292076,
            -0.009764324873685837,
            0.0
          ],
          [
            -0.014059942215681076,
            0.8699470162391663,
            -0.4929448068141937,
            0.0
          ],
          [
            0.003255763789638877,
            0.49303075671195984,
            0.8700058460235596,
            0.0
          ],
          [
            0.0,
            0.0,
            0.0,
            1.0
          ]
        ],
        "rotation_mode": "QUATERNION"
      },
      "armature_space": {
        "head": {
          "x": 0.5460835099220276,
          "y": -0.38989129662513733,
          "z": 0.21920686960220337
        },
        "tail": {
          "x": 0.5236815810203552,
          "y": -0.3853980302810669,
          "z": 0.20099420845508575
        }
      },
      "world_space": {
        "head": {
          "x": 0.5460835099220276,
          "y": -0.3266472816467285,
          "z": 1.1690609455108643
        },
        "tail": {
          "x": 0.5236815810203552,
          "y": -0.32215404510498047,
          "z": 1.1508482694625854
        },
        "rotation_quaternion": {
          "w": 0.7594677209854126,
          "x": -0.4036448001861572,
          "y": -0.010005812160670757,
          "z": 0.5100780725479126
        },
        "matrix": [
          [
            0.4794386327266693,
            -0.7666979432106018,
            -0.42698103189468384,
            0.5460835099220276
          ],
          [
            0.7828550934791565,
            0.1537807285785675,
            0.602901041507721,
            -0.3266472816467285
          ],
          [
            -0.39658358693122864,
            -0.623322606086731,
            0.6739468574523926,
            1.1690609455108643
          ],
          [
            0.0,
            0.0,
            0.0,
            1.0
          ]
        ]
      },
      "bone_length_armature_space": 0.029218776207654513,
      "parent": "index_02_l",
      "has_children": false,
      "is_end_bone": true
    },
    "metacarpal_pinky_l": {
      "name": "metacarpal_pinky_l",
      "local": {
        "location": {
          "x": 0.0,
          "y": 0.0,
          "z": 0.0
        },
        "rotation_quaternion": {
          "w": 0.999692976474762,
          "x": -0.017984958365559578,
          "y": -0.016125639900565147,
          "z": -0.005518939346075058
        },
        "scale": {
          "x": 1.0,
          "y": 1.0,
          "z": 1.0
        },
        "matrix_basis": [
          [
            0.9994190335273743,
            0.011614527553319931,
            -0.032042860984802246,
            0.0
          ],
          [
            -0.01045445166528225,
            0.9992921948432922,
            0.03613686561584473,
            0.0
          ],
          [
            0.03243989497423172,
            -0.035780880600214005,
            0.9988330006599426,
            0.0
          ],
          [
            0.0,
            0.0,
            0.0,
            1.0
          ]
        ],
        "rotation_mode": "QUATERNION"
      },
      "armature_space": {
        "head": {
          "x": 0.5157285332679749,
          "y": -0.26093223690986633,
          "z": 0.30406224727630615
        },
        "tail": {
          "x": 0.5948569178581238,
          "y": -0.31351184844970703,
          "z": 0.26143208146095276
        }
      },
      "world_space": {
        "head": {
          "x": 0.5157285332679749,
          "y": -0.1976882368326187,
          "z": 1.2539162635803223
        },
        "tail": {
          "x": 0.5948569178581238,
          "y": -0.2502678632736206,
          "z": 1.2112860679626465
        },
        "rotation_quaternion": {
          "w": 0.4319530129432678,
          "x": 0.021740427240729332,
          "y": 0.24687491357326508,
          "z": -0.8671774864196777
        },
        "matrix": [
          [
            -0.6258874535560608,
            0.7598941922187805,
            0.17557266354560852,
            0.5157285332679749
          ],
          [
            -0.7384266257286072,
            -0.5049384832382202,
            -0.4469493329524994,
            -0.1976882368326187
          ],
          [
            -0.25098317861557007,
            -0.4093906879425049,
            0.877166211605072,
            1.2539162635803223
          ],
          [
            0.0,
            0.0,
            0.0,
            1.0
          ]
        ]
      },
      "bone_length_armature_space": 0.1041309164335611,
      "parent": "lowerarm_l",
      "has_children": true,
      "is_end_bone": false
    },
    "pinky_01_l": {
      "name": "pinky_01_l",
      "local": {
        "location": {
          "x": 0.0,
          "y": 0.0,
          "z": 0.0
        },
        "rotation_quaternion": {
          "w": 0.9426456093788147,
          "x": 0.33324527740478516,
          "y": -0.01586412824690342,
          "z": -0.010732632130384445
        },
        "scale": {
          "x": 1.0,
          "y": 1.0,
          "z": 1.0
        },
        "matrix_basis": [
          [
            0.9992662668228149,
            0.009660845622420311,
            -0.037061698734760284,
            0.0
          ],
          [
            -0.030807428061962128,
            0.7776647806167603,
            -0.627923846244812,
            0.0
          ],
          [
            0.022755304351449013,
            0.6286049485206604,
            0.7773918509483337,
            0.0
          ],
          [
            0.0,
            0.0,
            0.0,
            1.0
          ]
        ],
        "rotation_mode": "QUATERNION"
      },
      "armature_space": {
        "head": {
          "x": 0.5948569178581238,
          "y": -0.31351184844970703,
          "z": 0.26143208146095276
        },
