{
  "metadata": {
    "armature_name": "KIM_caucasian_male",
    "export_time": "2026-01-13T21:05:36.558037",
    "blender_version": "4.4.1",
    "bone_count": 56,
    "end_bone_count": 13,
    "spaces_included": [
      "LOCAL_CHANNELS",
      "ARMATURE_SPACE",
      "WORLD_SPACE"
    ],
    "note": "LOCAL matches Transform panel; replay pose via local.matrix_basis for best fidelity."
  },
  "bones": {
    "Root": {
      "name": "Root",
      "local": {
        "location": {
          "x": 0.0,
          "y": 0.0,
          "z": 0.0
        },
        "rotation_quaternion": {
          "w": 0.9999279975891113,
          "x": 0.006896600127220154,
          "y": 0.009818724356591702,
          "z": -0.00024134005070663989
        },
        "scale": {
          "x": 1.0,
          "y": 1.0,
          "z": 1.0
        },
        "matrix_basis": [
          [
            0.9998070597648621,
            0.0006180769996717572,
            0.01963270641863346,
            0.0
          ],
          [
            -0.00034721370320767164,
            0.9999047517776489,
            -0.013796946033835411,
            0.0
          ],
          [
            -0.019639363512396812,
            0.01378746796399355,
            0.9997120499610901,
            0.0
          ],
          [
            0.0,
            0.0,
            0.0,
            1.0
          ]
        ],
        "rotation_mode": "QUATERNION"
      },
      "armature_space": {
        "head": {
          "x": 0.0,
          "y": 0.07072800397872925,
          "z": -0.009595036506652832
        },
        "tail": {
          "x": 4.411578265717253e-05,
          "y": -0.00012555718421936035,
          "z": -0.0009760810062289238
        }
      },
      "world_space": {
        "head": {
          "x": 0.0,
          "y": 0.13397200405597687,
          "z": 0.9402589797973633
        },
        "tail": {
          "x": 4.411578265717253e-05,
          "y": 0.06311844289302826,
          "z": 0.9488779306411743
        },
        "rotation_quaternion": {
          "w": 0.06048187240958214,
          "x": 0.9981209635734558,
          "y": 0.0009022585581988096,
          "z": 0.00978015922009945
        },
        "matrix": [
          [
            0.9998070597648621,
            0.0006180769996717572,
            0.01963270641863346,
            0.0
          ],
          [
            0.0029841759242117405,
            -0.9926822781562805,
            -0.12071926891803741,
            0.13397200405597687
          ],
          [
            0.019414562731981277,
            0.12075447291135788,
            -0.992499589920044,
            0.9402589797973633
          ],
          [
            0.0,
            0.0,
            0.0,
            1.0
          ]
        ]
      },
      "bone_length_armature_space": 0.07137587562778547,
      "parent": null,
      "has_children": true,
      "is_end_bone": false
    },
    "spine_01": {
      "name": "spine_01",
      "local": {
        "location": {
          "x": 0.0,
          "y": 0.0,
          "z": 0.0
        },
        "rotation_quaternion": {
          "w": 0.997779369354248,
          "x": 0.06065867096185684,
          "y": 0.0031590720172971487,
          "z": -0.02733333595097065
        },
        "scale": {
          "x": 1.0,
          "y": 1.0,
          "z": 1.0
        },
        "matrix_basis": [
          [
            0.998485803604126,
            0.054928526282310486,
            0.002988106105476618,
            0.0
          ],
          [
            -0.054162025451660156,
            0.9911468029022217,
            -0.12122063338756561,
            0.0
          ],
          [
            -0.0096201216802001,
            0.12087524682283401,
            0.9926210641860962,
            0.0
          ],
          [
            0.0,
            0.0,
            0.0,
            1.0
          ]
        ],
        "rotation_mode": "QUATERNION"
      },
      "armature_space": {
        "head": {
          "x": 4.411578265717253e-05,
          "y": -0.00012555718421936035,
          "z": -0.0009760810062289238
        },
        "tail": {
          "x": 0.01754947192966938,
          "y": -0.04307487979531288,
          "z": 0.48481953144073486
        }
      },
      "world_space": {
        "head": {
          "x": 4.411578265717253e-05,
          "y": 0.06311844289302826,
          "z": 0.9488779306411743
        },
        "tail": {
          "x": 0.01754947192966938,
          "y": 0.020169120281934738,
          "z": 1.434673547744751
        },
        "rotation_quaternion": {
          "w": 0.6750881671905518,
          "x": 0.7375089526176453,
          "y": 0.01582437753677368,
          "z": -0.009280483238399029
        },
        "matrix": [
          [
            0.9993268847465515,
            0.03587154299020767,
            0.007677062414586544,
            4.411578265717253e-05
          ],
          [
            0.01081117708235979,
            -0.08801068365573883,
            -0.9960609674453735,
            0.06311844289302826
          ],
          [
            -0.03505481779575348,
            0.9954802989959717,
            -0.08834076672792435,
            0.9488779306411743
          ],
          [
            0.0,
            0.0,
            0.0,
            1.0
          ]
        ]
      },
      "bone_length_armature_space": 0.48800457032637645,
      "parent": "Root",
      "has_children": true,
      "is_end_bone": false
    },
    "neck_01": {
      "name": "neck_01",
      "local": {
        "location": {
          "x": 0.0,
          "y": 0.0,
          "z": 0.0
        },
        "rotation_quaternion": {
          "w": 0.9962490200996399,
          "x": -0.001131284050643444,
          "y": -0.018431121483445168,
          "z": -0.08454059064388275
        },
        "scale": {
          "x": 1.0,
          "y": 1.0,
          "z": 1.0
        },
        "matrix_basis": [
          [
            0.9850263595581055,
            0.16848866641521454,
            -0.0365326963365078,
            0.0
          ],
          [
            -0.16840526461601257,
            0.9857032299041748,
            0.005370437167584896,
            0.0
          ],
          [
            0.03691525384783745,
            0.0008622745517641306,
            0.99931800365448,
            0.0
          ],
          [
            0.0,
            0.0,
            0.0,
            1.0
          ]
        ],
        "rotation_mode": "QUATERNION"
      },
      "armature_space": {
        "head": {
          "x": 0.0204421766102314,
          "y": -0.08406272530555725,
          "z": 0.5546433925628662
        },
        "tail": {
          "x": 0.04135125130414963,
          "y": -0.13044828176498413,
          "z": 0.6436485648155212
        }
      },
      "world_space": {
        "head": {
          "x": 0.0204421766102314,
          "y": -0.02081872522830963,
          "z": 1.5044974088668823
        },
        "tail": {
          "x": 0.04135125130414963,
          "y": -0.06720428168773651,
          "z": 1.5935025215148926
        },
        "rotation_quaternion": {
          "w": 0.5177043080329895,
          "x": 0.8490968346595764,
          "y": 0.07588298618793488,
          "z": -0.07251665741205215
        },
        "matrix": [
          [
            0.9779661893844604,
            0.20394852757453918,
            -0.04457646980881691,
            0.0204421766102314
          ],
          [
            0.05378052219748497,
            -0.45244789123535156,
            -0.8901679515838623,
            -0.02081872522830963
          ],
          [
            -0.2017183005809784,
            0.8681623339653015,
            -0.4534510672092438,
            1.5044974088668823
          ],
          [
            0.0,
            0.0,
            0.0,
            1.0
          ]
        ]
      },
      "bone_length_armature_space": 0.1025218531949199,
      "parent": "spine_01",
      "has_children": true,
      "is_end_bone": false
    },
    "head": {
      "name": "head",
      "local": {
        "location": {
          "x": 0.0,
          "y": 0.0,
          "z": 0.0
        },
        "rotation_quaternion": {
          "w": 0.9693827629089355,
          "x": 0.06521023064851761,
          "y": -0.11318575590848923,
          "z": -0.20792719721794128
        },
        "scale": {
          "x": 1.0,
          "y": 1.0,
          "z": 1.0
        },
        "matrix_basis": [
          [
            0.8879105448722839,
            0.3883603513240814,
            -0.24655860662460327,
            0.0
          ],
          [
            -0.41788381338119507,
            0.9050278067588806,
            -0.0793585553765297,
            0.0
          ],
          [
            0.19232268631458282,
            0.17349614202976227,
            0.9658732414245605,
            0.0
          ],
          [
            0.0,
            0.0,
            0.0,
            1.0
          ]
        ],
        "rotation_mode": "QUATERNION"
      },
      "armature_space": {
        "head": {
          "x": 0.04135122895240784,
          "y": -0.13044840097427368,
          "z": 0.6436484456062317
        },
        "tail": {
          "x": 0.1299203634262085,
          "y": -0.16817927360534668,
          "z": 0.7652422785758972
        }
      },
      "world_space": {
        "head": {
          "x": 0.04135122895240784,
          "y": -0.06720440089702606,
          "z": 1.5935025215148926
        },
        "tail": {
          "x": 0.1299203634262085,
          "y": -0.10493527352809906,
          "z": 1.7150962352752686
        },
        "rotation_quaternion": {
          "w": 0.5942882299423218,
          "x": 0.7354815602302551,
          "y": 0.15868282318115234,
          "z": -0.2840917706489563
        },
        "matrix": [
          [
            0.7882237434387207,
            0.5710813999176025,
            -0.22928020358085632,
            0.04135122895240784
          ],
          [
            -0.10424566268920898,
            -0.24328333139419556,
            -0.9643374085426331,
            -0.06720440089702606
          ],
          [
            -0.6064993739128113,
            0.784020185470581,
            -0.13223068416118622,
            1.5935025215148926
          ],
          [
            0.0,
            0.0,
            0.0,
            1.0
          ]
        ]
      },
      "bone_length_armature_space": 0.15509084846323526,
      "parent": "neck_01",
      "has_children": false,
      "is_end_bone": true
    },
    "upperarm_l": {
      "name": "upperarm_l",
      "local": {
        "location": {
          "x": 0.0,
          "y": 0.0,
          "z": 0.0
        },
        "rotation_quaternion": {
          "w": 0.8019837737083435,
          "x": 0.15788201987743378,
          "y": 0.27228251099586487,
          "z": 0.5076982378959656
        },
        "scale": {
          "x": 1.0,
          "y": 1.0,
          "z": 1.0
        },
        "matrix_basis": [
          [
            0.3362094759941101,
            -0.7283544540405273,
            0.5970451831817627,
            0.0
          ],
          [
            0.9003085494041443,
            0.4346315264701843,
            0.023237066343426704,
            0.0
          ],
          [
            -0.276419460773468,
            0.5297123193740845,
            0.8018710017204285,
            0.0
          ],
          [
            0.0,
            0.0,
            0.0,
            1.0
          ]
        ],
        "rotation_mode": "QUATERNION"
      },
      "armature_space": {
        "head": {
          "x": 0.16795484721660614,
          "y": -0.07970261573791504,
          "z": 0.48219940066337585
        },
        "tail": {
          "x": 0.30203360319137573,
          "y": -0.23631900548934937,
          "z": 0.6533781290054321
        }
      },
      "world_space": {
        "head": {
          "x": 0.16795484721660614,
          "y": -0.01645861566066742,
          "z": 1.4320534467697144
        },
        "tail": {
          "x": 0.30203360319137573,
          "y": -0.17307500541210175,
          "z": 1.6032321453094482
        },
        "rotation_quaternion": {
          "w": 0.3859618008136749,
          "x": 0.8853098154067993,
          "y": 0.24249765276908875,
          "z": -0.0919516459107399
        },
        "matrix": [
          [
            0.8654793500900269,
            0.5003509521484375,
            0.024379732087254524,
            0.16795484721660614
          ],
          [
            0.358392596244812,
            -0.584456205368042,
            -0.7279876470565796,
            -0.01645861566066742
          ],
          [
            -0.35000258684158325,
            0.6387995481491089,
            -0.6851623058319092,
            1.4320534467697144
          ],
          [
            0.0,
            0.0,
            0.0,
            1.0
          ]
        ]
      },
      "bone_length_armature_space": 0.26797007999701794,
      "parent": "spine_01",
      "has_children": true,
      "is_end_bone": false
    },
    "lowerarm_l": {
      "name": "lowerarm_l",
      "local": {
        "location": {
          "x": 0.0,
          "y": 0.0,
          "z": 0.0
        },
        "rotation_quaternion": {
          "w": 0.9429287314414978,
          "x": 0.32146739959716797,
          "y": -0.06532451510429382,
          "z": 0.05724535509943962
        },
        "scale": {
          "x": 1.0,
          "y": 1.0,
          "z": 1.0
        },
        "matrix_basis": [
          [
            0.9849113821983337,
            -0.14995598793029785,
            -0.08638769388198853,
            0.0
          ],
          [
            0.06595717370510101,
            0.7867633700370789,
            -0.613720715045929,
            0.0
          ],
          [
            0.15999776124954224,
            0.5987626314163208,
            0.7847828269004822,
            0.0
          ],
          [
            0.0,
            0.0,
            0.0,
            1.0
          ]
        ],
        "rotation_mode": "QUATERNION"
      },
      "armature_space": {
        "head": {
          "x": 0.30203354358673096,
          "y": -0.2363191545009613,
          "z": 0.6533782482147217
        },
        "tail": {
          "x": 0.33346107602119446,
          "y": -0.5007855892181396,
          "z": 0.67866051197052
        }
      },
      "world_space": {
        "head": {
          "x": 0.30203354358673096,
          "y": -0.17307515442371368,
          "z": 1.6032322645187378
        },
        "tail": {
          "x": 0.33346107602119446,
          "y": -0.4375416040420532,
          "z": 1.6285145282745361
        },
        "rotation_quaternion": {
          "w": 0.06038966029882431,
          "x": 0.9666731357574463,
          "y": 0.045482292771339417,
          "z": -0.24459664523601532
        },
        "matrix": [
          [
            0.8762076497077942,
            0.11747538298368454,
            -0.4673965871334076,
            0.30203354358673096
          ],
          [
            0.05839075893163681,
            -0.9885689616203308,
            -0.1390044391155243,
            -0.17307515442371368
          ],
          [
            -0.4783867299556732,
            0.09450456500053406,
            -0.8730572462081909,
            1.6032322645187378
          ],
          [
            0.0,
            0.0,
            0.0,
            1.0
          ]
        ]
      },
      "bone_length_armature_space": 0.2675245398446437,
      "parent": "upperarm_l",
      "has_children": true,
      "is_end_bone": false
    },
    "metacarpal_thumb_l": {
      "name": "metacarpal_thumb_l",
      "local": {
        "location": {
          "x": 0.0,
          "y": 0.0,
          "z": 0.0
        },
        "rotation_quaternion": {
          "w": 0.9996163845062256,
          "x": -0.02704145386815071,
          "y": 0.005933079402893782,
          "z": 0.0008407126879319549
        },
        "scale": {
          "x": 1.0,
          "y": 1.0,
          "z": 1.0
        },
        "matrix_basis": [
          [
            0.9999281764030457,
            -0.002001658547669649,
            0.01181613840162754,
            0.0
          ],
          [
            0.001359902205877006,
            0.9985361099243164,
            0.05407213792204857,
            0.0
          ],
          [
            -0.011907074600458145,
            -0.05405218526721001,
            0.9984670877456665,
            0.0
          ],
          [
            0.0,
            0.0,
            0.0,
            1.0
          ]
        ],
        "rotation_mode": "QUATERNION"
      },
      "armature_space": {
        "head": {
          "x": 0.33346107602119446,
          "y": -0.5007855892181396,
          "z": 0.67866051197052
        },
        "tail": {
          "x": 0.32999658584594727,
          "y": -0.5434573292732239,
          "z": 0.6537463665008545
        }
      },
      "world_space": {
        "head": {
          "x": 0.33346107602119446,
          "y": -0.4375416040420532,
          "z": 1.6285145282745361
        },
        "tail": {
          "x": 0.32999658584594727,
          "y": -0.48021334409713745,
          "z": 1.6036003828048706
        },
        "rotation_quaternion": {
          "w": 0.20895418524742126,
          "x": -0.8394445776939392,
          "y": 0.1600111871957779,
          "z": -0.47546544671058655
        },
        "matrix": [
          [
            0.49665817618370056,
            -0.0699419304728508,
            0.865123450756073,
            0.33346107602119446
          ],
          [
            -0.46734192967414856,
            -0.861469566822052,
            0.19864961504936218,
            -0.4375416040420532
          ],
          [
            0.7313882112503052,
            -0.5029737949371338,
            -0.46054592728614807,
            1.6285145282745361
          ],
          [
            0.0,
            0.0,
            0.0,
            1.0
          ]
        ]
      },
      "bone_length_armature_space": 0.0495337737446119,
      "parent": "lowerarm_l",
      "has_children": true,
      "is_end_bone": false
    },
    "thumb_01_l": {
      "name": "thumb_01_l",
      "local": {
        "location": {
          "x": 0.0,
          "y": 0.0,
          "z": 0.0
        },
        "rotation_quaternion": {
          "w": 0.9660685062408447,
          "x": 0.2577954828739166,
          "y": -0.012728700414299965,
          "z": -0.009554867632687092
        },
        "scale": {
          "x": 1.0,
          "y": 1.0,
          "z": 1.0
        },
        "matrix_basis": [
          [
            0.9994933605194092,
            0.011898510158061981,
            -0.029519997537136078,
            0.0
          ],
          [
            -0.025024116039276123,
            0.8669003844261169,
            -0.49785295128822327,
            0.0
          ],
          [
            0.019667189568281174,
            0.49833944439888,
            0.8667589426040649,
            0.0
          ],
          [
            0.0,
            0.0,
            0.0,
            1.0
          ]
        ],
        "rotation_mode": "QUATERNION"
      },
      "armature_space": {
        "head": {
          "x": 0.32999658584594727,
          "y": -0.5434573292732239,
          "z": 0.6537463665008545
        },
        "tail": {
          "x": 0.3550795614719391,
          "y": -0.5633315443992615,
          "z": 0.6421495079994202
        }
      },
      "world_space": {
        "head": {
          "x": 0.32999658584594727,
          "y": -0.48021334409713745,
          "z": 1.6036003828048706
        },
        "tail": {
          "x": 0.3550795614719391,
          "y": -0.500087559223175,
          "z": 1.592003583908081
        },
        "rotation_quaternion": {
          "w": 0.42530807852745056,
          "x": -0.05628196522593498,
          "y": 0.1648523062467575,
          "z": -0.888126790523529
        },
        "matrix": [
          [
            -0.6318902373313904,
            0.7368986010551453,
            0.24019794166088104,
            0.32999658584594727
          ],
          [
            -0.7740117311477661,
            -0.5838735103607178,
            -0.24494390189647675,
            -0.48021334409713745
          ],
          [
            -0.040254466235637665,
            -0.340696781873703,
            0.9393185377120972,
            1.6036003828048706
          ],
          [
            0.0,
            0.0,
            0.0,
            1.0
          ]
        ]
      },
      "bone_length_armature_space": 0.034038613813208995,
      "parent": "metacarpal_thumb_l",
      "has_children": true,
      "is_end_bone": false
    },
    "thumb_02_l": {
      "name": "thumb_02_l",
      "local": {
        "location": {
          "x": 0.0,
          "y": 0.0,
          "z": 0.0
        },
        "rotation_quaternion": {
          "w": 0.8980256915092468,
          "x": 0.43984484672546387,
          "y": 0.008612577803432941,
          "z": 0.0035243723541498184
        },
        "scale": {
          "x": 1.0,
          "y": 1.0,
          "z": 1.0
        },
        "matrix_basis": [
          [
            0.9998267889022827,
            0.001246442086994648,
            0.018568987026810646,
            0.0
          ],
          [
            0.013906349427998066,
            0.6130481958389282,
            -0.7899232506752014,
            0.0
          ],
          [
            -0.012368278577923775,
            0.7900446653366089,
            0.6129246950149536,
            0.0
          ],
          [
            0.0,
            0.0,
            0.0,
            1.0
          ]
        ],
        "rotation_mode": "QUATERNION"
      },
      "armature_space": {
        "head": {
          "x": 0.3550795912742615,
          "y": -0.5633315443992615,
          "z": 0.6421495079994202
        },
        "tail": {
          "x": 0.3351513743400574,
          "y": -0.5799293518066406,
          "z": 0.6728182435035706
        }
      },
      "world_space": {
        "head": {
          "x": 0.3550795912742615,
          "y": -0.500087559223175,
          "z": 1.592003583908081
        },
        "tail": {
          "x": 0.3351513743400574,
          "y": -0.5166853666305542,
          "z": 1.6226723194122314
        },
        "rotation_quaternion": {
          "w": 0.04831834137439728,
          "x": -0.3933151364326477,
          "y": 0.5394836068153381,
          "z": 0.7429171800613403
        },
        "matrix": [
          [
            -0.6859381794929504,
            -0.4961663484573364,
            -0.5322664380073547,
            0.3550795912742615
          ],
          [
            -0.35257911682128906,
            -0.4132468104362488,
            0.8395922183990479,
            -0.500087559223175
          ],
          [
            -0.6365394592285156,
            0.7635796666145325,
            0.10852554440498352,
            1.592003583908081
          ],
          [
            0.0,
            0.0,
            0.0,
            1.0
          ]
        ]
      },
      "bone_length_armature_space": 0.04016456654545773,
      "parent": "thumb_01_l",
      "has_children": true,
      "is_end_bone": false
    },
    "thumb_03_l": {
      "name": "thumb_03_l",
      "local": {
        "location": {
          "x": 0.0,
          "y": 0.0,
          "z": 0.0
        },
        "rotation_quaternion": {
          "w": 0.9886423945426941,
          "x": 0.15016375482082367,
          "y": -0.006022247485816479,
          "z": -0.0010159973753616214
        },
        "scale": {
          "x": 1.0,
          "y": 1.0,
          "z": 1.0
        },
        "matrix_basis": [
          [
            0.9999253749847412,
            0.00020026956917718053,
            -0.01221283059567213,
            0.0
          ],
          [
            -0.003817562712356448,
            0.9548996090888977,
            -0.2969042658805847,
            0.0
          ],
          [
            0.011602566577494144,
            0.296928733587265,
            0.9548291563987732,
            0.0
          ],
          [
            0.0,
            0.0,
            0.0,
            1.0
          ]
        ],
        "rotation_mode": "QUATERNION"
      },
      "armature_space": {
        "head": {
          "x": 0.3351513743400574,
          "y": -0.5799294114112854,
          "z": 0.6728181838989258
        },
        "tail": {
          "x": 0.3146074712276459,
          "y": -0.5767425298690796,
          "z": 0.6950598359107971
        }
      },
      "world_space": {
        "head": {
          "x": 0.3351513743400574,
          "y": -0.516685426235199,
          "z": 1.622672200202942
        },
        "tail": {
          "x": 0.3146074712276459,
          "y": -0.5134985446929932,
          "z": 1.644913911819458
        },
        "rotation_quaternion": {
          "w": 0.011133996769785881,
          "x": 0.46129110455513,
          "y": -0.7431114315986633,
          "z": -0.4846358895301819
        },
        "matrix": [
          [
            -0.5741707682609558,
            -0.6747897267341614,
            -0.4636664390563965,
            0.3351513743400574
          ],
          [
            -0.6963757872581482,
            0.10467615723609924,
            0.7100026607513428,
            -0.516685426235199
          ],
          [
            -0.4305711090564728,
            0.7305543422698975,
            -0.5300122499465942,
            1.622672200202942
          ],
          [
            0.0,
            0.0,
            0.0,
            1.0
          ]
        ]
      },
      "bone_length_armature_space": 0.03044502017571788,
      "parent": "thumb_02_l",
      "has_children": false,
      "is_end_bone": true
    },
    "metacarpal_index_l": {
      "name": "metacarpal_index_l",
      "local": {
        "location": {
          "x": 0.0,
          "y": 0.0,
          "z": 0.0
        },
        "rotation_quaternion": {
          "w": 0.9975308775901794,
          "x": -0.06969527155160904,
          "y": 0.007854433730244637,
          "z": -0.0036270138807594776
        },
        "scale": {
          "x": 1.0,
          "y": 1.0,
          "z": 1.0
        },
        "matrix_basis": [
          [
            0.999850332736969,
            0.006141283083707094,
            0.016175651922822,
            0.0
          ],
          [
            -0.008330950513482094,
            0.9902588129043579,
            0.1389893889427185,
            0.0
          ],
          [
            -0.015164508484303951,
            -0.13910335302352905,
            0.9901617765426636,
            0.0
          ],
          [
            0.0,
            0.0,
            0.0,
            1.0
          ]
        ],
        "rotation_mode": "QUATERNION"
      },
      "armature_space": {
        "head": {
          "x": 0.33346107602119446,
          "y": -0.5007855892181396,
          "z": 0.67866051197052
        },
        "tail": {
          "x": 0.32865017652511597,
          "y": -0.6175433397293091,
          "z": 0.670075535774231
        }
      },
      "world_space": {
        "head": {
          "x": 0.33346107602119446,
          "y": -0.4375416040420532,
          "z": 1.6285145282745361
        },
        "tail": {
          "x": 0.32865017652511597,
          "y": -0.5542993545532227,
          "z": 1.619929552078247
        },
        "rotation_quaternion": {
          "w": 0.031059039756655693,
          "x": -0.9731501340866089,
          "y": 0.028318192809820175,
          "z": -0.22630134224891663
        },
        "matrix": [
          [
            0.8959714770317078,
            -0.04105856269598007,
            0.44220951199531555,
            0.33346107602119446
          ],
          [
            -0.0691729411482811,
            -0.9964670538902283,
            0.04763263463973999,
            -0.4375416040420532
          ],
          [
            0.4386942386627197,
            -0.07326808571815491,
            -0.8956523537635803,
            1.6285145282745361
          ],
          [
            0.0,
            0.0,
            0.0,
            1.0
          ]
        ]
      },
      "bone_length_armature_space": 0.11717174825100157,
      "parent": "lowerarm_l",
      "has_children": true,
      "is_end_bone": false
    },
    "index_01_l": {
      "name": "index_01_l",
      "local": {
        "location": {
          "x": 0.0,
          "y": 0.0,
          "z": 0.0
        },
        "rotation_quaternion": {
          "w": 0.946729302406311,
          "x": 0.3218507766723633,
          "y": -0.01072872243821621,
          "z": 0.0008153370581567287
        },
        "scale": {
          "x": 1.0,
          "y": 1.0,
          "z": 1.0
        },
        "matrix_basis": [
          [
            0.9997684359550476,
            -0.008449901826679707,
            -0.01978955790400505,
            0.0
          ],
          [
            -0.005362288560718298,
            0.7928228378295898,
            -0.6094286441802979,
            0.0
          ],
          [
            0.020839225500822067,
            0.6093936562538147,
            0.7925939559936523,
            0.0
          ],
          [
            0.0,
            0.0,
            0.0,
            1.0
          ]
        ],
        "rotation_mode": "QUATERNION"
      },
      "armature_space": {
        "head": {
          "x": 0.32865017652511597,
          "y": -0.6175433397293091,
          "z": 0.670075535774231
        },
        "tail": {
          "x": 0.3416244089603424,
          "y": -0.6405755281448364,
          "z": 0.659386396408081
        }
      },
      "world_space": {
        "head": {
          "x": 0.32865017652511597,
          "y": -0.5542993545532227,
          "z": 1.619929552078247
        },
        "tail": {
          "x": 0.3416244089603424,
          "y": -0.57733154296875,
          "z": 1.6092404127120972
        },
        "rotation_quaternion": {
          "w": 0.2384486049413681,
          "x": -0.9339231252670288,
          "y": -0.19817163050174713,
          "z": -0.1779266893863678
        },
        "matrix": [
          [
            0.8581402897834778,
            0.45500701665878296,
            0.23783142864704132,
            0.32865017652511597
          ],
          [
            0.2853022813796997,
            -0.8077407479286194,
            0.51590496301651,
            -0.5542993545532227
          ],
          [
            0.4268495738506317,
            -0.3748685419559479,
            -0.8229745626449585,
            1.619929552078247
          ],
          [
            0.0,
            0.0,
            0.0,
            1.0
          ]
        ]
      },
      "bone_length_armature_space": 0.02851438400735382,
      "parent": "metacarpal_index_l",
      "has_children": true,
      "is_end_bone": false
    },
    "index_02_l": {
      "name": "index_02_l",
      "local": {
        "location": {
          "x": 0.0,
          "y": 0.0,
          "z": 0.0
        },
        "rotation_quaternion": {
          "w": 0.8945051431655884,
          "x": 0.44690608978271484,
          "y": 0.011334337294101715,
          "z": 0.0026876365300267935
        },
        "scale": {
          "x": 1.0,
          "y": 1.0,
          "z": 1.0
        },
        "matrix_basis": [
          [
            0.9997286200523376,
            0.005322559271007776,
            0.022679489105939865,
            0.0
          ],
          [
            0.014938978478312492,
            0.6005354523658752,
            -0.7994586825370789,
            0.0
          ],
          [
            -0.017875004559755325,
            0.7995805144309998,
            0.600292980670929,
            0.0
          ],
          [
            0.0,
            0.0,
            0.0,
            1.0
          ]
        ],
        "rotation_mode": "QUATERNION"
      },
      "armature_space": {
        "head": {
          "x": 0.3416244685649872,
          "y": -0.6405757665634155,
          "z": 0.6593859195709229
        },
        "tail": {
          "x": 0.353092223405838,
          "y": -0.6435293555259705,
          "z": 0.6366292834281921
        }
      },
      "world_space": {
        "head": {
          "x": 0.3416244685649872,
          "y": -0.5773317813873291,
          "z": 1.609239935874939
        },
        "tail": {
          "x": 0.353092223405838,
          "y": -0.580285370349884,
          "z": 1.5864832401275635
        },
        "rotation_quaternion": {
          "w": 0.6131597757339478,
          "x": -0.7449394464492798,
          "y": -0.2578141689300537,
          "z": -0.05130578950047493
        },
        "matrix": [
          [
            0.8617984056472778,
            0.4470294117927551,
            -0.23972517251968384,
            0.3416244685649872
          ],
          [
            0.3211973011493683,
            -0.11513444781303406,
            0.9399877786636353,
            -0.5773317813873291
          ],
          [
            0.39260435104370117,
            -0.8870853185653687,
            -0.24280792474746704,
            1.609239935874939
          ],
          [
            0.0,
            0.0,
            0.0,
            1.0
          ]
        ]
      },
      "bone_length_armature_space": 0.02565341232965838,
      "parent": "index_01_l",
      "has_children": true,
      "is_end_bone": false
    },
    "index_03_l": {
      "name": "index_03_l",
      "local": {
        "location": {
          "x": 0.0,
          "y": 0.0,
          "z": 0.0
        },
        "rotation_quaternion": {
          "w": 0.931664764881134,
          "x": 0.3633124828338623,
          "y": -0.0010737136472016573,
          "z": -0.001929225865751505
        },
        "scale": {
          "x": 1.0,
          "y": 1.0,
          "z": 1.0
        },
        "matrix_basis": [
          [
            0.9999902248382568,
            0.0028145962860435247,
            -0.003402506001293659,
            0.0
          ],
          [
            -0.004374970681965351,
            0.736000657081604,
            -0.6769667267799377,
            0.0
          ],
          [
            0.0005988586926832795,
            0.6769750118255615,
            0.7360057830810547,
            0.0
          ],
          [
            0.0,
            0.0,
            0.0,
            1.0
          ]
        ],
        "rotation_mode": "QUATERNION"
      },
      "armature_space": {
        "head": {
          "x": 0.353092223405838,
          "y": -0.64352947473526,
          "z": 0.6366293430328369
        },
        "tail": {
          "x": 0.35952457785606384,
          "y": -0.624448299407959,
          "z": 0.6154569387435913
        }
      },
      "world_space": {
        "head": {
          "x": 0.353092223405838,
          "y": -0.5802854895591736,
          "z": 1.586483359336853
        },
        "tail": {
          "x": 0.35952457785606384,
          "y": -0.5612043142318726,
          "z": 1.5653109550476074
        },
        "rotation_quaternion": {
          "w": 0.8624431490898132,
          "x": -0.41635429859161377,
          "y": -0.28760233521461487,
          "z": 0.011214609257876873
        },
        "matrix": [
          [
            0.8343186378479004,
            0.22014489769935608,
            -0.505419135093689,
            0.353092223405838
          ],
          [
            0.2588324248790741,
            0.6530470252037048,
            0.7117133736610413,
            -0.5802854895591736
          ],
          [
            0.4867458939552307,
            -0.7246190309524536,
            0.48787298798561096,
            1.586483359336853
          ],
          [
            0.0,
            0.0,
            0.0,
            1.0
          ]
        ]
      },
      "bone_length_armature_space": 0.0292187804720619,
      "parent": "index_02_l",
      "has_children": false,
      "is_end_bone": true
    },
    "metacarpal_pinky_l": {
      "name": "metacarpal_pinky_l",
      "local": {
        "location": {
          "x": 0.0,
          "y": 0.0,
          "z": 0.0
        },
        "rotation_quaternion": {
          "w": 0.9995043277740479,
          "x": 0.024128444492816925,
          "y": -0.005108162760734558,
          "z": -0.019569536671042442
        },
        "scale": {
          "x": 1.0,
          "y": 1.0,
          "z": 1.0
        },
        "matrix_basis": [
          [
            0.999181866645813,
            0.03887316957116127,
            -0.011155626736581326,
            0.0
          ],
          [
            -0.03936617821455002,
            0.998069703578949,
            -0.04803304001688957,
            0.0
          ],
          [
            0.009266896173357964,
            0.04843289777636528,
            0.9987834692001343,
            0.0
          ],
          [
            0.0,
            0.0,
            0.0,
            1.0
          ]
        ],
        "rotation_mode": "QUATERNION"
      },
      "armature_space": {
        "head": {
          "x": 0.33346107602119446,
          "y": -0.5007855892181396,
          "z": 0.67866051197052
        },
        "tail": {
          "x": 0.35487934947013855,
          "y": -0.5967649817466736,
          "z": 0.7129014134407043
        }
      },
      "world_space": {
        "head": {
          "x": 0.33346107602119446,
          "y": -0.4375416040420532,
          "z": 1.6285145282745361
        },
        "tail": {
          "x": 0.35487934947013855,
          "y": -0.5335209965705872,
          "z": 1.6627554893493652
        },
        "rotation_quaternion": {
          "w": 0.18676093220710754,
          "x": 0.613012969493866,
          "y": -0.06527017802000046,
          "z": -0.7649021744728088
        },
        "matrix": [
          [
            -0.1786709576845169,
            0.2056862711906433,
            -0.962169349193573,
            0.33346107602119446
          ],
          [
            -0.36573147773742676,
            -0.9217199087142944,
            -0.12912458181381226,
            -0.4375416040420532
          ],
          [
            -0.9134164452552795,
            0.3288258910179138,
            0.23991209268569946,
            1.6285145282745361
          ],
          [
            0.0,
            0.0,
            0.0,
            1.0
          ]
        ]
      },
      "bone_length_armature_space": 0.10413081106476181,
      "parent": "lowerarm_l",
      "has_children": true,
      "is_end_bone": false
    },
    "pinky_01_l": {
      "name": "pinky_01_l",
      "local": {
        "location": {
          "x": 0.0,
          "y": 0.0,
          "z": 0.0
        },
        "rotation_quaternion": {
          "w": 0.9357309937477112,
          "x": 0.35240939259529114,
          "y": -0.007399535737931728,
          "z": 0.012668618932366371
        },
        "scale": {
          "x": 1.0,
          "y": 1.0,
          "z": 1.0
        },
        "matrix_basis": [
          [
            0.9995695352554321,
            -0.02892417088150978,
            -0.0049188691191375256,
            0.0
          ],
          [
            0.01849350705742836,
            0.7512942552566528,
            -0.6597082614898682,
            0.0
          ],
          [
            0.022777030244469643,
            0.6593332886695862,
            0.7515057325363159,
            0.0
          ],
          [
            0.0,
            0.0,
            0.0,
            1.0
          ]
        ],
        "rotation_mode": "QUATERNION"
      },
      "armature_space": {
        "head": {
          "x": 0.35487934947013855,
          "y": -0.5967649817466736,
          "z": 0.7129014134407043
        },
        "tail": {
          "x": 0.36965399980545044,
