{
  "metadata": {
    "armature_name": "KIM_caucasian_male",
    "export_time": "2026-01-13T21:04:44.405447",
    "blender_version": "4.4.1",
    "bone_count": 56,
    "end_bone_count": 13,
    "spaces_included": [
      "LOCAL_CHANNELS",
      "ARMATURE_SPACE",
      "WORLD_SPACE"
    ],
    "note": "LOCAL matches Transform panel; replay pose via local.matrix_basis for best fidelity."
  },
  "bones": {
    "Root": {
      "name": "Root",
      "local": {
        "location": {
          "x": 0.0,
          "y": 0.0,
          "z": 0.0
        },
        "rotation_quaternion": {
          "w": 0.9995300769805908,
          "x": -0.004271739162504673,
          "y": -0.013659662567079067,
          "z": 0.02711072377860546
        },
        "scale": {
          "x": 1.0,
          "y": 1.0,
          "z": 1.0
        },
        "matrix_basis": [
          [
            0.9981568455696106,
            -0.054079268127679825,
            -0.027538107708096504,
            0.0
          ],
          [
            0.05431266874074936,
            0.998493492603302,
            0.007798817008733749,
            0.0
          ],
          [
            0.027074867859482765,
            -0.009280109778046608,
            0.9995903372764587,
            0.0
          ],
          [
            0.0,
            0.0,
            0.0,
            1.0
          ]
        ],
        "rotation_mode": "QUATERNION"
      },
      "armature_space": {
        "head": {
          "x": 0.0,
          "y": 0.07072800397872925,
          "z": -0.009595036506652832
        },
        "tail": {
          "x": -0.0038599546533077955,
          "y": 0.00019560009241104126,
          "z": 0.0006419122219085693
        }
      },
      "world_space": {
        "head": {
          "x": 0.0,
          "y": 0.13397200405597687,
          "z": 0.9402589797973633
        },
        "tail": {
          "x": -0.0038599546533077955,
          "y": 0.06343960016965866,
          "z": 0.9504959583282471
        },
        "rotation_quaternion": {
          "w": 0.07159803062677383,
          "x": 0.9969714879989624,
          "y": -0.0279693603515625,
          "z": -0.011802240274846554
        },
        "matrix": [
          [
            0.9981568455696106,
            -0.054079268127679825,
            -0.027538107708096504,
            0.0
          ],
          [
            -0.05745934695005417,
            -0.988182783126831,
            -0.14210264384746552,
            0.13397200405597687
          ],
          [
            -0.019528068602085114,
            0.14342311024665833,
            -0.9894758462905884,
            0.9402589797973633
          ],
          [
            0.0,
            0.0,
            0.0,
            1.0
          ]
        ]
      },
      "bone_length_armature_space": 0.07137586818071039,
      "parent": null,
      "has_children": true,
      "is_end_bone": false
    },
    "spine_01": {
      "name": "spine_01",
      "local": {
        "location": {
          "x": 0.0,
          "y": 0.0,
          "z": 0.0
        },
        "rotation_quaternion": {
          "w": 0.9994847178459167,
          "x": 0.007001111283898354,
          "y": 0.021485190838575363,
          "z": 0.022796204313635826
        },
        "scale": {
          "x": 1.0,
          "y": 1.0,
          "z": 1.0
        },
        "matrix_basis": [
          [
            0.9980374574661255,
            -0.04526807367801666,
            0.04326743632555008,
            0.0
          ],
          [
            0.04586975648999214,
            0.998862624168396,
            -0.0130154462531209,
            0.0
          ],
          [
            -0.04262904077768326,
            0.014974568970501423,
            0.9989787340164185,
            0.0
          ],
          [
            0.0,
            0.0,
            0.0,
            1.0
          ]
        ],
        "rotation_mode": "QUATERNION"
      },
      "armature_space": {
        "head": {
          "x": -0.0038599546533077955,
          "y": 0.00019560009241104126,
          "z": 0.0006419122219085693
        },
        "tail": {
          "x": -0.015269092284142971,
          "y": 0.02080579288303852,
          "z": 0.48807767033576965
        }
      },
      "world_space": {
        "head": {
          "x": -0.0038599546533077955,
          "y": 0.06343960016965866,
          "z": 0.9504959583282471
        },
        "tail": {
          "x": -0.015269092284142971,
          "y": 0.08404979109764099,
          "z": 1.4379316568374634
        },
        "rotation_quaternion": {
          "w": 0.7217687368392944,
          "x": 0.6920033693313599,
          "y": -0.012906615622341633,
          "z": 0.003821499412879348
        },
        "matrix": [
          [
            0.9996376633644104,
            -0.02337932027876377,
            -0.013342048972845078,
            -0.0038599546533077955
          ],
          [
            -0.01234620064496994,
            0.042233895510435104,
            -0.9990314841270447,
            0.06343960016965866
          ],
          [
            0.023920319974422455,
            0.9988412261009216,
            0.04192930459976196,
            0.9504959583282471
          ],
          [
            0.0,
            0.0,
            0.0,
            1.0
          ]
        ]
      },
      "bone_length_armature_space": 0.4880046818055145,
      "parent": "Root",
      "has_children": true,
      "is_end_bone": false
    },
    "neck_01": {
      "name": "neck_01",
      "local": {
        "location": {
          "x": 0.0,
          "y": 0.0,
          "z": 0.0
        },
        "rotation_quaternion": {
          "w": 0.9930330514907837,
          "x": -0.0004367064975667745,
          "y": 0.10562210530042648,
          "z": -0.05224324390292168
        },
        "scale": {
          "x": 1.0,
          "y": 1.0,
          "z": 1.0
        },
        "matrix_basis": [
          [
            0.9722292423248291,
            0.1036662831902504,
            0.20981810986995697,
            0.0
          ],
          [
            -0.10385078936815262,
            0.9945409297943115,
            -0.010168754495680332,
            0.0
          ],
          [
            -0.20972685515880585,
            -0.011903410777449608,
            0.9776875376701355,
            0.0
          ],
          [
            0.0,
            0.0,
            0.0,
            1.0
          ]
        ],
        "rotation_mode": "QUATERNION"
      },
      "armature_space": {
        "head": {
          "x": -0.017443597316741943,
          "y": -0.010748760774731636,
          "z": 0.5626654028892517
        },
        "tail": {
          "x": -0.009535056538879871,
          "y": -0.04446450620889664,
          "z": 0.6591612696647644
        }
      },
      "world_space": {
        "head": {
          "x": -0.017443597316741943,
          "y": 0.05249524116516113,
          "z": 1.512519359588623
        },
        "tail": {
          "x": -0.009535056538879871,
          "y": 0.018779493868350983,
          "z": 1.6090152263641357
        },
        "rotation_quaternion": {
          "w": 0.5720779895782471,
          "x": 0.8127690553665161,
          "y": 0.09107018262147903,
          "z": 0.061965130269527435
        },
        "matrix": [
          [
            0.9757331013679504,
            0.0771404355764389,
            0.20492537319660187,
            -0.017443597316741943
          ],
          [
            0.21893608570098877,
            -0.328865647315979,
            -0.9186482429504395,
            0.05249524116516113
          ],
          [
            -0.0034718215465545654,
            0.9412271976470947,
            -0.33777713775634766,
            1.512519359588623
          ],
          [
            0.0,
            0.0,
            0.0,
            1.0
          ]
        ]
      },
      "bone_length_armature_space": 0.1025219446749789,
      "parent": "spine_01",
      "has_children": true,
      "is_end_bone": false
    },
    "head": {
      "name": "head",
      "local": {
        "location": {
          "x": 0.0,
          "y": 0.0,
          "z": 0.0
        },
        "rotation_quaternion": {
          "w": 0.983903706073761,
          "x": -0.03403821215033531,
          "y": 0.13729918003082275,
          "z": -0.10919661819934845
        },
        "scale": {
          "x": 1.0,
          "y": 1.0,
          "z": 1.0
        },
        "matrix_basis": [
          [
            0.938450038433075,
            0.2055310755968094,
            0.2776120603084564,
            0.0
          ],
          [
            -0.2242247462272644,
            0.9738349914550781,
            0.036995433270931244,
            0.0
          ],
          [
            -0.26274463534355164,
            -0.09696585685014725,
            0.9599806666374207,
            0.0
          ],
          [
            0.0,
            0.0,
            0.0,
            1.0
          ]
        ],
        "rotation_mode": "QUATERNION"
      },
      "armature_space": {
        "head": {
          "x": -0.009535030461847782,
          "y": -0.04446462541818619,
          "z": 0.6591611504554749
        },
        "tail": {
          "x": 0.017920993268489838,
          "y": -0.01907510682940483,
          "z": 0.8096764087677002
        }
      },
      "world_space": {
        "head": {
          "x": -0.009535030461847782,
          "y": 0.018779374659061432,
          "z": 1.6090152263641357
        },
        "tail": {
          "x": 0.017920993268489838,
          "y": 0.04416889324784279,
          "z": 1.7595304250717163
        },
        "rotation_quaternion": {
          "w": 0.7218713164329529,
          "x": 0.6395149827003479,
          "y": 0.24648596346378326,
          "z": 0.09574432671070099
        },
        "matrix": [
          [
            0.8601560592651367,
            0.17703258991241455,
            0.47832125425338745,
            -0.009535030461847782
          ],
          [
            0.45349201560020447,
            0.16370806097984314,
            -0.8760964274406433,
            0.018779374659061432
          ],
          [
            -0.23340384662151337,
            0.9705013632774353,
            0.060531213879585266,
            1.6090152263641357
          ],
          [
            0.0,
            0.0,
            0.0,
            1.0
          ]
        ]
      },
      "bone_length_armature_space": 0.15509127463092223,
      "parent": "neck_01",
      "has_children": false,
      "is_end_bone": true
    },
    "upperarm_l": {
      "name": "upperarm_l",
      "local": {
        "location": {
          "x": 0.0,
          "y": 0.0,
          "z": 0.0
        },
        "rotation_quaternion": {
          "w": 0.9494534730911255,
          "x": 0.2409507781267166,
          "y": -0.17756950855255127,
          "z": 0.09460430592298508
        },
        "scale": {
          "x": 1.0,
          "y": 1.0,
          "z": 1.0
        },
        "matrix_basis": [
          [
            0.9190381765365601,
            -0.26521578431129456,
            -0.29159802198410034,
            0.0
          ],
          [
            0.09407375007867813,
            0.8659855127334595,
            -0.49114078283309937,
            0.0
          ],
          [
            0.3827779293060303,
            0.42394542694091797,
            0.820823609828949,
            0.0
          ],
          [
            0.0,
            0.0,
            0.0,
            1.0
          ]
        ],
        "rotation_mode": "QUATERNION"
      },
      "armature_space": {
        "head": {
          "x": 0.1340307891368866,
          "y": -0.018625173717737198,
          "z": 0.49925729632377625
        },
        "tail": {
          "x": 0.3688881993293762,
          "y": -0.12489305436611176,
          "z": 0.5724475383758545
        }
      },
      "world_space": {
        "head": {
          "x": 0.1340307891368866,
          "y": 0.04461882635951042,
          "z": 1.4491113424301147
        },
        "tail": {
          "x": 0.3688881993293762,
          "y": -0.061649054288864136,
          "z": 1.5223015546798706
        },
        "rotation_quaternion": {
          "w": 0.5035628080368042,
          "x": 0.5465958714485168,
          "y": 0.21940729022026062,
          "z": -0.632074236869812
        },
        "matrix": [
          [
            0.10468648374080658,
            0.8764336109161377,
            -0.47000521421432495,
            0.1340307891368866
          ],
          [
            -0.39672401547431946,
            -0.396567165851593,
            -0.8278555274009705,
            0.04461882635951042
          ],
          [
            -0.911955714225769,
            0.27312907576560974,
            0.3061884343624115,
            1.4491113424301147
          ],
          [
            0.0,
            0.0,
            0.0,
            1.0
          ]
        ]
      },
      "bone_length_armature_space": 0.26796954911810716,
      "parent": "spine_01",
      "has_children": true,
      "is_end_bone": false
    },
    "lowerarm_l": {
      "name": "lowerarm_l",
      "local": {
        "location": {
          "x": 0.0,
          "y": 0.0,
          "z": 0.0
        },
        "rotation_quaternion": {
          "w": 0.8807005286216736,
          "x": 0.4427122175693512,
          "y": -0.1570897400379181,
          "z": 0.0607902817428112
        },
        "scale": {
          "x": 1.0,
          "y": 1.0,
          "z": 1.0
        },
        "matrix_basis": [
          [
            0.9432547092437744,
            -0.2461671680212021,
            -0.22287283837795258,
            0.0
          ],
          [
            -0.03201502934098244,
            0.6006208658218384,
            -0.7988928556442261,
            0.0
          ],
          [
            0.33052322268486023,
            0.760694682598114,
            0.5586574077606201,
            0.0
          ],
          [
            0.0,
            0.0,
            0.0,
            1.0
          ]
        ],
        "rotation_mode": "QUATERNION"
      },
      "armature_space": {
        "head": {
          "x": 0.368888258934021,
          "y": -0.12489308416843414,
          "z": 0.5724477171897888
        },
        "tail": {
          "x": 0.3739253282546997,
          "y": -0.3083222508430481,
          "z": 0.7671222686767578
        }
      },
      "world_space": {
        "head": {
          "x": 0.368888258934021,
          "y": -0.06164908409118652,
          "z": 1.5223016738891602
        },
        "tail": {
          "x": 0.3739253282546997,
          "y": -0.24507825076580048,
          "z": 1.716976284980774
        },
        "rotation_quaternion": {
          "w": 0.26631230115890503,
          "x": 0.5989020466804504,
          "y": -0.29368487000465393,
          "z": -0.6958040595054626
        },
        "matrix": [
          [
            -0.14078941941261292,
            0.01882845163345337,
            -0.9898605346679688,
            0.368888258934021
          ],
          [
            -0.7223796844482422,
            -0.6856537461280823,
            0.08970305323600769,
            -0.06164908409118652
          ],
          [
            -0.677017867565155,
            0.7276887893676758,
            0.11013510823249817,
            1.5223016738891602
          ],
          [
            0.0,
            0.0,
            0.0,
            1.0
          ]
        ]
      },
      "bone_length_armature_space": 0.26752534584359317,
      "parent": "upperarm_l",
      "has_children": true,
      "is_end_bone": false
    },
    "metacarpal_thumb_l": {
      "name": "metacarpal_thumb_l",
      "local": {
        "location": {
          "x": 0.0,
          "y": 0.0,
          "z": 0.0
        },
        "rotation_quaternion": {
          "w": 0.9998798370361328,
          "x": -0.0019599541556090117,
          "y": 0.0022649490274488926,
          "z": 0.015211664140224457
        },
        "scale": {
          "x": 1.0,
          "y": 1.0,
          "z": 1.0
        },
        "matrix_basis": [
          [
            0.9995269775390625,
            -0.030428551137447357,
            0.004469725303351879,
            0.0
          ],
          [
            0.03041079454123974,
            0.9995295405387878,
            0.0039883446879684925,
            0.0
          ],
          [
            -0.004588982090353966,
            -0.0038505299016833305,
            0.9999820590019226,
            0.0
          ],
          [
            0.0,
            0.0,
            0.0,
            1.0
          ]
        ],
        "rotation_mode": "QUATERNION"
      },
      "armature_space": {
        "head": {
          "x": 0.3739253282546997,
          "y": -0.3083222508430481,
          "z": 0.7671222686767578
        },
        "tail": {
          "x": 0.3433832824230194,
          "y": -0.33808544278144836,
          "z": 0.7923200726509094
        }
      },
      "world_space": {
        "head": {
          "x": 0.3739253282546997,
          "y": -0.24507825076580048,
          "z": 1.716976284980774
        },
        "tail": {
          "x": 0.3433832824230194,
          "y": -0.27484142780303955,
          "z": 1.7421741485595703
        },
        "rotation_quaternion": {
          "w": 0.3074706792831421,
          "x": 0.8925226926803589,
          "y": -0.3240795433521271,
          "z": 0.06194822117686272
        },
        "matrix": [
          [
            0.7822694182395935,
            -0.6165913939476013,
            -0.08871082961559296,
            0.3739253282546997
          ],
          [
            -0.5404029488563538,
            -0.600867748260498,
            -0.5890012979507446,
            -0.24507825076580048
          ],
          [
            0.30987125635147095,
            0.5087003707885742,
            -0.8032544255256653,
            1.716976284980774
          ],
          [
            0.0,
            0.0,
            0.0,
            1.0
          ]
        ]
      },
      "bone_length_armature_space": 0.04953376158956049,
      "parent": "lowerarm_l",
      "has_children": true,
      "is_end_bone": false
    },
    "thumb_01_l": {
      "name": "thumb_01_l",
      "local": {
        "location": {
          "x": 0.0,
          "y": 0.0,
          "z": 0.0
        },
        "rotation_quaternion": {
          "w": 0.9740511178970337,
          "x": 0.22552365064620972,
          "y": 0.007701084949076176,
          "z": -0.017444293946027756
        },
        "scale": {
          "x": 1.0,
          "y": 1.0,
          "z": 1.0
        },
        "matrix_basis": [
          [
            0.9992727637290955,
            0.03745682165026665,
            0.007134299259632826,
            0.0
          ],
          [
            -0.030509714037179947,
            0.8976695537567139,
            -0.4396118223667145,
            0.0
          ],
          [
            -0.022870702669024467,
            0.43907445669174194,
            0.8981595635414124,
            0.0
          ],
          [
            0.0,
            0.0,
            0.0,
            1.0
          ]
        ],
        "rotation_mode": "QUATERNION"
      },
      "armature_space": {
        "head": {
          "x": 0.3433832824230194,
          "y": -0.33808544278144836,
          "z": 0.7923200726509094
        },
        "tail": {
          "x": 0.3362463414669037,
          "y": -0.37115705013275146,
          "z": 0.7885838747024536
        }
      },
      "world_space": {
        "head": {
          "x": 0.3433832824230194,
          "y": -0.27484142780303955,
          "z": 1.7421741485595703
        },
        "tail": {
          "x": 0.3362463414669037,
          "y": -0.30791306495666504,
          "z": 1.7384378910064697
        },
        "rotation_quaternion": {
          "w": 0.05815225839614868,
          "x": 0.5431333184242249,
          "y": -0.10403192788362503,
          "z": 0.8311449885368347
        },
        "matrix": [
          [
            -0.40324920415878296,
            -0.20967179536819458,
            0.8907457590103149,
            0.3433832824230194
          ],
          [
            -0.016340017318725586,
            -0.971591591835022,
            -0.23609939217567444,
            -0.27484142780303955
          ],
          [
            0.9149505496025085,
            -0.10976335406303406,
            0.38837000727653503,
            1.7421741485595703
          ],
          [
            0.0,
            0.0,
            0.0,
            1.0
          ]
        ]
      },
      "bone_length_armature_space": 0.03403860108136543,
      "parent": "metacarpal_thumb_l",
      "has_children": true,
      "is_end_bone": false
    },
    "thumb_02_l": {
      "name": "thumb_02_l",
      "local": {
        "location": {
          "x": 0.0,
          "y": 0.0,
          "z": 0.0
        },
        "rotation_quaternion": {
          "w": 0.940149188041687,
          "x": 0.34063586592674255,
          "y": -0.009297695010900497,
          "z": 0.0007479069172404706
        },
        "scale": {
          "x": 1.0,
          "y": 1.0,
          "z": 1.0
        },
        "matrix_basis": [
          [
            0.9998260140419006,
            -0.0077405450865626335,
            -0.016972912475466728,
            0.0
          ],
          [
            -0.004927968606352806,
            0.7679333090782166,
            -0.6405109763145447,
            0.0
          ],
          [
            0.017991969361901283,
            0.6404831409454346,
            0.7677615284919739,
            0.0
          ],
          [
            0.0,
            0.0,
            0.0,
            1.0
          ]
        ],
        "rotation_mode": "QUATERNION"
      },
      "armature_space": {
        "head": {
          "x": 0.3362463414669037,
          "y": -0.3711570203304291,
          "z": 0.7885838747024536
        },
        "tail": {
          "x": 0.35350123047828674,
          "y": -0.37161025404930115,
          "z": 0.8248504400253296
        }
      },
      "world_space": {
        "head": {
          "x": 0.3362463414669037,
          "y": -0.30791300535202026,
          "z": 1.7384378910064697
        },
        "tail": {
          "x": 0.35350123047828674,
          "y": -0.30836623907089233,
          "z": 1.7747044563293457
        },
        "rotation_quaternion": {
          "w": 0.06270972639322281,
          "x": -0.24701867997646332,
          "y": -0.7003036737442017,
          "z": -0.6668014526367188
        },
        "matrix": [
          [
            -0.8700980544090271,
            0.42960619926452637,
            0.24159526824951172,
            0.3362463414669037
          ],
          [
            0.2623489797115326,
            -0.011284172534942627,
            0.964907169342041,
            -0.30791300535202026
          ],
          [
            0.4172592759132385,
            0.9029521942138672,
            -0.10288825631141663,
            1.7384378910064697
          ],
          [
            0.0,
            0.0,
            0.0,
            1.0
          ]
        ]
      },
      "bone_length_armature_space": 0.04016466625413981,
      "parent": "thumb_01_l",
      "has_children": true,
      "is_end_bone": false
    },
    "thumb_03_l": {
      "name": "thumb_03_l",
      "local": {
        "location": {
          "x": 0.0,
          "y": 0.0,
          "z": 0.0
        },
        "rotation_quaternion": {
          "w": 0.9831114411354065,
          "x": 0.182808980345726,
          "y": 0.004971332848072052,
          "z": 0.006930055096745491
        },
        "scale": {
          "x": 1.0,
          "y": 1.0,
          "z": 1.0
        },
        "matrix_basis": [
          [
            0.9998545050621033,
            -0.011808424256742,
            0.012308500707149506,
            0.0
          ],
          [
            0.015443641692399979,
            0.9330657124519348,
            -0.3593742847442627,
            0.0
          ],
          [
            -0.007240995764732361,
            0.3595120906829834,
            0.9331123232841492,
            0.0
          ],
          [
            0.0,
            0.0,
            0.0,
            1.0
          ]
        ],
        "rotation_mode": "QUATERNION"
      },
      "armature_space": {
        "head": {
          "x": 0.3535011112689972,
          "y": -0.37161028385162354,
          "z": 0.8248503804206848
        },
        "tail": {
          "x": 0.36900702118873596,
          "y": -0.35500240325927734,
          "z": 0.8451147079467773
        }
      },
      "world_space": {
        "head": {
          "x": 0.3535011112689972,
          "y": -0.3083662986755371,
          "z": 1.7747044563293457
        },
        "tail": {
          "x": 0.36900702118873596,
          "y": -0.2917584180831909,
          "z": 1.7949687242507935
        },
        "rotation_quaternion": {
          "w": 0.32725077867507935,
          "x": -0.12793086469173431,
          "y": -0.8158797025680542,
          "z": -0.4592176377773285
        },
        "matrix": [
          [
            -0.7530820965766907,
            0.5093109011650085,
            -0.41649752855300903,
            0.3535011112689972
          ],
          [
            -0.09180432558059692,
            0.5455067157745361,
            0.8330633640289307,
            -0.3083662986755371
          ],
          [
            0.6514946818351746,
            0.6656062602996826,
            -0.36405616998672485,
            1.7747044563293457
          ],
          [
            0.0,
            0.0,
            0.0,
            1.0
          ]
        ]
      },
      "bone_length_armature_space": 0.030444998024621812,
      "parent": "thumb_02_l",
      "has_children": false,
      "is_end_bone": true
    },
    "metacarpal_index_l": {
      "name": "metacarpal_index_l",
      "local": {
        "location": {
          "x": 0.0,
          "y": 0.0,
          "z": 0.0
        },
        "rotation_quaternion": {
          "w": 0.9996258020401001,
          "x": -0.01358425710350275,
          "y": -0.02299574762582779,
          "z": -0.005914943292737007
        },
        "scale": {
          "x": 1.0,
          "y": 1.0,
          "z": 1.0
        },
        "matrix_basis": [
          [
            0.9988723993301392,
            0.012450220063328743,
            -0.04581358656287193,
            0.0
          ],
          [
            -0.01120069995522499,
            0.9995609521865845,
            0.02743038535118103,
            0.0
          ],
          [
            0.046134985983371735,
            -0.026886310428380966,
            0.9985733032226562,
            0.0
          ],
          [
            0.0,
            0.0,
            0.0,
            1.0
          ]
        ],
        "rotation_mode": "QUATERNION"
      },
      "armature_space": {
        "head": {
          "x": 0.3739253282546997,
          "y": -0.3083222508430481,
          "z": 0.7671222686767578
        },
        "tail": {
          "x": 0.3428974747657776,
          "y": -0.38547277450561523,
          "z": 0.8496714234352112
        }
      },
      "world_space": {
        "head": {
          "x": 0.3739253282546997,
          "y": -0.24507825076580048,
          "z": 1.716976284980774
        },
        "tail": {
          "x": 0.3428974747657776,
          "y": -0.3222287893295288,
          "z": 1.799525499343872
        },
        "rotation_quaternion": {
          "w": 0.3149842619895935,
          "x": 0.8570951223373413,
          "y": -0.26751628518104553,
          "z": -0.30758416652679443
        },
        "matrix": [
          [
            0.6676538586616516,
            -0.26480668783187866,
            -0.695784330368042,
            0.3739253282546997
          ],
          [
            -0.6523425579071045,
            -0.6584398746490479,
            -0.37537479400634766,
            -0.24507825076580048
          ],
          [
            -0.35873356461524963,
            0.7045144438743591,
            -0.6123589873313904,
            1.716976284980774
          ],
          [
            0.0,
            0.0,
            0.0,
            1.0
          ]
        ]
      },
      "bone_length_armature_space": 0.1171720693283718,
      "parent": "lowerarm_l",
      "has_children": true,
      "is_end_bone": false
    },
    "index_01_l": {
      "name": "index_01_l",
      "local": {
        "location": {
          "x": 0.0,
          "y": 0.0,
          "z": 0.0
        },
        "rotation_quaternion": {
          "w": 0.9793382883071899,
          "x": 0.20146995782852173,
          "y": 0.01155090145766735,
          "z": 0.013160551898181438
        },
        "scale": {
          "x": 1.0,
          "y": 1.0,
          "z": 1.0
        },
        "matrix_basis": [
          [
            0.999386727809906,
            -0.021122945472598076,
            0.027927391231060028,
            0.0
          ],
          [
            0.030431583523750305,
            0.9184733033180237,
            -0.39431044459342957,
            0.0
          ],
          [
            -0.017321567982435226,
            0.3949185311794281,
            0.9185528755187988,
            0.0
          ],
          [
            0.0,
            0.0,
            0.0,
            1.0
          ]
        ],
        "rotation_mode": "QUATERNION"
      },
      "armature_space": {
        "head": {
          "x": 0.3428974747657776,
          "y": -0.38547277450561523,
          "z": 0.8496714234352112
        },
        "tail": {
          "x": 0.33675235509872437,
          "y": -0.41134241223335266,
          "z": 0.8599704504013062
        }
      },
      "world_space": {
        "head": {
          "x": 0.3428974747657776,
          "y": -0.3222287893295288,
          "z": 1.799525499343872
        },
        "tail": {
          "x": 0.33675235509872437,
          "y": -0.34809839725494385,
          "z": 1.8098244667053223
        },
        "rotation_quaternion": {
          "w": 0.13834206759929657,
          "x": 0.9221892356872559,
          "y": -0.16503649950027466,
          "z": -0.3212343752384186
        },
        "matrix": [
          [
            0.7391428351402283,
            -0.21551010012626648,
            -0.6381405591964722,
            0.3428974747657776
          ],
          [
            -0.39327049255371094,
            -0.9072489142417908,
            -0.14912375807762146,
            -0.3222287893295288
          ],
          [
            -0.5468189120292664,
            0.3611873984336853,
            -0.7553454637527466,
            1.799525499343872
          ],
          [
            0.0,
            0.0,
            0.0,
            1.0
          ]
        ]
      },
      "bone_length_armature_space": 0.028514393065815477,
      "parent": "metacarpal_index_l",
      "has_children": true,
      "is_end_bone": false
    },
    "index_02_l": {
      "name": "index_02_l",
      "local": {
        "location": {
          "x": 0.0,
          "y": 0.0,
          "z": 0.0
        },
        "rotation_quaternion": {
          "w": 0.9253886938095093,
          "x": 0.3789907991886139,
          "y": 0.001079839188605547,
          "z": 0.004532060120254755
        },
        "scale": {
          "x": 1.0,
          "y": 1.0,
          "z": 1.0
        },
        "matrix_basis": [
          [
            0.9999566078186035,
            -0.007569336332380772,
            0.005433760117739439,
            0.0
          ],
          [
            0.009206332266330719,
            0.7126908898353577,
            -0.7014178037643433,
            0.0
          ],
          [
            0.0014366762479767203,
            0.7014374136924744,
            0.7127296328544617,
            0.0
          ],
          [
            0.0,
            0.0,
            0.0,
            1.0
          ]
        ],
        "rotation_mode": "QUATERNION"
      },
      "armature_space": {
        "head": {
          "x": 0.33675187826156616,
          "y": -0.41134271025657654,
          "z": 0.8599705100059509
        },
        "tail": {
          "x": 0.32104799151420593,
          "y": -0.4307813346385956,
          "z": 0.85417240858078
        }
      },
      "world_space": {
        "head": {
          "x": 0.33675187826156616,
          "y": -0.3480986952781677,
          "z": 1.8098244667053223
        },
        "tail": {
          "x": 0.32104799151420593,
          "y": -0.36753731966018677,
          "z": 1.8040263652801514
        },
        "rotation_quaternion": {
          "w": 0.2098202109336853,
          "x": -0.8974168300628662,
          "y": 0.2776739001274109,
          "z": 0.27113792300224304
        },
        "matrix": [
          [
            0.6987630128860474,
            -0.6121594309806824,
            -0.3701232671737671,
            0.33675187826156616
          ],
          [
            -0.38459882140159607,
            -0.7577450275421143,
            0.5271680951118469,
            -0.3480986952781677
          ],
          [
            -0.60317462682724,
            -0.2260187268257141,
            -0.7649247646331787,
            1.8098244667053223
          ],
          [
            0.0,
            0.0,
            0.0,
            1.0
          ]
        ]
      },
      "bone_length_armature_space": 0.025653268176677877,
      "parent": "index_01_l",
      "has_children": true,
      "is_end_bone": false
    },
    "index_03_l": {
      "name": "index_03_l",
      "local": {
        "location": {
          "x": 0.0,
          "y": 0.0,
          "z": 0.0
        },
        "rotation_quaternion": {
          "w": 0.961407482624054,
          "x": 0.27495241165161133,
          "y": 0.008217926137149334,
          "z": -0.005425280891358852
        },
        "scale": {
          "x": 1.0,
          "y": 1.0,
          "z": 1.0
        },
        "matrix_basis": [
          [
            0.9998060464859009,
            0.014950888231396675,
            0.012818163260817528,
            0.0
          ],
          [
            -0.005912734195590019,
            0.8487434983253479,
            -0.5287717580795288,
            0.0
          ],
          [
            -0.018784940242767334,
            0.5285934209823608,
            0.8486672639846802,
            0.0
          ],
          [
            0.0,
            0.0,
            0.0,
            1.0
          ]
        ],
        "rotation_mode": "QUATERNION"
      },
      "armature_space": {
        "head": {
          "x": 0.3210480511188507,
          "y": -0.43078142404556274,
          "z": 0.8541725277900696
        },
        "tail": {
          "x": 0.3030284643173218,
          "y": -0.4405001401901245,
          "z": 0.833325982093811
        }
      },
      "world_space": {
        "head": {
          "x": 0.3210480511188507,
          "y": -0.3675374388694763,
          "z": 1.8040266036987305
        },
        "tail": {
          "x": 0.3030284643173218,
          "y": -0.3772561550140381,
          "z": 1.7831799983978271
        },
        "rotation_quaternion": {
          "w": 0.4910672605037689,
          "x": -0.8060888648033142,
          "y": 0.30420881509780884,
          "z": 0.12857194244861603
        },
        "matrix": [
          [
            0.7818520069122314,
            -0.6167141199111938,
            0.09149527549743652,
            0.3210480511188507
          ],
          [
            -0.3641662299633026,
            -0.33261996507644653,
            0.8699119687080383,
            -0.3675374388694763
          ],
          [
            -0.5060577988624573,
            -0.713467001914978,
            -0.4846486449241638,
            1.8040266036987305
          ],
          [
            0.0,
            0.0,
            0.0,
            1.0
          ]
        ]
      },
      "bone_length_armature_space": 0.02921878495435804,
      "parent": "index_02_l",
      "has_children": false,
      "is_end_bone": true
    },
    "metacarpal_pinky_l": {
      "name": "metacarpal_pinky_l",
      "local": {
        "location": {
          "x": 0.0,
          "y": 0.0,
          "z": 0.0
        },
        "rotation_quaternion": {
          "w": 0.9989731907844543,
          "x": -0.039612703025341034,
          "y": -0.010352700017392635,
          "z": -0.019397199153900146
        },
        "scale": {
          "x": 1.0,
          "y": 1.0,
          "z": 1.0
        },
        "matrix_basis": [
          [
            0.9990331530570984,
            0.0395747609436512,
            -0.019147388637065887,
            0.0
          ],
          [
            -0.03793436661362648,
            0.9961091876029968,
            0.07954568415880203,
            0.0
          ],
          [
            0.02222089096903801,
            -0.07874242961406708,
            0.996647298336029,
            0.0
          ],
          [
            0.0,
            0.0,
            0.0,
            1.0
          ]
        ],
        "rotation_mode": "QUATERNION"
      },
      "armature_space": {
        "head": {
          "x": 0.3739253282546997,
          "y": -0.3083222508430481,
          "z": 0.7671222686767578
        },
        "tail": {
          "x": 0.4039476811885834,
          "y": -0.3859965205192566,
          "z": 0.8296412825584412
        }
      },
      "world_space": {
        "head": {
          "x": 0.3739253282546997,
          "y": -0.24507825076580048,
          "z": 1.716976284980774
        },
        "tail": {
          "x": 0.4039476811885834,
          "y": -0.32275253534317017,
          "z": 1.7794952392578125
        },
        "rotation_quaternion": {
          "w": 0.14947554469108582,
          "x": -0.013949858956038952,
          "y": -0.3235611021518707,
          "z": -0.9342219829559326
        },
        "matrix": [
          [
            -0.9549249410629272,
            0.2883140444755554,
            -0.0706651508808136,
            0.3739253282546997
          ],
          [
            -0.27025994658470154,
            -0.7459301352500916,
            0.6087263226509094,
            -0.24507825076580048
          ],
          [
            0.12279389053583145,
            0.6003893613815308,
            0.7902330160140991,
            1.716976284980774
          ],
          [
            0.0,
            0.0,
            0.0,
            1.0
          ]
        ]
      },
      "bone_length_armature_space": 0.10413097959889099,
      "parent": "lowerarm_l",
      "has_children": true,
      "is_end_bone": false
    },
    "pinky_01_l": {
      "name": "pinky_01_l",
      "local": {
        "location": {
          "x": 0.0,
          "y": 0.0,
          "z": 0.0
        },
        "rotation_quaternion": {
          "w": 0.9559776782989502,
          "x": 0.2930352985858917,
          "y": -0.009620568715035915,
          "z": -0.012023286893963814
        },
        "scale": {
          "x": 1.0,
          "y": 1.0,
          "z": 1.0
        },
        "matrix_basis": [
          [
            0.999525785446167,
            0.01734965480864048,
            -0.02544059231877327,
            0.0
          ],
          [
            -0.028626320883631706,
            0.8279715180397034,
            -0.5600390434265137,
            0.0
          ],
          [
            0.011347603052854538,
            0.560501754283905,
            0.8280755281448364,
            0.0
          ],
          [
            0.0,
            0.0,
            0.0,
            1.0
          ]
        ],
        "rotation_mode": "QUATERNION"
      },
      "armature_space": {
        "head": {
          "x": 0.4039476811885834,
          "y": -0.3859965205192566,
          "z": 0.8296412825584412
        },
