{
  "metadata": {
    "armature_name": "KIM_caucasian_male",
    "export_time": "2026-01-13T19:11:05.365251",
    "blender_version": "4.4.1",
    "bone_count": 56,
    "end_bone_count": 13,
    "spaces_included": [
      "LOCAL_CHANNELS",
      "ARMATURE_SPACE",
      "WORLD_SPACE"
    ],
    "note": "LOCAL matches Transform panel; replay pose via local.matrix_basis for best fidelity."
  },
  "bones": {
    "Root": {
      "name": "Root",
      "local": {
        "location": {
          "x": 0.0,
          "y": 0.0,
          "z": 0.0
        },
        "rotation_quaternion": {
          "w": 0.9999436140060425,
          "x": -0.002785141346976161,
          "y": 0.0038050950970500708,
          "z": 0.009514860808849335
        },
        "scale": {
          "x": 1.0,
          "y": 1.0,
          "z": 1.0
        },
        "matrix_basis": [
          [
            0.9997899532318115,
            -0.01904984377324581,
            0.007556760683655739,
            0.0
          ],
          [
            0.019007453694939613,
            0.9998034238815308,
            0.005642378702759743,
            0.0
          ],
          [
            -0.007662761490792036,
            -0.005497558508068323,
            0.9999555349349976,
            0.0
          ],
          [
            0.0,
            0.0,
            0.0,
            1.0
          ]
        ],
        "rotation_mode": "QUATERNION"
      },
      "armature_space": {
        "head": {
          "x": 0.0,
          "y": 0.07072800397872925,
          "z": -0.009595036506652832
        },
        "tail": {
          "x": -0.0013596991775557399,
          "y": 6.665289402008057e-05,
          "z": 0.00038694869726896286
        }
      },
      "world_space": {
        "head": {
          "x": 0.0,
          "y": 0.13397200405597687,
          "z": 0.9402589797973633
        },
        "tail": {
          "x": -0.0013596991775557399,
          "y": 0.0633106529712677,
          "z": 0.950240969657898
        },
        "rotation_quaternion": {
          "w": 0.07014268636703491,
          "x": 0.9974844455718994,
          "y": -0.009236904792487621,
          "z": 0.0044374470598995686
        },
        "matrix": [
          [
            0.9997899532318115,
            -0.01904984377324581,
            0.007556760683655739,
            0.0
          ],
          [
            -0.0178048238158226,
            -0.9899893403053284,
            -0.1400148868560791,
            0.13397200405597687
          ],
          [
            0.010148427449166775,
            0.13985097408294678,
            -0.9901276230812073,
            0.9402589797973633
          ],
          [
            0.0,
            0.0,
            0.0,
            1.0
          ]
        ]
      },
      "bone_length_armature_space": 0.07137587420862752,
      "parent": null,
      "has_children": true,
      "is_end_bone": false
    },
    "spine_01": {
      "name": "spine_01",
      "local": {
        "location": {
          "x": 0.0,
          "y": 0.0,
          "z": 0.0
        },
        "rotation_quaternion": {
          "w": 0.9962201118469238,
          "x": -0.01840066909790039,
          "y": 0.05441572889685631,
          "z": 0.0651596337556839
        },
        "scale": {
          "x": 1.0,
          "y": 1.0,
          "z": 1.0
        },
        "matrix_basis": [
          [
            0.9855862855911255,
            -0.13182924687862396,
            0.10602212697267532,
            0.0
          ],
          [
            0.1278240978717804,
            0.9908312559127808,
            0.04375365003943443,
            0.0
          ],
          [
            -0.110818050801754,
            -0.029570816084742546,
            0.9934006929397583,
            0.0
          ],
          [
            0.0,
            0.0,
            0.0,
            1.0
          ]
        ],
        "rotation_mode": "QUATERNION"
      },
      "armature_space": {
        "head": {
          "x": -0.0013596991775557399,
          "y": 6.665289402008057e-05,
          "z": 0.00038694869726896286
        },
        "tail": {
          "x": -0.06986480206251144,
          "y": 0.04094955325126648,
          "z": 0.4818265736103058
        }
      },
      "world_space": {
        "head": {
          "x": -0.0013596991775557399,
          "y": 0.0633106529712677,
          "z": 0.950240969657898
        },
        "tail": {
          "x": -0.06986480206251144,
          "y": 0.1041935533285141,
          "z": 1.4316805601119995
        },
        "rotation_quaternion": {
          "w": 0.7359755039215088,
          "x": 0.671904981136322,
          "y": -0.015100298449397087,
          "z": 0.08158356696367264
        },
        "matrix": [
          [
            0.9862321019172668,
            -0.1403789520263672,
            0.08740679174661636,
            -0.0013596991775557399
          ],
          [
            0.09979603439569473,
            0.08377622067928314,
            -0.9914748668670654,
            0.0633106529712677
          ],
          [
            0.13186059892177582,
            0.9865541458129883,
            0.09663183242082596,
            0.950240969657898
          ],
          [
            0.0,
            0.0,
            0.0,
            1.0
          ]
        ]
      },
      "bone_length_armature_space": 0.48800457554473975,
      "parent": "Root",
      "has_children": true,
      "is_end_bone": false
    },
    "neck_01": {
      "name": "neck_01",
      "local": {
        "location": {
          "x": 0.0,
          "y": 0.0,
          "z": 0.0
        },
        "rotation_quaternion": {
          "w": 0.993280291557312,
          "x": -0.023485450074076653,
          "y": 0.0878334566950798,
          "z": 0.0716102197766304
        },
        "scale": {
          "x": 1.0,
          "y": 1.0,
          "z": 1.0
        },
        "matrix_basis": [
          [
            0.9743145108222961,
            -0.14638365805149078,
            0.17112289369106293,
            0.0
          ],
          [
            0.13813242316246033,
            0.9886408448219299,
            0.05923481658101082,
            0.0
          ],
          [
            -0.17785008251667023,
            -0.034075722098350525,
            0.9834674596786499,
            0.0
          ],
          [
            0.0,
            0.0,
            0.0,
            1.0
          ]
        ],
        "rotation_mode": "QUATERNION"
      },
      "armature_space": {
        "head": {
          "x": -0.07711182534694672,
          "y": 0.012698732316493988,
          "z": 0.557411789894104
        },
        "tail": {
          "x": -0.10217487812042236,
          "y": -0.015780912712216377,
          "z": 0.6526561975479126
        }
      },
      "world_space": {
        "head": {
          "x": -0.07711182534694672,
          "y": 0.07594273239374161,
          "z": 1.5072658061981201
        },
        "tail": {
          "x": -0.10217487812042236,
          "y": 0.04746308922767639,
          "z": 1.6025102138519287
        },
        "rotation_quaternion": {
          "w": 0.6008797883987427,
          "x": 0.7752755880355835,
          "y": -0.006889393087476492,
          "z": 0.19453516602516174
        },
        "matrix": [
          [
            0.924217700958252,
            -0.24446667730808258,
            0.29335594177246094,
            -0.07711182534694672
          ],
          [
            0.2231007218360901,
            -0.277792364358902,
            -0.9343756437301636,
            0.07594273239374161
          ],
          [
            0.309918075799942,
            0.9290204644203186,
            -0.2022022008895874,
            1.5072658061981201
          ],
          [
            0.0,
            0.0,
            0.0,
            1.0
          ]
        ]
      },
      "bone_length_armature_space": 0.10252191962265123,
      "parent": "spine_01",
      "has_children": true,
      "is_end_bone": false
    },
    "head": {
      "name": "head",
      "local": {
        "location": {
          "x": 0.0,
          "y": 0.0,
          "z": 0.0
        },
        "rotation_quaternion": {
          "w": 0.982696533203125,
          "x": -0.01594891957938671,
          "y": -0.13220342993736267,
          "z": -0.1287461370229721
        },
        "scale": {
          "x": 1.0,
          "y": 1.0,
          "z": 1.0
        },
        "matrix_basis": [
          [
            0.9318933486938477,
            0.2572537660598755,
            -0.2557249665260315,
            0.0
          ],
          [
            -0.2488197684288025,
            0.9663401246070862,
            0.06538725644350052,
            0.0
          ],
          [
            0.26393842697143555,
            0.002695465926080942,
            0.9645357728004456,
            0.0
          ],
          [
            0.0,
            0.0,
            0.0,
            1.0
          ]
        ],
        "rotation_mode": "QUATERNION"
      },
      "armature_space": {
        "head": {
          "x": -0.10217481106519699,
          "y": -0.015781037509441376,
          "z": 0.652656078338623
        },
        "tail": {
          "x": -0.11535204946994781,
          "y": 0.004383234307169914,
          "z": 0.8058653473854065
        }
      },
      "world_space": {
        "head": {
          "x": -0.10217481106519699,
          "y": 0.047462962567806244,
          "z": 1.6025100946426392
        },
        "tail": {
          "x": -0.11535204946994781,
          "y": 0.06762723624706268,
          "z": 1.7557194232940674
        },
        "rotation_quaternion": {
          "w": 0.7493426203727722,
          "x": 0.6595227718353271,
          "y": -0.05910656973719597,
          "z": 0.004671232309192419
        },
        "matrix": [
          [
            0.992969274520874,
            -0.08496499806642532,
            -0.08242005109786987,
            -0.10217481106519699
          ],
          [
            -0.07096299529075623,
            0.13001640141010284,
            -0.9889693856239319,
            0.047462962567806244
          ],
          [
            0.09474426507949829,
            0.9878718256950378,
            0.12307286262512207,
            1.6025100946426392
          ],
          [
            0.0,
            0.0,
            0.0,
            1.0
          ]
        ]
      },
      "bone_length_armature_space": 0.1550913205597565,
      "parent": "neck_01",
      "has_children": false,
      "is_end_bone": true
    },
    "upperarm_l": {
      "name": "upperarm_l",
      "local": {
        "location": {
          "x": 0.0,
          "y": 0.0,
          "z": 0.0
        },
        "rotation_quaternion": {
          "w": 0.7647145390510559,
          "x": 0.5105080008506775,
          "y": 0.2923758625984192,
          "z": -0.2628871500492096
        },
        "scale": {
          "x": 1.0,
          "y": 1.0,
          "z": 1.0
        },
        "matrix_basis": [
          [
            0.690813422203064,
            0.7005876898765564,
            0.17875616252422333,
            0.0
          ],
          [
            -0.10354682058095932,
            0.34054386615753174,
            -0.9345095157623291,
            0.0
          ],
          [
            -0.7155801057815552,
            0.6270620822906494,
            0.3077958822250366,
            0.0
          ],
          [
            0.0,
            0.0,
            0.0,
            1.0
          ]
        ],
        "rotation_mode": "QUATERNION"
      },
      "armature_space": {
        "head": {
          "x": 0.08053630590438843,
          "y": 0.018875785171985626,
          "z": 0.5111950039863586
        },
        "tail": {
          "x": 0.21377906203269958,
          "y": -0.1464739441871643,
          "z": 0.3477511703968048
        }
      },
      "world_space": {
        "head": {
          "x": 0.08053630590438843,
          "y": 0.08211978524923325,
          "z": 1.4610490798950195
        },
        "tail": {
          "x": 0.21377906203269958,
          "y": -0.08322994410991669,
          "z": 1.2976051568984985
        },
        "rotation_quaternion": {
          "w": 0.06293380260467529,
          "x": -0.6624862551689148,
          "y": -0.43302983045578003,
          "z": 0.6079773902893066
        },
        "matrix": [
          [
            -0.11430367827415466,
            0.4972311854362488,
            -0.8600558042526245,
            0.08053630590438843
          ],
          [
            0.650277316570282,
            -0.6170470118522644,
            -0.44316208362579346,
            0.08211978524923325
          ],
          [
            -0.7510533928871155,
            -0.6099346280097961,
            -0.2528095245361328,
            1.4610490798950195
          ],
          [
            0.0,
            0.0,
            0.0,
            1.0
          ]
        ]
      },
      "bone_length_armature_space": 0.26797024334416353,
      "parent": "spine_01",
      "has_children": true,
      "is_end_bone": false
    },
    "lowerarm_l": {
      "name": "lowerarm_l",
      "local": {
        "location": {
          "x": 0.0,
          "y": 0.0,
          "z": 0.0
        },
        "rotation_quaternion": {
          "w": 0.887481689453125,
          "x": 0.4177730977535248,
          "y": -0.16884420812129974,
          "z": 0.096611388027668
        },
        "scale": {
          "x": 1.0,
          "y": 1.0,
          "z": 1.0
        },
        "matrix_basis": [
          [
            0.9243157505989075,
            -0.3125587999820709,
            -0.21896900236606598,
            0.0
          ],
          [
            0.03040453977882862,
            0.6322637796401978,
            -0.7741565108299255,
            0.0
          ],
          [
            0.38041555881500244,
            0.708907425403595,
            0.5939145684242249,
            0.0
          ],
          [
            0.0,
            0.0,
            0.0,
            1.0
          ]
        ],
        "rotation_mode": "QUATERNION"
      },
      "armature_space": {
        "head": {
          "x": 0.21377907693386078,
          "y": -0.14647410809993744,
          "z": 0.3477512001991272
        },
        "tail": {
          "x": 0.13014240562915802,
          "y": -0.39682209491729736,
          "z": 0.30415961146354675
        }
      },
      "world_space": {
        "head": {
          "x": 0.21377907693386078,
          "y": -0.08323010802268982,
          "z": 1.297605276107788
        },
        "tail": {
          "x": 0.13014240562915802,
          "y": -0.33357810974121094,
          "z": 1.2540136575698853
        },
        "rotation_quaternion": {
          "w": 0.17917200922966003,
          "x": -0.4554558992385864,
          "y": 0.00015296450874302536,
          "z": 0.8720420002937317
        },
        "matrix": [
          [
            -0.5209143757820129,
            -0.31263184547424316,
            -0.7942984104156494,
            0.21377907693386078
          ],
          [
            0.31235167384147644,
            -0.9357945919036865,
            0.16347819566726685,
            -0.08323010802268982
          ],
          [
            -0.794413685798645,
            -0.1629442721605301,
            0.5851240754127502,
            1.297605276107788
          ],
          [
            0.0,
            0.0,
            0.0,
            1.0
          ]
        ]
      },
      "bone_length_armature_space": 0.2675246238300366,
      "parent": "upperarm_l",
      "has_children": true,
      "is_end_bone": false
    },
    "metacarpal_thumb_l": {
      "name": "metacarpal_thumb_l",
      "local": {
        "location": {
          "x": 0.0,
          "y": 0.0,
          "z": 0.0
        },
        "rotation_quaternion": {
          "w": 0.9985136985778809,
          "x": -0.052769050002098083,
          "y": -0.005198831204324961,
          "z": 0.012602453120052814
        },
        "scale": {
          "x": 1.0,
          "y": 1.0,
          "z": 1.0
        },
        "matrix_basis": [
          [
            0.9996283054351807,
            -0.02461876906454563,
            -0.011712247505784035,
            0.0
          ],
          [
            0.02571611851453781,
            0.9941132068634033,
            0.10525020211935043,
            0.0
          ],
          [
            0.009052169509232044,
            -0.10551227629184723,
            0.9943767786026001,
            0.0
          ],
          [
            0.0,
            0.0,
            0.0,
            1.0
          ]
        ],
        "rotation_mode": "QUATERNION"
      },
      "armature_space": {
        "head": {
          "x": 0.13014240562915802,
          "y": -0.39682209491729736,
          "z": 0.30415961146354675
        },
        "tail": {
          "x": 0.09196522831916809,
          "y": -0.4272685945034027,
          "z": 0.31247222423553467
        }
      },
      "world_space": {
        "head": {
          "x": 0.13014240562915802,
          "y": -0.33357810974121094,
          "z": 1.2540136575698853
        },
        "tail": {
          "x": 0.09196522831916809,
          "y": -0.3640245795249939,
          "z": 1.2623262405395508
        },
        "rotation_quaternion": {
          "w": 0.07495005428791046,
          "x": -0.8324106931686401,
          "y": 0.4324934482574463,
          "z": 0.3382667303085327
        },
        "matrix": [
          [
            0.39704951643943787,
            -0.7707318663597107,
            -0.49832141399383545,
            0.13014240562915802
          ],
          [
            -0.6693186163902283,
            -0.6146625280380249,
            0.4173758625984192,
            -0.33357810974121094
          ],
          [
            -0.6279894709587097,
            0.16781750321388245,
            -0.7599214315414429,
            1.2540136575698853
          ],
          [
            0.0,
            0.0,
            0.0,
            1.0
          ]
        ]
      },
      "bone_length_armature_space": 0.049533683371182476,
      "parent": "lowerarm_l",
      "has_children": true,
      "is_end_bone": false
    },
    "thumb_01_l": {
      "name": "thumb_01_l",
      "local": {
        "location": {
          "x": 0.0,
          "y": 0.0,
          "z": 0.0
        },
        "rotation_quaternion": {
          "w": 0.9991278648376465,
          "x": 0.03909517079591751,
          "y": 0.012090471573174,
          "z": 0.008311391808092594
        },
        "scale": {
          "x": 1.0,
          "y": 1.0,
          "z": 1.0
        },
        "matrix_basis": [
          [
            0.9995694756507874,
            -0.01566292904317379,
            0.02480972558259964,
            0.0
          ],
          [
            0.017553644254803658,
            0.99680495262146,
            -0.07792117446660995,
            0.0
          ],
          [
            -0.023509982973337173,
            0.0783231258392334,
            0.996650755405426,
            0.0
          ],
          [
            0.0,
            0.0,
            0.0,
            1.0
          ]
        ],
        "rotation_mode": "QUATERNION"
      },
      "armature_space": {
        "head": {
          "x": 0.09196522831916809,
          "y": -0.4272685945034027,
          "z": 0.31247222423553467
        },
        "tail": {
          "x": 0.061430349946022034,
          "y": -0.4292078912258148,
          "z": 0.29755616188049316
        }
      },
      "world_space": {
        "head": {
          "x": 0.09196522831916809,
          "y": -0.3640245795249939,
          "z": 1.2623262405395508
        },
        "tail": {
          "x": 0.061430349946022034,
          "y": -0.365963876247406,
          "z": 1.2474101781845093
        },
        "rotation_quaternion": {
          "w": 0.10739673674106598,
          "x": 0.5952581763267517,
          "y": -0.6782186031341553,
          "z": 0.41731682419776917
        },
        "matrix": [
          [
            -0.26826512813568115,
            -0.8970667719841003,
            0.3511483669281006,
            0.09196522831916809
          ],
          [
            -0.7177948951721191,
            -0.056973930448293686,
            -0.6939197182655334,
            -0.3640245795249939
          ],
          [
            0.6425022482872009,
            -0.4382100999355316,
            -0.6286309957504272,
            1.2623262405395508
          ],
          [
            0.0,
            0.0,
            0.0,
            1.0
          ]
        ]
      },
      "bone_length_armature_space": 0.0340386339363256,
      "parent": "metacarpal_thumb_l",
      "has_children": true,
      "is_end_bone": false
    },
    "thumb_02_l": {
      "name": "thumb_02_l",
      "local": {
        "location": {
          "x": 0.0,
          "y": 0.0,
          "z": 0.0
        },
        "rotation_quaternion": {
          "w": 0.9921883344650269,
          "x": 0.12470093369483948,
          "y": 0.0011367974802851677,
          "z": -0.003281406359747052
        },
        "scale": {
          "x": 1.0,
          "y": 1.0,
          "z": 1.0
        },
        "matrix_basis": [
          [
            0.999975860118866,
            0.006795065477490425,
            0.0014374455204233527,
            0.0
          ],
          [
            -0.006228026933968067,
            0.9688777923583984,
            -0.24746108055114746,
            0.0
          ],
          [
            -0.0030742231756448746,
            0.24744616448879242,
            0.968896746635437,
            0.0
          ],
          [
            0.0,
            0.0,
            0.0,
            1.0
          ]
        ],
        "rotation_mode": "QUATERNION"
      },
      "armature_space": {
        "head": {
          "x": 0.06143035739660263,
          "y": -0.42920786142349243,
          "z": 0.29755619168281555
        },
        "tail": {
          "x": 0.05435572564601898,
          "y": -0.46852511167526245,
          "z": 0.29339879751205444
        }
      },
      "world_space": {
        "head": {
          "x": 0.06143035739660263,
          "y": -0.365963876247406,
          "z": 1.2474101781845093
        },
        "tail": {
          "x": 0.05435572564601898,
          "y": -0.405281126499176,
          "z": 1.2432527542114258
        },
        "rotation_quaternion": {
          "w": 0.0426061749458313,
          "x": 0.5712270140647888,
          "y": -0.09343963116407394,
          "z": 0.8143424391746521
        },
        "matrix": [
          [
            -0.3437691628932953,
            -0.17614179849624634,
            0.9223864674568176,
            0.06143035739660263
          ],
          [
            -0.03735795244574547,
            -0.9789077043533325,
            -0.20085839927196503,
            -0.365963876247406
          ],
          [
            0.9383174180984497,
            -0.10350917279720306,
            0.32993999123573303,
            1.2474101781845093
          ],
          [
            0.0,
            0.0,
            0.0,
            1.0
          ]
        ]
      },
      "bone_length_armature_space": 0.04016441775010727,
      "parent": "thumb_01_l",
      "has_children": true,
      "is_end_bone": false
    },
    "thumb_03_l": {
      "name": "thumb_03_l",
      "local": {
        "location": {
          "x": 0.0,
          "y": 0.0,
          "z": 0.0
        },
        "rotation_quaternion": {
          "w": 0.9983662962913513,
          "x": 0.056663259863853455,
          "y": -0.0043408810161054134,
          "z": -0.0059346044436097145
        },
        "scale": {
          "x": 1.0,
          "y": 1.0,
          "z": 1.0
        },
        "matrix_basis": [
          [
            0.9998918771743774,
            0.011357881128787994,
            -0.009340126998722553,
            0.0
          ],
          [
            -0.0123417554423213,
            0.9935081005096436,
            -0.11308985203504562,
            0.0
          ],
          [
            0.007995030842721462,
            0.11319290101528168,
            0.99354088306427,
            0.0
          ],
          [
            0.0,
            0.0,
            0.0,
            1.0
          ]
        ],
        "rotation_mode": "QUATERNION"
      },
      "armature_space": {
        "head": {
          "x": 0.05435565486550331,
          "y": -0.4685250520706177,
          "z": 0.29339882731437683
        },
        "tail": {
          "x": 0.06082269921898842,
          "y": -0.4981898069381714,
          "z": 0.29114681482315063
        }
      },
      "world_space": {
        "head": {
          "x": 0.05435565486550331,
          "y": -0.40528106689453125,
          "z": 1.2432528734207153
        },
        "tail": {
          "x": 0.06082269921898842,
          "y": -0.43494582176208496,
          "z": 1.2410008907318115
        },
        "rotation_quaternion": {
          "w": 0.11287669837474823,
          "x": -0.3957551419734955,
          "y": -0.00843470823019743,
          "z": -0.9113537073135376
        },
        "matrix": [
          [
            -0.6612733006477356,
            0.21241813898086548,
            0.7194415926933289,
            0.05435565486550331
          ],
          [
            -0.19906501471996307,
            -0.974375307559967,
            0.10471819341182709,
            -0.40528106689453125
          ],
          [
            0.7232550382614136,
            -0.07396984100341797,
            0.6866183280944824,
            1.2432528734207153
          ],
          [
            0.0,
            0.0,
            0.0,
            1.0
          ]
        ]
      },
      "bone_length_armature_space": 0.030444899434871633,
      "parent": "thumb_02_l",
      "has_children": false,
      "is_end_bone": true
    },
    "metacarpal_index_l": {
      "name": "metacarpal_index_l",
      "local": {
        "location": {
          "x": 0.0,
          "y": 0.0,
          "z": 0.0
        },
        "rotation_quaternion": {
          "w": 0.9998149871826172,
          "x": 0.013572504743933678,
          "y": -0.012210777960717678,
          "z": -0.00605683634057641
        },
        "scale": {
          "x": 1.0,
          "y": 1.0,
          "z": 1.0
        },
        "matrix_basis": [
          [
            0.9996284246444702,
            0.011779969558119774,
            -0.02458145096898079,
            0.0
          ],
          [
            -0.012442893348634243,
            0.9995582103729248,
            -0.02699206955730915,
            0.0
          ],
          [
            0.024252625182271004,
            0.027287904173135757,
            0.999333381652832,
            0.0
          ],
          [
            0.0,
            0.0,
            0.0,
            1.0
          ]
        ],
        "rotation_mode": "QUATERNION"
      },
      "armature_space": {
        "head": {
          "x": 0.13014240562915802,
          "y": -0.39682209491729736,
          "z": 0.30415961146354675
        },
        "tail": {
          "x": 0.06168252229690552,
          "y": -0.49182194471359253,
          "z": 0.2999769449234009
        }
      },
      "world_space": {
        "head": {
          "x": 0.13014240562915802,
          "y": -0.33357810974121094,
          "z": 1.2540136575698853
        },
        "tail": {
          "x": 0.06168252229690552,
          "y": -0.4285779595375061,
          "z": 1.249830961227417
        },
        "rotation_quaternion": {
          "w": 0.19960251450538635,
          "x": -0.7602758407592773,
          "y": 0.23403336107730865,
          "z": 0.5721607208251953
        },
        "matrix": [
          [
            0.23572097718715668,
            -0.5842695832252502,
            -0.7765727043151855,
            0.13014240562915802
          ],
          [
            -0.1274510622024536,
            -0.810774564743042,
            0.5713152885437012,
            -0.33357810974121094
          ],
          [
            -0.9634340405464172,
            -0.035696957260370255,
            -0.2655835747718811,
            1.2540136575698853
          ],
          [
            0.0,
            0.0,
            0.0,
            1.0
          ]
        ]
      },
      "bone_length_armature_space": 0.11717176049953917,
      "parent": "lowerarm_l",
      "has_children": true,
      "is_end_bone": false
    },
    "index_01_l": {
      "name": "index_01_l",
      "local": {
        "location": {
          "x": 0.0,
          "y": 0.0,
          "z": 0.0
        },
        "rotation_quaternion": {
          "w": 0.9950832724571228,
          "x": -0.097548708319664,
          "y": -0.016804493963718414,
          "z": -0.003330531995743513
        },
        "scale": {
          "x": 1.0,
          "y": 1.0,
          "z": 1.0
        },
        "matrix_basis": [
          [
            0.999413013458252,
            0.009906826540827751,
            -0.03279396519064903,
            0.0
          ],
          [
            -0.003349799895659089,
            0.9809463024139404,
            0.19425010681152344,
            0.0
          ],
          [
            0.034093521535396576,
            -0.19402624666690826,
            0.98040372133255,
            0.0
          ],
          [
            0.0,
            0.0,
            0.0,
            1.0
          ]
        ],
        "rotation_mode": "QUATERNION"
      },
      "armature_space": {
        "head": {
          "x": 0.06168252229690552,
          "y": -0.49182194471359253,
          "z": 0.2999769449234009
        },
        "tail": {
          "x": 0.05635067820549011,
          "y": -0.5187598466873169,
          "z": 0.29229626059532166
        }
      },
      "world_space": {
        "head": {
          "x": 0.06168252229690552,
          "y": -0.4285779595375061,
          "z": 1.249830961227417
        },
        "tail": {
          "x": 0.05635067820549011,
          "y": -0.45551586151123047,
          "z": 1.2421503067016602
        },
        "rotation_quaternion": {
          "w": 0.1662285029888153,
          "x": -0.821652889251709,
          "y": 0.0034891371615231037,
          "z": 0.5451995134353638
        },
        "matrix": [
          [
            0.40549135208129883,
            -0.1869879812002182,
            -0.8947697281837463,
            0.06168252229690552
          ],
          [
            0.1755213588476181,
            -0.9447124004364014,
            0.27696752548217773,
            -0.4285779595375061
          ],
          [
            -0.8970953822135925,
            -0.269361674785614,
            -0.3502543270587921,
            1.249830961227417
          ],
          [
            0.0,
            0.0,
            0.0,
            1.0
          ]
        ]
      },
      "bone_length_armature_space": 0.02851441829552979,
      "parent": "metacarpal_index_l",
      "has_children": true,
      "is_end_bone": false
    },
    "index_02_l": {
      "name": "index_02_l",
      "local": {
        "location": {
          "x": 0.0,
          "y": 0.0,
          "z": 0.0
        },
        "rotation_quaternion": {
          "w": 0.9836116433143616,
          "x": 0.17999716103076935,
          "y": 0.0058743651024997234,
          "z": 0.008647721260786057
        },
        "scale": {
          "x": 1.0,
          "y": 1.0,
          "z": 1.0
        },
        "matrix_basis": [
          [
            0.9997814297676086,
            -0.014897260814905167,
            0.014669318683445454,
            0.0
          ],
          [
            0.019126737490296364,
            0.9350524544715881,
            -0.3539929986000061,
            0.0
          ],
          [
            -0.008443057537078857,
            0.3541962206363678,
            0.9351330399513245,
            0.0
          ],
          [
            0.0,
            0.0,
            0.0,
            1.0
          ]
        ],
        "rotation_mode": "QUATERNION"
      },
      "armature_space": {
        "head": {
          "x": 0.056350227445364,
          "y": -0.5187601447105408,
          "z": 0.29229626059532166
        },
        "tail": {
          "x": 0.044371336698532104,
          "y": -0.5394868850708008,
          "z": 0.283076673746109
        }
      },
      "world_space": {
        "head": {
          "x": 0.056350227445364,
          "y": -0.45551615953445435,
          "z": 1.2421503067016602
        },
        "tail": {
          "x": 0.044371336698532104,
          "y": -0.47624289989471436,
          "z": 1.2329306602478027
        },
        "rotation_quaternion": {
          "w": 0.2974683940410614,
          "x": -0.7677397131919861,
          "y": 0.08680308610200882,
          "z": 0.5608507394790649
        },
        "matrix": [
          [
            0.35582447052001953,
            -0.4669538736343384,
            -0.8095329999923706,
            0.056350227445364
          ],
          [
            0.20038548111915588,
            -0.8079566955566406,
            0.5541225671768188,
            -0.45551615953445435
          ],
          [
            -0.9128232002258301,
            -0.3593920171260834,
            -0.1939208209514618,
            1.2421503067016602
          ],
          [
            0.0,
            0.0,
            0.0,
            1.0
          ]
        ]
      },
      "bone_length_armature_space": 0.025653311004308066,
      "parent": "index_01_l",
      "has_children": true,
      "is_end_bone": false
    },
    "index_03_l": {
      "name": "index_03_l",
      "local": {
        "location": {
          "x": 0.0,
          "y": 0.0,
          "z": 0.0
        },
        "rotation_quaternion": {
          "w": 0.9734519720077515,
          "x": 0.22861845791339874,
          "y": -0.006805540062487125,
          "z": -0.008860099129378796
        },
        "scale": {
          "x": 1.0,
          "y": 1.0,
          "z": 1.0
        },
        "matrix_basis": [
          [
            0.9997503757476807,
            0.014138017781078815,
            -0.01730089634656906,
            0.0
          ],
          [
            -0.020361505448818207,
            0.8953102231025696,
            -0.4449775815010071,
            0.0
          ],
          [
            0.009198568761348724,
            0.4452187716960907,
            0.895374596118927,
            0.0
          ],
          [
            0.0,
            0.0,
            0.0,
            1.0
          ]
        ],
        "rotation_mode": "QUATERNION"
      },
      "armature_space": {
        "head": {
          "x": 0.04437144845724106,
          "y": -0.5394869446754456,
          "z": 0.2830767333507538
        },
        "tail": {
          "x": 0.021844489499926567,
          "y": -0.5502820014953613,
          "z": 0.2679196000099182
        }
      },
      "world_space": {
        "head": {
          "x": 0.04437144845724106,
          "y": -0.47624295949935913,
          "z": 1.2329307794570923
        },
        "tail": {
          "x": 0.021844489499926567,
          "y": -0.4870380163192749,
          "z": 1.217773675918579
        },
        "rotation_quaternion": {
          "w": 0.5264545679092407,
          "x": -0.6718296408653259,
          "y": 0.1952352225780487,
          "z": 0.4830876290798187
        },
        "matrix": [
          [
            0.4570169746875763,
            -0.7709779143333435,
            -0.44354158639907837,
            0.04437144845724106
          ],
          [
            0.24632106721401215,
            -0.3694571852684021,
            0.8960064649581909,
            -0.47624295949935913
          ],
          [
            -0.8546763062477112,
            -0.5187475681304932,
            0.0210607647895813,
            1.2329307794570923
          ],
          [
            0.0,
            0.0,
            0.0,
            1.0
          ]
        ]
      },
      "bone_length_armature_space": 0.02921875806057087,
      "parent": "index_02_l",
      "has_children": false,
      "is_end_bone": true
    },
    "metacarpal_pinky_l": {
      "name": "metacarpal_pinky_l",
      "local": {
        "location": {
          "x": 0.0,
          "y": 0.0,
          "z": 0.0
        },
        "rotation_quaternion": {
          "w": 0.9985468983650208,
          "x": -0.05319925397634506,
          "y": 0.0018436885438859463,
          "z": 0.00840718112885952
        },
        "scale": {
          "x": 1.0,
          "y": 1.0,
          "z": 1.0
        },
        "matrix_basis": [
          [
            0.9998518228530884,
            -0.016986094415187836,
            0.0027875073719769716,
            0.0
          ],
          [
            0.01659376360476017,
            0.9941983222961426,
            0.10627490282058716,
            0.0
          ],
          [
            -0.004576530307531357,
            -0.10621289908885956,
            0.9943329095840454,
            0.0
          ],
          [
            0.0,
            0.0,
            0.0,
            1.0
          ]
        ],
        "rotation_mode": "QUATERNION"
      },
      "armature_space": {
        "head": {
          "x": 0.13014240562915802,
          "y": -0.39682209491729736,
          "z": 0.30415961146354675
        },
        "tail": {
          "x": 0.12267093360424042,
          "y": -0.4902614653110504,
          "z": 0.258810818195343
        }
      },
      "world_space": {
        "head": {
          "x": 0.13014240562915802,
          "y": -0.33357810974121094,
          "z": 1.2540136575698853
        },
        "tail": {
          "x": 0.12267093360424042,
          "y": -0.4270174503326416,
          "z": 1.208664894104004
        },
        "rotation_quaternion": {
          "w": 0.004973925184458494,
          "x": 0.13720200955867767,
          "y": -0.22652100026607513,
          "z": 0.9642816781997681
        },
        "matrix": [
          [
            -0.962302029132843,
            -0.07175083458423615,
            0.26234909892082214,
            0.13014240562915802
          ],
          [
            -0.05256568640470505,
            -0.8973273038864136,
            -0.4382244646549225,
            -0.33357810974121094
          ],
          [
            0.2668578624725342,
            -0.4354986548423767,
            0.8597337007522583,
            1.2540136575698853
          ],
          [
            0.0,
            0.0,
            0.0,
            1.0
          ]
        ]
      },
      "bone_length_armature_space": 0.10413093767500374,
      "parent": "lowerarm_l",
      "has_children": true,
      "is_end_bone": false
    },
    "pinky_01_l": {
      "name": "pinky_01_l",
      "local": {
        "location": {
          "x": 0.0,
          "y": 0.0,
          "z": 0.0
        },
        "rotation_quaternion": {
          "w": 0.9985372424125671,
          "x": 0.0488751046359539,
          "y": -0.018754983320832253,
          "z": -0.013522434048354626
        },
        "scale": {
          "x": 1.0,
          "y": 1.0,
          "z": 1.0
        },
        "matrix_basis": [
          [
            0.998930811882019,
            0.025172004476189613,
            -0.03877691924571991,
            0.0
          ],
          [
            -0.028838612139225006,
            0.9948567152023315,
            -0.09709999710321426,
            0.0
          ],
          [
            0.03613327816128731,
            0.09811445325613022,
            0.9945189356803894,
            0.0
          ],
          [
            0.0,
            0.0,
            0.0,
            1.0
          ]
        ],
        "rotation_mode": "QUATERNION"
      },
      "armature_space": {
        "head": {
          "x": 0.12267093360424042,
          "y": -0.4902614653110504,
          "z": 0.258810818195343
