{
  "metadata": {
    "armature_name": "KIM_caucasian_male",
    "export_time": "2026-01-13T21:05:26.524301",
    "blender_version": "4.4.1",
    "bone_count": 56,
    "end_bone_count": 13,
    "spaces_included": [
      "LOCAL_CHANNELS",
      "ARMATURE_SPACE",
      "WORLD_SPACE"
    ],
    "note": "LOCAL matches Transform panel; replay pose via local.matrix_basis for best fidelity."
  },
  "bones": {
    "Root": {
      "name": "Root",
      "local": {
        "location": {
          "x": 0.0,
          "y": 0.0,
          "z": 0.0
        },
        "rotation_quaternion": {
          "w": 0.9996418952941895,
          "x": -0.019332781434059143,
          "y": 0.015555364079773426,
          "z": -0.010013429448008537
        },
        "scale": {
          "x": 1.0,
          "y": 1.0,
          "z": 1.0
        },
        "matrix_basis": [
          [
            0.9993155002593994,
            0.019418230280280113,
            0.03148676082491875,
            0.0
          ],
          [
            -0.02062114328145981,
            0.9990519285202026,
            0.038340192288160324,
            0.0
          ],
          [
            -0.030712412670254707,
            -0.03896324336528778,
            0.9987685680389404,
            0.0
          ],
          [
            0.0,
            0.0,
            0.0,
            1.0
          ]
        ],
        "rotation_mode": "QUATERNION"
      },
      "armature_space": {
        "head": {
          "x": 0.0,
          "y": 0.07072800397872925,
          "z": -0.009595036506652832
        },
        "tail": {
          "x": 0.0013859930913895369,
          "y": 0.0004409104585647583,
          "z": 0.0027467142790555954
        }
      },
      "world_space": {
        "head": {
          "x": 0.0,
          "y": 0.13397200405597687,
          "z": 0.9402589797973633
        },
        "tail": {
          "x": 0.0013859930913895369,
          "y": 0.06368491053581238,
          "z": 0.9526007175445557
        },
        "rotation_quaternion": {
          "w": 0.0866323933005333,
          "x": 0.9960685968399048,
          "y": 0.011038611643016338,
          "z": 0.014845441095530987
        },
        "matrix": [
          [
            0.9993155002593994,
            0.019418230280280113,
            0.03148676082491875,
            0.0
          ],
          [
            0.02456262707710266,
            -0.9847458600997925,
            -0.17225633561611176,
            0.13397200405597687
          ],
          [
            0.0276617631316185,
            0.1729120910167694,
            -0.9845558404922485,
            0.9402589797973633
          ],
          [
            0.0,
            0.0,
            0.0,
            1.0
          ]
        ]
      },
      "bone_length_armature_space": 0.07137587377140645,
      "parent": null,
      "has_children": true,
      "is_end_bone": false
    },
    "spine_01": {
      "name": "spine_01",
      "local": {
        "location": {
          "x": 0.0,
          "y": 0.0,
          "z": 0.0
        },
        "rotation_quaternion": {
          "w": 0.9990298748016357,
          "x": 0.030950291082262993,
          "y": -0.02583281882107258,
          "z": -0.01772589609026909
        },
        "scale": {
          "x": 1.0,
          "y": 1.0,
          "z": 1.0
        },
        "matrix_basis": [
          [
            0.9980369210243225,
            0.033818334341049194,
            -0.052712757140398026,
            0.0
          ],
          [
            -0.03701646625995636,
            0.9974557161331177,
            -0.0609247125685215,
            0.0
          ],
          [
            0.05051827058196068,
            0.06275635212659836,
            0.9967494606971741,
            0.0
          ],
          [
            0.0,
            0.0,
            0.0,
            1.0
          ]
        ],
        "rotation_mode": "QUATERNION"
      },
      "armature_space": {
        "head": {
          "x": 0.0013859930913895369,
          "y": 0.0004409104585647583,
          "z": 0.0027467142790555954
        },
        "tail": {
          "x": 0.004119710065424442,
          "y": 0.01169693935662508,
          "z": 0.4906138777732849
        }
      },
      "world_space": {
        "head": {
          "x": 0.0013859930913895369,
          "y": 0.06368491053581238,
          "z": 0.9526007175445557
        },
        "tail": {
          "x": 0.004119710065424442,
          "y": 0.07494094222784042,
          "z": 1.4404678344726562
        },
        "rotation_quaternion": {
          "w": 0.7151662111282349,
          "x": 0.6988001465797424,
          "y": -0.008353235200047493,
          "z": -0.01207855436950922
        },
        "matrix": [
          [
            0.9995687007904053,
            0.00560186430811882,
            -0.028828931972384453,
            0.0013859930913895369
          ],
          [
            -0.028950873762369156,
            0.02306557446718216,
            -0.9993146657943726,
            0.06368491053581238
          ],
          [
            -0.004933130461722612,
            0.9997252821922302,
            0.023217033594846725,
            0.9526007175445557
          ],
          [
            0.0,
            0.0,
            0.0,
            1.0
          ]
        ]
      },
      "bone_length_armature_space": 0.4880046685205893,
      "parent": "Root",
      "has_children": true,
      "is_end_bone": false
    },
    "neck_01": {
      "name": "neck_01",
      "local": {
        "location": {
          "x": 0.0,
          "y": 0.0,
          "z": 0.0
        },
        "rotation_quaternion": {
          "w": 0.9966850280761719,
          "x": -0.051949791610240936,
          "y": 0.057694271206855774,
          "z": 0.024324748665094376
        },
        "scale": {
          "x": 1.0,
          "y": 1.0,
          "z": 1.0
        },
        "matrix_basis": [
          [
            0.992159366607666,
            -0.054482635110616684,
            0.11247870326042175,
            0.0
          ],
          [
            0.04249381646513939,
            0.9934190511703491,
            0.10636195540428162,
            0.0
          ],
          [
            -0.1175333634018898,
            -0.10074836015701294,
            0.9879451990127563,
            0.0
          ],
          [
            0.0,
            0.0,
            0.0,
            1.0
          ]
        ],
        "rotation_mode": "QUATERNION"
      },
      "armature_space": {
        "head": {
          "x": 0.0035300697200000286,
          "y": -0.021270908415317535,
          "z": 0.564617395401001
        },
        "tail": {
          "x": -0.0023251213133335114,
          "y": -0.04795430600643158,
          "z": 0.6634327173233032
        }
      },
      "world_space": {
        "head": {
          "x": 0.0035300697200000286,
          "y": 0.041973091661930084,
          "z": 1.514471411705017
        },
        "tail": {
          "x": -0.0023251213133335114,
          "y": 0.01528969407081604,
          "z": 1.6132867336273193
        },
        "rotation_quaternion": {
          "w": 0.6081604361534119,
          "x": 0.7922455668449402,
          "y": 0.0022075343877077103,
          "z": 0.04983039200305939
        },
        "matrix": [
          [
            0.9950242638587952,
            -0.05711192637681961,
            0.08164049685001373,
            0.0035300697200000286
          ],
          [
            0.06410721689462662,
            -0.26027166843414307,
            -0.9634049534797668,
            0.041973091661930084
          ],
          [
            0.07627120614051819,
            0.9638513326644897,
            -0.2553180158138275,
            1.514471411705017
          ],
          [
            0.0,
            0.0,
            0.0,
            1.0
          ]
        ]
      },
      "bone_length_armature_space": 0.10252197467743975,
      "parent": "spine_01",
      "has_children": true,
      "is_end_bone": false
    },
    "head": {
      "name": "head",
      "local": {
        "location": {
          "x": 0.0,
          "y": 0.0,
          "z": 0.0
        },
        "rotation_quaternion": {
          "w": 0.9855387210845947,
          "x": -0.1306242048740387,
          "y": 0.06532315164804459,
          "z": -0.0859285444021225
        },
        "scale": {
          "x": 1.0,
          "y": 1.0,
          "z": 1.0
        },
        "matrix_basis": [
          [
            0.9766983389854431,
            0.15230624377727509,
            0.15120568871498108,
            0.0
          ],
          [
            -0.18643738329410553,
            0.9511072039604187,
            0.2462441772222519,
            0.0
          ],
          [
            -0.10630829632282257,
            -0.268696665763855,
            0.95734041929245,
            0.0
          ],
          [
            0.0,
            0.0,
            0.0,
            1.0
          ]
        ],
        "rotation_mode": "QUATERNION"
      },
      "armature_space": {
        "head": {
          "x": -0.0023251038510352373,
          "y": -0.047954440116882324,
          "z": 0.6634325981140137
        },
        "tail": {
          "x": 0.0066938335075974464,
          "y": 0.010422725230455399,
          "z": 0.8068342804908752
        }
      },
      "world_space": {
        "head": {
          "x": -0.0023251038510352373,
          "y": 0.015289559960365295,
          "z": 1.6132866144180298
        },
        "tail": {
          "x": 0.0066938335075974464,
          "y": 0.07366672158241272,
          "z": 1.7566883563995361
        },
        "rotation_quaternion": {
          "w": 0.82453852891922,
          "x": 0.557757556438446,
          "y": 0.09132295101881027,
          "z": 0.026511328294873238
        },
        "matrix": [
          [
            0.9819146990776062,
            0.05815284326672554,
            0.18017196655273438,
            -0.0023251038510352373
          ],
          [
            0.14559093117713928,
            0.37640780210494995,
            -0.9149429798126221,
            0.015289559960365295
          ],
          [
            -0.12102536112070084,
            0.9246340990066528,
            0.36113548278808594,
            1.6132866144180298
          ],
          [
            0.0,
            0.0,
            0.0,
            1.0
          ]
        ]
      },
      "bone_length_armature_space": 0.15509118842635744,
      "parent": "neck_01",
      "has_children": false,
      "is_end_bone": true
    },
    "upperarm_l": {
      "name": "upperarm_l",
      "local": {
        "location": {
          "x": 0.0,
          "y": 0.0,
          "z": 0.0
        },
        "rotation_quaternion": {
          "w": 0.8218187093734741,
          "x": 0.5231859683990479,
          "y": 0.2095787674188614,
          "z": -0.08347028493881226
        },
        "scale": {
          "x": 1.0,
          "y": 1.0,
          "z": 1.0
        },
        "matrix_basis": [
          [
            0.8982189297676086,
            0.35649222135543823,
            0.25713053345680237,
            0.0
          ],
          [
            0.0821024551987648,
            0.4386183023452759,
            -0.8949152231216431,
            0.0
          ],
          [
            -0.43181246519088745,
            0.8249408602714539,
            0.3647063672542572,
            0.0
          ],
          [
            0.0,
            0.0,
            0.0,
            1.0
          ]
        ],
        "rotation_mode": "QUATERNION"
      },
      "armature_space": {
        "head": {
          "x": 0.1529969424009323,
          "y": -0.030350666493177414,
          "z": 0.4967621862888336
        },
        "tail": {
          "x": 0.2699621021747589,
          "y": -0.2501146197319031,
          "z": 0.39761197566986084
        }
      },
      "world_space": {
        "head": {
          "x": 0.1529969424009323,
          "y": 0.032893333584070206,
          "z": 1.4466161727905273
        },
        "tail": {
          "x": 0.2699621021747589,
          "y": -0.18687061965465546,
          "z": 1.347465991973877
        },
        "rotation_quaternion": {
          "w": 0.0010229848558083177,
          "x": 0.7255867123603821,
          "y": 0.29990705847740173,
          "z": -0.619337260723114
        },
        "matrix": [
          [
            0.052953675389289856,
            0.43648695945739746,
            -0.8981509208679199,
            0.1529969424009323
          ],
          [
            0.4339500367641449,
            -0.8201083540916443,
            -0.3729743957519531,
            0.032893333584070206
          ],
          [
            -0.899385392665863,
            -0.37000563740730286,
            -0.23284325003623962,
            1.4466161727905273
          ],
          [
            0.0,
            0.0,
            0.0,
            1.0
          ]
        ]
      },
      "bone_length_armature_space": 0.2679697880571906,
      "parent": "spine_01",
      "has_children": true,
      "is_end_bone": false
    },
    "lowerarm_l": {
      "name": "lowerarm_l",
      "local": {
        "location": {
          "x": 0.0,
          "y": 0.0,
          "z": 0.0
        },
        "rotation_quaternion": {
          "w": 0.9981857538223267,
          "x": 0.029918314889073372,
          "y": -0.05223492532968521,
          "z": -0.0013219531392678618
        },
        "scale": {
          "x": 1.0,
          "y": 1.0,
          "z": 1.0
        },
        "matrix_basis": [
          [
            0.9945395588874817,
            -0.00048645230708643794,
            -0.10435941815376282,
            0.0
          ],
          [
            -0.005764671601355076,
            0.9982063174247742,
            -0.059589967131614685,
            0.0
          ],
          [
            0.10420121252536774,
            0.059866175055503845,
            0.9927527904510498,
            0.0
          ],
          [
            0.0,
            0.0,
            0.0,
            1.0
          ]
        ],
        "rotation_mode": "QUATERNION"
      },
      "armature_space": {
        "head": {
          "x": 0.2699620723724365,
          "y": -0.250114768743515,
          "z": 0.397612065076828
        },
        "tail": {
          "x": 0.34162086248397827,
          "y": -0.49206218123435974,
          "z": 0.30875277519226074
        }
      },
      "world_space": {
        "head": {
          "x": 0.2699620723724365,
          "y": -0.1868707686662674,
          "z": 1.3474661111831665
        },
        "tail": {
          "x": 0.34162086248397827,
          "y": -0.4288181662559509,
          "z": 1.2586067914962769
        },
        "rotation_quaternion": {
          "w": 0.011165631003677845,
          "x": -0.6505517363548279,
          "y": -0.2183552235364914,
          "z": 0.7273093461990356
        },
        "matrix": [
          [
            -0.15331639349460602,
            0.2678587734699249,
            -0.9511812329292297,
            0.2699620723724365
          ],
          [
            0.300343781709671,
            -0.9043935537338257,
            -0.3030940294265747,
            -0.1868707686662674
          ],
          [
            -0.9414349794387817,
            -0.3321537971496582,
            0.05820878967642784,
            1.3474661111831665
          ],
          [
            0.0,
            0.0,
            0.0,
            1.0
          ]
        ]
      },
      "bone_length_armature_space": 0.2675247730889858,
      "parent": "upperarm_l",
      "has_children": true,
      "is_end_bone": false
    },
    "metacarpal_thumb_l": {
      "name": "metacarpal_thumb_l",
      "local": {
        "location": {
          "x": 0.0,
          "y": 0.0,
          "z": 0.0
        },
        "rotation_quaternion": {
          "w": 0.9998214840888977,
          "x": -0.018427774310112,
          "y": 0.0017016914207488298,
          "z": -0.0038195038214325905
        },
        "scale": {
          "x": 1.0,
          "y": 1.0,
          "z": 1.0
        },
        "matrix_basis": [
          [
            0.9999650120735168,
            0.007574927061796188,
            0.0035435452591627836,
            0.0
          ],
          [
            -0.007700360845774412,
            0.9992916584014893,
            0.03683596849441528,
            0.0
          ],
          [
            -0.003262005280703306,
            -0.03686196729540825,
            0.9993150234222412,
            0.0
          ],
          [
            0.0,
            0.0,
            0.0,
            1.0
          ]
        ],
        "rotation_mode": "QUATERNION"
      },
      "armature_space": {
        "head": {
          "x": 0.34162086248397827,
          "y": -0.49206218123435974,
          "z": 0.30875277519226074
        },
        "tail": {
          "x": 0.323620080947876,
          "y": -0.5344250202178955,
          "z": 0.2904510200023651
        }
      },
      "world_space": {
        "head": {
          "x": 0.34162086248397827,
          "y": -0.4288181662559509,
          "z": 1.2586067914962769
        },
        "tail": {
          "x": 0.323620080947876,
          "y": -0.4711810350418091,
          "z": 1.2403050661087036
        },
        "rotation_quaternion": {
          "w": 0.21400628983974457,
          "x": -0.9554879069328308,
          "y": 0.1630488634109497,
          "z": 0.12107639759778976
        },
        "matrix": [
          [
            0.9175112247467041,
            -0.36340466141700745,
            -0.16158635914325714,
            0.34162086248397827
          ],
          [
            -0.25976067781448364,
            -0.8552327156066895,
            0.44844311475753784,
            -0.4288181662559509
          ],
          [
            -0.3011627197265625,
            -0.3694811165332794,
            -0.8790897727012634,
            1.2586067914962769
          ],
          [
            0.0,
            0.0,
            0.0,
            1.0
          ]
        ]
      },
      "bone_length_armature_space": 0.04953375160111722,
      "parent": "lowerarm_l",
      "has_children": true,
      "is_end_bone": false
    },
    "thumb_01_l": {
      "name": "thumb_01_l",
      "local": {
        "location": {
          "x": 0.0,
          "y": 0.0,
          "z": 0.0
        },
        "rotation_quaternion": {
          "w": 0.9495580792427063,
          "x": 0.31348463892936707,
          "y": -0.007859534583985806,
          "z": -0.0022948510013520718
        },
        "scale": {
          "x": 1.0,
          "y": 1.0,
          "z": 1.0
        },
        "matrix_basis": [
          [
            0.9998659491539001,
            -0.0005694981082342565,
            -0.016364969313144684,
            0.0
          ],
          [
            -0.009285875596106052,
            0.8034442067146301,
            -0.5953076481819153,
            0.0
          ],
          [
            0.013487367890775204,
            0.5953798294067383,
            0.803331196308136,
            0.0
          ],
          [
            0.0,
            0.0,
            0.0,
            1.0
          ]
        ],
        "rotation_mode": "QUATERNION"
      },
      "armature_space": {
        "head": {
          "x": 0.323620080947876,
          "y": -0.5344250202178955,
          "z": 0.2904510200023651
        },
        "tail": {
          "x": 0.32830366492271423,
          "y": -0.5457726716995239,
          "z": 0.2587030231952667
        }
      },
      "world_space": {
        "head": {
          "x": 0.323620080947876,
          "y": -0.4711810350418091,
          "z": 1.2403050661087036
        },
        "tail": {
          "x": 0.32830366492271423,
          "y": -0.4825286865234375,
          "z": 1.2085570096969604
        },
        "rotation_quaternion": {
          "w": 0.41673940420150757,
          "x": -0.5006069540977478,
          "y": 0.3995499908924103,
          "z": -0.6450433135032654
        },
        "matrix": [
          [
            -0.15144214034080505,
            0.13759663701057434,
            0.9788424968719482,
            0.323620080947876
          ],
          [
            -0.937664806842804,
            -0.33337610960006714,
            -0.09820854663848877,
            -0.4711810350418091
          ],
          [
            0.3128109276294708,
            -0.9327060580253601,
            0.17950773239135742,
            1.2403050661087036
          ],
          [
            0.0,
            0.0,
            0.0,
            1.0
          ]
        ]
      },
      "bone_length_armature_space": 0.03403880760918229,
      "parent": "metacarpal_thumb_l",
      "has_children": true,
      "is_end_bone": false
    },
    "thumb_02_l": {
      "name": "thumb_02_l",
      "local": {
        "location": {
          "x": 0.0,
          "y": 0.0,
          "z": 0.0
        },
        "rotation_quaternion": {
          "w": 0.8822410106658936,
          "x": 0.4706919193267822,
          "y": -0.004827678203582764,
          "z": -0.008754897862672806
        },
        "scale": {
          "x": 1.0,
          "y": 1.0,
          "z": 1.0
        },
        "matrix_basis": [
          [
            0.9998000860214233,
            0.010903161950409412,
            -0.016760069876909256,
            0.0
          ],
          [
            -0.019992558285593987,
            0.5567449331283569,
            -0.8304429054260254,
            0.0
          ],
          [
            0.0002766320249065757,
            0.8306119441986084,
            0.5568516254425049,
            0.0
          ],
          [
            0.0,
            0.0,
            0.0,
            1.0
          ]
        ],
        "rotation_mode": "QUATERNION"
      },
      "armature_space": {
        "head": {
          "x": 0.32830360531806946,
          "y": -0.5457726120948792,
          "z": 0.2587030231952667
        },
        "tail": {
          "x": 0.34883639216423035,
          "y": -0.5644764304161072,
          "z": 0.28771618008613586
        }
      },
      "world_space": {
        "head": {
          "x": 0.32830360531806946,
          "y": -0.4825286269187927,
          "z": 1.2085570096969604
        },
        "tail": {
          "x": 0.34883639216423035,
          "y": -0.5012324452400208,
          "z": 1.2375701665878296
        },
        "rotation_quaternion": {
          "w": 0.31447190046310425,
          "x": 0.032671816647052765,
          "y": -0.41020306944847107,
          "z": -0.8554375767707825
        },
        "matrix": [
          [
            -0.8000792264938354,
            0.5112183690071106,
            -0.31389373540878296,
            0.32830360531806946
          ],
          [
            -0.5648275017738342,
            -0.4656807482242584,
            0.6812570095062256,
            -0.4825286269187927
          ],
          [
            0.20209787786006927,
            0.7223599553108215,
            0.6613370180130005,
            1.2085570096969604
          ],
          [
            0.0,
            0.0,
            0.0,
            1.0
          ]
        ]
      },
      "bone_length_armature_space": 0.04016455422700801,
      "parent": "thumb_01_l",
      "has_children": true,
      "is_end_bone": false
    },
    "thumb_03_l": {
      "name": "thumb_03_l",
      "local": {
        "location": {
          "x": 0.0,
          "y": 0.0,
          "z": 0.0
        },
        "rotation_quaternion": {
          "w": 0.9909971952438354,
          "x": 0.13376948237419128,
          "y": -0.005169634707272053,
          "z": 0.0018963059410452843
        },
        "scale": {
          "x": 1.0,
          "y": 1.0,
          "z": 1.0
        },
        "matrix_basis": [
          [
            0.9999393820762634,
            -0.005141546484082937,
            -0.009738851338624954,
            0.0
          ],
          [
            0.0023753889836370945,
            0.9642042517662048,
            -0.2651499807834625,
            0.0
          ],
          [
            0.010753522627055645,
            0.2651107609272003,
            0.9641579985618591,
            0.0
          ],
          [
            0.0,
            0.0,
            0.0,
            1.0
          ]
        ],
        "rotation_mode": "QUATERNION"
      },
      "armature_space": {
        "head": {
          "x": 0.34883636236190796,
          "y": -0.564476490020752,
          "z": 0.2877161204814911
        },
        "tail": {
          "x": 0.3588762879371643,
          "y": -0.5653090476989746,
          "z": 0.31644606590270996
        }
      },
      "world_space": {
        "head": {
          "x": 0.34883636236190796,
          "y": -0.5012325048446655,
          "z": 1.2375701665878296
        },
        "tail": {
          "x": 0.3588762879371643,
          "y": -0.5020650625228882,
          "z": 1.266300082206726
        },
        "rotation_quaternion": {
          "w": 0.43805384635925293,
          "x": 0.2410251647233963,
          "y": -0.542618989944458,
          "z": -0.6749669909477234
        },
        "matrix": [
          [
            -0.5000295639038086,
            0.3297742009162903,
            -0.8007619380950928,
            0.34883636236190796
          ],
          [
            -0.8529142737388611,
            -0.02734561264514923,
            0.5213342308998108,
            -0.5012325048446655
          ],
          [
            0.1500256508588791,
            0.9436703324317932,
            0.2949454188346863,
            1.2375701665878296
          ],
          [
            0.0,
            0.0,
            0.0,
            1.0
          ]
        ]
      },
      "bone_length_armature_space": 0.030445082282346336,
      "parent": "thumb_02_l",
      "has_children": false,
      "is_end_bone": true
    },
    "metacarpal_index_l": {
      "name": "metacarpal_index_l",
      "local": {
        "location": {
          "x": 0.0,
          "y": 0.0,
          "z": 0.0
        },
        "rotation_quaternion": {
          "w": 0.9988712072372437,
          "x": -0.04379488527774811,
          "y": -0.00982407946139574,
          "z": 0.015552123077213764
        },
        "scale": {
          "x": 1.0,
          "y": 1.0,
          "z": 1.0
        },
        "matrix_basis": [
          [
            0.9993232488632202,
            -0.03020864725112915,
            -0.020988186821341515,
            0.0
          ],
          [
            0.0319296233355999,
            0.9956802725791931,
            0.0871853306889534,
            0.0
          ],
          [
            0.01826377399265766,
            -0.08779647201299667,
            0.9959709644317627,
            0.0
          ],
          [
            0.0,
            0.0,
            0.0,
            1.0
          ]
        ],
        "rotation_mode": "QUATERNION"
      },
      "armature_space": {
        "head": {
          "x": 0.34162086248397827,
          "y": -0.49206218123435974,
          "z": 0.30875277519226074
        },
        "tail": {
          "x": 0.3412536680698395,
          "y": -0.6050079464912415,
          "z": 0.2775701880455017
        }
      },
      "world_space": {
        "head": {
          "x": 0.34162086248397827,
          "y": -0.4288181662559509,
          "z": 1.2586067914962769
        },
        "tail": {
          "x": 0.3412536680698395,
          "y": -0.541763961315155,
          "z": 1.227424144744873
        },
        "rotation_quaternion": {
          "w": 0.12433052808046341,
          "x": -0.9129882454872131,
          "y": -0.05074695125222206,
          "z": 0.38525211811065674
        },
        "matrix": [
          [
            0.6980112195014954,
            -0.00313369557261467,
            -0.7160799503326416,
            0.34162086248397827
          ],
          [
            0.18845979869365692,
            -0.963933527469635,
            0.18792280554771423,
            -0.4288181662559509
          ],
          [
            -0.6908472180366516,
            -0.26612719893455505,
            -0.672250509262085,
            1.2586067914962769
          ],
          [
            0.0,
            0.0,
            0.0,
            1.0
          ]
        ]
      },
      "bone_length_armature_space": 0.1171718175625812,
      "parent": "lowerarm_l",
      "has_children": true,
      "is_end_bone": false
    },
    "index_01_l": {
      "name": "index_01_l",
      "local": {
        "location": {
          "x": 0.0,
          "y": 0.0,
          "z": 0.0
        },
        "rotation_quaternion": {
          "w": 0.9511310458183289,
          "x": 0.30809688568115234,
          "y": -0.015779754146933556,
          "z": -0.01330958679318428
        },
        "scale": {
          "x": 1.0,
          "y": 1.0,
          "z": 1.0
        },
        "matrix_basis": [
          [
            0.9991477131843567,
            0.015594935975968838,
            -0.03821851313114166,
            0.0
          ],
          [
            -0.03504170849919319,
            0.8097983002662659,
            -0.585660994052887,
            0.0
          ],
          [
            0.021815944463014603,
            0.5865010619163513,
            0.8096545934677124,
            0.0
          ],
          [
            0.0,
            0.0,
            0.0,
            1.0
          ]
        ],
        "rotation_mode": "QUATERNION"
      },
      "armature_space": {
        "head": {
          "x": 0.3412536680698395,
          "y": -0.6050079464912415,
          "z": 0.2775701880455017
        },
        "tail": {
          "x": 0.3380090892314911,
          "y": -0.6232107281684875,
          "z": 0.25586286187171936
        }
      },
      "world_space": {
        "head": {
          "x": 0.3412536680698395,
          "y": -0.541763961315155,
          "z": 1.227424144744873
        },
        "tail": {
          "x": 0.3380090892314911,
          "y": -0.5599667429924011,
          "z": 1.205716848373413
        },
        "rotation_quaternion": {
          "w": 0.4041351079940796,
          "x": -0.8091393113136292,
          "y": -0.13224753737449646,
          "z": 0.4055600166320801
        },
        "matrix": [
          [
            0.6360642313957214,
            -0.1137872040271759,
            -0.7632003426551819,
            0.3412536680698395
          ],
          [
            0.5418147444725037,
            -0.6383717656135559,
            0.5467340350151062,
            -0.541763961315155
          ],
          [
            -0.5494204759597778,
            -0.7612771987915039,
            -0.34439581632614136,
            1.227424144744873
          ],
          [
            0.0,
            0.0,
            0.0,
            1.0
          ]
        ]
      },
      "bone_length_armature_space": 0.028514497429292948,
      "parent": "metacarpal_index_l",
      "has_children": true,
      "is_end_bone": false
    },
    "index_02_l": {
      "name": "index_02_l",
      "local": {
        "location": {
          "x": 0.0,
          "y": 0.0,
          "z": 0.0
        },
        "rotation_quaternion": {
          "w": 0.9035775661468506,
          "x": 0.42837464809417725,
          "y": 0.006158242002129555,
          "z": 0.0022076440509408712
        },
        "scale": {
          "x": 1.0,
          "y": 1.0,
          "z": 1.0
        },
        "matrix_basis": [
          [
            0.9999144077301025,
            0.00128651421982795,
            0.013020296581089497,
            0.0
          ],
          [
            0.009265624918043613,
            0.6329805850982666,
            -0.7741122245788574,
            0.0
          ],
          [
            -0.009237500838935375,
            0.7741666436195374,
            0.6329144835472107,
            0.0
          ],
          [
            0.0,
            0.0,
            0.0,
            1.0
          ]
        ],
        "rotation_mode": "QUATERNION"
      },
      "armature_space": {
        "head": {
          "x": 0.33800867199897766,
          "y": -0.6232109069824219,
          "z": 0.2558625638484955
        },
        "tail": {
          "x": 0.3209149241447449,
          "y": -0.6239122152328491,
          "z": 0.2367469221353531
        }
      },
      "world_space": {
        "head": {
          "x": 0.33800867199897766,
          "y": -0.5599669218063354,
          "z": 1.205716609954834
        },
        "tail": {
          "x": 0.3209149241447449,
          "y": -0.5606682300567627,
          "z": 1.186600923538208
        },
        "rotation_quaternion": {
          "w": 0.6964089274406433,
          "x": -0.5586491823196411,
          "y": 0.036691825836896896,
          "z": 0.4489760398864746
        },
        "matrix": [
          [
            0.5941460728645325,
            -0.6663378477096558,
            -0.4505379796028137,
            0.33800867199897766
          ],
          [
            0.5843486785888672,
            -0.027338415384292603,
            0.8110420107841492,
            -0.5599669218063354
          ],
          [
            -0.5527483820915222,
            -0.7451540231704712,
            0.3731340169906616,
            1.205716609954834
          ],
          [
            0.0,
            0.0,
            0.0,
            1.0
          ]
        ]
      },
      "bone_length_armature_space": 0.025653378372149753,
      "parent": "index_01_l",
      "has_children": true,
      "is_end_bone": false
    },
    "index_03_l": {
      "name": "index_03_l",
      "local": {
        "location": {
          "x": 0.0,
          "y": 0.0,
          "z": 0.0
        },
        "rotation_quaternion": {
          "w": 0.9329341053962708,
          "x": 0.3599250018596649,
          "y": -0.008547763340175152,
          "z": -0.0038773720152676105
        },
        "scale": {
          "x": 1.0,
          "y": 1.0,
          "z": 1.0
        },
        "matrix_basis": [
          [
            0.999823808670044,
            0.0010815577115863562,
            -0.018740126863121986,
            0.0
          ],
          [
            -0.013387772254645824,
            0.7408779263496399,
            -0.6715063452720642,
            0.0
          ],
          [
            0.013157873414456844,
            0.6716389060020447,
            0.7407618761062622,
            0.0
          ],
          [
            0.0,
            0.0,
            0.0,
            1.0
          ]
        ],
        "rotation_mode": "QUATERNION"
      },
      "armature_space": {
        "head": {
          "x": 0.32091498374938965,
          "y": -0.6239123344421387,
          "z": 0.2367468923330307
        },
        "tail": {
          "x": 0.3001691997051239,
          "y": -0.6051599979400635,
          "z": 0.22827965021133423
        }
      },
      "world_space": {
        "head": {
          "x": 0.32091498374938965,
          "y": -0.5606683492660522,
          "z": 1.186600923538208
        },
        "tail": {
          "x": 0.3001691997051239,
          "y": -0.541916012763977,
          "z": 1.1781337261199951
        },
        "rotation_quaternion": {
          "w": 0.8864037990570068,
          "x": -0.23757605254650116,
          "y": 0.18757756054401398,
          "z": 0.35022932291030884
        },
        "matrix": [
          [
            0.6843079328536987,
            -0.710017740726471,
            0.16612541675567627,
            0.32091498374938965
          ],
          [
            0.5317618250846863,
            0.6417930722236633,
            0.5525675415992737,
            -0.5606683492660522
          ],
          [
            -0.4989539384841919,
            -0.28978869318962097,
            0.8167507648468018,
            1.186600923538208
          ],
          [
            0.0,
            0.0,
            0.0,
            1.0
          ]
        ]
      },
      "bone_length_armature_space": 0.029218690327960168,
      "parent": "index_02_l",
      "has_children": false,
      "is_end_bone": true
    },
    "metacarpal_pinky_l": {
      "name": "metacarpal_pinky_l",
      "local": {
        "location": {
          "x": 0.0,
          "y": 0.0,
          "z": 0.0
        },
        "rotation_quaternion": {
          "w": 0.9986310005187988,
          "x": -0.050586096942424774,
          "y": -0.011674524284899235,
          "z": 0.006406108848750591
        },
        "scale": {
          "x": 1.0,
          "y": 1.0,
          "z": 1.0
        },
        "matrix_basis": [
          [
            0.9996453523635864,
            -0.011613540351390839,
            -0.023965204134583473,
            0.0
          ],
          [
            0.013975814916193485,
            0.9948000311851501,
            0.10088410973548889,
            0.0
          ],
          [
            0.02266896329820156,
            -0.10118326544761658,
            0.9946094751358032,
            0.0
          ],
          [
            0.0,
            0.0,
            0.0,
            1.0
          ]
        ],
        "rotation_mode": "QUATERNION"
      },
      "armature_space": {
        "head": {
          "x": 0.34162086248397827,
          "y": -0.49206218123435974,
          "z": 0.30875277519226074
        },
        "tail": {
          "x": 0.3996545672416687,
          "y": -0.5663799047470093,
          "z": 0.264568954706192
        }
      },
      "world_space": {
        "head": {
          "x": 0.34162086248397827,
          "y": -0.4288181662559509,
          "z": 1.2586067914962769
        },
        "tail": {
          "x": 0.3996545672416687,
          "y": -0.5031359195709229,
          "z": 1.2144229412078857
        },
        "rotation_quaternion": {
          "w": 0.2815321981906891,
          "x": 0.07479841262102127,
          "y": 0.2527674734592438,
          "z": -0.9226340055465698
        },
        "matrix": [
          [
            -0.8302894830703735,
            0.5573158264160156,
            0.004302419722080231,
            0.34162086248397827
          ],
          [
            -0.48169007897377014,
            -0.7136963605880737,
            -0.5085394382476807,
            -0.4288181662559509
          ],
          [
            -0.2803488075733185,
            -0.4243110120296478,
            0.8610336780548096,
            1.2586067914962769
          ],
          [
            0.0,
            0.0,
            0.0,
            1.0
          ]
        ]
      },
      "bone_length_armature_space": 0.10413090357689633,
      "parent": "lowerarm_l",
      "has_children": true,
      "is_end_bone": false
    },
    "pinky_01_l": {
      "name": "pinky_01_l",
      "local": {
        "location": {
          "x": 0.0,
          "y": 0.0,
          "z": 0.0
        },
        "rotation_quaternion": {
          "w": 0.946111798286438,
          "x": 0.3236828148365021,
          "y": -0.009787367656826973,
          "z": -0.0025038900785148144
        },
        "scale": {
          "x": 1.0,
          "y": 1.0,
          "z": 1.0
        },
        "matrix_basis": [
          [
            0.9997958540916443,
            -0.0015980855096131563,
            -0.020140821114182472,
            0.0
          ],
          [
            -0.011073925532400608,
            0.7904463410377502,
            -0.6124312281608582,
            0.0
          ],
          [
            0.016898956149816513,
            0.6125292778015137,
            0.790267288684845,
            0.0
          ],
          [
            0.0,
            0.0,
            0.0,
            1.0
          ]
        ],
        "rotation_mode": "QUATERNION"
      },
      "armature_space": {
        "head": {
          "x": 0.3996545672416687,
          "y": -0.5663799047470093,
          "z": 0.264568954706192
        },
