{
  "metadata": {
    "armature_name": "KIM_caucasian_male",
    "export_time": "2026-01-13T21:04:47.943959",
    "blender_version": "4.4.1",
    "bone_count": 56,
    "end_bone_count": 13,
    "spaces_included": [
      "LOCAL_CHANNELS",
      "ARMATURE_SPACE",
      "WORLD_SPACE"
    ],
    "note": "LOCAL matches Transform panel; replay pose via local.matrix_basis for best fidelity."
  },
  "bones": {
    "Root": {
      "name": "Root",
      "local": {
        "location": {
          "x": 0.0,
          "y": 0.0,
          "z": 0.0
        },
        "rotation_quaternion": {
          "w": 0.9998109340667725,
          "x": 0.0007886811508797109,
          "y": -0.013432378880679607,
          "z": 0.014041207730770111
        },
        "scale": {
          "x": 1.0,
          "y": 1.0,
          "z": 1.0
        },
        "matrix_basis": [
          [
            0.9992448091506958,
            -0.028098294511437416,
            -0.026837529614567757,
            0.0
          ],
          [
            0.028055917471647263,
            0.9996044635772705,
            -0.0019542777445167303,
            0.0
          ],
          [
            0.026881827041506767,
            0.001199850463308394,
            0.9996379017829895,
            0.0
          ],
          [
            0.0,
            0.0,
            0.0,
            1.0
          ]
        ],
        "rotation_mode": "QUATERNION"
      },
      "armature_space": {
        "head": {
          "x": 0.0,
          "y": 0.07072800397872925,
          "z": -0.009595036506652832
        },
        "tail": {
          "x": -0.0020055403001606464,
          "y": 1.646578311920166e-05,
          "z": -8.865818381309509e-05
        }
      },
      "world_space": {
        "head": {
          "x": 0.0,
          "y": 0.13397200405597687,
          "z": 0.9402589797973633
        },
        "tail": {
          "x": -0.0020055403001606464,
          "y": 0.06326046586036682,
          "z": 0.9497653841972351
        },
        "rotation_quaternion": {
          "w": 0.0665680319070816,
          "x": 0.9975927472114563,
          "y": -0.014914222992956638,
          "z": -0.012455939315259457
        },
        "matrix": [
          [
            0.9992448091506958,
            -0.028098294511437416,
            -0.026837529614567757,
            0.0
          ],
          [
            -0.031414974480867386,
            -0.9906924962997437,
            -0.13244447112083435,
            0.13397200405597687
          ],
          [
            -0.022866465151309967,
            0.13318756222724915,
            -0.99083411693573,
            0.9402589797973633
          ],
          [
            0.0,
            0.0,
            0.0,
            1.0
          ]
        ]
      },
      "bone_length_armature_space": 0.07137587019399813,
      "parent": null,
      "has_children": true,
      "is_end_bone": false
    },
    "spine_01": {
      "name": "spine_01",
      "local": {
        "location": {
          "x": 0.0,
          "y": 0.0,
          "z": 0.0
        },
        "rotation_quaternion": {
          "w": 0.9962533712387085,
          "x": 0.0698908269405365,
          "y": -0.05093713477253914,
          "z": 0.00024983580806292593
        },
        "scale": {
          "x": 1.0,
          "y": 1.0,
          "z": 1.0
        },
        "matrix_basis": [
          [
            0.9948107004165649,
            -0.007617876399308443,
            -0.10145766288042068,
            0.0
          ],
          [
            -0.006622277200222015,
            0.9902304410934448,
            -0.13928338885307312,
            0.0
          ],
          [
            0.10152750462293625,
            0.13923248648643494,
            0.9850413799285889,
            0.0
          ],
          [
            0.0,
            0.0,
            0.0,
            1.0
          ]
        ],
        "rotation_mode": "QUATERNION"
      },
      "armature_space": {
        "head": {
          "x": -0.0020055403001606464,
          "y": 1.646578311920166e-05,
          "z": -8.865818381309509e-05
        },
        "tail": {
          "x": 0.003941644448786974,
          "y": -0.04607100784778595,
          "z": 0.485698401927948
        }
      },
      "world_space": {
        "head": {
          "x": -0.0020055403001606464,
          "y": 0.06326046586036682,
          "z": 0.9497653841972351
        },
        "tail": {
          "x": 0.003941644448786974,
          "y": 0.01717299222946167,
          "z": 1.4355523586273193
        },
        "rotation_quaternion": {
          "w": 0.6716437339782715,
          "x": 0.7377692461013794,
          "y": -0.04091295227408409,
          "z": -0.054013386368751526
        },
        "matrix": [
          [
            0.9908173680305481,
            0.012186823412775993,
            -0.13465653359889984,
            -0.0020055403001606464
          ],
          [
            -0.13292400538921356,
            -0.09444130957126617,
            -0.9866165518760681,
            0.06326046586036682
          ],
          [
            -0.02474115416407585,
            0.9954627752304077,
            -0.09195573627948761,
            0.9497653841972351
          ],
          [
            0.0,
            0.0,
            0.0,
            1.0
          ]
        ]
      },
      "bone_length_armature_space": 0.4880045986173598,
      "parent": "Root",
      "has_children": true,
      "is_end_bone": false
    },
    "neck_01": {
      "name": "neck_01",
      "local": {
        "location": {
          "x": 0.0,
          "y": 0.0,
          "z": 0.0
        },
        "rotation_quaternion": {
          "w": 0.9975451231002808,
          "x": -0.00199122098274529,
          "y": -0.05227876454591751,
          "z": -0.046549491584300995
        },
        "scale": {
          "x": 1.0,
          "y": 1.0,
          "z": 1.0
        },
        "matrix_basis": [
          [
            0.9902001619338989,
            0.09307863563299179,
            -0.10411547124385834,
            0.0
          ],
          [
            -0.09266223758459091,
            0.9956583380699158,
            0.008839765563607216,
            0.0
          ],
          [
            0.10448623448610306,
            0.0008944342844188213,
            0.9945259094238281,
            0.0
          ],
          [
            0.0,
            0.0,
            0.0,
            1.0
          ]
        ],
        "rotation_mode": "QUATERNION"
      },
      "armature_space": {
        "head": {
          "x": 0.00016399705782532692,
          "y": -0.08720215409994125,
          "z": 0.5553956031799316
        },
        "tail": {
          "x": 0.0055336426012218,
          "y": -0.13574287295341492,
          "z": 0.6455382108688354
        }
      },
      "world_space": {
        "head": {
          "x": 0.00016399705782532692,
          "y": -0.023958154022693634,
          "z": 1.5052496194839478
        },
        "tail": {
          "x": 0.0055336426012218,
          "y": -0.0724988728761673,
          "z": 1.5953922271728516
        },
        "rotation_quaternion": {
          "w": 0.5116799473762512,
          "x": 0.8506664633750916,
          "y": -0.038063861429691315,
          "z": -0.11446147412061691
        },
        "matrix": [
          [
            0.9708995819091797,
            0.05237588286399841,
            -0.23368965089321136,
            0.00016399705782532692
          ],
          [
            -0.18189427256584167,
            -0.4734693765640259,
            -0.8618245124816895,
            -0.023958154022693634
          ],
          [
            -0.1557849496603012,
            0.879257321357727,
            -0.45016828179359436,
            1.5052496194839478
          ],
          [
            0.0,
            0.0,
            0.0,
            1.0
          ]
        ]
      },
      "bone_length_armature_space": 0.10252182360937132,
      "parent": "spine_01",
      "has_children": true,
      "is_end_bone": false
    },
    "head": {
      "name": "head",
      "local": {
        "location": {
          "x": 0.0,
          "y": 0.0,
          "z": 0.0
        },
        "rotation_quaternion": {
          "w": 0.988080620765686,
          "x": 0.02428533509373665,
          "y": 0.10498371720314026,
          "z": 0.1099332645535469
        },
        "scale": {
          "x": 1.0,
          "y": 1.0,
          "z": 1.0
        },
        "matrix_basis": [
          [
            0.9537861943244934,
            -0.21214672923088074,
            0.21280428767204285,
            0.0
          ],
          [
            0.22234497964382172,
            0.9746497869491577,
            -0.024909332394599915,
            0.0
          ],
          [
            -0.20212522149085999,
            0.07107414305210114,
            0.9767772555351257,
            0.0
          ],
          [
            0.0,
            0.0,
            0.0,
            1.0
          ]
        ],
        "rotation_mode": "QUATERNION"
      },
      "armature_space": {
        "head": {
          "x": 0.005533603020012379,
          "y": -0.13574296236038208,
          "z": 0.6455380916595459
        },
        "tail": {
          "x": -0.00856009777635336,
          "y": -0.16001500189304352,
          "z": 0.7980685234069824
        }
      },
      "world_space": {
        "head": {
          "x": 0.005533603020012379,
          "y": -0.07249896228313446,
          "z": 1.595392107963562
        },
        "tail": {
          "x": -0.00856009777635336,
          "y": -0.0967710018157959,
          "z": 1.7479225397109985
        },
        "rotation_quaternion": {
          "w": 0.6486007571220398,
          "x": 0.7597625851631165,
          "y": -0.03264104202389717,
          "z": 0.031818684190511703
        },
        "matrix": [
          [
            0.9958443641662598,
            -0.09087421000003815,
            0.006006717681884766,
            0.005533603020012379
          ],
          [
            -0.008324161171913147,
            -0.15650272369384766,
            -0.9876425862312317,
            -0.07249896228313446
          ],
          [
            0.09069187194108963,
            0.983494758605957,
            -0.15661084651947021,
            1.595392107963562
          ],
          [
            0.0,
            0.0,
            0.0,
            1.0
          ]
        ]
      },
      "bone_length_armature_space": 0.15509125525542422,
      "parent": "neck_01",
      "has_children": false,
      "is_end_bone": true
    },
    "upperarm_l": {
      "name": "upperarm_l",
      "local": {
        "location": {
          "x": 0.0,
          "y": 0.0,
          "z": 0.0
        },
        "rotation_quaternion": {
          "w": 0.9873735904693604,
          "x": 0.07643451541662216,
          "y": 0.03694191202521324,
          "z": -0.1337403655052185
        },
        "scale": {
          "x": 1.0,
          "y": 1.0,
          "z": 1.0
        },
        "matrix_basis": [
          [
            0.9614976048469543,
            0.2697506844997406,
            0.05250617489218712,
            0.0
          ],
          [
            -0.25845614075660706,
            0.9525425434112549,
            -0.1608200967311859,
            0.0
          ],
          [
            -0.09339569509029388,
            0.1410575956106186,
            0.9855861067771912,
            0.0
          ],
          [
            0.0,
            0.0,
            0.0,
            1.0
          ]
        ],
        "rotation_mode": "QUATERNION"
      },
      "armature_space": {
        "head": {
          "x": 0.14753814041614532,
          "y": -0.10394001007080078,
          "z": 0.4844883680343628
        },
        "tail": {
          "x": 0.39553308486938477,
          "y": -0.15605786442756653,
          "z": 0.3973679840564728
        }
      },
      "world_space": {
        "head": {
          "x": 0.14753814041614532,
          "y": -0.04069600999355316,
          "z": 1.434342384338379
        },
        "tail": {
          "x": 0.39553308486938477,
          "y": -0.09281386435031891,
          "z": 1.3472219705581665
        },
        "rotation_quaternion": {
          "w": 0.3024959862232208,
          "x": 0.5188862085342407,
          "y": 0.5578983426094055,
          "z": -0.5727152228355408
        },
        "matrix": [
          [
            -0.2785048186779022,
            0.9254598617553711,
            -0.25682494044303894,
            0.14753814041614532
          ],
          [
            0.23248541355133057,
            -0.19449177384376526,
            -0.9529552459716797,
            -0.04069600999355316
          ],
          [
            -0.9318784475326538,
            -0.3251131474971771,
            -0.16099104285240173,
            1.434342384338379
          ],
          [
            0.0,
            0.0,
            0.0,
            1.0
          ]
        ]
      },
      "bone_length_armature_space": 0.26796963252959327,
      "parent": "spine_01",
      "has_children": true,
      "is_end_bone": false
    },
    "lowerarm_l": {
      "name": "lowerarm_l",
      "local": {
        "location": {
          "x": 0.0,
          "y": 0.0,
          "z": 0.0
        },
        "rotation_quaternion": {
          "w": 0.9914880394935608,
          "x": 0.039219070225954056,
          "y": 0.0399378202855587,
          "z": 0.11755120009183884
        },
        "scale": {
          "x": 1.0,
          "y": 1.0,
          "z": 1.0
        },
        "matrix_basis": [
          [
            0.9691733717918396,
            -0.22996856272220612,
            0.08841624110937119,
            0.0
          ],
          [
            0.23623386025428772,
            0.9692871570587158,
            -0.06838100403547287,
            0.0
          ],
          [
            -0.06997524201869965,
            0.08715995401144028,
            0.9937336444854736,
            0.0
          ],
          [
            0.0,
            0.0,
            0.0,
            1.0
          ]
        ],
        "rotation_mode": "QUATERNION"
      },
      "armature_space": {
        "head": {
          "x": 0.3955332040786743,
          "y": -0.1560579538345337,
          "z": 0.39736807346343994
        },
        "tail": {
          "x": 0.6391750574111938,
          "y": -0.26591455936431885,
          "z": 0.38555702567100525
        }
      },
      "world_space": {
        "head": {
          "x": 0.3955332040786743,
          "y": -0.09281395375728607,
          "z": 1.347222089767456
        },
        "tail": {
          "x": 0.6391750574111938,
          "y": -0.20267055928707123,
          "z": 1.3354110717773438
        },
        "rotation_quaternion": {
          "w": 0.3590297996997833,
          "x": 0.6022792458534241,
          "y": 0.4071566164493561,
          "z": -0.5853041410446167
        },
        "matrix": [
          [
            -0.01671537011861801,
            0.9107273817062378,
            -0.41266924142837524,
            0.3955332040786743
          ],
          [
            0.07016008347272873,
            -0.41064125299453735,
            -0.9090937376022339,
            -0.09281395375728607
          ],
          [
            -0.9974026679992676,
            -0.04414943605661392,
            -0.05703394487500191,
            1.347222089767456
          ],
          [
            0.0,
            0.0,
            0.0,
            1.0
          ]
        ]
      },
      "bone_length_armature_space": 0.2675244439195853,
      "parent": "upperarm_l",
      "has_children": true,
      "is_end_bone": false
    },
    "metacarpal_thumb_l": {
      "name": "metacarpal_thumb_l",
      "local": {
        "location": {
          "x": 0.0,
          "y": 0.0,
          "z": 0.0
        },
        "rotation_quaternion": {
          "w": 0.998604416847229,
          "x": -0.04820700362324715,
          "y": 0.014792573638260365,
          "z": -0.015702495351433754
        },
        "scale": {
          "x": 1.0,
          "y": 1.0,
          "z": 1.0
        },
        "matrix_basis": [
          [
            0.9990692138671875,
            0.029934952035546303,
            0.031057799234986305,
            0.0
          ],
          [
            -0.03278737515211105,
            0.9948590397834778,
            0.09581489115953445,
            0.0
          ],
          [
            -0.028029918670654297,
            -0.09674401581287384,
            0.9949145317077637,
            0.0
          ],
          [
            0.0,
            0.0,
            0.0,
            1.0
          ]
        ],
        "rotation_mode": "QUATERNION"
      },
      "armature_space": {
        "head": {
          "x": 0.6391750574111938,
          "y": -0.26591455936431885,
          "z": 0.38555702567100525
        },
        "tail": {
          "x": 0.6645143628120422,
          "y": -0.30776041746139526,
          "z": 0.3777834475040436
        }
      },
      "world_space": {
        "head": {
          "x": 0.6391750574111938,
          "y": -0.20267055928707123,
          "z": 1.3354110717773438
        },
        "tail": {
          "x": 0.6645143628120422,
          "y": -0.24451641738414764,
          "z": 1.3276374340057373
        },
        "rotation_quaternion": {
          "w": 0.07394473999738693,
          "x": -0.9600118398666382,
          "y": -0.26857778429985046,
          "z": 0.027847282588481903
        },
        "matrix": [
          [
            0.8541808724403381,
            0.5115572214126587,
            -0.09318763762712479,
            0.6391750574111938
          ],
          [
            0.5197941660881042,
            -0.8447962999343872,
            0.12701667845249176,
            -0.20267055928707123
          ],
          [
            -0.013747857883572578,
            -0.15693548321723938,
            -0.9875202775001526,
            1.3354110717773438
          ],
          [
            0.0,
            0.0,
            0.0,
            1.0
          ]
        ]
      },
      "bone_length_armature_space": 0.04953367286861151,
      "parent": "lowerarm_l",
      "has_children": true,
      "is_end_bone": false
    },
    "thumb_01_l": {
      "name": "thumb_01_l",
      "local": {
        "location": {
          "x": 0.0,
          "y": 0.0,
          "z": 0.0
        },
        "rotation_quaternion": {
          "w": 0.9995112419128418,
          "x": 0.019944094121456146,
          "y": -0.021943647414445877,
          "z": -0.00990564189851284
        },
        "scale": {
          "x": 1.0,
          "y": 1.0,
          "z": 1.0
        },
        "matrix_basis": [
          [
            0.9988406896591187,
            0.018926309421658516,
            -0.044260963797569275,
            0.0
          ],
          [
            -0.02067689411342144,
            0.9990082383155823,
            -0.03943395987153053,
            0.0
          ],
          [
            0.043470725417137146,
            0.04030342400074005,
            0.9982414245605469,
            0.0
          ],
          [
            0.0,
            0.0,
            0.0,
            1.0
          ]
        ],
        "rotation_mode": "QUATERNION"
      },
      "armature_space": {
        "head": {
          "x": 0.6645143628120422,
          "y": -0.30776041746139526,
          "z": 0.3777834475040436
        },
        "tail": {
          "x": 0.671626627445221,
          "y": -0.3254978060722351,
          "z": 0.3496154248714447
        }
      },
      "world_space": {
        "head": {
          "x": 0.6645143628120422,
          "y": -0.24451641738414764,
          "z": 1.3276374340057373
        },
        "tail": {
          "x": 0.671626627445221,
          "y": -0.2622538208961487,
          "z": 1.2994694709777832
        },
        "rotation_quaternion": {
          "w": 0.4608609676361084,
          "x": -0.7245761752128601,
          "y": 0.16449786722660065,
          "z": -0.4853214621543884
        },
        "matrix": [
          [
            0.47480860352516174,
            0.20894697308540344,
            0.8549256324768066,
            0.6645143628120422
          ],
          [
            -0.6857125759124756,
            -0.5210967063903809,
            0.50818932056427,
            -0.24451641738414764
          ],
          [
            0.5516867637634277,
            -0.8275324106216431,
            -0.1041439026594162,
            1.3276374340057373
          ],
          [
            0.0,
            0.0,
            0.0,
            1.0
          ]
        ]
      },
      "bone_length_armature_space": 0.03403875366277856,
      "parent": "metacarpal_thumb_l",
      "has_children": true,
      "is_end_bone": false
    },
    "thumb_02_l": {
      "name": "thumb_02_l",
      "local": {
        "location": {
          "x": 0.0,
          "y": 0.0,
          "z": 0.0
        },
        "rotation_quaternion": {
          "w": 0.994171142578125,
          "x": 0.10767729580402374,
          "y": -0.0026639695279300213,
          "z": -0.004722535610198975
        },
        "scale": {
          "x": 1.0,
          "y": 1.0,
          "z": 1.0
        },
        "matrix_basis": [
          [
            0.9999412298202515,
            0.008816319517791271,
            -0.0063139027915894985,
            0.0
          ],
          [
            -0.009963715448975563,
            0.9767665863037109,
            -0.21407416462898254,
            0.0
          ],
          [
            0.004279863554984331,
            0.21412448585033417,
            0.9767969846725464,
            0.0
          ],
          [
            0.0,
            0.0,
            0.0,
            1.0
          ]
        ],
        "rotation_mode": "QUATERNION"
      },
      "armature_space": {
        "head": {
          "x": 0.6716265678405762,
          "y": -0.3254978060722351,
          "z": 0.3496154248714447
        },
        "tail": {
          "x": 0.7101290225982666,
          "y": -0.33663707971572876,
          "z": 0.35219553112983704
        }
      },
      "world_space": {
        "head": {
          "x": 0.6716265678405762,
          "y": -0.2622538208961487,
          "z": 1.2994694709777832
        },
        "tail": {
          "x": 0.7101290225982666,
          "y": -0.27339309453964233,
          "z": 1.3020495176315308
        },
        "rotation_quaternion": {
          "w": 0.5666466355323792,
          "x": -0.21572941541671753,
          "y": -0.20059815049171448,
          "z": -0.7695017457008362
        },
        "matrix": [
          [
            -0.2647443413734436,
            0.958621084690094,
            0.10466964542865753,
            0.6716265678405762
          ],
          [
            -0.785521388053894,
            -0.2773420810699463,
            0.5532066822052002,
            -0.2622538208961487
          ],
          [
            0.5593481659889221,
            0.0642383024096489,
            0.8264485001564026,
            1.2994694709777832
          ],
          [
            0.0,
            0.0,
            0.0,
            1.0
          ]
        ]
      },
      "bone_length_armature_space": 0.04016440423146418,
      "parent": "thumb_01_l",
      "has_children": true,
      "is_end_bone": false
    },
    "thumb_03_l": {
      "name": "thumb_03_l",
      "local": {
        "location": {
          "x": 0.0,
          "y": 0.0,
          "z": 0.0
        },
        "rotation_quaternion": {
          "w": 0.998102605342865,
          "x": 0.060873501002788544,
          "y": -0.0054427641443908215,
          "z": 0.007487362250685692
        },
        "scale": {
          "x": 1.0,
          "y": 1.0,
          "z": 1.0
        },
        "matrix_basis": [
          [
            0.9998286366462708,
            -0.015608951449394226,
            -0.009953309781849384,
            0.0
          ],
          [
            0.014283671043813229,
            0.9924767017364502,
            -0.12159750610589981,
            0.0
          ],
          [
            0.011776437982916832,
            0.12143449485301971,
            0.992529571056366,
            0.0
          ],
          [
            0.0,
            0.0,
            0.0,
            1.0
          ]
        ],
        "rotation_mode": "QUATERNION"
      },
      "armature_space": {
        "head": {
          "x": 0.7101289629936218,
          "y": -0.33663713932037354,
          "z": 0.35219547152519226
        },
        "tail": {
          "x": 0.7390735149383545,
          "y": -0.3348616659641266,
          "z": 0.3614664375782013
        }
      },
      "world_space": {
        "head": {
          "x": 0.7101289629936218,
          "y": -0.2733931541442871,
          "z": 1.3020495176315308
        },
        "tail": {
          "x": 0.7390735149383545,
          "y": -0.2716176509857178,
          "z": 1.311320424079895
        },
        "rotation_quaternion": {
          "w": 0.6982046365737915,
          "x": 0.017520476132631302,
          "y": -0.20413152873516083,
          "z": -0.6859546303749084
        },
        "matrix": [
          [
            -0.02440825290977955,
            0.9507206082344055,
            -0.3090861439704895,
            0.7101289629936218
          ],
          [
            -0.965025782585144,
            0.0583178773522377,
            0.2555866539478302,
            -0.2733931541442871
          ],
          [
            0.26101773977279663,
            0.3045167326927185,
            0.9160531759262085,
            1.3020495176315308
          ],
          [
            0.0,
            0.0,
            0.0,
            1.0
          ]
        ]
      },
      "bone_length_armature_space": 0.030444872029687414,
      "parent": "thumb_02_l",
      "has_children": false,
      "is_end_bone": true
    },
    "metacarpal_index_l": {
      "name": "metacarpal_index_l",
      "local": {
        "location": {
          "x": 0.0,
          "y": 0.0,
          "z": 0.0
        },
        "rotation_quaternion": {
          "w": 0.9998691082000732,
          "x": -0.014984442852437496,
          "y": -0.00529892323538661,
          "z": 0.0030531450174748898
        },
        "scale": {
          "x": 1.0,
          "y": 1.0,
          "z": 1.0
        },
        "matrix_basis": [
          [
            0.9999251961708069,
            -0.005946687888354063,
            -0.01068795844912529,
            0.0
          ],
          [
            0.0062642935663461685,
            0.9995322823524475,
            0.02993260696530342,
            0.0
          ],
          [
            0.01050496008247137,
            -0.029997318983078003,
            0.9994947910308838,
            0.0
          ],
          [
            0.0,
            0.0,
            0.0,
            1.0
          ]
        ],
        "rotation_mode": "QUATERNION"
      },
      "armature_space": {
        "head": {
          "x": 0.6391750574111938,
          "y": -0.26591455936431885,
          "z": 0.38555702567100525
        },
        "tail": {
          "x": 0.7269363403320312,
          "y": -0.34295889735221863,
          "z": 0.37599998712539673
        }
      },
      "world_space": {
        "head": {
          "x": 0.6391750574111938,
          "y": -0.20267055928707123,
          "z": 1.3354110717773438
        },
        "tail": {
          "x": 0.7269363403320312,
          "y": -0.2797148823738098,
          "z": 1.3258540630340576
        },
        "rotation_quaternion": {
          "w": 0.08483707159757614,
          "x": 0.8655864596366882,
          "y": 0.40501293540000916,
          "z": -0.2820059657096863
        },
        "matrix": [
          [
            0.512873649597168,
            0.7489972710609436,
            -0.4194798171520233,
            0.6391750574111938
          ],
          [
            0.6532982587814331,
            -0.6575335264205933,
            -0.3753014802932739,
            -0.20267055928707123
          ],
          [
            -0.5569252371788025,
            -0.08156435191631317,
            -0.8265566229820251,
            1.3354110717773438
          ],
          [
            0.0,
            0.0,
            0.0,
            1.0
          ]
        ]
      },
      "bone_length_armature_space": 0.11717171103189498,
      "parent": "lowerarm_l",
      "has_children": true,
      "is_end_bone": false
    },
    "index_01_l": {
      "name": "index_01_l",
      "local": {
        "location": {
          "x": 0.0,
          "y": 0.0,
          "z": 0.0
        },
        "rotation_quaternion": {
          "w": 0.9983206987380981,
          "x": -0.05504174530506134,
          "y": 0.018060406669974327,
          "z": 0.0003700321540236473
        },
        "scale": {
          "x": 1.0,
          "y": 1.0,
          "z": 1.0
        },
        "matrix_basis": [
          [
            0.9993473887443542,
            -0.0027269741985946894,
            0.036019422113895416,
            0.0
          ],
          [
            -0.0012493310496211052,
            0.993940532207489,
            0.10991199314594269,
            0.0
          ],
          [
            -0.03610089048743248,
            -0.10988526046276093,
            0.9932884573936462,
            0.0
          ],
          [
            0.0,
            0.0,
            0.0,
            1.0
          ]
        ],
        "rotation_mode": "QUATERNION"
      },
      "armature_space": {
        "head": {
          "x": 0.7269363403320312,
          "y": -0.34295889735221863,
          "z": 0.37599998712539673
        },
        "tail": {
          "x": 0.7541608214378357,
          "y": -0.3512604832649231,
          "z": 0.3742733597755432
        }
      },
      "world_space": {
        "head": {
          "x": 0.7269363403320312,
          "y": -0.2797148823738098,
          "z": 1.3258540630340576
        },
        "tail": {
          "x": 0.7541608214378357,
          "y": -0.28801649808883667,
          "z": 1.324127435684204
        },
        "rotation_quaternion": {
          "w": 0.11521817743778229,
          "x": 0.7768595218658447,
          "y": 0.5840852856636047,
          "z": -0.20508159697055817
        },
        "matrix": [
          [
            0.23357124626636505,
            0.9547629356384277,
            -0.18404287099838257,
            0.7269363403320312
          ],
          [
            0.8602460026741028,
            -0.2911370098590851,
            -0.4185883402824402,
            -0.2797148823738098
          ],
          [
            -0.45323681831359863,
            -0.06055263429880142,
            -0.8893390893936157,
            1.3258540630340576
          ],
          [
            0.0,
            0.0,
            0.0,
            1.0
          ]
        ]
      },
      "bone_length_armature_space": 0.028514380917428958,
      "parent": "metacarpal_index_l",
      "has_children": true,
      "is_end_bone": false
    },
    "index_02_l": {
      "name": "index_02_l",
      "local": {
        "location": {
          "x": 0.0,
          "y": 0.0,
          "z": 0.0
        },
        "rotation_quaternion": {
          "w": 0.9856894016265869,
          "x": 0.1681831032037735,
          "y": 0.01133622508496046,
          "z": 0.0015485400799661875
        },
        "scale": {
          "x": 1.0,
          "y": 1.0,
          "z": 1.0
        },
        "matrix_basis": [
          [
            0.9997381567955017,
            0.0007603639387525618,
            0.022868869826197624,
            0.0
          ],
          [
            0.0068658823147416115,
            0.9434241056442261,
            -0.3315174877643585,
            0.0
          ],
          [
            -0.02182711660861969,
            0.33158770203590393,
            0.9431718587875366,
            0.0
          ],
          [
            0.0,
            0.0,
            0.0,
            1.0
          ]
        ],
        "rotation_mode": "QUATERNION"
      },
      "armature_space": {
        "head": {
          "x": 0.7541610598564148,
          "y": -0.3512609302997589,
          "z": 0.3742731809616089
        },
        "tail": {
          "x": 0.7761832475662231,
          "y": -0.3614013195037842,
          "z": 0.36588937044143677
        }
      },
      "world_space": {
        "head": {
          "x": 0.7541610598564148,
          "y": -0.2880169153213501,
          "z": 1.324127197265625
        },
        "tail": {
          "x": 0.7761832475662231,
          "y": -0.29815733432769775,
          "z": 1.3157434463500977
        },
        "rotation_quaternion": {
          "w": 0.008901411667466164,
          "x": 0.7756847143173218,
          "y": 0.5497972965240479,
          "z": -0.30976933240890503
        },
        "matrix": [
          [
            0.20353029668331146,
            0.8584544062614441,
            -0.4707769453525543,
            0.7541610598564148
          ],
          [
            0.8474234938621521,
            -0.3952859938144684,
            -0.3544326722621918,
            -0.2880169153213501
          ],
          [
            -0.4903585910797119,
            -0.32681241631507874,
            -0.8079333901405334,
            1.324127197265625
          ],
          [
            0.0,
            0.0,
            0.0,
            1.0
          ]
        ]
      },
      "bone_length_armature_space": 0.025653313840572442,
      "parent": "index_01_l",
      "has_children": true,
      "is_end_bone": false
    },
    "index_03_l": {
      "name": "index_03_l",
      "local": {
        "location": {
          "x": 0.0,
          "y": 0.0,
          "z": 0.0
        },
        "rotation_quaternion": {
          "w": 0.9758825898170471,
          "x": 0.2182610034942627,
          "y": 0.0038034175522625446,
          "z": 0.0008997486438602209
        },
        "scale": {
          "x": 1.0,
          "y": 1.0,
          "z": 1.0
        },
        "matrix_basis": [
          [
            0.9999694228172302,
            -9.58226082730107e-05,
            0.007816137745976448,
            0.0
          ],
          [
            0.0034163736272603273,
            0.9047226309776306,
            -0.4259873926639557,
            0.0
          ],
          [
            -0.0070306179113686085,
            0.42600107192993164,
            0.9046953320503235,
            0.0
          ],
          [
            0.0,
            0.0,
            0.0,
            1.0
          ]
        ],
        "rotation_mode": "QUATERNION"
      },
      "armature_space": {
        "head": {
          "x": 0.7761832475662231,
          "y": -0.3614012598991394,
          "z": 0.3658895194530487
        },
        "tail": {
          "x": 0.7914278507232666,
          "y": -0.3737720549106598,
          "z": 0.3442491888999939
        }
      },
      "world_space": {
        "head": {
          "x": 0.7761832475662231,
          "y": -0.298157274723053,
          "z": 1.3157435655593872
        },
        "tail": {
          "x": 0.7914278507232666,
          "y": -0.310528039932251,
          "z": 1.2941031455993652
        },
        "rotation_quaternion": {
          "w": 0.22629450261592865,
          "x": -0.731252133846283,
          "y": -0.48692595958709717,
          "z": 0.420671284198761
        },
        "matrix": [
          [
            0.17187559604644775,
            0.5217416882514954,
            -0.8356097936630249,
            0.7761832475662231
          ],
          [
            0.902522623538971,
            -0.4233868420124054,
            -0.07871735095977783,
            -0.298157274723053
          ],
          [
            -0.39485836029052734,
            -0.7406331300735474,
            -0.543657660484314,
            1.3157435655593872
          ],
          [
            0.0,
            0.0,
            0.0,
            1.0
          ]
        ]
      },
      "bone_length_armature_space": 0.029218802385503173,
      "parent": "index_02_l",
      "has_children": false,
      "is_end_bone": true
    },
    "metacarpal_pinky_l": {
      "name": "metacarpal_pinky_l",
      "local": {
        "location": {
          "x": 0.0,
          "y": 0.0,
          "z": 0.0
        },
        "rotation_quaternion": {
          "w": 0.9997416734695435,
          "x": 0.01953067071735859,
          "y": 0.011454656720161438,
          "z": 0.001993396785110235
        },
        "scale": {
          "x": 1.0,
          "y": 1.0,
          "z": 1.0
        },
        "matrix_basis": [
          [
            0.9997296333312988,
            -0.0035383293870836496,
            0.02298125997185707,
            0.0
          ],
          [
            0.0044331979006528854,
            0.9992291331291199,
            -0.0390055850148201,
            0.0
          ],
          [
            -0.02282552979886532,
            0.03909691795706749,
            0.9989746809005737,
            0.0
          ],
          [
            0.0,
            0.0,
            0.0,
            1.0
          ]
        ],
        "rotation_mode": "QUATERNION"
      },
      "armature_space": {
        "head": {
          "x": 0.6391750574111938,
          "y": -0.26591455936431885,
          "z": 0.38555702567100525
        },
        "tail": {
          "x": 0.7424928545951843,
          "y": -0.2788739502429962,
          "z": 0.3863888680934906
        }
      },
      "world_space": {
        "head": {
          "x": 0.6391750574111938,
          "y": -0.20267055928707123,
          "z": 1.3354110717773438
        },
        "tail": {
          "x": 0.7424928545951843,
          "y": -0.2156299501657486,
          "z": 1.336242914199829
        },
        "rotation_quaternion": {
          "w": 0.6513461470603943,
          "x": 0.1377171128988266,
          "y": 0.11628077179193497,
          "z": -0.7370625138282776
        },
        "matrix": [
          [
            -0.11356420069932938,
            0.9921931028366089,
            -0.0515318438410759,
            0.6391750574111938
          ],
          [
            -0.9281381368637085,
            -0.12445294857025146,
            -0.3508152663707733,
            -0.20267055928707123
          ],
          [
            -0.35449323058128357,
            0.007988572120666504,
            0.935032069683075,
            1.3354110717773438
          ],
          [
            0.0,
            0.0,
            0.0,
            1.0
          ]
        ]
      },
      "bone_length_armature_space": 0.10413070983612267,
      "parent": "lowerarm_l",
      "has_children": true,
      "is_end_bone": false
    },
    "pinky_01_l": {
      "name": "pinky_01_l",
      "local": {
        "location": {
          "x": 0.0,
          "y": 0.0,
          "z": 0.0
        },
        "rotation_quaternion": {
          "w": 0.9955255389213562,
          "x": 0.09401096403598785,
          "y": -0.005277962889522314,
          "z": -0.007948966696858406
        },
        "scale": {
          "x": 1.0,
          "y": 1.0,
          "z": 1.0
        },
        "matrix_basis": [
          [
            0.9998179078102112,
            0.01483442634344101,
            -0.012003273703157902,
            0.0
          ],
          [
            -0.016819171607494354,
            0.9821975231170654,
            -0.1870967298746109,
            0.0
          ],
          [
            0.009014113806188107,
            0.187264546751976,
            0.9822681546211243,
            0.0
          ],
          [
            0.0,
            0.0,
            0.0,
            1.0
          ]
        ],
        "rotation_mode": "QUATERNION"
      },
      "armature_space": {
        "head": {
          "x": 0.7424928545951843,
          "y": -0.2788739502429962,
