{
  "metadata": {
    "armature_name": "KIM_caucasian_male",
    "export_time": "2026-01-13T21:02:12.296165",
    "blender_version": "4.4.1",
    "bone_count": 56,
    "end_bone_count": 13,
    "spaces_included": [
      "LOCAL_CHANNELS",
      "ARMATURE_SPACE",
      "WORLD_SPACE"
    ],
    "note": "LOCAL matches Transform panel; replay pose via local.matrix_basis for best fidelity."
  },
  "bones": {
    "Root": {
      "name": "Root",
      "local": {
        "location": {
          "x": 0.0,
          "y": 0.0,
          "z": 0.0
        },
        "rotation_quaternion": {
          "w": 0.9994444847106934,
          "x": -0.013147111050784588,
          "y": -0.013861853629350662,
          "z": -0.027309073135256767
        },
        "scale": {
          "x": 1.0,
          "y": 1.0,
          "z": 1.0
        },
        "matrix_basis": [
          [
            0.9981241226196289,
            0.054952289909124374,
            -0.026990234851837158,
            0.0
          ],
          [
            -0.05422331765294075,
            0.9981627464294434,
            0.027036724612116814,
            0.0
          ],
          [
            0.02842637710273266,
            -0.025522505864501,
            0.9992700219154358,
            0.0
          ],
          [
            0.0,
            0.0,
            0.0,
            1.0
          ]
        ],
        "rotation_mode": "QUATERNION"
      },
      "armature_space": {
        "head": {
          "x": 0.0,
          "y": 0.07072800397872925,
          "z": -0.009595036506652832
        },
        "tail": {
          "x": 0.003922267351299524,
          "y": 0.00037483125925064087,
          "z": 0.0017875395715236664
        }
      },
      "world_space": {
        "head": {
          "x": 0.0,
          "y": 0.13397200405597687,
          "z": 0.9402589797973633
        },
        "tail": {
          "x": 0.003922267351299524,
          "y": 0.06361883133649826,
          "z": 0.9516415596008301
        },
        "rotation_quaternion": {
          "w": 0.0804474726319313,
          "x": 0.9962882399559021,
          "y": 0.026313189417123795,
          "z": -0.01567012071609497
        },
        "matrix": [
          [
            0.9981241226196289,
            0.054952289909124374,
            -0.026990234851837158,
            0.0
          ],
          [
            0.049909792840480804,
            -0.9856716394424438,
            -0.1611228883266449,
            0.13397200405597687
          ],
          [
            -0.035457778722047806,
            0.1594737321138382,
            -0.9865723252296448,
            0.9402589797973633
          ],
          [
            0.0,
            0.0,
            0.0,
            1.0
          ]
        ]
      },
      "bone_length_armature_space": 0.07137587818980809,
      "parent": null,
      "has_children": true,
      "is_end_bone": false
    },
    "spine_01": {
      "name": "spine_01",
      "local": {
        "location": {
          "x": 0.0,
          "y": 0.0,
          "z": 0.0
        },
        "rotation_quaternion": {
          "w": 0.9975276589393616,
          "x": -0.05467936024069786,
          "y": 0.01864253729581833,
          "z": -0.0400155745446682
        },
        "scale": {
          "x": 1.0,
          "y": 1.0,
          "z": 1.0
        },
        "matrix_basis": [
          [
            0.9961023926734924,
            0.07779455929994583,
            0.04156894609332085,
            0.0
          ],
          [
            -0.08187200874090195,
            0.9908178448677063,
            0.10759636759757996,
            0.0
          ],
          [
            -0.03281684219837189,
            -0.11058033257722855,
            0.9933252334594727,
            0.0
          ],
          [
            0.0,
            0.0,
            0.0,
            1.0
          ]
        ],
        "rotation_mode": "QUATERNION"
      },
      "armature_space": {
        "head": {
          "x": 0.003922267351299524,
          "y": 0.00037483125925064087,
          "z": 0.0017875395715236664
        },
        "tail": {
          "x": 0.05432622507214546,
          "y": 0.09169726818799973,
          "z": 0.47851404547691345
        }
      },
      "world_space": {
        "head": {
          "x": 0.003922267351299524,
          "y": 0.06361883133649826,
          "z": 0.9516415596008301
        },
        "tail": {
          "x": 0.05432622507214546,
          "y": 0.15494126081466675,
          "z": 1.428368091583252
        },
        "rotation_quaternion": {
          "w": 0.7672051787376404,
          "x": 0.6374602317810059,
          "y": 0.0704544335603714,
          "z": -0.008773893117904663
        },
        "matrix": [
          [
            0.9899184107780457,
            0.10328653454780579,
            0.09691932052373886,
            0.003922267351299524
          ],
          [
            0.0763603150844574,
            0.18713566660881042,
            -0.9793617725372314,
            0.06361883133649826
          ],
          [
            -0.11929269134998322,
            0.9768961071968079,
            0.1773623526096344,
            0.9516415596008301
          ],
          [
            0.0,
            0.0,
            0.0,
            1.0
          ]
        ]
      },
      "bone_length_armature_space": 0.4880046168145369,
      "parent": "Root",
      "has_children": true,
      "is_end_bone": false
    },
    "neck_01": {
      "name": "neck_01",
      "local": {
        "location": {
          "x": 0.0,
          "y": 0.0,
          "z": 0.0
        },
        "rotation_quaternion": {
          "w": 0.9839605093002319,
          "x": -0.15324194729328156,
          "y": 0.003421464469283819,
          "z": 0.09125197678804398
        },
        "scale": {
          "x": 1.0,
          "y": 1.0,
          "z": 1.0
        },
        "matrix_basis": [
          [
            0.9833227396011353,
            -0.1806253045797348,
            -0.021234089508652687,
            0.0
          ],
          [
            0.1785280555486679,
            0.9363799691200256,
            0.30219247937202454,
            0.0
          ],
          [
            -0.034700434654951096,
            -0.30094361305236816,
            0.9530103802680969,
            0.0
          ],
          [
            0.0,
            0.0,
            0.0,
            1.0
          ]
        ],
        "rotation_mode": "QUATERNION"
      },
      "armature_space": {
        "head": {
          "x": 0.06524991244077682,
          "y": 0.07143434882164001,
          "z": 0.5561919212341309
        },
        "tail": {
          "x": 0.05812152847647667,
          "y": 0.08110088855028152,
          "z": 0.6580080389976501
        }
      },
      "world_space": {
        "head": {
          "x": 0.06524991244077682,
          "y": 0.13467834889888763,
          "z": 1.506045937538147
        },
        "tail": {
          "x": 0.05812152847647667,
          "y": 0.14434489607810974,
          "z": 1.6078619956970215
        },
        "rotation_quaternion": {
          "w": 0.7396911978721619,
          "x": 0.6712485551834106,
          "y": 0.000845241011120379,
          "z": 0.04776686057448387
        },
        "matrix": [
          [
            0.9954351782798767,
            -0.06953072547912598,
            0.06537775695323944,
            0.06524991244077682
          ],
          [
            0.07180067896842957,
            0.09428805112838745,
            -0.9929525852203369,
            0.13467834889888763
          ],
          [
            0.0628768801689148,
            0.9931210279464722,
            0.09884969890117645,
            1.506045937538147
          ],
          [
            0.0,
            0.0,
            0.0,
            1.0
          ]
        ]
      },
      "bone_length_armature_space": 0.10252208358044386,
      "parent": "spine_01",
      "has_children": true,
      "is_end_bone": false
    },
    "head": {
      "name": "head",
      "local": {
        "location": {
          "x": 0.0,
          "y": 0.0,
          "z": 0.0
        },
        "rotation_quaternion": {
          "w": 0.9937930107116699,
          "x": -0.08063745498657227,
          "y": 0.04877752438187599,
          "z": -0.0591086708009243
        },
        "scale": {
          "x": 1.0,
          "y": 1.0,
          "z": 1.0
        },
        "matrix_basis": [
          [
            0.9882538318634033,
            0.10961697995662689,
            0.10648227483034134,
            0.0
          ],
          [
            -0.12535016238689423,
            0.980007529258728,
            0.15450753271579742,
            0.0
          ],
          [
            -0.08741678297519684,
            -0.16604022681713104,
            0.9822366833686829,
            0.0
          ],
          [
            0.0,
            0.0,
            0.0,
            1.0
          ]
        ],
        "rotation_mode": "QUATERNION"
      },
      "armature_space": {
        "head": {
          "x": 0.05812154337763786,
          "y": 0.08110072463750839,
          "z": 0.6580079197883606
        },
        "tail": {
          "x": 0.06065933778882027,
          "y": 0.1731606125831604,
          "z": 0.7827947735786438
        }
      },
      "world_space": {
        "head": {
          "x": 0.05812154337763786,
          "y": 0.14434471726417542,
          "z": 1.6078619956970215
        },
        "tail": {
          "x": 0.06065933778882027,
          "y": 0.23640461266040802,
          "z": 1.7326488494873047
        },
        "rotation_quaternion": {
          "w": 0.8906580805778503,
          "x": 0.4503023326396942,
          "y": 0.05935119837522507,
          "z": 0.020820878446102142
        },
        "matrix": [
          [
            0.9920879006385803,
            0.016363337635993958,
            0.12447445094585419,
            0.05812154337763786
          ],
          [
            0.09054039418697357,
            0.5935892462730408,
            -0.7996591329574585,
            0.14434471726417542
          ],
          [
            -0.08697231113910675,
            0.8046082854270935,
            0.5874143838882446,
            1.6078619956970215
          ],
          [
            0.0,
            0.0,
            0.0,
            1.0
          ]
        ]
      },
      "bone_length_armature_space": 0.15509101458327149,
      "parent": "neck_01",
      "has_children": false,
      "is_end_bone": true
    },
    "upperarm_l": {
      "name": "upperarm_l",
      "local": {
        "location": {
          "x": 0.0,
          "y": 0.0,
          "z": 0.0
        },
        "rotation_quaternion": {
          "w": 0.8917229175567627,
          "x": 0.27720630168914795,
          "y": 0.3563271462917328,
          "z": -0.031904637813568115
        },
        "scale": {
          "x": 1.0,
          "y": 1.0,
          "z": 1.0
        },
        "matrix_basis": [
          [
            0.7440261244773865,
            0.2544524669647217,
            0.6178018450737,
            0.0
          ],
          [
            0.14065206050872803,
            0.8442775011062622,
            -0.5171194076538086,
            0.0
          ],
          [
            -0.6531785130500793,
            0.47164544463157654,
            0.5923752784729004,
            0.0
          ],
          [
            0.0,
            0.0,
            0.0,
            1.0
          ]
        ],
        "rotation_mode": "QUATERNION"
      },
      "armature_space": {
        "head": {
          "x": 0.2071051001548767,
          "y": 0.06718812137842178,
          "z": 0.47320860624313354
        },
        "tail": {
          "x": 0.4374699592590332,
          "y": -0.04294378310441971,
          "z": 0.39190220832824707
        }
      },
      "world_space": {
        "head": {
          "x": 0.2071051001548767,
          "y": 0.13043212890625,
          "z": 1.4230625629425049
        },
        "tail": {
          "x": 0.4374699592590332,
          "y": 0.02030021697282791,
          "z": 1.3417562246322632
        },
        "rotation_quaternion": {
          "w": 0.16231964528560638,
          "x": 0.6721768379211426,
          "y": 0.5178391337394714,
          "z": -0.5036599636077881
        },
        "matrix": [
          [
            -0.04366336017847061,
            0.8596683740615845,
            -0.5089830160140991,
            0.2071051001548767
          ],
          [
            0.5326504111289978,
            -0.4109868109226227,
            -0.7398471236228943,
            0.13043212890625
          ],
          [
            -0.8452138304710388,
            -0.30341672897338867,
            -0.43996140360832214,
            1.4230625629425049
          ],
          [
            0.0,
            0.0,
            0.0,
            1.0
          ]
        ]
      },
      "bone_length_armature_space": 0.2679696516447218,
      "parent": "spine_01",
      "has_children": true,
      "is_end_bone": false
    },
    "lowerarm_l": {
      "name": "lowerarm_l",
      "local": {
        "location": {
          "x": 0.0,
          "y": 0.0,
          "z": 0.0
        },
        "rotation_quaternion": {
          "w": 0.9097484350204468,
          "x": 0.2529626190662384,
          "y": 0.19048219919204712,
          "z": -0.26848506927490234
        },
        "scale": {
          "x": 1.0,
          "y": 1.0,
          "z": 1.0
        },
        "matrix_basis": [
          [
            0.7832645773887634,
            0.5848774909973145,
            0.21074838936328888,
            0.0
          ],
          [
            -0.3921380043029785,
            0.727851390838623,
            -0.5625479221343994,
            0.0
          ],
          [
            -0.4824151396751404,
            0.35798144340515137,
            0.7994529008865356,
            0.0
          ],
          [
            0.0,
            0.0,
            0.0,
            1.0
          ]
        ],
        "rotation_mode": "QUATERNION"
      },
      "armature_space": {
        "head": {
          "x": 0.4374699890613556,
          "y": -0.04294391721487045,
          "z": 0.39190223813056946
        },
        "tail": {
          "x": 0.5239547491073608,
          "y": -0.1557227075099945,
          "z": 0.1652495265007019
        }
      },
      "world_space": {
        "head": {
          "x": 0.4374699890613556,
          "y": 0.020300082862377167,
          "z": 1.3417562246322632
        },
        "tail": {
          "x": 0.5239547491073608,
          "y": -0.09247870743274689,
          "z": 1.1151034832000732
        },
        "rotation_quaternion": {
          "w": 0.2496350258588791,
          "x": -0.6318501830101013,
          "y": -0.47633978724479675,
          "z": 0.5581650137901306
        },
        "matrix": [
          [
            -0.07689625024795532,
            0.32327800989151,
            -0.9431744813919067,
            0.4374699890613556
          ],
          [
            0.8806261420249939,
            -0.42156437039375305,
            -0.21629029512405396,
            0.020300082862377167
          ],
          [
            -0.46753305196762085,
            -0.8472223281860352,
            -0.2522723972797394,
            1.3417562246322632
          ],
          [
            0.0,
            0.0,
            0.0,
            1.0
          ]
        ]
      },
      "bone_length_armature_space": 0.26752592538267717,
      "parent": "upperarm_l",
      "has_children": true,
      "is_end_bone": false
    },
    "metacarpal_thumb_l": {
      "name": "metacarpal_thumb_l",
      "local": {
        "location": {
          "x": 0.0,
          "y": 0.0,
          "z": 0.0
        },
        "rotation_quaternion": {
          "w": 0.9991390705108643,
          "x": -0.038860760629177094,
          "y": 0.006187004502862692,
          "z": 0.013142503798007965
        },
        "scale": {
          "x": 1.0,
          "y": 1.0,
          "z": 1.0
        },
        "matrix_basis": [
          [
            0.9995779991149902,
            -0.026743240654468536,
            0.011341900564730167,
            0.0
          ],
          [
            0.02578151412308216,
            0.9966342449188232,
            0.07781723141670227,
            0.0
          ],
          [
            -0.013384811580181122,
            -0.07749198377132416,
            0.996903121471405,
            0.0
          ],
          [
            0.0,
            0.0,
            0.0,
            1.0
          ]
        ],
        "rotation_mode": "QUATERNION"
      },
      "armature_space": {
        "head": {
          "x": 0.5239547491073608,
          "y": -0.1557227075099945,
          "z": 0.1652495265007019
        },
        "tail": {
          "x": 0.5075426697731018,
          "y": -0.17411720752716064,
          "z": 0.1222856193780899
        }
      },
      "world_space": {
        "head": {
          "x": 0.5239547491073608,
          "y": -0.09247870743274689,
          "z": 1.1151034832000732
        },
        "tail": {
          "x": 0.5075426697731018,
          "y": -0.11087320744991302,
          "z": 1.0721396207809448
        },
        "rotation_quaternion": {
          "w": 0.549514651298523,
          "x": -0.816769540309906,
          "y": 0.11116362363100052,
          "z": 0.13624918460845947
        },
        "matrix": [
          [
            0.9381576180458069,
            -0.33133211731910706,
            -0.10039471089839935,
            0.5239547491073608
          ],
          [
            -0.03185006231069565,
            -0.3713533282279968,
            0.9279453754425049,
            -0.09247870743274689
          ],
          [
            -0.34474244713783264,
            -0.8673677444458008,
            -0.35894259810447693,
            1.1151034832000732
          ],
          [
            0.0,
            0.0,
            0.0,
            1.0
          ]
        ]
      },
      "bone_length_armature_space": 0.04953394079364165,
      "parent": "lowerarm_l",
      "has_children": true,
      "is_end_bone": false
    },
    "thumb_01_l": {
      "name": "thumb_01_l",
      "local": {
        "location": {
          "x": 0.0,
          "y": 0.0,
          "z": 0.0
        },
        "rotation_quaternion": {
          "w": 0.9982655644416809,
          "x": -0.057979486882686615,
          "y": -0.00404429342597723,
          "z": 0.009381205774843693
        },
        "scale": {
          "x": 1.0,
          "y": 1.0,
          "z": 1.0
        },
        "matrix_basis": [
          [
            0.9997912645339966,
            -0.01826089806854725,
            -0.00916239246726036,
            0.0
          ],
          [
            0.019198842346668243,
            0.9931007623672485,
            0.1156819686293602,
            0.0
          ],
          [
            0.006986722815781832,
            -0.11583372950553894,
            0.9932440519332886,
            0.0
          ],
          [
            0.0,
            0.0,
            0.0,
            1.0
          ]
        ],
        "rotation_mode": "QUATERNION"
      },
      "armature_space": {
        "head": {
          "x": 0.5075426697731018,
          "y": -0.17411720752716064,
          "z": 0.1222856193780899
        },
        "tail": {
          "x": 0.49038079380989075,
          "y": -0.15853723883628845,
          "z": 0.09735837578773499
        }
      },
      "world_space": {
        "head": {
          "x": 0.5075426697731018,
          "y": -0.11087320744991302,
          "z": 1.0721396207809448
        },
        "tail": {
          "x": 0.49038079380989075,
          "y": -0.09529323875904083,
          "z": 1.0472123622894287
        },
        "rotation_quaternion": {
          "w": 0.43017593026161194,
          "x": -0.4711683392524719,
          "y": 0.7374327182769775,
          "z": -0.22168056666851044
        },
        "matrix": [
          [
            -0.18589703738689423,
            -0.5041887164115906,
            0.8433480262756348,
            0.5075426697731018
          ],
          [
            -0.8856335878372192,
            0.45771512389183044,
            0.07842333614826202,
            -0.11087320744991302
          ],
          [
            -0.4255569875240326,
            -0.732323408126831,
            -0.5316179990768433,
            1.0721396207809448
          ],
          [
            0.0,
            0.0,
            0.0,
            1.0
          ]
        ]
      },
      "bone_length_armature_space": 0.03403869675043231,
      "parent": "metacarpal_thumb_l",
      "has_children": true,
      "is_end_bone": false
    },
    "thumb_02_l": {
      "name": "thumb_02_l",
      "local": {
        "location": {
          "x": 0.0,
          "y": 0.0,
          "z": 0.0
        },
        "rotation_quaternion": {
          "w": 0.9938713312149048,
          "x": 0.11034636199474335,
          "y": 0.006572388112545013,
          "z": 0.0006137723103165627
        },
        "scale": {
          "x": 1.0,
          "y": 1.0,
          "z": 1.0
        },
        "matrix_basis": [
          [
            0.9999128580093384,
            0.00023045683337841183,
            0.013199671171605587,
            0.0
          ],
          [
            0.0026704997289925814,
            0.9756466150283813,
            -0.21933209896087646,
            0.0
          ],
          [
            -0.012928761541843414,
            0.2193482369184494,
            0.9755609631538391,
            0.0
          ],
          [
            0.0,
            0.0,
            0.0,
            1.0
          ]
        ],
        "rotation_mode": "QUATERNION"
      },
      "armature_space": {
        "head": {
          "x": 0.49038076400756836,
          "y": -0.15853720903396606,
          "z": 0.09735842049121857
        },
        "tail": {
          "x": 0.5025264620780945,
          "y": -0.1751326024532318,
          "z": 0.06285810470581055
        }
      },
      "world_space": {
        "head": {
          "x": 0.49038076400756836,
          "y": -0.09529320895671844,
          "z": 1.0472124814987183
        },
        "tail": {
          "x": 0.5025264620780945,
          "y": -0.11188860237598419,
          "z": 1.0127121210098267
        },
        "rotation_quaternion": {
          "w": 0.32326003909111023,
          "x": -0.24920514225959778,
          "y": 0.43463754653930664,
          "z": -0.8028013706207275
        },
        "matrix": [
          [
            -0.6667986512184143,
            0.30239999294281006,
            0.6811267137527466,
            0.49038076400756836
          ],
          [
            -0.7356557846069336,
            -0.4131864607334137,
            -0.5367380976676941,
            -0.09529320895671844
          ],
          [
            0.11912291496992111,
            -0.8589774370193481,
            0.49797743558883667,
            1.0472124814987183
          ],
          [
            0.0,
            0.0,
            0.0,
            1.0
          ]
        ]
      },
      "bone_length_armature_space": 0.04016462215958813,
      "parent": "thumb_01_l",
      "has_children": true,
      "is_end_bone": false
    },
    "thumb_03_l": {
      "name": "thumb_03_l",
      "local": {
        "location": {
          "x": 0.0,
          "y": 0.0,
          "z": 0.0
        },
        "rotation_quaternion": {
          "w": 0.9979715347290039,
          "x": 0.06310437619686127,
          "y": 0.008202283643186092,
          "z": -0.0018403741996735334
        },
        "scale": {
          "x": 1.0,
          "y": 1.0,
          "z": 1.0
        },
        "matrix_basis": [
          [
            0.9998586773872375,
            0.004708481952548027,
            0.016139019280672073,
            0.0
          ],
          [
            -0.002638082252815366,
            0.9920288920402527,
            -0.12598294019699097,
            0.0
          ],
          [
            -0.016603562980890274,
            0.1259225457906723,
            0.9919010996818542,
            0.0
          ],
          [
            0.0,
            0.0,
            0.0,
            1.0
          ]
        ],
        "rotation_mode": "QUATERNION"
      },
      "armature_space": {
        "head": {
          "x": 0.5025264024734497,
          "y": -0.17513258755207062,
          "z": 0.06285811960697174
        },
        "tail": {
          "x": 0.5210451483726501,
          "y": -0.19051145017147064,
          "z": 0.0442182831466198
        }
      },
      "world_space": {
        "head": {
          "x": 0.5025264024734497,
          "y": -0.111888587474823,
          "z": 1.0127121210098267
        },
        "tail": {
          "x": 0.5210451483726501,
          "y": -0.12726745009422302,
          "z": 0.9940723180770874
        },
        "rotation_quaternion": {
          "w": 0.34221869707107544,
          "x": 0.02033119462430477,
          "y": 0.36099472641944885,
          "z": -0.8672692179679871
        },
        "matrix": [
          [
            -0.7649452090263367,
            0.6082705855369568,
            0.2118147909641266,
            0.5025264024734497
          ],
          [
            -0.5789142847061157,
            -0.5051379799842834,
            -0.6400735378265381,
            -0.111888587474823
          ],
          [
            -0.2823447287082672,
            -0.6122485399246216,
            0.7385439872741699,
            1.0127121210098267
          ],
          [
            0.0,
            0.0,
            0.0,
            1.0
          ]
        ]
      },
      "bone_length_armature_space": 0.03044498081755562,
      "parent": "thumb_02_l",
      "has_children": false,
      "is_end_bone": true
    },
    "metacarpal_index_l": {
      "name": "metacarpal_index_l",
      "local": {
        "location": {
          "x": 0.0,
          "y": 0.0,
          "z": 0.0
        },
        "rotation_quaternion": {
          "w": 0.9990188479423523,
          "x": -0.040950506925582886,
          "y": -0.016842927783727646,
          "z": 0.0008723561186343431
        },
        "scale": {
          "x": 1.0,
          "y": 1.0,
          "z": 1.0
        },
        "matrix_basis": [
          [
            0.9994311332702637,
            -0.00036354755866341293,
            -0.03372425213456154,
            0.0
          ],
          [
            0.0031224533449858427,
            0.9966446161270142,
            0.08179126679897308,
            0.0
          ],
          [
            0.03358135744929314,
            -0.08185004442930222,
            0.9960787296295166,
            0.0
          ],
          [
            0.0,
            0.0,
            0.0,
            1.0
          ]
        ],
        "rotation_mode": "QUATERNION"
      },
      "armature_space": {
        "head": {
          "x": 0.5239547491073608,
          "y": -0.1557227075099945,
          "z": 0.1652495265007019
        },
        "tail": {
          "x": 0.531955361366272,
          "y": -0.21167166531085968,
          "z": 0.0626089796423912
        }
      },
      "world_space": {
        "head": {
          "x": 0.5239547491073608,
          "y": -0.09247870743274689,
          "z": 1.1151034832000732
        },
        "tail": {
          "x": 0.531955361366272,
          "y": -0.14842766523361206,
          "z": 1.0124629735946655
        },
        "rotation_quaternion": {
          "w": 0.46582162380218506,
          "x": -0.8084406852722168,
          "y": -0.21038755774497986,
          "z": 0.29184067249298096
        },
        "matrix": [
          [
            0.741132378578186,
            0.06828107684850693,
            -0.6678775548934937,
            0.5239547491073608
          ],
          [
            0.6120632290840149,
            -0.47749534249305725,
            0.6303787231445312,
            -0.09247870743274689
          ],
          [
            -0.2758667767047882,
            -0.8759838342666626,
            -0.3956817388534546,
            1.1151034832000732
          ],
          [
            0.0,
            0.0,
            0.0,
            1.0
          ]
        ]
      },
      "bone_length_armature_space": 0.11717242597820479,
      "parent": "lowerarm_l",
      "has_children": true,
      "is_end_bone": false
    },
    "index_01_l": {
      "name": "index_01_l",
      "local": {
        "location": {
          "x": 0.0,
          "y": 0.0,
          "z": 0.0
        },
        "rotation_quaternion": {
          "w": 0.9950546026229858,
          "x": -0.09841200709342957,
          "y": 0.013440927490592003,
          "z": -0.000928989436943084
        },
        "scale": {
          "x": 1.0,
          "y": 1.0,
          "z": 1.0
        },
        "matrix_basis": [
          [
            0.9996369481086731,
            -0.0007967068813741207,
            0.02693176083266735,
            0.0
          ],
          [
            -0.0044942875392735004,
            0.9806284308433533,
            0.19582566618919373,
            0.0
          ],
          [
            -0.026566065847873688,
            -0.1958756148815155,
            0.9802688360214233,
            0.0
          ],
          [
            0.0,
            0.0,
            0.0,
            1.0
          ]
        ],
        "rotation_mode": "QUATERNION"
      },
      "armature_space": {
        "head": {
          "x": 0.531955361366272,
          "y": -0.21167166531085968,
          "z": 0.0626089796423912
        },
        "tail": {
          "x": 0.5467478632926941,
          "y": -0.22391586005687714,
          "z": 0.04152964428067207
        }
      },
      "world_space": {
        "head": {
          "x": 0.531955361366272,
          "y": -0.14842766523361206,
          "z": 1.0124629735946655
        },
        "tail": {
          "x": 0.5467478632926941,
          "y": -0.16067185997962952,
          "z": 0.9913836717605591
        },
        "rotation_quaternion": {
          "w": 0.38495349884033203,
          "x": -0.8353866934776306,
          "y": -0.370281845331192,
          "z": 0.12973563373088837
        },
        "matrix": [
          [
            0.6921189427375793,
            0.5187729001045227,
            -0.501842737197876,
            0.531955361366272
          ],
          [
            0.7185429334640503,
            -0.4294041693210602,
            0.5470911264419556,
            -0.14842766523361206
          ],
          [
            0.06832382082939148,
            -0.7392531037330627,
            -0.6699633598327637,
            1.0124629735946655
          ],
          [
            0.0,
            0.0,
            0.0,
            1.0
          ]
        ]
      },
      "bone_length_armature_space": 0.028514501256797088,
      "parent": "metacarpal_index_l",
      "has_children": true,
      "is_end_bone": false
    },
    "index_02_l": {
      "name": "index_02_l",
      "local": {
        "location": {
          "x": 0.0,
          "y": 0.0,
          "z": 0.0
        },
        "rotation_quaternion": {
          "w": 0.9997497200965881,
          "x": 0.020283522084355354,
          "y": 0.006398493889719248,
          "z": 0.006954120937734842
        },
        "scale": {
          "x": 1.0,
          "y": 1.0,
          "z": 1.0
        },
        "matrix_basis": [
          [
            0.9998214244842529,
            -0.013645192608237267,
            0.013075892813503742,
            0.0
          ],
          [
            0.014164328575134277,
            0.9990804195404053,
            -0.04046789929270744,
            0.0
          ],
          [
            -0.012511677108705044,
            0.04064588248729706,
            0.9990952610969543,
            0.0
          ],
          [
            0.0,
            0.0,
            0.0,
            1.0
          ]
        ],
        "rotation_mode": "QUATERNION"
      },
      "armature_space": {
        "head": {
          "x": 0.5467476844787598,
          "y": -0.22391600906848907,
          "z": 0.041529133915901184
        },
        "tail": {
          "x": 0.5602517127990723,
          "y": -0.23458540439605713,
          "z": 0.022505465894937515
        }
      },
      "world_space": {
        "head": {
          "x": 0.5467476844787598,
          "y": -0.16067200899124146,
          "z": 0.9913831353187561
        },
        "tail": {
          "x": 0.5602517127990723,
          "y": -0.1713414043188095,
          "z": 0.9723594784736633
        },
        "rotation_quaternion": {
          "w": 0.3779297173023224,
          "x": -0.8279539942741394,
          "y": -0.3862835764884949,
          "z": 0.14982080459594727
        },
        "matrix": [
          [
            0.6566761136054993,
            0.5264069437980652,
            -0.5400668978691101,
            0.5467476844787598
          ],
          [
            0.752895176410675,
            -0.41590794920921326,
            0.5100687146186829,
            -0.16067200899124146
          ],
          [
            0.04388660937547684,
            -0.7415690422058105,
            -0.6694501638412476,
            0.9913831353187561
          ],
          [
            0.0,
            0.0,
            0.0,
            1.0
          ]
        ]
      },
      "bone_length_armature_space": 0.0256533566681264,
      "parent": "index_01_l",
      "has_children": true,
      "is_end_bone": false
    },
    "index_03_l": {
      "name": "index_03_l",
      "local": {
        "location": {
          "x": 0.0,
          "y": 0.0,
          "z": 0.0
        },
        "rotation_quaternion": {
          "w": 0.999376654624939,
          "x": 0.03443339094519615,
          "y": 0.0069203609600663185,
          "z": -0.0035679121501743793
        },
        "scale": {
          "x": 1.0,
          "y": 1.0,
          "z": 1.0
        },
        "matrix_basis": [
          [
            0.9998787641525269,
            0.00760795921087265,
            0.013586383312940598,
            0.0
          ],
          [
            -0.00665479339659214,
            0.9976032376289368,
            -0.06887323409318924,
            0.0
          ],
          [
            -0.014077804982662201,
            0.06877446919679642,
            0.9975329041481018,
            0.0
          ],
          [
            0.0,
            0.0,
            0.0,
            1.0
          ]
        ],
        "rotation_mode": "QUATERNION"
      },
      "armature_space": {
        "head": {
          "x": 0.560251772403717,
          "y": -0.2345854938030243,
          "z": 0.022505568340420723
        },
        "tail": {
          "x": 0.5748782753944397,
          "y": -0.24194692075252533,
          "z": -0.0016939062625169754
        }
      },
      "world_space": {
        "head": {
          "x": 0.560251772403717,
          "y": -0.17134149372577667,
          "z": 0.9723595976829529
        },
        "tail": {
          "x": 0.5748782753944397,
          "y": -0.1787029206752777,
          "z": 0.9481601119041443
        },
        "rotation_quaternion": {
          "w": 0.46549192070961,
          "x": -0.780814528465271,
          "y": -0.396668404340744,
          "z": 0.12767277657985687
        },
        "matrix": [
          [
            0.6527061462402344,
            0.5005877017974854,
            -0.5686710476875305,
            0.560251772403717
          ],
          [
            0.7383120656013489,
            -0.25194239616394043,
            0.6256363987922668,
            -0.17134149372577667
          ],
          [
            0.16991539299488068,
            -0.8282192349433899,
            -0.5340374112129211,
            0.9723595976829529
          ],
          [
            0.0,
            0.0,
            0.0,
            1.0
          ]
        ]
      },
      "bone_length_armature_space": 0.02921882585527858,
      "parent": "index_02_l",
      "has_children": false,
      "is_end_bone": true
    },
    "metacarpal_pinky_l": {
      "name": "metacarpal_pinky_l",
      "local": {
        "location": {
          "x": 0.0,
          "y": 0.0,
          "z": 0.0
        },
        "rotation_quaternion": {
          "w": 0.9982673525810242,
          "x": -0.05635993182659149,
          "y": 0.014016681350767612,
          "z": -0.00946452934294939
        },
        "scale": {
          "x": 1.0,
          "y": 1.0,
          "z": 1.0
        },
        "matrix_basis": [
          [
            0.9994279146194458,
            0.01731630228459835,
            0.029051631689071655,
            0.0
          ],
          [
            -0.020476220175623894,
            0.9934679865837097,
            0.11225923895835876,
            0.0
          ],
          [
            -0.026917951181530952,
            -0.11278988420963287,
            0.9932541847229004,
            0.0
          ],
          [
            0.0,
            0.0,
            0.0,
            1.0
          ]
        ],
        "rotation_mode": "QUATERNION"
      },
      "armature_space": {
        "head": {
          "x": 0.5239547491073608,
          "y": -0.1557227075099945,
          "z": 0.1652495265007019
        },
        "tail": {
          "x": 0.5855953693389893,
          "y": -0.17910927534103394,
          "z": 0.08464673161506653
        }
      },
      "world_space": {
        "head": {
          "x": 0.5239547491073608,
          "y": -0.09247870743274689,
          "z": 1.1151034832000732
        },
        "tail": {
          "x": 0.5855953693389893,
          "y": -0.11586527526378632,
          "z": 1.0345007181167603
        },
        "rotation_quaternion": {
          "w": 0.2155987173318863,
          "x": 0.23071888089179993,
          "y": 0.5841435194015503,
          "z": -0.7477047443389893
        },
        "matrix": [
          [
            -0.8005720973014832,
            0.5919541120529175,
            -0.093136265873909,
            0.5239547491073608
          ],
          [
            -0.052865780889987946,
            -0.22458840906620026,
            -0.9730187654495239,
            -0.09247870743274689
          ],
          [
            -0.5969041585922241,
            -0.7740536332130432,
            0.21109378337860107,
            1.1151034832000732
          ],
          [
            0.0,
            0.0,
            0.0,
            1.0
          ]
        ]
      },
      "bone_length_armature_space": 0.10413120570809851,
      "parent": "lowerarm_l",
      "has_children": true,
      "is_end_bone": false
    },
    "pinky_01_l": {
      "name": "pinky_01_l",
      "local": {
        "location": {
          "x": 0.0,
          "y": 0.0,
          "z": 0.0
        },
        "rotation_quaternion": {
          "w": 0.9964497089385986,
          "x": -0.08353567868471146,
          "y": -0.009962605312466621,
          "z": -0.0032484582625329494
        },
        "scale": {
          "x": 1.0,
          "y": 1.0,
          "z": 1.0
        },
        "matrix_basis": [
          [
            0.9997804164886475,
            0.008138316683471203,
            -0.019311746582388878,
            0.0
          ],
          [
            -0.004809384699910879,
            0.9860224723815918,
            0.1665429323911667,
            0.0
          ],
          [
            0.020397193729877472,
            -0.16641348600387573,
            0.9858450889587402,
            0.0
          ],
          [
            0.0,
            0.0,
            0.0,
            1.0
          ]
        ],
        "rotation_mode": "QUATERNION"
      },
      "armature_space": {
        "head": {
          "x": 0.5855953693389893,
          "y": -0.17910927534103394,
          "z": 0.08464673161506653
        },
        "tail": {
