{
  "metadata": {
    "armature_name": "KIM_caucasian_male",
    "export_time": "2026-01-13T21:08:19.538692",
    "blender_version": "4.4.1",
    "bone_count": 56,
    "end_bone_count": 13,
    "spaces_included": [
      "LOCAL_CHANNELS",
      "ARMATURE_SPACE",
      "WORLD_SPACE"
    ],
    "note": "LOCAL matches Transform panel; replay pose via local.matrix_basis for best fidelity."
  },
  "bones": {
    "Root": {
      "name": "Root",
      "local": {
        "location": {
          "x": 0.0,
          "y": 0.0,
          "z": 0.0
        },
        "rotation_quaternion": {
          "w": 0.9998331069946289,
          "x": 0.016564927995204926,
          "y": -0.0003253161266911775,
          "z": 0.007706925738602877
        },
        "scale": {
          "x": 1.0,
          "y": 1.0,
          "z": 1.0
        },
        "matrix_basis": [
          [
            0.9998809695243835,
            -0.015422056429088116,
            -0.00039519433630630374,
            0.0
          ],
          [
            0.01540050096809864,
            0.9993324279785156,
            -0.03312934190034866,
            0.0
          ],
          [
            0.0009058529976755381,
            0.033119313418865204,
            0.9994509816169739,
            0.0
          ],
          [
            0.0,
            0.0,
            0.0,
            1.0
          ]
        ],
        "rotation_mode": "QUATERNION"
      },
      "armature_space": {
        "head": {
          "x": 0.0,
          "y": 0.07072800397872925,
          "z": -0.009595036506652832
        },
        "tail": {
          "x": -0.0011007626308128238,
          "y": -0.0002705678343772888,
          "z": -0.0023488849401474
        }
      },
      "world_space": {
        "head": {
          "x": 0.0,
          "y": 0.13397200405597687,
          "z": 0.9402589797973633
        },
        "tail": {
          "x": -0.0011007626308128238,
          "y": 0.06297343224287033,
          "z": 0.9475051164627075
        },
        "rotation_quaternion": {
          "w": 0.05082911252975464,
          "x": 0.9986776113510132,
          "y": -0.007711333688348532,
          "z": 0.00019462140335235745
        },
        "matrix": [
          [
            0.9998809695243835,
            -0.015422056429088116,
            -0.00039519433630630374,
            0.0
          ],
          [
            -0.015382486395537853,
            -0.9947139024734497,
            -0.10152725875377655,
            0.13397200405597687
          ],
          [
            0.0011726475786417723,
            0.10152103006839752,
            -0.9948397278785706,
            0.9402589797973633
          ],
          [
            0.0,
            0.0,
            0.0,
            1.0
          ]
        ]
      },
      "bone_length_armature_space": 0.0713758768423071,
      "parent": null,
      "has_children": true,
      "is_end_bone": false
    },
    "spine_01": {
      "name": "spine_01",
      "local": {
        "location": {
          "x": 0.0,
          "y": 0.0,
          "z": 0.0
        },
        "rotation_quaternion": {
          "w": 0.999622106552124,
          "x": -0.0036715222522616386,
          "y": -0.025630000978708267,
          "z": 0.009238185361027718
        },
        "scale": {
          "x": 1.0,
          "y": 1.0,
          "z": 1.0
        },
        "matrix_basis": [
          [
            0.9985155463218689,
            -0.018281185999512672,
            -0.051308467984199524,
            0.0
          ],
          [
            0.018657591193914413,
            0.9998023509979248,
            0.006866720039397478,
            0.0
          ],
          [
            0.05117279291152954,
            -0.007813818752765656,
            0.9986592531204224,
            0.0
          ],
          [
            0.0,
            0.0,
            0.0,
            1.0
          ]
        ],
        "rotation_mode": "QUATERNION"
      },
      "armature_space": {
        "head": {
          "x": -0.0011007626308128238,
          "y": -0.0002705678343772888,
          "z": -0.0023488849401474
        },
        "tail": {
          "x": -0.01043208222836256,
          "y": 0.01032903790473938,
          "z": 0.4854514002799988
        }
      },
      "world_space": {
        "head": {
          "x": -0.0011007626308128238,
          "y": 0.06297343224287033,
          "z": 0.9475051164627075
        },
        "tail": {
          "x": -0.01043208222836256,
          "y": 0.073573037981987,
          "z": 1.4353053569793701
        },
        "rotation_quaternion": {
          "w": 0.7140923142433167,
          "x": 0.6991907358169556,
          "y": -0.03053135983645916,
          "z": -0.01650555618107319
        },
        "matrix": [
          [
            0.9975908398628235,
            -0.019121509045362473,
            -0.06668536365032196,
            -0.0011007626308128238
          ],
          [
            -0.06626734137535095,
            0.02172044850885868,
            -0.9975655674934387,
            0.06297343224287033
          ],
          [
            0.020523477345705032,
            0.9995881915092468,
            0.02040022611618042,
            0.9475051164627075
          ],
          [
            0.0,
            0.0,
            0.0,
            1.0
          ]
        ]
      },
      "bone_length_armature_space": 0.48800467014620236,
      "parent": "Root",
      "has_children": true,
      "is_end_bone": false
    },
    "neck_01": {
      "name": "neck_01",
      "local": {
        "location": {
          "x": 0.0,
          "y": 0.0,
          "z": 0.0
        },
        "rotation_quaternion": {
          "w": 0.9951684474945068,
          "x": 0.03038189746439457,
          "y": -0.019724376499652863,
          "z": 0.09125610440969467
        },
        "scale": {
          "x": 1.0,
          "y": 1.0,
          "z": 1.0
        },
        "matrix_basis": [
          [
            0.9825665354728699,
            -0.18282891809940338,
            -0.03371308743953705,
            0.0
          ],
          [
            0.18043185770511627,
            0.9814985394477844,
            -0.06407015025615692,
            0.0
          ],
          [
            0.04480322077870369,
            0.056870270520448685,
            0.9973757863044739,
            0.0
          ],
          [
            0.0,
            0.0,
            0.0,
            1.0
          ]
        ],
        "rotation_mode": "QUATERNION"
      },
      "armature_space": {
        "head": {
          "x": -0.014144808053970337,
          "y": -0.022676639258861542,
          "z": 0.5593472123146057
        },
        "tail": {
          "x": -0.03749819099903107,
          "y": -0.06294425576925278,
          "z": 0.6506919860839844
        }
      },
      "world_space": {
        "head": {
          "x": -0.014144808053970337,
          "y": 0.04056736081838608,
          "z": 1.5092012882232666
        },
        "tail": {
          "x": -0.03749819099903107,
          "y": 0.00029974430799484253,
          "z": 1.6005460023880005
        },
        "rotation_quaternion": {
          "w": 0.5377464294433594,
          "x": 0.8341113924980164,
          "y": -0.12017518281936646,
          "z": 0.025394167751073837
        },
        "matrix": [
          [
            0.9698260426521301,
            -0.2277904748916626,
            -0.08688542991876602,
            -0.014144808053970337
          ],
          [
            -0.17316870391368866,
            -0.3927730321884155,
            -0.9031845927238464,
            0.04056736081838608
          ],
          [
            0.17161157727241516,
            0.8909833431243896,
            -0.4203713834285736,
            1.5092012882232666
          ],
          [
            0.0,
            0.0,
            0.0,
            1.0
          ]
        ]
      },
      "bone_length_armature_space": 0.10252184836897192,
      "parent": "spine_01",
      "has_children": true,
      "is_end_bone": false
    },
    "head": {
      "name": "head",
      "local": {
        "location": {
          "x": 0.0,
          "y": 0.0,
          "z": 0.0
        },
        "rotation_quaternion": {
          "w": 0.9899108409881592,
          "x": -0.0580635592341423,
          "y": 0.09982804954051971,
          "z": 0.08209547400474548
        },
        "scale": {
          "x": 1.0,
          "y": 1.0,
          "z": 1.0
        },
        "matrix_basis": [
          [
            0.9665893912315369,
            -0.17412714660167694,
            0.18810822069644928,
            0.0
          ],
          [
            0.1509416550397873,
            0.9797779321670532,
            0.13134635984897614,
            0.0
          ],
          [
            -0.20717525482177734,
            -0.09856463223695755,
            0.9733259677886963,
            0.0
          ],
          [
            0.0,
            0.0,
            0.0,
            1.0
          ]
        ],
        "rotation_mode": "QUATERNION"
      },
      "armature_space": {
        "head": {
          "x": -0.03749819099903107,
          "y": -0.06294436752796173,
          "z": 0.6506918668746948
        },
        "tail": {
          "x": -0.08872340619564056,
          "y": -0.04916924983263016,
          "z": 0.7964296340942383
        }
      },
      "world_space": {
        "head": {
          "x": -0.03749819099903107,
          "y": 0.00029963254928588867,
          "z": 1.600545883178711
        },
        "tail": {
          "x": -0.08872340619564056,
          "y": 0.014074750244617462,
          "z": 1.7462836503982544
        },
        "rotation_quaternion": {
          "w": 0.728974461555481,
          "x": 0.663726270198822,
          "y": -0.11404357850551605,
          "z": 0.12271043658256531
        },
        "matrix": [
          [
            0.9438724517822266,
            -0.3302929997444153,
            -0.003375619649887085,
            -0.03749819099903107
          ],
          [
            0.027520298957824707,
            0.08882001787424088,
            -0.9956676959991455,
            0.00029963254928588867
          ],
          [
            0.3291641175746918,
            0.9396969079971313,
            0.09292422980070114,
            1.600545883178711
          ],
          [
            0.0,
            0.0,
            0.0,
            1.0
          ]
        ]
      },
      "bone_length_armature_space": 0.15509117770649392,
      "parent": "neck_01",
      "has_children": false,
      "is_end_bone": true
    },
    "upperarm_l": {
      "name": "upperarm_l",
      "local": {
        "location": {
          "x": 0.0,
          "y": 0.0,
          "z": 0.0
        },
        "rotation_quaternion": {
          "w": 0.7473866939544678,
          "x": 0.32925382256507874,
          "y": 0.4677339792251587,
          "z": 0.33797937631607056
        },
        "scale": {
          "x": 1.0,
          "y": 1.0,
          "z": 1.0
        },
        "matrix_basis": [
          [
            0.3339897394180298,
            -0.19719617068767548,
            0.9217182993888855,
            0.0
          ],
          [
            0.8132089972496033,
            0.5547237396240234,
            -0.1759909689426422,
            0.0
          ],
          [
            -0.47659429907798767,
            0.8083287477493286,
            0.34563368558883667,
            0.0
          ],
          [
            0.0,
            0.0,
            0.0,
            1.0
          ]
        ],
        "rotation_mode": "QUATERNION"
      },
      "armature_space": {
        "head": {
          "x": 0.13656628131866455,
          "y": -0.03725788742303848,
          "z": 0.4953106939792633
        },
        "tail": {
          "x": 0.27928468585014343,
          "y": -0.25808149576187134,
          "z": 0.5470411777496338
        }
      },
      "world_space": {
        "head": {
          "x": 0.13656628131866455,
          "y": 0.025986112654209137,
          "z": 1.445164680480957
        },
        "tail": {
          "x": 0.27928468585014343,
          "y": -0.19483749568462372,
          "z": 1.49689519405365
        },
        "rotation_quaternion": {
          "w": 0.14029228687286377,
          "x": 0.9449858069419861,
          "y": 0.2613171935081482,
          "z": -0.13796159625053406
        },
        "matrix": [
          [
            0.8253599405288696,
            0.5325921177864075,
            -0.18742138147354126,
            0.13656628131866455
          ],
          [
            0.4551723003387451,
            -0.8240626454353333,
            -0.3372526168823242,
            0.025986112654209137
          ],
          [
            -0.33406689763069153,
            0.19304633140563965,
            -0.9225759506225586,
            1.445164680480957
          ],
          [
            0.0,
            0.0,
            0.0,
            1.0
          ]
        ]
      },
      "bone_length_armature_space": 0.2679695052401796,
      "parent": "spine_01",
      "has_children": true,
      "is_end_bone": false
    },
    "lowerarm_l": {
      "name": "lowerarm_l",
      "local": {
        "location": {
          "x": 0.0,
          "y": 0.0,
          "z": 0.0
        },
        "rotation_quaternion": {
          "w": 0.9705932140350342,
          "x": 0.15752896666526794,
          "y": -0.03859632462263107,
          "z": 0.17788715660572052
        },
        "scale": {
          "x": 1.0,
          "y": 1.0,
          "z": 1.0
        },
        "matrix_basis": [
          [
            0.9337329864501953,
            -0.3574722111225128,
            -0.018877901136875153,
            0.0
          ],
          [
            0.33315205574035645,
            0.8870815634727478,
            -0.3195246756076813,
            0.0
          ],
          [
            0.1309674233198166,
            0.2920615077018738,
            0.9473899006843567,
            0.0
          ],
          [
            0.0,
            0.0,
            0.0,
            1.0
          ]
        ],
        "rotation_mode": "QUATERNION"
      },
      "armature_space": {
        "head": {
          "x": 0.27928459644317627,
          "y": -0.2580816447734833,
          "z": 0.5470411777496338
        },
        "tail": {
          "x": 0.27893128991127014,
          "y": -0.5256058573722839,
          "z": 0.5468761920928955
        }
      },
      "world_space": {
        "head": {
          "x": 0.27928459644317627,
          "y": -0.19483764469623566,
          "z": 1.49689519405365
        },
        "tail": {
          "x": 0.27893128991127014,
          "y": -0.4623618721961975,
          "z": 1.4967302083969116
        },
        "rotation_quaternion": {
          "w": 0.000469200371298939,
          "x": -0.9655860662460327,
          "y": 0.0005575203103944659,
          "z": 0.2600826919078827
        },
        "matrix": [
          [
            0.8647134304046631,
            -0.001320675015449524,
            -0.5022639036178589,
            0.27928459644317627
          ],
          [
            -0.0008326619863510132,
            -0.9999990463256836,
            0.0011956095695495605,
            -0.19483764469623566
          ],
          [
            -0.5022684335708618,
            -0.000616610050201416,
            -0.864719569683075,
            1.49689519405365
          ],
          [
            0.0,
            0.0,
            0.0,
            1.0
          ]
        ]
      },
      "bone_length_armature_space": 0.2675244967778014,
      "parent": "upperarm_l",
      "has_children": true,
      "is_end_bone": false
    },
    "metacarpal_thumb_l": {
      "name": "metacarpal_thumb_l",
      "local": {
        "location": {
          "x": 0.0,
          "y": 0.0,
          "z": 0.0
        },
        "rotation_quaternion": {
          "w": 0.9999493956565857,
          "x": 0.0077166808769106865,
          "y": 0.005153237376362085,
          "z": -0.0038947886787354946
        },
        "scale": {
          "x": 1.0,
          "y": 1.0,
          "z": 1.0
        },
        "matrix_basis": [
          [
            0.9999165534973145,
            0.00786871463060379,
            0.010245843790471554,
            0.0
          ],
          [
            -0.007709651254117489,
            0.9998505711555481,
            -0.015472722239792347,
            0.0
          ],
          [
            -0.010366062633693218,
            0.015392439439892769,
            0.9998278021812439,
            0.0
          ],
          [
            0.0,
            0.0,
            0.0,
            1.0
          ]
        ],
        "rotation_mode": "QUATERNION"
      },
      "armature_space": {
        "head": {
          "x": 0.27893128991127014,
          "y": -0.5256058573722839,
          "z": 0.5468761920928955
        },
        "tail": {
          "x": 0.27291494607925415,
          "y": -0.5646929740905762,
          "z": 0.51705002784729
        }
      },
      "world_space": {
        "head": {
          "x": 0.27893128991127014,
          "y": -0.4623618721961975,
          "z": 1.4967302083969116
        },
        "tail": {
          "x": 0.27291494607925415,
          "y": -0.5014489889144897,
          "z": 1.4669040441513062
        },
        "rotation_quaternion": {
          "w": 0.2431013286113739,
          "x": -0.8180651068687439,
          "y": 0.21529316902160645,
          "z": -0.47467896342277527
        },
        "matrix": [
          [
            0.45665767788887024,
            -0.12145965546369553,
            0.8813123106956482,
            0.27893128991127014
          ],
          [
            -0.5830378532409668,
            -0.7891016006469727,
            0.19335351884365082,
            -0.4623618721961975
          ],
          [
            0.6719643473625183,
            -0.6021395921707153,
            -0.43116772174835205,
            1.4967302083969116
          ],
          [
            0.0,
            0.0,
            0.0,
            1.0
          ]
        ]
      },
      "bone_length_armature_space": 0.04953381817846026,
      "parent": "lowerarm_l",
      "has_children": true,
      "is_end_bone": false
    },
    "thumb_01_l": {
      "name": "thumb_01_l",
      "local": {
        "location": {
          "x": 0.0,
          "y": 0.0,
          "z": 0.0
        },
        "rotation_quaternion": {
          "w": 0.9819638729095459,
          "x": 0.18792441487312317,
          "y": 0.018489867448806763,
          "z": -0.009469167329370975
        },
        "scale": {
          "x": 1.0,
          "y": 1.0,
          "z": 1.0
        },
        "matrix_basis": [
          [
            0.9991369247436523,
            0.025546155869960785,
            0.03275378793478012,
            0.0
          ],
          [
            -0.011647365055978298,
            0.9291895031929016,
            -0.3694201409816742,
            0.0
          ],
          [
            -0.039871737360954285,
            0.36871981620788574,
            0.9286850690841675,
            0.0
          ],
          [
            0.0,
            0.0,
            0.0,
            1.0
          ]
        ],
        "rotation_mode": "QUATERNION"
      },
      "armature_space": {
        "head": {
          "x": 0.27291494607925415,
          "y": -0.5646929740905762,
          "z": 0.51705002784729
        },
        "tail": {
          "x": 0.29523563385009766,
          "y": -0.5829034447669983,
          "z": 0.49891728162765503
        }
      },
      "world_space": {
        "head": {
          "x": 0.27291494607925415,
          "y": -0.5014489889144897,
          "z": 1.4669040441513062
        },
        "tail": {
          "x": 0.29523563385009766,
          "y": -0.5196594595909119,
          "z": 1.4487712383270264
        },
        "rotation_quaternion": {
          "w": 0.38308218121528625,
          "x": -0.025907089933753014,
          "y": 0.2928321063518524,
          "z": -0.8756861686706543
        },
        "matrix": [
          [
            -0.7051529884338379,
            0.6557468771934509,
            0.26973193883895874,
            0.27291494607925415
          ],
          [
            -0.6860935091972351,
            -0.5349944829940796,
            -0.49300774931907654,
            -0.5014489889144897
          ],
          [
            -0.17898494005203247,
            -0.5327114462852478,
            0.8271618485450745,
            1.4669040441513062
          ],
          [
            0.0,
            0.0,
            0.0,
            1.0
          ]
        ]
      },
      "bone_length_armature_space": 0.03403866661089773,
      "parent": "metacarpal_thumb_l",
      "has_children": true,
      "is_end_bone": false
    },
    "thumb_02_l": {
      "name": "thumb_02_l",
      "local": {
        "location": {
          "x": 0.0,
          "y": 0.0,
          "z": 0.0
        },
        "rotation_quaternion": {
          "w": 0.9278236031532288,
          "x": 0.3728252947330475,
          "y": 0.00033723333035595715,
          "z": 0.012028890661895275
        },
        "scale": {
          "x": 1.0,
          "y": 1.0,
          "z": 1.0
        },
        "matrix_basis": [
          [
            0.9997103810310364,
            -0.022069919854402542,
            0.009595135226845741,
            0.0
          ],
          [
            0.02257283590734005,
            0.7217131853103638,
            -0.6918240785598755,
            0.0
          ],
          [
            0.008343563415110111,
            0.6918403506278992,
            0.722002387046814,
            0.0
          ],
          [
            0.0,
            0.0,
            0.0,
            1.0
          ]
        ],
        "rotation_mode": "QUATERNION"
      },
      "armature_space": {
        "head": {
          "x": 0.29523566365242004,
          "y": -0.5829033851623535,
          "z": 0.49891725182533264
        },
        "tail": {
          "x": 0.27905046939849854,
          "y": -0.6095961928367615,
          "z": 0.5241901874542236
        }
      },
      "world_space": {
        "head": {
          "x": 0.29523566365242004,
          "y": -0.5196593999862671,
          "z": 1.4487712383270264
        },
        "tail": {
          "x": 0.27905046939849854,
          "y": -0.546352207660675,
          "z": 1.4740442037582397
        },
        "rotation_quaternion": {
          "w": 0.07985789328813553,
          "x": -0.3327499330043793,
          "y": 0.40165719389915466,
          "z": 0.8494538068771362
        },
        "matrix": [
          [
            -0.7658008933067322,
            -0.40297389030456543,
            -0.5011597275733948,
            0.29523566365242004
          ],
          [
            -0.1316307932138443,
            -0.6645888090133667,
            0.7355237603187561,
            -0.5196593999862671
          ],
          [
            -0.6294662952423096,
            0.6292365789413452,
            0.4559028446674347,
            1.4487712383270264
          ],
          [
            0.0,
            0.0,
            0.0,
            1.0
          ]
        ]
      },
      "bone_length_armature_space": 0.04016450930086524,
      "parent": "thumb_01_l",
      "has_children": true,
      "is_end_bone": false
    },
    "thumb_03_l": {
      "name": "thumb_03_l",
      "local": {
        "location": {
          "x": 0.0,
          "y": 0.0,
          "z": 0.0
        },
        "rotation_quaternion": {
          "w": 0.9846912622451782,
          "x": 0.17404119670391083,
          "y": -0.008539699949324131,
          "z": 0.004475915338844061
        },
        "scale": {
          "x": 1.0,
          "y": 1.0,
          "z": 1.0
        },
        "matrix_basis": [
          [
            0.9998140931129456,
            -0.011787308380007744,
            -0.015259948559105396,
            0.0
          ],
          [
            0.005842270329594612,
            0.9393792748451233,
            -0.3428301513195038,
            0.0
          ],
          [
            0.018375923857092857,
            0.3426772356033325,
            0.939273476600647,
            0.0
          ],
          [
            0.0,
            0.0,
            0.0,
            1.0
          ]
        ],
        "rotation_mode": "QUATERNION"
      },
      "armature_space": {
        "head": {
          "x": 0.27905046939849854,
          "y": -0.6095962524414062,
          "z": 0.5241900682449341
        },
        "tail": {
          "x": 0.26099205017089844,
          "y": -0.613419771194458,
          "z": 0.5484010577201843
        }
      },
      "world_space": {
        "head": {
          "x": 0.27905046939849854,
          "y": -0.5463522672653198,
          "z": 1.4740440845489502
        },
        "tail": {
          "x": 0.26099205017089844,
          "y": -0.5501757860183716,
          "z": 1.4982550144195557
        },
        "rotation_quaternion": {
          "w": 0.029135333374142647,
          "x": -0.4215978980064392,
          "y": 0.6605734825134277,
          "z": 0.6205233335494995
        },
        "matrix": [
          [
            -0.6428106427192688,
            -0.5931513905525208,
            -0.4847330152988434,
            0.27905046939849854
          ],
          [
            -0.520837664604187,
            -0.125588059425354,
            0.8443672060966492,
            -0.5463522672653198
          ],
          [
            -0.5617184042930603,
            0.7952408194541931,
            -0.22820687294006348,
            1.4740440845489502
          ],
          [
            0.0,
            0.0,
            0.0,
            1.0
          ]
        ]
      },
      "bone_length_armature_space": 0.030444995963359187,
      "parent": "thumb_02_l",
      "has_children": false,
      "is_end_bone": true
    },
    "metacarpal_index_l": {
      "name": "metacarpal_index_l",
      "local": {
        "location": {
          "x": 0.0,
          "y": 0.0,
          "z": 0.0
        },
        "rotation_quaternion": {
          "w": 0.9992963671684265,
          "x": -0.028349708765745163,
          "y": -0.023842953145503998,
          "z": 0.005881463643163443
        },
        "scale": {
          "x": 1.0,
          "y": 1.0,
          "z": 1.0
        },
        "matrix_basis": [
          [
            0.9987938404083252,
            -0.010402768850326538,
            -0.047985829412937164,
            0.0
          ],
          [
            0.013106532394886017,
            0.998323380947113,
            0.056379057466983795,
            0.0
          ],
          [
            0.047318875789642334,
            -0.0569399856030941,
            0.9972556233406067,
            0.0
          ],
          [
            0.0,
            0.0,
            0.0,
            1.0
          ]
        ],
        "rotation_mode": "QUATERNION"
      },
      "armature_space": {
        "head": {
          "x": 0.27893128991127014,
          "y": -0.5256058573722839,
          "z": 0.5468761920928955
        },
        "tail": {
          "x": 0.2620183229446411,
          "y": -0.6379899382591248,
          "z": 0.5183629393577576
        }
      },
      "world_space": {
        "head": {
          "x": 0.27893128991127014,
          "y": -0.4623618721961975,
          "z": 1.4967302083969116
        },
        "tail": {
          "x": 0.2620183229446411,
          "y": -0.5747459530830383,
          "z": 1.468216896057129
        },
        "rotation_quaternion": {
          "w": 0.10728949308395386,
          "x": -0.9725849628448486,
          "y": 0.09444129467010498,
          "z": -0.18343470990657806
        },
        "matrix": [
          [
            0.9148651361465454,
            -0.14434346556663513,
            0.3770769536495209,
            0.27893128991127014
          ],
          [
            -0.2230655550956726,
            -0.9591397643089294,
            0.17404791712760925,
            -0.4623618721961975
          ],
          [
            0.3365488052368164,
            -0.24334581196308136,
            -0.9096876382827759,
            1.4967302083969116
          ],
          [
            0.0,
            0.0,
            0.0,
            1.0
          ]
        ]
      },
      "bone_length_armature_space": 0.11717182019755805,
      "parent": "lowerarm_l",
      "has_children": true,
      "is_end_bone": false
    },
    "index_01_l": {
      "name": "index_01_l",
      "local": {
        "location": {
          "x": 0.0,
          "y": 0.0,
          "z": 0.0
        },
        "rotation_quaternion": {
          "w": 0.9696260690689087,
          "x": 0.24365463852882385,
          "y": -0.007570234127342701,
          "z": -0.02001498080790043
        },
        "scale": {
          "x": 1.0,
          "y": 1.0,
          "z": 1.0
        },
        "matrix_basis": [
          [
            0.9990841746330261,
            0.03512505069375038,
            -0.024434078484773636,
            0.0
          ],
          [
            -0.04250314086675644,
            0.8804636597633362,
            -0.4722047448158264,
            0.0
          ],
          [
            0.0049271066673099995,
            0.4728108048439026,
            0.8811502456665039,
            0.0
          ],
          [
            0.0,
            0.0,
            0.0,
            1.0
          ]
        ],
        "rotation_mode": "QUATERNION"
      },
      "armature_space": {
        "head": {
          "x": 0.2620183229446411,
          "y": -0.6379899382591248,
          "z": 0.5183629393577576
        },
        "tail": {
          "x": 0.2716926336288452,
          "y": -0.6621665954589844,
          "z": 0.5067453384399414
        }
      },
      "world_space": {
        "head": {
          "x": 0.2620183229446411,
          "y": -0.5747459530830383,
          "z": 1.468216896057129
        },
        "tail": {
          "x": 0.2716926336288452,
          "y": -0.598922610282898,
          "z": 1.4565993547439575
        },
        "rotation_quaternion": {
          "w": 0.24124379456043243,
          "x": -0.9441978335380554,
          "y": -0.13365408778190613,
          "z": -0.18007934093475342
        },
        "matrix": [
          [
            0.8994163274765015,
            0.3392779231071472,
            0.27557408809661865,
            0.2620183229446411
          ],
          [
            0.16550637781620026,
            -0.8478761911392212,
            0.5036999583244324,
            -0.5747459530830383
          ],
          [
            0.40454980731010437,
            -0.4074302911758423,
            -0.8187513947486877,
            1.468216896057129
          ],
          [
            0.0,
            0.0,
            0.0,
            1.0
          ]
        ]
      },
      "bone_length_armature_space": 0.028514411693065622,
      "parent": "metacarpal_index_l",
      "has_children": true,
      "is_end_bone": false
    },
    "index_02_l": {
      "name": "index_02_l",
      "local": {
        "location": {
          "x": 0.0,
          "y": 0.0,
          "z": 0.0
        },
        "rotation_quaternion": {
          "w": 0.9125112295150757,
          "x": 0.40898367762565613,
          "y": -0.001438729465007782,
          "z": -0.0073210871778428555
        },
        "scale": {
          "x": 1.0,
          "y": 1.0,
          "z": 1.0
        },
        "matrix_basis": [
          [
            0.9998886585235596,
            0.01218431442975998,
            -0.008614123798906803,
            0.0
          ],
          [
            -0.014537982642650604,
            0.6653575301170349,
            -0.7463833093643188,
            0.0
          ],
          [
            -0.0033626966178417206,
            0.746425449848175,
            0.6654605865478516,
            0.0
          ],
          [
            0.0,
            0.0,
            0.0,
            1.0
          ]
        ],
        "rotation_mode": "QUATERNION"
      },
      "armature_space": {
        "head": {
          "x": 0.2716926336288452,
          "y": -0.6621667742729187,
          "z": 0.5067448019981384
        },
        "tail": {
          "x": 0.28245750069618225,
          "y": -0.6679431796073914,
          "z": 0.48418712615966797
        }
      },
      "world_space": {
        "head": {
          "x": 0.2716926336288452,
          "y": -0.5989227890968323,
          "z": 1.4565987586975098
        },
        "tail": {
          "x": 0.28245750069618225,
          "y": -0.6046991944313049,
          "z": 1.434041142463684
        },
        "rotation_quaternion": {
          "w": 0.5860266089439392,
          "x": -0.7786445021629333,
          "y": -0.20973148941993713,
          "z": -0.0793624147772789
        },
        "matrix": [
          [
            0.8994283676147461,
            0.4196298122406006,
            -0.12222807109355927,
            0.2716926336288452
          ],
          [
            0.23359788954257965,
            -0.22517159581184387,
            0.94590163230896,
            -0.5989227890968323
          ],
          [
            0.36940884590148926,
            -0.8793292045593262,
            -0.30055153369903564,
            1.4565987586975098
          ],
          [
            0.0,
            0.0,
            0.0,
            1.0
          ]
        ]
      },
      "bone_length_armature_space": 0.025653420342072786,
      "parent": "index_01_l",
      "has_children": true,
      "is_end_bone": false
    },
    "index_03_l": {
      "name": "index_03_l",
      "local": {
        "location": {
          "x": 0.0,
          "y": 0.0,
          "z": 0.0
        },
        "rotation_quaternion": {
          "w": 0.96926349401474,
          "x": 0.24599029123783112,
          "y": -0.004099347162991762,
          "z": 0.0006182443466968834
        },
        "scale": {
          "x": 1.0,
          "y": 1.0,
          "z": 1.0
        },
        "matrix_basis": [
          [
            0.9999656081199646,
            -0.0032152824569493532,
            -0.007642530836164951,
            0.0
          ],
          [
            -0.0008183158352039754,
            0.8789767622947693,
            -0.47686389088630676,
            0.0
          ],
          [
            0.008250859566032887,
            0.47685375809669495,
            0.878943920135498,
            0.0
          ],
          [
            0.0,
            0.0,
            0.0,
            1.0
          ]
        ],
        "rotation_mode": "QUATERNION"
      },
      "armature_space": {
        "head": {
          "x": 0.28245750069618225,
          "y": -0.6679432988166809,
          "z": 0.48418718576431274
        },
        "tail": {
          "x": 0.2934839427471161,
          "y": -0.6574083566665649,
          "z": 0.4592638611793518
        }
      },
      "world_space": {
        "head": {
          "x": 0.28245750069618225,
          "y": -0.6046993136405945,
          "z": 1.4340412616729736
        },
        "tail": {
          "x": 0.2934839427471161,
          "y": -0.5941643714904785,
          "z": 1.4091179370880127
        },
        "rotation_quaternion": {
          "w": 0.7855156660079956,
          "x": -0.5622248649597168,
          "y": -0.25148093700408936,
          "z": -0.06021449714899063
        },
        "matrix": [
          [
            0.866263747215271,
            0.3773764669895172,
            -0.32737472653388977,
            0.28245750069618225
          ],
          [
            0.18817709386348724,
            0.3605552911758423,
            0.9135586023330688,
            -0.6046993136405945
          ],
          [
            0.4627954363822937,
            -0.8529927134513855,
            0.24132491648197174,
            1.4340412616729736
          ],
          [
            0.0,
            0.0,
            0.0,
            1.0
          ]
        ]
      },
      "bone_length_armature_space": 0.02921882205778304,
      "parent": "index_02_l",
      "has_children": false,
      "is_end_bone": true
    },
    "metacarpal_pinky_l": {
      "name": "metacarpal_pinky_l",
      "local": {
        "location": {
          "x": 0.0,
          "y": 0.0,
          "z": 0.0
        },
        "rotation_quaternion": {
          "w": 0.9988923072814941,
          "x": -0.04662109538912773,
          "y": -0.0009589965920895338,
          "z": 0.006307113915681839
        },
        "scale": {
          "x": 1.0,
          "y": 1.0,
          "z": 1.0
        },
        "matrix_basis": [
          [
            0.9999185800552368,
            -0.012510836124420166,
            -0.0025039578322321177,
            0.0
          ],
          [
            0.012689674273133278,
            0.9955734014511108,
            0.0931268110871315,
            0.0
          ],
          [
            0.0013277794932946563,
            -0.09315100312232971,
            0.995651125907898,
            0.0
          ],
          [
            0.0,
            0.0,
            0.0,
            1.0
          ]
        ],
        "rotation_mode": "QUATERNION"
      },
      "armature_space": {
        "head": {
          "x": 0.27893128991127014,
          "y": -0.5256058573722839,
          "z": 0.5468761920928955
        },
        "tail": {
          "x": 0.30470970273017883,
          "y": -0.6232104301452637,
          "z": 0.5724114179611206
        }
      },
      "world_space": {
        "head": {
          "x": 0.27893128991127014,
          "y": -0.4623618721961975,
          "z": 1.4967302083969116
        },
        "tail": {
          "x": 0.30470970273017883,
          "y": -0.5599664449691772,
          "z": 1.5222654342651367
        },
        "rotation_quaternion": {
          "w": 0.1755131334066391,
          "x": 0.5956604480743408,
          "y": -0.023056527599692345,
          "z": -0.7834872007369995
        },
        "matrix": [
          [
            -0.22876757383346558,
            0.24755805730819702,
            -0.94147789478302,
            0.27893128991127014
          ],
          [
            -0.30249303579330444,
            -0.9373267292976379,
            -0.17296463251113892,
            -0.4623618721961975
          ],
          [
            -0.925297737121582,
            0.2452225685119629,
            0.2893163561820984,
            1.4967302083969116
          ],
          [
            0.0,
            0.0,
            0.0,
            1.0
          ]
        ]
      },
      "bone_length_armature_space": 0.10413081469817045,
      "parent": "lowerarm_l",
      "has_children": true,
      "is_end_bone": false
    },
    "pinky_01_l": {
      "name": "pinky_01_l",
      "local": {
        "location": {
          "x": 0.0,
          "y": 0.0,
          "z": 0.0
        },
        "rotation_quaternion": {
          "w": 0.9468082189559937,
          "x": 0.32139596343040466,
          "y": 0.008007222786545753,
          "z": 0.013961288146674633
        },
        "scale": {
          "x": 1.0,
          "y": 1.0,
          "z": 1.0
        },
        "matrix_basis": [
          [
            0.9994819164276123,
            -0.02129034698009491,
            0.02413681149482727,
            0.0
          ],
          [
            0.031584303826093674,
            0.7930194139480591,
            -0.6083770990371704,
            0.0
          ],
          [
            -0.0061884052120149136,
            0.6088242530822754,
            0.7932810187339783,
            0.0
          ],
          [
            0.0,
            0.0,
            0.0,
            1.0
          ]
        ],
        "rotation_mode": "QUATERNION"
      },
      "armature_space": {
        "head": {
          "x": 0.30470970273017883,
          "y": -0.6232104301452637,
