{
  "metadata": {
    "armature_name": "KIM_caucasian_male",
    "export_time": "2026-01-13T21:02:48.291085",
    "blender_version": "4.4.1",
    "bone_count": 56,
    "end_bone_count": 13,
    "spaces_included": [
      "LOCAL_CHANNELS",
      "ARMATURE_SPACE",
      "WORLD_SPACE"
    ],
    "note": "LOCAL matches Transform panel; replay pose via local.matrix_basis for best fidelity."
  },
  "bones": {
    "Root": {
      "name": "Root",
      "local": {
        "location": {
          "x": 0.0,
          "y": 0.0,
          "z": 0.0
        },
        "rotation_quaternion": {
          "w": 0.9995309114456177,
          "x": 0.013157772831618786,
          "y": -0.012781178578734398,
          "z": 0.024524470791220665
        },
        "scale": {
          "x": 1.0,
          "y": 1.0,
          "z": 1.0
        },
        "matrix_basis": [
          [
            0.9984703660011292,
            -0.04936227574944496,
            -0.024904990568757057,
            0.0
          ],
          [
            0.0486895889043808,
            0.9984508752822876,
            -0.026930104941129684,
            0.0
          ],
          [
            0.026195740327239037,
            0.025676298886537552,
            0.9993270039558411,
            0.0
          ],
          [
            0.0,
            0.0,
            0.0,
            1.0
          ]
        ],
        "rotation_mode": "QUATERNION"
      },
      "armature_space": {
        "head": {
          "x": 0.0,
          "y": 0.07072800397872925,
          "z": -0.009595036506652832
        },
        "tail": {
          "x": -0.0035232752561569214,
          "y": -0.0001368001103401184,
          "z": -0.0018309098668396473
        }
      },
      "world_space": {
        "head": {
          "x": 0.0,
          "y": 0.13397200405597687,
          "z": 0.9402589797973633
        },
        "tail": {
          "x": -0.0035232752561569214,
          "y": 0.0631071999669075,
          "z": 0.9480230808258057
        },
        "rotation_quaternion": {
          "w": 0.0542081780731678,
          "x": 0.998146653175354,
          "y": -0.025329798460006714,
          "z": -0.0110999820753932
        },
        "matrix": [
          [
            0.9984703660011292,
            -0.04936227574944496,
            -0.024904990568757057,
            0.0
          ],
          [
            -0.05176912993192673,
            -0.9928397536277771,
            -0.10765356570482254,
            0.13397200405597687
          ],
          [
            -0.019412823021411896,
            0.10877802968025208,
            -0.993883490562439,
            0.9402589797973633
          ],
          [
            0.0,
            0.0,
            0.0,
            1.0
          ]
        ]
      },
      "bone_length_armature_space": 0.07137587436073904,
      "parent": null,
      "has_children": true,
      "is_end_bone": false
    },
    "spine_01": {
      "name": "spine_01",
      "local": {
        "location": {
          "x": 0.0,
          "y": 0.0,
          "z": 0.0
        },
        "rotation_quaternion": {
          "w": 0.9946966171264648,
          "x": 0.07659576088190079,
          "y": 0.02578720636665821,
          "z": -0.06361379474401474
        },
        "scale": {
          "x": 1.0,
          "y": 1.0,
          "z": 1.0
        },
        "matrix_basis": [
          [
            0.9905766248703003,
            0.13050323724746704,
            0.041555799543857574,
            0.0
          ],
          [
            -0.12260247021913528,
            0.9801727533340454,
            -0.15565992891788483,
            0.0
          ],
          [
            -0.06104598939418793,
            0.1490982472896576,
            0.9869362115859985,
            0.0
          ],
          [
            0.0,
            0.0,
            0.0,
            1.0
          ]
        ],
        "rotation_mode": "QUATERNION"
      },
      "armature_space": {
        "head": {
          "x": -0.0035232752561569214,
          "y": -0.0001368001103401184,
          "z": -0.0018309098668396473
        },
        "tail": {
          "x": 0.06611741334199905,
          "y": -0.06656456738710403,
          "z": 0.47658929228782654
        }
      },
      "world_space": {
        "head": {
          "x": -0.0035232752561569214,
          "y": 0.0631071999669075,
          "z": 0.9480230808258057
        },
        "tail": {
          "x": 0.06611741334199905,
          "y": -0.003320567309856415,
          "z": 1.426443338394165
        },
        "rotation_quaternion": {
          "w": 0.6553271412849426,
          "x": 0.7519243359565735,
          "y": 0.04985087364912033,
          "z": -0.05168238654732704
        },
        "matrix": [
          [
            0.9896876811981201,
            0.1427059769630432,
            -0.012384314090013504,
            -0.0035232752561569214
          ],
          [
            0.007231306284666061,
            -0.13612213730812073,
            -0.9906657338142395,
            0.0631071999669075
          ],
          [
            -0.14306068420410156,
            0.9803667664527893,
            -0.13575217127799988,
            0.9480230808258057
          ],
          [
            0.0,
            0.0,
            0.0,
            1.0
          ]
        ]
      },
      "bone_length_armature_space": 0.4880044701039706,
      "parent": "Root",
      "has_children": true,
      "is_end_bone": false
    },
    "neck_01": {
      "name": "neck_01",
      "local": {
        "location": {
          "x": 0.0,
          "y": 0.0,
          "z": 0.0
        },
        "rotation_quaternion": {
          "w": 0.9920046925544739,
          "x": -0.040923722088336945,
          "y": 0.10549446195363998,
          "z": -0.055882882326841354
        },
        "scale": {
          "x": 1.0,
          "y": 1.0,
          "z": 1.0
        },
        "matrix_basis": [
          [
            0.971496045589447,
            0.10223770886659622,
            0.213875874876976,
            0.0
          ],
          [
            -0.11950661242008209,
            0.9904047250747681,
            0.06940238177776337,
            0.0
          ],
          [
            -0.2047281265258789,
            -0.09298371523618698,
            0.9743923544883728,
            0.0
          ],
          [
            0.0,
            0.0,
            0.0,
            1.0
          ]
        ],
        "rotation_mode": "QUATERNION"
      },
      "armature_space": {
        "head": {
          "x": 0.07613663375377655,
          "y": -0.11088794469833374,
          "z": 0.5436622500419617
        },
        "tail": {
          "x": 0.10007729381322861,
          "y": -0.15358446538448334,
          "z": 0.6337432265281677
        }
      },
      "world_space": {
        "head": {
          "x": 0.07613663375377655,
          "y": -0.04764394462108612,
          "z": 1.493516206741333
        },
        "tail": {
          "x": 0.10007729381322861,
          "y": -0.09034046530723572,
          "z": 1.583597183227539
        },
        "rotation_quaternion": {
          "w": 0.521307110786438,
          "x": 0.8415542840957642,
          "y": 0.14144353568553925,
          "z": 0.004360468592494726
        },
        "matrix": [
          [
            0.959949254989624,
            0.2335187941789627,
            0.15481114387512207,
            0.07613663375377655
          ],
          [
            0.2426120638847351,
            -0.4164647161960602,
            -0.8761831521987915,
            -0.04764394462108612
          ],
          [
            -0.1401325762271881,
            0.8786559104919434,
            -0.4564433991909027,
            1.493516206741333
          ],
          [
            0.0,
            0.0,
            0.0,
            1.0
          ]
        ]
      },
      "bone_length_armature_space": 0.10252185149164417,
      "parent": "spine_01",
      "has_children": true,
      "is_end_bone": false
    },
    "head": {
      "name": "head",
      "local": {
        "location": {
          "x": 0.0,
          "y": 0.0,
          "z": 0.0
        },
        "rotation_quaternion": {
          "w": 0.9882826805114746,
          "x": 0.042946215718984604,
          "y": -0.06475157290697098,
          "z": 0.13137832283973694
        },
        "scale": {
          "x": 1.0,
          "y": 1.0,
          "z": 1.0
        },
        "matrix_basis": [
          [
            0.9570939540863037,
            -0.26523950695991516,
            -0.11670131236314774,
            0.0
          ],
          [
            0.2541161775588989,
            0.9617907404899597,
            -0.10189990699291229,
            0.0
          ],
          [
            0.1392701268196106,
            0.06787209957838058,
            0.9879257082939148,
            0.0
          ],
          [
            0.0,
            0.0,
            0.0,
            1.0
          ]
        ],
        "rotation_mode": "QUATERNION"
      },
      "armature_space": {
        "head": {
          "x": 0.1000773012638092,
          "y": -0.1535845696926117,
          "z": 0.6337431073188782
        },
        "tail": {
          "x": 0.08697281032800674,
          "y": -0.18433135747909546,
          "z": 0.7851901054382324
        }
      },
      "world_space": {
        "head": {
          "x": 0.1000773012638092,
          "y": -0.09034056961536407,
          "z": 1.583597183227539
        },
        "tail": {
          "x": 0.08697281032800674,
          "y": -0.12108735740184784,
          "z": 1.7350441217422485
        },
        "rotation_quaternion": {
          "w": 0.6331408023834229,
          "x": 0.7714236378669739,
          "y": -0.0026551682967692614,
          "z": 0.06349252164363861
        },
        "matrix": [
          [
            0.991923451423645,
            -0.08449593186378479,
            0.0945964902639389,
            0.1000773012638092
          ],
          [
            0.07630234956741333,
            -0.19825099408626556,
            -0.9771769642829895,
            -0.09034056961536407
          ],
          [
            0.10132212191820145,
            0.976509153842926,
            -0.19020475447177887,
            1.583597183227539
          ],
          [
            0.0,
            0.0,
            0.0,
            1.0
          ]
        ]
      },
      "bone_length_armature_space": 0.15509121795875658,
      "parent": "neck_01",
      "has_children": false,
      "is_end_bone": true
    },
    "upperarm_l": {
      "name": "upperarm_l",
      "local": {
        "location": {
          "x": 0.0,
          "y": 0.0,
          "z": 0.0
        },
        "rotation_quaternion": {
          "w": 0.8680225014686584,
          "x": 0.19137459993362427,
          "y": 0.37936702370643616,
          "z": 0.2568921148777008
        },
        "scale": {
          "x": 1.0,
          "y": 1.0,
          "z": 1.0
        },
        "matrix_basis": [
          [
            0.5801742076873779,
            -0.30077385902404785,
            0.756923496723175,
            0.0
          ],
          [
            0.5911787152290344,
            0.7947643995285034,
            -0.13732212781906128,
            0.0
          ],
          [
            -0.5602729916572571,
            0.5271477103233337,
            0.6389128565788269,
            0.0
          ],
          [
            0.0,
            0.0,
            0.0,
            1.0
          ]
        ],
        "rotation_mode": "QUATERNION"
      },
      "armature_space": {
        "head": {
          "x": 0.21495935320854187,
          "y": -0.10381415486335754,
          "z": 0.4558820128440857
        },
        "tail": {
          "x": 0.44140589237213135,
          "y": -0.24551963806152344,
          "z": 0.47707536816596985
        }
      },
      "world_space": {
        "head": {
          "x": 0.21495935320854187,
          "y": -0.040570154786109924,
          "z": 1.405735969543457
        },
        "tail": {
          "x": 0.44140589237213135,
          "y": -0.18227563798427582,
          "z": 1.4269293546676636
        },
        "rotation_quaternion": {
          "w": 0.17702075839042664,
          "x": 0.8402544260025024,
          "y": 0.4519480764865875,
          "z": -0.24161799252033234
        },
        "matrix": [
          [
            0.4747271239757538,
            0.8450461030006409,
            -0.24603140354156494,
            0.21495935320854187
          ],
          [
            0.6739601492881775,
            -0.5288121104240417,
            -0.5158835649490356,
            -0.040570154786109924
          ],
          [
            -0.5660529732704163,
            0.07908866554498672,
            -0.8205747604370117,
            1.405735969543457
          ],
          [
            0.0,
            0.0,
            0.0,
            1.0
          ]
        ]
      },
      "bone_length_armature_space": 0.2679694718972942,
      "parent": "spine_01",
      "has_children": true,
      "is_end_bone": false
    },
    "lowerarm_l": {
      "name": "lowerarm_l",
      "local": {
        "location": {
          "x": 0.0,
          "y": 0.0,
          "z": 0.0
        },
        "rotation_quaternion": {
          "w": 0.935081422328949,
          "x": 0.17528857290744781,
          "y": 0.044826555997133255,
          "z": -0.30477410554885864
        },
        "scale": {
          "x": 1.0,
          "y": 1.0,
          "z": 1.0
        },
        "matrix_basis": [
          [
            0.8102066516876221,
            0.5856923460960388,
            -0.023013876751065254,
            0.0
          ],
          [
            -0.5542620420455933,
            0.7527733445167542,
            -0.35514211654663086,
            0.0
          ],
          [
            -0.19067978858947754,
            0.3004942238330841,
            0.9345290064811707,
            0.0
          ],
          [
            0.0,
            0.0,
            0.0,
            1.0
          ]
        ],
        "rotation_mode": "QUATERNION"
      },
      "armature_space": {
        "head": {
          "x": 0.44140589237213135,
          "y": -0.24551978707313538,
          "z": 0.47707539796829224
        },
        "tail": {
          "x": 0.6395177841186523,
          "y": -0.3273006081581116,
          "z": 0.3169713616371155
        }
      },
      "world_space": {
        "head": {
          "x": 0.44140589237213135,
          "y": -0.18227578699588776,
          "z": 1.4269294738769531
        },
        "tail": {
          "x": 0.6395177841186523,
          "y": -0.26405662298202515,
          "z": 1.2668254375457764
        },
        "rotation_quaternion": {
          "w": 0.10940346121788025,
          "x": -0.711802065372467,
          "y": -0.5789496898651123,
          "z": 0.38234278559684753
        },
        "matrix": [
          [
            0.037260182201862335,
            0.7405373454093933,
            -0.6709814667701721,
            0.44140589237213135
          ],
          [
            0.9078540802001953,
            -0.30569466948509216,
            -0.286970317363739,
            -0.18227578699588776
          ],
          [
            -0.4176297187805176,
            -0.5984650254249573,
            -0.6836950778961182,
            1.4269294738769531
          ],
          [
            0.0,
            0.0,
            0.0,
            1.0
          ]
        ]
      },
      "bone_length_armature_space": 0.2675251864879732,
      "parent": "upperarm_l",
      "has_children": true,
      "is_end_bone": false
    },
    "metacarpal_thumb_l": {
      "name": "metacarpal_thumb_l",
      "local": {
        "location": {
          "x": 0.0,
          "y": 0.0,
          "z": 0.0
        },
        "rotation_quaternion": {
          "w": 0.9999374747276306,
          "x": -0.009746716357767582,
          "y": 0.005456648301333189,
          "z": 0.0005410501617006958
        },
        "scale": {
          "x": 1.0,
          "y": 1.0,
          "z": 1.0
        },
        "matrix_basis": [
          [
            0.9999398589134216,
            -0.0011884014820680022,
            0.01090206764638424,
            0.0
          ],
          [
            0.000975663831923157,
            0.9998094439506531,
            0.01949811913073063,
            0.0
          ],
          [
            -0.010923161171376705,
            -0.019486309960484505,
            0.9997504353523254,
            0.0
          ],
          [
            0.0,
            0.0,
            0.0,
            1.0
          ]
        ],
        "rotation_mode": "QUATERNION"
      },
      "armature_space": {
        "head": {
          "x": 0.6395177841186523,
          "y": -0.3273006081581116,
          "z": 0.3169713616371155
        },
        "tail": {
          "x": 0.6492245197296143,
          "y": -0.34032052755355835,
          "z": 0.2701752483844757
        }
      },
      "world_space": {
        "head": {
          "x": 0.6395177841186523,
          "y": -0.26405662298202515,
          "z": 1.2668254375457764
        },
        "tail": {
          "x": 0.6492245197296143,
          "y": -0.2770765423774719,
          "z": 1.2200292348861694
        },
        "rotation_quaternion": {
          "w": 0.5996714234352112,
          "x": -0.7937114238739014,
          "y": -0.09470769762992859,
          "z": -0.038038164377212524
        },
        "matrix": [
          [
            0.9791671633720398,
            0.19596190750598907,
            -0.053205326199531555,
            0.6395177841186523
          ],
          [
            0.10472165048122406,
            -0.2628498077392578,
            0.9591368436813354,
            -0.26405662298202515
          ],
          [
            0.17397066950798035,
            -0.9447334408760071,
            -0.2778964042663574,
            1.2668254375457764
          ],
          [
            0.0,
            0.0,
            0.0,
            1.0
          ]
        ]
      },
      "bone_length_armature_space": 0.04953398126135877,
      "parent": "lowerarm_l",
      "has_children": true,
      "is_end_bone": false
    },
    "thumb_01_l": {
      "name": "thumb_01_l",
      "local": {
        "location": {
          "x": 0.0,
          "y": 0.0,
          "z": 0.0
        },
        "rotation_quaternion": {
          "w": 0.9574486017227173,
          "x": 0.28842729330062866,
          "y": 0.008627120405435562,
          "z": -0.005261493381112814
        },
        "scale": {
          "x": 1.0,
          "y": 1.0,
          "z": 1.0
        },
        "matrix_basis": [
          [
            0.9997957944869995,
            0.01505181286484003,
            0.013484932482242584,
            0.0
          ],
          [
            -0.005098625086247921,
            0.833564043045044,
            -0.5523993968963623,
            0.0
          ],
          [
            -0.019555164501070976,
            0.5522178411483765,
            0.8334705233573914,
            0.0
          ],
          [
            0.0,
            0.0,
            0.0,
            1.0
          ]
        ],
        "rotation_mode": "QUATERNION"
      },
      "armature_space": {
        "head": {
          "x": 0.6492245197296143,
          "y": -0.34032052755355835,
          "z": 0.2701752483844757
        },
        "tail": {
          "x": 0.6669934391975403,
          "y": -0.32273536920547485,
          "z": 0.2470741868019104
        }
      },
      "world_space": {
        "head": {
          "x": 0.6492245197296143,
          "y": -0.2770765423774719,
          "z": 1.2200292348861694
        },
        "tail": {
          "x": 0.6669934391975403,
          "y": -0.2594913840293884,
          "z": 1.1969282627105713
        },
        "rotation_quaternion": {
          "w": 0.7409263253211975,
          "x": -0.17407070100307465,
          "y": 0.4575379490852356,
          "z": -0.4597679674625397
        },
        "matrix": [
          [
            0.15854376554489136,
            0.5220232009887695,
            0.8380668759346008,
            0.6492245197296143
          ],
          [
            -0.8405967950820923,
            0.5166243314743042,
            -0.16277720034122467,
            -0.2770765423774719
          ],
          [
            -0.5179432034492493,
            -0.6786731481552124,
            0.5207220315933228,
            1.2200292348861694
          ],
          [
            0.0,
            0.0,
            0.0,
            1.0
          ]
        ]
      },
      "bone_length_armature_space": 0.0340386747336118,
      "parent": "metacarpal_thumb_l",
      "has_children": true,
      "is_end_bone": false
    },
    "thumb_02_l": {
      "name": "thumb_02_l",
      "local": {
        "location": {
          "x": 0.0,
          "y": 0.0,
          "z": 0.0
        },
        "rotation_quaternion": {
          "w": 0.8926736116409302,
          "x": 0.4506303668022156,
          "y": 0.0019349930807948112,
          "z": -0.007890664041042328
        },
        "scale": {
          "x": 1.0,
          "y": 1.0,
          "z": 1.0
        },
        "matrix_basis": [
          [
            0.9998679757118225,
            0.015831507742404938,
            -0.0036569111980497837,
            0.0
          ],
          [
            -0.012343642301857471,
            0.5937400460243225,
            -0.8045622110366821,
            0.0
          ],
          [
            -0.01056618057191372,
            0.8045011162757874,
            0.5938570499420166,
            0.0
          ],
          [
            0.0,
            0.0,
            0.0,
            1.0
          ]
        ],
        "rotation_mode": "QUATERNION"
      },
      "armature_space": {
        "head": {
          "x": 0.6669933795928955,
          "y": -0.32273533940315247,
          "z": 0.2470741868019104
        },
        "tail": {
          "x": 0.6853100061416626,
          "y": -0.3560962378978729,
          "z": 0.2599089741706848
        }
      },
      "world_space": {
        "head": {
          "x": 0.6669933795928955,
          "y": -0.25949132442474365,
          "z": 1.1969282627105713
        },
        "tail": {
          "x": 0.6853100061416626,
          "y": -0.2928522229194641,
          "z": 1.2097630500793457
        },
        "rotation_quaternion": {
          "w": 0.28630807995796204,
          "x": 0.3996356725692749,
          "y": -0.052181631326675415,
          "z": -0.8692504167556763
        },
        "matrix": [
          [
            -0.5166380405426025,
            0.4560408592224121,
            -0.7246463894844055,
            0.6669933795928955
          ],
          [
            -0.5394545793533325,
            -0.8306089043617249,
            -0.13812139630317688,
            -0.25949132442474365
          ],
          [
            -0.6648917198181152,
            0.31955665349960327,
            0.6751417517662048,
            1.1969282627105713
          ],
          [
            0.0,
            0.0,
            0.0,
            1.0
          ]
        ]
      },
      "bone_length_armature_space": 0.040164413832645005,
      "parent": "thumb_01_l",
      "has_children": true,
      "is_end_bone": false
    },
    "thumb_03_l": {
      "name": "thumb_03_l",
      "local": {
        "location": {
          "x": 0.0,
          "y": 0.0,
          "z": 0.0
        },
        "rotation_quaternion": {
          "w": 0.9888238906860352,
          "x": 0.14893892407417297,
          "y": -0.0025048861280083656,
          "z": -0.0061834342777729034
        },
        "scale": {
          "x": 1.0,
          "y": 1.0,
          "z": 1.0
        },
        "matrix_basis": [
          [
            0.9999110102653503,
            0.01148250512778759,
            -0.006795690394937992,
            0.0
          ],
          [
            -0.012974805198609829,
            0.9555579423904419,
            -0.29451775550842285,
            0.0
          ],
          [
            0.0031118744518607855,
            0.29457971453666687,
            0.9556218385696411,
            0.0
          ],
          [
            0.0,
            0.0,
            0.0,
            1.0
          ]
        ],
        "rotation_mode": "QUATERNION"
      },
      "armature_space": {
        "head": {
          "x": 0.6853100061416626,
          "y": -0.3560962378978729,
          "z": 0.25990888476371765
        },
        "tail": {
          "x": 0.6861404776573181,
          "y": -0.3793729841709137,
          "z": 0.27951496839523315
        }
      },
      "world_space": {
        "head": {
          "x": 0.6853100061416626,
          "y": -0.2928522229194641,
          "z": 1.2097629308700562
        },
        "tail": {
          "x": 0.6861404776573181,
          "y": -0.3161289691925049,
          "z": 1.2293689250946045
        },
        "rotation_quaternion": {
          "w": 0.23707033693790436,
          "x": 0.6196931600570679,
          "y": -0.2480332851409912,
          "z": -0.7058735489845276
        },
        "matrix": [
          [
            -0.11955713480710983,
            0.027277261018753052,
            -0.99245285987854,
            0.6853100061416626
          ],
          [
            -0.6420929431915283,
            -0.764553964138031,
            0.05633668601512909,
            -0.2928522229194641
          ],
          [
            -0.75725257396698,
            0.6439861059188843,
            0.10892300307750702,
            1.2097629308700562
          ],
          [
            0.0,
            0.0,
            0.0,
            1.0
          ]
        ]
      },
      "bone_length_armature_space": 0.030444952056004917,
      "parent": "thumb_02_l",
      "has_children": false,
      "is_end_bone": true
    },
    "metacarpal_index_l": {
      "name": "metacarpal_index_l",
      "local": {
        "location": {
          "x": 0.0,
          "y": 0.0,
          "z": 0.0
        },
        "rotation_quaternion": {
          "w": 0.9989202618598938,
          "x": -0.04587400332093239,
          "y": -0.005030867177993059,
          "z": -0.005360928364098072
        },
        "scale": {
          "x": 1.0,
          "y": 1.0,
          "z": 1.0
        },
        "matrix_basis": [
          [
            0.9998918771743774,
            0.011171852238476276,
            -0.00955901574343443,
            0.0
          ],
          [
            -0.010248707607388496,
            0.9957336783409119,
            0.0917028859257698,
            0.0
          ],
          [
            0.010542725212872028,
            -0.09159500151872635,
            0.995740532875061,
            0.0
          ],
          [
            0.0,
            0.0,
            0.0,
            1.0
          ]
        ],
        "rotation_mode": "QUATERNION"
      },
      "armature_space": {
        "head": {
          "x": 0.6395177841186523,
          "y": -0.3273006081581116,
          "z": 0.3169713616371155
        },
        "tail": {
          "x": 0.7042654156684875,
          "y": -0.37211811542510986,
          "z": 0.23020462691783905
        }
      },
      "world_space": {
        "head": {
          "x": 0.6395177841186523,
          "y": -0.26405662298202515,
          "z": 1.2668254375457764
        },
        "tail": {
          "x": 0.7042654156684875,
          "y": -0.30887413024902344,
          "z": 1.1800585985183716
        },
        "rotation_quaternion": {
          "w": 0.40725263953208923,
          "x": -0.8266489505767822,
          "y": -0.3780185878276825,
          "z": 0.08887629956007004
        },
        "matrix": [
          [
            0.6984046697616577,
            0.5525872707366943,
            -0.45483869314193726,
            0.6395177841186523
          ],
          [
            0.6973691582679749,
            -0.38249409198760986,
            0.6061144471168518,
            -0.26405662298202515
          ],
          [
            0.16095981001853943,
            -0.7405090928077698,
            -0.6524969339370728,
            1.2668254375457764
          ],
          [
            0.0,
            0.0,
            0.0,
            1.0
          ]
        ]
      },
      "bone_length_armature_space": 0.11717222829491532,
      "parent": "lowerarm_l",
      "has_children": true,
      "is_end_bone": false
    },
    "index_01_l": {
      "name": "index_01_l",
      "local": {
        "location": {
          "x": 0.0,
          "y": 0.0,
          "z": 0.0
        },
        "rotation_quaternion": {
          "w": 0.9455684423446655,
          "x": 0.3248443603515625,
          "y": 0.013025597669184208,
          "z": 0.014379640109837055
        },
        "scale": {
          "x": 1.0,
          "y": 1.0,
          "z": 1.0
        },
        "matrix_basis": [
          [
            0.999247133731842,
            -0.018731283023953438,
            0.03397547826170921,
            0.0
          ],
          [
            0.03565645217895508,
            0.7885387539863586,
            -0.6139505505561829,
            0.0
          ],
          [
            -0.015290898270905018,
            0.6146997809410095,
            0.788612961769104,
            0.0
          ],
          [
            0.0,
            0.0,
            0.0,
            1.0
          ]
        ],
        "rotation_mode": "QUATERNION"
      },
      "armature_space": {
        "head": {
          "x": 0.7042654156684875,
          "y": -0.37211811542510986,
          "z": 0.23020462691783905
        },
        "tail": {
          "x": 0.7162890434265137,
          "y": -0.3665447235107422,
          "z": 0.20495690405368805
        }
      },
      "world_space": {
        "head": {
          "x": 0.7042654156684875,
          "y": -0.30887413024902344,
          "z": 1.1800585985183716
        },
        "tail": {
          "x": 0.7162890434265137,
          "y": -0.30330073833465576,
          "z": 1.154810905456543
        },
        "rotation_quaternion": {
          "w": 0.606656551361084,
          "x": -0.6183785796165466,
          "y": -0.4792671501636505,
          "z": 0.1409921795129776
        },
        "matrix": [
          [
            0.5008454918861389,
            0.4216689467430115,
            -0.7558764219284058,
            0.7042654156684875
          ],
          [
            0.7638070583343506,
            0.19545936584472656,
            0.6151378750801086,
            -0.30887413024902344
          ],
          [
            0.40713122487068176,
            -0.8854386806488037,
            -0.22417977452278137,
            1.1800585985183716
          ],
          [
            0.0,
            0.0,
            0.0,
            1.0
          ]
        ]
      },
      "bone_length_armature_space": 0.028514519947768244,
      "parent": "metacarpal_index_l",
      "has_children": true,
      "is_end_bone": false
    },
    "index_02_l": {
      "name": "index_02_l",
      "local": {
        "location": {
          "x": 0.0,
          "y": 0.0,
          "z": 0.0
        },
        "rotation_quaternion": {
          "w": 0.8902125954627991,
          "x": 0.4554815888404846,
          "y": 0.007499847561120987,
          "z": 0.0014124935260042548
        },
        "scale": {
          "x": 1.0,
          "y": 1.0,
          "z": 1.0
        },
        "matrix_basis": [
          [
            0.9998835325241089,
            0.004317245911806822,
            0.014639646746218204,
            0.0
          ],
          [
            0.009346923790872097,
            0.5850690603256226,
            -0.8109297156333923,
            0.0
          ],
          [
            -0.012066188268363476,
            0.8109720945358276,
            0.5849605202674866,
            0.0
          ],
          [
            0.0,
            0.0,
            0.0,
            1.0
          ]
        ],
        "rotation_mode": "QUATERNION"
      },
      "armature_space": {
        "head": {
          "x": 0.7162888646125793,
          "y": -0.36654460430145264,
          "z": 0.20495639741420746
        },
        "tail": {
          "x": 0.7072479724884033,
          "y": -0.3516088128089905,
          "z": 0.18616066873073578
        }
      },
      "world_space": {
        "head": {
          "x": 0.7162888646125793,
          "y": -0.3033006191253662,
          "z": 1.1548104286193848
        },
        "tail": {
          "x": 0.7072479724884033,
          "y": -0.28836482763290405,
          "z": 1.136014699935913
        },
        "rotation_quaternion": {
          "w": 0.8023463487625122,
          "x": -0.2860417068004608,
          "y": -0.3838612735271454,
          "z": 0.35647034645080566
        },
        "matrix": [
          [
            0.45115843415260315,
            -0.3524264395236969,
            -0.8199096322059631,
            0.7162888646125793
          ],
          [
            0.7916267514228821,
            0.5822176337242126,
            0.18533749878406525,
            -0.3033006191253662
          ],
          [
            0.41205155849456787,
            -0.7326834797859192,
            0.5416664481163025,
            1.1548104286193848
          ],
          [
            0.0,
            0.0,
            0.0,
            1.0
          ]
        ]
      },
      "bone_length_armature_space": 0.02565336234064474,
      "parent": "index_01_l",
      "has_children": true,
      "is_end_bone": false
    },
    "index_03_l": {
      "name": "index_03_l",
      "local": {
        "location": {
          "x": 0.0,
          "y": 0.0,
          "z": 0.0
        },
        "rotation_quaternion": {
          "w": 0.9207172989845276,
          "x": 0.39014625549316406,
          "y": 0.001264504506252706,
          "z": 0.007996030151844025
        },
        "scale": {
          "x": 1.0,
          "y": 1.0,
          "z": 1.0
        },
        "matrix_basis": [
          [
            0.9998689293861389,
            -0.013737482950091362,
            0.008567744866013527,
            0.0
          ],
          [
            0.015710849314928055,
            0.6954439282417297,
            -0.7184085845947266,
            0.0
          ],
          [
            0.003910739906132221,
            0.718449056148529,
            0.6955686211585999,
            0.0
          ],
          [
            0.0,
            0.0,
            0.0,
            1.0
          ]
        ],
        "rotation_mode": "QUATERNION"
      },
      "armature_space": {
        "head": {
          "x": 0.7072480916976929,
          "y": -0.35160887241363525,
          "z": 0.1861605942249298
        },
        "tail": {
          "x": 0.6835295557975769,
          "y": -0.3345457911491394,
          "z": 0.1862732172012329
        }
      },
      "world_space": {
        "head": {
          "x": 0.7072480916976929,
          "y": -0.28836488723754883,
          "z": 1.1360145807266235
        },
        "tail": {
          "x": 0.6835295557975769,
          "y": -0.271301805973053,
          "z": 1.136127233505249
        },
        "rotation_quaternion": {
          "w": 0.8690146803855896,
          "x": 0.10042903572320938,
          "y": -0.19184166193008423,
          "z": 0.4448870122432709
        },
        "matrix": [
          [
            0.530544638633728,
            -0.8117599487304688,
            -0.2440660297870636,
            0.7072480916976929
          ],
          [
            0.7346941828727722,
            0.5839784741401672,
            -0.34524470567703247,
            -0.28836488723754883
          ],
          [
            0.42278873920440674,
            0.0038543641567230225,
            0.9062278866767883,
            1.1360145807266235
          ],
          [
            0.0,
            0.0,
            0.0,
            1.0
          ]
        ]
      },
      "bone_length_armature_space": 0.029218665085908823,
      "parent": "index_02_l",
      "has_children": false,
      "is_end_bone": true
    },
    "metacarpal_pinky_l": {
      "name": "metacarpal_pinky_l",
      "local": {
        "location": {
          "x": 0.0,
          "y": 0.0,
          "z": 0.0
        },
        "rotation_quaternion": {
          "w": 0.999244749546051,
          "x": -0.03642603009939194,
          "y": -0.009566744789481163,
          "z": 0.009575759060680866
        },
        "scale": {
          "x": 1.0,
          "y": 1.0,
          "z": 1.0
        },
        "matrix_basis": [
          [
            0.9996335506439209,
            -0.01844009757041931,
            -0.019816651940345764,
            0.0
          ],
          [
            0.019834011793136597,
            0.9971628785133362,
            0.07261382043361664,
            0.0
          ],
          [
            0.01842142455279827,
            -0.07298025488853455,
            0.9971632361412048,
            0.0
          ],
          [
            0.0,
            0.0,
            0.0,
            1.0
          ]
        ],
        "rotation_mode": "QUATERNION"
      },
      "armature_space": {
        "head": {
          "x": 0.6395177841186523,
          "y": -0.3273006081581116,
          "z": 0.3169713616371155
        },
        "tail": {
          "x": 0.7357903718948364,
          "y": -0.3403812348842621,
          "z": 0.27950501441955566
        }
      },
      "world_space": {
        "head": {
          "x": 0.6395177841186523,
          "y": -0.26405662298202515,
          "z": 1.2668254375457764
        },
        "tail": {
          "x": 0.7357903718948364,
          "y": -0.27713721990585327,
          "z": 1.2293590307235718
        },
        "rotation_quaternion": {
          "w": 0.4084673523902893,
          "x": 0.38169121742248535,
          "y": 0.5199484825134277,
          "z": -0.6458482146263123
        },
        "matrix": [
          [
            -0.37493249773979187,
            0.9245352745056152,
            -0.06826556473970413,
            0.6395177841186523
          ],
          [
            -0.13069887459278107,
            -0.12561719119548798,
            -0.9834319353103638,
            -0.26405662298202515
          ],
          [
            -0.9177992343902588,
            -0.3598008453845978,
            0.1679338812828064,
            1.2668254375457764
          ],
          [
            0.0,
            0.0,
            0.0,
            1.0
          ]
        ]
      },
      "bone_length_armature_space": 0.10413088617847248,
      "parent": "lowerarm_l",
      "has_children": true,
      "is_end_bone": false
    },
    "pinky_01_l": {
      "name": "pinky_01_l",
      "local": {
        "location": {
          "x": 0.0,
          "y": 0.0,
          "z": 0.0
        },
        "rotation_quaternion": {
          "w": 0.9459868669509888,
          "x": 0.3237881660461426,
          "y": 0.009456232190132141,
          "z": -0.013444487005472183
        },
        "scale": {
          "x": 1.0,
          "y": 1.0,
          "z": 1.0
        },
        "matrix_basis": [
          [
            0.9994596242904663,
            0.031560249626636505,
            0.009184611029922962,
            0.0
          ],
          [
            -0.019312983378767967,
            0.7899609208106995,
            -0.6128529906272888,
            0.0
          ],
          [
            -0.026597274467349052,
            0.6123444437980652,
            0.790143609046936,
            0.0
          ],
          [
            0.0,
            0.0,
            0.0,
            1.0
          ]
        ],
        "rotation_mode": "QUATERNION"
      },
      "armature_space": {
        "head": {
          "x": 0.7357903718948364,
          "y": -0.3403812348842621,
          "z": 0.27950501441955566
        },
        "tail": {
