{
  "metadata": {
    "armature_name": "KIM_caucasian_male",
    "export_time": "2026-01-13T21:12:48.015420",
    "blender_version": "4.4.1",
    "bone_count": 56,
    "end_bone_count": 13,
    "spaces_included": [
      "LOCAL_CHANNELS",
      "ARMATURE_SPACE",
      "WORLD_SPACE"
    ],
    "note": "LOCAL matches Transform panel; replay pose via local.matrix_basis for best fidelity."
  },
  "bones": {
    "Root": {
      "name": "Root",
      "local": {
        "location": {
          "x": 0.0,
          "y": 0.0,
          "z": 0.0
        },
        "rotation_quaternion": {
          "w": 0.9996908903121948,
          "x": -0.018872201442718506,
          "y": -0.005304265767335892,
          "z": 0.015290698036551476
        },
        "scale": {
          "x": 1.0,
          "y": 1.0,
          "z": 1.0
        },
        "matrix_basis": [
          [
            0.9994761347770691,
            -0.030371736735105515,
            -0.01118239015340805,
            0.0
          ],
          [
            0.030772149562835693,
            0.9988200664520264,
            0.0375705249607563,
            0.0
          ],
          [
            0.0100281136110425,
            -0.037894949316978455,
            0.9992313981056213,
            0.0
          ],
          [
            0.0,
            0.0,
            0.0,
            1.0
          ]
        ],
        "rotation_mode": "QUATERNION"
      },
      "armature_space": {
        "head": {
          "x": 0.0,
          "y": 0.07072800397872925,
          "z": -0.009595036506652832
        },
        "tail": {
          "x": -0.0021678090561181307,
          "y": 0.00044705718755722046,
          "z": 0.0026689311489462852
        }
      },
      "world_space": {
        "head": {
          "x": 0.0,
          "y": 0.13397200405597687,
          "z": 0.9402589797973633
        },
        "tail": {
          "x": -0.0021678090561181307,
          "y": 0.06369105726480484,
          "z": 0.9525229334831238
        },
        "rotation_quaternion": {
          "w": 0.08617615699768066,
          "x": 0.9961484670639038,
          "y": -0.015613297931849957,
          "z": -0.004262111149728298
        },
        "matrix": [
          [
            0.9994761347770691,
            -0.030371736735105515,
            -0.01118239015340805,
            0.0
          ],
          [
            -0.031840912997722626,
            -0.984659731388092,
            -0.17155587673187256,
            0.13397200405597687
          ],
          [
            -0.005800470244139433,
            0.17182232439517975,
            -0.9851179718971252,
            0.9402589797973633
          ],
          [
            0.0,
            0.0,
            0.0,
            1.0
          ]
        ]
      },
      "bone_length_armature_space": 0.07137587545339355,
      "parent": null,
      "has_children": true,
      "is_end_bone": false
    },
    "spine_01": {
      "name": "spine_01",
      "local": {
        "location": {
          "x": 0.0,
          "y": 0.0,
          "z": 0.0
        },
        "rotation_quaternion": {
          "w": 0.9934720993041992,
          "x": 0.11181462556123734,
          "y": 0.019732587039470673,
          "z": -0.01101334486156702
        },
        "scale": {
          "x": 1.0,
          "y": 1.0,
          "z": 1.0
        },
        "matrix_basis": [
          [
            0.9989786744117737,
            0.02629568614065647,
            0.03674464300274849,
            0.0
          ],
          [
            -0.017470117658376694,
            0.9747523665428162,
            -0.22260406613349915,
            0.0
          ],
          [
            -0.041670456528663635,
            0.22173477709293365,
            0.9742162227630615,
            0.0
          ],
          [
            0.0,
            0.0,
            0.0,
            1.0
          ]
        ],
        "rotation_mode": "QUATERNION"
      },
      "armature_space": {
        "head": {
          "x": -0.0021678090561181307,
          "y": 0.00044705718755722046,
          "z": 0.0026689311489462852
        },
        "tail": {
          "x": 0.011305375955998898,
          "y": -0.0676421970129013,
          "z": 0.48571211099624634
        }
      },
      "world_space": {
        "head": {
          "x": -0.0021678090561181307,
          "y": 0.06369105726480484,
          "z": 0.9525229334831238
        },
        "tail": {
          "x": 0.011305375955998898,
          "y": -0.0043981969356536865,
          "z": 1.4355661869049072
        },
        "rotation_quaternion": {
          "w": 0.6558167338371277,
          "x": 0.754790723323822,
          "y": 0.011867241933941841,
          "z": -0.007391037419438362
        },
        "matrix": [
          [
            0.999609112739563,
            0.02760891616344452,
            0.0044082775712013245,
            -0.0021678090561181307
          ],
          [
            0.008220404386520386,
            -0.13952681422233582,
            -0.9901842474937439,
            0.06369105726480484
          ],
          [
            -0.026723021641373634,
            0.9898401498794556,
            -0.13970108330249786,
            0.9525229334831238
          ],
          [
            0.0,
            0.0,
            0.0,
            1.0
          ]
        ]
      },
      "bone_length_armature_space": 0.48800450809366214,
      "parent": "Root",
      "has_children": true,
      "is_end_bone": false
    },
    "neck_01": {
      "name": "neck_01",
      "local": {
        "location": {
          "x": 0.0,
          "y": 0.0,
          "z": 0.0
        },
        "rotation_quaternion": {
          "w": 0.9942967295646667,
          "x": -0.02707849070429802,
          "y": 0.0824877917766571,
          "z": -0.061940182000398636
        },
        "scale": {
          "x": 1.0,
          "y": 1.0,
          "z": 1.0
        },
        "matrix_basis": [
          [
            0.9787183403968811,
            0.11870655417442322,
            0.1673891693353653,
            0.0
          ],
          [
            -0.12764112651348114,
            0.9908603429794312,
            0.043629493564367294,
            0.0
          ],
          [
            -0.16068018972873688,
            -0.06406673043966293,
            0.9849250316619873,
            0.0
          ],
          [
            0.0,
            0.0,
            0.0,
            1.0
          ]
        ],
        "rotation_mode": "QUATERNION"
      },
      "armature_space": {
        "head": {
          "x": 0.013479739427566528,
          "y": -0.11219815909862518,
          "z": 0.553341805934906
        },
        "tail": {
          "x": 0.02846282348036766,
          "y": -0.15777263045310974,
          "z": 0.6439464688301086
        }
      },
      "world_space": {
        "head": {
          "x": 0.013479739427566528,
          "y": -0.048954159021377563,
          "z": 1.5031957626342773
        },
        "tail": {
          "x": 0.02846282348036766,
          "y": -0.09452863037586212,
          "z": 1.5938005447387695
        },
        "rotation_quaternion": {
          "w": 0.5164867043495178,
          "x": 0.849306583404541,
          "y": 0.10475227236747742,
          "z": 0.030773025006055832
        },
        "matrix": [
          [
            0.9761598706245422,
            0.1461459994316101,
            0.16047827899456024,
            0.013479739427566528
          ],
          [
            0.20972181856632233,
            -0.4445364773273468,
            -0.8708641529083252,
            -0.048954159021377563
          ],
          [
            -0.05593504011631012,
            0.8837640285491943,
            -0.46459269523620605,
            1.5031957626342773
          ],
          [
            0.0,
            0.0,
            0.0,
            1.0
          ]
        ]
      },
      "bone_length_armature_space": 0.1025218531949199,
      "parent": "spine_01",
      "has_children": true,
      "is_end_bone": false
    },
    "head": {
      "name": "head",
      "local": {
        "location": {
          "x": 0.0,
          "y": 0.0,
          "z": 0.0
        },
        "rotation_quaternion": {
          "w": 0.9885302782058716,
          "x": 0.0009403578587807715,
          "y": -0.13076546788215637,
          "z": -0.07554756850004196
        },
        "scale": {
          "x": 1.0,
          "y": 1.0,
          "z": 1.0
        },
        "matrix_basis": [
          [
            0.9543859362602234,
            0.14911618828773499,
            -0.2586733400821686,
            0.0
          ],
          [
            -0.1496080458164215,
            0.9885833859443665,
            0.017898881807923317,
            0.0
          ],
          [
            0.2583891749382019,
            0.021617170423269272,
            0.9657990336418152,
            0.0
          ],
          [
            0.0,
            0.0,
            0.0,
            1.0
          ]
        ],
        "rotation_mode": "QUATERNION"
      },
      "armature_space": {
        "head": {
          "x": 0.028462838381528854,
          "y": -0.1577727347612381,
          "z": 0.6439463496208191
        },
        "tail": {
          "x": 0.06362484395503998,
          "y": -0.1715543270111084,
          "z": 0.7943690419197083
        }
      },
      "world_space": {
        "head": {
          "x": 0.028462838381528854,
          "y": -0.09452873468399048,
          "z": 1.5938003063201904
        },
        "tail": {
          "x": 0.06362484395503998,
          "y": -0.10831032693386078,
          "z": 1.7442231178283691
        },
        "rotation_quaternion": {
          "w": 0.6719086170196533,
          "x": 0.7311885952949524,
          "y": 0.06409259140491486,
          "z": -0.09896588325500488
        },
        "matrix": [
          [
            0.9721959233283997,
            0.2267196923494339,
            -0.05859532952308655,
            0.028462838381528854
          ],
          [
            -0.03926308453083038,
            -0.08886177092790604,
            -0.9952700138092041,
            -0.09452873468399048
          ],
          [
            -0.2308557629585266,
            0.9699046015739441,
            -0.07749080657958984,
            1.5938003063201904
          ],
          [
            0.0,
            0.0,
            0.0,
            1.0
          ]
        ]
      },
      "bone_length_armature_space": 0.1550912173488739,
      "parent": "neck_01",
      "has_children": false,
      "is_end_bone": true
    },
    "upperarm_l": {
      "name": "upperarm_l",
      "local": {
        "location": {
          "x": 0.0,
          "y": 0.0,
          "z": 0.0
        },
        "rotation_quaternion": {
          "w": 0.8796138763427734,
          "x": -0.1387156993150711,
          "y": 0.437094122171402,
          "z": -0.12643638253211975
        },
        "scale": {
          "x": 1.0,
          "y": 1.0,
          "z": 1.0
        },
        "matrix_basis": [
          [
            0.5859251618385315,
            0.10116676241159439,
            0.8040255308151245,
            0.0
          ],
          [
            -0.3436940312385559,
            0.9295436143875122,
            0.13350330293178558,
            0.0
          ],
          [
            -0.7338706851005554,
            -0.3545617163181305,
            0.5794133543968201,
            0.0
          ],
          [
            0.0,
            0.0,
            0.0,
            1.0
          ]
        ],
        "rotation_mode": "QUATERNION"
      },
      "armature_space": {
        "head": {
          "x": 0.16157963871955872,
          "y": -0.10474564135074615,
          "z": 0.48236289620399475
        },
        "tail": {
          "x": 0.40473657846450806,
          "y": 0.005756475031375885,
          "z": 0.4606460928916931
        }
      },
      "world_space": {
        "head": {
          "x": 0.16157963871955872,
          "y": -0.041501641273498535,
          "z": 1.4322168827056885
        },
        "tail": {
          "x": 0.40473657846450806,
          "y": 0.0690004751086235,
          "z": 1.4105000495910645
        },
        "rotation_quaternion": {
          "w": 0.16963423788547516,
          "x": 0.519050657749176,
          "y": 0.8230485320091248,
          "z": -0.1562107354402542
        },
        "matrix": [
          [
            -0.4036210775375366,
            0.9074054956436157,
            0.11707037687301636,
            0.16157963871955872
          ],
          [
            0.8014104962348938,
            0.4123683571815491,
            -0.43323636054992676,
            -0.041501641273498535
          ],
          [
            -0.4413995146751404,
            -0.08104214072227478,
            -0.8936513066291809,
            1.4322168827056885
          ],
          [
            0.0,
            0.0,
            0.0,
            1.0
          ]
        ]
      },
      "bone_length_armature_space": 0.2679694641860726,
      "parent": "spine_01",
      "has_children": true,
      "is_end_bone": false
    },
    "lowerarm_l": {
      "name": "lowerarm_l",
      "local": {
        "location": {
          "x": 0.0,
          "y": 0.0,
          "z": 0.0
        },
        "rotation_quaternion": {
          "w": 0.8897870779037476,
          "x": 0.44217023253440857,
          "y": 0.017863115295767784,
          "z": 0.11156009882688522
        },
        "scale": {
          "x": 1.0,
          "y": 1.0,
          "z": 1.0
        },
        "matrix_basis": [
          [
            0.9744704961776733,
            -0.18273238837718964,
            0.13044585287570953,
            0.0
          ],
          [
            0.21432654559612274,
            0.5840796828269958,
            -0.7828890681266785,
            0.0
          ],
          [
            0.0668683722615242,
            0.7908603549003601,
            0.6083328127861023,
            0.0
          ],
          [
            0.0,
            0.0,
            0.0,
            1.0
          ]
        ],
        "rotation_mode": "QUATERNION"
      },
      "armature_space": {
        "head": {
          "x": 0.4047366976737976,
          "y": 0.005756393074989319,
          "z": 0.4606460630893707
        },
        "tail": {
          "x": 0.5801931619644165,
          "y": -0.10792902857065201,
          "z": 0.2937315106391907
        }
      },
      "world_space": {
        "head": {
          "x": 0.4047366976737976,
          "y": 0.06900039315223694,
          "z": 1.4105000495910645
        },
        "tail": {
          "x": 0.5801931619644165,
          "y": -0.04468502849340439,
          "z": 1.2435855865478516
        },
        "rotation_quaternion": {
          "w": 0.048789650201797485,
          "x": -0.6619587540626526,
          "y": -0.5339864492416382,
          "z": 0.5237258076667786
        },
        "matrix": [
          [
            -0.11886277794837952,
            0.6558519005775452,
            -0.7454730272293091,
            0.4047366976737976
          ],
          [
            0.7580584287643433,
            -0.4249533414840698,
            -0.4947345554828644,
            0.06900039315223694
          ],
          [
            -0.6412675380706787,
            -0.6239224672317505,
            -0.4466664493083954,
            1.4105000495910645
          ],
          [
            0.0,
            0.0,
            0.0,
            1.0
          ]
        ]
      },
      "bone_length_armature_space": 0.2675253509770768,
      "parent": "upperarm_l",
      "has_children": true,
      "is_end_bone": false
    },
    "metacarpal_thumb_l": {
      "name": "metacarpal_thumb_l",
      "local": {
        "location": {
          "x": 0.0,
          "y": 0.0,
          "z": 0.0
        },
        "rotation_quaternion": {
          "w": 0.9981353282928467,
          "x": -0.06044282391667366,
          "y": 0.002130261855199933,
          "z": 0.008246799930930138
        },
        "scale": {
          "x": 1.0,
          "y": 1.0,
          "z": 1.0
        },
        "matrix_basis": [
          [
            0.9998549222946167,
            -0.01672036200761795,
            0.00325565948151052,
            0.0
          ],
          [
            0.016205325722694397,
            0.9925572872161865,
            0.12069537490606308,
            0.0
          ],
          [
            -0.005249498877674341,
            -0.1206251010298729,
            0.9926842451095581,
            0.0
          ],
          [
            0.0,
            0.0,
            0.0,
            1.0
          ]
        ],
        "rotation_mode": "QUATERNION"
      },
      "armature_space": {
        "head": {
          "x": 0.5801931619644165,
          "y": -0.10792902857065201,
          "z": 0.2937315106391907
        },
        "tail": {
          "x": 0.5833780169487,
          "y": -0.13713757693767548,
          "z": 0.25385260581970215
        }
      },
      "world_space": {
        "head": {
          "x": 0.5801931619644165,
          "y": -0.04468502849340439,
          "z": 1.2435855865478516
        },
        "tail": {
          "x": 0.5833780169487,
          "y": -0.07389357686042786,
          "z": 1.2037066221237183
        },
        "rotation_quaternion": {
          "w": 0.4472450613975525,
          "x": -0.8887402415275574,
          "y": -0.07167091965675354,
          "z": 0.07054036110639572
        },
        "matrix": [
          [
            0.9797747731208801,
            0.06429623812437057,
            -0.18949314951896667,
            0.5801931619644165
          ],
          [
            0.1904914230108261,
            -0.5896705985069275,
            0.7848576307296753,
            -0.04468502849340439
          ],
          [
            -0.06127547472715378,
            -0.8050865530967712,
            -0.5899956226348877,
            1.2435855865478516
          ],
          [
            0.0,
            0.0,
            0.0,
            1.0
          ]
        ]
      },
      "bone_length_armature_space": 0.049533924103452864,
      "parent": "lowerarm_l",
      "has_children": true,
      "is_end_bone": false
    },
    "thumb_01_l": {
      "name": "thumb_01_l",
      "local": {
        "location": {
          "x": 0.0,
          "y": 0.0,
          "z": 0.0
        },
        "rotation_quaternion": {
          "w": 0.9852018356323242,
          "x": 0.16941334307193756,
          "y": 0.023834608495235443,
          "z": -0.010410587303340435
        },
        "scale": {
          "x": 1.0,
          "y": 1.0,
          "z": 1.0
        },
        "matrix_basis": [
          [
            0.9986470341682434,
            0.028588861227035522,
            0.04343641549348831,
            0.0
          ],
          [
            -0.012437257915735245,
            0.9423815011978149,
            -0.3343089520931244,
            0.0
          ],
          [
            -0.05049118399620056,
            0.3333164155483246,
            0.9414620399475098,
            0.0
          ],
          [
            0.0,
            0.0,
            0.0,
            1.0
          ]
        ],
        "rotation_mode": "QUATERNION"
      },
      "armature_space": {
        "head": {
          "x": 0.5833780169487,
          "y": -0.13713757693767548,
          "z": 0.25385260581970215
        },
        "tail": {
          "x": 0.587501049041748,
          "y": -0.1302705556154251,
          "z": 0.22076961398124695
        }
      },
      "world_space": {
        "head": {
          "x": 0.5833780169487,
          "y": -0.07389357686042786,
          "z": 1.2037066221237183
        },
        "tail": {
          "x": 0.587501049041748,
          "y": -0.06702655553817749,
          "z": 1.1706236600875854
        },
        "rotation_quaternion": {
          "w": 0.605968713760376,
          "x": -0.4413590133190155,
          "y": 0.483397901058197,
          "z": -0.45202943682670593
        },
        "matrix": [
          [
            0.12399211525917053,
            0.12112884223461151,
            0.9848624467849731,
            0.5833780169487
          ],
          [
            -0.9745354652404785,
            0.2017422616481781,
            0.09787951409816742,
            -0.07389357686042786
          ],
          [
            -0.1868343949317932,
            -0.9719263315200806,
            0.14305977523326874,
            1.2037066221237183
          ],
          [
            0.0,
            0.0,
            0.0,
            1.0
          ]
        ]
      },
      "bone_length_armature_space": 0.034038797402390325,
      "parent": "metacarpal_thumb_l",
      "has_children": true,
      "is_end_bone": false
    },
    "thumb_02_l": {
      "name": "thumb_02_l",
      "local": {
        "location": {
          "x": 0.0,
          "y": 0.0,
          "z": 0.0
        },
        "rotation_quaternion": {
          "w": 0.9377989768981934,
          "x": 0.3470185697078705,
          "y": -3.634369932115078e-06,
          "z": -0.01054553221911192
        },
        "scale": {
          "x": 1.0,
          "y": 1.0,
          "z": 1.0
        },
        "matrix_basis": [
          [
            0.9997775554656982,
            0.019776655361056328,
            -0.007325807586312294,
            0.0
          ],
          [
            -0.019781701266765594,
            0.7589337825775146,
            -0.650867223739624,
            0.0
          ],
          [
            -0.007312174420803785,
            0.6508674025535583,
            0.7591562271118164,
            0.0
          ],
          [
            0.0,
            0.0,
            0.0,
            1.0
          ]
        ],
        "rotation_mode": "QUATERNION"
      },
      "armature_space": {
        "head": {
          "x": 0.5875009894371033,
          "y": -0.13027052581310272,
          "z": 0.22076964378356934
        },
        "tail": {
          "x": 0.6182249784469604,
          "y": -0.15526404976844788,
          "z": 0.22744357585906982
        }
      },
      "world_space": {
        "head": {
          "x": 0.5875009894371033,
          "y": -0.0670265257358551,
          "z": 1.1706236600875854
        },
        "tail": {
          "x": 0.6182249784469604,
          "y": -0.09202004969120026,
          "z": 1.177297592163086
        },
        "rotation_quaternion": {
          "w": 0.43208709359169006,
          "x": 0.0959521010518074,
          "y": -0.04647962376475334,
          "z": -0.8955074548721313
        },
        "matrix": [
          [
            -0.608187735080719,
            0.7649550437927246,
            -0.21201792359352112,
            0.5875009894371033
          ],
          [
            -0.7827939987182617,
            -0.6222805976867676,
            0.000326007604598999,
            -0.0670265257358551
          ],
          [
            -0.1316867619752884,
            0.16616541147232056,
            0.9772725105285645,
            1.1706236600875854
          ],
          [
            0.0,
            0.0,
            0.0,
            1.0
          ]
        ]
      },
      "bone_length_armature_space": 0.040164425517097806,
      "parent": "thumb_01_l",
      "has_children": true,
      "is_end_bone": false
    },
    "thumb_03_l": {
      "name": "thumb_03_l",
      "local": {
        "location": {
          "x": 0.0,
          "y": 0.0,
          "z": 0.0
        },
        "rotation_quaternion": {
          "w": 0.9829391241073608,
          "x": 0.18387629091739655,
          "y": -0.0022793251555413008,
          "z": 0.003896887879818678
        },
        "scale": {
          "x": 1.0,
          "y": 1.0,
          "z": 1.0
        },
        "matrix_basis": [
          [
            0.9999592304229736,
            -0.00849903468042612,
            -0.0030477852560579777,
            0.0
          ],
          [
            0.00682257954031229,
            0.9323486685752869,
            -0.3614961504936218,
            0.0
          ],
          [
            0.0059139663353562355,
            0.3614606261253357,
            0.9323686361312866,
            0.0
          ],
          [
            0.0,
            0.0,
            0.0,
            1.0
          ]
        ],
        "rotation_mode": "QUATERNION"
      },
      "armature_space": {
        "head": {
          "x": 0.6182248592376709,
          "y": -0.15526406466960907,
          "z": 0.22744350135326385
        },
        "tail": {
          "x": 0.6337572336196899,
          "y": -0.17022937536239624,
          "z": 0.24893027544021606
        }
      },
      "world_space": {
        "head": {
          "x": 0.6182248592376709,
          "y": -0.09202006459236145,
          "z": 1.1772974729537964
        },
        "tail": {
          "x": 0.6337572336196899,
          "y": -0.10698537528514862,
          "z": 1.198784351348877
        },
        "rotation_quaternion": {
          "w": 0.4488994777202606,
          "x": 0.39272966980934143,
          "y": -0.22959034144878387,
          "z": -0.7691171169281006
        },
        "matrix": [
          [
            -0.2885042428970337,
            0.5101807117462158,
            -0.8102352619171143,
            0.6182248592376709
          ],
          [
            -0.8708466291427612,
            -0.4915541112422943,
            0.0005698353052139282,
            -0.09202006459236145
          ],
          [
            -0.39798712730407715,
            0.7057597637176514,
            0.5861088037490845,
            1.1772974729537964
          ],
          [
            0.0,
            0.0,
            0.0,
            1.0
          ]
        ]
      },
      "bone_length_armature_space": 0.03044497723274894,
      "parent": "thumb_02_l",
      "has_children": false,
      "is_end_bone": true
    },
    "metacarpal_index_l": {
      "name": "metacarpal_index_l",
      "local": {
        "location": {
          "x": 0.0,
          "y": 0.0,
          "z": 0.0
        },
        "rotation_quaternion": {
          "w": 0.9977793097496033,
          "x": -0.06371985375881195,
          "y": -0.015425652265548706,
          "z": 0.011761849746108055
        },
        "scale": {
          "x": 1.0,
          "y": 1.0,
          "z": 1.0
        },
        "matrix_basis": [
          [
            0.9992474317550659,
            -0.02150562033057213,
            -0.03228171914815903,
            0.0
          ],
          [
            0.02543730102479458,
            0.991602897644043,
            0.12679383158683777,
            0.0
          ],
          [
            0.02928386628627777,
            -0.12751957774162292,
            0.9914036393165588,
            0.0
          ],
          [
            0.0,
            0.0,
            0.0,
            1.0
          ]
        ],
        "rotation_mode": "QUATERNION"
      },
      "armature_space": {
        "head": {
          "x": 0.5801931619644165,
          "y": -0.10792902857065201,
          "z": 0.2937315106391907
        },
        "tail": {
          "x": 0.6335087418556213,
          "y": -0.1763654202222824,
          "z": 0.21497096121311188
        }
      },
      "world_space": {
        "head": {
          "x": 0.5801931619644165,
          "y": -0.04468502849340439,
          "z": 1.2435855865478516
        },
        "tail": {
          "x": 0.6335087418556213,
          "y": -0.11312142014503479,
          "z": 1.1648249626159668
        },
        "rotation_quaternion": {
          "w": 0.29620012640953064,
          "x": -0.8580119609832764,
          "y": -0.34674331545829773,
          "z": 0.236326202750206
        },
        "matrix": [
          [
            0.6478369832038879,
            0.4550209641456604,
            -0.6109527945518494,
            0.5801931619644165
          ],
          [
            0.7350203394889832,
            -0.5840691328048706,
            0.34439605474472046,
            -0.04468502849340439
          ],
          [
            -0.20013195276260376,
            -0.6721804738044739,
            -0.7128357887268066,
            1.2435855865478516
          ],
          [
            0.0,
            0.0,
            0.0,
            1.0
          ]
        ]
      },
      "bone_length_armature_space": 0.11717215874707906,
      "parent": "lowerarm_l",
      "has_children": true,
      "is_end_bone": false
    },
    "index_01_l": {
      "name": "index_01_l",
      "local": {
        "location": {
          "x": 0.0,
          "y": 0.0,
          "z": 0.0
        },
        "rotation_quaternion": {
          "w": 0.9757392406463623,
          "x": 0.21852542459964752,
          "y": -0.013380981981754303,
          "z": 0.0007655423833057284
        },
        "scale": {
          "x": 1.0,
          "y": 1.0,
          "z": 1.0
        },
        "matrix_basis": [
          [
            0.999640703201294,
            -0.007342108990997076,
            -0.025778116658329964,
            0.0
          ],
          [
            -0.004354230128228664,
            0.9044920802116394,
            -0.426468163728714,
            0.0
          ],
          [
            0.026447279378771782,
            0.4264271855354309,
            0.9041351675987244,
            0.0
          ],
          [
            0.0,
            0.0,
            0.0,
            1.0
          ]
        ],
        "rotation_mode": "QUATERNION"
      },
      "armature_space": {
        "head": {
          "x": 0.6335087418556213,
          "y": -0.1763654202222824,
          "z": 0.21497096121311188
        },
        "tail": {
          "x": 0.6459178924560547,
          "y": -0.18142135441303253,
          "z": 0.18980096280574799
        }
      },
      "world_space": {
        "head": {
          "x": 0.6335087418556213,
          "y": -0.11312142014503479,
          "z": 1.1648249626159668
        },
        "tail": {
          "x": 0.6459178924560547,
          "y": -0.11817735433578491,
          "z": 1.1396549940109253
        },
        "rotation_quaternion": {
          "w": 0.44506704807281494,
          "x": -0.7218219637870789,
          "y": -0.4617999196052551,
          "z": 0.26005637645721436
        },
        "matrix": [
          [
            0.43822091817855835,
            0.4351898431777954,
            -0.7864937782287598,
            0.6335087418556213
          ],
          [
            0.8981608748435974,
            -0.17731164395809174,
            0.4023282825946808,
            -0.11312142014503479
          ],
          [
            0.03563573211431503,
            -0.8827128410339355,
            -0.46857497096061707,
            1.1648249626159668
          ],
          [
            0.0,
            0.0,
            0.0,
            1.0
          ]
        ]
      },
      "bone_length_armature_space": 0.02851452769845747,
      "parent": "metacarpal_index_l",
      "has_children": true,
      "is_end_bone": false
    },
    "index_02_l": {
      "name": "index_02_l",
      "local": {
        "location": {
          "x": 0.0,
          "y": 0.0,
          "z": 0.0
        },
        "rotation_quaternion": {
          "w": 0.9076021313667297,
          "x": 0.41981643438339233,
          "y": 0.0033093614038079977,
          "z": -0.0012913342798128724
        },
        "scale": {
          "x": 1.0,
          "y": 1.0,
          "z": 1.0
        },
        "matrix_basis": [
          [
            0.99997478723526,
            0.005122683942317963,
            0.004922920372337103,
            0.0
          ],
          [
            0.00043461311724968255,
            0.647504985332489,
            -0.7620611190795898,
            0.0
          ],
          [
            -0.007091413717716932,
            0.7620440125465393,
            0.6474864482879639,
            0.0
          ],
          [
            0.0,
            0.0,
            0.0,
            1.0
          ]
        ],
        "rotation_mode": "QUATERNION"
      },
      "armature_space": {
        "head": {
          "x": 0.6459177136421204,
          "y": -0.18142150342464447,
          "z": 0.1898004710674286
        },
        "tail": {
          "x": 0.6382880806922913,
          "y": -0.17743094265460968,
          "z": 0.1656351536512375
        }
      },
      "world_space": {
        "head": {
          "x": 0.6459177136421204,
          "y": -0.11817750334739685,
          "z": 1.139654517173767
        },
        "tail": {
          "x": 0.6382880806922913,
          "y": -0.11418694257736206,
          "z": 1.11548912525177
        },
        "rotation_quaternion": {
          "w": 0.6833935976028442,
          "x": -0.4714376628398895,
          "y": -0.3327949047088623,
          "z": 0.44717708230018616
        },
        "matrix": [
          [
            0.3785592317581177,
            -0.2974126636981964,
            -0.8764923810958862,
            0.6459177136421204
          ],
          [
            0.9249807000160217,
            0.15555739402770996,
            0.34671759605407715,
            -0.11817750334739685
          ],
          [
            0.033227741718292236,
            -0.9419978857040405,
            0.33399122953414917,
            1.139654517173767
          ],
          [
            0.0,
            0.0,
            0.0,
            1.0
          ]
        ]
      },
      "bone_length_armature_space": 0.02565342885082871,
      "parent": "index_01_l",
      "has_children": true,
      "is_end_bone": false
    },
    "index_03_l": {
      "name": "index_03_l",
      "local": {
        "location": {
          "x": 0.0,
          "y": 0.0,
          "z": 0.0
        },
        "rotation_quaternion": {
          "w": 0.9559268951416016,
          "x": 0.293488085269928,
          "y": 0.006309913471341133,
          "z": -0.005352483130991459
        },
        "scale": {
          "x": 1.0,
          "y": 1.0,
          "z": 1.0
        },
        "matrix_basis": [
          [
            0.9998630881309509,
            0.013936934061348438,
            0.008921852335333824,
            0.0
          ],
          [
            -0.006529396399855614,
            0.8276721835136414,
            -0.5611738562583923,
            0.0
          ],
          [
            -0.015205412171781063,
            0.5610387325286865,
            0.8276498317718506,
            0.0
          ],
          [
            0.0,
            0.0,
            0.0,
            1.0
          ]
        ],
        "rotation_mode": "QUATERNION"
      },
      "armature_space": {
        "head": {
          "x": 0.6382881999015808,
          "y": -0.17743101716041565,
          "z": 0.1656351089477539
        },
        "tail": {
          "x": 0.616912305355072,
          "y": -0.16415074467658997,
          "z": 0.15078791975975037
        }
      },
      "world_space": {
        "head": {
          "x": 0.6382881999015808,
          "y": -0.11418701708316803,
          "z": 1.11548912525177
        },
        "tail": {
          "x": 0.616912305355072,
          "y": -0.10090674459934235,
          "z": 1.1006419658660889
        },
        "rotation_quaternion": {
          "w": 0.8356132507324219,
          "x": -0.20625925064086914,
          "y": -0.17031517624855042,
          "z": 0.47979211807250977
        },
        "matrix": [
          [
            0.4815836548805237,
            -0.7315835952758789,
            -0.48255863785743713,
            0.6382881999015808
          ],
          [
            0.8721000552177429,
            0.4545130729675293,
            0.1812729388475418,
            -0.11418701708316803
          ],
          [
            0.08671428263187408,
            -0.508140504360199,
            0.8569061160087585,
            1.11548912525177
          ],
          [
            0.0,
            0.0,
            0.0,
            1.0
          ]
        ]
      },
      "bone_length_armature_space": 0.029218718715911706,
      "parent": "index_02_l",
      "has_children": false,
      "is_end_bone": true
    },
    "metacarpal_pinky_l": {
      "name": "metacarpal_pinky_l",
      "local": {
        "location": {
          "x": 0.0,
          "y": 0.0,
          "z": 0.0
        },
        "rotation_quaternion": {
          "w": 0.998329758644104,
          "x": -0.05614544823765755,
          "y": 0.004706502426415682,
          "z": -0.012773348018527031
        },
        "scale": {
          "x": 1.0,
          "y": 1.0,
          "z": 1.0
        },
        "matrix_basis": [
          [
            0.9996293783187866,
            0.024975528940558434,
            0.010831614024937153,
            0.0
          ],
          [
            -0.026032524183392525,
            0.9933690428733826,
            0.11198310554027557,
            0.0
          ],
          [
            -0.007962952367961407,
            -0.11222358047962189,
            0.9936510920524597,
            0.0
          ],
          [
            0.0,
            0.0,
            0.0,
            1.0
          ]
        ],
        "rotation_mode": "QUATERNION"
      },
      "armature_space": {
        "head": {
          "x": 0.5801931619644165,
          "y": -0.10792902857065201,
          "z": 0.2937315106391907
        },
        "tail": {
          "x": 0.6670293807983398,
          "y": -0.12439242005348206,
          "z": 0.23867067694664001
        }
      },
      "world_space": {
        "head": {
          "x": 0.5801931619644165,
          "y": -0.04468502849340439,
          "z": 1.2435855865478516
        },
        "tail": {
          "x": 0.6670293807983398,
          "y": -0.061148419976234436,
          "z": 1.1885247230529785
        },
        "rotation_quaternion": {
          "w": 0.4129231870174408,
          "x": 0.23635649681091309,
          "y": 0.500442624092102,
          "z": -0.7233167886734009
        },
        "matrix": [
          [
            -0.5472591519355774,
            0.8339149355888367,
            0.07136912643909454,
            0.5801931619644165
          ],
          [
            -0.3607858419418335,
            -0.15810304880142212,
            -0.9191502332687378,
            -0.04468502849340439
          ],
          [
            -0.7552149295806885,
            -0.5287662744522095,
            0.3873897194862366,
            1.2435855865478516
          ],
          [
            0.0,
            0.0,
            0.0,
            1.0
          ]
        ]
      },
      "bone_length_armature_space": 0.10413101299824241,
      "parent": "lowerarm_l",
      "has_children": true,
      "is_end_bone": false
    },
    "pinky_01_l": {
      "name": "pinky_01_l",
      "local": {
        "location": {
          "x": 0.0,
          "y": 0.0,
          "z": 0.0
        },
        "rotation_quaternion": {
          "w": 0.9496706128120422,
          "x": 0.3132355511188507,
          "y": 0.00219740136526525,
          "z": 0.002110437024384737
        },
        "scale": {
          "x": 1.0,
          "y": 1.0,
          "z": 1.0
        },
        "matrix_basis": [
          [
            0.9999814629554749,
            -0.002631831681355834,
            0.00549574289470911,
            0.0
          ],
          [
            0.005385048687458038,
            0.8037580847740173,
            -0.5949319005012512,
            0.0
          ],
          [
            -0.002851487137377262,
            0.5949504971504211,
            0.8037573099136353,
            0.0
          ],
          [
            0.0,
            0.0,
            0.0,
            1.0
          ]
        ],
        "rotation_mode": "QUATERNION"
      },
      "armature_space": {
        "head": {
          "x": 0.6670293807983398,
          "y": -0.12439242005348206,
          "z": 0.23867067694664001
        },
        "tail": {
