{
  "metadata": {
    "armature_name": "KIM_caucasian_male",
    "export_time": "2026-01-13T20:26:51.110963",
    "blender_version": "4.4.1",
    "bone_count": 56,
    "end_bone_count": 13,
    "spaces_included": [
      "LOCAL_CHANNELS",
      "ARMATURE_SPACE",
      "WORLD_SPACE"
    ],
    "note": "LOCAL matches Transform panel; replay pose via local.matrix_basis for best fidelity."
  },
  "bones": {
    "Root": {
      "name": "Root",
      "local": {
        "location": {
          "x": 0.0,
          "y": 0.0,
          "z": 0.0
        },
        "rotation_quaternion": {
          "w": 0.9997944235801697,
          "x": -0.0015601934865117073,
          "y": 0.008945029228925705,
          "z": -0.01812897063791752
        },
        "scale": {
          "x": 1.0,
          "y": 1.0,
          "z": 1.0
        },
        "matrix_basis": [
          [
            0.9991826415061951,
            0.03622257709503174,
            0.017942950129508972,
            0.0
          ],
          [
            -0.03627840057015419,
            0.9993377923965454,
            0.002795417094603181,
            0.0
          ],
          [
            -0.017829811200499535,
            -0.0034440739545971155,
            0.9998351335525513,
            0.0
          ],
          [
            0.0,
            0.0,
            0.0,
            1.0
          ]
        ],
        "rotation_mode": "QUATERNION"
      },
      "armature_space": {
        "head": {
          "x": 0.0,
          "y": 0.07072800397872925,
          "z": -0.009595036506652832
        },
        "tail": {
          "x": 0.0025854178238660097,
          "y": 7.988512516021729e-05,
          "z": 0.00023724045604467392
        }
      },
      "world_space": {
        "head": {
          "x": 0.0,
          "y": 0.13397200405597687,
          "z": 0.9402589797973633
        },
        "tail": {
          "x": 0.0025854178238660097,
          "y": 0.06332388520240784,
          "z": 0.9500912427902222
        },
        "rotation_quaternion": {
          "w": 0.06891044974327087,
          "x": 0.9974180459976196,
          "y": 0.01869039237499237,
          "z": 0.007703397423028946
        },
        "matrix": [
          [
            0.9991826415061951,
            0.03622257709503174,
            0.017942950129508972,
            0.0
          ],
          [
            0.03834596276283264,
            -0.9898039698600769,
            -0.13717757165431976,
            0.13397200405597687
          ],
          [
            0.012791203334927559,
            0.13775351643562317,
            -0.9903910160064697,
            0.9402589797973633
          ],
          [
            0.0,
            0.0,
            0.0,
            1.0
          ]
        ]
      },
      "bone_length_armature_space": 0.07137586826034993,
      "parent": null,
      "has_children": true,
      "is_end_bone": false
    },
    "spine_01": {
      "name": "spine_01",
      "local": {
        "location": {
          "x": 0.0,
          "y": 0.0,
          "z": 0.0
        },
        "rotation_quaternion": {
          "w": 0.9980462193489075,
          "x": -0.016458341851830482,
          "y": -0.04363284260034561,
          "z": 0.04158250615000725
        },
        "scale": {
          "x": 1.0,
          "y": 1.0,
          "z": 1.0
        },
        "matrix_basis": [
          [
            0.9927341341972351,
            -0.08156627416610718,
            -0.08846394717693329,
            0.0
          ],
          [
            0.08443877100944519,
            0.9960000514984131,
            0.029223645105957985,
            0.0
          ],
          [
            0.08572643250226974,
            -0.0364810973405838,
            0.995650589466095,
            0.0
          ],
          [
            0.0,
            0.0,
            0.0,
            1.0
          ]
        ],
        "rotation_mode": "QUATERNION"
      },
      "armature_space": {
        "head": {
          "x": 0.0025854178238660097,
          "y": 7.988512516021729e-05,
          "z": 0.00023724045604467392
        },
        "tail": {
          "x": -0.04499552398920059,
          "y": 0.0404166653752327,
          "z": 0.4842388331890106
        }
      },
      "world_space": {
        "head": {
          "x": 0.0025854178238660097,
          "y": 0.06332388520240784,
          "z": 0.9500912427902222
        },
        "tail": {
          "x": -0.04499552398920059,
          "y": 0.10366066545248032,
          "z": 1.4340928792953491
        },
        "rotation_quaternion": {
          "w": 0.7339105606079102,
          "x": 0.677001416683197,
          "y": -0.051996562629938126,
          "z": 0.01846150867640972
        },
        "matrix": [
          [
            0.99391108751297,
            -0.09750168770551682,
            -0.05132407322525978,
            0.0025854178238660097
          ],
          [
            -0.04330461472272873,
            0.08265712857246399,
            -0.9956367611885071,
            0.06332388520240784
          ],
          [
            0.10131923854351044,
            0.9918040633201599,
            0.07793119549751282,
            0.9500912427902222
          ],
          [
            0.0,
            0.0,
            0.0,
            1.0
          ]
        ]
      },
      "bone_length_armature_space": 0.48800466273612786,
      "parent": "Root",
      "has_children": true,
      "is_end_bone": false
    },
    "neck_01": {
      "name": "neck_01",
      "local": {
        "location": {
          "x": 0.0,
          "y": 0.0,
          "z": 0.0
        },
        "rotation_quaternion": {
          "w": 0.9828200340270996,
          "x": -0.10387928783893585,
          "y": 0.03271923586726189,
          "z": 0.14900803565979004
        },
        "scale": {
          "x": 1.0,
          "y": 1.0,
          "z": 1.0
        },
        "matrix_basis": [
          [
            0.9534521102905273,
            -0.29969385266304016,
            0.03335654363036156,
            0.0
          ],
          [
            0.286098450422287,
            0.9340113997459412,
            0.21394014358520508,
            0.0
          ],
          [
            -0.09527193754911423,
            -0.19443842768669128,
            0.9762771129608154,
            0.0
          ],
          [
            0.0,
            0.0,
            0.0,
            1.0
          ]
        ],
        "rotation_mode": "QUATERNION"
      },
      "armature_space": {
        "head": {
          "x": -0.0539143905043602,
          "y": 0.011939570307731628,
          "z": 0.5595598816871643
        },
        "tail": {
          "x": -0.09471262991428375,
          "y": 0.0034070778638124466,
          "z": 0.6532265543937683
        }
      },
      "world_space": {
        "head": {
          "x": -0.0539143905043602,
          "y": 0.07518357038497925,
          "z": 1.5094139575958252
        },
        "tail": {
          "x": -0.09471262991428375,
          "y": 0.06665107607841492,
          "z": 1.6030805110931396
        },
        "rotation_quaternion": {
          "w": 0.6600214838981628,
          "x": 0.7232388257980347,
          "y": -0.15085920691490173,
          "z": 0.1361578106880188
        },
        "matrix": [
          [
            0.9174050092697144,
            -0.3979487121105194,
            -0.0021935319527983665,
            -0.0539143905043602
          ],
          [
            -0.038482666015625,
            -0.08322650194168091,
            -0.995787501335144,
            0.07518357038497925
          ],
          [
            0.3960925042629242,
            0.9136311411857605,
            -0.09166815876960754,
            1.5094139575958252
          ],
          [
            0.0,
            0.0,
            0.0,
            1.0
          ]
        ]
      },
      "bone_length_armature_space": 0.10252192427117142,
      "parent": "spine_01",
      "has_children": true,
      "is_end_bone": false
    },
    "head": {
      "name": "head",
      "local": {
        "location": {
          "x": 0.0,
          "y": 0.0,
          "z": 0.0
        },
        "rotation_quaternion": {
          "w": 0.9829001426696777,
          "x": 0.07864710688591003,
          "y": -0.04432113841176033,
          "z": -0.16049157083034515
        },
        "scale": {
          "x": 1.0,
          "y": 1.0,
          "z": 1.0
        },
        "matrix_basis": [
          [
            0.9445561766624451,
            0.30852290987968445,
            -0.11237090080976486,
            0.0
          ],
          [
            -0.32246583700180054,
            0.9361141920089722,
            -0.1403781622648239,
            0.0
          ],
          [
            0.06188211217522621,
            0.16883084177970886,
            0.9837005138397217,
            0.0
          ],
          [
            0.0,
            0.0,
            0.0,
            1.0
          ]
        ],
        "rotation_mode": "QUATERNION"
      },
      "armature_space": {
        "head": {
          "x": -0.09471260011196136,
          "y": 0.003406928852200508,
          "z": 0.6532264947891235
        },
        "tail": {
          "x": -0.10857754945755005,
          "y": 0.017340881749987602,
          "z": 0.8070670962333679
        }
      },
      "world_space": {
        "head": {
          "x": -0.09471260011196136,
          "y": 0.06665092706680298,
          "z": 1.6030805110931396
        },
        "tail": {
          "x": -0.10857754945755005,
          "y": 0.08058488368988037,
          "z": 1.7569210529327393
        },
        "rotation_quaternion": {
          "w": 0.7309090495109558,
          "x": 0.6737292408943176,
          "y": -0.10341063886880875,
          "z": -0.03416452184319496
        },
        "matrix": [
          [
            0.9762781858444214,
            -0.08939924091100693,
            -0.19720225036144257,
            -0.09471260011196136
          ],
          [
            -0.18928326666355133,
            0.08984418213367462,
            -0.9778037071228027,
            0.06665092706680298
          ],
          [
            0.10513284802436829,
            0.9919425845146179,
            0.07079063355922699,
            1.6030805110931396
          ],
          [
            0.0,
            0.0,
            0.0,
            1.0
          ]
        ]
      },
      "bone_length_armature_space": 0.15509133819942775,
      "parent": "neck_01",
      "has_children": false,
      "is_end_bone": true
    },
    "upperarm_l": {
      "name": "upperarm_l",
      "local": {
        "location": {
          "x": 0.0,
          "y": 0.0,
          "z": 0.0
        },
        "rotation_quaternion": {
          "w": 0.8090224862098694,
          "x": 0.36285340785980225,
          "y": 0.3000844419002533,
          "z": 0.35180869698524475
        },
        "scale": {
          "x": 1.0,
          "y": 1.0,
          "z": 1.0
        },
        "matrix_basis": [
          [
            0.5723599195480347,
            -0.3514689803123474,
            0.740860104560852,
            0.0
          ],
          [
            0.7870156168937683,
            0.48913609981536865,
            -0.37596848607063293,
            0.0
          ],
          [
            -0.23024015128612518,
            0.7982577681541443,
            0.5565734505653381,
            0.0
          ],
          [
            0.0,
            0.0,
            0.0,
            1.0
          ]
        ],
        "rotation_mode": "QUATERNION"
      },
      "armature_space": {
        "head": {
          "x": 0.10156147181987762,
          "y": -0.0032865330576896667,
          "z": 0.5083494186401367
        },
        "tail": {
          "x": 0.2228541374206543,
          "y": -0.21218866109848022,
          "z": 0.6243484020233154
        }
      },
      "world_space": {
        "head": {
          "x": 0.10156147181987762,
          "y": 0.05995746701955795,
          "z": 1.4582034349441528
        },
        "tail": {
          "x": 0.2228541374206543,
          "y": -0.1489446610212326,
          "z": 1.5742024183273315
        },
        "rotation_quaternion": {
          "w": 0.281342089176178,
          "x": 0.9144048690795898,
          "y": 0.1762363612651825,
          "z": -0.23162735998630524
        },
        "matrix": [
          [
            0.8305791020393372,
            0.452636182308197,
            -0.32443615794181824,
            0.10156147181987762
          ],
          [
            0.19197019934654236,
            -0.779574453830719,
            -0.5961638689041138,
            0.05995746701955795
          ],
          [
            -0.5227709412574768,
            0.4328814744949341,
            -0.7343965172767639,
            1.4582034349441528
          ],
          [
            0.0,
            0.0,
            0.0,
            1.0
          ]
        ]
      },
      "bone_length_armature_space": 0.2679697202853995,
      "parent": "spine_01",
      "has_children": true,
      "is_end_bone": false
    },
    "lowerarm_l": {
      "name": "lowerarm_l",
      "local": {
        "location": {
          "x": 0.0,
          "y": 0.0,
          "z": 0.0
        },
        "rotation_quaternion": {
          "w": 0.9959621429443359,
          "x": 0.07807652652263641,
          "y": 0.012944002635776997,
          "z": 0.042379334568977356
        },
        "scale": {
          "x": 1.0,
          "y": 1.0,
          "z": 1.0
        },
        "matrix_basis": [
          [
            0.9960728883743286,
            -0.08239518105983734,
            0.03240113705396652,
            0.0
          ],
          [
            0.08643767237663269,
            0.9842160940170288,
            -0.15442541241645813,
            0.0
          ],
          [
            -0.01916581019759178,
            0.15661965310573578,
            0.9874730110168457,
            0.0
          ],
          [
            0.0,
            0.0,
            0.0,
            1.0
          ]
        ],
        "rotation_mode": "QUATERNION"
      },
      "armature_space": {
        "head": {
          "x": 0.22285406291484833,
          "y": -0.21218879520893097,
          "z": 0.6243484616279602
        },
        "tail": {
          "x": 0.2774663269519806,
          "y": -0.4602245092391968,
          "z": 0.7084032297134399
        }
      },
      "world_space": {
        "head": {
          "x": 0.22285406291484833,
          "y": -0.14894479513168335,
          "z": 1.574202537536621
        },
        "tail": {
          "x": 0.2774663269519806,
          "y": -0.39698052406311035,
          "z": 1.658257246017456
        },
        "rotation_quaternion": {
          "w": 0.18316757678985596,
          "x": 0.9402203559875488,
          "y": 0.05360895395278931,
          "z": -0.2820664644241333
        },
        "matrix": [
          [
            0.8351292610168457,
            0.2041393220424652,
            -0.5107701420783997,
            0.22285406291484833
          ],
          [
            -0.0025223372504115105,
            -0.9271513819694519,
            -0.3746785521507263,
            -0.14894479513168335
          ],
          [
            -0.5500516891479492,
            0.3141946792602539,
            -0.7737821340560913,
            1.574202537536621
          ],
          [
            0.0,
            0.0,
            0.0,
            1.0
          ]
        ]
      },
      "bone_length_armature_space": 0.2675246151268883,
      "parent": "upperarm_l",
      "has_children": true,
      "is_end_bone": false
    },
    "metacarpal_thumb_l": {
      "name": "metacarpal_thumb_l",
      "local": {
        "location": {
          "x": 0.0,
          "y": 0.0,
          "z": 0.0
        },
        "rotation_quaternion": {
          "w": 0.9993085861206055,
          "x": -0.027208372950553894,
          "y": 0.022564325481653214,
          "z": 0.011532936245203018
        },
        "scale": {
          "x": 1.0,
          "y": 1.0,
          "z": 1.0
        },
        "matrix_basis": [
          [
            0.9987156987190247,
            -0.02427780069410801,
            0.044469863176345825,
            0.0
          ],
          [
            0.021822046488523483,
            0.9982534050941467,
            0.054899588227272034,
            0.0
          ],
          [
            -0.045725032687187195,
            -0.05385865643620491,
            0.9975011348724365,
            0.0
          ],
          [
            0.0,
            0.0,
            0.0,
            1.0
          ]
        ],
        "rotation_mode": "QUATERNION"
      },
      "armature_space": {
        "head": {
          "x": 0.2774663269519806,
          "y": -0.4602245092391968,
          "z": 0.7084032297134399
        },
        "tail": {
          "x": 0.275241494178772,
          "y": -0.5074887275695801,
          "z": 0.6937494277954102
        }
      },
      "world_space": {
        "head": {
          "x": 0.2774663269519806,
          "y": -0.39698052406311035,
          "z": 1.658257246017456
        },
        "tail": {
          "x": 0.275241494178772,
          "y": -0.44424474239349365,
          "z": 1.6436034440994263
        },
        "rotation_quaternion": {
          "w": 0.12143559753894806,
          "x": -0.8726570010185242,
          "y": 0.09034255146980286,
          "z": -0.46428605914115906
        },
        "matrix": [
          [
            0.5525534749031067,
            -0.04491572082042694,
            0.8322662115097046,
            0.2774663269519806
          ],
          [
            -0.27043765783309937,
            -0.9541833400726318,
            0.12805217504501343,
            -0.39698052406311035
          ],
          [
            0.7883884310722351,
            -0.2958347499370575,
            -0.5393879413604736,
            1.658257246017456
          ],
          [
            0.0,
            0.0,
            0.0,
            1.0
          ]
        ]
      },
      "bone_length_armature_space": 0.049533727984132817,
      "parent": "lowerarm_l",
      "has_children": true,
      "is_end_bone": false
    },
    "thumb_01_l": {
      "name": "thumb_01_l",
      "local": {
        "location": {
          "x": 0.0,
          "y": 0.0,
          "z": 0.0
        },
        "rotation_quaternion": {
          "w": 0.9806932210922241,
          "x": 0.1950063407421112,
          "y": -0.006296644918620586,
          "z": -0.01318130362778902
        },
        "scale": {
          "x": 1.0,
          "y": 1.0,
          "z": 1.0
        },
        "matrix_basis": [
          [
            0.9995732307434082,
            0.023397859185934067,
            -0.01749102957546711,
            0.0
          ],
          [
            -0.028309401124715805,
            0.9235975742340088,
            -0.38231679797172546,
            0.0
          ],
          [
            0.007209278177469969,
            0.3826487958431244,
            0.9238657355308533,
            0.0
          ],
          [
            0.0,
            0.0,
            0.0,
            1.0
          ]
        ],
        "rotation_mode": "QUATERNION"
      },
      "armature_space": {
        "head": {
          "x": 0.275241494178772,
          "y": -0.5074887275695801,
          "z": 0.6937494277954102
        },
        "tail": {
          "x": 0.2991788685321808,
          "y": -0.5283008813858032,
          "z": 0.6814010143280029
        }
      },
      "world_space": {
        "head": {
          "x": 0.275241494178772,
          "y": -0.44424474239349365,
          "z": 1.6436034440994263
        },
        "tail": {
          "x": 0.2991788685321808,
          "y": -0.4650568962097168,
          "z": 1.631255030632019
        },
        "rotation_quaternion": {
          "w": 0.4204457104206085,
          "x": -0.1530425250530243,
          "y": 0.13232849538326263,
          "z": -0.8844731450080872
        },
        "matrix": [
          [
            -0.5996061563491821,
            0.703242301940918,
            0.38199830055236816,
            0.275241494178772
          ],
          [
            -0.7842496037483215,
            -0.6114291548728943,
            -0.10538823902606964,
            -0.44424474239349365
          ],
          [
            0.15945181250572205,
            -0.36277660727500916,
            0.9181406497955322,
            1.6436034440994263
          ],
          [
            0.0,
            0.0,
            0.0,
            1.0
          ]
        ]
      },
      "bone_length_armature_space": 0.034038610179356964,
      "parent": "metacarpal_thumb_l",
      "has_children": true,
      "is_end_bone": false
    },
    "thumb_02_l": {
      "name": "thumb_02_l",
      "local": {
        "location": {
          "x": 0.0,
          "y": 0.0,
          "z": 0.0
        },
        "rotation_quaternion": {
          "w": 0.9232785701751709,
          "x": 0.38411933183670044,
          "y": -0.0029795144218951464,
          "z": 0.0005132614751346409
        },
        "scale": {
          "x": 1.0,
          "y": 1.0,
          "z": 1.0
        },
        "matrix_basis": [
          [
            0.999981701374054,
            -0.003236744785681367,
            -0.005107536446303129,
            0.0
          ],
          [
            -0.001341211493127048,
            0.7049041390419006,
            -0.7093013525009155,
            0.0
          ],
          [
            0.005896151065826416,
            0.7092952132225037,
            0.7048869132995605,
            0.0
          ],
          [
            0.0,
            0.0,
            0.0,
            1.0
          ]
        ],
        "rotation_mode": "QUATERNION"
      },
      "armature_space": {
        "head": {
          "x": 0.2991788387298584,
          "y": -0.5283008813858032,
          "z": 0.6814009547233582
        },
        "tail": {
          "x": 0.28738167881965637,
          "y": -0.5447680354118347,
          "z": 0.7160831689834595
        }
      },
      "world_space": {
        "head": {
          "x": 0.2991788387298584,
          "y": -0.4650568962097168,
          "z": 1.6312549114227295
        },
        "tail": {
          "x": 0.28738167881965637,
          "y": -0.4815240502357483,
          "z": 1.6659371852874756
        },
        "rotation_quaternion": {
          "w": 0.045647621154785156,
          "x": 0.33624255657196045,
          "y": -0.541220486164093,
          "z": -0.7693748474121094
        },
        "matrix": [
          [
            -0.7697156667709351,
            -0.29372161626815796,
            -0.5668027997016907,
            0.2991788387298584
          ],
          [
            -0.43420156836509705,
            -0.409993976354599,
            0.8021057844161987,
            -0.4650568962097168
          ],
          [
            -0.4679853320121765,
            0.8635057806968689,
            0.18804654479026794,
            1.6312549114227295
          ],
          [
            0.0,
            0.0,
            0.0,
            1.0
          ]
        ]
      },
      "bone_length_armature_space": 0.04016461255845711,
      "parent": "thumb_01_l",
      "has_children": true,
      "is_end_bone": false
    },
    "thumb_03_l": {
      "name": "thumb_03_l",
      "local": {
        "location": {
          "x": 0.0,
          "y": 0.0,
          "z": 0.0
        },
        "rotation_quaternion": {
          "w": 0.9778399467468262,
          "x": 0.20934361219406128,
          "y": -0.0016937542241066694,
          "z": -0.0012050882214680314
        },
        "scale": {
          "x": 1.0,
          "y": 1.0,
          "z": 1.0
        },
        "matrix_basis": [
          [
            0.9999913573265076,
            0.001647613593377173,
            -0.0038169962354004383,
            0.0
          ],
          [
            -0.0030659199692308903,
            0.9123476147651672,
            -0.40940502285957336,
            0.0
          ],
          [
            0.0028078861068934202,
            0.4094131886959076,
            0.912344753742218,
            0.0
          ],
          [
            0.0,
            0.0,
            0.0,
            1.0
          ]
        ],
        "rotation_mode": "QUATERNION"
      },
      "armature_space": {
        "head": {
          "x": 0.28738167881965637,
          "y": -0.5447680950164795,
          "z": 0.7160831093788147
        },
        "tail": {
          "x": 0.2694171369075775,
          "y": -0.5397276282310486,
          "z": 0.7401407361030579
        }
      },
      "world_space": {
        "head": {
          "x": 0.28738167881965637,
          "y": -0.48152410984039307,
          "z": 1.6659371852874756
        },
        "tail": {
          "x": 0.2694171369075775,
          "y": -0.47648364305496216,
          "z": 1.6899948120117188
        },
        "rotation_quaternion": {
          "w": 0.09299352020025253,
          "x": 0.4466402530670166,
          "y": -0.7577155232429504,
          "z": -0.4666175842285156
        },
        "matrix": [
          [
            -0.5837271809577942,
            -0.5900677442550659,
            -0.5577478408813477,
            0.28738167881965637
          ],
          [
            -0.7636392712593079,
            0.16555996239185333,
            0.6240550875663757,
            -0.48152410984039307
          ],
          [
            -0.27589675784111023,
            0.7902018427848816,
            -0.5472440719604492,
            1.6659371852874756
          ],
          [
            0.0,
            0.0,
            0.0,
            1.0
          ]
        ]
      },
      "bone_length_armature_space": 0.030445040803258123,
      "parent": "thumb_02_l",
      "has_children": false,
      "is_end_bone": true
    },
    "metacarpal_index_l": {
      "name": "metacarpal_index_l",
      "local": {
        "location": {
          "x": 0.0,
          "y": 0.0,
          "z": 0.0
        },
        "rotation_quaternion": {
          "w": 0.9999870657920837,
          "x": 0.004985333885997534,
          "y": 0.0009034997783601284,
          "z": 0.0005756361060775816
        },
        "scale": {
          "x": 1.0,
          "y": 1.0,
          "z": 1.0
        },
        "matrix_basis": [
          [
            0.9999976754188538,
            -0.0011422488605603576,
            0.0018127156654372811,
            0.0
          ],
          [
            0.0011602657614275813,
            0.9999496340751648,
            -0.009969498962163925,
            0.0
          ],
          [
            -0.0018012367654591799,
            0.009971578605473042,
            0.9999486804008484,
            0.0
          ],
          [
            0.0,
            0.0,
            0.0,
            1.0
          ]
        ],
        "rotation_mode": "QUATERNION"
      },
      "armature_space": {
        "head": {
          "x": 0.2774663269519806,
          "y": -0.4602245092391968,
          "z": 0.7084032297134399
        },
        "tail": {
          "x": 0.2871808409690857,
          "y": -0.5769556164741516,
          "z": 0.7113521099090576
        }
      },
      "world_space": {
        "head": {
          "x": 0.2774663269519806,
          "y": -0.39698052406311035,
          "z": 1.658257246017456
        },
        "tail": {
          "x": 0.2871808409690857,
          "y": -0.5137116312980652,
          "z": 1.6612061262130737
        },
        "rotation_quaternion": {
          "w": 0.004892905242741108,
          "x": 0.9826229810714722,
          "y": 0.04308602213859558,
          "z": 0.18047647178173065
        },
        "matrix": [
          [
            0.931143581867218,
            0.08290844410657883,
            0.3551022708415985,
            0.2774663269519806
          ],
          [
            0.08644088357686996,
            -0.9962393641471863,
            0.005935894325375557,
            -0.39698052406311035
          ],
          [
            0.35426151752471924,
            0.02516738325357437,
            -0.9348151683807373,
            1.658257246017456
          ],
          [
            0.0,
            0.0,
            0.0,
            1.0
          ]
        ]
      },
      "bone_length_armature_space": 0.11717175169347725,
      "parent": "lowerarm_l",
      "has_children": true,
      "is_end_bone": false
    },
    "index_01_l": {
      "name": "index_01_l",
      "local": {
        "location": {
          "x": 0.0,
          "y": 0.0,
          "z": 0.0
        },
        "rotation_quaternion": {
          "w": 0.9673759341239929,
          "x": 0.25269150733947754,
          "y": -0.014823046512901783,
          "z": -0.010543410666286945
        },
        "scale": {
          "x": 1.0,
          "y": 1.0,
          "z": 1.0
        },
        "matrix_basis": [
          [
            0.9993382096290588,
            0.01290756743401289,
            -0.03400737792253494,
            0.0
          ],
          [
            -0.027890199795365334,
            0.8720716834068298,
            -0.4885827898979187,
            0.0
          ],
          [
            0.023350456729531288,
            0.489207923412323,
            0.8718545436859131,
            0.0
          ],
          [
            0.0,
            0.0,
            0.0,
            1.0
          ]
        ],
        "rotation_mode": "QUATERNION"
      },
      "armature_space": {
        "head": {
          "x": 0.2871808409690857,
          "y": -0.5769556164741516,
          "z": 0.7113521099090576
        },
        "tail": {
          "x": 0.30197596549987793,
          "y": -0.6006377339363098,
          "z": 0.705578625202179
        }
      },
      "world_space": {
        "head": {
          "x": 0.2871808409690857,
          "y": -0.5137116312980652,
          "z": 1.6612061262130737
        },
        "tail": {
          "x": 0.30197596549987793,
          "y": -0.5373937487602234,
          "z": 1.6554327011108398
        },
        "rotation_quaternion": {
          "w": 0.13974511623382568,
          "x": -0.9487845301628113,
          "y": -0.25535356998443604,
          "z": -0.1227761059999466
        },
        "matrix": [
          [
            0.8394412398338318,
            0.518865704536438,
            0.161606565117836,
            0.2871808409690857
          ],
          [
            0.45023661851882935,
            -0.8305318355560303,
            0.32787826657295227,
            -0.5137116312980652
          ],
          [
            0.3043467104434967,
            -0.20247557759284973,
            -0.9308010935783386,
            1.6612061262130737
          ],
          [
            0.0,
            0.0,
            0.0,
            1.0
          ]
        ]
      },
      "bone_length_armature_space": 0.02851440914138824,
      "parent": "metacarpal_index_l",
      "has_children": true,
      "is_end_bone": false
    },
    "index_02_l": {
      "name": "index_02_l",
      "local": {
        "location": {
          "x": 0.0,
          "y": 0.0,
          "z": 0.0
        },
        "rotation_quaternion": {
          "w": 0.9293062686920166,
          "x": 0.3690664768218994,
          "y": 0.013004293665289879,
          "z": 0.003283500438556075
        },
        "scale": {
          "x": 1.0,
          "y": 1.0,
          "z": 1.0
        },
        "matrix_basis": [
          [
            0.9996402263641357,
            0.0034961425699293613,
            0.026593603193759918,
            0.0
          ],
          [
            0.0157016534358263,
            0.7275583148002625,
            -0.6858661770820618,
            0.0
          ],
          [
            -0.021746283397078514,
            0.686037003993988,
            0.7272416353225708,
            0.0
          ],
          [
            0.0,
            0.0,
            0.0,
            1.0
          ]
        ],
        "rotation_mode": "QUATERNION"
      },
      "armature_space": {
        "head": {
          "x": 0.3019760251045227,
          "y": -0.6006380319595337,
          "z": 0.7055782079696655
        },
        "tail": {
          "x": 0.3143189549446106,
          "y": -0.6113218069076538,
          "z": 0.685789167881012
        }
      },
      "world_space": {
        "head": {
          "x": 0.3019760251045227,
          "y": -0.5373940467834473,
          "z": 1.6554322242736816
        },
        "tail": {
          "x": 0.3143189549446106,
          "y": -0.5480778217315674,
          "z": 1.6356432437896729
        },
        "rotation_quaternion": {
          "w": 0.4593327045440674,
          "x": -0.841560959815979,
          "y": -0.28421750664711,
          "z": -0.0030164748895913363
        },
        "matrix": [
          [
            0.8384217619895935,
            0.4811441898345947,
            -0.256025493144989,
            0.3019760251045227
          ],
          [
            0.47560352087020874,
            -0.4164675772190094,
            0.7748266458511353,
            -0.5373940467834473
          ],
          [
            0.26617932319641113,
            -0.771403968334198,
            -0.5780126452445984,
            1.6554322242736816
          ],
          [
            0.0,
            0.0,
            0.0,
            1.0
          ]
        ]
      },
      "bone_length_armature_space": 0.025653402473676166,
      "parent": "index_01_l",
      "has_children": true,
      "is_end_bone": false
    },
    "index_03_l": {
      "name": "index_03_l",
      "local": {
        "location": {
          "x": 0.0,
          "y": 0.0,
          "z": 0.0
        },
        "rotation_quaternion": {
          "w": 0.967503547668457,
          "x": 0.25274011492729187,
          "y": 0.006661221385002136,
          "z": 0.003895548405125737
        },
        "scale": {
          "x": 1.0,
          "y": 1.0,
          "z": 1.0
        },
        "matrix_basis": [
          [
            0.9998809099197388,
            -0.004170798230916262,
            0.014858633279800415,
            0.0
          ],
          [
            0.010905029252171516,
            0.8722144961357117,
            -0.4890020191669464,
            0.0
          ],
          [
            -0.0109203876927495,
            0.48910582065582275,
            0.8721561431884766,
            0.0
          ],
          [
            0.0,
            0.0,
            0.0,
            1.0
          ]
        ],
        "rotation_mode": "QUATERNION"
      },
      "armature_space": {
        "head": {
          "x": 0.3143189549446106,
          "y": -0.6113219261169434,
          "z": 0.6857892274856567
        },
        "tail": {
          "x": 0.3242688477039337,
          "y": -0.6070507168769836,
          "z": 0.6586507558822632
        }
      },
      "world_space": {
        "head": {
          "x": 0.3143189549446106,
          "y": -0.5480779409408569,
          "z": 1.6356432437896729
        },
        "tail": {
          "x": 0.3242688477039337,
          "y": -0.5438067317008972,
          "z": 1.6085047721862793
        },
        "rotation_quaternion": {
          "w": 0.6959542632102966,
          "x": -0.6524648070335388,
          "y": -0.29789021611213684,
          "z": 0.03462444990873337
        },
        "matrix": [
          [
            0.8201238512992859,
            0.34053149819374084,
            -0.45982053875923157,
            0.3143189549446106
          ],
          [
            0.43692246079444885,
            0.14618122577667236,
            0.887541651725769,
            -0.5480779409408569
          ],
          [
            0.3694559633731842,
            -0.9288063049316406,
            -0.0288984477519989,
            1.6356432437896729
          ],
          [
            0.0,
            0.0,
            0.0,
            1.0
          ]
        ]
      },
      "bone_length_armature_space": 0.029218833668157192,
      "parent": "index_02_l",
      "has_children": false,
      "is_end_bone": true
    },
    "metacarpal_pinky_l": {
      "name": "metacarpal_pinky_l",
      "local": {
        "location": {
          "x": 0.0,
          "y": 0.0,
          "z": 0.0
        },
        "rotation_quaternion": {
          "w": 0.9999595284461975,
          "x": 0.0036085043102502823,
          "y": 0.007715623360127211,
          "z": 0.0029198750853538513
        },
        "scale": {
          "x": 1.0,
          "y": 1.0,
          "z": 1.0
        },
        "matrix_basis": [
          [
            0.999863862991333,
            -0.005783830303698778,
            0.015451694838702679,
            0.0
          ],
          [
            0.00589519739151001,
            0.9999569058418274,
            -0.007171659264713526,
            0.0
          ],
          [
            -0.015409549698233604,
            0.0072617740370333195,
            0.9998549222946167,
            0.0
          ],
          [
            0.0,
            0.0,
            0.0,
            1.0
          ]
        ],
        "rotation_mode": "QUATERNION"
      },
      "armature_space": {
        "head": {
          "x": 0.2774663269519806,
          "y": -0.4602245092391968,
          "z": 0.7084032297134399
        },
        "tail": {
          "x": 0.3137519359588623,
          "y": -0.540118396282196,
          "z": 0.7644707560539246
        }
      },
      "world_space": {
        "head": {
          "x": 0.2774663269519806,
          "y": -0.39698052406311035,
          "z": 1.658257246017456
        },
        "tail": {
          "x": 0.3137519359588623,
          "y": -0.4768744111061096,
          "z": 1.714324712753296
        },
        "rotation_quaternion": {
          "w": 0.31945091485977173,
          "x": 0.5597885847091675,
          "y": -0.11969798058271408,
          "z": -0.7551558613777161
        },
        "matrix": [
          [
            -0.16917583346366882,
            0.34846195578575134,
            -0.9219294190406799,
            0.2774663269519806
          ],
          [
            -0.6164823174476624,
            -0.7672460079193115,
            -0.1768706738948822,
            -0.39698052406311035
          ],
          [
            -0.7689851522445679,
            0.5384339690208435,
            0.34462225437164307,
            1.658257246017456
          ],
          [
            0.0,
            0.0,
            0.0,
            1.0
          ]
        ]
      },
      "bone_length_armature_space": 0.1041309080487799,
      "parent": "lowerarm_l",
      "has_children": true,
      "is_end_bone": false
    },
    "pinky_01_l": {
      "name": "pinky_01_l",
      "local": {
        "location": {
          "x": 0.0,
          "y": 0.0,
          "z": 0.0
        },
        "rotation_quaternion": {
          "w": 0.9454584121704102,
          "x": 0.32481104135513306,
          "y": 0.014404228888452053,
          "z": 0.01997145265340805
        },
        "scale": {
          "x": 1.0,
          "y": 1.0,
          "z": 1.0
        },
        "matrix_basis": [
          [
            0.9987873435020447,
            -0.028407050296664238,
            0.04021109640598297,
            0.0
          ],
          [
            0.04712166264653206,
            0.7881978750228882,
            -0.6136153340339661,
            0.0
          ],
          [
            -0.014263302087783813,
            0.614766001701355,
            0.788580596446991,
            0.0
          ],
          [
            0.0,
            0.0,
            0.0,
            1.0
          ]
        ],
        "rotation_mode": "QUATERNION"
      },
      "armature_space": {
        "head": {
          "x": 0.3137519359588623,
          "y": -0.540118396282196,
          "z": 0.7644707560539246
        },
        "tail": {
          "x": 0.3297368586063385,
