{
  "metadata": {
    "armature_name": "KIM_caucasian_male",
    "export_time": "2026-01-13T19:11:28.485329",
    "blender_version": "4.4.1",
    "bone_count": 56,
    "end_bone_count": 13,
    "spaces_included": [
      "LOCAL_CHANNELS",
      "ARMATURE_SPACE",
      "WORLD_SPACE"
    ],
    "note": "LOCAL matches Transform panel; replay pose via local.matrix_basis for best fidelity."
  },
  "bones": {
    "Root": {
      "name": "Root",
      "local": {
        "location": {
          "x": 0.0,
          "y": 0.0,
          "z": 0.0
        },
        "rotation_quaternion": {
          "w": 0.9997377395629883,
          "x": -0.013619226403534412,
          "y": -0.01365999598056078,
          "z": 0.012342959642410278
        },
        "scale": {
          "x": 1.0,
          "y": 1.0,
          "z": 1.0
        },
        "matrix_basis": [
          [
            0.9993221163749695,
            -0.0243073683232069,
            -0.027649030089378357,
            0.0
          ],
          [
            0.025051523000001907,
            0.9993243217468262,
            0.02689410001039505,
            0.0
          ],
          [
            0.026976624503731728,
            -0.027568519115447998,
            0.9992558360099792,
            0.0
          ],
          [
            0.0,
            0.0,
            0.0,
            1.0
          ]
        ],
        "rotation_mode": "QUATERNION"
      },
      "armature_space": {
        "head": {
          "x": 0.0,
          "y": 0.07072800397872925,
          "z": -0.009595036506652832
        },
        "tail": {
          "x": -0.0017349595436826348,
          "y": 0.00031231343746185303,
          "z": 0.0019433964043855667
        }
      },
      "world_space": {
        "head": {
          "x": 0.0,
          "y": 0.13397200405597687,
          "z": 0.9402589797973633
        },
        "tail": {
          "x": -0.0017349595436826348,
          "y": 0.06355631351470947,
          "z": 0.9517974257469177
        },
        "rotation_quaternion": {
          "w": 0.08093827217817307,
          "x": 0.996549129486084,
          "y": -0.013235162943601608,
          "z": -0.012797442264854908
        },
        "matrix": [
          [
            0.9993221163749695,
            -0.0243073683232069,
            -0.027649030089378357,
            0.0
          ],
          [
            -0.02845059335231781,
            -0.986547589302063,
            -0.16097964346408844,
            0.13397200405597687
          ],
          [
            -0.02336428314447403,
            0.16165733337402344,
            -0.9865773916244507,
            0.9402589797973633
          ],
          [
            0.0,
            0.0,
            0.0,
            1.0
          ]
        ]
      },
      "bone_length_armature_space": 0.0713758699901209,
      "parent": null,
      "has_children": true,
      "is_end_bone": false
    },
    "spine_01": {
      "name": "spine_01",
      "local": {
        "location": {
          "x": 0.0,
          "y": 0.0,
          "z": 0.0
        },
        "rotation_quaternion": {
          "w": 0.9970571994781494,
          "x": 0.019322551786899567,
          "y": 0.02229522168636322,
          "z": 0.07075770944356918
        },
        "scale": {
          "x": 1.0,
          "y": 1.0,
          "z": 1.0
        },
        "matrix_basis": [
          [
            0.9889925122261047,
            -0.14023736119270325,
            0.04719366133213043,
            0.0
          ],
          [
            0.14196056127548218,
            0.9892399907112122,
            -0.03537626191973686,
            0.0
          ],
          [
            -0.041724782437086105,
            0.04168649762868881,
            0.9982591271400452,
            0.0
          ],
          [
            0.0,
            0.0,
            0.0,
            1.0
          ]
        ],
        "rotation_mode": "QUATERNION"
      },
      "armature_space": {
        "head": {
          "x": -0.0017349595436826348,
          "y": 0.00031231343746185303,
          "z": 0.0019433964043855667
        },
        "tail": {
          "x": -0.058403048664331436,
          "y": 0.017495643347501755,
          "z": 0.4863419532775879
        }
      },
      "world_space": {
        "head": {
          "x": -0.0017349595436826348,
          "y": 0.06355631351470947,
          "z": 0.9517974257469177
        },
        "tail": {
          "x": -0.058403048664331436,
          "y": 0.08073964715003967,
          "z": 1.436195969581604
        },
        "rotation_quaternion": {
          "w": 0.7186781167984009,
          "x": 0.6928361654281616,
          "y": -0.03327709808945656,
          "z": 0.04870867729187012
        },
        "matrix": [
          [
            0.993040144443512,
            -0.11612284183502197,
            0.019663982093334198,
            -0.0017349595436826348
          ],
          [
            0.023901399224996567,
            0.035211652517318726,
            -0.9990941286087036,
            0.06355631351470947
          ],
          [
            0.11532606929540634,
            0.9926174879074097,
            0.037741437554359436,
            0.9517974257469177
          ],
          [
            0.0,
            0.0,
            0.0,
            1.0
          ]
        ]
      },
      "bone_length_armature_space": 0.48800460378353916,
      "parent": "Root",
      "has_children": true,
      "is_end_bone": false
    },
    "neck_01": {
      "name": "neck_01",
      "local": {
        "location": {
          "x": 0.0,
          "y": 0.0,
          "z": 0.0
        },
        "rotation_quaternion": {
          "w": 0.9871772527694702,
          "x": 0.018571415916085243,
          "y": 0.05311109870672226,
          "z": 0.1493832767009735
        },
        "scale": {
          "x": 1.0,
          "y": 1.0,
          "z": 1.0
        },
        "matrix_basis": [
          [
            0.9497277140617371,
            -0.29296284914016724,
            0.11040865629911423,
            0.0
          ],
          [
            0.2969082295894623,
            0.9546794891357422,
            -0.020798739045858383,
            0.0
          ],
          [
            -0.09931161999702454,
            0.052534379065036774,
            0.9936686158180237,
            0.0
          ],
          [
            0.0,
            0.0,
            0.0,
            1.0
          ]
        ],
        "rotation_mode": "QUATERNION"
      },
      "armature_space": {
        "head": {
          "x": -0.06622342765331268,
          "y": -0.014575239270925522,
          "z": 0.5603287220001221
        },
        "tail": {
          "x": -0.10550856590270996,
          "y": -0.05425504222512245,
          "z": 0.6463107466697693
        }
      },
      "world_space": {
        "head": {
          "x": -0.06622342765331268,
          "y": 0.0486687608063221,
          "z": 1.5101827383041382
        },
        "tail": {
          "x": -0.10550856590270996,
          "y": 0.008988957852125168,
          "z": 1.5961647033691406
        },
        "rotation_quaternion": {
          "w": 0.5416519641876221,
          "x": 0.8126361966133118,
          "y": -0.1144263818860054,
          "z": 0.18205013871192932
        },
        "matrix": [
          [
            0.9075289368629456,
            -0.3831898272037506,
            0.17192086577415466,
            -0.06622342765331268
          ],
          [
            0.0112399160861969,
            -0.387039452791214,
            -0.9219948649406433,
            0.0486687608063221
          ],
          [
            0.41984209418296814,
            0.8386746644973755,
            -0.34694573283195496,
            1.5101827383041382
          ],
          [
            0.0,
            0.0,
            0.0,
            1.0
          ]
        ]
      },
      "bone_length_armature_space": 0.1025217893220607,
      "parent": "spine_01",
      "has_children": true,
      "is_end_bone": false
    },
    "head": {
      "name": "head",
      "local": {
        "location": {
          "x": 0.0,
          "y": 0.0,
          "z": 0.0
        },
        "rotation_quaternion": {
          "w": 0.9956875443458557,
          "x": 0.07793623954057693,
          "y": -0.03488253429532051,
          "z": -0.03627200424671173
        },
        "scale": {
          "x": 1.0,
          "y": 1.0,
          "z": 1.0
        },
        "matrix_basis": [
          [
            0.9949350953102112,
            0.06679394096136093,
            -0.07511802017688751,
            0.0
          ],
          [
            -0.07766839116811752,
            0.9852205514907837,
            -0.1526697725057602,
            0.0
          ],
          [
            0.06381040066480637,
            0.1577308028936386,
            0.9854183197021484,
            0.0
          ],
          [
            0.0,
            0.0,
            0.0,
            1.0
          ]
        ],
        "rotation_mode": "QUATERNION"
      },
      "armature_space": {
        "head": {
          "x": -0.10550850629806519,
          "y": -0.054255157709121704,
          "z": 0.6463106274604797
        },
        "tail": {
          "x": -0.15981845557689667,
          "y": -0.0828351229429245,
          "z": 0.7887426018714905
        }
      },
      "world_space": {
        "head": {
          "x": -0.10550850629806519,
          "y": 0.008988842368125916,
          "z": 1.5961647033691406
        },
        "tail": {
          "x": -0.15981845557689667,
          "y": -0.01959112286567688,
          "z": 1.7385966777801514
        },
        "rotation_quaternion": {
          "w": 0.6246941089630127,
          "x": 0.7602894902229309,
          "y": -0.1327306032180786,
          "z": 0.11874241381883621
        },
        "matrix": [
          [
            0.936565637588501,
            -0.35018298029899597,
            0.01472337543964386,
            -0.10550850629806519
          ],
          [
            -0.05347389727830887,
            -0.18427962064743042,
            -0.9814183115959167,
            0.008988842368125916
          ],
          [
            0.3463914692401886,
            0.9183814525604248,
            -0.1913178712129593,
            1.5961647033691406
          ],
          [
            0.0,
            0.0,
            0.0,
            1.0
          ]
        ]
      },
      "bone_length_armature_space": 0.1550911098687409,
      "parent": "neck_01",
      "has_children": false,
      "is_end_bone": true
    },
    "upperarm_l": {
      "name": "upperarm_l",
      "local": {
        "location": {
          "x": 0.0,
          "y": 0.0,
          "z": 0.0
        },
        "rotation_quaternion": {
          "w": 0.8003987073898315,
          "x": 0.3218410015106201,
          "y": 0.2769468128681183,
          "z": 0.4231793284416199
        },
        "scale": {
          "x": 1.0,
          "y": 1.0,
          "z": 1.0
        },
        "matrix_basis": [
          [
            0.4884394407272339,
            -0.49915871024131775,
            0.7157286405563354,
            0.0
          ],
          [
            0.855690062046051,
            0.4346752464771271,
            -0.28080591559410095,
            0.0
          ],
          [
            -0.17094282805919647,
            0.7495985627174377,
            0.6394376754760742,
            0.0
          ],
          [
            0.0,
            0.0,
            0.0,
            1.0
          ]
        ],
        "rotation_mode": "QUATERNION"
      },
      "armature_space": {
        "head": {
          "x": 0.0905996635556221,
          "y": -0.016542762517929077,
          "z": 0.5110364556312561
        },
        "tail": {
          "x": 0.20616061985492706,
          "y": -0.2081785649061203,
          "z": 0.6584450006484985
        }
      },
      "world_space": {
        "head": {
          "x": 0.0905996635556221,
          "y": 0.04670123755931854,
          "z": 1.460890531539917
        },
        "tail": {
          "x": 0.20616061985492706,
          "y": -0.14493456482887268,
          "z": 1.6082990169525146
        },
        "rotation_quaternion": {
          "w": 0.33280083537101746,
          "x": 0.9120981693267822,
          "y": 0.17796972393989563,
          "z": -0.1601480096578598
        },
        "matrix": [
          [
            0.8853588700294495,
            0.4312467873096466,
            -0.17368346452713013,
            0.0905996635556221
          ],
          [
            0.21805773675441742,
            -0.7151405215263367,
            -0.6640973091125488,
            0.04670123755931854
          ],
          [
            -0.4106005132198334,
            0.5500945448875427,
            -0.7271982431411743,
            1.460890531539917
          ],
          [
            0.0,
            0.0,
            0.0,
            1.0
          ]
        ]
      },
      "bone_length_armature_space": 0.2679699514045142,
      "parent": "spine_01",
      "has_children": true,
      "is_end_bone": false
    },
    "lowerarm_l": {
      "name": "lowerarm_l",
      "local": {
        "location": {
          "x": 0.0,
          "y": 0.0,
          "z": 0.0
        },
        "rotation_quaternion": {
          "w": 0.8695050477981567,
          "x": 0.3577551543712616,
          "y": -0.21340525150299072,
          "z": 0.26538729667663574
        },
        "scale": {
          "x": 1.0,
          "y": 1.0,
          "z": 1.0
        },
        "matrix_basis": [
          [
            0.7680555582046509,
            -0.6142048239707947,
            -0.18122653663158417,
            0.0
          ],
          [
            0.3088175356388092,
            0.6031616926193237,
            -0.7354099154472351,
            0.0
          ],
          [
            0.5610012412071228,
            0.5088697671890259,
            0.6529389023780823,
            0.0
          ],
          [
            0.0,
            0.0,
            0.0,
            1.0
          ]
        ],
        "rotation_mode": "QUATERNION"
      },
      "armature_space": {
        "head": {
          "x": 0.2061605453491211,
          "y": -0.20817868411540985,
          "z": 0.6584450006484985
        },
        "tail": {
          "x": 0.0712738186120987,
          "y": -0.4315263032913208,
          "z": 0.7175279855728149
        }
      },
      "world_space": {
        "head": {
          "x": 0.2061605453491211,
          "y": -0.14493468403816223,
          "z": 1.6082990169525146
        },
        "tail": {
          "x": 0.0712738186120987,
          "y": -0.3682823181152344,
          "z": 1.667382001876831
        },
        "rotation_quaternion": {
          "w": 0.009612588211894035,
          "x": 0.8897184729576111,
          "y": -0.28718191385269165,
          "z": -0.3547327220439911
        },
        "matrix": [
          [
            0.583382248878479,
            -0.5042033195495605,
            -0.636745035648346,
            0.2061605453491211
          ],
          [
            -0.5178424119949341,
            -0.8348680138587952,
            0.18664151430130005,
            -0.14493468403816223
          ],
          [
            -0.6257081031799316,
            0.2208508551120758,
            -0.7481499314308167,
            1.6082990169525146
          ],
          [
            0.0,
            0.0,
            0.0,
            1.0
          ]
        ]
      },
      "bone_length_armature_space": 0.26752455551031484,
      "parent": "upperarm_l",
      "has_children": true,
      "is_end_bone": false
    },
    "metacarpal_thumb_l": {
      "name": "metacarpal_thumb_l",
      "local": {
        "location": {
          "x": 0.0,
          "y": 0.0,
          "z": 0.0
        },
        "rotation_quaternion": {
          "w": 0.9990695714950562,
          "x": -0.03831619769334793,
          "y": 0.016117995604872704,
          "z": -0.011489960364997387
        },
        "scale": {
          "x": 1.0,
          "y": 1.0,
          "z": 1.0
        },
        "matrix_basis": [
          [
            0.9992163777351379,
            0.02172337844967842,
            0.03308650106191635,
            0.0
          ],
          [
            -0.024193700402975082,
            0.9967997074127197,
            0.07619070261716843,
            0.0
          ],
          [
            -0.03132549300789833,
            -0.07693148404359818,
            0.9965441823005676,
            0.0
          ],
          [
            0.0,
            0.0,
            0.0,
            1.0
          ]
        ],
        "rotation_mode": "QUATERNION"
      },
      "armature_space": {
        "head": {
          "x": 0.0712738186120987,
          "y": -0.4315263032913208,
          "z": 0.7175279855728149
        },
        "tail": {
          "x": 0.03603539615869522,
          "y": -0.46261003613471985,
          "z": 0.701854944229126
        }
      },
      "world_space": {
        "head": {
          "x": 0.0712738186120987,
          "y": -0.3682823181152344,
          "z": 1.667382001876831
        },
        "tail": {
          "x": 0.03603539615869522,
          "y": -0.39936602115631104,
          "z": 1.651708960533142
        },
        "rotation_quaternion": {
          "w": 0.036128848791122437,
          "x": 0.7906548380851746,
          "y": -0.4300353527069092,
          "z": 0.4343148171901703
        },
        "matrix": [
          [
            0.2528792917728424,
            -0.7114034295082092,
            0.6557111740112305,
            0.0712738186120987
          ],
          [
            -0.6486364006996155,
            -0.6275271773338318,
            -0.43067485094070435,
            -0.3682823181152344
          ],
          [
            0.7178645133972168,
            -0.3164121210575104,
            -0.6201354265213013,
            1.667382001876831
          ],
          [
            0.0,
            0.0,
            0.0,
            1.0
          ]
        ]
      },
      "bone_length_armature_space": 0.049533717229105864,
      "parent": "lowerarm_l",
      "has_children": true,
      "is_end_bone": false
    },
    "thumb_01_l": {
      "name": "thumb_01_l",
      "local": {
        "location": {
          "x": 0.0,
          "y": 0.0,
          "z": 0.0
        },
        "rotation_quaternion": {
          "w": 0.9670698642730713,
          "x": 0.25425422191619873,
          "y": -0.01109662838280201,
          "z": -0.0027526521589607
        },
        "scale": {
          "x": 1.0,
          "y": 1.0,
          "z": 1.0
        },
        "matrix_basis": [
          [
            0.9997385740280151,
            -0.00031871531973592937,
            -0.022862177342176437,
            0.0
          ],
          [
            -0.010966743342578411,
            0.8706943988800049,
            -0.4917021095752716,
            0.0
          ],
          [
            0.020062683150172234,
            0.49182426929473877,
            0.8704633116722107,
            0.0
          ],
          [
            0.0,
            0.0,
            0.0,
            1.0
          ]
        ],
        "rotation_mode": "QUATERNION"
      },
      "armature_space": {
        "head": {
          "x": 0.03603539615869522,
          "y": -0.46261003613471985,
          "z": 0.701854944229126
        },
        "tail": {
          "x": 0.03979599103331566,
          "y": -0.49430954456329346,
          "z": 0.6900385618209839
        }
      },
      "world_space": {
        "head": {
          "x": 0.03603539615869522,
          "y": -0.39936602115631104,
          "z": 1.651708960533142
        },
        "tail": {
          "x": 0.03979599103331566,
          "y": -0.43106555938720703,
          "z": 1.639892578125
        },
        "rotation_quaternion": {
          "w": 0.07611017674207687,
          "x": -0.1127532348036766,
          "y": 0.16901610791683197,
          "z": -0.9761800765991211
        },
        "matrix": [
          [
            -0.9629878401756287,
            0.11048038303852081,
            0.2458626627922058,
            0.03603539615869522
          ],
          [
            -0.18670876324176788,
            -0.9312820434570312,
            -0.3128165006637573,
            -0.39936602115631104
          ],
          [
            0.1944085657596588,
            -0.3471464216709137,
            0.9174468517303467,
            1.651708960533142
          ],
          [
            0.0,
            0.0,
            0.0,
            1.0
          ]
        ]
      },
      "bone_length_armature_space": 0.03403862277759968,
      "parent": "metacarpal_thumb_l",
      "has_children": true,
      "is_end_bone": false
    },
    "thumb_02_l": {
      "name": "thumb_02_l",
      "local": {
        "location": {
          "x": 0.0,
          "y": 0.0,
          "z": 0.0
        },
        "rotation_quaternion": {
          "w": 0.9055987596511841,
          "x": 0.4240662455558777,
          "y": -0.004552853759378195,
          "z": 0.006160996854305267
        },
        "scale": {
          "x": 1.0,
          "y": 1.0,
          "z": 1.0
        },
        "matrix_basis": [
          [
            0.9998826384544373,
            -0.01502020563930273,
            -0.0030207757372409105,
            0.0
          ],
          [
            0.007297358941286802,
            0.6402597427368164,
            -0.7681238055229187,
            0.0
          ],
          [
            0.013471459038555622,
            0.7680116295814514,
            0.6402941942214966,
            0.0
          ],
          [
            0.0,
            0.0,
            0.0,
            1.0
          ]
        ],
        "rotation_mode": "QUATERNION"
      },
      "armature_space": {
        "head": {
          "x": 0.03979601338505745,
          "y": -0.49430954456329346,
          "z": 0.6900385022163391
        },
        "tail": {
          "x": 0.022042488679289818,
          "y": -0.494730144739151,
          "z": 0.7260639667510986
        }
      },
      "world_space": {
        "head": {
          "x": 0.03979601338505745,
          "y": -0.43106555938720703,
          "z": 1.639892578125
        },
        "tail": {
          "x": 0.022042488679289818,
          "y": -0.4314861297607422,
          "z": 1.6759179830551147
        },
        "rotation_quaternion": {
          "w": 0.218560129404068,
          "x": -0.10054206848144531,
          "y": 0.6685771942138672,
          "z": 0.7036527395248413
        },
        "matrix": [
          [
            -0.884244978427887,
            -0.44202136993408203,
            0.1507575958967209,
            0.03979601338505745
          ],
          [
            0.17314329743385315,
            -0.010471820831298828,
            0.9848411679267883,
            -0.43106555938720703
          ],
          [
            -0.43374499678611755,
            0.8969496488571167,
            0.08579415082931519,
            1.639892578125
          ],
          [
            0.0,
            0.0,
            0.0,
            1.0
          ]
        ]
      },
      "bone_length_armature_space": 0.04016464422137644,
      "parent": "thumb_01_l",
      "has_children": true,
      "is_end_bone": false
    },
    "thumb_03_l": {
      "name": "thumb_03_l",
      "local": {
        "location": {
          "x": 0.0,
          "y": 0.0,
          "z": 0.0
        },
        "rotation_quaternion": {
          "w": 0.9864504933357239,
          "x": 0.1639689952135086,
          "y": -0.000542200228665024,
          "z": -0.005433793645352125
        },
        "scale": {
          "x": 1.0,
          "y": 1.0,
          "z": 1.0
        },
        "matrix_basis": [
          [
            0.9999403357505798,
            0.010542528703808784,
            -0.002851654775440693,
            0.0
          ],
          [
            -0.010898144915699959,
            0.9461692571640015,
            -0.323488712310791,
            0.0
          ],
          [
            -0.0007122399983927608,
            0.32350048422813416,
            0.9462277293205261,
            0.0
          ],
          [
            0.0,
            0.0,
            0.0,
            1.0
          ]
        ],
        "rotation_mode": "QUATERNION"
      },
      "armature_space": {
        "head": {
          "x": 0.022042449563741684,
          "y": -0.4947301745414734,
          "z": 0.7260639071464539
        },
        "tail": {
          "x": 0.013741378672420979,
          "y": -0.4787670075893402,
          "z": 0.7506234049797058
        }
      },
      "world_space": {
        "head": {
          "x": 0.022042449563741684,
          "y": -0.43148618936538696,
          "z": 1.6759178638458252
        },
        "tail": {
          "x": 0.013741378672420979,
          "y": -0.4155229926109314,
          "z": 1.7004773616790771
        },
        "rotation_quaternion": {
          "w": 0.049980297684669495,
          "x": -0.1294523924589157,
          "y": 0.8715888261795044,
          "z": 0.4701884686946869
        },
        "matrix": [
          [
            -0.9614880084991455,
            -0.27265897393226624,
            -0.034610629081726074,
            0.022042449563741684
          ],
          [
            -0.1786593347787857,
            0.5243302583694458,
            0.8325617909431458,
            -0.43148618936538696
          ],
          [
            -0.2088596522808075,
            0.806687593460083,
            -0.5528534650802612,
            1.6759178638458252
          ],
          [
            0.0,
            0.0,
            0.0,
            1.0
          ]
        ]
      },
      "bone_length_armature_space": 0.030445022281788886,
      "parent": "thumb_02_l",
      "has_children": false,
      "is_end_bone": true
    },
    "metacarpal_index_l": {
      "name": "metacarpal_index_l",
      "local": {
        "location": {
          "x": 0.0,
          "y": 0.0,
          "z": 0.0
        },
        "rotation_quaternion": {
          "w": 0.999835729598999,
          "x": -0.00351220415905118,
          "y": -0.014305355027318,
          "z": 0.01056774239987135
        },
        "scale": {
          "x": 1.0,
          "y": 1.0,
          "z": 1.0
        },
        "matrix_basis": [
          [
            0.999367356300354,
            -0.02103152684867382,
            -0.028680242598056793,
            0.0
          ],
          [
            0.021232498809695244,
            0.9997519850730896,
            0.006720903795212507,
            0.0
          ],
          [
            0.02853177860379219,
            -0.007325605023652315,
            0.9995660185813904,
            0.0
          ],
          [
            0.0,
            0.0,
            0.0,
            1.0
          ]
        ],
        "rotation_mode": "QUATERNION"
      },
      "armature_space": {
        "head": {
          "x": 0.0712738186120987,
          "y": -0.4315263032913208,
          "z": 0.7175279855728149
        },
        "tail": {
          "x": -0.006198607385158539,
          "y": -0.5192476511001587,
          "z": 0.7118521332740784
        }
      },
      "world_space": {
        "head": {
          "x": 0.0712738186120987,
          "y": -0.3682823181152344,
          "z": 1.667382001876831
        },
        "tail": {
          "x": -0.006198607385158539,
          "y": -0.45600366592407227,
          "z": 1.6617062091827393
        },
        "rotation_quaternion": {
          "w": 0.02016652189195156,
          "x": 0.9271589517593384,
          "y": -0.35392844676971436,
          "z": 0.1212611198425293
        },
        "matrix": [
          [
            0.7200605869293213,
            -0.6611869931221008,
            0.21058151125907898,
            0.0712738186120987
          ],
          [
            -0.6514051556587219,
            -0.7486559748649597,
            -0.12323178350925446,
            -0.3682823181152344
          ],
          [
            0.2391333281993866,
            -0.04844069108366966,
            -0.9697849154472351,
            1.667382001876831
          ],
          [
            0.0,
            0.0,
            0.0,
            1.0
          ]
        ]
      },
      "bone_length_armature_space": 0.11717178483360723,
      "parent": "lowerarm_l",
      "has_children": true,
      "is_end_bone": false
    },
    "index_01_l": {
      "name": "index_01_l",
      "local": {
        "location": {
          "x": 0.0,
          "y": 0.0,
          "z": 0.0
        },
        "rotation_quaternion": {
          "w": 0.9498828649520874,
          "x": 0.3112810552120209,
          "y": 0.020278550684452057,
          "z": 0.020384779199957848
        },
        "scale": {
          "x": 1.0,
          "y": 1.0,
          "z": 1.0
        },
        "matrix_basis": [
          [
            0.9983465075492859,
            -0.026101646944880486,
            0.051215287297964096,
            0.0
          ],
          [
            0.05135096237063408,
            0.8053771257400513,
            -0.5905343294143677,
            0.0
          ],
          [
            -0.025833703577518463,
            0.5921878218650818,
            0.8053857684135437,
            0.0
          ],
          [
            0.0,
            0.0,
            0.0,
            1.0
          ]
        ],
        "rotation_mode": "QUATERNION"
      },
      "armature_space": {
        "head": {
          "x": -0.006198607385158539,
          "y": -0.5192476511001587,
          "z": 0.7118521332740784
        },
        "tail": {
          "x": -0.013083583675324917,
          "y": -0.5439503192901611,
          "z": 0.6993842124938965
        }
      },
      "world_space": {
        "head": {
          "x": -0.006198607385158539,
          "y": -0.45600366592407227,
          "z": 1.6617062091827393
        },
        "tail": {
          "x": -0.013083583675324917,
          "y": -0.4807063341140747,
          "z": 1.6492382287979126
        },
        "rotation_quaternion": {
          "w": 0.19828663766384125,
          "x": -0.9482251405715942,
          "y": 0.16589570045471191,
          "z": -0.18447281420230865
        },
        "matrix": [
          [
            0.8768966794013977,
            -0.24145638942718506,
            0.4156334400177002,
            -0.006198607385158539
          ],
          [
            -0.3877701163291931,
            -0.8663226962089539,
            0.314833402633667,
            -0.45600366592407227
          ],
          [
            0.2840557098388672,
            -0.43725043535232544,
            -0.8533102869987488,
            1.6617062091827393
          ],
          [
            0.0,
            0.0,
            0.0,
            1.0
          ]
        ]
      },
      "bone_length_armature_space": 0.028514448309610915,
      "parent": "metacarpal_index_l",
      "has_children": true,
      "is_end_bone": false
    },
    "index_02_l": {
      "name": "index_02_l",
      "local": {
        "location": {
          "x": 0.0,
          "y": 0.0,
          "z": 0.0
        },
        "rotation_quaternion": {
          "w": 0.9032719731330872,
          "x": 0.42901983857154846,
          "y": 0.002267820993438363,
          "z": 0.0060506658628582954
        },
        "scale": {
          "x": 1.0,
          "y": 1.0,
          "z": 1.0
        },
        "matrix_basis": [
          [
            0.9999164938926697,
            -0.008984913118183613,
            0.00928862951695919,
            0.0
          ],
          [
            0.01287667453289032,
            0.63181072473526,
            -0.7750157713890076,
            0.0
          ],
          [
            0.0010947930859401822,
            0.7750706076622009,
            0.6318736672401428,
            0.0
          ],
          [
            0.0,
            0.0,
            0.0,
            1.0
          ]
        ],
        "rotation_mode": "QUATERNION"
      },
      "armature_space": {
        "head": {
          "x": -0.013083752244710922,
          "y": -0.5439504384994507,
          "z": 0.6993836760520935
        },
        "tail": {
          "x": -0.010058531537652016,
          "y": -0.5521563291549683,
          "z": 0.6752671003341675
        }
      },
      "world_space": {
        "head": {
          "x": -0.013083752244710922,
          "y": -0.48070645332336426,
          "z": 1.6492376327514648
        },
        "tail": {
          "x": -0.010058531537652016,
          "y": -0.48891234397888184,
          "z": 1.6251211166381836
        },
        "rotation_quaternion": {
          "w": 0.5783768892288208,
          "x": -0.7865433692932129,
          "y": 0.07444954663515091,
          "z": -0.2031920701265335
        },
        "matrix": [
          [
            0.9063409566879272,
            0.11792731285095215,
            0.4057577848434448,
            -0.013083752244710922
          ],
          [
            -0.3521578907966614,
            -0.31987589597702026,
            0.8795822262763977,
            -0.48070645332336426
          ],
          [
            0.23352019488811493,
            -0.940098762512207,
            -0.24838823080062866,
            1.6492376327514648
          ],
          [
            0.0,
            0.0,
            0.0,
            1.0
          ]
        ]
      },
      "bone_length_armature_space": 0.02565341706265569,
      "parent": "index_01_l",
      "has_children": true,
      "is_end_bone": false
    },
    "index_03_l": {
      "name": "index_03_l",
      "local": {
        "location": {
          "x": 0.0,
          "y": 0.0,
          "z": 0.0
        },
        "rotation_quaternion": {
          "w": 0.9347829818725586,
          "x": 0.3552006781101227,
          "y": -0.0031382408924400806,
          "z": 0.0018895127577707171
        },
        "scale": {
          "x": 1.0,
          "y": 1.0,
          "z": 1.0
        },
        "matrix_basis": [
          [
            0.9999731779098511,
            -0.0057619791477918625,
            -0.004524835851043463,
            0.0
          ],
          [
            0.0013031581183895469,
            0.747657835483551,
            -0.664082944393158,
            0.0
          ],
          [
            0.007209460716694593,
            0.6640592217445374,
            0.7476452589035034,
            0.0
          ],
          [
            0.0,
            0.0,
            0.0,
            1.0
          ]
        ],
        "rotation_mode": "QUATERNION"
      },
      "armature_space": {
        "head": {
          "x": -0.010058613494038582,
          "y": -0.552156388759613,
          "z": 0.6752671599388123
        },
        "tail": {
          "x": 0.003713059239089489,
          "y": -0.5409500002861023,
          "z": 0.6520616412162781
        }
      },
      "world_space": {
        "head": {
          "x": -0.010058613494038582,
          "y": -0.4889124035835266,
          "z": 1.6251211166381836
        },
        "tail": {
          "x": 0.003713059239089489,
          "y": -0.47770601511001587,
          "z": 1.6019155979156494
        },
        "rotation_quaternion": {
          "w": 0.8305147290229797,
          "x": -0.492029070854187,
          "y": -0.04486833140254021,
          "z": -0.2571764588356018
        },
        "matrix": [
          [
            0.8636937141418457,
            0.47133105993270874,
            0.17855077981948853,
            -0.010058613494038582
          ],
          [
            -0.38302627205848694,
            0.3835347294807434,
            0.8403527140617371,
            -0.4889124035835266
          ],
          [
            0.3276057839393616,
            -0.7942017316818237,
            0.5117930173873901,
            1.6251211166381836
          ],
          [
            0.0,
            0.0,
            0.0,
            1.0
          ]
        ]
      },
      "bone_length_armature_space": 0.029218799397307604,
      "parent": "index_02_l",
      "has_children": false,
      "is_end_bone": true
    },
    "metacarpal_pinky_l": {
      "name": "metacarpal_pinky_l",
      "local": {
        "location": {
          "x": 0.0,
          "y": 0.0,
          "z": 0.0
        },
        "rotation_quaternion": {
          "w": 0.999778687953949,
          "x": 0.010484485886991024,
          "y": 0.003028267063200474,
          "z": 0.017986517399549484
        },
        "scale": {
          "x": 1.0,
          "y": 1.0,
          "z": 1.0
        },
        "matrix_basis": [
          [
            0.9993346333503723,
            -0.035901572555303574,
            0.006432352587580681,
            0.0
          ],
          [
            0.03602857142686844,
            0.9991331100463867,
            -0.02085539512336254,
            0.0
          ],
          [
            -0.005678034853190184,
            0.021073266863822937,
            0.9997618198394775,
            0.0
          ],
          [
            0.0,
            0.0,
            0.0,
            1.0
          ]
        ],
        "rotation_mode": "QUATERNION"
      },
      "armature_space": {
        "head": {
          "x": 0.0712738186120987,
          "y": -0.4315263032913208,
          "z": 0.7175279855728149
        },
        "tail": {
          "x": 0.04220186918973923,
          "y": -0.5186389684677124,
          "z": 0.7666140794754028
        }
      },
      "world_space": {
        "head": {
          "x": 0.0712738186120987,
          "y": -0.3682823181152344,
          "z": 1.667382001876831
        },
        "tail": {
          "x": 0.04220186918973923,
          "y": -0.455394983291626,
          "z": 1.716468095779419
        },
        "rotation_quaternion": {
          "w": 0.010431947186589241,
          "x": -0.45791739225387573,
          "y": 0.285668283700943,
          "z": 0.8417817950248718
        },
        "matrix": [
          [
            -0.5804063677787781,
            -0.2791869640350342,
            -0.7649726867675781,
            0.0712738186120987
          ],
          [
            -0.24406200647354126,
            -0.8365702033042908,
            0.4904940724372864,
            -0.3682823181152344
          ],
          [
            -0.7768984436988831,
            0.4713889956474304,
            0.417415052652359,
            1.667382001876831
          ],
          [
            0.0,
            0.0,
            0.0,
            1.0
          ]
        ]
      },
      "bone_length_armature_space": 0.10413087674559085,
      "parent": "lowerarm_l",
      "has_children": true,
      "is_end_bone": false
    },
    "pinky_01_l": {
      "name": "pinky_01_l",
      "local": {
        "location": {
          "x": 0.0,
          "y": 0.0,
          "z": 0.0
        },
        "rotation_quaternion": {
          "w": 0.9539898633956909,
          "x": 0.29898008704185486,
          "y": -0.010959470644593239,
          "z": -0.01985539123415947
        },
        "scale": {
          "x": 1.0,
          "y": 1.0,
          "z": 1.0
        },
        "matrix_basis": [
          [
            0.9989712834358215,
            0.03133035823702812,
            -0.032783180475234985,
            0.0
          ],
          [
            -0.04443700984120369,
            0.8204333186149597,
            -0.5700127482414246,
            0.0
          ],
          [
            0.009037714451551437,
            0.5708831548690796,
            0.8209816217422485,
            0.0
          ],
          [
            0.0,
            0.0,
            0.0,
            1.0
          ]
        ],
        "rotation_mode": "QUATERNION"
      },
      "armature_space": {
        "head": {
          "x": 0.04220186918973923,
          "y": -0.5186389684677124,
          "z": 0.7666140794754028
        },
