{
  "metadata": {
    "armature_name": "KIM_caucasian_male",
    "export_time": "2026-01-13T19:11:37.123449",
    "blender_version": "4.4.1",
    "bone_count": 56,
    "end_bone_count": 13,
    "spaces_included": [
      "LOCAL_CHANNELS",
      "ARMATURE_SPACE",
      "WORLD_SPACE"
    ],
    "note": "LOCAL matches Transform panel; replay pose via local.matrix_basis for best fidelity."
  },
  "bones": {
    "Root": {
      "name": "Root",
      "local": {
        "location": {
          "x": 0.0,
          "y": 0.0,
          "z": 0.0
        },
        "rotation_quaternion": {
          "w": 0.9999730587005615,
          "x": 0.0023123747669160366,
          "y": 0.004972813650965691,
          "z": -0.00488258944824338
        },
        "scale": {
          "x": 1.0,
          "y": 1.0,
          "z": 1.0
        },
        "matrix_basis": [
          [
            0.9999028444290161,
            0.009787913411855698,
            0.009922778233885765,
            0.0
          ],
          [
            -0.009741918183863163,
            0.9999416470527649,
            -0.004673185292631388,
            0.0
          ],
          [
            -0.009967939928174019,
            0.004576064646244049,
            0.9999398589134216,
            0.0
          ],
          [
            0.0,
            0.0,
            0.0,
            1.0
          ]
        ],
        "rotation_mode": "QUATERNION"
      },
      "armature_space": {
        "head": {
          "x": 0.0,
          "y": 0.07072800397872925,
          "z": -0.009595036506652832
        },
        "tail": {
          "x": 0.0006986208027228713,
          "y": -3.977864980697632e-05,
          "z": -0.0003242176026105881
        }
      },
      "world_space": {
        "head": {
          "x": 0.0,
          "y": 0.13397200405597687,
          "z": 0.9402589797973633
        },
        "tail": {
          "x": 0.0006986208027228713,
          "y": 0.06320422142744064,
          "z": 0.9495298266410828
        },
        "rotation_quaternion": {
          "w": 0.06505872309207916,
          "x": 0.9978570938110352,
          "y": 0.0052065057680010796,
          "z": 0.00463258707895875
        },
        "matrix": [
          [
            0.9999028444290161,
            0.009787913411855698,
            0.009922778233885765,
            0.0
          ],
          [
            0.010993479751050472,
            -0.9914805293083191,
            -0.12979082763195038,
            0.13397200405597687
          ],
          [
            0.0085679292678833,
            0.12988729774951935,
            -0.9914988279342651,
            0.9402589797973633
          ],
          [
            0.0,
            0.0,
            0.0,
            1.0
          ]
        ]
      },
      "bone_length_armature_space": 0.07137587315499638,
      "parent": null,
      "has_children": true,
      "is_end_bone": false
    },
    "spine_01": {
      "name": "spine_01",
      "local": {
        "location": {
          "x": 0.0,
          "y": 0.0,
          "z": 0.0
        },
        "rotation_quaternion": {
          "w": 0.9981265068054199,
          "x": 0.060418449342250824,
          "y": 0.0019342924933880568,
          "z": 0.00946052186191082
        },
        "scale": {
          "x": 1.0,
          "y": 1.0,
          "z": 1.0
        },
        "matrix_basis": [
          [
            0.9998134970664978,
            -0.01865186169743538,
            0.005004517268389463,
            0.0
          ],
          [
            0.019119329750537872,
            0.9925202131271362,
            -0.12057391554117203,
            0.0
          ],
          [
            -0.002718157134950161,
            0.12064711004495621,
            0.9926917552947998,
            0.0
          ],
          [
            0.0,
            0.0,
            0.0,
            1.0
          ]
        ],
        "rotation_mode": "QUATERNION"
      },
      "armature_space": {
        "head": {
          "x": 0.0006986208027228713,
          "y": -3.977864980697632e-05,
          "z": -0.0003242176026105881
        },
        "tail": {
          "x": -0.01214763056486845,
          "y": -0.038584329187870026,
          "z": 0.4859861433506012
        }
      },
      "world_space": {
        "head": {
          "x": 0.0006986208027228713,
          "y": 0.06320422142744064,
          "z": 0.9495298266410828
        },
        "tail": {
          "x": -0.01214763056486845,
          "y": 0.024659670889377594,
          "z": 1.435840129852295
        },
        "rotation_quaternion": {
          "w": 0.6785951256752014,
          "x": 0.7343474626541138,
          "y": -0.004021498374640942,
          "z": 0.015044214203953743
        },
        "matrix": [
          [
            0.9995149970054626,
            -0.02632421813905239,
            0.016637234017252922,
            0.0006986208027228713
          ],
          [
            0.014511330984532833,
            -0.07898453623056412,
            -0.9967703223228455,
            0.06320422142744064
          ],
          [
            0.027553487569093704,
            0.9965351223945618,
            -0.07856566458940506,
            0.9495298266410828
          ],
          [
            0.0,
            0.0,
            0.0,
            1.0
          ]
        ]
      },
      "bone_length_armature_space": 0.48800459343627073,
      "parent": "Root",
      "has_children": true,
      "is_end_bone": false
    },
    "neck_01": {
      "name": "neck_01",
      "local": {
        "location": {
          "x": 0.0,
          "y": 0.0,
          "z": 0.0
        },
        "rotation_quaternion": {
          "w": 0.9842402338981628,
          "x": -0.02657443657517433,
          "y": 0.1118224486708641,
          "z": 0.13439041376113892
        },
        "scale": {
          "x": 1.0,
          "y": 1.0,
          "z": 1.0
        },
        "matrix_basis": [
          [
            0.9388698935508728,
            -0.2704881429672241,
            0.2129776030778885,
            0.0
          ],
          [
            0.25860166549682617,
            0.9624660611152649,
            0.08236698806285858,
            0.0
          ],
          [
            -0.22726300358772278,
            -0.02225552871823311,
            0.9735790491104126,
            0.0
          ],
          [
            0.0,
            0.0,
            0.0,
            1.0
          ]
        ],
        "rotation_mode": "QUATERNION"
      },
      "armature_space": {
        "head": {
          "x": -0.013498062267899513,
          "y": -0.0789358913898468,
          "z": 0.5562262535095215
        },
        "tail": {
          "x": -0.043049655854701996,
          "y": -0.1218341663479805,
          "z": 0.6445278525352478
        }
      },
      "world_space": {
        "head": {
          "x": -0.013498062267899513,
          "y": -0.015691891312599182,
          "z": 1.5060802698135376
        },
        "tail": {
          "x": -0.043049655854701996,
          "y": -0.05859016627073288,
          "z": 1.5943818092346191
        },
        "rotation_quaternion": {
          "w": 0.5361379384994507,
          "x": 0.8226572275161743,
          "y": -0.057791680097579956,
          "z": 0.18014271557331085
        },
        "matrix": [
          [
            0.9284178018569946,
            -0.288248211145401,
            0.23442146182060242,
            -0.013498062267899513
          ],
          [
            0.09807588905096054,
            -0.41843265295028687,
            -0.9029371738433838,
            -0.015691891312599182
          ],
          [
            0.3583621382713318,
            0.8612995743751526,
            -0.3602134585380554,
            1.5060802698135376
          ],
          [
            0.0,
            0.0,
            0.0,
            1.0
          ]
        ]
      },
      "bone_length_armature_space": 0.10252185603371271,
      "parent": "spine_01",
      "has_children": true,
      "is_end_bone": false
    },
    "head": {
      "name": "head",
      "local": {
        "location": {
          "x": 0.0,
          "y": 0.0,
          "z": 0.0
        },
        "rotation_quaternion": {
          "w": 0.9804052710533142,
          "x": -0.1439123898744583,
          "y": -0.07891722023487091,
          "z": 0.10893496125936508
        },
        "scale": {
          "x": 1.0,
          "y": 1.0,
          "z": 1.0
        },
        "matrix_basis": [
          [
            0.9638105034828186,
            -0.1908864825963974,
            -0.18609589338302612,
            0.0
          ],
          [
            0.23631514608860016,
            0.9348447918891907,
            0.26499125361442566,
            0.0
          ],
          [
            0.12338753789663315,
            -0.2993786334991455,
            0.9461225867271423,
            0.0
          ],
          [
            0.0,
            0.0,
            0.0,
            1.0
          ]
        ],
        "rotation_mode": "QUATERNION"
      },
      "armature_space": {
        "head": {
          "x": -0.04304959625005722,
          "y": -0.12183427810668945,
          "z": 0.6445277333259583
        },
        "tail": {
          "x": -0.1270555704832077,
          "y": -0.08777019381523132,
          "z": 0.7703682780265808
        }
      },
      "world_space": {
        "head": {
          "x": -0.04304959625005722,
          "y": -0.058590278029441833,
          "z": 1.5943818092346191
        },
        "tail": {
          "x": -0.1270555704832077,
          "y": -0.024526193737983704,
          "z": 1.7202222347259521
        },
        "rotation_quaternion": {
          "w": 0.7417759299278259,
          "x": 0.6018968820571899,
          "y": -0.24410682916641235,
          "z": 0.16703464090824127
        },
        "matrix": [
          [
            0.8250229954719543,
            -0.5416587591171265,
            -0.1610681116580963,
            -0.04304959625005722
          ],
          [
            -0.04604681581258774,
            0.21964041888713837,
            -0.9744938015937805,
            -0.058590278029441833
          ],
          [
            0.5632239580154419,
            0.8114022612571716,
            0.15626691281795502,
            1.5943818092346191
          ],
          [
            0.0,
            0.0,
            0.0,
            1.0
          ]
        ]
      },
      "bone_length_armature_space": 0.15509096556094623,
      "parent": "neck_01",
      "has_children": false,
      "is_end_bone": true
    },
    "upperarm_l": {
      "name": "upperarm_l",
      "local": {
        "location": {
          "x": 0.0,
          "y": 0.0,
          "z": 0.0
        },
        "rotation_quaternion": {
          "w": 0.837699294090271,
          "x": 0.5363928079605103,
          "y": -0.006884532980620861,
          "z": -0.1024470329284668
        },
        "scale": {
          "x": 1.0,
          "y": 1.0,
          "z": 1.0
        },
        "matrix_basis": [
          [
            0.9789144396781921,
            0.16425397992134094,
            -0.12143804132938385,
            0.0
          ],
          [
            -0.17902524769306183,
            0.40357473492622375,
            -0.8972611427307129,
            0.0
          ],
          [
            -0.09836936742067337,
            0.9000823497772217,
            0.4244707226753235,
            0.0
          ],
          [
            0.0,
            0.0,
            0.0,
            1.0
          ]
        ],
        "rotation_mode": "QUATERNION"
      },
      "armature_space": {
        "head": {
          "x": 0.1382514387369156,
          "y": -0.07462964951992035,
          "z": 0.4931337833404541
        },
        "tail": {
          "x": 0.2598342001438141,
          "y": -0.3036998510360718,
          "z": 0.42566370964050293
        }
      },
      "world_space": {
        "head": {
          "x": 0.1382514387369156,
          "y": -0.01138564944267273,
          "z": 1.4429877996444702
        },
        "tail": {
          "x": 0.2598342001438141,
          "y": -0.24045585095882416,
          "z": 1.375517725944519
        },
        "rotation_quaternion": {
          "w": 0.09152183681726456,
          "x": 0.633242666721344,
          "y": 0.2533886134624481,
          "z": -0.7255492210388184
        },
        "matrix": [
          [
            -0.18125547468662262,
            0.45371875166893005,
            -0.8725170493125916,
            0.1382514387369156
          ],
          [
            0.18810498714447021,
            -0.8548371195793152,
            -0.4836016893386841,
            -0.01138564944267273
          ],
          [
            -0.9652853012084961,
            -0.25178274512290955,
            0.06959718465805054,
            1.4429877996444702
          ],
          [
            0.0,
            0.0,
            0.0,
            1.0
          ]
        ]
      },
      "bone_length_armature_space": 0.267969655989069,
      "parent": "spine_01",
      "has_children": true,
      "is_end_bone": false
    },
    "lowerarm_l": {
      "name": "lowerarm_l",
      "local": {
        "location": {
          "x": 0.0,
          "y": 0.0,
          "z": 0.0
        },
        "rotation_quaternion": {
          "w": 0.8751919269561768,
          "x": 0.4812682867050171,
          "y": 0.03582615777850151,
          "z": -0.03371025621891022
        },
        "scale": {
          "x": 1.0,
          "y": 1.0,
          "z": 1.0
        },
        "matrix_basis": [
          [
            0.9951602220535278,
            0.0934898778796196,
            0.0302621740847826,
            0.0
          ],
          [
            -0.024521900340914726,
            0.5344889163970947,
            -0.8448196649551392,
            0.0
          ],
          [
            -0.09515688568353653,
            0.8399888277053833,
            0.5341946482658386,
            0.0
          ],
          [
            0.0,
            0.0,
            0.0,
            1.0
          ]
        ],
        "rotation_mode": "QUATERNION"
      },
      "armature_space": {
        "head": {
          "x": 0.2598342299461365,
          "y": -0.3037000000476837,
          "z": 0.4256637990474701
        },
        "tail": {
          "x": 0.10470561683177948,
          "y": -0.5216299295425415,
          "z": 0.4289868175983429
        }
      },
      "world_space": {
        "head": {
          "x": 0.2598342299461365,
          "y": -0.2404559999704361,
          "z": 1.3755178451538086
        },
        "tail": {
          "x": 0.10470561683177948,
          "y": -0.4583859443664551,
          "z": 1.3788408041000366
        },
        "rotation_quaternion": {
          "w": 0.23609817028045654,
          "x": -0.5854368209838867,
          "y": 0.19222164154052734,
          "z": 0.7513802647590637
        },
        "matrix": [
          [
            -0.20304247736930847,
            -0.5798670053482056,
            -0.7890045046806335,
            0.2598342299461365
          ],
          [
            0.1297316998243332,
            -0.8146166801452637,
            0.5653049349784851,
            -0.2404559999704361
          ],
          [
            -0.9705443382263184,
            0.012421399354934692,
            0.2406310737133026,
            1.3755178451538086
          ],
          [
            0.0,
            0.0,
            0.0,
            1.0
          ]
        ]
      },
      "bone_length_armature_space": 0.2675245481007381,
      "parent": "upperarm_l",
      "has_children": true,
      "is_end_bone": false
    },
    "metacarpal_thumb_l": {
      "name": "metacarpal_thumb_l",
      "local": {
        "location": {
          "x": 0.0,
          "y": 0.0,
          "z": 0.0
        },
        "rotation_quaternion": {
          "w": 0.9995890855789185,
          "x": -0.02795746922492981,
          "y": -0.0037851748056709766,
          "z": 0.005083413794636726
        },
        "scale": {
          "x": 1.0,
          "y": 1.0,
          "z": 1.0
        },
        "matrix_basis": [
          [
            0.9999196529388428,
            -0.009951001964509487,
            -0.007851477712392807,
            0.0
          ],
          [
            0.010374297387897968,
            0.9983850717544556,
            0.055853478610515594,
            0.0
          ],
          [
            0.007283000275492668,
            -0.055930446833372116,
            0.9984080791473389,
            0.0
          ],
          [
            0.0,
            0.0,
            0.0,
            1.0
          ]
        ],
        "rotation_mode": "QUATERNION"
      },
      "armature_space": {
        "head": {
          "x": 0.10470561683177948,
          "y": -0.5216299295425415,
          "z": 0.4289868175983429
        },
        "tail": {
          "x": 0.057329099625349045,
          "y": -0.5360075235366821,
          "z": 0.4305148422718048
        }
      },
      "world_space": {
        "head": {
          "x": 0.10470561683177948,
          "y": -0.4583859443664551,
          "z": 1.3788408041000366
        },
        "tail": {
          "x": 0.057329099625349045,
          "y": -0.4727635383605957,
          "z": 1.3803688287734985
        },
        "rotation_quaternion": {
          "w": 0.06635493785142899,
          "x": -0.7949022650718689,
          "y": 0.5920029878616333,
          "z": 0.11515231430530548
        },
        "matrix": [
          [
            0.2725446820259094,
            -0.9564508199691772,
            -0.10450349003076553,
            0.10470561683177948
          ],
          [
            -0.9258872270584106,
            -0.29025858640670776,
            0.24183250963687897,
            -0.4583859443664551
          ],
          [
            -0.26163655519485474,
            0.030848290771245956,
            -0.964680552482605,
            1.3788408041000366
          ],
          [
            0.0,
            0.0,
            0.0,
            1.0
          ]
        ]
      },
      "bone_length_armature_space": 0.04953367041739926,
      "parent": "lowerarm_l",
      "has_children": true,
      "is_end_bone": false
    },
    "thumb_01_l": {
      "name": "thumb_01_l",
      "local": {
        "location": {
          "x": 0.0,
          "y": 0.0,
          "z": 0.0
        },
        "rotation_quaternion": {
          "w": 0.9997797608375549,
          "x": 0.01727202534675598,
          "y": -0.011899355798959732,
          "z": 0.0007171188481152058
        },
        "scale": {
          "x": 1.0,
          "y": 1.0,
          "z": 1.0
        },
        "matrix_basis": [
          [
            0.9997158050537109,
            -0.0018449737690389156,
            -0.023768698796629906,
            0.0
          ],
          [
            0.0010228698374703526,
            0.9994023442268372,
            -0.03455350920557976,
            0.0
          ],
          [
            0.0238182432949543,
            0.03451937809586525,
            0.9991201758384705,
            0.0
          ],
          [
            0.0,
            0.0,
            0.0,
            1.0
          ]
        ],
        "rotation_mode": "QUATERNION"
      },
      "armature_space": {
        "head": {
          "x": 0.057329099625349045,
          "y": -0.5360075235366821,
          "z": 0.4305148422718048
        },
        "tail": {
          "x": 0.032346393913030624,
          "y": -0.5336741209030151,
          "z": 0.40751370787620544
        }
      },
      "world_space": {
        "head": {
          "x": 0.057329099625349045,
          "y": -0.4727635383605957,
          "z": 1.3803688287734985
        },
        "tail": {
          "x": 0.032346393913030624,
          "y": -0.4704301357269287,
          "z": 1.357367753982544
        },
        "rotation_quaternion": {
          "w": 0.1520145982503891,
          "x": 0.3949504792690277,
          "y": -0.7149599194526672,
          "z": 0.5565412044525146
        },
        "matrix": [
          [
            -0.6418099403381348,
            -0.7339527010917664,
            0.22224590182304382,
            0.057329099625349045
          ],
          [
            -0.39554569125175476,
            0.0685514286160469,
            -0.9158846139907837,
            -0.4727635383605957
          ],
          [
            0.656984806060791,
            -0.6757369637489319,
            -0.33431193232536316,
            1.3803688287734985
          ],
          [
            0.0,
            0.0,
            0.0,
            1.0
          ]
        ]
      },
      "bone_length_armature_space": 0.03403869174721798,
      "parent": "metacarpal_thumb_l",
      "has_children": true,
      "is_end_bone": false
    },
    "thumb_02_l": {
      "name": "thumb_02_l",
      "local": {
        "location": {
          "x": 0.0,
          "y": 0.0,
          "z": 0.0
        },
        "rotation_quaternion": {
          "w": 0.9972139596939087,
          "x": 0.07455431669950485,
          "y": 0.0024358020164072514,
          "z": -4.4917218474438414e-05
        },
        "scale": {
          "x": 1.0,
          "y": 1.0,
          "z": 1.0
        },
        "matrix_basis": [
          [
            0.9999881386756897,
            0.00045278327888809144,
            0.004851333796977997,
            0.0
          ],
          [
            0.0002736149472184479,
            0.9888833165168762,
            -0.14869342744350433,
            0.0
          ],
          [
            -0.004864729009568691,
            0.1486929953098297,
            0.9888714551925659,
            0.0
          ],
          [
            0.0,
            0.0,
            0.0,
            1.0
          ]
        ],
        "rotation_mode": "QUATERNION"
      },
      "armature_space": {
        "head": {
          "x": 0.032346416264772415,
          "y": -0.5336740612983704,
          "z": 0.40751373767852783
        },
        "tail": {
          "x": 0.010616851970553398,
          "y": -0.5674399733543396,
          "z": 0.4065825641155243
        }
      },
      "world_space": {
        "head": {
          "x": 0.032346416264772415,
          "y": -0.47043007612228394,
          "z": 1.357367753982544
        },
        "tail": {
          "x": 0.010616851970553398,
          "y": -0.5041959881782532,
          "z": 1.3564366102218628
        },
        "rotation_quaternion": {
          "w": 0.25053712725639343,
          "x": 0.4048251509666443,
          "y": -0.12994009256362915,
          "z": 0.8697490096092224
        },
        "matrix": [
          [
            -0.546695351600647,
            -0.5410155057907104,
            0.6390823721885681,
            0.032346416264772415
          ],
          [
            0.33060359954833984,
            -0.8406931161880493,
            -0.4288783371448517,
            -0.47043007612228394
          ],
          [
            0.769307553768158,
            -0.023183777928352356,
            0.6384686827659607,
            1.357367753982544
          ],
          [
            0.0,
            0.0,
            0.0,
            1.0
          ]
        ]
      },
      "bone_length_armature_space": 0.040164386038890255,
      "parent": "thumb_01_l",
      "has_children": true,
      "is_end_bone": false
    },
    "thumb_03_l": {
      "name": "thumb_03_l",
      "local": {
        "location": {
          "x": 0.0,
          "y": 0.0,
          "z": 0.0
        },
        "rotation_quaternion": {
          "w": 0.997688889503479,
          "x": 0.06778693199157715,
          "y": 0.001341906376183033,
          "z": 0.0044961851090192795
        },
        "scale": {
          "x": 1.0,
          "y": 1.0,
          "z": 1.0
        },
        "matrix_basis": [
          [
            0.999955952167511,
            -0.008789660409092903,
            0.0032871754374355078,
            0.0
          ],
          [
            0.009153515100479126,
            0.9907694458961487,
            -0.13524846732616425,
            0.0
          ],
          [
            -0.0020680450834333897,
            0.13527260720729828,
            0.9908062815666199,
            0.0
          ],
          [
            0.0,
            0.0,
            0.0,
            1.0
          ]
        ],
        "rotation_mode": "QUATERNION"
      },
      "armature_space": {
        "head": {
          "x": 0.010616805404424667,
          "y": -0.5674399137496948,
          "z": 0.4065825939178467
        },
        "tail": {
          "x": 0.005162070970982313,
          "y": -0.5970823764801025,
          "z": 0.4108791947364807
        }
      },
      "world_space": {
        "head": {
          "x": 0.010616805404424667,
          "y": -0.5041959285736084,
          "z": 1.3564366102218628
        },
        "tail": {
          "x": 0.005162070970982313,
          "y": -0.5338383913040161,
          "z": 1.3607332706451416
        },
        "rotation_quaternion": {
          "w": 0.10532279312610626,
          "x": 0.25354036688804626,
          "y": 0.045664116740226746,
          "z": 0.96048903465271
        },
        "matrix": [
          [
            -0.8492487072944641,
            -0.17916752398014069,
            0.496664434671402,
            0.010616805404424667
          ],
          [
            0.225478395819664,
            -0.9736438393592834,
            0.03431259095668793,
            -0.5041959285736084
          ],
          [
            0.47742998600006104,
            0.14112712442874908,
            0.867270290851593,
            1.3564366102218628
          ],
          [
            0.0,
            0.0,
            0.0,
            1.0
          ]
        ]
      },
      "bone_length_armature_space": 0.03044487664887607,
      "parent": "thumb_02_l",
      "has_children": false,
      "is_end_bone": true
    },
    "metacarpal_index_l": {
      "name": "metacarpal_index_l",
      "local": {
        "location": {
          "x": 0.0,
          "y": 0.0,
          "z": 0.0
        },
        "rotation_quaternion": {
          "w": 0.9993528127670288,
          "x": -0.03393189609050751,
          "y": -0.011892403475940228,
          "z": 0.001153006567619741
        },
        "scale": {
          "x": 1.0,
          "y": 1.0,
          "z": 1.0
        },
        "matrix_basis": [
          [
            0.9997144937515259,
            -0.0014974571531638503,
            -0.023847661912441254,
            0.0
          ],
          [
            0.0031115843448787928,
            0.9976946115493774,
            0.06779244542121887,
            0.0
          ],
          [
            0.023691166192293167,
            -0.06784729659557343,
            0.9974144101142883,
            0.0
          ],
          [
            0.0,
            0.0,
            0.0,
            1.0
          ]
        ],
        "rotation_mode": "QUATERNION"
      },
      "armature_space": {
        "head": {
          "x": 0.10470561683177948,
          "y": -0.5216299295425415,
          "z": 0.4289868175983429
        },
        "tail": {
          "x": 0.014551252126693726,
          "y": -0.5958544015884399,
          "z": 0.43858563899993896
        }
      },
      "world_space": {
        "head": {
          "x": 0.10470561683177948,
          "y": -0.4583859443664551,
          "z": 1.3788408041000366
        },
        "tail": {
          "x": 0.014551252126693726,
          "y": -0.5326104164123535,
          "z": 1.388439655303955
        },
        "rotation_quaternion": {
          "w": 0.14785625040531158,
          "x": -0.8103067874908447,
          "y": 0.4017513692378998,
          "z": 0.4001716375350952
        },
        "matrix": [
          [
            0.3569163978099823,
            -0.7694207429885864,
            -0.529719352722168,
            0.10470561683177948
          ],
          [
            -0.5327486991882324,
            -0.6334675550460815,
            0.5611578822135925,
            -0.4583859443664551
          ],
          [
            -0.767332136631012,
            0.08192088454961777,
            -0.6360066533088684,
            1.3788408041000366
          ],
          [
            0.0,
            0.0,
            0.0,
            1.0
          ]
        ]
      },
      "bone_length_armature_space": 0.1171717504010935,
      "parent": "lowerarm_l",
      "has_children": true,
      "is_end_bone": false
    },
    "index_01_l": {
      "name": "index_01_l",
      "local": {
        "location": {
          "x": 0.0,
          "y": 0.0,
          "z": 0.0
        },
        "rotation_quaternion": {
          "w": 0.9919921159744263,
          "x": -0.12545253336429596,
          "y": 0.012439217418432236,
          "z": 0.007650666870176792
        },
        "scale": {
          "x": 1.0,
          "y": 1.0,
          "z": 1.0
        },
        "matrix_basis": [
          [
            0.9995734691619873,
            -0.01829986460506916,
            0.02275962010025978,
            0.0
          ],
          [
            0.012057739309966564,
            0.9684062600135803,
            0.2490861862897873,
            0.0
          ],
          [
            -0.026598801836371422,
            -0.24870550632476807,
            0.9682138562202454,
            0.0
          ],
          [
            0.0,
            0.0,
            0.0,
            1.0
          ]
        ],
        "rotation_mode": "QUATERNION"
      },
      "armature_space": {
        "head": {
          "x": 0.014551252126693726,
          "y": -0.5958544015884399,
          "z": 0.43858563899993896
        },
        "tail": {
          "x": 0.004065139219164848,
          "y": -0.6222755312919617,
          "z": 0.44082924723625183
        }
      },
      "world_space": {
        "head": {
          "x": 0.014551252126693726,
          "y": -0.5326104164123535,
          "z": 1.388439655303955
        },
        "tail": {
          "x": 0.004065139219164848,
          "y": -0.5590315461158752,
          "z": 1.3906832933425903
        },
        "rotation_quaternion": {
          "w": 0.03869609534740448,
          "x": -0.8984968066215515,
          "y": 0.18763580918312073,
          "z": 0.39496713876724243
        },
        "matrix": [
          [
            0.6175875663757324,
            -0.3677483797073364,
            -0.695231556892395,
            0.014551252126693726
          ],
          [
            -0.30661341547966003,
            -0.9265909194946289,
            0.21775700151920319,
            -0.5326104164123535
          ],
          [
            -0.7242801189422607,
            0.07868307828903198,
            -0.6850119829177856,
            1.388439655303955
          ],
          [
            0.0,
            0.0,
            0.0,
            1.0
          ]
        ]
      },
      "bone_length_armature_space": 0.028514354942111898,
      "parent": "metacarpal_index_l",
      "has_children": true,
      "is_end_bone": false
    },
    "index_02_l": {
      "name": "index_02_l",
      "local": {
        "location": {
          "x": 0.0,
          "y": 0.0,
          "z": 0.0
        },
        "rotation_quaternion": {
          "w": 0.9989297986030579,
          "x": 0.04497562721371651,
          "y": -0.008005024865269661,
          "z": 0.007250944152474403
        },
        "scale": {
          "x": 1.0,
          "y": 1.0,
          "z": 1.0
        },
        "matrix_basis": [
          [
            0.9997667074203491,
            -0.015206430107355118,
            -0.015340683981776237,
            0.0
          ],
          [
            0.013766306452453136,
            0.9958492517471313,
            -0.08997107297182083,
            0.0
          ],
          [
            0.016645146533846855,
            0.08973889797925949,
            0.995826244354248,
            0.0
          ],
          [
            0.0,
            0.0,
            0.0,
            1.0
          ]
        ],
        "rotation_mode": "QUATERNION"
      },
      "armature_space": {
        "head": {
          "x": 0.0040646325796842575,
          "y": -0.6222757697105408,
          "z": 0.44082921743392944
        },
        "tail": {
          "x": -0.00616124551743269,
          "y": -0.6457863450050354,
          "z": 0.441709041595459
        }
      },
      "world_space": {
        "head": {
          "x": 0.0040646325796842575,
          "y": -0.5590317845344543,
          "z": 1.3906831741333008
        },
        "tail": {
          "x": -0.00616124551743269,
          "y": -0.582542359828949,
          "z": 1.391563057899475
        },
        "rotation_quaternion": {
          "w": 0.07289048284292221,
          "x": -0.8812141418457031,
          "y": 0.19091686606407166,
          "z": 0.4262620508670807
        },
        "matrix": [
          [
            0.5637028217315674,
            -0.3986189365386963,
            -0.7234240770339966,
            0.0040646325796842575
          ],
          [
            -0.2743369936943054,
            -0.9164755344390869,
            0.2912259101867676,
            -0.5590317845344543
          ],
          [
            -0.7790939807891846,
            0.034296609461307526,
            -0.6259796619415283,
            1.3906831741333008
          ],
          [
            0.0,
            0.0,
            0.0,
            1.0
          ]
        ]
      },
      "bone_length_armature_space": 0.02565326182276918,
      "parent": "index_01_l",
      "has_children": true,
      "is_end_bone": false
    },
    "index_03_l": {
      "name": "index_03_l",
      "local": {
        "location": {
          "x": 0.0,
          "y": 0.0,
          "z": 0.0
        },
        "rotation_quaternion": {
          "w": 0.9992492198944092,
          "x": 0.03829055279493332,
          "y": 0.004930601920932531,
          "z": -0.003277997951954603
        },
        "scale": {
          "x": 1.0,
          "y": 1.0,
          "z": 1.0
        },
        "matrix_basis": [
          [
            0.9999299049377441,
            0.00692866463214159,
            0.009602767415344715,
            0.0
          ],
          [
            -0.00617348263040185,
            0.997046172618866,
            -0.07655593752861023,
            0.0
          ],
          [
            -0.010104833170771599,
            0.07649128139019012,
            0.9970190525054932,
            0.0
          ],
          [
            0.0,
            0.0,
            0.0,
            1.0
          ]
        ],
        "rotation_mode": "QUATERNION"
      },
      "armature_space": {
        "head": {
          "x": -0.006161151919513941,
          "y": -0.6457864046096802,
          "z": 0.44170916080474854
        },
        "tail": {
          "x": -0.0193526241928339,
          "y": -0.6714947819709778,
          "z": 0.4373736083507538
        }
      },
      "world_space": {
        "head": {
          "x": -0.006161151919513941,
          "y": -0.5825424194335938,
          "z": 1.3915631771087646
        },
        "tail": {
          "x": -0.0193526241928339,
          "y": -0.6082507967948914,
          "z": 1.3872276544570923
        },
        "rotation_quaternion": {
          "w": 0.15959681570529938,
          "x": -0.896112322807312,
          "y": 0.18600693345069885,
          "z": 0.37001755833625793
        },
        "matrix": [
          [
            0.656977117061615,
            -0.4514738917350769,
            -0.603782057762146,
            -0.006161151919513941
          ],
          [
            -0.21525967121124268,
            -0.8798608183860779,
            0.4236850142478943,
            -0.5825424194335938
          ],
          [
            -0.722531795501709,
            -0.14838312566280365,
            -0.6752365827560425,
            1.3915631771087646
          ],
          [
            0.0,
            0.0,
            0.0,
            1.0
          ]
        ]
      },
      "bone_length_armature_space": 0.029218704023905143,
      "parent": "index_02_l",
      "has_children": false,
      "is_end_bone": true
    },
    "metacarpal_pinky_l": {
      "name": "metacarpal_pinky_l",
      "local": {
        "location": {
          "x": 0.0,
          "y": 0.0,
          "z": 0.0
        },
        "rotation_quaternion": {
          "w": 0.9986007809638977,
          "x": -0.048636097460985184,
          "y": 0.020295409485697746,
          "z": 0.004388447385281324
        },
        "scale": {
          "x": 1.0,
          "y": 1.0,
          "z": 1.0
        },
        "matrix_basis": [
          [
            0.9991376996040344,
            -0.010738792829215527,
            0.04010714963078499,
            0.0
          ],
          [
            0.006790434941649437,
            0.9952305555343628,
            0.09731422364711761,
            0.0
          ],
          [
            -0.040960896760225296,
            -0.09695795923471451,
            0.994445264339447,
            0.0
          ],
          [
            0.0,
            0.0,
            0.0,
            1.0
          ]
        ],
        "rotation_mode": "QUATERNION"
      },
      "armature_space": {
        "head": {
          "x": 0.10470561683177948,
          "y": -0.5216299295425415,
          "z": 0.4289868175983429
        },
        "tail": {
          "x": 0.07378604263067245,
          "y": -0.619615912437439,
          "z": 0.412076473236084
        }
      },
      "world_space": {
        "head": {
          "x": 0.10470561683177948,
          "y": -0.4583859443664551,
          "z": 1.3788408041000366
        },
        "tail": {
          "x": 0.07378604263067245,
          "y": -0.5563719272613525,
          "z": 1.3619304895401
        },
        "rotation_quaternion": {
          "w": 0.1547662764787674,
          "x": -0.05095267295837402,
          "y": -0.07451692223548889,
          "z": 0.9838182926177979
        },
        "matrix": [
          [
            -0.9469024538993835,
            -0.2969302833080292,
            -0.1233220100402832,
            0.10470561683177948
          ],
          [
            0.31211742758750916,
            -0.9409895539283752,
            -0.1308501809835434,
            -0.4583859443664551
          ],
          [
            -0.07719147205352783,
            -0.16239520907402039,
            0.9837088584899902,
            1.3788408041000366
          ],
          [
            0.0,
            0.0,
            0.0,
            1.0
          ]
        ]
      },
      "bone_length_armature_space": 0.1041308451628995,
      "parent": "lowerarm_l",
      "has_children": true,
      "is_end_bone": false
    },
    "pinky_01_l": {
      "name": "pinky_01_l",
      "local": {
        "location": {
          "x": 0.0,
          "y": 0.0,
          "z": 0.0
        },
        "rotation_quaternion": {
          "w": 0.9541736841201782,
          "x": 0.29882100224494934,
          "y": -0.011966034770011902,
          "z": 0.010754124261438847
        },
        "scale": {
          "x": 1.0,
          "y": 1.0,
          "z": 1.0
        },
        "matrix_basis": [
          [
            0.9994823336601257,
            -0.027674010023474693,
            -0.01640823483467102,
            0.0
          ],
          [
            0.013371199369430542,
            0.8211807012557983,
            -0.5705116391181946,
            0.0
          ],
          [
            0.029262468218803406,
            0.5699968934059143,
            0.8211256265640259,
            0.0
          ],
          [
            0.0,
            0.0,
            0.0,
            1.0
          ]
        ],
        "rotation_mode": "QUATERNION"
      },
      "armature_space": {
        "head": {
          "x": 0.07378604263067245,
