{
  "metadata": {
    "armature_name": "KIM_caucasian_male",
    "export_time": "2026-01-13T20:59:34.421935",
    "blender_version": "4.4.1",
    "bone_count": 56,
    "end_bone_count": 13,
    "spaces_included": [
      "LOCAL_CHANNELS",
      "ARMATURE_SPACE",
      "WORLD_SPACE"
    ],
    "note": "LOCAL matches Transform panel; replay pose via local.matrix_basis for best fidelity."
  },
  "bones": {
    "Root": {
      "name": "Root",
      "local": {
        "location": {
          "x": 0.0,
          "y": 0.0,
          "z": 0.0
        },
        "rotation_quaternion": {
          "w": 0.9998822212219238,
          "x": -0.008195355534553528,
          "y": -0.004470539279282093,
          "z": -0.012189007364213467
        },
        "scale": {
          "x": 1.0,
          "y": 1.0,
          "z": 1.0
        },
        "matrix_basis": [
          [
            0.9996628761291504,
            0.024448418989777565,
            -0.008740238845348358,
            0.0
          ],
          [
            -0.024301867932081223,
            0.999568521976471,
            0.016497762873768806,
            0.0
          ],
          [
            0.009139811620116234,
            -0.01627979800105095,
            0.9998257160186768,
            0.0
          ],
          [
            0.0,
            0.0,
            0.0,
            1.0
          ]
        ],
        "rotation_mode": "QUATERNION"
      },
      "armature_space": {
        "head": {
          "x": 0.0,
          "y": 0.07072800397872925,
          "z": -0.009595036506652832
        },
        "tail": {
          "x": 0.0017450271407142282,
          "y": 0.00018672645092010498,
          "z": 0.0011473046615719795
        }
      },
      "world_space": {
        "head": {
          "x": 0.0,
          "y": 0.13397200405597687,
          "z": 0.9402589797973633
        },
        "tail": {
          "x": 0.0017450271407142282,
          "y": 0.06343072652816772,
          "z": 0.9510013461112976
        },
        "rotation_quaternion": {
          "w": 0.07553645968437195,
          "x": 0.9970585107803345,
          "y": 0.011860146187245846,
          "z": -0.005281532183289528
        },
        "matrix": [
          [
            0.9996628761291504,
            0.024448418989777565,
            -0.008740238845348358,
            0.0
          ],
          [
            0.022852621972560883,
            -0.9883071184158325,
            -0.15075428783893585,
            0.13397200405597687
          ],
          [
            -0.012323807924985886,
            0.15050382912158966,
            -0.9885397553443909,
            0.9402589797973633
          ],
          [
            0.0,
            0.0,
            0.0,
            1.0
          ]
        ]
      },
      "bone_length_armature_space": 0.07137587056034005,
      "parent": null,
      "has_children": true,
      "is_end_bone": false
    },
    "spine_01": {
      "name": "spine_01",
      "local": {
        "location": {
          "x": 0.0,
          "y": 0.0,
          "z": 0.0
        },
        "rotation_quaternion": {
          "w": 0.9992411732673645,
          "x": 0.0389450378715992,
          "y": -0.0004972313763573766,
          "z": 0.0005324346129782498
        },
        "scale": {
          "x": 1.0,
          "y": 1.0,
          "z": 1.0
        },
        "matrix_basis": [
          [
            0.999998927116394,
            -0.001102790585719049,
            -0.0009522367618046701,
            0.0
          ],
          [
            0.0010253317886963487,
            0.9969660043716431,
            -0.07783149927854538,
            0.0
          ],
          [
            0.001035179477185011,
            0.07783044129610062,
            0.9969660639762878,
            0.0
          ],
          [
            0.0,
            0.0,
            0.0,
            1.0
          ]
        ],
        "rotation_mode": "QUATERNION"
      },
      "armature_space": {
        "head": {
          "x": 0.0017450271407142282,
          "y": 0.00018672645092010498,
          "z": 0.0011473046615719795
        },
        "tail": {
          "x": 0.007385008968412876,
          "y": -0.006958507467061281,
          "z": 0.48906704783439636
        }
      },
      "world_space": {
        "head": {
          "x": 0.0017450271407142282,
          "y": 0.06343072652816772,
          "z": 0.9510013461112976
        },
        "tail": {
          "x": 0.007385008968412876,
          "y": 0.056285493075847626,
          "z": 1.4389210939407349
        },
        "rotation_quaternion": {
          "w": 0.701812744140625,
          "x": 0.7122552990913391,
          "y": 0.0117380041629076,
          "z": 0.003678767243400216
        },
        "matrix": [
          [
            0.9996973872184753,
            0.011557310819625854,
            0.021716278046369553,
            0.0017450271407142282
          ],
          [
            0.02188459224998951,
            -0.014641836285591125,
            -0.9996533393859863,
            0.06343072652816772
          ],
          [
            -0.011235392652451992,
            0.9998330473899841,
            -0.014891386032104492,
            0.9510013461112976
          ],
          [
            0.0,
            0.0,
            0.0,
            1.0
          ]
        ]
      },
      "bone_length_armature_space": 0.48800465024933204,
      "parent": "Root",
      "has_children": true,
      "is_end_bone": false
    },
    "neck_01": {
      "name": "neck_01",
      "local": {
        "location": {
          "x": 0.0,
          "y": 0.0,
          "z": 0.0
        },
        "rotation_quaternion": {
          "w": 0.9896018505096436,
          "x": 0.025220734998583794,
          "y": -0.07615196704864502,
          "z": 0.11938665062189102
        },
        "scale": {
          "x": 1.0,
          "y": 1.0,
          "z": 1.0
        },
        "matrix_basis": [
          [
            0.9598954319953918,
            -0.24013172090053558,
            -0.14469821751117706,
            0.0
          ],
          [
            0.23244927823543549,
            0.9702214598655701,
            -0.06810002774000168,
            0.0
          ],
          [
            0.15674228966236115,
            0.0317339152097702,
            0.9871295690536499,
            0.0
          ],
          [
            0.0,
            0.0,
            0.0,
            1.0
          ]
        ],
        "rotation_mode": "QUATERNION"
      },
      "armature_space": {
        "head": {
          "x": 0.008984347805380821,
          "y": -0.04269897937774658,
          "z": 0.5617568492889404
        },
        "tail": {
          "x": -0.013698048889636993,
          "y": -0.08531101047992706,
          "z": 0.6522027254104614
        }
      },
      "world_space": {
        "head": {
          "x": 0.008984347805380821,
          "y": 0.020545020699501038,
          "z": 1.5116108655929565
        },
        "tail": {
          "x": -0.013698048889636993,
          "y": -0.022067010402679443,
          "z": 1.6020567417144775
        },
        "rotation_quaternion": {
          "w": 0.5246862173080444,
          "x": 0.8413171172142029,
          "y": -0.12993784248828888,
          "z": 0.0024848333559930325
        },
        "matrix": [
          [
            0.966219961643219,
            -0.22124561667442322,
            -0.13217301666736603,
            0.008984347805380821
          ],
          [
            -0.21603119373321533,
            -0.415640652179718,
            -0.8835008144378662,
            0.020545020699501038
          ],
          [
            0.1405349224805832,
            0.8822150826454163,
            -0.4494001865386963,
            1.5116108655929565
          ],
          [
            0.0,
            0.0,
            0.0,
            1.0
          ]
        ]
      },
      "bone_length_armature_space": 0.10252186369845293,
      "parent": "spine_01",
      "has_children": true,
      "is_end_bone": false
    },
    "head": {
      "name": "head",
      "local": {
        "location": {
          "x": 0.0,
          "y": 0.0,
          "z": 0.0
        },
        "rotation_quaternion": {
          "w": 0.9932978749275208,
          "x": -0.044397711753845215,
          "y": 0.044294897466897964,
          "z": 0.09708765149116516
        },
        "scale": {
          "x": 1.0,
          "y": 1.0,
          "z": 1.0
        },
        "matrix_basis": [
          [
            0.9772238731384277,
            -0.1968071013689041,
            0.07937511801719666,
            0.0
          ],
          [
            0.18894073367118835,
            0.9772056341171265,
            0.0968012809753418,
            0.0
          ],
          [
            -0.09661699086427689,
            -0.07959932833909988,
            0.992133617401123,
            0.0
          ],
          [
            0.0,
            0.0,
            0.0,
            1.0
          ]
        ],
        "rotation_mode": "QUATERNION"
      },
      "armature_space": {
        "head": {
          "x": -0.013698052614927292,
          "y": -0.08531112223863602,
          "z": 0.6522026062011719
        },
        "tail": {
          "x": -0.0647374838590622,
          "y": -0.07691743969917297,
          "z": 0.7984141111373901
        }
      },
      "world_space": {
        "head": {
          "x": -0.013698052614927292,
          "y": -0.022067122161388397,
          "z": 1.602056622505188
        },
        "tail": {
          "x": -0.0647374838590622,
          "y": -0.013673439621925354,
          "z": 1.7482681274414062
        },
        "rotation_quaternion": {
          "w": 0.7060958743095398,
          "x": 0.6841863989830017,
          "y": -0.1687861829996109,
          "z": 0.06948963552713394
        },
        "matrix": [
          [
            0.9333653450012207,
            -0.32909509539604187,
            -0.1432691067457199,
            -0.013698052614927292
          ],
          [
            -0.13282763957977295,
            0.05412130057811737,
            -0.9896605610847473,
            -0.022067122161388397
          ],
          [
            0.3334483802318573,
            0.9427513480186462,
            0.006801113486289978,
            1.602056622505188
          ],
          [
            0.0,
            0.0,
            0.0,
            1.0
          ]
        ]
      },
      "bone_length_armature_space": 0.15509120292280187,
      "parent": "neck_01",
      "has_children": false,
      "is_end_bone": true
    },
    "upperarm_l": {
      "name": "upperarm_l",
      "local": {
        "location": {
          "x": 0.0,
          "y": 0.0,
          "z": 0.0
        },
        "rotation_quaternion": {
          "w": 0.8050663471221924,
          "x": 0.1648021936416626,
          "y": 0.5654033422470093,
          "z": -0.07090529799461365
        },
        "scale": {
          "x": 1.0,
          "y": 1.0,
          "z": 1.0
        },
        "matrix_basis": [
          [
            0.3505829870700836,
            0.30052635073661804,
            0.8870037198066711,
            0.0
          ],
          [
            0.07219248265028,
            0.9356253743171692,
            -0.3455335795879364,
            0.0
          ],
          [
            -0.9337450861930847,
            0.18517321348190308,
            0.30631858110427856,
            0.0
          ],
          [
            0.0,
            0.0,
            0.0,
            1.0
          ]
        ],
        "rotation_mode": "QUATERNION"
      },
      "armature_space": {
        "head": {
          "x": 0.1582314819097519,
          "y": -0.041620269417762756,
          "z": 0.49282753467559814
        },
        "tail": {
          "x": 0.40850895643234253,
          "y": -0.07267376780509949,
          "z": 0.4022482633590698
        }
      },
      "world_space": {
        "head": {
          "x": 0.1582314819097519,
          "y": 0.021623730659484863,
          "z": 1.4426815509796143
        },
        "tail": {
          "x": 0.40850895643234253,
          "y": -0.009429767727851868,
          "z": 1.352102279663086
        },
        "rotation_quaternion": {
          "w": 0.015906836837530136,
          "x": -0.7082522511482239,
          "y": -0.6646835207939148,
          "z": 0.2373216599225998
        },
        "matrix": [
          [
            0.003746934235095978,
            0.9339777231216431,
            -0.3573116064071655,
            0.1582314819097519
          ],
          [
            0.9490767121315002,
            -0.11588448286056519,
            -0.29295817017555237,
            0.021623730659484863
          ],
          [
            -0.31502455472946167,
            -0.338020920753479,
            -0.8868572115898132,
            1.4426815509796143
          ],
          [
            0.0,
            0.0,
            0.0,
            1.0
          ]
        ]
      },
      "bone_length_armature_space": 0.2679696411096795,
      "parent": "spine_01",
      "has_children": true,
      "is_end_bone": false
    },
    "lowerarm_l": {
      "name": "lowerarm_l",
      "local": {
        "location": {
          "x": 0.0,
          "y": 0.0,
          "z": 0.0
        },
        "rotation_quaternion": {
          "w": 0.957892894744873,
          "x": 0.173848494887352,
          "y": -0.13666057586669922,
          "z": 0.18314415216445923
        },
        "scale": {
          "x": 1.0,
          "y": 1.0,
          "z": 1.0
        },
        "matrix_basis": [
          [
            0.8955641984939575,
            -0.39838144183158875,
            -0.19813372194766998,
            0.0
          ],
          [
            0.30334848165512085,
            0.8724698424339294,
            -0.38311365246772766,
            0.0
          ],
          [
            0.3254910707473755,
            0.28299930691719055,
            0.9022011756896973,
            0.0
          ],
          [
            0.0,
            0.0,
            0.0,
            1.0
          ]
        ],
        "rotation_mode": "QUATERNION"
      },
      "armature_space": {
        "head": {
          "x": 0.4085090160369873,
          "y": -0.07267390936613083,
          "z": 0.40224820375442505
        },
        "tail": {
          "x": 0.5790813565254211,
          "y": -0.2483966052532196,
          "z": 0.29456275701522827
        }
      },
      "world_space": {
        "head": {
          "x": 0.4085090160369873,
          "y": -0.00942990928888321,
          "z": 1.352102279663086
        },
        "tail": {
          "x": 0.5790813565254211,
          "y": -0.18515260517597198,
          "z": 1.2444167137145996
        },
        "rotation_quaternion": {
          "w": 0.018200784921646118,
          "x": 0.7475435733795166,
          "y": 0.4138166904449463,
          "z": -0.519233226776123
        },
        "matrix": [
          [
            0.11830385029315948,
            0.6375952959060669,
            -0.7612333297729492,
            0.4085090160369873
          ],
          [
            0.5997911095619202,
            -0.6568471789360046,
            -0.45694929361343384,
            -0.00942990928888321
          ],
          [
            -0.7913677096366882,
            -0.4025256037712097,
            -0.4601353406906128,
            1.352102279663086
          ],
          [
            0.0,
            0.0,
            0.0,
            1.0
          ]
        ]
      },
      "bone_length_armature_space": 0.2675248444547514,
      "parent": "upperarm_l",
      "has_children": true,
      "is_end_bone": false
    },
    "metacarpal_thumb_l": {
      "name": "metacarpal_thumb_l",
      "local": {
        "location": {
          "x": 0.0,
          "y": 0.0,
          "z": 0.0
        },
        "rotation_quaternion": {
          "w": 0.9981024861335754,
          "x": -0.060303106904029846,
          "y": -0.0017281575128436089,
          "z": 0.012327964417636395
        },
        "scale": {
          "x": 1.0,
          "y": 1.0,
          "z": 1.0
        },
        "matrix_basis": [
          [
            0.999690055847168,
            -0.02440071664750576,
            -0.004936585668474436,
            0.0
          ],
          [
            0.0248175710439682,
            0.9924231171607971,
            0.12033475190401077,
            0.0
          ],
          [
            0.0019629274029284716,
            -0.12041997164487839,
            0.9927210807800293,
            0.0
          ],
          [
            0.0,
            0.0,
            0.0,
            1.0
          ]
        ],
        "rotation_mode": "QUATERNION"
      },
      "armature_space": {
        "head": {
          "x": 0.5790813565254211,
          "y": -0.2483966052532196,
          "z": 0.29456275701522827
        },
        "tail": {
          "x": 0.5814208388328552,
          "y": -0.2860890328884125,
          "z": 0.2625095546245575
        }
      },
      "world_space": {
        "head": {
          "x": 0.5790813565254211,
          "y": -0.18515260517597198,
          "z": 1.2444167137145996
        },
        "tail": {
          "x": 0.5814208388328552,
          "y": -0.22284503281116486,
          "z": 1.212363600730896
        },
        "rotation_quaternion": {
          "w": 0.34538933634757996,
          "x": -0.9379499554634094,
          "y": -0.015278447419404984,
          "z": -0.026881877332925797
        },
        "matrix": [
          [
            0.9980877637863159,
            0.047230273485183716,
            0.03987344354391098,
            0.5790813565254211
          ],
          [
            0.01009155809879303,
            -0.7609457969665527,
            0.6487368941307068,
            -0.18515260517597198
          ],
          [
            0.0609821118414402,
            -0.6470993161201477,
            -0.7599721550941467,
            1.2444167137145996
          ],
          [
            0.0,
            0.0,
            0.0,
            1.0
          ]
        ]
      },
      "bone_length_armature_space": 0.04953382767573115,
      "parent": "lowerarm_l",
      "has_children": true,
      "is_end_bone": false
    },
    "thumb_01_l": {
      "name": "thumb_01_l",
      "local": {
        "location": {
          "x": 0.0,
          "y": 0.0,
          "z": 0.0
        },
        "rotation_quaternion": {
          "w": 0.9983998537063599,
          "x": 0.055192891508340836,
          "y": -0.0035789934918284416,
          "z": 0.01178107038140297
        },
        "scale": {
          "x": 1.0,
          "y": 1.0,
          "z": 1.0
        },
        "matrix_basis": [
          [
            0.9996967911720276,
            -0.02391950786113739,
            -0.005846070591360331,
            0.0
          ],
          [
            0.02312936820089817,
            0.9936298727989197,
            -0.11029347777366638,
            0.0
          ],
          [
            0.008446996100246906,
            0.11012481898069382,
            0.99388188123703,
            0.0
          ],
          [
            0.0,
            0.0,
            0.0,
            1.0
          ]
        ],
        "rotation_mode": "QUATERNION"
      },
      "armature_space": {
        "head": {
          "x": 0.5814208388328552,
          "y": -0.2860890328884125,
          "z": 0.2625095546245575
        },
        "tail": {
          "x": 0.5831264853477478,
          "y": -0.28602778911590576,
          "z": 0.22851355373859406
        }
      },
      "world_space": {
        "head": {
          "x": 0.5814208388328552,
          "y": -0.22284503281116486,
          "z": 1.212363600730896
        },
        "tail": {
          "x": 0.5831264853477478,
          "y": -0.22278378903865814,
          "z": 1.1783676147460938
        },
        "rotation_quaternion": {
          "w": 0.5156548023223877,
          "x": -0.4898334741592407,
          "y": 0.48476800322532654,
          "z": -0.5090809464454651
        },
        "matrix": [
          [
            0.011673465371131897,
            0.05010922998189926,
            0.998675525188446,
            0.5814208388328552
          ],
          [
            -0.9999309778213501,
            0.0017989068292081356,
            0.01159779354929924,
            -0.22284503281116486
          ],
          [
            -0.0012162900529801846,
            -0.9987491369247437,
            0.05012720450758934,
            1.212363600730896
          ],
          [
            0.0,
            0.0,
            0.0,
            1.0
          ]
        ]
      },
      "bone_length_armature_space": 0.03403881763291503,
      "parent": "metacarpal_thumb_l",
      "has_children": true,
      "is_end_bone": false
    },
    "thumb_02_l": {
      "name": "thumb_02_l",
      "local": {
        "location": {
          "x": 0.0,
          "y": 0.0,
          "z": 0.0
        },
        "rotation_quaternion": {
          "w": 0.988696813583374,
          "x": 0.14985288679599762,
          "y": -0.004574500024318695,
          "z": -0.0014084993163123727
        },
        "scale": {
          "x": 1.0,
          "y": 1.0,
          "z": 1.0
        },
        "matrix_basis": [
          [
            0.9999541640281677,
            0.001414153492078185,
            -0.009467722848057747,
            0.0
          ],
          [
            -0.004156161565333605,
            0.9550842642784119,
            -0.29630526900291443,
            0.0
          ],
          [
            0.008623451925814152,
            0.2963310182094574,
            0.9550463557243347,
            0.0
          ],
          [
            0.0,
            0.0,
            0.0,
            1.0
          ]
        ],
        "rotation_mode": "QUATERNION"
      },
      "armature_space": {
        "head": {
          "x": 0.583126425743103,
          "y": -0.2860277593135834,
          "z": 0.22851356863975525
        },
        "tail": {
          "x": 0.6118817329406738,
          "y": -0.3131618797779083,
          "z": 0.22143878042697906
        }
      },
      "world_space": {
        "head": {
          "x": 0.583126425743103,
          "y": -0.22278375923633575,
          "z": 1.1783676147460938
        },
        "tail": {
          "x": 0.6118817329406738,
          "y": -0.2499178797006607,
          "z": 1.171292781829834
        },
        "rotation_quaternion": {
          "w": 0.39728718996047974,
          "x": -0.06974337249994278,
          "y": 0.06614168733358383,
          "z": -0.9126468300819397
        },
        "matrix": [
          [
            -0.6745973825454712,
            0.7159397602081299,
            0.1798570156097412,
            0.583126425743103
          ],
          [
            -0.7343915700912476,
            -0.675576388835907,
            -0.06531068682670593,
            -0.22278375923633575
          ],
          [
            0.07474837452173233,
            -0.1761457324028015,
            0.9815289974212646,
            1.1783676147460938
          ],
          [
            0.0,
            0.0,
            0.0,
            1.0
          ]
        ]
      },
      "bone_length_armature_space": 0.040164422437474916,
      "parent": "thumb_01_l",
      "has_children": true,
      "is_end_bone": false
    },
    "thumb_03_l": {
      "name": "thumb_03_l",
      "local": {
        "location": {
          "x": 0.0,
          "y": 0.0,
          "z": 0.0
        },
        "rotation_quaternion": {
          "w": 0.9988279342651367,
          "x": 0.04701634496450424,
          "y": -0.008428104221820831,
          "z": 0.00783041026443243
        },
        "scale": {
          "x": 1.0,
          "y": 1.0,
          "z": 1.0
        },
        "matrix_basis": [
          [
            0.9997352957725525,
            -0.016434982419013977,
            -0.016100136563181877,
            0.0
          ],
          [
            0.014849947765469551,
            0.9954562783241272,
            -0.09405446797609329,
            0.0
          ],
          [
            0.017572766169905663,
            0.09379048645496368,
            0.9954368472099304,
            0.0
          ],
          [
            0.0,
            0.0,
            0.0,
            1.0
          ]
        ],
        "rotation_mode": "QUATERNION"
      },
      "armature_space": {
        "head": {
          "x": 0.611881673336029,
          "y": -0.3131618797779083,
          "z": 0.22143873572349548
        },
        "tail": {
          "x": 0.6368185877799988,
          "y": -0.32974520325660706,
          "z": 0.2269190549850464
        }
      },
      "world_space": {
        "head": {
          "x": 0.611881673336029,
          "y": -0.2499178797006607,
          "z": 1.171292781829834
        },
        "tail": {
          "x": 0.6368185877799988,
          "y": -0.26650118827819824,
          "z": 1.1767730712890625
        },
        "rotation_quaternion": {
          "w": 0.47703465819358826,
          "x": 0.17174643278121948,
          "y": -0.009369072504341602,
          "z": -0.8618894815444946
        },
        "matrix": [
          [
            -0.4858819246292114,
            0.8190843462944031,
            -0.3049907088279724,
            0.611881673336029
          ],
          [
            -0.8255205154418945,
            -0.5446999073028564,
            -0.1477084755897522,
            -0.2499178797006607
          ],
          [
            -0.2871169447898865,
            0.18000799417495728,
            0.9408373832702637,
            1.171292781829834
          ],
          [
            0.0,
            0.0,
            0.0,
            1.0
          ]
        ]
      },
      "bone_length_armature_space": 0.030444872048358346,
      "parent": "thumb_02_l",
      "has_children": false,
      "is_end_bone": true
    },
    "metacarpal_index_l": {
      "name": "metacarpal_index_l",
      "local": {
        "location": {
          "x": 0.0,
          "y": 0.0,
          "z": 0.0
        },
        "rotation_quaternion": {
          "w": 0.9987027049064636,
          "x": -0.05037451535463333,
          "y": 0.0027916324324905872,
          "z": -0.0068944175727665424
        },
        "scale": {
          "x": 1.0,
          "y": 1.0,
          "z": 1.0
        },
        "matrix_basis": [
          [
            0.9998893737792969,
            0.013489692471921444,
            0.006270627491176128,
            0.0
          ],
          [
            -0.014052201062440872,
            0.9948297739028931,
            0.10057983547449112,
            0.0
          ],
          [
            -0.004881415981799364,
            -0.10065682232379913,
            0.9949092268943787,
            0.0
          ],
          [
            0.0,
            0.0,
            0.0,
            1.0
          ]
        ],
        "rotation_mode": "QUATERNION"
      },
      "armature_space": {
        "head": {
          "x": 0.5790813565254211,
          "y": -0.2483966052532196,
          "z": 0.29456275701522827
        },
        "tail": {
          "x": 0.6300420165061951,
          "y": -0.3375258147716522,
          "z": 0.23809802532196045
        }
      },
      "world_space": {
        "head": {
          "x": 0.5790813565254211,
          "y": -0.18515260517597198,
          "z": 1.2444167137145996
        },
        "tail": {
          "x": 0.6300420165061951,
          "y": -0.2742817997932434,
          "z": 1.1879520416259766
        },
        "rotation_quaternion": {
          "w": 0.21359504759311676,
          "x": -0.9245653748512268,
          "y": -0.2721056640148163,
          "z": 0.1597331464290619
        },
        "matrix": [
          [
            0.8008871674537659,
            0.4349227845668793,
            -0.4116086959838867,
            0.5790813565254211
          ],
          [
            0.5713956952095032,
            -0.7606716752052307,
            0.30803540349006653,
            -0.18515260517597198
          ],
          [
            -0.17912814021110535,
            -0.4818972051143646,
            -0.8577309846878052,
            1.2444167137145996
          ],
          [
            0.0,
            0.0,
            0.0,
            1.0
          ]
        ]
      },
      "bone_length_armature_space": 0.11717196997417259,
      "parent": "lowerarm_l",
      "has_children": true,
      "is_end_bone": false
    },
    "index_01_l": {
      "name": "index_01_l",
      "local": {
        "location": {
          "x": 0.0,
          "y": 0.0,
          "z": 0.0
        },
        "rotation_quaternion": {
          "w": 0.9965848922729492,
          "x": -0.08110353350639343,
          "y": -0.002167658181861043,
          "z": -0.015366613864898682
        },
        "scale": {
          "x": 1.0,
          "y": 1.0,
          "z": 1.0
        },
        "matrix_basis": [
          [
            0.9995183348655701,
            0.030979879200458527,
            -0.0018279374344274402,
            0.0
          ],
          [
            -0.03027666173875332,
            0.986372172832489,
            0.16171972453594208,
            0.0
          ],
          [
            0.006813084241002798,
            -0.16158649325370789,
            0.9868350625038147,
            0.0
          ],
          [
            0.0,
            0.0,
            0.0,
            1.0
          ]
        ],
        "rotation_mode": "QUATERNION"
      },
      "armature_space": {
        "head": {
          "x": 0.6300420165061951,
          "y": -0.3375258147716522,
          "z": 0.23809802532196045
        },
        "tail": {
          "x": 0.6526646018028259,
          "y": -0.35346198081970215,
          "z": 0.23121851682662964
        }
      },
      "world_space": {
        "head": {
          "x": 0.6300420165061951,
          "y": -0.2742817997932434,
          "z": 1.1879520416259766
        },
        "tail": {
          "x": 0.6526646018028259,
          "y": -0.2902179956436157,
          "z": 1.181072473526001
        },
        "rotation_quaternion": {
          "w": 0.11136544495820999,
          "x": -0.881485641002655,
          "y": -0.4562419652938843,
          "z": 0.04923739284276962
        },
        "matrix": [
          [
            0.5788375735282898,
            0.7933745980262756,
            -0.18842406570911407,
            0.6300420165061951
          ],
          [
            0.8153083920478821,
            -0.5588821172714233,
            0.15140458941459656,
            -0.2742817997932434
          ],
          [
            0.014814648777246475,
            -0.24126461148262024,
            -0.9703536033630371,
            1.1879520416259766
          ],
          [
            0.0,
            0.0,
            0.0,
            1.0
          ]
        ]
      },
      "bone_length_armature_space": 0.02851438936588078,
      "parent": "metacarpal_index_l",
      "has_children": true,
      "is_end_bone": false
    },
    "index_02_l": {
      "name": "index_02_l",
      "local": {
        "location": {
          "x": 0.0,
          "y": 0.0,
          "z": 0.0
        },
        "rotation_quaternion": {
          "w": 0.9868712425231934,
          "x": 0.16130627691745758,
          "y": -0.007305528968572617,
          "z": -0.003499746322631836
        },
        "scale": {
          "x": 1.0,
          "y": 1.0,
          "z": 1.0
        },
        "matrix_basis": [
          [
            0.9998687505722046,
            0.0045507424511015415,
            -0.015548295341432095,
            0.0
          ],
          [
            -0.009264453314244747,
            0.9479360580444336,
            -0.3183259069919586,
            0.0
          ],
          [
            0.013290170580148697,
            0.3184281885623932,
            0.9478538036346436,
            0.0
          ],
          [
            0.0,
            0.0,
            0.0,
            1.0
          ]
        ],
        "rotation_mode": "QUATERNION"
      },
      "armature_space": {
        "head": {
          "x": 0.6526647210121155,
          "y": -0.3534623384475708,
          "z": 0.2312181144952774
        },
        "tail": {
          "x": 0.6709913015365601,
          "y": -0.3658164441585541,
          "z": 0.2181948870420456
        }
      },
      "world_space": {
        "head": {
          "x": 0.6526647210121155,
          "y": -0.2902183532714844,
          "z": 1.1810721158981323
        },
        "tail": {
          "x": 0.6709913015365601,
          "y": -0.30257242918014526,
          "z": 1.1680488586425781
        },
        "rotation_quaternion": {
          "w": 0.21814750134944916,
          "x": -0.8475443720817566,
          "y": -0.4600234627723694,
          "z": 0.14986251294612885
        },
        "matrix": [
          [
            0.531838059425354,
            0.7143964767456055,
            -0.4547370672225952,
            0.6526647210121155
          ],
          [
            0.845165491104126,
            -0.48158007860183716,
            0.23189692199230194,
            -0.2902183532714844
          ],
          [
            -0.053325504064559937,
            -0.5076637268066406,
            -0.8599116802215576,
            1.1810721158981323
          ],
          [
            0.0,
            0.0,
            0.0,
            1.0
          ]
        ]
      },
      "bone_length_armature_space": 0.02565330249551306,
      "parent": "index_01_l",
      "has_children": true,
      "is_end_bone": false
    },
    "index_03_l": {
      "name": "index_03_l",
      "local": {
        "location": {
          "x": 0.0,
          "y": 0.0,
          "z": 0.0
        },
        "rotation_quaternion": {
          "w": 0.9768211841583252,
          "x": 0.21392011642456055,
          "y": -0.0061651733703911304,
          "z": 0.004531315062195063
        },
        "scale": {
          "x": 1.0,
          "y": 1.0,
          "z": 1.0
        },
        "matrix_basis": [
          [
            0.9998829364776611,
            -0.01149027794599533,
            -0.010105865076184273,
            0.0
          ],
          [
            0.0062148598954081535,
            0.9084352850914001,
            -0.41797927021980286,
            0.0
          ],
          [
            0.013983222655951977,
            0.4178675413131714,
            0.9084003567695618,
            0.0
          ],
          [
            0.0,
            0.0,
            0.0,
            1.0
          ]
        ],
        "rotation_mode": "QUATERNION"
      },
      "armature_space": {
        "head": {
          "x": 0.6709913611412048,
          "y": -0.36581647396087646,
          "z": 0.21819500625133514
        },
        "tail": {
          "x": 0.6839491724967957,
          "y": -0.3721497058868408,
          "z": 0.19278386235237122
        }
      },
      "world_space": {
        "head": {
          "x": 0.6709913611412048,
          "y": -0.30257248878479004,
          "z": 1.1680489778518677
        },
        "tail": {
          "x": 0.6839491724967957,
          "y": -0.3089057207107544,
          "z": 1.142637848854065
        },
        "rotation_quaternion": {
          "w": 0.44476836919784546,
          "x": -0.7431114315986633,
          "y": -0.44023239612579346,
          "z": 0.2369849532842636
        },
        "matrix": [
          [
            0.5000649690628052,
            0.44347694516181946,
            -0.7438165545463562,
            0.6709913611412048
          ],
          [
            0.8650916218757629,
            -0.21675239503383636,
            0.4523661732673645,
            -0.30257248878479004
          ],
          [
            0.039391037076711655,
            -0.8696882724761963,
            -0.4920414090156555,
            1.1680489778518677
          ],
          [
            0.0,
            0.0,
            0.0,
            1.0
          ]
        ]
      },
      "bone_length_armature_space": 0.029218845278526733,
      "parent": "index_02_l",
      "has_children": false,
      "is_end_bone": true
    },
    "metacarpal_pinky_l": {
      "name": "metacarpal_pinky_l",
      "local": {
        "location": {
          "x": 0.0,
          "y": 0.0,
          "z": 0.0
        },
        "rotation_quaternion": {
          "w": 0.9983927607536316,
          "x": -0.05548081547021866,
          "y": 0.009217867627739906,
          "z": -0.006989595480263233
        },
        "scale": {
          "x": 1.0,
          "y": 1.0,
          "z": 1.0
        },
        "matrix_basis": [
          [
            0.9997323751449585,
            0.012933893129229546,
            0.01918168179690838,
            0.0
          ],
          [
            -0.01497955247759819,
            0.9937460422515869,
            0.11065442860126495,
            0.0
          ],
          [
            -0.017630526795983315,
            -0.11091214418411255,
            0.9936738014221191,
            0.0
          ],
          [
            0.0,
            0.0,
            0.0,
            1.0
          ]
        ],
        "rotation_mode": "QUATERNION"
      },
      "armature_space": {
        "head": {
          "x": 0.5790813565254211,
          "y": -0.2483966052532196,
          "z": 0.29456275701522827
        },
        "tail": {
          "x": 0.6681956052780151,
          "y": -0.2904011309146881,
          "z": 0.2608359456062317
        }
      },
      "world_space": {
        "head": {
          "x": 0.5790813565254211,
          "y": -0.18515260517597198,
          "z": 1.2444167137145996
        },
        "tail": {
          "x": 0.6681956052780151,
          "y": -0.2271571308374405,
          "z": 1.2106900215148926
        },
        "rotation_quaternion": {
          "w": 0.4098418653011322,
          "x": 0.29536309838294983,
          "y": 0.3610236346721649,
          "z": -0.7838701605796814
        },
        "matrix": [
          [
            -0.4895801544189453,
            0.8557919263839722,
            -0.16712595522403717,
            0.5790813565254211
          ],
          [
            -0.4292614758014679,
            -0.40338248014450073,
            -0.80809485912323,
            -0.18515260517597198
          ],
          [
            -0.7589827179908752,
            -0.3238891363143921,
            0.5648497343063354,
            1.2444167137145996
          ],
          [
            0.0,
            0.0,
            0.0,
            1.0
          ]
        ]
      },
      "bone_length_armature_space": 0.10413081861107193,
      "parent": "lowerarm_l",
      "has_children": true,
      "is_end_bone": false
    },
    "pinky_01_l": {
      "name": "pinky_01_l",
      "local": {
        "location": {
          "x": 0.0,
          "y": 0.0,
          "z": 0.0
        },
        "rotation_quaternion": {
          "w": 0.9998753666877747,
          "x": 0.008765866979956627,
          "y": -0.005282639525830746,
          "z": 0.012023662216961384
        },
        "scale": {
          "x": 1.0,
          "y": 1.0,
          "z": 1.0
        },
        "matrix_basis": [
          [
            0.9996550679206848,
            -0.024136941879987717,
            -0.010353166610002518,
            0.0
          ],
          [
            0.023951712995767593,
            0.9995571970939636,
            -0.017656581476330757,
            0.0
          ],
          [
            0.010774757713079453,
            0.017402514815330505,
            0.9997904896736145,
            0.0
          ],
          [
            0.0,
            0.0,
            0.0,
            1.0
          ]
        ],
        "rotation_mode": "QUATERNION"
      },
      "armature_space": {
        "head": {
          "x": 0.6681956052780151,
          "y": -0.2904011309146881,
