{
  "metadata": {
    "armature_name": "KIM_caucasian_male",
    "export_time": "2026-01-13T21:15:50.472538",
    "blender_version": "4.4.1",
    "bone_count": 56,
    "end_bone_count": 13,
    "spaces_included": [
      "LOCAL_CHANNELS",
      "ARMATURE_SPACE",
      "WORLD_SPACE"
    ],
    "note": "LOCAL matches Transform panel; replay pose via local.matrix_basis for best fidelity."
  },
  "bones": {
    "Root": {
      "name": "Root",
      "local": {
        "location": {
          "x": 0.0,
          "y": 0.0,
          "z": 0.0
        },
        "rotation_quaternion": {
          "w": 0.9996006488800049,
          "x": -0.010644032619893551,
          "y": 0.005468474701046944,
          "z": -0.02559867687523365
        },
        "scale": {
          "x": 1.0,
          "y": 1.0,
          "z": 1.0
        },
        "matrix_basis": [
          [
            0.998629629611969,
            0.05106049403548241,
            0.011477528139948845,
            0.0
          ],
          [
            -0.05129332095384598,
            0.9984627962112427,
            0.020999591797590256,
            0.0
          ],
          [
            -0.010387635789811611,
            -0.02155953459441662,
            0.9997135996818542,
            0.0
          ],
          [
            0.0,
            0.0,
            0.0,
            1.0
          ]
        ],
        "rotation_mode": "QUATERNION"
      },
      "armature_space": {
        "head": {
          "x": 0.0,
          "y": 0.07072800397872925,
          "z": -0.009595036506652832
        },
        "tail": {
          "x": 0.0036444871220737696,
          "y": 0.0003155916929244995,
          "z": 0.0015101227909326553
        }
      },
      "world_space": {
        "head": {
          "x": 0.0,
          "y": 0.13397200405597687,
          "z": 0.9402589797973633
        },
        "tail": {
          "x": 0.0036444871220737696,
          "y": 0.06355959177017212,
          "z": 0.9513641595840454
        },
        "rotation_quaternion": {
          "w": 0.07796060293912888,
          "x": 0.9966127276420593,
          "y": 0.025908920913934708,
          "z": 0.0037315210793167353
        },
        "matrix": [
          [
            0.998629629611969,
            0.05106049403548241,
            0.011477528139948845,
            0.0
          ],
          [
            0.05222414806485176,
            -0.9865016937255859,
            -0.15520016849040985,
            0.13397200405597687
          ],
          [
            0.0033980770967900753,
            0.15558703243732452,
            -0.9878234267234802,
            0.9402589797973633
          ],
          [
            0.0,
            0.0,
            0.0,
            1.0
          ]
        ]
      },
      "bone_length_armature_space": 0.07137586900259052,
      "parent": null,
      "has_children": true,
      "is_end_bone": false
    },
    "spine_01": {
      "name": "spine_01",
      "local": {
        "location": {
          "x": 0.0,
          "y": 0.0,
          "z": 0.0
        },
        "rotation_quaternion": {
          "w": 0.9988671541213989,
          "x": -0.031801894307136536,
          "y": -0.01885010488331318,
          "z": -0.029964687302708626
        },
        "scale": {
          "x": 1.0,
          "y": 1.0,
          "z": 1.0
        },
        "matrix_basis": [
          [
            0.99749356508255,
            0.06106042116880417,
            -0.03575163334608078,
            0.0
          ],
          [
            -0.058662544935941696,
            0.9961814880371094,
            0.0646614134311676,
            0.0
          ],
          [
            0.0395633690059185,
            -0.062402062118053436,
            0.9972666501998901,
            0.0
          ],
          [
            0.0,
            0.0,
            0.0,
            1.0
          ]
        ],
        "rotation_mode": "QUATERNION"
      },
      "armature_space": {
        "head": {
          "x": 0.0036444871220737696,
          "y": 0.0003155916929244995,
          "z": 0.0015101227909326553
        },
        "tail": {
          "x": 0.028447160497307777,
          "y": 0.06518068164587021,
          "z": 0.48454830050468445
        }
      },
      "world_space": {
        "head": {
          "x": 0.0036444871220737696,
          "y": 0.06355959177017212,
          "z": 0.9513641595840454
        },
        "tail": {
          "x": 0.028447160497307777,
          "y": 0.12842467427253723,
          "z": 1.434402346611023
        },
        "rotation_quaternion": {
          "w": 0.752295732498169,
          "x": 0.6582890152931213,
          "y": 0.022604865953326225,
          "z": -0.013999789021909237
        },
        "matrix": [
          [
            0.998586118221283,
            0.05082502216100693,
            0.015578951686620712,
            0.0036444871220737696
          ],
          [
            0.00869675725698471,
            0.13291993737220764,
            -0.9910886883735657,
            0.06355959177017212
          ],
          [
            -0.052443213760852814,
            0.9898298382759094,
            0.13229000568389893,
            0.9513641595840454
          ],
          [
            0.0,
            0.0,
            0.0,
            1.0
          ]
        ]
      },
      "bone_length_armature_space": 0.4880046476476056,
      "parent": "Root",
      "has_children": true,
      "is_end_bone": false
    },
    "neck_01": {
      "name": "neck_01",
      "local": {
        "location": {
          "x": 0.0,
          "y": 0.0,
          "z": 0.0
        },
        "rotation_quaternion": {
          "w": 0.9969764947891235,
          "x": 0.030939729884266853,
          "y": 0.0585608184337616,
          "z": 0.04063602536916733
        },
        "scale": {
          "x": 1.0,
          "y": 1.0,
          "z": 1.0
        },
        "matrix_basis": [
          [
            0.9898386597633362,
            -0.07740261405706406,
            0.11928205192089081,
            0.0
          ],
          [
            0.08465003967285156,
            0.9947828650474548,
            -0.05693300813436508,
            0.0
          ],
          [
            -0.1142529845237732,
            0.06645172834396362,
            0.9912267327308655,
            0.0
          ],
          [
            0.0,
            0.0,
            0.0,
            1.0
          ]
        ],
        "rotation_mode": "QUATERNION"
      },
      "armature_space": {
        "head": {
          "x": 0.032708775252103806,
          "y": 0.04054148122668266,
          "z": 0.5616099834442139
        },
        "tail": {
          "x": 0.03013787791132927,
          "y": 0.008036158978939056,
          "z": 0.6588084697723389
        }
      },
      "world_space": {
        "head": {
          "x": 0.032708775252103806,
          "y": 0.10378548502922058,
          "z": 1.51146399974823
        },
        "tail": {
          "x": 0.03013787791132927,
          "y": 0.07128015905618668,
          "z": 1.608662486076355
        },
        "rotation_quaternion": {
          "w": 0.5839443802833557,
          "x": 0.8098414540290833,
          "y": 0.021891599521040916,
          "z": 0.051832154393196106
        },
        "matrix": [
          [
            0.9936684966087341,
            -0.02507670968770981,
            0.1095183864235878,
            0.032708775252103806
          ],
          [
            0.09599146991968155,
            -0.31705909967422485,
            -0.9435356259346008,
            0.10378548502922058
          ],
          [
            0.05838504433631897,
            0.9480804800987244,
            -0.3126474618911743,
            1.51146399974823
          ],
          [
            0.0,
            0.0,
            0.0,
            1.0
          ]
        ]
      },
      "bone_length_armature_space": 0.10252195470167455,
      "parent": "spine_01",
      "has_children": true,
      "is_end_bone": false
    },
    "head": {
      "name": "head",
      "local": {
        "location": {
          "x": 0.0,
          "y": 0.0,
          "z": 0.0
        },
        "rotation_quaternion": {
          "w": 0.9957363605499268,
          "x": 0.00636893417686224,
          "y": 0.02670055255293846,
          "z": 0.08806632459163666
        },
        "scale": {
          "x": 1.0,
          "y": 1.0,
          "z": 1.0
        },
        "matrix_basis": [
          [
            0.9830628037452698,
            -0.1750415712594986,
            0.05429520085453987,
            0.0
          ],
          [
            0.17572179436683655,
            0.9844075441360474,
            -0.007980719208717346,
            0.0
          ],
          [
            -0.052051644772291183,
            0.01738639734685421,
            0.9984930157661438,
            0.0
          ],
          [
            0.0,
            0.0,
            0.0,
            1.0
          ]
        ],
        "rotation_mode": "QUATERNION"
      },
      "armature_space": {
        "head": {
          "x": 0.03013789840042591,
          "y": 0.008036036044359207,
          "z": 0.6588083505630493
        },
        "tail": {
          "x": -0.006310673430562019,
          "y": 0.00976177304983139,
          "z": 0.8095459342002869
        }
      },
      "world_space": {
        "head": {
          "x": 0.03013789840042591,
          "y": 0.07128003239631653,
          "z": 1.6086623668670654
        },
        "tail": {
          "x": -0.006310673430562019,
          "y": 0.07300577312707901,
          "z": 1.7593998908996582
        },
        "rotation_quaternion": {
          "w": 0.7103808522224426,
          "x": 0.6899007558822632,
          "y": -0.030373021960258484,
          "z": 0.13591764867305756
        },
        "matrix": [
          [
            0.9612076282501221,
            -0.23501530289649963,
            0.14438803493976593,
            0.03013789840042591
          ],
          [
            0.15119948983192444,
            0.011127308011054993,
            -0.9884408116340637,
            0.07128003239631653
          ],
          [
            0.2306937724351883,
            0.9719348549842834,
            0.046229276806116104,
            1.6086623668670654
          ],
          [
            0.0,
            0.0,
            0.0,
            1.0
          ]
        ]
      },
      "bone_length_armature_space": 0.1550912508997486,
      "parent": "neck_01",
      "has_children": false,
      "is_end_bone": true
    },
    "upperarm_l": {
      "name": "upperarm_l",
      "local": {
        "location": {
          "x": 0.0,
          "y": 0.0,
          "z": 0.0
        },
        "rotation_quaternion": {
          "w": 0.9864628911018372,
          "x": -0.06392747163772583,
          "y": 0.14441749453544617,
          "z": -0.04413345083594322
        },
        "scale": {
          "x": 1.0,
          "y": 1.0,
          "z": 1.0
        },
        "matrix_basis": [
          [
            0.9543916583061218,
            0.06860753148794174,
            0.29056766629219055,
            0.0
          ],
          [
            -0.10553651303052902,
            0.9879310131072998,
            0.11337687075138092,
            0.0
          ],
          [
            -0.2792823314666748,
            -0.1388714462518692,
            0.9501137137413025,
            0.0
          ],
          [
            0.0,
            0.0,
            0.0,
            1.0
          ]
        ],
        "rotation_mode": "QUATERNION"
      },
      "armature_space": {
        "head": {
          "x": 0.17913055419921875,
          "y": 0.029752042144536972,
          "z": 0.4876411557197571
        },
        "tail": {
          "x": 0.43944138288497925,
          "y": 0.07649505138397217,
          "z": 0.44450169801712036
        }
      },
      "world_space": {
        "head": {
          "x": 0.17913055419921875,
          "y": 0.09299604594707489,
          "z": 1.437495231628418
        },
        "tail": {
          "x": 0.43944138288497925,
          "y": 0.1397390514612198,
          "z": 1.3943557739257812
        },
        "rotation_quaternion": {
          "w": 0.4436335861682892,
          "x": 0.45600536465644836,
          "y": 0.6248252987861633,
          "z": -0.45259442925453186
        },
        "matrix": [
          [
            -0.19049587845802307,
            0.9714198708534241,
            0.1416153609752655,
            0.17913055419921875
          ],
          [
            0.16827595233917236,
            0.1744341105222702,
            -0.9701835513114929,
            0.09299604594707489
          ],
          [
            -0.9671645760536194,
            -0.1609865128993988,
            -0.19669774174690247,
            1.437495231628418
          ],
          [
            0.0,
            0.0,
            0.0,
            1.0
          ]
        ]
      },
      "bone_length_armature_space": 0.2679694913382605,
      "parent": "spine_01",
      "has_children": true,
      "is_end_bone": false
    },
    "lowerarm_l": {
      "name": "lowerarm_l",
      "local": {
        "location": {
          "x": 0.0,
          "y": 0.0,
          "z": 0.0
        },
        "rotation_quaternion": {
          "w": 0.957442581653595,
          "x": 0.27751657366752625,
          "y": 0.0048871166072785854,
          "z": 0.0791485384106636
        },
        "scale": {
          "x": 1.0,
          "y": 1.0,
          "z": 1.0
        },
        "matrix_basis": [
          [
            0.9874232411384583,
            -0.14884784817695618,
            0.053288329392671585,
            0.0
          ],
          [
            0.1542728692293167,
            0.8334401249885559,
            -0.5306387543678284,
            0.0
          ],
          [
            0.03457179665565491,
            0.532185971736908,
            0.8459213376045227,
            0.0
          ],
          [
            0.0,
            0.0,
            0.0,
            1.0
          ]
        ],
        "rotation_mode": "QUATERNION"
      },
      "armature_space": {
        "head": {
          "x": 0.4394415020942688,
          "y": 0.07649499922990799,
          "z": 0.4445017874240875
        },
        "tail": {
          "x": 0.6716046333312988,
          "y": -0.05617145448923111,
          "z": 0.4528215229511261
        }
      },
      "world_space": {
        "head": {
          "x": 0.4394415020942688,
          "y": 0.1397390067577362,
          "z": 1.3943557739257812
        },
        "tail": {
          "x": 0.6716046333312988,
          "y": 0.00707254558801651,
          "z": 1.4026755094528198
        },
        "rotation_quaternion": {
          "w": 0.359561026096344,
          "x": 0.6253693103790283,
          "y": 0.3503766357898712,
          "z": -0.597382128238678
        },
        "matrix": [
          [
            0.040741387754678726,
            0.8678202629089355,
            -0.49520495533943176,
            0.4394415020942688
          ],
          [
            0.00863870233297348,
            -0.49590399861335754,
            -0.8683345317840576,
            0.1397390067577362
          ],
          [
            -0.9991393685340881,
            0.031099000945687294,
            -0.027701567858457565,
            1.3943557739257812
          ],
          [
            0.0,
            0.0,
            0.0,
            1.0
          ]
        ]
      },
      "bone_length_armature_space": 0.26752443933683073,
      "parent": "upperarm_l",
      "has_children": true,
      "is_end_bone": false
    },
    "metacarpal_thumb_l": {
      "name": "metacarpal_thumb_l",
      "local": {
        "location": {
          "x": 0.0,
          "y": 0.0,
          "z": 0.0
        },
        "rotation_quaternion": {
          "w": 0.9997238516807556,
          "x": -0.0008570431964471936,
          "y": 0.019442664459347725,
          "z": -0.013171747326850891
        },
        "scale": {
          "x": 1.0,
          "y": 1.0,
          "z": 1.0
        },
        "matrix_basis": [
          [
            0.9988969564437866,
            0.026302892714738846,
            0.03889716789126396,
            0.0
          ],
          [
            -0.026369545608758926,
            0.9996515512466431,
            0.0012014253297820687,
            0.0
          ],
          [
            -0.038852013647556305,
            -0.002225800883024931,
            0.9992424845695496,
            0.0
          ],
          [
            0.0,
            0.0,
            0.0,
            1.0
          ]
        ],
        "rotation_mode": "QUATERNION"
      },
      "armature_space": {
        "head": {
          "x": 0.6716046333312988,
          "y": -0.05617145448923111,
          "z": 0.4528215229511261
        },
        "tail": {
          "x": 0.692615807056427,
          "y": -0.10020603239536285,
          "z": 0.4442732632160187
        }
      },
      "world_space": {
        "head": {
          "x": 0.6716046333312988,
          "y": 0.00707254558801651,
          "z": 1.4026755094528198
        },
        "tail": {
          "x": 0.692615807056427,
          "y": -0.036962032318115234,
          "z": 1.3941272497177124
        },
        "rotation_quaternion": {
          "w": 0.08604416996240616,
          "x": -0.9717732071876526,
          "y": -0.21932880580425262,
          "z": 0.012178469449281693
        },
        "matrix": [
          [
            0.9034929871559143,
            0.4241797924041748,
            -0.061413682997226715,
            0.6716046333312988
          ],
          [
            0.42837148904800415,
            -0.8889826536178589,
            0.16188815236091614,
            0.00707254558801651
          ],
          [
            0.014074442908167839,
            -0.17257462441921234,
            -0.9849029779434204,
            1.4026755094528198
          ],
          [
            0.0,
            0.0,
            0.0,
            1.0
          ]
        ]
      },
      "bone_length_armature_space": 0.0495336882919667,
      "parent": "lowerarm_l",
      "has_children": true,
      "is_end_bone": false
    },
    "thumb_01_l": {
      "name": "thumb_01_l",
      "local": {
        "location": {
          "x": 0.0,
          "y": 0.0,
          "z": 0.0
        },
        "rotation_quaternion": {
          "w": 0.9873632192611694,
          "x": 0.15725472569465637,
          "y": 0.014173019677400589,
          "z": -0.013564648106694221
        },
        "scale": {
          "x": 1.0,
          "y": 1.0,
          "z": 1.0
        },
        "matrix_basis": [
          [
            0.9992302656173706,
            0.03124401718378067,
            0.02372162602841854,
            0.0
          ],
          [
            -0.022328920662403107,
            0.9501739144325256,
            -0.3109195828437805,
            0.0
          ],
          [
            -0.03225404769182205,
            0.3101505637168884,
            0.9501401782035828,
            0.0
          ],
          [
            0.0,
            0.0,
            0.0,
            1.0
          ]
        ],
        "rotation_mode": "QUATERNION"
      },
      "armature_space": {
        "head": {
          "x": 0.692615807056427,
          "y": -0.10020603239536285,
          "z": 0.4442732632160187
        },
        "tail": {
          "x": 0.7068240642547607,
          "y": -0.11394965648651123,
          "z": 0.4165627360343933
        }
      },
      "world_space": {
        "head": {
          "x": 0.692615807056427,
          "y": -0.036962032318115234,
          "z": 1.3941272497177124
        },
        "tail": {
          "x": 0.7068240642547607,
          "y": -0.05070565640926361,
          "z": 1.3664166927337646
        },
        "rotation_quaternion": {
          "w": 0.5267957448959351,
          "x": -0.6187938451766968,
          "y": 0.14353352785110474,
          "z": -0.5647817850112915
        },
        "matrix": [
          [
            0.32084017992019653,
            0.4174169600009918,
            0.8501908779144287,
            0.692615807056427
          ],
          [
            -0.7726847529411316,
            -0.40376603603363037,
            0.48982781171798706,
            -0.036962032318115234
          ],
          [
            0.5477438569068909,
            -0.8140921592712402,
            0.19298921525478363,
            1.3941272497177124
          ],
          [
            0.0,
            0.0,
            0.0,
            1.0
          ]
        ]
      },
      "bone_length_armature_space": 0.034038729241248206,
      "parent": "metacarpal_thumb_l",
      "has_children": true,
      "is_end_bone": false
    },
    "thumb_02_l": {
      "name": "thumb_02_l",
      "local": {
        "location": {
          "x": 0.0,
          "y": 0.0,
          "z": 0.0
        },
        "rotation_quaternion": {
          "w": 0.9452648162841797,
          "x": 0.32615798711776733,
          "y": 0.0046343994326889515,
          "z": 0.008611712604761124
        },
        "scale": {
          "x": 1.0,
          "y": 1.0,
          "z": 1.0
        },
        "matrix_basis": [
          [
            0.9998087286949158,
            -0.013257605023682117,
            0.014379027299582958,
            0.0
          ],
          [
            0.019303791224956512,
            0.7870936393737793,
            -0.616531491279602,
            0.0
          ],
          [
            -0.0031439117155969143,
            0.6166911721229553,
            0.7871989607810974,
            0.0
          ],
          [
            0.0,
            0.0,
            0.0,
            1.0
          ]
        ],
        "rotation_mode": "QUATERNION"
      },
      "armature_space": {
        "head": {
          "x": 0.706824004650116,
          "y": -0.11394964158535004,
          "z": 0.4165627062320709
        },
        "tail": {
          "x": 0.7380991578102112,
          "y": -0.11728797107934952,
          "z": 0.44154083728790283
        }
      },
      "world_space": {
        "head": {
          "x": 0.706824004650116,
          "y": -0.05070564150810242,
          "z": 1.3664166927337646
        },
        "tail": {
          "x": 0.7380991578102112,
          "y": -0.0540439710021019,
          "z": 1.391394853591919
        },
        "rotation_quaternion": {
          "w": 0.5590342879295349,
          "x": 0.05475776642560959,
          "y": -0.38199666142463684,
          "z": -0.7338671088218689
        },
        "matrix": [
          [
            -0.36896201968193054,
            0.778678834438324,
            -0.5074702501296997,
            0.706824004650116
          ],
          [
            -0.862349808216095,
            -0.08311669528484344,
            0.49944421648979187,
            -0.05070564150810242
          ],
          [
            0.3467290699481964,
            0.6218973398208618,
            0.7021659016609192,
            1.3664166927337646
          ],
          [
            0.0,
            0.0,
            0.0,
            1.0
          ]
        ]
      },
      "bone_length_armature_space": 0.040164494514175204,
      "parent": "thumb_01_l",
      "has_children": true,
      "is_end_bone": false
    },
    "thumb_03_l": {
      "name": "thumb_03_l",
      "local": {
        "location": {
          "x": 0.0,
          "y": 0.0,
          "z": 0.0
        },
        "rotation_quaternion": {
          "w": 0.986493706703186,
          "x": 0.16378644108772278,
          "y": -0.0020382702350616455,
          "z": 0.00014876591740176082
        },
        "scale": {
          "x": 1.0,
          "y": 1.0,
          "z": 1.0
        },
        "matrix_basis": [
          [
            0.9999916553497314,
            -0.0009611953282728791,
            -0.003972749691456556,
            0.0
          ],
          [
            -0.00037416876875795424,
            0.9463479518890381,
            -0.3231492042541504,
            0.0
          ],
          [
            0.0040702130645513535,
            0.3231479823589325,
            0.9463396668434143,
            0.0
          ],
          [
            0.0,
            0.0,
            0.0,
            1.0
          ]
        ],
        "rotation_mode": "QUATERNION"
      },
      "armature_space": {
        "head": {
          "x": 0.7380991578102112,
          "y": -0.11728804558515549,
          "z": 0.44154080748558044
        },
        "tail": {
          "x": 0.7497705817222595,
          "y": -0.1103181540966034,
          "z": 0.46878233551979065
        }
      },
      "world_space": {
        "head": {
          "x": 0.7380991578102112,
          "y": -0.05404404550790787,
          "z": 1.391394853591919
        },
        "tail": {
          "x": 0.7497705817222595,
          "y": -0.047074154019355774,
          "z": 1.4186363220214844
        },
        "rotation_quaternion": {
          "w": 0.6390107870101929,
          "x": 0.32362768054008484,
          "y": -0.4540189802646637,
          "z": -0.529902994632721
        },
        "matrix": [
          [
            0.026137271896004677,
            0.38336238265037537,
            -0.9232279062271118,
            0.7380991578102112
          ],
          [
            -0.9710937738418579,
            0.22893479466438293,
            0.06757083535194397,
            -0.05404404550790787
          ],
          [
            0.23726396262645721,
            0.8947815895080566,
            0.3782673180103302,
            1.391394853591919
          ],
          [
            0.0,
            0.0,
            0.0,
            1.0
          ]
        ]
      },
      "bone_length_armature_space": 0.030445071871503797,
      "parent": "thumb_02_l",
      "has_children": false,
      "is_end_bone": true
    },
    "metacarpal_index_l": {
      "name": "metacarpal_index_l",
      "local": {
        "location": {
          "x": 0.0,
          "y": 0.0,
          "z": 0.0
        },
        "rotation_quaternion": {
          "w": 0.9985543489456177,
          "x": -0.052729204297065735,
          "y": 0.0019144993275403976,
          "z": 0.010260021314024925
        },
        "scale": {
          "x": 1.0,
          "y": 1.0,
          "z": 1.0
        },
        "matrix_basis": [
          [
            0.999782145023346,
            -0.02069227769970894,
            0.002741457661613822,
            0.0
          ],
          [
            0.020288478583097458,
            0.994228720664978,
            0.1053452417254448,
            0.0
          ],
          [
            -0.004905468784272671,
            -0.10526666790246964,
            0.9944319128990173,
            0.0
          ],
          [
            0.0,
            0.0,
            0.0,
            1.0
          ]
        ],
        "rotation_mode": "QUATERNION"
      },
      "armature_space": {
        "head": {
          "x": 0.6716046333312988,
          "y": -0.05617145448923111,
          "z": 0.4528215229511261
        },
        "tail": {
          "x": 0.7541691660881042,
          "y": -0.13890814781188965,
          "z": 0.46100401878356934
        }
      },
      "world_space": {
        "head": {
          "x": 0.6716046333312988,
          "y": 0.00707254558801651,
          "z": 1.4026755094528198
        },
        "tail": {
          "x": 0.7541691660881042,
          "y": -0.07566414773464203,
          "z": 1.4108580350875854
        },
        "rotation_quaternion": {
          "w": 0.14116181433200836,
          "x": 0.8880624771118164,
          "y": 0.3563925623893738,
          "z": -0.25377699732780457
        },
        "matrix": [
          [
            0.6171627640724182,
            0.704645574092865,
            -0.3501206636428833,
            0.6716046333312988
          ],
          [
            0.5613507032394409,
            -0.7061147093772888,
            -0.43161070346832275,
            0.00707254558801651
          ],
          [
            -0.5513613224029541,
            0.06983345746994019,
            -0.8313471078872681,
            1.4026755094528198
          ],
          [
            0.0,
            0.0,
            0.0,
            1.0
          ]
        ]
      },
      "bone_length_armature_space": 0.11717173745396894,
      "parent": "lowerarm_l",
      "has_children": true,
      "is_end_bone": false
    },
    "index_01_l": {
      "name": "index_01_l",
      "local": {
        "location": {
          "x": 0.0,
          "y": 0.0,
          "z": 0.0
        },
        "rotation_quaternion": {
          "w": 0.9671200513839722,
          "x": 0.25423112511634827,
          "y": -0.0067174481227993965,
          "z": 0.0005181335145607591
        },
        "scale": {
          "x": 1.0,
          "y": 1.0,
          "z": 1.0
        },
        "matrix_basis": [
          [
            0.9999092221260071,
            -0.00441776355728507,
            -0.01272970624268055,
            0.0
          ],
          [
            -0.002413374138996005,
            0.8707325458526611,
            -0.4917509853839874,
            0.0
          ],
          [
            0.013256608508527279,
            0.4917370676994324,
            0.8706428408622742,
            0.0
          ],
          [
            0.0,
            0.0,
            0.0,
            1.0
          ]
        ],
        "rotation_mode": "QUATERNION"
      },
      "armature_space": {
        "head": {
          "x": 0.7541691660881042,
          "y": -0.13890814781188965,
          "z": 0.46100401878356934
        },
        "tail": {
          "x": 0.7736350297927856,
          "y": -0.15583425760269165,
          "z": 0.4488525390625
        }
      },
      "world_space": {
        "head": {
          "x": 0.7541691660881042,
          "y": -0.07566414773464203,
          "z": 1.4108580350875854
        },
        "tail": {
          "x": 0.7736350297927856,
          "y": -0.09259025752544403,
          "z": 1.3987065553665161
        },
        "rotation_quaternion": {
          "w": 0.060343705117702484,
          "x": -0.8136725425720215,
          "y": -0.4467199146747589,
          "z": 0.3670654594898224
        },
        "matrix": [
          [
            0.33140721917152405,
            0.6826687455177307,
            -0.6512545347213745,
            0.7541691660881042
          ],
          [
            0.7712677121162415,
            -0.5935991406440735,
            -0.22975337505340576,
            -0.07566414773464203
          ],
          [
            -0.5434326529502869,
            -0.4261530935764313,
            -0.7232484817504883,
            1.4108580350875854
          ],
          [
            0.0,
            0.0,
            0.0,
            1.0
          ]
        ]
      },
      "bone_length_armature_space": 0.028514408631052736,
      "parent": "metacarpal_index_l",
      "has_children": true,
      "is_end_bone": false
    },
    "index_02_l": {
      "name": "index_02_l",
      "local": {
        "location": {
          "x": 0.0,
          "y": 0.0,
          "z": 0.0
        },
        "rotation_quaternion": {
          "w": 0.9192347526550293,
          "x": 0.3936728835105896,
          "y": 0.0023151268251240253,
          "z": 0.004879692103713751
        },
        "scale": {
          "x": 1.0,
          "y": 1.0,
          "z": 1.0
        },
        "matrix_basis": [
          [
            0.9999416470527649,
            -0.007148359902203083,
            0.008098294958472252,
            0.0
          ],
          [
            0.01079397089779377,
            0.6899957060813904,
            -0.7237330079078674,
            0.0
          ],
          [
            -0.0004142851394135505,
            0.7237781882286072,
            0.6900326013565063,
            0.0
          ],
          [
            0.0,
            0.0,
            0.0,
            1.0
          ]
        ],
        "rotation_mode": "QUATERNION"
      },
      "armature_space": {
        "head": {
          "x": 0.7736350297927856,
          "y": -0.15583473443984985,
          "z": 0.4488522708415985
        },
        "tail": {
          "x": 0.774242639541626,
          "y": -0.17149224877357483,
          "z": 0.4285404682159424
        }
      },
      "world_space": {
        "head": {
          "x": 0.7736350297927856,
          "y": -0.09259073436260223,
          "z": 1.398706316947937
        },
        "tail": {
          "x": 0.774242639541626,
          "y": -0.10824824869632721,
          "z": 1.3783944845199585
        },
        "rotation_quaternion": {
          "w": 0.34606504440307617,
          "x": -0.719866156578064,
          "y": -0.2739769518375397,
          "z": 0.5356943011283875
        },
        "matrix": [
          [
            0.27593758702278137,
            0.023685812950134277,
            -0.960883617401123,
            0.7736350297927856
          ],
          [
            0.765223503112793,
            -0.6103518605232239,
            0.20470455288887024,
            -0.09259073436260223
          ],
          [
            -0.5816318988800049,
            -0.7917823195457458,
            -0.18654504418373108,
            1.398706316947937
          ],
          [
            0.0,
            0.0,
            0.0,
            1.0
          ]
        ]
      },
      "bone_length_armature_space": 0.025653386878703766,
      "parent": "index_01_l",
      "has_children": true,
      "is_end_bone": false
    },
    "index_03_l": {
      "name": "index_03_l",
      "local": {
        "location": {
          "x": 0.0,
          "y": 0.0,
          "z": 0.0
        },
        "rotation_quaternion": {
          "w": 0.958448052406311,
          "x": 0.2851699888706207,
          "y": -0.007419568486511707,
          "z": 0.0006341874250210822
        },
        "scale": {
          "x": 1.0,
          "y": 1.0,
          "z": 1.0
        },
        "matrix_basis": [
          [
            0.999889075756073,
            -0.005447348114103079,
            -0.013860839419066906,
            0.0
          ],
          [
            -0.0030160050373524427,
            0.837355375289917,
            -0.5466506481170654,
            0.0
          ],
          [
            0.014584244228899479,
            0.5466318130493164,
            0.8372460603713989,
            0.0
          ],
          [
            0.0,
            0.0,
            0.0,
            1.0
          ]
        ],
        "rotation_mode": "QUATERNION"
      },
      "armature_space": {
        "head": {
          "x": 0.7742427587509155,
          "y": -0.1714922934770584,
          "z": 0.42854052782058716
        },
        "tail": {
          "x": 0.7583212852478027,
          "y": -0.17930573225021362,
          "z": 0.4053199291229248
        }
      },
      "world_space": {
        "head": {
          "x": 0.7742427587509155,
          "y": -0.10824829339981079,
          "z": 1.378394603729248
        },
        "tail": {
          "x": 0.7583212852478027,
          "y": -0.116061732172966,
          "z": 1.355173945426941
        },
        "rotation_quaternion": {
          "w": 0.5941622853279114,
          "x": -0.558874249458313,
          "y": -0.11517895758152008,
          "z": 0.5668903589248657
        },
        "matrix": [
          [
            0.3307340741157532,
            -0.5449078679084778,
            -0.7705129981040955,
            0.7742427587509155
          ],
          [
            0.8023926615715027,
            -0.2674124836921692,
            0.5335325002670288,
            -0.10824829339981079
          ],
          [
            -0.4967735707759857,
            -0.7947170734405518,
            0.34879055619239807,
            1.378394603729248
          ],
          [
            0.0,
            0.0,
            0.0,
            1.0
          ]
        ]
      },
      "bone_length_armature_space": 0.0292188180735249,
      "parent": "index_02_l",
      "has_children": false,
      "is_end_bone": true
    },
    "metacarpal_pinky_l": {
      "name": "metacarpal_pinky_l",
      "local": {
        "location": {
          "x": 0.0,
          "y": 0.0,
          "z": 0.0
        },
        "rotation_quaternion": {
          "w": 0.9996687173843384,
          "x": -0.02304975502192974,
          "y": -0.004296618979424238,
          "z": 0.010623117908835411
        },
        "scale": {
          "x": 1.0,
          "y": 1.0,
          "z": 1.0
        },
        "matrix_basis": [
          [
            0.9997373819351196,
            -0.021041125059127808,
            -0.009080111980438232,
            0.0
          ],
          [
            0.02143726870417595,
            0.9987117052078247,
            0.04599295184016228,
            0.0
          ],
          [
            0.008100670762360096,
            -0.0461755245923996,
            0.9989004731178284,
            0.0
          ],
          [
            0.0,
            0.0,
            0.0,
            1.0
          ]
        ],
        "rotation_mode": "QUATERNION"
      },
      "armature_space": {
        "head": {
          "x": 0.6716046333312988,
          "y": -0.05617145448923111,
          "z": 0.4528215229511261
        },
        "tail": {
          "x": 0.7741056680679321,
          "y": -0.07451294362545013,
          "z": 0.4522404670715332
        }
      },
      "world_space": {
        "head": {
          "x": 0.6716046333312988,
          "y": 0.00707254558801651,
          "z": 1.4026755094528198
        },
        "tail": {
          "x": 0.7741056680679321,
          "y": -0.011268943548202515,
          "z": 1.4020944833755493
        },
        "rotation_quaternion": {
          "w": 0.6352521777153015,
          "x": 0.10510523617267609,
          "y": 0.09156876802444458,
          "z": -0.759620189666748
        },
        "matrix": [
          [
            -0.1708148568868637,
            0.9843493700027466,
            -0.043339818716049194,
            0.6716046333312988
          ],
          [
            -0.9458522796630859,
            -0.1761389821767807,
            -0.2726514935493469,
            0.00707254558801651
          ],
          [
            -0.2760208249092102,
            -0.005580063909292221,
            0.9611427187919617,
            1.4026755094528198
          ],
          [
            0.0,
            0.0,
            0.0,
            1.0
          ]
        ]
      },
      "bone_length_armature_space": 0.10413073584468582,
      "parent": "lowerarm_l",
      "has_children": true,
      "is_end_bone": false
    },
    "pinky_01_l": {
      "name": "pinky_01_l",
      "local": {
        "location": {
          "x": 0.0,
          "y": 0.0,
          "z": 0.0
        },
        "rotation_quaternion": {
          "w": 0.9550623893737793,
          "x": 0.2962818145751953,
          "y": -0.007578894961625338,
          "z": -0.003940632566809654
        },
        "scale": {
          "x": 1.0,
          "y": 1.0,
          "z": 1.0
        },
        "matrix_basis": [
          [
            0.9998540878295898,
            0.003036122303456068,
            -0.016811709851026535,
            0.0
          ],
          [
            -0.012018077075481415,
            0.8244031071662903,
            -0.5658755302429199,
            0.0
          ],
          [
            0.012141559273004532,
            0.5659949779510498,
            0.8243193030357361,
            0.0
          ],
          [
            0.0,
            0.0,
            0.0,
            1.0
          ]
        ],
        "rotation_mode": "QUATERNION"
      },
      "armature_space": {
        "head": {
          "x": 0.7741056680679321,
          "y": -0.07451294362545013,
          "z": 0.4522404670715332
        },
        "tail": {
