{
  "metadata": {
    "armature_name": "KIM_caucasian_male",
    "export_time": "2026-01-13T21:05:06.069963",
    "blender_version": "4.4.1",
    "bone_count": 56,
    "end_bone_count": 13,
    "spaces_included": [
      "LOCAL_CHANNELS",
      "ARMATURE_SPACE",
      "WORLD_SPACE"
    ],
    "note": "LOCAL matches Transform panel; replay pose via local.matrix_basis for best fidelity."
  },
  "bones": {
    "Root": {
      "name": "Root",
      "local": {
        "location": {
          "x": 0.0,
          "y": 0.0,
          "z": 0.0
        },
        "rotation_quaternion": {
          "w": 0.9999188184738159,
          "x": -0.0071017928421497345,
          "y": -0.010437628254294395,
          "z": -0.0017828120617195964
        },
        "scale": {
          "x": 1.0,
          "y": 1.0,
          "z": 1.0
        },
        "matrix_basis": [
          [
            0.999775767326355,
            0.0037135863676667213,
            -0.020848238840699196,
            0.0
          ],
          [
            -0.003417082829400897,
            0.9998927712440491,
            0.014239649288356304,
            0.0
          ],
          [
            0.020898884162306786,
            -0.014165216125547886,
            0.9996812343597412,
            0.0
          ],
          [
            0.0,
            0.0,
            0.0,
            1.0
          ]
        ],
        "rotation_mode": "QUATERNION"
      },
      "armature_space": {
        "head": {
          "x": 0.0,
          "y": 0.07072800397872925,
          "z": -0.009595036506652832
        },
        "tail": {
          "x": 0.0002650604583323002,
          "y": 0.00014350563287734985,
          "z": 0.0010008560493588448
        }
      },
      "world_space": {
        "head": {
          "x": 0.0,
          "y": 0.13397200405597687,
          "z": 0.9402589797973633
        },
        "tail": {
          "x": 0.0002650604583323002,
          "y": 0.06338750571012497,
          "z": 0.9508548974990845
        },
        "rotation_quaternion": {
          "w": 0.07444784790277481,
          "x": 0.9971687197685242,
          "y": 0.0010756010888144374,
          "z": -0.010534021072089672
        },
        "matrix": [
          [
            0.999775767326355,
            0.0037135863676667213,
            -0.020848238840699196,
            0.0
          ],
          [
            0.0005766360554844141,
            -0.9889126420021057,
            -0.14849723875522614,
            0.13397200405597687
          ],
          [
            -0.021168693900108337,
            0.148452028632164,
            -0.9887001514434814,
            0.9402589797973633
          ],
          [
            0.0,
            0.0,
            0.0,
            1.0
          ]
        ]
      },
      "bone_length_armature_space": 0.07137586969346359,
      "parent": null,
      "has_children": true,
      "is_end_bone": false
    },
    "spine_01": {
      "name": "spine_01",
      "local": {
        "location": {
          "x": 0.0,
          "y": 0.0,
          "z": 0.0
        },
        "rotation_quaternion": {
          "w": 0.9984390139579773,
          "x": 0.009441547095775604,
          "y": 0.04358697682619095,
          "z": 0.03362547233700752
        },
        "scale": {
          "x": 1.0,
          "y": 1.0,
          "z": 1.0
        },
        "matrix_basis": [
          [
            0.9939389824867249,
            -0.06632290780544281,
            0.08767282962799072,
            0.0
          ],
          [
            0.06796902418136597,
            0.9975603818893433,
            -0.01592235267162323,
            0.0
          ],
          [
            -0.08640292286872864,
            0.021784882992506027,
            0.9960220456123352,
            0.0
          ],
          [
            0.0,
            0.0,
            0.0,
            1.0
          ]
        ],
        "rotation_mode": "QUATERNION"
      },
      "armature_space": {
        "head": {
          "x": 0.0002650604583323002,
          "y": 0.00014350563287734985,
          "z": 0.0010008560493588448
        },
        "tail": {
          "x": -0.021804682910442352,
          "y": 0.019173933193087578,
          "z": 0.4881346821784973
        }
      },
      "world_space": {
        "head": {
          "x": 0.0002650604583323002,
          "y": 0.06338750571012497,
          "z": 0.9508548974990845
        },
        "tail": {
          "x": -0.021804682910442352,
          "y": 0.08241793513298035,
          "z": 1.4379887580871582
        },
        "rotation_quaternion": {
          "w": 0.7205725908279419,
          "x": 0.6915703415870667,
          "y": 0.0165318064391613,
          "z": 0.047247566282749176
        },
        "matrix": [
          [
            0.9949886798858643,
            -0.04522477090358734,
            0.08917507529258728,
            0.0002650604583323002
          ],
          [
            0.09095674008131027,
            0.038996681571006775,
            -0.9950910210609436,
            0.06338750571012497
          ],
          [
            0.04152561351656914,
            0.9982225298881531,
            0.042914144694805145,
            0.9508548974990845
          ],
          [
            0.0,
            0.0,
            0.0,
            1.0
          ]
        ]
      },
      "bone_length_armature_space": 0.4880047115799971,
      "parent": "Root",
      "has_children": true,
      "is_end_bone": false
    },
    "neck_01": {
      "name": "neck_01",
      "local": {
        "location": {
          "x": 0.0,
          "y": 0.0,
          "z": 0.0
        },
        "rotation_quaternion": {
          "w": 0.9925689697265625,
          "x": -0.008973916061222553,
          "y": -0.0820116326212883,
          "z": 0.08944600820541382
        },
        "scale": {
          "x": 1.0,
          "y": 1.0,
          "z": 1.0
        },
        "matrix_basis": [
          [
            0.9705470204353333,
            -0.17609073221683502,
            -0.16440977156162262,
            0.0
          ],
          [
            0.17903459072113037,
            0.9838377833366394,
            0.0031432348769158125,
            0.0
          ],
          [
            0.16119904816150665,
            -0.032485686242580414,
            0.9863871335983276,
            0.0
          ],
          [
            0.0,
            0.0,
            0.0,
            1.0
          ]
        ],
        "rotation_mode": "QUATERNION"
      },
      "armature_space": {
        "head": {
          "x": -0.022023340687155724,
          "y": -0.012480983510613441,
          "z": 0.5627112984657288
        },
        "tail": {
          "x": -0.04111773148179054,
          "y": -0.04546995460987091,
          "z": 0.6578841805458069
        }
      },
      "world_space": {
        "head": {
          "x": -0.022023340687155724,
          "y": 0.05076301842927933,
          "z": 1.5125653743743896
        },
        "tail": {
          "x": -0.04111773148179054,
          "y": 0.01777404546737671,
          "z": 1.6077382564544678
        },
        "rotation_quaternion": {
          "w": 0.574387788772583,
          "x": 0.8125180006027222,
          "y": -0.09586559236049652,
          "z": 0.026517624035477638
        },
        "matrix": [
          [
            0.9802131652832031,
            -0.18624797463417053,
            -0.06703686714172363,
            -0.022023340687155724
          ],
          [
            -0.1253231167793274,
            -0.3217766284942627,
            -0.9384850263595581,
            0.05076301842927933
          ],
          [
            0.1532209813594818,
            0.9283227920532227,
            -0.3387541174888611,
            1.5125653743743896
          ],
          [
            0.0,
            0.0,
            0.0,
            1.0
          ]
        ]
      },
      "bone_length_armature_space": 0.10252192771320531,
      "parent": "spine_01",
      "has_children": true,
      "is_end_bone": false
    },
    "head": {
      "name": "head",
      "local": {
        "location": {
          "x": 0.0,
          "y": 0.0,
          "z": 0.0
        },
        "rotation_quaternion": {
          "w": 0.9862356185913086,
          "x": 0.08828111737966537,
          "y": 0.07791190594434738,
          "z": 0.11608442664146423
        },
        "scale": {
          "x": 1.0,
          "y": 1.0,
          "z": 1.0
        },
        "matrix_basis": [
          [
            0.9609082937240601,
            -0.21521688997745514,
            0.17417511343955994,
            0.0
          ],
          [
            0.24272949993610382,
            0.9574617147445679,
            -0.15604324638843536,
            0.0
          ],
          [
            -0.13318286836147308,
            0.19222068786621094,
            0.9722723364830017,
            0.0
          ],
          [
            0.0,
            0.0,
            0.0,
            1.0
          ]
        ],
        "rotation_mode": "QUATERNION"
      },
      "armature_space": {
        "head": {
          "x": -0.041117727756500244,
          "y": -0.04547007754445076,
          "z": 0.6578840613365173
        },
        "tail": {
          "x": -0.10005680471658707,
          "y": -0.06489043682813644,
          "z": 0.800018846988678
        }
      },
      "world_space": {
        "head": {
          "x": -0.041117727756500244,
          "y": 0.01777392253279686,
          "z": 1.6077380180358887
        },
        "tail": {
          "x": -0.10005680471658707,
          "y": -0.0016464367508888245,
          "z": 1.7498729228973389
        },
        "rotation_quaternion": {
          "w": 0.6497825384140015,
          "x": 0.7342532277107239,
          "y": -0.12317770719528198,
          "z": 0.15323856472969055
        },
        "matrix": [
          [
            0.9226906299591064,
            -0.38003093004226685,
            0.06495232880115509,
            -0.041117727756500244
          ],
          [
            0.01825398951768875,
            -0.12521974742412567,
            -0.9919611811637878,
            0.01777392253279686
          ],
          [
            0.3851119577884674,
            0.9164652228355408,
            -0.10860367864370346,
            1.6077380180358887
          ],
          [
            0.0,
            0.0,
            0.0,
            1.0
          ]
        ]
      },
      "bone_length_armature_space": 0.15509114383453518,
      "parent": "neck_01",
      "has_children": false,
      "is_end_bone": true
    },
    "upperarm_l": {
      "name": "upperarm_l",
      "local": {
        "location": {
          "x": 0.0,
          "y": 0.0,
          "z": 0.0
        },
        "rotation_quaternion": {
          "w": 0.9328691959381104,
          "x": -0.1250310242176056,
          "y": 0.3256088197231293,
          "z": -0.09000705927610397
        },
        "scale": {
          "x": 1.0,
          "y": 1.0,
          "z": 1.0
        },
        "matrix_basis": [
          [
            0.7717552781105042,
            0.08650721609592438,
            0.6300082206726074,
            0.0
          ],
          [
            -0.24935203790664673,
            0.9525319337844849,
            0.17466099560260773,
            0.0
          ],
          [
            -0.5849935412406921,
            -0.29188936948776245,
            0.7566922903060913,
            0.0
          ],
          [
            0.0,
            0.0,
            0.0,
            1.0
          ]
        ],
        "rotation_mode": "QUATERNION"
      },
      "armature_space": {
        "head": {
          "x": 0.13054880499839783,
          "y": -0.004631824791431427,
          "z": 0.5019886493682861
        },
        "tail": {
          "x": 0.37403640151023865,
          "y": 0.1054394394159317,
          "z": 0.4818459153175354
        }
      },
      "world_space": {
        "head": {
          "x": 0.13054880499839783,
          "y": 0.05861217528581619,
          "z": 1.4518426656723022
        },
        "tail": {
          "x": 0.37403640151023865,
          "y": 0.16868343949317932,
          "z": 1.4316999912261963
        },
        "rotation_quaternion": {
          "w": 0.3507970869541168,
          "x": 0.4728040099143982,
          "y": 0.763100802898407,
          "z": -0.2665990889072418
        },
        "matrix": [
          [
            -0.30679458379745483,
            0.9086394309997559,
            0.2832869291305542,
            0.13054880499839783
          ],
          [
            0.5345500707626343,
            0.4107605218887329,
            -0.7386015057563782,
            0.05861217528581619
          ],
          [
            -0.7874905467033386,
            -0.07516808807849884,
            -0.6117373704910278,
            1.4518426656723022
          ],
          [
            0.0,
            0.0,
            0.0,
            1.0
          ]
        ]
      },
      "bone_length_armature_space": 0.26796944572258324,
      "parent": "spine_01",
      "has_children": true,
      "is_end_bone": false
    },
    "lowerarm_l": {
      "name": "lowerarm_l",
      "local": {
        "location": {
          "x": 0.0,
          "y": 0.0,
          "z": 0.0
        },
        "rotation_quaternion": {
          "w": 0.9422214031219482,
          "x": 0.02200917899608612,
          "y": -0.06865940243005753,
          "z": 0.32713982462882996
        },
        "scale": {
          "x": 1.0,
          "y": 1.0,
          "z": 1.0
        },
        "matrix_basis": [
          [
            0.7765308618545532,
            -0.6194985508918762,
            -0.11498455703258514,
            0.0
          ],
          [
            0.6134540438652039,
            0.7849902510643005,
            -0.08639749139547348,
            0.0
          ],
          [
            0.14378488063812256,
            -0.003447410650551319,
            0.9896029829978943,
            0.0
          ],
          [
            0.0,
            0.0,
            0.0,
            1.0
          ]
        ],
        "rotation_mode": "QUATERNION"
      },
      "armature_space": {
        "head": {
          "x": 0.3740365207195282,
          "y": 0.10543937236070633,
          "z": 0.4818459153175354
        },
        "tail": {
          "x": 0.6096919775009155,
          "y": 0.09219546616077423,
          "z": 0.6077850461006165
        }
      },
      "world_space": {
        "head": {
          "x": 0.3740365207195282,
          "y": 0.16868337988853455,
          "z": 1.4316999912261963
        },
        "tail": {
          "x": 0.6096919775009155,
          "y": 0.15543946623802185,
          "z": 1.5576391220092773
        },
        "rotation_quaternion": {
          "w": 0.5071255564689636,
          "x": 0.6839420795440674,
          "y": 0.4669799208641052,
          "z": -0.23869775235652924
        },
        "matrix": [
          [
            0.44990459084510803,
            0.8808743357658386,
            0.14712603390216827,
            0.3740365207195282
          ],
          [
            0.39667731523513794,
            -0.04950539022684097,
            -0.9166224002838135,
            0.16868337988853455
          ],
          [
            -0.8001509308815002,
            0.470757395029068,
            -0.37169915437698364,
            1.4316999912261963
          ],
          [
            0.0,
            0.0,
            0.0,
            1.0
          ]
        ]
      },
      "bone_length_armature_space": 0.2675248800288378,
      "parent": "upperarm_l",
      "has_children": true,
      "is_end_bone": false
    },
    "metacarpal_thumb_l": {
      "name": "metacarpal_thumb_l",
      "local": {
        "location": {
          "x": 0.0,
          "y": 0.0,
          "z": 0.0
        },
        "rotation_quaternion": {
          "w": 0.9994312524795532,
          "x": -0.03023574873805046,
          "y": -0.014905870892107487,
          "z": -0.000936708936933428
        },
        "scale": {
          "x": 1.0,
          "y": 1.0,
          "z": 1.0
        },
        "matrix_basis": [
          [
            0.9995538592338562,
            0.0027737326454371214,
            -0.02973814308643341,
            0.0
          ],
          [
            -0.0009709720616228878,
            0.9981698393821716,
            0.06046503037214279,
            0.0
          ],
          [
            0.029851431027054787,
            -0.06040918081998825,
            0.9977272152900696,
            0.0
          ],
          [
            0.0,
            0.0,
            0.0,
            1.0
          ]
        ],
        "rotation_mode": "QUATERNION"
      },
      "armature_space": {
        "head": {
          "x": 0.6096919775009155,
          "y": 0.09219546616077423,
          "z": 0.6077850461006165
        },
        "tail": {
          "x": 0.6516061425209045,
          "y": 0.06596355885267258,
          "z": 0.6107299327850342
        }
      },
      "world_space": {
        "head": {
          "x": 0.6096919775009155,
          "y": 0.15543946623802185,
          "z": 1.5576391220092773
        },
        "tail": {
          "x": 0.6516061425209045,
          "y": 0.1292075514793396,
          "z": 1.5605839490890503
        },
        "rotation_quaternion": {
          "w": 0.09900053590536118,
          "x": -0.8414906859397888,
          "y": -0.4747734069824219,
          "z": -0.23808124661445618
        },
        "matrix": [
          [
            0.43581461906433105,
            0.8461755514144897,
            0.30667904019355774,
            0.6096919775009155
          ],
          [
            0.7518948912620544,
            -0.5295773148536682,
            0.3926858603954315,
            0.15543946623802185
          ],
          [
            0.4946958124637604,
            0.05945195257663727,
            -0.8670384287834167,
            1.5576391220092773
          ],
          [
            0.0,
            0.0,
            0.0,
            1.0
          ]
        ]
      },
      "bone_length_armature_space": 0.049533650523099104,
      "parent": "lowerarm_l",
      "has_children": true,
      "is_end_bone": false
    },
    "thumb_01_l": {
      "name": "thumb_01_l",
      "local": {
        "location": {
          "x": 0.0,
          "y": 0.0,
          "z": 0.0
        },
        "rotation_quaternion": {
          "w": 0.9994784593582153,
          "x": -0.02993772178888321,
          "y": -0.011873378418385983,
          "z": -0.002343015745282173
        },
        "scale": {
          "x": 1.0,
          "y": 1.0,
          "z": 1.0
        },
        "matrix_basis": [
          [
            0.999707043170929,
            0.005394511390477419,
            -0.0235940832644701,
            0.0
          ],
          [
            -0.003972663544118404,
            0.9981964826583862,
            0.05989985540509224,
            0.0
          ],
          [
            0.023874660953879356,
            -0.059788577258586884,
            0.9979255199432373,
            0.0
          ],
          [
            0.0,
            0.0,
            0.0,
            1.0
          ]
        ],
        "rotation_mode": "QUATERNION"
      },
      "armature_space": {
        "head": {
          "x": 0.6516061425209045,
          "y": 0.06596355885267258,
          "z": 0.6107299327850342
        },
        "tail": {
          "x": 0.675516664981842,
          "y": 0.059263814240694046,
          "z": 0.5874483585357666
        }
      },
      "world_space": {
        "head": {
          "x": 0.6516061425209045,
          "y": 0.1292075514793396,
          "z": 1.5605839490890503
        },
        "tail": {
          "x": 0.675516664981842,
          "y": 0.12250781059265137,
          "z": 1.5373023748397827
        },
        "rotation_quaternion": {
          "w": 0.6331270337104797,
          "x": -0.5629087090492249,
          "y": -0.02715148590505123,
          "z": -0.5306097269058228
        },
        "matrix": [
          [
            0.4354285001754761,
            0.7024542689323425,
            0.5629916787147522,
            0.6516061425209045
          ],
          [
            -0.6413219571113586,
            -0.19682802259922028,
            0.7415963411331177,
            0.1292075514793396
          ],
          [
            0.6317538022994995,
            -0.6839763522148132,
            0.3647982180118561,
            1.5605839490890503
          ],
          [
            0.0,
            0.0,
            0.0,
            1.0
          ]
        ]
      },
      "bone_length_armature_space": 0.03403867478705071,
      "parent": "metacarpal_thumb_l",
      "has_children": true,
      "is_end_bone": false
    },
    "thumb_02_l": {
      "name": "thumb_02_l",
      "local": {
        "location": {
          "x": 0.0,
          "y": 0.0,
          "z": 0.0
        },
        "rotation_quaternion": {
          "w": 0.9965662360191345,
          "x": 0.08230350911617279,
          "y": 0.0071008093655109406,
          "z": -0.005609835963696241
        },
        "scale": {
          "x": 1.0,
          "y": 1.0,
          "z": 1.0
        },
        "matrix_basis": [
          [
            0.9998362064361572,
            0.012349989265203476,
            0.013229435309767723,
            0.0
          ],
          [
            -0.010012303479015827,
            0.9863893389701843,
            -0.16412146389484406,
            0.0
          ],
          [
            -0.015076272189617157,
            0.16396212577819824,
            0.9863514304161072,
            0.0
          ],
          [
            0.0,
            0.0,
            0.0,
            1.0
          ]
        ],
        "rotation_mode": "QUATERNION"
      },
      "armature_space": {
        "head": {
          "x": 0.675516664981842,
          "y": 0.05926380306482315,
          "z": 0.5874483585357666
        },
        "tail": {
          "x": 0.7117077708244324,
          "y": 0.05866243690252304,
          "z": 0.6048559546470642
        }
      },
      "world_space": {
        "head": {
          "x": 0.675516664981842,
          "y": 0.12250780314207077,
          "z": 1.5373023748397827
        },
        "tail": {
          "x": 0.7117077708244324,
          "y": 0.12190643697977066,
          "z": 1.5547099113464355
        },
        "rotation_quaternion": {
          "w": 0.6528033018112183,
          "x": 0.05157797038555145,
          "y": -0.2576062083244324,
          "z": -0.7105115056037903
        },
        "matrix": [
          [
            -0.1423734426498413,
            0.9010743498802185,
            -0.4096272587776184,
            0.675516664981842
          ],
          [
            -0.9542229771614075,
            -0.014972575008869171,
            0.2987217903137207,
            0.12250780314207077
          ],
          [
            0.26303815841674805,
            0.4334087371826172,
            0.8619640469551086,
            1.5373023748397827
          ],
          [
            0.0,
            0.0,
            0.0,
            1.0
          ]
        ]
      },
      "bone_length_armature_space": 0.040164438976646316,
      "parent": "thumb_01_l",
      "has_children": true,
      "is_end_bone": false
    },
    "thumb_03_l": {
      "name": "thumb_03_l",
      "local": {
        "location": {
          "x": 0.0,
          "y": 0.0,
          "z": 0.0
        },
        "rotation_quaternion": {
          "w": 0.9959215521812439,
          "x": 0.0900866761803627,
          "y": 0.004932648502290249,
          "z": -0.0007240664563141763
        },
        "scale": {
          "x": 1.0,
          "y": 1.0,
          "z": 1.0
        },
        "matrix_basis": [
          [
            0.9999502897262573,
            0.0023309586104005575,
            0.009694604203104973,
            0.0
          ],
          [
            -0.0005534949596039951,
            0.9837677478790283,
            -0.17944566905498505,
            0.0
          ],
          [
            -0.009955519810318947,
            0.17943137884140015,
            0.9837201237678528,
            0.0
          ],
          [
            0.0,
            0.0,
            0.0,
            1.0
          ]
        ],
        "rotation_mode": "QUATERNION"
      },
      "armature_space": {
        "head": {
          "x": 0.7117077112197876,
          "y": 0.05866236984729767,
          "z": 0.6048558950424194
        },
        "tail": {
          "x": 0.7314409613609314,
          "y": 0.06466972082853317,
          "z": 0.6272480487823486
        }
      },
      "world_space": {
        "head": {
          "x": 0.7117077112197876,
          "y": 0.12190636992454529,
          "z": 1.5547099113464355
        },
        "tail": {
          "x": 0.7314409613609314,
          "y": 0.1279137134552002,
          "z": 1.5771020650863647
        },
        "rotation_quaternion": {
          "w": 0.7265610098838806,
          "x": 0.3023034632205963,
          "y": -0.26602452993392944,
          "z": -0.5567339658737183
        },
        "matrix": [
          [
            0.23855353891849518,
            0.6481621861457825,
            -0.7231720685958862,
            0.7117077112197876
          ],
          [
            -0.9698434472084045,
            0.1973189413547516,
            -0.14307096600532532,
            0.12190636992454529
          ],
          [
            0.049961552023887634,
            0.7354990243911743,
            0.6756917238235474,
            1.5547099113464355
          ],
          [
            0.0,
            0.0,
            0.0,
            1.0
          ]
        ]
      },
      "bone_length_armature_space": 0.030444998920822912,
      "parent": "thumb_02_l",
      "has_children": false,
      "is_end_bone": true
    },
    "metacarpal_index_l": {
      "name": "metacarpal_index_l",
      "local": {
        "location": {
          "x": 0.0,
          "y": 0.0,
          "z": 0.0
        },
        "rotation_quaternion": {
          "w": 0.999681830406189,
          "x": 0.024494020268321037,
          "y": -0.00599280372262001,
          "z": 0.0005334322340786457
        },
        "scale": {
          "x": 1.0,
          "y": 1.0,
          "z": 1.0
        },
        "matrix_basis": [
          [
            0.9999275803565979,
            -0.001360100694000721,
            -0.01195566263049841,
            0.0
          ],
          [
            0.0007729493081569672,
            0.9987995028495789,
            -0.04897884652018547,
            0.0
          ],
          [
            0.012007925659418106,
            0.04896606132388115,
            0.9987282752990723,
            0.0
          ],
          [
            0.0,
            0.0,
            0.0,
            1.0
          ]
        ],
        "rotation_mode": "QUATERNION"
      },
      "armature_space": {
        "head": {
          "x": 0.6096919775009155,
          "y": 0.09219546616077423,
          "z": 0.6077850461006165
        },
        "tail": {
          "x": 0.7170361280441284,
          "y": 0.05519082397222519,
          "z": 0.6367177963256836
        }
      },
      "world_space": {
        "head": {
          "x": 0.6096919775009155,
          "y": 0.15543946623802185,
          "z": 1.5576391220092773
        },
        "tail": {
          "x": 0.7170361280441284,
          "y": 0.11843482404947281,
          "z": 1.5865718126296997
        },
        "rotation_quaternion": {
          "w": 0.12636646628379822,
          "x": 0.8102754950523376,
          "y": 0.5710724592208862,
          "z": 0.03689662367105484
        },
        "matrix": [
          [
            0.34502944350242615,
            0.9161269068717957,
            0.20412220060825348,
            0.6096919775009155
          ],
          [
            0.9347772598266602,
            -0.31581544876098633,
            -0.16264155507087708,
            0.15543946623802185
          ],
          [
            -0.08453509211540222,
            0.2469261884689331,
            -0.965347409248352,
            1.5576391220092773
          ],
          [
            0.0,
            0.0,
            0.0,
            1.0
          ]
        ]
      },
      "bone_length_armature_space": 0.11717172754957295,
      "parent": "lowerarm_l",
      "has_children": true,
      "is_end_bone": false
    },
    "index_01_l": {
      "name": "index_01_l",
      "local": {
        "location": {
          "x": 0.0,
          "y": 0.0,
          "z": 0.0
        },
        "rotation_quaternion": {
          "w": 0.9932760000228882,
          "x": -0.11408243328332901,
          "y": 0.01803784817457199,
          "z": 0.007910950109362602
        },
        "scale": {
          "x": 1.0,
          "y": 1.0,
          "z": 1.0
        },
        "matrix_basis": [
          [
            0.9992241263389587,
            -0.019831117242574692,
            0.03402812406420708,
            0.0
          ],
          [
            0.011599910445511341,
            0.9738452434539795,
            0.22691607475280762,
            0.0
          ],
          [
            -0.03763812407851219,
            -0.22634528577327728,
            0.9733196496963501,
            0.0
          ],
          [
            0.0,
            0.0,
            0.0,
            1.0
          ]
        ],
        "rotation_mode": "QUATERNION"
      },
      "armature_space": {
        "head": {
          "x": 0.7170361280441284,
          "y": 0.05519082397222519,
          "z": 0.6367177963256836
        },
        "tail": {
          "x": 0.7410748600959778,
          "y": 0.05695981904864311,
          "z": 0.6519520282745361
        }
      },
      "world_space": {
        "head": {
          "x": 0.7170361280441284,
          "y": 0.11843482404947281,
          "z": 1.5865718126296997
        },
        "tail": {
          "x": 0.7410748600959778,
          "y": 0.12020382285118103,
          "z": 1.6018060445785522
        },
        "rotation_quaternion": {
          "w": 0.23725523054599762,
          "x": 0.6662802696228027,
          "y": 0.6890064477920532,
          "z": 0.1582745462656021
        },
        "matrix": [
          [
            0.00044134072959423065,
            0.8430396914482117,
            0.5378508567810059,
            0.7170361280441284
          ],
          [
            0.9932453632354736,
            0.06203877180814743,
            -0.09805615246295929,
            0.11843482404947281
          ],
          [
            -0.116032674908638,
            0.5342649221420288,
            -0.8373241424560547,
            1.5865718126296997
          ],
          [
            0.0,
            0.0,
            0.0,
            1.0
          ]
        ]
      },
      "bone_length_armature_space": 0.028514413698524404,
      "parent": "metacarpal_index_l",
      "has_children": true,
      "is_end_bone": false
    },
    "index_02_l": {
      "name": "index_02_l",
      "local": {
        "location": {
          "x": 0.0,
          "y": 0.0,
          "z": 0.0
        },
        "rotation_quaternion": {
          "w": 0.9990057945251465,
          "x": 0.043868206441402435,
          "y": 0.0025043387431651354,
          "z": -0.007533985190093517
        },
        "scale": {
          "x": 1.0,
          "y": 1.0,
          "z": 1.0
        },
        "matrix_basis": [
          [
            0.9998739361763,
            0.015272711403667927,
            0.004342692904174328,
            0.0
          ],
          [
            -0.014833267778158188,
            0.9960376620292664,
            -0.0876869186758995,
            0.0
          ],
          [
            -0.005664702504873276,
            0.08761145174503326,
            0.9961386322975159,
            0.0
          ],
          [
            0.0,
            0.0,
            0.0,
            1.0
          ]
        ],
        "rotation_mode": "QUATERNION"
      },
      "armature_space": {
        "head": {
          "x": 0.7410753965377808,
          "y": 0.05695958063006401,
          "z": 0.6519520282745361
        },
        "tail": {
          "x": 0.7633976936340332,
          "y": 0.05944431573152542,
          "z": 0.6643469333648682
        }
      },
      "world_space": {
        "head": {
          "x": 0.7410753965377808,
          "y": 0.12020358443260193,
          "z": 1.6018060445785522
        },
        "tail": {
          "x": 0.7633976936340332,
          "y": 0.12268831580877304,
          "z": 1.6142009496688843
        },
        "rotation_quaternion": {
          "w": 0.2441362887620926,
          "x": 0.662196934223175,
          "y": 0.6991617679595947,
          "z": 0.11430472135543823
        },
        "matrix": [
          [
            -0.0037831615190953016,
            0.8701538443565369,
            0.49276524782180786,
            0.7410753965377808
          ],
          [
            0.9817769527435303,
            0.0968584194779396,
            -0.16350097954273224,
            0.12020358443260193
          ],
          [
            -0.18999987840652466,
            0.48317041993141174,
            -0.854669988155365,
            1.6018060445785522
          ],
          [
            0.0,
            0.0,
            0.0,
            1.0
          ]
        ]
      },
      "bone_length_armature_space": 0.02565331405329226,
      "parent": "index_01_l",
      "has_children": true,
      "is_end_bone": false
    },
    "index_03_l": {
      "name": "index_03_l",
      "local": {
        "location": {
          "x": 0.0,
          "y": 0.0,
          "z": 0.0
        },
        "rotation_quaternion": {
          "w": 0.9992430210113525,
          "x": 0.037886906415224075,
          "y": -0.006713642738759518,
          "z": -0.005752834491431713
        },
        "scale": {
          "x": 1.0,
          "y": 1.0,
          "z": 1.0
        },
        "matrix_basis": [
          [
            0.9998436570167542,
            0.01098824106156826,
            -0.013853035867214203,
            0.0
          ],
          [
            -0.012005677446722984,
            0.9970629811286926,
            -0.07563921064138412,
            0.0
          ],
          [
            0.012981207109987736,
            0.07579369843006134,
            0.9970390200614929,
            0.0
          ],
          [
            0.0,
            0.0,
            0.0,
            1.0
          ]
        ],
        "rotation_mode": "QUATERNION"
      },
      "armature_space": {
        "head": {
          "x": 0.7633976340293884,
          "y": 0.05944431200623512,
          "z": 0.6643470525741577
        },
        "tail": {
          "x": 0.7906633615493774,
          "y": 0.06449971348047256,
          "z": 0.6735532879829407
        }
      },
      "world_space": {
        "head": {
          "x": 0.7633976340293884,
          "y": 0.12268830835819244,
          "z": 1.6142010688781738
        },
        "tail": {
          "x": 0.7906633615493774,
          "y": 0.12774372100830078,
          "z": 1.6234073638916016
        },
        "rotation_quaternion": {
          "w": 0.17455530166625977,
          "x": 0.6400908827781677,
          "y": 0.7456812262535095,
          "z": 0.061430737376213074
        },
        "matrix": [
          [
            -0.11962724477052689,
            0.9331613779067993,
            0.3389672636985779,
            0.7633976340293884
          ],
          [
            0.9760532379150391,
            0.17301949858665466,
            -0.13184939324855804,
            0.12268830835819244
          ],
          [
            -0.18168501555919647,
            0.31507962942123413,
            -0.9315201044082642,
            1.6142010688781738
          ],
          [
            0.0,
            0.0,
            0.0,
            1.0
          ]
        ]
      },
      "bone_length_armature_space": 0.02921868883385669,
      "parent": "index_02_l",
      "has_children": false,
      "is_end_bone": true
    },
    "metacarpal_pinky_l": {
      "name": "metacarpal_pinky_l",
      "local": {
        "location": {
          "x": 0.0,
          "y": 0.0,
          "z": 0.0
        },
        "rotation_quaternion": {
          "w": 0.9997758865356445,
          "x": -0.0208679661154747,
          "y": 0.00030293225427158177,
          "z": -0.003572933143004775
        },
        "scale": {
          "x": 1.0,
          "y": 1.0,
          "z": 1.0
        },
        "matrix_basis": [
          [
            0.9999743103981018,
            0.007131621707230806,
            0.0007548484136350453,
            0.0
          ],
          [
            -0.007156908046454191,
            0.9991035461425781,
            0.04172441363334656,
            0.0
          ],
          [
            -0.00045660903560929,
            -0.04172874242067337,
            0.9991288781166077,
            0.0
          ],
          [
            0.0,
            0.0,
            0.0,
            1.0
          ]
        ],
        "rotation_mode": "QUATERNION"
      },
      "armature_space": {
        "head": {
          "x": 0.6096919775009155,
          "y": 0.09219546616077423,
          "z": 0.6077850461006165
        },
        "tail": {
          "x": 0.6943778991699219,
          "y": 0.11860349774360657,
          "z": 0.6623209714889526
        }
      },
      "world_space": {
        "head": {
          "x": 0.6096919775009155,
          "y": 0.15543946623802185,
          "z": 1.5576391220092773
        },
        "tail": {
          "x": 0.6943778991699219,
          "y": 0.1818474978208542,
          "z": 1.6121749877929688
        },
        "rotation_quaternion": {
          "w": 0.7905164361000061,
          "x": 0.3584335148334503,
          "y": 0.04343496635556221,
          "z": -0.49469441175460815
        },
        "matrix": [
          [
            0.506780207157135,
            0.8132652044296265,
            -0.28596031665802,
            0.6096919775009155
          ],
          [
            -0.7509933114051819,
            0.253604531288147,
            -0.6096673607826233,
            0.15543946623802185
          ],
          [
            -0.4233042299747467,
            0.5237255096435547,
            0.73928302526474,
            1.5576391220092773
          ],
          [
            0.0,
            0.0,
            0.0,
            1.0
          ]
        ]
      },
      "bone_length_armature_space": 0.10413095947542722,
      "parent": "lowerarm_l",
      "has_children": true,
      "is_end_bone": false
    },
    "pinky_01_l": {
      "name": "pinky_01_l",
      "local": {
        "location": {
          "x": 0.0,
          "y": 0.0,
          "z": 0.0
        },
        "rotation_quaternion": {
          "w": 0.9591255187988281,
          "x": 0.2818739116191864,
          "y": -0.02306929975748062,
          "z": -0.009657593443989754
        },
        "scale": {
          "x": 1.0,
          "y": 1.0,
          "z": 1.0
        },
        "matrix_basis": [
          [
            0.9987490773200989,
            0.005520421080291271,
            -0.0496971569955349,
            0.0
          ],
          [
            -0.0315309576690197,
            0.840907633304596,
            -0.5402593612670898,
            0.0
          ],
          [
            0.03880826011300087,
            0.5411505103111267,
            0.8400298357009888,
            0.0
          ],
          [
            0.0,
            0.0,
            0.0,
            1.0
          ]
        ],
        "rotation_mode": "QUATERNION"
      },
      "armature_space": {
        "head": {
          "x": 0.6943778991699219,
          "y": 0.11860349774360657,
          "z": 0.6623209714889526
        },
        "tail": {
