{
  "metadata": {
    "armature_name": "KIM_caucasian_male",
    "export_time": "2026-01-13T20:56:18.893857",
    "blender_version": "4.4.1",
    "bone_count": 56,
    "end_bone_count": 13,
    "spaces_included": [
      "LOCAL_CHANNELS",
      "ARMATURE_SPACE",
      "WORLD_SPACE"
    ],
    "note": "LOCAL matches Transform panel; replay pose via local.matrix_basis for best fidelity."
  },
  "bones": {
    "Root": {
      "name": "Root",
      "local": {
        "location": {
          "x": 0.0,
          "y": 0.0,
          "z": 0.0
        },
        "rotation_quaternion": {
          "w": 0.9997842311859131,
          "x": -0.018398743122816086,
          "y": 0.009223522618412971,
          "z": 0.0028431154787540436
        },
        "scale": {
          "x": 1.0,
          "y": 1.0,
          "z": 1.0
        },
        "matrix_basis": [
          [
            0.9998136758804321,
            -0.006024406291544437,
            0.01833844557404518,
            0.0
          ],
          [
            0.005345601588487625,
            0.9993067979812622,
            0.036841992288827896,
            0.0
          ],
          [
            -0.01854768395423889,
            -0.036737099289894104,
            0.9991528391838074,
            0.0
          ],
          [
            0.0,
            0.0,
            0.0,
            1.0
          ]
        ],
        "rotation_mode": "QUATERNION"
      },
      "armature_space": {
        "head": {
          "x": 0.0,
          "y": 0.07072800397872925,
          "z": -0.009595036506652832
        },
        "tail": {
          "x": -0.0004299972497392446,
          "y": 0.000401519238948822,
          "z": 0.002591707743704319
        }
      },
      "world_space": {
        "head": {
          "x": 0.0,
          "y": 0.13397200405597687,
          "z": 0.9402589797973633
        },
        "tail": {
          "x": -0.0004299972497392446,
          "y": 0.06364551931619644,
          "z": 0.9524457454681396
        },
        "rotation_quaternion": {
          "w": 0.0857100561261177,
          "x": 0.996273398399353,
          "y": -0.002215287182480097,
          "z": 0.009394105523824692
        },
        "matrix": [
          [
            0.9998136758804321,
            -0.006024406291544437,
            0.01833844557404518,
            0.0
          ],
          [
            -0.00280372123233974,
            -0.9852977395057678,
            -0.17082339525222778,
            0.13397200405597687
          ],
          [
            0.01909806951880455,
            0.17074039578437805,
            -0.9851380586624146,
            0.9402589797973633
          ],
          [
            0.0,
            0.0,
            0.0,
            1.0
          ]
        ]
      },
      "bone_length_armature_space": 0.07137587994247517,
      "parent": null,
      "has_children": true,
      "is_end_bone": false
    },
    "spine_01": {
      "name": "spine_01",
      "local": {
        "location": {
          "x": 0.0,
          "y": 0.0,
          "z": 0.0
        },
        "rotation_quaternion": {
          "w": 0.999437689781189,
          "x": -0.025653140619397163,
          "y": -0.017908819019794464,
          "z": -0.012067865580320358
        },
        "scale": {
          "x": 1.0,
          "y": 1.0,
          "z": 1.0
        },
        "matrix_basis": [
          [
            0.9990673065185547,
            0.025040993466973305,
            -0.03517834097146988,
            0.0
          ],
          [
            -0.023203324526548386,
            0.9983925819396973,
            0.051709674298763275,
            0.0
          ],
          [
            0.03641665354371071,
            -0.0508451871573925,
            0.9980424046516418,
            0.0
          ],
          [
            0.0,
            0.0,
            0.0,
            1.0
          ]
        ],
        "rotation_mode": "QUATERNION"
      },
      "armature_space": {
        "head": {
          "x": -0.0004299972497392446,
          "y": 0.000401519238948822,
          "z": 0.002591707743704319
        },
        "tail": {
          "x": 0.0027382688131183386,
          "y": 0.06576863676309586,
          "z": 0.48618829250335693
        }
      },
      "world_space": {
        "head": {
          "x": -0.0004299972497392446,
          "y": 0.06364551931619644,
          "z": 0.9524457454681396
        },
        "tail": {
          "x": 0.0027382688131183386,
          "y": 0.12901264429092407,
          "z": 1.436042308807373
        },
        "rotation_quaternion": {
          "w": 0.7528624534606934,
          "x": 0.6578578352928162,
          "y": -0.013124139979481697,
          "z": -0.015779748558998108
        },
        "matrix": [
          [
            0.9991575479507446,
            0.006492332089692354,
            -0.040523041039705276,
            -0.0004299972497392446
          ],
          [
            -0.04102763161063194,
            0.1339486688375473,
            -0.9901387691497803,
            0.06364551931619644
          ],
          [
            -0.0010003489442169666,
            0.9909741282463074,
            0.13410219550132751,
            0.9524457454681396
          ],
          [
            0.0,
            0.0,
            0.0,
            1.0
          ]
        ]
      },
      "bone_length_armature_space": 0.48800467346918086,
      "parent": "Root",
      "has_children": true,
      "is_end_bone": false
    },
    "neck_01": {
      "name": "neck_01",
      "local": {
        "location": {
          "x": 0.0,
          "y": 0.0,
          "z": 0.0
        },
        "rotation_quaternion": {
          "w": 0.9958049654960632,
          "x": 0.019856907427310944,
          "y": 4.0672697650734335e-05,
          "z": -0.08932064473628998
        },
        "scale": {
          "x": 1.0,
          "y": 1.0,
          "z": 1.0
        },
        "matrix_basis": [
          [
            0.9840436577796936,
            0.1778935045003891,
            -0.003466259455308318,
            0.0
          ],
          [
            -0.17789027094841003,
            0.9832550287246704,
            -0.03955448046326637,
            0.0
          ],
          [
            -0.0036282676737755537,
            0.03953994810581207,
            0.9992114305496216,
            0.0
          ],
          [
            0.0,
            0.0,
            0.0,
            1.0
          ]
        ],
        "rotation_mode": "QUATERNION"
      },
      "armature_space": {
        "head": {
          "x": 0.0018082705792039633,
          "y": 0.04123770073056221,
          "z": 0.5633966326713562
        },
        "tail": {
          "x": 0.018914008513092995,
          "y": 0.011112106963992119,
          "z": 0.6598880290985107
        }
      },
      "world_space": {
        "head": {
          "x": 0.0018082705792039633,
          "y": 0.10448169708251953,
          "z": 1.5132505893707275
        },
        "tail": {
          "x": 0.018914008513092995,
          "y": 0.07435610890388489,
          "z": 1.6097420454025269
        },
        "rotation_quaternion": {
          "w": 0.591741144657135,
          "x": 0.8014521598815918,
          "y": 0.05402633175253868,
          "z": -0.06780950725078583
        },
        "matrix": [
          [
            0.9849662184715271,
            0.1668505072593689,
            -0.04475203901529312,
            0.0018082705792039633
          ],
          [
            0.006348568946123123,
            -0.29384705424308777,
            -0.9558316469192505,
            0.10448169708251953
          ],
          [
            -0.1726323813199997,
            0.9411837458610535,
            -0.29049152135849,
            1.5132505893707275
          ],
          [
            0.0,
            0.0,
            0.0,
            1.0
          ]
        ]
      },
      "bone_length_armature_space": 0.10252193339078675,
      "parent": "spine_01",
      "has_children": true,
      "is_end_bone": false
    },
    "head": {
      "name": "head",
      "local": {
        "location": {
          "x": 0.0,
          "y": 0.0,
          "z": 0.0
        },
        "rotation_quaternion": {
          "w": 0.9892740249633789,
          "x": 0.004686390049755573,
          "y": 0.14344745874404907,
          "z": 0.0271624606102705
        },
        "scale": {
          "x": 1.0,
          "y": 1.0,
          "z": 1.0
        },
        "matrix_basis": [
          [
            0.9573700428009033,
            -0.05239773169159889,
            0.28407227993011475,
            0.0
          ],
          [
            0.055086735635995865,
            0.998480498790741,
            -0.0014794759918004274,
            0.0
          ],
          [
            -0.28356310725212097,
            0.0170650202780962,
            0.9588017463684082,
            0.0
          ],
          [
            0.0,
            0.0,
            0.0,
            1.0
          ]
        ],
        "rotation_mode": "QUATERNION"
      },
      "armature_space": {
        "head": {
          "x": 0.018913988023996353,
          "y": 0.011111980304121971,
          "z": 0.6598879098892212
        },
        "tail": {
          "x": 0.03744913637638092,
          "y": 0.01952526345849037,
          "z": 0.8136376142501831
        }
      },
      "world_space": {
        "head": {
          "x": 0.018913988023996353,
          "y": 0.07435598224401474,
          "z": 1.6097419261932373
        },
        "tail": {
          "x": 0.03744913637638092,
          "y": 0.08276925981044769,
          "z": 1.7634916305541992
        },
        "rotation_quaternion": {
          "w": 0.7104832530021667,
          "x": 0.6850378513336182,
          "y": 0.1494562178850174,
          "z": 0.059997450560331345
        },
        "matrix": [
          [
            0.9481266736984253,
            0.11951204389333725,
            0.2945726215839386,
            0.018913988023996353
          ],
          [
            0.2900199890136719,
            0.054247669875621796,
            -0.9554822444915771,
            0.07435598224401474
          ],
          [
            -0.13017205893993378,
            0.9913567900657654,
            0.016772016882896423,
            1.6097419261932373
          ],
          [
            0.0,
            0.0,
            0.0,
            1.0
          ]
        ]
      },
      "bone_length_armature_space": 0.1550912834273037,
      "parent": "neck_01",
      "has_children": false,
      "is_end_bone": true
    },
    "upperarm_l": {
      "name": "upperarm_l",
      "local": {
        "location": {
          "x": 0.0,
          "y": 0.0,
          "z": 0.0
        },
        "rotation_quaternion": {
          "w": 0.6630503535270691,
          "x": 0.5503294467926025,
          "y": -0.043948590755462646,
          "z": 0.50553959608078
        },
        "scale": {
          "x": 1.0,
          "y": 1.0,
          "z": 1.0
        },
        "matrix_basis": [
          [
            0.4849964678287506,
            -0.718768835067749,
            0.4981463849544525,
            0.0
          ],
          [
            0.6220239996910095,
            -0.11686556786298752,
            -0.7742277979850769,
            0.0
          ],
          [
            0.6147069334983826,
            0.6853567361831665,
            0.39041203260421753,
            0.0
          ],
          [
            0.0,
            0.0,
            0.0,
            1.0
          ]
        ],
        "rotation_mode": "QUATERNION"
      },
      "armature_space": {
        "head": {
          "x": 0.15111635625362396,
          "y": 0.022923488169908524,
          "z": 0.49707311391830444
        },
        "tail": {
          "x": 0.12489740550518036,
          "y": -0.13842564821243286,
          "z": 0.7094106674194336
        }
      },
      "world_space": {
        "head": {
          "x": 0.15111635625362396,
          "y": 0.08616748452186584,
          "z": 1.4469270706176758
        },
        "tail": {
          "x": 0.12489740550518036,
          "y": -0.07518164813518524,
          "z": 1.6592646837234497
        },
        "rotation_quaternion": {
          "w": 0.37881767749786377,
          "x": 0.8123211860656738,
          "y": -0.23545366525650024,
          "z": -0.3757566213607788
        },
        "matrix": [
          [
            0.6067374348640442,
            -0.09784305095672607,
            -0.7888578176498413,
            0.15111635625362396
          ],
          [
            -0.6672148704528809,
            -0.602117657661438,
            -0.43849629163742065,
            0.08616748452186584
          ],
          [
            -0.43208497762680054,
            0.7923946380615234,
            -0.4306129217147827,
            1.4469270706176758
          ],
          [
            0.0,
            0.0,
            0.0,
            1.0
          ]
        ]
      },
      "bone_length_armature_space": 0.26797054570989365,
      "parent": "spine_01",
      "has_children": true,
      "is_end_bone": false
    },
    "lowerarm_l": {
      "name": "lowerarm_l",
      "local": {
        "location": {
          "x": 0.0,
          "y": 0.0,
          "z": 0.0
        },
        "rotation_quaternion": {
          "w": 0.8931849598884583,
          "x": 0.31740444898605347,
          "y": 0.16055241227149963,
          "z": -0.2751329839229584
        },
        "scale": {
          "x": 1.0,
          "y": 1.0,
          "z": 1.0
        },
        "matrix_basis": [
          [
            0.7970495223999023,
            0.5934093594551086,
            0.11214913427829742,
            0.0
          ],
          [
            -0.3895691931247711,
            0.6471124887466431,
            -0.6553483009338379,
            0.0
          ],
          [
            -0.4614628553390503,
            0.47865521907806396,
            0.7469546794891357,
            0.0
          ],
          [
            0.0,
            0.0,
            0.0,
            1.0
          ]
        ],
        "rotation_mode": "QUATERNION"
      },
      "armature_space": {
        "head": {
          "x": 0.12489728629589081,
          "y": -0.13842563331127167,
          "z": 0.7094107270240784
        },
        "tail": {
          "x": 0.05287526547908783,
          "y": -0.3960607051849365,
          "z": 0.711938202381134
        }
      },
      "world_space": {
        "head": {
          "x": 0.12489728629589081,
          "y": -0.07518163323402405,
          "z": 1.6592648029327393
        },
        "tail": {
          "x": 0.05287526547908783,
          "y": -0.3328167200088501,
          "z": 1.661792278289795
        },
        "rotation_quaternion": {
          "w": 0.026154978200793266,
          "x": -0.9649256467819214,
          "y": 0.13341376185417175,
          "z": 0.22457826137542725
        },
        "matrix": [
          [
            0.8635309934616089,
            -0.2692165672779083,
            -0.4264235496520996,
            0.12489728629589081
          ],
          [
            -0.2457212209701538,
            -0.9630335569381714,
            0.11039872467517853,
            -0.07518163323402405
          ],
          [
            -0.4403845965862274,
            0.009447693824768066,
            -0.8977674245834351,
            1.6592648029327393
          ],
          [
            0.0,
            0.0,
            0.0,
            1.0
          ]
        ]
      },
      "bone_length_armature_space": 0.2675245436811694,
      "parent": "upperarm_l",
      "has_children": true,
      "is_end_bone": false
    },
    "metacarpal_thumb_l": {
      "name": "metacarpal_thumb_l",
      "local": {
        "location": {
          "x": 0.0,
          "y": 0.0,
          "z": 0.0
        },
        "rotation_quaternion": {
          "w": 0.9993886947631836,
          "x": -0.033660147339105606,
          "y": 0.006044616922736168,
          "z": 0.007272472605109215
        },
        "scale": {
          "x": 1.0,
          "y": 1.0,
          "z": 1.0
        },
        "matrix_basis": [
          [
            0.999821126461029,
            -0.01494297944009304,
            0.0115922586992383,
            0.0
          ],
          [
            0.01412912830710411,
            0.9976282119750977,
            0.0673670619726181,
            0.0
          ],
          [
            -0.012571428902447224,
            -0.0671912208199501,
            0.9976609349250793,
            0.0
          ],
          [
            0.0,
            0.0,
            0.0,
            1.0
          ]
        ],
        "rotation_mode": "QUATERNION"
      },
      "armature_space": {
        "head": {
          "x": 0.05287526547908783,
          "y": -0.3960607051849365,
          "z": 0.711938202381134
        },
        "tail": {
          "x": 0.03454316779971123,
          "y": -0.43185555934906006,
          "z": 0.6830199956893921
        }
      },
      "world_space": {
        "head": {
          "x": 0.05287526547908783,
          "y": -0.3328167200088501,
          "z": 1.661792278289795
        },
        "tail": {
          "x": 0.03454316779971123,
          "y": -0.36861157417297363,
          "z": 1.6328740119934082
        },
        "rotation_quaternion": {
          "w": 0.14961843192577362,
          "x": -0.7699553370475769,
          "y": 0.3410216271877289,
          "z": -0.5181576609611511
        },
        "matrix": [
          [
            0.2304331511259079,
            -0.3700936734676361,
            0.8999619483947754,
            0.05287526547908783
          ],
          [
            -0.6801950335502625,
            -0.7226365804672241,
            -0.1230093315243721,
            -0.3328167200088501
          ],
          [
            0.6958745121955872,
            -0.5838087797164917,
            -0.4182583689689636,
            1.661792278289795
          ],
          [
            0.0,
            0.0,
            0.0,
            1.0
          ]
        ]
      },
      "bone_length_armature_space": 0.049533827101947314,
      "parent": "lowerarm_l",
      "has_children": true,
      "is_end_bone": false
    },
    "thumb_01_l": {
      "name": "thumb_01_l",
      "local": {
        "location": {
          "x": 0.0,
          "y": 0.0,
          "z": 0.0
        },
        "rotation_quaternion": {
          "w": 0.9864476919174194,
          "x": 0.16347633302211761,
          "y": 0.010455882176756859,
          "z": 0.009335601702332497
        },
        "scale": {
          "x": 1.0,
          "y": 1.0,
          "z": 1.0
        },
        "matrix_basis": [
          [
            0.9996070265769958,
            -0.014999587088823318,
            0.023680660873651505,
            0.0
          ],
          [
            0.021836744621396065,
            0.9463766813278198,
            -0.3223264813423157,
            0.0
          ],
          [
            -0.017576061189174652,
            0.32271692156791687,
            0.9463323354721069,
            0.0
          ],
          [
            0.0,
            0.0,
            0.0,
            1.0
          ]
        ],
        "rotation_mode": "QUATERNION"
      },
      "armature_space": {
        "head": {
          "x": 0.03454316779971123,
          "y": -0.43185555934906006,
          "z": 0.6830199956893921
        },
        "tail": {
          "x": 0.050752878189086914,
          "y": -0.4554741084575653,
          "z": 0.664634108543396
        }
      },
      "world_space": {
        "head": {
          "x": 0.03454316779971123,
          "y": -0.36861157417297363,
          "z": 1.6328740119934082
        },
        "tail": {
          "x": 0.050752878189086914,
          "y": -0.3922300934791565,
          "z": 1.614488124847412
        },
        "rotation_quaternion": {
          "w": 0.25224268436431885,
          "x": 0.02015133574604988,
          "y": 0.2990579307079315,
          "z": -0.9200717806816101
        },
        "matrix": [
          [
            -0.8719348907470703,
            0.4762158691883087,
            0.11379007995128632,
            0.03454316779971123
          ],
          [
            -0.45211082696914673,
            -0.6938761472702026,
            -0.5604749917984009,
            -0.36861157417297363
          ],
          [
            -0.18795232474803925,
            -0.5401477813720703,
            0.8203222751617432,
            1.6328740119934082
          ],
          [
            0.0,
            0.0,
            0.0,
            1.0
          ]
        ]
      },
      "bone_length_armature_space": 0.034038675161123015,
      "parent": "metacarpal_thumb_l",
      "has_children": true,
      "is_end_bone": false
    },
    "thumb_02_l": {
      "name": "thumb_02_l",
      "local": {
        "location": {
          "x": 0.0,
          "y": 0.0,
          "z": 0.0
        },
        "rotation_quaternion": {
          "w": 0.9277431964874268,
          "x": 0.3732191324234009,
          "y": 0.00033082463778555393,
          "z": -1.5603727661073208e-05
        },
        "scale": {
          "x": 1.0,
          "y": 1.0,
          "z": 1.0
        },
        "matrix_basis": [
          [
            0.9999997615814209,
            0.0002758926711976528,
            0.0006021934095770121,
            0.0
          ],
          [
            0.00021798766101710498,
            0.7214149832725525,
            -0.692503035068512,
            0.0
          ],
          [
            -0.0006254878244362772,
            0.692503035068512,
            0.7214147448539734,
            0.0
          ],
          [
            0.0,
            0.0,
            0.0,
            1.0
          ]
        ],
        "rotation_mode": "QUATERNION"
      },
      "armature_space": {
        "head": {
          "x": 0.050752900540828705,
          "y": -0.45547404885292053,
          "z": 0.664634108543396
        },
        "tail": {
          "x": 0.02679762803018093,
          "y": -0.476589560508728,
          "z": 0.6889953017234802
        }
      },
      "world_space": {
        "head": {
          "x": 0.050752900540828705,
          "y": -0.3922300338745117,
          "z": 1.614488124847412
        },
        "tail": {
          "x": 0.02679762803018093,
          "y": -0.4133455753326416,
          "z": 1.6388492584228516
        },
        "rotation_quaternion": {
          "w": 0.21627983450889587,
          "x": -0.27208539843559265,
          "y": 0.4363023042678833,
          "z": 0.8299595713615417
        },
        "matrix": [
          [
            -0.7583853006362915,
            -0.5964304208755493,
            -0.2629118263721466,
            0.050752900540828705
          ],
          [
            0.12158571183681488,
            -0.5257267951965332,
            0.8419197797775269,
            -0.3922300338745117
          ],
          [
            -0.6403704285621643,
            0.6065370440483093,
            0.471224844455719,
            1.614488124847412
          ],
          [
            0.0,
            0.0,
            0.0,
            1.0
          ]
        ]
      },
      "bone_length_armature_space": 0.04016450712701835,
      "parent": "thumb_01_l",
      "has_children": true,
      "is_end_bone": false
    },
    "thumb_03_l": {
      "name": "thumb_03_l",
      "local": {
        "location": {
          "x": 0.0,
          "y": 0.0,
          "z": 0.0
        },
        "rotation_quaternion": {
          "w": 0.9840667843818665,
          "x": 0.17774879932403564,
          "y": 0.00396225368604064,
          "z": 0.0015234099701046944
        },
        "scale": {
          "x": 1.0,
          "y": 1.0,
          "z": 1.0
        },
        "matrix_basis": [
          [
            0.9999639391899109,
            -0.0015897026751190424,
            0.008339812979102135,
            0.0
          ],
          [
            0.0044068461284041405,
            0.9368060827255249,
            -0.3498212993144989,
            0.0
          ],
          [
            -0.007256675977259874,
            0.34984543919563293,
            0.9367793202400208,
            0.0
          ],
          [
            0.0,
            0.0,
            0.0,
            1.0
          ]
        ],
        "rotation_mode": "QUATERNION"
      },
      "armature_space": {
        "head": {
          "x": 0.02679762989282608,
          "y": -0.4765895903110504,
          "z": 0.6889952421188354
        },
        "tail": {
          "x": 0.007718723267316818,
          "y": -0.47519925236701965,
          "z": 0.7126798629760742
        }
      },
      "world_space": {
        "head": {
          "x": 0.02679762989282608,
          "y": -0.4133455753326416,
          "z": 1.6388492584228516
        },
        "tail": {
          "x": 0.007718723267316818,
          "y": -0.41195523738861084,
          "z": 1.6625338792800903
        },
        "rotation_quaternion": {
          "w": 0.13000981509685516,
          "x": -0.3295527994632721,
          "y": 0.7112881541252136,
          "z": 0.6070929169654846
        },
        "matrix": [
          [
            -0.7489839792251587,
            -0.6266703605651855,
            -0.21519158780574799,
            0.02679762989282608
          ],
          [
            -0.3109613060951233,
            0.045667171478271484,
            0.9493252038955688,
            -0.4133455753326416
          ],
          [
            -0.5850908160209656,
            0.7779509425163269,
            -0.2290748655796051,
            1.6388492584228516
          ],
          [
            0.0,
            0.0,
            0.0,
            1.0
          ]
        ]
      },
      "bone_length_armature_space": 0.030445015821677007,
      "parent": "thumb_02_l",
      "has_children": false,
      "is_end_bone": true
    },
    "metacarpal_index_l": {
      "name": "metacarpal_index_l",
      "local": {
        "location": {
          "x": 0.0,
          "y": 0.0,
          "z": 0.0
        },
        "rotation_quaternion": {
          "w": 0.9994938373565674,
          "x": 0.024265620857477188,
          "y": 0.015661757439374924,
          "z": -0.013346766121685505
        },
        "scale": {
          "x": 1.0,
          "y": 1.0,
          "z": 1.0
        },
        "matrix_basis": [
          [
            0.9991531372070312,
            0.027440104633569717,
            0.030659925192594528,
            0.0
          ],
          [
            -0.02591993659734726,
            0.9984660744667053,
            -0.04892474412918091,
            0.0
          ],
          [
            -0.03195539489388466,
            0.04808861017227173,
            0.9983317852020264,
            0.0
          ],
          [
            0.0,
            0.0,
            0.0,
            1.0
          ]
        ],
        "rotation_mode": "QUATERNION"
      },
      "armature_space": {
        "head": {
          "x": 0.05287526547908783,
          "y": -0.3960607051849365,
          "z": 0.711938202381134
        },
        "tail": {
          "x": 0.018269438296556473,
          "y": -0.5017353296279907,
          "z": 0.6749983429908752
        }
      },
      "world_space": {
        "head": {
          "x": 0.05287526547908783,
          "y": -0.3328167200088501,
          "z": 1.661792278289795
        },
        "tail": {
          "x": 0.018269438296556473,
          "y": -0.4384913444519043,
          "z": 1.6248524188995361
        },
        "rotation_quaternion": {
          "w": 0.111334890127182,
          "x": -0.9340649843215942,
          "y": 0.19148242473602295,
          "z": -0.2801101505756378
        },
        "matrix": [
          [
            0.7697453498840332,
            -0.2953428030014038,
            0.5659196376800537,
            0.05287526547908783
          ],
          [
            -0.42008623480796814,
            -0.901878297328949,
            0.10071442276239395,
            -0.3328167200088501
          ],
          [
            0.480648010969162,
            -0.3152625560760498,
            -0.8182916641235352,
            1.661792278289795
          ],
          [
            0.0,
            0.0,
            0.0,
            1.0
          ]
        ]
      },
      "bone_length_armature_space": 0.11717185323288086,
      "parent": "lowerarm_l",
      "has_children": true,
      "is_end_bone": false
    },
    "index_01_l": {
      "name": "index_01_l",
      "local": {
        "location": {
          "x": 0.0,
          "y": 0.0,
          "z": 0.0
        },
        "rotation_quaternion": {
          "w": 0.9615983963012695,
          "x": 0.2744044065475464,
          "y": -0.005366798490285873,
          "z": -0.0014343440998345613
        },
        "scale": {
          "x": 1.0,
          "y": 1.0,
          "z": 1.0
        },
        "matrix_basis": [
          [
            0.9999383091926575,
            -0.0001868203398771584,
            -0.01110859028995037,
            0.0
          ],
          [
            -0.0057038720697164536,
            0.8494003415107727,
            -0.5277183055877686,
            0.0
          ],
          [
            0.009534228593111038,
            0.5277490615844727,
            0.8493468165397644,
            0.0
          ],
          [
            0.0,
            0.0,
            0.0,
            1.0
          ]
        ],
        "rotation_mode": "QUATERNION"
      },
      "armature_space": {
        "head": {
          "x": 0.018269438296556473,
          "y": -0.5017353296279907,
          "z": 0.6749983429908752
        },
        "tail": {
          "x": 0.02475825510919094,
          "y": -0.5263604521751404,
          "z": 0.6621697545051575
        }
      },
      "world_space": {
        "head": {
          "x": 0.018269438296556473,
          "y": -0.4384913444519043,
          "z": 1.6248524188995361
        },
        "tail": {
          "x": 0.02475825510919094,
          "y": -0.46311646699905396,
          "z": 1.6120238304138184
        },
        "rotation_quaternion": {
          "w": 0.2578428387641907,
          "x": -0.9195801615715027,
          "y": -0.04142213240265846,
          "z": -0.29355373978614807
        },
        "matrix": [
          [
            0.8242213129997253,
            0.2275630533695221,
            0.5185312032699585,
            0.018269438296556473
          ],
          [
            -0.07519888132810593,
            -0.8636032342910767,
            0.49853283166885376,
            -0.4384913444519043
          ],
          [
            0.561256468296051,
            -0.4498983323574066,
            -0.6946918964385986,
            1.6248524188995361
          ],
          [
            0.0,
            0.0,
            0.0,
            1.0
          ]
        ]
      },
      "bone_length_armature_space": 0.02851445379570947,
      "parent": "metacarpal_index_l",
      "has_children": true,
      "is_end_bone": false
    },
    "index_02_l": {
      "name": "index_02_l",
      "local": {
        "location": {
          "x": 0.0,
          "y": 0.0,
          "z": 0.0
        },
        "rotation_quaternion": {
          "w": 0.9237151741981506,
          "x": 0.3830324411392212,
          "y": 0.006032122764736414,
          "z": -0.0002324590750504285
        },
        "scale": {
          "x": 1.0,
          "y": 1.0,
          "z": 1.0
        },
        "matrix_basis": [
          [
            0.9999271035194397,
            0.005050449166446924,
            0.010965848341584206,
            0.0
          ],
          [
            0.004191545303910971,
            0.7065721750259399,
            -0.7076285481452942,
            0.0
          ],
          [
            -0.011322005651891232,
            0.7076229453086853,
            0.7064995169639587,
            0.0
          ],
          [
            0.0,
            0.0,
            0.0,
            1.0
          ]
        ],
        "rotation_mode": "QUATERNION"
      },
      "armature_space": {
        "head": {
          "x": 0.024758310988545418,
          "y": -0.5263605713844299,
          "z": 0.6621692180633545
        },
        "tail": {
          "x": 0.037695541977882385,
          "y": -0.5338134765625,
          "z": 0.6413083076477051
        }
      },
      "world_space": {
        "head": {
          "x": 0.024758310988545418,
          "y": -0.4631165862083435,
          "z": 1.6120232343673706
        },
        "tail": {
          "x": 0.037695541977882385,
          "y": -0.4705694913864136,
          "z": 1.5911623239517212
        },
        "rotation_quaternion": {
          "w": 0.5749940872192383,
          "x": -0.7694377899169922,
          "y": -0.15530669689178467,
          "z": -0.23070989549160004
        },
        "matrix": [
          [
            0.8453060388565063,
            0.5043113231658936,
            0.17643138766288757,
            0.024758310988545418
          ],
          [
            -0.026313208043575287,
            -0.29052451252937317,
            0.9565058946609497,
            -0.4631165862083435
          ],
          [
            0.5336379408836365,
            -0.8131884336471558,
            -0.2323126196861267,
            1.6120232343673706
          ],
          [
            0.0,
            0.0,
            0.0,
            1.0
          ]
        ]
      },
      "bone_length_armature_space": 0.02565336886403928,
      "parent": "index_01_l",
      "has_children": true,
      "is_end_bone": false
    },
    "index_03_l": {
      "name": "index_03_l",
      "local": {
        "location": {
          "x": 0.0,
          "y": 0.0,
          "z": 0.0
        },
        "rotation_quaternion": {
          "w": 0.9671084880828857,
          "x": 0.2542267441749573,
          "y": 0.007036080118268728,
          "z": 0.004529658704996109
        },
        "scale": {
          "x": 1.0,
          "y": 1.0,
          "z": 1.0
        },
        "matrix_basis": [
          [
            0.9998599290847778,
            -0.00518382340669632,
            0.015912426635622978,
            0.0
          ],
          [
            0.01233886182308197,
            0.870696485042572,
            -0.49166592955589294,
            0.0
          ],
          [
            -0.011306185275316238,
            0.4917934238910675,
            0.8706384897232056,
            0.0
          ],
          [
            0.0,
            0.0,
            0.0,
            1.0
          ]
        ],
        "rotation_mode": "QUATERNION"
      },
      "armature_space": {
        "head": {
          "x": 0.037695493549108505,
          "y": -0.5338135957717896,
          "z": 0.6413083076477051
        },
        "tail": {
          "x": 0.05529988557100296,
          "y": -0.5250317454338074,
          "z": 0.6197050213813782
        }
      },
      "world_space": {
        "head": {
          "x": 0.037695493549108505,
          "y": -0.4705696105957031,
          "z": 1.5911623239517212
        },
        "tail": {
          "x": 0.05529988557100296,
          "y": -0.46178776025772095,
          "z": 1.569559097290039
        },
        "rotation_quaternion": {
          "w": 0.7712898850440979,
          "x": -0.547505259513855,
          "y": -0.23535165190696716,
          "z": -0.2235162854194641
        },
        "matrix": [
          [
            0.7893001437187195,
            0.6025046706199646,
            -0.11829414963722229,
            0.037695493549108505
          ],
          [
            -0.08708149194717407,
            0.3005569279193878,
            0.9497802257537842,
            -0.4705696105957031
          ],
          [
            0.6078052520751953,
            -0.7393651604652405,
            0.28969961404800415,
            1.5911623239517212
          ],
          [
            0.0,
            0.0,
            0.0,
            1.0
          ]
        ]
      },
      "bone_length_armature_space": 0.02921878657296481,
      "parent": "index_02_l",
      "has_children": false,
      "is_end_bone": true
    },
    "metacarpal_pinky_l": {
      "name": "metacarpal_pinky_l",
      "local": {
        "location": {
          "x": 0.0,
          "y": 0.0,
          "z": 0.0
        },
        "rotation_quaternion": {
          "w": 0.9998384714126587,
          "x": -0.012247664853930473,
          "y": -0.006376971025019884,
          "z": 0.011513224802911282
        },
        "scale": {
          "x": 1.0,
          "y": 1.0,
          "z": 1.0
        },
        "matrix_basis": [
          [
            0.9996535778045654,
            -0.022866524755954742,
            -0.013033902272582054,
            0.0
          ],
          [
            0.023178936913609505,
            0.9994348883628845,
            0.024344533681869507,
            0.0
          ],
          [
            0.012469861656427383,
            -0.024638211354613304,
            0.999618649482727,
            0.0
          ],
          [
            0.0,
            0.0,
            0.0,
            1.0
          ]
        ],
        "rotation_mode": "QUATERNION"
      },
      "armature_space": {
        "head": {
          "x": 0.05287526547908783,
          "y": -0.3960607051849365,
          "z": 0.711938202381134
        },
        "tail": {
          "x": 0.04317636787891388,
          "y": -0.49505847692489624,
          "z": 0.7427375912666321
        }
      },
      "world_space": {
        "head": {
          "x": 0.05287526547908783,
          "y": -0.3328167200088501,
          "z": 1.661792278289795
        },
        "tail": {
          "x": 0.04317636787891388,
          "y": -0.4318144917488098,
          "z": 1.692591667175293
        },
        "rotation_quaternion": {
          "w": 0.05515498295426369,
          "x": 0.608676552772522,
          "y": -0.14698627591133118,
          "z": -0.77773118019104
        },
        "matrix": [
          [
            -0.25294196605682373,
            -0.09314153343439102,
            -0.9629877805709839,
            0.05287526547908783
          ],
          [
            -0.2647262215614319,
            -0.9507062435150146,
            0.16148750483989716,
            -0.3328167200088501
          ],
          [
            -0.930566132068634,
            0.2957760691642761,
            0.21581809222698212,
            1.661792278289795
          ],
          [
            0.0,
            0.0,
            0.0,
            1.0
          ]
        ]
      },
      "bone_length_armature_space": 0.10413083048952194,
      "parent": "lowerarm_l",
      "has_children": true,
      "is_end_bone": false
    },
    "pinky_01_l": {
      "name": "pinky_01_l",
      "local": {
        "location": {
          "x": 0.0,
          "y": 0.0,
          "z": 0.0
        },
        "rotation_quaternion": {
          "w": 0.9475671648979187,
          "x": 0.3194798529148102,
          "y": -0.006640886887907982,
          "z": 0.0022797295823693275
        },
        "scale": {
          "x": 1.0,
          "y": 1.0,
          "z": 1.0
        },
        "matrix_basis": [
          [
            0.9999014139175415,
            -0.008563652634620667,
            -0.011128717102110386,
            0.0
          ],
          [
            7.713466038694605e-05,
            0.7958548665046692,
            -0.6054875254631042,
            0.0
          ],
          [
            0.014042028225958347,
            0.6054269671440125,
            0.7957770228385925,
            0.0
          ],
          [
            0.0,
            0.0,
            0.0,
            1.0
          ]
        ],
        "rotation_mode": "QUATERNION"
      },
      "armature_space": {
        "head": {
          "x": 0.04317636787891388,
          "y": -0.49505847692489624,
