{
  "metadata": {
    "armature_name": "KIM_caucasian_male",
    "export_time": "2026-01-13T21:16:38.747438",
    "blender_version": "4.4.1",
    "bone_count": 56,
    "end_bone_count": 13,
    "spaces_included": [
      "LOCAL_CHANNELS",
      "ARMATURE_SPACE",
      "WORLD_SPACE"
    ],
    "note": "LOCAL matches Transform panel; replay pose via local.matrix_basis for best fidelity."
  },
  "bones": {
    "Root": {
      "name": "Root",
      "local": {
        "location": {
          "x": 0.0,
          "y": 0.0,
          "z": 0.0
        },
        "rotation_quaternion": {
          "w": 0.9995790719985962,
          "x": -0.0015647744294255972,
          "y": 0.008641785942018032,
          "z": -0.027653425931930542
        },
        "scale": {
          "x": 1.0,
          "y": 1.0,
          "z": 1.0
        },
        "matrix_basis": [
          [
            0.9983212351799011,
            0.05525652691721916,
            0.017362838611006737,
            0.0
          ],
          [
            -0.05531061813235283,
            0.9984656572341919,
            0.002650281647220254,
            0.0
          ],
          [
            -0.0171897541731596,
            -0.0036061815917491913,
            0.9998457431793213,
            0.0
          ],
          [
            0.0,
            0.0,
            0.0,
            1.0
          ]
        ],
        "rotation_mode": "QUATERNION"
      },
      "armature_space": {
        "head": {
          "x": 0.0,
          "y": 0.07072800397872925,
          "z": -0.009595036506652832
        },
        "tail": {
          "x": 0.003943982534110546,
          "y": 0.00014311820268630981,
          "z": 0.000240338034927845
        }
      },
      "world_space": {
        "head": {
          "x": 0.0,
          "y": 0.13397200405597687,
          "z": 0.9402589797973633
        },
        "tail": {
          "x": 0.003943982534110546,
          "y": 0.06338711827993393,
          "z": 0.9500943422317505
        },
        "rotation_quaternion": {
          "w": 0.06890051811933517,
          "x": 0.9972028732299805,
          "y": 0.02817278914153576,
          "z": 0.00675920257344842
        },
        "matrix": [
          [
            0.9983212351799011,
            0.05525652691721916,
            0.017362838611006737,
            0.0
          ],
          [
            0.05711938440799713,
            -0.9889180064201355,
            -0.13703517615795135,
            0.13397200405597687
          ],
          [
            0.00959845818579197,
            0.13779690861701965,
            -0.9904210567474365,
            0.9402589797973633
          ],
          [
            0.0,
            0.0,
            0.0,
            1.0
          ]
        ]
      },
      "bone_length_armature_space": 0.07137587584522008,
      "parent": null,
      "has_children": true,
      "is_end_bone": false
    },
    "spine_01": {
      "name": "spine_01",
      "local": {
        "location": {
          "x": 0.0,
          "y": 0.0,
          "z": 0.0
        },
        "rotation_quaternion": {
          "w": 0.9982432126998901,
          "x": -0.056848157197237015,
          "y": -0.014621879905462265,
          "z": 0.008059989660978317
        },
        "scale": {
          "x": 1.0,
          "y": 1.0,
          "z": 1.0
        },
        "matrix_basis": [
          [
            0.999442458152771,
            -0.014429206028580666,
            -0.030108775943517685,
            0.0
          ],
          [
            0.01775411330163479,
            0.9934066534042358,
            0.11326087266206741,
            0.0
          ],
          [
            0.0282759927213192,
            -0.11373227834701538,
            0.9931089878082275,
            0.0
          ],
          [
            0.0,
            0.0,
            0.0,
            1.0
          ]
        ],
        "rotation_mode": "QUATERNION"
      },
      "armature_space": {
        "head": {
          "x": 0.003943982534110546,
          "y": 0.00014311820268630981,
          "z": 0.000240338034927845
        },
        "tail": {
          "x": -0.012253494001924992,
          "y": 0.07908520102500916,
          "z": 0.4815451204776764
        }
      },
      "world_space": {
        "head": {
          "x": 0.003943982534110546,
          "y": 0.06338711827993393,
          "z": 0.9500943422317505
        },
        "tail": {
          "x": -0.012253494001924992,
          "y": 0.14232920110225677,
          "z": 1.4313991069793701
        },
        "rotation_quaternion": {
          "w": 0.7621555924415588,
          "x": 0.6470630764961243,
          "y": -0.0013214400969445705,
          "z": 0.020652830600738525
        },
        "matrix": [
          [
            0.9991434216499329,
            -0.03319146856665611,
            0.024713288992643356,
            0.003943982534110546
          ],
          [
            0.02977144345641136,
            0.1617661565542221,
            -0.9863801002502441,
            0.06338711827993393
          ],
          [
            0.028741855174303055,
            0.9862778186798096,
            0.16261598467826843,
            0.9500943422317505
          ],
          [
            0.0,
            0.0,
            0.0,
            1.0
          ]
        ]
      },
      "bone_length_armature_space": 0.48800462280819934,
      "parent": "Root",
      "has_children": true,
      "is_end_bone": false
    },
    "neck_01": {
      "name": "neck_01",
      "local": {
        "location": {
          "x": 0.0,
          "y": 0.0,
          "z": 0.0
        },
        "rotation_quaternion": {
          "w": 0.983231246471405,
          "x": -0.10574901103973389,
          "y": -0.04213184863328934,
          "z": 0.14247290790081024
        },
        "scale": {
          "x": 1.0,
          "y": 1.0,
          "z": 1.0
        },
        "matrix_basis": [
          [
            0.955852746963501,
            -0.27125683426856995,
            -0.11298343539237976,
            0.0
          ],
          [
            0.2890784442424774,
            0.9370372295379639,
            0.19594617187976837,
            0.0
          ],
          [
            0.05271796137094498,
            -0.21995675563812256,
            0.9740840792655945,
            0.0
          ],
          [
            0.0,
            0.0,
            0.0,
            1.0
          ]
        ],
        "rotation_mode": "QUATERNION"
      },
      "armature_space": {
        "head": {
          "x": -0.013826655223965645,
          "y": 0.05672137439250946,
          "z": 0.5593984723091125
        },
        "tail": {
          "x": -0.044422298669815063,
          "y": 0.05627968907356262,
          "z": 0.6572476625442505
        }
      },
      "world_space": {
        "head": {
          "x": -0.013826655223965645,
          "y": 0.11996537446975708,
          "z": 1.5092525482177734
        },
        "tail": {
          "x": -0.044422298669815063,
          "y": 0.11952368915081024,
          "z": 1.6071016788482666
        },
        "rotation_quaternion": {
          "w": 0.6920208930969238,
          "x": 0.7046001553535461,
          "y": -0.13766951858997345,
          "z": 0.07545141875743866
        },
        "matrix": [
          [
            0.950708270072937,
            -0.298431932926178,
            -0.08421604335308075,
            -0.013826655223965645
          ],
          [
            -0.08957791328430176,
            -0.004308223724365234,
            -0.9959707260131836,
            0.11996537446975708
          ],
          [
            0.29686856269836426,
            0.9544277787208557,
            -0.03082987666130066,
            1.5092525482177734
          ],
          [
            0.0,
            0.0,
            0.0,
            1.0
          ]
        ]
      },
      "bone_length_armature_space": 0.1025219589542457,
      "parent": "spine_01",
      "has_children": true,
      "is_end_bone": false
    },
    "head": {
      "name": "head",
      "local": {
        "location": {
          "x": 0.0,
          "y": 0.0,
          "z": 0.0
        },
        "rotation_quaternion": {
          "w": 0.9791778326034546,
          "x": -0.11646855622529984,
          "y": 0.12891638278961182,
          "z": -0.10500690340995789
        },
        "scale": {
          "x": 1.0,
          "y": 1.0,
          "z": 1.0
        },
        "matrix_basis": [
          [
            0.9447082281112671,
            0.1756114512681961,
            0.27692413330078125,
            0.0
          ],
          [
            -0.235670268535614,
            0.9508172273635864,
            0.20101264119148254,
            0.0
          ],
          [
            -0.22800412774085999,
            -0.2551610767841339,
            0.9396312832832336,
            0.0
          ],
          [
            0.0,
            0.0,
            0.0,
            1.0
          ]
        ],
        "rotation_mode": "QUATERNION"
      },
      "armature_space": {
        "head": {
          "x": -0.04442228749394417,
          "y": 0.05627953261137009,
          "z": 0.6572476029396057
        },
        "tail": {
          "x": -0.0476892851293087,
          "y": 0.14307746291160583,
          "z": 0.785733699798584
        }
      },
      "world_space": {
        "head": {
          "x": -0.04442228749394417,
          "y": 0.1195235326886177,
          "z": 1.6071016788482666
        },
        "tail": {
          "x": -0.0476892851293087,
          "y": 0.20632146298885345,
          "z": 1.7355877161026
        },
        "rotation_quaternion": {
          "w": 0.8830157518386841,
          "x": 0.46889302134513855,
          "y": 0.01065096165984869,
          "z": 0.017583727836608887
        },
        "matrix": [
          [
            0.9991548657417297,
            -0.021065153181552887,
            0.035299792885780334,
            -0.04442228749394417
          ],
          [
            0.041041791439056396,
            0.5596608519554138,
            -0.8277051448822021,
            0.1195235326886177
          ],
          [
            -0.0023201406002044678,
            0.8284602761268616,
            0.5600553750991821,
            1.6071016788482666
          ],
          [
            0.0,
            0.0,
            0.0,
            1.0
          ]
        ]
      },
      "bone_length_armature_space": 0.15509104464641957,
      "parent": "neck_01",
      "has_children": false,
      "is_end_bone": true
    },
    "upperarm_l": {
      "name": "upperarm_l",
      "local": {
        "location": {
          "x": 0.0,
          "y": 0.0,
          "z": 0.0
        },
        "rotation_quaternion": {
          "w": 0.931363582611084,
          "x": 0.12224417179822922,
          "y": 0.24248012900352478,
          "z": 0.24253156781196594
        },
        "scale": {
          "x": 1.0,
          "y": 1.0,
          "z": 1.0
        },
        "matrix_basis": [
          [
            0.7647636532783508,
            -0.392486572265625,
            0.5109704732894897,
            0.0
          ],
          [
            0.5110536813735962,
            0.8524696230888367,
            -0.11008936911821365,
            0.0
          ],
          [
            -0.39237818121910095,
            0.3453257083892822,
            0.8525195121765137,
            0.0
          ],
          [
            0.0,
            0.0,
            0.0,
            1.0
          ]
        ],
        "rotation_mode": "QUATERNION"
      },
      "armature_space": {
        "head": {
          "x": 0.13835439085960388,
          "y": 0.047169458121061325,
          "z": 0.49794283509254456
        },
        "tail": {
          "x": 0.3712165355682373,
          "y": -0.014876708388328552,
          "z": 0.6151319146156311
        }
      },
      "world_space": {
        "head": {
          "x": 0.13835439085960388,
          "y": 0.11041346192359924,
          "z": 1.4477968215942383
        },
        "tail": {
          "x": 0.3712165355682373,
          "y": 0.04836729168891907,
          "z": 1.564985990524292
        },
        "rotation_quaternion": {
          "w": 0.46723559498786926,
          "x": 0.7265181541442871,
          "y": 0.40733227133750916,
          "z": -0.29655149579048157
        },
        "matrix": [
          [
            0.49227452278137207,
            0.8689877986907959,
            -0.05025838315486908,
            0.13835439085960388
          ],
          [
            0.3147517144680023,
            -0.2315419614315033,
            -0.9204999804496765,
            0.11041346192359924
          ],
          [
            -0.8115453720092773,
            0.4373224973678589,
            -0.3875010311603546,
            1.4477968215942383
          ],
          [
            0.0,
            0.0,
            0.0,
            1.0
          ]
        ]
      },
      "bone_length_armature_space": 0.26796974765477877,
      "parent": "spine_01",
      "has_children": true,
      "is_end_bone": false
    },
    "lowerarm_l": {
      "name": "lowerarm_l",
      "local": {
        "location": {
          "x": 0.0,
          "y": 0.0,
          "z": 0.0
        },
        "rotation_quaternion": {
          "w": 0.9058142900466919,
          "x": 0.2655157446861267,
          "y": -0.11584341526031494,
          "z": 0.30916404724121094
        },
        "scale": {
          "x": 1.0,
          "y": 1.0,
          "z": 1.0
        },
        "matrix_basis": [
          [
            0.7819957733154297,
            -0.6216069459915161,
            -0.04568939656019211,
            0.0
          ],
          [
            0.4985739290714264,
            0.6678379774093628,
            -0.5526451468467712,
            0.0
          ],
          [
            0.3740410804748535,
            0.40938666462898254,
            0.832163393497467,
            0.0
          ],
          [
            0.0,
            0.0,
            0.0,
            1.0
          ]
        ],
        "rotation_mode": "QUATERNION"
      },
      "armature_space": {
        "head": {
          "x": 0.3712165951728821,
          "y": -0.014876816421747208,
          "z": 0.6151319742202759
        },
        "tail": {
          "x": 0.4056575894355774,
          "y": -0.20709018409252167,
          "z": 0.7979915142059326
        }
      },
      "world_space": {
        "head": {
          "x": 0.3712165951728821,
          "y": 0.04836718365550041,
          "z": 1.564985990524292
        },
        "tail": {
          "x": 0.4056575894355774,
          "y": -0.14384618401527405,
          "z": 1.7478455305099487
        },
        "rotation_quaternion": {
          "w": 0.36719462275505066,
          "x": 0.8563629388809204,
          "y": -0.07696772366762161,
          "z": -0.35480523109436035
        },
        "matrix": [
          [
            0.7363790273666382,
            0.12873965501785278,
            -0.6642076969146729,
            0.3712165951728821
          ],
          [
            -0.3923894464969635,
            -0.7184889316558838,
            -0.5742863416671753,
            0.04836718365550041
          ],
          [
            -0.551163375377655,
            0.683524489402771,
            -0.47856777906417847,
            1.564985990524292
          ],
          [
            0.0,
            0.0,
            0.0,
            1.0
          ]
        ]
      },
      "bone_length_armature_space": 0.26752527330167936,
      "parent": "upperarm_l",
      "has_children": true,
      "is_end_bone": false
    },
    "metacarpal_thumb_l": {
      "name": "metacarpal_thumb_l",
      "local": {
        "location": {
          "x": 0.0,
          "y": 0.0,
          "z": 0.0
        },
        "rotation_quaternion": {
          "w": 0.9995274543762207,
          "x": -0.0179209653288126,
          "y": 0.016723792999982834,
          "z": -0.018552027642726898
        },
        "scale": {
          "x": 1.0,
          "y": 1.0,
          "z": 1.0
        },
        "matrix_basis": [
          [
            0.9987522959709167,
            0.03648710995912552,
            0.034096721559762955,
            0.0
          ],
          [
            -0.03768593445420265,
            0.9986693263053894,
            0.03520447388291359,
            0.0
          ],
          [
            -0.03276684135198593,
            -0.03644551336765289,
            0.9987983107566833,
            0.0
          ],
          [
            0.0,
            0.0,
            0.0,
            1.0
          ]
        ],
        "rotation_mode": "QUATERNION"
      },
      "armature_space": {
        "head": {
          "x": 0.4056575894355774,
          "y": -0.20709018409252167,
          "z": 0.7979915142059326
        },
        "tail": {
          "x": 0.3978780508041382,
          "y": -0.25491952896118164,
          "z": 0.8082588315010071
        }
      },
      "world_space": {
        "head": {
          "x": 0.4056575894355774,
          "y": -0.14384618401527405,
          "z": 1.7478455305099487
        },
        "tail": {
          "x": 0.3978780508041382,
          "y": -0.19167552888393402,
          "z": 1.758112907409668
        },
        "rotation_quaternion": {
          "w": 0.12829187512397766,
          "x": 0.8974467515945435,
          "y": -0.027294158935546875,
          "z": 0.42117175459861755
        },
        "matrix": [
          [
            0.6437388062477112,
            -0.15705586969852448,
            0.7489550709724426,
            0.4056575894355774
          ],
          [
            0.05907585099339485,
            -0.9655925631523132,
            -0.25326138734817505,
            -0.14384618401527405
          ],
          [
            0.7629669308662415,
            0.20727986097335815,
            -0.6123155355453491,
            1.7478455305099487
          ],
          [
            0.0,
            0.0,
            0.0,
            1.0
          ]
        ]
      },
      "bone_length_armature_space": 0.049533678634009135,
      "parent": "lowerarm_l",
      "has_children": true,
      "is_end_bone": false
    },
    "thumb_01_l": {
      "name": "thumb_01_l",
      "local": {
        "location": {
          "x": 0.0,
          "y": 0.0,
          "z": 0.0
        },
        "rotation_quaternion": {
          "w": 0.9996750354766846,
          "x": -0.013512151315808296,
          "y": 0.0176396481692791,
          "z": -0.012501713819801807
        },
        "scale": {
          "x": 1.0,
          "y": 1.0,
          "z": 1.0
        },
        "matrix_basis": [
          [
            0.999065101146698,
            0.024518603459000587,
            0.03560568019747734,
            0.0
          ],
          [
            -0.02547200210392475,
            0.999322235584259,
            0.02657446824014187,
            0.0
          ],
          [
            -0.03492998331785202,
            -0.02745657227933407,
            0.9990125298500061,
            0.0
          ],
          [
            0.0,
            0.0,
            0.0,
            1.0
          ]
        ],
        "rotation_mode": "QUATERNION"
      },
      "armature_space": {
        "head": {
          "x": 0.3978780508041382,
          "y": -0.25491952896118164,
          "z": 0.8082588315010071
        },
        "tail": {
          "x": 0.4094245433807373,
          "y": -0.28365111351013184,
          "z": 0.794123649597168
        }
      },
      "world_space": {
        "head": {
          "x": 0.3978780508041382,
          "y": -0.19167552888393402,
          "z": 1.758112907409668
        },
        "tail": {
          "x": 0.4094245433807373,
          "y": -0.22040711343288422,
          "z": 1.743977665901184
        },
        "rotation_quaternion": {
          "w": 0.2418140470981598,
          "x": -0.3403897285461426,
          "y": 0.13957667350769043,
          "z": -0.8978748321533203
        },
        "matrix": [
          [
            -0.6513211131095886,
            0.3392177224159241,
            0.6787577867507935,
            0.3978780508041382
          ],
          [
            -0.529258668422699,
            -0.8440889120101929,
            -0.08602114021778107,
            -0.19167552888393402
          ],
          [
            0.5437549948692322,
            -0.4152693748474121,
            0.7293117642402649,
            1.758112907409668
          ],
          [
            0.0,
            0.0,
            0.0,
            1.0
          ]
        ]
      },
      "bone_length_armature_space": 0.034038637112604,
      "parent": "metacarpal_thumb_l",
      "has_children": true,
      "is_end_bone": false
    },
    "thumb_02_l": {
      "name": "thumb_02_l",
      "local": {
        "location": {
          "x": 0.0,
          "y": 0.0,
          "z": 0.0
        },
        "rotation_quaternion": {
          "w": 0.9967901110649109,
          "x": 0.0793614536523819,
          "y": 0.007869875058531761,
          "z": -0.007023302838206291
        },
        "scale": {
          "x": 1.0,
          "y": 1.0,
          "z": 1.0
        },
        "matrix_basis": [
          [
            0.9997774958610535,
            0.015250647440552711,
            0.01457446813583374,
            0.0
          ],
          [
            -0.01275238860398531,
            0.9873048663139343,
            -0.1583239734172821,
            0.0
          ],
          [
            -0.016803985461592674,
            0.158102884888649,
            0.9872796535491943,
            0.0
          ],
          [
            0.0,
            0.0,
            0.0,
            1.0
          ]
        ],
        "rotation_mode": "QUATERNION"
      },
      "armature_space": {
        "head": {
          "x": 0.4094245135784149,
          "y": -0.28365108370780945,
          "z": 0.7941235899925232
        },
        "tail": {
          "x": 0.41414639353752136,
          "y": -0.3119726777076721,
          "z": 0.822208821773529
        }
      },
      "world_space": {
        "head": {
          "x": 0.4094245135784149,
          "y": -0.22040708363056183,
          "z": 1.7439775466918945
        },
        "tail": {
          "x": 0.41414639353752136,
          "y": -0.2487286776304245,
          "z": 1.7720627784729004
        },
        "rotation_quaternion": {
          "w": 0.0973437950015068,
          "x": 0.0827595666050911,
          "y": -0.37142038345336914,
          "z": -0.9196314215660095
        },
        "matrix": [
          [
            -0.9673500657081604,
            0.11756382137537003,
            -0.22452759742736816,
            0.4094245135784149
          ],
          [
            -0.2405182123184204,
            -0.7051420211791992,
            0.6670277714729309,
            -0.22040708363056183
          ],
          [
            -0.07990649342536926,
            0.6992563009262085,
            0.7104008793830872,
            1.7439775466918945
          ],
          [
            0.0,
            0.0,
            0.0,
            1.0
          ]
        ]
      },
      "bone_length_armature_space": 0.0401645248348094,
      "parent": "thumb_01_l",
      "has_children": true,
      "is_end_bone": false
    },
    "thumb_03_l": {
      "name": "thumb_03_l",
      "local": {
        "location": {
          "x": 0.0,
          "y": 0.0,
          "z": 0.0
        },
        "rotation_quaternion": {
          "w": 0.9951213598251343,
          "x": 0.0986374244093895,
          "y": 0.0020498638041317463,
          "z": -0.0004542722599580884
        },
        "scale": {
          "x": 1.0,
          "y": 1.0,
          "z": 1.0
        },
        "matrix_basis": [
          [
            0.9999911785125732,
            0.0013084986712783575,
            0.003990110009908676,
            0.0
          ],
          [
            -0.0004997254582121968,
            0.980540931224823,
            -0.19631427526474,
            0.0
          ],
          [
            -0.004169343039393425,
            0.19631054997444153,
            0.9805328845977783,
            0.0
          ],
          [
            0.0,
            0.0,
            0.0,
            1.0
          ]
        ],
        "rotation_mode": "QUATERNION"
      },
      "armature_space": {
        "head": {
          "x": 0.4141463339328766,
          "y": -0.3119727075099945,
          "z": 0.8222087025642395
        },
        "tail": {
          "x": 0.4167071282863617,
          "y": -0.3215788006782532,
          "z": 0.8509848713874817
        }
      },
      "world_space": {
        "head": {
          "x": 0.4141463339328766,
          "y": -0.2487287074327469,
          "z": 1.7720627784729004
        },
        "tail": {
          "x": 0.4167071282863617,
          "y": -0.25833481550216675,
          "z": 1.8008389472961426
        },
        "rotation_quaternion": {
          "w": 0.22828349471092224,
          "x": 0.24904336035251617,
          "y": -0.5386320352554321,
          "z": -0.7718416452407837
        },
        "matrix": [
          [
            -0.7717281579971313,
            0.08411266654729843,
            -0.6303654909133911,
            0.4141463339328766
          ],
          [
            -0.6206830143928528,
            -0.3155241012573242,
            0.7177726626396179,
            -0.2487287074327469
          ],
          [
            -0.13852347433567047,
            0.945188581943512,
            0.29570889472961426,
            1.7720627784729004
          ],
          [
            0.0,
            0.0,
            0.0,
            1.0
          ]
        ]
      },
      "bone_length_armature_space": 0.03044507485883344,
      "parent": "thumb_02_l",
      "has_children": false,
      "is_end_bone": true
    },
    "metacarpal_index_l": {
      "name": "metacarpal_index_l",
      "local": {
        "location": {
          "x": 0.0,
          "y": 0.0,
          "z": 0.0
        },
        "rotation_quaternion": {
          "w": 0.9983530640602112,
          "x": -0.05524121969938278,
          "y": 0.01252678781747818,
          "z": 0.009094035252928734
        },
        "scale": {
          "x": 1.0,
          "y": 1.0,
          "z": 1.0
        },
        "matrix_basis": [
          [
            0.9995207786560059,
            -0.019542105495929718,
            0.024007583037018776,
            0.0
          ],
          [
            0.016774125397205353,
            0.9937314391136169,
            0.11052832007408142,
            0.0
          ],
          [
            -0.026017045602202415,
            -0.11007264256477356,
            0.9935829639434814,
            0.0
          ],
          [
            0.0,
            0.0,
            0.0,
            1.0
          ]
        ],
        "rotation_mode": "QUATERNION"
      },
      "armature_space": {
        "head": {
          "x": 0.4056575894355774,
          "y": -0.20709018409252167,
          "z": 0.7979915142059326
        },
        "tail": {
          "x": 0.3957337737083435,
          "y": -0.3033857047557831,
          "z": 0.8640064001083374
        }
      },
      "world_space": {
        "head": {
          "x": 0.4056575894355774,
          "y": -0.14384618401527405,
          "z": 1.7478455305099487
        },
        "tail": {
          "x": 0.3957337737083435,
          "y": -0.24014170467853546,
          "z": 1.8138604164123535
        },
        "rotation_quaternion": {
          "w": 0.2983941435813904,
          "x": 0.9467594623565674,
          "y": -0.006694756913930178,
          "z": 0.12067598849534988
        },
        "matrix": [
          [
            0.9707849025726318,
            -0.08469473570585251,
            0.2245067059993744,
            0.4056575894355774
          ],
          [
            0.059341274201869965,
            -0.8218324184417725,
            -0.5666311979293823,
            -0.14384618401527405
          ],
          [
            0.23249901831150055,
            0.5634026527404785,
            -0.7928023934364319,
            1.7478455305099487
          ],
          [
            0.0,
            0.0,
            0.0,
            1.0
          ]
        ]
      },
      "bone_length_armature_space": 0.11717198534303079,
      "parent": "lowerarm_l",
      "has_children": true,
      "is_end_bone": false
    },
    "index_01_l": {
      "name": "index_01_l",
      "local": {
        "location": {
          "x": 0.0,
          "y": 0.0,
          "z": 0.0
        },
        "rotation_quaternion": {
          "w": 0.9952884912490845,
          "x": -0.09457804262638092,
          "y": -0.021116526797413826,
          "z": -0.0031571164727211
        },
        "scale": {
          "x": 1.0,
          "y": 1.0,
          "z": 1.0
        },
        "matrix_basis": [
          [
            0.9990882277488708,
            0.010278803296387196,
            -0.04143688455224037,
            0.0
          ],
          [
            -0.0022901638876646757,
            0.9820900559425354,
            0.18839821219444275,
            0.0
          ],
          [
            0.04263126105070114,
            -0.18813154101371765,
            0.981218159198761,
            0.0
          ],
          [
            0.0,
            0.0,
            0.0,
            1.0
          ]
        ],
        "rotation_mode": "QUATERNION"
      },
      "armature_space": {
        "head": {
          "x": 0.3957337737083435,
          "y": -0.3033857047557831,
          "z": 0.8640064001083374
        },
        "tail": {
          "x": 0.4008878171443939,
          "y": -0.31846243143081665,
          "z": 0.8876539468765259
        }
      },
      "world_space": {
        "head": {
          "x": 0.3957337737083435,
          "y": -0.24014170467853546,
          "z": 1.8138604164123535
        },
        "tail": {
          "x": 0.4008878171443939,
          "y": -0.2552184462547302,
          "z": 1.837507963180542
        },
        "rotation_quaternion": {
          "w": 0.46354812383651733,
          "x": 0.8709980845451355,
          "y": 0.14405769109725952,
          "z": 0.07571565359830856
        },
        "matrix": [
          [
            0.9470286965370178,
            0.18075239658355713,
            0.26545223593711853,
            0.3957337737083435
          ],
          [
            0.3211442530155182,
            -0.5287409424781799,
            -0.7856845855712891,
            -0.24014170467853546
          ],
          [
            -0.0016587618738412857,
            0.8293194770812988,
            -0.5587847828865051,
            1.8138604164123535
          ],
          [
            0.0,
            0.0,
            0.0,
            1.0
          ]
        ]
      },
      "bone_length_armature_space": 0.02851452814499917,
      "parent": "metacarpal_index_l",
      "has_children": true,
      "is_end_bone": false
    },
    "index_02_l": {
      "name": "index_02_l",
      "local": {
        "location": {
          "x": 0.0,
          "y": 0.0,
          "z": 0.0
        },
        "rotation_quaternion": {
          "w": 0.9999234676361084,
          "x": 0.011623352766036987,
          "y": -0.003981282003223896,
          "z": -0.0014774168375879526
        },
        "scale": {
          "x": 1.0,
          "y": 1.0,
          "z": 1.0
        },
        "matrix_basis": [
          [
            0.9999639391899109,
            0.0028620557859539986,
            -0.007996299304068089,
            0.0
          ],
          [
            -0.0030471591744571924,
            0.9997254014015198,
            -0.023233162239193916,
            0.0
          ],
          [
            0.007927609607577324,
            0.023256691172719002,
            0.9996981024742126,
            0.0
          ],
          [
            0.0,
            0.0,
            0.0,
            1.0
          ]
        ],
        "rotation_mode": "QUATERNION"
      },
      "armature_space": {
        "head": {
          "x": 0.40088775753974915,
          "y": -0.31846293807029724,
          "z": 0.8876540660858154
        },
        "tail": {
          "x": 0.40623384714126587,
          "y": -0.331526517868042,
          "z": 0.9090750217437744
        }
      },
      "world_space": {
        "head": {
          "x": 0.40088775753974915,
          "y": -0.2552189230918884,
          "z": 1.8375080823898315
        },
        "tail": {
          "x": 0.40623384714126587,
          "y": -0.26828253269195557,
          "z": 1.8589290380477905
        },
        "rotation_quaternion": {
          "w": 0.475075364112854,
          "x": 0.8679000735282898,
          "y": 0.1403033584356308,
          "z": 0.036984220147132874
        },
        "matrix": [
          [
            0.9578939080238342,
            0.20839811861515045,
            0.19750727713108063,
            0.40088775753974915
          ],
          [
            0.2786799669265747,
            -0.5092365145683289,
            -0.8142582774162292,
            -0.2552189230918884
          ],
          [
            -0.06911230832338333,
            0.835019588470459,
            -0.5458753108978271,
            1.8375080823898315
          ],
          [
            0.0,
            0.0,
            0.0,
            1.0
          ]
        ]
      },
      "bone_length_armature_space": 0.025653364893277582,
      "parent": "index_01_l",
      "has_children": true,
      "is_end_bone": false
    },
    "index_03_l": {
      "name": "index_03_l",
      "local": {
        "location": {
          "x": 0.0,
          "y": 0.0,
          "z": 0.0
        },
        "rotation_quaternion": {
          "w": 0.9992449283599854,
          "x": 0.03885302320122719,
          "y": -6.963731721043587e-05,
          "z": -0.0003996922168880701
        },
        "scale": {
          "x": 1.0,
          "y": 1.0,
          "z": 1.0
        },
        "matrix_basis": [
          [
            0.9999996423721313,
            0.000793369603343308,
            -0.00017022796964738518,
            0.0
          ],
          [
            -0.000804192095529288,
            0.9969805479049683,
            -0.07764731347560883,
            0.0
          ],
          [
            0.00010811097308760509,
            0.07764742523431778,
            0.9969808459281921,
            0.0
          ],
          [
            0.0,
            0.0,
            0.0,
            1.0
          ]
        ],
        "rotation_mode": "QUATERNION"
      },
      "armature_space": {
        "head": {
          "x": 0.4062337875366211,
          "y": -0.33152639865875244,
          "z": 0.9090750813484192
        },
        "tail": {
          "x": 0.41586190462112427,
          "y": -0.3492684066295624,
          "z": 0.9301998615264893
        }
      },
      "world_space": {
        "head": {
          "x": 0.4062337875366211,
          "y": -0.268282413482666,
          "z": 1.85892915725708
        },
        "tail": {
          "x": 0.41586190462112427,
          "y": -0.28602439165115356,
          "z": 1.8800538778305054
        },
        "rotation_quaternion": {
          "w": 0.3962869942188263,
          "x": 0.8958461284637451,
          "y": 0.19836600124835968,
          "z": 0.03266824409365654
        },
        "matrix": [
          [
            0.9191669225692749,
            0.32951897382736206,
            0.21575208008289337,
            0.4062337875366211
          ],
          [
            0.3813037574291229,
            -0.6072149276733398,
            -0.6970639824867249,
            -0.268282413482666
          ],
          [
            -0.09868836402893066,
            0.7229897975921631,
            -0.6837838888168335,
            1.85892915725708
          ],
          [
            0.0,
            0.0,
            0.0,
            1.0
          ]
        ]
      },
      "bone_length_armature_space": 0.0292187581850792,
      "parent": "index_02_l",
      "has_children": false,
      "is_end_bone": true
    },
    "metacarpal_pinky_l": {
      "name": "metacarpal_pinky_l",
      "local": {
        "location": {
          "x": 0.0,
          "y": 0.0,
          "z": 0.0
        },
        "rotation_quaternion": {
          "w": 0.9997421503067017,
          "x": -0.02196032553911209,
          "y": 0.0006431592628359795,
          "z": -0.00574111845344305
        },
        "scale": {
          "x": 1.0,
          "y": 1.0,
          "z": 1.0
        },
        "matrix_basis": [
          [
            0.9999332427978516,
            0.011451028287410736,
            0.0015381404664367437,
            0.0
          ],
          [
            -0.01150752417743206,
            0.998969554901123,
            0.043901942670345306,
            0.0
          ],
          [
            -0.0010338331339880824,
            -0.04391670972108841,
            0.9990346431732178,
            0.0
          ],
          [
            0.0,
            0.0,
            0.0,
            1.0
          ]
        ],
        "rotation_mode": "QUATERNION"
      },
      "armature_space": {
        "head": {
          "x": 0.4056575894355774,
          "y": -0.20709018409252167,
          "z": 0.7979915142059326
        },
        "tail": {
          "x": 0.44332611560821533,
          "y": -0.26215553283691406,
          "z": 0.877942681312561
        }
      },
      "world_space": {
        "head": {
          "x": 0.4056575894355774,
          "y": -0.14384618401527405,
          "z": 1.7478455305099487
        },
        "tail": {
          "x": 0.44332611560821533,
          "y": -0.19891153275966644,
          "z": 1.8277966976165771
        },
        "rotation_quaternion": {
          "w": 0.38590967655181885,
          "x": 0.40281715989112854,
          "y": -0.294395387172699,
          "z": -0.7759790420532227
        },
        "matrix": [
          [
            -0.37762343883514404,
            0.36174240708351135,
            -0.852374792098999,
            0.4056575894355774
          ],
          [
            -0.8360915184020996,
            -0.5288096070289612,
            0.14598599076271057,
            -0.14384618401527405
          ],
          [
            -0.397938072681427,
            0.7677958011627197,
            0.5021442174911499,
            1.7478455305099487
          ],
          [
            0.0,
            0.0,
            0.0,
            1.0
          ]
        ]
      },
      "bone_length_armature_space": 0.10413116629973056,
      "parent": "lowerarm_l",
      "has_children": true,
      "is_end_bone": false
    },
    "pinky_01_l": {
      "name": "pinky_01_l",
      "local": {
        "location": {
          "x": 0.0,
          "y": 0.0,
          "z": 0.0
        },
        "rotation_quaternion": {
          "w": 0.9630708694458008,
          "x": 0.26903602480888367,
          "y": 0.008105133660137653,
          "z": -0.006967207882553339
        },
        "scale": {
          "x": 1.0,
          "y": 1.0,
          "z": 1.0
        },
        "matrix_basis": [
          [
            0.9997715353965759,
            0.017780976369976997,
            0.01186277624219656,
            0.0
          ],
          [
            -0.00905868411064148,
            0.8551421761512756,
            -0.5183144807815552,
            0.0
          ],
          [
            -0.01936049573123455,
            0.5180885791778564,
            0.855107843875885,
            0.0
          ],
          [
            0.0,
            0.0,
            0.0,
            1.0
          ]
        ],
        "rotation_mode": "QUATERNION"
      },
      "armature_space": {
        "head": {
          "x": 0.44332611560821533,
          "y": -0.26215553283691406,
          "z": 0.877942681312561
        },
        "tail": {
