{
  "metadata": {
    "armature_name": "KIM_caucasian_male",
    "export_time": "2026-01-13T21:12:37.419910",
    "blender_version": "4.4.1",
    "bone_count": 56,
    "end_bone_count": 13,
    "spaces_included": [
      "LOCAL_CHANNELS",
      "ARMATURE_SPACE",
      "WORLD_SPACE"
    ],
    "note": "LOCAL matches Transform panel; replay pose via local.matrix_basis for best fidelity."
  },
  "bones": {
    "Root": {
      "name": "Root",
      "local": {
        "location": {
          "x": 0.0,
          "y": 0.0,
          "z": 0.0
        },
        "rotation_quaternion": {
          "w": 0.9997501373291016,
          "x": 0.017846982926130295,
          "y": -0.010875388979911804,
          "z": 0.00794142670929432
        },
        "scale": {
          "x": 1.0,
          "y": 1.0,
          "z": 1.0
        },
        "matrix_basis": [
          [
            0.9996373057365417,
            -0.016267070546746254,
            -0.021461881697177887,
            0.0
          ],
          [
            0.01549069955945015,
            0.9992368221282959,
            -0.035857778042554855,
            0.0
          ],
          [
            0.022028803825378418,
            0.03551231324672699,
            0.9991264343261719,
            0.0
          ],
          [
            0.0,
            0.0,
            0.0,
            1.0
          ]
        ],
        "rotation_mode": "QUATERNION"
      },
      "armature_space": {
        "head": {
          "x": 0.0,
          "y": 0.07072800397872925,
          "z": -0.009595036506652832
        },
        "tail": {
          "x": -0.0011610762448981404,
          "y": -0.0002867653965950012,
          "z": -0.002519055735319853
        }
      },
      "world_space": {
        "head": {
          "x": 0.0,
          "y": 0.13397200405597687,
          "z": 0.9402589797973633
        },
        "tail": {
          "x": -0.0011610762448981404,
          "y": 0.06295723468065262,
          "z": 0.9473349452018738
        },
        "rotation_quaternion": {
          "w": 0.04954438656568527,
          "x": 0.9986812472343445,
          "y": -0.008656039834022522,
          "z": -0.010315687395632267
        },
        "matrix": [
          [
            0.9996373057365417,
            -0.016267070546746254,
            -0.021461881697177887,
            0.0
          ],
          [
            -0.01831141859292984,
            -0.9949408173561096,
            -0.09877995401620865,
            0.13397200405597687
          ],
          [
            -0.019746597856283188,
            0.09913687407970428,
            -0.9948849081993103,
            0.9402589797973633
          ],
          [
            0.0,
            0.0,
            0.0,
            1.0
          ]
        ]
      },
      "bone_length_armature_space": 0.07137587061768051,
      "parent": null,
      "has_children": true,
      "is_end_bone": false
    },
    "spine_01": {
      "name": "spine_01",
      "local": {
        "location": {
          "x": 0.0,
          "y": 0.0,
          "z": 0.0
        },
        "rotation_quaternion": {
          "w": 0.999409556388855,
          "x": -0.03307611122727394,
          "y": -0.008097093552350998,
          "z": -0.004583164118230343
        },
        "scale": {
          "x": 1.0,
          "y": 1.0,
          "z": 1.0
        },
        "matrix_basis": [
          [
            0.9998268485069275,
            0.009696557186543941,
            -0.015881439670920372,
            0.0
          ],
          [
            -0.008625275455415249,
            0.9977699518203735,
            0.06618738174438477,
            0.0
          ],
          [
            0.016487812623381615,
            -0.06603894382715225,
            0.9976808428764343,
            0.0
          ],
          [
            0.0,
            0.0,
            0.0,
            1.0
          ]
        ],
        "rotation_mode": "QUATERNION"
      },
      "armature_space": {
        "head": {
          "x": -0.0011610762448981404,
          "y": -0.0002867653965950012,
          "z": -0.002519055735319853
        },
        "tail": {
          "x": 0.013864976353943348,
          "y": 0.03714063763618469,
          "z": 0.4838162064552307
        }
      },
      "world_space": {
        "head": {
          "x": -0.0011610762448981404,
          "y": 0.06295723468065262,
          "z": 0.9473349452018738
        },
        "tail": {
          "x": 0.013864976353943348,
          "y": 0.10038463771343231,
          "z": 1.4336702823638916
        },
        "rotation_quaternion": {
          "w": 0.733720064163208,
          "x": 0.6790816783905029,
          "y": -0.0015075050760060549,
          "z": -0.02237805537879467
        },
        "matrix": [
          [
            0.9989938139915466,
            0.030791014432907104,
            -0.03260542079806328,
            -0.0011610762448981404
          ],
          [
            -0.034886106848716736,
            0.07669530808925629,
            -0.9964441657066345,
            0.06295723468065262
          ],
          [
            -0.02818107046186924,
            0.9965861439704895,
            0.0776919424533844,
            0.9473349452018738
          ],
          [
            0.0,
            0.0,
            0.0,
            1.0
          ]
        ]
      },
      "bone_length_armature_space": 0.48800467928579105,
      "parent": "Root",
      "has_children": true,
      "is_end_bone": false
    },
    "neck_01": {
      "name": "neck_01",
      "local": {
        "location": {
          "x": 0.0,
          "y": 0.0,
          "z": 0.0
        },
        "rotation_quaternion": {
          "w": 0.9914992451667786,
          "x": 0.03822294995188713,
          "y": 0.0006913692341186106,
          "z": 0.12437045574188232
        },
        "scale": {
          "x": 1.0,
          "y": 1.0,
          "z": 1.0
        },
        "matrix_basis": [
          [
            0.9690630435943604,
            -0.2465735673904419,
            0.010878595523536205,
            0.0
          ],
          [
            0.24667927622795105,
            0.9661419987678528,
            -0.07562407851219177,
            0.0
          ],
          [
            0.00813662726432085,
            0.07596802711486816,
            0.9970770478248596,
            0.0
          ],
          [
            0.0,
            0.0,
            0.0,
            1.0
          ]
        ],
        "rotation_mode": "QUATERNION"
      },
      "armature_space": {
        "head": {
          "x": 0.014988675713539124,
          "y": 0.008199028670787811,
          "z": 0.5594791173934937
        },
        "tail": {
          "x": -0.009008347988128662,
          "y": -0.028750743716955185,
          "z": 0.6520512104034424
        }
      },
      "world_space": {
        "head": {
          "x": 0.014988675713539124,
          "y": 0.07144302874803543,
          "z": 1.5093331336975098
        },
        "tail": {
          "x": -0.009008347988128662,
          "y": 0.034493256360292435,
          "z": 1.6019052267074585
        },
        "rotation_quaternion": {
          "w": 0.5552417039871216,
          "x": 0.8231175541877747,
          "y": -0.10724368691444397,
          "z": 0.05179730802774429
        },
        "matrix": [
          [
            0.9716315269470215,
            -0.23406857252120972,
            -0.03382293879985809,
            0.014988675713539124
          ],
          [
            -0.11902938038110733,
            -0.36041057109832764,
            -0.9251683950424194,
            0.07144302874803543
          ],
          [
            0.20436403155326843,
            0.902954638004303,
            -0.3780508041381836,
            1.5093331336975098
          ],
          [
            0.0,
            0.0,
            0.0,
            1.0
          ]
        ]
      },
      "bone_length_armature_space": 0.10252187789241478,
      "parent": "spine_01",
      "has_children": true,
      "is_end_bone": false
    },
    "head": {
      "name": "head",
      "local": {
        "location": {
          "x": 0.0,
          "y": 0.0,
          "z": 0.0
        },
        "rotation_quaternion": {
          "w": 0.983994722366333,
          "x": 0.012687860056757927,
          "y": 0.0523114912211895,
          "z": 0.1698729246854782
        },
        "scale": {
          "x": 1.0,
          "y": 1.0,
          "z": 1.0
        },
        "matrix_basis": [
          [
            0.9368134140968323,
            -0.3329806923866272,
            0.1072591096162796,
            0.0
          ],
          [
            0.33563557267189026,
            0.9419643878936768,
            -0.007196962833404541,
            0.0
          ],
          [
            -0.09863781183958054,
            0.04274218529462814,
            0.9942050576210022,
            0.0
          ],
          [
            0.0,
            0.0,
            0.0,
            1.0
          ]
        ],
        "rotation_mode": "QUATERNION"
      },
      "armature_space": {
        "head": {
          "x": -0.009008334949612617,
          "y": -0.028750862926244736,
          "z": 0.6520510911941528
        },
        "tail": {
          "x": -0.09013534337282181,
          "y": -0.029249735176563263,
          "z": 0.7842304706573486
        }
      },
      "world_space": {
        "head": {
          "x": -0.009008334949612617,
          "y": 0.034493137151002884,
          "z": 1.601905107498169
        },
        "tail": {
          "x": -0.09013534337282181,
          "y": 0.03399426490068436,
          "z": 1.7340844869613647
        },
        "rotation_quaternion": {
          "w": 0.6777487993240356,
          "x": 0.683188259601593,
          "y": -0.19760704040527344,
          "z": 0.18671366572380066
        },
        "matrix": [
          [
            0.8521787524223328,
            -0.5230956077575684,
            -0.012737073004245758,
            -0.009008334949612617
          ],
          [
            -0.016918756067752838,
            -0.003216661512851715,
            -0.9998518824577332,
            0.034493137151002884
          ],
          [
            0.522980809211731,
            0.8522740602493286,
            -0.011592281982302666,
            1.601905107498169
          ],
          [
            0.0,
            0.0,
            0.0,
            1.0
          ]
        ]
      },
      "bone_length_armature_space": 0.15509103379560812,
      "parent": "neck_01",
      "has_children": false,
      "is_end_bone": true
    },
    "upperarm_l": {
      "name": "upperarm_l",
      "local": {
        "location": {
          "x": 0.0,
          "y": 0.0,
          "z": 0.0
        },
        "rotation_quaternion": {
          "w": 0.9711968898773193,
          "x": -0.17913055419921875,
          "y": 0.139427050948143,
          "z": -0.07245030999183655
        },
        "scale": {
          "x": 1.0,
          "y": 1.0,
          "z": 1.0
        },
        "matrix_basis": [
          [
            0.9506220817565918,
            0.0907757431268692,
            0.2967783510684967,
            0.0
          ],
          [
            -0.19067832827568054,
            0.925326406955719,
            0.32773900032043457,
            0.0
          ],
          [
            -0.24486610293388367,
            -0.3681451380252838,
            0.8969447016716003,
            0.0
          ],
          [
            0.0,
            0.0,
            0.0,
            1.0
          ]
        ],
        "rotation_mode": "QUATERNION"
      },
      "armature_space": {
        "head": {
          "x": 0.16266438364982605,
          "y": -0.005366194993257523,
          "z": 0.48852139711380005
        },
        "tail": {
          "x": 0.40847235918045044,
          "y": 0.09250043332576752,
          "z": 0.4459984302520752
        }
      },
      "world_space": {
        "head": {
          "x": 0.16266438364982605,
          "y": 0.0578778050839901,
          "z": 1.438375473022461
        },
        "tail": {
          "x": 0.40847235918045044,
          "y": 0.15574443340301514,
          "z": 1.3958524465560913
        },
        "rotation_quaternion": {
          "w": 0.46271374821662903,
          "x": 0.4061190187931061,
          "y": 0.6844738125801086,
          "z": -0.39046019315719604
        },
        "matrix": [
          [
            -0.24192596971988678,
            0.9172984957695007,
            0.31628337502479553,
            0.16266438364982605
          ],
          [
            0.19461363554000854,
            0.3652156591415405,
            -0.9103534817695618,
            0.0578778050839901
          ],
          [
            -0.9505839347839355,
            -0.15868589282035828,
            -0.2668766379356384,
            1.438375473022461
          ],
          [
            0.0,
            0.0,
            0.0,
            1.0
          ]
        ]
      },
      "bone_length_armature_space": 0.267969473309208,
      "parent": "spine_01",
      "has_children": true,
      "is_end_bone": false
    },
    "lowerarm_l": {
      "name": "lowerarm_l",
      "local": {
        "location": {
          "x": 0.0,
          "y": 0.0,
          "z": 0.0
        },
        "rotation_quaternion": {
          "w": 0.9807949066162109,
          "x": 0.18755656480789185,
          "y": 0.0007882326026447117,
          "z": -0.05351034179329872
        },
        "scale": {
          "x": 1.0,
          "y": 1.0,
          "z": 1.0
        },
        "matrix_basis": [
          [
            0.9942720532417297,
            0.10526102036237717,
            -0.018526243045926094,
            0.0
          ],
          [
            -0.10466966778039932,
            0.9239183664321899,
            -0.36799341440200806,
            0.0
          ],
          [
            -0.021618621423840523,
            0.3678247034549713,
            0.9296438097953796,
            0.0
          ],
          [
            0.0,
            0.0,
            0.0,
            1.0
          ]
        ],
        "rotation_mode": "QUATERNION"
      },
      "armature_space": {
        "head": {
          "x": 0.40847247838974,
          "y": 0.09250039607286453,
          "z": 0.44599851965904236
        },
        "tail": {
          "x": 0.6649408340454102,
          "y": 0.059686750173568726,
          "z": 0.3773205280303955
        }
      },
      "world_space": {
        "head": {
          "x": 0.40847247838974,
          "y": 0.15574440360069275,
          "z": 1.3958525657653809
        },
        "tail": {
          "x": 0.6649408340454102,
          "y": 0.12293075025081635,
          "z": 1.3271745443344116
        },
        "rotation_quaternion": {
          "w": 0.38279926776885986,
          "x": 0.4785909056663513,
          "y": 0.5404963493347168,
          "z": -0.5764367580413818
        },
        "matrix": [
          [
            -0.2488301694393158,
            0.9586723446846008,
            -0.13795144855976105,
            0.40847247838974
          ],
          [
            0.07603583484888077,
            -0.12265661358833313,
            -0.9895323514938354,
            0.15574440360069275
          ],
          [
            -0.9655646681785583,
            -0.25671669840812683,
            -0.04237399995326996,
            1.3958525657653809
          ],
          [
            0.0,
            0.0,
            0.0,
            1.0
          ]
        ]
      },
      "bone_length_armature_space": 0.2675246194784625,
      "parent": "upperarm_l",
      "has_children": true,
      "is_end_bone": false
    },
    "metacarpal_thumb_l": {
      "name": "metacarpal_thumb_l",
      "local": {
        "location": {
          "x": 0.0,
          "y": 0.0,
          "z": 0.0
        },
        "rotation_quaternion": {
          "w": 0.9988902807235718,
          "x": -0.04486926272511482,
          "y": -0.0056944843381643295,
          "z": -0.013136171735823154
        },
        "scale": {
          "x": 1.0,
          "y": 1.0,
          "z": 1.0
        },
        "matrix_basis": [
          [
            0.9995900392532349,
            0.02675420232117176,
            -0.010197509080171585,
            0.0
          ],
          [
            -0.025732174515724182,
            0.9956283569335938,
            0.08978854864835739,
            0.0
          ],
          [
            0.012555151246488094,
            -0.08948933333158493,
            0.9959086179733276,
            0.0
          ],
          [
            0.0,
            0.0,
            0.0,
            1.0
          ]
        ],
        "rotation_mode": "QUATERNION"
      },
      "armature_space": {
        "head": {
          "x": 0.6649408340454102,
          "y": 0.059686750173568726,
          "z": 0.3773205280303955
        },
        "tail": {
          "x": 0.698677659034729,
          "y": 0.027218468487262726,
          "z": 0.36115798354148865
        }
      },
      "world_space": {
        "head": {
          "x": 0.6649408340454102,
          "y": 0.12293075025081635,
          "z": 1.3271745443344116
        },
        "tail": {
          "x": 0.698677659034729,
          "y": 0.09046246856451035,
          "z": 1.3110120296478271
        },
        "rotation_quaternion": {
          "w": 0.1137007623910904,
          "x": -0.8967990875244141,
          "y": -0.39916491508483887,
          "z": 0.15326784551143646
        },
        "matrix": [
          [
            0.6343520283699036,
            0.6810882091522217,
            -0.36567187309265137,
            0.6649408340454102
          ],
          [
            0.7507950067520142,
            -0.6554790139198303,
            0.08157365024089813,
            0.12293075025081635
          ],
          [
            -0.18413203954696655,
            -0.3262939453125,
            -0.9271686673164368,
            1.3271745443344116
          ],
          [
            0.0,
            0.0,
            0.0,
            1.0
          ]
        ]
      },
      "bone_length_armature_space": 0.049533731036668846,
      "parent": "lowerarm_l",
      "has_children": true,
      "is_end_bone": false
    },
    "thumb_01_l": {
      "name": "thumb_01_l",
      "local": {
        "location": {
          "x": 0.0,
          "y": 0.0,
          "z": 0.0
        },
        "rotation_quaternion": {
          "w": 0.9875271320343018,
          "x": 0.15618419647216797,
          "y": -0.017253171652555466,
          "z": 0.009953686967492104
        },
        "scale": {
          "x": 1.0,
          "y": 1.0,
          "z": 1.0
        },
        "matrix_basis": [
          [
            0.9992064833641052,
            -0.02504841797053814,
            -0.030966732650995255,
            0.0
          ],
          [
            0.014269726350903511,
            0.9510148167610168,
            -0.30881571769714355,
            0.0
          ],
          [
            0.03718516603112221,
            0.30812880396842957,
            0.9506176710128784,
            0.0
          ],
          [
            0.0,
            0.0,
            0.0,
            1.0
          ]
        ],
        "rotation_mode": "QUATERNION"
      },
      "armature_space": {
        "head": {
          "x": 0.698677659034729,
          "y": 0.027218468487262726,
          "z": 0.36115798354148865
        },
        "tail": {
          "x": 0.7081973552703857,
          "y": 0.020009733736515045,
          "z": 0.3292824625968933
        }
      },
      "world_space": {
        "head": {
          "x": 0.698677659034729,
          "y": 0.09046246856451035,
          "z": 1.3110120296478271
        },
        "tail": {
          "x": 0.7081973552703857,
          "y": 0.08325373381376266,
          "z": 1.2791364192962646
        },
        "rotation_quaternion": {
          "w": 0.6216756701469421,
          "x": -0.7075909972190857,
          "y": 0.08734631538391113,
          "z": -0.3243531584739685
        },
        "matrix": [
          [
            0.7743321657180786,
            0.27967342734336853,
            0.5676196813583374,
            0.698677659034729
          ],
          [
            -0.5268940329551697,
            -0.2117813229560852,
            0.8231230974197388,
            0.09046246856451035
          ],
          [
            0.35041889548301697,
            -0.9364529848098755,
            -0.01663026213645935,
            1.3110120296478271
          ],
          [
            0.0,
            0.0,
            0.0,
            1.0
          ]
        ]
      },
      "bone_length_armature_space": 0.034038791123341385,
      "parent": "metacarpal_thumb_l",
      "has_children": true,
      "is_end_bone": false
    },
    "thumb_02_l": {
      "name": "thumb_02_l",
      "local": {
        "location": {
          "x": 0.0,
          "y": 0.0,
          "z": 0.0
        },
        "rotation_quaternion": {
          "w": 0.9387284517288208,
          "x": 0.34447431564331055,
          "y": 0.010900520719587803,
          "z": -0.002763975877314806
        },
        "scale": {
          "x": 1.0,
          "y": 1.0,
          "z": 1.0
        },
        "matrix_basis": [
          [
            0.999747097492218,
            0.012699143961071968,
            0.018561020493507385,
            0.0
          ],
          [
            0.0023206532932817936,
            0.7626596093177795,
            -0.646795928478241,
            0.0
          ],
          [
            -0.022369494661688805,
            0.6466754078865051,
            0.7624372243881226,
            0.0
          ],
          [
            0.0,
            0.0,
            0.0,
            1.0
          ]
        ],
        "rotation_mode": "QUATERNION"
      },
      "armature_space": {
        "head": {
          "x": 0.708197295665741,
          "y": 0.020009715110063553,
          "z": 0.3292824625968933
        },
        "tail": {
          "x": 0.7432551383972168,
          "y": 0.03136427327990532,
          "z": 0.3452575206756592
        }
      },
      "world_space": {
        "head": {
          "x": 0.708197295665741,
          "y": 0.08325371146202087,
          "z": 1.2791364192962646
        },
        "tail": {
          "x": 0.7432551383972168,
          "y": 0.09460827708244324,
          "z": 1.2951115369796753
        },
        "rotation_quaternion": {
          "w": 0.7552701830863953,
          "x": 0.05297766253352165,
          "y": -0.266305148601532,
          "z": -0.5965250134468079
        },
        "matrix": [
          [
            0.14647738635540009,
            0.8728592395782471,
            -0.4654684066772461,
            0.708197295665741
          ],
          [
            -0.9292911291122437,
            0.2827019989490509,
            0.23769307136535645,
            0.08325371146202087
          ],
          [
            0.33906298875808716,
            0.39774197340011597,
            0.8525559902191162,
            1.2791364192962646
          ],
          [
            0.0,
            0.0,
            0.0,
            1.0
          ]
        ]
      },
      "bone_length_armature_space": 0.04016442180343488,
      "parent": "thumb_01_l",
      "has_children": true,
      "is_end_bone": false
    },
    "thumb_03_l": {
      "name": "thumb_03_l",
      "local": {
        "location": {
          "x": 0.0,
          "y": 0.0,
          "z": 0.0
        },
        "rotation_quaternion": {
          "w": 0.9783546924591064,
          "x": 0.20688430964946747,
          "y": -0.003990865778177977,
          "z": -0.002279462991282344
        },
        "scale": {
          "x": 1.0,
          "y": 1.0,
          "z": 1.0
        },
        "matrix_basis": [
          [
            0.9999577403068542,
            0.0028089515399187803,
            -0.008752134628593922,
            0.0
          ],
          [
            -0.006111541762948036,
            0.9143873453140259,
            -0.40479427576065063,
            0.0
          ],
          [
            0.00686579430475831,
            0.404830664396286,
            0.9143658876419067,
            0.0
          ],
          [
            0.0,
            0.0,
            0.0,
            1.0
          ]
        ],
        "rotation_mode": "QUATERNION"
      },
      "armature_space": {
        "head": {
          "x": 0.7432551383972168,
          "y": 0.03136419504880905,
          "z": 0.3452574610710144
        },
        "tail": {
          "x": 0.7556521892547607,
          "y": 0.04227473586797714,
          "z": 0.37083426117897034
        }
      },
      "world_space": {
        "head": {
          "x": 0.7432551383972168,
          "y": 0.09460819512605667,
          "z": 1.2951114177703857
        },
        "tail": {
          "x": 0.7556521892547607,
          "y": 0.10551873594522476,
          "z": 1.320688247680664
        },
        "rotation_quaternion": {
          "w": 0.7723003029823303,
          "x": 0.39141011238098145,
          "y": -0.2876412570476532,
          "z": -0.40940558910369873
        },
        "matrix": [
          [
            0.49929749965667725,
            0.40719741582870483,
            -0.7647823691368103,
            0.7432551383972168
          ],
          [
            -0.8575402498245239,
            0.35837018489837646,
            -0.36904704570770264,
            0.09460819512605667
          ],
          [
            0.12380032986402512,
            0.8401020765304565,
            0.5281250476837158,
            1.2951114177703857
          ],
          [
            0.0,
            0.0,
            0.0,
            1.0
          ]
        ]
      },
      "bone_length_armature_space": 0.03044502323773596,
      "parent": "thumb_02_l",
      "has_children": false,
      "is_end_bone": true
    },
    "metacarpal_index_l": {
      "name": "metacarpal_index_l",
      "local": {
        "location": {
          "x": 0.0,
          "y": 0.0,
          "z": 0.0
        },
        "rotation_quaternion": {
          "w": 0.9996875524520874,
          "x": 0.02229241654276848,
          "y": -0.010665450245141983,
          "z": 0.0037767335306853056
        },
        "scale": {
          "x": 1.0,
          "y": 1.0,
          "z": 1.0
        },
        "matrix_basis": [
          [
            0.9997439980506897,
            -0.008026624098420143,
            -0.02115585096180439,
            0.0
          ],
          [
            0.007075589615851641,
            0.998977541923523,
            -0.04465146362781525,
            0.0
          ],
          [
            0.021492620930075645,
            0.04449034109711647,
            0.9987785816192627,
            0.0
          ],
          [
            0.0,
            0.0,
            0.0,
            1.0
          ]
        ],
        "rotation_mode": "QUATERNION"
      },
      "armature_space": {
        "head": {
          "x": 0.6649408340454102,
          "y": 0.059686750173568726,
          "z": 0.3773205280303955
        },
        "tail": {
          "x": 0.7625619173049927,
          "y": 0.00804850086569786,
          "z": 0.3381688594818115
        }
      },
      "world_space": {
        "head": {
          "x": 0.6649408340454102,
          "y": 0.12293075025081635,
          "z": 1.3271745443344116
        },
        "tail": {
          "x": 0.7625619173049927,
          "y": 0.07129250466823578,
          "z": 1.2880228757858276
        },
        "rotation_quaternion": {
          "w": 0.03724103048443794,
          "x": 0.7635400891304016,
          "y": 0.5275029540061951,
          "z": -0.37062162160873413
        },
        "matrix": [
          [
            0.16875873506069183,
            0.8331453800201416,
            -0.5266772508621216,
            0.6649408340454102
          ],
          [
            0.7779342532157898,
            -0.44070568680763245,
            -0.44788074493408203,
            0.12293075025081635
          ],
          [
            -0.6052629947662354,
            -0.33413928747177124,
            -0.722510814666748,
            1.3271745443344116
          ],
          [
            0.0,
            0.0,
            0.0,
            1.0
          ]
        ]
      },
      "bone_length_armature_space": 0.11717182889106495,
      "parent": "lowerarm_l",
      "has_children": true,
      "is_end_bone": false
    },
    "index_01_l": {
      "name": "index_01_l",
      "local": {
        "location": {
          "x": 0.0,
          "y": 0.0,
          "z": 0.0
        },
        "rotation_quaternion": {
          "w": 0.9785730838775635,
          "x": 0.2054981142282486,
          "y": -0.00811651162803173,
          "z": -0.009969214908778667
        },
        "scale": {
          "x": 1.0,
          "y": 1.0,
          "z": 1.0
        },
        "matrix_basis": [
          [
            0.9996694922447205,
            0.01617535576224327,
            -0.019982509315013885,
            0.0
          ],
          [
            -0.022847065702080727,
            0.9153422713279724,
            -0.40202802419662476,
            0.0
          ],
          [
            0.011787889525294304,
            0.4023516774177551,
            0.9154092669487,
            0.0
          ],
          [
            0.0,
            0.0,
            0.0,
            1.0
          ]
        ],
        "rotation_mode": "QUATERNION"
      },
      "armature_space": {
        "head": {
          "x": 0.7625619173049927,
          "y": 0.00804850086569786,
          "z": 0.3381688594818115
        },
        "tail": {
          "x": 0.7813391089439392,
          "y": 0.001104768831282854,
          "z": 0.31786423921585083
        }
      },
      "world_space": {
        "head": {
          "x": 0.7625619173049927,
          "y": 0.07129250466823578,
          "z": 1.2880228757858276
        },
        "tail": {
          "x": 0.7813391089439392,
          "y": 0.06434877216815948,
          "z": 1.2677183151245117
        },
        "rotation_quaternion": {
          "w": 0.12207579612731934,
          "x": -0.639625072479248,
          "y": -0.6027750968933105,
          "z": 0.4611285328865051
        },
        "matrix": [
          [
            -0.15195782482624054,
            0.658516526222229,
            -0.7370648384094238,
            0.7625619173049927
          ],
          [
            0.8836847543716431,
            -0.2435169517993927,
            -0.39975130558013916,
            0.07129250466823578
          ],
          [
            -0.44273290038108826,
            -0.7120835781097412,
            -0.5449209213256836,
            1.2880228757858276
          ],
          [
            0.0,
            0.0,
            0.0,
            1.0
          ]
        ]
      },
      "bone_length_armature_space": 0.02851448671227863,
      "parent": "metacarpal_index_l",
      "has_children": true,
      "is_end_bone": false
    },
    "index_02_l": {
      "name": "index_02_l",
      "local": {
        "location": {
          "x": 0.0,
          "y": 0.0,
          "z": 0.0
        },
        "rotation_quaternion": {
          "w": 0.9065542221069336,
          "x": 0.42190104722976685,
          "y": -0.012052128091454506,
          "z": -0.0037116962485015392
        },
        "scale": {
          "x": 1.0,
          "y": 1.0,
          "z": 1.0
        },
        "matrix_basis": [
          [
            0.9996819496154785,
            -0.0034399030264467,
            -0.024983752518892288,
            0.0
          ],
          [
            -0.016899319365620613,
            0.6439714431762695,
            -0.7648628950119019,
            0.0
          ],
          [
            0.018719878047704697,
            0.7650418281555176,
            0.6437085270881653,
            0.0
          ],
          [
            0.0,
            0.0,
            0.0,
            1.0
          ]
        ],
        "rotation_mode": "QUATERNION"
      },
      "armature_space": {
        "head": {
          "x": 0.781339168548584,
          "y": 0.001104339025914669,
          "z": 0.31786391139030457
        },
        "tail": {
          "x": 0.7788082361221313,
          "y": -0.011431238614022732,
          "z": 0.29562538862228394
        }
      },
      "world_space": {
        "head": {
          "x": 0.781339168548584,
          "y": 0.06434834003448486,
          "z": 1.267717957496643
        },
        "tail": {
          "x": 0.7788082361221313,
          "y": 0.05181276053190231,
          "z": 1.2454793453216553
        },
        "rotation_quaternion": {
          "w": 0.34324413537979126,
          "x": -0.5102649331092834,
          "y": -0.371290385723114,
          "z": 0.6956698894500732
        },
        "matrix": [
          [
            -0.2436269074678421,
            -0.09865844249725342,
            -0.9648380279541016,
            0.781339168548584
          ],
          [
            0.8564823269844055,
            -0.488654226064682,
            -0.16629964113235474,
            0.06434834003448486
          ],
          [
            -0.45506763458251953,
            -0.866888165473938,
            0.2035498321056366,
            1.267717957496643
          ],
          [
            0.0,
            0.0,
            0.0,
            1.0
          ]
        ]
      },
      "bone_length_armature_space": 0.025653425243471074,
      "parent": "index_01_l",
      "has_children": true,
      "is_end_bone": false
    },
    "index_03_l": {
      "name": "index_03_l",
      "local": {
        "location": {
          "x": 0.0,
          "y": 0.0,
          "z": 0.0
        },
        "rotation_quaternion": {
          "w": 0.9643293023109436,
          "x": 0.2646681070327759,
          "y": -0.001624507363885641,
          "z": 0.00415720185264945
        },
        "scale": {
          "x": 1.0,
          "y": 1.0,
          "z": 1.0
        },
        "matrix_basis": [
          [
            0.99996018409729,
            -0.00887773372232914,
            -0.000932562630623579,
            0.0
          ],
          [
            0.007157912477850914,
            0.8598670363426208,
            -0.5104679465293884,
            0.0
          ],
          [
            0.005333677399903536,
            0.5104408860206604,
            0.8598963022232056,
            0.0
          ],
          [
            0.0,
            0.0,
            0.0,
            1.0
          ]
        ],
        "rotation_mode": "QUATERNION"
      },
      "armature_space": {
        "head": {
          "x": 0.7788083553314209,
          "y": -0.011431231163442135,
          "z": 0.29562538862228394
        },
        "tail": {
          "x": 0.7593032121658325,
          "y": -0.023179173469543457,
          "z": 0.2773149907588959
        }
      },
      "world_space": {
        "head": {
          "x": 0.7788083553314209,
          "y": 0.05181276798248291,
          "z": 1.2454793453216553
        },
        "tail": {
          "x": 0.7593032121658325,
          "y": 0.04006482660770416,
          "z": 1.2271690368652344
        },
        "rotation_quaternion": {
          "w": 0.5242090225219727,
          "x": -0.37583136558532715,
          "y": -0.15546570718288422,
          "z": 0.7481885552406311
        },
        "matrix": [
          [
            -0.16790926456451416,
            -0.6675581336021423,
            -0.7253774404525757,
            0.7788083553314209
          ],
          [
            0.9012724161148071,
            -0.4020695686340332,
            0.1613958775997162,
            0.05181276798248291
          ],
          [
            -0.39939531683921814,
            -0.6266675591468811,
            0.6691677570343018,
            1.2454793453216553
          ],
          [
            0.0,
            0.0,
            0.0,
            1.0
          ]
        ]
      },
      "bone_length_armature_space": 0.029218751337120208,
      "parent": "index_02_l",
      "has_children": false,
      "is_end_bone": true
    },
    "metacarpal_pinky_l": {
      "name": "metacarpal_pinky_l",
      "local": {
        "location": {
          "x": 0.0,
          "y": 0.0,
          "z": 0.0
        },
        "rotation_quaternion": {
          "w": 0.99955153465271,
          "x": -0.01951383426785469,
          "y": 0.018108151853084564,
          "z": 0.013712930493056774
        },
        "scale": {
          "x": 1.0,
          "y": 1.0,
          "z": 1.0
        },
        "matrix_basis": [
          [
            0.9989681243896484,
            -0.02812028117477894,
            0.0356648787856102,
            0.0
          ],
          [
            0.026706842705607414,
            0.9988623261451721,
            0.03950679674744606,
            0.0
          ],
          [
            -0.03673524409532547,
            -0.038513533771038055,
            0.9985826015472412,
            0.0
          ],
          [
            0.0,
            0.0,
            0.0,
            1.0
          ]
        ],
        "rotation_mode": "QUATERNION"
      },
      "armature_space": {
        "head": {
          "x": 0.6649408340454102,
          "y": 0.059686750173568726,
          "z": 0.3773205280303955
        },
        "tail": {
          "x": 0.7627595067024231,
          "y": 0.08288070559501648,
          "z": 0.35017701983451843
        }
      },
      "world_space": {
        "head": {
          "x": 0.6649408340454102,
          "y": 0.12293075025081635,
          "z": 1.3271745443344116
        },
        "tail": {
          "x": 0.7627595067024231,
          "y": 0.1461247056722641,
          "z": 1.300031065940857
        },
        "rotation_quaternion": {
          "w": 0.7410284280776978,
          "x": 0.033701155334711075,
          "y": 0.24949371814727783,
          "z": -0.6224902868270874
        },
        "matrix": [
          [
            0.10051675140857697,
            0.9393830299377441,
            0.32780420780181885,
            0.6649408340454102
          ],
          [
            -0.905749499797821,
            0.22273875772953033,
            -0.3605632185935974,
            0.12293075025081635
          ],
          [
            -0.41172537207603455,
            -0.26066747307777405,
            0.8732403516769409,
            1.3271745443344116
          ],
          [
            0.0,
            0.0,
            0.0,
            1.0
          ]
        ]
      },
      "bone_length_armature_space": 0.10413079513366086,
      "parent": "lowerarm_l",
      "has_children": true,
      "is_end_bone": false
    },
    "pinky_01_l": {
      "name": "pinky_01_l",
      "local": {
        "location": {
          "x": 0.0,
          "y": 0.0,
          "z": 0.0
        },
        "rotation_quaternion": {
          "w": 0.9492360949516296,
          "x": 0.31428423523902893,
          "y": 0.0033308251295238733,
          "z": 0.01285331230610609
        },
        "scale": {
          "x": 1.0,
          "y": 1.0,
          "z": 1.0
        },
        "matrix_basis": [
          [
            0.9996473789215088,
            -0.022308005020022392,
            0.014402666129171848,
            0.0
          ],
          [
            0.026495307683944702,
            0.8021204471588135,
            -0.5965742468833923,
            0.0
          ],
          [
            0.0017557080136612058,
            0.596745491027832,
            0.802428662776947,
            0.0
          ],
          [
            0.0,
            0.0,
            0.0,
            1.0
          ]
        ],
        "rotation_mode": "QUATERNION"
      },
      "armature_space": {
        "head": {
          "x": 0.7627595067024231,
          "y": 0.08288070559501648,
          "z": 0.35017701983451843
        },
        "tail": {
