{
  "metadata": {
    "armature_name": "KIM_caucasian_male",
    "export_time": "2026-01-13T21:04:10.153794",
    "blender_version": "4.4.1",
    "bone_count": 56,
    "end_bone_count": 13,
    "spaces_included": [
      "LOCAL_CHANNELS",
      "ARMATURE_SPACE",
      "WORLD_SPACE"
    ],
    "note": "LOCAL matches Transform panel; replay pose via local.matrix_basis for best fidelity."
  },
  "bones": {
    "Root": {
      "name": "Root",
      "local": {
        "location": {
          "x": 0.0,
          "y": 0.0,
          "z": 0.0
        },
        "rotation_quaternion": {
          "w": 0.9996177554130554,
          "x": 0.01528264582157135,
          "y": 0.015876101329922676,
          "z": 0.01670004613697529
        },
        "scale": {
          "x": 1.0,
          "y": 1.0,
          "z": 1.0
        },
        "matrix_basis": [
          [
            0.9989381432533264,
            -0.0329020693898201,
            0.03225050866603851,
            0.0
          ],
          [
            0.0338725820183754,
            0.9989750981330872,
            -0.030023345723748207,
            0.0
          ],
          [
            -0.031229624524712563,
            0.03108387067914009,
            0.9990288019180298,
            0.0
          ],
          [
            0.0,
            0.0,
            0.0,
            1.0
          ]
        ],
        "rotation_mode": "QUATERNION"
      },
      "armature_space": {
        "head": {
          "x": 0.0,
          "y": 0.07072800397872925,
          "z": -0.009595036506652832
        },
        "tail": {
          "x": -0.0023484136909246445,
          "y": -0.00022576004266738892,
          "z": -0.002208349760621786
        }
      },
      "world_space": {
        "head": {
          "x": 0.0,
          "y": 0.13397200405597687,
          "z": 0.9402589797973633
        },
        "tail": {
          "x": -0.0023484136909246445,
          "y": 0.06301824003458023,
          "z": 0.9476456642150879
        },
        "rotation_quaternion": {
          "w": 0.05209396779537201,
          "x": 0.9983763098716736,
          "y": -0.01559256948530674,
          "z": 0.01696508191525936
        },
        "matrix": [
          [
            0.9989381432533264,
            -0.0329020693898201,
            0.03225050866603851,
            0.0
          ],
          [
            -0.029366936534643173,
            -0.9940861463546753,
            -0.10454829782247543,
            0.13397200405597687
          ],
          [
            0.03549985960125923,
            0.10348997265100479,
            -0.9940038323402405,
            0.9402589797973633
          ],
          [
            0.0,
            0.0,
            0.0,
            1.0
          ]
        ]
      },
      "bone_length_armature_space": 0.07137586888790956,
      "parent": null,
      "has_children": true,
      "is_end_bone": false
    },
    "spine_01": {
      "name": "spine_01",
      "local": {
        "location": {
          "x": 0.0,
          "y": 0.0,
          "z": 0.0
        },
        "rotation_quaternion": {
          "w": 0.9950013160705566,
          "x": 0.08893940597772598,
          "y": -0.034773487597703934,
          "z": 0.029209749773144722
        },
        "scale": {
          "x": 1.0,
          "y": 1.0,
          "z": 1.0
        },
        "matrix_basis": [
          [
            0.9958751797676086,
            -0.06431294232606888,
            -0.06400353461503983,
            0.0
          ],
          [
            0.05194201320409775,
            0.9824731349945068,
            -0.17902110517024994,
            0.0
          ],
          [
            0.07439512759447098,
            0.17495819926261902,
            0.9817611575126648,
            0.0
          ],
          [
            0.0,
            0.0,
            0.0,
            1.0
          ]
        ],
        "rotation_mode": "QUATERNION"
      },
      "armature_space": {
        "head": {
          "x": -0.0023484136909246445,
          "y": -0.00022576004266738892,
          "z": -0.002208349760621786
        },
        "tail": {
          "x": -0.05304613709449768,
          "y": -0.07663112133741379,
          "z": 0.4771040081977844
        }
      },
      "world_space": {
        "head": {
          "x": -0.0023484136909246445,
          "y": 0.06301824003458023,
          "z": 0.9476456642150879
        },
        "tail": {
          "x": -0.05304613709449768,
          "y": -0.013387121260166168,
          "z": 1.4269580841064453
        },
        "rotation_quaternion": {
          "w": 0.64583420753479,
          "x": 0.760450005531311,
          "y": -0.06792662292718887,
          "z": 0.0004481224750634283
        },
        "matrix": [
          [
            0.990771472454071,
            -0.10388851165771484,
            -0.08705772459506989,
            -0.0023484136909246445
          ],
          [
            -0.10273133963346481,
            -0.15656797587871552,
            -0.9823099970817566,
            0.06301824003458023
          ],
          [
            0.0884207934141159,
            0.9821949601173401,
            -0.16579774022102356,
            0.9476456642150879
          ],
          [
            0.0,
            0.0,
            0.0,
            1.0
          ]
        ]
      },
      "bone_length_armature_space": 0.4880044820316606,
      "parent": "Root",
      "has_children": true,
      "is_end_bone": false
    },
    "neck_01": {
      "name": "neck_01",
      "local": {
        "location": {
          "x": 0.0,
          "y": 0.0,
          "z": 0.0
        },
        "rotation_quaternion": {
          "w": 0.9936959147453308,
          "x": 0.022480888292193413,
          "y": -0.012486990541219711,
          "z": 0.10911965370178223
        },
        "scale": {
          "x": 1.0,
          "y": 1.0,
          "z": 1.0
        },
        "matrix_basis": [
          [
            0.9758739471435547,
            -0.21742494404315948,
            -0.019910329952836037,
            0.0
          ],
          [
            0.2163020670413971,
            0.9751750230789185,
            -0.047403484582901,
            0.0
          ],
          [
            0.029722755774855614,
            0.041953179985284805,
            0.9986773729324341,
            0.0
          ],
          [
            0.0,
            0.0,
            0.0,
            1.0
          ]
        ],
        "rotation_mode": "QUATERNION"
      },
      "armature_space": {
        "head": {
          "x": -0.06367189437150955,
          "y": -0.12216173857450485,
          "z": 0.5432688593864441
        },
        "tail": {
          "x": -0.09885352849960327,
          "y": -0.1752791404724121,
          "z": 0.6235901117324829
        }
      },
      "world_space": {
        "head": {
          "x": -0.06367189437150955,
          "y": -0.05891773849725723,
          "z": 1.4931228160858154
        },
        "tail": {
          "x": -0.09885352849960327,
          "y": -0.11203514039516449,
          "z": 1.573444128036499
        },
        "rotation_quaternion": {
          "w": 0.46143582463264465,
          "x": 0.8694074749946594,
          "y": -0.16739602386951447,
          "z": 0.05644668638706207
        },
        "matrix": [
          [
            0.9375845193862915,
            -0.3431640565395355,
            -0.0563359409570694,
            -0.06367189437150955
          ],
          [
            -0.238978773355484,
            -0.5181107521057129,
            -0.8212494850158691,
            -0.05891773849725723
          ],
          [
            0.25263655185699463,
            0.7834587693214417,
            -0.5677861571311951,
            1.4931228160858154
          ],
          [
            0.0,
            0.0,
            0.0,
            1.0
          ]
        ]
      },
      "bone_length_armature_space": 0.10252174901116909,
      "parent": "spine_01",
      "has_children": true,
      "is_end_bone": false
    },
    "head": {
      "name": "head",
      "local": {
        "location": {
          "x": 0.0,
          "y": 0.0,
          "z": 0.0
        },
        "rotation_quaternion": {
          "w": 0.9805407524108887,
          "x": 0.0035993142519146204,
          "y": -0.03834868595004082,
          "z": 0.19249996542930603
        },
        "scale": {
          "x": 1.0,
          "y": 1.0,
          "z": 1.0
        },
        "matrix_basis": [
          [
            0.9229462742805481,
            -0.37778419256210327,
            -0.07381916046142578,
            0.0
          ],
          [
            0.37723207473754883,
            0.9258615970611572,
            -0.021822789683938026,
            0.0
          ],
          [
            0.0765906348824501,
            -0.007705692667514086,
            0.9970328211784363,
            0.0
          ],
          [
            0.0,
            0.0,
            0.0,
            1.0
          ]
        ],
        "rotation_mode": "QUATERNION"
      },
      "armature_space": {
        "head": {
          "x": -0.09885351359844208,
          "y": -0.17527922987937927,
          "z": 0.6235899925231934
        },
        "tail": {
          "x": -0.19663402438163757,
          "y": -0.18667791783809662,
          "z": 0.7434324622154236
        }
      },
      "world_space": {
        "head": {
          "x": -0.09885351359844208,
          "y": -0.11203522980213165,
          "z": 1.5734440088272095
        },
        "tail": {
          "x": -0.19663402438163757,
          "y": -0.123433917760849,
          "z": 1.693286418914795
        },
        "rotation_quaternion": {
          "w": 0.5871431231498718,
          "x": 0.7239541411399841,
          "y": -0.3442586660385132,
          "z": 0.11242539435625076
        },
        "matrix": [
          [
            0.7376918196678162,
            -0.6304751038551331,
            -0.24147912859916687,
            -0.09885351359844208
          ],
          [
            -0.3664381504058838,
            -0.07349710166454315,
            -0.9275351166725159,
            -0.11203522980213165
          ],
          [
            0.5670433640480042,
            0.7727275490760803,
            -0.28525102138519287,
            1.5734440088272095
          ],
          [
            0.0,
            0.0,
            0.0,
            1.0
          ]
        ]
      },
      "bone_length_armature_space": 0.1550908646017071,
      "parent": "neck_01",
      "has_children": false,
      "is_end_bone": true
    },
    "upperarm_l": {
      "name": "upperarm_l",
      "local": {
        "location": {
          "x": 0.0,
          "y": 0.0,
          "z": 0.0
        },
        "rotation_quaternion": {
          "w": 0.9503142833709717,
          "x": -0.0907244011759758,
          "y": -0.15435954928398132,
          "z": -0.2546467185020447
        },
        "scale": {
          "x": 1.0,
          "y": 1.0,
          "z": 1.0
        },
        "matrix_basis": [
          [
            0.8226563334465027,
            0.5119971632957458,
            -0.24717482924461365,
            0.0
          ],
          [
            -0.45598047971725464,
            0.8538482785224915,
            0.25104770064353943,
            0.0
          ],
          [
            0.3395855128765106,
            -0.09381908178329468,
            0.935884416103363,
            0.0
          ],
          [
            0.0,
            0.0,
            0.0,
            1.0
          ]
        ],
        "rotation_mode": "QUATERNION"
      },
      "armature_space": {
        "head": {
          "x": 0.09164831787347794,
          "y": -0.13018156588077545,
          "z": 0.48999208211898804
        },
        "tail": {
          "x": 0.33199676871299744,
          "y": -0.09439091384410858,
          "z": 0.37703442573547363
        }
      },
      "world_space": {
        "head": {
          "x": 0.09164831787347794,
          "y": -0.06693756580352783,
          "z": 1.4398460388183594
        },
        "tail": {
          "x": 0.33199676871299744,
          "y": -0.031146913766860962,
          "z": 1.3268884420394897
        },
        "rotation_quaternion": {
          "w": 0.4523337781429291,
          "x": 0.30797284841537476,
          "y": 0.6018106937408447,
          "z": -0.5816964507102966
        },
        "matrix": [
          [
            -0.40109312534332275,
            0.8969249129295349,
            0.1861451417207718,
            0.09164831787347794
          ],
          [
            -0.15556246042251587,
            0.13356246054172516,
            -0.9787552356719971,
            -0.06693756580352783
          ],
          [
            -0.9027382135391235,
            -0.42153194546699524,
            0.08595654368400574,
            1.4398460388183594
          ],
          [
            0.0,
            0.0,
            0.0,
            1.0
          ]
        ]
      },
      "bone_length_armature_space": 0.2679697426587812,
      "parent": "spine_01",
      "has_children": true,
      "is_end_bone": false
    },
    "lowerarm_l": {
      "name": "lowerarm_l",
      "local": {
        "location": {
          "x": 0.0,
          "y": 0.0,
          "z": 0.0
        },
        "rotation_quaternion": {
          "w": 0.9716283679008484,
          "x": 0.22897334396839142,
          "y": 0.040372032672166824,
          "z": 0.043356411159038544
        },
        "scale": {
          "x": 1.0,
          "y": 1.0,
          "z": 1.0
        },
        "matrix_basis": [
          [
            0.9929806590080261,
            -0.0657643973827362,
            0.09830814599990845,
            0.0
          ],
          [
            0.10274087637662888,
            0.8913828730583191,
            -0.441453218460083,
            0.0
          ],
          [
            -0.05859829857945442,
            0.44845476746559143,
            0.891882598400116,
            0.0
          ],
          [
            0.0,
            0.0,
            0.0,
            1.0
          ]
        ],
        "rotation_mode": "QUATERNION"
      },
      "armature_space": {
        "head": {
          "x": 0.3319969177246094,
          "y": -0.09439092874526978,
          "z": 0.3770344853401184
        },
        "tail": {
          "x": 0.5766053199768066,
          "y": -0.19696062803268433,
          "z": 0.3421696424484253
        }
      },
      "world_space": {
        "head": {
          "x": 0.3319969177246094,
          "y": -0.031146928668022156,
          "z": 1.3268885612487793
        },
        "tail": {
          "x": 0.5766053199768066,
          "y": -0.1337166279554367,
          "z": 1.2920236587524414
        },
        "rotation_quaternion": {
          "w": 0.41282400488853455,
          "x": 0.4633618891239166,
          "y": 0.3713149130344391,
          "z": -0.6906500458717346
        },
        "matrix": [
          [
            -0.2297438383102417,
            0.9143401980400085,
            -0.33346590399742126,
            0.3319969177246094
          ],
          [
            -0.2261287420988083,
            -0.3834030330181122,
            -0.8954710364341736,
            -0.031146928668022156
          ],
          [
            -0.9466237425804138,
            -0.1303238868713379,
            0.29484429955482483,
            1.3268885612487793
          ],
          [
            0.0,
            0.0,
            0.0,
            1.0
          ]
        ]
      },
      "bone_length_armature_space": 0.26752452178560504,
      "parent": "upperarm_l",
      "has_children": true,
      "is_end_bone": false
    },
    "metacarpal_thumb_l": {
      "name": "metacarpal_thumb_l",
      "local": {
        "location": {
          "x": 0.0,
          "y": 0.0,
          "z": 0.0
        },
        "rotation_quaternion": {
          "w": 0.9996076226234436,
          "x": -0.026411259546875954,
          "y": -0.0086392005905509,
          "z": -0.003517339238896966
        },
        "scale": {
          "x": 1.0,
          "y": 1.0,
          "z": 1.0
        },
        "matrix_basis": [
          [
            0.9998260140419006,
            0.007488262373954058,
            -0.01708582602441311,
            0.0
          ],
          [
            -0.006575573701411486,
            0.9985801577568054,
            0.05286256596446037,
            0.0
          ],
          [
            0.017457416281104088,
            -0.05274101719260216,
            0.9984556436538696,
            0.0
          ],
          [
            0.0,
            0.0,
            0.0,
            1.0
          ]
        ],
        "rotation_mode": "QUATERNION"
      },
      "armature_space": {
        "head": {
          "x": 0.5766053199768066,
          "y": -0.19696062803268433,
          "z": 0.3421696424484253
        },
        "tail": {
          "x": 0.6017587184906006,
          "y": -0.2395414412021637,
          "z": 0.3393828272819519
        }
      },
      "world_space": {
        "head": {
          "x": 0.5766053199768066,
          "y": -0.1337166279554367,
          "z": 1.2920236587524414
        },
        "tail": {
          "x": 0.6017587184906006,
          "y": -0.17629744112491608,
          "z": 1.2892367839813232
        },
        "rotation_quaternion": {
          "w": 0.02670164778828621,
          "x": 0.9428229331970215,
          "y": 0.26357170939445496,
          "z": -0.20224224030971527
        },
        "matrix": [
          [
            0.779255747795105,
            0.5078036189079285,
            -0.3672814667224884,
            0.5766053199768066
          ],
          [
            0.48620256781578064,
            -0.8596338629722595,
            -0.15696164965629578,
            -0.1337166279554367
          ],
          [
            -0.3954355716705322,
            -0.05626099929213524,
            -0.9167766571044922,
            1.2920236587524414
          ],
          [
            0.0,
            0.0,
            0.0,
            1.0
          ]
        ]
      },
      "bone_length_armature_space": 0.04953368032323379,
      "parent": "lowerarm_l",
      "has_children": true,
      "is_end_bone": false
    },
    "thumb_01_l": {
      "name": "thumb_01_l",
      "local": {
        "location": {
          "x": 0.0,
          "y": 0.0,
          "z": 0.0
        },
        "rotation_quaternion": {
          "w": 0.9533360600471497,
          "x": 0.30189624428749084,
          "y": 0.0004939576610922813,
          "z": -0.0029694577679038048
        },
        "scale": {
          "x": 1.0,
          "y": 1.0,
          "z": 1.0
        },
        "matrix_basis": [
          [
            0.9999818801879883,
            0.005960030481219292,
            -0.0008511209744028747,
            0.0
          ],
          [
            -0.005363534204661846,
            0.817699670791626,
            -0.5756201148033142,
            0.0
          ],
          [
            -0.0027347516734153032,
            0.5756142139434814,
            0.8177168369293213,
            0.0
          ],
          [
            0.0,
            0.0,
            0.0,
            1.0
          ]
        ],
        "rotation_mode": "QUATERNION"
      },
      "armature_space": {
        "head": {
          "x": 0.6017587184906006,
          "y": -0.2395414412021637,
          "z": 0.3393828272819519
        },
        "tail": {
          "x": 0.6163672804832458,
          "y": -0.2525438070297241,
          "z": 0.31152307987213135
        }
      },
      "world_space": {
        "head": {
          "x": 0.6017587184906006,
          "y": -0.17629744112491608,
          "z": 1.2892367839813232
        },
        "tail": {
          "x": 0.6163672804832458,
          "y": -0.1892998069524765,
          "z": 1.2613770961761475
        },
        "rotation_quaternion": {
          "w": 0.5545944571495056,
          "x": -0.7082090973854065,
          "y": 0.037832051515579224,
          "z": -0.43523985147476196
        },
        "matrix": [
          [
            0.6182715892791748,
            0.42917588353157043,
            0.6584436297416687,
            0.6017587184906006
          ],
          [
            -0.536346971988678,
            -0.38198941946029663,
            0.7526063919067383,
            -0.17629744112491608
          ],
          [
            0.5745225548744202,
            -0.8184754848480225,
            -0.0059853196144104,
            1.2892367839813232
          ],
          [
            0.0,
            0.0,
            0.0,
            1.0
          ]
        ]
      },
      "bone_length_armature_space": 0.034038758953217174,
      "parent": "metacarpal_thumb_l",
      "has_children": true,
      "is_end_bone": false
    },
    "thumb_02_l": {
      "name": "thumb_02_l",
      "local": {
        "location": {
          "x": 0.0,
          "y": 0.0,
          "z": 0.0
        },
        "rotation_quaternion": {
          "w": 0.9049928188323975,
          "x": 0.4253590404987335,
          "y": -0.002961054677143693,
          "z": 0.007007706444710493
        },
        "scale": {
          "x": 1.0,
          "y": 1.0,
          "z": 1.0
        },
        "matrix_basis": [
          [
            0.9998842477798462,
            -0.015202870592474937,
            0.0006021161680109799,
            0.0
          ],
          [
            0.01016482524573803,
            0.6380411386489868,
            -0.7699352502822876,
            0.0
          ],
          [
            0.011321049183607101,
            0.7698522806167603,
            0.6381218433380127,
            0.0
          ],
          [
            0.0,
            0.0,
            0.0,
            1.0
          ]
        ],
        "rotation_mode": "QUATERNION"
      },
      "armature_space": {
        "head": {
          "x": 0.6163671612739563,
          "y": -0.2525438368320465,
          "z": 0.31152307987213135
        },
        "tail": {
          "x": 0.6441667675971985,
          "y": -0.23839712142944336,
          "z": 0.3368260860443115
        }
      },
      "world_space": {
        "head": {
          "x": 0.6163671612739563,
          "y": -0.1892998367547989,
          "z": 1.2613770961761475
        },
        "tail": {
          "x": 0.6441667675971985,
          "y": -0.17515312135219574,
          "z": 1.2866801023483276
        },
        "rotation_quaternion": {
          "w": 0.690120279788971,
          "x": 0.09269721060991287,
          "y": -0.4470404088497162,
          "z": -0.5615124106407166
        },
        "matrix": [
          [
            -0.030285168439149857,
            0.6921452879905701,
            -0.7211223244667053,
            0.6163671612739563
          ],
          [
            -0.8579006791114807,
            0.35222017765045166,
            0.3740960955619812,
            -0.1892998367547989
          ],
          [
            0.512925386428833,
            0.6299857497215271,
            0.5831292867660522,
            1.2613770961761475
          ],
          [
            0.0,
            0.0,
            0.0,
            1.0
          ]
        ]
      },
      "bone_length_armature_space": 0.04016453393778847,
      "parent": "thumb_01_l",
      "has_children": true,
      "is_end_bone": false
    },
    "thumb_03_l": {
      "name": "thumb_03_l",
      "local": {
        "location": {
          "x": 0.0,
          "y": 0.0,
          "z": 0.0
        },
        "rotation_quaternion": {
          "w": 0.9877142906188965,
          "x": 0.15612463653087616,
          "y": -0.0052007329650223255,
          "z": 0.004305859096348286
        },
        "scale": {
          "x": 1.0,
          "y": 1.0,
          "z": 1.0
        },
        "matrix_basis": [
          [
            0.9999088048934937,
            -0.010129841975867748,
            -0.008929175324738026,
            0.0
          ],
          [
            0.006881991866976023,
            0.9512131214141846,
            -0.3084578514099121,
            0.0
          ],
          [
            0.011618178337812424,
            0.3083682954311371,
            0.9511960744857788,
            0.0
          ],
          [
            0.0,
            0.0,
            0.0,
            1.0
          ]
        ],
        "rotation_mode": "QUATERNION"
      },
      "armature_space": {
        "head": {
          "x": 0.6441667675971985,
          "y": -0.23839721083641052,
          "z": 0.33682605624198914
        },
        "tail": {
          "x": 0.6500946283340454,
          "y": -0.22210295498371124,
          "z": 0.36185121536254883
        }
      },
      "world_space": {
        "head": {
          "x": 0.6441667675971985,
          "y": -0.1751532107591629,
          "z": 1.2866801023483276
        },
        "tail": {
          "x": 0.6500946283340454,
          "y": -0.15885895490646362,
          "z": 1.311705231666565
        },
        "rotation_quaternion": {
          "w": 0.7547482848167419,
          "x": 0.3476771414279938,
          "y": -0.44492408633232117,
          "z": -0.3339434862136841
        },
        "matrix": [
          [
            0.3810485899448395,
            0.19470863044261932,
            -0.9038197994232178,
            0.6441667675971985
          ],
          [
            -0.8134666085243225,
            0.5352051854133606,
            -0.2276575118303299,
            -0.1751532107591629
          ],
          [
            0.4394044578075409,
            0.8219822645187378,
            0.36233043670654297,
            1.2866801023483276
          ],
          [
            0.0,
            0.0,
            0.0,
            1.0
          ]
        ]
      },
      "bone_length_armature_space": 0.030445047554629588,
      "parent": "thumb_02_l",
      "has_children": false,
      "is_end_bone": true
    },
    "metacarpal_index_l": {
      "name": "metacarpal_index_l",
      "local": {
        "location": {
          "x": 0.0,
          "y": 0.0,
          "z": 0.0
        },
        "rotation_quaternion": {
          "w": 0.9986193180084229,
          "x": -0.047962918877601624,
          "y": 0.0034418650902807713,
          "z": 0.02114732936024666
        },
        "scale": {
          "x": 1.0,
          "y": 1.0,
          "z": 1.0
        },
        "matrix_basis": [
          [
            0.9990819096565247,
            -0.04256642609834671,
            0.004845650866627693,
            0.0
          ],
          [
            0.041906099766492844,
            0.9945046901702881,
            0.09593896567821503,
            0.0
          ],
          [
            -0.00890280120074749,
            -0.09564781934022903,
            0.995375394821167,
            0.0
          ],
          [
            0.0,
            0.0,
            0.0,
            1.0
          ]
        ],
        "rotation_mode": "QUATERNION"
      },
      "armature_space": {
        "head": {
          "x": 0.5766053199768066,
          "y": -0.19696062803268433,
          "z": 0.3421696424484253
        },
        "tail": {
          "x": 0.669435441493988,
          "y": -0.26845037937164307,
          "z": 0.3431699872016907
        }
      },
      "world_space": {
        "head": {
          "x": 0.5766053199768066,
          "y": -0.1337166279554367,
          "z": 1.2920236587524414
        },
        "tail": {
          "x": 0.669435441493988,
          "y": -0.20520637929439545,
          "z": 1.2930240631103516
        },
        "rotation_quaternion": {
          "w": 0.2039739340543747,
          "x": 0.8001831769943237,
          "y": 0.39157363772392273,
          "z": -0.4059206545352936
        },
        "matrix": [
          [
            0.36379602551460266,
            0.7922568917274475,
            -0.48987877368927,
            0.5766053199768066
          ],
          [
            0.4610670804977417,
            -0.6101280450820923,
            -0.6443301439285278,
            -0.1337166279554367
          ],
          [
            -0.8093690276145935,
            0.008537385612726212,
            -0.5872504115104675,
            1.2920236587524414
          ],
          [
            0.0,
            0.0,
            0.0,
            1.0
          ]
        ]
      },
      "bone_length_armature_space": 0.11717174138885096,
      "parent": "lowerarm_l",
      "has_children": true,
      "is_end_bone": false
    },
    "index_01_l": {
      "name": "index_01_l",
      "local": {
        "location": {
          "x": 0.0,
          "y": 0.0,
          "z": 0.0
        },
        "rotation_quaternion": {
          "w": 0.9451187252998352,
          "x": 0.3261451721191406,
          "y": 0.010524782352149487,
          "z": 0.016413714736700058
        },
        "scale": {
          "x": 1.0,
          "y": 1.0,
          "z": 1.0
        },
        "matrix_basis": [
          [
            0.9992396235466003,
            -0.024160604923963547,
            0.03060084581375122,
            0.0
          ],
          [
            0.03789103403687477,
            0.7867198586463928,
            -0.6161463260650635,
            0.0
          ],
          [
            -0.009187829680740833,
            0.6168373227119446,
            0.7870371341705322,
            0.0
          ],
          [
            0.0,
            0.0,
            0.0,
            1.0
          ]
        ],
        "rotation_mode": "QUATERNION"
      },
      "armature_space": {
        "head": {
          "x": 0.669435441493988,
          "y": -0.26845037937164307,
          "z": 0.3431699872016907
        },
        "tail": {
          "x": 0.6836853623390198,
          "y": -0.28821372985839844,
          "z": 0.32835710048675537
        }
      },
      "world_space": {
        "head": {
          "x": 0.669435441493988,
          "y": -0.20520637929439545,
          "z": 1.2930240631103516
        },
        "tail": {
          "x": 0.6836853623390198,
          "y": -0.22496972978115082,
          "z": 1.2782111167907715
        },
        "rotation_quaternion": {
          "w": 0.0667342022061348,
          "x": -0.7415120005607605,
          "y": -0.3859986662864685,
          "z": 0.544712245464325
        },
        "matrix": [
          [
            0.10858611762523651,
            0.4997462034225464,
            -0.8593385219573975,
            0.669435441493988
          ],
          [
            0.6451475620269775,
            -0.6931018829345703,
            -0.32155072689056396,
            -0.20520637929439545
          ],
          [
            -0.7563075423240662,
            -0.5194883346557617,
            -0.3976743519306183,
            1.2930240631103516
          ],
          [
            0.0,
            0.0,
            0.0,
            1.0
          ]
        ]
      },
      "bone_length_armature_space": 0.028514415265413574,
      "parent": "metacarpal_index_l",
      "has_children": true,
      "is_end_bone": false
    },
    "index_02_l": {
      "name": "index_02_l",
      "local": {
        "location": {
          "x": 0.0,
          "y": 0.0,
          "z": 0.0
        },
        "rotation_quaternion": {
          "w": 0.8839265704154968,
          "x": 0.4675528407096863,
          "y": 0.0038259956054389477,
          "z": -0.00731892604380846
        },
        "scale": {
          "x": 1.0,
          "y": 1.0,
          "z": 1.0
        },
        "matrix_basis": [
          [
            0.9998635649681091,
            0.01651649735867977,
            -8.017097570700571e-05,
            0.0
          ],
          [
            -0.009361076168715954,
            0.5626815557479858,
            -0.8266207575798035,
            0.0
          ],
          [
            -0.013607767410576344,
            0.8265087604522705,
            0.5627593994140625,
            0.0
          ],
          [
            0.0,
            0.0,
            0.0,
            1.0
          ]
        ],
        "rotation_mode": "QUATERNION"
      },
      "armature_space": {
        "head": {
          "x": 0.6836852431297302,
          "y": -0.28821423649787903,
          "z": 0.3283569812774658
        },
        "tail": {
          "x": 0.6734522581100464,
          "y": -0.30570876598358154,
          "z": 0.3126305043697357
        }
      },
      "world_space": {
        "head": {
          "x": 0.6836852431297302,
          "y": -0.2249702364206314,
          "z": 1.278210997581482
        },
        "tail": {
          "x": 0.6734522581100464,
          "y": -0.24246476590633392,
          "z": 1.2624845504760742
        },
        "rotation_quaternion": {
          "w": 0.38492828607559204,
          "x": -0.611331045627594,
          "y": -0.10415925085544586,
          "z": 0.683560848236084
        },
        "matrix": [
          [
            0.043791308999061584,
            -0.3988955616950989,
            -0.9159501194953918,
            0.6836852431297302
          ],
          [
            0.6535956859588623,
            -0.6819607615470886,
            0.3282415568828583,
            -0.2249702364206314
          ],
          [
            -0.7555807828903198,
            -0.6130400896072388,
            0.23085428774356842,
            1.278210997581482
          ],
          [
            0.0,
            0.0,
            0.0,
            1.0
          ]
        ]
      },
      "bone_length_armature_space": 0.025653354966370653,
      "parent": "index_01_l",
      "has_children": true,
      "is_end_bone": false
    },
    "index_03_l": {
      "name": "index_03_l",
      "local": {
        "location": {
          "x": 0.0,
          "y": 0.0,
          "z": 0.0
        },
        "rotation_quaternion": {
          "w": 0.9201146364212036,
          "x": 0.39153748750686646,
          "y": 0.002894221106544137,
          "z": 0.008896204642951488
        },
        "scale": {
          "x": 1.0,
          "y": 1.0,
          "z": 1.0
        },
        "matrix_basis": [
          [
            0.9998249411582947,
            -0.014104664325714111,
            0.012292426079511642,
            0.0
          ],
          [
            0.01863744854927063,
            0.6932384967803955,
            -0.7204672694206238,
            0.0
          ],
          [
            0.001640364876948297,
            0.7205702662467957,
            0.6933800578117371,
            0.0
          ],
          [
            0.0,
            0.0,
            0.0,
            1.0
          ]
        ],
        "rotation_mode": "QUATERNION"
      },
      "armature_space": {
        "head": {
          "x": 0.6734523773193359,
          "y": -0.3057088255882263,
          "z": 0.3126305043697357
        },
        "tail": {
          "x": 0.6455230116844177,
          "y": -0.3087642788887024,
          "z": 0.30460888147354126
        }
      },
      "world_space": {
        "head": {
          "x": 0.6734523773193359,
          "y": -0.2424648255109787,
          "z": 1.2624845504760742
        },
        "tail": {
          "x": 0.6455230116844177,
          "y": -0.24552027881145477,
          "z": 1.2544629573822021
        },
        "rotation_quaternion": {
          "w": 0.6440257430076599,
          "x": -0.39121949672698975,
          "y": 0.1815117597579956,
          "z": 0.6318479776382446
        },
        "matrix": [
          [
            0.13564150035381317,
            -0.9558738470077515,
            -0.2605888247489929,
            0.6734523773193359
          ],
          [
            0.6718318462371826,
            -0.10457196831703186,
            0.7332850098609924,
            -0.2424648255109787
          ],
          [
            -0.7281826734542847,
            -0.2745378315448761,
            0.6280072927474976,
            1.2624845504760742
          ],
          [
            0.0,
            0.0,
            0.0,
            1.0
          ]
        ]
      },
      "bone_length_armature_space": 0.029218687697715455,
      "parent": "index_02_l",
      "has_children": false,
      "is_end_bone": true
    },
    "metacarpal_pinky_l": {
      "name": "metacarpal_pinky_l",
      "local": {
        "location": {
          "x": 0.0,
          "y": 0.0,
          "z": 0.0
        },
        "rotation_quaternion": {
          "w": 0.9984439611434937,
          "x": -0.051742155104875565,
          "y": -0.0034484579227864742,
          "z": -0.020509006455540657
        },
        "scale": {
          "x": 1.0,
          "y": 1.0,
          "z": 1.0
        },
        "matrix_basis": [
          [
            0.9991349577903748,
            0.04131104797124863,
            -0.004763823468238115,
            0.0
          ],
          [
            -0.040597327053546906,
            0.9938042759895325,
            0.10346473008394241,
            0.0
          ],
          [
            0.009008544497191906,
            -0.10318183898925781,
            0.9946216940879822,
            0.0
          ],
          [
            0.0,
            0.0,
            0.0,
            1.0
          ]
        ],
        "rotation_mode": "QUATERNION"
      },
      "armature_space": {
        "head": {
          "x": 0.5766053199768066,
          "y": -0.19696062803268433,
          "z": 0.3421696424484253
        },
        "tail": {
          "x": 0.6743561029434204,
          "y": -0.21056298911571503,
          "z": 0.30895841121673584
        }
      },
      "world_space": {
        "head": {
          "x": 0.5766053199768066,
          "y": -0.1337166279554367,
          "z": 1.2920236587524414
        },
        "tail": {
          "x": 0.6743561029434204,
          "y": -0.1473189890384674,
          "z": 1.258812427520752
        },
        "rotation_quaternion": {
          "w": 0.6477106213569641,
          "x": -0.10468064248561859,
          "y": 0.12311418354511261,
          "z": -0.744550883769989
        },
        "matrix": [
          [
            -0.1390250325202942,
            0.93873131275177,
            0.31536543369293213,
            0.5766053199768066
          ],
          [
            -0.9902824759483337,
            -0.13062772154808044,
            -0.047721780836582184,
            -0.1337166279554367
          ],
          [
            -0.0036033280193805695,
            -0.31893762946128845,
            0.9477762579917908,
            1.2920236587524414
          ],
          [
            0.0,
            0.0,
            0.0,
            1.0
          ]
        ]
      },
      "bone_length_armature_space": 0.10413081246222669,
      "parent": "lowerarm_l",
      "has_children": true,
      "is_end_bone": false
    },
    "pinky_01_l": {
      "name": "pinky_01_l",
      "local": {
        "location": {
          "x": 0.0,
          "y": 0.0,
          "z": 0.0
        },
        "rotation_quaternion": {
          "w": 0.9531852006912231,
          "x": 0.301609605550766,
          "y": -0.013069786131381989,
          "z": -0.01729171723127365
        },
        "scale": {
          "x": 1.0,
          "y": 1.0,
          "z": 1.0
        },
        "matrix_basis": [
          [
            0.999060332775116,
            0.025080472230911255,
            -0.03534654900431633,
            0.0
          ],
          [
            -0.04084836319088936,
            0.8174653053283691,
            -0.5745276212692261,
            0.0
          ],
          [
            0.01448515709489584,
            0.5754316449165344,
            0.8177216649055481,
            0.0
          ],
          [
            0.0,
            0.0,
            0.0,
            1.0
          ]
        ],
        "rotation_mode": "QUATERNION"
      },
      "armature_space": {
        "head": {
          "x": 0.6743561029434204,
          "y": -0.21056298911571503,
          "z": 0.30895841121673584
        },
        "tail": {
