{
  "metadata": {
    "armature_name": "KIM_caucasian_male",
    "export_time": "2026-01-13T19:12:16.776323",
    "blender_version": "4.4.1",
    "bone_count": 56,
    "end_bone_count": 13,
    "spaces_included": [
      "LOCAL_CHANNELS",
      "ARMATURE_SPACE",
      "WORLD_SPACE"
    ],
    "note": "LOCAL matches Transform panel; replay pose via local.matrix_basis for best fidelity."
  },
  "bones": {
    "Root": {
      "name": "Root",
      "local": {
        "location": {
          "x": 0.0,
          "y": 0.0,
          "z": 0.0
        },
        "rotation_quaternion": {
          "w": 0.9993905425071716,
          "x": 0.015161633491516113,
          "y": -0.01174885779619217,
          "z": -0.0291676614433527
        },
        "scale": {
          "x": 1.0,
          "y": 1.0,
          "z": 1.0
        },
        "matrix_basis": [
          [
            0.9980224370956421,
            0.05794350802898407,
            -0.02436785399913788,
            0.0
          ],
          [
            -0.058656033128499985,
            0.9978387355804443,
            -0.029619412496685982,
            0.0
          ],
          [
            0.022598935291171074,
            0.030990159139037132,
            0.9992641806602478,
            0.0
          ],
          [
            0.0,
            0.0,
            0.0,
            1.0
          ]
        ],
        "rotation_mode": "QUATERNION"
      },
      "armature_space": {
        "head": {
          "x": 0.0,
          "y": 0.07072800397872925,
          "z": -0.009595036506652832
        },
        "tail": {
          "x": 0.00413576839491725,
          "y": -0.0001444891095161438,
          "z": -0.002212625928223133
        }
      },
      "world_space": {
        "head": {
          "x": 0.0,
          "y": 0.13397200405597687,
          "z": 0.9402589797973633
        },
        "tail": {
          "x": 0.00413576839491725,
          "y": 0.06309951096773148,
          "z": 0.9476413726806641
        },
        "rotation_quaternion": {
          "w": 0.052199412137269974,
          "x": 0.9981415867805481,
          "y": 0.028309911489486694,
          "z": -0.01368713192641735
        },
        "matrix": [
          [
            0.9980224370956421,
            0.05794350802898407,
            -0.02436785399913788,
            0.0
          ],
          [
            0.05508565530180931,
            -0.992947518825531,
            -0.1049802154302597,
            0.13397200405597687
          ],
          [
            -0.03027908131480217,
            0.10343006253242493,
            -0.9941827654838562,
            0.9402589797973633
          ],
          [
            0.0,
            0.0,
            0.0,
            1.0
          ]
        ]
      },
      "bone_length_armature_space": 0.07137587119427082,
      "parent": null,
      "has_children": true,
      "is_end_bone": false
    },
    "spine_01": {
      "name": "spine_01",
      "local": {
        "location": {
          "x": 0.0,
          "y": 0.0,
          "z": 0.0
        },
        "rotation_quaternion": {
          "w": 0.995966911315918,
          "x": 0.06557423621416092,
          "y": -0.05767672881484032,
          "z": 0.020577900111675262
        },
        "scale": {
          "x": 1.0,
          "y": 1.0,
          "z": 1.0
        },
        "matrix_basis": [
          [
            0.9924998879432678,
            -0.04855402931571007,
            -0.11218946427106857,
            0.0
          ],
          [
            0.033425599336624146,
            0.9905531406402588,
            -0.13299326598644257,
            0.0
          ],
          [
            0.11758698523044586,
            0.12824580073356628,
            0.9847468137741089,
            0.0
          ],
          [
            0.0,
            0.0,
            0.0,
            1.0
          ]
        ],
        "rotation_mode": "QUATERNION"
      },
      "armature_space": {
        "head": {
          "x": 0.00413576839491725,
          "y": -0.0001444891095161438,
          "z": -0.002212625928223133
        },
        "tail": {
          "x": -0.0018361769616603851,
          "y": -0.05560322105884552,
          "z": 0.4825936555862427
        }
      },
      "world_space": {
        "head": {
          "x": 0.00413576839491725,
          "y": 0.06309951096773148,
          "z": 0.9476413726806641
        },
        "tail": {
          "x": -0.0018361769616603851,
          "y": 0.0076407790184021,
          "z": 1.4324476718902588
        },
        "rotation_quaternion": {
          "w": 0.6652488708496094,
          "x": 0.7459697127342224,
          "y": -0.024927353486418724,
          "z": -0.01875431090593338
        },
        "matrix": [
          [
            0.9980538487434387,
            -0.012237561866641045,
            -0.06114613264799118,
            0.00413576839491725
          ],
          [
            -0.06214272230863571,
            -0.11364465951919556,
            -0.9915761351585388,
            0.06309951096773148
          ],
          [
            0.005185524467378855,
            0.9934529662132263,
            -0.11418569087982178,
            0.9476413726806641
          ],
          [
            0.0,
            0.0,
            0.0,
            1.0
          ]
        ]
      },
      "bone_length_armature_space": 0.4880045627299303,
      "parent": "Root",
      "has_children": true,
      "is_end_bone": false
    },
    "neck_01": {
      "name": "neck_01",
      "local": {
        "location": {
          "x": 0.0,
          "y": 0.0,
          "z": 0.0
        },
        "rotation_quaternion": {
          "w": 0.9971330165863037,
          "x": -0.039155323058366776,
          "y": 0.06366268545389175,
          "z": 0.011817140504717827
        },
        "scale": {
          "x": 1.0,
          "y": 1.0,
          "z": 1.0
        },
        "matrix_basis": [
          [
            0.991614818572998,
            -0.028551988303661346,
            0.1260349303483963,
            0.0
          ],
          [
            0.018581055104732513,
            0.9966544508934021,
            0.07959075272083282,
            0.0
          ],
          [
            -0.12788574397563934,
            -0.07658150792121887,
            0.9888278245925903,
            0.0
          ],
          [
            0.0,
            0.0,
            0.0,
            1.0
          ]
        ],
        "rotation_mode": "QUATERNION"
      },
      "armature_space": {
        "head": {
          "x": -0.00485276710242033,
          "y": -0.09831240773200989,
          "z": 0.5513727068901062
        },
        "tail": {
          "x": -0.010882964357733727,
          "y": -0.14049653708934784,
          "z": 0.6446190476417542
        }
      },
      "world_space": {
        "head": {
          "x": -0.00485276710242033,
          "y": -0.03506840765476227,
          "z": 1.5012266635894775
        },
        "tail": {
          "x": -0.010882964357733727,
          "y": -0.07725253701210022,
          "z": 1.594473123550415
        },
        "rotation_quaternion": {
          "w": 0.5424333214759827,
          "x": 0.8388519883155823,
          "y": -0.0057036541402339935,
          "z": 0.04539717733860016
        },
        "matrix": [
          [
            0.995813250541687,
            -0.05881894752383232,
            0.06997495889663696,
            -0.00485276710242033
          ],
          [
            0.039680540561676025,
            -0.4114668071269989,
            -0.910560667514801,
            -0.03506840765476227
          ],
          [
            0.0823512151837349,
            0.9095308184623718,
            -0.4074138402938843,
            1.5012266635894775
          ],
          [
            0.0,
            0.0,
            0.0,
            1.0
          ]
        ]
      },
      "bone_length_armature_space": 0.10252191830971037,
      "parent": "spine_01",
      "has_children": true,
      "is_end_bone": false
    },
    "head": {
      "name": "head",
      "local": {
        "location": {
          "x": 0.0,
          "y": 0.0,
          "z": 0.0
        },
        "rotation_quaternion": {
          "w": 0.9879074096679688,
          "x": -0.09793813526630402,
          "y": -0.0996391624212265,
          "z": 0.06722559034824371
        },
        "scale": {
          "x": 1.0,
          "y": 1.0,
          "z": 1.0
        },
        "matrix_basis": [
          [
            0.9711055159568787,
            -0.1133083701133728,
            -0.21003642678260803,
            0.0
          ],
          [
            0.15234225988388062,
            0.9717776775360107,
            0.18011102080345154,
            0.0
          ],
          [
            0.18370063602924347,
            -0.20690421760082245,
            0.960960328578949,
            0.0
          ],
          [
            0.0,
            0.0,
            0.0,
            1.0
          ]
        ],
        "rotation_mode": "QUATERNION"
      },
      "armature_space": {
        "head": {
          "x": -0.010882948525249958,
          "y": -0.1404966413974762,
          "z": 0.6446188688278198
        },
        "tail": {
          "x": -0.04187101870775223,
          "y": -0.11733432859182358,
          "z": 0.7948072552680969
        }
      },
      "world_space": {
        "head": {
          "x": -0.010882948525249958,
          "y": -0.07725264132022858,
          "z": 1.594472885131836
        },
        "tail": {
          "x": -0.04187101870775223,
          "y": -0.05409032851457596,
          "z": 1.7446613311767578
        },
        "rotation_quaternion": {
          "w": 0.7456929683685303,
          "x": 0.6520055532455444,
          "y": -0.13643813133239746,
          "z": 0.014677589759230614
        },
        "matrix": [
          [
            0.9623387455940247,
            -0.19980674982070923,
            -0.18434099853038788,
            -0.010882948525249958
          ],
          [
            -0.15602554380893707,
            0.14934736490249634,
            -0.9763972759246826,
            -0.07725264132022858
          ],
          [
            0.22262299060821533,
            0.9683936238288879,
            0.1125476285815239,
            1.594472885131836
          ],
          [
            0.0,
            0.0,
            0.0,
            1.0
          ]
        ]
      },
      "bone_length_armature_space": 0.15509127669513978,
      "parent": "neck_01",
      "has_children": false,
      "is_end_bone": true
    },
    "upperarm_l": {
      "name": "upperarm_l",
      "local": {
        "location": {
          "x": 0.0,
          "y": 0.0,
          "z": 0.0
        },
        "rotation_quaternion": {
          "w": 0.9379607439041138,
          "x": 0.29367595911026,
          "y": 0.13790887594223022,
          "z": 0.12233314663171768
        },
        "scale": {
          "x": 1.0,
          "y": 1.0,
          "z": 1.0
        },
        "matrix_basis": [
          [
            0.932031512260437,
            -0.14848633110523224,
            0.3305588364601135,
            0.0
          ],
          [
            0.31048843264579773,
            0.7975780367851257,
            -0.5171713829040527,
            0.0
          ],
          [
            -0.18685361742973328,
            0.584654688835144,
            0.7894711494445801,
            0.0
          ],
          [
            0.0,
            0.0,
            0.0,
            1.0
          ]
        ],
        "rotation_mode": "QUATERNION"
      },
      "armature_space": {
        "head": {
          "x": 0.14548276364803314,
          "y": -0.10315828025341034,
          "z": 0.48501867055892944
        },
        "tail": {
          "x": 0.35602498054504395,
          "y": -0.26823773980140686,
          "z": 0.5001307129859924
        }
      },
      "world_space": {
        "head": {
          "x": 0.14548276364803314,
          "y": -0.03991428017616272,
          "z": 1.4348726272583008
        },
        "tail": {
          "x": 0.35602498054504395,
          "y": -0.20499373972415924,
          "z": 1.4499847888946533
        },
        "rotation_quaternion": {
          "w": 0.2547492980957031,
          "x": 0.7668921947479248,
          "y": 0.3564870059490204,
          "z": -0.4689309298992157
        },
        "matrix": [
          [
            0.3060409128665924,
            0.7856948375701904,
            -0.53760826587677,
            0.14548276364803314
          ],
          [
            0.3078547716140747,
            -0.6160383820533752,
            -0.725067138671875,
            -0.03991428017616272
          ],
          [
            -0.9008747935295105,
            0.05639473348855972,
            -0.430416464805603,
            1.4348726272583008
          ],
          [
            0.0,
            0.0,
            0.0,
            1.0
          ]
        ]
      },
      "bone_length_armature_space": 0.2679694553344587,
      "parent": "spine_01",
      "has_children": true,
      "is_end_bone": false
    },
    "lowerarm_l": {
      "name": "lowerarm_l",
      "local": {
        "location": {
          "x": 0.0,
          "y": 0.0,
          "z": 0.0
        },
        "rotation_quaternion": {
          "w": 0.8775038123130798,
          "x": 0.4720812439918518,
          "y": 0.07820793986320496,
          "z": -0.03177962824702263
        },
        "scale": {
          "x": 1.0,
          "y": 1.0,
          "z": 1.0
        },
        "matrix_basis": [
          [
            0.9857471585273743,
            0.12961448729038239,
            0.1072503998875618,
            0.0
          ],
          [
            0.018067512661218643,
            0.5522587299346924,
            -0.8334770202636719,
            0.0
          ],
          [
            -0.16726066172122955,
            0.8235353231430054,
            0.5420456528663635,
            0.0
          ],
          [
            0.0,
            0.0,
            0.0,
            1.0
          ]
        ],
        "rotation_mode": "QUATERNION"
      },
      "armature_space": {
        "head": {
          "x": 0.35602498054504395,
          "y": -0.2682378590106964,
          "z": 0.500130832195282
        },
        "tail": {
          "x": 0.32079169154167175,
          "y": -0.5176115036010742,
          "z": 0.4099038243293762
        }
      },
      "world_space": {
        "head": {
          "x": 0.35602498054504395,
          "y": -0.2049938589334488,
          "z": 1.4499847888946533
        },
        "tail": {
          "x": 0.32079169154167175,
          "y": -0.4543675184249878,
          "z": 1.359757900238037
        },
        "rotation_quaternion": {
          "w": 0.1795971691608429,
          "x": -0.8134582042694092,
          "y": -0.04085101932287216,
          "z": 0.5516899228096008
        },
        "matrix": [
          [
            0.38793936371803284,
            -0.13170120120048523,
            -0.9122269153594971,
            0.35602498054504395
          ],
          [
            0.2646249234676361,
            -0.9321526885032654,
            0.2471136748790741,
            -0.2049938589334488
          ],
          [
            -0.8828858137130737,
            -0.33726629614830017,
            -0.32676929235458374,
            1.4499847888946533
          ],
          [
            0.0,
            0.0,
            0.0,
            1.0
          ]
        ]
      },
      "bone_length_armature_space": 0.267524786361279,
      "parent": "upperarm_l",
      "has_children": true,
      "is_end_bone": false
    },
    "metacarpal_thumb_l": {
      "name": "metacarpal_thumb_l",
      "local": {
        "location": {
          "x": 0.0,
          "y": 0.0,
          "z": 0.0
        },
        "rotation_quaternion": {
          "w": 0.9998147487640381,
          "x": 0.005048844963312149,
          "y": -0.015143251046538353,
          "z": -0.010751726105809212
        },
        "scale": {
          "x": 1.0,
          "y": 1.0,
          "z": 1.0
        },
        "matrix_basis": [
          [
            0.9993101358413696,
            0.021346556022763252,
            -0.030389459803700447,
            0.0
          ],
          [
            -0.021652380004525185,
            0.9997178316116333,
            -0.009770187549293041,
            0.0
          ],
          [
            0.030172323808073997,
            0.010421451181173325,
            0.9994903802871704,
            0.0
          ],
          [
            0.0,
            0.0,
            0.0,
            1.0
          ]
        ],
        "rotation_mode": "QUATERNION"
      },
      "armature_space": {
        "head": {
          "x": 0.32079169154167175,
          "y": -0.5176115036010742,
          "z": 0.4099038243293762
        },
        "tail": {
          "x": 0.29355552792549133,
          "y": -0.5449525713920593,
          "z": 0.3788513243198395
        }
      },
      "world_space": {
        "head": {
          "x": 0.32079169154167175,
          "y": -0.4543675184249878,
          "z": 1.359757900238037
        },
        "tail": {
          "x": 0.29355552792549133,
          "y": -0.4817085862159729,
          "z": 1.3287053108215332
        },
        "rotation_quaternion": {
          "w": 0.3084399104118347,
          "x": -0.8721599578857422,
          "y": 0.3589988052845001,
          "z": -0.12378091365098953
        },
        "matrix": [
          [
            0.7115951776504517,
            -0.5498512983322144,
            0.43737390637397766,
            0.32079169154167175
          ],
          [
            -0.7025677561759949,
            -0.5519691109657288,
            0.4491422474384308,
            -0.4543675184249878
          ],
          [
            -0.005545234307646751,
            -0.6268970370292664,
            -0.7790914177894592,
            1.359757900238037
          ],
          [
            0.0,
            0.0,
            0.0,
            1.0
          ]
        ]
      },
      "bone_length_armature_space": 0.04953383033349778,
      "parent": "lowerarm_l",
      "has_children": true,
      "is_end_bone": false
    },
    "thumb_01_l": {
      "name": "thumb_01_l",
      "local": {
        "location": {
          "x": 0.0,
          "y": 0.0,
          "z": 0.0
        },
        "rotation_quaternion": {
          "w": 0.9665694236755371,
          "x": 0.25616610050201416,
          "y": -0.010632677935063839,
          "z": -0.003080173162743449
        },
        "scale": {
          "x": 1.0,
          "y": 1.0,
          "z": 1.0
        },
        "matrix_basis": [
          [
            0.9997549057006836,
            0.0005069391336292028,
            -0.02213251404464245,
            0.0
          ],
          [
            -0.011401865631341934,
            0.8687388896942139,
            -0.49513915181159973,
            0.0
          ],
          [
            0.018976371735334396,
            0.49527013301849365,
            0.8685317635536194,
            0.0
          ],
          [
            0.0,
            0.0,
            0.0,
            1.0
          ]
        ],
        "rotation_mode": "QUATERNION"
      },
      "armature_space": {
        "head": {
          "x": 0.29355552792549133,
          "y": -0.5449525713920593,
          "z": 0.3788513243198395
        },
        "tail": {
          "x": 0.30163004994392395,
          "y": -0.5552495718002319,
          "z": 0.34742820262908936
        }
      },
      "world_space": {
        "head": {
          "x": 0.29355552792549133,
          "y": -0.4817085862159729,
          "z": 1.3287053108215332
        },
        "tail": {
          "x": 0.30163004994392395,
          "y": -0.4920055866241455,
          "z": 1.2972822189331055
        },
        "rotation_quaternion": {
          "w": 0.31135454773902893,
          "x": -0.24142788350582123,
          "y": 0.5017998814582825,
          "z": -0.7700440287590027
        },
        "matrix": [
          [
            -0.6895411610603333,
            0.23721687495708466,
            0.6842960715293884,
            0.29355552792549133
          ],
          [
            -0.7218111753463745,
            -0.30251044034957886,
            -0.6224759817123413,
            -0.4817085862159729
          ],
          [
            0.059344738721847534,
            -0.9231621026992798,
            0.379821240901947,
            1.3287053108215332
          ],
          [
            0.0,
            0.0,
            0.0,
            1.0
          ]
        ]
      },
      "bone_length_armature_space": 0.034038781504370556,
      "parent": "metacarpal_thumb_l",
      "has_children": true,
      "is_end_bone": false
    },
    "thumb_02_l": {
      "name": "thumb_02_l",
      "local": {
        "location": {
          "x": 0.0,
          "y": 0.0,
          "z": 0.0
        },
        "rotation_quaternion": {
          "w": 0.8783231973648071,
          "x": 0.4779500663280487,
          "y": -0.002762489952147007,
          "z": -0.010230696760118008
        },
        "scale": {
          "x": 1.0,
          "y": 1.0,
          "z": 1.0
        },
        "matrix_basis": [
          [
            0.9997754096984863,
            0.015331052243709564,
            -0.014632242731750011,
            0.0
          ],
          [
            -0.020612381398677826,
            0.5429181456565857,
            -0.839532732963562,
            0.0
          ],
          [
            -0.004926806315779686,
            0.8396458029747009,
            0.5431122183799744,
            0.0
          ],
          [
            0.0,
            0.0,
            0.0,
            1.0
          ]
        ],
        "rotation_mode": "QUATERNION"
      },
      "armature_space": {
        "head": {
          "x": 0.30163004994392395,
          "y": -0.5552495718002319,
          "z": 0.34742817282676697
        },
        "tail": {
          "x": 0.29946082830429077,
          "y": -0.5832061171531677,
          "z": 0.376184344291687
        }
      },
      "world_space": {
        "head": {
          "x": 0.30163004994392395,
          "y": -0.4920055866241455,
          "z": 1.2972822189331055
        },
        "tail": {
          "x": 0.29946082830429077,
          "y": -0.5199621319770813,
          "z": 1.3260383605957031
        },
        "rotation_quaternion": {
          "w": 0.0010890276171267033,
          "x": -0.06670525670051575,
          "y": 0.3898365795612335,
          "z": 0.9184643030166626
        },
        "matrix": [
          [
            -0.9910985231399536,
            -0.05400881916284561,
            -0.12168347835540771,
            0.30163004994392395
          ],
          [
            -0.050007715821266174,
            -0.6960524320602417,
            0.7162476181983948,
            -0.4920055866241455
          ],
          [
            -0.12338259816169739,
            0.7159614562988281,
            0.6871610879898071,
            1.2972822189331055
          ],
          [
            0.0,
            0.0,
            0.0,
            1.0
          ]
        ]
      },
      "bone_length_armature_space": 0.040164553326900554,
      "parent": "thumb_01_l",
      "has_children": true,
      "is_end_bone": false
    },
    "thumb_03_l": {
      "name": "thumb_03_l",
      "local": {
        "location": {
          "x": 0.0,
          "y": 0.0,
          "z": 0.0
        },
        "rotation_quaternion": {
          "w": 0.9889707565307617,
          "x": 0.14799168705940247,
          "y": -0.005611235275864601,
          "z": -0.001962051261216402
        },
        "scale": {
          "x": 1.0,
          "y": 1.0,
          "z": 1.0
        },
        "matrix_basis": [
          [
            0.9999293088912964,
            0.002219990361481905,
            -0.011679429560899734,
            0.0
          ],
          [
            -0.005541654769331217,
            0.9561892151832581,
            -0.29269689321517944,
            0.0
          ],
          [
            0.010517960414290428,
            0.29274091124534607,
            0.9561339616775513,
            0.0
          ],
          [
            0.0,
            0.0,
            0.0,
            1.0
          ]
        ],
        "rotation_mode": "QUATERNION"
      },
      "armature_space": {
        "head": {
          "x": 0.299460768699646,
          "y": -0.5832061171531677,
          "z": 0.37618425488471985
        },
        "tail": {
          "x": 0.29730361700057983,
          "y": -0.5898119807243347,
          "z": 0.4058256447315216
        }
      },
      "world_space": {
        "head": {
          "x": 0.299460768699646,
          "y": -0.5199621319770813,
          "z": 1.3260382413864136
        },
        "tail": {
          "x": 0.29730361700057983,
          "y": -0.5265679955482483,
          "z": 1.3556796312332153
        },
        "rotation_quaternion": {
          "w": 0.12586987018585205,
          "x": 0.21196706593036652,
          "y": -0.6129176020622253,
          "z": -0.7507055401802063
        },
        "matrix": [
          [
            -0.8784539103507996,
            -0.07085399329662323,
            -0.47254478931427,
            0.299460768699646
          ],
          [
            -0.4488185942173004,
            -0.21697761118412018,
            0.866881251335144,
            -0.5199621319770813
          ],
          [
            -0.16395507752895355,
            0.9736086130142212,
            0.1588062047958374,
            1.3260382413864136
          ],
          [
            0.0,
            0.0,
            0.0,
            1.0
          ]
        ]
      },
      "bone_length_armature_space": 0.030445077151608744,
      "parent": "thumb_02_l",
      "has_children": false,
      "is_end_bone": true
    },
    "metacarpal_index_l": {
      "name": "metacarpal_index_l",
      "local": {
        "location": {
          "x": 0.0,
          "y": 0.0,
          "z": 0.0
        },
        "rotation_quaternion": {
          "w": 0.9974930882453918,
          "x": -0.0692826360464096,
          "y": -0.006190553307533264,
          "z": 0.013007662259042263
        },
        "scale": {
          "x": 1.0,
          "y": 1.0,
          "z": 1.0
        },
        "matrix_basis": [
          [
            0.999584972858429,
            -0.025092311203479767,
            -0.01415247842669487,
            0.0
          ],
          [
            0.02680790238082409,
            0.9900614619255066,
            0.13805685937404633,
            0.0
          ],
          [
            0.010547658428549767,
            -0.13837894797325134,
            0.9903231859207153,
            0.0
          ],
          [
            0.0,
            0.0,
            0.0,
            1.0
          ]
        ],
        "rotation_mode": "QUATERNION"
      },
      "armature_space": {
        "head": {
          "x": 0.32079169154167175,
          "y": -0.5176115036010742,
          "z": 0.4099038243293762
        },
        "tail": {
          "x": 0.27605485916137695,
          "y": -0.6183786392211914,
          "z": 0.37023207545280457
        }
      },
      "world_space": {
        "head": {
          "x": 0.32079169154167175,
          "y": -0.4543675184249878,
          "z": 1.359757900238037
        },
        "tail": {
          "x": 0.27605485916137695,
          "y": -0.555134654045105,
          "z": 1.320086121559143
        },
        "rotation_quaternion": {
          "w": 0.20427332818508148,
          "x": -0.9525589346885681,
          "y": 0.16815118491649628,
          "z": 0.15042957663536072
        },
        "matrix": [
          [
            0.8981923460960388,
            -0.3818055987358093,
            -0.2178877294063568,
            0.32079169154167175
          ],
          [
            -0.25889071822166443,
            -0.8599953651428223,
            0.4397542476654053,
            -0.4543675184249878
          ],
          [
            -0.3552858531475067,
            -0.33857786655426025,
            -0.871292769908905,
            1.359757900238037
          ],
          [
            0.0,
            0.0,
            0.0,
            1.0
          ]
        ]
      },
      "bone_length_armature_space": 0.11717187061988912,
      "parent": "lowerarm_l",
      "has_children": true,
      "is_end_bone": false
    },
    "index_01_l": {
      "name": "index_01_l",
      "local": {
        "location": {
          "x": 0.0,
          "y": 0.0,
          "z": 0.0
        },
        "rotation_quaternion": {
          "w": 0.9360356330871582,
          "x": 0.35178202390670776,
          "y": 0.001977726584300399,
          "z": 0.009092847816646099
        },
        "scale": {
          "x": 1.0,
          "y": 1.0,
          "z": 1.0
        },
        "matrix_basis": [
          [
            0.9998267889022827,
            -0.015631001442670822,
            0.010099845938384533,
            0.0
          ],
          [
            0.01841391623020172,
            0.7523334622383118,
            -0.6585250496864319,
            0.0
          ],
          [
            0.0026949557941406965,
            0.6585969924926758,
            0.7524909973144531,
            0.0
          ],
          [
            0.0,
            0.0,
            0.0,
            1.0
          ]
        ],
        "rotation_mode": "QUATERNION"
      },
      "armature_space": {
        "head": {
          "x": 0.27605485916137695,
          "y": -0.6183786392211914,
          "z": 0.37023207545280457
        },
        "tail": {
          "x": 0.2712821662425995,
          "y": -0.632761538028717,
          "z": 0.3460777699947357
        }
      },
      "world_space": {
        "head": {
          "x": 0.27605485916137695,
          "y": -0.555134654045105,
          "z": 1.320086121559143
        },
        "tail": {
          "x": 0.2712821662425995,
          "y": -0.5695175528526306,
          "z": 1.2959318161010742
        },
        "rotation_quaternion": {
          "w": 0.49632173776626587,
          "x": -0.8612418174743652,
          "y": 0.03821321204304695,
          "z": 0.10230909287929535
        },
        "matrix": [
          [
            0.976145327091217,
            -0.16737821698188782,
            -0.13829267024993896,
            0.27605485916137695
          ],
          [
            0.03573406860232353,
            -0.504409670829773,
            0.862724781036377,
            -0.555134654045105
          ],
          [
            -0.2141590416431427,
            -0.847092866897583,
            -0.4863985776901245,
            1.320086121559143
          ],
          [
            0.0,
            0.0,
            0.0,
            1.0
          ]
        ]
      },
      "bone_length_armature_space": 0.02851450211798545,
      "parent": "metacarpal_index_l",
      "has_children": true,
      "is_end_bone": false
    },
    "index_02_l": {
      "name": "index_02_l",
      "local": {
        "location": {
          "x": 0.0,
          "y": 0.0,
          "z": 0.0
        },
        "rotation_quaternion": {
          "w": 0.8980132341384888,
          "x": 0.4399662911891937,
          "y": -0.001088151358999312,
          "z": 0.0008379579521715641
        },
        "scale": {
          "x": 1.0,
          "y": 1.0,
          "z": 1.0
        },
        "matrix_basis": [
          [
            0.9999962449073792,
            -0.002462494419887662,
            -0.0012170021655038,
            0.0
          ],
          [
            0.000547494797501713,
            0.6128579378128052,
            -0.7901929020881653,
            0.0
          ],
          [
            0.0026916952338069677,
            0.790189266204834,
            0.6128569841384888,
            0.0
          ],
          [
            0.0,
            0.0,
            0.0,
            1.0
          ]
        ],
        "rotation_mode": "QUATERNION"
      },
      "armature_space": {
        "head": {
          "x": 0.2712818384170532,
          "y": -0.6327614784240723,
          "z": 0.3460773229598999
        },
        "tail": {
          "x": 0.26494139432907104,
          "y": -0.624121904373169,
          "z": 0.32276952266693115
        }
      },
      "world_space": {
        "head": {
          "x": 0.2712818384170532,
          "y": -0.5695174932479858,
          "z": 1.295931339263916
        },
        "tail": {
          "x": 0.26494139432907104,
          "y": -0.5608779191970825,
          "z": 1.2726235389709473
        },
        "rotation_quaternion": {
          "w": 0.8152667284011841,
          "x": -0.5654027462005615,
          "y": 0.06108895689249039,
          "z": 0.10921556502580643
        },
        "matrix": [
          [
            0.968680202960968,
            -0.24715940654277802,
            -0.02389514446258545,
            0.2712818384170532
          ],
          [
            0.1090012639760971,
            0.3367829918861389,
            0.9352518320083618,
            -0.5695174932479858
          ],
          [
            -0.2231103628873825,
            -0.9085705280303955,
            0.35317888855934143,
            1.295931339263916
          ],
          [
            0.0,
            0.0,
            0.0,
            1.0
          ]
        ]
      },
      "bone_length_armature_space": 0.025653401764612553,
      "parent": "index_01_l",
      "has_children": true,
      "is_end_bone": false
    },
    "index_03_l": {
      "name": "index_03_l",
      "local": {
        "location": {
          "x": 0.0,
          "y": 0.0,
          "z": 0.0
        },
        "rotation_quaternion": {
          "w": 0.9259433150291443,
          "x": 0.37757590413093567,
          "y": -0.007944109849631786,
          "z": 0.0015336108626797795
        },
        "scale": {
          "x": 1.0,
          "y": 1.0,
          "z": 1.0
        },
        "matrix_basis": [
          [
            0.9998690485954285,
            -0.008839081972837448,
            -0.013553481549024582,
            0.0
          ],
          [
            -0.0031589355785399675,
            0.7148681879043579,
            -0.6992521286010742,
            0.0
          ],
          [
            0.01586969941854477,
            0.6992034316062927,
            0.7147466540336609,
            0.0
          ],
          [
            0.0,
            0.0,
            0.0,
            1.0
          ]
        ],
        "rotation_mode": "QUATERNION"
      },
      "armature_space": {
        "head": {
          "x": 0.26494136452674866,
          "y": -0.6241220235824585,
          "z": 0.3227694630622864
        },
        "tail": {
          "x": 0.2626766562461853,
          "y": -0.5967405438423157,
          "z": 0.3128267228603363
        }
      },
      "world_space": {
        "head": {
          "x": 0.26494136452674866,
          "y": -0.5608780384063721,
          "z": 1.2726235389709473
        },
        "tail": {
          "x": 0.2626766562461853,
          "y": -0.5334965586662292,
          "z": 1.2626807689666748
        },
        "rotation_quaternion": {
          "w": 0.9810526967048645,
          "x": -0.1754612922668457,
          "y": 0.07808133959770203,
          "z": 0.025537941604852676
        },
        "matrix": [
          [
            0.9865022301673889,
            -0.07750852406024933,
            0.1442418396472931,
            0.26494136452674866
          ],
          [
            0.02270779199898243,
            0.9371222257614136,
            0.3482620120048523,
            -0.5608780384063721
          ],
          [
            -0.16216672956943512,
            -0.3402875065803528,
            0.9262399673461914,
            1.2726235389709473
          ],
          [
            0.0,
            0.0,
            0.0,
            1.0
          ]
        ]
      },
      "bone_length_armature_space": 0.029218699308142995,
      "parent": "index_02_l",
      "has_children": false,
      "is_end_bone": true
    },
    "metacarpal_pinky_l": {
      "name": "metacarpal_pinky_l",
      "local": {
        "location": {
          "x": 0.0,
          "y": 0.0,
          "z": 0.0
        },
        "rotation_quaternion": {
          "w": 0.9997551441192627,
          "x": -0.014968132600188255,
          "y": -0.008084077388048172,
          "z": 0.014153900556266308
        },
        "scale": {
          "x": 1.0,
          "y": 1.0,
          "z": 1.0
        },
        "matrix_basis": [
          [
            0.9994686245918274,
            -0.028058862313628197,
            -0.016587911173701286,
            0.0
          ],
          [
            0.02854287624359131,
            0.9991512298583984,
            0.02970009297132492,
            0.0
          ],
          [
            0.01574048027396202,
            -0.030157778412103653,
            0.9994211792945862,
            0.0
          ],
          [
            0.0,
            0.0,
            0.0,
            1.0
          ]
        ],
        "rotation_mode": "QUATERNION"
      },
      "armature_space": {
        "head": {
          "x": 0.32079169154167175,
          "y": -0.5176115036010742,
          "z": 0.4099038243293762
        },
        "tail": {
          "x": 0.3409673273563385,
          "y": -0.6168954372406006,
          "z": 0.3858441412448883
        }
      },
      "world_space": {
        "head": {
          "x": 0.32079169154167175,
          "y": -0.4543675184249878,
          "z": 1.359757900238037
        },
        "tail": {
          "x": 0.3409673273563385,
          "y": -0.5536514520645142,
          "z": 1.335698127746582
        },
        "rotation_quaternion": {
          "w": 0.053399644792079926,
          "x": 0.32978200912475586,
          "y": 0.14290311932563782,
          "z": -0.9316496849060059
        },
        "matrix": [
          [
            -0.7767848968505859,
            0.19375289976596832,
            -0.5992205142974854,
            0.32079169154167175
          ],
          [
            -0.005246256478130817,
            -0.9534545540809631,
            -0.30149123072624207,
            -0.4543675184249878
          ],
          [
            -0.6297487020492554,
            -0.23105263710021973,
            0.7416504621505737,
            1.359757900238037
          ],
          [
            0.0,
            0.0,
            0.0,
            1.0
          ]
        ]
      },
      "bone_length_armature_space": 0.10413080421718363,
      "parent": "lowerarm_l",
      "has_children": true,
      "is_end_bone": false
    },
    "pinky_01_l": {
      "name": "pinky_01_l",
      "local": {
        "location": {
          "x": 0.0,
          "y": 0.0,
          "z": 0.0
        },
        "rotation_quaternion": {
          "w": 0.9474400281906128,
          "x": 0.31975093483924866,
          "y": 0.009371809661388397,
          "z": 0.0053679076954722404
        },
        "scale": {
          "x": 1.0,
          "y": 1.0,
          "z": 1.0
        },
        "matrix_basis": [
          [
            0.9997667074203491,
            -0.004178251605480909,
            0.021191243082284927,
            0.0
          ],
          [
            0.016164831817150116,
            0.7954610586166382,
            -0.605789065361023,
            0.0
          ],
          [
            -0.014325668103992939,
            0.6059902906417847,
            0.7953430414199829,
            0.0
          ],
          [
            0.0,
            0.0,
            0.0,
            1.0
          ]
        ],
        "rotation_mode": "QUATERNION"
      },
      "armature_space": {
        "head": {
          "x": 0.3409673273563385,
          "y": -0.6168954372406006,
          "z": 0.3858441412448883
        },
        "tail": {
