{
  "metadata": {
    "armature_name": "KIM_caucasian_male",
    "export_time": "2026-01-13T21:12:42.964628",
    "blender_version": "4.4.1",
    "bone_count": 56,
    "end_bone_count": 13,
    "spaces_included": [
      "LOCAL_CHANNELS",
      "ARMATURE_SPACE",
      "WORLD_SPACE"
    ],
    "note": "LOCAL matches Transform panel; replay pose via local.matrix_basis for best fidelity."
  },
  "bones": {
    "Root": {
      "name": "Root",
      "local": {
        "location": {
          "x": 0.0,
          "y": 0.0,
          "z": 0.0
        },
        "rotation_quaternion": {
          "w": 0.9995249509811401,
          "x": 0.007260245271027088,
          "y": -0.015285956673324108,
          "z": -0.025761287659406662
        },
        "scale": {
          "x": 1.0,
          "y": 1.0,
          "z": 1.0
        },
        "matrix_basis": [
          [
            0.9982053637504578,
            0.05127613991498947,
            -0.03093145601451397,
            0.0
          ],
          [
            -0.05172006040811539,
            0.9985672831535339,
            -0.01372602116316557,
            0.0
          ],
          [
            0.030183322727680206,
            0.015301164239645004,
            0.9994272589683533,
            0.0
          ],
          [
            0.0,
            0.0,
            0.0,
            1.0
          ]
        ],
        "rotation_mode": "QUATERNION"
      },
      "armature_space": {
        "head": {
          "x": 0.0,
          "y": 0.07072800397872925,
          "z": -0.009595036506652832
        },
        "tail": {
          "x": 0.0036598790902644396,
          "y": -4.547834396362305e-05,
          "z": -0.001095975749194622
        }
      },
      "world_space": {
        "head": {
          "x": 0.0,
          "y": 0.13397200405597687,
          "z": 0.9402589797973633
        },
        "tail": {
          "x": 0.0036598790902644396,
          "y": 0.063198521733284,
          "z": 0.948758065700531
        },
        "rotation_quaternion": {
          "w": 0.06009189039468765,
          "x": 0.9977433085441589,
          "y": 0.024672983214259148,
          "z": -0.01698671281337738
        },
        "matrix": [
          [
            0.9982053637504578,
            0.05127613991498947,
            -0.03093145601451397,
            0.0
          ],
          [
            0.047193072736263275,
            -0.9915603995323181,
            -0.1207512691617012,
            0.13397200405597687
          ],
          [
            -0.03686227649450302,
            0.11907470971345901,
            -0.9922078251838684,
            0.9402589797973633
          ],
          [
            0.0,
            0.0,
            0.0,
            1.0
          ]
        ]
      },
      "bone_length_armature_space": 0.07137586697018924,
      "parent": null,
      "has_children": true,
      "is_end_bone": false
    },
    "spine_01": {
      "name": "spine_01",
      "local": {
        "location": {
          "x": 0.0,
          "y": 0.0,
          "z": 0.0
        },
        "rotation_quaternion": {
          "w": 0.9963856339454651,
          "x": 0.06883616745471954,
          "y": -0.03562361001968384,
          "z": 0.03476228937506676
        },
        "scale": {
          "x": 1.0,
          "y": 1.0,
          "z": 1.0
        },
        "matrix_basis": [
          [
            0.9950450658798218,
            -0.07417767494916916,
            -0.06620389968156815,
            0.0
          ],
          [
            0.06436890363693237,
            0.9881063103675842,
            -0.13965144753456116,
            0.0
          ],
          [
            0.07577551156282425,
            0.1346980184316635,
            0.9879850745201111,
            0.0
          ],
          [
            0.0,
            0.0,
            0.0,
            1.0
          ]
        ],
        "rotation_mode": "QUATERNION"
      },
      "armature_space": {
        "head": {
          "x": 0.0036598790902644396,
          "y": -4.547834396362305e-05,
          "z": -0.001095975749194622
        },
        "tail": {
          "x": -0.012263069860637188,
          "y": -0.051437586545944214,
          "z": 0.483933687210083
        }
      },
      "world_space": {
        "head": {
          "x": 0.0036598790902644396,
          "y": 0.063198521733284,
          "z": 0.948758065700531
        },
        "tail": {
          "x": -0.012263069860637188,
          "y": 0.011806413531303406,
          "z": 1.4337877035140991
        },
        "rotation_quaternion": {
          "w": 0.6685416102409363,
          "x": 0.7434048652648926,
          "y": -0.019905459135770798,
          "z": 0.002268566284328699
        },
        "matrix": [
          [
            0.999197244644165,
            -0.03262891247868538,
            -0.023242536932229996,
            0.0036598790902644396
          ],
          [
            -0.02656257152557373,
            -0.10531143099069595,
            -0.9940845966339111,
            0.063198521733284
          ],
          [
            0.029988383874297142,
            0.9939107298851013,
            -0.10609525442123413,
            0.948758065700531
          ],
          [
            0.0,
            0.0,
            0.0,
            1.0
          ]
        ]
      },
      "bone_length_armature_space": 0.48800458013689946,
      "parent": "Root",
      "has_children": true,
      "is_end_bone": false
    },
    "neck_01": {
      "name": "neck_01",
      "local": {
        "location": {
          "x": 0.0,
          "y": 0.0,
          "z": 0.0
        },
        "rotation_quaternion": {
          "w": 0.9885882139205933,
          "x": 0.060732316225767136,
          "y": -0.021104149520397186,
          "z": -0.13623358309268951
        },
        "scale": {
          "x": 1.0,
          "y": 1.0,
          "z": 1.0
        },
        "matrix_basis": [
          [
            0.9619900584220886,
            0.2667944133281708,
            -0.05827419087290764,
            0.0
          ],
          [
            -0.2719212472438812,
            0.9555040001869202,
            -0.11432831734418869,
            0.0
          ],
          [
            0.025179065763950348,
            0.12582869827747345,
            0.9917324185371399,
            0.0
          ],
          [
            0.0,
            0.0,
            0.0,
            1.0
          ]
        ],
        "rotation_mode": "QUATERNION"
      },
      "armature_space": {
        "head": {
          "x": -0.01545817032456398,
          "y": -0.09362362325191498,
          "z": 0.5530268549919128
        },
        "tail": {
          "x": 0.007909953594207764,
          "y": -0.15227536857128143,
          "z": 0.6338019371032715
        }
      },
      "world_space": {
        "head": {
          "x": -0.01545817032456398,
          "y": -0.03037962317466736,
          "z": 1.5028808116912842
        },
        "tail": {
          "x": 0.007909953594207764,
          "y": -0.08903136849403381,
          "z": 1.5836559534072876
        },
        "rotation_quaternion": {
          "w": 0.4542568325996399,
          "x": 0.8828470706939697,
          "y": 0.08720135688781738,
          "z": -0.08141114562749863
        },
        "matrix": [
          [
            0.9715363383293152,
            0.22793424129486084,
            -0.06452268362045288,
            -0.01545817032456398
          ],
          [
            0.08000853657722473,
            -0.5720930695533752,
            -0.8162773251533508,
            -0.03037962317466736
          ],
          [
            -0.22297196090221405,
            0.7878854274749756,
            -0.5740506052970886,
            1.5028808116912842
          ],
          [
            0.0,
            0.0,
            0.0,
            1.0
          ]
        ]
      },
      "bone_length_armature_space": 0.10252175582427864,
      "parent": "spine_01",
      "has_children": true,
      "is_end_bone": false
    },
    "head": {
      "name": "head",
      "local": {
        "location": {
          "x": 0.0,
          "y": 0.0,
          "z": 0.0
        },
        "rotation_quaternion": {
          "w": 0.9902480840682983,
          "x": -0.05206131562590599,
          "y": 0.11130822449922562,
          "z": 0.0656420886516571
        },
        "scale": {
          "x": 1.0,
          "y": 1.0,
          "z": 1.0
        },
        "matrix_basis": [
          [
            0.9666032195091248,
            -0.14159360527992249,
            0.2136106789112091,
            0.0
          ],
          [
            0.11841420084238052,
            0.9859614968299866,
            0.11772024631500244,
            0.0
          ],
          [
            -0.22728033363819122,
            -0.08849422633647919,
            0.9698001742362976,
            0.0
          ],
          [
            0.0,
            0.0,
            0.0,
            1.0
          ]
        ],
        "rotation_mode": "QUATERNION"
      },
      "armature_space": {
        "head": {
          "x": 0.0079099265858531,
          "y": -0.1522754579782486,
          "z": 0.6338017582893372
        },
        "tail": {
          "x": 0.022275574505329132,
          "y": -0.17712770402431488,
          "z": 0.7862133383750916
        }
      },
      "world_space": {
        "head": {
          "x": 0.0079099265858531,
          "y": -0.08903145790100098,
          "z": 1.583655834197998
        },
        "tail": {
          "x": 0.022275574505329132,
          "y": -0.11388370394706726,
          "z": 1.736067295074463
        },
        "rotation_quaternion": {
          "w": 0.63709956407547,
          "x": 0.7586068511009216,
          "y": 0.11824562400579453,
          "z": 0.06810261309146881
        },
        "matrix": [
          [
            0.9627599120140076,
            0.09262769669294357,
            0.25399506092071533,
            0.0079099265858531
          ],
          [
            0.2661805748939514,
            -0.16024383902549744,
            -0.9505105018615723,
            -0.08903145790100098
          ],
          [
            -0.04734253138303757,
            0.9827286005020142,
            -0.17893415689468384,
            1.583655834197998
          ],
          [
            0.0,
            0.0,
            0.0,
            1.0
          ]
        ]
      },
      "bone_length_armature_space": 0.15509124990722337,
      "parent": "neck_01",
      "has_children": false,
      "is_end_bone": true
    },
    "upperarm_l": {
      "name": "upperarm_l",
      "local": {
        "location": {
          "x": 0.0,
          "y": 0.0,
          "z": 0.0
        },
        "rotation_quaternion": {
          "w": 0.9723892211914062,
          "x": -0.024101899936795235,
          "y": -0.22000490128993988,
          "z": 0.07400040328502655
        },
        "scale": {
          "x": 1.0,
          "y": 1.0,
          "z": 1.0
        },
        "matrix_basis": [
          [
            0.8922435641288757,
            -0.13330931961536407,
            -0.43142789602279663,
            0.0
          ],
          [
            0.1545194685459137,
            0.9878860712051392,
            0.014311952516436577,
            0.0
          ],
          [
            0.4242936968803406,
            -0.07943376153707504,
            0.9020338654518127,
            0.0
          ],
          [
            0.0,
            0.0,
            0.0,
            1.0
          ]
        ],
        "rotation_mode": "QUATERNION"
      },
      "armature_space": {
        "head": {
          "x": 0.13654020428657532,
          "y": -0.09370052814483643,
          "z": 0.49038824439048767
        },
        "tail": {
          "x": 0.40050244331359863,
          "y": -0.07333900779485703,
          "z": 0.5318247079849243
        }
      },
      "world_space": {
        "head": {
          "x": 0.13654020428657532,
          "y": -0.030456528067588806,
          "z": 1.4402422904968262
        },
        "tail": {
          "x": 0.40050244331359863,
          "y": -0.010095007717609406,
          "z": 1.4816787242889404
        },
        "rotation_quaternion": {
          "w": 0.624036967754364,
          "x": 0.4425523281097412,
          "y": 0.3854484260082245,
          "z": -0.5159019231796265
        },
        "matrix": [
          [
            0.17054855823516846,
            0.9850460886955261,
            0.02444012649357319,
            0.13654020428657532
          ],
          [
            -0.30272310972213745,
            0.07598448544740677,
            -0.9500449299812317,
            -0.030456528067588806
          ],
          [
            -0.937701940536499,
            0.15463128685951233,
            0.3111565411090851,
            1.4402422904968262
          ],
          [
            0.0,
            0.0,
            0.0,
            1.0
          ]
        ]
      },
      "bone_length_armature_space": 0.2679694683132053,
      "parent": "spine_01",
      "has_children": true,
      "is_end_bone": false
    },
    "lowerarm_l": {
      "name": "lowerarm_l",
      "local": {
        "location": {
          "x": 0.0,
          "y": 0.0,
          "z": 0.0
        },
        "rotation_quaternion": {
          "w": 0.9852181077003479,
          "x": 0.16875363886356354,
          "y": -0.02010435238480568,
          "z": -0.02152911201119423
        },
        "scale": {
          "x": 1.0,
          "y": 1.0,
          "z": 1.0
        },
        "matrix_basis": [
          [
            0.9982646107673645,
            0.03563637658953667,
            -0.0468805767595768,
            0.0
          ],
          [
            -0.04920710623264313,
            0.9421173930168152,
            -0.33165261149406433,
            0.0
          ],
          [
            0.032348111271858215,
            0.3333839476108551,
            0.942236065864563,
            0.0
          ],
          [
            0.0,
            0.0,
            0.0,
            1.0
          ]
        ],
        "rotation_mode": "QUATERNION"
      },
      "armature_space": {
        "head": {
          "x": 0.4005025029182434,
          "y": -0.07333900779485703,
          "z": 0.5318248271942139
        },
        "tail": {
          "x": 0.6354278922080994,
          "y": -0.1611604392528534,
          "z": 0.6249209642410278
        }
      },
      "world_space": {
        "head": {
          "x": 0.4005025029182434,
          "y": -0.010095007717609406,
          "z": 1.48167884349823
        },
        "tail": {
          "x": 0.6354278922080994,
          "y": -0.09791643917560577,
          "z": 1.574774980545044
        },
        "rotation_quaternion": {
          "w": 0.5458334684371948,
          "x": 0.5373668074607849,
          "y": 0.19474844634532928,
          "z": -0.6126793622970581
        },
        "matrix": [
          [
            0.1733960062265396,
            0.8781454563140869,
            -0.4458632469177246,
            0.4005025029182434
          ],
          [
            -0.4595387578010559,
            -0.32827436923980713,
            -0.8252639174461365,
            -0.010095007717609406
          ],
          [
            -0.8710737228393555,
            0.3479909896850586,
            0.34662219882011414,
            1.48167884349823
          ],
          [
            0.0,
            0.0,
            0.0,
            1.0
          ]
        ]
      },
      "bone_length_armature_space": 0.2675246381902307,
      "parent": "upperarm_l",
      "has_children": true,
      "is_end_bone": false
    },
    "metacarpal_thumb_l": {
      "name": "metacarpal_thumb_l",
      "local": {
        "location": {
          "x": 0.0,
          "y": 0.0,
          "z": 0.0
        },
        "rotation_quaternion": {
          "w": 0.9981459975242615,
          "x": -0.06005263701081276,
          "y": -0.0021985683124512434,
          "z": -0.009668302722275257
        },
        "scale": {
          "x": 1.0,
          "y": 1.0,
          "z": 1.0
        },
        "matrix_basis": [
          [
            0.999803364276886,
            0.019564814865589142,
            -0.003227770095691085,
            0.0
          ],
          [
            -0.01903669536113739,
            0.9926003813743591,
            0.1199251115322113,
            0.0
          ],
          [
            0.005550198256969452,
            -0.11984008550643921,
            0.9927777051925659,
            0.0
          ],
          [
            0.0,
            0.0,
            0.0,
            1.0
          ]
        ],
        "rotation_mode": "QUATERNION"
      },
      "armature_space": {
        "head": {
          "x": 0.6354278922080994,
          "y": -0.1611604392528534,
          "z": 0.6249209642410278
        },
        "tail": {
          "x": 0.6588098406791687,
          "y": -0.19937831163406372,
          "z": 0.6460460424423218
        }
      },
      "world_space": {
        "head": {
          "x": 0.6354278922080994,
          "y": -0.09791643917560577,
          "z": 1.574774980545044
        },
        "tail": {
          "x": 0.6588098406791687,
          "y": -0.1361343115568161,
          "z": 1.595900058746338
        },
        "rotation_quaternion": {
          "w": 0.2312789410352707,
          "x": 0.9409883618354797,
          "y": 0.24644115567207336,
          "z": -0.017825156450271606
        },
        "matrix": [
          [
            0.8778977394104004,
            0.4720415771007538,
            0.08044753968715668,
            0.6354278922080994
          ],
          [
            0.4555518627166748,
            -0.7715533375740051,
            -0.4440475404262543,
            -0.09791643917560577
          ],
          [
            -0.1475401222705841,
            0.42647868394851685,
            -0.8923911452293396,
            1.574774980545044
          ],
          [
            0.0,
            0.0,
            0.0,
            1.0
          ]
        ]
      },
      "bone_length_armature_space": 0.04953372809888981,
      "parent": "lowerarm_l",
      "has_children": true,
      "is_end_bone": false
    },
    "thumb_01_l": {
      "name": "thumb_01_l",
      "local": {
        "location": {
          "x": 0.0,
          "y": 0.0,
          "z": 0.0
        },
        "rotation_quaternion": {
          "w": 0.9604543447494507,
          "x": 0.2781301438808441,
          "y": 0.007479248568415642,
          "z": -0.010731523856520653
        },
        "scale": {
          "x": 1.0,
          "y": 1.0,
          "z": 1.0
        },
        "matrix_basis": [
          [
            0.9996578097343445,
            0.024774685502052307,
            0.00839743297547102,
            0.0
          ],
          [
            -0.01645386777818203,
            0.8450568914413452,
            -0.5344231128692627,
            0.0
          ],
          [
            -0.020336473360657692,
            0.5341020822525024,
            0.8451753854751587,
            0.0
          ],
          [
            0.0,
            0.0,
            0.0,
            1.0
          ]
        ],
        "rotation_mode": "QUATERNION"
      },
      "armature_space": {
        "head": {
          "x": 0.6588098406791687,
          "y": -0.19937831163406372,
          "z": 0.6460460424423218
        },
        "tail": {
          "x": 0.6833689212799072,
          "y": -0.21898134052753448,
          "z": 0.6329616904258728
        }
      },
      "world_space": {
        "head": {
          "x": 0.6588098406791687,
          "y": -0.1361343115568161,
          "z": 1.595900058746338
        },
        "tail": {
          "x": 0.6833689212799072,
          "y": -0.15573734045028687,
          "z": 1.5828156471252441
        },
        "rotation_quaternion": {
          "w": 0.42943304777145386,
          "x": -0.6720445156097412,
          "y": -0.1662312000989914,
          "z": -0.5799230337142944
        },
        "matrix": [
          [
            0.2721139192581177,
            0.721507728099823,
            0.6366949081420898,
            0.6588098406791687
          ],
          [
            -0.27464571595191956,
            -0.5759062767028809,
            0.7700012922286987,
            -0.1361343115568161
          ],
          [
            0.9222446084022522,
            -0.3843969702720642,
            0.041447773575782776,
            1.595900058746338
          ],
          [
            0.0,
            0.0,
            0.0,
            1.0
          ]
        ]
      },
      "bone_length_armature_space": 0.03403861680579273,
      "parent": "metacarpal_thumb_l",
      "has_children": true,
      "is_end_bone": false
    },
    "thumb_02_l": {
      "name": "thumb_02_l",
      "local": {
        "location": {
          "x": 0.0,
          "y": 0.0,
          "z": 0.0
        },
        "rotation_quaternion": {
          "w": 0.8998216390609741,
          "x": 0.4361587464809418,
          "y": 0.00565198203548789,
          "z": -0.007396622560918331
        },
        "scale": {
          "x": 1.0,
          "y": 1.0,
          "z": 1.0
        },
        "matrix_basis": [
          [
            0.9998266696929932,
            0.018241604790091515,
            0.0037193482276052237,
            0.0
          ],
          [
            -0.008380958810448647,
            0.619421660900116,
            -0.7850137948989868,
            0.0
          ],
          [
            -0.016623754054307938,
            0.7848465442657471,
            0.6194671988487244,
            0.0
          ],
          [
            0.0,
            0.0,
            0.0,
            1.0
          ]
        ],
        "rotation_mode": "QUATERNION"
      },
      "armature_space": {
        "head": {
          "x": 0.6833689212799072,
          "y": -0.21898135542869568,
          "z": 0.6329616904258728
        },
        "tail": {
          "x": 0.6967777609825134,
          "y": -0.1957169473171234,
          "z": 0.6628308296203613
        }
      },
      "world_space": {
        "head": {
          "x": 0.6833689212799072,
          "y": -0.15573735535144806,
          "z": 1.5828156471252441
        },
        "tail": {
          "x": 0.6967777609825134,
          "y": -0.1324729472398758,
          "z": 1.6126848459243774
        },
        "rotation_quaternion": {
          "w": 0.5735001564025879,
          "x": 0.12657558917999268,
          "y": -0.6787585616111755,
          "z": -0.44086623191833496
        },
        "matrix": [
          [
            -0.3101523518562317,
            0.3338487148284912,
            -0.8901407122612,
            0.6833689212799072
          ],
          [
            -0.6775025129318237,
            0.5792293548583984,
            0.45330342650413513,
            -0.15573735535144806
          ],
          [
            0.6669344902038574,
            0.743671178817749,
            0.04653486609458923,
            1.5828156471252441
          ],
          [
            0.0,
            0.0,
            0.0,
            1.0
          ]
        ]
      },
      "bone_length_armature_space": 0.040164600783481975,
      "parent": "thumb_01_l",
      "has_children": true,
      "is_end_bone": false
    },
    "thumb_03_l": {
      "name": "thumb_03_l",
      "local": {
        "location": {
          "x": 0.0,
          "y": 0.0,
          "z": 0.0
        },
        "rotation_quaternion": {
          "w": 0.9927099943161011,
          "x": 0.12030152231454849,
          "y": -0.005226389039307833,
          "z": -0.005217448808252811
        },
        "scale": {
          "x": 1.0,
          "y": 1.0,
          "z": 1.0
        },
        "matrix_basis": [
          [
            0.999890923500061,
            0.009101342409849167,
            -0.011631911620497704,
            0.0
          ],
          [
            -0.011616311967372894,
            0.9710006713867188,
            -0.2387945055961609,
            0.0
          ],
          [
            0.00912124291062355,
            0.23890358209609985,
            0.9710004329681396,
            0.0
          ],
          [
            0.0,
            0.0,
            0.0,
            1.0
          ]
        ],
        "rotation_mode": "QUATERNION"
      },
      "armature_space": {
        "head": {
          "x": 0.6967777609825134,
          "y": -0.19571705162525177,
          "z": 0.6628308296203613
        },
        "tail": {
          "x": 0.6933482885360718,
          "y": -0.17251929640769958,
          "z": 0.6822473406791687
        }
      },
      "world_space": {
        "head": {
          "x": 0.6967777609825134,
          "y": -0.13247305154800415,
          "z": 1.6126848459243774
        },
        "tail": {
          "x": 0.6933482885360718,
          "y": -0.10927529633045197,
          "z": 1.63210129737854
        },
        "rotation_quaternion": {
          "w": 0.6798275709152222,
          "x": 0.28744107484817505,
          "y": -0.6471585035324097,
          "z": -0.1907823234796524
        },
        "matrix": [
          [
            0.08957476913928986,
            -0.11264533549547195,
            -0.989589512348175,
            0.6967777609825134
          ],
          [
            -0.6314380168914795,
            0.7619591951370239,
            -0.1438901424407959,
            -0.13247305154800415
          ],
          [
            0.7702402472496033,
            0.6377584934234619,
            -0.0028761476278305054,
            1.6126848459243774
          ],
          [
            0.0,
            0.0,
            0.0,
            1.0
          ]
        ]
      },
      "bone_length_armature_space": 0.030444999488416925,
      "parent": "thumb_02_l",
      "has_children": false,
      "is_end_bone": true
    },
    "metacarpal_index_l": {
      "name": "metacarpal_index_l",
      "local": {
        "location": {
          "x": 0.0,
          "y": 0.0,
          "z": 0.0
        },
        "rotation_quaternion": {
          "w": 0.9989453554153442,
          "x": -0.04585547745227814,
          "y": 0.002241548616439104,
          "z": 0.0007410570979118347
        },
        "scale": {
          "x": 1.0,
          "y": 1.0,
          "z": 1.0
        },
        "matrix_basis": [
          [
            0.999988853931427,
            -0.0016861256444826722,
            0.004410406108945608,
            0.0
          ],
          [
            0.0012749765301123261,
            0.9957934617996216,
            0.09161755442619324,
            0.0
          ],
          [
            -0.00454633217304945,
            -0.09161090850830078,
            0.9957845211029053,
            0.0
          ],
          [
            0.0,
            0.0,
            0.0,
            1.0
          ]
        ],
        "rotation_mode": "QUATERNION"
      },
      "armature_space": {
        "head": {
          "x": 0.6354278922080994,
          "y": -0.1611604392528534,
          "z": 0.6249209642410278
        },
        "tail": {
          "x": 0.7210333347320557,
          "y": -0.22168469429016113,
          "z": 0.6772446036338806
        }
      },
      "world_space": {
        "head": {
          "x": 0.6354278922080994,
          "y": -0.09791643917560577,
          "z": 1.574774980545044
        },
        "tail": {
          "x": 0.7210333347320557,
          "y": -0.1584406942129135,
          "z": 1.627098560333252
        },
        "rotation_quaternion": {
          "w": 0.3777787387371063,
          "x": 0.8244562745094299,
          "y": 0.3146606981754303,
          "z": -0.28025662899017334
        },
        "matrix": [
          [
            0.6448895335197449,
            0.7305983304977417,
            -0.2243730127811432,
            0.6354278922080994
          ],
          [
            0.30709946155548096,
            -0.5165430903434753,
            -0.7992956638336182,
            -0.09791643917560577
          ],
          [
            -0.699867308139801,
            0.4465551972389221,
            -0.5574840903282166,
            1.574774980545044
          ],
          [
            0.0,
            0.0,
            0.0,
            1.0
          ]
        ]
      },
      "bone_length_armature_space": 0.11717184280067466,
      "parent": "lowerarm_l",
      "has_children": true,
      "is_end_bone": false
    },
    "index_01_l": {
      "name": "index_01_l",
      "local": {
        "location": {
          "x": 0.0,
          "y": 0.0,
          "z": 0.0
        },
        "rotation_quaternion": {
          "w": 0.9501808881759644,
          "x": 0.31108012795448303,
          "y": -0.006779611110687256,
          "z": -0.018430177122354507
        },
        "scale": {
          "x": 1.0,
          "y": 1.0,
          "z": 1.0
        },
        "matrix_basis": [
          [
            0.9992287158966064,
            0.030805999413132668,
            -0.024350237101316452,
            0.0
          ],
          [
            -0.039242010563611984,
            0.805778980255127,
            -0.5909149050712585,
            0.0
          ],
          [
            0.0014171900693327188,
            0.5914146900177002,
            0.8063663840293884,
            0.0
          ],
          [
            0.0,
            0.0,
            0.0,
            1.0
          ]
        ],
        "rotation_mode": "QUATERNION"
      },
      "armature_space": {
        "head": {
          "x": 0.7210333347320557,
          "y": -0.22168469429016113,
          "z": 0.6772446036338806
        },
        "tail": {
          "x": 0.7410831451416016,
          "y": -0.24154767394065857,
          "z": 0.6731780767440796
        }
      },
      "world_space": {
        "head": {
          "x": 0.7210333347320557,
          "y": -0.1584406942129135,
          "z": 1.627098560333252
        },
        "tail": {
          "x": 0.7410831451416016,
          "y": -0.17830367386341095,
          "z": 1.6230320930480957
        },
        "rotation_quaternion": {
          "w": 0.12028099596500397,
          "x": 0.8019952774047852,
          "y": 0.3704511225223541,
          "z": -0.4528820514678955
        },
        "matrix": [
          [
            0.3153267502784729,
            0.7031477093696594,
            -0.6373006105422974,
            0.7210333347320557
          ],
          [
            0.48525407910346985,
            -0.6965956091880798,
            -0.5284728407859802,
            -0.1584406942129135
          ],
          [
            -0.8155407309532166,
            -0.1426127403974533,
            -0.5608646869659424,
            1.627098560333252
          ],
          [
            0.0,
            0.0,
            0.0,
            1.0
          ]
        ]
      },
      "bone_length_armature_space": 0.028514373768737,
      "parent": "metacarpal_index_l",
      "has_children": true,
      "is_end_bone": false
    },
    "index_02_l": {
      "name": "index_02_l",
      "local": {
        "location": {
          "x": 0.0,
          "y": 0.0,
          "z": 0.0
        },
        "rotation_quaternion": {
          "w": 0.9116453528404236,
          "x": 0.41087833046913147,
          "y": 0.00022869370877742767,
          "z": 0.009045285172760487
        },
        "scale": {
          "x": 1.0,
          "y": 1.0,
          "z": 1.0
        },
        "matrix_basis": [
          [
            0.999836266040802,
            -0.01630425453186035,
            0.007849998772144318,
            0.0
          ],
          [
            0.016680115833878517,
            0.6621943712234497,
            -0.7491465210914612,
            0.0
          ],
          [
            0.007016048301011324,
            0.749154806137085,
            0.6623578667640686,
            0.0
          ],
          [
            0.0,
            0.0,
            0.0,
            1.0
          ]
        ],
        "rotation_mode": "QUATERNION"
      },
      "armature_space": {
        "head": {
          "x": 0.7410831451416016,
          "y": -0.24154822528362274,
          "z": 0.6731780767440796
        },
        "tail": {
          "x": 0.7413367629051208,
          "y": -0.2642204463481903,
          "z": 0.6611781120300293
        }
      },
      "world_space": {
        "head": {
          "x": 0.7410831451416016,
          "y": -0.17830422520637512,
          "z": 1.6230320930480957
        },
        "tail": {
          "x": 0.7413367629051208,
          "y": -0.2009764462709427,
          "z": 1.6110321283340454
        },
        "rotation_quaternion": {
          "w": 0.18837343156337738,
          "x": -0.7710630297660828,
          "y": -0.15039467811584473,
          "z": 0.5893715023994446
        },
        "matrix": [
          [
            0.26004597544670105,
            0.00988614559173584,
            -0.9655455350875854,
            0.7410831451416016
          ],
          [
            0.45397138595581055,
            -0.883794367313385,
            0.11321684718132019,
            -0.17830422520637512
          ],
          [
            -0.8522300124168396,
            -0.4677755832672119,
            -0.2343166172504425,
            1.6230320930480957
          ],
          [
            0.0,
            0.0,
            0.0,
            1.0
          ]
        ]
      },
      "bone_length_armature_space": 0.025653324383496177,
      "parent": "index_01_l",
      "has_children": true,
      "is_end_bone": false
    },
    "index_03_l": {
      "name": "index_03_l",
      "local": {
        "location": {
          "x": 0.0,
          "y": 0.0,
          "z": 0.0
        },
        "rotation_quaternion": {
          "w": 0.9245166778564453,
          "x": 0.38106057047843933,
          "y": -0.005823276937007904,
          "z": 0.005299161188304424
        },
        "scale": {
          "x": 1.0,
          "y": 1.0,
          "z": 1.0
        },
        "matrix_basis": [
          [
            0.9998760223388672,
            -0.014236368238925934,
            -0.006728830747306347,
            0.0
          ],
          [
            0.005360283423215151,
            0.7095295190811157,
            -0.7046554088592529,
            0.0
          ],
          [
            0.014806035906076431,
            0.7045319676399231,
            0.7095178365707397,
            0.0
          ],
          [
            0.0,
            0.0,
            0.0,
            1.0
          ]
        ],
        "rotation_mode": "QUATERNION"
      },
      "armature_space": {
        "head": {
          "x": 0.7413368821144104,
          "y": -0.2642204463481903,
          "z": 0.6611781716346741
        },
        "tail": {
          "x": 0.7207266688346863,
          "y": -0.2768925726413727,
          "z": 0.6447960734367371
        }
      },
      "world_space": {
        "head": {
          "x": 0.7413368821144104,
          "y": -0.2009764462709427,
          "z": 1.611032247543335
        },
        "tail": {
          "x": 0.7207266688346863,
          "y": -0.21364857256412506,
          "z": 1.5946500301361084
        },
        "rotation_quaternion": {
          "w": 0.5265467166900635,
          "x": -0.6169642806053162,
          "y": 0.07679223269224167,
          "z": 0.5798332691192627
        },
        "matrix": [
          [
            0.3157949149608612,
            -0.7053769826889038,
            -0.6345996260643005,
            0.7413368821144104
          ],
          [
            0.5158618688583374,
            -0.433699369430542,
            0.7387775182723999,
            -0.2009764462709427
          ],
          [
            -0.7963470816612244,
            -0.5606719851493835,
            0.2269192636013031,
            1.611032247543335
          ],
          [
            0.0,
            0.0,
            0.0,
            1.0
          ]
        ]
      },
      "bone_length_armature_space": 0.02921877499369901,
      "parent": "index_02_l",
      "has_children": false,
      "is_end_bone": true
    },
    "metacarpal_pinky_l": {
      "name": "metacarpal_pinky_l",
      "local": {
        "location": {
          "x": 0.0,
          "y": 0.0,
          "z": 0.0
        },
        "rotation_quaternion": {
          "w": 0.9988172054290771,
          "x": -0.04659780114889145,
          "y": 0.00610352260991931,
          "z": -0.01247460301965475
        },
        "scale": {
          "x": 1.0,
          "y": 1.0,
          "z": 1.0
        },
        "matrix_basis": [
          [
            0.9996142387390137,
            0.02435087412595749,
            0.013355185277760029,
            0.0
          ],
          [
            -0.025488518178462982,
            0.9953460693359375,
            0.09293309599161148,
            0.0
          ],
          [
            -0.011030028574168682,
            -0.09323764592409134,
            0.9955827593803406,
            0.0
          ],
          [
            0.0,
            0.0,
            0.0,
            1.0
          ]
        ],
        "rotation_mode": "QUATERNION"
      },
      "armature_space": {
        "head": {
          "x": 0.6354278922080994,
          "y": -0.1611604392528534,
          "z": 0.6249209642410278
        },
        "tail": {
          "x": 0.7379876971244812,
          "y": -0.17231792211532593,
          "z": 0.6390705108642578
        }
      },
      "world_space": {
        "head": {
          "x": 0.6354278922080994,
          "y": -0.09791643917560577,
          "z": 1.574774980545044
        },
        "tail": {
          "x": 0.7379876971244812,
          "y": -0.10907392203807831,
          "z": 1.588924527168274
        },
        "rotation_quaternion": {
          "w": 0.6594110727310181,
          "x": -0.01846770942211151,
          "y": -0.10771511495113373,
          "z": -0.7437965869903564
        },
        "matrix": [
          [
            -0.12967176735401154,
            0.98491370677948,
            -0.11458544433116913,
            0.6354278922080994
          ],
          [
            -0.9769573211669922,
            -0.10714870691299438,
            0.18459157645702362,
            -0.09791643917560577
          ],
          [
            0.16952958703041077,
            0.1358821988105774,
            0.9761198163032532,
            1.574774980545044
          ],
          [
            0.0,
            0.0,
            0.0,
            1.0
          ]
        ]
      },
      "bone_length_armature_space": 0.10413074817882283,
      "parent": "lowerarm_l",
      "has_children": true,
      "is_end_bone": false
    },
    "pinky_01_l": {
      "name": "pinky_01_l",
      "local": {
        "location": {
          "x": 0.0,
          "y": 0.0,
          "z": 0.0
        },
        "rotation_quaternion": {
          "w": 0.9498127698898315,
          "x": 0.3126651644706726,
          "y": 0.009301925078034401,
          "z": -0.00311562092974782
        },
        "scale": {
          "x": 1.0,
          "y": 1.0,
          "z": 1.0
        },
        "matrix_basis": [
          [
            0.9998075366020203,
            0.011735289357602596,
            0.01572188176214695,
            0.0
          ],
          [
            -0.00010173721966566518,
            0.8044615983963013,
            -0.5940046906471252,
            0.0
          ],
          [
            -0.01961846649646759,
            0.5938887596130371,
            0.8043079376220703,
            0.0
          ],
          [
            0.0,
            0.0,
            0.0,
            1.0
          ]
        ],
        "rotation_mode": "QUATERNION"
      },
      "armature_space": {
        "head": {
          "x": 0.7379876971244812,
          "y": -0.17231792211532593,
          "z": 0.6390705108642578
        },
        "tail": {
          "x": 0.7547028064727783,
