{
  "metadata": {
    "armature_name": "KIM_caucasian_male",
    "export_time": "2026-01-13T21:15:57.330755",
    "blender_version": "4.4.1",
    "bone_count": 56,
    "end_bone_count": 13,
    "spaces_included": [
      "LOCAL_CHANNELS",
      "ARMATURE_SPACE",
      "WORLD_SPACE"
    ],
    "note": "LOCAL matches Transform panel; replay pose via local.matrix_basis for best fidelity."
  },
  "bones": {
    "Root": {
      "name": "Root",
      "local": {
        "location": {
          "x": 0.0,
          "y": 0.0,
          "z": 0.0
        },
        "rotation_quaternion": {
          "w": 0.999984860420227,
          "x": -0.0008802477968856692,
          "y": -0.0001210312475450337,
          "z": -0.005442745517939329
        },
        "scale": {
          "x": 1.0,
          "y": 1.0,
          "z": 1.0
        },
        "matrix_basis": [
          [
            0.9999407529830933,
            0.010885539464652538,
            -0.00023247690114658326,
            0.0
          ],
          [
            -0.010885112918913364,
            0.9999392032623291,
            0.0017617864068597555,
            0.0
          ],
          [
            0.00025164076942019165,
            -0.0017591514624655247,
            0.9999984502792358,
            0.0
          ],
          [
            0.0,
            0.0,
            0.0,
            1.0
          ]
        ],
        "rotation_mode": "QUATERNION"
      },
      "armature_space": {
        "head": {
          "x": 0.0,
          "y": 0.07072800397872925,
          "z": -0.009595036506652832
        },
        "tail": {
          "x": 0.0007769648218527436,
          "y": 2.1182000637054443e-05,
          "z": 0.0001238388940691948
        }
      },
      "world_space": {
        "head": {
          "x": 0.0,
          "y": 0.13397200405597687,
          "z": 0.9402589797973633
        },
        "tail": {
          "x": 0.0007769648218527436,
          "y": 0.06326518207788467,
          "z": 0.9499778747558594
        },
        "rotation_quaternion": {
          "w": 0.06824488192796707,
          "x": 0.9976537823677063,
          "y": 0.005422227084636688,
          "z": -0.00048742262879386544
        },
        "matrix": [
          [
            0.9999407529830933,
            0.010885539464652538,
            -0.00023247690114658326,
            0.0
          ],
          [
            0.0107524823397398,
            -0.9906263947486877,
            -0.136175274848938,
            0.13397200405597687
          ],
          [
            -0.0017126408638432622,
            0.13616472482681274,
            -0.9906918406486511,
            0.9402589797973633
          ],
          [
            0.0,
            0.0,
            0.0,
            1.0
          ]
        ]
      },
      "bone_length_armature_space": 0.07137586996423805,
      "parent": null,
      "has_children": true,
      "is_end_bone": false
    },
    "spine_01": {
      "name": "spine_01",
      "local": {
        "location": {
          "x": 0.0,
          "y": 0.0,
          "z": 0.0
        },
        "rotation_quaternion": {
          "w": 0.9985873699188232,
          "x": -0.007854601368308067,
          "y": 0.018388057127594948,
          "z": -0.04922989010810852
        },
        "scale": {
          "x": 1.0,
          "y": 1.0,
          "z": 1.0
        },
        "matrix_basis": [
          [
            0.9944766163825989,
            0.09803183376789093,
            0.03749752417206764,
            0.0
          ],
          [
            -0.0986095517873764,
            0.9950294494628906,
            0.013876527547836304,
            0.0
          ],
          [
            -0.03595080226659775,
            -0.01749749481678009,
            0.9992003440856934,
            0.0
          ],
          [
            0.0,
            0.0,
            0.0,
            1.0
          ]
        ],
        "rotation_mode": "QUATERNION"
      },
      "armature_space": {
        "head": {
          "x": 0.0007769648218527436,
          "y": 2.1182000637054443e-05,
          "z": 0.0001238388940691948
        },
        "tail": {
          "x": 0.049098800867795944,
          "y": 0.03261571750044823,
          "z": 0.48463505506515503
        }
      },
      "world_space": {
        "head": {
          "x": 0.0007769648218527436,
          "y": 0.06326518207788467,
          "z": 0.9499778747558594
        },
        "tail": {
          "x": 0.049098800867795944,
          "y": 0.09585972130298615,
          "z": 1.4344890117645264
        },
        "rotation_quaternion": {
          "w": 0.7285168170928955,
          "x": 0.6828023195266724,
          "y": 0.05156588926911354,
          "z": -0.019629808142781258
        },
        "matrix": [
          [
            0.9939113259315491,
            0.09901990741491318,
            0.0483260415494442,
            0.0007769648218527436
          ],
          [
            0.04181663691997528,
            0.06679191440343857,
            -0.9968903064727783,
            0.06326518207788467
          ],
          [
            -0.10194043815135956,
            0.9928483963012695,
            0.06224408373236656,
            0.9499778747558594
          ],
          [
            0.0,
            0.0,
            0.0,
            1.0
          ]
        ]
      },
      "bone_length_armature_space": 0.4880046503313349,
      "parent": "Root",
      "has_children": true,
      "is_end_bone": false
    },
    "neck_01": {
      "name": "neck_01",
      "local": {
        "location": {
          "x": 0.0,
          "y": 0.0,
          "z": 0.0
        },
        "rotation_quaternion": {
          "w": 0.9842112064361572,
          "x": -0.14514990150928497,
          "y": 0.07510975748300552,
          "z": -0.0679597407579422
        },
        "scale": {
          "x": 1.0,
          "y": 1.0,
          "z": 1.0
        },
        "matrix_basis": [
          [
            0.979479968547821,
            0.11196912825107574,
            0.16757643222808838,
            0.0
          ],
          [
            -0.15557782351970673,
            0.9486259818077087,
            0.27550745010375977,
            0.0
          ],
          [
            -0.12811903655529022,
            -0.29592519998550415,
            0.9465800523757935,
            0.0
          ],
          [
            0.0,
            0.0,
            0.0,
            1.0
          ]
        ],
        "rotation_mode": "QUATERNION"
      },
      "armature_space": {
        "head": {
          "x": 0.058024853467941284,
          "y": 0.0029335245490074158,
          "z": 0.5594885945320129
        },
        "tail": {
          "x": 0.07996555417776108,
          "y": 0.0013200304238125682,
          "z": 0.6596223711967468
        }
      },
      "world_space": {
        "head": {
          "x": 0.058024853467941284,
          "y": 0.06617752462625504,
          "z": 1.5093426704406738
        },
        "tail": {
          "x": 0.07996555417776108,
          "y": 0.06456402689218521,
          "z": 1.6094763278961182
        },
        "rotation_quaternion": {
          "w": 0.6855656504631042,
          "x": 0.7126480937004089,
          "y": 0.1487632691860199,
          "z": -0.001443512854166329
        },
        "matrix": [
          [
            0.9557345509529114,
            0.2140110731124878,
            0.2019178718328476,
            0.058024853467941284
          ],
          [
            0.21005375683307648,
            -0.01573812961578369,
            -0.9775633811950684,
            0.06617752462625504
          ],
          [
            -0.20603273808956146,
            0.9767113327980042,
            -0.05999661982059479,
            1.5093426704406738
          ],
          [
            0.0,
            0.0,
            0.0,
            1.0
          ]
        ]
      },
      "bone_length_armature_space": 0.10252205203553316,
      "parent": "spine_01",
      "has_children": true,
      "is_end_bone": false
    },
    "head": {
      "name": "head",
      "local": {
        "location": {
          "x": 0.0,
          "y": 0.0,
          "z": 0.0
        },
        "rotation_quaternion": {
          "w": 0.9910269379615784,
          "x": -0.07367849349975586,
          "y": 0.09813337028026581,
          "z": -0.052982185035943985
        },
        "scale": {
          "x": 1.0,
          "y": 1.0,
          "z": 1.0
        },
        "matrix_basis": [
          [
            0.9751254320144653,
            0.0905529037117958,
            0.2023129165172577,
            0.0
          ],
          [
            -0.11947418004274368,
            0.983528733253479,
            0.135636106133461,
            0.0
          ],
          [
            -0.1866983324289322,
            -0.15643338859081268,
            0.9698826670646667,
            0.0
          ],
          [
            0.0,
            0.0,
            0.0,
            1.0
          ]
        ],
        "rotation_mode": "QUATERNION"
      },
      "armature_space": {
        "head": {
          "x": 0.07996556907892227,
          "y": 0.0013198793167248368,
          "z": 0.6596222519874573
        },
        "tail": {
          "x": 0.10623617470264435,
          "y": 0.07814641296863556,
          "z": 0.7917615175247192
        }
      },
      "world_space": {
        "head": {
          "x": 0.07996556907892227,
          "y": 0.06456387788057327,
          "z": 1.6094763278961182
        },
        "tail": {
          "x": 0.10623617470264435,
          "y": 0.14139041304588318,
          "z": 1.7416155338287354
        },
        "rotation_quaternion": {
          "w": 0.8273395895957947,
          "x": 0.49986591935157776,
          "y": 0.25138041377067566,
          "z": 0.04951013624668121
        },
        "matrix": [
          [
            0.8687138557434082,
            0.16938920319080353,
            0.46544989943504333,
            0.07996556907892227
          ],
          [
            0.33323532342910767,
            0.49536675214767456,
            -0.8022259473800659,
            0.06456387788057327
          ],
          [
            -0.3664589524269104,
            0.8520155549049377,
            0.37388738989830017,
            1.6094763278961182
          ],
          [
            0.0,
            0.0,
            0.0,
            1.0
          ]
        ]
      },
      "bone_length_armature_space": 0.15509109241670002,
      "parent": "neck_01",
      "has_children": false,
      "is_end_bone": true
    },
    "upperarm_l": {
      "name": "upperarm_l",
      "local": {
        "location": {
          "x": 0.0,
          "y": 0.0,
          "z": 0.0
        },
        "rotation_quaternion": {
          "w": 0.9725319147109985,
          "x": -0.07789526879787445,
          "y": 0.20194296538829803,
          "z": -0.0856330469250679
        },
        "scale": {
          "x": 1.0,
          "y": 1.0,
          "z": 1.0
        },
        "matrix_basis": [
          [
            0.9037720561027527,
            0.13510094583034515,
            0.4061327874660492,
            0.0
          ],
          [
            -0.19802254438400269,
            0.9731985926628113,
            0.11692528426647186,
            0.0
          ],
          [
            -0.37945112586021423,
            -0.18609724938869476,
            0.9063027501106262,
            0.0
          ],
          [
            0.0,
            0.0,
            0.0,
            1.0
          ]
        ],
        "rotation_mode": "QUATERNION"
      },
      "armature_space": {
        "head": {
          "x": 0.20061075687408447,
          "y": 0.0015378743410110474,
          "z": 0.4776688814163208
        },
        "tail": {
          "x": 0.4498436152935028,
          "y": 0.07030303031206131,
          "z": 0.4072273373603821
        }
      },
      "world_space": {
        "head": {
          "x": 0.20061075687408447,
          "y": 0.06478187441825867,
          "z": 1.427522897720337
        },
        "tail": {
          "x": 0.4498436152935028,
          "y": 0.13354703783988953,
          "z": 1.357081413269043
        },
        "rotation_quaternion": {
          "w": 0.36431384086608887,
          "x": 0.4448348581790924,
          "y": 0.7039773464202881,
          "z": -0.41690945625305176
        },
        "matrix": [
          [
            -0.33879387378692627,
            0.930079460144043,
            0.14202427864074707,
            0.20061075687408447
          ],
          [
            0.3225366771221161,
            0.25661566853523254,
            -0.9111085534095764,
            0.06478187441825867
          ],
          [
            -0.883854866027832,
            -0.26287156343460083,
            -0.38692811131477356,
            1.427522897720337
          ],
          [
            0.0,
            0.0,
            0.0,
            1.0
          ]
        ]
      },
      "bone_length_armature_space": 0.26796954216714886,
      "parent": "spine_01",
      "has_children": true,
      "is_end_bone": false
    },
    "lowerarm_l": {
      "name": "lowerarm_l",
      "local": {
        "location": {
          "x": 0.0,
          "y": 0.0,
          "z": 0.0
        },
        "rotation_quaternion": {
          "w": 0.9488904476165771,
          "x": 0.2973784804344177,
          "y": 0.023799434304237366,
          "z": 0.10298844426870346
        },
        "scale": {
          "x": 1.0,
          "y": 1.0,
          "z": 1.0
        },
        "matrix_basis": [
          [
            0.9776539206504822,
            -0.18129462003707886,
            0.10641920566558838,
            0.0
          ],
          [
            0.2096043825149536,
            0.8019188642501831,
            -0.5594570636749268,
            0.0
          ],
          [
            0.016086982563138008,
            0.5692613124847412,
            0.8219992518424988,
            0.0
          ],
          [
            0.0,
            0.0,
            0.0,
            1.0
          ]
        ],
        "rotation_mode": "QUATERNION"
      },
      "armature_space": {
        "head": {
          "x": 0.44984376430511475,
          "y": 0.07030297070741653,
          "z": 0.40722739696502686
        },
        "tail": {
          "x": 0.6796990633010864,
          "y": -0.060345642268657684,
          "z": 0.3664001524448395
        }
      },
      "world_space": {
        "head": {
          "x": 0.44984376430511475,
          "y": 0.13354697823524475,
          "z": 1.357081413269043
        },
        "tail": {
          "x": 0.6796990633010864,
          "y": 0.0028983578085899353,
          "z": 1.3162541389465332
        },
        "rotation_quaternion": {
          "w": 0.2760467529296875,
          "x": 0.6293699145317078,
          "y": 0.42381203174591064,
          "z": -0.5899789929389954
        },
        "matrix": [
          [
            -0.055384743958711624,
            0.8591935634613037,
            -0.508644163608551,
            0.44984376430511475
          ],
          [
            0.20774494111537933,
            -0.48836132884025574,
            -0.8475526571273804,
            0.13354697823524475
          ],
          [
            -0.9766204953193665,
            -0.15261127054691315,
            -0.15144725143909454,
            1.357081413269043
          ],
          [
            0.0,
            0.0,
            0.0,
            1.0
          ]
        ]
      },
      "bone_length_armature_space": 0.26752454941810955,
      "parent": "upperarm_l",
      "has_children": true,
      "is_end_bone": false
    },
    "metacarpal_thumb_l": {
      "name": "metacarpal_thumb_l",
      "local": {
        "location": {
          "x": 0.0,
          "y": 0.0,
          "z": 0.0
        },
        "rotation_quaternion": {
          "w": 0.9992073774337769,
          "x": -0.03747255355119705,
          "y": 0.01103967148810625,
          "z": -0.007654507644474506
        },
        "scale": {
          "x": 1.0,
          "y": 1.0,
          "z": 1.0
        },
        "matrix_basis": [
          [
            0.999639093875885,
            0.014469511806964874,
            0.022635510191321373,
            0.0
          ],
          [
            -0.01612425036728382,
            0.9970744252204895,
            0.07471669465303421,
            0.0
          ],
          [
            -0.02148817479610443,
            -0.07505471259355545,
            0.9969478845596313,
            0.0
          ],
          [
            0.0,
            0.0,
            0.0,
            1.0
          ]
        ],
        "rotation_mode": "QUATERNION"
      },
      "armature_space": {
        "head": {
          "x": 0.6796990633010864,
          "y": -0.060345642268657684,
          "z": 0.3664001524448395
        },
        "tail": {
          "x": 0.6992254853248596,
          "y": -0.10306128859519958,
          "z": 0.3506622314453125
        }
      },
      "world_space": {
        "head": {
          "x": 0.6796990633010864,
          "y": 0.0028983578085899353,
          "z": 1.3162541389465332
        },
        "tail": {
          "x": 0.6992254853248596,
          "y": -0.039817288517951965,
          "z": 1.3005162477493286
        },
        "rotation_quaternion": {
          "w": 0.1562781035900116,
          "x": -0.9641950726509094,
          "y": -0.2107115238904953,
          "z": 0.038806188851594925
        },
        "matrix": [
          [
            0.9081894159317017,
            0.3942049443721771,
            -0.14069315791130066,
            0.6796990633010864
          ],
          [
            0.4184633195400238,
            -0.8623557090759277,
            0.2850106358528137,
            0.0028983578085899353
          ],
          [
            -0.008974576368927956,
            -0.31772154569625854,
            -0.9481489658355713,
            1.3162541389465332
          ],
          [
            0.0,
            0.0,
            0.0,
            1.0
          ]
        ]
      },
      "bone_length_armature_space": 0.04953372369222093,
      "parent": "lowerarm_l",
      "has_children": true,
      "is_end_bone": false
    },
    "thumb_01_l": {
      "name": "thumb_01_l",
      "local": {
        "location": {
          "x": 0.0,
          "y": 0.0,
          "z": 0.0
        },
        "rotation_quaternion": {
          "w": 0.9997916221618652,
          "x": 0.01608438976109028,
          "y": -0.012150973081588745,
          "z": 0.003219134174287319
        },
        "scale": {
          "x": 1.0,
          "y": 1.0,
          "z": 1.0
        },
        "matrix_basis": [
          [
            0.9996839761734009,
            -0.006827808916568756,
            -0.024193326011300087,
            0.0
          ],
          [
            0.0060460446402430534,
            0.999461829662323,
            -0.032240308821201324,
            0.0
          ],
          [
            0.024400437250733376,
            0.032083846628665924,
            0.9991872906684875,
            0.0
          ],
          [
            0.0,
            0.0,
            0.0,
            1.0
          ]
        ],
        "rotation_mode": "QUATERNION"
      },
      "armature_space": {
        "head": {
          "x": 0.6992254853248596,
          "y": -0.10306128859519958,
          "z": 0.3506622314453125
        },
        "tail": {
          "x": 0.701707661151886,
          "y": -0.11636706441640854,
          "z": 0.31943029165267944
        }
      },
      "world_space": {
        "head": {
          "x": 0.6992254853248596,
          "y": -0.039817288517951965,
          "z": 1.3005162477493286
        },
        "tail": {
          "x": 0.701707661151886,
          "y": -0.05312306433916092,
          "z": 1.2692842483520508
        },
        "rotation_quaternion": {
          "w": 0.4788770079612732,
          "x": -0.6885378956794739,
          "y": 0.27427321672439575,
          "z": -0.47049611806869507
        },
        "matrix": [
          [
            0.4068165719509125,
            0.07292304933071136,
            0.9105947613716125,
            0.6992254853248596
          ],
          [
            -0.8283137679100037,
            -0.39090290665626526,
            0.40136152505874634,
            -0.039817288517951965
          ],
          [
            0.38522452116012573,
            -0.91754549741745,
            -0.09862292557954788,
            1.3005162477493286
          ],
          [
            0.0,
            0.0,
            0.0,
            1.0
          ]
        ]
      },
      "bone_length_armature_space": 0.03403878593310538,
      "parent": "metacarpal_thumb_l",
      "has_children": true,
      "is_end_bone": false
    },
    "thumb_02_l": {
      "name": "thumb_02_l",
      "local": {
        "location": {
          "x": 0.0,
          "y": 0.0,
          "z": 0.0
        },
        "rotation_quaternion": {
          "w": 0.9891437292098999,
          "x": 0.14681224524974823,
          "y": 0.005656023975461721,
          "z": 0.003008103696629405
        },
        "scale": {
          "x": 1.0,
          "y": 1.0,
          "z": 1.0
        },
        "matrix_basis": [
          [
            0.9999179244041443,
            -0.004290146753191948,
            0.012072494253516197,
            0.0
          ],
          [
            0.0076116411946713924,
            0.9568742513656616,
            -0.2904027998447418,
            0.0
          ],
          [
            -0.010305988602340221,
            0.29047083854675293,
            0.9568283557891846,
            0.0
          ],
          [
            0.0,
            0.0,
            0.0,
            1.0
          ]
        ],
        "rotation_mode": "QUATERNION"
      },
      "armature_space": {
        "head": {
          "x": 0.7017076015472412,
          "y": -0.11636705696582794,
          "z": 0.31943029165267944
        },
        "tail": {
          "x": 0.7390777468681335,
          "y": -0.13108384609222412,
          "z": 0.31916654109954834
        }
      },
      "world_space": {
        "head": {
          "x": 0.7017076015472412,
          "y": -0.05312305688858032,
          "z": 1.2692842483520508
        },
        "tail": {
          "x": 0.7390777468681335,
          "y": -0.0678398460149765,
          "z": 1.2690205574035645
        },
        "rotation_quaternion": {
          "w": 0.5497210025787354,
          "x": -0.1831362396478653,
          "y": -0.12082811444997787,
          "z": -0.806020200252533
        },
        "matrix": [
          [
            -0.3285355865955353,
            0.9304289221763611,
            0.1623779833316803,
            0.7017076015472412
          ],
          [
            -0.8419163227081299,
            -0.3664137125015259,
            0.39612865447998047,
            -0.05312305688858032
          ],
          [
            0.4280692934989929,
            -0.006566733121871948,
            0.9037298560142517,
            1.2692842483520508
          ],
          [
            0.0,
            0.0,
            0.0,
            1.0
          ]
        ]
      },
      "bone_length_armature_space": 0.04016442695288698,
      "parent": "thumb_01_l",
      "has_children": true,
      "is_end_bone": false
    },
    "thumb_03_l": {
      "name": "thumb_03_l",
      "local": {
        "location": {
          "x": 0.0,
          "y": 0.0,
          "z": 0.0
        },
        "rotation_quaternion": {
          "w": 0.9983831644058228,
          "x": 0.055955201387405396,
          "y": 0.0052283937111496925,
          "z": 0.008527667261660099
        },
        "scale": {
          "x": 1.0,
          "y": 1.0,
          "z": 1.0
        },
        "matrix_basis": [
          [
            0.999799907207489,
            -0.016442647203803062,
            0.011394214816391468,
            0.0
          ],
          [
            0.017612870782613754,
            0.9935925602912903,
            -0.11164028942584991,
            0.0
          ],
          [
            -0.009485545568168163,
            0.11181863397359848,
            0.9936833381652832,
            0.0
          ],
          [
            0.0,
            0.0,
            0.0,
            1.0
          ]
        ],
        "rotation_mode": "QUATERNION"
      },
      "armature_space": {
        "head": {
          "x": 0.7390776872634888,
          "y": -0.1310838907957077,
          "z": 0.31916651129722595
        },
        "tail": {
          "x": 0.7682405710220337,
          "y": -0.13341298699378967,
          "z": 0.3275921940803528
        }
      },
      "world_space": {
        "head": {
          "x": 0.7390776872634888,
          "y": -0.06783989071846008,
          "z": 1.2690205574035645
        },
        "tail": {
          "x": 0.7682405710220337,
          "y": -0.07016898691654205,
          "z": 1.2774462699890137
        },
        "rotation_quaternion": {
          "w": 0.6670008301734924,
          "x": 0.06520717591047287,
          "y": -0.12984083592891693,
          "z": -0.7307525277137756
        },
        "matrix": [
          [
            -0.10171520709991455,
            0.9578920602798462,
            -0.2685088515281677,
            0.7390776872634888
          ],
          [
            -0.9917583465576172,
            -0.07650204747915268,
            0.10277535766363144,
            -0.06783989071846008
          ],
          [
            0.07790585607290268,
            0.2767515182495117,
            0.9577857255935669,
            1.2690205574035645
          ],
          [
            0.0,
            0.0,
            0.0,
            1.0
          ]
        ]
      },
      "bone_length_armature_space": 0.030444877761663533,
      "parent": "thumb_02_l",
      "has_children": false,
      "is_end_bone": true
    },
    "metacarpal_index_l": {
      "name": "metacarpal_index_l",
      "local": {
        "location": {
          "x": 0.0,
          "y": 0.0,
          "z": 0.0
        },
        "rotation_quaternion": {
          "w": 0.9975618124008179,
          "x": -0.06691489368677139,
          "y": -0.01857778988778591,
          "z": 0.0069120475091040134
        },
        "scale": {
          "x": 1.0,
          "y": 1.0,
          "z": 1.0
        },
        "matrix_basis": [
          [
            0.9992141723632812,
            -0.011304127983748913,
            -0.0379900261759758,
            0.0
          ],
          [
            0.01627665013074875,
            0.9909492135047913,
            0.13324666023254395,
            0.0
          ],
          [
            0.03613995015621185,
            -0.13376030325889587,
            0.9903545379638672,
            0.0
          ],
          [
            0.0,
            0.0,
            0.0,
            1.0
          ]
        ],
        "rotation_mode": "QUATERNION"
      },
      "armature_space": {
        "head": {
          "x": 0.6796990633010864,
          "y": -0.060345642268657684,
          "z": 0.3664001524448395
        },
        "tail": {
          "x": 0.7634620666503906,
          "y": -0.14105124771595,
          "z": 0.3522726595401764
        }
      },
      "world_space": {
        "head": {
          "x": 0.6796990633010864,
          "y": 0.0028983578085899353,
          "z": 1.3162541389465332
        },
        "tail": {
          "x": 0.7634620666503906,
          "y": -0.07780724763870239,
          "z": 1.3021266460418701
        },
        "rotation_quaternion": {
          "w": 0.05267557129263878,
          "x": 0.8775878548622131,
          "y": 0.3909408152103424,
          "z": -0.27245232462882996
        },
        "matrix": [
          [
            0.5458694100379944,
            0.7148736715316772,
            -0.4370148181915283,
            0.6796990633010864
          ],
          [
            0.6574665307998657,
            -0.6887804865837097,
            -0.30548208951950073,
            0.0028983578085899353
          ],
          [
            -0.5193914175033569,
            -0.12057080119848251,
            -0.845996081829071,
            1.3162541389465332
          ],
          [
            0.0,
            0.0,
            0.0,
            1.0
          ]
        ]
      },
      "bone_length_armature_space": 0.11717176089540444,
      "parent": "lowerarm_l",
      "has_children": true,
      "is_end_bone": false
    },
    "index_01_l": {
      "name": "index_01_l",
      "local": {
        "location": {
          "x": 0.0,
          "y": 0.0,
          "z": 0.0
        },
        "rotation_quaternion": {
          "w": 0.9984176754951477,
          "x": -0.05377325415611267,
          "y": 0.015583463944494724,
          "z": 0.0052754245698452
        },
        "scale": {
          "x": 1.0,
          "y": 1.0,
          "z": 1.0
        },
        "matrix_basis": [
          [
            0.9994586706161499,
            -0.012210101820528507,
            0.030550258234143257,
            0.0
          ],
          [
            0.008858206681907177,
            0.9941611886024475,
            0.10754075646400452,
            0.0
          ],
          [
            -0.03168496489524841,
            -0.10721191763877869,
            0.9937312006950378,
            0.0
          ],
          [
            0.0,
            0.0,
            0.0,
            1.0
          ]
        ],
        "rotation_mode": "QUATERNION"
      },
      "armature_space": {
        "head": {
          "x": 0.7634620666503906,
          "y": -0.14105124771595,
          "z": 0.3522726595401764
        },
        "tail": {
          "x": 0.7901431322097778,
          "y": -0.15086689591407776,
          "z": 0.3500720262527466
        }
      },
      "world_space": {
        "head": {
          "x": 0.7634620666503906,
          "y": -0.07780724763870239,
          "z": 1.3021266460418701
        },
        "tail": {
          "x": 0.7901431322097778,
          "y": -0.08762289583683014,
          "z": 1.2999260425567627
        },
        "rotation_quaternion": {
          "w": 0.08903888612985611,
          "x": 0.7966362833976746,
          "y": 0.5656447410583496,
          "z": -0.19362016022205353
        },
        "matrix": [
          [
            0.2851141691207886,
            0.9357060194015503,
            -0.20775948464870453,
            0.7634620666503906
          ],
          [
            0.8667465448379517,
            -0.3442353308200836,
            -0.36090511083602905,
            -0.07780724763870239
          ],
          [
            -0.4092213213443756,
            -0.07717649638652802,
            -0.9091731905937195,
            1.3021266460418701
          ],
          [
            0.0,
            0.0,
            0.0,
            1.0
          ]
        ]
      },
      "bone_length_armature_space": 0.028514365196683485,
      "parent": "metacarpal_index_l",
      "has_children": true,
      "is_end_bone": false
    },
    "index_02_l": {
      "name": "index_02_l",
      "local": {
        "location": {
          "x": 0.0,
          "y": 0.0,
          "z": 0.0
        },
        "rotation_quaternion": {
          "w": 0.9858694076538086,
          "x": 0.16730888187885284,
          "y": 0.006596939638257027,
          "z": 0.005093589890748262
        },
        "scale": {
          "x": 1.0,
          "y": 1.0,
          "z": 1.0
        },
        "matrix_basis": [
          [
            0.9998610615730286,
            -0.00783577561378479,
            0.01471184752881527,
            0.0
          ],
          [
            0.012250682339072227,
            0.9439635872840881,
            -0.32982221245765686,
            0.0
          ],
          [
            -0.011303036473691463,
            0.32995662093162537,
            0.9439284205436707,
            0.0
          ],
          [
            0.0,
            0.0,
            0.0,
            1.0
          ]
        ],
        "rotation_mode": "QUATERNION"
      },
      "armature_space": {
        "head": {
          "x": 0.7901433706283569,
          "y": -0.15086735785007477,
          "z": 0.3500717878341675
        },
        "tail": {
          "x": 0.8114963173866272,
          "y": -0.16203917562961578,
          "z": 0.3412778079509735
        }
      },
      "world_space": {
        "head": {
          "x": 0.7901433706283569,
          "y": -0.08762335777282715,
          "z": 1.2999258041381836
        },
        "tail": {
          "x": 0.8114963173866272,
          "y": -0.09879517555236816,
          "z": 1.291131854057312
        },
        "rotation_quaternion": {
          "w": 0.01610345020890236,
          "x": -0.7927858233451843,
          "y": -0.5310307145118713,
          "z": 0.2987271845340729
        },
        "matrix": [
          [
            0.25753557682037354,
            0.8323670625686646,
            -0.49075478315353394,
            0.7901433706283569
          ],
          [
            0.8516078591346741,
            -0.43549299240112305,
            -0.291735976934433,
            -0.08762335777282715
          ],
          [
            -0.456554114818573,
            -0.34280112385749817,
            -0.8210115432739258,
            1.2999258041381836
          ],
          [
            0.0,
            0.0,
            0.0,
            1.0
          ]
        ]
      },
      "bone_length_armature_space": 0.025653302637326333,
      "parent": "index_01_l",
      "has_children": true,
      "is_end_bone": false
    },
    "index_03_l": {
      "name": "index_03_l",
      "local": {
        "location": {
          "x": 0.0,
          "y": 0.0,
          "z": 0.0
        },
        "rotation_quaternion": {
          "w": 0.9807835817337036,
          "x": 0.19500316679477692,
          "y": -0.004849887453019619,
          "z": 0.003736895974725485
        },
        "scale": {
          "x": 1.0,
          "y": 1.0,
          "z": 1.0
        },
        "matrix_basis": [
          [
            0.9999250173568726,
            -0.009221659041941166,
            -0.008055967278778553,
            0.0
          ],
          [
            0.005438685417175293,
            0.9239196181297302,
            -0.382548063993454,
            0.0
          ],
          [
            0.01097079273313284,
            0.3824755549430847,
            0.9239004850387573,
            0.0
          ],
          [
            0.0,
            0.0,
            0.0,
            1.0
          ]
        ],
        "rotation_mode": "QUATERNION"
      },
      "armature_space": {
        "head": {
          "x": 0.811496376991272,
          "y": -0.1620391458272934,
          "z": 0.34127795696258545
        },
        "tail": {
          "x": 0.8270589113235474,
          "y": -0.17469346523284912,
          "z": 0.32003146409988403
        }
      },
      "world_space": {
        "head": {
          "x": 0.811496376991272,
          "y": -0.09879514575004578,
          "z": 1.2911319732666016
        },
        "tail": {
          "x": 0.8270589113235474,
          "y": -0.1114494651556015,
          "z": 1.269885540008545
        },
        "rotation_quaternion": {
          "w": 0.23052065074443817,
          "x": -0.7465640902519226,
          "y": -0.47991126775741577,
          "z": 0.398982971906662
        },
        "matrix": [
          [
            0.2209935039281845,
            0.5326229929924011,
            -0.8169909715652466,
            0.811496376991272
          ],
          [
            0.9005170464515686,
            -0.43308982253074646,
            -0.038758501410484314,
            -0.09879514575004578
          ],
          [
            -0.37447595596313477,
            -0.7271547317504883,
            -0.5753504037857056,
            1.2911319732666016
          ],
          [
            0.0,
            0.0,
            0.0,
            1.0
          ]
        ]
      },
      "bone_length_armature_space": 0.02921879043271906,
      "parent": "index_02_l",
      "has_children": false,
      "is_end_bone": true
    },
    "metacarpal_pinky_l": {
      "name": "metacarpal_pinky_l",
      "local": {
        "location": {
          "x": 0.0,
          "y": 0.0,
          "z": 0.0
        },
        "rotation_quaternion": {
          "w": 0.9994438290596008,
          "x": -0.02692137099802494,
          "y": 0.010364980436861515,
          "z": -0.016735263168811798
        },
        "scale": {
          "x": 1.0,
          "y": 1.0,
          "z": 1.0
        },
        "matrix_basis": [
          [
            0.9992250204086304,
            0.0328938327729702,
            0.021619504317641258,
            0.0
          ],
          [
            -0.034009989351034164,
            0.9979903697967529,
            0.05346587672829628,
            0.0
          ],
          [
            -0.019817359745502472,
            -0.05415971577167511,
            0.998335599899292,
            0.0
          ],
          [
            0.0,
            0.0,
            0.0,
            1.0
          ]
        ],
        "rotation_mode": "QUATERNION"
      },
      "armature_space": {
        "head": {
          "x": 0.6796990633010864,
          "y": -0.060345642268657684,
          "z": 0.3664001524448395
        },
        "tail": {
          "x": 0.7800071239471436,
          "y": -0.08221606910228729,
          "z": 0.34898775815963745
        }
      },
      "world_space": {
        "head": {
          "x": 0.6796990633010864,
          "y": 0.0028983578085899353,
          "z": 1.3162541389465332
        },
        "tail": {
          "x": 0.7800071239471436,
          "y": -0.018972069025039673,
          "z": 1.2988417148590088
        },
        "rotation_quaternion": {
          "w": 0.5911284685134888,
          "x": 0.1351310908794403,
          "y": 0.21342948079109192,
          "z": -0.7659990787506104
        },
        "matrix": [
          [
            -0.26461267471313477,
            0.963289737701416,
            0.04531032592058182,
            0.6796990633010864
          ],
          [
            -0.8479267954826355,
            -0.21002845466136932,
            -0.48673251271247864,
            0.0028983578085899353
          ],
          [
            -0.45935195684432983,
            -0.16721676290035248,
            0.8723808526992798,
            1.3162541389465332
          ],
          [
            0.0,
            0.0,
            0.0,
            1.0
          ]
        ]
      },
      "bone_length_armature_space": 0.10413075628412376,
      "parent": "lowerarm_l",
      "has_children": true,
      "is_end_bone": false
    },
    "pinky_01_l": {
      "name": "pinky_01_l",
      "local": {
        "location": {
          "x": 0.0,
          "y": 0.0,
          "z": 0.0
        },
        "rotation_quaternion": {
          "w": 0.9991867542266846,
          "x": 0.037377312779426575,
          "y": 0.005157326813787222,
          "z": 0.014221481047570705
        },
        "scale": {
          "x": 1.0,
          "y": 1.0,
          "z": 1.0
        },
        "matrix_basis": [
          [
            0.9995422959327698,
            -0.02803429774940014,
            0.011369386687874794,
            0.0
          ],
          [
            0.028805365785956383,
            0.9968013763427734,
            -0.07454714179039001,
            0.0
          ],
          [
            -0.00924314372241497,
            0.07484052330255508,
            0.9971526861190796,
            0.0
          ],
          [
            0.0,
            0.0,
            0.0,
            1.0
          ]
        ],
        "rotation_mode": "QUATERNION"
      },
      "armature_space": {
        "head": {
          "x": 0.7800071239471436,
          "y": -0.08221606910228729,
          "z": 0.34898775815963745
