{
  "metadata": {
    "armature_name": "KIM_caucasian_male",
    "export_time": "2026-01-13T21:15:49.010856",
    "blender_version": "4.4.1",
    "bone_count": 56,
    "end_bone_count": 13,
    "spaces_included": [
      "LOCAL_CHANNELS",
      "ARMATURE_SPACE",
      "WORLD_SPACE"
    ],
    "note": "LOCAL matches Transform panel; replay pose via local.matrix_basis for best fidelity."
  },
  "bones": {
    "Root": {
      "name": "Root",
      "local": {
        "location": {
          "x": 0.0,
          "y": 0.0,
          "z": 0.0
        },
        "rotation_quaternion": {
          "w": 0.9999077320098877,
          "x": -0.005092908628284931,
          "y": 0.002388613298535347,
          "z": -0.01237169187515974
        },
        "scale": {
          "x": 1.0,
          "y": 1.0,
          "z": 1.0
        },
        "matrix_basis": [
          [
            0.9996824860572815,
            0.02471677027642727,
            0.004902801476418972,
            0.0
          ],
          [
            -0.02476543001830578,
            0.999642014503479,
            0.010125774890184402,
            0.0
          ],
          [
            -0.004650770220905542,
            -0.010243980213999748,
            0.9999366998672485,
            0.0
          ],
          [
            0.0,
            0.0,
            0.0,
            1.0
          ]
        ],
        "rotation_mode": "QUATERNION"
      },
      "armature_space": {
        "head": {
          "x": 0.0,
          "y": 0.07072800397872925,
          "z": -0.009595036506652832
        },
        "tail": {
          "x": 0.0017641809536144137,
          "y": 0.00012361258268356323,
          "z": 0.0007211063057184219
        }
      },
      "world_space": {
        "head": {
          "x": 0.0,
          "y": 0.13397200405597687,
          "z": 0.9402589797973633
        },
        "tail": {
          "x": 0.0017641809536144137,
          "y": 0.06336761265993118,
          "z": 0.9505751132965088
        },
        "rotation_quaternion": {
          "w": 0.07244277745485306,
          "x": 0.9972929954528809,
          "y": 0.01250450313091278,
          "z": 0.0015497319400310516
        },
        "matrix": [
          [
            0.9996824860572815,
            0.02471677027642727,
            0.004902801476418972,
            0.0
          ],
          [
            0.025165840983390808,
            -0.9891913533210754,
            -0.14445504546165466,
            0.13397200405597687
          ],
          [
            0.0012793797068297863,
            0.14453263580799103,
            -0.9895063042640686,
            0.9402589797973633
          ],
          [
            0.0,
            0.0,
            0.0,
            1.0
          ]
        ]
      },
      "bone_length_armature_space": 0.07137587213720302,
      "parent": null,
      "has_children": true,
      "is_end_bone": false
    },
    "spine_01": {
      "name": "spine_01",
      "local": {
        "location": {
          "x": 0.0,
          "y": 0.0,
          "z": 0.0
        },
        "rotation_quaternion": {
          "w": 0.997131884098053,
          "x": 0.01204134151339531,
          "y": -0.006201489362865686,
          "z": -0.07446154952049255
        },
        "scale": {
          "x": 1.0,
          "y": 1.0,
          "z": 1.0
        },
        "matrix_basis": [
          [
            0.988834023475647,
            0.14834661781787872,
            -0.014160639606416225,
            0.0
          ],
          [
            -0.1486453115940094,
            0.9886209964752197,
            -0.023090066388249397,
            0.0
          ],
          [
            0.01057417131960392,
            0.024937156587839127,
            0.9996330738067627,
            0.0
          ],
          [
            0.0,
            0.0,
            0.0,
            1.0
          ]
        ],
        "rotation_mode": "QUATERNION"
      },
      "armature_space": {
        "head": {
          "x": 0.0017641809536144137,
          "y": 0.00012361258268356323,
          "z": 0.0007211063057184219
        },
        "tail": {
          "x": 0.07313220202922821,
          "y": 0.017239831387996674,
          "z": 0.4831753969192505
        }
      },
      "world_space": {
        "head": {
          "x": 0.0017641809536144137,
          "y": 0.06336761265993118,
          "z": 0.9505751132965088
        },
        "tail": {
          "x": 0.07313220202922821,
          "y": 0.0804838314652443,
          "z": 1.4330294132232666
        },
        "rotation_quaternion": {
          "w": 0.7173033356666565,
          "x": 0.6928707361221313,
          "y": 0.054888781160116196,
          "z": -0.0489220917224884
        },
        "matrix": [
          [
            0.9891876578330994,
            0.1462455838918686,
            0.010949471034109592,
            0.0017641809536144137
          ],
          [
            0.0058766501024365425,
            0.035074129700660706,
            -0.9993674755096436,
            0.06336761265993118
          ],
          [
            -0.1465381532907486,
            0.988633394241333,
            0.0338347852230072,
            0.9505751132965088
          ],
          [
            0.0,
            0.0,
            0.0,
            1.0
          ]
        ]
      },
      "bone_length_armature_space": 0.488004628712404,
      "parent": "Root",
      "has_children": true,
      "is_end_bone": false
    },
    "neck_01": {
      "name": "neck_01",
      "local": {
        "location": {
          "x": 0.0,
          "y": 0.0,
          "z": 0.0
        },
        "rotation_quaternion": {
          "w": 0.9950047731399536,
          "x": 0.009167931973934174,
          "y": -0.023703964427113533,
          "z": -0.09653768688440323
        },
        "scale": {
          "x": 1.0,
          "y": 1.0,
          "z": 1.0
        },
        "matrix_basis": [
          [
            0.9802371859550476,
            0.1916762888431549,
            -0.04894121736288071,
            0.0
          ],
          [
            -0.192545548081398,
            0.9811928272247314,
            -0.013667620718479156,
            0.0
          ],
          [
            0.045401014387607574,
            0.02282092347741127,
            0.9987081289291382,
            0.0
          ],
          [
            0.0,
            0.0,
            0.0,
            1.0
          ]
        ],
        "rotation_mode": "QUATERNION"
      },
      "armature_space": {
        "head": {
          "x": 0.08421981334686279,
          "y": -0.014850601553916931,
          "z": 0.5567350387573242
        },
        "tail": {
          "x": 0.11757314205169678,
          "y": -0.05188887566328049,
          "z": 0.6463255286216736
        }
      },
      "world_space": {
        "head": {
          "x": 0.08421981334686279,
          "y": 0.04839339852333069,
          "z": 1.5065890550613403
        },
        "tail": {
          "x": 0.11757314205169678,
          "y": 0.011355124413967133,
          "z": 1.596179485321045
        },
        "rotation_quaternion": {
          "w": 0.5545812845230103,
          "x": 0.8140789270401001,
          "y": 0.10863988101482391,
          "z": -0.13383749127388
        },
        "matrix": [
          [
            0.9405698180198669,
            0.32533061504364014,
            -0.0974077433347702,
            0.08421981334686279
          ],
          [
            0.028436876833438873,
            -0.3612738251686096,
            -0.9320262670516968,
            0.04839339852333069
          ],
          [
            -0.3384098410606384,
            0.8738714456558228,
            -0.34905803203582764,
            1.5065890550613403
          ],
          [
            0.0,
            0.0,
            0.0,
            1.0
          ]
        ]
      },
      "bone_length_armature_space": 0.10252186994379638,
      "parent": "spine_01",
      "has_children": true,
      "is_end_bone": false
    },
    "head": {
      "name": "head",
      "local": {
        "location": {
          "x": 0.0,
          "y": 0.0,
          "z": 0.0
        },
        "rotation_quaternion": {
          "w": 0.9735586047172546,
          "x": -0.04670463874936104,
          "y": 0.18792438507080078,
          "z": 0.12118871510028839
        },
        "scale": {
          "x": 1.0,
          "y": 1.0,
          "z": 1.0
        },
        "matrix_basis": [
          [
            0.8999954462051392,
            -0.25352251529693604,
            0.35459065437316895,
            0.0
          ],
          [
            0.21841475367546082,
            0.9662639498710632,
            0.13648803532123566,
            0.0
          ],
          [
            -0.3772309422492981,
            -0.0453907772898674,
            0.9250062108039856,
            0.0
          ],
          [
            0.0,
            0.0,
            0.0,
            1.0
          ]
        ],
        "rotation_mode": "QUATERNION"
      },
      "armature_space": {
        "head": {
          "x": 0.11757310479879379,
          "y": -0.05188899487257004,
          "z": 0.646325409412384
        },
        "tail": {
          "x": 0.13105539977550507,
          "y": -0.045840971171855927,
          "z": 0.8007111549377441
        }
      },
      "world_space": {
        "head": {
          "x": 0.11757310479879379,
          "y": 0.011355005204677582,
          "z": 1.596179485321045
        },
        "tail": {
          "x": 0.13105539977550507,
          "y": 0.017403028905391693,
          "z": 1.7505651712417603
        },
        "rotation_quaternion": {
          "w": 0.6984477043151855,
          "x": 0.684064507484436,
          "y": 0.17795777320861816,
          "z": 0.11206091195344925
        },
        "matrix": [
          [
            0.9115470051765442,
            0.08693192154169083,
            0.4019016921520233,
            0.11757310479879379
          ],
          [
            0.40000608563423157,
            0.038996823132038116,
            -0.9156826734542847,
            0.011355005204677582
          ],
          [
            -0.09527517110109329,
            0.9954577684402466,
            0.0007731923833489418,
            1.596179485321045
          ],
          [
            0.0,
            0.0,
            0.0,
            1.0
          ]
        ]
      },
      "bone_length_armature_space": 0.15509129421753093,
      "parent": "neck_01",
      "has_children": false,
      "is_end_bone": true
    },
    "upperarm_l": {
      "name": "upperarm_l",
      "local": {
        "location": {
          "x": 0.0,
          "y": 0.0,
          "z": 0.0
        },
        "rotation_quaternion": {
          "w": 0.8761134147644043,
          "x": 0.062316734343767166,
          "y": 0.41687753796577454,
          "z": 0.23399846255779266
        },
        "scale": {
          "x": 1.0,
          "y": 1.0,
          "z": 1.0
        },
        "matrix_basis": [
          [
            0.5429157018661499,
            -0.3580614924430847,
            0.7596280574798584,
            0.0
          ],
          [
            0.4619752764701843,
            0.8827226758003235,
            0.08590435236692429,
            0.0
          ],
          [
            -0.7012999653816223,
            0.3042904734611511,
            0.6446594595909119,
            0.0
          ],
          [
            0.0,
            0.0,
            0.0,
            1.0
          ]
        ],
        "rotation_mode": "QUATERNION"
      },
      "armature_space": {
        "head": {
          "x": 0.22280405461788177,
          "y": -0.019513467326760292,
          "z": 0.4684183895587921
        },
        "tail": {
          "x": 0.475624144077301,
          "y": -0.0894254595041275,
          "z": 0.5232086181640625
        }
      },
      "world_space": {
        "head": {
          "x": 0.22280405461788177,
          "y": 0.04373053461313248,
          "z": 1.4182723760604858
        },
        "tail": {
          "x": 0.475624144077301,
          "y": -0.026181459426879883,
          "z": 1.4730626344680786
        },
        "rotation_quaternion": {
          "w": 0.2781175971031189,
          "x": 0.7669593691825867,
          "y": 0.5405570268630981,
          "z": -0.20548033714294434
        },
        "matrix": [
          [
            0.3311510682106018,
            0.9434661269187927,
            -0.014510976150631905,
            0.22280405461788177
          ],
          [
            0.7148759365081787,
            -0.26089540123939514,
            -0.6487575769424438,
            0.04373053461313248
          ],
          [
            -0.6158704161643982,
            0.20446446537971497,
            -0.7608628869056702,
            1.4182723760604858
          ],
          [
            0.0,
            0.0,
            0.0,
            1.0
          ]
        ]
      },
      "bone_length_armature_space": 0.26796948178069063,
      "parent": "spine_01",
      "has_children": true,
      "is_end_bone": false
    },
    "lowerarm_l": {
      "name": "lowerarm_l",
      "local": {
        "location": {
          "x": 0.0,
          "y": 0.0,
          "z": 0.0
        },
        "rotation_quaternion": {
          "w": 0.9672443866729736,
          "x": 0.12880107760429382,
          "y": -0.023211197927594185,
          "z": -0.21750837564468384
        },
        "scale": {
          "x": 1.0,
          "y": 1.0,
          "z": 1.0
        },
        "matrix_basis": [
          [
            0.904302716255188,
            0.41478824615478516,
            -0.10093242675065994,
            0.0
          ],
          [
            -0.42674675583839417,
            0.8722007870674133,
            -0.2390669733285904,
            0.0
          ],
          [
            -0.011128824204206467,
            0.25926148891448975,
            0.9657430648803711,
            0.0
          ],
          [
            0.0,
            0.0,
            0.0,
            1.0
          ]
        ],
        "rotation_mode": "QUATERNION"
      },
      "armature_space": {
        "head": {
          "x": 0.4756242036819458,
          "y": -0.08942560851573944,
          "z": 0.5232086777687073
        },
        "tail": {
          "x": 0.7173332571983337,
          "y": -0.16135114431381226,
          "z": 0.4339175522327423
        }
      },
      "world_space": {
        "head": {
          "x": 0.4756242036819458,
          "y": -0.02618160843849182,
          "z": 1.4730627536773682
        },
        "tail": {
          "x": 0.7173332571983337,
          "y": -0.09810714423656464,
          "z": 1.383771538734436
        },
        "rotation_quaternion": {
          "w": 0.1150534600019455,
          "x": 0.6809852123260498,
          "y": 0.5935764908790588,
          "z": -0.41314494609832764
        },
        "matrix": [
          [
            -0.046045634895563126,
            0.9035025238990784,
            -0.4261017441749573,
            0.4756242036819458
          ],
          [
            0.7133653163909912,
            -0.2688559293746948,
            -0.6471683382987976,
            -0.02618160843849182
          ],
          [
            -0.6992825269699097,
            -0.3337680697441101,
            -0.6321527361869812,
            1.4730627536773682
          ],
          [
            0.0,
            0.0,
            0.0,
            1.0
          ]
        ]
      },
      "bone_length_armature_space": 0.2675246790950217,
      "parent": "upperarm_l",
      "has_children": true,
      "is_end_bone": false
    },
    "metacarpal_thumb_l": {
      "name": "metacarpal_thumb_l",
      "local": {
        "location": {
          "x": 0.0,
          "y": 0.0,
          "z": 0.0
        },
        "rotation_quaternion": {
          "w": 0.9996811151504517,
          "x": -0.019825607538223267,
          "y": 0.002464522374793887,
          "z": -0.015449989587068558
        },
        "scale": {
          "x": 1.0,
          "y": 1.0,
          "z": 1.0
        },
        "matrix_basis": [
          [
            0.9995104670524597,
            0.03079240396618843,
            0.0055400836281478405,
            0.0
          ],
          [
            -0.030987847596406937,
            0.9987365007400513,
            0.039562419056892395,
            0.0
          ],
          [
            -0.0043148621916770935,
            -0.03971472382545471,
            0.9992017149925232,
            0.0
          ],
          [
            0.0,
            0.0,
            0.0,
            1.0
          ]
        ],
        "rotation_mode": "QUATERNION"
      },
      "armature_space": {
        "head": {
          "x": 0.7173332571983337,
          "y": -0.16135114431381226,
          "z": 0.4339175522327423
        },
        "tail": {
          "x": 0.7414530515670776,
          "y": -0.18512894213199615,
          "z": 0.3977726101875305
        }
      },
      "world_space": {
        "head": {
          "x": 0.7173332571983337,
          "y": -0.09810714423656464,
          "z": 1.383771538734436
        },
        "tail": {
          "x": 0.7414530515670776,
          "y": -0.12188494205474854,
          "z": 1.3476266860961914
        },
        "rotation_quaternion": {
          "w": 0.43545055389404297,
          "x": -0.8595083951950073,
          "y": -0.2652663290500641,
          "z": -0.035526201128959656
        },
        "matrix": [
          [
            0.8567427396774292,
            0.48693716526031494,
            -0.16995227336883545,
            0.7173332571983337
          ],
          [
            0.42505937814712524,
            -0.4800330698490143,
            0.7673937082290649,
            -0.09810714423656464
          ],
          [
            0.29209232330322266,
            -0.7297042608261108,
            -0.6182458996772766,
            1.383771538734436
          ],
          [
            0.0,
            0.0,
            0.0,
            1.0
          ]
        ]
      },
      "bone_length_armature_space": 0.04953387733784443,
      "parent": "lowerarm_l",
      "has_children": true,
      "is_end_bone": false
    },
    "thumb_01_l": {
      "name": "thumb_01_l",
      "local": {
        "location": {
          "x": 0.0,
          "y": 0.0,
          "z": 0.0
        },
        "rotation_quaternion": {
          "w": 0.9871219396591187,
          "x": 0.15816040337085724,
          "y": -0.020424889400601387,
          "z": -0.012585906311869621
        },
        "scale": {
          "x": 1.0,
          "y": 1.0,
          "z": 1.0
        },
        "matrix_basis": [
          [
            0.9988488554954529,
            0.018386831507086754,
            -0.044304896146059036,
            0.0
          ],
          [
            -0.03130846470594406,
            0.9496537446975708,
            -0.31173306703567505,
            0.0
          ],
          [
            0.03634252771735191,
            0.3127613365650177,
            0.9491361975669861,
            0.0
          ],
          [
            0.0,
            0.0,
            0.0,
            1.0
          ]
        ],
        "rotation_mode": "QUATERNION"
      },
      "armature_space": {
        "head": {
          "x": 0.7414530515670776,
          "y": -0.18512894213199615,
          "z": 0.3977726101875305
        },
        "tail": {
          "x": 0.7540429830551147,
          "y": -0.17441032826900482,
          "z": 0.36801958084106445
        }
      },
      "world_space": {
        "head": {
          "x": 0.7414530515670776,
          "y": -0.12188494205474854,
          "z": 1.3476266860961914
        },
        "tail": {
          "x": 0.7540429830551147,
          "y": -0.1111663281917572,
          "z": 1.3178735971450806
        },
        "rotation_quaternion": {
          "w": 0.7570118308067322,
          "x": -0.42152002453804016,
          "y": 0.29048508405685425,
          "z": -0.4060448706150055
        },
        "matrix": [
          [
            0.5014905333518982,
            0.3698717951774597,
            0.7821136713027954,
            0.7414530515670776
          ],
          [
            -0.8596528172492981,
            0.31489625573158264,
            0.402290403842926,
            -0.12188494205474854
          ],
          [
            -0.09749007225036621,
            -0.8740971088409424,
            0.4758825898170471,
            1.3476266860961914
          ],
          [
            0.0,
            0.0,
            0.0,
            1.0
          ]
        ]
      },
      "bone_length_armature_space": 0.03403876942721444,
      "parent": "metacarpal_thumb_l",
      "has_children": true,
      "is_end_bone": false
    },
    "thumb_02_l": {
      "name": "thumb_02_l",
      "local": {
        "location": {
          "x": 0.0,
          "y": 0.0,
          "z": 0.0
        },
        "rotation_quaternion": {
          "w": 0.9389016032218933,
          "x": 0.34415945410728455,
          "y": -0.003203929867595434,
          "z": -0.0027911202050745487
        },
        "scale": {
          "x": 1.0,
          "y": 1.0,
          "z": 1.0
        },
        "matrix_basis": [
          [
            0.9999638795852661,
            0.0030358489602804184,
            -0.007937530986964703,
            0.0
          ],
          [
            -0.00744650000706315,
            0.7630929350852966,
            -0.6462458372116089,
            0.0
          ],
          [
            0.00409516878426075,
            0.6462815999984741,
            0.7630879878997803,
            0.0
          ],
          [
            0.0,
            0.0,
            0.0,
            1.0
          ]
        ],
        "rotation_mode": "QUATERNION"
      },
      "armature_space": {
        "head": {
          "x": 0.7540428638458252,
          "y": -0.17441031336784363,
          "z": 0.36801958084106445
        },
        "tail": {
          "x": 0.7874270677566528,
          "y": -0.18777453899383545,
          "z": 0.3859102725982666
        }
      },
      "world_space": {
        "head": {
          "x": 0.7540428638458252,
          "y": -0.11116631329059601,
          "z": 1.3178735971450806
        },
        "tail": {
          "x": 0.7874270677566528,
          "y": -0.12453053891658783,
          "z": 1.3357642889022827
        },
        "rotation_quaternion": {
          "w": 0.5699878931045532,
          "x": 0.26401636004447937,
          "y": -0.0935104489326477,
          "z": -0.7724409103393555
        },
        "matrix": [
          [
            -0.21081691980361938,
            0.8311882615089417,
            -0.5144723653793335,
            0.7540428638458252
          ],
          [
            -0.9299407601356506,
            -0.33273789286613464,
            -0.15651178359985352,
            -0.11116631329059601
          ],
          [
            -0.30127817392349243,
            0.4454365372657776,
            0.843108594417572,
            1.3178735971450806
          ],
          [
            0.0,
            0.0,
            0.0,
            1.0
          ]
        ]
      },
      "bone_length_armature_space": 0.040164467997754166,
      "parent": "thumb_01_l",
      "has_children": true,
      "is_end_bone": false
    },
    "thumb_03_l": {
      "name": "thumb_03_l",
      "local": {
        "location": {
          "x": 0.0,
          "y": 0.0,
          "z": 0.0
        },
        "rotation_quaternion": {
          "w": 0.9782719016075134,
          "x": 0.20718827843666077,
          "y": -0.0066640302538871765,
          "z": 0.003587970044463873
        },
        "scale": {
          "x": 1.0,
          "y": 1.0,
          "z": 1.0
        },
        "matrix_basis": [
          [
            0.9998854398727417,
            -0.00978143885731697,
            -0.011551696807146072,
            0.0
          ],
          [
            0.004258602857589722,
            0.9141203165054321,
            -0.4054207503795624,
            0.0
          ],
          [
            0.014525237493216991,
            0.40532511472702026,
            0.914057195186615,
            0.0
          ],
          [
            0.0,
            0.0,
            0.0,
            1.0
          ]
        ],
        "rotation_mode": "QUATERNION"
      },
      "armature_space": {
        "head": {
          "x": 0.7874270677566528,
          "y": -0.18777455389499664,
          "z": 0.38591018319129944
        },
        "tail": {
          "x": 0.7976948022842407,
          "y": -0.19869555532932281,
          "z": 0.41240933537483215
        }
      },
      "world_space": {
        "head": {
          "x": 0.7874270677566528,
          "y": -0.12453055381774902,
          "z": 1.3357641696929932
        },
        "tail": {
          "x": 0.7976948022842407,
          "y": -0.1354515552520752,
          "z": 1.3622633218765259
        },
        "rotation_quaternion": {
          "w": 0.5135971307754517,
          "x": 0.5716837644577026,
          "y": -0.23845291137695312,
          "z": -0.5937473773956299
        },
        "matrix": [
          [
            0.18120886385440826,
            0.3372572660446167,
            -0.9238076210021973,
            0.7874270677566528
          ],
          [
            -0.8825337886810303,
            -0.3587139844894409,
            -0.30407002568244934,
            -0.12453055381774902
          ],
          [
            -0.43393632769584656,
            0.8703977465629578,
            0.23264017701148987,
            1.3357641696929932
          ],
          [
            0.0,
            0.0,
            0.0,
            1.0
          ]
        ]
      },
      "bone_length_armature_space": 0.03044502753949743,
      "parent": "thumb_02_l",
      "has_children": false,
      "is_end_bone": true
    },
    "metacarpal_index_l": {
      "name": "metacarpal_index_l",
      "local": {
        "location": {
          "x": 0.0,
          "y": 0.0,
          "z": 0.0
        },
        "rotation_quaternion": {
          "w": 0.9997377991676331,
          "x": -0.018431998789310455,
          "y": 0.005511200055480003,
          "z": 0.012423804961144924
        },
        "scale": {
          "x": 1.0,
          "y": 1.0,
          "z": 1.0
        },
        "matrix_basis": [
          [
            0.9996305704116821,
            -0.025044260546565056,
            0.010561519302427769,
            0.0
          ],
          [
            0.02463793009519577,
            0.9990118145942688,
            0.03699127212166786,
            0.0
          ],
          [
            -0.011477501131594181,
            -0.03671739250421524,
            0.9992597699165344,
            0.0
          ],
          [
            0.0,
            0.0,
            0.0,
            1.0
          ]
        ],
        "rotation_mode": "QUATERNION"
      },
      "armature_space": {
        "head": {
          "x": 0.7173332571983337,
          "y": -0.16135114431381226,
          "z": 0.4339175522327423
        },
        "tail": {
          "x": 0.8029390573501587,
          "y": -0.2139347493648529,
          "z": 0.3736192584037781
        }
      },
      "world_space": {
        "head": {
          "x": 0.7173332571983337,
          "y": -0.09810714423656464,
          "z": 1.383771538734436
        },
        "tail": {
          "x": 0.8029390573501587,
          "y": -0.15069074928760529,
          "z": 1.3234732151031494
        },
        "rotation_quaternion": {
          "w": 0.23535116016864777,
          "x": -0.8417055606842041,
          "y": -0.46927908062934875,
          "z": 0.12617002427577972
        },
        "matrix": [
          [
            0.5277153253555298,
            0.7306010723114014,
            -0.43328776955604553,
            0.7173332571983337
          ],
          [
            0.8493791222572327,
            -0.44877374172210693,
            0.2777729630470276,
            -0.09810714423656464
          ],
          [
            0.008493782952427864,
            -0.5146145820617676,
            -0.8573878407478333,
            1.383771538734436
          ],
          [
            0.0,
            0.0,
            0.0,
            1.0
          ]
        ]
      },
      "bone_length_armature_space": 0.11717197891605396,
      "parent": "lowerarm_l",
      "has_children": true,
      "is_end_bone": false
    },
    "index_01_l": {
      "name": "index_01_l",
      "local": {
        "location": {
          "x": 0.0,
          "y": 0.0,
          "z": 0.0
        },
        "rotation_quaternion": {
          "w": 0.9674398303031921,
          "x": 0.252405047416687,
          "y": 0.007720026187598705,
          "z": 0.017094945535063744
        },
        "scale": {
          "x": 1.0,
          "y": 1.0,
          "z": 1.0
        },
        "matrix_basis": [
          [
            0.9992963075637817,
            -0.029179515317082405,
            0.023567022755742073,
            0.0
          ],
          [
            0.03697380796074867,
            0.8719989061355591,
            -0.48810943961143494,
            0.0
          ],
          [
            -0.00630762055516243,
            0.4886373281478882,
            0.8724641799926758,
            0.0
          ],
          [
            0.0,
            0.0,
            0.0,
            1.0
          ]
        ],
        "rotation_mode": "QUATERNION"
      },
      "armature_space": {
        "head": {
          "x": 0.8029390573501587,
          "y": -0.2139347493648529,
          "z": 0.3736192584037781
        },
        "tail": {
          "x": 0.8212321996688843,
          "y": -0.21500663459300995,
          "z": 0.3517723083496094
        }
      },
      "world_space": {
        "head": {
          "x": 0.8029390573501587,
          "y": -0.15069074928760529,
          "z": 1.3234732151031494
        },
        "tail": {
          "x": 0.8212321996688843,
          "y": -0.15176263451576233,
          "z": 1.3016263246536255
        },
        "rotation_quaternion": {
          "w": 0.396379679441452,
          "x": -0.6950419545173645,
          "y": -0.5692862272262573,
          "z": 0.18897897005081177
        },
        "matrix": [
          [
            0.2803970277309418,
            0.6415402889251709,
            -0.7140051126480103,
            0.8029390573501587
          ],
          [
            0.9411720633506775,
            -0.03759130835533142,
            0.33583134412765503,
            -0.15069074928760529
          ],
          [
            0.1886110007762909,
            -0.7661731243133545,
            -0.6143442392349243,
            1.3234732151031494
          ],
          [
            0.0,
            0.0,
            0.0,
            1.0
          ]
        ]
      },
      "bone_length_armature_space": 0.02851450876229199,
      "parent": "metacarpal_index_l",
      "has_children": true,
      "is_end_bone": false
    },
    "index_02_l": {
      "name": "index_02_l",
      "local": {
        "location": {
          "x": 0.0,
          "y": 0.0,
          "z": 0.0
        },
        "rotation_quaternion": {
          "w": 0.9186886548995972,
          "x": 0.3947581648826599,
          "y": -0.013316945172846317,
          "z": -4.9840200517792255e-05
        },
        "scale": {
          "x": 1.0,
          "y": 1.0,
          "z": 1.0
        },
        "matrix_basis": [
          [
            0.9996452927589417,
            -0.01042237039655447,
            -0.02450760267674923,
            0.0
          ],
          [
            -0.010605520568788052,
            0.6883319616317749,
            -0.7253183722496033,
            0.0
          ],
          [
            0.024428904056549072,
            0.7253209948539734,
            0.6879773139953613,
            0.0
          ],
          [
            0.0,
            0.0,
            0.0,
            1.0
          ]
        ],
        "rotation_mode": "QUATERNION"
      },
      "armature_space": {
        "head": {
          "x": 0.8212321400642395,
          "y": -0.2150067687034607,
          "z": 0.3517717719078064
        },
        "tail": {
          "x": 0.8199296593666077,
          "y": -0.21054521203041077,
          "z": 0.3265428841114044
        }
      },
      "world_space": {
        "head": {
          "x": 0.8212321400642395,
          "y": -0.15176276862621307,
          "z": 1.3016257286071777
        },
        "tail": {
          "x": 0.8199296593666077,
          "y": -0.14730121195316315,
          "z": 1.2763968706130981
        },
        "rotation_quaternion": {
          "w": 0.601189911365509,
          "x": -0.4831080138683319,
          "y": -0.47489967942237854,
          "z": 0.4238484799861908
        },
        "matrix": [
          [
            0.1896461844444275,
            -0.05077242851257324,
            -0.9805388450622559,
            0.8212321400642395
          ],
          [
            0.9684829711914062,
            0.1739177107810974,
            0.17830877006053925,
            -0.15176276862621307
          ],
          [
            0.16148175299167633,
            -0.9834573268890381,
            0.08215570449829102,
            1.3016257286071777
          ],
          [
            0.0,
            0.0,
            0.0,
            1.0
          ]
        ]
      },
      "bone_length_armature_space": 0.025653434470151386,
      "parent": "index_01_l",
      "has_children": true,
      "is_end_bone": false
    },
    "index_03_l": {
      "name": "index_03_l",
      "local": {
        "location": {
          "x": 0.0,
          "y": 0.0,
          "z": 0.0
        },
        "rotation_quaternion": {
          "w": 0.9645800590515137,
          "x": 0.26367002725601196,
          "y": -0.006675149314105511,
          "z": 0.00434600654989481
        },
        "scale": {
          "x": 1.0,
          "y": 1.0,
          "z": 1.0
        },
        "matrix_basis": [
          [
            0.9998731017112732,
            -0.01190421637147665,
            -0.010585608892142773,
            0.0
          ],
          [
            0.004864068701863289,
            0.8609184622764587,
            -0.5087197422981262,
            0.0
          ],
          [
            0.015169255435466766,
            0.5086036920547485,
            0.8608671426773071,
            0.0
          ],
          [
            0.0,
            0.0,
            0.0,
            1.0
          ]
        ],
        "rotation_mode": "QUATERNION"
      },
      "armature_space": {
        "head": {
          "x": 0.8199297785758972,
          "y": -0.21054527163505554,
          "z": 0.3265428841114044
        },
        "tail": {
          "x": 0.8026177883148193,
          "y": -0.2005712389945984,
          "z": 0.30522269010543823
        }
      },
      "world_space": {
        "head": {
          "x": 0.8199297785758972,
          "y": -0.14730127155780792,
          "z": 1.2763968706130981
        },
        "tail": {
          "x": 0.8026177883148193,
          "y": -0.13732723891735077,
          "z": 1.2550766468048096
        },
        "rotation_quaternion": {
          "w": 0.7474370002746582,
          "x": -0.25875332951545715,
          "y": -0.33469030261039734,
          "z": 0.5122178196907043
        },
        "matrix": [
          [
            0.25122877955436707,
            -0.5924979448318481,
            -0.7653954029083252,
            0.8199297785758972
          ],
          [
            0.9389063119888306,
            0.34135815501213074,
            0.04393300414085388,
            -0.14730127155780792
          ],
          [
            0.23524604737758636,
            -0.7296766042709351,
            0.6420634984970093,
            1.2763968706130981
          ],
          [
            0.0,
            0.0,
            0.0,
            1.0
          ]
        ]
      },
      "bone_length_armature_space": 0.029218778355421814,
      "parent": "index_02_l",
      "has_children": false,
      "is_end_bone": true
    },
    "metacarpal_pinky_l": {
      "name": "metacarpal_pinky_l",
      "local": {
        "location": {
          "x": 0.0,
          "y": 0.0,
          "z": 0.0
        },
        "rotation_quaternion": {
          "w": 0.9984654188156128,
          "x": -0.0529370978474617,
          "y": 0.013548826798796654,
          "z": -0.00899311900138855
        },
        "scale": {
          "x": 1.0,
          "y": 1.0,
          "z": 1.0
        },
        "matrix_basis": [
          [
            0.999471127986908,
            0.016524165868759155,
            0.02800820954144001,
            0.0
          ],
          [
            -0.019393106922507286,
            0.9942335486412048,
            0.1054680272936821,
            0.0
          ],
          [
            -0.026103930547833443,
            -0.10595541447401047,
            0.9940282106399536,
            0.0
          ],
          [
            0.0,
            0.0,
            0.0,
            1.0
          ]
        ],
        "rotation_mode": "QUATERNION"
      },
      "armature_space": {
        "head": {
          "x": 0.7173332571983337,
          "y": -0.16135114431381226,
          "z": 0.4339175522327423
        },
        "tail": {
          "x": 0.8194279670715332,
          "y": -0.15830446779727936,
          "z": 0.4136542081832886
        }
      },
      "world_space": {
        "head": {
          "x": 0.7173332571983337,
          "y": -0.09810714423656464,
          "z": 1.383771538734436
        },
        "tail": {
          "x": 0.8194279670715332,
          "y": -0.09506046772003174,
          "z": 1.3635082244873047
        },
        "rotation_quaternion": {
          "w": 0.5728222727775574,
          "x": 0.30308082699775696,
          "y": 0.43185970187187195,
          "z": -0.6273069381713867
        },
        "matrix": [
          [
            -0.16003195941448212,
            0.9804472923278809,
            0.11450999975204468,
            0.7173332571983337
          ],
          [
            -0.4568956792354584,
            0.029258236289024353,
            -0.8890392780303955,
            -0.09810714423656464
          ],
          [
            -0.8750131130218506,
            -0.1945951133966446,
            0.44328218698501587,
            1.383771538734436
          ],
          [
            0.0,
            0.0,
            0.0,
            1.0
          ]
        ]
      },
      "bone_length_armature_space": 0.10413075925373817,
      "parent": "lowerarm_l",
      "has_children": true,
      "is_end_bone": false
    },
    "pinky_01_l": {
      "name": "pinky_01_l",
      "local": {
        "location": {
          "x": 0.0,
          "y": 0.0,
          "z": 0.0
        },
        "rotation_quaternion": {
          "w": 0.9447733163833618,
          "x": 0.327459454536438,
          "y": 0.007275925949215889,
          "z": -0.010995997115969658
        },
        "scale": {
          "x": 1.0,
          "y": 1.0,
          "z": 1.0
        },
        "matrix_basis": [
          [
            0.9996523261070251,
            0.025542590767145157,
            0.006546714808791876,
            0.0
          ],
          [
            -0.01601230725646019,
            0.785298764705658,
            -0.6189098954200745,
            0.0
          ],
          [
            -0.02094968780875206,
            0.6185898780822754,
            0.7854347229003906,
            0.0
          ],
          [
            0.0,
            0.0,
            0.0,
            1.0
          ]
        ],
        "rotation_mode": "QUATERNION"
      },
      "armature_space": {
        "head": {
          "x": 0.8194279670715332,
          "y": -0.15830446779727936,
          "z": 0.4136542081832886
        },
        "tail": {
