{
  "metadata": {
    "armature_name": "KIM_caucasian_male",
    "export_time": "2026-01-13T21:02:40.859773",
    "blender_version": "4.4.1",
    "bone_count": 56,
    "end_bone_count": 13,
    "spaces_included": [
      "LOCAL_CHANNELS",
      "ARMATURE_SPACE",
      "WORLD_SPACE"
    ],
    "note": "LOCAL matches Transform panel; replay pose via local.matrix_basis for best fidelity."
  },
  "bones": {
    "Root": {
      "name": "Root",
      "local": {
        "location": {
          "x": 0.0,
          "y": 0.0,
          "z": 0.0
        },
        "rotation_quaternion": {
          "w": 0.9999207258224487,
          "x": 0.0008875184576027095,
          "y": -0.01249411515891552,
          "z": -0.0013237842358648777
        },
        "scale": {
          "x": 1.0,
          "y": 1.0,
          "z": 1.0
        },
        "matrix_basis": [
          [
            0.9996842741966248,
            0.002625181106850505,
            -0.024988599121570587,
            0.0
          ],
          [
            -0.002669536042958498,
            0.9999949336051941,
            -0.001741817221045494,
            0.0
          ],
          [
            0.024983899667859077,
            0.0018079752335324883,
            0.9996862411499023,
            0.0
          ],
          [
            0.0,
            0.0,
            0.0,
            1.0
          ]
        ],
        "rotation_mode": "QUATERNION"
      },
      "armature_space": {
        "head": {
          "x": 0.0,
          "y": 0.07072800397872925,
          "z": -0.009595036506652832
        },
        "tail": {
          "x": 0.0001873745786724612,
          "y": -1.6987323760986328e-05,
          "z": -0.0001279246062040329
        }
      },
      "world_space": {
        "head": {
          "x": 0.0,
          "y": 0.13397200405597687,
          "z": 0.9402589797973633
        },
        "tail": {
          "x": 0.0001873745786724612,
          "y": 0.06322701275348663,
          "z": 0.9497261047363281
        },
        "rotation_quaternion": {
          "w": 0.06647680699825287,
          "x": 0.9977088570594788,
          "y": 0.00047907463158480823,
          "z": -0.012554912827908993
        },
        "matrix": [
          [
            0.9996842741966248,
            0.002625181106850505,
            -0.024988599121570587,
            0.0
          ],
          [
            -0.0007132729515433311,
            -0.9911612272262573,
            -0.13266150653362274,
            0.13397200405597687
          ],
          [
            -0.025116166099905968,
            0.13263742625713348,
            -0.9908534288406372,
            0.9402589797973633
          ],
          [
            0.0,
            0.0,
            0.0,
            1.0
          ]
        ]
      },
      "bone_length_armature_space": 0.07137587307381382,
      "parent": null,
      "has_children": true,
      "is_end_bone": false
    },
    "spine_01": {
      "name": "spine_01",
      "local": {
        "location": {
          "x": 0.0,
          "y": 0.0,
          "z": 0.0
        },
        "rotation_quaternion": {
          "w": 0.996306300163269,
          "x": -0.046416591852903366,
          "y": 0.025547325611114502,
          "z": -0.06757675856351852
        },
        "scale": {
          "x": 1.0,
          "y": 1.0,
          "z": 1.0
        },
        "matrix_basis": [
          [
            0.9895614385604858,
            0.13228265941143036,
            0.0571792870759964,
            0.0
          ],
          [
            -0.13702593743801117,
            0.9865577816963196,
            0.08903747797012329,
            0.0
          ],
          [
            -0.04463255777955055,
            -0.09594309329986572,
            0.9943856596946716,
            0.0
          ],
          [
            0.0,
            0.0,
            0.0,
            1.0
          ]
        ],
        "rotation_mode": "QUATERNION"
      },
      "armature_space": {
        "head": {
          "x": 0.0001873745786724612,
          "y": -1.6987323760986328e-05,
          "z": -0.0001279246062040329
        },
        "tail": {
          "x": 0.07679665833711624,
          "y": 0.068353570997715,
          "z": 0.4769517183303833
        }
      },
      "world_space": {
        "head": {
          "x": 0.0001873745786724612,
          "y": 0.06322701275348663,
          "z": 0.9497261047363281
        },
        "tail": {
          "x": 0.07679665833711624,
          "y": 0.1315975785255432,
          "z": 1.4268057346343994
        },
        "rotation_quaternion": {
          "w": 0.7513454556465149,
          "x": 0.654502809047699,
          "y": 0.07437263429164886,
          "z": -0.039683230221271515
        },
        "matrix": [
          [
            0.9857879281044006,
            0.15698584914207458,
            0.05981253832578659,
            0.0001873745786724612
          ],
          [
            0.03772148862481117,
            0.14010325074195862,
            -0.9894182085990906,
            0.06322701275348663
          ],
          [
            -0.1637057065963745,
            0.9776197075843811,
            0.13219037652015686,
            0.9497261047363281
          ],
          [
            0.0,
            0.0,
            0.0,
            1.0
          ]
        ]
      },
      "bone_length_armature_space": 0.48800459653746936,
      "parent": "Root",
      "has_children": true,
      "is_end_bone": false
    },
    "neck_01": {
      "name": "neck_01",
      "local": {
        "location": {
          "x": 0.0,
          "y": 0.0,
          "z": 0.0
        },
        "rotation_quaternion": {
          "w": 0.9903383255004883,
          "x": 0.004935932345688343,
          "y": 0.052601102739572525,
          "z": 0.1282145380973816
        },
        "scale": {
          "x": 1.0,
          "y": 1.0,
          "z": 1.0
        },
        "matrix_basis": [
          [
            0.9615883231163025,
            -0.2534322738647461,
            0.10545149445533752,
            0.0
          ],
          [
            0.2544708251953125,
            0.9670733213424683,
            0.0037119663320481777,
            0.0
          ],
          [
            -0.1029200628399849,
            0.023264938965439796,
            0.9944175481796265,
            0.0
          ],
          [
            0.0,
            0.0,
            0.0,
            1.0
          ]
        ],
        "rotation_mode": "QUATERNION"
      },
      "armature_space": {
        "head": {
          "x": 0.09036524593830109,
          "y": 0.04429825767874718,
          "z": 0.553115963935852
        },
        "tail": {
          "x": 0.08138857036828995,
          "y": 0.016634199768304825,
          "z": 0.6514260768890381
        }
      },
      "world_space": {
        "head": {
          "x": 0.09036524593830109,
          "y": 0.1075422614812851,
          "z": 1.5029699802398682
        },
        "tail": {
          "x": 0.08138857036828995,
          "y": 0.07987819612026215,
          "z": 1.6012800931930542
        },
        "rotation_quaternion": {
          "w": 0.6041988730430603,
          "x": 0.7940897941589355,
          "y": -0.005005771294236183,
          "z": 0.06587982922792435
        },
        "matrix": [
          [
            0.9912696480751038,
            -0.08755912631750107,
            0.09857946634292603,
            0.09036524593830109
          ],
          [
            0.07165846228599548,
            -0.26983708143234253,
            -0.9602361917495728,
            0.1075422614812851
          ],
          [
            0.11067864298820496,
            0.9589232802391052,
            -0.2612096667289734,
            1.5029699802398682
          ],
          [
            0.0,
            0.0,
            0.0,
            1.0
          ]
        ]
      },
      "bone_length_armature_space": 0.10252199314731222,
      "parent": "spine_01",
      "has_children": true,
      "is_end_bone": false
    },
    "head": {
      "name": "head",
      "local": {
        "location": {
          "x": 0.0,
          "y": 0.0,
          "z": 0.0
        },
        "rotation_quaternion": {
          "w": 0.9829788208007812,
          "x": -0.05150872841477394,
          "y": -0.07624936103820801,
          "z": -0.15901489555835724
        },
        "scale": {
          "x": 1.0,
          "y": 1.0,
          "z": 1.0
        },
        "matrix_basis": [
          [
            0.9378005862236023,
            0.32047155499458313,
            -0.13352170586585999,
            0.0
          ],
          [
            -0.30476152896881104,
            0.9441222548484802,
            0.12551355361938477,
            0.0
          ],
          [
            0.16628432273864746,
            -0.07701440900564194,
            0.9830657839775085,
            0.0
          ],
          [
            0.0,
            0.0,
            0.0,
            1.0
          ]
        ],
        "rotation_mode": "QUATERNION"
      },
      "armature_space": {
        "head": {
          "x": 0.08138859272003174,
          "y": 0.01663406938314438,
          "z": 0.6514259576797485
        },
        "tail": {
          "x": 0.11271447688341141,
          "y": 0.045893535017967224,
          "z": 0.8004758358001709
        }
      },
      "world_space": {
        "head": {
          "x": 0.08138859272003174,
          "y": 0.079878069460392,
          "z": 1.6012799739837646
        },
        "tail": {
          "x": 0.11271447688341141,
          "y": 0.10913753509521484,
          "z": 1.750329852104187
        },
        "rotation_quaternion": {
          "w": 0.7703917026519775,
          "x": 0.6277570724487305,
          "y": 0.028755517676472664,
          "z": -0.10766072571277618
        },
        "matrix": [
          [
            0.975164532661438,
            0.2019849270582199,
            -0.09086471796035767,
            0.08138859272003174
          ],
          [
            -0.12978020310401917,
            0.18866094946861267,
            -0.9734293818473816,
            0.079878069460392
          ],
          [
            -0.179476797580719,
            0.9610529541969299,
            0.2101895809173584,
            1.6012799739837646
          ],
          [
            0.0,
            0.0,
            0.0,
            1.0
          ]
        ]
      },
      "bone_length_armature_space": 0.1550912404775004,
      "parent": "neck_01",
      "has_children": false,
      "is_end_bone": true
    },
    "upperarm_l": {
      "name": "upperarm_l",
      "local": {
        "location": {
          "x": 0.0,
          "y": 0.0,
          "z": 0.0
        },
        "rotation_quaternion": {
          "w": 0.8285506963729858,
          "x": 0.2187640219926834,
          "y": 0.3606013059616089,
          "z": 0.3682566285133362
        },
        "scale": {
          "x": 1.0,
          "y": 1.0,
          "z": 1.0
        },
        "matrix_basis": [
          [
            0.46870750188827515,
            -0.45246538519859314,
            0.7586755156517029,
            0.0
          ],
          [
            0.768011748790741,
            0.6330587267875671,
            -0.09692652523517609,
            0.0
          ],
          [
            -0.43643033504486084,
            0.6281018257141113,
            0.6442180275917053,
            0.0
          ],
          [
            0.0,
            0.0,
            0.0,
            1.0
          ]
        ],
        "rotation_mode": "QUATERNION"
      },
      "armature_space": {
        "head": {
          "x": 0.2278735339641571,
          "y": 0.03738507255911827,
          "z": 0.46327802538871765
        },
        "tail": {
          "x": 0.43169093132019043,
          "y": -0.10265541076660156,
          "z": 0.5665005445480347
        }
      },
      "world_space": {
        "head": {
          "x": 0.2278735339641571,
          "y": 0.10062907636165619,
          "z": 1.4131320714950562
        },
        "tail": {
          "x": 0.43169093132019043,
          "y": -0.03941141068935394,
          "z": 1.5163545608520508
        },
        "rotation_quaternion": {
          "w": 0.3341025412082672,
          "x": 0.8375195860862732,
          "y": 0.35647672414779663,
          "z": -0.2446649819612503
        },
        "matrix": [
          [
            0.6261265873908997,
            0.7605993747711182,
            -0.1716223955154419,
            0.2278735339641571
          ],
          [
            0.43362724781036377,
            -0.5225987434387207,
            -0.73406982421875,
            0.10062907636165619
          ],
          [
            -0.648026704788208,
            0.38520267605781555,
            -0.657034695148468,
            1.4131320714950562
          ],
          [
            0.0,
            0.0,
            0.0,
            1.0
          ]
        ]
      },
      "bone_length_armature_space": 0.26796969595706005,
      "parent": "spine_01",
      "has_children": true,
      "is_end_bone": false
    },
    "lowerarm_l": {
      "name": "lowerarm_l",
      "local": {
        "location": {
          "x": 0.0,
          "y": 0.0,
          "z": 0.0
        },
        "rotation_quaternion": {
          "w": 0.9571310877799988,
          "x": 0.2848145067691803,
          "y": 0.0413813553750515,
          "z": -0.032686229795217514
        },
        "scale": {
          "x": 1.0,
          "y": 1.0,
          "z": 1.0
        },
        "matrix_basis": [
          [
            0.9944384098052979,
            0.08614203333854675,
            0.060595739632844925,
            0.0
          ],
          [
            -0.038997992873191833,
            0.835624635219574,
            -0.5479148626327515,
            0.0
          ],
          [
            -0.0978337898850441,
            0.5425044298171997,
            0.8343365788459778,
            0.0
          ],
          [
            0.0,
            0.0,
            0.0,
            1.0
          ]
        ],
        "rotation_mode": "QUATERNION"
      },
      "armature_space": {
        "head": {
          "x": 0.43169087171554565,
          "y": -0.10265554487705231,
          "z": 0.5665006637573242
        },
        "tail": {
          "x": 0.549814760684967,
          "y": -0.3413131833076477,
          "z": 0.5408362150192261
        }
      },
      "world_space": {
        "head": {
          "x": 0.43169087171554565,
          "y": -0.03941154479980469,
          "z": 1.5163546800613403
        },
        "tail": {
          "x": 0.549814760684967,
          "y": -0.2780691981315613,
          "z": 1.4906902313232422
        },
        "rotation_quaternion": {
          "w": 0.03765641525387764,
          "x": 0.9044229388237,
          "y": 0.22920216619968414,
          "z": -0.3578653931617737
        },
        "matrix": [
          [
            0.6387970447540283,
            0.44154414534568787,
            -0.630061149597168,
            0.43169087171554565
          ],
          [
            0.38763976097106934,
            -0.8920965194702148,
            -0.23216325044631958,
            -0.03941154479980469
          ],
          [
            -0.6645898818969727,
            -0.09593302011489868,
            -0.7410340309143066,
            1.5163546800613403
          ],
          [
            0.0,
            0.0,
            0.0,
            1.0
          ]
        ]
      },
      "bone_length_armature_space": 0.2675245502884246,
      "parent": "upperarm_l",
      "has_children": true,
      "is_end_bone": false
    },
    "metacarpal_thumb_l": {
      "name": "metacarpal_thumb_l",
      "local": {
        "location": {
          "x": 0.0,
          "y": 0.0,
          "z": 0.0
        },
        "rotation_quaternion": {
          "w": 0.9998912215232849,
          "x": -0.009574971161782742,
          "y": 3.111269325017929e-05,
          "z": -0.011222532019019127
        },
        "scale": {
          "x": 1.0,
          "y": 1.0,
          "z": 1.0
        },
        "matrix_basis": [
          [
            0.9997481107711792,
            0.022442026063799858,
            0.00027712946757674217,
            0.0
          ],
          [
            -0.022443218156695366,
            0.9995647668838501,
            0.01914716139435768,
            0.0
          ],
          [
            0.0001526922278571874,
            -0.019148558378219604,
            0.9998166561126709,
            0.0
          ],
          [
            0.0,
            0.0,
            0.0,
            1.0
          ]
        ],
        "rotation_mode": "QUATERNION"
      },
      "armature_space": {
        "head": {
          "x": 0.549814760684967,
          "y": -0.3413131833076477,
          "z": 0.5408362150192261
        },
        "tail": {
          "x": 0.5548263192176819,
          "y": -0.3802516758441925,
          "z": 0.5106322765350342
        }
      },
      "world_space": {
        "head": {
          "x": 0.549814760684967,
          "y": -0.2780691981315613,
          "z": 1.4906902313232422
        },
        "tail": {
          "x": 0.5548263192176819,
          "y": -0.3170076608657837,
          "z": 1.4604862928390503
        },
        "rotation_quaternion": {
          "w": 0.3226926326751709,
          "x": -0.894784688949585,
          "y": 0.05309472233057022,
          "z": -0.30399149656295776
        },
        "matrix": [
          [
            0.8095405697822571,
            0.10117421299219131,
            0.5782799124717712,
            0.549814760684967
          ],
          [
            -0.29120782017707825,
            -0.7861016988754272,
            0.5451995730400085,
            -0.2780691981315613
          ],
          [
            0.5097503662109375,
            -0.6097656488418579,
            -0.6069222688674927,
            1.4906902313232422
          ],
          [
            0.0,
            0.0,
            0.0,
            1.0
          ]
        ]
      },
      "bone_length_armature_space": 0.049533824898617324,
      "parent": "lowerarm_l",
      "has_children": true,
      "is_end_bone": false
    },
    "thumb_01_l": {
      "name": "thumb_01_l",
      "local": {
        "location": {
          "x": 0.0,
          "y": 0.0,
          "z": 0.0
        },
        "rotation_quaternion": {
          "w": 0.999653697013855,
          "x": -0.02136809192597866,
          "y": -0.0026981839910149574,
          "z": -0.015123226679861546
        },
        "scale": {
          "x": 1.0,
          "y": 1.0,
          "z": 1.0
        },
        "matrix_basis": [
          [
            0.9995279908180237,
            0.030351288616657257,
            -0.00474819028750062,
            0.0
          ],
          [
            -0.030120668932795525,
            0.9986293911933899,
            0.04280299320816994,
            0.0
          ],
          [
            0.006040808279067278,
            -0.04263977333903313,
            0.999072253704071,
            0.0
          ],
          [
            0.0,
            0.0,
            0.0,
            1.0
          ]
        ],
        "rotation_mode": "QUATERNION"
      },
      "armature_space": {
        "head": {
          "x": 0.5548263192176819,
          "y": -0.3802516758441925,
          "z": 0.5106322765350342
        },
        "tail": {
          "x": 0.5667625069618225,
          "y": -0.3834885060787201,
          "z": 0.47891965508461
        }
      },
      "world_space": {
        "head": {
          "x": 0.5548263192176819,
          "y": -0.3170076608657837,
          "z": 1.4604862928390503
        },
        "tail": {
          "x": 0.5667625069618225,
          "y": -0.3202444911003113,
          "z": 1.4287736415863037
        },
        "rotation_quaternion": {
          "w": 0.486900269985199,
          "x": -0.3214527666568756,
          "y": 0.46409177780151367,
          "z": -0.6664947271347046
        },
        "matrix": [
          [
            -0.31919029355049133,
            0.350665807723999,
            0.8804266452789307,
            0.5548263192176819
          ],
          [
            -0.9474009275436401,
            -0.0950930267572403,
            -0.3055965304374695,
            -0.3170076608657837
          ],
          [
            -0.023440686985850334,
            -0.9316670298576355,
            0.3625761866569519,
            1.4604862928390503
          ],
          [
            0.0,
            0.0,
            0.0,
            1.0
          ]
        ]
      },
      "bone_length_armature_space": 0.034038800795748204,
      "parent": "metacarpal_thumb_l",
      "has_children": true,
      "is_end_bone": false
    },
    "thumb_02_l": {
      "name": "thumb_02_l",
      "local": {
        "location": {
          "x": 0.0,
          "y": 0.0,
          "z": 0.0
        },
        "rotation_quaternion": {
          "w": 0.9949710369110107,
          "x": 0.09995817393064499,
          "y": -0.005507659167051315,
          "z": 0.003292814828455448
        },
        "scale": {
          "x": 1.0,
          "y": 1.0,
          "z": 1.0
        },
        "matrix_basis": [
          [
            0.9999176263809204,
            -0.007653581909835339,
            -0.010301635600626469,
            0.0
          ],
          [
            0.005451439879834652,
            0.9799950122833252,
            -0.1989472508430481,
            0.0
          ],
          [
            0.01161821000277996,
            0.19887469708919525,
            0.9799560308456421,
            0.0
          ],
          [
            0.0,
            0.0,
            0.0,
            1.0
          ]
        ],
        "rotation_mode": "QUATERNION"
      },
      "armature_space": {
        "head": {
          "x": 0.5667624473571777,
          "y": -0.3834884762763977,
          "z": 0.4789196848869324
        },
        "tail": {
          "x": 0.586553692817688,
          "y": -0.41836419701576233,
          "z": 0.47664588689804077
        }
      },
      "world_space": {
        "head": {
          "x": 0.5667624473571777,
          "y": -0.3202444911003113,
          "z": 1.4287736415863037
        },
        "tail": {
          "x": 0.586553692817688,
          "y": -0.3551201820373535,
          "z": 1.426499843597412
        },
        "rotation_quaternion": {
          "w": 0.25209009647369385,
          "x": 0.07064419239759445,
          "y": 0.047839514911174774,
          "z": -0.963935375213623
        },
        "matrix": [
          [
            -0.8629199862480164,
            0.49275633692741394,
            -0.11207277327775955,
            0.5667624473571777
          ],
          [
            -0.4792381525039673,
            -0.8683241009712219,
            -0.1278456449508667,
            -0.3202444911003113
          ],
          [
            -0.16031378507614136,
            -0.056612029671669006,
            0.9854485392570496,
            1.4287736415863037
          ],
          [
            0.0,
            0.0,
            0.0,
            1.0
          ]
        ]
      },
      "bone_length_armature_space": 0.04016440540896762,
      "parent": "thumb_01_l",
      "has_children": true,
      "is_end_bone": false
    },
    "thumb_03_l": {
      "name": "thumb_03_l",
      "local": {
        "location": {
          "x": 0.0,
          "y": 0.0,
          "z": 0.0
        },
        "rotation_quaternion": {
          "w": 0.9991121292114258,
          "x": 0.042098503559827805,
          "y": 0.0012197692412883043,
          "z": -0.0011191073572263122
        },
        "scale": {
          "x": 1.0,
          "y": 1.0,
          "z": 1.0
        },
        "matrix_basis": [
          [
            0.9999945163726807,
            0.0023389284033328295,
            0.002343147061765194,
            0.0
          ],
          [
            -0.0021335266064852476,
            0.9964529275894165,
            -0.08412498235702515,
            0.0
          ],
          [
            -0.002531598089262843,
            0.0841195210814476,
            0.9964524507522583,
            0.0
          ],
          [
            0.0,
            0.0,
            0.0,
            1.0
          ]
        ],
        "rotation_mode": "QUATERNION"
      },
      "armature_space": {
        "head": {
          "x": 0.5865536332130432,
          "y": -0.41836416721343994,
          "z": 0.476645827293396
        },
        "tail": {
          "x": 0.6026394963264465,
          "y": -0.4424596130847931,
          "z": 0.48600247502326965
        }
      },
      "world_space": {
        "head": {
          "x": 0.5865536332130432,
          "y": -0.3551201820373535,
          "z": 1.426499843597412
        },
        "tail": {
          "x": 0.6026394963264465,
          "y": -0.3792155981063843,
          "z": 1.4358564615249634
        },
        "rotation_quaternion": {
          "w": 0.31602805852890015,
          "x": 0.2975824773311615,
          "y": -0.0663609504699707,
          "z": -0.8984249234199524
        },
        "matrix": [
          [
            -0.6231414079666138,
            0.5283602476119995,
            -0.5766544342041016,
            0.5865536332130432
          ],
          [
            -0.6073511838912964,
            -0.7914447784423828,
            -0.06884927302598953,
            -0.3551201820373535
          ],
          [
            -0.492771178483963,
            0.3073304295539856,
            0.8140877485275269,
            1.426499843597412
          ],
          [
            0.0,
            0.0,
            0.0,
            1.0
          ]
        ]
      },
      "bone_length_armature_space": 0.030444906970452778,
      "parent": "thumb_02_l",
      "has_children": false,
      "is_end_bone": true
    },
    "metacarpal_index_l": {
      "name": "metacarpal_index_l",
      "local": {
        "location": {
          "x": 0.0,
          "y": 0.0,
          "z": 0.0
        },
        "rotation_quaternion": {
          "w": 0.9996341466903687,
          "x": 0.025633083656430244,
          "y": 0.007419107016175985,
          "z": 0.004428839311003685
        },
        "scale": {
          "x": 1.0,
          "y": 1.0,
          "z": 1.0
        },
        "matrix_basis": [
          [
            0.9998506903648376,
            -0.008474089205265045,
            0.015059835277497768,
            0.0
          ],
          [
            0.009234786964952946,
            0.9986466765403748,
            -0.051181696355342865,
            0.0
          ],
          [
            -0.014605735428631306,
            0.0513131283223629,
            0.9985758066177368,
            0.0
          ],
          [
            0.0,
            0.0,
            0.0,
            1.0
          ]
        ],
        "rotation_mode": "QUATERNION"
      },
      "armature_space": {
        "head": {
          "x": 0.549814760684967,
          "y": -0.3413131833076477,
          "z": 0.5408362150192261
        },
        "tail": {
          "x": 0.579742431640625,
          "y": -0.44449490308761597,
          "z": 0.49406948685646057
        }
      },
      "world_space": {
        "head": {
          "x": 0.549814760684967,
          "y": -0.2780691981315613,
          "z": 1.4906902313232422
        },
        "tail": {
          "x": 0.579742431640625,
          "y": -0.38125091791152954,
          "z": 1.4439234733581543
        },
        "rotation_quaternion": {
          "w": 0.21442478895187378,
          "x": -0.9673646092414856,
          "y": -0.1171363964676857,
          "z": -0.06713306903839111
        },
        "matrix": [
          [
            0.963544487953186,
            0.2554171681404114,
            0.07964993268251419,
            0.549814760684967
          ],
          [
            0.197837695479393,
            -0.8806024789810181,
            0.4305810332298279,
            -0.2780691981315613
          ],
          [
            0.18011917173862457,
            -0.3991297781467438,
            -0.8990365862846375,
            1.4906902313232422
          ],
          [
            0.0,
            0.0,
            0.0,
            1.0
          ]
        ]
      },
      "bone_length_armature_space": 0.11717192228412704,
      "parent": "lowerarm_l",
      "has_children": true,
      "is_end_bone": false
    },
    "index_01_l": {
      "name": "index_01_l",
      "local": {
        "location": {
          "x": 0.0,
          "y": 0.0,
          "z": 0.0
        },
        "rotation_quaternion": {
          "w": 0.9905816316604614,
          "x": -0.13677649199962616,
          "y": -0.001562405377626419,
          "z": 0.006148369517177343
        },
        "scale": {
          "x": 1.0,
          "y": 1.0,
          "z": 1.0
        },
        "matrix_basis": [
          [
            0.9999195337295532,
            -0.011753522790968418,
            -0.0047772848047316074,
            0.0
          ],
          [
            0.01260832417756319,
            0.9625087976455688,
            0.270957350730896,
            0.0
          ],
          [
            0.0014134752564132214,
            -0.27099576592445374,
            0.9625794887542725,
            0.0
          ],
          [
            0.0,
            0.0,
            0.0,
            1.0
          ]
        ],
        "rotation_mode": "QUATERNION"
      },
      "armature_space": {
        "head": {
          "x": 0.579742431640625,
          "y": -0.44449490308761597,
          "z": 0.49406948685646057
        },
        "tail": {
          "x": 0.5935242176055908,
          "y": -0.4693868160247803,
          "z": 0.4959469437599182
        }
      },
      "world_space": {
        "head": {
          "x": 0.579742431640625,
          "y": -0.38125091791152954,
          "z": 1.4439234733581543
        },
        "tail": {
          "x": 0.5935242176055908,
          "y": -0.40614283084869385,
          "z": 1.445801019668579
        },
        "rotation_quaternion": {
          "w": 0.00832014624029398,
          "x": -0.9540277719497681,
          "y": -0.2518938481807709,
          "z": -0.16220763325691223
        },
        "matrix": [
          [
            0.8204764127731323,
            0.48332679271698,
            0.30530932545661926,
            0.579742431640625
          ],
          [
            0.47792866826057434,
            -0.8729606866836548,
            0.09759365022182465,
            -0.38125091791152954
          ],
          [
            0.3136953115463257,
            0.06584243476390839,
            -0.9472456574440002,
            1.4439234733581543
          ],
          [
            0.0,
            0.0,
            0.0,
            1.0
          ]
        ]
      },
      "bone_length_armature_space": 0.02851437889601987,
      "parent": "metacarpal_index_l",
      "has_children": true,
      "is_end_bone": false
    },
    "index_02_l": {
      "name": "index_02_l",
      "local": {
        "location": {
          "x": 0.0,
          "y": 0.0,
          "z": 0.0
        },
        "rotation_quaternion": {
          "w": 0.9999370574951172,
          "x": 0.003936477471143007,
          "y": -0.006038915831595659,
          "z": 0.008609198965132236
        },
        "scale": {
          "x": 1.0,
          "y": 1.0,
          "z": 1.0
        },
        "matrix_basis": [
          [
            0.9997788071632385,
            -0.01726485788822174,
            -0.012009291909635067,
            0.0
          ],
          [
            0.0171697698533535,
            0.9998207688331604,
            -0.007976439781486988,
            0.0
          ],
          [
            0.012144851498305798,
            0.007768478710204363,
            0.9998960494995117,
            0.0
          ],
          [
            0.0,
            0.0,
            0.0,
            1.0
          ]
        ],
        "rotation_mode": "QUATERNION"
      },
      "armature_space": {
        "head": {
          "x": 0.5935242772102356,
          "y": -0.4693872332572937,
          "z": 0.49594658613204956
        },
        "tail": {
          "x": 0.6059797406196594,
          "y": -0.49167683720588684,
          "z": 0.4984215199947357
        }
      },
      "world_space": {
        "head": {
          "x": 0.5935242772102356,
          "y": -0.4061432480812073,
          "z": 1.445800542831421
        },
        "tail": {
          "x": 0.6059797406196594,
          "y": -0.428432822227478,
          "z": 1.4482755661010742
        },
        "rotation_quaternion": {
          "w": 0.01599092036485672,
          "x": 0.958043098449707,
          "y": 0.25554734468460083,
          "z": 0.12881487607955933
        },
        "matrix": [
          [
            0.8362046480178833,
            0.4855310320854187,
            0.2549930810928345,
            0.5935242772102356
          ],
          [
            0.4937708079814911,
            -0.8688798546791077,
            0.03519664332270622,
            -0.4061432480812073
          ],
          [
            0.23864956200122833,
            0.09647639095783234,
            -0.9663089513778687,
            1.445800542831421
          ],
          [
            0.0,
            0.0,
            0.0,
            1.0
          ]
        ]
      },
      "bone_length_armature_space": 0.025653270516599918,
      "parent": "index_01_l",
      "has_children": true,
      "is_end_bone": false
    },
    "index_03_l": {
      "name": "index_03_l",
      "local": {
        "location": {
          "x": 0.0,
          "y": 0.0,
          "z": 0.0
        },
        "rotation_quaternion": {
          "w": 0.9998908042907715,
          "x": 0.010647660121321678,
          "y": 0.009338991716504097,
          "z": -0.004246036056429148
        },
        "scale": {
          "x": 1.0,
          "y": 1.0,
          "z": 1.0
        },
        "matrix_basis": [
          [
            0.9997895359992981,
            0.008690021932125092,
            0.01858552359044552,
            0.0
          ],
          [
            -0.00829226803034544,
            0.9997372031211853,
            -0.021372301504015923,
            0.0
          ],
          [
            -0.018766364082694054,
            0.02121368795633316,
            0.9995988011360168,
            0.0
          ],
          [
            0.0,
            0.0,
            0.0,
            1.0
          ]
        ],
        "rotation_mode": "QUATERNION"
      },
      "armature_space": {
        "head": {
          "x": 0.6059796214103699,
          "y": -0.49167683720588684,
          "z": 0.49842166900634766
        },
        "tail": {
          "x": 0.6232799887657166,
          "y": -0.5152192711830139,
          "z": 0.49885016679763794
        }
      },
      "world_space": {
        "head": {
          "x": 0.6059796214103699,
          "y": -0.428432822227478,
          "z": 1.4482756853103638
        },
        "tail": {
          "x": 0.6232799887657166,
          "y": -0.4519752860069275,
          "z": 1.4487042427062988
        },
        "rotation_quaternion": {
          "w": 0.043508850038051605,
          "x": -0.9373148679733276,
          "y": -0.30861154198646545,
          "z": -0.15590667724609375
        },
        "matrix": [
          [
            0.7609041929244995,
            0.5920990705490112,
            0.2654120624065399,
            0.6059796214103699
          ],
          [
            0.5649661421775818,
            -0.8057318925857544,
            0.17779231071472168,
            -0.428432822227478
          ],
          [
            0.3191244304180145,
            0.014665283262729645,
            -0.9476068615913391,
            1.4482756853103638
          ],
          [
            0.0,
            0.0,
            0.0,
            1.0
          ]
        ]
      },
      "bone_length_armature_space": 0.029218701435975124,
      "parent": "index_02_l",
      "has_children": false,
      "is_end_bone": true
    },
    "metacarpal_pinky_l": {
      "name": "metacarpal_pinky_l",
      "local": {
        "location": {
          "x": 0.0,
          "y": 0.0,
          "z": 0.0
        },
        "rotation_quaternion": {
          "w": 0.9998184442520142,
          "x": -0.0051629687659442425,
          "y": -0.015197152271866798,
          "z": -0.01027423981577158
        },
        "scale": {
          "x": 1.0,
          "y": 1.0,
          "z": 1.0
        },
        "matrix_basis": [
          [
            0.9993269443511963,
            0.02070167288184166,
            -0.030282694846391678,
            0.0
          ],
          [
            -0.02038782462477684,
            0.9997355937957764,
            0.010636340826749802,
            0.0
          ],
          [
            0.030494878068566322,
            -0.010011784732341766,
            0.9994847774505615,
            0.0
          ],
          [
            0.0,
            0.0,
            0.0,
            1.0
          ]
        ],
        "rotation_mode": "QUATERNION"
      },
      "armature_space": {
        "head": {
          "x": 0.549814760684967,
          "y": -0.3413131833076477,
          "z": 0.5408362150192261
        },
        "tail": {
          "x": 0.6140514016151428,
          "y": -0.4225049912929535,
          "z": 0.5520058274269104
        }
      },
      "world_space": {
        "head": {
          "x": 0.549814760684967,
          "y": -0.2780691981315613,
          "z": 1.4906902313232422
        },
        "tail": {
          "x": 0.6140514016151428,
          "y": -0.3592609763145447,
          "z": 1.5018599033355713
        },
        "rotation_quaternion": {
          "w": 0.30760377645492554,
          "x": 0.4986953139305115,
          "y": 0.12459732592105865,
          "z": -0.8007237911224365
        },
        "matrix": [
          [
            -0.31336548924446106,
            0.6168844103813171,
            -0.7219803333282471,
            0.549814760684967
          ],
          [
            -0.36833998560905457,
            -0.7797102332115173,
            -0.5063381195068359,
            -0.2780691981315613
          ],
          [
            -0.8752939701080322,
            0.1072654202580452,
            0.47156018018722534,
            1.4906902313232422
          ],
          [
            0.0,
            0.0,
            0.0,
            1.0
          ]
        ]
      },
      "bone_length_armature_space": 0.10413076515803009,
      "parent": "lowerarm_l",
      "has_children": true,
      "is_end_bone": false
    },
    "pinky_01_l": {
      "name": "pinky_01_l",
      "local": {
        "location": {
          "x": 0.0,
          "y": 0.0,
          "z": 0.0
        },
        "rotation_quaternion": {
          "w": 0.9593737125396729,
          "x": 0.2819547653198242,
          "y": 0.009905378334224224,
          "z": -0.0023630557116121054
        },
        "scale": {
          "x": 1.0,
          "y": 1.0,
          "z": 1.0
        },
        "matrix_basis": [
          [
            0.9997925758361816,
            0.010119844228029251,
            0.017673369497060776,
            0.0
          ],
          [
            0.001051630242727697,
            0.8409918546676636,
            -0.5410467982292175,
            0.0
          ],
          [
            -0.02033846825361252,
            0.5409531593322754,
            0.840806782245636,
            0.0
          ],
          [
            0.0,
            0.0,
            0.0,
            1.0
          ]
        ],
        "rotation_mode": "QUATERNION"
      },
      "armature_space": {
        "head": {
          "x": 0.6140514016151428,
          "y": -0.4225049912929535,
          "z": 0.5520058274269104
        },
        "tail": {
          "x": 0.6306807994842529,
