{
  "metadata": {
    "armature_name": "KIM_caucasian_male",
    "export_time": "2026-01-13T20:56:13.068019",
    "blender_version": "4.4.1",
    "bone_count": 56,
    "end_bone_count": 13,
    "spaces_included": [
      "LOCAL_CHANNELS",
      "ARMATURE_SPACE",
      "WORLD_SPACE"
    ],
    "note": "LOCAL matches Transform panel; replay pose via local.matrix_basis for best fidelity."
  },
  "bones": {
    "Root": {
      "name": "Root",
      "local": {
        "location": {
          "x": 0.0,
          "y": 0.0,
          "z": 0.0
        },
        "rotation_quaternion": {
          "w": 0.9994955062866211,
          "x": 0.013950021006166935,
          "y": 0.012060009874403477,
          "z": 0.025858938694000244
        },
        "scale": {
          "x": 1.0,
          "y": 1.0,
          "z": 1.0
        },
        "matrix_basis": [
          [
            0.9983717203140259,
            -0.051355309784412384,
            0.02482931688427925,
            0.0
          ],
          [
            0.05202826112508774,
            0.9982734322547913,
            -0.02726224809885025,
            0.0
          ],
          [
            -0.023386385291814804,
            0.028509683907032013,
            0.9993199110031128,
            0.0
          ],
          [
            0.0,
            0.0,
            0.0,
            1.0
          ]
        ],
        "rotation_mode": "QUATERNION"
      },
      "armature_space": {
        "head": {
          "x": 0.0,
          "y": 0.07072800397872925,
          "z": -0.009595036506652832
        },
        "tail": {
          "x": -0.003665529889985919,
          "y": -0.0001514330506324768,
          "z": -0.0020330138504505157
        }
      },
      "world_space": {
        "head": {
          "x": 0.0,
          "y": 0.13397200405597687,
          "z": 0.9402589797973633
        },
        "tail": {
          "x": -0.003665529889985919,
          "y": 0.06309256702661514,
          "z": 0.9478210210800171
        },
        "rotation_quaternion": {
          "w": 0.053415343165397644,
          "x": 0.998164713382721,
          "y": -0.024987736716866493,
          "z": 0.013774672523140907
        },
        "matrix": [
          [
            0.9983717203140259,
            -0.051355309784412384,
            0.02482931688427925,
            0.0
          ],
          [
            -0.04841218516230583,
            -0.9930447936058044,
            -0.10732348263263702,
            0.13397200405597687
          ],
          [
            0.03016841784119606,
            0.10594648867845535,
            -0.9939211010932922,
            0.9402589797973633
          ],
          [
            0.0,
            0.0,
            0.0,
            1.0
          ]
        ]
      },
      "bone_length_armature_space": 0.07137586891339422,
      "parent": null,
      "has_children": true,
      "is_end_bone": false
    },
    "spine_01": {
      "name": "spine_01",
      "local": {
        "location": {
          "x": 0.0,
          "y": 0.0,
          "z": 0.0
        },
        "rotation_quaternion": {
          "w": 0.9984964728355408,
          "x": -0.01883249171078205,
          "y": 0.051299113780260086,
          "z": 0.004311027470976114
        },
        "scale": {
          "x": 1.0,
          "y": 1.0,
          "z": 1.0
        },
        "matrix_basis": [
          [
            0.9946996569633484,
            -0.010541271418333054,
            0.1022815927863121,
            0.0
          ],
          [
            0.006676911376416683,
            0.999253511428833,
            0.03805065527558327,
            0.0
          ],
          [
            -0.10260634124279022,
            -0.0371660478413105,
            0.9940274953842163,
            0.0
          ],
          [
            0.0,
            0.0,
            0.0,
            1.0
          ]
        ],
        "rotation_mode": "QUATERNION"
      },
      "armature_space": {
        "head": {
          "x": -0.003665529889985919,
          "y": -0.0001514330506324768,
          "z": -0.0020330138504505157
        },
        "tail": {
          "x": -0.02217683382332325,
          "y": 0.027743417769670486,
          "z": 0.48482197523117065
        }
      },
      "world_space": {
        "head": {
          "x": -0.003665529889985919,
          "y": 0.06309256702661514,
          "z": 0.9478210210800171
        },
        "tail": {
          "x": -0.02217683382332325,
          "y": 0.09098741412162781,
          "z": 1.434675931930542
        },
        "rotation_quaternion": {
          "w": 0.7270105481147766,
          "x": 0.6858648061752319,
          "y": 0.006017283070832491,
          "z": 0.031765010207891464
        },
        "matrix": [
          [
            0.9979095458984375,
            -0.03793290629982948,
            0.05232251062989235,
            -0.003665529889985919
          ],
          [
            0.05444134771823883,
            0.05716143548488617,
            -0.9968795776367188,
            0.06309256702661514
          ],
          [
            0.03482399880886078,
            0.9976511597633362,
            0.059106551110744476,
            0.9478210210800171
          ],
          [
            0.0,
            0.0,
            0.0,
            1.0
          ]
        ]
      },
      "bone_length_armature_space": 0.4880046979526177,
      "parent": "Root",
      "has_children": true,
      "is_end_bone": false
    },
    "neck_01": {
      "name": "neck_01",
      "local": {
        "location": {
          "x": 0.0,
          "y": 0.0,
          "z": 0.0
        },
        "rotation_quaternion": {
          "w": 0.9935246706008911,
          "x": -0.0022938058245927095,
          "y": 0.05313345417380333,
          "z": 0.10040188580751419
        },
        "scale": {
          "x": 1.0,
          "y": 1.0,
          "z": 1.0
        },
        "matrix_basis": [
          [
            0.9741926193237305,
            -0.1997472494840622,
            0.10511819273233414,
            0.0
          ],
          [
            0.19925974309444427,
            0.979828417301178,
            0.0152273029088974,
            0.0
          ],
          [
            -0.10603939741849899,
            0.006111492868512869,
            0.9943431615829468,
            0.0
          ],
          [
            0.0,
            0.0,
            0.0,
            1.0
          ]
        ],
        "rotation_mode": "QUATERNION"
      },
      "armature_space": {
        "head": {
          "x": -0.023139657452702522,
          "y": -0.0026435330510139465,
          "z": 0.5599182844161987
        },
        "tail": {
          "x": -0.045067206025123596,
          "y": -0.037047818303108215,
          "z": 0.6539729237556458
        }
      },
      "world_space": {
        "head": {
          "x": -0.023139657452702522,
          "y": 0.06060046702623367,
          "z": 1.5097723007202148
        },
        "tail": {
          "x": -0.045067206025123596,
          "y": 0.026196181774139404,
          "z": 1.6038269996643066
        },
        "rotation_quaternion": {
          "w": 0.5750244855880737,
          "x": 0.8066745400428772,
          "y": -0.03944564610719681,
          "z": 0.1306406408548355
        },
        "matrix": [
          [
            0.9627543687820435,
            -0.21388278901576996,
            0.1654033660888672,
            -0.023139657452702522
          ],
          [
            0.08660241216421127,
            -0.3355817198753357,
            -0.9380220770835876,
            0.06060046702623367
          ],
          [
            0.25613492727279663,
            0.9174150824546814,
            -0.3045629560947418,
            1.5097723007202148
          ],
          [
            0.0,
            0.0,
            0.0,
            1.0
          ]
        ]
      },
      "bone_length_armature_space": 0.10252193807479118,
      "parent": "spine_01",
      "has_children": true,
      "is_end_bone": false
    },
    "head": {
      "name": "head",
      "local": {
        "location": {
          "x": 0.0,
          "y": 0.0,
          "z": 0.0
        },
        "rotation_quaternion": {
          "w": 0.9698191285133362,
          "x": -0.12442246824502945,
          "y": -0.08931657671928406,
          "z": 0.1897169053554535
        },
        "scale": {
          "x": 1.0,
          "y": 1.0,
          "z": 1.0
        },
        "matrix_basis": [
          [
            0.9120600819587708,
            -0.3457562029361725,
            -0.2204519361257553,
            0.0
          ],
          [
            0.3902081549167633,
            0.897053062915802,
            0.20744484663009644,
            0.0
          ],
          [
            0.126031756401062,
            -0.2752242982387543,
            0.9530832171440125,
            0.0
          ],
          [
            0.0,
            0.0,
            0.0,
            1.0
          ]
        ],
        "rotation_mode": "QUATERNION"
      },
      "armature_space": {
        "head": {
          "x": -0.04506716504693031,
          "y": -0.037047941237688065,
          "z": 0.6539727449417114
        },
        "tail": {
          "x": -0.1360023319721222,
          "y": 0.004627350717782974,
          "z": 0.7724934220314026
        }
      },
      "world_space": {
        "head": {
          "x": -0.04506716504693031,
          "y": 0.026196058839559555,
          "z": 1.6038267612457275
        },
        "tail": {
          "x": -0.1360023319721222,
          "y": 0.0678713470697403,
          "z": 1.7223474979400635
        },
        "rotation_quaternion": {
          "w": 0.7488532662391663,
          "x": 0.5764233469963074,
          "y": -0.27124932408332825,
          "z": 0.18269826471805573
        },
        "matrix": [
          [
            0.7860908508300781,
            -0.5863372683525085,
            -0.19562727212905884,
            -0.04506716504693031
          ],
          [
            -0.03907749056816101,
            0.2687164545059204,
            -0.9624266028404236,
            0.026196058839559555
          ],
          [
            0.6168789863586426,
            0.7642048597335815,
            0.18832334876060486,
            1.6038267612457275
          ],
          [
            0.0,
            0.0,
            0.0,
            1.0
          ]
        ]
      },
      "bone_length_armature_space": 0.15509089650333252,
      "parent": "neck_01",
      "has_children": false,
      "is_end_bone": true
    },
    "upperarm_l": {
      "name": "upperarm_l",
      "local": {
        "location": {
          "x": 0.0,
          "y": 0.0,
          "z": 0.0
        },
        "rotation_quaternion": {
          "w": 0.9072233438491821,
          "x": 0.31666526198387146,
          "y": -0.17420005798339844,
          "z": 0.21522833406925201
        },
        "scale": {
          "x": 1.0,
          "y": 1.0,
          "z": 1.0
        },
        "matrix_basis": [
          [
            0.8466622233390808,
            -0.5008465647697449,
            -0.17976604402065277,
            0.0
          ],
          [
            0.28019413352012634,
            0.7067997455596924,
            -0.6495578289031982,
            0.0
          ],
          [
            0.45238739252090454,
            0.49958667159080505,
            0.73875492811203,
            0.0
          ],
          [
            0.0,
            0.0,
            0.0,
            1.0
          ]
        ],
        "rotation_mode": "QUATERNION"
      },
      "armature_space": {
        "head": {
          "x": 0.1292630285024643,
          "y": -0.0014981962740421295,
          "z": 0.49828052520751953
        },
        "tail": {
          "x": 0.32827064394950867,
          "y": -0.1126333624124527,
          "z": 0.6391805410385132
        }
      },
      "world_space": {
        "head": {
          "x": 0.1292630285024643,
          "y": 0.06174580380320549,
          "z": 1.4481345415115356
        },
        "tail": {
          "x": 0.32827064394950867,
          "y": -0.04938936233520508,
          "z": 1.5890345573425293
        },
        "rotation_quaternion": {
          "w": 0.528335452079773,
          "x": 0.6220601797103882,
          "y": 0.11616538465023041,
          "z": -0.5660462975502014
        },
        "matrix": [
          [
            0.3321957290172577,
            0.7426504492759705,
            -0.5814777612686157,
            0.1292630285024643
          ],
          [
            -0.45360076427459717,
            -0.4147307574748993,
            -0.7888250946998596,
            0.06174580380320549
          ],
          [
            -0.826984167098999,
            0.5258063077926636,
            0.1990957111120224,
            1.4481345415115356
          ],
          [
            0.0,
            0.0,
            0.0,
            1.0
          ]
        ]
      },
      "bone_length_armature_space": 0.2679699079610868,
      "parent": "spine_01",
      "has_children": true,
      "is_end_bone": false
    },
    "lowerarm_l": {
      "name": "lowerarm_l",
      "local": {
        "location": {
          "x": 0.0,
          "y": 0.0,
          "z": 0.0
        },
        "rotation_quaternion": {
          "w": 0.9483476877212524,
          "x": 0.301388680934906,
          "y": 0.058534279465675354,
          "z": 0.07984623312950134
        },
        "scale": {
          "x": 1.0,
          "y": 1.0,
          "z": 1.0
        },
        "matrix_basis": [
          [
            0.9803966283798218,
            -0.11616083979606628,
            0.15915119647979736,
            0.0
          ],
          [
            0.1867271214723587,
            0.805578887462616,
            -0.5622950196266174,
            0.0
          ],
          [
            -0.06289219856262207,
            0.5809900164604187,
            0.8114771842956543,
            0.0
          ],
          [
            0.0,
            0.0,
            0.0,
            1.0
          ]
        ],
        "rotation_mode": "QUATERNION"
      },
      "armature_space": {
        "head": {
          "x": 0.32827064394950867,
          "y": -0.11263338476419449,
          "z": 0.6391806602478027
        },
        "tail": {
          "x": 0.3482118546962738,
          "y": -0.2985984981060028,
          "z": 0.8304635286331177
        }
      },
      "world_space": {
        "head": {
          "x": 0.32827064394950867,
          "y": -0.04938938468694687,
          "z": 1.5890346765518188
        },
        "tail": {
          "x": 0.3482118546962738,
          "y": -0.2353544980287552,
          "z": 1.7803175449371338
        },
        "rotation_quaternion": {
          "w": 0.34871432185173035,
          "x": 0.7749075889587402,
          "y": -0.17559058964252472,
          "z": -0.4970759451389313
        },
        "matrix": [
          [
            0.4441678822040558,
            0.07453972101211548,
            -0.8928375244140625,
            0.32827064394950867
          ],
          [
            -0.6188080310821533,
            -0.6951330900192261,
            -0.36587831377983093,
            -0.04938938468694687
          ],
          [
            -0.6479183435440063,
            0.7150107622146606,
            -0.26263201236724854,
            1.5890346765518188
          ],
          [
            0.0,
            0.0,
            0.0,
            1.0
          ]
        ]
      },
      "bone_length_armature_space": 0.26752534657112,
      "parent": "upperarm_l",
      "has_children": true,
      "is_end_bone": false
    },
    "metacarpal_thumb_l": {
      "name": "metacarpal_thumb_l",
      "local": {
        "location": {
          "x": 0.0,
          "y": 0.0,
          "z": 0.0
        },
        "rotation_quaternion": {
          "w": 0.9993250370025635,
          "x": -0.03477272391319275,
          "y": -0.011730877682566643,
          "z": -0.0016486886888742447
        },
        "scale": {
          "x": 1.0,
          "y": 1.0,
          "z": 1.0
        },
        "matrix_basis": [
          [
            0.9997193217277527,
            0.004110980778932571,
            -0.023331260308623314,
            0.0
          ],
          [
            -0.0024793227203190327,
            0.9975762963294983,
            0.06953718513250351,
            0.0
          ],
          [
            0.023560578003525734,
            -0.06945982575416565,
            0.9973064661026001,
            0.0
          ],
          [
            0.0,
            0.0,
            0.0,
            1.0
          ]
        ],
        "rotation_mode": "QUATERNION"
      },
      "armature_space": {
        "head": {
          "x": 0.3482118546962738,
          "y": -0.2985984981060028,
          "z": 0.8304635286331177
        },
        "tail": {
          "x": 0.3277289867401123,
          "y": -0.3403347432613373,
          "z": 0.8475552201271057
        }
      },
      "world_space": {
        "head": {
          "x": 0.3482118546962738,
          "y": -0.2353544980287552,
          "z": 1.7803175449371338
        },
        "tail": {
          "x": 0.3277289867401123,
          "y": -0.27709072828292847,
          "z": 1.7974092960357666
        },
        "rotation_quaternion": {
          "w": 0.23279207944869995,
          "x": 0.9215762615203857,
          "y": -0.15657615661621094,
          "z": 0.268307626247406
        },
        "matrix": [
          [
            0.8069899678230286,
            -0.4135138988494873,
            0.4216318726539612,
            0.3482118546962738
          ],
          [
            -0.1636742502450943,
            -0.8425832986831665,
            -0.5130928754806519,
            -0.2353544980287552
          ],
          [
            0.5674348473548889,
            0.34505221247673035,
            -0.7476435303688049,
            1.7803175449371338
          ],
          [
            0.0,
            0.0,
            0.0,
            1.0
          ]
        ]
      },
      "bone_length_armature_space": 0.0495337054779854,
      "parent": "lowerarm_l",
      "has_children": true,
      "is_end_bone": false
    },
    "thumb_01_l": {
      "name": "thumb_01_l",
      "local": {
        "location": {
          "x": 0.0,
          "y": 0.0,
          "z": 0.0
        },
        "rotation_quaternion": {
          "w": 0.9996265172958374,
          "x": -0.025516338646411896,
          "y": 0.0015927471686154604,
          "z": 0.009657771326601505
        },
        "scale": {
          "x": 1.0,
          "y": 1.0,
          "z": 1.0
        },
        "matrix_basis": [
          [
            0.9998083710670471,
            -0.01938961073756218,
            0.0026914426125586033,
            0.0
          ],
          [
            0.0192270465195179,
            0.9985113143920898,
            0.05104438215494156,
            0.0
          ],
          [
            -0.0036771665327250957,
            -0.05098285153508186,
            0.9986927509307861,
            0.0
          ],
          [
            0.0,
            0.0,
            0.0,
            1.0
          ]
        ],
        "rotation_mode": "QUATERNION"
      },
      "armature_space": {
        "head": {
          "x": 0.3277289867401123,
          "y": -0.3403347432613373,
          "z": 0.8475552201271057
        },
        "tail": {
          "x": 0.3247511684894562,
          "y": -0.37082239985466003,
          "z": 0.8327139019966125
        }
      },
      "world_space": {
        "head": {
          "x": 0.3277289867401123,
          "y": -0.27709072828292847,
          "z": 1.7974092960357666
        },
        "tail": {
          "x": 0.3247511684894562,
          "y": -0.3075783848762512,
          "z": 1.7825679779052734
        },
        "rotation_quaternion": {
          "w": 0.062343474477529526,
          "x": -0.4448195695877075,
          "y": 0.21971294283866882,
          "z": -0.8660109639167786
        },
        "matrix": [
          [
            -0.5964980125427246,
            -0.0874837189912796,
            0.7978324890136719,
            0.3277289867401123
          ],
          [
            -0.30344530940055847,
            -0.8956798315048218,
            -0.3250831365585327,
            -0.27709072828292847
          ],
          [
            0.7430467009544373,
            -0.4360138177871704,
            0.5077279210090637,
            1.7974092960357666
          ],
          [
            0.0,
            0.0,
            0.0,
            1.0
          ]
        ]
      },
      "bone_length_armature_space": 0.03403864442038114,
      "parent": "metacarpal_thumb_l",
      "has_children": true,
      "is_end_bone": false
    },
    "thumb_02_l": {
      "name": "thumb_02_l",
      "local": {
        "location": {
          "x": 0.0,
          "y": 0.0,
          "z": 0.0
        },
        "rotation_quaternion": {
          "w": 0.9961386919021606,
          "x": 0.08732209354639053,
          "y": -0.007876738905906677,
          "z": -0.004544876981526613
        },
        "scale": {
          "x": 1.0,
          "y": 1.0,
          "z": 1.0
        },
        "matrix_basis": [
          [
            0.9998345971107483,
            0.007679028902202845,
            -0.016486385837197304,
            0.0
          ],
          [
            -0.010430281981825829,
            0.9847083687782288,
            -0.17389823496341705,
            0.0
          ],
          [
            0.01489891204982996,
            0.17404143512248993,
            0.9846256375312805,
            0.0
          ],
          [
            0.0,
            0.0,
            0.0,
            1.0
          ]
        ],
        "rotation_mode": "QUATERNION"
      },
      "armature_space": {
        "head": {
          "x": 0.3247511684894562,
          "y": -0.37082237005233765,
          "z": 0.8327139019966125
        },
        "tail": {
          "x": 0.32861262559890747,
          "y": -0.3995493948459625,
          "z": 0.8605174422264099
        }
      },
      "world_space": {
        "head": {
          "x": 0.3247511684894562,
          "y": -0.3075783848762512,
          "z": 1.7825679779052734
        },
        "tail": {
          "x": 0.32861262559890747,
          "y": -0.3363053798675537,
          "z": 1.8103713989257812
        },
        "rotation_quaternion": {
          "w": 0.0030003716237843037,
          "x": 0.13468460738658905,
          "y": 0.37732362747192383,
          "z": 0.916230320930481
        },
        "matrix": [
          [
            -0.9637022614479065,
            0.0961412787437439,
            0.24906808137893677,
            0.3247511684894562
          ],
          [
            0.10713718086481094,
            -0.715235710144043,
            0.6906228065490723,
            -0.3075783848762512
          ],
          [
            0.2445414662361145,
            0.6922431588172913,
            0.678979218006134,
            1.7825679779052734
          ],
          [
            0.0,
            0.0,
            0.0,
            1.0
          ]
        ]
      },
      "bone_length_armature_space": 0.04016453246591388,
      "parent": "thumb_01_l",
      "has_children": true,
      "is_end_bone": false
    },
    "thumb_03_l": {
      "name": "thumb_03_l",
      "local": {
        "location": {
          "x": 0.0,
          "y": 0.0,
          "z": 0.0
        },
        "rotation_quaternion": {
          "w": 0.9990072250366211,
          "x": 0.04354943707585335,
          "y": 0.00562362652271986,
          "z": 0.0075182318687438965
        },
        "scale": {
          "x": 1.0,
          "y": 1.0,
          "z": 1.0
        },
        "matrix_basis": [
          [
            0.9998236894607544,
            -0.014531724154949188,
            0.011890916153788567,
            0.0
          ],
          [
            0.01551134791225195,
            0.9960938692092896,
            -0.08692784607410431,
            0.0
          ],
          [
            -0.01058125775307417,
            0.08709696680307388,
            0.996143639087677,
            0.0
          ],
          [
            0.0,
            0.0,
            0.0,
            1.0
          ]
        ],
        "rotation_mode": "QUATERNION"
      },
      "armature_space": {
        "head": {
          "x": 0.3286125361919403,
          "y": -0.39954936504364014,
          "z": 0.8605173826217651
        },
        "tail": {
          "x": 0.3381059169769287,
          "y": -0.41272592544555664,
          "z": 0.8862691521644592
        }
      },
      "world_space": {
        "head": {
          "x": 0.3286125361919403,
          "y": -0.3363053798675537,
          "z": 1.8103713989257812
        },
        "tail": {
          "x": 0.3381059169769287,
          "y": -0.3494819402694702,
          "z": 1.8361232280731201
        },
        "rotation_quaternion": {
          "w": 0.189336359500885,
          "x": 0.008711432106792927,
          "y": -0.49774593114852905,
          "z": -0.8463597297668457
        },
        "matrix": [
          [
            -0.9281514286994934,
            0.31182152032852173,
            -0.20322994887828827,
            0.3286125361919403
          ],
          [
            -0.3291666805744171,
            -0.43280094861984253,
            0.8392455577850342,
            -0.3363053798675537
          ],
          [
            0.1737375110387802,
            0.8458486795425415,
            0.5043502449989319,
            1.8103713989257812
          ],
          [
            0.0,
            0.0,
            0.0,
            1.0
          ]
        ]
      },
      "bone_length_armature_space": 0.030445027061523963,
      "parent": "thumb_02_l",
      "has_children": false,
      "is_end_bone": true
    },
    "metacarpal_index_l": {
      "name": "metacarpal_index_l",
      "local": {
        "location": {
          "x": 0.0,
          "y": 0.0,
          "z": 0.0
        },
        "rotation_quaternion": {
          "w": 0.9999104738235474,
          "x": 0.009408962912857533,
          "y": -0.008565911091864109,
          "z": -0.004164209123700857
        },
        "scale": {
          "x": 1.0,
          "y": 1.0,
          "z": 1.0
        },
        "matrix_basis": [
          [
            0.9998185634613037,
            0.008166479878127575,
            -0.017208650708198547,
            0.0
          ],
          [
            -0.008488865569233894,
            0.9997882843017578,
            -0.018744900822639465,
            0.0
          ],
          [
            0.017051925882697105,
            0.018887581303715706,
            0.9996761679649353,
            0.0
          ],
          [
            0.0,
            0.0,
            0.0,
            1.0
          ]
        ],
        "rotation_mode": "QUATERNION"
      },
      "armature_space": {
        "head": {
          "x": 0.3482118546962738,
          "y": -0.2985984981060028,
          "z": 0.8304635286331177
        },
        "tail": {
          "x": 0.32784414291381836,
          "y": -0.39421167969703674,
          "z": 0.8950587511062622
        }
      },
      "world_space": {
        "head": {
          "x": 0.3482118546962738,
          "y": -0.2353544980287552,
          "z": 1.7803175449371338
        },
        "tail": {
          "x": 0.32784414291381836,
          "y": -0.33096766471862793,
          "z": 1.8449127674102783
        },
        "rotation_quaternion": {
          "w": 0.28408023715019226,
          "x": 0.9515783190727234,
          "y": -0.10627295821905136,
          "z": -0.05003231391310692
        },
        "matrix": [
          [
            0.9724056124687195,
            -0.1738279014825821,
            -0.1555996686220169,
            0.3482118546962738
          ],
          [
            -0.23068058490753174,
            -0.8160088658332825,
            -0.5300152897834778,
            -0.2353544980287552
          ],
          [
            -0.034839801490306854,
            0.5512868762016296,
            -0.8335965275764465,
            1.7803175449371338
          ],
          [
            0.0,
            0.0,
            0.0,
            1.0
          ]
        ]
      },
      "bone_length_armature_space": 0.11717195209040779,
      "parent": "lowerarm_l",
      "has_children": true,
      "is_end_bone": false
    },
    "index_01_l": {
      "name": "index_01_l",
      "local": {
        "location": {
          "x": 0.0,
          "y": 0.0,
          "z": 0.0
        },
        "rotation_quaternion": {
          "w": 0.993546724319458,
          "x": -0.11273516714572906,
          "y": -0.011184906587004662,
          "z": 0.005533976014703512
        },
        "scale": {
          "x": 1.0,
          "y": 1.0,
          "z": 1.0
        },
        "matrix_basis": [
          [
            0.9996885657310486,
            -0.008474662899971008,
            -0.02347320131957531,
            0.0
          ],
          [
            0.013518392108380795,
            0.9745203256607056,
            0.2238915115594864,
            0.0
          ],
          [
            0.02097770757973194,
            -0.22413910925388336,
            0.9743313789367676,
            0.0
          ],
          [
            0.0,
            0.0,
            0.0,
            1.0
          ]
        ],
        "rotation_mode": "QUATERNION"
      },
      "armature_space": {
        "head": {
          "x": 0.32784414291381836,
          "y": -0.39421167969703674,
          "z": 0.8950587511062622
        },
        "tail": {
          "x": 0.3337610960006714,
          "y": -0.41147834062576294,
          "z": 0.9169660210609436
        }
      },
      "world_space": {
        "head": {
          "x": 0.32784414291381836,
          "y": -0.33096766471862793,
          "z": 1.8449127674102783
        },
        "tail": {
          "x": 0.3337610960006714,
          "y": -0.3482343554496765,
          "z": 1.8668200969696045
        },
        "rotation_quaternion": {
          "w": 0.4381951689720154,
          "x": 0.8914552927017212,
          "y": 0.07220559567213058,
          "z": -0.0898822546005249
        },
        "matrix": [
          [
            0.9734152555465698,
            0.20750810205936432,
            -0.09697094559669495,
            0.32784414291381836
          ],
          [
            0.049964968115091324,
            -0.6055424809455872,
            -0.7942430377006531,
            -0.33096766471862793
          ],
          [
            -0.2235335260629654,
            0.7682878971099854,
            -0.5998170971870422,
            1.8449127674102783
          ],
          [
            0.0,
            0.0,
            0.0,
            1.0
          ]
        ]
      },
      "bone_length_armature_space": 0.028514494303497524,
      "parent": "metacarpal_index_l",
      "has_children": true,
      "is_end_bone": false
    },
    "index_02_l": {
      "name": "index_02_l",
      "local": {
        "location": {
          "x": 0.0,
          "y": 0.0,
          "z": 0.0
        },
        "rotation_quaternion": {
          "w": 0.9993304014205933,
          "x": 0.0360921174287796,
          "y": 0.0011428517755120993,
          "z": 0.005909690633416176
        },
        "scale": {
          "x": 1.0,
          "y": 1.0,
          "z": 1.0
        },
        "matrix_basis": [
          [
            0.9999275207519531,
            -0.011728971265256405,
            0.0027107596397399902,
            0.0
          ],
          [
            0.011893962509930134,
            0.9973248839378357,
            -0.07212239503860474,
            0.0
          ],
          [
            -0.0018575865542516112,
            0.07214941084384918,
            0.9973921179771423,
            0.0
          ],
          [
            0.0,
            0.0,
            0.0,
            1.0
          ]
        ],
        "rotation_mode": "QUATERNION"
      },
      "armature_space": {
        "head": {
          "x": 0.33376091718673706,
          "y": -0.41147881746292114,
          "z": 0.9169661402702332
        },
        "tail": {
          "x": 0.33935418725013733,
          "y": -0.4277299642562866,
          "z": 0.9360110759735107
        }
      },
      "world_space": {
        "head": {
          "x": 0.33376091718673706,
          "y": -0.3482348322868347,
          "z": 1.8668200969696045
        },
        "tail": {
          "x": 0.33935418725013733,
          "y": -0.3644859790802002,
          "z": 1.8858650922775269
        },
        "rotation_quaternion": {
          "w": 0.42333781719207764,
          "x": 0.8953152894973755,
          "y": 0.06355097889900208,
          "z": -0.12311369925737381
        },
        "matrix": [
          [
            0.9616087079048157,
            0.21803365647792816,
            -0.16664324700832367,
            0.33376091718673706
          ],
          [
            0.009559756144881248,
            -0.633492648601532,
            -0.7736898064613342,
            -0.3482348322868347
          ],
          [
            -0.27425968647003174,
            0.7423983216285706,
            -0.6112613081932068,
            1.8668200969696045
          ],
          [
            0.0,
            0.0,
            0.0,
            1.0
          ]
        ]
      },
      "bone_length_armature_space": 0.02565334312498379,
      "parent": "index_01_l",
      "has_children": true,
      "is_end_bone": false
    },
    "index_03_l": {
      "name": "index_03_l",
      "local": {
        "location": {
          "x": 0.0,
          "y": 0.0,
          "z": 0.0
        },
        "rotation_quaternion": {
          "w": 0.9995057582855225,
          "x": 0.031122008338570595,
          "y": 0.0035666730254888535,
          "z": -0.002678588032722473
        },
        "scale": {
          "x": 1.0,
          "y": 1.0,
          "z": 1.0
        },
        "matrix_basis": [
          [
            0.99996018409729,
            0.005576532334089279,
            0.0069630942307412624,
            0.0
          ],
          [
            -0.00513252429664135,
            0.9980484843254089,
            -0.0622323602437973,
            0.0
          ],
          [
            -0.00729654636234045,
            0.06219414621591568,
            0.9980373978614807,
            0.0
          ],
          [
            0.0,
            0.0,
            0.0,
            1.0
          ]
        ],
        "rotation_mode": "QUATERNION"
      },
      "armature_space": {
        "head": {
          "x": 0.33935418725013733,
          "y": -0.42772984504699707,
          "z": 0.9360111355781555
        },
        "tail": {
          "x": 0.3477116823196411,
          "y": -0.44928377866744995,
          "z": 0.9538805484771729
        }
      },
      "world_space": {
        "head": {
          "x": 0.33935418725013733,
          "y": -0.36448585987091064,
          "z": 1.8858652114868164
        },
        "tail": {
          "x": 0.3477116823196411,
          "y": -0.3860397934913635,
          "z": 1.903734564781189
        },
        "rotation_quaternion": {
          "w": 0.3442997932434082,
          "x": 0.9251761436462402,
          "y": 0.11233580112457275,
          "z": -0.1135229766368866
        },
        "matrix": [
          [
            0.9489864706993103,
            0.28603270649909973,
            -0.13270235061645508,
            0.33935418725013733
          ],
          [
            0.12968958914279938,
            -0.7376763820648193,
            -0.6625815629959106,
            -0.36448585987091064
          ],
          [
            -0.2874133884906769,
            0.6115744113922119,
            -0.7371460795402527,
            1.8858652114868164
          ],
          [
            0.0,
            0.0,
            0.0,
            1.0
          ]
        ]
      },
      "bone_length_armature_space": 0.02921875557040414,
      "parent": "index_02_l",
      "has_children": false,
      "is_end_bone": true
    },
    "metacarpal_pinky_l": {
      "name": "metacarpal_pinky_l",
      "local": {
        "location": {
          "x": 0.0,
          "y": 0.0,
          "z": 0.0
        },
        "rotation_quaternion": {
          "w": 0.9998869895935059,
          "x": -0.007398550398647785,
          "y": -0.0070483507588505745,
          "z": 0.011033320799469948
        },
        "scale": {
          "x": 1.0,
          "y": 1.0,
          "z": 1.0
        },
        "matrix_basis": [
          [
            0.999657154083252,
            -0.021959852427244186,
            -0.01425836980342865,
            0.0
          ],
          [
            0.022168442606925964,
            0.9996470808982849,
            0.014639895409345627,
            0.0
          ],
          [
            0.013931847177445889,
            -0.01495096180588007,
            0.999791145324707,
            0.0
          ],
          [
            0.0,
            0.0,
            0.0,
            1.0
          ]
        ],
        "rotation_mode": "QUATERNION"
      },
      "armature_space": {
        "head": {
          "x": 0.3482118546962738,
          "y": -0.2985984981060028,
          "z": 0.8304635286331177
        },
        "tail": {
          "x": 0.3866371214389801,
          "y": -0.3553953468799591,
          "z": 0.9088274836540222
        }
      },
      "world_space": {
        "head": {
          "x": 0.3482118546962738,
          "y": -0.2353544980287552,
          "z": 1.7803175449371338
        },
        "tail": {
          "x": 0.3866371214389801,
          "y": -0.2921513319015503,
          "z": 1.8586814403533936
        },
        "rotation_quaternion": {
          "w": 0.3191970884799957,
          "x": 0.2409822940826416,
          "y": -0.3541104793548584,
          "z": -0.8453677892684937
        },
        "matrix": [
          [
            -0.6800810098648071,
            0.369009792804718,
            -0.6334996819496155,
            0.3482118546962738
          ],
          [
            -0.7103474140167236,
            -0.545437753200531,
            0.4448647201061249,
            -0.2353544980287552
          ],
          [
            -0.1813768595457077,
            0.7525535821914673,
            0.6330716013908386,
            1.7803175449371338
          ],
          [
            0.0,
            0.0,
            0.0,
            1.0
          ]
        ]
      },
      "bone_length_armature_space": 0.10413113276068224,
      "parent": "lowerarm_l",
      "has_children": true,
      "is_end_bone": false
    },
    "pinky_01_l": {
      "name": "pinky_01_l",
      "local": {
        "location": {
          "x": 0.0,
          "y": 0.0,
          "z": 0.0
        },
        "rotation_quaternion": {
          "w": 0.9660577178001404,
          "x": 0.2567250430583954,
          "y": 0.01878734678030014,
          "z": 0.021724985912442207
        },
        "scale": {
          "x": 1.0,
          "y": 1.0,
          "z": 1.0
        },
        "matrix_basis": [
          [
            0.9983501434326172,
            -0.03232881426811218,
            0.04745401814579964,
            0.0
          ],
          [
            0.05162154510617256,
            0.8672405481338501,
            -0.4952061176300049,
            0.0
          ],
          [
            -0.025144627317786217,
            0.4968387186527252,
            0.8674785494804382,
            0.0
          ],
          [
            0.0,
            0.0,
            0.0,
            1.0
          ]
        ],
        "rotation_mode": "QUATERNION"
      },
      "armature_space": {
        "head": {
          "x": 0.3866371214389801,
          "y": -0.3553953468799591,
          "z": 0.9088274836540222
        },
        "tail": {
