{
  "metadata": {
    "armature_name": "KIM_caucasian_male",
    "export_time": "2026-01-13T21:07:24.239144",
    "blender_version": "4.4.1",
    "bone_count": 56,
    "end_bone_count": 13,
    "spaces_included": [
      "LOCAL_CHANNELS",
      "ARMATURE_SPACE",
      "WORLD_SPACE"
    ],
    "note": "LOCAL matches Transform panel; replay pose via local.matrix_basis for best fidelity."
  },
  "bones": {
    "Root": {
      "name": "Root",
      "local": {
        "location": {
          "x": 0.0,
          "y": 0.0,
          "z": 0.0
        },
        "rotation_quaternion": {
          "w": 0.9997121095657349,
          "x": -0.013256005011498928,
          "y": -0.017338646575808525,
          "z": -0.009971310384571552
        },
        "scale": {
          "x": 1.0,
          "y": 1.0,
          "z": 1.0
        },
        "matrix_basis": [
          [
            0.9991998672485352,
            0.020396562293171883,
            -0.03440295159816742,
            0.0
          ],
          [
            -0.019477197900414467,
            0.9994497299194336,
            0.026850154623389244,
            0.0
          ],
          [
            0.034931670874357224,
            -0.02615859918296337,
            0.9990472793579102,
            0.0
          ],
          [
            0.0,
            0.0,
            0.0,
            1.0
          ]
        ],
        "rotation_mode": "QUATERNION"
      },
      "armature_space": {
        "head": {
          "x": 0.0,
          "y": 0.07072800397872925,
          "z": -0.009595036506652832
        },
        "tail": {
          "x": 0.0014558223774656653,
          "y": 0.0002899095416069031,
          "z": 0.0018448783084750175
        }
      },
      "world_space": {
        "head": {
          "x": 0.0,
          "y": 0.13397200405597687,
          "z": 0.9402589797973633
        },
        "tail": {
          "x": 0.0014558223774656653,
          "y": 0.06353390961885452,
          "z": 0.951698899269104
        },
        "rotation_quaternion": {
          "w": 0.0805741399526596,
          "x": 0.9965479373931885,
          "y": 0.008780589327216148,
          "z": -0.01797100529074669
        },
        "matrix": [
          [
            0.9991998672485352,
            0.020396562293171883,
            -0.03440295159816742,
            0.0
          ],
          [
            0.014604553580284119,
            -0.9868614077568054,
            -0.1609080582857132,
            0.13397200405597687
          ],
          [
            -0.03723315894603729,
            0.16027706861495972,
            -0.9863766431808472,
            0.9402589797973633
          ],
          [
            0.0,
            0.0,
            0.0,
            1.0
          ]
        ]
      },
      "bone_length_armature_space": 0.07137587935891648,
      "parent": null,
      "has_children": true,
      "is_end_bone": false
    },
    "spine_01": {
      "name": "spine_01",
      "local": {
        "location": {
          "x": 0.0,
          "y": 0.0,
          "z": 0.0
        },
        "rotation_quaternion": {
          "w": 0.9994087219238281,
          "x": -0.005117612425237894,
          "y": -0.012701832689344883,
          "z": -0.03153926134109497
        },
        "scale": {
          "x": 1.0,
          "y": 1.0,
          "z": 1.0
        },
        "matrix_basis": [
          [
            0.9976878762245178,
            0.06317123025655746,
            -0.02506583370268345,
            0.0
          ],
          [
            -0.06291121989488602,
            0.9979581832885742,
            0.011030386202037334,
            0.0
          ],
          [
            0.025711456313729286,
            -0.009427960030734539,
            0.9996249675750732,
            0.0
          ],
          [
            0.0,
            0.0,
            0.0,
            1.0
          ]
        ],
        "rotation_mode": "QUATERNION"
      },
      "armature_space": {
        "head": {
          "x": 0.0014558223774656653,
          "y": 0.0002899095416069031,
          "z": 0.0018448783084750175
        },
        "tail": {
          "x": 0.049742504954338074,
          "y": 0.041108861565589905,
          "z": 0.4857361316680908
        }
      },
      "world_space": {
        "head": {
          "x": 0.0014558223774656653,
          "y": 0.06353390961885452,
          "z": 0.951698899269104
        },
        "tail": {
          "x": 0.049742504954338074,
          "y": 0.10435286164283752,
          "z": 1.435590147972107
        },
        "rotation_quaternion": {
          "w": 0.7354411482810974,
          "x": 0.6757655739784241,
          "y": 0.030801352113485336,
          "z": -0.03896905481815338
        },
        "matrix": [
          [
            0.9950653910636902,
            0.09894787520170212,
            -0.007363364100456238,
            0.0014558223774656653
          ],
          [
            -0.015690594911575317,
            0.08364517986774445,
            -0.9963722229003906,
            0.06353390961885452
          ],
          [
            -0.09797368943691254,
            0.9915779232978821,
            0.08478467166423798,
            0.951698899269104
          ],
          [
            0.0,
            0.0,
            0.0,
            1.0
          ]
        ]
      },
      "bone_length_armature_space": 0.48800463947714073,
      "parent": "Root",
      "has_children": true,
      "is_end_bone": false
    },
    "neck_01": {
      "name": "neck_01",
      "local": {
        "location": {
          "x": 0.0,
          "y": 0.0,
          "z": 0.0
        },
        "rotation_quaternion": {
          "w": 0.9919841289520264,
          "x": -0.11310926079750061,
          "y": -0.01756623387336731,
          "z": -0.05352827161550522
        },
        "scale": {
          "x": 1.0,
          "y": 1.0,
          "z": 1.0
        },
        "matrix_basis": [
          [
            0.9936522841453552,
            0.11017219722270966,
            -0.022741764783859253,
            0.0
          ],
          [
            -0.10222458094358444,
            0.968682050704956,
            0.22628577053546906,
            0.0
          ],
          [
            0.04695993661880493,
            -0.22252459824085236,
            0.973795473575592,
            0.0
          ],
          [
            0.0,
            0.0,
            0.0,
            1.0
          ]
        ],
        "rotation_mode": "QUATERNION"
      },
      "armature_space": {
        "head": {
          "x": 0.056731950491666794,
          "y": 0.012678604573011398,
          "z": 0.5612782835960388
        },
        "tail": {
          "x": 0.07783489674329758,
          "y": 0.004326211288571358,
          "z": 0.6612566113471985
        }
      },
      "world_space": {
        "head": {
          "x": 0.056731950491666794,
          "y": 0.07592260837554932,
          "z": 1.5111322402954102
        },
        "tail": {
          "x": 0.07783489674329758,
          "y": 0.06757020950317383,
          "z": 1.6111106872558594
        },
        "rotation_quaternion": {
          "w": 0.675048291683197,
          "x": 0.7300867438316345,
          "y": 0.05979010462760925,
          "z": -0.0877978578209877
        },
        "matrix": [
          [
            0.9774335026741028,
            0.20583954453468323,
            -0.04747636616230011,
            0.056731950491666794
          ],
          [
            -0.031230362132191658,
            -0.08146980404853821,
            -0.9961867332458496,
            0.07592260837554932
          ],
          [
            -0.20892392098903656,
            0.9751952886581421,
            -0.07320429384708405,
            1.5111322402954102
          ],
          [
            0.0,
            0.0,
            0.0,
            1.0
          ]
        ]
      },
      "bone_length_armature_space": 0.10252201291237861,
      "parent": "spine_01",
      "has_children": true,
      "is_end_bone": false
    },
    "head": {
      "name": "head",
      "local": {
        "location": {
          "x": 0.0,
          "y": 0.0,
          "z": 0.0
        },
        "rotation_quaternion": {
          "w": 0.993479311466217,
          "x": -0.11379960924386978,
          "y": 0.0007641001138836145,
          "z": -0.006929884664714336
        },
        "scale": {
          "x": 1.0,
          "y": 1.0,
          "z": 1.0
        },
        "matrix_basis": [
          [
            0.9999027848243713,
            0.013595485128462315,
            0.0030954715330153704,
            0.0
          ],
          [
            -0.013943302445113659,
            0.974003255367279,
            0.2261045277118683,
            0.0
          ],
          [
            5.9001024055760354e-05,
            -0.22612570226192474,
            0.9740981459617615,
            0.0
          ],
          [
            0.0,
            0.0,
            0.0,
            1.0
          ]
        ],
        "rotation_mode": "QUATERNION"
      },
      "armature_space": {
        "head": {
          "x": 0.07783487439155579,
          "y": 0.004326062276959419,
          "z": 0.6612565517425537
        },
        "tail": {
          "x": 0.11043287813663483,
          "y": 0.08078543096780777,
          "z": 0.7921938300132751
        }
      },
      "world_space": {
        "head": {
          "x": 0.07783487439155579,
          "y": 0.06757006049156189,
          "z": 1.6111105680465698
        },
        "tail": {
          "x": 0.11043287813663483,
          "y": 0.144029438495636,
          "z": 1.7420477867126465
        },
        "rotation_quaternion": {
          "w": 0.8596698045730591,
          "x": 0.49829038977622986,
          "y": 0.08641235530376434,
          "z": -0.07216162234544754
        },
        "matrix": [
          [
            0.9746513962745667,
            0.2101873904466629,
            0.07665635645389557,
            0.07783487439155579
          ],
          [
            -0.037954479455947876,
            0.4929993450641632,
            -0.8692018389701843,
            0.06757006049156189
          ],
          [
            -0.2204882800579071,
            0.844265341758728,
            0.48848241567611694,
            1.6111105680465698
          ],
          [
            0.0,
            0.0,
            0.0,
            1.0
          ]
        ]
      },
      "bone_length_armature_space": 0.15509105451010993,
      "parent": "neck_01",
      "has_children": false,
      "is_end_bone": true
    },
    "upperarm_l": {
      "name": "upperarm_l",
      "local": {
        "location": {
          "x": 0.0,
          "y": 0.0,
          "z": 0.0
        },
        "rotation_quaternion": {
          "w": 0.9623169302940369,
          "x": -0.1424541175365448,
          "y": -0.21336834132671356,
          "z": -0.09015049040317535
        },
        "scale": {
          "x": 1.0,
          "y": 1.0,
          "z": 1.0
        },
        "matrix_basis": [
          [
            0.8926936984062195,
            0.23429708182811737,
            -0.3849713206291199,
            0.0
          ],
          [
            -0.11271628737449646,
            0.9431594014167786,
            0.31264254450798035,
            0.0
          ],
          [
            0.4363405406475067,
            -0.23570150136947632,
            0.8683615326881409,
            0.0
          ],
          [
            0.0,
            0.0,
            0.0,
            1.0
          ]
        ],
        "rotation_mode": "QUATERNION"
      },
      "armature_space": {
        "head": {
          "x": 0.19931821525096893,
          "y": 0.0015258491039276123,
          "z": 0.48021090030670166
        },
        "tail": {
          "x": 0.44064655900001526,
          "y": 0.06626418232917786,
          "z": 0.38337430357933044
        }
      },
      "world_space": {
        "head": {
          "x": 0.19931821525096893,
          "y": 0.06476984918117523,
          "z": 1.4300649166107178
        },
        "tail": {
          "x": 0.44064655900001526,
          "y": 0.12950818240642548,
          "z": 1.333228349685669
        },
        "rotation_quaternion": {
          "w": 0.5970152020454407,
          "x": 0.19918514788150787,
          "y": 0.5141683220863342,
          "z": -0.5826911926269531
        },
        "matrix": [
          [
            -0.2077980935573578,
            0.9005815982818604,
            0.3818020522594452,
            0.19931821525096893
          ],
          [
            -0.49092116951942444,
            0.2415885031223297,
            -0.8370375633239746,
            0.06476984918117523
          ],
          [
            -0.8460657596588135,
            -0.361371785402298,
            0.39191490411758423,
            1.4300649166107178
          ],
          [
            0.0,
            0.0,
            0.0,
            1.0
          ]
        ]
      },
      "bone_length_armature_space": 0.2679696794485428,
      "parent": "spine_01",
      "has_children": true,
      "is_end_bone": false
    },
    "lowerarm_l": {
      "name": "lowerarm_l",
      "local": {
        "location": {
          "x": 0.0,
          "y": 0.0,
          "z": 0.0
        },
        "rotation_quaternion": {
          "w": 0.9644910097122192,
          "x": 0.24058271944522858,
          "y": 0.06128724664449692,
          "z": 0.09011678397655487
        },
        "scale": {
          "x": 1.0,
          "y": 1.0,
          "z": 1.0
        },
        "matrix_basis": [
          [
            0.9762457013130188,
            -0.14434434473514557,
            0.1615830808877945,
            0.0
          ],
          [
            0.20332296192646027,
            0.8679978251457214,
            -0.4530337154865265,
            0.0
          ],
          [
            -0.07486091554164886,
            0.4751257598400116,
            0.8767276406288147,
            0.0
          ],
          [
            0.0,
            0.0,
            0.0,
            1.0
          ]
        ],
        "rotation_mode": "QUATERNION"
      },
      "armature_space": {
        "head": {
          "x": 0.4406466782093048,
          "y": 0.06626421958208084,
          "z": 0.3833743929862976
        },
        "tail": {
          "x": 0.7024968862533569,
          "y": 0.03049248456954956,
          "z": 0.4248979985713959
        }
      },
      "world_space": {
        "head": {
          "x": 0.4406466782093048,
          "y": 0.12950822710990906,
          "z": 1.333228349685669
        },
        "tail": {
          "x": 0.7024968862533569,
          "y": 0.09373648464679718,
          "z": 1.3747520446777344
        },
        "rotation_quaternion": {
          "w": 0.5920606851577759,
          "x": 0.43081918358802795,
          "y": 0.28741177916526794,
          "z": -0.6174573302268982
        },
        "matrix": [
          [
            0.07228367775678635,
            0.9787898063659668,
            -0.19169127941131592,
            0.4406466782093048
          ],
          [
            -0.4834992289543152,
            -0.13371387124061584,
            -0.8650720119476318,
            0.12950822710990906
          ],
          [
            -0.8723617792129517,
            0.15521422028541565,
            0.46358123421669006,
            1.333228349685669
          ],
          [
            0.0,
            0.0,
            0.0,
            1.0
          ]
        ]
      },
      "bone_length_armature_space": 0.26752450263867106,
      "parent": "upperarm_l",
      "has_children": true,
      "is_end_bone": false
    },
    "metacarpal_thumb_l": {
      "name": "metacarpal_thumb_l",
      "local": {
        "location": {
          "x": 0.0,
          "y": 0.0,
          "z": 0.0
        },
        "rotation_quaternion": {
          "w": 0.9997683763504028,
          "x": -0.0073221721686422825,
          "y": -0.013168692588806152,
          "z": -0.015375053510069847
        },
        "scale": {
          "x": 1.0,
          "y": 1.0,
          "z": 1.0
        },
        "matrix_basis": [
          [
            0.9991803765296936,
            0.030935831367969513,
            -0.026106126606464386,
            0.0
          ],
          [
            -0.030550137162208557,
            0.9994199872016907,
            0.015045891515910625,
            0.0
          ],
          [
            0.02655644156038761,
            -0.014236013405025005,
            0.9995459318161011,
            0.0
          ],
          [
            0.0,
            0.0,
            0.0,
            1.0
          ]
        ],
        "rotation_mode": "QUATERNION"
      },
      "armature_space": {
        "head": {
          "x": 0.7024968862533569,
          "y": 0.03049248456954956,
          "z": 0.4248979985713959
        },
        "tail": {
          "x": 0.7369508743286133,
          "y": -0.0030879564583301544,
          "z": 0.4366820454597473
        }
      },
      "world_space": {
        "head": {
          "x": 0.7024968862533569,
          "y": 0.09373648464679718,
          "z": 1.3747520446777344
        },
        "tail": {
          "x": 0.7369508743286133,
          "y": 0.060156043618917465,
          "z": 1.3865361213684082
        },
        "rotation_quaternion": {
          "w": 0.18416757881641388,
          "x": 0.9060385823249817,
          "y": 0.3565336763858795,
          "z": -0.13438856601715088
        },
        "matrix": [
          [
            0.7096468210220337,
            0.6955666542053223,
            -0.11219757795333862,
            0.7024968862533569
          ],
          [
            0.5965667963027954,
            -0.6779316067695618,
            -0.4295545220375061,
            0.09373648464679718
          ],
          [
            -0.3748481869697571,
            0.2378997504711151,
            -0.8960505127906799,
            1.3747520446777344
          ],
          [
            0.0,
            0.0,
            0.0,
            1.0
          ]
        ]
      },
      "bone_length_armature_space": 0.049533696517754175,
      "parent": "lowerarm_l",
      "has_children": true,
      "is_end_bone": false
    },
    "thumb_01_l": {
      "name": "thumb_01_l",
      "local": {
        "location": {
          "x": 0.0,
          "y": 0.0,
          "z": 0.0
        },
        "rotation_quaternion": {
          "w": 0.9512510299682617,
          "x": 0.3083234429359436,
          "y": 0.007424967363476753,
          "z": -0.001719584222882986
        },
        "scale": {
          "x": 1.0,
          "y": 1.0,
          "z": 1.0
        },
        "matrix_basis": [
          [
            0.9998838305473328,
            0.007850095629692078,
            0.0130656398832798,
            0.0
          ],
          [
            0.0013070704881101847,
            0.8098673820495605,
            -0.5866115093231201,
            0.0
          ],
          [
            -0.015186391770839691,
            0.5865604281425476,
            0.8097630739212036,
            0.0
          ],
          [
            0.0,
            0.0,
            0.0,
            1.0
          ]
        ],
        "rotation_mode": "QUATERNION"
      },
      "armature_space": {
        "head": {
          "x": 0.7369508743286133,
          "y": -0.0030879564583301544,
          "z": 0.4366820454597473
        },
        "tail": {
          "x": 0.760134220123291,
          "y": -0.01631353422999382,
          "z": 0.4155574440956116
        }
      },
      "world_space": {
        "head": {
          "x": 0.7369508743286133,
          "y": 0.060156043618917465,
          "z": 1.3865361213684082
        },
        "tail": {
          "x": 0.760134220123291,
          "y": 0.0469304658472538,
          "z": 1.3654115200042725
        },
        "rotation_quaternion": {
          "w": 0.5299906134605408,
          "x": -0.7134677767753601,
          "y": -0.15759971737861633,
          "z": -0.43039047718048096
        },
        "matrix": [
          [
            0.5798537135124207,
            0.6810895800590515,
            0.44708675146102905,
            0.7369508743286133
          ],
          [
            -0.23131848871707916,
            -0.3885467052459717,
            0.8919212818145752,
            0.060156043618917465
          ],
          [
            0.7811974287033081,
            -0.6206079721450806,
            -0.06775134801864624,
            1.3865361213684082
          ],
          [
            0.0,
            0.0,
            0.0,
            1.0
          ]
        ]
      },
      "bone_length_armature_space": 0.03403868713143481,
      "parent": "metacarpal_thumb_l",
      "has_children": true,
      "is_end_bone": false
    },
    "thumb_02_l": {
      "name": "thumb_02_l",
      "local": {
        "location": {
          "x": 0.0,
          "y": 0.0,
          "z": 0.0
        },
        "rotation_quaternion": {
          "w": 0.8877277970314026,
          "x": 0.4603101909160614,
          "y": 0.0017363314982503653,
          "z": -0.007143728900700808
        },
        "scale": {
          "x": 1.0,
          "y": 1.0,
          "z": 1.0
        },
        "matrix_basis": [
          [
            0.9998918771743774,
            0.01428187545388937,
            -0.0034938829485327005,
            0.0
          ],
          [
            -0.011084871366620064,
            0.5761269927024841,
            -0.8172851204872131,
            0.0
          ],
          [
            -0.009659442119300365,
            0.8172354698181152,
            0.5762230157852173,
            0.0
          ],
          [
            0.0,
            0.0,
            0.0,
            1.0
          ]
        ],
        "rotation_mode": "QUATERNION"
      },
      "armature_space": {
        "head": {
          "x": 0.7601341605186462,
          "y": -0.01631356030702591,
          "z": 0.4155574142932892
        },
        "tail": {
          "x": 0.7745309472084045,
          "y": 0.0091619323939085,
          "z": 0.4430696368217468
        }
      },
      "world_space": {
        "head": {
          "x": 0.7601341605186462,
          "y": 0.04693043977022171,
          "z": 1.365411400794983
        },
        "tail": {
          "x": 0.7745309472084045,
          "y": 0.07240593433380127,
          "z": 1.3929235935211182
        },
        "rotation_quaternion": {
          "w": 0.7013586759567261,
          "x": 0.1688825935125351,
          "y": -0.5702953934669495,
          "z": -0.3928588032722473
        },
        "matrix": [
          [
            0.04084997996687889,
            0.35844701528549194,
            -0.932655930519104,
            0.7601341605186462
          ],
          [
            -0.7436960339546204,
            0.6342803835868835,
            0.21119876205921173,
            0.04693043977022171
          ],
          [
            0.6672727465629578,
            0.6849902272224426,
            0.2924882173538208,
            1.365411400794983
          ],
          [
            0.0,
            0.0,
            0.0,
            1.0
          ]
        ]
      },
      "bone_length_armature_space": 0.04016454444470701,
      "parent": "thumb_01_l",
      "has_children": true,
      "is_end_bone": false
    },
    "thumb_03_l": {
      "name": "thumb_03_l",
      "local": {
        "location": {
          "x": 0.0,
          "y": 0.0,
          "z": 0.0
        },
        "rotation_quaternion": {
          "w": 0.9899945855140686,
          "x": 0.1410108357667923,
          "y": 0.0009778003441169858,
          "z": 0.00506802462041378
        },
        "scale": {
          "x": 1.0,
          "y": 1.0,
          "z": 1.0
        },
        "matrix_basis": [
          [
            0.9999467134475708,
            -0.009758872911334038,
            0.0033653269056230783,
            0.0
          ],
          [
            0.010310394689440727,
            0.9601805210113525,
            -0.2791900038719177,
            0.0
          ],
          [
            -0.0005067413439974189,
            0.27920985221862793,
            0.9602299928665161,
            0.0
          ],
          [
            0.0,
            0.0,
            0.0,
            1.0
          ]
        ],
        "rotation_mode": "QUATERNION"
      },
      "armature_space": {
        "head": {
          "x": 0.7745310068130493,
          "y": 0.009161850437521935,
          "z": 0.44306960701942444
        },
        "tail": {
          "x": 0.7691689729690552,
          "y": 0.030253726989030838,
          "z": 0.46435996890068054
        }
      },
      "world_space": {
        "head": {
          "x": 0.7745310068130493,
          "y": 0.0724058523774147,
          "z": 1.3929235935211182
        },
        "tail": {
          "x": 0.7691689729690552,
          "y": 0.09349772334098816,
          "z": 1.414214015007019
        },
        "rotation_quaternion": {
          "w": 0.7642747759819031,
          "x": 0.36901187896728516,
          "y": -0.512130856513977,
          "z": -0.13204725086688995
        },
        "matrix": [
          [
            0.440572589635849,
            -0.17612169682979584,
            -0.8802710771560669,
            0.7745310068130493
          ],
          [
            -0.579804539680481,
            0.69278883934021,
            -0.4288012385368347,
            0.0724058523774147
          ],
          [
            0.6853672862052917,
            0.6993086338043213,
            0.20310871303081512,
            1.3929235935211182
          ],
          [
            0.0,
            0.0,
            0.0,
            1.0
          ]
        ]
      },
      "bone_length_armature_space": 0.03044500247575367,
      "parent": "thumb_02_l",
      "has_children": false,
      "is_end_bone": true
    },
    "metacarpal_index_l": {
      "name": "metacarpal_index_l",
      "local": {
        "location": {
          "x": 0.0,
          "y": 0.0,
          "z": 0.0
        },
        "rotation_quaternion": {
          "w": 0.9994156360626221,
          "x": -0.02881965972483158,
          "y": 0.0028847847133874893,
          "z": 0.018154915422201157
        },
        "scale": {
          "x": 1.0,
          "y": 1.0,
          "z": 1.0
        },
        "matrix_basis": [
          [
            0.9993241429328918,
            -0.03645488992333412,
            0.004719760734587908,
            0.0
          ],
          [
            0.036122336983680725,
            0.9976796507835388,
            0.05771038308739662,
            0.0
          ],
          [
            -0.006812634877860546,
            -0.057500891387462616,
            0.9983221888542175,
            0.0
          ],
          [
            0.0,
            0.0,
            0.0,
            1.0
          ]
        ],
        "rotation_mode": "QUATERNION"
      },
      "armature_space": {
        "head": {
          "x": 0.7024968862533569,
          "y": 0.03049248456954956,
          "z": 0.4248979985713959
        },
        "tail": {
          "x": 0.8049003481864929,
          "y": -0.014025628566741943,
          "z": 0.4604071378707886
        }
      },
      "world_space": {
        "head": {
          "x": 0.7024968862533569,
          "y": 0.09373648464679718,
          "z": 1.3747520446777344
        },
        "tail": {
          "x": 0.8049003481864929,
          "y": 0.049218371510505676,
          "z": 1.4102611541748047
        },
        "rotation_quaternion": {
          "w": 0.38177457451820374,
          "x": 0.7578684091567993,
          "y": 0.4053124189376831,
          "z": -0.3400081992149353
        },
        "matrix": [
          [
            0.4402318298816681,
            0.873960554599762,
            -0.205885648727417,
            0.7024968862533569
          ],
          [
            0.35473519563674927,
            -0.3799390196800232,
            -0.8542891144752502,
            0.09373648464679718
          ],
          [
            -0.824844241142273,
            0.30305215716362,
            -0.47728976607322693,
            1.3747520446777344
          ],
          [
            0.0,
            0.0,
            0.0,
            1.0
          ]
        ]
      },
      "bone_length_armature_space": 0.11717179709766513,
      "parent": "lowerarm_l",
      "has_children": true,
      "is_end_bone": false
    },
    "index_01_l": {
      "name": "index_01_l",
      "local": {
        "location": {
          "x": 0.0,
          "y": 0.0,
          "z": 0.0
        },
        "rotation_quaternion": {
          "w": 0.9486628770828247,
          "x": 0.3162890374660492,
          "y": -0.0002456047513987869,
          "z": 0.00011556876415852457
        },
        "scale": {
          "x": 1.0,
          "y": 1.0,
          "z": 1.0
        },
        "matrix_basis": [
          [
            0.9999998807907104,
            -0.000374635768821463,
            -0.0003928859659936279,
            0.0
          ],
          [
            6.390741327777505e-05,
            0.7999224662780762,
            -0.6001033782958984,
            0.0
          ],
          [
            0.0005390984588302672,
            0.6001032590866089,
            0.7999223470687866,
            0.0
          ],
          [
            0.0,
            0.0,
            0.0,
            1.0
          ]
        ],
        "rotation_mode": "QUATERNION"
      },
      "armature_space": {
        "head": {
          "x": 0.8049003481864929,
          "y": -0.014025628566741943,
          "z": 0.4604071378707886
        },
        "tail": {
          "x": 0.8262509703636169,
          "y": -0.03164149820804596,
          "z": 0.45355862379074097
        }
      },
      "world_space": {
        "head": {
          "x": 0.8049003481864929,
          "y": 0.049218371510505676,
          "z": 1.4102611541748047
        },
        "tail": {
          "x": 0.8262509703636169,
          "y": 0.03160250186920166,
          "z": 1.4034125804901123
        },
        "rotation_quaternion": {
          "w": 0.13216885924339294,
          "x": 0.7332746982574463,
          "y": 0.4166963994503021,
          "z": -0.5207723379135132
        },
        "matrix": [
          [
            0.11031915992498398,
            0.7487674355506897,
            -0.653587818145752,
            0.8049003481864929
          ],
          [
            0.4734460413455963,
            -0.6177891492843628,
            -0.627842366695404,
            0.049218371510505676
          ],
          [
            -0.8738929033279419,
            -0.24017763137817383,
            -0.4226583242416382,
            1.4102611541748047
          ],
          [
            0.0,
            0.0,
            0.0,
            1.0
          ]
        ]
      },
      "bone_length_armature_space": 0.028514383815977838,
      "parent": "metacarpal_index_l",
      "has_children": true,
      "is_end_bone": false
    },
    "index_02_l": {
      "name": "index_02_l",
      "local": {
        "location": {
          "x": 0.0,
          "y": 0.0,
          "z": 0.0
        },
        "rotation_quaternion": {
          "w": 0.9062505960464478,
          "x": 0.4225972294807434,
          "y": 0.008103802800178528,
          "z": 0.00746785756200552
        },
        "scale": {
          "x": 1.0,
          "y": 1.0,
          "z": 1.0
        },
        "matrix_basis": [
          [
            0.9997571110725403,
            -0.006686211563646793,
            0.02099994383752346,
            0.0
          ],
          [
            0.020384790375828743,
            0.6427116394042969,
            -0.7658369541168213,
            0.0
          ],
          [
            -0.008376359939575195,
            0.7660790085792542,
            0.6426917910575867,
            0.0
          ],
          [
            0.0,
            0.0,
            0.0,
            1.0
          ]
        ],
        "rotation_mode": "QUATERNION"
      },
      "armature_space": {
        "head": {
          "x": 0.8262510895729065,
          "y": -0.031642042100429535,
          "z": 0.45355862379074097
        },
        "tail": {
          "x": 0.826592206954956,
          "y": -0.05464468523859978,
          "z": 0.4422072172164917
        }
      },
      "world_space": {
        "head": {
          "x": 0.8262510895729065,
          "y": 0.031601957976818085,
          "z": 1.4034125804901123
        },
        "tail": {
          "x": 0.826592206954956,
          "y": 0.008599314838647842,
          "z": 1.3920612335205078
        },
        "rotation_quaternion": {
          "w": 0.16148629784584045,
          "x": -0.7121447324752808,
          "y": -0.1599527895450592,
          "z": 0.6642191410064697
        },
        "matrix": [
          [
            0.0664566308259964,
            0.013297349214553833,
            -0.9977006912231445,
            0.8262510895729065
          ],
          [
            0.44234347343444824,
            -0.8966749906539917,
            0.017513573169708252,
            0.031601957976818085
          ],
          [
            -0.8943860530853271,
            -0.44249406456947327,
            -0.06547242403030396,
            1.4034125804901123
          ],
          [
            0.0,
            0.0,
            0.0,
            1.0
          ]
        ]
      },
      "bone_length_armature_space": 0.025653311648561116,
      "parent": "index_01_l",
      "has_children": true,
      "is_end_bone": false
    },
    "index_03_l": {
      "name": "index_03_l",
      "local": {
        "location": {
          "x": 0.0,
          "y": 0.0,
          "z": 0.0
        },
        "rotation_quaternion": {
          "w": 0.925267219543457,
          "x": 0.37925294041633606,
          "y": -0.006841312162578106,
          "z": -0.001028780941851437
        },
        "scale": {
          "x": 1.0,
          "y": 1.0,
          "z": 1.0
        },
        "matrix_basis": [
          [
            0.9999042749404907,
            -0.0032853810116648674,
            -0.013440419919788837,
            0.0
          ],
          [
            -0.007092969957739115,
            0.7123323082923889,
            -0.7018065452575684,
            0.0
          ],
          [
            0.011879747733473778,
            0.7018346786499023,
            0.7122408151626587,
            0.0
          ],
          [
            0.0,
            0.0,
            0.0,
            1.0
          ]
        ],
        "rotation_mode": "QUATERNION"
      },
      "armature_space": {
        "head": {
          "x": 0.8265923261642456,
          "y": -0.054644688963890076,
          "z": 0.4422072172164917
        },
        "tail": {
          "x": 0.8048940896987915,
          "y": -0.06964025646448135,
          "z": 0.42963528633117676
        }
      },
      "world_space": {
        "head": {
          "x": 0.8265923261642456,
          "y": 0.008599311113357544,
          "z": 1.3920612335205078
        },
        "tail": {
          "x": 0.8048940896987915,
          "y": -0.006396256387233734,
          "z": 1.3794893026351929
        },
        "rotation_quaternion": {
          "w": 0.48385271430015564,
          "x": -0.574609637260437,
          "y": 0.09631088376045227,
          "z": 0.6530195474624634
        },
        "matrix": [
          [
            0.12858133018016815,
            -0.7426151037216187,
            -0.6572591066360474,
            0.8265923261642456
          ],
          [
            0.5212478041648865,
            -0.5132185220718384,
            0.6818416118621826,
            0.008599311113357544
          ],
          [
            -0.8436686992645264,
            -0.43027040362358093,
            0.32109901309013367,
            1.3920612335205078
          ],
          [
            0.0,
            0.0,
            0.0,
            1.0
          ]
        ]
      },
      "bone_length_armature_space": 0.02921872643543762,
      "parent": "index_02_l",
      "has_children": false,
      "is_end_bone": true
    },
    "metacarpal_pinky_l": {
      "name": "metacarpal_pinky_l",
      "local": {
        "location": {
          "x": 0.0,
          "y": 0.0,
          "z": 0.0
        },
        "rotation_quaternion": {
          "w": 0.9998664259910583,
          "x": -0.007330860011279583,
          "y": -0.008298268541693687,
          "z": 0.012026460841298103
        },
        "scale": {
          "x": 1.0,
          "y": 1.0,
          "z": 1.0
        },
        "matrix_basis": [
          [
            0.9995729923248291,
            -0.023928042501211166,
            -0.016770649701356888,
            0.0
          ],
          [
            0.02417137660086155,
            0.999603271484375,
            0.014460164122283459,
            0.0
          ],
          [
            0.016417991369962692,
            -0.01485935878008604,
            0.999754786491394,
            0.0
          ],
          [
            0.0,
            0.0,
            0.0,
            1.0
          ]
        ],
        "rotation_mode": "QUATERNION"
      },
      "armature_space": {
        "head": {
          "x": 0.7024968862533569,
          "y": 0.03049248456954956,
          "z": 0.4248979985713959
        },
        "tail": {
          "x": 0.8053973317146301,
          "y": 0.04634594917297363,
          "z": 0.4230595529079437
        }
      },
      "world_space": {
        "head": {
          "x": 0.7024968862533569,
          "y": 0.09373648464679718,
          "z": 1.3747520446777344
        },
        "tail": {
          "x": 0.8053973317146301,
          "y": 0.10958994925022125,
          "z": 1.3729135990142822
        },
        "rotation_quaternion": {
          "w": 0.7535557150840759,
          "x": -0.08956965059041977,
          "y": -0.09097795933485031,
          "z": -0.6448675990104675
        },
        "matrix": [
          [
            0.15173761546611786,
            0.9881849884986877,
            -0.021591603755950928,
            0.7024968862533569
          ],
          [
            -0.9555896520614624,
            0.15224575996398926,
            0.2523294687271118,
            0.09373648464679718
          ],
          [
            0.2526364326477051,
            -0.017655063420534134,
            0.9674074649810791,
            1.3747520446777344
          ],
          [
            0.0,
            0.0,
            0.0,
            1.0
          ]
        ]
      },
      "bone_length_armature_space": 0.10413075333197759,
      "parent": "lowerarm_l",
      "has_children": true,
      "is_end_bone": false
    },
    "pinky_01_l": {
      "name": "pinky_01_l",
      "local": {
        "location": {
          "x": 0.0,
          "y": 0.0,
          "z": 0.0
        },
        "rotation_quaternion": {
          "w": 0.9312881231307983,
          "x": 0.3636075258255005,
          "y": 0.020754024386405945,
          "z": -0.00783766433596611
        },
        "scale": {
          "x": 1.0,
          "y": 1.0,
          "z": 1.0
        },
        "matrix_basis": [
          [
            0.9990156888961792,
            0.029690885916352272,
            0.032956283539533615,
            0.0
          ],
          [
            0.0004943914827890694,
            0.7354562878608704,
            -0.6775720715522766,
            0.0
          ],
          [
            -0.044355619698762894,
            0.6769214272499084,
            0.7347176671028137,
            0.0
          ],
          [
            0.0,
            0.0,
            0.0,
            1.0
          ]
        ],
        "rotation_mode": "QUATERNION"
      },
      "armature_space": {
        "head": {
          "x": 0.8053973317146301,
          "y": 0.04634594917297363,
          "z": 0.4230595529079437
        },
        "tail": {
