{
  "metadata": {
    "armature_name": "KIM_caucasian_male",
    "export_time": "2026-01-13T21:16:30.609799",
    "blender_version": "4.4.1",
    "bone_count": 56,
    "end_bone_count": 13,
    "spaces_included": [
      "LOCAL_CHANNELS",
      "ARMATURE_SPACE",
      "WORLD_SPACE"
    ],
    "note": "LOCAL matches Transform panel; replay pose via local.matrix_basis for best fidelity."
  },
  "bones": {
    "Root": {
      "name": "Root",
      "local": {
        "location": {
          "x": 0.0,
          "y": 0.0,
          "z": 0.0
        },
        "rotation_quaternion": {
          "w": 0.9994328618049622,
          "x": 0.0027177343145012856,
          "y": -0.013762613758444786,
          "z": -0.030613141134381294
        },
        "scale": {
          "x": 1.0,
          "y": 1.0,
          "z": 1.0
        },
        "matrix_basis": [
          [
            0.9977468252182007,
            0.06111675128340721,
            -0.027676014229655266,
            0.0
          ],
          [
            -0.06126636639237404,
            0.9981108903884888,
            -0.004589752294123173,
            0.0
          ],
          [
            0.02734322100877762,
            0.006275019608438015,
            0.9996064305305481,
            0.0
          ],
          [
            0.0,
            0.0,
            0.0,
            1.0
          ]
        ],
        "rotation_mode": "QUATERNION"
      },
      "armature_space": {
        "head": {
          "x": 0.0,
          "y": 0.07072800397872925,
          "z": -0.009595036506652832
        },
        "tail": {
          "x": 0.004362261388450861,
          "y": 7.340312004089355e-05,
          "z": -0.00046194903552532196
        }
      },
      "world_space": {
        "head": {
          "x": 0.0,
          "y": 0.13397200405597687,
          "z": 0.9402589797973633
        },
        "tail": {
          "x": 0.004362261388450861,
          "y": 0.06331740319728851,
          "z": 0.9493920803070068
        },
        "rotation_quaternion": {
          "w": 0.06461788713932037,
          "x": 0.997345507144928,
          "y": 0.02961643598973751,
          "z": -0.0157936904579401
        },
        "matrix": [
          [
            0.9977468252182007,
            0.06111675128340721,
            -0.027676014229655266,
            0.0
          ],
          [
            0.05703452229499817,
            -0.9898947477340698,
            -0.12982869148254395,
            0.13397200405597687
          ],
          [
            -0.03533124178647995,
            0.12795764207839966,
            -0.9911572337150574,
            0.9402589797973633
          ],
          [
            0.0,
            0.0,
            0.0,
            1.0
          ]
        ]
      },
      "bone_length_armature_space": 0.07137587185687183,
      "parent": null,
      "has_children": true,
      "is_end_bone": false
    },
    "spine_01": {
      "name": "spine_01",
      "local": {
        "location": {
          "x": 0.0,
          "y": 0.0,
          "z": 0.0
        },
        "rotation_quaternion": {
          "w": 0.9943180084228516,
          "x": 0.0885370522737503,
          "y": -0.041476357728242874,
          "z": -0.04210188612341881
        },
        "scale": {
          "x": 1.0,
          "y": 1.0,
          "z": 1.0
        },
        "matrix_basis": [
          [
            0.9930142760276794,
            0.07638093829154968,
            -0.08993653208017349,
            0.0
          ],
          [
            -0.09106971323490143,
            0.9807772636413574,
            -0.17257550358772278,
            0.0
          ],
          [
            0.07502622157335281,
            0.17956043779850006,
            0.9808818101882935,
            0.0
          ],
          [
            0.0,
            0.0,
            0.0,
            1.0
          ]
        ],
        "rotation_mode": "QUATERNION"
      },
      "armature_space": {
        "head": {
          "x": 0.004362261388450861,
          "y": 7.340312004089355e-05,
          "z": -0.00046194903552532196
        },
        "tail": {
          "x": 0.06244176998734474,
          "y": -0.06498589366674423,
          "z": 0.479686439037323
        }
      },
      "world_space": {
        "head": {
          "x": 0.004362261388450861,
          "y": 0.06331740319728851,
          "z": 0.9493920803070068
        },
        "tail": {
          "x": 0.06244176998734474,
          "y": -0.0017418935894966125,
          "z": 1.4295403957366943
        },
        "rotation_quaternion": {
          "w": 0.6574941277503967,
          "x": 0.7508543729782104,
          "y": 0.03228525072336197,
          "z": -0.05363697558641434
        },
        "matrix": [
          [
            0.9921614527702332,
            0.11901508271694183,
            -0.03809158876538277,
            0.004362261388450861
          ],
          [
            -0.02204819768667221,
            -0.13331790268421173,
            -0.9908280968666077,
            0.06331740319728851
          ],
          [
            -0.12300265580415726,
            0.9839081168174744,
            -0.12965065240859985,
            0.9493920803070068
          ],
          [
            0.0,
            0.0,
            0.0,
            1.0
          ]
        ]
      },
      "bone_length_armature_space": 0.48800451566774466,
      "parent": "Root",
      "has_children": true,
      "is_end_bone": false
    },
    "neck_01": {
      "name": "neck_01",
      "local": {
        "location": {
          "x": 0.0,
          "y": 0.0,
          "z": 0.0
        },
        "rotation_quaternion": {
          "w": 0.9918636083602905,
          "x": 0.0776716023683548,
          "y": -0.009215007536113262,
          "z": -0.10044354945421219
        },
        "scale": {
          "x": 1.0,
          "y": 1.0,
          "z": 1.0
        },
        "matrix_basis": [
          [
            0.9796523451805115,
            0.19782111048698425,
            -0.03388328477740288,
            0.0
          ],
          [
            -0.2006840854883194,
            0.967756450176239,
            -0.15222810208797455,
            0.0
          ],
          [
            0.0026768383104354143,
            0.15593044459819794,
            0.9877644181251526,
            0.0
          ],
          [
            0.0,
            0.0,
            0.0,
            1.0
          ]
        ],
        "rotation_mode": "QUATERNION"
      },
      "armature_space": {
        "head": {
          "x": 0.06983483582735062,
          "y": -0.10910958051681519,
          "z": 0.5472303628921509
        },
        "tail": {
          "x": 0.09812726080417633,
          "y": -0.17301106452941895,
          "z": 0.6222425699234009
        }
      },
      "world_space": {
        "head": {
          "x": 0.06983483582735062,
          "y": -0.045865580439567566,
          "z": 1.497084379196167
        },
        "tail": {
          "x": 0.09812726080417633,
          "y": -0.10976706445217133,
          "z": 1.572096586227417
        },
        "rotation_quaternion": {
          "w": 0.4227326214313507,
          "x": 0.8930339217185974,
          "y": 0.09822100400924683,
          "z": -0.11891278624534607
        },
        "matrix": [
          [
            0.9524247646331787,
            0.27596616744995117,
            -0.12934289872646332,
            0.06983483582735062
          ],
          [
            0.07489354908466339,
            -0.6232993602752686,
            -0.7783888578414917,
            -0.045865580439567566
          ],
          [
            -0.2954302728176117,
            0.7316743731498718,
            -0.6143189072608948,
            1.497084379196167
          ],
          [
            0.0,
            0.0,
            0.0,
            1.0
          ]
        ]
      },
      "bone_length_armature_space": 0.10252166696993932,
      "parent": "spine_01",
      "has_children": true,
      "is_end_bone": false
    },
    "head": {
      "name": "head",
      "local": {
        "location": {
          "x": 0.0,
          "y": 0.0,
          "z": 0.0
        },
        "rotation_quaternion": {
          "w": 0.9988203048706055,
          "x": 0.04684041813015938,
          "y": -0.008445385843515396,
          "z": 0.009624116122722626
        },
        "scale": {
          "x": 1.0,
          "y": 1.0,
          "z": 1.0
        },
        "matrix_basis": [
          [
            0.9996721148490906,
            -0.02001669630408287,
            -0.015969250351190567,
            0.0
          ],
          [
            0.018434355035424232,
            0.9954267144203186,
            -0.09373287856578827,
            0.0
          ],
          [
            0.01777244172990322,
            0.0934077650308609,
            0.9954692721366882,
            0.0
          ],
          [
            0.0,
            0.0,
            0.0,
            1.0
          ]
        ],
        "rotation_mode": "QUATERNION"
      },
      "armature_space": {
        "head": {
          "x": 0.09812721610069275,
          "y": -0.17301113903522491,
          "z": 0.6222424507141113
        },
        "tail": {
          "x": 0.14167523384094238,
          "y": -0.23329946398735046,
          "z": 0.758338451385498
        }
      },
      "world_space": {
        "head": {
          "x": 0.09812721610069275,
          "y": -0.1097671389579773,
          "z": 1.5720964670181274
        },
        "tail": {
          "x": 0.14167523384094238,
          "y": -0.17005546391010284,
          "z": 1.7081924676895142
        },
        "rotation_quaternion": {
          "w": 0.5437459349632263,
          "x": 0.8264655470848083,
          "y": 0.09987446665763855,
          "z": -0.10639680176973343
        },
        "matrix": [
          [
            0.9574095606803894,
            0.2807914912700653,
            -0.06725256890058517,
            0.09812721610069275
          ],
          [
            0.04938121512532234,
            -0.3887307345867157,
            -0.9200273156166077,
            -0.1097671389579773
          ],
          [
            -0.28448086977005005,
            0.8775278329849243,
            -0.386043906211853,
            1.5720964670181274
          ],
          [
            0.0,
            0.0,
            0.0,
            1.0
          ]
        ]
      },
      "bone_length_armature_space": 0.15509104737916618,
      "parent": "neck_01",
      "has_children": false,
      "is_end_bone": true
    },
    "upperarm_l": {
      "name": "upperarm_l",
      "local": {
        "location": {
          "x": 0.0,
          "y": 0.0,
          "z": 0.0
        },
        "rotation_quaternion": {
          "w": 0.8889944553375244,
          "x": 0.10091489553451538,
          "y": 0.43056148290634155,
          "z": 0.11883619427680969
        },
        "scale": {
          "x": 1.0,
          "y": 1.0,
          "z": 1.0
        },
        "matrix_basis": [
          [
            0.6009895205497742,
            -0.12438929826021194,
            0.7895182371139526,
            0.0
          ],
          [
            0.29818958044052124,
            0.9513882994651794,
            -0.07709299027919769,
            0.0
          ],
          [
            -0.7415488362312317,
            0.2817581295967102,
            0.6088659763336182,
            0.0
          ],
          [
            0.0,
            0.0,
            0.0,
            1.0
          ]
        ],
        "rotation_mode": "QUATERNION"
      },
      "armature_space": {
        "head": {
          "x": 0.210538849234581,
          "y": -0.10661669820547104,
          "z": 0.46224018931388855
        },
        "tail": {
          "x": 0.4674305319786072,
          "y": -0.18139198422431946,
          "z": 0.44730880856513977
        }
      },
      "world_space": {
        "head": {
          "x": 0.210538849234581,
          "y": -0.04337269812822342,
          "z": 1.412094235420227
        },
        "tail": {
          "x": 0.4674305319786072,
          "y": -0.11814798414707184,
          "z": 1.3971627950668335
        },
        "rotation_quaternion": {
          "w": 0.137869730591774,
          "x": 0.7663646936416626,
          "y": 0.5843536257743835,
          "z": -0.22849057614803314
        },
        "matrix": [
          [
            0.21264515817165375,
            0.9586603045463562,
            -0.18908283114433289,
            0.210538849234581
          ],
          [
            0.8326520323753357,
            -0.2790440618991852,
            -0.4783569872379303,
            -0.04337269812822342
          ],
          [
            -0.5113470554351807,
            -0.05572051554918289,
            -0.8575742840766907,
            1.412094235420227
          ],
          [
            0.0,
            0.0,
            0.0,
            1.0
          ]
        ]
      },
      "bone_length_armature_space": 0.2679694406451234,
      "parent": "spine_01",
      "has_children": true,
      "is_end_bone": false
    },
    "lowerarm_l": {
      "name": "lowerarm_l",
      "local": {
        "location": {
          "x": 0.0,
          "y": 0.0,
          "z": 0.0
        },
        "rotation_quaternion": {
          "w": 0.9920913577079773,
          "x": 0.11505371332168579,
          "y": -0.00681210495531559,
          "z": 0.04970948398113251
        },
        "scale": {
          "x": 1.0,
          "y": 1.0,
          "z": 1.0
        },
        "matrix_basis": [
          [
            0.994965136051178,
            -0.10020021349191666,
            -0.0020779394544661045,
            0.0
          ],
          [
            0.09706518054008484,
            0.9685832262039185,
            -0.22896483540534973,
            0.0
          ],
          [
            0.024954982101917267,
            0.22761033475399017,
            0.9734324812889099,
            0.0
          ],
          [
            0.0,
            0.0,
            0.0,
            1.0
          ]
        ],
        "rotation_mode": "QUATERNION"
      },
      "armature_space": {
        "head": {
          "x": 0.4674305319786072,
          "y": -0.1813921183347702,
          "z": 0.44730880856513977
        },
        "tail": {
          "x": 0.6773369312286377,
          "y": -0.3359062671661377,
          "z": 0.3870254456996918
        }
      },
      "world_space": {
        "head": {
          "x": 0.4674305319786072,
          "y": -0.11814811825752258,
          "z": 1.3971627950668335
        },
        "tail": {
          "x": 0.6773369312286377,
          "y": -0.27266228199005127,
          "z": 1.3368794918060303
        },
        "rotation_quaternion": {
          "w": 0.06843847036361694,
          "x": 0.8076052069664001,
          "y": 0.454456090927124,
          "z": -0.3695400655269623
        },
        "matrix": [
          [
            0.31381839513778687,
            0.7846248745918274,
            -0.5346787571907043,
            0.4674305319786072
          ],
          [
            0.6834604740142822,
            -0.5775701999664307,
            -0.4464244246482849,
            -0.11814811825752258
          ],
          [
            -0.6590942144393921,
            -0.22533775866031647,
            -0.7175179719924927,
            1.3971627950668335
          ],
          [
            0.0,
            0.0,
            0.0,
            1.0
          ]
        ]
      },
      "bone_length_armature_space": 0.26752458118460726,
      "parent": "upperarm_l",
      "has_children": true,
      "is_end_bone": false
    },
    "metacarpal_thumb_l": {
      "name": "metacarpal_thumb_l",
      "local": {
        "location": {
          "x": 0.0,
          "y": 0.0,
          "z": 0.0
        },
        "rotation_quaternion": {
          "w": 0.9990050792694092,
          "x": -0.042328786104917526,
          "y": 0.014043821021914482,
          "z": -1.793638693925459e-05
        },
        "scale": {
          "x": 1.0,
          "y": 1.0,
          "z": 1.0
        },
        "matrix_basis": [
          [
            0.9996055364608765,
            -0.0011530787451192737,
            0.028061214834451675,
            0.0
          ],
          [
            -0.0012247528648003936,
            0.9964165687561035,
            0.08457284420728683,
            0.0
          ],
          [
            -0.02805817872285843,
            -0.08457385003566742,
            0.99602210521698,
            0.0
          ],
          [
            0.0,
            0.0,
            0.0,
            1.0
          ]
        ],
        "rotation_mode": "QUATERNION"
      },
      "armature_space": {
        "head": {
          "x": 0.6773369312286377,
          "y": -0.3359062671661377,
          "z": 0.3870254456996918
        },
        "tail": {
          "x": 0.6943233609199524,
          "y": -0.3685362637042999,
          "z": 0.3538539707660675
        }
      },
      "world_space": {
        "head": {
          "x": 0.6773369312286377,
          "y": -0.27266228199005127,
          "z": 1.3368794918060303
        },
        "tail": {
          "x": 0.6943233609199524,
          "y": -0.3052922487258911,
          "z": 1.3037079572677612
        },
        "rotation_quaternion": {
          "w": 0.3983072340488434,
          "x": -0.8916117548942566,
          "y": -0.10945189744234085,
          "z": -0.1854725331068039
        },
        "matrix": [
          [
            0.9072405695915222,
            0.34292715787887573,
            0.24354679882526398,
            0.6773369312286377
          ],
          [
            0.04742856323719025,
            -0.6587437391281128,
            0.7508710622787476,
            -0.27266228199005127
          ],
          [
            0.4179323613643646,
            -0.6696750521659851,
            -0.6139072179794312,
            1.3368794918060303
          ],
          [
            0.0,
            0.0,
            0.0,
            1.0
          ]
        ]
      },
      "bone_length_armature_space": 0.04953385001657337,
      "parent": "lowerarm_l",
      "has_children": true,
      "is_end_bone": false
    },
    "thumb_01_l": {
      "name": "thumb_01_l",
      "local": {
        "location": {
          "x": 0.0,
          "y": 0.0,
          "z": 0.0
        },
        "rotation_quaternion": {
          "w": 0.9991176128387451,
          "x": -0.0389009490609169,
          "y": -0.015348820015788078,
          "z": 0.003916788846254349
        },
        "scale": {
          "x": 1.0,
          "y": 1.0,
          "z": 1.0
        },
        "matrix_basis": [
          [
            0.9994981288909912,
            -0.006632497999817133,
            -0.030975285917520523,
            0.0
          ],
          [
            0.009020832367241383,
            0.9969427585601807,
            0.07761301100254059,
            0.0
          ],
          [
            0.030365819111466408,
            -0.0778534859418869,
            0.9965022802352905,
            0.0
          ],
          [
            0.0,
            0.0,
            0.0,
            1.0
          ]
        ],
        "rotation_mode": "QUATERNION"
      },
      "armature_space": {
        "head": {
          "x": 0.6943233609199524,
          "y": -0.3685362637042999,
          "z": 0.3538539707660675
        },
        "tail": {
          "x": 0.7018658518791199,
          "y": -0.3645278215408325,
          "z": 0.3209042549133301
        }
      },
      "world_space": {
        "head": {
          "x": 0.6943233609199524,
          "y": -0.3052922487258911,
          "z": 1.3037079572677612
        },
        "tail": {
          "x": 0.7018658518791199,
          "y": -0.3012838363647461,
          "z": 1.2707582712173462
        },
        "rotation_quaternion": {
          "w": 0.6067941188812256,
          "x": -0.4389294981956482,
          "y": 0.4366719126701355,
          "z": -0.498457133769989
        },
        "matrix": [
          [
            0.12171537429094315,
            0.22158648073673248,
            0.9675145745277405,
            0.6943233609199524
          ],
          [
            -0.9882582426071167,
            0.11776162683963776,
            0.09735468029975891,
            -0.3052922487258911
          ],
          [
            -0.09236519783735275,
            -0.9680107831954956,
            0.23332008719444275,
            1.3037079572677612
          ],
          [
            0.0,
            0.0,
            0.0,
            1.0
          ]
        ]
      },
      "bone_length_armature_space": 0.03403881017423948,
      "parent": "metacarpal_thumb_l",
      "has_children": true,
      "is_end_bone": false
    },
    "thumb_02_l": {
      "name": "thumb_02_l",
      "local": {
        "location": {
          "x": 0.0,
          "y": 0.0,
          "z": 0.0
        },
        "rotation_quaternion": {
          "w": 0.9974232316017151,
          "x": 0.0708635002374649,
          "y": -0.003492992836982012,
          "z": -0.010640141554176807
        },
        "scale": {
          "x": 1.0,
          "y": 1.0,
          "z": 1.0
        },
        "matrix_basis": [
          [
            0.9997491836547852,
            0.02073039673268795,
            -0.008475979790091515,
            0.0
          ],
          [
            -0.02172050066292286,
            0.9897302985191345,
            -0.14128747582435608,
            0.0
          ],
          [
            0.005459988955408335,
            0.1414361298084259,
            0.9899322986602783,
            0.0
          ],
          [
            0.0,
            0.0,
            0.0,
            1.0
          ]
        ],
        "rotation_mode": "QUATERNION"
      },
      "armature_space": {
        "head": {
          "x": 0.7018657922744751,
          "y": -0.36452779173851013,
          "z": 0.32090428471565247
        },
        "tail": {
          "x": 0.7332974076271057,
          "y": -0.3872237205505371,
          "z": 0.31041011214256287
        }
      },
      "world_space": {
        "head": {
          "x": 0.7018657922744751,
          "y": -0.3012837767601013,
          "z": 1.2707582712173462
        },
        "tail": {
          "x": 0.7332974076271057,
          "y": -0.3239797353744507,
          "z": 1.2602641582489014
        },
        "rotation_quaternion": {
          "w": 0.44351035356521606,
          "x": -0.0071790870279073715,
          "y": 0.14408482611179352,
          "z": -0.8845828175544739
        },
        "matrix": [
          [
            -0.6064938306808472,
            0.7825741767883301,
            0.14050838351249695,
            0.7018657922744751
          ],
          [
            -0.7867125868797302,
            -0.5650759935379028,
            -0.24854084849357605,
            -0.3012837767601013
          ],
          [
            -0.11510555446147919,
            -0.26128047704696655,
            0.958382785320282,
            1.2707582712173462
          ],
          [
            0.0,
            0.0,
            0.0,
            1.0
          ]
        ]
      },
      "bone_length_armature_space": 0.04016440296338353,
      "parent": "thumb_01_l",
      "has_children": true,
      "is_end_bone": false
    },
    "thumb_03_l": {
      "name": "thumb_03_l",
      "local": {
        "location": {
          "x": 0.0,
          "y": 0.0,
          "z": 0.0
        },
        "rotation_quaternion": {
          "w": 0.9979556202888489,
          "x": 0.06387992948293686,
          "y": -0.0015802575508132577,
          "z": -0.001184025895781815
        },
        "scale": {
          "x": 1.0,
          "y": 1.0,
          "z": 1.0
        },
        "matrix_basis": [
          [
            0.9999921917915344,
            0.00216131703928113,
            -0.0033053248189389706,
            0.0
          ],
          [
            -0.0025651040486991405,
            0.99183589220047,
            -0.1274949312210083,
            0.0
          ],
          [
            0.003002782817929983,
            0.1275024116039276,
            0.9918336868286133,
            0.0
          ],
          [
            0.0,
            0.0,
            0.0,
            1.0
          ]
        ],
        "rotation_mode": "QUATERNION"
      },
      "armature_space": {
        "head": {
          "x": 0.7332973480224609,
          "y": -0.3872237205505371,
          "z": 0.3104100525379181
        },
        "tail": {
          "x": 0.7587981224060059,
          "y": -0.40330246090888977,
          "z": 0.3146614730358124
        }
      },
      "world_space": {
        "head": {
          "x": 0.7332973480224609,
          "y": -0.3239797353744507,
          "z": 1.2602640390396118
        },
        "tail": {
          "x": 0.7587981224060059,
          "y": -0.34005844593048096,
          "z": 1.2645155191421509
        },
        "rotation_quaternion": {
          "w": 0.4815395772457123,
          "x": 0.25555047392845154,
          "y": 0.0636853277683258,
          "z": -0.8359173536300659
        },
        "matrix": [
          [
            -0.40562671422958374,
            0.8376048803329468,
            -0.36590254306793213,
            0.7332973480224609
          ],
          [
            -0.7725054025650024,
            -0.5281264185905457,
            -0.3525877594947815,
            -0.3239797353744507
          ],
          [
            -0.4885765016078949,
            0.1396433562040329,
            0.8612823486328125,
            1.2602640390396118
          ],
          [
            0.0,
            0.0,
            0.0,
            1.0
          ]
        ]
      },
      "bone_length_armature_space": 0.03044486714910494,
      "parent": "thumb_02_l",
      "has_children": false,
      "is_end_bone": true
    },
    "metacarpal_index_l": {
      "name": "metacarpal_index_l",
      "local": {
        "location": {
          "x": 0.0,
          "y": 0.0,
          "z": 0.0
        },
        "rotation_quaternion": {
          "w": 0.9995646476745605,
          "x": 0.02794717252254486,
          "y": 0.009308326058089733,
          "z": 0.0017195767723023891
        },
        "scale": {
          "x": 1.0,
          "y": 1.0,
          "z": 1.0
        },
        "matrix_basis": [
          [
            0.9998207688331604,
            -0.002917373552918434,
            0.01870466209948063,
            0.0
          ],
          [
            0.003957938868552446,
            0.9984319806098938,
            -0.055838000029325485,
            0.0
          ],
          [
            -0.018512433394789696,
            0.05590202286839485,
            0.9982646107673645,
            0.0
          ],
          [
            0.0,
            0.0,
            0.0,
            1.0
          ]
        ],
        "rotation_mode": "QUATERNION"
      },
      "armature_space": {
        "head": {
          "x": 0.6773369312286377,
          "y": -0.3359062671661377,
          "z": 0.3870254456996918
        },
        "tail": {
          "x": 0.7457711100578308,
          "y": -0.40941381454467773,
          "z": 0.32667088508605957
        }
      },
      "world_space": {
        "head": {
          "x": 0.6773369312286377,
          "y": -0.27266228199005127,
          "z": 1.3368794918060303
        },
        "tail": {
          "x": 0.7457711100578308,
          "y": -0.3461698293685913,
          "z": 1.2765249013900757
        },
        "rotation_quaternion": {
          "w": 0.2769147753715515,
          "x": -0.901728093624115,
          "y": -0.33112484216690063,
          "z": 0.02368735522031784
        },
        "matrix": [
          [
            0.7795897126197815,
            0.5840503573417664,
            -0.22610719501972198,
            0.6773369312286377
          ],
          [
            0.6102890968322754,
            -0.6273489594459534,
            0.48371562361717224,
            -0.27266228199005127
          ],
          [
            0.14066796004772186,
            -0.5150948762893677,
            -0.84552001953125,
            1.3368794918060303
          ],
          [
            0.0,
            0.0,
            0.0,
            1.0
          ]
        ]
      },
      "bone_length_armature_space": 0.11717196500646042,
      "parent": "lowerarm_l",
      "has_children": true,
      "is_end_bone": false
    },
    "index_01_l": {
      "name": "index_01_l",
      "local": {
        "location": {
          "x": 0.0,
          "y": 0.0,
          "z": 0.0
        },
        "rotation_quaternion": {
          "w": 0.9916754961013794,
          "x": -0.1267513781785965,
          "y": -0.02210438996553421,
          "z": 0.0050285435281693935
        },
        "scale": {
          "x": 1.0,
          "y": 1.0,
          "z": 1.0
        },
        "matrix_basis": [
          [
            0.9989722371101379,
            -0.004369842819869518,
            -0.04511551186442375,
            0.0
          ],
          [
            0.015576890669763088,
            0.9678176045417786,
            0.25117015838623047,
            0.0
          ],
          [
            0.04256601259112358,
            -0.2516147792339325,
            0.9668909907341003,
            0.0
          ],
          [
            0.0,
            0.0,
            0.0,
            1.0
          ]
        ],
        "rotation_mode": "QUATERNION"
      },
      "armature_space": {
        "head": {
          "x": 0.7457711100578308,
          "y": -0.40941381454467773,
          "z": 0.32667088508605957
        },
        "tail": {
          "x": 0.7697038054466248,
          "y": -0.4247271418571472,
          "z": 0.3242630958557129
        }
      },
      "world_space": {
        "head": {
          "x": 0.7457711100578308,
          "y": -0.3461698293685913,
          "z": 1.2765249013900757
        },
        "tail": {
          "x": 0.7697038054466248,
          "y": -0.3614831566810608,
          "z": 1.274117112159729
        },
        "rotation_quaternion": {
          "w": 0.10404691845178604,
          "x": -0.8705859780311584,
          "y": -0.4697387218475342,
          "z": -0.10295557975769043
        },
        "matrix": [
          [
            0.5374912023544312,
            0.839320182800293,
            0.08151233941316605,
            0.7457711100578308
          ],
          [
            0.7964720129966736,
            -0.5370391607284546,
            0.27788782119750977,
            -0.3461698293685913
          ],
          [
            0.27701514959335327,
            -0.08444108068943024,
            -0.9571555256843567,
            1.2765249013900757
          ],
          [
            0.0,
            0.0,
            0.0,
            1.0
          ]
        ]
      },
      "bone_length_armature_space": 0.02851437103365416,
      "parent": "metacarpal_index_l",
      "has_children": true,
      "is_end_bone": false
    },
    "index_02_l": {
      "name": "index_02_l",
      "local": {
        "location": {
          "x": 0.0,
          "y": 0.0,
          "z": 0.0
        },
        "rotation_quaternion": {
          "w": 0.9989290833473206,
          "x": 0.04449906945228577,
          "y": 0.00760516757145524,
          "z": -0.010136077180504799
        },
        "scale": {
          "x": 1.0,
          "y": 1.0,
          "z": 1.0
        },
        "matrix_basis": [
          [
            0.9996788501739502,
            0.020927289500832558,
            0.014291954226791859,
            0.0
          ],
          [
            -0.019573599100112915,
            0.9958341717720032,
            -0.08905700594186783,
            0.0
          ],
          [
            -0.01609613746404648,
            0.08874865621328354,
            0.9959239959716797,
            0.0
          ],
          [
            0.0,
            0.0,
            0.0,
            1.0
          ]
        ],
        "rotation_mode": "QUATERNION"
      },
      "armature_space": {
        "head": {
          "x": 0.7697039842605591,
          "y": -0.4247274398803711,
          "z": 0.32426270842552185
        },
        "tail": {
          "x": 0.7919306755065918,
          "y": -0.4371313750743866,
          "z": 0.321067750453949
        }
      },
      "world_space": {
        "head": {
          "x": 0.7697039842605591,
          "y": -0.36148345470428467,
          "z": 1.2741167545318604
        },
        "tail": {
          "x": 0.7919306755065918,
          "y": -0.3738873600959778,
          "z": 1.2709217071533203
        },
        "rotation_quaternion": {
          "w": 0.11294305324554443,
          "x": -0.8584067821502686,
          "y": -0.4954618513584137,
          "z": -0.06999586522579193
        },
        "matrix": [
          [
            0.49923616647720337,
            0.8664262890815735,
            0.008250564336776733,
            0.7697039842605591
          ],
          [
            0.8348049521446228,
            -0.4835225045681,
            0.26326215267181396,
            -0.36148345470428467
          ],
          [
            0.23208928108215332,
            -0.12454372644424438,
            -0.9646957516670227,
            1.2741167545318604
          ],
          [
            0.0,
            0.0,
            0.0,
            1.0
          ]
        ]
      },
      "bone_length_armature_space": 0.02565328794192172,
      "parent": "index_01_l",
      "has_children": true,
      "is_end_bone": false
    },
    "index_03_l": {
      "name": "index_03_l",
      "local": {
        "location": {
          "x": 0.0,
          "y": 0.0,
          "z": 0.0
        },
        "rotation_quaternion": {
          "w": 0.9999603033065796,
          "x": 0.0022270765621215105,
          "y": 0.00823629554361105,
          "z": -0.002571790711954236
        },
        "scale": {
          "x": 1.0,
          "y": 1.0,
          "z": 1.0
        },
        "matrix_basis": [
          [
            0.9998511075973511,
            0.00518006319180131,
            0.01646048203110695,
            0.0
          ],
          [
            -0.005106691736727953,
            0.9999768733978271,
            -0.004496340174227953,
            0.0
          ],
          [
            -0.01648339256644249,
            0.004411612171679735,
            0.9998543858528137,
            0.0
          ],
          [
            0.0,
            0.0,
            0.0,
            1.0
          ]
        ],
        "rotation_mode": "QUATERNION"
      },
      "armature_space": {
        "head": {
          "x": 0.791930615901947,
          "y": -0.437131404876709,
          "z": 0.3210678994655609
        },
        "tail": {
          "x": 0.8184462189674377,
          "y": -0.44807958602905273,
          "z": 0.31551897525787354
        }
      },
      "world_space": {
        "head": {
          "x": 0.791930615901947,
          "y": -0.37388741970062256,
          "z": 1.2709219455718994
        },
        "tail": {
          "x": 0.8184462189674377,
          "y": -0.3848356008529663,
          "z": 1.2653729915618896
        },
        "rotation_quaternion": {
          "w": 0.1724676489830017,
          "x": -0.8243001699447632,
          "y": -0.5318886637687683,
          "z": -0.08876204490661621
        },
        "matrix": [
          [
            0.41843122243881226,
            0.9074887037277222,
            -0.03713589906692505,
            0.791930615901947
          ],
          [
            0.8462554216384888,
            -0.3746979534626007,
            0.3787524700164795,
            -0.37388741970062256
          ],
          [
            0.3298022747039795,
            -0.18991003930568695,
            -0.9247588515281677,
            1.2709219455718994
          ],
          [
            0.0,
            0.0,
            0.0,
            1.0
          ]
        ]
      },
      "bone_length_armature_space": 0.029218665488479945,
      "parent": "index_02_l",
      "has_children": false,
      "is_end_bone": true
    },
    "metacarpal_pinky_l": {
      "name": "metacarpal_pinky_l",
      "local": {
        "location": {
          "x": 0.0,
          "y": 0.0,
          "z": 0.0
        },
        "rotation_quaternion": {
          "w": 0.998897910118103,
          "x": -0.043496400117874146,
          "y": -0.01691983826458454,
          "z": 0.004983657505363226
        },
        "scale": {
          "x": 1.0,
          "y": 1.0,
          "z": 1.0
        },
        "matrix_basis": [
          [
            0.9993777871131897,
            -0.008484425954520702,
            -0.03423592448234558,
            0.0
          ],
          [
            0.011428234167397022,
            0.996166467666626,
            0.0867282822728157,
            0.0
          ],
          [
            0.03336884081363678,
            -0.08706557005643845,
            0.9956435561180115,
            0.0
          ],
          [
            0.0,
            0.0,
            0.0,
            1.0
          ]
        ],
        "rotation_mode": "QUATERNION"
      },
      "armature_space": {
        "head": {
          "x": 0.6773369312286377,
          "y": -0.3359062671661377,
          "z": 0.3870254456996918
        },
        "tail": {
          "x": 0.775414764881134,
          "y": -0.3707481324672699,
          "z": 0.38386398553848267
        }
      },
      "world_space": {
        "head": {
          "x": 0.6773369312286377,
          "y": -0.27266228199005127,
          "z": 1.3368794918060303
        },
        "tail": {
          "x": 0.775414764881134,
          "y": -0.3075041174888611,
          "z": 1.3337180614471436
        },
        "rotation_quaternion": {
          "w": 0.48664718866348267,
          "x": 0.41608503460884094,
          "y": 0.30963701009750366,
          "z": -0.702974259853363
        },
        "matrix": [
          [
            -0.18009482324123383,
            0.9418718218803406,
            -0.2836246192455292,
            0.6773369312286377
          ],
          [
            -0.4265314042568207,
            -0.33459731936454773,
            -0.8403071165084839,
            -0.27266228199005127
          ],
          [
            -0.8863685727119446,
            -0.030360611155629158,
            0.46199947595596313,
            1.3368794918060303
          ],
          [
            0.0,
            0.0,
            0.0,
            1.0
          ]
        ]
      },
      "bone_length_armature_space": 0.1041307425540231,
      "parent": "lowerarm_l",
      "has_children": true,
      "is_end_bone": false
    },
    "pinky_01_l": {
      "name": "pinky_01_l",
      "local": {
        "location": {
          "x": 0.0,
          "y": 0.0,
          "z": 0.0
        },
        "rotation_quaternion": {
          "w": 0.9689103364944458,
          "x": 0.24646027386188507,
          "y": -0.020329495891928673,
          "z": 0.007549814879894257
        },
        "scale": {
          "x": 1.0,
          "y": 1.0,
          "z": 1.0
        },
        "matrix_basis": [
          [
            0.9990594387054443,
            -0.02465101331472397,
            -0.03567345812916756,
            0.0
          ],
          [
            0.004609361290931702,
            0.8784006834030151,
            -0.47790277004241943,
            0.0
          ],
          [
            0.04311637580394745,
            0.4772888422012329,
            0.8776881098747253,
            0.0
          ],
          [
            0.0,
            0.0,
            0.0,
            1.0
          ]
        ],
        "rotation_mode": "QUATERNION"
      },
      "armature_space": {
        "head": {
          "x": 0.775414764881134,
          "y": -0.3707481324672699,
          "z": 0.38386398553848267
        },
        "tail": {
