{
  "metadata": {
    "armature_name": "KIM_caucasian_male",
    "export_time": "2026-01-13T21:12:29.788531",
    "blender_version": "4.4.1",
    "bone_count": 56,
    "end_bone_count": 13,
    "spaces_included": [
      "LOCAL_CHANNELS",
      "ARMATURE_SPACE",
      "WORLD_SPACE"
    ],
    "note": "LOCAL matches Transform panel; replay pose via local.matrix_basis for best fidelity."
  },
  "bones": {
    "Root": {
      "name": "Root",
      "local": {
        "location": {
          "x": 0.0,
          "y": 0.0,
          "z": 0.0
        },
        "rotation_quaternion": {
          "w": 0.9998178482055664,
          "x": -0.014346945099532604,
          "y": -0.011947511695325375,
          "z": -0.003952841740101576
        },
        "scale": {
          "x": 1.0,
          "y": 1.0,
          "z": 1.0
        },
        "matrix_basis": [
          [
            0.9996832609176636,
            0.008247064426541328,
            -0.023777248337864876,
            0.0
          ],
          [
            -0.007561422884464264,
            0.9995570778846741,
            0.02878311648964882,
            0.0
          ],
          [
            0.024004092440009117,
            -0.028594210743904114,
            0.999302864074707,
            0.0
          ],
          [
            0.0,
            0.0,
            0.0,
            1.0
          ]
        ],
        "rotation_mode": "QUATERNION"
      },
      "armature_space": {
        "head": {
          "x": 0.0,
          "y": 0.07072800397872925,
          "z": -0.009595036506652832
        },
        "tail": {
          "x": 0.0005886413855478168,
          "y": 0.00030568987131118774,
          "z": 0.002018176019191742
        }
      },
      "world_space": {
        "head": {
          "x": 0.0,
          "y": 0.13397200405597687,
          "z": 0.9402589797973633
        },
        "tail": {
          "x": 0.0005886413855478168,
          "y": 0.06354968994855881,
          "z": 0.9518721699714661
        },
        "rotation_quaternion": {
          "w": 0.08166973292827606,
          "x": 0.9965800046920776,
          "y": 0.0031389829237014055,
          "z": -0.012186664156615734
        },
        "matrix": [
          [
            0.9996832609176636,
            0.008247064426541328,
            -0.023777248337864876,
            0.0
          ],
          [
            0.0042659263126552105,
            -0.9866403341293335,
            -0.16285783052444458,
            0.13397200405597687
          ],
          [
            -0.024802859872579575,
            0.16270501911640167,
            -0.9863700866699219,
            0.9402589797973633
          ],
          [
            0.0,
            0.0,
            0.0,
            1.0
          ]
        ]
      },
      "bone_length_armature_space": 0.0713758760831432,
      "parent": null,
      "has_children": true,
      "is_end_bone": false
    },
    "spine_01": {
      "name": "spine_01",
      "local": {
        "location": {
          "x": 0.0,
          "y": 0.0,
          "z": 0.0
        },
        "rotation_quaternion": {
          "w": 0.9961172342300415,
          "x": -0.044820986688137054,
          "y": 0.03648105263710022,
          "z": -0.066413015127182
        },
        "scale": {
          "x": 1.0,
          "y": 1.0,
          "z": 1.0
        },
        "matrix_basis": [
          [
            0.9885168671607971,
            0.12904006242752075,
            0.07863220572471619,
            0.0
          ],
          [
            -0.13558052480220795,
            0.9871608018875122,
            0.08444827795028687,
            0.0
          ],
          [
            -0.06672541797161102,
            -0.09413954615592957,
            0.9933204054832458,
            0.0
          ],
          [
            0.0,
            0.0,
            0.0,
            1.0
          ]
        ],
        "rotation_mode": "QUATERNION"
      },
      "armature_space": {
        "head": {
          "x": 0.0005886413855478168,
          "y": 0.00030568987131118774,
          "z": 0.002018176019191742
        },
        "tail": {
          "x": 0.07501853257417679,
          "y": 0.08272189646959305,
          "z": 0.47721943259239197
        }
      },
      "world_space": {
        "head": {
          "x": 0.0005886413855478168,
          "y": 0.06354968994855881,
          "z": 0.9518721699714661
        },
        "tail": {
          "x": 0.07501853257417679,
          "y": 0.14596590399742126,
          "z": 1.4270734786987305
        },
        "rotation_quaternion": {
          "w": 0.7600005865097046,
          "x": 0.6439270377159119,
          "y": 0.08271332085132599,
          "z": -0.03026130050420761
        },
        "matrix": [
          [
            0.9844855666160583,
            0.15251988172531128,
            0.08675125986337662,
            0.0005886413855478168
          ],
          [
            0.06052443012595177,
            0.1688852459192276,
            -0.9837756752967834,
            0.06354968994855881
          ],
          [
            -0.16469745337963104,
            0.9737706184387207,
            0.15703411400318146,
            0.9518721699714661
          ],
          [
            0.0,
            0.0,
            0.0,
            1.0
          ]
        ]
      },
      "bone_length_armature_space": 0.48800456981944973,
      "parent": "Root",
      "has_children": true,
      "is_end_bone": false
    },
    "neck_01": {
      "name": "neck_01",
      "local": {
        "location": {
          "x": 0.0,
          "y": 0.0,
          "z": 0.0
        },
        "rotation_quaternion": {
          "w": 0.9888538122177124,
          "x": -0.09606979787349701,
          "y": 0.09410220384597778,
          "z": 0.06390310823917389
        },
        "scale": {
          "x": 1.0,
          "y": 1.0,
          "z": 1.0
        },
        "matrix_basis": [
          [
            0.9741223454475403,
            -0.14446242153644562,
            0.1738283336162567,
            0.0
          ],
          [
            0.10830090194940567,
            0.9733739495277405,
            0.20202481746673584,
            0.0
          ],
          [
            -0.19838497042655945,
            -0.17797112464904785,
            0.9638307094573975,
            0.0
          ],
          [
            0.0,
            0.0,
            0.0,
            1.0
          ]
        ],
        "rotation_mode": "QUATERNION"
      },
      "armature_space": {
        "head": {
          "x": 0.08919437229633331,
          "y": 0.06096964329481125,
          "z": 0.5539634227752686
        },
        "tail": {
          "x": 0.09160538017749786,
          "y": 0.05616895109415054,
          "z": 0.6563446521759033
        }
      },
      "world_space": {
        "head": {
          "x": 0.08919437229633331,
          "y": 0.12421364337205887,
          "z": 1.5038174390792847
        },
        "tail": {
          "x": 0.09160538017749786,
          "y": 0.11941295117139816,
          "z": 1.6061986684799194
        },
        "rotation_quaternion": {
          "w": 0.6848438382148743,
          "x": 0.7196486592292786,
          "y": 0.08703792840242386,
          "z": 0.0742916464805603
        },
        "matrix": [
          [
            0.9738101959228516,
            0.023517144843935966,
            0.22614257037639618,
            0.08919437229633331
          ],
          [
            0.22702986001968384,
            -0.04682627320289612,
            -0.9727615118026733,
            0.12421364337205887
          ],
          [
            -0.012287028133869171,
            0.9986331462860107,
            -0.05094027519226074,
            1.5038174390792847
          ],
          [
            0.0,
            0.0,
            0.0,
            1.0
          ]
        ]
      },
      "bone_length_armature_space": 0.10252207553425811,
      "parent": "spine_01",
      "has_children": true,
      "is_end_bone": false
    },
    "head": {
      "name": "head",
      "local": {
        "location": {
          "x": 0.0,
          "y": 0.0,
          "z": 0.0
        },
        "rotation_quaternion": {
          "w": 0.9914952516555786,
          "x": 0.03402184695005417,
          "y": 0.046281613409519196,
          "z": -0.11678098142147064
        },
        "scale": {
          "x": 1.0,
          "y": 1.0,
          "z": 1.0
        },
        "matrix_basis": [
          [
            0.9684404134750366,
            0.2347247451543808,
            0.08382979035377502,
            0.0
          ],
          [
            -0.22842641174793243,
            0.9704094529151917,
            -0.07827462255954742,
            0.0
          ],
          [
            -0.09972220659255981,
            0.05665537342429161,
            0.993401050567627,
            0.0
          ],
          [
            0.0,
            0.0,
            0.0,
            1.0
          ]
        ],
        "rotation_mode": "QUATERNION"
      },
      "armature_space": {
        "head": {
          "x": 0.09160541743040085,
          "y": 0.056168802082538605,
          "z": 0.6563445329666138
        },
        "tail": {
          "x": 0.11988368630409241,
          "y": 0.1025470644235611,
          "z": 0.801612138748169
        }
      },
      "world_space": {
        "head": {
          "x": 0.09160541743040085,
          "y": 0.11941280215978622,
          "z": 1.6061985492706299
        },
        "tail": {
          "x": 0.11988368630409241,
          "y": 0.16579106450080872,
          "z": 1.751466155052185
        },
        "rotation_quaternion": {
          "w": 0.7860009670257568,
          "x": 0.5917369723320007,
          "y": 0.17810766398906708,
          "z": 0.018098723143339157
        },
        "matrix": [
          [
            0.9359005689620972,
            0.18233434855937958,
            0.30140382051467896,
            0.09160541743040085
          ],
          [
            0.23923571407794952,
            0.2990405559539795,
            -0.923764705657959,
            0.11941280215978622
          ],
          [
            -0.25856760144233704,
            0.936665415763855,
            0.23625211417675018,
            1.6061985492706299
          ],
          [
            0.0,
            0.0,
            0.0,
            1.0
          ]
        ]
      },
      "bone_length_armature_space": 0.1550912048228212,
      "parent": "neck_01",
      "has_children": false,
      "is_end_bone": true
    },
    "upperarm_l": {
      "name": "upperarm_l",
      "local": {
        "location": {
          "x": 0.0,
          "y": 0.0,
          "z": 0.0
        },
        "rotation_quaternion": {
          "w": 0.9410039186477661,
          "x": 0.19975237548351288,
          "y": -0.24944236874580383,
          "z": 0.11130715906620026
        },
        "scale": {
          "x": 1.0,
          "y": 1.0,
          "z": 1.0
        },
        "matrix_basis": [
          [
            0.8507784605026245,
            -0.3091343641281128,
            -0.42498475313186646,
            0.0
          ],
          [
            0.10982753336429596,
            0.8954194188117981,
            -0.4314649701118469,
            0.0
          ],
          [
            0.513920247554779,
            0.32040607929229736,
            0.7957549691200256,
            0.0
          ],
          [
            0.0,
            0.0,
            0.0,
            1.0
          ]
        ],
        "rotation_mode": "QUATERNION"
      },
      "armature_space": {
        "head": {
          "x": 0.226893350481987,
          "y": 0.05556052178144455,
          "z": 0.46431469917297363
        },
        "tail": {
          "x": 0.4863043427467346,
          "y": 0.00603252649307251,
          "z": 0.5097081661224365
        }
      },
      "world_space": {
        "head": {
          "x": 0.226893350481987,
          "y": 0.11880452185869217,
          "z": 1.4141687154769897
        },
        "tail": {
          "x": 0.4863043427467346,
          "y": 0.06927652657032013,
          "z": 1.4595621824264526
        },
        "rotation_quaternion": {
          "w": 0.5981147289276123,
          "x": 0.3894222378730774,
          "y": 0.22325646877288818,
          "z": -0.6639018058776855
        },
        "matrix": [
          [
            0.018783509731292725,
            0.9680618047714233,
            -0.25000691413879395,
            0.226893350481987
          ],
          [
            -0.6202969551086426,
            -0.1848270297050476,
            -0.7622801065444946,
            0.11880452185869217
          ],
          [
            -0.7841484546661377,
            0.16939783096313477,
            0.5970175862312317,
            1.4141687154769897
          ],
          [
            0.0,
            0.0,
            0.0,
            1.0
          ]
        ]
      },
      "bone_length_armature_space": 0.26796948134625564,
      "parent": "spine_01",
      "has_children": true,
      "is_end_bone": false
    },
    "lowerarm_l": {
      "name": "lowerarm_l",
      "local": {
        "location": {
          "x": 0.0,
          "y": 0.0,
          "z": 0.0
        },
        "rotation_quaternion": {
          "w": 0.9720715284347534,
          "x": 0.16304419934749603,
          "y": -0.09172884374856949,
          "z": 0.14170154929161072
        },
        "scale": {
          "x": 1.0,
          "y": 1.0,
          "z": 1.0
        },
        "matrix_basis": [
          [
            0.9430129528045654,
            -0.3053998053073883,
            -0.13212676346302032,
            0.0
          ],
          [
            0.24557636678218842,
            0.9066745042800903,
            -0.34297749400138855,
            0.0
          ],
          [
            0.22454123198986053,
            0.29098501801490784,
            0.9300048351287842,
            0.0
          ],
          [
            0.0,
            0.0,
            0.0,
            1.0
          ]
        ],
        "rotation_mode": "QUATERNION"
      },
      "armature_space": {
        "head": {
          "x": 0.4863044023513794,
          "y": 0.0060325488448143005,
          "z": 0.5097082853317261
        },
        "tail": {
          "x": 0.6800658702850342,
          "y": -0.03914636746048927,
          "z": 0.6885521411895752
        }
      },
      "world_space": {
        "head": {
          "x": 0.4863044023513794,
          "y": 0.06927654892206192,
          "z": 1.4595623016357422
        },
        "tail": {
          "x": 0.6800658702850342,
          "y": 0.024097632616758347,
          "z": 1.6384061574935913
        },
        "rotation_quaternion": {
          "w": 0.6372618079185486,
          "x": 0.42781922221183777,
          "y": -0.09726104885339737,
          "z": -0.6335681080818176
        },
        "matrix": [
          [
            0.17825940251350403,
            0.7242757678031921,
            -0.6660689115524292,
            0.4863044023513794
          ],
          [
            -0.890719473361969,
            -0.16887769103050232,
            -0.4220181703567505,
            0.06927654892206192
          ],
          [
            -0.41814547777175903,
            0.6685138940811157,
            0.6150266528129578,
            1.4595623016357422
          ],
          [
            0.0,
            0.0,
            0.0,
            1.0
          ]
        ]
      },
      "bone_length_armature_space": 0.2675252630755049,
      "parent": "upperarm_l",
      "has_children": true,
      "is_end_bone": false
    },
    "metacarpal_thumb_l": {
      "name": "metacarpal_thumb_l",
      "local": {
        "location": {
          "x": 0.0,
          "y": 0.0,
          "z": 0.0
        },
        "rotation_quaternion": {
          "w": 0.9993289709091187,
          "x": -0.03617551177740097,
          "y": 0.005130459554493427,
          "z": 0.0025678074453026056
        },
        "scale": {
          "x": 1.0,
          "y": 1.0,
          "z": 1.0
        },
        "matrix_basis": [
          [
            0.999934196472168,
            -0.005503362976014614,
            0.010068249888718128,
            0.0
          ],
          [
            0.0047609745524823666,
            0.9973694682121277,
            0.07232882082462311,
            0.0
          ],
          [
            -0.010439816862344742,
            -0.07227612286806107,
            0.9973300099372864,
            0.0
          ],
          [
            0.0,
            0.0,
            0.0,
            1.0
          ]
        ],
        "rotation_mode": "QUATERNION"
      },
      "armature_space": {
        "head": {
          "x": 0.6800658702850342,
          "y": -0.03914636746048927,
          "z": 0.6885521411895752
        },
        "tail": {
          "x": 0.6899932622909546,
          "y": -0.06312239170074463,
          "z": 0.7307446002960205
        }
      },
      "world_space": {
        "head": {
          "x": 0.6800658702850342,
          "y": 0.024097632616758347,
          "z": 1.6384061574935913
        },
        "tail": {
          "x": 0.6899932622909546,
          "y": 0.00012160837650299072,
          "z": 1.6805986166000366
        },
        "rotation_quaternion": {
          "w": 0.49539893865585327,
          "x": 0.861372709274292,
          "y": 0.11208123713731766,
          "z": -0.007397472392767668
        },
        "matrix": [
          [
            0.9747658967971802,
            0.2004169225692749,
            0.09830669313669205,
            0.6800658702850342
          ],
          [
            0.18575887382030487,
            -0.484034925699234,
            -0.8551046252250671,
            0.024097632616758347
          ],
          [
            -0.12379439175128937,
            0.8517937660217285,
            -0.50905442237854,
            1.6384061574935913
          ],
          [
            0.0,
            0.0,
            0.0,
            1.0
          ]
        ]
      },
      "bone_length_armature_space": 0.049533892393914786,
      "parent": "lowerarm_l",
      "has_children": true,
      "is_end_bone": false
    },
    "thumb_01_l": {
      "name": "thumb_01_l",
      "local": {
        "location": {
          "x": 0.0,
          "y": 0.0,
          "z": 0.0
        },
        "rotation_quaternion": {
          "w": 0.9811879396438599,
          "x": 0.19145075976848602,
          "y": -0.015476185828447342,
          "z": -0.019429324194788933
        },
        "scale": {
          "x": 1.0,
          "y": 1.0,
          "z": 1.0
        },
        "matrix_basis": [
          [
            0.9987660050392151,
            0.03220178186893463,
            -0.03780961036682129,
            0.0
          ],
          [
            -0.044053491204977036,
            0.9259381890296936,
            -0.37509697675704956,
            0.0
          ],
          [
            0.022930575534701347,
            0.37629973888397217,
            0.9262142181396484,
            0.0
          ],
          [
            0.0,
            0.0,
            0.0,
            1.0
          ]
        ],
        "rotation_mode": "QUATERNION"
      },
      "armature_space": {
        "head": {
          "x": 0.6899932622909546,
          "y": -0.06312239170074463,
          "z": 0.7307446002960205
        },
        "tail": {
          "x": 0.7055473327636719,
          "y": -0.09277112782001495,
          "z": 0.7368804216384888
        }
      },
      "world_space": {
        "head": {
          "x": 0.6899932622909546,
          "y": 0.00012160837650299072,
          "z": 1.6805986166000366
        },
        "tail": {
          "x": 0.7055473327636719,
          "y": -0.029527127742767334,
          "z": 1.6867344379425049
        },
        "rotation_quaternion": {
          "w": 0.08207439631223679,
          "x": -0.7367348670959473,
          "y": -0.2403055876493454,
          "z": -0.6266887187957764
        },
        "matrix": [
          [
            0.09902852028608322,
            0.45695406198501587,
            0.8839605450630188,
            0.6899932622909546
          ],
          [
            0.25121355056762695,
            -0.8710334897041321,
            0.42212873697280884,
            0.00012160837650299072
          ],
          [
            0.962859570980072,
            0.18026041984558105,
            -0.2010512799024582,
            1.6805986166000366
          ],
          [
            0.0,
            0.0,
            0.0,
            1.0
          ]
        ]
      },
      "bone_length_armature_space": 0.03403858062757528,
      "parent": "metacarpal_thumb_l",
      "has_children": true,
      "is_end_bone": false
    },
    "thumb_02_l": {
      "name": "thumb_02_l",
      "local": {
        "location": {
          "x": 0.0,
          "y": 0.0,
          "z": 0.0
        },
        "rotation_quaternion": {
          "w": 0.9418033957481384,
          "x": 0.3360918164253235,
          "y": -0.0063307443633675575,
          "z": -0.0029436007607728243
        },
        "scale": {
          "x": 1.0,
          "y": 1.0,
          "z": 1.0
        },
        "matrix_basis": [
          [
            0.9999024868011475,
            0.0012891635997220874,
            -0.013903273269534111,
            0.0
          ],
          [
            -0.009800009429454803,
            0.774067223072052,
            -0.6330275535583496,
            0.0
          ],
          [
            0.00994599238038063,
            0.6331021189689636,
            0.7740043997764587,
            0.0
          ],
          [
            0.0,
            0.0,
            0.0,
            1.0
          ]
        ],
        "rotation_mode": "QUATERNION"
      },
      "armature_space": {
        "head": {
          "x": 0.7055472731590271,
          "y": -0.09277115017175674,
          "z": 0.736880362033844
        },
        "tail": {
          "x": 0.7309978008270264,
          "y": -0.06777376681566238,
          "z": 0.7553353309631348
        }
      },
      "world_space": {
        "head": {
          "x": 0.7055472731590271,
          "y": -0.029527150094509125,
          "z": 1.6867344379425049
        },
        "tail": {
          "x": 0.7309978008270264,
          "y": -0.004529766738414764,
          "z": 1.7051893472671509
        },
        "rotation_quaternion": {
          "w": 0.41280028223991394,
          "x": -0.1957399845123291,
          "y": -0.8004896640777588,
          "z": -0.3879409432411194
        },
        "matrix": [
          [
            -0.5825642943382263,
            0.6336595416069031,
            -0.5090131163597107,
            0.7055472731590271
          ],
          [
            -0.00690678134560585,
            0.622376561164856,
            0.7826876640319824,
            -0.029527150094509125
          ],
          [
            0.8127610087394714,
            0.4594852030277252,
            -0.35819941759109497,
            1.6867344379425049
          ],
          [
            0.0,
            0.0,
            0.0,
            1.0
          ]
        ]
      },
      "bone_length_armature_space": 0.04016446763544598,
      "parent": "thumb_01_l",
      "has_children": true,
      "is_end_bone": false
    },
    "thumb_03_l": {
      "name": "thumb_03_l",
      "local": {
        "location": {
          "x": 0.0,
          "y": 0.0,
          "z": 0.0
        },
        "rotation_quaternion": {
          "w": 0.9834274053573608,
          "x": 0.18124398589134216,
          "y": 0.003538902383297682,
          "z": 0.002963682636618614
        },
        "scale": {
          "x": 1.0,
          "y": 1.0,
          "z": 1.0
        },
        "matrix_basis": [
          [
            0.9999573826789856,
            -0.004546323791146278,
            0.008034806698560715,
            0.0
          ],
          [
            0.007111942861229181,
            0.9342836737632751,
            -0.3564596176147461,
            0.0
          ],
          [
            -0.005886207800358534,
            0.35650157928466797,
            0.9342761635780334,
            0.0
          ],
          [
            0.0,
            0.0,
            0.0,
            1.0
          ]
        ],
        "rotation_mode": "QUATERNION"
      },
      "armature_space": {
        "head": {
          "x": 0.7309978008270264,
          "y": -0.06777384877204895,
          "z": 0.7553353309631348
        },
        "tail": {
          "x": 0.7381378412246704,
          "y": -0.038557931780815125,
          "z": 0.760062038898468
        }
      },
      "world_space": {
        "head": {
          "x": 0.7309978008270264,
          "y": -0.004529848694801331,
          "z": 1.7051893472671509
        },
        "tail": {
          "x": 0.7381378412246704,
          "y": 0.024686068296432495,
          "z": 1.709916114807129
        },
        "rotation_quaternion": {
          "w": 0.6344691514968872,
          "x": -0.04066304862499237,
          "y": -0.759779691696167,
          "z": -0.1361258625984192
        },
        "matrix": [
          [
            -0.19159138202667236,
            0.23452416062355042,
            -0.9530431628227234,
            0.7309978008270264
          ],
          [
            -0.11094489693641663,
            0.9596331119537354,
            0.2584490478038788,
            -0.004529848694801331
          ],
          [
            0.9751907587051392,
            0.15525385737419128,
            -0.1578388661146164,
            1.7051893472671509
          ],
          [
            0.0,
            0.0,
            0.0,
            1.0
          ]
        ]
      },
      "bone_length_armature_space": 0.03044489732132376,
      "parent": "thumb_02_l",
      "has_children": false,
      "is_end_bone": true
    },
    "metacarpal_index_l": {
      "name": "metacarpal_index_l",
      "local": {
        "location": {
          "x": 0.0,
          "y": 0.0,
          "z": 0.0
        },
        "rotation_quaternion": {
          "w": 0.9985406994819641,
          "x": -0.05271776393055916,
          "y": 0.006963012740015984,
          "z": 0.009429904632270336
        },
        "scale": {
          "x": 1.0,
          "y": 1.0,
          "z": 1.0
        },
        "matrix_basis": [
          [
            0.9997251629829407,
            -0.019566435366868973,
            0.012911456637084484,
            0.0
          ],
          [
            0.0180981382727623,
            0.9942638278007507,
            0.10541298985481262,
            0.0
          ],
          [
            -0.014899950474500656,
            -0.10515034198760986,
            0.9943447113037109,
            0.0
          ],
          [
            0.0,
            0.0,
            0.0,
            1.0
          ]
        ],
        "rotation_mode": "QUATERNION"
      },
      "armature_space": {
        "head": {
          "x": 0.6800658702850342,
          "y": -0.03914636746048927,
          "z": 0.6885521411895752
        },
        "tail": {
          "x": 0.7405088543891907,
          "y": -0.0663086324930191,
          "z": 0.7851864695549011
        }
      },
      "world_space": {
        "head": {
          "x": 0.6800658702850342,
          "y": 0.024097632616758347,
          "z": 1.6384061574935913
        },
        "tail": {
          "x": 0.7405088543891907,
          "y": -0.0030646324157714844,
          "z": 1.7350404262542725
        },
        "rotation_quaternion": {
          "w": 0.6112831234931946,
          "x": 0.7248351573944092,
          "y": 0.102105513215065,
          "z": -0.30086785554885864
        },
        "matrix": [
          [
            0.7981066703796387,
            0.5158497095108032,
            -0.31132665276527405,
            0.6800658702850342
          ],
          [
            -0.219808891415596,
            -0.23181582987308502,
            -0.9476000070571899,
            0.024097632616758347
          ],
          [
            -0.5609939098358154,
            0.824724018573761,
            -0.07162672281265259,
            1.6384061574935913
          ],
          [
            0.0,
            0.0,
            0.0,
            1.0
          ]
        ]
      },
      "bone_length_armature_space": 0.11717225114633821,
      "parent": "lowerarm_l",
      "has_children": true,
      "is_end_bone": false
    },
    "index_01_l": {
      "name": "index_01_l",
      "local": {
        "location": {
          "x": 0.0,
          "y": 0.0,
          "z": 0.0
        },
        "rotation_quaternion": {
          "w": 0.969840407371521,
          "x": 0.24301671981811523,
          "y": 0.016130927950143814,
          "z": -0.00960097461938858
        },
        "scale": {
          "x": 1.0,
          "y": 1.0,
          "z": 1.0
        },
        "matrix_basis": [
          [
            0.9992952346801758,
            0.026462996378540993,
            0.026622457429766655,
            0.0
          ],
          [
            -0.010782656259834766,
            0.8817014098167419,
            -0.47168460488319397,
            0.0
          ],
          [
            -0.03595524653792381,
            0.47106513381004333,
            0.8813653588294983,
            0.0
          ],
          [
            0.0,
            0.0,
            0.0,
            1.0
          ]
        ],
        "rotation_mode": "QUATERNION"
      },
      "armature_space": {
        "head": {
          "x": 0.7405088543891907,
          "y": -0.0663086324930191,
          "z": 0.7851864695549011
        },
        "tail": {
          "x": 0.7582373023033142,
          "y": -0.08369973301887512,
          "z": 0.7991979718208313
        }
      },
      "world_space": {
        "head": {
          "x": 0.7405088543891907,
          "y": -0.0030646324157714844,
          "z": 1.7350404262542725
        },
        "tail": {
          "x": 0.7582373023033142,
          "y": -0.020455732941627502,
          "z": 1.7490520477294922
        },
        "rotation_quaternion": {
          "w": 0.4065001606941223,
          "x": 0.7872050404548645,
          "y": 0.17264042794704437,
          "z": -0.4304199814796448
        },
        "matrix": [
          [
            0.5698683857917786,
            0.6217378973960876,
            -0.5373002886772156,
            0.7405088543891907
          ],
          [
            -0.07812343537807465,
            -0.6099066138267517,
            -0.7886133193969727,
            -0.0030646324157714844
          ],
          [
            -0.8180197477340698,
            0.49138450622558594,
            -0.2989969849586487,
            1.7350404262542725
          ],
          [
            0.0,
            0.0,
            0.0,
            1.0
          ]
        ]
      },
      "bone_length_armature_space": 0.028514390003800592,
      "parent": "metacarpal_index_l",
      "has_children": true,
      "is_end_bone": false
    },
    "index_02_l": {
      "name": "index_02_l",
      "local": {
        "location": {
          "x": 0.0,
          "y": 0.0,
          "z": 0.0
        },
        "rotation_quaternion": {
          "w": 0.9256376624107361,
          "x": 0.3783307671546936,
          "y": -0.007746459450572729,
          "z": -0.000857440521940589
        },
        "scale": {
          "x": 1.0,
          "y": 1.0,
          "z": 1.0
        },
        "matrix_basis": [
          [
            0.9998785257339478,
            -0.004274089355021715,
            -0.014989621937274933,
            0.0
          ],
          [
            -0.007448806427419186,
            0.7137302160263062,
            -0.7003811001777649,
            0.0
          ],
          [
            0.01369203720241785,
            0.7004076838493347,
            0.7136116623878479,
            0.0
          ],
          [
            0.0,
            0.0,
            0.0,
            1.0
          ]
        ],
        "rotation_mode": "QUATERNION"
      },
      "armature_space": {
        "head": {
          "x": 0.7582372426986694,
          "y": -0.08370020240545273,
          "z": 0.7991982698440552
        },
        "tail": {
          "x": 0.7603331804275513,
          "y": -0.10882781445980072,
          "z": 0.803920567035675
        }
      },
      "world_space": {
        "head": {
          "x": 0.7582372426986694,
          "y": -0.02045620232820511,
          "z": 1.7490522861480713
        },
        "tail": {
          "x": 0.7603331804275513,
          "y": -0.0455838143825531,
          "z": 1.753774642944336
        },
        "rotation_quaternion": {
          "w": 0.10063833743333817,
          "x": 0.8609104156494141,
          "y": -0.010831804946064949,
          "z": -0.49858590960502625
        },
        "matrix": [
          [
            0.5025895237922668,
            0.08170285820960999,
            -0.8606555461883545,
            0.7582372426986694
          ],
          [
            -0.11900433152914047,
            -0.9795093536376953,
            -0.16247981786727905,
            -0.02045620232820511
          ],
          [
            -0.856301486492157,
            0.18408282101154327,
            -0.48257166147232056,
            1.7490522861480713
          ],
          [
            0.0,
            0.0,
            0.0,
            1.0
          ]
        ]
      },
      "bone_length_armature_space": 0.025653263691826706,
      "parent": "index_01_l",
      "has_children": true,
      "is_end_bone": false
    },
    "index_03_l": {
      "name": "index_03_l",
      "local": {
        "location": {
          "x": 0.0,
          "y": 0.0,
          "z": 0.0
        },
        "rotation_quaternion": {
          "w": 0.9648321866989136,
          "x": 0.26283133029937744,
          "y": -0.0041575320065021515,
          "z": 0.0011890078894793987
        },
        "scale": {
          "x": 1.0,
          "y": 1.0,
          "z": 1.0
        },
        "matrix_basis": [
          [
            0.9999626278877258,
            -0.004479845520108938,
            -0.00739762419834733,
            0.0
          ],
          [
            0.00010892682621488348,
            0.8618365526199341,
            -0.5071861147880554,
            0.0
          ],
          [
            0.008647658862173557,
            0.5071663856506348,
            0.8618048429489136,
            0.0
          ],
          [
            0.0,
            0.0,
            0.0,
            1.0
          ]
        ],
        "rotation_mode": "QUATERNION"
      },
      "armature_space": {
        "head": {
          "x": 0.7603332996368408,
          "y": -0.10882778465747833,
          "z": 0.8039206862449646
        },
        "tail": {
          "x": 0.7492585778236389,
          "y": -0.13506567478179932,
          "z": 0.7973895072937012
        }
      },
      "world_space": {
        "head": {
          "x": 0.7603332996368408,
          "y": -0.04558378458023071,
          "z": 1.753774642944336
        },
        "tail": {
          "x": 0.7492585778236389,
          "y": -0.0718216747045517,
          "z": 1.7472435235977173
        },
        "rotation_quaternion": {
          "w": 0.19294023513793945,
          "x": -0.858924150466919,
          "y": 0.11740002036094666,
          "z": 0.45960918068885803
        },
        "matrix": [
          [
            0.5499534606933594,
            -0.37902936339378357,
            -0.744236171245575,
            0.7603332996368408
          ],
          [
            -0.02432195469737053,
            -0.8979830741882324,
            0.4393576979637146,
            -0.04558378458023071
          ],
          [
            -0.8348470330238342,
            -0.22352734208106995,
            -0.5030707120895386,
            1.753774642944336
          ],
          [
            0.0,
            0.0,
            0.0,
            1.0
          ]
        ]
      },
      "bone_length_armature_space": 0.02921870389939658,
      "parent": "index_02_l",
      "has_children": false,
      "is_end_bone": true
    },
    "metacarpal_pinky_l": {
      "name": "metacarpal_pinky_l",
      "local": {
        "location": {
          "x": 0.0,
          "y": 0.0,
          "z": 0.0
        },
        "rotation_quaternion": {
          "w": 0.9986484050750732,
          "x": -0.049763768911361694,
          "y": 0.005926723126322031,
          "z": -0.013781587593257427
        },
        "scale": {
          "x": 1.0,
          "y": 1.0,
          "z": 1.0
        },
        "matrix_basis": [
          [
            0.9995498657226562,
            0.02693604864180088,
            0.01320907287299633,
            0.0
          ],
          [
            -0.02811579219996929,
            0.9946672916412354,
            0.09922965615987778,
            0.0
          ],
          [
            -0.010465777479112148,
            -0.09955637902021408,
            0.9949768781661987,
            0.0
          ],
          [
            0.0,
            0.0,
            0.0,
            1.0
          ]
        ],
        "rotation_mode": "QUATERNION"
      },
      "armature_space": {
        "head": {
          "x": 0.6800658702850342,
          "y": -0.03914636746048927,
          "z": 0.6885521411895752
        },
        "tail": {
          "x": 0.7744849920272827,
          "y": -0.05255623161792755,
          "z": 0.7303664088249207
        }
      },
      "world_space": {
        "head": {
          "x": 0.6800658702850342,
          "y": 0.024097632616758347,
          "z": 1.6384061574935913
        },
        "tail": {
          "x": 0.7744849920272827,
          "y": 0.010687768459320068,
          "z": 1.680220365524292
        },
        "rotation_quaternion": {
          "w": 0.5392311811447144,
          "x": -0.14755623042583466,
          "y": -0.3805772364139557,
          "z": -0.7366259694099426
        },
        "matrix": [
          [
            -0.37491223216056824,
            0.906736433506012,
            -0.19305333495140076,
            0.6800658702850342
          ],
          [
            -0.6821119785308838,
            -0.1287790834903717,
            0.7198190093040466,
            0.024097632616758347
          ],
          [
            0.6278288960456848,
            0.4015556275844574,
            0.6667820811271667,
            1.6384061574935913
          ],
          [
            0.0,
            0.0,
            0.0,
            1.0
          ]
        ]
      },
      "bone_length_armature_space": 0.10413082273359298,
      "parent": "lowerarm_l",
      "has_children": true,
      "is_end_bone": false
    },
    "pinky_01_l": {
      "name": "pinky_01_l",
      "local": {
        "location": {
          "x": 0.0,
          "y": 0.0,
          "z": 0.0
        },
        "rotation_quaternion": {
          "w": 0.9510154128074646,
          "x": 0.3083876967430115,
          "y": 0.01358879916369915,
          "z": 0.016796492040157318
        },
        "scale": {
          "x": 1.0,
          "y": 1.0,
          "z": 1.0
        },
        "matrix_basis": [
          [
            0.9990664720535278,
            -0.02356620877981186,
            0.03620597720146179,
            0.0
          ],
          [
            0.04032868146896362,
            0.8092297911643982,
            -0.5861064195632935,
            0.0
          ],
          [
            -0.01548665203154087,
            0.5870193839073181,
            0.8094247579574585,
            0.0
          ],
          [
            0.0,
            0.0,
            0.0,
            1.0
          ]
        ],
        "rotation_mode": "QUATERNION"
      },
      "armature_space": {
        "head": {
          "x": 0.7744849920272827,
          "y": -0.05255623161792755,
          "z": 0.7303664088249207
        },
        "tail": {
