{
  "metadata": {
    "armature_name": "KIM_caucasian_male",
    "export_time": "2026-01-13T21:07:24.939661",
    "blender_version": "4.4.1",
    "bone_count": 56,
    "end_bone_count": 13,
    "spaces_included": [
      "LOCAL_CHANNELS",
      "ARMATURE_SPACE",
      "WORLD_SPACE"
    ],
    "note": "LOCAL matches Transform panel; replay pose via local.matrix_basis for best fidelity."
  },
  "bones": {
    "Root": {
      "name": "Root",
      "local": {
        "location": {
          "x": 0.0,
          "y": 0.0,
          "z": 0.0
        },
        "rotation_quaternion": {
          "w": 0.9999260902404785,
          "x": -0.005680852569639683,
          "y": 0.006430729757994413,
          "z": -0.008625737391412258
        },
        "scale": {
          "x": 1.0,
          "y": 1.0,
          "z": 1.0
        },
        "matrix_basis": [
          [
            0.9997684955596924,
            0.01717713475227356,
            0.012958511710166931,
            0.0
          ],
          [
            -0.017323262989521027,
            0.9997866749763489,
            0.011249925941228867,
            0.0
          ],
          [
            -0.012762505561113358,
            -0.011471805162727833,
            0.9998527765274048,
            0.0
          ],
          [
            0.0,
            0.0,
            0.0,
            1.0
          ]
        ],
        "rotation_mode": "QUATERNION"
      },
      "armature_space": {
        "head": {
          "x": 0.0,
          "y": 0.07072800397872925,
          "z": -0.009595036506652832
        },
        "tail": {
          "x": 0.0012260329676792026,
          "y": 0.0001251623034477234,
          "z": 0.0008093370124697685
        }
      },
      "world_space": {
        "head": {
          "x": 0.0,
          "y": 0.13397200405597687,
          "z": 0.9402589797973633
        },
        "tail": {
          "x": 0.0012260329676792026,
          "y": 0.06336916238069534,
          "z": 0.9506633281707764
        },
        "rotation_quaternion": {
          "w": 0.07303062081336975,
          "x": 0.997271716594696,
          "y": 0.00903936568647623,
          "z": 0.005835023242980242
        },
        "matrix": [
          [
            0.9997684955596924,
            0.01717713475227356,
            0.012958511710166931,
            0.0
          ],
          [
            0.01888168230652809,
            -0.9891695976257324,
            -0.1455577164888382,
            0.13397200405597687
          ],
          [
            0.010317991487681866,
            0.14576877653598785,
            -0.9892719388008118,
            0.9402589797973633
          ],
          [
            0.0,
            0.0,
            0.0,
            1.0
          ]
        ]
      },
      "bone_length_armature_space": 0.07137587317172069,
      "parent": null,
      "has_children": true,
      "is_end_bone": false
    },
    "spine_01": {
      "name": "spine_01",
      "local": {
        "location": {
          "x": 0.0,
          "y": 0.0,
          "z": 0.0
        },
        "rotation_quaternion": {
          "w": 0.997390866279602,
          "x": 0.06894106417894363,
          "y": -0.015699898824095726,
          "z": -0.01456484291702509
        },
        "scale": {
          "x": 1.0,
          "y": 1.0,
          "z": 1.0
        },
        "matrix_basis": [
          [
            0.9990827441215515,
            0.026888947933912277,
            -0.033326104283332825,
            0.0
          ],
          [
            -0.03121841885149479,
            0.9900699853897095,
            -0.13706503808498383,
            0.0
          ],
          [
            0.02930963970720768,
            0.13797970116138458,
            0.9900012612342834,
            0.0
          ],
          [
            0.0,
            0.0,
            0.0,
            1.0
          ]
        ],
        "rotation_mode": "QUATERNION"
      },
      "armature_space": {
        "head": {
          "x": 0.0012260329676792026,
          "y": 0.0001251623034477234,
          "z": 0.0008093370124697685
        },
        "tail": {
          "x": 0.010067089460790157,
          "y": -0.038824036717414856,
          "z": 0.487176775932312
        }
      },
      "world_space": {
        "head": {
          "x": 0.0012260329676792026,
          "y": 0.06336916238069534,
          "z": 0.9506633281707764
        },
        "tail": {
          "x": 0.010067089460790157,
          "y": 0.024419963359832764,
          "z": 1.4370307922363281
        },
        "rotation_quaternion": {
          "w": 0.6782984733581543,
          "x": 0.7346988320350647,
          "y": 0.0020130856428295374,
          "z": -0.011174171231687069
        },
        "matrix": [
          [
            0.9997421503067017,
            0.018116872757673264,
            -0.013688221573829651,
            0.0012260329676792026
          ],
          [
            -0.012200700119137764,
            -0.07981373369693756,
            -0.996735155582428,
            0.06336916238069534
          ],
          [
            -0.019150376319885254,
            0.9966520667076111,
            -0.07957358658313751,
            0.9506633281707764
          ],
          [
            0.0,
            0.0,
            0.0,
            1.0
          ]
        ]
      },
      "bone_length_armature_space": 0.4880045961870936,
      "parent": "Root",
      "has_children": true,
      "is_end_bone": false
    },
    "neck_01": {
      "name": "neck_01",
      "local": {
        "location": {
          "x": 0.0,
          "y": 0.0,
          "z": 0.0
        },
        "rotation_quaternion": {
          "w": 0.9876562356948853,
          "x": -0.05660390853881836,
          "y": -0.10876867920160294,
          "z": -0.09747114032506943
        },
        "scale": {
          "x": 1.0,
          "y": 1.0,
          "z": 1.0
        },
        "matrix_basis": [
          [
            0.957337498664856,
            0.20484942197799683,
            -0.20381763577461243,
            0.0
          ],
          [
            -0.1802224963903427,
            0.9745907783508301,
            0.1330140233039856,
            0.0
          ],
          [
            0.22588662803173065,
            -0.09060679376125336,
            0.9699307680130005,
            0.0
          ],
          [
            0.0,
            0.0,
            0.0,
            1.0
          ]
        ],
        "rotation_mode": "QUATERNION"
      },
      "armature_space": {
        "head": {
          "x": 0.010918864980340004,
          "y": -0.07923509180545807,
          "z": 0.5573904514312744
        },
        "tail": {
          "x": 0.033266760408878326,
          "y": -0.11645239591598511,
          "z": 0.6502677202224731
        }
      },
      "world_space": {
        "head": {
          "x": 0.010918864980340004,
          "y": -0.01599109172821045,
          "z": 1.5072444677352905
        },
        "tail": {
          "x": 0.033266760408878326,
          "y": -0.05320839583873749,
          "z": 1.6001217365264893
        },
        "rotation_quaternion": {
          "w": 0.5637409090995789,
          "x": 0.8107271790504456,
          "y": 0.026194849982857704,
          "z": -0.15566468238830566
        },
        "matrix": [
          [
            0.9501650333404541,
            0.21798285841941833,
            -0.22286780178546906,
            0.010918864980340004
          ],
          [
            -0.13303425908088684,
            -0.36302006244659424,
            -0.9222356677055359,
            -0.01599109172821045
          ],
          [
            -0.2819391191005707,
            0.9059308767318726,
            -0.31593286991119385,
            1.5072444677352905
          ],
          [
            0.0,
            0.0,
            0.0,
            1.0
          ]
        ]
      },
      "bone_length_armature_space": 0.10252191678386018,
      "parent": "spine_01",
      "has_children": true,
      "is_end_bone": false
    },
    "head": {
      "name": "head",
      "local": {
        "location": {
          "x": 0.0,
          "y": 0.0,
          "z": 0.0
        },
        "rotation_quaternion": {
          "w": 0.9781894683837891,
          "x": -0.0018019910203292966,
          "y": -0.1110825389623642,
          "z": -0.1755075305700302
        },
        "scale": {
          "x": 1.0,
          "y": 1.0,
          "z": 1.0
        },
        "matrix_basis": [
          [
            0.9137155413627625,
            0.34375956654548645,
            -0.21668700873851776,
            0.0
          ],
          [
            -0.34295889735221863,
            0.9383876919746399,
            0.04251702129840851,
            0.0
          ],
          [
            0.21795207262039185,
            0.035466268658638,
            0.9753148555755615,
            0.0
          ],
          [
            0.0,
            0.0,
            0.0,
            1.0
          ]
        ],
        "rotation_mode": "QUATERNION"
      },
      "armature_space": {
        "head": {
          "x": 0.03326670825481415,
          "y": -0.11645250767469406,
          "z": 0.6502676010131836
        },
        "tail": {
          "x": 0.12440361082553864,
          "y": -0.12988094985485077,
          "z": 0.7750351428985596
        }
      },
      "world_space": {
        "head": {
          "x": 0.03326670825481415,
          "y": -0.05320850759744644,
          "z": 1.6001216173171997
        },
        "tail": {
          "x": 0.12440361082553864,
          "y": -0.06663694977760315,
          "z": 1.7248891592025757
        },
        "rotation_quaternion": {
          "w": 0.6689895391464233,
          "x": 0.6507781147956848,
          "y": 0.09571031481027603,
          "z": -0.34609317779541016
        },
        "matrix": [
          [
            0.7421169281005859,
            0.5876380205154419,
            -0.32240375876426697,
            0.03326670825481415
          ],
          [
            -0.3384966254234314,
            -0.08658467233181,
            -0.9369757175445557,
            -0.05320850759744644
          ],
          [
            -0.5785220861434937,
            0.8044834733009338,
            0.13465750217437744,
            1.6001216173171997
          ],
          [
            0.0,
            0.0,
            0.0,
            1.0
          ]
        ]
      },
      "bone_length_armature_space": 0.1550909337531633,
      "parent": "neck_01",
      "has_children": false,
      "is_end_bone": true
    },
    "upperarm_l": {
      "name": "upperarm_l",
      "local": {
        "location": {
          "x": 0.0,
          "y": 0.0,
          "z": 0.0
        },
        "rotation_quaternion": {
          "w": 0.8657289743423462,
          "x": 0.35916247963905334,
          "y": -0.1416582316160202,
          "z": 0.31851017475128174
        },
        "scale": {
          "x": 1.0,
          "y": 1.0,
          "z": 1.0
        },
        "matrix_basis": [
          [
            0.7569684386253357,
            -0.6532436013221741,
            -0.016481462866067886,
            0.0
          ],
          [
            0.4497303366661072,
            0.5391071438789368,
            -0.7121139168739319,
            0.0
          ],
          [
            0.47406908869743347,
            0.531635582447052,
            0.7018705010414124,
            0.0
          ],
          [
            0.0,
            0.0,
            0.0,
            1.0
          ]
        ],
        "rotation_mode": "QUATERNION"
      },
      "armature_space": {
        "head": {
          "x": 0.15961894392967224,
          "y": -0.07887981086969376,
          "z": 0.4872813820838928
        },
        "tail": {
          "x": 0.3145219087600708,
          "y": -0.2345699965953827,
          "z": 0.640818178653717
        }
      },
      "world_space": {
        "head": {
          "x": 0.15961894392967224,
          "y": -0.015635810792446136,
          "z": 1.4371354579925537
        },
        "tail": {
          "x": 0.3145219087600708,
          "y": -0.17132599651813507,
          "z": 1.590672254562378
        },
        "rotation_quaternion": {
          "w": 0.45242390036582947,
          "x": 0.7143803834915161,
          "y": 0.06937941163778305,
          "z": -0.5293012857437134
        },
        "matrix": [
          [
            0.43005475401878357,
            0.5780620574951172,
            -0.6934674978256226,
            0.15961894392967224
          ],
          [
            -0.37980934977531433,
            -0.5809998512268066,
            -0.7198502421379089,
            -0.015635810792446136
          ],
          [
            -0.8190286755561829,
            0.5729638338088989,
            -0.030309148132801056,
            1.4371354579925537
          ],
          [
            0.0,
            0.0,
            0.0,
            1.0
          ]
        ]
      },
      "bone_length_armature_space": 0.26796998268377753,
      "parent": "spine_01",
      "has_children": true,
      "is_end_bone": false
    },
    "lowerarm_l": {
      "name": "lowerarm_l",
      "local": {
        "location": {
          "x": 0.0,
          "y": 0.0,
          "z": 0.0
        },
        "rotation_quaternion": {
          "w": 0.9933809041976929,
          "x": 0.042340170592069626,
          "y": 0.06120450049638748,
          "z": 0.0874970406293869
        },
        "scale": {
          "x": 1.0,
          "y": 1.0,
          "z": 1.0
        },
        "matrix_basis": [
          [
            0.9771965742111206,
            -0.1686529666185379,
            0.12900803983211517,
            0.0
          ],
          [
            0.17901860177516937,
            0.9811031818389893,
            -0.07340940833091736,
            0.0
          ],
          [
            -0.11418948322534561,
            0.09483025968074799,
            0.988922655582428,
            0.0
          ],
          [
            0.0,
            0.0,
            0.0,
            1.0
          ]
        ],
        "rotation_mode": "QUATERNION"
      },
      "armature_space": {
        "head": {
          "x": 0.3145218789577484,
          "y": -0.23457005620002747,
          "z": 0.6408183574676514
        },
        "tail": {
          "x": 0.39911869168281555,
          "y": -0.3921773433685303,
          "z": 0.8397483825683594
        }
      },
      "world_space": {
        "head": {
          "x": 0.3145218789577484,
          "y": -0.17132605612277985,
          "z": 1.5906723737716675
        },
        "tail": {
          "x": 0.39911869168281555,
          "y": -0.32893335819244385,
          "z": 1.7896023988723755
        },
        "rotation_quaternion": {
          "w": 0.4467757046222687,
          "x": 0.7498301267623901,
          "y": -0.07632771879434586,
          "z": -0.4819961488246918
        },
        "matrix": [
          [
            0.5237091183662415,
            0.31622079014778137,
            -0.7910329103469849,
            0.3145218789577484
          ],
          [
            -0.5451532006263733,
            -0.5891321897506714,
            -0.5964323282241821,
            -0.17132605612277985
          ],
          [
            -0.6546324491500854,
            0.7435957193374634,
            -0.13614647090435028,
            1.5906723737716675
          ],
          [
            0.0,
            0.0,
            0.0,
            1.0
          ]
        ]
      },
      "bone_length_armature_space": 0.2675253875301972,
      "parent": "upperarm_l",
      "has_children": true,
      "is_end_bone": false
    },
    "metacarpal_thumb_l": {
      "name": "metacarpal_thumb_l",
      "local": {
        "location": {
          "x": 0.0,
          "y": 0.0,
          "z": 0.0
        },
        "rotation_quaternion": {
          "w": 0.9979714155197144,
          "x": -0.06125227361917496,
          "y": -0.01436562743037939,
          "z": 0.009739840403199196
        },
        "scale": {
          "x": 1.0,
          "y": 1.0,
          "z": 1.0
        },
        "matrix_basis": [
          [
            0.9993975162506104,
            -0.01768030971288681,
            -0.02986614592373371,
            0.0
          ],
          [
            0.021200019866228104,
            0.9923065900802612,
            0.12197619676589966,
            0.0
          ],
          [
            0.02747979573905468,
            -0.12253587692975998,
            0.9920835494995117,
            0.0
          ],
          [
            0.0,
            0.0,
            0.0,
            1.0
          ]
        ],
        "rotation_mode": "QUATERNION"
      },
      "armature_space": {
        "head": {
          "x": 0.39911869168281555,
          "y": -0.3921773433685303,
          "z": 0.8397483825683594
        },
        "tail": {
          "x": 0.38944149017333984,
          "y": -0.43482518196105957,
          "z": 0.8630099892616272
        }
      },
      "world_space": {
        "head": {
          "x": 0.39911869168281555,
          "y": -0.32893335819244385,
          "z": 1.7896023988723755
        },
        "tail": {
          "x": 0.38944149017333984,
          "y": -0.37158119678497314,
          "z": 1.812864065170288
        },
        "rotation_quaternion": {
          "w": 0.2614136040210724,
          "x": 0.9311597943305969,
          "y": -0.03419668972492218,
          "z": 0.2518627345561981
        },
        "matrix": [
          [
            0.8707916140556335,
            -0.19536590576171875,
            0.45116961002349854,
            0.39911869168281555
          ],
          [
            0.06799545139074326,
            -0.8609868884086609,
            -0.5040615797042847,
            -0.32893335819244385
          ],
          [
            0.4869309365749359,
            0.46961256861686707,
            -0.7364620566368103,
            1.7896023988723755
          ],
          [
            0.0,
            0.0,
            0.0,
            1.0
          ]
        ]
      },
      "bone_length_armature_space": 0.04953371363032552,
      "parent": "lowerarm_l",
      "has_children": true,
      "is_end_bone": false
    },
    "thumb_01_l": {
      "name": "thumb_01_l",
      "local": {
        "location": {
          "x": 0.0,
          "y": 0.0,
          "z": 0.0
        },
        "rotation_quaternion": {
          "w": 0.9998847842216492,
          "x": -0.015157395973801613,
          "y": 0.0003715409548021853,
          "z": -0.0007690668571740389
        },
        "scale": {
          "x": 1.0,
          "y": 1.0,
          "z": 1.0
        },
        "matrix_basis": [
          [
            0.9999985694885254,
            0.0015266933478415012,
            0.0007663103751838207,
            0.0
          ],
          [
            -0.0015492197126150131,
            0.999539315700531,
            0.030310727655887604,
            0.0
          ],
          [
            -0.000719682197086513,
            -0.03031187132000923,
            0.9995402097702026,
            0.0
          ],
          [
            0.0,
            0.0,
            0.0,
            1.0
          ]
        ],
        "rotation_mode": "QUATERNION"
      },
      "armature_space": {
        "head": {
          "x": 0.38944149017333984,
          "y": -0.43482518196105957,
          "z": 0.8630099892616272
        },
        "tail": {
          "x": 0.3919074237346649,
          "y": -0.46712201833724976,
          "z": 0.8525475859642029
        }
      },
      "world_space": {
        "head": {
          "x": 0.38944149017333984,
          "y": -0.37158119678497314,
          "z": 1.812864065170288
        },
        "tail": {
          "x": 0.3919074237346649,
          "y": -0.40387803316116333,
          "z": 1.8024015426635742
        },
        "rotation_quaternion": {
          "w": 0.11213478446006775,
          "x": -0.5120773315429688,
          "y": 0.11406528204679489,
          "z": -0.8439144492149353
        },
        "matrix": [
          [
            -0.4504052996635437,
            0.07244552671909332,
            0.8898801803588867,
            0.38944149017333984
          ],
          [
            -0.3060847520828247,
            -0.9488300085067749,
            -0.07767754048109055,
            -0.37158119678497314
          ],
          [
            0.8387231826782227,
            -0.30736833810806274,
            0.4495355188846588,
            1.812864065170288
          ],
          [
            0.0,
            0.0,
            0.0,
            1.0
          ]
        ]
      },
      "bone_length_armature_space": 0.03403862959774927,
      "parent": "metacarpal_thumb_l",
      "has_children": true,
      "is_end_bone": false
    },
    "thumb_02_l": {
      "name": "thumb_02_l",
      "local": {
        "location": {
          "x": 0.0,
          "y": 0.0,
          "z": 0.0
        },
        "rotation_quaternion": {
          "w": 0.9976460933685303,
          "x": 0.06832240521907806,
          "y": -0.0018351133912801743,
          "z": -0.005580180790275335
        },
        "scale": {
          "x": 1.0,
          "y": 1.0,
          "z": 1.0
        },
        "matrix_basis": [
          [
            0.9999309778213501,
            0.0108833322301507,
            -0.004424090031534433,
            0.0
          ],
          [
            -0.011384849436581135,
            0.9906018376350403,
            -0.13630267977714539,
            0.0
          ],
          [
            0.0028990847058594227,
            0.13634364306926727,
            0.990657389163971,
            0.0
          ],
          [
            0.0,
            0.0,
            0.0,
            1.0
          ]
        ],
        "rotation_mode": "QUATERNION"
      },
      "armature_space": {
        "head": {
          "x": 0.3919074237346649,
          "y": -0.46712198853492737,
          "z": 0.8525475859642029
        },
        "tail": {
          "x": 0.4039521813392639,
          "y": -0.49130597710609436,
          "z": 0.8822670578956604
        }
      },
      "world_space": {
        "head": {
          "x": 0.3919074237346649,
          "y": -0.40387797355651855,
          "z": 1.8024015426635742
        },
        "tail": {
          "x": 0.4039521813392639,
          "y": -0.42806196212768555,
          "z": 1.8321211338043213
        },
        "rotation_quaternion": {
          "w": 0.10294751077890396,
          "x": -0.13564500212669373,
          "y": -0.4339805841445923,
          "z": -0.8846825361251831
        },
        "matrix": [
          [
            -0.9420046210289001,
            0.29988643527030945,
            0.15064996480941772,
            0.3919074237346649
          ],
          [
            -0.06441808491945267,
            -0.6021250486373901,
            0.7957988381385803,
            -0.40387797355651855
          ],
          [
            0.32936179637908936,
            0.7399461269378662,
            0.5865276455879211,
            1.8024015426635742
          ],
          [
            0.0,
            0.0,
            0.0,
            1.0
          ]
        ]
      },
      "bone_length_armature_space": 0.04016451763394391,
      "parent": "thumb_01_l",
      "has_children": true,
      "is_end_bone": false
    },
    "thumb_03_l": {
      "name": "thumb_03_l",
      "local": {
        "location": {
          "x": 0.0,
          "y": 0.0,
          "z": 0.0
        },
        "rotation_quaternion": {
          "w": 0.9974604845046997,
          "x": 0.07081073522567749,
          "y": 0.002163495169952512,
          "z": 0.0073383706621825695
        },
        "scale": {
          "x": 1.0,
          "y": 1.0,
          "z": 1.0
        },
        "matrix_basis": [
          [
            0.9998829364776611,
            -0.014333072118461132,
            0.0053552729077637196,
            0.0
          ],
          [
            0.014945866540074348,
            0.9898639917373657,
            -0.14123006165027618,
            0.0
          ],
          [
            -0.0032767311204224825,
            0.14129357039928436,
            0.9899623394012451,
            0.0
          ],
          [
            0.0,
            0.0,
            0.0,
            1.0
          ]
        ],
        "rotation_mode": "QUATERNION"
      },
      "armature_space": {
        "head": {
          "x": 0.40395212173461914,
          "y": -0.49130600690841675,
          "z": 0.8822669982910156
        },
        "tail": {
          "x": 0.4174674451351166,
          "y": -0.49803781509399414,
          "z": 0.9087041020393372
        }
      },
      "world_space": {
        "head": {
          "x": 0.40395212173461914,
          "y": -0.4280620217323303,
          "z": 1.8321210145950317
        },
        "tail": {
          "x": 0.4174674451351166,
          "y": -0.4347938299179077,
          "z": 1.858558177947998
        },
        "rotation_quaternion": {
          "w": 0.29679062962532043,
          "x": 0.01800084486603737,
          "y": -0.5489602088928223,
          "z": -0.7811748385429382
        },
        "matrix": [
          [
            -0.8231815695762634,
            0.44392749667167664,
            -0.35397806763648987,
            0.40395212173461914
          ],
          [
            -0.483456015586853,
            -0.22111502289772034,
            0.8469820022583008,
            -0.4280620217323303
          ],
          [
            0.2977304756641388,
            0.8683586120605469,
            0.3966410160064697,
            1.8321210145950317
          ],
          [
            0.0,
            0.0,
            0.0,
            1.0
          ]
        ]
      },
      "bone_length_armature_space": 0.03044505968319581,
      "parent": "thumb_02_l",
      "has_children": false,
      "is_end_bone": true
    },
    "metacarpal_index_l": {
      "name": "metacarpal_index_l",
      "local": {
        "location": {
          "x": 0.0,
          "y": 0.0,
          "z": 0.0
        },
        "rotation_quaternion": {
          "w": 0.9999539852142334,
          "x": -0.006594984792172909,
          "y": 0.0013306968612596393,
          "z": 0.006847786717116833
        },
        "scale": {
          "x": 1.0,
          "y": 1.0,
          "z": 1.0
        },
        "matrix_basis": [
          [
            0.9999026656150818,
            -0.013712494634091854,
            0.002570949262008071,
            0.0
          ],
          [
            0.013677391223609447,
            0.9998192191123962,
            0.013207587413489819,
            0.0
          ],
          [
            -0.0027515932451933622,
            -0.013171138241887093,
            0.9999094605445862,
            0.0
          ],
          [
            0.0,
            0.0,
            0.0,
            1.0
          ]
        ],
        "rotation_mode": "QUATERNION"
      },
      "armature_space": {
        "head": {
          "x": 0.39911869168281555,
          "y": -0.3921773433685303,
          "z": 0.8397483825683594
        },
        "tail": {
          "x": 0.4076877534389496,
          "y": -0.481401264667511,
          "z": 0.9152132272720337
        }
      },
      "world_space": {
        "head": {
          "x": 0.39911869168281555,
          "y": -0.32893335819244385,
          "z": 1.7896023988723755
        },
        "tail": {
          "x": 0.4076877534389496,
          "y": -0.41815727949142456,
          "z": 1.8650672435760498
        },
        "rotation_quaternion": {
          "w": 0.344635933637619,
          "x": 0.9373424649238586,
          "y": 0.022044751793146133,
          "z": -0.04614376649260521
        },
        "matrix": [
          [
            0.9947695732116699,
            0.07313255220651627,
            -0.07130984961986542,
            0.39911869168281555
          ],
          [
            0.00952156912535429,
            -0.761479914188385,
            -0.6481187343597412,
            -0.32893335819244385
          ],
          [
            -0.10170052945613861,
            0.6440535187721252,
            -0.7581993341445923,
            1.7896023988723755
          ],
          [
            0.0,
            0.0,
            0.0,
            1.0
          ]
        ]
      },
      "bone_length_armature_space": 0.11717201008844066,
      "parent": "lowerarm_l",
      "has_children": true,
      "is_end_bone": false
    },
    "index_01_l": {
      "name": "index_01_l",
      "local": {
        "location": {
          "x": 0.0,
          "y": 0.0,
          "z": 0.0
        },
        "rotation_quaternion": {
          "w": 0.9932713508605957,
          "x": -0.11510544270277023,
          "y": -0.010981392115354538,
          "z": -0.006489976309239864
        },
        "scale": {
          "x": 1.0,
          "y": 1.0,
          "z": 1.0
        },
        "matrix_basis": [
          [
            0.9996745586395264,
            0.015420651063323021,
            -0.020320940762758255,
            0.0
          ],
          [
            -0.010364579036831856,
            0.9734172224998474,
            0.22880440950393677,
            0.0
          ],
          [
            0.023309066891670227,
            -0.22851933538913727,
            0.9732602834701538,
            0.0
          ],
          [
            0.0,
            0.0,
            0.0,
            1.0
          ]
        ],
        "rotation_mode": "QUATERNION"
      },
      "armature_space": {
        "head": {
          "x": 0.4076877534389496,
          "y": -0.481401264667511,
          "z": 0.9152132272720337
        },
        "tail": {
          "x": 0.41977405548095703,
          "y": -0.49365437030792236,
          "z": 0.9379477500915527
        }
      },
      "world_space": {
        "head": {
          "x": 0.4076877534389496,
          "y": -0.41815727949142456,
          "z": 1.8650672435760498
        },
        "tail": {
          "x": 0.41977405548095703,
          "y": -0.43041038513183594,
          "z": 1.8878017663955688
        },
        "rotation_quaternion": {
          "w": 0.49259328842163086,
          "x": 0.8418944478034973,
          "y": 0.20613795518875122,
          "z": -0.07792775332927704
        },
        "matrix": [
          [
            0.9028684496879578,
            0.42386654019355774,
            0.07187218964099884,
            0.4076877534389496
          ],
          [
            0.2703210115432739,
            -0.4297173023223877,
            -0.8615507483482361,
            -0.41815727949142456
          ],
          [
            -0.33430004119873047,
            0.7973006963729858,
            -0.5025627017021179,
            1.8650672435760498
          ],
          [
            0.0,
            0.0,
            0.0,
            1.0
          ]
        ]
      },
      "bone_length_armature_space": 0.028514484670942114,
      "parent": "metacarpal_index_l",
      "has_children": true,
      "is_end_bone": false
    },
    "index_02_l": {
      "name": "index_02_l",
      "local": {
        "location": {
          "x": 0.0,
          "y": 0.0,
          "z": 0.0
        },
        "rotation_quaternion": {
          "w": 0.9974627494812012,
          "x": 0.07090097665786743,
          "y": 0.0057821436785161495,
          "z": 0.002796983113512397
        },
        "scale": {
          "x": 1.0,
          "y": 1.0,
          "z": 1.0
        },
        "matrix_basis": [
          [
            0.9999175071716309,
            -0.004759853705763817,
            0.01193156372755766,
            0.0
          ],
          [
            0.006399692036211491,
            0.9899304509162903,
            -0.14140981435775757,
            0.0
          ],
          [
            -0.011138328351080418,
            0.14147451519966125,
            0.9898792505264282,
            0.0
          ],
          [
            0.0,
            0.0,
            0.0,
            1.0
          ]
        ],
        "rotation_mode": "QUATERNION"
      },
      "armature_space": {
        "head": {
          "x": 0.41977402567863464,
          "y": -0.49365487694740295,
          "z": 0.9379479885101318
        },
        "tail": {
          "x": 0.43117111921310425,
          "y": -0.5068523287773132,
          "z": 0.9567636251449585
        }
      },
      "world_space": {
        "head": {
          "x": 0.41977402567863464,
          "y": -0.43041086196899414,
          "z": 1.887802004814148
        },
        "tail": {
          "x": 0.43117111921310425,
          "y": -0.4436083436012268,
          "z": 1.9066176414489746
        },
        "rotation_quaternion": {
          "w": 0.4519514739513397,
          "x": 0.8622745275497437,
          "y": 0.19624604284763336,
          "z": -0.11708984524011612
        },
        "matrix": [
          [
            0.895554780960083,
            0.44427403807640076,
            -0.024538220837712288,
            0.41977402567863464
          ],
          [
            0.23259946703910828,
            -0.5144542455673218,
            -0.8253693580627441,
            -0.43041086196899414
          ],
          [
            -0.379316508769989,
            0.7334603667259216,
            -0.5640647411346436,
            1.887802004814148
          ],
          [
            0.0,
            0.0,
            0.0,
            1.0
          ]
        ]
      },
      "bone_length_armature_space": 0.02565335581724854,
      "parent": "index_01_l",
      "has_children": true,
      "is_end_bone": false
    },
    "index_03_l": {
      "name": "index_03_l",
      "local": {
        "location": {
          "x": 0.0,
          "y": 0.0,
          "z": 0.0
        },
        "rotation_quaternion": {
          "w": 0.9995510578155518,
          "x": 0.029247749596834183,
          "y": 0.0015468811616301537,
          "z": -0.006318521685898304
        },
        "scale": {
          "x": 1.0,
          "y": 1.0,
          "z": 1.0
        },
        "matrix_basis": [
          [
            0.999915361404419,
            0.012721855193376541,
            0.002722768345847726,
            0.0
          ],
          [
            -0.01254088431596756,
            0.9982092976570129,
            -0.05848878622055054,
            0.0
          ],
          [
            -0.0034619783982634544,
            0.05844968929886818,
            0.9982843399047852,
            0.0
          ],
          [
            0.0,
            0.0,
            0.0,
            1.0
          ]
        ],
        "rotation_mode": "QUATERNION"
      },
      "armature_space": {
        "head": {
          "x": 0.43117108941078186,
          "y": -0.5068522095680237,
          "z": 0.9567636847496033
        },
        "tail": {
          "x": 0.44663891196250916,
          "y": -0.5244063138961792,
          "z": 0.9742661118507385
        }
      },
      "world_space": {
        "head": {
          "x": 0.43117108941078186,
          "y": -0.44360822439193726,
          "z": 1.9066176414489746
        },
        "tail": {
          "x": 0.44663891196250916,
          "y": -0.4611623287200928,
          "z": 1.9241201877593994
        },
        "rotation_quaternion": {
          "w": 0.37230056524276733,
          "x": 0.8861367702484131,
          "y": 0.24698297679424286,
          "z": -0.12309914827346802
        },
        "matrix": [
          [
            0.8476918339729309,
            0.5293813943862915,
            -0.0342601016163826,
            0.43117108941078186
          ],
          [
            0.3460627794265747,
            -0.6007828116416931,
            -0.7206253409385681,
            -0.44360822439193726
          ],
          [
            -0.40207111835479736,
            0.599015474319458,
            -0.6924834847450256,
            1.9066176414489746
          ],
          [
            0.0,
            0.0,
            0.0,
            1.0
          ]
        ]
      },
      "bone_length_armature_space": 0.029218745360718324,
      "parent": "index_02_l",
      "has_children": false,
      "is_end_bone": true
    },
    "metacarpal_pinky_l": {
      "name": "metacarpal_pinky_l",
      "local": {
        "location": {
          "x": 0.0,
          "y": 0.0,
          "z": 0.0
        },
        "rotation_quaternion": {
          "w": 0.9975454807281494,
          "x": -0.06959529221057892,
          "y": -0.007718022912740707,
          "z": -0.0001463177613914013
        },
        "scale": {
          "x": 1.0,
          "y": 1.0,
          "z": 1.0
        },
        "matrix_basis": [
          [
            0.999880850315094,
            0.0013661934062838554,
            -0.015377791598439217,
            0.0
          ],
          [
            0.0007823588675819337,
            0.990312933921814,
            0.13885119557380676,
            0.0
          ],
          [
            0.0154185239225626,
            -0.13884668052196503,
            0.9901938438415527,
            0.0
          ],
          [
            0.0,
            0.0,
            0.0,
            1.0
          ]
        ],
        "rotation_mode": "QUATERNION"
      },
      "armature_space": {
        "head": {
          "x": 0.39911869168281555,
          "y": -0.3921773433685303,
          "z": 0.8397483825683594
        },
        "tail": {
          "x": 0.46498361229896545,
          "y": -0.4364689886569977,
          "z": 0.9071526527404785
        }
      },
      "world_space": {
        "head": {
          "x": 0.39911869168281555,
          "y": -0.32893335819244385,
          "z": 1.7896023988723755
        },
        "tail": {
          "x": 0.46498361229896545,
          "y": -0.37322497367858887,
          "z": 1.8570066690444946
        },
        "rotation_quaternion": {
          "w": 0.4554271101951599,
          "x": 0.20184682309627533,
          "y": -0.282688170671463,
          "z": -0.8197143077850342
        },
        "matrix": [
          [
            -0.5036867260932922,
            0.6325212121009827,
            -0.588401734828949,
            0.39911869168281555
          ],
          [
            -0.8607604503631592,
            -0.4253464937210083,
            0.27959272265434265,
            -0.32893335819244385
          ],
          [
            -0.0734274685382843,
            0.6473039984703064,
            0.7586962580680847,
            1.7896023988723755
          ],
          [
            0.0,
            0.0,
            0.0,
            1.0
          ]
        ]
      },
      "bone_length_armature_space": 0.10413103773332003,
      "parent": "lowerarm_l",
      "has_children": true,
      "is_end_bone": false
    },
    "pinky_01_l": {
      "name": "pinky_01_l",
      "local": {
        "location": {
          "x": 0.0,
          "y": 0.0,
          "z": 0.0
        },
        "rotation_quaternion": {
          "w": 0.9468532800674438,
          "x": 0.32163575291633606,
          "y": -0.0009869515197351575,
          "z": -0.004306441638618708
        },
        "scale": {
          "x": 1.0,
          "y": 1.0,
          "z": 1.0
        },
        "matrix_basis": [
          [
            0.9999609589576721,
            0.007520258892327547,
            -0.004639207851141691,
            0.0
          ],
          [
            -0.008790014311671257,
            0.7930638194084167,
            -0.6090752482414246,
            0.0
          ],
          [
            -0.0009012146038003266,
            0.6090922355651855,
            0.7930989265441895,
            0.0
          ],
          [
            0.0,
            0.0,
            0.0,
            1.0
          ]
        ],
        "rotation_mode": "QUATERNION"
      },
      "armature_space": {
        "head": {
          "x": 0.46498361229896545,
          "y": -0.4364689886569977,
