{
  "metadata": {
    "armature_name": "KIM_caucasian_male",
    "export_time": "2026-01-13T21:04:02.381958",
    "blender_version": "4.4.1",
    "bone_count": 56,
    "end_bone_count": 13,
    "spaces_included": [
      "LOCAL_CHANNELS",
      "ARMATURE_SPACE",
      "WORLD_SPACE"
    ],
    "note": "LOCAL matches Transform panel; replay pose via local.matrix_basis for best fidelity."
  },
  "bones": {
    "Root": {
      "name": "Root",
      "local": {
        "location": {
          "x": 0.0,
          "y": 0.0,
          "z": 0.0
        },
        "rotation_quaternion": {
          "w": 0.9995130896568298,
          "x": 0.007925409823656082,
          "y": -0.0016817126888781786,
          "z": -0.03013485297560692
        },
        "scale": {
          "x": 1.0,
          "y": 1.0,
          "z": 1.0
        },
        "matrix_basis": [
          [
            0.9981781244277954,
            0.06021370366215706,
            -0.0038394497241824865,
            0.0
          ],
          [
            -0.06026701629161835,
            0.9980581402778625,
            -0.01574174501001835,
            0.0
          ],
          [
            0.002884125569835305,
            0.015944458544254303,
            0.9998686909675598,
            0.0
          ],
          [
            0.0,
            0.0,
            0.0,
            1.0
          ]
        ],
        "rotation_mode": "QUATERNION"
      },
      "armature_space": {
        "head": {
          "x": 0.0,
          "y": 0.07072800397872925,
          "z": -0.009595036506652832
        },
        "tail": {
          "x": 0.004297805484384298,
          "y": -1.5638768672943115e-05,
          "z": -0.0011463593691587448
        }
      },
      "world_space": {
        "head": {
          "x": 0.0,
          "y": 0.13397200405597687,
          "z": 0.9402589797973633
        },
        "tail": {
          "x": 0.004297805484384298,
          "y": 0.06322836130857468,
          "z": 0.948707640171051
        },
        "rotation_quaternion": {
          "w": 0.05942744389176369,
          "x": 0.9977762699127197,
          "y": 0.02995310351252556,
          "z": -0.0037080124020576477
        },
        "matrix": [
          [
            0.9981781244277954,
            0.06021370366215706,
            -0.0038394497241824865,
            0.0
          ],
          [
            0.05933227017521858,
            -0.9911423325538635,
            -0.1188131719827652,
            0.13397200405597687
          ],
          [
            -0.010959643870592117,
            0.11836881190538406,
            -0.9929162263870239,
            0.9402589797973633
          ],
          [
            0.0,
            0.0,
            0.0,
            1.0
          ]
        ]
      },
      "bone_length_armature_space": 0.07137586632670168,
      "parent": null,
      "has_children": true,
      "is_end_bone": false
    },
    "spine_01": {
      "name": "spine_01",
      "local": {
        "location": {
          "x": 0.0,
          "y": 0.0,
          "z": 0.0
        },
        "rotation_quaternion": {
          "w": 0.997301459312439,
          "x": 0.04103631526231766,
          "y": 0.03530397266149521,
          "z": -0.04959414526820183
        },
        "scale": {
          "x": 1.0,
          "y": 1.0,
          "z": 1.0
        },
        "matrix_basis": [
          [
            0.9925881028175354,
            0.10181811451911926,
            0.06634708493947983,
            0.0
          ],
          [
            -0.09602313488721848,
            0.9917128682136536,
            -0.08535289764404297,
            0.0
          ],
          [
            -0.07448773086071014,
            0.07834941148757935,
            0.9941393136978149,
            0.0
          ],
          [
            0.0,
            0.0,
            0.0,
            1.0
          ]
        ],
        "rotation_mode": "QUATERNION"
      },
      "armature_space": {
        "head": {
          "x": 0.004297805484384298,
          "y": -1.5638768672943115e-05,
          "z": -0.0011463593691587448
        },
        "tail": {
          "x": 0.060589469969272614,
          "y": -0.02013474516570568,
          "z": 0.48318296670913696
        }
      },
      "world_space": {
        "head": {
          "x": 0.004297805484384298,
          "y": 0.06322836130857468,
          "z": 0.948707640171051
        },
        "tail": {
          "x": 0.060589469969272614,
          "y": 0.04310925304889679,
          "z": 1.4330370426177979
        },
        "rotation_quaternion": {
          "w": 0.6871287822723389,
          "x": 0.7215156555175781,
          "y": 0.08508864045143127,
          "z": 0.005409573204815388
        },
        "matrix": [
          [
            0.9854612350463867,
            0.11535148322582245,
            0.12474063038825989,
            0.004297805484384298
          ],
          [
            0.1302204132080078,
            -0.04122757166624069,
            -0.9906275868415833,
            0.06322836130857468
          ],
          [
            -0.10912825167179108,
            0.9924756288528442,
            -0.05565056949853897,
            0.948707640171051
          ],
          [
            0.0,
            0.0,
            0.0,
            1.0
          ]
        ]
      },
      "bone_length_armature_space": 0.4880045228541772,
      "parent": "Root",
      "has_children": true,
      "is_end_bone": false
    },
    "neck_01": {
      "name": "neck_01",
      "local": {
        "location": {
          "x": 0.0,
          "y": 0.0,
          "z": 0.0
        },
        "rotation_quaternion": {
          "w": 0.9913097620010376,
          "x": -0.11004770547151566,
          "y": -0.07184307277202606,
          "z": -0.005764370784163475
        },
        "scale": {
          "x": 1.0,
          "y": 1.0,
          "z": 1.0
        },
        "matrix_basis": [
          [
            0.9896106719970703,
            0.02724088542163372,
            -0.1411687731742859,
            0.0
          ],
          [
            0.0043837763369083405,
            0.9757125377655029,
            0.21901099383831024,
            0.0
          ],
          [
            0.14370618760585785,
            -0.21735447645187378,
            0.9654561281204224,
            0.0
          ],
          [
            0.0,
            0.0,
            0.0,
            1.0
          ]
        ],
        "rotation_mode": "QUATERNION"
      },
      "armature_space": {
        "head": {
          "x": 0.07336138933897018,
          "y": -0.057508766651153564,
          "z": 0.5539205074310303
        },
        "tail": {
          "x": 0.08997150510549545,
          "y": -0.07853452861309052,
          "z": 0.652878999710083
        }
      },
      "world_space": {
        "head": {
          "x": 0.07336138933897018,
          "y": 0.005735233426094055,
          "z": 1.5037745237350464
        },
        "tail": {
          "x": 0.08997150510549545,
          "y": -0.015290528535842896,
          "z": 1.6027330160140991
        },
        "rotation_quaternion": {
          "w": 0.6283682584762573,
          "x": 0.7734224200248718,
          "y": 0.05108581855893135,
          "z": -0.06603951007127762
        },
        "matrix": [
          [
            0.9860580563545227,
            0.16201619803905487,
            -0.03795045614242554,
            0.07336138933897018
          ],
          [
            -0.003971487283706665,
            -0.20508667826652527,
            -0.9787358641624451,
            0.005735233426094055
          ],
          [
            -0.16635537147521973,
            0.9652474522590637,
            -0.20158624649047852,
            1.5037745237350464
          ],
          [
            0.0,
            0.0,
            0.0,
            1.0
          ]
        ]
      },
      "bone_length_armature_space": 0.1025220070573773,
      "parent": "spine_01",
      "has_children": true,
      "is_end_bone": false
    },
    "head": {
      "name": "head",
      "local": {
        "location": {
          "x": 0.0,
          "y": 0.0,
          "z": 0.0
        },
        "rotation_quaternion": {
          "w": 0.9821338653564453,
          "x": 0.03133875131607056,
          "y": -0.09883497655391693,
          "z": 0.15704338252544403
        },
        "scale": {
          "x": 1.0,
          "y": 1.0,
          "z": 1.0
        },
        "matrix_basis": [
          [
            0.9311380386352539,
            -0.31466996669769287,
            -0.18429526686668396,
            0.0
          ],
          [
            0.3022805154323578,
            0.9487105011940002,
            -0.09260045737028122,
            0.0
          ],
          [
            0.2039814442396164,
            0.03051494061946869,
            0.9784990549087524,
            0.0
          ],
          [
            0.0,
            0.0,
            0.0,
            1.0
          ]
        ],
        "rotation_mode": "QUATERNION"
      },
      "armature_space": {
        "head": {
          "x": 0.08997148275375366,
          "y": -0.07853466272354126,
          "z": 0.6528788208961487
        },
        "tail": {
          "x": 0.0660904124379158,
          "y": -0.05894607678055763,
          "z": 0.8048633337020874
        }
      },
      "world_space": {
        "head": {
          "x": 0.08997148275375366,
          "y": -0.01529066264629364,
          "z": 1.6027328968048096
        },
        "tail": {
          "x": 0.0660904124379158,
          "y": 0.004297923296689987,
          "z": 1.7547173500061035
        },
        "rotation_quaternion": {
          "w": 0.7410690188407898,
          "x": 0.6609431505203247,
          "y": -0.11818928271532059,
          "z": -0.0015187212266027927
        },
        "matrix": [
          [
            0.972058117389679,
            -0.1539817899465561,
            -0.17717942595481873,
            0.08997148275375366
          ],
          [
            -0.15848267078399658,
            0.12630446255207062,
            -0.9792500138282776,
            -0.01529066264629364
          ],
          [
            0.17316626012325287,
            0.9799746870994568,
            0.09837156534194946,
            1.6027328968048096
          ],
          [
            0.0,
            0.0,
            0.0,
            1.0
          ]
        ]
      },
      "bone_length_armature_space": 0.15509129658668944,
      "parent": "neck_01",
      "has_children": false,
      "is_end_bone": true
    },
    "upperarm_l": {
      "name": "upperarm_l",
      "local": {
        "location": {
          "x": 0.0,
          "y": 0.0,
          "z": 0.0
        },
        "rotation_quaternion": {
          "w": 0.9457985758781433,
          "x": -0.17464002966880798,
          "y": 0.26876839995384216,
          "z": -0.05224545672535896
        },
        "scale": {
          "x": 1.0,
          "y": 1.0,
          "z": 1.0
        },
        "matrix_basis": [
          [
            0.8500679135322571,
            0.004951914306730032,
            0.5266498327255249,
            0.0
          ],
          [
            -0.19270280003547668,
            0.9335425496101379,
            0.3022647202014923,
            0.0
          ],
          [
            -0.4901532530784607,
            -0.35843244194984436,
            0.7945288419723511,
            0.0
          ],
          [
            0.0,
            0.0,
            0.0,
            1.0
          ]
        ],
        "rotation_mode": "QUATERNION"
      },
      "armature_space": {
        "head": {
          "x": 0.21382588148117065,
          "y": -0.03836412727832794,
          "z": 0.47067177295684814
        },
        "tail": {
          "x": 0.4427124857902527,
          "y": 0.09865662455558777,
          "z": 0.4452973008155823
        }
      },
      "world_space": {
        "head": {
          "x": 0.21382588148117065,
          "y": 0.024879872798919678,
          "z": 1.4205257892608643
        },
        "tail": {
          "x": 0.4427124857902527,
          "y": 0.1619006246328354,
          "z": 1.3951513767242432
        },
        "rotation_quaternion": {
          "w": 0.3530951738357544,
          "x": 0.42681482434272766,
          "y": 0.7943484783172607,
          "z": -0.2493259608745575
        },
        "matrix": [
          [
            -0.38630518317222595,
            0.8541519045829773,
            0.34812769293785095,
            0.21382588148117065
          ],
          [
            0.5020081996917725,
            0.5113297700881958,
            -0.6975169777870178,
            0.024879872798919678
          ],
          [
            -0.7737982869148254,
            -0.09469170868396759,
            -0.6263254880905151,
            1.4205257892608643
          ],
          [
            0.0,
            0.0,
            0.0,
            1.0
          ]
        ]
      },
      "bone_length_armature_space": 0.26796945354241414,
      "parent": "spine_01",
      "has_children": true,
      "is_end_bone": false
    },
    "lowerarm_l": {
      "name": "lowerarm_l",
      "local": {
        "location": {
          "x": 0.0,
          "y": 0.0,
          "z": 0.0
        },
        "rotation_quaternion": {
          "w": 0.994040846824646,
          "x": 0.06477005034685135,
          "y": -0.03721265494823456,
          "z": 0.07939059287309647
        },
        "scale": {
          "x": 1.0,
          "y": 1.0,
          "z": 1.0
        },
        "matrix_basis": [
          [
            0.9846246838569641,
            -0.1626555174589157,
            -0.06369753181934357,
            0.0
          ],
          [
            0.15301445126533508,
            0.9790039658546448,
            -0.13467681407928467,
            0.0
          ],
          [
            0.0842660665512085,
            0.12285948544740677,
            0.9888401031494141,
            0.0
          ],
          [
            0.0,
            0.0,
            0.0,
            1.0
          ]
        ],
        "rotation_mode": "QUATERNION"
      },
      "armature_space": {
        "head": {
          "x": 0.44271260499954224,
          "y": 0.09865657985210419,
          "z": 0.44529736042022705
        },
        "tail": {
          "x": 0.7039799094200134,
          "y": 0.15560698509216309,
          "z": 0.43721121549606323
        }
      },
      "world_space": {
        "head": {
          "x": 0.44271260499954224,
          "y": 0.1619005799293518,
          "z": 1.3951513767242432
        },
        "tail": {
          "x": 0.7039799094200134,
          "y": 0.2188509851694107,
          "z": 1.3870651721954346
        },
        "rotation_quaternion": {
          "w": 0.41019102931022644,
          "x": 0.522782564163208,
          "y": 0.661954939365387,
          "z": -0.34678158164024353
        },
        "matrix": [
          [
            -0.11688202619552612,
            0.9766107797622681,
            0.18047110736370087,
            0.44271260499954224
          ],
          [
            0.40762367844581604,
            0.2128792107105255,
            -0.8879896402359009,
            0.1619005799293518
          ],
          [
            -0.9056445956230164,
            -0.030225805938243866,
            -0.42297518253326416,
            1.3951513767242432
          ],
          [
            0.0,
            0.0,
            0.0,
            1.0
          ]
        ]
      },
      "bone_length_armature_space": 0.2675244604827748,
      "parent": "upperarm_l",
      "has_children": true,
      "is_end_bone": false
    },
    "metacarpal_thumb_l": {
      "name": "metacarpal_thumb_l",
      "local": {
        "location": {
          "x": 0.0,
          "y": 0.0,
          "z": 0.0
        },
        "rotation_quaternion": {
          "w": 0.9996941089630127,
          "x": -0.01464037038385868,
          "y": 0.0057800994254648685,
          "z": 0.019077401608228683
        },
        "scale": {
          "x": 1.0,
          "y": 1.0,
          "z": 1.0
        },
        "matrix_basis": [
          [
            0.9992052912712097,
            -0.03831237927079201,
            0.01099806185811758,
            0.0
          ],
          [
            0.03797388821840286,
            0.9988434314727783,
            0.029492322355508804,
            0.0
          ],
          [
            -0.012115263380110264,
            -0.029051246121525764,
            0.9995045065879822,
            0.0
          ],
          [
            0.0,
            0.0,
            0.0,
            1.0
          ]
        ],
        "rotation_mode": "QUATERNION"
      },
      "armature_space": {
        "head": {
          "x": 0.7039799094200134,
          "y": 0.15560698509216309,
          "z": 0.43721121549606323
        },
        "tail": {
          "x": 0.7459002733230591,
          "y": 0.13951867818832397,
          "z": 0.41629618406295776
        }
      },
      "world_space": {
        "head": {
          "x": 0.7039799094200134,
          "y": 0.2188509851694107,
          "z": 1.3870651721954346
        },
        "tail": {
          "x": 0.7459002733230591,
          "y": 0.2027626782655716,
          "z": 1.366150140762329
        },
        "rotation_quaternion": {
          "w": 0.25479647517204285,
          "x": -0.8138467073440552,
          "y": -0.5221884846687317,
          "z": 0.007185510825365782
        },
        "matrix": [
          [
            0.45453405380249023,
            0.8463006615638733,
            -0.27780115604400635,
            0.7039799094200134
          ],
          [
            0.853625476360321,
            -0.3247954249382019,
            0.4072243869304657,
            0.2188509851694107
          ],
          [
            0.2544083893299103,
            -0.4222387373447418,
            -0.8700600266456604,
            1.3870651721954346
          ],
          [
            0.0,
            0.0,
            0.0,
            1.0
          ]
        ]
      },
      "bone_length_armature_space": 0.04953371605399395,
      "parent": "lowerarm_l",
      "has_children": true,
      "is_end_bone": false
    },
    "thumb_01_l": {
      "name": "thumb_01_l",
      "local": {
        "location": {
          "x": 0.0,
          "y": 0.0,
          "z": 0.0
        },
        "rotation_quaternion": {
          "w": 0.9871792793273926,
          "x": 0.15758611261844635,
          "y": -0.01495264656841755,
          "z": -0.02050059475004673
        },
        "scale": {
          "x": 1.0,
          "y": 1.0,
          "z": 1.0
        },
        "matrix_basis": [
          [
            0.9987123012542725,
            0.03576286509633064,
            -0.03598310425877571,
            0.0
          ],
          [
            -0.04518818482756615,
            0.9494926929473877,
            -0.31051841378211975,
            0.0
          ],
          [
            0.023060668259859085,
            0.3117445707321167,
            0.9498860836029053,
            0.0
          ],
          [
            0.0,
            0.0,
            0.0,
            1.0
          ]
        ],
        "rotation_mode": "QUATERNION"
      },
      "armature_space": {
        "head": {
          "x": 0.7459002733230591,
          "y": 0.13951867818832397,
          "z": 0.41629618406295776
        },
        "tail": {
          "x": 0.7617936730384827,
          "y": 0.1474590301513672,
          "z": 0.3872619569301605
        }
      },
      "world_space": {
        "head": {
          "x": 0.7459002733230591,
          "y": 0.2027626782655716,
          "z": 1.366150140762329
        },
        "tail": {
          "x": 0.7617936730384827,
          "y": 0.2107030302286148,
          "z": 1.337116003036499
        },
        "rotation_quaternion": {
          "w": 0.7851485013961792,
          "x": -0.5379543304443359,
          "y": 0.01341845653951168,
          "z": -0.30654028058052063
        },
        "matrix": [
          [
            0.8117047548294067,
            0.4669225811958313,
            0.35088226199150085,
            0.7459002733230591
          ],
          [
            -0.4957982897758484,
            0.23327529430389404,
            0.8365207314491272,
            0.2027626782655716
          ],
          [
            0.30873996019363403,
            -0.852980375289917,
            0.420853853225708,
            1.366150140762329
          ],
          [
            0.0,
            0.0,
            0.0,
            1.0
          ]
        ]
      },
      "bone_length_armature_space": 0.03403873789833537,
      "parent": "metacarpal_thumb_l",
      "has_children": true,
      "is_end_bone": false
    },
    "thumb_02_l": {
      "name": "thumb_02_l",
      "local": {
        "location": {
          "x": 0.0,
          "y": 0.0,
          "z": 0.0
        },
        "rotation_quaternion": {
          "w": 0.9418365955352783,
          "x": 0.3360709547996521,
          "y": -0.0002575745165813714,
          "z": 0.00019607366994023323
        },
        "scale": {
          "x": 1.0,
          "y": 1.0,
          "z": 1.0
        },
        "matrix_basis": [
          [
            0.9999997615814209,
            -0.0005424653645604849,
            -0.00035339687019586563,
            0.0
          ],
          [
            0.00019621208775788546,
            0.7741125226020813,
            -0.6330479383468628,
            0.0
          ],
          [
            0.0006169755361042917,
            0.6330477595329285,
            0.7741125226020813,
            0.0
          ],
          [
            0.0,
            0.0,
            0.0,
            1.0
          ]
        ],
        "rotation_mode": "QUATERNION"
      },
      "armature_space": {
        "head": {
          "x": 0.7617936134338379,
          "y": 0.1474590003490448,
          "z": 0.38726192712783813
        },
        "tail": {
          "x": 0.7904508709907532,
          "y": 0.15730904042720795,
          "z": 0.4136233925819397
        }
      },
      "world_space": {
        "head": {
          "x": 0.7617936134338379,
          "y": 0.21070300042629242,
          "z": 1.337116003036499
        },
        "tail": {
          "x": 0.7904508709907532,
          "y": 0.22055304050445557,
          "z": 1.3634774684906006
        },
        "rotation_quaternion": {
          "w": 0.7589544057846069,
          "x": 0.27632153034210205,
          "y": -0.21589365601539612,
          "z": -0.5486570000648499
        },
        "matrix": [
          [
            0.30472826957702637,
            0.7134993076324463,
            -0.6309191584587097,
            0.7617936134338379
          ],
          [
            -0.9521244168281555,
            0.24524293839931488,
            -0.18252483010292053,
            0.21070300042629242
          ],
          [
            0.024496370926499367,
            0.6563389301300049,
            0.7540776133537292,
            1.337116003036499
          ],
          [
            0.0,
            0.0,
            0.0,
            1.0
          ]
        ]
      },
      "bone_length_armature_space": 0.04016451863029015,
      "parent": "thumb_01_l",
      "has_children": true,
      "is_end_bone": false
    },
    "thumb_03_l": {
      "name": "thumb_03_l",
      "local": {
        "location": {
          "x": 0.0,
          "y": 0.0,
          "z": 0.0
        },
        "rotation_quaternion": {
          "w": 0.9787591099739075,
          "x": 0.2048836648464203,
          "y": -0.006429305300116539,
          "z": -0.003480366198346019
        },
        "scale": {
          "x": 1.0,
          "y": 1.0,
          "z": 1.0
        },
        "matrix_basis": [
          [
            0.9998931288719177,
            0.004178361035883427,
            -0.014011622406542301,
            0.0
          ],
          [
            -0.009447399526834488,
            0.9160211682319641,
            -0.40101876854896545,
            0.0
          ],
          [
            0.011159341782331467,
            0.4011082649230957,
            0.9159626960754395,
            0.0
          ],
          [
            0.0,
            0.0,
            0.0,
            1.0
          ]
        ],
        "rotation_mode": "QUATERNION"
      },
      "armature_space": {
        "head": {
          "x": 0.790450930595398,
          "y": 0.15730899572372437,
          "z": 0.41362330317497253
        },
        "tail": {
          "x": 0.7961013317108154,
          "y": 0.15953311324119568,
          "z": 0.4434566795825958
        }
      },
      "world_space": {
        "head": {
          "x": 0.790450930595398,
          "y": 0.22055299580097198,
          "z": 1.363477349281311
        },
        "tail": {
          "x": 0.7961013317108154,
          "y": 0.2227771133184433,
          "z": 1.3933106660842896
        },
        "rotation_quaternion": {
          "w": 0.6921163201332092,
          "x": 0.5905622243881226,
          "y": -0.2397955358028412,
          "z": -0.338687539100647
        },
        "matrix": [
          [
            0.6555767059326172,
            0.18559403717517853,
            -0.7319656610488892,
            0.790450930595398
          ],
          [
            -0.7520518898963928,
            0.07305404543876648,
            -0.6550431847572327,
            0.22055299580097198
          ],
          [
            -0.06810019910335541,
            0.9799140095710754,
            0.1874694526195526,
            1.363477349281311
          ],
          [
            0.0,
            0.0,
            0.0,
            1.0
          ]
        ]
      },
      "bone_length_armature_space": 0.03044509948935518,
      "parent": "thumb_02_l",
      "has_children": false,
      "is_end_bone": true
    },
    "metacarpal_index_l": {
      "name": "metacarpal_index_l",
      "local": {
        "location": {
          "x": 0.0,
          "y": 0.0,
          "z": 0.0
        },
        "rotation_quaternion": {
          "w": 0.9992188811302185,
          "x": -0.03543700650334358,
          "y": 0.016403375193476677,
          "z": -0.006077966652810574
        },
        "scale": {
          "x": 1.0,
          "y": 1.0,
          "z": 1.0
        },
        "matrix_basis": [
          [
            0.9993879795074463,
            0.010983864776790142,
            0.03321189433336258,
            0.0
          ],
          [
            -0.013309011235833168,
            0.9974145293235779,
            0.07061925530433655,
            0.0
          ],
          [
            -0.03235035389661789,
            -0.0710180476307869,
            0.9969502687454224,
            0.0
          ],
          [
            0.0,
            0.0,
            0.0,
            1.0
          ]
        ],
        "rotation_mode": "QUATERNION"
      },
      "armature_space": {
        "head": {
          "x": 0.7039799094200134,
          "y": 0.15560698509216309,
          "z": 0.43721121549606323
        },
        "tail": {
          "x": 0.8200112581253052,
          "y": 0.15292277932167053,
          "z": 0.42112594842910767
        }
      },
      "world_space": {
        "head": {
          "x": 0.7039799094200134,
          "y": 0.2188509851694107,
          "z": 1.3870651721954346
        },
        "tail": {
          "x": 0.8200112581253052,
          "y": 0.21616677939891815,
          "z": 1.3709800243377686
        },
        "rotation_quaternion": {
          "w": 0.011434352025389671,
          "x": 0.7066845893859863,
          "y": 0.6988669633865356,
          "z": -0.1097777783870697
        },
        "matrix": [
          [
            -0.0009328299202024937,
            0.9902674555778503,
            -0.13917356729507446,
            0.7039799094200134
          ],
          [
            0.9852463603019714,
            -0.02290831319987774,
            -0.16960252821445465,
            0.2188509851694107
          ],
          [
            -0.17114035785198212,
            -0.1372794806957245,
            -0.9756429195404053,
            1.3870651721954346
          ],
          [
            0.0,
            0.0,
            0.0,
            1.0
          ]
        ]
      },
      "bone_length_armature_space": 0.11717173047587186,
      "parent": "lowerarm_l",
      "has_children": true,
      "is_end_bone": false
    },
    "index_01_l": {
      "name": "index_01_l",
      "local": {
        "location": {
          "x": 0.0,
          "y": 0.0,
          "z": 0.0
        },
        "rotation_quaternion": {
          "w": 0.97810959815979,
          "x": 0.20747637748718262,
          "y": -0.015623696148395538,
          "z": -0.0033578122965991497
        },
        "scale": {
          "x": 1.0,
          "y": 1.0,
          "z": 1.0
        },
        "matrix_basis": [
          [
            0.9994892477989197,
            8.552111103199422e-05,
            -0.03195670619606972,
            0.0
          ],
          [
            -0.013051712885499,
            0.9138845801353455,
            -0.4057643413543701,
            0.0
          ],
          [
            0.029170040041208267,
            0.40597420930862427,
            0.9134188890457153,
            0.0
          ],
          [
            0.0,
            0.0,
            0.0,
            1.0
          ]
        ],
        "rotation_mode": "QUATERNION"
      },
      "armature_space": {
        "head": {
          "x": 0.8200112581253052,
          "y": 0.15292277932167053,
          "z": 0.42112594842910767
        },
        "tail": {
          "x": 0.8442615270614624,
          "y": 0.16045454144477844,
          "z": 0.40815412998199463
        }
      },
      "world_space": {
        "head": {
          "x": 0.8200112581253052,
          "y": 0.21616677939891815,
          "z": 1.3709800243377686
        },
        "tail": {
          "x": 0.8442615270614624,
          "y": 0.22369854152202606,
          "z": 1.3580081462860107
        },
        "rotation_quaternion": {
          "w": 0.08089476078748703,
          "x": -0.5611953139305115,
          "y": -0.7909020781517029,
          "z": 0.23019510507583618
        },
        "matrix": [
          [
            -0.3570306599140167,
            0.8504578471183777,
            -0.38632938265800476,
            0.8200112581253052
          ],
          [
            0.9249449372291565,
            0.2641393542289734,
            -0.2733266353607178,
            0.21616677939891815
          ],
          [
            -0.13040801882743835,
            -0.45492231845855713,
            -0.8809387683868408,
            1.3709800243377686
          ],
          [
            0.0,
            0.0,
            0.0,
            1.0
          ]
        ]
      },
      "bone_length_armature_space": 0.02851440097601908,
      "parent": "metacarpal_index_l",
      "has_children": true,
      "is_end_bone": false
    },
    "index_02_l": {
      "name": "index_02_l",
      "local": {
        "location": {
          "x": 0.0,
          "y": 0.0,
          "z": 0.0
        },
        "rotation_quaternion": {
          "w": 0.9165890216827393,
          "x": 0.39972054958343506,
          "y": 0.0036562252789735794,
          "z": 0.008648029528558254
        },
        "scale": {
          "x": 1.0,
          "y": 1.0,
          "z": 1.0
        },
        "matrix_basis": [
          [
            0.9998236894607544,
            -0.012930440716445446,
            0.013616101816296577,
            0.0
          ],
          [
            0.018776314333081245,
            0.6802973747253418,
            -0.7326956987380981,
            0.0
          ],
          [
            0.00021107832435518503,
            0.7328221797943115,
            0.6804202198982239,
            0.0
          ],
          [
            0.0,
            0.0,
            0.0,
            1.0
          ]
        ],
        "rotation_mode": "QUATERNION"
      },
      "armature_space": {
        "head": {
          "x": 0.8442618250846863,
          "y": 0.16045433282852173,
          "z": 0.4081537127494812
        },
        "tail": {
          "x": 0.853038489818573,
          "y": 0.15935777127742767,
          "z": 0.38407331705093384
        }
      },
      "world_space": {
        "head": {
          "x": 0.8442618250846863,
          "y": 0.22369833290576935,
          "z": 1.3580076694488525
        },
        "tail": {
          "x": 0.853038489818573,
          "y": 0.2226017713546753,
          "z": 1.3339273929595947
        },
        "rotation_quaternion": {
          "w": 0.2622741758823395,
          "x": -0.48599034547805786,
          "y": -0.640187680721283,
          "z": 0.5340275764465332
        },
        "matrix": [
          [
            -0.39004915952682495,
            0.34212660789489746,
            -0.8548747897148132,
            0.8442618250846863
          ],
          [
            0.9023742079734802,
            -0.04274570941925049,
            -0.42882832884788513,
            0.22369833290576935
          ],
          [
            -0.18325625360012054,
            -0.9386876225471497,
            -0.2920556962490082,
            1.3580076694488525
          ],
          [
            0.0,
            0.0,
            0.0,
            1.0
          ]
        ]
      },
      "bone_length_armature_space": 0.02565341624280135,
      "parent": "index_01_l",
      "has_children": true,
      "is_end_bone": false
    },
    "index_03_l": {
      "name": "index_03_l",
      "local": {
        "location": {
          "x": 0.0,
          "y": 0.0,
          "z": 0.0
        },
        "rotation_quaternion": {
          "w": 0.971409797668457,
          "x": 0.23734036087989807,
          "y": -0.004583049565553665,
          "z": -0.0033991211093962193
        },
        "scale": {
          "x": 1.0,
          "y": 1.0,
          "z": 1.0
        },
        "matrix_basis": [
          [
            0.9999349117279053,
            0.0044283936731517315,
            -0.010517535731196404,
            0.0
          ],
          [
            -0.008779364638030529,
            0.8873159885406494,
            -0.46107834577560425,
            0.0
          ],
          [
            0.00729054119437933,
            0.4611406624317169,
            0.8872970938682556,
            0.0
          ],
          [
            0.0,
            0.0,
            0.0,
            1.0
          ]
        ],
        "rotation_mode": "QUATERNION"
      },
      "armature_space": {
        "head": {
          "x": 0.8530386090278625,
          "y": 0.15935780107975006,
          "z": 0.3840733468532562
        },
        "tail": {
          "x": 0.84669429063797,
          "y": 0.15465368330478668,
          "z": 0.35594215989112854
        }
      },
      "world_space": {
        "head": {
          "x": 0.8530386090278625,
          "y": 0.22260180115699768,
          "z": 1.3339273929595947
        },
        "tail": {
          "x": 0.84669429063797,
          "y": 0.2178976833820343,
          "z": 1.3057961463928223
        },
        "rotation_quaternion": {
          "w": 0.4295881986618042,
          "x": -0.3675170838832855,
          "y": -0.48472195863723755,
          "z": 0.667405366897583
        },
        "matrix": [
          [
            -0.3607693314552307,
            -0.21713198721408844,
            -0.907027542591095,
            0.8530386090278625
          ],
          [
            0.9297065734863281,
            -0.16099686920642853,
            -0.33124884963035583,
            0.22260180115699768
          ],
          [
            -0.07410356402397156,
            -0.9627807140350342,
            0.2599533200263977,
            1.3339273929595947
          ],
          [
            0.0,
            0.0,
            0.0,
            1.0
          ]
        ]
      },
      "bone_length_armature_space": 0.029218876623388745,
      "parent": "index_02_l",
      "has_children": false,
      "is_end_bone": true
    },
    "metacarpal_pinky_l": {
      "name": "metacarpal_pinky_l",
      "local": {
        "location": {
          "x": 0.0,
          "y": 0.0,
          "z": 0.0
        },
        "rotation_quaternion": {
          "w": 0.9974080324172974,
          "x": -0.06917031854391098,
          "y": 0.007457424886524677,
          "z": -0.018361594527959824
        },
        "scale": {
          "x": 1.0,
          "y": 1.0,
          "z": 1.0
        },
        "matrix_basis": [
          [
            0.9992144703865051,
            0.0355963371694088,
            0.017416344955563545,
            0.0
          ],
          [
            -0.0376596674323082,
            0.9897566437721252,
            0.13770820200443268,
            0.0
          ],
          [
            -0.012336036190390587,
            -0.13825592398643494,
            0.9903197288513184,
            0.0
          ],
          [
            0.0,
            0.0,
            0.0,
            1.0
          ]
        ],
        "rotation_mode": "QUATERNION"
      },
      "armature_space": {
        "head": {
          "x": 0.7039799094200134,
          "y": 0.15560698509216309,
          "z": 0.43721121549606323
        },
        "tail": {
          "x": 0.7922212481498718,
          "y": 0.21077850461006165,
          "z": 0.43363678455352783
        }
      },
      "world_space": {
        "head": {
          "x": 0.7039799094200134,
          "y": 0.2188509851694107,
          "z": 1.3870651721954346
        },
        "tail": {
          "x": 0.7922212481498718,
          "y": 0.27402251958847046,
          "z": 1.383490800857544
        },
        "rotation_quaternion": {
          "w": 0.8168644309043884,
          "x": 0.15476419031620026,
          "y": 0.3124866783618927,
          "z": -0.4594917893409729
        },
        "matrix": [
          [
            0.3824383318424225,
            0.847409188747406,
            0.3682911694049835,
            0.7039799094200134
          ],
          [
            -0.6539621949195862,
            0.5298292636871338,
            -0.5400136113166809,
            0.2188509851694107
          ],
          [
            -0.6527489423751831,
            -0.034326404333114624,
            0.7568052411079407,
            1.3870651721954346
          ],
          [
            0.0,
            0.0,
            0.0,
            1.0
          ]
        ]
      },
      "bone_length_armature_space": 0.10413072011159323,
      "parent": "lowerarm_l",
      "has_children": true,
      "is_end_bone": false
    },
    "pinky_01_l": {
      "name": "pinky_01_l",
      "local": {
        "location": {
          "x": 0.0,
          "y": 0.0,
          "z": 0.0
        },
        "rotation_quaternion": {
          "w": 0.9438043236732483,
          "x": 0.33023500442504883,
          "y": -0.008296518586575985,
          "z": 0.010468186810612679
        },
        "scale": {
          "x": 1.0,
          "y": 1.0,
          "z": 1.0
        },
        "matrix_basis": [
          [
            0.9996431469917297,
            -0.02523944154381752,
            -0.008746656589210033,
            0.0
          ],
          [
            0.014280238188803196,
            0.7816705107688904,
            -0.6235281229019165,
            0.0
          ],
          [
            0.02257450297474861,
            0.6231807470321655,
            0.7817519903182983,
            0.0
          ],
          [
            0.0,
            0.0,
            0.0,
            1.0
          ]
        ],
        "rotation_mode": "QUATERNION"
      },
      "armature_space": {
        "head": {
          "x": 0.7922212481498718,
          "y": 0.21077850461006165,
          "z": 0.43363678455352783
        },
        "tail": {
          "x": 0.8048431873321533,
