{
  "metadata": {
    "armature_name": "KIM_caucasian_male",
    "export_time": "2026-01-13T21:12:55.582828",
    "blender_version": "4.4.1",
    "bone_count": 56,
    "end_bone_count": 13,
    "spaces_included": [
      "LOCAL_CHANNELS",
      "ARMATURE_SPACE",
      "WORLD_SPACE"
    ],
    "note": "LOCAL matches Transform panel; replay pose via local.matrix_basis for best fidelity."
  },
  "bones": {
    "Root": {
      "name": "Root",
      "local": {
        "location": {
          "x": 0.0,
          "y": 0.0,
          "z": 0.0
        },
        "rotation_quaternion": {
          "w": 0.9994538426399231,
          "x": -0.005876691080629826,
          "y": -0.012414522469043732,
          "z": -0.03005838394165039
        },
        "scale": {
          "x": 1.0,
          "y": 1.0,
          "z": 1.0
        },
        "matrix_basis": [
          [
            0.9978847503662109,
            0.06022984907031059,
            -0.024462196975946426,
            0.0
          ],
          [
            -0.05993802100419998,
            0.9981239438056946,
            0.012493283487856388,
            0.0
          ],
          [
            0.025168772786855698,
            -0.011000641621649265,
            0.9996227025985718,
            0.0
          ],
          [
            0.0,
            0.0,
            0.0,
            1.0
          ]
        ],
        "rotation_mode": "QUATERNION"
      },
      "armature_space": {
        "head": {
          "x": 0.0,
          "y": 0.07072800397872925,
          "z": -0.009595036506652832
        },
        "tail": {
          "x": 0.004298957996070385,
          "y": 0.00023823976516723633,
          "z": 0.0007600579410791397
        }
      },
      "world_space": {
        "head": {
          "x": 0.0,
          "y": 0.13397200405597687,
          "z": 0.9402589797973633
        },
        "tail": {
          "x": 0.004298957996070385,
          "y": 0.06348223984241486,
          "z": 0.9506140947341919
        },
        "rotation_quaternion": {
          "w": 0.07319421321153641,
          "x": 0.996787428855896,
          "y": 0.029153762385249138,
          "z": -0.014411293901503086
        },
        "matrix": [
          [
            0.9978847503662109,
            0.06022984907031059,
            -0.024462196975946426,
            0.0
          ],
          [
            0.05601054057478905,
            -0.9875853657722473,
            -0.14675885438919067,
            0.13397200405597687
          ],
          [
            -0.03299794718623161,
            0.1450783610343933,
            -0.9888768196105957,
            0.9402589797973633
          ],
          [
            0.0,
            0.0,
            0.0,
            1.0
          ]
        ]
      },
      "bone_length_armature_space": 0.07137587584522008,
      "parent": null,
      "has_children": true,
      "is_end_bone": false
    },
    "spine_01": {
      "name": "spine_01",
      "local": {
        "location": {
          "x": 0.0,
          "y": 0.0,
          "z": 0.0
        },
        "rotation_quaternion": {
          "w": 0.9929236173629761,
          "x": 0.11110594123601913,
          "y": 0.000692121044266969,
          "z": 0.04192574694752693
        },
        "scale": {
          "x": 1.0,
          "y": 1.0,
          "z": 1.0
        },
        "matrix_basis": [
          [
            0.9964835047721863,
            -0.08310433477163315,
            0.010690845549106598,
            0.0
          ],
          [
            0.08341192454099655,
            0.971795380115509,
            -0.22058139741420746,
            0.0
          ],
          [
            0.007941952906548977,
            0.22069746255874634,
            0.9753099679946899,
            0.0
          ],
          [
            0.0,
            0.0,
            0.0,
            1.0
          ]
        ],
        "rotation_mode": "QUATERNION"
      },
      "armature_space": {
        "head": {
          "x": 0.004298957996070385,
          "y": 0.00023823976516723633,
          "z": 0.0007600579410791397
        },
        "tail": {
          "x": -0.015871800482273102,
          "y": -0.08124643564224243,
          "z": 0.48149046301841736
        }
      },
      "world_space": {
        "head": {
          "x": 0.004298957996070385,
          "y": 0.06348223984241486,
          "z": 0.9506140947341919
        },
        "tail": {
          "x": -0.015871800482273102,
          "y": -0.018002435564994812,
          "z": 1.4313445091247559
        },
        "rotation_quaternion": {
          "w": 0.6453660726547241,
          "x": 0.7629924416542053,
          "y": 0.0037721137050539255,
          "z": 0.03648286312818527
        },
        "matrix": [
          [
            0.9973095655441284,
            -0.04133341461420059,
            0.060540784150362015,
            0.004298957996070385
          ],
          [
            0.05284551903605461,
            -0.16697637736797333,
            -0.9845437407493591,
            0.06348223984241486
          ],
          [
            0.050803832709789276,
            0.9851008057594299,
            -0.1643448770046234,
            0.9506140947341919
          ],
          [
            0.0,
            0.0,
            0.0,
            1.0
          ]
        ]
      },
      "bone_length_armature_space": 0.4880044554030923,
      "parent": "Root",
      "has_children": true,
      "is_end_bone": false
    },
    "neck_01": {
      "name": "neck_01",
      "local": {
        "location": {
          "x": 0.0,
          "y": 0.0,
          "z": 0.0
        },
        "rotation_quaternion": {
          "w": 0.9895761013031006,
          "x": 0.06600052118301392,
          "y": 0.07661177217960358,
          "z": 0.10253717750310898
        },
        "scale": {
          "x": 1.0,
          "y": 1.0,
          "z": 1.0
        },
        "matrix_basis": [
          [
            0.9672335386276245,
            -0.1928238421678543,
            0.1651613712310791,
            0.0
          ],
          [
            0.21304951608181,
            0.9702601432800293,
            -0.11491397023200989,
            0.0
          ],
          [
            -0.1380913406610489,
            0.14633618295192719,
            0.9795491099357605,
            0.0
          ],
          [
            0.0,
            0.0,
            0.0,
            1.0
          ]
        ],
        "rotation_mode": "QUATERNION"
      },
      "armature_space": {
        "head": {
          "x": -0.016798585653305054,
          "y": -0.12761659920215607,
          "z": 0.5479184985160828
        },
        "tail": {
          "x": -0.03698219731450081,
          "y": -0.19391489028930664,
          "z": 0.623468816280365
        }
      },
      "world_space": {
        "head": {
          "x": -0.016798585653305054,
          "y": -0.06437259912490845,
          "z": 1.497772455215454
        },
        "tail": {
          "x": -0.03698219731450081,
          "y": -0.13067089021205902,
          "z": 1.5733227729797363
        },
        "rotation_quaternion": {
          "w": 0.4184141159057617,
          "x": 0.8949029445648193,
          "y": -0.03988245502114296,
          "z": 0.14995954930782318
        },
        "matrix": [
          [
            0.9518432021141052,
            -0.1968722939491272,
            0.23502296209335327,
            -0.016798585653305054
          ],
          [
            0.054107971489429474,
            -0.6466779708862305,
            -0.7608417868614197,
            -0.06437259912490845
          ],
          [
            0.30177491903305054,
            0.736923098564148,
            -0.6048885583877563,
            1.497772455215454
          ],
          [
            0.0,
            0.0,
            0.0,
            1.0
          ]
        ]
      },
      "bone_length_armature_space": 0.10252166782157872,
      "parent": "spine_01",
      "has_children": true,
      "is_end_bone": false
    },
    "head": {
      "name": "head",
      "local": {
        "location": {
          "x": 0.0,
          "y": 0.0,
          "z": 0.0
        },
        "rotation_quaternion": {
          "w": 0.9761793613433838,
          "x": -0.0028054919093847275,
          "y": -0.1073635146021843,
          "z": -0.18851855397224426
        },
        "scale": {
          "x": 1.0,
          "y": 1.0,
          "z": 1.0
        },
        "matrix_basis": [
          [
            0.9058676362037659,
            0.36865824460983276,
            -0.20855431258678436,
            0.0
          ],
          [
            -0.3674534261226654,
            0.9289057850837708,
            0.045957356691360474,
            0.0
          ],
          [
            0.2106698751449585,
            0.035002700984478,
            0.9769304394721985,
            0.0
          ],
          [
            0.0,
            0.0,
            0.0,
            1.0
          ]
        ],
        "rotation_mode": "QUATERNION"
      },
      "armature_space": {
        "head": {
          "x": -0.03698214516043663,
          "y": -0.19391494989395142,
          "z": 0.6234686374664307
        },
        "tail": {
          "x": -0.02052745781838894,
          "y": -0.2433600127696991,
          "z": 0.769542932510376
        }
      },
      "world_space": {
        "head": {
          "x": -0.03698214516043663,
          "y": -0.1306709498167038,
          "z": 1.5733226537704468
        },
        "tail": {
          "x": -0.02052745781838894,
          "y": -0.18011601269245148,
          "z": 1.719396948814392
        },
        "rotation_quaternion": {
          "w": 0.5831543803215027,
          "x": 0.8098788261413574,
          "y": 0.02288016490638256,
          "z": -0.05919291079044342
        },
        "matrix": [
          [
            0.9919454455375671,
            0.1060975193977356,
            -0.06919212639331818,
            -0.03698214516043663
          ],
          [
            -0.03197625279426575,
            -0.31881481409072876,
            -0.9472777247428894,
            -0.1306709498167038
          ],
          [
            -0.12256430089473724,
            0.9418664574623108,
            -0.31285732984542847,
            1.5733226537704468
          ],
          [
            0.0,
            0.0,
            0.0,
            1.0
          ]
        ]
      },
      "bone_length_armature_space": 0.15509116701008668,
      "parent": "neck_01",
      "has_children": false,
      "is_end_bone": true
    },
    "upperarm_l": {
      "name": "upperarm_l",
      "local": {
        "location": {
          "x": 0.0,
          "y": 0.0,
          "z": 0.0
        },
        "rotation_quaternion": {
          "w": 0.9069780111312866,
          "x": -0.2406071573495865,
          "y": -0.08823879063129425,
          "z": 0.33423495292663574
        },
        "scale": {
          "x": 1.0,
          "y": 1.0,
          "z": 1.0
        },
        "matrix_basis": [
          [
            0.7610018253326416,
            -0.5638257265090942,
            -0.32089993357658386,
            0.0
          ],
          [
            0.6487492918968201,
            0.6607903838157654,
            0.3774658143520355,
            0.0
          ],
          [
            -0.0007773581310175359,
            -0.49543577432632446,
            0.8686442375183105,
            0.0
          ],
          [
            0.0,
            0.0,
            0.0,
            1.0
          ]
        ],
        "rotation_mode": "QUATERNION"
      },
      "armature_space": {
        "head": {
          "x": 0.135768860578537,
          "y": -0.11160749942064285,
          "z": 0.4888085424900055
        },
        "tail": {
          "x": 0.2960748076438904,
          "y": 0.006374888122081757,
          "z": 0.6682249903678894
        }
      },
      "world_space": {
        "head": {
          "x": 0.135768860578537,
          "y": -0.04836349934339523,
          "z": 1.4386625289916992
        },
        "tail": {
          "x": 0.2960748076438904,
          "y": 0.06961888819932938,
          "z": 1.6180789470672607
        },
        "rotation_quaternion": {
          "w": 0.7524866461753845,
          "x": 0.5127505660057068,
          "y": 0.3923065662384033,
          "z": -0.13017821311950684
        },
        "matrix": [
          [
            0.658299446105957,
            0.5982247591018677,
            0.45691239833831787,
            0.135768860578537
          ],
          [
            0.20639358460903168,
            0.44028300046920776,
            -0.87381511926651,
            -0.04836349934339523
          ],
          [
            -0.7239134311676025,
            0.6695407032966614,
            0.16636863350868225,
            1.4386625289916992
          ],
          [
            0.0,
            0.0,
            0.0,
            1.0
          ]
        ]
      },
      "bone_length_armature_space": 0.2679703406573093,
      "parent": "spine_01",
      "has_children": true,
      "is_end_bone": false
    },
    "lowerarm_l": {
      "name": "lowerarm_l",
      "local": {
        "location": {
          "x": 0.0,
          "y": 0.0,
          "z": 0.0
        },
        "rotation_quaternion": {
          "w": 0.9307764768600464,
          "x": 0.32260993123054504,
          "y": 0.06830885261297226,
          "z": -0.15783564746379852
        },
        "scale": {
          "x": 1.0,
          "y": 1.0,
          "z": 1.0
        },
        "matrix_basis": [
          [
            0.9408436417579651,
            0.33789363503456116,
            0.025321852415800095,
            0.0
          ],
          [
            -0.2497451901435852,
            0.7420215010643005,
            -0.6221185922622681,
            0.0
          ],
          [
            -0.22899924218654633,
            0.5789923071861267,
            0.782513439655304,
            0.0
          ],
          [
            0.0,
            0.0,
            0.0,
            1.0
          ]
        ],
        "rotation_mode": "QUATERNION"
      },
      "armature_space": {
        "head": {
          "x": 0.2960748076438904,
          "y": 0.006374858319759369,
          "z": 0.6682251691818237
        },
        "tail": {
          "x": 0.5267236232757568,
          "y": -0.06662653386592865,
          "z": 0.7824243307113647
        }
      },
      "world_space": {
        "head": {
          "x": 0.2960748076438904,
          "y": 0.06961885839700699,
          "z": 1.6180791854858398
        },
        "tail": {
          "x": 0.5267236232757568,
          "y": -0.0033825337886810303,
          "z": 1.7322783470153809
        },
        "rotation_quaternion": {
          "w": 0.4699617326259613,
          "x": 0.723807156085968,
          "y": 0.3777526319026947,
          "z": -0.335472971200943
        },
        "matrix": [
          [
            0.4895210266113281,
            0.8621595501899719,
            -0.13057571649551392,
            0.2960748076438904
          ],
          [
            0.2315230518579483,
            -0.27287742495536804,
            -0.9337747097015381,
            0.06961885839700699
          ],
          [
            -0.8406995534896851,
            0.4268738031387329,
            -0.33319205045700073,
            1.6180791854858398
          ],
          [
            0.0,
            0.0,
            0.0,
            1.0
          ]
        ]
      },
      "bone_length_armature_space": 0.2675248209562697,
      "parent": "upperarm_l",
      "has_children": true,
      "is_end_bone": false
    },
    "metacarpal_thumb_l": {
      "name": "metacarpal_thumb_l",
      "local": {
        "location": {
          "x": 0.0,
          "y": 0.0,
          "z": 0.0
        },
        "rotation_quaternion": {
          "w": 0.9997329711914062,
          "x": -0.021555805578827858,
          "y": -0.007098915055394173,
          "z": 0.004370644222944975
        },
        "scale": {
          "x": 1.0,
          "y": 1.0,
          "z": 1.0
        },
        "matrix_basis": [
          [
            0.9998610019683838,
            -0.008432908914983273,
            -0.014382464811205864,
            0.0
          ],
          [
            0.009045000188052654,
            0.9990324974060059,
            0.04303804412484169,
            0.0
          ],
          [
            0.014005613513290882,
            -0.04316215217113495,
            0.9989699125289917,
            0.0
          ],
          [
            0.0,
            0.0,
            0.0,
            1.0
          ]
        ],
        "rotation_mode": "QUATERNION"
      },
      "armature_space": {
        "head": {
          "x": 0.5267236232757568,
          "y": -0.06662653386592865,
          "z": 0.7824243307113647
        },
        "tail": {
          "x": 0.5600013732910156,
          "y": -0.10330130904912949,
          "z": 0.7834907174110413
        }
      },
      "world_space": {
        "head": {
          "x": 0.5267236232757568,
          "y": -0.0033825337886810303,
          "z": 1.7322783470153809
        },
        "tail": {
          "x": 0.5600013732910156,
          "y": -0.040057308971881866,
          "z": 1.7333447933197021
        },
        "rotation_quaternion": {
          "w": 0.07318101078271866,
          "x": -0.9068605303764343,
          "y": -0.3527659475803375,
          "z": -0.21864280104637146
        },
        "matrix": [
          [
            0.6555028557777405,
            0.6718204617500305,
            0.3449247181415558,
            0.5267236232757568
          ],
          [
            0.6078184843063354,
            -0.7404009699821472,
            0.2869899272918701,
            -0.0033825337886810303
          ],
          [
            0.4481920003890991,
            0.021528474986553192,
            -0.8936858773231506,
            1.7322783470153809
          ],
          [
            0.0,
            0.0,
            0.0,
            1.0
          ]
        ]
      },
      "bone_length_armature_space": 0.04953367499161828,
      "parent": "lowerarm_l",
      "has_children": true,
      "is_end_bone": false
    },
    "thumb_01_l": {
      "name": "thumb_01_l",
      "local": {
        "location": {
          "x": 0.0,
          "y": 0.0,
          "z": 0.0
        },
        "rotation_quaternion": {
          "w": 0.9991176128387451,
          "x": -0.040976181626319885,
          "y": 0.00621759332716465,
          "z": -0.0068106744438409805
        },
        "scale": {
          "x": 1.0,
          "y": 1.0,
          "z": 1.0
        },
        "matrix_basis": [
          [
            0.999829888343811,
            0.013099783100187778,
            0.012982364743947983,
            0.0
          ],
          [
            -0.014118876308202744,
            0.996549129486084,
            0.0817953571677208,
            0.0
          ],
          [
            -0.011866062879562378,
            -0.08196473866701126,
            0.9965645670890808,
            0.0
          ],
          [
            0.0,
            0.0,
            0.0,
            1.0
          ]
        ],
        "rotation_mode": "QUATERNION"
      },
      "armature_space": {
        "head": {
          "x": 0.5600013732910156,
          "y": -0.10330130904912949,
          "z": 0.7834907174110413
        },
        "tail": {
          "x": 0.5790907740592957,
          "y": -0.11707330495119095,
          "z": 0.758902907371521
        }
      },
      "world_space": {
        "head": {
          "x": 0.5600013732910156,
          "y": -0.040057308971881866,
          "z": 1.7333447933197021
        },
        "tail": {
          "x": 0.5790907740592957,
          "y": -0.05382930487394333,
          "z": 1.708756923675537
        },
        "rotation_quaternion": {
          "w": 0.5396009087562561,
          "x": -0.5785419940948486,
          "y": 0.08080533891916275,
          "z": -0.6062925457954407
        },
        "matrix": [
          [
            0.2517614960670471,
            0.56081622838974,
            0.7887340188026428,
            0.5600013732910156
          ],
          [
            -0.7478101849555969,
            -0.40459969639778137,
            0.5263829231262207,
            -0.040057308971881866
          ],
          [
            0.6143292188644409,
            -0.7223517894744873,
            0.31752413511276245,
            1.7333447933197021
          ],
          [
            0.0,
            0.0,
            0.0,
            1.0
          ]
        ]
      },
      "bone_length_armature_space": 0.03403870615567168,
      "parent": "metacarpal_thumb_l",
      "has_children": true,
      "is_end_bone": false
    },
    "thumb_02_l": {
      "name": "thumb_02_l",
      "local": {
        "location": {
          "x": 0.0,
          "y": 0.0,
          "z": 0.0
        },
        "rotation_quaternion": {
          "w": 0.9973375201225281,
          "x": 0.07275226712226868,
          "y": -0.00022019006428308785,
          "z": 0.005004665814340115
        },
        "scale": {
          "x": 1.0,
          "y": 1.0,
          "z": 1.0
        },
        "matrix_basis": [
          [
            0.9999498128890991,
            -0.010014720261096954,
            0.00028899393510073423,
            0.0
          ],
          [
            0.00995064340531826,
            0.9893641471862793,
            -0.1451193392276764,
            0.0
          ],
          [
            0.0011674092384055257,
            0.145114928483963,
            0.9894140958786011,
            0.0
          ],
          [
            0.0,
            0.0,
            0.0,
            1.0
          ]
        ],
        "rotation_mode": "QUATERNION"
      },
      "armature_space": {
        "head": {
          "x": 0.5790906548500061,
          "y": -0.11707329750061035,
          "z": 0.758902907371521
        },
        "tail": {
          "x": 0.6148399114608765,
          "y": -0.12860077619552612,
          "z": 0.7731257081031799
        }
      },
      "world_space": {
        "head": {
          "x": 0.5790906548500061,
          "y": -0.05382929742336273,
          "z": 1.708756923675537
        },
        "tail": {
          "x": 0.6148399114608765,
          "y": -0.0653567761182785,
          "z": 1.7229797840118408
        },
        "rotation_quaternion": {
          "w": 0.5468593239784241,
          "x": -0.027592144906520844,
          "y": -0.23966790735721588,
          "z": -0.8017124533653259
        },
        "matrix": [
          [
            -0.4003663957118988,
            0.8900736570358276,
            -0.2178889513015747,
            0.5790906548500061
          ],
          [
            -0.8636227250099182,
            -0.2870071828365326,
            0.4144667983055115,
            -0.05382929742336273
          ],
          [
            0.30637168884277344,
            0.3541145920753479,
            0.8836024403572083,
            1.708756923675537
          ],
          [
            0.0,
            0.0,
            0.0,
            1.0
          ]
        ]
      },
      "bone_length_armature_space": 0.04016441473841666,
      "parent": "thumb_01_l",
      "has_children": true,
      "is_end_bone": false
    },
    "thumb_03_l": {
      "name": "thumb_03_l",
      "local": {
        "location": {
          "x": 0.0,
          "y": 0.0,
          "z": 0.0
        },
        "rotation_quaternion": {
          "w": 0.9975709915161133,
          "x": 0.06964828819036484,
          "y": 0.001173348748125136,
          "z": -0.00012903632887173444
        },
        "scale": {
          "x": 1.0,
          "y": 1.0,
          "z": 1.0
        },
        "matrix_basis": [
          [
            0.9999971985816956,
            0.0004208892642054707,
            0.0023230230435729027,
            0.0
          ],
          [
            -9.400233102496713e-05,
            0.9902982115745544,
            -0.13895852863788605,
            0.0
          ],
          [
            -0.002358971629291773,
            0.1389579176902771,
            0.9902954697608948,
            0.0
          ],
          [
            0.0,
            0.0,
            0.0,
            1.0
          ]
        ],
        "rotation_mode": "QUATERNION"
      },
      "armature_space": {
        "head": {
          "x": 0.6148398518562317,
          "y": -0.1286008358001709,
          "z": 0.7731256484985352
        },
        "tail": {
          "x": 0.6382668614387512,
          "y": -0.12884482741355896,
          "z": 0.7925681471824646
        }
      },
      "world_space": {
        "head": {
          "x": 0.6148398518562317,
          "y": -0.06535683572292328,
          "z": 1.7229796648025513
        },
        "tail": {
          "x": 0.6382668614387512,
          "y": -0.06560082733631134,
          "z": 1.742422103881836
        },
        "rotation_quaternion": {
          "w": 0.6502422094345093,
          "x": 0.20876622200012207,
          "y": -0.27051323652267456,
          "z": -0.6785458922386169
        },
        "matrix": [
          [
            -0.06720089912414551,
            0.769490122795105,
            -0.6351134181022644,
            0.6148398518562317
          ],
          [
            -0.9953864812850952,
            -0.008014128543436527,
            0.09561106562614441,
            -0.06535683572292328
          ],
          [
            0.06848149746656418,
            0.6386128664016724,
            0.7664842009544373,
            1.7229796648025513
          ],
          [
            0.0,
            0.0,
            0.0,
            1.0
          ]
        ]
      },
      "bone_length_armature_space": 0.030444951661465783,
      "parent": "thumb_02_l",
      "has_children": false,
      "is_end_bone": true
    },
    "metacarpal_index_l": {
      "name": "metacarpal_index_l",
      "local": {
        "location": {
          "x": 0.0,
          "y": 0.0,
          "z": 0.0
        },
        "rotation_quaternion": {
          "w": 0.9998947381973267,
          "x": 0.0012543415650725365,
          "y": 0.006749110296368599,
          "z": -0.012783613055944443
        },
        "scale": {
          "x": 1.0,
          "y": 1.0,
          "z": 1.0
        },
        "matrix_basis": [
          [
            0.999582052230835,
            0.025581466034054756,
            0.01346472930163145,
            0.0
          ],
          [
            -0.025547603145241737,
            0.9996700286865234,
            -0.0026809750124812126,
            0.0
          ],
          [
            -0.013528869487345219,
            0.0023358629550784826,
            0.9999057650566101,
            0.0
          ],
          [
            0.0,
            0.0,
            0.0,
            1.0
          ]
        ],
        "rotation_mode": "QUATERNION"
      },
      "armature_space": {
        "head": {
          "x": 0.5267236232757568,
          "y": -0.06662653386592865,
          "z": 0.7824243307113647
        },
        "tail": {
          "x": 0.6227560639381409,
          "y": -0.12668681144714355,
          "z": 0.8124203681945801
        }
      },
      "world_space": {
        "head": {
          "x": 0.5267236232757568,
          "y": -0.0033825337886810303,
          "z": 1.7322783470153809
        },
        "tail": {
          "x": 0.6227560639381409,
          "y": -0.06344281136989594,
          "z": 1.7622743844985962
        },
        "rotation_quaternion": {
          "w": 0.14514867961406708,
          "x": 0.8696422576904297,
          "y": 0.4718475937843323,
          "z": 0.0037554637528955936
        },
        "matrix": [
          [
            0.5546913146972656,
            0.8195869326591492,
            0.1435087025165558,
            0.5267236232757568
          ],
          [
            0.8217676281929016,
            -0.5125833749771118,
            -0.24891071021556854,
            -0.0033825337886810303
          ],
          [
            -0.13044412434101105,
            0.25600072741508484,
            -0.9578423500061035,
            1.7322783470153809
          ],
          [
            0.0,
            0.0,
            0.0,
            1.0
          ]
        ]
      },
      "bone_length_armature_space": 0.1171717936202615,
      "parent": "lowerarm_l",
      "has_children": true,
      "is_end_bone": false
    },
    "index_01_l": {
      "name": "index_01_l",
      "local": {
        "location": {
          "x": 0.0,
          "y": 0.0,
          "z": 0.0
        },
        "rotation_quaternion": {
          "w": 0.9955080151557922,
          "x": -0.0928800031542778,
          "y": -0.0165040772408247,
          "z": -0.00804821215569973
        },
        "scale": {
          "x": 1.0,
          "y": 1.0,
          "z": 1.0
        },
        "matrix_basis": [
          [
            0.999325692653656,
            0.019089916720986366,
            -0.03136484697461128,
            0.0
          ],
          [
            -0.01295832172036171,
            0.9826170802116394,
            0.18519122898578644,
            0.0
          ],
          [
            0.03435491770505905,
            -0.1846599131822586,
            0.9822018146514893,
            0.0
          ],
          [
            0.0,
            0.0,
            0.0,
            1.0
          ]
        ],
        "rotation_mode": "QUATERNION"
      },
      "armature_space": {
        "head": {
          "x": 0.6227560639381409,
          "y": -0.12668681144714355,
          "z": 0.8124203681945801
        },
        "tail": {
          "x": 0.6476026177406311,
          "y": -0.12928615510463715,
          "z": 0.8261668086051941
        }
      },
      "world_space": {
        "head": {
          "x": 0.6227560639381409,
          "y": -0.06344281136989594,
          "z": 1.7622743844985962
        },
        "tail": {
          "x": 0.6476026177406311,
          "y": -0.06604215502738953,
          "z": 1.7760207653045654
        },
        "rotation_quaternion": {
          "w": 0.2717282176017761,
          "x": 0.7356152534484863,
          "y": 0.616914689540863,
          "z": 0.06671110540628433
        },
        "matrix": [
          [
            0.22993019223213196,
            0.8713687658309937,
            0.43341511487960815,
            0.6227560639381409
          ],
          [
            0.9438791275024414,
            -0.09115919470787048,
            -0.3174627125263214,
            -0.06344281136989594
          ],
          [
            -0.23711822926998138,
            0.48208892345428467,
            -0.8434330224990845,
            1.7622743844985962
          ],
          [
            0.0,
            0.0,
            0.0,
            1.0
          ]
        ]
      },
      "bone_length_armature_space": 0.02851442474648666,
      "parent": "metacarpal_index_l",
      "has_children": true,
      "is_end_bone": false
    },
    "index_02_l": {
      "name": "index_02_l",
      "local": {
        "location": {
          "x": 0.0,
          "y": 0.0,
          "z": 0.0
        },
        "rotation_quaternion": {
          "w": 0.999893307685852,
          "x": 0.010035752318799496,
          "y": -0.0069617824628949165,
          "z": -0.008014031685888767
        },
        "scale": {
          "x": 1.0,
          "y": 1.0,
          "z": 1.0
        },
        "matrix_basis": [
          [
            0.9997746348381042,
            0.015886619687080383,
            -0.014082932844758034,
            0.0
          ],
          [
            -0.016166087239980698,
            0.9996700882911682,
            -0.019957778975367546,
            0.0
          ],
          [
            0.013761226087808609,
            0.020180946215987206,
            0.9997016191482544,
            0.0
          ],
          [
            0.0,
            0.0,
            0.0,
            1.0
          ]
        ],
        "rotation_mode": "QUATERNION"
      },
      "armature_space": {
        "head": {
          "x": 0.6476029753684998,
          "y": -0.129286527633667,
          "z": 0.8261668086051941
        },
        "tail": {
          "x": 0.6700515151023865,
          "y": -0.13040874898433685,
          "z": 0.8385319113731384
        }
      },
      "world_space": {
        "head": {
          "x": 0.6476029753684998,
          "y": -0.06604252755641937,
          "z": 1.7760207653045654
        },
        "tail": {
          "x": 0.6700515151023865,
          "y": -0.06716474890708923,
          "z": 1.7883858680725098
        },
        "rotation_quaternion": {
          "w": 0.30318477749824524,
          "x": 0.7215204834938049,
          "y": 0.6214544177055359,
          "z": 0.035799868404865265
        },
        "matrix": [
          [
            0.2250238060951233,
            0.8750757575035095,
            0.42849355936050415,
            0.6476029753684998
          ],
          [
            0.9184932708740234,
            -0.04374559223651886,
            -0.3930099606513977,
            -0.06604252755641937
          ],
          [
            -0.3251703381538391,
            0.4820082187652588,
            -0.8136008977890015,
            1.7760207653045654
          ],
          [
            0.0,
            0.0,
            0.0,
            1.0
          ]
        ]
      },
      "bone_length_armature_space": 0.025653305894599736,
      "parent": "index_01_l",
      "has_children": true,
      "is_end_bone": false
    },
    "index_03_l": {
      "name": "index_03_l",
      "local": {
        "location": {
          "x": 0.0,
          "y": 0.0,
          "z": 0.0
        },
        "rotation_quaternion": {
          "w": 0.9989482164382935,
          "x": 0.04536645486950874,
          "y": -0.003291780361905694,
          "z": 0.005790326744318008
        },
        "scale": {
          "x": 1.0,
          "y": 1.0,
          "z": 1.0
        },
        "matrix_basis": [
          [
            0.9999112486839294,
            -0.011867146007716656,
            -0.006051262840628624,
            0.0
          ],
          [
            0.011269800364971161,
            0.995816707611084,
            -0.09067559987306595,
            0.0
          ],
          [
            0.007102009374648333,
            0.09059935808181763,
            0.9958621263504028,
            0.0
          ],
          [
            0.0,
            0.0,
            0.0,
            1.0
          ]
        ],
        "rotation_mode": "QUATERNION"
      },
      "armature_space": {
        "head": {
          "x": 0.6700514554977417,
          "y": -0.13040870428085327,
          "z": 0.838532030582428
        },
        "tail": {
          "x": 0.6979079842567444,
          "y": -0.131440669298172,
          "z": 0.8472887873649597
        }
      },
      "world_space": {
        "head": {
          "x": 0.6700514554977417,
          "y": -0.06716470420360565,
          "z": 1.7883861064910889
        },
        "tail": {
          "x": 0.6979079842567444,
          "y": -0.06819666922092438,
          "z": 1.797142744064331
        },
        "rotation_quaternion": {
          "w": 0.21865032613277435,
          "x": 0.7193970680236816,
          "y": 0.6591906547546387,
          "z": -0.011301569640636444
        },
        "matrix": [
          [
            0.13067905604839325,
            0.953381359577179,
            0.27200552821159363,
            0.6700514554977417
          ],
          [
            0.9434979557991028,
            -0.035318560898303986,
            -0.3294912576675415,
            -0.06716470420360565
          ],
          [
            -0.30452531576156616,
            0.2996962368488312,
            -0.9041352272033691,
            1.7883861064910889
          ],
          [
            0.0,
            0.0,
            0.0,
            1.0
          ]
        ]
      },
      "bone_length_armature_space": 0.02921869118201147,
      "parent": "index_02_l",
      "has_children": false,
      "is_end_bone": true
    },
    "metacarpal_pinky_l": {
      "name": "metacarpal_pinky_l",
      "local": {
        "location": {
          "x": 0.0,
          "y": 0.0,
          "z": 0.0
        },
        "rotation_quaternion": {
          "w": 0.9993385672569275,
          "x": -0.03516753390431404,
          "y": -0.00384231423959136,
          "z": 0.008432097733020782
        },
        "scale": {
          "x": 1.0,
          "y": 1.0,
          "z": 1.0
        },
        "matrix_basis": [
          [
            0.9998282790184021,
            -0.01658279076218605,
            -0.008272618055343628,
            0.0
          ],
          [
            0.01712329126894474,
            0.9973843097686768,
            0.07022374868392944,
            0.0
          ],
          [
            0.0070864735171198845,
            -0.07035334408283234,
            0.9974969625473022,
            0.0
          ],
          [
            0.0,
            0.0,
            0.0,
            1.0
          ]
        ],
        "rotation_mode": "QUATERNION"
      },
      "armature_space": {
        "head": {
          "x": 0.5267236232757568,
          "y": -0.06662653386592865,
          "z": 0.7824243307113647
        },
        "tail": {
          "x": 0.6191239356994629,
          "y": -0.058992598205804825,
          "z": 0.8298285007476807
        }
      },
      "world_space": {
        "head": {
          "x": 0.5267236232757568,
          "y": -0.0033825337886810303,
          "z": 1.7322783470153809
        },
        "tail": {
          "x": 0.6191239356994629,
          "y": 0.004251401871442795,
          "z": 1.7796825170516968
        },
        "rotation_quaternion": {
          "w": 0.7325279116630554,
          "x": 0.3170489966869354,
          "y": 0.007688233628869057,
          "z": -0.6023484468460083
        },
        "matrix": [
          [
            0.2742328345775604,
            0.8873487710952759,
            -0.3706865608692169,
            0.5267236232757568
          ],
          [
            -0.8776006698608398,
            0.07331106066703796,
            -0.47375404834747314,
            -0.0033825337886810303
          ],
          [
            -0.3932130038738251,
            0.4552368223667145,
            0.7988471388816833,
            1.7322783470153809
          ],
          [
            0.0,
            0.0,
            0.0,
            1.0
          ]
        ]
      },
      "bone_length_armature_space": 0.10413092784035607,
      "parent": "lowerarm_l",
      "has_children": true,
      "is_end_bone": false
    },
    "pinky_01_l": {
      "name": "pinky_01_l",
      "local": {
        "location": {
          "x": 0.0,
          "y": 0.0,
          "z": 0.0
        },
        "rotation_quaternion": {
          "w": 0.9929248094558716,
          "x": -0.11827097833156586,
          "y": -0.002778218360617757,
          "z": -0.010227841325104237
        },
        "scale": {
          "x": 1.0,
          "y": 1.0,
          "z": 1.0
        },
        "matrix_basis": [
          [
            0.9997753500938416,
            0.02096812054514885,
            -0.0030978103168308735,
            0.0
          ],
          [
            -0.019653789699077606,
            0.971814751625061,
            0.23492521047592163,
            0.0
          ],
          [
            0.007936437614262104,
            -0.23481154441833496,
            0.9720085263252258,
            0.0
          ],
          [
            0.0,
            0.0,
            0.0,
            1.0
          ]
        ],
        "rotation_mode": "QUATERNION"
      },
      "armature_space": {
        "head": {
          "x": 0.6191239356994629,
          "y": -0.058992598205804825,
          "z": 0.8298285007476807
        },
