{
  "metadata": {
    "armature_name": "KIM_caucasian_male",
    "export_time": "2026-01-13T20:55:49.778747",
    "blender_version": "4.4.1",
    "bone_count": 56,
    "end_bone_count": 13,
    "spaces_included": [
      "LOCAL_CHANNELS",
      "ARMATURE_SPACE",
      "WORLD_SPACE"
    ],
    "note": "LOCAL matches Transform panel; replay pose via local.matrix_basis for best fidelity."
  },
  "bones": {
    "Root": {
      "name": "Root",
      "local": {
        "location": {
          "x": 0.0,
          "y": 0.0,
          "z": 0.0
        },
        "rotation_quaternion": {
          "w": 0.9998255968093872,
          "x": -0.016181042417883873,
          "y": -0.004739552736282349,
          "z": -0.008032702840864658
        },
        "scale": {
          "x": 1.0,
          "y": 1.0,
          "z": 1.0
        },
        "matrix_basis": [
          [
            0.9998260140419006,
            0.016215985640883446,
            -0.00921749696135521,
            0.0
          ],
          [
            -0.0159092228859663,
            0.9993472695350647,
            0.03243258222937584,
            0.0
          ],
          [
            0.009737406857311726,
            -0.032280296087265015,
            0.9994314312934875,
            0.0
          ],
          [
            0.0,
            0.0,
            0.0,
            1.0
          ]
        ],
        "rotation_mode": "QUATERNION"
      },
      "armature_space": {
        "head": {
          "x": 0.0,
          "y": 0.07072800397872925,
          "z": -0.009595036506652832
        },
        "tail": {
          "x": 0.0011574301170185208,
          "y": 0.0003558993339538574,
          "z": 0.002276873216032982
        }
      },
      "world_space": {
        "head": {
          "x": 0.0,
          "y": 0.13397200405597687,
          "z": 0.9402589797973633
        },
        "tail": {
          "x": 0.0011574301170185208,
          "y": 0.06359989941120148,
          "z": 0.952130913734436
        },
        "rotation_quaternion": {
          "w": 0.08350018411874771,
          "x": 0.9964641332626343,
          "y": 0.007695160806179047,
          "z": -0.005269932560622692
        },
        "matrix": [
          [
            0.9998260140419006,
            0.016215985640883446,
            -0.00921749696135521,
            0.0
          ],
          [
            0.014455821365118027,
            -0.9859368801116943,
            -0.16649146378040314,
            0.13397200405597687
          ],
          [
            -0.011787762865424156,
            0.16632945835590363,
            -0.9860069155693054,
            0.9402589797973633
          ],
          [
            0.0,
            0.0,
            0.0,
            1.0
          ]
        ]
      },
      "bone_length_armature_space": 0.07137587245974317,
      "parent": null,
      "has_children": true,
      "is_end_bone": false
    },
    "spine_01": {
      "name": "spine_01",
      "local": {
        "location": {
          "x": 0.0,
          "y": 0.0,
          "z": 0.0
        },
        "rotation_quaternion": {
          "w": 0.9977720975875854,
          "x": -0.021587127819657326,
          "y": 0.02221219800412655,
          "z": 0.059088870882987976
        },
        "scale": {
          "x": 1.0,
          "y": 1.0,
          "z": 1.0
        },
        "matrix_basis": [
          [
            0.9920302629470825,
            -0.11887344717979431,
            0.04177430644631386,
            0.0
          ],
          [
            0.1169554591178894,
            0.9920849800109863,
            0.04570305347442627,
            0.0
          ],
          [
            -0.04687654227018356,
            -0.04045308008790016,
            0.9980812072753906,
            0.0
          ],
          [
            0.0,
            0.0,
            0.0,
            1.0
          ]
        ],
        "rotation_mode": "QUATERNION"
      },
      "armature_space": {
        "head": {
          "x": 0.0011574301170185208,
          "y": 0.0003558993339538574,
          "z": 0.002276873216032982
        },
        "tail": {
          "x": -0.05200986564159393,
          "y": 0.05749677121639252,
          "z": 0.48399949073791504
        }
      },
      "world_space": {
        "head": {
          "x": 0.0011574301170185208,
          "y": 0.06359989941120148,
          "z": 0.952130913734436
        },
        "tail": {
          "x": -0.05200986564159393,
          "y": 0.12074077129364014,
          "z": 1.4338535070419312
        },
        "rotation_quaternion": {
          "w": 0.7472165822982788,
          "x": 0.6617076992988586,
          "y": -0.01459544338285923,
          "z": 0.059978093951940536
        },
        "matrix": [
          [
            0.9923791289329529,
            -0.10894910246133804,
            0.05756469815969467,
            0.0011574301170185208
          ],
          [
            0.07031814754009247,
            0.11709165573120117,
            -0.9906284809112549,
            0.06359989941120148
          ],
          [
            0.1011885330080986,
            0.9871340394020081,
            0.12386034429073334,
            0.952130913734436
          ],
          [
            0.0,
            0.0,
            0.0,
            1.0
          ]
        ]
      },
      "bone_length_armature_space": 0.4880046442482151,
      "parent": "Root",
      "has_children": true,
      "is_end_bone": false
    },
    "neck_01": {
      "name": "neck_01",
      "local": {
        "location": {
          "x": 0.0,
          "y": 0.0,
          "z": 0.0
        },
        "rotation_quaternion": {
          "w": 0.9877992868423462,
          "x": 0.016645655035972595,
          "y": -0.11421065777540207,
          "z": 0.10455365478992462
        },
        "scale": {
          "x": 1.0,
          "y": 1.0,
          "z": 1.0
        },
        "matrix_basis": [
          [
            0.9520488977432251,
            -0.21035827696323395,
            -0.2221536785364151,
            0.0
          ],
          [
            0.20275382697582245,
            0.9775829315185547,
            -0.05676741525530815,
            0.0
          ],
          [
            0.22911514341831207,
            0.009002848528325558,
            0.9733576774597168,
            0.0
          ],
          [
            0.0,
            0.0,
            0.0,
            1.0
          ]
        ],
        "rotation_mode": "QUATERNION"
      },
      "armature_space": {
        "head": {
          "x": -0.057990580797195435,
          "y": 0.03171461075544357,
          "z": 0.5605714917182922
        },
        "tail": {
          "x": -0.08721901476383209,
          "y": 0.0024847127497196198,
          "z": 0.6543907523155212
        }
      },
      "world_space": {
        "head": {
          "x": -0.057990580797195435,
          "y": 0.09495861083269119,
          "z": 1.5104255676269531
        },
        "tail": {
          "x": -0.08721901476383209,
          "y": 0.06572870910167694,
          "z": 1.6042447090148926
        },
        "rotation_quaternion": {
          "w": 0.5776183605194092,
          "x": 0.8009216785430908,
          "y": -0.15427786111831665,
          "z": 0.032865073531866074
        },
        "matrix": [
          [
            0.9502360820770264,
            -0.285096138715744,
            -0.12558412551879883,
            -0.057990580797195435
          ],
          [
            -0.2091633379459381,
            -0.28511038422584534,
            -0.9353944659233093,
            0.09495861083269119
          ],
          [
            0.23087342083454132,
            0.9151194095611572,
            -0.33055707812309265,
            1.5104255676269531
          ],
          [
            0.0,
            0.0,
            0.0,
            1.0
          ]
        ]
      },
      "bone_length_armature_space": 0.1025219088352448,
      "parent": "spine_01",
      "has_children": true,
      "is_end_bone": false
    },
    "head": {
      "name": "head",
      "local": {
        "location": {
          "x": 0.0,
          "y": 0.0,
          "z": 0.0
        },
        "rotation_quaternion": {
          "w": 0.9885404109954834,
          "x": -0.07591836899518967,
          "y": 0.09351745992898941,
          "z": 0.09098845720291138
        },
        "scale": {
          "x": 1.0,
          "y": 1.0,
          "z": 1.0
        },
        "matrix_basis": [
          [
            0.965951144695282,
            -0.19409091770648956,
            0.1710761934518814,
            0.0
          ],
          [
            0.16569215059280396,
            0.9719150066375732,
            0.1671147644519806,
            0.0
          ],
          [
            -0.1987069696187973,
            -0.13307873904705048,
            0.970981776714325,
            0.0
          ],
          [
            0.0,
            0.0,
            0.0,
            1.0
          ]
        ],
        "rotation_mode": "QUATERNION"
      },
      "armature_space": {
        "head": {
          "x": -0.08721901476383209,
          "y": 0.0024845879524946213,
          "z": 0.6543906331062317
        },
        "tail": {
          "x": -0.1445101797580719,
          "y": 0.03990263491868973,
          "z": 0.7935699224472046
        }
      },
      "world_space": {
        "head": {
          "x": -0.08721901476383209,
          "y": 0.06572858989238739,
          "z": 1.6042447090148926
        },
        "tail": {
          "x": -0.1445101797580719,
          "y": 0.10314663499593735,
          "z": 1.7434239387512207
        },
        "rotation_quaternion": {
          "w": 0.7728981971740723,
          "x": 0.6041744351387024,
          "y": -0.15251606702804565,
          "z": 0.11975238472223282
        },
        "matrix": [
          [
            0.924796462059021,
            -0.36940544843673706,
            -0.09105436503887177,
            -0.08721901476383209
          ],
          [
            0.0008224844932556152,
            0.24126634001731873,
            -0.9704586267471313,
            0.06572858989238739
          ],
          [
            0.38046368956565857,
            0.8974085450172424,
            0.22342678904533386,
            1.6042447090148926
          ],
          [
            0.0,
            0.0,
            0.0,
            1.0
          ]
        ]
      },
      "bone_length_armature_space": 0.15509114120734693,
      "parent": "neck_01",
      "has_children": false,
      "is_end_bone": true
    },
    "upperarm_l": {
      "name": "upperarm_l",
      "local": {
        "location": {
          "x": 0.0,
          "y": 0.0,
          "z": 0.0
        },
        "rotation_quaternion": {
          "w": 0.8886220455169678,
          "x": 0.23744280636310577,
          "y": 0.321561336517334,
          "z": 0.224878191947937
        },
        "scale": {
          "x": 1.0,
          "y": 1.0,
          "z": 1.0
        },
        "matrix_basis": [
          [
            0.6920562386512756,
            -0.24695858359336853,
            0.6782844066619873,
            0.0
          ],
          [
            0.5523682832717896,
            0.7861014008522034,
            -0.27736955881118774,
            0.0
          ],
          [
            -0.4647015631198883,
            0.5666180849075317,
            0.6804384589195251,
            0.0
          ],
          [
            0.0,
            0.0,
            0.0,
            1.0
          ]
        ],
        "rotation_mode": "QUATERNION"
      },
      "armature_space": {
        "head": {
          "x": 0.09837210178375244,
          "y": 0.03123362362384796,
          "z": 0.5098016858100891
        },
        "tail": {
          "x": 0.31658121943473816,
          "y": -0.09034118801355362,
          "z": 0.6068175435066223
        }
      },
      "world_space": {
        "head": {
          "x": 0.09837210178375244,
          "y": 0.09447762370109558,
          "z": 1.45965576171875
        },
        "tail": {
          "x": 0.31658121943473816,
          "y": -0.027097187936306,
          "z": 1.5566716194152832
        },
        "rotation_quaternion": {
          "w": 0.347723126411438,
          "x": 0.8120266199111938,
          "y": 0.3901838958263397,
          "z": -0.2597269117832184
        },
        "matrix": [
          [
            0.5605965256690979,
            0.8143060207366943,
            -0.1504567563533783,
            0.09837210178375244
          ],
          [
            0.45305442810058594,
            -0.4536890983581543,
            -0.7674035429954529,
            0.09447762370109558
          ],
          [
            -0.6931663751602173,
            0.3620406985282898,
            -0.6232665181159973,
            1.45965576171875
          ],
          [
            0.0,
            0.0,
            0.0,
            1.0
          ]
        ]
      },
      "bone_length_armature_space": 0.2679696438248967,
      "parent": "spine_01",
      "has_children": true,
      "is_end_bone": false
    },
    "lowerarm_l": {
      "name": "lowerarm_l",
      "local": {
        "location": {
          "x": 0.0,
          "y": 0.0,
          "z": 0.0
        },
        "rotation_quaternion": {
          "w": 0.9384578466415405,
          "x": 0.2093532234430313,
          "y": 0.2050577700138092,
          "z": -0.18280969560146332
        },
        "scale": {
          "x": 1.0,
          "y": 1.0,
          "z": 1.0
        },
        "matrix_basis": [
          [
            0.8490638732910156,
            0.4289774000644684,
            0.30833256244659424,
            0.0
          ],
          [
            -0.2572593688964844,
            0.8455036878585815,
            -0.4679114520549774,
            0.0
          ],
          [
            -0.4614197313785553,
            0.31796523928642273,
            0.8282451033592224,
            0.0
          ],
          [
            0.0,
            0.0,
            0.0,
            1.0
          ]
        ],
        "rotation_mode": "QUATERNION"
      },
      "armature_space": {
        "head": {
          "x": 0.31658121943473816,
          "y": -0.09034131467342377,
          "z": 0.6068176031112671
        },
        "tail": {
          "x": 0.5245738625526428,
          "y": -0.24807187914848328,
          "z": 0.5482553243637085
        }
      },
      "world_space": {
        "head": {
          "x": 0.31658121943473816,
          "y": -0.027097314596176147,
          "z": 1.5566716194152832
        },
        "tail": {
          "x": 0.5245738625526428,
          "y": -0.18482787907123566,
          "z": 1.4981093406677246
        },
        "rotation_quaternion": {
          "w": 0.01379696186631918,
          "x": 0.8503904342651367,
          "y": 0.45278340578079224,
          "z": -0.267643541097641
        },
        "matrix": [
          [
            0.44670748710632324,
            0.7774714231491089,
            -0.44270801544189453,
            0.31658121943473816
          ],
          [
            0.7626999020576477,
            -0.5895929932594299,
            -0.26583680510520935,
            -0.027097314596176147
          ],
          [
            -0.46770063042640686,
            -0.2189042568206787,
            -0.8563592433929443,
            1.5566716194152832
          ],
          [
            0.0,
            0.0,
            0.0,
            1.0
          ]
        ]
      },
      "bone_length_armature_space": 0.26752459728543343,
      "parent": "upperarm_l",
      "has_children": true,
      "is_end_bone": false
    },
    "metacarpal_thumb_l": {
      "name": "metacarpal_thumb_l",
      "local": {
        "location": {
          "x": 0.0,
          "y": 0.0,
          "z": 0.0
        },
        "rotation_quaternion": {
          "w": 0.9997479319572449,
          "x": 0.018816303461790085,
          "y": -0.007589424028992653,
          "z": -0.009624121710658073
        },
        "scale": {
          "x": 1.0,
          "y": 1.0,
          "z": 1.0
        },
        "matrix_basis": [
          [
            0.9996995329856873,
            0.01895778253674507,
            -0.01553720235824585,
            0.0
          ],
          [
            -0.019529001787304878,
            0.9991066455841064,
            -0.0374770388007164,
            0.0
          ],
          [
            0.014812841080129147,
            0.03776920586824417,
            0.9991766810417175,
            0.0
          ],
          [
            0.0,
            0.0,
            0.0,
            1.0
          ]
        ],
        "rotation_mode": "QUATERNION"
      },
      "armature_space": {
        "head": {
          "x": 0.5245738625526428,
          "y": -0.24807187914848328,
          "z": 0.5482553243637085
        },
        "tail": {
          "x": 0.547427773475647,
          "y": -0.2703550159931183,
          "z": 0.5103769898414612
        }
      },
      "world_space": {
        "head": {
          "x": 0.5245738625526428,
          "y": -0.18482787907123566,
          "z": 1.4981093406677246
        },
        "tail": {
          "x": 0.547427773475647,
          "y": -0.20711101591587067,
          "z": 1.460231065750122
        },
        "rotation_quaternion": {
          "w": 0.5094115734100342,
          "x": -0.8127291202545166,
          "y": -0.12478524446487427,
          "z": -0.25377172231674194
        },
        "matrix": [
          [
            0.8400576710700989,
            0.46138137578964233,
            0.2853597104549408,
            0.5245738625526428
          ],
          [
            -0.05571293830871582,
            -0.4498581290245056,
            0.8913607001304626,
            -0.18482787907123566
          ],
          [
            0.5396324396133423,
            -0.764698326587677,
            -0.35220351815223694,
            1.4981093406677246
          ],
          [
            0.0,
            0.0,
            0.0,
            1.0
          ]
        ]
      },
      "bone_length_armature_space": 0.04953390377776982,
      "parent": "lowerarm_l",
      "has_children": true,
      "is_end_bone": false
    },
    "thumb_01_l": {
      "name": "thumb_01_l",
      "local": {
        "location": {
          "x": 0.0,
          "y": 0.0,
          "z": 0.0
        },
        "rotation_quaternion": {
          "w": 0.9990661144256592,
          "x": -0.03961057960987091,
          "y": 0.0057798693887889385,
          "z": -0.016268184408545494
        },
        "scale": {
          "x": 1.0,
          "y": 1.0,
          "z": 1.0
        },
        "matrix_basis": [
          [
            0.9994038939476013,
            0.032048095017671585,
            0.012837727554142475,
            0.0
          ],
          [
            -0.03296387195587158,
            0.9963327050209045,
            0.07895912230014801,
            0.0
          ],
          [
            -0.010260159149765968,
            -0.07933523505926132,
            0.9967951774597168,
            0.0
          ],
          [
            0.0,
            0.0,
            0.0,
            1.0
          ]
        ],
        "rotation_mode": "QUATERNION"
      },
      "armature_space": {
        "head": {
          "x": 0.547427773475647,
          "y": -0.2703550159931183,
          "z": 0.5103769898414612
        },
        "tail": {
          "x": 0.5592237710952759,
          "y": -0.2587607800960541,
          "z": 0.4806269407272339
        }
      },
      "world_space": {
        "head": {
          "x": 0.547427773475647,
          "y": -0.20711101591587067,
          "z": 1.460231065750122
        },
        "tail": {
          "x": 0.5592237710952759,
          "y": -0.19551678001880646,
          "z": 1.43048095703125
        },
        "rotation_quaternion": {
          "w": 0.6779053807258606,
          "x": -0.32328301668167114,
          "y": 0.4590807557106018,
          "z": -0.47452861070632935
        },
        "matrix": [
          [
            0.12813402712345123,
            0.34654706716537476,
            0.9292398691177368,
            0.547427773475647
          ],
          [
            -0.9401974081993103,
            0.340620219707489,
            0.0026156194508075714,
            -0.20711101591587067
          ],
          [
            -0.31561434268951416,
            -0.874009907245636,
            0.36947035789489746,
            1.460231065750122
          ],
          [
            0.0,
            0.0,
            0.0,
            1.0
          ]
        ]
      },
      "bone_length_armature_space": 0.03403876130452296,
      "parent": "metacarpal_thumb_l",
      "has_children": true,
      "is_end_bone": false
    },
    "thumb_02_l": {
      "name": "thumb_02_l",
      "local": {
        "location": {
          "x": 0.0,
          "y": 0.0,
          "z": 0.0
        },
        "rotation_quaternion": {
          "w": 0.998135507106781,
          "x": 0.06064982712268829,
          "y": 0.005825430620461702,
          "z": -0.0036532918456941843
        },
        "scale": {
          "x": 1.0,
          "y": 1.0,
          "z": 1.0
        },
        "matrix_basis": [
          [
            0.9999054074287415,
            0.007999583147466183,
            0.011185995303094387,
            0.0
          ],
          [
            -0.006586337927728891,
            0.9926164746284485,
            -0.12111605703830719,
            0.0
          ],
          [
            -0.01207228098064661,
            0.12103092670440674,
            0.9925753474235535,
            0.0
          ],
          [
            0.0,
            0.0,
            0.0,
            1.0
          ]
        ],
        "rotation_mode": "QUATERNION"
      },
      "armature_space": {
        "head": {
          "x": 0.5592236518859863,
          "y": -0.2587607502937317,
          "z": 0.4806269705295563
        },
        "tail": {
          "x": 0.5919355154037476,
          "y": -0.27859845757484436,
          "z": 0.4683965742588043
        }
      },
      "world_space": {
        "head": {
          "x": 0.5592236518859863,
          "y": -0.19551675021648407,
          "z": 1.43048095703125
        },
        "tail": {
          "x": 0.5919355154037476,
          "y": -0.21535445749759674,
          "z": 1.418250560760498
        },
        "rotation_quaternion": {
          "w": 0.44456806778907776,
          "x": 0.1113039180636406,
          "y": 0.2353774458169937,
          "z": -0.8570695519447327
        },
        "matrix": [
          [
            -0.5799410939216614,
            0.814448356628418,
            0.018493913114070892,
            0.5592236518859863
          ],
          [
            -0.7096557021141052,
            -0.49391260743141174,
            -0.5024333596229553,
            -0.19551675021648407
          ],
          [
            -0.4000750780105591,
            -0.30450841784477234,
            0.8644238114356995,
            1.43048095703125
          ],
          [
            0.0,
            0.0,
            0.0,
            1.0
          ]
        ]
      },
      "bone_length_armature_space": 0.04016445241849948,
      "parent": "thumb_01_l",
      "has_children": true,
      "is_end_bone": false
    },
    "thumb_03_l": {
      "name": "thumb_03_l",
      "local": {
        "location": {
          "x": 0.0,
          "y": 0.0,
          "z": 0.0
        },
        "rotation_quaternion": {
          "w": 0.9966576099395752,
          "x": 0.08133997768163681,
          "y": -0.006202972959727049,
          "z": -0.00436168210580945
        },
        "scale": {
          "x": 1.0,
          "y": 1.0,
          "z": 1.0
        },
        "matrix_basis": [
          [
            0.9998850226402283,
            0.007685108110308647,
            -0.013074038550257683,
            0.0
          ],
          [
            -0.00970330648124218,
            0.9867295622825623,
            -0.16208210587501526,
            0.0
          ],
          [
            0.011654921807348728,
            0.16219033300876617,
            0.9866906404495239,
            0.0
          ],
          [
            0.0,
            0.0,
            0.0,
            1.0
          ]
        ],
        "rotation_mode": "QUATERNION"
      },
      "armature_space": {
        "head": {
          "x": 0.591935396194458,
          "y": -0.278598427772522,
          "z": 0.46839651465415955
        },
        "tail": {
          "x": 0.6162421703338623,
          "y": -0.2965955138206482,
          "z": 0.4718860983848572
        }
      },
      "world_space": {
        "head": {
          "x": 0.591935396194458,
          "y": -0.21535442769527435,
          "z": 1.418250560760498
        },
        "tail": {
          "x": 0.6162421703338623,
          "y": -0.23335151374340057,
          "z": 1.4217400550842285
        },
        "rotation_quaternion": {
          "w": 0.43291160464286804,
          "x": 0.3761022686958313,
          "y": 0.13045547902584076,
          "z": -0.8087745308876038
        },
        "matrix": [
          [
            -0.34226882457733154,
            0.7983859777450562,
            -0.4954107999801636,
            0.591935396194458
          ],
          [
            -0.6021270751953125,
            -0.5911362767219543,
            -0.5366573333740234,
            -0.21535442769527435
          ],
          [
            -0.7213204503059387,
            0.1146196722984314,
            0.6830617189407349,
            1.418250560760498
          ],
          [
            0.0,
            0.0,
            0.0,
            1.0
          ]
        ]
      },
      "bone_length_armature_space": 0.0304448941696726,
      "parent": "thumb_02_l",
      "has_children": false,
      "is_end_bone": true
    },
    "metacarpal_index_l": {
      "name": "metacarpal_index_l",
      "local": {
        "location": {
          "x": 0.0,
          "y": 0.0,
          "z": 0.0
        },
        "rotation_quaternion": {
          "w": 0.9996697902679443,
          "x": -0.016439614817500114,
          "y": 0.0035334378480911255,
          "z": -0.0194338820874691
        },
        "scale": {
          "x": 1.0,
          "y": 1.0,
          "z": 1.0
        },
        "matrix_basis": [
          [
            0.9992196559906006,
            0.03873875364661217,
            0.0077035133726894855,
            0.0
          ],
          [
            -0.038971107453107834,
            0.9987041354179382,
            0.032731037586927414,
            0.0
          ],
          [
            -0.006425571162253618,
            -0.03300571069121361,
            0.9994345307350159,
            0.0
          ],
          [
            0.0,
            0.0,
            0.0,
            1.0
          ]
        ],
        "rotation_mode": "QUATERNION"
      },
      "armature_space": {
        "head": {
          "x": 0.5245738625526428,
          "y": -0.24807187914848328,
          "z": 0.5482553243637085
        },
        "tail": {
          "x": 0.6016404032707214,
          "y": -0.3186184763908386,
          "z": 0.49521586298942566
        }
      },
      "world_space": {
        "head": {
          "x": 0.5245738625526428,
          "y": -0.18482787907123566,
          "z": 1.4981093406677246
        },
        "tail": {
          "x": 0.6016404032707214,
          "y": -0.2553744912147522,
          "z": 1.4450699090957642
        },
        "rotation_quaternion": {
          "w": 0.29177260398864746,
          "x": -0.8895745277404785,
          "y": -0.33738604187965393,
          "z": -0.09847234189510345
        },
        "matrix": [
          [
            0.7529473900794983,
            0.6577231287956238,
            -0.021684538573026657,
            0.5245738625526428
          ],
          [
            0.5427983403205872,
            -0.6020784974098206,
            0.585552453994751,
            -0.18482787907123566
          ],
          [
            0.37207871675491333,
            -0.4526643455028534,
            -0.810349702835083,
            1.4981093406677246
          ],
          [
            0.0,
            0.0,
            0.0,
            1.0
          ]
        ]
      },
      "bone_length_armature_space": 0.11717191930349855,
      "parent": "lowerarm_l",
      "has_children": true,
      "is_end_bone": false
    },
    "index_01_l": {
      "name": "index_01_l",
      "local": {
        "location": {
          "x": 0.0,
          "y": 0.0,
          "z": 0.0
        },
        "rotation_quaternion": {
          "w": 0.9949332475662231,
          "x": -0.09862472116947174,
          "y": -0.009005313739180565,
          "z": 0.017322499305009842
        },
        "scale": {
          "x": 1.0,
          "y": 1.0,
          "z": 1.0
        },
        "matrix_basis": [
          [
            0.9992376565933228,
            -0.03269316628575325,
            -0.021336225792765617,
            0.0
          ],
          [
            0.03624575585126877,
            0.9799461960792542,
            0.19593803584575653,
            0.0
          ],
          [
            0.014502518810331821,
            -0.1965620219707489,
            0.980384111404419,
            0.0
          ],
          [
            0.0,
            0.0,
            0.0,
            1.0
          ]
        ],
        "rotation_mode": "QUATERNION"
      },
      "armature_space": {
        "head": {
          "x": 0.6016404032707214,
          "y": -0.3186184763908386,
          "z": 0.49521586298942566
        },
        "tail": {
          "x": 0.625033438205719,
          "y": -0.33489498496055603,
          "z": 0.49426141381263733
        }
      },
      "world_space": {
        "head": {
          "x": 0.6016404032707214,
          "y": -0.2553744912147522,
          "z": 1.4450699090957642
        },
        "tail": {
          "x": 0.625033438205719,
          "y": -0.2716509699821472,
          "z": 1.444115400314331
        },
        "rotation_quaternion": {
          "w": 0.13316470384597778,
          "x": -0.8585062623023987,
          "y": -0.4436865448951721,
          "z": -0.21994651854038239
        },
        "matrix": [
          [
            0.5095314383506775,
            0.8203940391540527,
            0.259482741355896,
            0.6016404032707214
          ],
          [
            0.703237771987915,
            -0.5708178877830505,
            0.4238204061985016,
            -0.2553744912147522
          ],
          [
            0.4958212971687317,
            -0.03347252309322357,
            -0.8677874207496643,
            1.4450699090957642
          ],
          [
            0.0,
            0.0,
            0.0,
            1.0
          ]
        ]
      },
      "bone_length_armature_space": 0.02851437842057008,
      "parent": "metacarpal_index_l",
      "has_children": true,
      "is_end_bone": false
    },
    "index_02_l": {
      "name": "index_02_l",
      "local": {
        "location": {
          "x": 0.0,
          "y": 0.0,
          "z": 0.0
        },
        "rotation_quaternion": {
          "w": 0.9969440698623657,
          "x": 0.07768562436103821,
          "y": 0.0017543083522468805,
          "z": -0.008029555901885033
        },
        "scale": {
          "x": 1.0,
          "y": 1.0,
          "z": 1.0
        },
        "matrix_basis": [
          [
            0.9998648762702942,
            0.01628260500729084,
            0.00225033238530159,
            0.0
          ],
          [
            -0.015737466514110565,
            0.9878009557723999,
            -0.15492461621761322,
            0.0
          ],
          [
            -0.0047454568557441235,
            0.15486827492713928,
            0.9879237413406372,
            0.0
          ],
          [
            0.0,
            0.0,
            0.0,
            1.0
          ]
        ],
        "rotation_mode": "QUATERNION"
      },
      "armature_space": {
        "head": {
          "x": 0.6250336766242981,
          "y": -0.33489522337913513,
          "z": 0.4942610263824463
        },
        "tail": {
          "x": 0.6471998691558838,
          "y": -0.3474346995353699,
          "z": 0.4911768436431885
        }
      },
      "world_space": {
        "head": {
          "x": 0.6250336766242981,
          "y": -0.2716512084007263,
          "z": 1.4441150426864624
        },
        "tail": {
          "x": 0.6471998691558838,
          "y": -0.28419071435928345,
          "z": 1.4410308599472046
        },
        "rotation_quaternion": {
          "w": 0.16571828722953796,
          "x": -0.8463171720504761,
          "y": -0.47763335704803467,
          "z": -0.1677830070257187
        },
        "matrix": [
          [
            0.4874303638935089,
            0.8640682697296143,
            0.12568853795528412,
            0.6250336766242981
          ],
          [
            0.7528498768806458,
            -0.48880666494369507,
            0.44077789783477783,
            -0.2716512084007263
          ],
          [
            0.4423033893108368,
            -0.12022522836923599,
            -0.8887788653373718,
            1.4441150426864624
          ],
          [
            0.0,
            0.0,
            0.0,
            1.0
          ]
        ]
      },
      "bone_length_armature_space": 0.025653278741778723,
      "parent": "index_01_l",
      "has_children": true,
      "is_end_bone": false
    },
    "index_03_l": {
      "name": "index_03_l",
      "local": {
        "location": {
          "x": 0.0,
          "y": 0.0,
          "z": 0.0
        },
        "rotation_quaternion": {
          "w": 0.9996036887168884,
          "x": 0.02730393037199974,
          "y": 0.006024312227964401,
          "z": 0.0032874858006834984
        },
        "scale": {
          "x": 1.0,
          "y": 1.0,
          "z": 1.0
        },
        "matrix_basis": [
          [
            0.9999058246612549,
            -0.006243390962481499,
            0.012223372235894203,
            0.0
          ],
          [
            0.006901340559124947,
            0.9984873533248901,
            -0.05454660952091217,
            0.0
          ],
          [
            -0.011864326894283295,
            0.05462582781910896,
            0.9984363913536072,
            0.0
          ],
          [
            0.0,
            0.0,
            0.0,
            1.0
          ]
        ],
        "rotation_mode": "QUATERNION"
      },
      "armature_space": {
        "head": {
          "x": 0.647199809551239,
          "y": -0.34743478894233704,
          "z": 0.491176962852478
        },
        "tail": {
          "x": 0.6738674640655518,
          "y": -0.35774070024490356,
          "z": 0.4851474165916443
        }
      },
      "world_space": {
        "head": {
          "x": 0.647199809551239,
          "y": -0.2841907739639282,
          "z": 1.4410309791564941
        },
        "tail": {
          "x": 0.6738674640655518,
          "y": -0.29449671506881714,
          "z": 1.4350013732910156
        },
        "rotation_quaternion": {
          "w": 0.23935720324516296,
          "x": -0.804015040397644,
          "y": -0.5160900354385376,
          "z": -0.17297138273715973
        },
        "matrix": [
          [
            0.40746352076530457,
            0.9126923680305481,
            0.031081348657608032,
            0.647199809551239
          ],
          [
            0.7470855712890625,
            -0.3527168333530426,
            0.5634305477142334,
            -0.2841907739639282
          ],
          [
            0.5252061486244202,
            -0.20635876059532166,
            -0.8255838751792908,
            1.4410309791564941
          ],
          [
            0.0,
            0.0,
            0.0,
            1.0
          ]
        ]
      },
      "bone_length_armature_space": 0.029218676133974057,
      "parent": "index_02_l",
      "has_children": false,
      "is_end_bone": true
    },
    "metacarpal_pinky_l": {
      "name": "metacarpal_pinky_l",
      "local": {
        "location": {
          "x": 0.0,
          "y": 0.0,
          "z": 0.0
        },
        "rotation_quaternion": {
          "w": 0.9983875155448914,
          "x": -0.05667661875486374,
          "y": 0.0016157717909663916,
          "z": 0.002773913787677884
        },
        "scale": {
          "x": 1.0,
          "y": 1.0,
          "z": 1.0
        },
        "matrix_basis": [
          [
            0.9999793767929077,
            -0.005722034722566605,
            0.0029119006358087063,
            0.0
          ],
          [
            0.005355728790163994,
            0.9935601353645325,
            0.11317942291498184,
            0.0
          ],
          [
            -0.003540764795616269,
            -0.11316149681806564,
            0.9935703277587891,
            0.0
          ],
          [
            0.0,
            0.0,
            0.0,
            1.0
          ]
        ],
        "rotation_mode": "QUATERNION"
      },
      "armature_space": {
        "head": {
          "x": 0.5245738625526428,
          "y": -0.24807187914848328,
          "z": 0.5482553243637085
        },
        "tail": {
          "x": 0.6210079193115234,
          "y": -0.28723663091659546,
          "z": 0.5513859987258911
        }
      },
      "world_space": {
        "head": {
          "x": 0.5245738625526428,
          "y": -0.18482787907123566,
          "z": 1.4981093406677246
        },
        "tail": {
          "x": 0.6210079193115234,
          "y": -0.22399263083934784,
          "z": 1.5012400150299072
        },
        "rotation_quaternion": {
          "w": 0.4430932402610779,
          "x": 0.5260679721832275,
          "y": 0.3400181531906128,
          "z": -0.6413335800170898
        },
        "matrix": [
          [
            -0.053841449320316315,
            0.92608642578125,
            -0.3734499216079712,
            0.5245738625526428
          ],
          [
            -0.21059654653072357,
            -0.3761114180088043,
            -0.9023245573043823,
            -0.18482787907123566
          ],
          [
            -0.9760962724685669,
            0.03006458841264248,
            0.21528156101703644,
            1.4981093406677246
          ],
          [
            0.0,
            0.0,
            0.0,
            1.0
          ]
        ]
      },
      "bone_length_armature_space": 0.10413071519862632,
      "parent": "lowerarm_l",
      "has_children": true,
      "is_end_bone": false
    },
    "pinky_01_l": {
      "name": "pinky_01_l",
      "local": {
        "location": {
          "x": 0.0,
          "y": 0.0,
          "z": 0.0
        },
        "rotation_quaternion": {
          "w": 0.9911487698554993,
          "x": -0.13243167102336884,
          "y": 0.009266852401196957,
          "z": -0.0004342790343798697
        },
        "scale": {
          "x": 1.0,
          "y": 1.0,
          "z": 1.0
        },
        "matrix_basis": [
          [
            0.9998278617858887,
            -0.0015935791889205575,
            0.018484683707356453,
            0.0
          ],
          [
            -0.003315319772809744,
            0.9649233222007751,
            0.26251092553138733,
            0.0
          ],
          [
            -0.018254633992910385,
            -0.2625270187854767,
            0.9647519588470459,
            0.0
          ],
          [
            0.0,
            0.0,
            0.0,
            1.0
          ]
        ],
        "rotation_mode": "QUATERNION"
      },
      "armature_space": {
        "head": {
          "x": 0.6210079193115234,
          "y": -0.28723663091659546,
          "z": 0.5513859987258911
        },
        "tail": {
          "x": 0.6398464441299438,
