{
  "metadata": {
    "armature_name": "KIM_caucasian_male",
    "export_time": "2026-01-13T20:26:35.301662",
    "blender_version": "4.4.1",
    "bone_count": 56,
    "end_bone_count": 13,
    "spaces_included": [
      "LOCAL_CHANNELS",
      "ARMATURE_SPACE",
      "WORLD_SPACE"
    ],
    "note": "LOCAL matches Transform panel; replay pose via local.matrix_basis for best fidelity."
  },
  "bones": {
    "Root": {
      "name": "Root",
      "local": {
        "location": {
          "x": 0.0,
          "y": 0.0,
          "z": 0.0
        },
        "rotation_quaternion": {
          "w": 0.9997835755348206,
          "x": -0.007289281114935875,
          "y": -0.008990527130663395,
          "z": -0.01729213073849678
        },
        "scale": {
          "x": 1.0,
          "y": 1.0,
          "z": 1.0
        },
        "matrix_basis": [
          [
            0.9992402791976929,
            0.034707844257354736,
            -0.01772506907582283,
            0.0
          ],
          [
            -0.03444570675492287,
            0.999295711517334,
            0.014886338263750076,
            0.0
          ],
          [
            0.018229257315397263,
            -0.014264476485550404,
            0.9997320771217346,
            0.0
          ],
          [
            0.0,
            0.0,
            0.0,
            1.0
          ]
        ],
        "rotation_mode": "QUATERNION"
      },
      "armature_space": {
        "head": {
          "x": 0.0,
          "y": 0.07072800397872925,
          "z": -0.009595036506652832
        },
        "tail": {
          "x": 0.002477302448824048,
          "y": 0.00018668174743652344,
          "z": 0.0010021468624472618
        }
      },
      "world_space": {
        "head": {
          "x": 0.0,
          "y": 0.13397200405597687,
          "z": 0.9402589797973633
        },
        "tail": {
          "x": 0.002477302448824048,
          "y": 0.06343068182468414,
          "z": 0.9508561491966248
        },
        "rotation_quaternion": {
          "w": 0.07462579756975174,
          "x": 0.9970212578773499,
          "y": 0.016647176817059517,
          "z": -0.010135039687156677
        },
        "matrix": [
          [
            0.9992402791976929,
            0.034707844257354736,
            -0.01772506907582283,
            0.0
          ],
          [
            0.03168249875307083,
            -0.9883077144622803,
            -0.14914488792419434,
            0.13397200405597687
          ],
          [
            -0.02269444614648819,
            0.14847011864185333,
            -0.9886635541915894,
            0.9402589797973633
          ],
          [
            0.0,
            0.0,
            0.0,
            1.0
          ]
        ]
      },
      "bone_length_armature_space": 0.07137587308650638,
      "parent": null,
      "has_children": true,
      "is_end_bone": false
    },
    "spine_01": {
      "name": "spine_01",
      "local": {
        "location": {
          "x": 0.0,
          "y": 0.0,
          "z": 0.0
        },
        "rotation_quaternion": {
          "w": 0.9968675374984741,
          "x": -0.026997219771146774,
          "y": -0.051702216267585754,
          "z": 0.05341590568423271
        },
        "scale": {
          "x": 1.0,
          "y": 1.0,
          "z": 1.0
        },
        "matrix_basis": [
          [
            0.9889472723007202,
            -0.10370553284883499,
            -0.10596468299627304,
            0.0
          ],
          [
            0.10928879678249359,
            0.9928357601165771,
            0.04830186441540718,
            0.0
          ],
          [
            0.10019636154174805,
            -0.05934874713420868,
            0.9931960701942444,
            0.0
          ],
          [
            0.0,
            0.0,
            0.0,
            1.0
          ]
        ],
        "rotation_mode": "QUATERNION"
      },
      "armature_space": {
        "head": {
          "x": 0.002477302448824048,
          "y": 0.00018668174743652344,
          "z": 0.0010021468624472618
        },
        "tail": {
          "x": -0.039014946669340134,
          "y": 0.05733419954776764,
          "z": 0.48386967182159424
        }
      },
      "world_space": {
        "head": {
          "x": 0.002477302448824048,
          "y": 0.06343068182468414,
          "z": 0.9508561491966248
        },
        "tail": {
          "x": -0.039014946669340134,
          "y": 0.12057819962501526,
          "z": 1.4337236881256104
        },
        "rotation_quaternion": {
          "w": 0.745316207408905,
          "x": 0.6643698811531067,
          "y": -0.055283062160015106,
          "z": 0.0077605172991752625
        },
        "matrix": [
          [
            0.9937671422958374,
            -0.0850248858332634,
            -0.07209445536136627,
            0.002477302448824048
          ],
          [
            -0.06188813969492912,
            0.11710527539253235,
            -0.9911893606185913,
            0.06343068182468414
          ],
          [
            0.09271899610757828,
            0.989480197429657,
            0.11111320555210114,
            0.9508561491966248
          ],
          [
            0.0,
            0.0,
            0.0,
            1.0
          ]
        ]
      },
      "bone_length_armature_space": 0.488004618484413,
      "parent": "Root",
      "has_children": true,
      "is_end_bone": false
    },
    "neck_01": {
      "name": "neck_01",
      "local": {
        "location": {
          "x": 0.0,
          "y": 0.0,
          "z": 0.0
        },
        "rotation_quaternion": {
          "w": 0.9933741092681885,
          "x": -0.11182867735624313,
          "y": -0.016843555495142937,
          "z": 0.020458785817027092
        },
        "scale": {
          "x": 1.0,
          "y": 1.0,
          "z": 1.0
        },
        "matrix_basis": [
          [
            0.9985954761505127,
            -0.036879271268844604,
            -0.038039661943912506,
            0.0
          ],
          [
            0.04441364109516144,
            0.9741515517234802,
            0.22148622572422028,
            0.0
          ],
          [
            0.028888145461678505,
            -0.22286462783813477,
            0.9744212627410889,
            0.0
          ],
          [
            0.0,
            0.0,
            0.0,
            1.0
          ]
        ],
        "rotation_mode": "QUATERNION"
      },
      "armature_space": {
        "head": {
          "x": -0.04774060845375061,
          "y": 0.031533583998680115,
          "z": 0.560171365737915
        },
        "tail": {
          "x": -0.06126268208026886,
          "y": 0.026948751881718636,
          "z": 0.6616942882537842
        }
      },
      "world_space": {
        "head": {
          "x": -0.04774060845375061,
          "y": 0.09477758407592773,
          "z": 1.5100253820419312
        },
        "tail": {
          "x": -0.06126268208026886,
          "y": 0.0901927500963211,
          "z": 1.6115483045578003
        },
        "rotation_quaternion": {
          "w": 0.6863144636154175,
          "x": 0.7226693630218506,
          "y": -0.08131347596645355,
          "z": 0.01046871580183506
        },
        "matrix": [
          [
            0.9865569472312927,
            -0.13189522922039032,
            -0.0964832678437233,
            -0.04774060845375061
          ],
          [
            -0.1031566932797432,
            -0.04472075402736664,
            -0.9936594367027283,
            0.09477758407592773
          ],
          [
            0.12674492597579956,
            0.9902611970901489,
            -0.05772675573825836,
            1.5100253820419312
          ],
          [
            0.0,
            0.0,
            0.0,
            1.0
          ]
        ]
      },
      "bone_length_armature_space": 0.10252205251346963,
      "parent": "spine_01",
      "has_children": true,
      "is_end_bone": false
    },
    "head": {
      "name": "head",
      "local": {
        "location": {
          "x": 0.0,
          "y": 0.0,
          "z": 0.0
        },
        "rotation_quaternion": {
          "w": 0.9807915687561035,
          "x": -0.09485165029764175,
          "y": -0.10970039665699005,
          "z": -0.13044868409633636
        },
        "scale": {
          "x": 1.0,
          "y": 1.0,
          "z": 1.0
        },
        "matrix_basis": [
          [
            0.9418979287147522,
            0.27669647336006165,
            -0.19043990969657898,
            0.0
          ],
          [
            -0.23507541418075562,
            0.9479725956916809,
            0.21467994153499603,
            0.0
          ],
          [
            0.23993299901485443,
            -0.15743885934352875,
            0.9579379558563232,
            0.0
          ],
          [
            0.0,
            0.0,
            0.0,
            1.0
          ]
        ],
        "rotation_mode": "QUATERNION"
      },
      "armature_space": {
        "head": {
          "x": -0.06126268953084946,
          "y": 0.0269485991448164,
          "z": 0.6616941690444946
        },
        "tail": {
          "x": -0.028557203710079193,
          "y": 0.09210781008005142,
          "z": 0.798580527305603
        }
      },
      "world_space": {
        "head": {
          "x": -0.06126268953084946,
          "y": 0.09019260108470917,
          "z": 1.6115481853485107
        },
        "tail": {
          "x": -0.028557203710079193,
          "y": 0.15535181760787964,
          "z": 1.7484345436096191
        },
        "rotation_quaternion": {
          "w": 0.8374496102333069,
          "x": 0.5065885782241821,
          "y": -0.09352512657642365,
          "z": -0.18248119950294495
        },
        "matrix": [
          [
            0.9159069657325745,
            0.21088039875030518,
            -0.3415316939353943,
            -0.06126268953084946
          ],
          [
            -0.4003959894180298,
            0.4201374650001526,
            -0.8143510818481445,
            0.09019260108470917
          ],
          [
            -0.028241001069545746,
            0.8826242685317993,
            0.46924495697021484,
            1.6115481853485107
          ],
          [
            0.0,
            0.0,
            0.0,
            1.0
          ]
        ]
      },
      "bone_length_armature_space": 0.1550910905401364,
      "parent": "neck_01",
      "has_children": false,
      "is_end_bone": true
    },
    "upperarm_l": {
      "name": "upperarm_l",
      "local": {
        "location": {
          "x": 0.0,
          "y": 0.0,
          "z": 0.0
        },
        "rotation_quaternion": {
          "w": 0.8368240594863892,
          "x": 0.36990419030189514,
          "y": 0.37075069546699524,
          "z": 0.1595008224248886
        },
        "scale": {
          "x": 1.0,
          "y": 1.0,
          "z": 1.0
        },
        "matrix_basis": [
          [
            0.6742067933082581,
            0.007336220238357782,
            0.7385062575340271,
            0.0
          ],
          [
            0.541232705116272,
            0.6754607558250427,
            -0.5008193850517273,
            0.0
          ],
          [
            -0.5025061368942261,
            0.7373595237731934,
            0.4514296352863312,
            0.0
          ],
          [
            0.0,
            0.0,
            0.0,
            1.0
          ]
        ],
        "rotation_mode": "QUATERNION"
      },
      "armature_space": {
        "head": {
          "x": 0.10680889338254929,
          "y": 0.011218950152397156,
          "z": 0.5079328417778015
        },
        "tail": {
          "x": 0.28124284744262695,
          "y": -0.19028206169605255,
          "z": 0.5358215570449829
        }
      },
      "world_space": {
        "head": {
          "x": 0.10680889338254929,
          "y": 0.07446295022964478,
          "z": 1.4577867984771729
        },
        "tail": {
          "x": 0.28124284744262695,
          "y": -0.12703806161880493,
          "z": 1.485675573348999
        },
        "rotation_quaternion": {
          "w": 0.17343838512897491,
          "x": 0.8771190643310547,
          "y": 0.306498259305954,
          "z": -0.326557993888855
        },
        "matrix": [
          [
            0.59883713722229,
            0.6509472131729126,
            -0.4665425717830658,
            0.10680889338254929
          ],
          [
            0.42439591884613037,
            -0.7519552111625671,
            -0.5044323205947876,
            0.07446295022964478
          ],
          [
            -0.6791821122169495,
            0.1040741354227066,
            -0.7265634536743164,
            1.4577867984771729
          ],
          [
            0.0,
            0.0,
            0.0,
            1.0
          ]
        ]
      },
      "bone_length_armature_space": 0.2679694776535581,
      "parent": "spine_01",
      "has_children": true,
      "is_end_bone": false
    },
    "lowerarm_l": {
      "name": "lowerarm_l",
      "local": {
        "location": {
          "x": 0.0,
          "y": 0.0,
          "z": 0.0
        },
        "rotation_quaternion": {
          "w": 0.8589020371437073,
          "x": 0.384564071893692,
          "y": 0.15105116367340088,
          "z": -0.30262407660484314
        },
        "scale": {
          "x": 1.0,
          "y": 1.0,
          "z": 1.0
        },
        "matrix_basis": [
          [
            0.77120441198349,
            0.6360265612602234,
            0.026719609275460243,
            0.0
          ],
          [
            -0.40367117524147034,
            0.5210582613945007,
            -0.7520291805267334,
            0.0
          ],
          [
            -0.492233008146286,
            0.569182276725769,
            0.6585880517959595,
            0.0
          ],
          [
            0.0,
            0.0,
            0.0,
            1.0
          ]
        ],
        "rotation_mode": "QUATERNION"
      },
      "armature_space": {
        "head": {
          "x": 0.2812427878379822,
          "y": -0.1902821958065033,
          "z": 0.5358215570449829
        },
        "tail": {
          "x": 0.358366459608078,
          "y": -0.3244367837905884,
          "z": 0.31759101152420044
        }
      },
      "world_space": {
        "head": {
          "x": 0.2812427878379822,
          "y": -0.12703819572925568,
          "z": 1.485675573348999
        },
        "tail": {
          "x": 0.358366459608078,
          "y": -0.26119279861450195,
          "z": 1.2674450874328613
        },
        "rotation_quaternion": {
          "w": 0.36244067549705505,
          "x": -0.7916101217269897,
          "y": -0.34337085485458374,
          "z": 0.3522595167160034
        },
        "matrix": [
          [
            0.5160187482833862,
            0.2882864475250244,
            -0.8066074848175049,
            0.2812427878379822
          ],
          [
            0.7989785671234131,
            -0.5014665722846985,
            0.3319108486175537,
            -0.12703819572925568
          ],
          [
            -0.30880263447761536,
            -0.8157404065132141,
            -0.48910412192344666,
            1.485675573348999
          ],
          [
            0.0,
            0.0,
            0.0,
            1.0
          ]
        ]
      },
      "bone_length_armature_space": 0.2675258548875108,
      "parent": "upperarm_l",
      "has_children": true,
      "is_end_bone": false
    },
    "metacarpal_thumb_l": {
      "name": "metacarpal_thumb_l",
      "local": {
        "location": {
          "x": 0.0,
          "y": 0.0,
          "z": 0.0
        },
        "rotation_quaternion": {
          "w": 0.9995027184486389,
          "x": -0.015252677723765373,
          "y": 0.02047661319375038,
          "z": -0.018502628430724144
        },
        "scale": {
          "x": 1.0,
          "y": 1.0,
          "z": 1.0
        },
        "matrix_basis": [
          [
            0.9984767436981201,
            0.03636220842599869,
            0.04149729013442993,
            0.0
          ],
          [
            -0.037611499428749084,
            0.9988499879837036,
            0.029732443392276764,
            0.0
          ],
          [
            -0.04036843031644821,
            -0.031247928738594055,
            0.9986961483955383,
            0.0
          ],
          [
            0.0,
            0.0,
            0.0,
            1.0
          ]
        ],
        "rotation_mode": "QUATERNION"
      },
      "armature_space": {
        "head": {
          "x": 0.358366459608078,
          "y": -0.3244367837905884,
          "z": 0.31759101152420044
        },
        "tail": {
          "x": 0.3515763282775879,
          "y": -0.3293648064136505,
          "z": 0.2687727212905884
        }
      },
      "world_space": {
        "head": {
          "x": 0.358366459608078,
          "y": -0.26119279861450195,
          "z": 1.2674450874328613
        },
        "tail": {
          "x": 0.3515763282775879,
          "y": -0.2661207914352417,
          "z": 1.2186267375946045
        },
        "rotation_quaternion": {
          "w": 0.6291906237602234,
          "x": -0.7241045832633972,
          "y": 0.23318469524383545,
          "z": -0.15942618250846863
        },
        "matrix": [
          [
            0.8404159545898438,
            -0.13708142936229706,
            0.5243182182312012,
            0.358366459608078
          ],
          [
            -0.5383197665214539,
            -0.09948863089084625,
            0.8368477821350098,
            -0.26119279861450195
          ],
          [
            -0.06255336105823517,
            -0.9855579137802124,
            -0.15740573406219482,
            1.2674450874328613
          ],
          [
            0.0,
            0.0,
            0.0,
            1.0
          ]
        ]
      },
      "bone_length_armature_space": 0.049533994958682034,
      "parent": "lowerarm_l",
      "has_children": true,
      "is_end_bone": false
    },
    "thumb_01_l": {
      "name": "thumb_01_l",
      "local": {
        "location": {
          "x": 0.0,
          "y": 0.0,
          "z": 0.0
        },
        "rotation_quaternion": {
          "w": 0.9993978142738342,
          "x": -0.031826119869947433,
          "y": 0.01323828473687172,
          "z": -0.004002855159342289
        },
        "scale": {
          "x": 1.0,
          "y": 1.0,
          "z": 1.0
        },
        "matrix_basis": [
          [
            0.9996174573898315,
            0.0071582430973649025,
            0.026715416461229324,
            0.0
          ],
          [
            -0.00884353555738926,
            0.9979421496391296,
            0.06350792944431305,
            0.0
          ],
          [
            -0.02620583586394787,
            -0.06371989101171494,
            0.9976236820220947,
            0.0
          ],
          [
            0.0,
            0.0,
            0.0,
            1.0
          ]
        ],
        "rotation_mode": "QUATERNION"
      },
      "armature_space": {
        "head": {
          "x": 0.3515763282775879,
          "y": -0.3293648064136505,
          "z": 0.2687727212905884
        },
        "tail": {
          "x": 0.3562548756599426,
          "y": -0.3074440062046051,
          "z": 0.24315586686134338
        }
      },
      "world_space": {
        "head": {
          "x": 0.3515763282775879,
          "y": -0.2661207914352417,
          "z": 1.2186267375946045
        },
        "tail": {
          "x": 0.3562548756599426,
          "y": -0.24420000612735748,
          "z": 1.193009853363037
        },
        "rotation_quaternion": {
          "w": 0.4852905869483948,
          "x": -0.15812411904335022,
          "y": 0.7658277153968811,
          "z": -0.3911494016647339
        },
        "matrix": [
          [
            -0.47898098826408386,
            0.1374484747648239,
            0.8669977188110352,
            0.3515763282775879
          ],
          [
            -0.6218336224555969,
            0.6439986228942871,
            -0.4456333816051483,
            -0.2661207914352417
          ],
          [
            -0.6196016669273376,
            -0.752582848072052,
            -0.222994863986969,
            1.2186267375946045
          ],
          [
            0.0,
            0.0,
            0.0,
            1.0
          ]
        ]
      },
      "bone_length_armature_space": 0.03403870578159971,
      "parent": "metacarpal_thumb_l",
      "has_children": true,
      "is_end_bone": false
    },
    "thumb_02_l": {
      "name": "thumb_02_l",
      "local": {
        "location": {
          "x": 0.0,
          "y": 0.0,
          "z": 0.0
        },
        "rotation_quaternion": {
          "w": 0.9948997497558594,
          "x": 0.10039118677377701,
          "y": 0.008567377924919128,
          "z": -0.004775197710841894
        },
        "scale": {
          "x": 1.0,
          "y": 1.0,
          "z": 1.0
        },
        "matrix_basis": [
          [
            0.999807596206665,
            0.011221864260733128,
            0.016088588163256645,
            0.0
          ],
          [
            -0.007781507447361946,
            0.9797976016998291,
            -0.19984015822410583,
            0.0
          ],
          [
            -0.018006140366196632,
            0.199676513671875,
            0.9796963930130005,
            0.0
          ],
          [
            0.0,
            0.0,
            0.0,
            1.0
          ]
        ],
        "rotation_mode": "QUATERNION"
      },
      "armature_space": {
        "head": {
          "x": 0.3562548756599426,
          "y": -0.3074439764022827,
          "z": 0.24315591156482697
        },
        "tail": {
          "x": 0.36804312467575073,
          "y": -0.3284614384174347,
          "z": 0.21102339029312134
        }
      },
      "world_space": {
        "head": {
          "x": 0.3562548756599426,
          "y": -0.2441999763250351,
          "z": 1.1930099725723267
        },
        "tail": {
          "x": 0.36804312467575073,
          "y": -0.2652174234390259,
          "z": 1.1608774662017822
        },
        "rotation_quaternion": {
          "w": 0.14002534747123718,
          "x": 0.05296460911631584,
          "y": 0.4677073657512665,
          "z": -0.8711127638816833
        },
        "matrix": [
          [
            -0.9551751613616943,
            0.29349982738494873,
            0.0387066975235939,
            0.3562548756599426
          ],
          [
            -0.19441312551498413,
            -0.5232857465744019,
            -0.8296841382980347,
            -0.2441999763250351
          ],
          [
            -0.22325929999351501,
            -0.800024688243866,
            0.5568928718566895,
            1.1930099725723267
          ],
          [
            0.0,
            0.0,
            0.0,
            1.0
          ]
        ]
      },
      "bone_length_armature_space": 0.04016460422539814,
      "parent": "thumb_01_l",
      "has_children": true,
      "is_end_bone": false
    },
    "thumb_03_l": {
      "name": "thumb_03_l",
      "local": {
        "location": {
          "x": 0.0,
          "y": 0.0,
          "z": 0.0
        },
        "rotation_quaternion": {
          "w": 0.9987846612930298,
          "x": 0.04840049147605896,
          "y": 0.008616900071501732,
          "z": -0.00353060569614172
        },
        "scale": {
          "x": 1.0,
          "y": 1.0,
          "z": 1.0
        },
        "matrix_basis": [
          [
            0.9998265504837036,
            0.007886754348874092,
            0.01687108911573887,
            0.0
          ],
          [
            -0.0062185050919651985,
            0.9952898621559143,
            -0.09674417972564697,
            0.0
          ],
          [
            -0.017554622143507004,
            0.09662248939275742,
            0.9951663017272949,
            0.0
          ],
          [
            0.0,
            0.0,
            0.0,
            1.0
          ]
        ],
        "rotation_mode": "QUATERNION"
      },
      "armature_space": {
        "head": {
          "x": 0.36804306507110596,
          "y": -0.32846134901046753,
          "z": 0.21102339029312134
        },
        "tail": {
          "x": 0.38012218475341797,
          "y": -0.35150113701820374,
          "z": 0.19520701467990875
        }
      },
      "world_space": {
        "head": {
          "x": 0.36804306507110596,
          "y": -0.2652173638343811,
          "z": 1.1608774662017822
        },
        "tail": {
          "x": 0.38012218475341797,
          "y": -0.2882571220397949,
          "z": 1.1450610160827637
        },
        "rotation_quaternion": {
          "w": 0.11478835344314575,
          "x": 0.29197898507118225,
          "y": 0.32930031418800354,
          "z": -0.8905802965164185
        },
        "matrix": [
          [
            -0.8031441569328308,
            0.3967539370059967,
            -0.44446104764938354,
            0.36804306507110596
          ],
          [
            -0.012160055339336395,
            -0.7567704319953918,
            -0.6535677909851074,
            -0.2652173638343811
          ],
          [
            -0.5956646800041199,
            -0.5195086598396301,
            0.6126240491867065,
            1.1608774662017822
          ],
          [
            0.0,
            0.0,
            0.0,
            1.0
          ]
        ]
      },
      "bone_length_armature_space": 0.030444944730482433,
      "parent": "thumb_02_l",
      "has_children": false,
      "is_end_bone": true
    },
    "metacarpal_index_l": {
      "name": "metacarpal_index_l",
      "local": {
        "location": {
          "x": 0.0,
          "y": 0.0,
          "z": 0.0
        },
        "rotation_quaternion": {
          "w": 0.999687910079956,
          "x": -0.0235054399818182,
          "y": 0.003627709113061428,
          "z": -0.007647221442312002
        },
        "scale": {
          "x": 1.0,
          "y": 1.0,
          "z": 1.0
        },
        "matrix_basis": [
          [
            0.99985671043396,
            0.015119127929210663,
            0.007612656336277723,
            0.0
          ],
          [
            -0.015460211783647537,
            0.9987780451774597,
            0.046940725296735764,
            0.0
          ],
          [
            -0.006893651094287634,
            -0.04705169051885605,
            0.9988686442375183,
            0.0
          ],
          [
            0.0,
            0.0,
            0.0,
            1.0
          ]
        ],
        "rotation_mode": "QUATERNION"
      },
      "armature_space": {
        "head": {
          "x": 0.358366459608078,
          "y": -0.3244367837905884,
          "z": 0.31759101152420044
        },
        "tail": {
          "x": 0.3669189214706421,
          "y": -0.36866527795791626,
          "z": 0.20942406356334686
        }
      },
      "world_space": {
        "head": {
          "x": 0.358366459608078,
          "y": -0.26119279861450195,
          "z": 1.2674450874328613
        },
        "tail": {
          "x": 0.3669189214706421,
          "y": -0.30542129278182983,
          "z": 1.1592780351638794
        },
        "rotation_quaternion": {
          "w": 0.5555935502052307,
          "x": -0.8298367261886597,
          "y": -0.05081827938556671,
          "z": 0.010215151123702526
        },
        "matrix": [
          [
            0.9946262240409851,
            0.07299072295427322,
            -0.07342280447483063,
            0.358366459608078
          ],
          [
            0.09569323062896729,
            -0.3774671256542206,
            0.9210655093193054,
            -0.26119279861450195
          ],
          [
            0.03951511159539223,
            -0.9231488108634949,
            -0.38242530822753906,
            1.2674450874328613
          ],
          [
            0.0,
            0.0,
            0.0,
            1.0
          ]
        ]
      },
      "bone_length_armature_space": 0.11717249425291192,
      "parent": "lowerarm_l",
      "has_children": true,
      "is_end_bone": false
    },
    "index_01_l": {
      "name": "index_01_l",
      "local": {
        "location": {
          "x": 0.0,
          "y": 0.0,
          "z": 0.0
        },
        "rotation_quaternion": {
          "w": 0.9946634769439697,
          "x": -0.10286292433738708,
          "y": -0.003631190862506628,
          "z": -0.007121962029486895
        },
        "scale": {
          "x": 1.0,
          "y": 1.0,
          "z": 1.0
        },
        "matrix_basis": [
          [
            0.9998722076416016,
            0.014914941042661667,
            -0.005758454091846943,
            0.0
          ],
          [
            -0.013420880772173405,
            0.9787369966506958,
            0.2046797126531601,
            0.0
          ],
          [
            0.008688797242939472,
            -0.2045762687921524,
            0.978812038898468,
            0.0
          ],
          [
            0.0,
            0.0,
            0.0,
            1.0
          ]
        ],
        "rotation_mode": "QUATERNION"
      },
      "armature_space": {
        "head": {
          "x": 0.3669189214706421,
          "y": -0.36866527795791626,
          "z": 0.20942406356334686
        },
        "tail": {
          "x": 0.37906691431999207,
          "y": -0.38595956563949585,
          "z": 0.19028225541114807
        }
      },
      "world_space": {
        "head": {
          "x": 0.3669189214706421,
          "y": -0.30542129278182983,
          "z": 1.1592780351638794
        },
        "tail": {
          "x": 0.37906691431999207,
          "y": -0.3227155804634094,
          "z": 1.1401362419128418
        },
        "rotation_quaternion": {
          "w": 0.403889924287796,
          "x": -0.8875569701194763,
          "y": -0.1833505928516388,
          "z": -0.12449188530445099
        },
        "matrix": [
          [
            0.9017687439918518,
            0.42603033781051636,
            0.07287895679473877,
            0.3669189214706421
          ],
          [
            0.2249077707529068,
            -0.6065112352371216,
            0.7626013159751892,
            -0.30542129278182983
          ],
          [
            0.36909621953964233,
            -0.6713042259216309,
            -0.6427541971206665,
            1.1592780351638794
          ],
          [
            0.0,
            0.0,
            0.0,
            1.0
          ]
        ]
      },
      "bone_length_armature_space": 0.02851446885057915,
      "parent": "metacarpal_index_l",
      "has_children": true,
      "is_end_bone": false
    },
    "index_02_l": {
      "name": "index_02_l",
      "local": {
        "location": {
          "x": 0.0,
          "y": 0.0,
          "z": 0.0
        },
        "rotation_quaternion": {
          "w": 0.9985244274139404,
          "x": 0.05406452715396881,
          "y": -0.0001504374813521281,
          "z": 0.005116364452987909
        },
        "scale": {
          "x": 1.0,
          "y": 1.0,
          "z": 1.0
        },
        "matrix_basis": [
          [
            0.9999476075172424,
            -0.010233896784484386,
            0.0002527966571506113,
            0.0
          ],
          [
            0.010201362892985344,
            0.9941017031669617,
            -0.10797104239463806,
            0.0
          ],
          [
            0.0008536586537957191,
            0.10796796530485153,
            0.9941540360450745,
            0.0
          ],
          [
            0.0,
            0.0,
            0.0,
            1.0
          ]
        ],
        "rotation_mode": "QUATERNION"
      },
      "armature_space": {
        "head": {
          "x": 0.3790668845176697,
          "y": -0.3859596252441406,
          "z": 0.1902816891670227
        },
        "tail": {
          "x": 0.3904188573360443,
          "y": -0.39997598528862,
          "z": 0.17203973233699799
        }
      },
      "world_space": {
        "head": {
          "x": 0.3790668845176697,
          "y": -0.3227156400680542,
          "z": 1.1401357650756836
        },
        "tail": {
          "x": 0.3904188573360443,
          "y": -0.3367319703102112,
          "z": 1.1218937635421753
        },
        "rotation_quaternion": {
          "w": 0.42826446890830994,
          "x": -0.8745685815811157,
          "y": -0.2083289623260498,
          "z": -0.0912054106593132
        },
        "matrix": [
          [
            0.8965611457824707,
            0.4425162076950073,
            -0.018910562619566917,
            0.3790668845176697
          ],
          [
            0.2862776517868042,
            -0.5463771820068359,
            0.7870941162109375,
            -0.3227156400680542
          ],
          [
            0.3379724323749542,
            -0.7110970616340637,
            -0.6165467500686646,
            1.1401357650756836
          ],
          [
            0.0,
            0.0,
            0.0,
            1.0
          ]
        ]
      },
      "bone_length_armature_space": 0.025653354966370653,
      "parent": "index_01_l",
      "has_children": true,
      "is_end_bone": false
    },
    "index_03_l": {
      "name": "index_03_l",
      "local": {
        "location": {
          "x": 0.0,
          "y": 0.0,
          "z": 0.0
        },
        "rotation_quaternion": {
          "w": 0.9997403621673584,
          "x": 0.022318463772535324,
          "y": 0.0014081398257985711,
          "z": 0.004392578266561031
        },
        "scale": {
          "x": 1.0,
          "y": 1.0,
          "z": 1.0
        },
        "matrix_basis": [
          [
            0.9999574422836304,
            -0.00872002076357603,
            0.003011619672179222,
            0.0
          ],
          [
            0.008845730684697628,
            0.9989652037620544,
            -0.04461296647787094,
            0.0
          ],
          [
            -0.0026194772217422724,
            0.044637709856033325,
            0.998999834060669,
            0.0
          ],
          [
            0.0,
            0.0,
            0.0,
            1.0
          ]
        ],
        "rotation_mode": "QUATERNION"
      },
      "armature_space": {
        "head": {
          "x": 0.3904188573360443,
          "y": -0.39997610449790955,
          "z": 0.17203980684280396
        },
        "tail": {
          "x": 0.4053391218185425,
          "y": -0.4119720458984375,
          "z": 0.14996670186519623
        }
      },
      "world_space": {
        "head": {
          "x": 0.3904188573360443,
          "y": -0.33673208951950073,
          "z": 1.1218938827514648
        },
        "tail": {
          "x": 0.4053391218185425,
          "y": -0.3487280607223511,
          "z": 1.0998207330703735
        },
        "rotation_quaternion": {
          "w": 0.4900750517845154,
          "x": -0.8304193615913391,
          "y": -0.2335546910762787,
          "z": -0.1252298355102539
        },
        "matrix": [
          [
            0.859539270401001,
            0.5106408596038818,
            -0.020933935418725014,
            0.3904188573360443
          ],
          [
            0.2651550769805908,
            -0.4105575680732727,
            0.872430682182312,
            -0.33673208951950073
          ],
          [
            0.43690770864486694,
            -0.7554447650909424,
            -0.4882921278476715,
            1.1218938827514648
          ],
          [
            0.0,
            0.0,
            0.0,
            1.0
          ]
        ]
      },
      "bone_length_armature_space": 0.029218810105006977,
      "parent": "index_02_l",
      "has_children": false,
      "is_end_bone": true
    },
    "metacarpal_pinky_l": {
      "name": "metacarpal_pinky_l",
      "local": {
        "location": {
          "x": 0.0,
          "y": 0.0,
          "z": 0.0
        },
        "rotation_quaternion": {
          "w": 0.9986103773117065,
          "x": -0.05166958272457123,
          "y": 0.005940216593444347,
          "z": -0.008504842408001423
        },
        "scale": {
          "x": 1.0,
          "y": 1.0,
          "z": 1.0
        },
        "matrix_basis": [
          [
            0.9997847676277161,
            0.016372190788388252,
            0.012742807157337666,
            0.0
          ],
          [
            -0.017599904909729958,
            0.9945158362388611,
            0.10309451818466187,
            0.0
          ],
          [
            -0.010985040105879307,
            -0.10329660773277283,
            0.9945899248123169,
            0.0
          ],
          [
            0.0,
            0.0,
            0.0,
            1.0
          ]
        ],
        "rotation_mode": "QUATERNION"
      },
      "armature_space": {
        "head": {
          "x": 0.358366459608078,
          "y": -0.3244367837905884,
          "z": 0.31759101152420044
        },
        "tail": {
          "x": 0.4188638925552368,
          "y": -0.37543895840644836,
          "z": 0.24989962577819824
        }
      },
      "world_space": {
        "head": {
          "x": 0.358366459608078,
          "y": -0.26119279861450195,
          "z": 1.2674450874328613
        },
        "tail": {
          "x": 0.4188638925552368,
          "y": -0.31219494342803955,
          "z": 1.1997536420822144
        },
        "rotation_quaternion": {
          "w": 0.066470205783844,
          "x": 0.4854421615600586,
          "y": 0.5006874799728394,
          "z": -0.7136103510856628
        },
        "matrix": [
          [
            -0.5198569297790527,
            0.5809755921363831,
            -0.626271665096283,
            0.358366459608078
          ],
          [
            0.3912396728992462,
            -0.48978978395462036,
            -0.7791262865066528,
            -0.26119279861450195
          ],
          [
            -0.7593998908996582,
            -0.650061309337616,
            0.027319245040416718,
            1.2674450874328613
          ],
          [
            0.0,
            0.0,
            0.0,
            1.0
          ]
        ]
      },
      "bone_length_armature_space": 0.10413109586771663,
      "parent": "lowerarm_l",
      "has_children": true,
      "is_end_bone": false
    },
    "pinky_01_l": {
      "name": "pinky_01_l",
      "local": {
        "location": {
          "x": 0.0,
          "y": 0.0,
          "z": 0.0
        },
        "rotation_quaternion": {
          "w": 0.9605762958526611,
          "x": 0.27725857496261597,
          "y": -0.01837272383272648,
          "z": -0.009136633016169071
        },
        "scale": {
          "x": 1.0,
          "y": 1.0,
          "z": 1.0
        },
        "matrix_basis": [
          [
            0.9991579055786133,
            0.007364875636994839,
            -0.04036322608590126,
            0.0
          ],
          [
            -0.027740856632590294,
            0.8460884094238281,
            -0.5323203206062317,
            0.0
          ],
          [
            0.030230386182665825,
            0.5329917669296265,
            0.8455802798271179,
            0.0
          ],
          [
            0.0,
            0.0,
            0.0,
            1.0
          ]
        ],
        "rotation_mode": "QUATERNION"
      },
      "armature_space": {
        "head": {
          "x": 0.4188638925552368,
          "y": -0.37543895840644836,
          "z": 0.24989962577819824
        },
        "tail": {
