{
  "metadata": {
    "armature_name": "KIM_caucasian_male",
    "export_time": "2026-01-13T20:26:52.557749",
    "blender_version": "4.4.1",
    "bone_count": 56,
    "end_bone_count": 13,
    "spaces_included": [
      "LOCAL_CHANNELS",
      "ARMATURE_SPACE",
      "WORLD_SPACE"
    ],
    "note": "LOCAL matches Transform panel; replay pose via local.matrix_basis for best fidelity."
  },
  "bones": {
    "Root": {
      "name": "Root",
      "local": {
        "location": {
          "x": 0.0,
          "y": 0.0,
          "z": 0.0
        },
        "rotation_quaternion": {
          "w": 0.9996408224105835,
          "x": 0.010883044451475143,
          "y": 0.017606349661946297,
          "z": 0.017023541033267975
        },
        "scale": {
          "x": 1.0,
          "y": 1.0,
          "z": 1.0
        },
        "matrix_basis": [
          [
            0.9988004565238953,
            -0.03365163132548332,
            0.03557058796286583,
            0.0
          ],
          [
            0.034418076276779175,
            0.9991835355758667,
            -0.021158825606107712,
            0.0
          ],
          [
            -0.0348295159637928,
            0.022357715293765068,
            0.999143123626709,
            0.0
          ],
          [
            0.0,
            0.0,
            0.0,
            1.0
          ]
        ],
        "rotation_mode": "QUATERNION"
      },
      "armature_space": {
        "head": {
          "x": 0.0,
          "y": 0.07072800397872925,
          "z": -0.009595036506652832
        },
        "tail": {
          "x": -0.0024019144475460052,
          "y": -0.0001567751169204712,
          "z": -0.0015891622751951218
        }
      },
      "world_space": {
        "head": {
          "x": 0.0,
          "y": 0.13397200405597687,
          "z": 0.9402589797973633
        },
        "tail": {
          "x": -0.0024019144475460052,
          "y": 0.06308722496032715,
          "z": 0.9482648372650146
        },
        "rotation_quaternion": {
          "w": 0.0564851388335228,
          "x": 0.9981030821800232,
          "y": -0.015798764303326607,
          "z": 0.018713191151618958
        },
        "matrix": [
          [
            0.9988004565238953,
            -0.03365163132548332,
            0.03557058796286583,
            0.0
          ],
          [
            -0.02942354790866375,
            -0.9931196570396423,
            -0.11334773898124695,
            0.13397200405597687
          ],
          [
            0.039140429347753525,
            0.11216499656438828,
            -0.9929254651069641,
            0.9402589797973633
          ],
          [
            0.0,
            0.0,
            0.0,
            1.0
          ]
        ]
      },
      "bone_length_armature_space": 0.07137587274246356,
      "parent": null,
      "has_children": true,
      "is_end_bone": false
    },
    "spine_01": {
      "name": "spine_01",
      "local": {
        "location": {
          "x": 0.0,
          "y": 0.0,
          "z": 0.0
        },
        "rotation_quaternion": {
          "w": 0.9967262744903564,
          "x": 0.048520538955926895,
          "y": -0.0504985935986042,
          "z": 0.040403224527835846
        },
        "scale": {
          "x": 1.0,
          "y": 1.0,
          "z": 1.0
        },
        "matrix_basis": [
          [
            0.9916349649429321,
            -0.08544234931468964,
            -0.09674577414989471,
            0.0
          ],
          [
            0.07564147561788559,
            0.992026686668396,
            -0.10080400109291077,
            0.0
          ],
          [
            0.10458732396364212,
            0.09264277666807175,
            0.9901912808418274,
            0.0
          ],
          [
            0.0,
            0.0,
            0.0,
            1.0
          ]
        ],
        "rotation_mode": "QUATERNION"
      },
      "armature_space": {
        "head": {
          "x": -0.0024019144475460052,
          "y": -0.0001567751169204712,
          "z": -0.0015891622751951218
        },
        "tail": {
          "x": -0.06400833278894424,
          "y": -0.03173896297812462,
          "z": 0.48147982358932495
        }
      },
      "world_space": {
        "head": {
          "x": -0.0024019144475460052,
          "y": 0.06308722496032715,
          "z": 0.9482648372650146
        },
        "tail": {
          "x": -0.06400833278894424,
          "y": 0.031505037099123,
          "z": 1.4313337802886963
        },
        "rotation_quaternion": {
          "w": 0.6781051754951477,
          "x": 0.729626476764679,
          "y": -0.08839952945709229,
          "z": -0.002031435025855899
        },
        "matrix": [
          [
            0.9843627214431763,
            -0.12624233961105347,
            -0.12285351753234863,
            -0.0024019144475460052
          ],
          [
            -0.1317530870437622,
            -0.06471743434667587,
            -0.9891678094863892,
            0.06308722496032715
          ],
          [
            0.11692476272583008,
            0.9898929595947266,
            -0.0803396925330162,
            0.9482648372650146
          ],
          [
            0.0,
            0.0,
            0.0,
            1.0
          ]
        ]
      },
      "bone_length_armature_space": 0.48800452020026647,
      "parent": "Root",
      "has_children": true,
      "is_end_bone": false
    },
    "neck_01": {
      "name": "neck_01",
      "local": {
        "location": {
          "x": 0.0,
          "y": 0.0,
          "z": 0.0
        },
        "rotation_quaternion": {
          "w": 0.9888757467269897,
          "x": -0.13786454498767853,
          "y": 0.05062010511755943,
          "z": 0.023577706888318062
        },
        "scale": {
          "x": 1.0,
          "y": 1.0,
          "z": 1.0
        },
        "matrix_basis": [
          [
            0.9937633872032166,
            -0.060588281601667404,
            0.09361293166875839,
            0.0
          ],
          [
            0.03267341107130051,
            0.9608749151229858,
            0.2750488221645355,
            0.0
          ],
          [
            -0.10661505162715912,
            -0.2702747881412506,
            0.9568619728088379,
            0.0
          ],
          [
            0.0,
            0.0,
            0.0,
            1.0
          ]
        ],
        "rotation_mode": "QUATERNION"
      },
      "armature_space": {
        "head": {
          "x": -0.0775122120976448,
          "y": -0.07078224420547485,
          "z": 0.5511720180511475
        },
        "tail": {
          "x": -0.09785985946655273,
          "y": -0.08820407092571259,
          "z": 0.6501326560974121
        }
      },
      "world_space": {
        "head": {
          "x": -0.0775122120976448,
          "y": -0.007538244128227234,
          "z": 1.5010260343551636
        },
        "tail": {
          "x": -0.09785985946655273,
          "y": -0.024960070848464966,
          "z": 1.5999866724014282
        },
        "rotation_quaternion": {
          "w": 0.6389857530593872,
          "x": 0.7626756429672241,
          "y": -0.0820373073220253,
          "z": 0.05738500505685806
        },
        "matrix": [
          [
            0.9799536466598511,
            -0.1984722763299942,
            -0.017310265451669693,
            -0.0775122120976448
          ],
          [
            -0.05180042237043381,
            -0.16993366181850433,
            -0.9840933084487915,
            -0.007538244128227234
          ],
          [
            0.19237489998340607,
            0.9652687907218933,
            -0.17681023478507996,
            1.5010260343551636
          ],
          [
            0.0,
            0.0,
            0.0,
            1.0
          ]
        ]
      },
      "bone_length_armature_space": 0.10252197214027162,
      "parent": "spine_01",
      "has_children": true,
      "is_end_bone": false
    },
    "head": {
      "name": "head",
      "local": {
        "location": {
          "x": 0.0,
          "y": 0.0,
          "z": 0.0
        },
        "rotation_quaternion": {
          "w": 0.9944443702697754,
          "x": 0.03638453036546707,
          "y": 0.07982873171567917,
          "z": -0.058171339333057404
        },
        "scale": {
          "x": 1.0,
          "y": 1.0,
          "z": 1.0
        },
        "matrix_basis": [
          [
            0.9804869294166565,
            0.12150538712739944,
            0.1545373946428299,
            0.0
          ],
          [
            -0.1098872572183609,
            0.9905844926834106,
            -0.08165226876735687,
            0.0
          ],
          [
            -0.16300353407859802,
            0.06307729333639145,
            0.9846071004867554,
            0.0
          ],
          [
            0.0,
            0.0,
            0.0,
            1.0
          ]
        ],
        "rotation_mode": "QUATERNION"
      },
      "armature_space": {
        "head": {
          "x": -0.09785984456539154,
          "y": -0.08820421248674393,
          "z": 0.6501325964927673
        },
        "tail": {
          "x": -0.10785189270973206,
          "y": -0.06849139928817749,
          "z": 0.803641140460968
        }
      },
      "world_space": {
        "head": {
          "x": -0.09785984456539154,
          "y": -0.024960212409496307,
          "z": 1.5999865531921387
        },
        "tail": {
          "x": -0.10785189270973206,
          "y": -0.005247399210929871,
          "z": 1.753495216369629
        },
        "rotation_quaternion": {
          "w": 0.7506633996963501,
          "x": 0.6587822437286377,
          "y": 0.007542971521615982,
          "z": 0.04953329265117645
        },
        "matrix": [
          [
            0.9949791431427002,
            -0.06442733108997345,
            0.07658816128969193,
            -0.09785984456539154
          ],
          [
            0.08430445194244385,
            0.1271054893732071,
            -0.9883002638816833,
            -0.024960212409496307
          ],
          [
            0.053939223289489746,
            0.9898017048835754,
            0.1318987011909485,
            1.5999865531921387
          ],
          [
            0.0,
            0.0,
            0.0,
            1.0
          ]
        ]
      },
      "bone_length_armature_space": 0.15509129344344944,
      "parent": "neck_01",
      "has_children": false,
      "is_end_bone": true
    },
    "upperarm_l": {
      "name": "upperarm_l",
      "local": {
        "location": {
          "x": 0.0,
          "y": 0.0,
          "z": 0.0
        },
        "rotation_quaternion": {
          "w": 0.8129370212554932,
          "x": 0.4473727345466614,
          "y": 0.18263697624206543,
          "z": -0.3250153958797455
        },
        "scale": {
          "x": 1.0,
          "y": 1.0,
          "z": 1.0
        },
        "matrix_basis": [
          [
            0.7220174670219421,
            0.6918476819992065,
            0.006138666067272425,
            0.0
          ],
          [
            -0.3650204837322235,
            0.38844525814056396,
            -0.8460913896560669,
            0.0
          ],
          [
            -0.5877507925033569,
            0.6086520552635193,
            0.5330027341842651,
            0.0
          ],
          [
            0.0,
            0.0,
            0.0,
            1.0
          ]
        ],
        "rotation_mode": "QUATERNION"
      },
      "armature_space": {
        "head": {
          "x": 0.07823487371206284,
          "y": -0.08935028314590454,
          "z": 0.501926064491272
        },
        "tail": {
          "x": 0.18783819675445557,
          "y": -0.243665874004364,
          "z": 0.31223681569099426
        }
      },
      "world_space": {
        "head": {
          "x": 0.07823487371206284,
          "y": -0.02610628306865692,
          "z": 1.451780080795288
        },
        "tail": {
          "x": 0.18783819675445557,
          "y": -0.1804218739271164,
          "z": 1.262090802192688
        },
        "rotation_quaternion": {
          "w": 0.10568902641534805,
          "x": -0.6086316108703613,
          "y": -0.44821178913116455,
          "z": 0.6461451649665833
        },
        "matrix": [
          [
            -0.23679539561271667,
            0.4090142548084259,
            -0.8812693357467651,
            0.07823487371206284
          ],
          [
            0.682172954082489,
            -0.575870156288147,
            -0.4505710005760193,
            -0.02610628306865692
          ],
          [
            -0.6917905807495117,
            -0.707876443862915,
            -0.14265650510787964,
            1.451780080795288
          ],
          [
            0.0,
            0.0,
            0.0,
            1.0
          ]
        ]
      },
      "bone_length_armature_space": 0.26797052659482884,
      "parent": "spine_01",
      "has_children": true,
      "is_end_bone": false
    },
    "lowerarm_l": {
      "name": "lowerarm_l",
      "local": {
        "location": {
          "x": 0.0,
          "y": 0.0,
          "z": 0.0
        },
        "rotation_quaternion": {
          "w": 0.8568109273910522,
          "x": 0.37177637219429016,
          "y": -0.3277921974658966,
          "z": 0.14216041564941406
        },
        "scale": {
          "x": 1.0,
          "y": 1.0,
          "z": 1.0
        },
        "matrix_basis": [
          [
            0.7446854114532471,
            -0.48733997344970703,
            -0.45600810647010803,
            0.0
          ],
          [
            -0.0001215928714373149,
            0.6831454634666443,
            -0.7302822470664978,
            0.0
          ],
          [
            0.6674156188964844,
            0.5438859462738037,
            0.5086691975593567,
            0.0
          ],
          [
            0.0,
            0.0,
            0.0,
            1.0
          ]
        ],
        "rotation_mode": "QUATERNION"
      },
      "armature_space": {
        "head": {
          "x": 0.18783821165561676,
          "y": -0.24366605281829834,
          "z": 0.31223684549331665
        },
        "tail": {
          "x": 0.1617981195449829,
          "y": -0.5092208385467529,
          "z": 0.2929506003856659
        }
      },
      "world_space": {
        "head": {
          "x": 0.18783821165561676,
          "y": -0.18042205274105072,
          "z": 1.2620909214019775
        },
        "tail": {
          "x": 0.1617981195449829,
          "y": -0.4459768533706665,
          "z": 1.2428046464920044
        },
        "rotation_quaternion": {
          "w": 0.05681144446134567,
          "x": -0.2745969295501709,
          "y": -0.021304901689291,
          "z": 0.9596431851387024
        },
        "matrix": [
          [
            -0.842738151550293,
            -0.09733721613883972,
            -0.5294508934020996,
            0.18783821165561676
          ],
          [
            0.1207379400730133,
            -0.9926373958587646,
            -0.00968901813030243,
            -0.18042205274105072
          ],
          [
            -0.5246131420135498,
            -0.0720914751291275,
            0.8482910990715027,
            1.2620909214019775
          ],
          [
            0.0,
            0.0,
            0.0,
            1.0
          ]
        ]
      },
      "bone_length_armature_space": 0.2675245571965502,
      "parent": "upperarm_l",
      "has_children": true,
      "is_end_bone": false
    },
    "metacarpal_thumb_l": {
      "name": "metacarpal_thumb_l",
      "local": {
        "location": {
          "x": 0.0,
          "y": 0.0,
          "z": 0.0
        },
        "rotation_quaternion": {
          "w": 0.9998351335525513,
          "x": -0.0038272077217698097,
          "y": 0.013594183139503002,
          "z": -0.0114187216386199
        },
        "scale": {
          "x": 1.0,
          "y": 1.0,
          "z": 1.0
        },
        "matrix_basis": [
          [
            0.9993696212768555,
            0.022729622200131416,
            0.027271287515759468,
            0.0
          ],
          [
            -0.022937733680009842,
            0.9997099041938782,
            0.007342697121202946,
            0.0
          ],
          [
            -0.027096480131149292,
            -0.007963609881699085,
            0.9996011257171631,
            0.0
          ],
          [
            0.0,
            0.0,
            0.0,
            1.0
          ]
        ],
        "rotation_mode": "QUATERNION"
      },
      "armature_space": {
        "head": {
          "x": 0.1617981195449829,
          "y": -0.5092208385467529,
          "z": 0.2929506003856659
        },
        "tail": {
          "x": 0.1356292963027954,
          "y": -0.5479050874710083,
          "z": 0.3094524145126343
        }
      },
      "world_space": {
        "head": {
          "x": 0.1617981195449829,
          "y": -0.4459768533706665,
          "z": 1.2428046464920044
        },
        "tail": {
          "x": 0.1356292963027954,
          "y": -0.4846611022949219,
          "z": 1.2593064308166504
        },
        "rotation_quaternion": {
          "w": 0.014842678792774677,
          "x": 0.8199783563613892,
          "y": -0.3305979371070862,
          "z": -0.4670335054397583
        },
        "matrix": [
          [
            0.3451688587665558,
            -0.5283039212226868,
            -0.7757278680801392,
            0.1617981195449829
          ],
          [
            -0.5560311079025269,
            -0.780968427658081,
            0.2844609022140503,
            -0.4459768533706665
          ],
          [
            -0.7561062574386597,
            0.33314308524131775,
            -0.5633230209350586,
            1.2428046464920044
          ],
          [
            0.0,
            0.0,
            0.0,
            1.0
          ]
        ]
      },
      "bone_length_armature_space": 0.04953370870954381,
      "parent": "lowerarm_l",
      "has_children": true,
      "is_end_bone": false
    },
    "thumb_01_l": {
      "name": "thumb_01_l",
      "local": {
        "location": {
          "x": 0.0,
          "y": 0.0,
          "z": 0.0
        },
        "rotation_quaternion": {
          "w": 0.9965152740478516,
          "x": -0.08095019310712814,
          "y": -0.005474017467349768,
          "z": 0.019350126385688782
        },
        "scale": {
          "x": 1.0,
          "y": 1.0,
          "z": 1.0
        },
        "matrix_basis": [
          [
            0.9991912245750427,
            -0.037679146975278854,
            -0.014042677357792854,
            0.0
          ],
          [
            0.03945164009928703,
            0.9861452579498291,
            0.1611243635416031,
            0.0
          ],
          [
            0.0077770911157131195,
            -0.16154804825782776,
            0.9868342280387878,
            0.0
          ],
          [
            0.0,
            0.0,
            0.0,
            1.0
          ]
        ],
        "rotation_mode": "QUATERNION"
      },
      "armature_space": {
        "head": {
          "x": 0.1356292963027954,
          "y": -0.5479050874710083,
          "z": 0.3094524145126343
        },
        "tail": {
          "x": 0.10179512202739716,
          "y": -0.5516278743743896,
          "z": 0.30933088064193726
        }
      },
      "world_space": {
        "head": {
          "x": 0.1356292963027954,
          "y": -0.4846611022949219,
          "z": 1.2593064308166504
        },
        "tail": {
          "x": 0.10179512202739716,
          "y": -0.4883838891983032,
          "z": 1.2591848373413086
        },
        "rotation_quaternion": {
          "w": 0.21610184013843536,
          "x": 0.7037681341171265,
          "y": -0.6313585638999939,
          "z": 0.243714839220047
        },
        "matrix": [
          [
            0.08397819101810455,
            -0.9939948320388794,
            0.07015909254550934,
            0.1356292963027954
          ],
          [
            -0.7833253145217896,
            -0.10937026143074036,
            -0.6119149923324585,
            -0.4846611022949219
          ],
          [
            0.6159167885780334,
            -0.0035702884197235107,
            -0.7878118753433228,
            1.2593064308166504
          ],
          [
            0.0,
            0.0,
            0.0,
            1.0
          ]
        ]
      },
      "bone_length_armature_space": 0.0340385845328528,
      "parent": "metacarpal_thumb_l",
      "has_children": true,
      "is_end_bone": false
    },
    "thumb_02_l": {
      "name": "thumb_02_l",
      "local": {
        "location": {
          "x": 0.0,
          "y": 0.0,
          "z": 0.0
        },
        "rotation_quaternion": {
          "w": 0.998108983039856,
          "x": 0.06102873757481575,
          "y": 0.0017353072762489319,
          "z": 0.007137857377529144
        },
        "scale": {
          "x": 1.0,
          "y": 1.0,
          "z": 1.0
        },
        "matrix_basis": [
          [
            0.9998920559883118,
            -0.01403691153973341,
            0.004335280507802963,
            0.0
          ],
          [
            0.014460526406764984,
            0.9924491047859192,
            -0.12180189043283463,
            0.0
          ],
          [
            -0.0025928227696567774,
            0.12185143679380417,
            0.992544949054718,
            0.0
          ],
          [
            0.0,
            0.0,
            0.0,
            1.0
          ]
        ],
        "rotation_mode": "QUATERNION"
      },
      "armature_space": {
        "head": {
          "x": 0.10179513692855835,
          "y": -0.5516278743743896,
          "z": 0.30933088064193726
        },
        "tail": {
          "x": 0.09060554951429367,
          "y": -0.5898986458778381,
          "z": 0.30450165271759033
        }
      },
      "world_space": {
        "head": {
          "x": 0.10179513692855835,
          "y": -0.4883838891983032,
          "z": 1.2591848373413086
        },
        "tail": {
          "x": 0.09060554951429367,
          "y": -0.5266546607017517,
          "z": 1.2543556690216064
        },
        "rotation_quaternion": {
          "w": 0.04746192321181297,
          "x": 0.7417811751365662,
          "y": -0.14601624011993408,
          "z": 0.6528303027153015
        },
        "matrix": [
          [
            0.10498365759849548,
            -0.27859464287757874,
            0.9546536803245544,
            0.10179513692855835
          ],
          [
            -0.15465471148490906,
            -0.9528530240058899,
            -0.2610618770122528,
            -0.4883838891983032
          ],
          [
            0.9823815226554871,
            -0.12023644149303436,
            -0.14312098920345306,
            1.2591848373413086
          ],
          [
            0.0,
            0.0,
            0.0,
            1.0
          ]
        ]
      },
      "bone_length_armature_space": 0.040164414625195204,
      "parent": "thumb_01_l",
      "has_children": true,
      "is_end_bone": false
    },
    "thumb_03_l": {
      "name": "thumb_03_l",
      "local": {
        "location": {
          "x": 0.0,
          "y": 0.0,
          "z": 0.0
        },
        "rotation_quaternion": {
          "w": 0.996148943901062,
          "x": 0.08741019666194916,
          "y": -0.005359860137104988,
          "z": 0.004246658179908991
        },
        "scale": {
          "x": 1.0,
          "y": 1.0,
          "z": 1.0
        },
        "matrix_basis": [
          [
            0.9999064803123474,
            -0.009397621266543865,
            -0.009936035610735416,
            0.0
          ],
          [
            0.007523595355451107,
            0.9846828579902649,
            -0.1741926670074463,
            0.0
          ],
          [
            0.01142084039747715,
            0.17410162091255188,
            0.9846614599227905,
            0.0
          ],
          [
            0.0,
            0.0,
            0.0,
            1.0
          ]
        ],
        "rotation_mode": "QUATERNION"
      },
      "armature_space": {
        "head": {
          "x": 0.09060550481081009,
          "y": -0.5898985862731934,
          "z": 0.3045017123222351
        },
        "tail": {
          "x": 0.09506628662347794,
          "y": -0.6188941597938538,
          "z": 0.2963621914386749
        }
      },
      "world_space": {
        "head": {
          "x": 0.09060550481081009,
          "y": -0.5266546010971069,
          "z": 1.2543556690216064
        },
        "tail": {
          "x": 0.09506628662347794,
          "y": -0.5556501746177673,
          "z": 1.2462161779403687
        },
        "rotation_quaternion": {
          "w": 0.1396162211894989,
          "x": -0.5820324420928955,
          "y": 0.06564919650554657,
          "z": -0.7983957529067993
        },
        "matrix": [
          [
            -0.2834911048412323,
            0.14652001857757568,
            0.9477156400680542,
            0.09060550481081009
          ],
          [
            -0.2993577718734741,
            -0.9523951411247253,
            0.05769616365432739,
            -0.5266546010971069
          ],
          [
            0.9110590815544128,
            -0.26735255122184753,
            0.31385982036590576,
            1.2543556690216064
          ],
          [
            0.0,
            0.0,
            0.0,
            1.0
          ]
        ]
      },
      "bone_length_armature_space": 0.030444928628703363,
      "parent": "thumb_02_l",
      "has_children": false,
      "is_end_bone": true
    },
    "metacarpal_index_l": {
      "name": "metacarpal_index_l",
      "local": {
        "location": {
          "x": 0.0,
          "y": 0.0,
          "z": 0.0
        },
        "rotation_quaternion": {
          "w": 0.9994235038757324,
          "x": -0.03234938532114029,
          "y": 0.002487062243744731,
          "z": 0.010001982562243938
        },
        "scale": {
          "x": 1.0,
          "y": 1.0,
          "z": 1.0
        },
        "matrix_basis": [
          [
            0.9997875690460205,
            -0.020153343677520752,
            0.0043241409584879875,
            0.0
          ],
          [
            0.019831523299217224,
            0.997706949710846,
            0.06471122056245804,
            0.0
          ],
          [
            -0.005618372932076454,
            -0.06461171805858612,
            0.9978946447372437,
            0.0
          ],
          [
            0.0,
            0.0,
            0.0,
            1.0
          ]
        ],
        "rotation_mode": "QUATERNION"
      },
      "armature_space": {
        "head": {
          "x": 0.1617981195449829,
          "y": -0.5092208385467529,
          "z": 0.2929506003856659
        },
        "tail": {
          "x": 0.1345410943031311,
          "y": -0.6212116479873657,
          "z": 0.31402984261512756
        }
      },
      "world_space": {
        "head": {
          "x": 0.1617981195449829,
          "y": -0.4459768533706665,
          "z": 1.2428046464920044
        },
        "tail": {
          "x": 0.1345410943031311,
          "y": -0.5579676628112793,
          "z": 1.2638838291168213
        },
        "rotation_quaternion": {
          "w": 0.024828046560287476,
          "x": -0.6702573895454407,
          "y": 0.1466013789176941,
          "z": 0.7270810008049011
        },
        "matrix": [
          [
            -0.10027757287025452,
            -0.23262463510036469,
            -0.9673833847045898,
            0.1617981195449829
          ],
          [
            -0.16041764616966248,
            -0.9557836055755615,
            0.24646393954753876,
            -0.4459768533706665
          ],
          [
            -0.9819492697715759,
            0.17990048229694366,
            0.058526962995529175,
            1.2428046464920044
          ],
          [
            0.0,
            0.0,
            0.0,
            1.0
          ]
        ]
      },
      "bone_length_armature_space": 0.11717175959137768,
      "parent": "lowerarm_l",
      "has_children": true,
      "is_end_bone": false
    },
    "index_01_l": {
      "name": "index_01_l",
      "local": {
        "location": {
          "x": 0.0,
          "y": 0.0,
          "z": 0.0
        },
        "rotation_quaternion": {
          "w": 0.9934048652648926,
          "x": -0.11440911889076233,
          "y": 0.004897042643278837,
          "z": -0.005791035946458578
        },
        "scale": {
          "x": 1.0,
          "y": 1.0,
          "z": 1.0
        },
        "matrix_basis": [
          [
            0.9998849630355835,
            0.010385153815150261,
            0.011054586619138718,
            0.0
          ],
          [
            -0.012626219540834427,
            0.9737540483474731,
            0.22725243866443634,
            0.0
          ],
          [
            -0.008404397405683994,
            -0.2273658663034439,
            0.9737731218338013,
            0.0
          ],
          [
            0.0,
            0.0,
            0.0,
            1.0
          ]
        ],
        "rotation_mode": "QUATERNION"
      },
      "armature_space": {
        "head": {
          "x": 0.1345410943031311,
          "y": -0.6212116479873657,
          "z": 0.31402984261512756
        },
        "tail": {
          "x": 0.1375894844532013,
          "y": -0.6490429043769836,
          "z": 0.3086262345314026
        }
      },
      "world_space": {
        "head": {
          "x": 0.1345410943031311,
          "y": -0.5579676628112793,
          "z": 1.2638838291168213
        },
        "tail": {
          "x": 0.1375894844532013,
          "y": -0.5857989192008972,
          "z": 1.2584803104400635
        },
        "rotation_quaternion": {
          "w": 0.030303316190838814,
          "x": -0.7090019583702087,
          "y": -0.10516756027936935,
          "z": 0.6966618299484253
        },
        "matrix": [
          [
            0.0072040073573589325,
            0.10690732300281525,
            -0.9942431449890137,
            0.1345410943031311
          ],
          [
            0.1913500875234604,
            -0.9760432839393616,
            -0.10356387495994568,
            -0.5579676628112793
          ],
          [
            -0.9815021753311157,
            -0.1895044595003128,
            -0.027488604187965393,
            1.2638838291168213
          ],
          [
            0.0,
            0.0,
            0.0,
            1.0
          ]
        ]
      },
      "bone_length_armature_space": 0.02851439099257627,
      "parent": "metacarpal_index_l",
      "has_children": true,
      "is_end_bone": false
    },
    "index_02_l": {
      "name": "index_02_l",
      "local": {
        "location": {
          "x": 0.0,
          "y": 0.0,
          "z": 0.0
        },
        "rotation_quaternion": {
          "w": 0.9994910955429077,
          "x": 0.03121321275830269,
          "y": -0.005229027476161718,
          "z": -0.004018689505755901
        },
        "scale": {
          "x": 1.0,
          "y": 1.0,
          "z": 1.0
        },
        "matrix_basis": [
          [
            0.9999130368232727,
            0.007706859149038792,
            -0.010703605599701405,
            0.0
          ],
          [
            -0.008359718136489391,
            0.9980191588401794,
            -0.06235262751579285,
            0.0
          ],
          [
            0.010201860219240189,
            0.06243668496608734,
            0.9979968070983887,
            0.0
          ],
          [
            0.0,
            0.0,
            0.0,
            1.0
          ]
        ],
        "rotation_mode": "QUATERNION"
      },
      "armature_space": {
        "head": {
          "x": 0.1375892162322998,
          "y": -0.6490433812141418,
          "z": 0.3086264133453369
        },
        "tail": {
          "x": 0.13961413502693176,
          "y": -0.6739619374275208,
          "z": 0.30287688970565796
        }
      },
      "world_space": {
        "head": {
          "x": 0.1375892162322998,
          "y": -0.5857993960380554,
          "z": 1.258480429649353
        },
        "tail": {
          "x": 0.13961413502693176,
          "y": -0.6107179522514343,
          "z": 1.2527308464050293
        },
        "rotation_quaternion": {
          "w": 0.04822399094700813,
          "x": -0.6792095899581909,
          "y": -0.10952125489711761,
          "z": 0.7241228818893433
        },
        "matrix": [
          [
            -0.07269790768623352,
            0.07893387973308563,
            -0.9942258596420288,
            0.1375892162322998
          ],
          [
            0.21861565113067627,
            -0.9713597297668457,
            -0.09310369938611984,
            -0.5857993960380554
          ],
          [
            -0.9731060266494751,
            -0.2241239696741104,
            0.053359709680080414,
            1.258480429649353
          ],
          [
            0.0,
            0.0,
            0.0,
            1.0
          ]
        ]
      },
      "bone_length_armature_space": 0.02565329979219739,
      "parent": "index_01_l",
      "has_children": true,
      "is_end_bone": false
    },
    "index_03_l": {
      "name": "index_03_l",
      "local": {
        "location": {
          "x": 0.0,
          "y": 0.0,
          "z": 0.0
        },
        "rotation_quaternion": {
          "w": 0.9998819828033447,
          "x": 0.015258888714015484,
          "y": 0.0010069188429042697,
          "z": -0.0015022606821730733
        },
        "scale": {
          "x": 1.0,
          "y": 1.0,
          "z": 1.0
        },
        "matrix_basis": [
          [
            0.9999934434890747,
            0.0030348957516252995,
            0.0019677544478327036,
            0.0
          ],
          [
            -0.002973437774926424,
            0.9995298385620117,
            -0.030517201870679855,
            0.0
          ],
          [
            -0.0020594457164406776,
            0.030511150136590004,
            0.9995322823524475,
            0.0
          ],
          [
            0.0,
            0.0,
            0.0,
            1.0
          ]
        ],
        "rotation_mode": "QUATERNION"
      },
      "armature_space": {
        "head": {
          "x": 0.1396142691373825,
          "y": -0.6739619374275208,
          "z": 0.30287691950798035
        },
        "tail": {
          "x": 0.13825984299182892,
          "y": -0.7017234563827515,
          "z": 0.29386594891548157
        }
      },
      "world_space": {
        "head": {
          "x": 0.1396142691373825,
          "y": -0.6107179522514343,
          "z": 1.2527309656143188
        },
        "tail": {
          "x": 0.13825984299182892,
          "y": -0.638479471206665,
          "z": 1.2437199354171753
        },
        "rotation_quaternion": {
          "w": 0.12657122313976288,
          "x": -0.6949295997619629,
          "y": -0.0944218635559082,
          "z": 0.7015249133110046
        },
        "matrix": [
          [
            -0.0021056062541902065,
            -0.04635494947433472,
            -0.9989230632781982,
            0.1396142691373825
          ],
          [
            0.3088185489177704,
            -0.9501288533210754,
            0.04343969374895096,
            -0.6107179522514343
          ],
          [
            -0.9511251449584961,
            -0.3083972632884979,
            0.016315829008817673,
            1.2527309656143188
          ],
          [
            0.0,
            0.0,
            0.0,
            1.0
          ]
        ]
      },
      "bone_length_armature_space": 0.029218726392637836,
      "parent": "index_02_l",
      "has_children": false,
      "is_end_bone": true
    },
    "metacarpal_pinky_l": {
      "name": "metacarpal_pinky_l",
      "local": {
        "location": {
          "x": 0.0,
          "y": 0.0,
          "z": 0.0
        },
        "rotation_quaternion": {
          "w": 0.9978885650634766,
          "x": -0.06262076646089554,
          "y": 0.010513629764318466,
          "z": -0.013657994568347931
        },
        "scale": {
          "x": 1.0,
          "y": 1.0,
          "z": 1.0
        },
        "matrix_basis": [
          [
            0.9994058609008789,
            0.025941569358110428,
            0.022693410515785217,
            0.0
          ],
          [
            -0.028575057163834572,
            0.9917842149734497,
            0.12468990683555603,
            0.0
          ],
          [
            -0.01927231438457966,
            -0.12526428699493408,
            0.991936206817627,
            0.0
          ],
          [
            0.0,
            0.0,
            0.0,
            1.0
          ]
        ],
        "rotation_mode": "QUATERNION"
      },
      "armature_space": {
        "head": {
          "x": 0.1617981195449829,
          "y": -0.5092208385467529,
          "z": 0.2929506003856659
        },
        "tail": {
          "x": 0.15763698518276215,
          "y": -0.6045715808868408,
          "z": 0.2513071298599243
        }
      },
      "world_space": {
        "head": {
          "x": 0.1617981195449829,
          "y": -0.4459768533706665,
          "z": 1.2428046464920044
        },
        "tail": {
          "x": 0.15763698518276215,
          "y": -0.5413275957107544,
          "z": 1.2011611461639404
        },
        "rotation_quaternion": {
          "w": 0.053125396370887756,
          "x": -0.34596604108810425,
          "y": 0.19833508133888245,
          "z": -0.915504515171051
        },
        "matrix": [
          [
            -0.7549707293510437,
            -0.039960648864507675,
            0.6545401811599731,
            0.1617981195449829
          ],
          [
            -0.23450732231140137,
            -0.9156824946403503,
            -0.3263932466506958,
            -0.4459768533706665
          ],
          [
            0.6123974323272705,
            -0.3999151587486267,
            0.6819465756416321,
            1.2428046464920044
          ],
          [
            0.0,
            0.0,
            0.0,
            1.0
          ]
        ]
      },
      "bone_length_armature_space": 0.10413096285554053,
      "parent": "lowerarm_l",
      "has_children": true,
      "is_end_bone": false
    },
    "pinky_01_l": {
      "name": "pinky_01_l",
      "local": {
        "location": {
          "x": 0.0,
          "y": 0.0,
          "z": 0.0
        },
        "rotation_quaternion": {
          "w": 0.9899759888648987,
          "x": -0.14112213253974915,
          "y": 0.0031225644052028656,
          "z": -0.004733819514513016
        },
        "scale": {
          "x": 1.0,
          "y": 1.0,
          "z": 1.0
        },
        "matrix_basis": [
          [
            0.9999356865882874,
            0.00849140901118517,
            0.007518621161580086,
            0.0
          ],
          [
            -0.010254060849547386,
            0.9601242542266846,
            0.2793854773044586,
            0.0
          ],
          [
            -0.004846434108912945,
            -0.2794446051120758,
            0.9601495862007141,
            0.0
          ],
          [
            0.0,
            0.0,
            0.0,
            1.0
          ]
        ],
        "rotation_mode": "QUATERNION"
      },
      "armature_space": {
        "head": {
          "x": 0.15763698518276215,
          "y": -0.6045715808868408,
