{
  "metadata": {
    "armature_name": "KIM_caucasian_male",
    "export_time": "2026-01-13T21:01:21.071275",
    "blender_version": "4.4.1",
    "bone_count": 56,
    "end_bone_count": 13,
    "spaces_included": [
      "LOCAL_CHANNELS",
      "ARMATURE_SPACE",
      "WORLD_SPACE"
    ],
    "note": "LOCAL matches Transform panel; replay pose via local.matrix_basis for best fidelity."
  },
  "bones": {
    "Root": {
      "name": "Root",
      "local": {
        "location": {
          "x": 0.0,
          "y": 0.0,
          "z": 0.0
        },
        "rotation_quaternion": {
          "w": 0.9996404051780701,
          "x": -0.013429619371891022,
          "y": 0.005114554427564144,
          "z": 0.022643521428108215
        },
        "scale": {
          "x": 1.0,
          "y": 1.0,
          "z": 1.0
        },
        "matrix_basis": [
          [
            0.9989222288131714,
            -0.04540812969207764,
            0.009617242962121964,
            0.0
          ],
          [
            0.04513338580727577,
            0.9986138343811035,
            0.0270812027156353,
            0.0
          ],
          [
            -0.010833618231117725,
            -0.026617957279086113,
            0.9995869994163513,
            0.0
          ],
          [
            0.0,
            0.0,
            0.0,
            1.0
          ]
        ],
        "rotation_mode": "QUATERNION"
      },
      "armature_space": {
        "head": {
          "x": 0.0,
          "y": 0.07072800397872925,
          "z": -0.009595036506652832
        },
        "tail": {
          "x": -0.0032410447020083666,
          "y": 0.00035344064235687256,
          "z": 0.00186934694647789
        }
      },
      "world_space": {
        "head": {
          "x": 0.0,
          "y": 0.13397200405597687,
          "z": 0.9402589797973633
        },
        "tail": {
          "x": -0.0032410447020083666,
          "y": 0.06359744071960449,
          "z": 0.9517233371734619
        },
        "rotation_quaternion": {
          "w": 0.08074253797531128,
          "x": 0.9964646697044373,
          "y": -0.022247524932026863,
          "z": 0.006628384813666344
        },
        "matrix": [
          [
            0.9989222288131714,
            -0.04540812969207764,
            0.009617242962121964,
            0.0
          ],
          [
            -0.04326735809445381,
            -0.9859713315963745,
            -0.1612095683813095,
            0.13397200405597687
          ],
          [
            0.016802625730633736,
            0.16061988472938538,
            -0.9868804216384888,
            0.9402589797973633
          ],
          [
            0.0,
            0.0,
            0.0,
            1.0
          ]
        ]
      },
      "bone_length_armature_space": 0.07137587635491313,
      "parent": null,
      "has_children": true,
      "is_end_bone": false
    },
    "spine_01": {
      "name": "spine_01",
      "local": {
        "location": {
          "x": 0.0,
          "y": 0.0,
          "z": 0.0
        },
        "rotation_quaternion": {
          "w": 0.9984230995178223,
          "x": 0.0012074426049366593,
          "y": -0.050262290984392166,
          "z": -0.024972883984446526
        },
        "scale": {
          "x": 1.0,
          "y": 1.0,
          "z": 1.0
        },
        "matrix_basis": [
          [
            0.9937000870704651,
            0.04974563047289848,
            -0.10042636841535568,
            0.0
          ],
          [
            -0.049988385289907455,
            0.9987497925758362,
            9.931154636433348e-05,
            0.0
          ],
          [
            0.10030575841665268,
            0.004921466112136841,
            0.9949445128440857,
            0.0
          ],
          [
            0.0,
            0.0,
            0.0,
            1.0
          ]
        ],
        "rotation_mode": "QUATERNION"
      },
      "armature_space": {
        "head": {
          "x": -0.0032410447020083666,
          "y": 0.00035344064235687256,
          "z": 0.00186934694647789
        },
        "tail": {
          "x": 0.014286045916378498,
          "y": 0.03290393948554993,
          "z": 0.4884716868400574
        }
      },
      "world_space": {
        "head": {
          "x": -0.0032410447020083666,
          "y": 0.06359744071960449,
          "z": 0.9517233371734619
        },
        "tail": {
          "x": 0.014286045916378498,
          "y": 0.09614793956279755,
          "z": 1.4383256435394287
        },
        "rotation_quaternion": {
          "w": 0.7291743159294128,
          "x": 0.680244505405426,
          "y": -0.040686748921871185,
          "z": -0.06258445978164673
        },
        "matrix": [
          [
            0.9888554811477661,
            0.035916078835725784,
            -0.14448116719722748,
            -0.0032410447020083666
          ],
          [
            -0.14662408828735352,
            0.06670167297124863,
            -0.9869409203529358,
            0.06359744071960449
          ],
          [
            -0.025810232385993004,
            0.9971334338188171,
            0.07122405618429184,
            0.9517233371734619
          ],
          [
            0.0,
            0.0,
            0.0,
            1.0
          ]
        ]
      },
      "bone_length_armature_space": 0.4880046817607857,
      "parent": "Root",
      "has_children": true,
      "is_end_bone": false
    },
    "neck_01": {
      "name": "neck_01",
      "local": {
        "location": {
          "x": 0.0,
          "y": 0.0,
          "z": 0.0
        },
        "rotation_quaternion": {
          "w": 0.9924138784408569,
          "x": -0.07261400669813156,
          "y": 0.09035056084394455,
          "z": -0.040972694754600525
        },
        "scale": {
          "x": 1.0,
          "y": 1.0,
          "z": 1.0
        },
        "matrix_basis": [
          [
            0.9803160429000854,
            0.06820230931043625,
            0.1852806806564331,
            0.0
          ],
          [
            -0.09444517642259598,
            0.9860968589782715,
            0.13672249019145966,
            0.0
          ],
          [
            -0.17337991297245026,
            -0.15153010189533234,
            0.9731279611587524,
            0.0
          ],
          [
            0.0,
            0.0,
            0.0,
            1.0
          ]
        ],
        "rotation_mode": "QUATERNION"
      },
      "armature_space": {
        "head": {
          "x": 0.011905094608664513,
          "y": 0.003560185432434082,
          "z": 0.5639503598213196
        },
        "tail": {
          "x": 0.01894228719174862,
          "y": -0.014571305364370346,
          "z": 0.6646106243133545
        }
      },
      "world_space": {
        "head": {
          "x": 0.011905094608664513,
          "y": 0.0668041855096817,
          "z": 1.5138044357299805
        },
        "tail": {
          "x": 0.01894228719174862,
          "y": 0.048672694712877274,
          "z": 1.6144646406173706
        },
        "rotation_quaternion": {
          "w": 0.6404329538345337,
          "x": 0.7670436501502991,
          "y": 0.03765071928501129,
          "z": -0.008495581336319447
        },
        "matrix": [
          [
            0.9970204830169678,
            0.06864124536514282,
            0.03519296646118164,
            0.011905094608664513
          ],
          [
            0.046878181397914886,
            -0.17685577273368835,
            -0.9831199049949646,
            0.0668041855096817
          ],
          [
            -0.06125887483358383,
            0.9818470478057861,
            -0.17954882979393005,
            1.5138044357299805
          ],
          [
            0.0,
            0.0,
            0.0,
            1.0
          ]
        ]
      },
      "bone_length_armature_space": 0.10252200659607415,
      "parent": "spine_01",
      "has_children": true,
      "is_end_bone": false
    },
    "head": {
      "name": "head",
      "local": {
        "location": {
          "x": 0.0,
          "y": 0.0,
          "z": 0.0
        },
        "rotation_quaternion": {
          "w": 0.9941905736923218,
          "x": -0.06518962234258652,
          "y": 0.08536520600318909,
          "z": 0.0069428496062755585
        },
        "scale": {
          "x": 1.0,
          "y": 1.0,
          "z": 1.0
        },
        "matrix_basis": [
          [
            0.9853291511535645,
            -0.024934882298111916,
            0.16883336007595062,
            0.0
          ],
          [
            0.0026751800905913115,
            0.9914042353630066,
            0.13080717623233795,
            0.0
          ],
          [
            -0.17064377665519714,
            -0.12843646109104156,
            0.9769262075424194,
            0.0
          ],
          [
            0.0,
            0.0,
            0.0,
            1.0
          ]
        ],
        "rotation_mode": "QUATERNION"
      },
      "armature_space": {
        "head": {
          "x": 0.01894228719174862,
          "y": -0.014571445062756538,
          "z": 0.6646105647087097
        },
        "tail": {
          "x": 0.021785415709018707,
          "y": 0.03407978266477585,
          "z": 0.8118460178375244
        }
      },
      "world_space": {
        "head": {
          "x": 0.01894228719174862,
          "y": 0.04867255687713623,
          "z": 1.614464521408081
        },
        "tail": {
          "x": 0.021785415709018707,
          "y": 0.09732378274202347,
          "z": 1.7617000341415405
        },
        "rotation_quaternion": {
          "w": 0.8044536113739014,
          "x": 0.582715630531311,
          "y": 0.09850001335144043,
          "z": 0.059955473989248276
        },
        "matrix": [
          [
            0.973406195640564,
            0.018332097679376602,
            0.22835110127925873,
            0.01894228719174862
          ],
          [
            0.21125756204128265,
            0.3136962950229645,
            -0.9257241487503052,
            0.04867255687713623
          ],
          [
            -0.08860377222299576,
            0.9493535757064819,
            0.30148234963417053,
            1.614464521408081
          ],
          [
            0.0,
            0.0,
            0.0,
            1.0
          ]
        ]
      },
      "bone_length_armature_space": 0.15509127470715753,
      "parent": "neck_01",
      "has_children": false,
      "is_end_bone": true
    },
    "upperarm_l": {
      "name": "upperarm_l",
      "local": {
        "location": {
          "x": 0.0,
          "y": 0.0,
          "z": 0.0
        },
        "rotation_quaternion": {
          "w": 0.7924194931983948,
          "x": 0.5562859773635864,
          "y": 0.06772026419639587,
          "z": 0.24089711904525757
        },
        "scale": {
          "x": 1.0,
          "y": 1.0,
          "z": 1.0
        },
        "matrix_basis": [
          [
            0.8747650980949402,
            -0.30643948912620544,
            0.3753410875797272,
            0.0
          ],
          [
            0.45712682604789734,
            0.2650289833545685,
            -0.8489964604377747,
            0.0
          ],
          [
            0.16068966686725616,
            0.914250910282135,
            0.37191975116729736,
            0.0
          ],
          [
            0.0,
            0.0,
            0.0,
            1.0
          ]
        ],
        "rotation_mode": "QUATERNION"
      },
      "armature_space": {
        "head": {
          "x": 0.1573588252067566,
          "y": -0.02606377750635147,
          "z": 0.49329087138175964
        },
        "tail": {
          "x": 0.20615769922733307,
          "y": -0.2738955318927765,
          "z": 0.582766056060791
        }
      },
      "world_space": {
        "head": {
          "x": 0.1573588252067566,
          "y": 0.03718022257089615,
          "z": 1.4431449174880981
        },
        "tail": {
          "x": 0.20615769922733307,
          "y": -0.21065153181552887,
          "z": 1.5326200723648071
        },
        "rotation_quaternion": {
          "w": 0.19289101660251617,
          "x": 0.8105624318122864,
          "y": -0.01917947083711624,
          "z": -0.5526425242424011
        },
        "matrix": [
          [
            0.3884371817111969,
            0.1821061372756958,
            -0.9033017754554749,
            0.1573588252067566
          ],
          [
            -0.24429208040237427,
            -0.9248508810997009,
            -0.2915008068084717,
            0.03718022257089615
          ],
          [
            -0.8885097503662109,
            0.33390069007873535,
            -0.3147616982460022,
            1.4431449174880981
          ],
          [
            0.0,
            0.0,
            0.0,
            1.0
          ]
        ]
      },
      "bone_length_armature_space": 0.2679696277508109,
      "parent": "spine_01",
      "has_children": true,
      "is_end_bone": false
    },
    "lowerarm_l": {
      "name": "lowerarm_l",
      "local": {
        "location": {
          "x": 0.0,
          "y": 0.0,
          "z": 0.0
        },
        "rotation_quaternion": {
          "w": 0.9544687271118164,
          "x": 0.059387777000665665,
          "y": -0.05738772079348564,
          "z": 0.2866517901420593
        },
        "scale": {
          "x": 1.0,
          "y": 1.0,
          "z": 1.0
        },
        "matrix_basis": [
          [
            0.8290748000144958,
            -0.5540165901184082,
            -0.07550234347581863,
            0.0
          ],
          [
            0.54038405418396,
            0.8286076784133911,
            -0.14626814424991608,
            0.0
          ],
          [
            0.1435967981815338,
            0.08046696335077286,
            0.9863594770431519,
            0.0
          ],
          [
            0.0,
            0.0,
            0.0,
            1.0
          ]
        ],
        "rotation_mode": "QUATERNION"
      },
      "armature_space": {
        "head": {
          "x": 0.2061576247215271,
          "y": -0.27389562129974365,
          "z": 0.5827661752700806
        },
        "tail": {
          "x": 0.15708959102630615,
          "y": -0.43420273065567017,
          "z": 0.7912460565567017
        }
      },
      "world_space": {
        "head": {
          "x": 0.2061576247215271,
          "y": -0.21065162122249603,
          "z": 1.5326201915740967
        },
        "tail": {
          "x": 0.15708959102630615,
          "y": -0.37095874547958374,
          "z": 1.7411000728607178
        },
        "rotation_quaternion": {
          "w": 0.2723396122455597,
          "x": 0.6921392679214478,
          "y": -0.3552727699279785,
          "z": -0.5661765336990356
        },
        "matrix": [
          [
            0.10645177960395813,
            -0.18341514468193054,
            -0.9772549271583557,
            0.2061576247215271
          ],
          [
            -0.8001814484596252,
            -0.5992241501808167,
            0.02530139684677124,
            -0.21065162122249603
          ],
          [
            -0.5902401804924011,
            0.7792927026748657,
            -0.2105552703142166,
            1.5326201915740967
          ],
          [
            0.0,
            0.0,
            0.0,
            1.0
          ]
        ]
      },
      "bone_length_armature_space": 0.2675255145957674,
      "parent": "upperarm_l",
      "has_children": true,
      "is_end_bone": false
    },
    "metacarpal_thumb_l": {
      "name": "metacarpal_thumb_l",
      "local": {
        "location": {
          "x": 0.0,
          "y": 0.0,
          "z": 0.0
        },
        "rotation_quaternion": {
          "w": 0.9996525645256042,
          "x": -0.007052896544337273,
          "y": -0.021689897403120995,
          "z": -0.013215795159339905
        },
        "scale": {
          "x": 1.0,
          "y": 1.0,
          "z": 1.0
        },
        "matrix_basis": [
          [
            0.9987097978591919,
            0.02672835998237133,
            -0.04317830502986908,
            0.0
          ],
          [
            -0.026116453111171722,
            0.9995511770248413,
            0.014674190431833267,
            0.0
          ],
          [
            0.04355114325881004,
            -0.013527593575417995,
            0.9989596009254456,
            0.0
          ],
          [
            0.0,
            0.0,
            0.0,
            1.0
          ]
        ],
        "rotation_mode": "QUATERNION"
      },
      "armature_space": {
        "head": {
          "x": 0.15708959102630615,
          "y": -0.43420273065567017,
          "z": 0.7912460565567017
        },
        "tail": {
          "x": 0.1232299655675888,
          "y": -0.46418842673301697,
          "z": 0.8114444017410278
        }
      },
      "world_space": {
        "head": {
          "x": 0.15708959102630615,
          "y": -0.37095874547958374,
          "z": 1.7411000728607178
        },
        "tail": {
          "x": 0.1232299655675888,
          "y": -0.40094441175460815,
          "z": 1.761298418045044
        },
        "rotation_quaternion": {
          "w": 0.3064315617084503,
          "x": 0.8736593723297119,
          "y": -0.3215886950492859,
          "z": 0.19849351048469543
        },
        "matrix": [
          [
            0.7143619656562805,
            -0.6835678815841675,
            0.14974017441272736,
            0.15708959102630615
          ],
          [
            -0.44026947021484375,
            -0.6053598523139954,
            -0.6631004214286804,
            -0.37095874547958374
          ],
          [
            0.5439242720603943,
            0.4077698588371277,
            -0.7334057688713074,
            1.7411000728607178
          ],
          [
            0.0,
            0.0,
            0.0,
            1.0
          ]
        ]
      },
      "bone_length_armature_space": 0.04953371957932962,
      "parent": "lowerarm_l",
      "has_children": true,
      "is_end_bone": false
    },
    "thumb_01_l": {
      "name": "thumb_01_l",
      "local": {
        "location": {
          "x": 0.0,
          "y": 0.0,
          "z": 0.0
        },
        "rotation_quaternion": {
          "w": 0.9469174146652222,
          "x": 0.320752888917923,
          "y": 0.019947877153754234,
          "z": 0.008203617297112942
        },
        "scale": {
          "x": 1.0,
          "y": 1.0,
          "z": 1.0
        },
        "matrix_basis": [
          [
            0.9990695714950562,
            -0.0027396176010370255,
            0.04304065182805061,
            0.0
          ],
          [
            0.028332974761724472,
            0.7941005825996399,
            -0.6071256995201111,
            0.0
          ],
          [
            -0.03251531720161438,
            0.6077802777290344,
            0.7934393286705017,
            0.0
          ],
          [
            0.0,
            0.0,
            0.0,
            1.0
          ]
        ],
        "rotation_mode": "QUATERNION"
      },
      "armature_space": {
        "head": {
          "x": 0.1232299655675888,
          "y": -0.46418842673301697,
          "z": 0.8114444017410278
        },
        "tail": {
          "x": 0.1255122721195221,
          "y": -0.4981265962123871,
          "z": 0.8127157688140869
        }
      },
      "world_space": {
        "head": {
          "x": 0.1232299655675888,
          "y": -0.40094441175460815,
          "z": 1.761298418045044
        },
        "tail": {
          "x": 0.1255122721195221,
          "y": -0.43488258123397827,
          "z": 1.762569785118103
        },
        "rotation_quaternion": {
          "w": 0.022583307698369026,
          "x": -0.4201178252696991,
          "y": -0.031062593683600426,
          "z": -0.9066566824913025
        },
        "matrix": [
          [
            -0.6459820866584778,
            0.0670507550239563,
            0.760402262210846,
            0.1232299655675888
          ],
          [
            -0.014850528910756111,
            -0.9970503449440002,
            0.07530194520950317,
            -0.40094441175460815
          ],
          [
            0.7632132768630981,
            0.03735071420669556,
            0.6450770497322083,
            1.761298418045044
          ],
          [
            0.0,
            0.0,
            0.0,
            1.0
          ]
        ]
      },
      "bone_length_armature_space": 0.034038575734561934,
      "parent": "metacarpal_thumb_l",
      "has_children": true,
      "is_end_bone": false
    },
    "thumb_02_l": {
      "name": "thumb_02_l",
      "local": {
        "location": {
          "x": 0.0,
          "y": 0.0,
          "z": 0.0
        },
        "rotation_quaternion": {
          "w": 0.8979274034500122,
          "x": 0.4401032626628876,
          "y": 0.005092705134302378,
          "z": 0.003128964453935623
        },
        "scale": {
          "x": 1.0,
          "y": 1.0,
          "z": 1.0
        },
        "matrix_basis": [
          [
            0.9999285340309143,
            -0.001136533566750586,
            0.01189989410340786,
            0.0
          ],
          [
            0.010101797990500927,
            0.6125986576080322,
            -0.7903296947479248,
            0.0
          ],
          [
            -0.006391623988747597,
            0.7903934121131897,
            0.612566351890564,
            0.0
          ],
          [
            0.0,
            0.0,
            0.0,
            1.0
          ]
        ],
        "rotation_mode": "QUATERNION"
      },
      "armature_space": {
        "head": {
          "x": 0.1255122572183609,
          "y": -0.4981265962123871,
          "z": 0.8127157092094421
        },
        "tail": {
          "x": 0.1302924007177353,
          "y": -0.48095703125,
          "z": 0.8487095236778259
        }
      },
      "world_space": {
        "head": {
          "x": 0.1255122572183609,
          "y": -0.43488258123397827,
          "z": 1.7625696659088135
        },
        "tail": {
          "x": 0.1302924007177353,
          "y": -0.4177130460739136,
          "z": 1.7985634803771973
        },
        "rotation_quaternion": {
          "w": 0.04278561845421791,
          "x": -0.043485864996910095,
          "y": -0.8437477946281433,
          "z": -0.5332617163658142
        },
        "matrix": [
          [
            -0.9925568103790283,
            0.11901427060365677,
            -0.025821376591920853,
            0.1255122572183609
          ],
          [
            0.027750877663493156,
            0.42748236656188965,
            0.9035978317260742,
            -0.43488258123397827
          ],
          [
            0.11857975274324417,
            0.8961622714996338,
            -0.42760536074638367,
            1.7625696659088135
          ],
          [
            0.0,
            0.0,
            0.0,
            1.0
          ]
        ]
      },
      "bone_length_armature_space": 0.040164641248622464,
      "parent": "thumb_01_l",
      "has_children": true,
      "is_end_bone": false
    },
    "thumb_03_l": {
      "name": "thumb_03_l",
      "local": {
        "location": {
          "x": 0.0,
          "y": 0.0,
          "z": 0.0
        },
        "rotation_quaternion": {
          "w": 0.9900351762771606,
          "x": 0.14062558114528656,
          "y": -0.006520390510559082,
          "z": 0.0035051731392741203
        },
        "scale": {
          "x": 1.0,
          "y": 1.0,
          "z": 1.0
        },
        "matrix_basis": [
          [
            0.9998903870582581,
            -0.008774356916546822,
            -0.01192499790340662,
            0.0
          ],
          [
            0.005106621887534857,
            0.9604243040084839,
            -0.278494268655777,
            0.0
          ],
          [
            0.013896665535867214,
            0.27840283513069153,
            0.9603638648986816,
            0.0
          ],
          [
            0.0,
            0.0,
            0.0,
            1.0
          ]
        ],
        "rotation_mode": "QUATERNION"
      },
      "armature_space": {
        "head": {
          "x": 0.13029234111309052,
          "y": -0.4809570908546448,
          "z": 0.8487095236778259
        },
        "tail": {
          "x": 0.13465917110443115,
          "y": -0.4557206332683563,
          "z": 0.8651700019836426
        }
      },
      "world_space": {
        "head": {
          "x": 0.13029234111309052,
          "y": -0.41771310567855835,
          "z": 1.7985634803771973
        },
        "tail": {
          "x": 0.13465917110443115,
          "y": -0.3924766182899475,
          "z": 1.8150240182876587
        },
        "rotation_quaternion": {
          "w": 0.25708264112472534,
          "x": 0.0037626815028488636,
          "y": -0.921069860458374,
          "z": -0.29244595766067505
        },
        "matrix": [
          [
            -0.8677889704704285,
            0.14343391358852386,
            -0.4757826328277588,
            0.13029234111309052
          ],
          [
            -0.1572965383529663,
            0.8289231061935425,
            0.5367910861968994,
            -0.41771310567855835
          ],
          [
            0.47138410806655884,
            0.5406649708747864,
            -0.6967731714248657,
            1.7985634803771973
          ],
          [
            0.0,
            0.0,
            0.0,
            1.0
          ]
        ]
      },
      "bone_length_armature_space": 0.030444955664153166,
      "parent": "thumb_02_l",
      "has_children": false,
      "is_end_bone": true
    },
    "metacarpal_index_l": {
      "name": "metacarpal_index_l",
      "local": {
        "location": {
          "x": 0.0,
          "y": 0.0,
          "z": 0.0
        },
        "rotation_quaternion": {
          "w": 0.9994302988052368,
          "x": 0.02871106192469597,
          "y": 0.017247429117560387,
          "z": -0.004168069455772638
        },
        "scale": {
          "x": 1.0,
          "y": 1.0,
          "z": 1.0
        },
        "matrix_basis": [
          [
            0.9993703365325928,
            0.009321773424744606,
            0.034235868602991104,
            0.0
          ],
          [
            -0.007341005839407444,
            0.9983165860176086,
            -0.05753318592905998,
            0.0
          ],
          [
            -0.03471454605460167,
            0.057245634496212006,
            0.9977564215660095,
            0.0
          ],
          [
            0.0,
            0.0,
            0.0,
            1.0
          ]
        ],
        "rotation_mode": "QUATERNION"
      },
      "armature_space": {
        "head": {
          "x": 0.15708959102630615,
          "y": -0.43420273065567017,
          "z": 0.7912460565567017
        },
        "tail": {
          "x": 0.10057032108306885,
          "y": -0.5087406039237976,
          "z": 0.8618077635765076
        }
      },
      "world_space": {
        "head": {
          "x": 0.15708959102630615,
          "y": -0.37095874547958374,
          "z": 1.7411000728607178
        },
        "tail": {
          "x": 0.10057032108306885,
          "y": -0.4454966187477112,
          "z": 1.811661720275879
        },
        "rotation_quaternion": {
          "w": 0.30339735746383667,
          "x": 0.8995782136917114,
          "y": -0.2997978925704956,
          "z": -0.09397074580192566
        },
        "matrix": [
          [
            0.8025810718536377,
            -0.48236265778541565,
            -0.350984662771225,
            0.15708959102630615
          ],
          [
            -0.5964049100875854,
            -0.6361421346664429,
            -0.4895145297050476,
            -0.37095874547958374
          ],
          [
            0.012846896424889565,
            0.6022075414657593,
            -0.7982450127601624,
            1.7411000728607178
          ],
          [
            0.0,
            0.0,
            0.0,
            1.0
          ]
        ]
      },
      "bone_length_armature_space": 0.11717199679981467,
      "parent": "lowerarm_l",
      "has_children": true,
      "is_end_bone": false
    },
    "index_01_l": {
      "name": "index_01_l",
      "local": {
        "location": {
          "x": 0.0,
          "y": 0.0,
          "z": 0.0
        },
        "rotation_quaternion": {
          "w": 0.9373148679733276,
          "x": 0.348207026720047,
          "y": -0.011798165738582611,
          "z": -0.007323240861296654
        },
        "scale": {
          "x": 1.0,
          "y": 1.0,
          "z": 1.0
        },
        "matrix_basis": [
          [
            0.9996143579483032,
            0.005511956755071878,
            -0.0272172000259161,
            0.0
          ],
          [
            -0.021944774314761162,
            0.7573964595794678,
            -0.6525864601135254,
            0.0
          ],
          [
            0.01701718382537365,
            0.6529320478439331,
            0.7572253346443176,
            0.0
          ],
          [
            0.0,
            0.0,
            0.0,
            1.0
          ]
        ],
        "rotation_mode": "QUATERNION"
      },
      "armature_space": {
        "head": {
          "x": 0.10057032108306885,
          "y": -0.5087406039237976,
          "z": 0.8618077635765076
        },
        "tail": {
          "x": 0.09128125011920929,
          "y": -0.5356773734092712,
          "z": 0.862899899482727
        }
      },
      "world_space": {
        "head": {
          "x": 0.10057032108306885,
          "y": -0.4454966187477112,
          "z": 1.811661720275879
        },
        "tail": {
          "x": 0.09128125011920929,
          "y": -0.4724333882331848,
          "z": 1.8127539157867432
        },
        "rotation_quaternion": {
          "w": 0.0007991884485818446,
          "x": 0.9798675179481506,
          "y": -0.16632075607776642,
          "z": -0.11043760925531387
        },
        "matrix": [
          [
            0.9202821254730225,
            -0.32576820254325867,
            -0.21669423580169678,
            0.10057032108306885
          ],
          [
            -0.3261213004589081,
            -0.9446736574172974,
            0.035169750452041626,
            -0.4454966187477112
          ],
          [
            -0.2161642611026764,
            0.03830191493034363,
            -0.9756126999855042,
            1.811661720275879
          ],
          [
            0.0,
            0.0,
            0.0,
            1.0
          ]
        ]
      },
      "bone_length_armature_space": 0.028514367905851375,
      "parent": "metacarpal_index_l",
      "has_children": true,
      "is_end_bone": false
    },
    "index_02_l": {
      "name": "index_02_l",
      "local": {
        "location": {
          "x": 0.0,
          "y": 0.0,
          "z": 0.0
        },
        "rotation_quaternion": {
          "w": 0.8736295700073242,
          "x": 0.48658403754234314,
          "y": -0.002095055766403675,
          "z": -0.001732406672090292
        },
        "scale": {
          "x": 1.0,
          "y": 1.0,
          "z": 1.0
        },
        "matrix_basis": [
          [
            0.9999852180480957,
            0.0009881219593808055,
            -0.0053465282544493675,
            0.0
          ],
          [
            -0.005065804813057184,
            0.5264659523963928,
            -0.8501811623573303,
            0.0
          ],
          [
            0.001974682556465268,
            0.8501956462860107,
            0.5264631509780884,
            0.0
          ],
          [
            0.0,
            0.0,
            0.0,
            1.0
          ]
        ],
        "rotation_mode": "QUATERNION"
      },
      "armature_space": {
        "head": {
          "x": 0.09128083288669586,
          "y": -0.5356776714324951,
          "z": 0.862899661064148
        },
        "tail": {
          "x": 0.08112221956253052,
          "y": -0.5481092929840088,
          "z": 0.8428907990455627
        }
      },
      "world_space": {
        "head": {
          "x": 0.09128083288669586,
          "y": -0.4724336862564087,
          "z": 1.812753677368164
        },
        "tail": {
          "x": 0.08112221956253052,
          "y": -0.48486530780792236,
          "z": 1.7927448749542236
        },
        "rotation_quaternion": {
          "w": 0.4666936993598938,
          "x": -0.8597272634506226,
          "y": 0.199740469455719,
          "z": 0.05630238726735115
        },
        "matrix": [
          [
            0.9138675332069397,
            -0.39599692821502686,
            0.08962728083133698,
            0.09128083288669586
          ],
          [
            -0.2908942997455597,
            -0.48460179567337036,
            0.8249496221542358,
            -0.4724336862564087
          ],
          [
            -0.28324609994888306,
            -0.7799724340438843,
            -0.5580580830574036,
            1.812753677368164
          ],
          [
            0.0,
            0.0,
            0.0,
            1.0
          ]
        ]
      },
      "bone_length_armature_space": 0.025653405168117725,
      "parent": "index_01_l",
      "has_children": true,
      "is_end_bone": false
    },
    "index_03_l": {
      "name": "index_03_l",
      "local": {
        "location": {
          "x": 0.0,
          "y": 0.0,
          "z": 0.0
        },
        "rotation_quaternion": {
          "w": 0.9320970773696899,
          "x": 0.36220407485961914,
          "y": 0.0005266571533866227,
          "z": 0.0016981528606265783
        },
        "scale": {
          "x": 1.0,
          "y": 1.0,
          "z": 1.0
        },
        "matrix_basis": [
          [
            0.9999936819076538,
            -0.0027841718401759863,
            0.0022119469940662384,
            0.0
          ],
          [
            0.0035472013987600803,
            0.7376106381416321,
            -0.6752169132232666,
            0.0
          ],
          [
            0.0002483645803295076,
            0.6752204895019531,
            0.7376158833503723,
            0.0
          ],
          [
            0.0,
            0.0,
            0.0,
            1.0
          ]
        ],
        "rotation_mode": "QUATERNION"
      },
      "armature_space": {
        "head": {
          "x": 0.08112218230962753,
          "y": -0.5481094121932983,
          "z": 0.8428909182548523
        },
        "tail": {
          "x": 0.07823998481035233,
          "y": -0.5407650470733643,
          "z": 0.8147574067115784
        }
      },
      "world_space": {
        "head": {
          "x": 0.08112218230962753,
          "y": -0.4848654270172119,
          "z": 1.7927448749542236
        },
        "tail": {
          "x": 0.07823998481035233,
          "y": -0.47752106189727783,
          "z": 1.7646114826202393
        },
        "rotation_quaternion": {
          "w": 0.7728069424629211,
          "x": -0.6079298257827759,
          "y": 0.16866755485534668,
          "z": -0.06886173784732819
        },
        "matrix": [
          [
            0.9336192011833191,
            -0.09864223003387451,
            0.3444204330444336,
            0.08112218230962753
          ],
          [
            -0.3115091323852539,
            0.25135868787765503,
            0.9163956642150879,
            -0.4848654270172119
          ],
          [
            -0.17696979641914368,
            -0.9628609418869019,
            0.203947514295578,
            1.7927448749542236
          ],
          [
            0.0,
            0.0,
            0.0,
            1.0
          ]
        ]
      },
      "bone_length_armature_space": 0.02921885019659072,
      "parent": "index_02_l",
      "has_children": false,
      "is_end_bone": true
    },
    "metacarpal_pinky_l": {
      "name": "metacarpal_pinky_l",
      "local": {
        "location": {
          "x": 0.0,
          "y": 0.0,
          "z": 0.0
        },
        "rotation_quaternion": {
          "w": 0.999922513961792,
          "x": 0.007020977325737476,
          "y": -0.00966755859553814,
          "z": -0.003492032876238227
        },
        "scale": {
          "x": 1.0,
          "y": 1.0,
          "z": 1.0
        },
        "matrix_basis": [
          [
            0.9997887015342712,
            0.006847773212939501,
            -0.019382653757929802,
            0.0
          ],
          [
            -0.007119276095181704,
            0.9998770356178284,
            -0.013973347842693329,
            0.0
          ],
          [
            0.019284583628177643,
            0.014108385890722275,
            0.9997144937515259,
            0.0
          ],
          [
            0.0,
            0.0,
            0.0,
            1.0
          ]
        ],
        "rotation_mode": "QUATERNION"
      },
      "armature_space": {
        "head": {
          "x": 0.15708959102630615,
          "y": -0.43420273065567017,
          "z": 0.7912460565567017
        },
        "tail": {
          "x": 0.16865766048431396,
          "y": -0.4940846264362335,
          "z": 0.875647783279419
        }
      },
      "world_space": {
        "head": {
          "x": 0.15708959102630615,
          "y": -0.37095874547958374,
          "z": 1.7411000728607178
        },
        "tail": {
          "x": 0.16865766048431396,
          "y": -0.4308406114578247,
          "z": 1.825501799583435
        },
        "rotation_quaternion": {
          "w": 0.13077478110790253,
          "x": 0.1338893473148346,
          "y": -0.4420017898082733,
          "z": -0.8772719502449036
        },
        "matrix": [
          [
            -0.9299433827400208,
            0.11109168827533722,
            -0.3505202829837799,
            0.15708959102630615
          ],
          [
            -0.3478091359138489,
            -0.575064480304718,
            0.7404929399490356,
            -0.37095874547958374
          ],
          [
            -0.1193101778626442,
            0.8105356693267822,
            0.5734205842018127,
            1.7411000728607178
          ],
          [
            0.0,
            0.0,
            0.0,
            1.0
          ]
        ]
      },
      "bone_length_armature_space": 0.1041312305828763,
      "parent": "lowerarm_l",
      "has_children": true,
      "is_end_bone": false
    },
    "pinky_01_l": {
      "name": "pinky_01_l",
      "local": {
        "location": {
          "x": 0.0,
          "y": 0.0,
          "z": 0.0
        },
        "rotation_quaternion": {
          "w": 0.9481220841407776,
          "x": 0.31789177656173706,
          "y": -0.003006191924214363,
          "z": -0.0005647120997309685
        },
        "scale": {
          "x": 1.0,
          "y": 1.0,
          "z": 1.0
        },
        "matrix_basis": [
          [
            0.9999812841415405,
            -0.0008404553518630564,
            -0.006059508770704269,
            0.0
          ],
          [
            -0.002982119331136346,
            0.797888994216919,
            -0.6027970314025879,
            0.0
          ],
          [
            0.005341439042240381,
            0.6028038263320923,
            0.7978715896606445,
            0.0
          ],
          [
            0.0,
            0.0,
            0.0,
            1.0
          ]
        ],
        "rotation_mode": "QUATERNION"
      },
      "armature_space": {
        "head": {
          "x": 0.16865766048431396,
          "y": -0.4940846264362335,
          "z": 0.875647783279419
