{
  "metadata": {
    "armature_name": "KIM_caucasian_male",
    "export_time": "2026-01-13T20:55:58.128135",
    "blender_version": "4.4.1",
    "bone_count": 56,
    "end_bone_count": 13,
    "spaces_included": [
      "LOCAL_CHANNELS",
      "ARMATURE_SPACE",
      "WORLD_SPACE"
    ],
    "note": "LOCAL matches Transform panel; replay pose via local.matrix_basis for best fidelity."
  },
  "bones": {
    "Root": {
      "name": "Root",
      "local": {
        "location": {
          "x": 0.0,
          "y": 0.0,
          "z": 0.0
        },
        "rotation_quaternion": {
          "w": 0.9997058510780334,
          "x": 0.015775147825479507,
          "y": 0.01713227480649948,
          "z": -0.006779856979846954
        },
        "scale": {
          "x": 1.0,
          "y": 1.0,
          "z": 1.0
        },
        "matrix_basis": [
          [
            0.9993210434913635,
            0.014096253551542759,
            0.03404056280851364,
            0.0
          ],
          [
            -0.013015196658670902,
            0.9994103312492371,
            -0.03177332505583763,
            0.0
          ],
          [
            -0.034468378871679306,
            0.03130870684981346,
            0.9989152550697327,
            0.0
          ],
          [
            0.0,
            0.0,
            0.0,
            1.0
          ]
        ],
        "rotation_mode": "QUATERNION"
      },
      "armature_space": {
        "head": {
          "x": 0.0,
          "y": 0.07072800397872925,
          "z": -0.009595036506652832
        },
        "tail": {
          "x": 0.001006132340990007,
          "y": -0.00025869905948638916,
          "z": -0.002220076508820057
        }
      },
      "world_space": {
        "head": {
          "x": 0.0,
          "y": 0.13397200405597687,
          "z": 0.9402589797973633
        },
        "tail": {
          "x": 0.001006132340990007,
          "y": 0.06298530101776123,
          "z": 0.9476339221000671
        },
        "rotation_quaternion": {
          "w": 0.05160851776599884,
          "x": 0.9984974265098572,
          "y": 0.00791861955076456,
          "z": 0.01663661003112793
        },
        "matrix": [
          [
            0.9993210434913635,
            0.014096253551542759,
            0.03404056280851364,
            0.0
          ],
          [
            0.017530634999275208,
            -0.9945476651191711,
            -0.1027989462018013,
            0.13397200405597687
          ],
          [
            0.03240612894296646,
            0.10332567989826202,
            -0.994126558303833,
            0.9402589797973633
          ],
          [
            0.0,
            0.0,
            0.0,
            1.0
          ]
        ]
      },
      "bone_length_armature_space": 0.07137586786931975,
      "parent": null,
      "has_children": true,
      "is_end_bone": false
    },
    "spine_01": {
      "name": "spine_01",
      "local": {
        "location": {
          "x": 0.0,
          "y": 0.0,
          "z": 0.0
        },
        "rotation_quaternion": {
          "w": 0.9996198415756226,
          "x": -0.008993066847324371,
          "y": -0.026020444929599762,
          "z": -0.0015000849962234497
        },
        "scale": {
          "x": 1.0,
          "y": 1.0,
          "z": 1.0
        },
        "matrix_basis": [
          [
            0.9986413717269897,
            0.0034670366439968348,
            -0.05199412629008293,
            0.0
          ],
          [
            -0.002531022299081087,
            0.9998337626457214,
            0.018057361245155334,
            0.0
          ],
          [
            0.05204808712005615,
            -0.017901230603456497,
            0.9984841346740723,
            0.0
          ],
          [
            0.0,
            0.0,
            0.0,
            1.0
          ]
        ],
        "rotation_mode": "QUATERNION"
      },
      "armature_space": {
        "head": {
          "x": 0.001006132340990007,
          "y": -0.00025869905948638916,
          "z": -0.002220076508820057
        },
        "tail": {
          "x": -0.013391570188105106,
          "y": 0.01577991619706154,
          "z": 0.485308438539505
        }
      },
      "world_space": {
        "head": {
          "x": 0.001006132340990007,
          "y": 0.06298530101776123,
          "z": 0.9476339221000671
        },
        "tail": {
          "x": -0.013391570188105106,
          "y": 0.07902391254901886,
          "z": 1.4351624250411987
        },
        "rotation_quaternion": {
          "w": 0.7182633280754089,
          "x": 0.6953877806663513,
          "y": -0.02303350158035755,
          "z": -0.0017618960700929165
        },
        "matrix": [
          [
            0.9989326596260071,
            -0.029503414407372475,
            -0.0355384387075901,
            0.001006132340990007
          ],
          [
            -0.03456522524356842,
            0.03286593407392502,
            -0.9988619685173035,
            0.06298530101776123
          ],
          [
            0.03063802793622017,
            0.9990313053131104,
            0.031810369342565536,
            0.9476339221000671
          ],
          [
            0.0,
            0.0,
            0.0,
            1.0
          ]
        ]
      },
      "bone_length_armature_space": 0.4880046846681589,
      "parent": "Root",
      "has_children": true,
      "is_end_bone": false
    },
    "neck_01": {
      "name": "neck_01",
      "local": {
        "location": {
          "x": 0.0,
          "y": 0.0,
          "z": 0.0
        },
        "rotation_quaternion": {
          "w": 0.9897537231445312,
          "x": -0.05039221793413162,
          "y": -0.0873553678393364,
          "z": -0.10108087211847305
        },
        "scale": {
          "x": 1.0,
          "y": 1.0,
          "z": 1.0
        },
        "matrix_basis": [
          [
            0.9643033742904663,
            0.20889440178871155,
            -0.16273322701454163,
            0.0
          ],
          [
            -0.19128628075122833,
            0.9744865894317627,
            0.11741168051958084,
            0.0
          ],
          [
            0.18310798704624176,
            -0.08209186047315598,
            0.9796593189239502,
            0.0
          ],
          [
            0.0,
            0.0,
            0.0,
            1.0
          ]
        ],
        "rotation_mode": "QUATERNION"
      },
      "armature_space": {
        "head": {
          "x": -0.01678425259888172,
          "y": -0.0164546649903059,
          "z": 0.559559166431427
        },
        "tail": {
          "x": 0.0007297750562429428,
          "y": -0.04422273486852646,
          "z": 0.6566824913024902
        }
      },
      "world_space": {
        "head": {
          "x": -0.01678425259888172,
          "y": 0.04678933322429657,
          "z": 1.509413242340088
        },
        "tail": {
          "x": 0.0007297750562429428,
          "y": 0.01902126520872116,
          "z": 1.6065365076065063
        },
        "rotation_quaternion": {
          "w": 0.6037181615829468,
          "x": 0.7867026925086975,
          "y": 0.009926232509315014,
          "z": -0.1285492479801178
        },
        "matrix": [
          [
            0.9667533040046692,
            0.17083299160003662,
            -0.1902736872434616,
            -0.01678425259888172
          ],
          [
            -0.13959603011608124,
            -0.27085164189338684,
            -0.9524456262588501,
            0.04678933322429657
          ],
          [
            -0.21424667537212372,
            0.9473476409912109,
            -0.2380017340183258,
            1.509413242340088
          ],
          [
            0.0,
            0.0,
            0.0,
            1.0
          ]
        ]
      },
      "bone_length_armature_space": 0.10252193268108908,
      "parent": "spine_01",
      "has_children": true,
      "is_end_bone": false
    },
    "head": {
      "name": "head",
      "local": {
        "location": {
          "x": 0.0,
          "y": 0.0,
          "z": 0.0
        },
        "rotation_quaternion": {
          "w": 0.9912452697753906,
          "x": -0.003535561729222536,
          "y": -0.13177001476287842,
          "z": -0.007543459534645081
        },
        "scale": {
          "x": 1.0,
          "y": 1.0,
          "z": 1.0
        },
        "matrix_basis": [
          [
            0.96515953540802,
            0.015886599197983742,
            -0.26117947697639465,
            0.0
          ],
          [
            -0.014023074880242348,
            0.9998611807823181,
            0.008997221477329731,
            0.0
          ],
          [
            0.2612861394882202,
            -0.00502121401950717,
            0.9652483463287354,
            0.0
          ],
          [
            0.0,
            0.0,
            0.0,
            1.0
          ]
        ],
        "rotation_mode": "QUATERNION"
      },
      "armature_space": {
        "head": {
          "x": 0.0007297322154045105,
          "y": -0.0442228689789772,
          "z": 0.6566823720932007
        },
        "tail": {
          "x": 0.03847457841038704,
          "y": -0.029561404138803482,
          "z": 0.8063943386077881
        }
      },
      "world_space": {
        "head": {
          "x": 0.0007297322154045105,
          "y": 0.019021131098270416,
          "z": 1.6065363883972168
        },
        "tail": {
          "x": 0.03847457841038704,
          "y": 0.03368259593844414,
          "z": 1.7562483549118042
        },
        "rotation_quaternion": {
          "w": 0.7373350262641907,
          "x": 0.6369362473487854,
          "y": -0.06003739684820175,
          "z": -0.21689829230308533
        },
        "matrix": [
          [
            0.8987007141113281,
            0.24337348341941833,
            -0.3648374676704407,
            0.0007297322154045105
          ],
          [
            -0.3963349461555481,
            0.09453508257865906,
            -0.9132262468338013,
            0.019021131098270416
          ],
          [
            -0.18776679039001465,
            0.9653216600418091,
            0.18141646683216095,
            1.6065363883972168
          ],
          [
            0.0,
            0.0,
            0.0,
            1.0
          ]
        ]
      },
      "bone_length_armature_space": 0.1550912789000994,
      "parent": "neck_01",
      "has_children": false,
      "is_end_bone": true
    },
    "upperarm_l": {
      "name": "upperarm_l",
      "local": {
        "location": {
          "x": 0.0,
          "y": 0.0,
          "z": 0.0
        },
        "rotation_quaternion": {
          "w": 0.9775899052619934,
          "x": 0.18488961458206177,
          "y": 0.00369030493311584,
          "z": -0.10059989988803864
        },
        "scale": {
          "x": 1.0,
          "y": 1.0,
          "z": 1.0
        },
        "matrix_basis": [
          [
            0.979732096195221,
            0.19805549085140228,
            -0.029984543099999428,
            0.0
          ],
          [
            -0.1953262984752655,
            0.9113909602165222,
            -0.3622349202632904,
            0.0
          ],
          [
            -0.04441496357321739,
            0.3607499599456787,
            0.9316044449806213,
            0.0
          ],
          [
            0.0,
            0.0,
            0.0,
            1.0
          ]
        ],
        "rotation_mode": "QUATERNION"
      },
      "armature_space": {
        "head": {
          "x": 0.13492518663406372,
          "y": -0.027033790946006775,
          "z": 0.4971136748790741
        },
        "tail": {
          "x": 0.37990543246269226,
          "y": -0.1231919378042221,
          "z": 0.4466562569141388
        }
      },
      "world_space": {
        "head": {
          "x": 0.13492518663406372,
          "y": 0.036210209131240845,
          "z": 1.4469677209854126
        },
        "tail": {
          "x": 0.37990543246269226,
          "y": -0.05994793772697449,
          "z": 1.3965102434158325
        },
        "rotation_quaternion": {
          "w": 0.34925588965415955,
          "x": 0.5328642725944519,
          "y": 0.445646733045578,
          "z": -0.6288679838180542
        },
        "matrix": [
          [
            -0.1881522834300995,
            0.9142096638679504,
            -0.3589141070842743,
            0.13492518663406372
          ],
          [
            0.035665370523929596,
            -0.3588399887084961,
            -0.9327176809310913,
            0.036210209131240845
          ],
          [
            -0.9814990162849426,
            -0.1882954239845276,
            0.03491032496094704,
            1.4469677209854126
          ],
          [
            0.0,
            0.0,
            0.0,
            1.0
          ]
        ]
      },
      "bone_length_armature_space": 0.26796951523218354,
      "parent": "spine_01",
      "has_children": true,
      "is_end_bone": false
    },
    "lowerarm_l": {
      "name": "lowerarm_l",
      "local": {
        "location": {
          "x": 0.0,
          "y": 0.0,
          "z": 0.0
        },
        "rotation_quaternion": {
          "w": 0.901585042476654,
          "x": 0.31167736649513245,
          "y": 0.2381095588207245,
          "z": -0.18249854445457458
        },
        "scale": {
          "x": 1.0,
          "y": 1.0,
          "z": 1.0
        },
        "matrix_basis": [
          [
            0.8199962377548218,
            0.47750264406204224,
            0.3155907094478607,
            0.0
          ],
          [
            -0.18064919114112854,
            0.7391030192375183,
            -0.6489166021347046,
            0.0
          ],
          [
            -0.5431133508682251,
            0.47509801387786865,
            0.6923221349716187,
            0.0
          ],
          [
            0.0,
            0.0,
            0.0,
            1.0
          ]
        ],
        "rotation_mode": "QUATERNION"
      },
      "armature_space": {
        "head": {
          "x": 0.3799055218696594,
          "y": -0.12319201976060867,
          "z": 0.44665634632110596
        },
        "tail": {
          "x": 0.4733860194683075,
          "y": -0.3418773412704468,
          "z": 0.3241502046585083
        }
      },
      "world_space": {
        "head": {
          "x": 0.3799055218696594,
          "y": -0.05994801968336105,
          "z": 1.396510362625122
        },
        "tail": {
          "x": 0.4733860194683075,
          "y": -0.27863335609436035,
          "z": 1.2740042209625244
        },
        "rotation_quaternion": {
          "w": 0.042581573128700256,
          "x": -0.679316520690918,
          "y": -0.2991088628768921,
          "z": 0.6687673330307007
        },
        "matrix": [
          [
            -0.07343190908432007,
            0.34942781925201416,
            -0.9340813159942627,
            0.3799055218696594
          ],
          [
            0.46333372592926025,
            -0.8174404501914978,
            -0.34221863746643066,
            -0.05994801968336105
          ],
          [
            -0.8831421732902527,
            -0.4579249918460846,
            -0.10187655687332153,
            1.396510362625122
          ],
          [
            0.0,
            0.0,
            0.0,
            1.0
          ]
        ]
      },
      "bone_length_armature_space": 0.2675250098143789,
      "parent": "upperarm_l",
      "has_children": true,
      "is_end_bone": false
    },
    "metacarpal_thumb_l": {
      "name": "metacarpal_thumb_l",
      "local": {
        "location": {
          "x": 0.0,
          "y": 0.0,
          "z": 0.0
        },
        "rotation_quaternion": {
          "w": 0.9996449947357178,
          "x": -0.024339357390999794,
          "y": 0.010820386931300163,
          "z": 0.0007354511180892587
        },
        "scale": {
          "x": 1.0,
          "y": 1.0,
          "z": 1.0
        },
        "matrix_basis": [
          [
            0.9997647404670715,
            -0.00199710251763463,
            0.02159729041159153,
            0.0
          ],
          [
            0.0009436575346626341,
            0.9988141059875488,
            0.04867734760046005,
            0.0
          ],
          [
            -0.021668892353773117,
            -0.048645518720149994,
            0.998581051826477,
            0.0
          ],
          [
            0.0,
            0.0,
            0.0,
            1.0
          ]
        ],
        "rotation_mode": "QUATERNION"
      },
      "armature_space": {
        "head": {
          "x": 0.4733860194683075,
          "y": -0.3418773412704468,
          "z": 0.3241502046585083
        },
        "tail": {
          "x": 0.45929402112960815,
          "y": -0.3810121417045593,
          "z": 0.2972526252269745
        }
      },
      "world_space": {
        "head": {
          "x": 0.4733860194683075,
          "y": -0.27863335609436035,
          "z": 1.2740042209625244
        },
        "tail": {
          "x": 0.45929402112960815,
          "y": -0.3177681565284729,
          "z": 1.247106671333313
        },
        "rotation_quaternion": {
          "w": 0.2990899682044983,
          "x": -0.9424002170562744,
          "y": 0.12455068528652191,
          "z": 0.08315188437700272
        },
        "matrix": [
          [
            0.9551457166671753,
            -0.2844931185245514,
            -0.08222024142742157,
            0.4733860194683075
          ],
          [
            -0.1850140392780304,
            -0.7900649309158325,
            0.584437906742096,
            -0.27863335609436035
          ],
          [
            -0.23122957348823547,
            -0.5430158376693726,
            -0.807267427444458,
            1.2740042209625244
          ],
          [
            0.0,
            0.0,
            0.0,
            1.0
          ]
        ]
      },
      "bone_length_armature_space": 0.04953379463954225,
      "parent": "lowerarm_l",
      "has_children": true,
      "is_end_bone": false
    },
    "thumb_01_l": {
      "name": "thumb_01_l",
      "local": {
        "location": {
          "x": 0.0,
          "y": 0.0,
          "z": 0.0
        },
        "rotation_quaternion": {
          "w": 0.9530933499336243,
          "x": 0.30256709456443787,
          "y": -0.0005540243000723422,
          "z": 0.008122919127345085
        },
        "scale": {
          "x": 1.0,
          "y": 1.0,
          "z": 1.0
        },
        "matrix_basis": [
          [
            0.9998674392700195,
            -0.015819059684872627,
            0.0038593823555856943,
            0.0
          ],
          [
            0.015148540958762169,
            0.8167743682861328,
            -0.5767583847045898,
            0.0
          ],
          [
            0.005971529986709356,
            0.5767403841018677,
            0.816905677318573,
            0.0
          ],
          [
            0.0,
            0.0,
            0.0,
            1.0
          ]
        ],
        "rotation_mode": "QUATERNION"
      },
      "armature_space": {
        "head": {
          "x": 0.45929402112960815,
          "y": -0.3810121417045593,
          "z": 0.2972526252269745
        },
        "tail": {
          "x": 0.46725499629974365,
          "y": -0.3862135112285614,
          "z": 0.26456916332244873
        }
      },
      "world_space": {
        "head": {
          "x": 0.45929402112960815,
          "y": -0.3177681565284729,
          "z": 1.247106671333313
        },
        "tail": {
          "x": 0.46725499629974365,
          "y": -0.3229694962501526,
          "z": 1.2144231796264648
        },
        "rotation_quaternion": {
          "w": 0.4846326410770416,
          "x": -0.429338276386261,
          "y": 0.4344269633293152,
          "z": -0.6261574625968933
        },
        "matrix": [
          [
            -0.16159845888614655,
            0.2338809370994568,
            0.9587416648864746,
            0.45929402112960815
          ],
          [
            -0.9799453020095825,
            -0.15280835330486298,
            -0.12789547443389893,
            -0.3177681565284729
          ],
          [
            0.11659141629934311,
            -0.9601888656616211,
            0.2538858652114868,
            1.247106671333313
          ],
          [
            0.0,
            0.0,
            0.0,
            1.0
          ]
        ]
      },
      "bone_length_armature_space": 0.03403880266610279,
      "parent": "metacarpal_thumb_l",
      "has_children": true,
      "is_end_bone": false
    },
    "thumb_02_l": {
      "name": "thumb_02_l",
      "local": {
        "location": {
          "x": 0.0,
          "y": 0.0,
          "z": 0.0
        },
        "rotation_quaternion": {
          "w": 0.8927154541015625,
          "x": 0.4504816234111786,
          "y": 0.0079610301181674,
          "z": 0.007886234670877457
        },
        "scale": {
          "x": 1.0,
          "y": 1.0,
          "z": 1.0
        },
        "matrix_basis": [
          [
            0.9997488856315613,
            -0.006907731760293245,
            0.021319076418876648,
            0.0
          ],
          [
            0.02125292271375656,
            0.594008207321167,
            -0.8041782379150391,
            0.0
          ],
          [
            -0.007108661811798811,
            0.8044293522834778,
            0.5940058827400208,
            0.0
          ],
          [
            0.0,
            0.0,
            0.0,
            1.0
          ]
        ],
        "rotation_mode": "QUATERNION"
      },
      "armature_space": {
        "head": {
          "x": 0.46725496649742126,
          "y": -0.386213481426239,
          "z": 0.26456916332244873
        },
        "tail": {
          "x": 0.48655709624290466,
          "y": -0.41048532724380493,
          "z": 0.2900935411453247
        }
      },
      "world_space": {
        "head": {
          "x": 0.46725496649742126,
          "y": -0.3229694962501526,
          "z": 1.2144231796264648
        },
        "tail": {
          "x": 0.48655709624290466,
          "y": -0.3472413420677185,
          "z": 1.2399475574493408
        },
        "rotation_quaternion": {
          "w": 0.31103038787841797,
          "x": 0.11334512382745743,
          "y": -0.3179682493209839,
          "z": -0.8884307146072388
        },
        "matrix": [
          [
            -0.7808254361152649,
            0.4805779457092285,
            -0.39919495582580566,
            0.46725496649742126
          ],
          [
            -0.6247392296791077,
            -0.6043123006820679,
            0.49447762966156006,
            -0.3229694962501526
          ],
          [
            -0.0036040176637470722,
            0.6354973316192627,
            0.7721039056777954,
            1.2144231796264648
          ],
          [
            0.0,
            0.0,
            0.0,
            1.0
          ]
        ]
      },
      "bone_length_armature_space": 0.04016451835855936,
      "parent": "thumb_01_l",
      "has_children": true,
      "is_end_bone": false
    },
    "thumb_03_l": {
      "name": "thumb_03_l",
      "local": {
        "location": {
          "x": 0.0,
          "y": 0.0,
          "z": 0.0
        },
        "rotation_quaternion": {
          "w": 0.9902802109718323,
          "x": 0.13894763588905334,
          "y": 0.005135419312864542,
          "z": -0.0035195336677134037
        },
        "scale": {
          "x": 1.0,
          "y": 1.0,
          "z": 1.0
        },
        "matrix_basis": [
          [
            0.9999224543571472,
            0.00839775800704956,
            0.00919294636696577,
            0.0
          ],
          [
            -0.005543540231883526,
            0.961362361907959,
            -0.275230348110199,
            0.0
          ],
          [
            -0.011149070225656033,
            0.2751580476760864,
            0.9613343477249146,
            0.0
          ],
          [
            0.0,
            0.0,
            0.0,
            1.0
          ]
        ],
        "rotation_mode": "QUATERNION"
      },
      "armature_space": {
        "head": {
          "x": 0.4865570664405823,
          "y": -0.4104853570461273,
          "z": 0.29009345173835754
        },
        "tail": {
          "x": 0.4939953684806824,
          "y": -0.41794610023498535,
          "z": 0.31865760684013367
        }
      },
      "world_space": {
        "head": {
          "x": 0.4865570664405823,
          "y": -0.3472413420677185,
          "z": 1.2399474382400513
        },
        "tail": {
          "x": 0.4939953684806824,
          "y": -0.3547021150588989,
          "z": 1.2685116529464722
        },
        "rotation_quaternion": {
          "w": 0.3974654972553253,
          "x": 0.34233906865119934,
          "y": -0.4684998393058777,
          "z": -0.7108678817749023
        },
        "matrix": [
          [
            -0.44964978098869324,
            0.24432030320167542,
            -0.8591407537460327,
            0.4865570664405823
          ],
          [
            -0.885863184928894,
            -0.2450575828552246,
            0.3939465284347534,
            -0.3472413420677185
          ],
          [
            -0.11429138481616974,
            0.938225269317627,
            0.3266269564628601,
            1.2399474382400513
          ],
          [
            0.0,
            0.0,
            0.0,
            1.0
          ]
        ]
      },
      "bone_length_armature_space": 0.030445065478617372,
      "parent": "thumb_02_l",
      "has_children": false,
      "is_end_bone": true
    },
    "metacarpal_index_l": {
      "name": "metacarpal_index_l",
      "local": {
        "location": {
          "x": 0.0,
          "y": 0.0,
          "z": 0.0
        },
        "rotation_quaternion": {
          "w": 0.9994701743125916,
          "x": -0.01431968342512846,
          "y": 0.023748889565467834,
          "z": 0.01704142428934574
        },
        "scale": {
          "x": 1.0,
          "y": 1.0,
          "z": 1.0
        },
        "matrix_basis": [
          [
            0.9982911348342896,
            -0.03474494442343712,
            0.046984557062387466,
            0.0
          ],
          [
            0.03338463604450226,
            0.9990090727806091,
            0.02943362295627594,
            0.0
          ],
          [
            -0.04796066880226135,
            -0.02781476266682148,
            0.998461902141571,
            0.0
          ],
          [
            0.0,
            0.0,
            0.0,
            1.0
          ]
        ],
        "rotation_mode": "QUATERNION"
      },
      "armature_space": {
        "head": {
          "x": 0.4733860194683075,
          "y": -0.3418773412704468,
          "z": 0.3241502046585083
        },
        "tail": {
          "x": 0.47747328877449036,
          "y": -0.44501161575317383,
          "z": 0.26868945360183716
        }
      },
      "world_space": {
        "head": {
          "x": 0.4733860194683075,
          "y": -0.27863335609436035,
          "z": 1.2740042209625244
        },
        "tail": {
          "x": 0.47747328877449036,
          "y": -0.3817676305770874,
          "z": 1.218543529510498
        },
        "rotation_quaternion": {
          "w": 0.22592562437057495,
          "x": -0.9200049638748169,
          "y": -0.09412334859371185,
          "z": 0.306086927652359
        },
        "matrix": [
          [
            0.7949032187461853,
            0.03488272428512573,
            -0.6057326197624207,
            0.4733860194683075
          ],
          [
            0.31149375438690186,
            -0.8801974058151245,
            0.35808467864990234,
            -0.27863335609436035
          ],
          [
            -0.5206764936447144,
            -0.4733286201953888,
            -0.7105422616004944,
            1.2740042209625244
          ],
          [
            0.0,
            0.0,
            0.0,
            1.0
          ]
        ]
      },
      "bone_length_armature_space": 0.11717200845841069,
      "parent": "lowerarm_l",
      "has_children": true,
      "is_end_bone": false
    },
    "index_01_l": {
      "name": "index_01_l",
      "local": {
        "location": {
          "x": 0.0,
          "y": 0.0,
          "z": 0.0
        },
        "rotation_quaternion": {
          "w": 0.9411729574203491,
          "x": 0.33769941329956055,
          "y": -0.0001581357792019844,
          "z": -0.012350678443908691
        },
        "scale": {
          "x": 1.0,
          "y": 1.0,
          "z": 1.0
        },
        "matrix_basis": [
          [
            0.9996948838233948,
            0.023141443729400635,
            -0.008639300242066383,
            0.0
          ],
          [
            -0.02335505373775959,
            0.7716131210327148,
            -0.6356632113456726,
            0.0
          ],
          [
            -0.008043967187404633,
            0.6356710195541382,
            0.7719181776046753,
            0.0
          ],
          [
            0.0,
            0.0,
            0.0,
            1.0
          ]
        ],
        "rotation_mode": "QUATERNION"
      },
      "armature_space": {
        "head": {
          "x": 0.47747328877449036,
          "y": -0.44501161575317383,
          "z": 0.26868945360183716
        },
        "tail": {
          "x": 0.47647130489349365,
          "y": -0.45649316906929016,
          "z": 0.24260786175727844
        }
      },
      "world_space": {
        "head": {
          "x": 0.47747328877449036,
          "y": -0.3817676305770874,
          "z": 1.218543529510498
        },
        "tail": {
          "x": 0.47647130489349365,
          "y": -0.39324915409088135,
          "z": 1.1924618482589722
        },
        "rotation_quaternion": {
          "w": 0.514181911945343,
          "x": -0.7764440774917603,
          "y": -0.18517033755779266,
          "z": 0.3137892186641693
        },
        "matrix": [
          [
            0.7344971299171448,
            -0.03513997793197632,
            -0.6777013540267944,
            0.47747328877449036
          ],
          [
            0.6102378368377686,
            -0.40265899896621704,
            0.682258129119873,
            -0.3817676305770874
          ],
          [
            -0.29685842990875244,
            -0.9146822690963745,
            -0.27430960536003113,
            1.218543529510498
          ],
          [
            0.0,
            0.0,
            0.0,
            1.0
          ]
        ]
      },
      "bone_length_armature_space": 0.02851454805596759,
      "parent": "metacarpal_index_l",
      "has_children": true,
      "is_end_bone": false
    },
    "index_02_l": {
      "name": "index_02_l",
      "local": {
        "location": {
          "x": 0.0,
          "y": 0.0,
          "z": 0.0
        },
        "rotation_quaternion": {
          "w": 0.8948941230773926,
          "x": 0.4460664689540863,
          "y": -0.007672027684748173,
          "z": -0.011422207579016685
        },
        "scale": {
          "x": 1.0,
          "y": 1.0,
          "z": 1.0
        },
        "matrix_basis": [
          [
            0.9996213316917419,
            0.01359886396676302,
            -0.023921431973576546,
            0.0
          ],
          [
            -0.02728780172765255,
            0.6017884612083435,
            -0.7981892824172974,
            0.0
          ],
          [
            0.0035411773715168238,
            0.7985397577285767,
            0.6019316911697388,
            0.0
          ],
          [
            0.0,
            0.0,
            0.0,
            1.0
          ]
        ],
        "rotation_mode": "QUATERNION"
      },
      "armature_space": {
        "head": {
          "x": 0.4764708876609802,
          "y": -0.4564932584762573,
          "z": 0.2426075041294098
        },
        "tail": {
          "x": 0.46203696727752686,
          "y": -0.4497164487838745,
          "z": 0.2225119173526764
        }
      },
      "world_space": {
        "head": {
          "x": 0.4764708876609802,
          "y": -0.3932492733001709,
          "z": 1.1924614906311035
        },
        "tail": {
          "x": 0.46203696727752686,
          "y": -0.3864724636077881,
          "z": 1.1723659038543701
        },
        "rotation_quaternion": {
          "w": 0.7925863862037659,
          "x": -0.46336132287979126,
          "y": -0.06238853558897972,
          "z": 0.3914216458797455
        },
        "matrix": [
          [
            0.6857920289039612,
            -0.5626543164253235,
            -0.46163758635520935,
            0.4764708876609802
          ],
          [
            0.6782896518707275,
            0.26416993141174316,
            0.6856662034988403,
            -0.3932492733001709
          ],
          [
            -0.2638433277606964,
            -0.7833536863327026,
            0.5628125667572021,
            1.1924614906311035
          ],
          [
            0.0,
            0.0,
            0.0,
            1.0
          ]
        ]
      },
      "bone_length_armature_space": 0.025653378294595845,
      "parent": "index_01_l",
      "has_children": true,
      "is_end_bone": false
    },
    "index_03_l": {
      "name": "index_03_l",
      "local": {
        "location": {
          "x": 0.0,
          "y": 0.0,
          "z": 0.0
        },
        "rotation_quaternion": {
          "w": 0.9191189408302307,
          "x": 0.39396530389785767,
          "y": 0.0013254539808258414,
          "z": 0.0031758120749145746
        },
        "scale": {
          "x": 1.0,
          "y": 1.0,
          "z": 1.0
        },
        "matrix_basis": [
          [
            0.9999763369560242,
            -0.004793532192707062,
            0.004938819445669651,
            0.0
          ],
          [
            0.0068822638131678104,
            0.6895624995231628,
            -0.7241935133934021,
            0.0
          ],
          [
            6.58198187011294e-05,
            0.7242103815078735,
            0.6895791888237,
            0.0
          ],
          [
            0.0,
            0.0,
            0.0,
            1.0
          ]
        ],
        "rotation_mode": "QUATERNION"
      },
      "armature_space": {
        "head": {
          "x": 0.46203702688217163,
          "y": -0.4497165381908417,
          "z": 0.22251185774803162
        },
        "tail": {
          "x": 0.443512886762619,
          "y": -0.4272170960903168,
          "z": 0.22042305767536163
        }
      },
      "world_space": {
        "head": {
          "x": 0.46203702688217163,
          "y": -0.38647252321243286,
          "z": 1.1723659038543701
        },
        "tail": {
          "x": 0.443512886762619,
          "y": -0.36397308111190796,
          "z": 1.1702771186828613
        },
        "rotation_quaternion": {
          "w": 0.935015082359314,
          "x": -0.07492494583129883,
          "y": 0.10375315696001053,
          "z": 0.3307088613510132
        },
        "matrix": [
          [
            0.7597338557243347,
            -0.6339829564094543,
            0.14446459710597992,
            0.46203702688217163
          ],
          [
            0.602888286113739,
            0.770035982131958,
            0.2087368667125702,
            -0.38647252321243286
          ],
          [
            -0.24357952177524567,
            -0.0714884102344513,
            0.9672501087188721,
            1.1723659038543701
          ],
          [
            0.0,
            0.0,
            0.0,
            1.0
          ]
        ]
      },
      "bone_length_armature_space": 0.029218687830005877,
      "parent": "index_02_l",
      "has_children": false,
      "is_end_bone": true
    },
    "metacarpal_pinky_l": {
      "name": "metacarpal_pinky_l",
      "local": {
        "location": {
          "x": 0.0,
          "y": 0.0,
          "z": 0.0
        },
        "rotation_quaternion": {
          "w": 0.9999651312828064,
          "x": -0.005314892623573542,
          "y": -0.0020257667638361454,
          "z": 0.006126919761300087
        },
        "scale": {
          "x": 1.0,
          "y": 1.0,
          "z": 1.0
        },
        "matrix_basis": [
          [
            0.9999167323112488,
            -0.012231878936290741,
            -0.004116520285606384,
            0.0
          ],
          [
            0.012274946086108685,
            0.9998684525489807,
            0.010604591108858585,
            0.0
          ],
          [
            0.003986264578998089,
            -0.010654238052666187,
            0.9999352693557739,
            0.0
          ],
          [
            0.0,
            0.0,
            0.0,
            1.0
          ]
        ],
        "rotation_mode": "QUATERNION"
      },
      "armature_space": {
        "head": {
          "x": 0.4733860194683075,
          "y": -0.3418773412704468,
          "z": 0.3241502046585083
        },
        "tail": {
          "x": 0.5386819839477539,
          "y": -0.41067320108413696,
          "z": 0.2811755836009979
        }
      },
      "world_space": {
        "head": {
          "x": 0.4733860194683075,
          "y": -0.27863335609436035,
          "z": 1.2740042209625244
        },
        "tail": {
          "x": 0.5386819839477539,
          "y": -0.34742921590805054,
          "z": 1.2310296297073364
        },
        "rotation_quaternion": {
          "w": 0.2972817122936249,
          "x": 0.16531184315681458,
          "y": 0.28511330485343933,
          "z": -0.8961060047149658
        },
        "matrix": [
          [
            -0.7685911655426025,
            0.6270573139190674,
            -0.12675462663173676,
            0.4733860194683075
          ],
          [
            -0.43852803111076355,
            -0.6606678366661072,
            -0.6092714667320251,
            -0.27863335609436035
          ],
          [
            -0.46579447388648987,
            -0.4126986563205719,
            0.7827704548835754,
            1.2740042209625244
          ],
          [
            0.0,
            0.0,
            0.0,
            1.0
          ]
        ]
      },
      "bone_length_armature_space": 0.10413093488007732,
      "parent": "lowerarm_l",
      "has_children": true,
      "is_end_bone": false
    },
    "pinky_01_l": {
      "name": "pinky_01_l",
      "local": {
        "location": {
          "x": 0.0,
          "y": 0.0,
          "z": 0.0
        },
        "rotation_quaternion": {
          "w": 0.9362444281578064,
          "x": 0.3507503569126129,
          "y": -0.018994422629475594,
          "z": 0.007739378605037928
        },
        "scale": {
          "x": 1.0,
          "y": 1.0,
          "z": 1.0
        },
        "matrix_basis": [
          [
            0.9991586208343506,
            -0.027816500514745712,
            -0.030137665569782257,
            0.0
          ],
          [
            0.0011672991095110774,
            0.7538285851478577,
            -0.6570701599121094,
            0.0
          ],
          [
            0.04099602252244949,
            0.6564821004867554,
            0.7532268166542053,
            0.0
          ],
          [
            0.0,
            0.0,
            0.0,
            1.0
          ]
        ],
        "rotation_mode": "QUATERNION"
      },
      "armature_space": {
        "head": {
          "x": 0.5386819839477539,
          "y": -0.41067320108413696,
          "z": 0.2811755836009979
        },
