{
  "metadata": {
    "armature_name": "KIM_caucasian_male",
    "export_time": "2026-01-13T21:05:20.394129",
    "blender_version": "4.4.1",
    "bone_count": 56,
    "end_bone_count": 13,
    "spaces_included": [
      "LOCAL_CHANNELS",
      "ARMATURE_SPACE",
      "WORLD_SPACE"
    ],
    "note": "LOCAL matches Transform panel; replay pose via local.matrix_basis for best fidelity."
  },
  "bones": {
    "Root": {
      "name": "Root",
      "local": {
        "location": {
          "x": 0.0,
          "y": 0.0,
          "z": 0.0
        },
        "rotation_quaternion": {
          "w": 0.9996023178100586,
          "x": 0.0062909116968512535,
          "y": 0.007728614378720522,
          "z": 0.02638259530067444
        },
        "scale": {
          "x": 1.0,
          "y": 1.0,
          "z": 1.0
        },
        "matrix_basis": [
          [
            0.9984884262084961,
            -0.05264696851372719,
            0.015783023089170456,
            0.0
          ],
          [
            0.05284144729375839,
            0.998528778553009,
            -0.012169018387794495,
            0.0
          ],
          [
            -0.015119140967726707,
            0.012984621338546276,
            0.9998013973236084,
            0.0
          ],
          [
            0.0,
            0.0,
            0.0,
            1.0
          ]
        ],
        "rotation_mode": "QUATERNION"
      },
      "armature_space": {
        "head": {
          "x": 0.0,
          "y": 0.07072800397872925,
          "z": -0.009595036506652832
        },
        "tail": {
          "x": -0.003757723141461611,
          "y": -2.0526349544525146e-05,
          "z": -0.0009324997663497925
        }
      },
      "world_space": {
        "head": {
          "x": 0.0,
          "y": 0.13397200405597687,
          "z": 0.9402589797973633
        },
        "tail": {
          "x": -0.003757723141461611,
          "y": 0.0632234737277031,
          "z": 0.9489215016365051
        },
        "rotation_quaternion": {
          "w": 0.061064235866069794,
          "x": 0.997755229473114,
          "y": -0.025802001357078552,
          "z": 0.009488396346569061
        },
        "matrix": [
          [
            0.9984884262084961,
            -0.05264696851372719,
            0.015783023089170456,
            0.0
          ],
          [
            -0.05032934993505478,
            -0.9912108182907104,
            -0.12234442681074142,
            0.13397200405597687
          ],
          [
            0.02208547294139862,
            0.12136505544185638,
            -0.9923692345619202,
            0.9402589797973633
          ],
          [
            0.0,
            0.0,
            0.0,
            1.0
          ]
        ]
      },
      "bone_length_armature_space": 0.07137586812974107,
      "parent": null,
      "has_children": true,
      "is_end_bone": false
    },
    "spine_01": {
      "name": "spine_01",
      "local": {
        "location": {
          "x": 0.0,
          "y": 0.0,
          "z": 0.0
        },
        "rotation_quaternion": {
          "w": 0.9959022998809814,
          "x": 0.08435704559087753,
          "y": -0.027325130999088287,
          "z": -0.017773563042283058
        },
        "scale": {
          "x": 1.0,
          "y": 1.0,
          "z": 1.0
        },
        "matrix_basis": [
          [
            0.9978748559951782,
            0.030791329219937325,
            -0.05742497369647026,
            0.0
          ],
          [
            -0.04001159965991974,
            0.9851359724998474,
            -0.16705141961574554,
            0.0
          ],
          [
            0.05142766982316971,
            0.16899408400058746,
            0.9842744469642639,
            0.0
          ],
          [
            0.0,
            0.0,
            0.0,
            1.0
          ]
        ],
        "rotation_mode": "QUATERNION"
      },
      "armature_space": {
        "head": {
          "x": -0.003757723141461611,
          "y": -2.0526349544525146e-05,
          "z": -0.0009324997663497925
        },
        "tail": {
          "x": -0.0027493764646351337,
          "y": -0.06642231345176697,
          "z": 0.482532262802124
        }
      },
      "world_space": {
        "head": {
          "x": -0.003757723141461611,
          "y": 0.0632234737277031,
          "z": 0.9489215016365051
        },
        "tail": {
          "x": -0.0027493764646351337,
          "y": -0.003178313374519348,
          "z": 1.4323862791061401
        },
        "rotation_quaternion": {
          "w": 0.6563859581947327,
          "x": 0.7526188492774963,
          "y": -0.03350801020860672,
          "z": -0.03999464213848114
        },
        "matrix": [
          [
            0.9945552945137024,
            0.0020662788301706314,
            -0.10418974608182907,
            -0.003757723141461611
          ],
          [
            -0.10294130444526672,
            -0.1360688954591751,
            -0.9853367805480957,
            0.0632234737277031
          ],
          [
            -0.016213174909353256,
            0.9907039999961853,
            -0.13511715829372406,
            0.9489215016365051
          ],
          [
            0.0,
            0.0,
            0.0,
            1.0
          ]
        ]
      },
      "bone_length_armature_space": 0.48800450611697377,
      "parent": "Root",
      "has_children": true,
      "is_end_bone": false
    },
    "neck_01": {
      "name": "neck_01",
      "local": {
        "location": {
          "x": 0.0,
          "y": 0.0,
          "z": 0.0
        },
        "rotation_quaternion": {
          "w": 0.9973785877227783,
          "x": 0.002011351753026247,
          "y": -0.023470235988497734,
          "z": 0.06841963529586792
        },
        "scale": {
          "x": 1.0,
          "y": 1.0,
          "z": 1.0
        },
        "matrix_basis": [
          [
            0.9895358085632324,
            -0.13657496869564056,
            -0.04654219001531601,
            0.0
          ],
          [
            0.13638614118099213,
            0.9906294345855713,
            -0.007223808206617832,
            0.0
          ],
          [
            0.047092653810977936,
            0.0008005083655007184,
            0.998890221118927,
            0.0
          ],
          [
            0.0,
            0.0,
            0.0,
            1.0
          ]
        ],
        "rotation_mode": "QUATERNION"
      },
      "armature_space": {
        "head": {
          "x": -0.006211433093994856,
          "y": -0.11055698990821838,
          "z": 0.5503842234611511
        },
        "tail": {
          "x": -0.02396860159933567,
          "y": -0.1599656045436859,
          "z": 0.6384421586990356
        }
      },
      "world_space": {
        "head": {
          "x": -0.006211433093994856,
          "y": -0.047312989830970764,
          "z": 1.5002381801605225
        },
        "tail": {
          "x": -0.02396860159933567,
          "y": -0.0967216044664383,
          "z": 1.5882961750030518
        },
        "rotation_quaternion": {
          "w": 0.4964946508407593,
          "x": 0.8605726361274719,
          "y": -0.11191719770431519,
          "z": -0.019558405503630638
        },
        "matrix": [
          [
            0.9741839170455933,
            -0.17320461571216583,
            -0.14479602873325348,
            -0.006211433093994856
          ],
          [
            -0.21204759180545807,
            -0.48193490505218506,
            -0.8501617312431335,
            -0.047312989830970764
          ],
          [
            0.07746998965740204,
            0.8589228391647339,
            -0.5062251091003418,
            1.5002381801605225
          ],
          [
            0.0,
            0.0,
            0.0,
            1.0
          ]
        ]
      },
      "bone_length_armature_space": 0.10252184297526509,
      "parent": "spine_01",
      "has_children": true,
      "is_end_bone": false
    },
    "head": {
      "name": "head",
      "local": {
        "location": {
          "x": 0.0,
          "y": 0.0,
          "z": 0.0
        },
        "rotation_quaternion": {
          "w": 0.9793097972869873,
          "x": -0.11922018975019455,
          "y": -0.12455160915851593,
          "z": -0.10595238208770752
        },
        "scale": {
          "x": 1.0,
          "y": 1.0,
          "z": 1.0
        },
        "matrix_basis": [
          [
            0.9465219974517822,
            0.23721854388713837,
            -0.21868589520454407,
            0.0
          ],
          [
            -0.1778222769498825,
            0.9491212964057922,
            0.2599000930786133,
            0.0
          ],
          [
            0.269212543964386,
            -0.20711392164230347,
            0.9405468702316284,
            0.0
          ],
          [
            0.0,
            0.0,
            0.0,
            1.0
          ]
        ],
        "rotation_mode": "QUATERNION"
      },
      "armature_space": {
        "head": {
          "x": -0.023968612775206566,
          "y": -0.15996569395065308,
          "z": 0.6384420394897461
        },
        "tail": {
          "x": 0.0021324865520000458,
          "y": -0.1577243059873581,
          "z": 0.7913047671318054
        }
      },
      "world_space": {
        "head": {
          "x": -0.023968612775206566,
          "y": -0.09672169387340546,
          "z": 1.5882960557937622
        },
        "tail": {
          "x": 0.0021324865520000458,
          "y": -0.09448030591011047,
          "z": 1.7411587238311768
        },
        "rotation_quaternion": {
          "w": 0.7049893140792847,
          "x": 0.6681919097900391,
          "y": -0.10107429325580597,
          "z": -0.21515952050685883
        },
        "matrix": [
          [
            0.8869802951812744,
            0.1682962328195572,
            -0.43004941940307617,
            -0.023968612775206566
          ],
          [
            -0.4384455680847168,
            0.014452189207077026,
            -0.8986417651176453,
            -0.09672169387340546
          ],
          [
            -0.14502428472042084,
            0.9856375455856323,
            0.08660732209682465,
            1.5882960557937622
          ],
          [
            0.0,
            0.0,
            0.0,
            1.0
          ]
        ]
      },
      "bone_length_armature_space": 0.1550912796170045,
      "parent": "neck_01",
      "has_children": false,
      "is_end_bone": true
    },
    "upperarm_l": {
      "name": "upperarm_l",
      "local": {
        "location": {
          "x": 0.0,
          "y": 0.0,
          "z": 0.0
        },
        "rotation_quaternion": {
          "w": 0.6792969703674316,
          "x": 0.576894223690033,
          "y": -0.28054893016815186,
          "z": 0.3564281165599823
        },
        "scale": {
          "x": 1.0,
          "y": 1.0,
          "z": 1.0
        },
        "matrix_basis": [
          [
            0.5885025858879089,
            -0.8079351782798767,
            0.030090566724538803,
            0.0
          ],
          [
            0.16054695844650269,
            0.0803041011095047,
            -0.9837560653686523,
            0.0
          ],
          [
            0.7923946976661682,
            0.5837739706039429,
            0.1769707053899765,
            0.0
          ],
          [
            0.0,
            0.0,
            0.0,
            1.0
          ]
        ],
        "rotation_mode": "QUATERNION"
      },
      "armature_space": {
        "head": {
          "x": 0.14250071346759796,
          "y": -0.11999566107988358,
          "z": 0.48093828558921814
        },
        "tail": {
          "x": 0.15851694345474243,
          "y": -0.31044209003448486,
          "z": 0.6687724590301514
        }
      },
      "world_space": {
        "head": {
          "x": 0.14250071346759796,
          "y": -0.056751661002635956,
          "z": 1.4307923316955566
        },
        "tail": {
          "x": 0.15851694345474243,
          "y": -0.24719808995723724,
          "z": 1.6186264753341675
        },
        "rotation_quaternion": {
          "w": 0.29929134249687195,
          "x": 0.6766754984855652,
          "y": -0.23467789590358734,
          "z": -0.6304452419281006
        },
        "matrix": [
          [
            0.09493158757686615,
            0.059768881648778915,
            -0.9936879873275757,
            0.14250071346759796
          ],
          [
            -0.6949754953384399,
            -0.710702121257782,
            -0.10914193093776703,
            -0.056751661002635956
          ],
          [
            -0.7127448320388794,
            0.7009538412094116,
            -0.025930361822247505,
            1.4307923316955566
          ],
          [
            0.0,
            0.0,
            0.0,
            1.0
          ]
        ]
      },
      "bone_length_armature_space": 0.26797022221982086,
      "parent": "spine_01",
      "has_children": true,
      "is_end_bone": false
    },
    "lowerarm_l": {
      "name": "lowerarm_l",
      "local": {
        "location": {
          "x": 0.0,
          "y": 0.0,
          "z": 0.0
        },
        "rotation_quaternion": {
          "w": 0.9650037288665771,
          "x": 0.2584485113620758,
          "y": 0.04315052554011345,
          "z": -0.010495870374143124
        },
        "scale": {
          "x": 1.0,
          "y": 1.0,
          "z": 1.0
        },
        "matrix_basis": [
          [
            0.9960557222366333,
            0.04256148636341095,
            0.07785554975271225,
            0.0
          ],
          [
            0.002047270070761442,
            0.8661884069442749,
            -0.49971336126327515,
            0.0
          ],
          [
            -0.0887061208486557,
            0.4979017376899719,
            0.8626847863197327,
            0.0
          ],
          [
            0.0,
            0.0,
            0.0,
            1.0
          ]
        ],
        "rotation_mode": "QUATERNION"
      },
      "armature_space": {
        "head": {
          "x": 0.15851689875125885,
          "y": -0.31044209003448486,
          "z": 0.6687726378440857
        },
        "tail": {
          "x": 0.010752871632575989,
          "y": -0.46341973543167114,
          "z": 0.8310480117797852
        }
      },
      "world_space": {
        "head": {
          "x": 0.15851689875125885,
          "y": -0.24719808995723724,
          "z": 1.618626594543457
        },
        "tail": {
          "x": 0.010752871632575989,
          "y": -0.4001757502555847,
          "z": 1.7809020280838013
        },
        "rotation_quaternion": {
          "w": 0.09263116121292114,
          "x": 0.7160137891769409,
          "y": -0.4533267617225647,
          "z": -0.5227224826812744
        },
        "matrix": [
          [
            0.04251152276992798,
            -0.5523383617401123,
            -0.8325353860855103,
            0.15851689875125885
          ],
          [
            -0.7460176944732666,
            -0.5718267560005188,
            0.3412797451019287,
            -0.24719808995723724
          ],
          [
            -0.6645731329917908,
            0.6065813899040222,
            -0.43636590242385864,
            1.618626594543457
          ],
          [
            0.0,
            0.0,
            0.0,
            1.0
          ]
        ]
      },
      "bone_length_armature_space": 0.26752507247694784,
      "parent": "upperarm_l",
      "has_children": true,
      "is_end_bone": false
    },
    "metacarpal_thumb_l": {
      "name": "metacarpal_thumb_l",
      "local": {
        "location": {
          "x": 0.0,
          "y": 0.0,
          "z": 0.0
        },
        "rotation_quaternion": {
          "w": 0.9995449781417847,
          "x": -0.02181423082947731,
          "y": 0.017903175204992294,
          "z": 0.010660156607627869
        },
        "scale": {
          "x": 1.0,
          "y": 1.0,
          "z": 1.0
        },
        "matrix_basis": [
          [
            0.9991316795349121,
            -0.0220916997641325,
            0.03532497212290764,
            0.0
          ],
          [
            0.020529523491859436,
            0.9988210201263428,
            0.04399031028151512,
            0.0
          ],
          [
            -0.03625514358282089,
            -0.04322690889239311,
            0.998407244682312,
            0.0
          ],
          [
            0.0,
            0.0,
            0.0,
            1.0
          ]
        ],
        "rotation_mode": "QUATERNION"
      },
      "armature_space": {
        "head": {
          "x": 0.010752871632575989,
          "y": -0.46341973543167114,
          "z": 0.8310480117797852
        },
        "tail": {
          "x": -0.03540593385696411,
          "y": -0.48042070865631104,
          "z": 0.8368716835975647
        }
      },
      "world_space": {
        "head": {
          "x": 0.010752871632575989,
          "y": -0.4001757502555847,
          "z": 1.7809020280838013
        },
        "tail": {
          "x": -0.03540593385696411,
          "y": -0.4171767234802246,
          "z": 1.7867257595062256
        },
        "rotation_quaternion": {
          "w": 0.2587736248970032,
          "x": 0.7717756032943726,
          "y": -0.5112971663475037,
          "z": 0.2756338119506836
        },
        "matrix": [
          [
            0.3252016007900238,
            -0.9318673014640808,
            0.16083237528800964,
            0.010752871632575989
          ],
          [
            -0.6465600728988647,
            -0.3432207405567169,
            -0.6812925934791565,
            -0.4001757502555847
          ],
          [
            0.690079391002655,
            0.1175701916217804,
            -0.7141296863555908,
            1.7809020280838013
          ],
          [
            0.0,
            0.0,
            0.0,
            1.0
          ]
        ]
      },
      "bone_length_armature_space": 0.049533660750257634,
      "parent": "lowerarm_l",
      "has_children": true,
      "is_end_bone": false
    },
    "thumb_01_l": {
      "name": "thumb_01_l",
      "local": {
        "location": {
          "x": 0.0,
          "y": 0.0,
          "z": 0.0
        },
        "rotation_quaternion": {
          "w": 0.9998639822006226,
          "x": 0.0049845511093735695,
          "y": -0.012743697501718998,
          "z": 0.009208676405251026
        },
        "scale": {
          "x": 1.0,
          "y": 1.0,
          "z": 1.0
        },
        "matrix_basis": [
          [
            0.9995055794715881,
            -0.018541891127824783,
            -0.02539212629199028,
            0.0
          ],
          [
            0.01828780397772789,
            0.9997807145118713,
            -0.01020245160907507,
            0.0
          ],
          [
            0.025575730949640274,
            0.009733040817081928,
            0.9996255040168762,
            0.0
          ],
          [
            0.0,
            0.0,
            0.0,
            1.0
          ]
        ],
        "rotation_mode": "QUATERNION"
      },
      "armature_space": {
        "head": {
          "x": -0.03540593385696411,
          "y": -0.48042070865631104,
          "z": 0.8368716835975647
        },
        "tail": {
          "x": -0.0530293770134449,
          "y": -0.5030233860015869,
          "z": 0.8185096979141235
        }
      },
      "world_space": {
        "head": {
          "x": -0.03540593385696411,
          "y": -0.4171767234802246,
          "z": 1.7867257595062256
        },
        "tail": {
          "x": -0.0530293770134449,
          "y": -0.4397794008255005,
          "z": 1.7683637142181396
        },
        "rotation_quaternion": {
          "w": 0.19522538781166077,
          "x": 0.24190273880958557,
          "y": -0.36037689447402954,
          "z": 0.8794876933097839
        },
        "matrix": [
          [
            -0.8067403435707092,
            -0.5177491307258606,
            0.28479036688804626,
            -0.03540593385696411
          ],
          [
            0.16904586553573608,
            -0.664031445980072,
            -0.7283445596694946,
            -0.4171767234802246
          ],
          [
            0.5662134885787964,
            -0.5394467115402222,
            0.6232280135154724,
            1.7867257595062256
          ],
          [
            0.0,
            0.0,
            0.0,
            1.0
          ]
        ]
      },
      "bone_length_armature_space": 0.034038643952790326,
      "parent": "metacarpal_thumb_l",
      "has_children": true,
      "is_end_bone": false
    },
    "thumb_02_l": {
      "name": "thumb_02_l",
      "local": {
        "location": {
          "x": 0.0,
          "y": 0.0,
          "z": 0.0
        },
        "rotation_quaternion": {
          "w": 0.9939395785331726,
          "x": 0.10988922417163849,
          "y": 0.00042923970613628626,
          "z": 0.0028910862747579813
        },
        "scale": {
          "x": 1.0,
          "y": 1.0,
          "z": 1.0
        },
        "matrix_basis": [
          [
            0.9999828934669495,
            -0.005652792286127806,
            0.0014886751305311918,
            0.0
          ],
          [
            0.005841467995196581,
            0.9758319854736328,
            -0.21844401955604553,
            0.0
          ],
          [
            -0.00021787821606267244,
            0.21844898164272308,
            0.975848376750946,
            0.0
          ],
          [
            0.0,
            0.0,
            0.0,
            1.0
          ]
        ],
        "rotation_mode": "QUATERNION"
      },
      "armature_space": {
        "head": {
          "x": -0.05302935838699341,
          "y": -0.5030233860015869,
          "z": 0.8185096979141235
        },
        "tail": {
          "x": -0.07296194136142731,
          "y": -0.526154100894928,
          "z": 0.8446027636528015
        }
      },
      "world_space": {
        "head": {
          "x": -0.05302935838699341,
          "y": -0.4397794008255005,
          "z": 1.7683637142181396
        },
        "tail": {
          "x": -0.07296194136142731,
          "y": -0.46291011571884155,
          "z": 1.7944567203521729
        },
        "rotation_quaternion": {
          "w": 0.33601945638656616,
          "x": 0.14627808332443237,
          "y": 0.31486544013023376,
          "z": 0.8755304217338562
        },
        "matrix": [
          [
            -0.7313864827156067,
            -0.4962748885154724,
            0.4677443206310272,
            -0.05302935838699341
          ],
          [
            0.6805070042610168,
            -0.5759009718894958,
            0.45304328203201294,
            -0.4397794008255005
          ],
          [
            0.04454118385910988,
            0.6496570110321045,
            0.758930504322052,
            1.7683637142181396
          ],
          [
            0.0,
            0.0,
            0.0,
            1.0
          ]
        ]
      },
      "bone_length_armature_space": 0.04016448575085097,
      "parent": "thumb_01_l",
      "has_children": true,
      "is_end_bone": false
    },
    "thumb_03_l": {
      "name": "thumb_03_l",
      "local": {
        "location": {
          "x": 0.0,
          "y": 0.0,
          "z": 0.0
        },
        "rotation_quaternion": {
          "w": 0.9970160722732544,
          "x": 0.0771523267030716,
          "y": 0.000520189933013171,
          "z": -0.0025030747056007385
        },
        "scale": {
          "x": 1.0,
          "y": 1.0,
          "z": 1.0
        },
        "matrix_basis": [
          [
            0.9999869465827942,
            0.005071479361504316,
            0.0006510393577627838,
            0.0
          ],
          [
            -0.004910943564027548,
            0.9880825281143188,
            -0.1538468301296234,
            0.0
          ],
          [
            -0.0014235115377232432,
            0.15384161472320557,
            0.9880945086479187,
            0.0
          ],
          [
            0.0,
            0.0,
            0.0,
            1.0
          ]
        ],
        "rotation_mode": "QUATERNION"
      },
      "armature_space": {
        "head": {
          "x": -0.07296199351549149,
          "y": -0.5261540412902832,
          "z": 0.8446027040481567
        },
        "tail": {
          "x": -0.07882381975650787,
          "y": -0.538493275642395,
          "z": 0.8718108534812927
        }
      },
      "world_space": {
        "head": {
          "x": -0.07296199351549149,
          "y": -0.4629100561141968,
          "z": 1.7944567203521729
        },
        "tail": {
          "x": -0.07882381975650787,
          "y": -0.4752492904663086,
          "z": 1.821664810180664
        },
        "rotation_quaternion": {
          "w": 0.15448051691055298,
          "x": 0.06283152103424072,
          "y": 0.5229596495628357,
          "z": 0.8358835577964783
        },
        "matrix": [
          [
            -0.9443755149841309,
            -0.19253887236118317,
            0.26661449670791626,
            -0.07296199351549149
          ],
          [
            0.32397279143333435,
            -0.4052974283695221,
            0.8548542261123657,
            -0.4629100561141968
          ],
          [
            -0.056534718722105026,
            0.8936850428581238,
            0.4451342821121216,
            1.7944567203521729
          ],
          [
            0.0,
            0.0,
            0.0,
            1.0
          ]
        ]
      },
      "bone_length_armature_space": 0.03044505072120153,
      "parent": "thumb_02_l",
      "has_children": false,
      "is_end_bone": true
    },
    "metacarpal_index_l": {
      "name": "metacarpal_index_l",
      "local": {
        "location": {
          "x": 0.0,
          "y": 0.0,
          "z": 0.0
        },
        "rotation_quaternion": {
          "w": 0.9993357062339783,
          "x": -0.028803203254938126,
          "y": 0.014784214086830616,
          "z": -0.016737977042794228
        },
        "scale": {
          "x": 1.0,
          "y": 1.0,
          "z": 1.0
        },
        "matrix_basis": [
          [
            0.9990025162696838,
            0.03260204941034317,
            0.03051300160586834,
            0.0
          ],
          [
            -0.0343053825199604,
            0.997780442237854,
            0.05707322433590889,
            0.0
          ],
          [
            -0.028584571555256844,
            -0.05806305631995201,
            0.99790358543396,
            0.0
          ],
          [
            0.0,
            0.0,
            0.0,
            1.0
          ]
        ],
        "rotation_mode": "QUATERNION"
      },
      "armature_space": {
        "head": {
          "x": 0.010752871632575989,
          "y": -0.46341973543167114,
          "z": 0.8310480117797852
        },
        "tail": {
          "x": -0.07595840841531754,
          "y": -0.5203853249549866,
          "z": 0.885502815246582
        }
      },
      "world_space": {
        "head": {
          "x": 0.010752871632575989,
          "y": -0.4001757502555847,
          "z": 1.7809020280838013
        },
        "tail": {
          "x": -0.07595840841531754,
          "y": -0.45714133977890015,
          "z": 1.8353568315505981
        },
        "rotation_quaternion": {
          "w": 0.2358606457710266,
          "x": 0.8594872355461121,
          "y": -0.44864630699157715,
          "z": -0.06608986109495163
        },
        "matrix": [
          [
            0.5886965990066528,
            -0.7400358319282532,
            -0.3252437114715576,
            0.010752871632575989
          ],
          [
            -0.8023881912231445,
            -0.4861719310283661,
            -0.3461359143257141,
            -0.4001757502555847
          ],
          [
            0.09802833199501038,
            0.4647434651851654,
            -0.8800100684165955,
            1.7809020280838013
          ],
          [
            0.0,
            0.0,
            0.0,
            1.0
          ]
        ]
      },
      "bone_length_armature_space": 0.11717188353595075,
      "parent": "lowerarm_l",
      "has_children": true,
      "is_end_bone": false
    },
    "index_01_l": {
      "name": "index_01_l",
      "local": {
        "location": {
          "x": 0.0,
          "y": 0.0,
          "z": 0.0
        },
        "rotation_quaternion": {
          "w": 0.9954869151115417,
          "x": -0.09476202726364136,
          "y": -0.0050903852097690105,
          "z": 9.619866614229977e-05
        },
        "scale": {
          "x": 1.0,
          "y": 1.0,
          "z": 1.0
        },
        "matrix_basis": [
          [
            0.9999481439590454,
            0.0007732214289717376,
            -0.010153056122362614,
            0.0
          ],
          [
            0.0011562794679775834,
            0.982040286064148,
            0.18866774439811707,
            0.0
          ],
          [
            0.010116592049598694,
            -0.18866969645023346,
            0.9819884896278381,
            0.0
          ],
          [
            0.0,
            0.0,
            0.0,
            1.0
          ]
        ],
        "rotation_mode": "QUATERNION"
      },
      "armature_space": {
        "head": {
          "x": -0.07595840841531754,
          "y": -0.5203853249549866,
          "z": 0.885502815246582
        },
        "tail": {
          "x": -0.08628006279468536,
          "y": -0.5370861887931824,
          "z": 0.906181812286377
        }
      },
      "world_space": {
        "head": {
          "x": -0.07595840841531754,
          "y": -0.45714133977890015,
          "z": 1.8353568315505981
        },
        "tail": {
          "x": -0.08628006279468536,
          "y": -0.47384220361709595,
          "z": 1.856035828590393
        },
        "rotation_quaternion": {
          "w": 0.366688072681427,
          "x": 0.8774282932281494,
          "y": -0.26961109042167664,
          "z": -0.1515570431947708
        },
        "matrix": [
          [
            0.8086802959442139,
            -0.3619808554649353,
            -0.4636876583099365,
            -0.07595840841531754
          ],
          [
            -0.5842776894569397,
            -0.5856990218162537,
            -0.561761736869812,
            -0.45714133977890015
          ],
          [
            -0.06823565065860748,
            0.7252122759819031,
            -0.6851458549499512,
            1.8353568315505981
          ],
          [
            0.0,
            0.0,
            0.0,
            1.0
          ]
        ]
      },
      "bone_length_armature_space": 0.028514493346621303,
      "parent": "metacarpal_index_l",
      "has_children": true,
      "is_end_bone": false
    },
    "index_02_l": {
      "name": "index_02_l",
      "local": {
        "location": {
          "x": 0.0,
          "y": 0.0,
          "z": 0.0
        },
        "rotation_quaternion": {
          "w": 0.9817162156105042,
          "x": 0.19019265472888947,
          "y": -0.007088758051395416,
          "z": -0.003128460608422756
        },
        "scale": {
          "x": 1.0,
          "y": 1.0,
          "z": 1.0
        },
        "matrix_basis": [
          [
            0.9998798966407776,
            0.0034460616298019886,
            -0.015108318068087101,
            0.0
          ],
          [
            -0.008838980458676815,
            0.9276339411735535,
            -0.37338608503341675,
            0.0
          ],
          [
            0.012728276662528515,
            0.37347477674484253,
            0.9275529980659485,
            0.0
          ],
          [
            0.0,
            0.0,
            0.0,
            1.0
          ]
        ],
        "rotation_mode": "QUATERNION"
      },
      "armature_space": {
        "head": {
          "x": -0.08628053963184357,
          "y": -0.5370864272117615,
          "z": 0.906181812286377
        },
        "tail": {
          "x": -0.09889531135559082,
          "y": -0.5562418699264526,
          "z": 0.9176721572875977
        }
      },
      "world_space": {
        "head": {
          "x": -0.08628053963184357,
          "y": -0.47384244203567505,
          "z": 1.856035828590393
        },
        "tail": {
          "x": -0.09889531135559082,
          "y": -0.4929978847503662,
          "z": 1.8675261735916138
        },
        "rotation_quaternion": {
          "w": 0.19631430506706238,
          "x": 0.9234083890914917,
          "y": -0.2968294620513916,
          "z": -0.14377054572105408
        },
        "matrix": [
          [
            0.7824444770812988,
            -0.49174144864082336,
            -0.38206183910369873,
            -0.08628053963184357
          ],
          [
            -0.6046382784843445,
            -0.7467057704925537,
            -0.2772056460380554,
            -0.47384244203567505
          ],
          [
            -0.14897599816322327,
            0.447909414768219,
            -0.8815877437591553,
            1.856035828590393
          ],
          [
            0.0,
            0.0,
            0.0,
            1.0
          ]
        ]
      },
      "bone_length_armature_space": 0.025653293986715228,
      "parent": "index_01_l",
      "has_children": true,
      "is_end_bone": false
    },
    "index_03_l": {
      "name": "index_03_l",
      "local": {
        "location": {
          "x": 0.0,
          "y": 0.0,
          "z": 0.0
        },
        "rotation_quaternion": {
          "w": 0.9738900065422058,
          "x": 0.22691239416599274,
          "y": -0.0067728119902312756,
          "z": 0.001813604962080717
        },
        "scale": {
          "x": 1.0,
          "y": 1.0,
          "z": 1.0
        },
        "matrix_basis": [
          [
            0.9999016523361206,
            -0.006606173235923052,
            -0.012368888594210148,
            0.0
          ],
          [
            0.00045883352868258953,
            0.8970149755477905,
            -0.44200000166893005,
            0.0
          ],
          [
            0.014015006832778454,
            0.44195085763931274,
            0.8969298005104065,
            0.0
          ],
          [
            0.0,
            0.0,
            0.0,
            1.0
          ]
        ],
        "rotation_mode": "QUATERNION"
      },
      "armature_space": {
        "head": {
          "x": -0.09889527410268784,
          "y": -0.5562418103218079,
          "z": 0.9176722764968872
        },
        "tail": {
          "x": -0.11448860913515091,
          "y": -0.5808034539222717,
          "z": 0.9149696230888367
        }
      },
      "world_space": {
        "head": {
          "x": -0.09889527410268784,
          "y": -0.49299782514572144,
          "z": 1.8675262928009033
        },
        "tail": {
          "x": -0.11448860913515091,
          "y": -0.5175594687461853,
          "z": 1.864823579788208
        },
        "rotation_quaternion": {
          "w": 0.06293082237243652,
          "x": -0.9579694867134094,
          "y": 0.2751948833465576,
          "z": 0.05100908502936363
        },
        "matrix": [
          [
            0.8433318138122559,
            -0.53367680311203,
            -0.06309334933757782,
            -0.09889527410268784
          ],
          [
            -0.5208366513252258,
            -0.8406149744987488,
            0.1486460268497467,
            -0.49299782514572144
          ],
          [
            -0.13236767053604126,
            -0.09249815344810486,
            -0.9868822693824768,
            1.8675262928009033
          ],
          [
            0.0,
            0.0,
            0.0,
            1.0
          ]
        ]
      },
      "bone_length_armature_space": 0.029218671433770993,
      "parent": "index_02_l",
      "has_children": false,
      "is_end_bone": true
    },
    "metacarpal_pinky_l": {
      "name": "metacarpal_pinky_l",
      "local": {
        "location": {
          "x": 0.0,
          "y": 0.0,
          "z": 0.0
        },
        "rotation_quaternion": {
          "w": 0.9993345141410828,
          "x": -0.03310214728116989,
          "y": 0.01067985687404871,
          "z": -0.0109943188726902
        },
        "scale": {
          "x": 1.0,
          "y": 1.0,
          "z": 1.0
        },
        "matrix_basis": [
          [
            0.9995301365852356,
            0.02126695215702057,
            0.022073369473218918,
            0.0
          ],
          [
            -0.022681057453155518,
            0.9975667595863342,
            0.06592540442943573,
            0.0
          ],
          [
            -0.02061762847006321,
            -0.06639507412910461,
            0.997580349445343,
            0.0
          ],
          [
            0.0,
            0.0,
            0.0,
            1.0
          ]
        ],
        "rotation_mode": "QUATERNION"
      },
      "armature_space": {
        "head": {
          "x": 0.010752871632575989,
          "y": -0.46341973543167114,
          "z": 0.8310480117797852
        },
        "tail": {
          "x": -0.0175729151815176,
          "y": -0.5365373492240906,
          "z": 0.8995661735534668
        }
      },
      "world_space": {
        "head": {
          "x": 0.010752871632575989,
          "y": -0.4001757502555847,
          "z": 1.7809020280838013
        },
        "tail": {
          "x": -0.0175729151815176,
          "y": -0.47329336404800415,
          "z": 1.849420189857483
        },
        "rotation_quaternion": {
          "w": 0.06070151925086975,
          "x": -0.21395915746688843,
          "y": 0.3810902237892151,
          "z": 0.8973891139030457
        },
        "matrix": [
          [
            -0.9010739326477051,
            -0.2720213234424591,
            -0.33774298429489136,
            0.010752871632575989
          ],
          [
            -0.054129160940647125,
            -0.7021711468696594,
            0.7099478840827942,
            -0.4001757502555847
          ],
          [
            -0.43027710914611816,
            0.6580009460449219,
            0.6179885864257812,
            1.7809020280838013
          ],
          [
            0.0,
            0.0,
            0.0,
            1.0
          ]
        ]
      },
      "bone_length_armature_space": 0.10413104304367492,
      "parent": "lowerarm_l",
      "has_children": true,
      "is_end_bone": false
    },
    "pinky_01_l": {
      "name": "pinky_01_l",
      "local": {
        "location": {
          "x": 0.0,
          "y": 0.0,
          "z": 0.0
        },
        "rotation_quaternion": {
          "w": 0.997524619102478,
          "x": 0.06879081577062607,
          "y": 0.014571959152817726,
          "z": -0.0002781622461043298
        },
        "scale": {
          "x": 1.0,
          "y": 1.0,
          "z": 1.0
        },
        "matrix_basis": [
          [
            0.999575138092041,
            0.0025597813073545694,
            0.02903350628912449,
            0.0
          ],
          [
            0.0014498865930363536,
            0.9905354976654053,
            -0.1372491717338562,
            0.0
          ],
          [
            -0.029110046103596687,
            0.1372329592704773,
            0.9901109337806702,
            0.0
          ],
          [
            0.0,
            0.0,
            0.0,
            1.0
          ]
        ],
        "rotation_mode": "QUATERNION"
      },
      "armature_space": {
        "head": {
