{
  "metadata": {
    "armature_name": "KIM_caucasian_male",
    "export_time": "2026-01-13T21:02:20.802445",
    "blender_version": "4.4.1",
    "bone_count": 56,
    "end_bone_count": 13,
    "spaces_included": [
      "LOCAL_CHANNELS",
      "ARMATURE_SPACE",
      "WORLD_SPACE"
    ],
    "note": "LOCAL matches Transform panel; replay pose via local.matrix_basis for best fidelity."
  },
  "bones": {
    "Root": {
      "name": "Root",
      "local": {
        "location": {
          "x": 0.0,
          "y": 0.0,
          "z": 0.0
        },
        "rotation_quaternion": {
          "w": 0.9998353123664856,
          "x": -0.009439675137400627,
          "y": 0.004297507926821709,
          "z": 0.014894196763634682
        },
        "scale": {
          "x": 1.0,
          "y": 1.0,
          "z": 1.0
        },
        "matrix_basis": [
          [
            0.999519407749176,
            -0.02986462228000164,
            0.0083124078810215,
            0.0
          ],
          [
            0.029702354222536087,
            0.9993780851364136,
            0.019004257395863533,
            0.0
          ],
          [
            -0.008874793536961079,
            -0.018748225644230843,
            0.9997848272323608,
            0.0
          ],
          [
            0.0,
            0.0,
            0.0,
            1.0
          ]
        ],
        "rotation_mode": "QUATERNION"
      },
      "armature_space": {
        "head": {
          "x": 0.0,
          "y": 0.07072800397872925,
          "z": -0.009595036506652832
        },
        "tail": {
          "x": -0.0021316134370863438,
          "y": 0.0002238750457763672,
          "z": 0.0013200659304857254
        }
      },
      "world_space": {
        "head": {
          "x": 0.0,
          "y": 0.13397200405597687,
          "z": 0.9402589797973633
        },
        "tail": {
          "x": -0.0021316134370863438,
          "y": 0.06346787512302399,
          "z": 0.9511740803718567
        },
        "rotation_quaternion": {
          "w": 0.07677480578422546,
          "x": 0.9969280362129211,
          "y": -0.014570849016308784,
          "z": 0.005291137844324112
        },
        "matrix": [
          [
            0.999519407749176,
            -0.02986462228000164,
            0.0083124078810215,
            0.0
          ],
          [
            -0.028239715844392776,
            -0.987786591053009,
            -0.15323252975940704,
            0.13397200405597687
          ],
          [
            0.01278718002140522,
            0.15292426943778992,
            -0.9881622791290283,
            0.9402589797973633
          ],
          [
            0.0,
            0.0,
            0.0,
            1.0
          ]
        ]
      },
      "bone_length_armature_space": 0.07137587477805024,
      "parent": null,
      "has_children": true,
      "is_end_bone": false
    },
    "spine_01": {
      "name": "spine_01",
      "local": {
        "location": {
          "x": 0.0,
          "y": 0.0,
          "z": 0.0
        },
        "rotation_quaternion": {
          "w": 0.9996591806411743,
          "x": -0.017183879390358925,
          "y": -0.0003936904249712825,
          "z": 0.01964983157813549
        },
        "scale": {
          "x": 1.0,
          "y": 1.0,
          "z": 1.0
        },
        "matrix_basis": [
          [
            0.9992274641990662,
            -0.039272740483284,
            -0.0014624331379309297,
            0.0
          ],
          [
            0.039299800992012024,
            0.9986371994018555,
            0.03434057533740997,
            0.0
          ],
          [
            0.00011179182183695957,
            -0.034371517598629,
            0.9994091391563416,
            0.0
          ],
          [
            0.0,
            0.0,
            0.0,
            1.0
          ]
        ],
        "rotation_mode": "QUATERNION"
      },
      "armature_space": {
        "head": {
          "x": -0.0021316134370863438,
          "y": 0.0002238750457763672,
          "z": 0.0013200659304857254
        },
        "tail": {
          "x": -0.026116369292140007,
          "y": 0.049534860998392105,
          "z": 0.48623421788215637
        }
      },
      "world_space": {
        "head": {
          "x": -0.0021316134370863438,
          "y": 0.06346787512302399,
          "z": 0.9511740803718567
        },
        "tail": {
          "x": -0.026116369292140007,
          "y": 0.11277885735034943,
          "z": 1.43608820438385
        },
        "rotation_quaternion": {
          "w": 0.7414466142654419,
          "x": 0.6703839302062988,
          "y": -0.027929890900850296,
          "z": 0.007890972308814526
        },
        "matrix": [
          [
            0.9983153343200684,
            -0.04914896562695503,
            -0.030836759135127068,
            -0.0021316134370863438
          ],
          [
            -0.025745680555701256,
            0.1010468453168869,
            -0.994548499584198,
            0.06346787512302399
          ],
          [
            0.05199733003973961,
            0.9936740398406982,
            0.09961102902889252,
            0.9511740803718567
          ],
          [
            0.0,
            0.0,
            0.0,
            1.0
          ]
        ]
      },
      "bone_length_armature_space": 0.4880046937481089,
      "parent": "Root",
      "has_children": true,
      "is_end_bone": false
    },
    "neck_01": {
      "name": "neck_01",
      "local": {
        "location": {
          "x": 0.0,
          "y": 0.0,
          "z": 0.0
        },
        "rotation_quaternion": {
          "w": 0.9941073656082153,
          "x": -0.008253902196884155,
          "y": -0.10727999359369278,
          "z": 0.013173828832805157
        },
        "scale": {
          "x": 1.0,
          "y": 1.0,
          "z": 1.0
        },
        "matrix_basis": [
          [
            0.9766349196434021,
            -0.024421444162726402,
            -0.21351313591003418,
            0.0
          ],
          [
            0.02796335704624653,
            0.9995166659355164,
            0.013583953492343426,
            0.0
          ],
          [
            0.21307818591594696,
            -0.019237106665968895,
            0.9768457412719727,
            0.0
          ],
          [
            0.0,
            0.0,
            0.0,
            1.0
          ]
        ],
        "rotation_mode": "QUATERNION"
      },
      "armature_space": {
        "head": {
          "x": -0.03078441321849823,
          "y": 0.02244197577238083,
          "z": 0.5624440908432007
        },
        "tail": {
          "x": -0.03912024199962616,
          "y": -0.004738118499517441,
          "z": 0.6609454154968262
        }
      },
      "world_space": {
        "head": {
          "x": -0.03078441321849823,
          "y": 0.08568597584962845,
          "z": 1.5122981071472168
        },
        "tail": {
          "x": -0.03912024199962616,
          "y": 0.05850588157773018,
          "z": 1.6107994318008423
        },
        "rotation_quaternion": {
          "w": 0.5976946949958801,
          "x": 0.792598307132721,
          "y": -0.10100750625133514,
          "z": -0.06592723727226257
        },
        "matrix": [
          [
            0.9709022045135498,
            -0.08130822330713272,
            -0.22525127232074738,
            -0.03078441321849823
          ],
          [
            -0.23892582952976227,
            -0.26511645317077637,
            -0.9341455698013306,
            0.08568597584962845
          ],
          [
            0.016235794872045517,
            0.9607886672019958,
            -0.27683156728744507,
            1.5122981071472168
          ],
          [
            0.0,
            0.0,
            0.0,
            1.0
          ]
        ]
      },
      "bone_length_armature_space": 0.10252197189187752,
      "parent": "spine_01",
      "has_children": true,
      "is_end_bone": false
    },
    "head": {
      "name": "head",
      "local": {
        "location": {
          "x": 0.0,
          "y": 0.0,
          "z": 0.0
        },
        "rotation_quaternion": {
          "w": 0.9576908349990845,
          "x": -0.16304023563861847,
          "y": -0.0030410552863031626,
          "z": 0.23714371025562286
        },
        "scale": {
          "x": 1.0,
          "y": 1.0,
          "z": 1.0
        },
        "matrix_basis": [
          [
            0.8875072002410889,
            -0.4532290995121002,
            -0.08315271139144897,
            0.0
          ],
          [
            0.4552123546600342,
            0.8343614935874939,
            0.31084194779396057,
            0.0
          ],
          [
            -0.0715031549334526,
            -0.31372660398483276,
            0.9468172788619995,
            0.0
          ],
          [
            0.0,
            0.0,
            0.0,
            1.0
          ]
        ],
        "rotation_mode": "QUATERNION"
      },
      "armature_space": {
        "head": {
          "x": -0.03912027180194855,
          "y": -0.004738243296742439,
          "z": 0.6609452962875366
        },
        "tail": {
          "x": -0.09487656503915787,
          "y": 0.07099395245313644,
          "z": 0.7842704057693481
        }
      },
      "world_space": {
        "head": {
          "x": -0.03912027180194855,
          "y": 0.05850575864315033,
          "z": 1.6107993125915527
        },
        "tail": {
          "x": -0.09487656503915787,
          "y": 0.13423794507980347,
          "z": 1.7341244220733643
        },
        "rotation_quaternion": {
          "w": 0.830889880657196,
          "x": 0.4999459385871887,
          "y": -0.2318982481956482,
          "z": 0.07680661231279373
        },
        "matrix": [
          [
            0.8806484937667847,
            -0.35950878262519836,
            -0.3085641860961914,
            -0.03912027180194855
          ],
          [
            -0.1042356938123703,
            0.4883106052875519,
            -0.8664224743843079,
            0.05850575864315033
          ],
          [
            0.46216481924057007,
            0.7951831221580505,
            0.3925583064556122,
            1.6107993125915527
          ],
          [
            0.0,
            0.0,
            0.0,
            1.0
          ]
        ]
      },
      "bone_length_armature_space": 0.1550909798228409,
      "parent": "neck_01",
      "has_children": false,
      "is_end_bone": true
    },
    "upperarm_l": {
      "name": "upperarm_l",
      "local": {
        "location": {
          "x": 0.0,
          "y": 0.0,
          "z": 0.0
        },
        "rotation_quaternion": {
          "w": 0.764579176902771,
          "x": 0.542741596698761,
          "y": 0.3100202977657318,
          "z": -0.15728241205215454
        },
        "scale": {
          "x": 1.0,
          "y": 1.0,
          "z": 1.0
        },
        "matrix_basis": [
          [
            0.7582992911338806,
            0.5770315527915955,
            0.30334270000457764,
            0.0
          ],
          [
            0.09601210802793503,
            0.36138761043548584,
            -0.9274592995643616,
            0.0
          ],
          [
            -0.6447975635528564,
            0.7324163913726807,
            0.21863794326782227,
            0.0
          ],
          [
            0.0,
            0.0,
            0.0,
            1.0
          ]
        ],
        "rotation_mode": "QUATERNION"
      },
      "armature_space": {
        "head": {
          "x": 0.12216775119304657,
          "y": 0.00861724466085434,
          "z": 0.5037786960601807
        },
        "tail": {
          "x": 0.2249048948287964,
          "y": -0.1978398561477661,
          "z": 0.36729246377944946
        }
      },
      "world_space": {
        "head": {
          "x": 0.12216775119304657,
          "y": 0.07186124473810196,
          "z": 1.4536327123641968
        },
        "tail": {
          "x": 0.2249048948287964,
          "y": -0.1345958560705185,
          "z": 1.3171465396881104
        },
        "rotation_quaternion": {
          "w": 0.08711974322795868,
          "x": -0.7401060461997986,
          "y": -0.3273906111717224,
          "z": 0.5809205174446106
        },
        "matrix": [
          [
            0.11069308966398239,
            0.38339126110076904,
            -0.916928768157959,
            0.12216775119304657
          ],
          [
            0.5858269929885864,
            -0.770450234413147,
            -0.25142282247543335,
            0.07186124473810196
          ],
          [
            -0.8028462529182434,
            -0.5093351602554321,
            -0.3098868429660797,
            1.4536327123641968
          ],
          [
            0.0,
            0.0,
            0.0,
            1.0
          ]
        ]
      },
      "bone_length_armature_space": 0.2679700521932386,
      "parent": "spine_01",
      "has_children": true,
      "is_end_bone": false
    },
    "lowerarm_l": {
      "name": "lowerarm_l",
      "local": {
        "location": {
          "x": 0.0,
          "y": 0.0,
          "z": 0.0
        },
        "rotation_quaternion": {
          "w": 0.8442888259887695,
          "x": 0.470832496881485,
          "y": 0.1836385875940323,
          "z": -0.17824167013168335
        },
        "scale": {
          "x": 1.0,
          "y": 1.0,
          "z": 1.0
        },
        "matrix_basis": [
          [
            0.8690135478973389,
            0.4739009439945221,
            0.14224407076835632,
            0.0
          ],
          [
            -0.1280488669872284,
            0.493093341588974,
            -0.8605013489723206,
            0.0
          ],
          [
            -0.477931946516037,
            0.729573130607605,
            0.4891872704029083,
            0.0
          ],
          [
            0.0,
            0.0,
            0.0,
            1.0
          ]
        ],
        "rotation_mode": "QUATERNION"
      },
      "armature_space": {
        "head": {
          "x": 0.224904865026474,
          "y": -0.19784002006053925,
          "z": 0.36729249358177185
        },
        "tail": {
          "x": 0.0716235339641571,
          "y": -0.2894537150859833,
          "z": 0.16808976233005524
        }
      },
      "world_space": {
        "head": {
          "x": 0.224904865026474,
          "y": -0.13459601998329163,
          "z": 1.3171465396881104
        },
        "tail": {
          "x": 0.0716235339641571,
          "y": -0.22620971500873566,
          "z": 1.1179437637329102
        },
        "rotation_quaternion": {
          "w": 0.5724895000457764,
          "x": -0.620293915271759,
          "y": -0.032123763114213943,
          "z": 0.5352189540863037
        },
        "matrix": [
          [
            0.42501360177993774,
            -0.5729618668556213,
            -0.7007699012756348,
            0.224904865026474
          ],
          [
            0.6526692509651184,
            -0.34244972467422485,
            0.6758337020874023,
            -0.13459601998329163
          ],
          [
            -0.6272090077400208,
            -0.7446149587631226,
            0.22841091454029083,
            1.3171465396881104
          ],
          [
            0.0,
            0.0,
            0.0,
            1.0
          ]
        ]
      },
      "bone_length_armature_space": 0.2675256312175389,
      "parent": "upperarm_l",
      "has_children": true,
      "is_end_bone": false
    },
    "metacarpal_thumb_l": {
      "name": "metacarpal_thumb_l",
      "local": {
        "location": {
          "x": 0.0,
          "y": 0.0,
          "z": 0.0
        },
        "rotation_quaternion": {
          "w": 0.9998035430908203,
          "x": -0.0012993775308132172,
          "y": -0.0165608748793602,
          "z": 0.010817969217896461
        },
        "scale": {
          "x": 1.0,
          "y": 1.0,
          "z": 1.0
        },
        "matrix_basis": [
          [
            0.9992173910140991,
            -0.021588649600744247,
            -0.03314335644245148,
            0.0
          ],
          [
            0.02167472615838051,
            0.9997625946998596,
            0.002239934401586652,
            0.0
          ],
          [
            0.03308713063597679,
            -0.002956554526463151,
            0.9994481205940247,
            0.0
          ],
          [
            0.0,
            0.0,
            0.0,
            1.0
          ]
        ],
        "rotation_mode": "QUATERNION"
      },
      "armature_space": {
        "head": {
          "x": 0.0716235339641571,
          "y": -0.2894537150859833,
          "z": 0.16808976233005524
        },
        "tail": {
          "x": 0.032339420169591904,
          "y": -0.2765905261039734,
          "z": 0.14079707860946655
        }
      },
      "world_space": {
        "head": {
          "x": 0.0716235339641571,
          "y": -0.22620971500873566,
          "z": 1.1179437637329102
        },
        "tail": {
          "x": 0.032339420169591904,
          "y": -0.21334652602672577,
          "z": 1.090651035308838
        },
        "rotation_quaternion": {
          "w": 0.5134025812149048,
          "x": -0.605585515499115,
          "y": 0.6051938533782959,
          "z": 0.05851764604449272
        },
        "matrix": [
          [
            0.2606286108493805,
            -0.7930790185928345,
            0.5505439043045044,
            0.0716235339641571
          ],
          [
            -0.672909677028656,
            0.2596858739852905,
            0.6926441192626953,
            -0.22620971500873566
          ],
          [
            -0.6922953724861145,
            -0.5509927272796631,
            -0.4659914970397949,
            1.1179437637329102
          ],
          [
            0.0,
            0.0,
            0.0,
            1.0
          ]
        ]
      },
      "bone_length_armature_space": 0.04953376408667099,
      "parent": "lowerarm_l",
      "has_children": true,
      "is_end_bone": false
    },
    "thumb_01_l": {
      "name": "thumb_01_l",
      "local": {
        "location": {
          "x": 0.0,
          "y": 0.0,
          "z": 0.0
        },
        "rotation_quaternion": {
          "w": 0.9666885137557983,
          "x": 0.25588440895080566,
          "y": -0.0035184910520911217,
          "z": 0.004917720332741737
        },
        "scale": {
          "x": 1.0,
          "y": 1.0,
          "z": 1.0
        },
        "matrix_basis": [
          [
            0.9999268651008606,
            -0.011308461427688599,
            -0.004285833798348904,
            0.0
          ],
          [
            0.00770715344697237,
            0.8689979910850525,
            -0.49475565552711487,
            0.0
          ],
          [
            0.009319305419921875,
            0.49468642473220825,
            0.8690215945243835,
            0.0
          ],
          [
            0.0,
            0.0,
            0.0,
            1.0
          ]
        ],
        "rotation_mode": "QUATERNION"
      },
      "armature_space": {
        "head": {
          "x": 0.032339420169591904,
          "y": -0.2765905261039734,
          "z": 0.14079707860946655
        },
        "tail": {
          "x": 0.032414525747299194,
          "y": -0.263679563999176,
          "z": 0.10930201411247253
        }
      },
      "world_space": {
        "head": {
          "x": 0.032339420169591904,
          "y": -0.21334652602672577,
          "z": 1.090651035308838
        },
        "tail": {
          "x": 0.032414525747299194,
          "y": -0.2004355639219284,
          "z": 1.059156060218811
        },
        "rotation_quaternion": {
          "w": 0.120611272752285,
          "x": -0.07959438115358353,
          "y": 0.8216477632522583,
          "z": -0.5513734221458435
        },
        "matrix": [
          [
            -0.958235502243042,
            0.0022064372897148132,
            0.28597211837768555,
            0.032339420169591904
          ],
          [
            -0.26380062103271484,
            0.379303902387619,
            -0.8868697285652161,
            -0.21334652602672577
          ],
          [
            -0.11042817682027817,
            -0.9252757430076599,
            -0.36288371682167053,
            1.090651035308838
          ],
          [
            0.0,
            0.0,
            0.0,
            1.0
          ]
        ]
      },
      "bone_length_armature_space": 0.03403876742563561,
      "parent": "metacarpal_thumb_l",
      "has_children": true,
      "is_end_bone": false
    },
    "thumb_02_l": {
      "name": "thumb_02_l",
      "local": {
        "location": {
          "x": 0.0,
          "y": 0.0,
          "z": 0.0
        },
        "rotation_quaternion": {
          "w": 0.8928583860397339,
          "x": 0.45026686787605286,
          "y": -0.0076359231024980545,
          "z": -0.002334924880415201
        },
        "scale": {
          "x": 1.0,
          "y": 1.0,
          "z": 1.0
        },
        "matrix_basis": [
          [
            0.9998725056648254,
            -0.002706891857087612,
            -0.01573827490210533,
            0.0
          ],
          [
            -0.01104592066258192,
            0.5945085883140564,
            -0.8040134310722351,
            0.0
          ],
          [
            0.011532917618751526,
            0.8040847778320312,
            0.5944029092788696,
            0.0
          ],
          [
            0.0,
            0.0,
            0.0,
            1.0
          ]
        ],
        "rotation_mode": "QUATERNION"
      },
      "armature_space": {
        "head": {
          "x": 0.03241454437375069,
          "y": -0.26367953419685364,
          "z": 0.10930204391479492
        },
        "tail": {
          "x": 0.01760023459792137,
          "y": -0.3009421229362488,
          "z": 0.11158580332994461
        }
      },
      "world_space": {
        "head": {
          "x": 0.03241454437375069,
          "y": -0.20043553411960602,
          "z": 1.059156060218811
        },
        "tail": {
          "x": 0.01760023459792137,
          "y": -0.23769812285900116,
          "z": 1.061439871788025
        },
        "rotation_quaternion": {
          "w": 0.1900574266910553,
          "x": 0.1415589451789856,
          "y": 0.0015707809943705797,
          "z": 0.9715126156806946
        },
        "matrix": [
          [
            -0.8876786231994629,
            -0.3688417971134186,
            0.2756495475769043,
            0.03241454437375069
          ],
          [
            0.36973118782043457,
            -0.9277514815330505,
            -0.05075651407241821,
            -0.20043553411960602
          ],
          [
            0.2744576334953308,
            0.05686032772064209,
            0.9599239826202393,
            1.059156060218811
          ],
          [
            0.0,
            0.0,
            0.0,
            1.0
          ]
        ]
      },
      "bone_length_armature_space": 0.040164410815293025,
      "parent": "thumb_01_l",
      "has_children": true,
      "is_end_bone": false
    },
    "thumb_03_l": {
      "name": "thumb_03_l",
      "local": {
        "location": {
          "x": 0.0,
          "y": 0.0,
          "z": 0.0
        },
        "rotation_quaternion": {
          "w": 0.9862036108970642,
          "x": 0.1654873788356781,
          "y": -0.0013771337689831853,
          "z": 0.0038055754266679287
        },
        "scale": {
          "x": 1.0,
          "y": 1.0,
          "z": 1.0
        },
        "matrix_basis": [
          [
            0.9999672174453735,
            -0.007961940951645374,
            -0.00145671924110502,
            0.0
          ],
          [
            0.007050347980111837,
            0.9451988935470581,
            -0.32641899585723877,
            0.0
          ],
          [
            0.003975817933678627,
            0.32639801502227783,
            0.9452240467071533,
            0.0
          ],
          [
            0.0,
            0.0,
            0.0,
            1.0
          ]
        ],
        "rotation_mode": "QUATERNION"
      },
      "armature_space": {
        "head": {
          "x": 0.017600182443857193,
          "y": -0.300942063331604,
          "z": 0.11158575862646103
        },
        "tail": {
          "x": 0.013799740932881832,
          "y": -0.32568788528442383,
          "z": 0.12890902161598206
        }
      },
      "world_space": {
        "head": {
          "x": 0.017600182443857193,
          "y": -0.23769806325435638,
          "z": 1.0614397525787354
        },
        "tail": {
          "x": 0.013799740932881832,
          "y": -0.2624439001083374,
          "z": 1.0787630081176758
        },
        "rotation_quaternion": {
          "w": 0.06312079727649689,
          "x": -0.0077591887675225735,
          "y": 0.2993526756763458,
          "z": 0.9520207643508911
        },
        "matrix": [
          [
            -0.9919112324714661,
            -0.1248302087187767,
            0.023017188534140587,
            0.017600182443857193
          ],
          [
            0.11553927510976791,
            -0.8128072619438171,
            0.5709598660469055,
            -0.23769806325435638
          ],
          [
            -0.05256471037864685,
            0.5690039992332458,
            0.8206616640090942,
            1.0614397525787354
          ],
          [
            0.0,
            0.0,
            0.0,
            1.0
          ]
        ]
      },
      "bone_length_armature_space": 0.030444942310735103,
      "parent": "thumb_02_l",
      "has_children": false,
      "is_end_bone": true
    },
    "metacarpal_index_l": {
      "name": "metacarpal_index_l",
      "local": {
        "location": {
          "x": 0.0,
          "y": 0.0,
          "z": 0.0
        },
        "rotation_quaternion": {
          "w": 0.9987751245498657,
          "x": -0.0490151010453701,
          "y": -0.0004024712834507227,
          "z": 0.006751037202775478
        },
        "scale": {
          "x": 1.0,
          "y": 1.0,
          "z": 1.0
        },
        "matrix_basis": [
          [
            0.9999085068702698,
            -0.013446081429719925,
            -0.0014657621504738927,
            0.0
          ],
          [
            0.013524990528821945,
            0.9951038956642151,
            0.09790468961000443,
            0.0
          ],
          [
            0.00014215106784831733,
            -0.09791556000709534,
            0.9951947331428528,
            0.0
          ],
          [
            0.0,
            0.0,
            0.0,
            1.0
          ]
        ],
        "rotation_mode": "QUATERNION"
      },
      "armature_space": {
        "head": {
          "x": 0.0716235339641571,
          "y": -0.2894537150859833,
          "z": 0.16808976233005524
        },
        "tail": {
          "x": -0.016398735344409943,
          "y": -0.3103278875350952,
          "z": 0.09362063556909561
        }
      },
      "world_space": {
        "head": {
          "x": 0.0716235339641571,
          "y": -0.22620971500873566,
          "z": 1.1179437637329102
        },
        "tail": {
          "x": -0.016398735344409943,
          "y": -0.2470838874578476,
          "z": 1.0434746742248535
        },
        "rotation_quaternion": {
          "w": 0.5469115972518921,
          "x": -0.7285850644111633,
          "y": 0.3343844413757324,
          "z": 0.24132689833641052
        },
        "matrix": [
          [
            0.6598964333534241,
            -0.7512243986129761,
            0.014104634523391724,
            0.0716235339641571
          ],
          [
            -0.2232893407344818,
            -0.17815035581588745,
            0.9583342671394348,
            -0.22620971500873566
          ],
          [
            -0.7174164056777954,
            -0.6355553865432739,
            -0.28530219197273254,
            1.1179437637329102
          ],
          [
            0.0,
            0.0,
            0.0,
            1.0
          ]
        ]
      },
      "bone_length_armature_space": 0.11717210186685373,
      "parent": "lowerarm_l",
      "has_children": true,
      "is_end_bone": false
    },
    "index_01_l": {
      "name": "index_01_l",
      "local": {
        "location": {
          "x": 0.0,
          "y": 0.0,
          "z": 0.0
        },
        "rotation_quaternion": {
          "w": 0.9440284967422485,
          "x": 0.32975316047668457,
          "y": -0.006307713687419891,
          "z": 0.005764463916420937
        },
        "scale": {
          "x": 1.0,
          "y": 1.0,
          "z": 1.0
        },
        "matrix_basis": [
          [
            0.9998539686203003,
            -0.015043613500893116,
            -0.008107622154057026,
            0.0
          ],
          [
            0.0067236595787107944,
            0.7824592590332031,
            -0.6226654648780823,
            0.0
          ],
          [
            0.015711022540926933,
            0.6225200295448303,
            0.7824461460113525,
            0.0
          ],
          [
            0.0,
            0.0,
            0.0,
            1.0
          ]
        ],
        "rotation_mode": "QUATERNION"
      },
      "armature_space": {
        "head": {
          "x": -0.016398735344409943,
          "y": -0.3103278875350952,
          "z": 0.09362063556909561
        },
        "tail": {
          "x": -0.02804025262594223,
          "y": -0.3022623062133789,
          "z": 0.06887191534042358
        }
      },
      "world_space": {
        "head": {
          "x": -0.016398735344409943,
          "y": -0.2470838874578476,
          "z": 1.0434746742248535
        },
        "tail": {
          "x": -0.02804025262594223,
          "y": -0.2390183061361313,
          "z": 1.018725872039795
        },
        "rotation_quaternion": {
          "w": 0.7660725116729736,
          "x": -0.5926333069801331,
          "y": 0.23358675837516785,
          "z": 0.08576588332653046
        },
        "matrix": [
          [
            0.8761636018753052,
            -0.40826842188835144,
            0.25623172521591187,
            -0.016398735344409943
          ],
          [
            -0.1454547792673111,
            0.2828603684902191,
            0.9480680823326111,
            -0.2470838874578476
          ],
          [
            -0.4595472812652588,
            -0.8679385781288147,
            0.18844956159591675,
            1.0434746742248535
          ],
          [
            0.0,
            0.0,
            0.0,
            1.0
          ]
        ]
      },
      "bone_length_armature_space": 0.028514516694391895,
      "parent": "metacarpal_index_l",
      "has_children": true,
      "is_end_bone": false
    },
    "index_02_l": {
      "name": "index_02_l",
      "local": {
        "location": {
          "x": 0.0,
          "y": 0.0,
          "z": 0.0
        },
        "rotation_quaternion": {
          "w": 0.896582841873169,
          "x": 0.4428236186504364,
          "y": 0.005103169474750757,
          "z": -0.004539095796644688
        },
        "scale": {
          "x": 1.0,
          "y": 1.0,
          "z": 1.0
        },
        "matrix_basis": [
          [
            0.9999067187309265,
            0.012658958323299885,
            0.005130790639668703,
            0.0
          ],
          [
            -0.003619742812588811,
            0.6077733039855957,
            -0.7941024303436279,
            0.0
          ],
          [
            -0.013170866295695305,
            0.794009804725647,
            0.6077623963356018,
            0.0
          ],
          [
            0.0,
            0.0,
            0.0,
            1.0
          ]
        ],
        "rotation_mode": "QUATERNION"
      },
      "armature_space": {
        "head": {
          "x": -0.028040533885359764,
          "y": -0.3022618591785431,
          "z": 0.06887175142765045
        },
        "tail": {
          "x": -0.03007591888308525,
          "y": -0.278807133436203,
          "z": 0.058682333678007126
        }
      },
      "world_space": {
        "head": {
          "x": -0.028040533885359764,
          "y": -0.23901785910129547,
          "z": 1.0187257528305054
        },
        "tail": {
          "x": -0.03007591888308525,
          "y": -0.21556313335895538,
          "z": 1.0085363388061523
        },
        "rotation_quaternion": {
          "w": 0.9528435468673706,
          "x": -0.20690138638019562,
          "y": 0.22189682722091675,
          "z": -0.00654849736019969
        },
        "matrix": [
          [
            0.9014381170272827,
            -0.07934214174747467,
            0.4255756735801697,
            -0.028040533885359764
          ],
          [
            -0.10430099070072174,
            0.9142979383468628,
            0.3913833498954773,
            -0.23901785910129547
          ],
          [
            -0.4201589822769165,
            -0.3971976935863495,
            0.8159134387969971,
            1.0187257528305054
          ],
          [
            0.0,
            0.0,
            0.0,
            1.0
          ]
        ]
      },
      "bone_length_armature_space": 0.025653287888741712,
      "parent": "index_01_l",
      "has_children": true,
      "is_end_bone": false
    },
    "index_03_l": {
      "name": "index_03_l",
      "local": {
        "location": {
          "x": 0.0,
          "y": 0.0,
          "z": 0.0
        },
        "rotation_quaternion": {
          "w": 0.9386811256408691,
          "x": 0.3447420597076416,
          "y": -0.004413021728396416,
          "z": 0.00334951956756413
        },
        "scale": {
          "x": 1.0,
          "y": 1.0,
          "z": 1.0
        },
        "matrix_basis": [
          [
            0.9999386072158813,
            -0.009330970235168934,
            -0.005975399632006884,
            0.0
          ],
          [
            0.00324555323459208,
            0.7622833847999573,
            -0.6472352743148804,
            0.0
          ],
          [
            0.010594281367957592,
            0.6471761465072632,
            0.7622668743133545,
            0.0
          ],
          [
            0.0,
            0.0,
            0.0,
            1.0
          ]
        ],
        "rotation_mode": "QUATERNION"
      },
      "armature_space": {
        "head": {
          "x": -0.030076000839471817,
          "y": -0.2788071930408478,
          "z": 0.05868222936987877
        },
        "tail": {
          "x": -0.02013147994875908,
          "y": -0.2524040937423706,
          "z": 0.06627926230430603
        }
      },
      "world_space": {
        "head": {
          "x": -0.030076000839471817,
          "y": -0.21556319296360016,
          "z": 1.0085362195968628
        },
        "tail": {
          "x": -0.02013147994875908,
          "y": -0.18916009366512299,
          "z": 1.0161333084106445
        },
        "rotation_quaternion": {
          "w": 0.953938364982605,
          "x": 0.16685357689857483,
          "y": 0.2045009881258011,
          "z": -0.14262159168720245
        },
        "matrix": [
          [
            0.8756771683692932,
            0.3403480350971222,
            0.34256845712661743,
            -0.030076000839471817
          ],
          [
            -0.20386138558387756,
            0.9036380648612976,
            -0.376668244600296,
            -0.21556319296360016
          ],
          [
            -0.43775931000709534,
            0.2600059509277344,
            0.8606846332550049,
            1.0085362195968628
          ],
          [
            0.0,
            0.0,
            0.0,
            1.0
          ]
        ]
      },
      "bone_length_armature_space": 0.029218693502929802,
      "parent": "index_02_l",
      "has_children": false,
      "is_end_bone": true
    },
    "metacarpal_pinky_l": {
      "name": "metacarpal_pinky_l",
      "local": {
        "location": {
          "x": 0.0,
          "y": 0.0,
          "z": 0.0
        },
        "rotation_quaternion": {
          "w": 0.9998597502708435,
          "x": -0.003597332164645195,
          "y": -0.013981634750962257,
          "z": -0.00848888698965311
        },
        "scale": {
          "x": 1.0,
          "y": 1.0,
          "z": 1.0
        },
        "matrix_basis": [
          [
            0.9994649291038513,
            0.01707598567008972,
            -0.0278982724994421,
            0.0
          ],
          [
            -0.016874799504876137,
            0.9998300075531006,
            0.007431032136082649,
            0.0
          ],
          [
            0.028020422905683517,
            -0.006956278346478939,
            0.9995831251144409,
            0.0
          ],
          [
            0.0,
            0.0,
            0.0,
            1.0
          ]
        ],
        "rotation_mode": "QUATERNION"
      },
      "armature_space": {
        "head": {
          "x": 0.0716235339641571,
          "y": -0.2894537150859833,
          "z": 0.16808976233005524
        },
        "tail": {
          "x": 0.036404989659786224,
          "y": -0.3428388237953186,
          "z": 0.08591308444738388
        }
      },
      "world_space": {
        "head": {
          "x": 0.0716235339641571,
          "y": -0.22620971500873566,
          "z": 1.1179437637329102
        },
        "tail": {
          "x": 0.036404989659786224,
          "y": -0.2795948386192322,
          "z": 1.0357670783996582
        },
        "rotation_quaternion": {
          "w": 0.30656304955482483,
          "x": -0.22793178260326385,
          "y": -0.3868879973888397,
          "z": 0.8392758369445801
        },
        "matrix": [
          [
            -0.7081317901611328,
            -0.33821460604667664,
            -0.6198070049285889,
            0.0716235339641571
          ],
          [
            0.690950870513916,
            -0.5126736760139465,
            -0.5096595287322998,
            -0.22620971500873566
          ],
          [
            -0.1453847885131836,
            -0.789168119430542,
            0.596733570098877,
            1.1179437637329102
          ],
          [
            0.0,
            0.0,
            0.0,
            1.0
          ]
        ]
      },
      "bone_length_armature_space": 0.10413127362461257,
      "parent": "lowerarm_l",
      "has_children": true,
      "is_end_bone": false
    },
    "pinky_01_l": {
      "name": "pinky_01_l",
      "local": {
        "location": {
          "x": 0.0,
          "y": 0.0,
          "z": 0.0
        },
        "rotation_quaternion": {
          "w": 0.9474107027053833,
          "x": 0.31995952129364014,
          "y": 0.006192089524120092,
          "z": -0.0008419725927524269
        },
        "scale": {
          "x": 1.0,
          "y": 1.0,
          "z": 1.0
        },
        "matrix_basis": [
          [
            0.9999219179153442,
            0.005557823460549116,
            0.011194109916687012,
            0.0
          ],
          [
            0.002367048291489482,
            0.795250415802002,
            -0.6062765717506409,
            0.0
          ],
          [
            -0.012271697632968426,
            0.6062557101249695,
            0.7951751351356506,
            0.0
          ],
          [
            0.0,
            0.0,
            0.0,
            1.0
          ]
        ],
        "rotation_mode": "QUATERNION"
      },
      "armature_space": {
        "head": {
          "x": 0.036404989659786224,
