{
  "metadata": {
    "armature_name": "KIM_caucasian_male",
    "export_time": "2026-01-13T20:26:44.866171",
    "blender_version": "4.4.1",
    "bone_count": 56,
    "end_bone_count": 13,
    "spaces_included": [
      "LOCAL_CHANNELS",
      "ARMATURE_SPACE",
      "WORLD_SPACE"
    ],
    "note": "LOCAL matches Transform panel; replay pose via local.matrix_basis for best fidelity."
  },
  "bones": {
    "Root": {
      "name": "Root",
      "local": {
        "location": {
          "x": 0.0,
          "y": 0.0,
          "z": 0.0
        },
        "rotation_quaternion": {
          "w": 0.9998596906661987,
          "x": 0.007939797826111317,
          "y": 0.010550042614340782,
          "z": -0.010312794707715511
        },
        "scale": {
          "x": 1.0,
          "y": 1.0,
          "z": 1.0
        },
        "matrix_basis": [
          [
            0.9995647072792053,
            0.020790226757526398,
            0.02093336172401905,
            0.0
          ],
          [
            -0.020455164834856987,
            0.9996612071990967,
            -0.01609496772289276,
            0.0
          ],
          [
            -0.021260887384414673,
            0.015659766271710396,
            0.999651312828064,
            0.0
          ],
          [
            0.0,
            0.0,
            0.0,
            1.0
          ]
        ],
        "rotation_mode": "QUATERNION"
      },
      "armature_space": {
        "head": {
          "x": 0.0,
          "y": 0.07072800397872925,
          "z": -0.009595036506652832
        },
        "tail": {
          "x": 0.0014839204959571362,
          "y": -0.0001262947916984558,
          "z": -0.001110842451453209
        }
      },
      "world_space": {
        "head": {
          "x": 0.0,
          "y": 0.13397200405597687,
          "z": 0.9402589797973633
        },
        "tail": {
          "x": 0.0014839204959571362,
          "y": 0.06311770528554916,
          "z": 0.9487431645393372
        },
        "rotation_quaternion": {
          "w": 0.05943644419312477,
          "x": 0.998123049736023,
          "y": 0.011000102385878563,
          "z": 0.009831325151026249
        },
        "matrix": [
          [
            0.9995647072792053,
            0.020790226757526398,
            0.02093336172401905,
            0.0
          ],
          [
            0.023127591237425804,
            -0.9926925897598267,
            -0.11843393743038177,
            0.13397200405597687
          ],
          [
            0.01831827312707901,
            0.11886642128229141,
            -0.9927483201026917,
            0.9402589797973633
          ],
          [
            0.0,
            0.0,
            0.0,
            1.0
          ]
        ]
      },
      "bone_length_armature_space": 0.07137587240957026,
      "parent": null,
      "has_children": true,
      "is_end_bone": false
    },
    "spine_01": {
      "name": "spine_01",
      "local": {
        "location": {
          "x": 0.0,
          "y": 0.0,
          "z": 0.0
        },
        "rotation_quaternion": {
          "w": 0.9980454444885254,
          "x": -0.013588085770606995,
          "y": 0.053719207644462585,
          "z": -0.02889758162200451
        },
        "scale": {
          "x": 1.0,
          "y": 1.0,
          "z": 1.0
        },
        "matrix_basis": [
          [
            0.9925583600997925,
            0.05622231587767601,
            0.10801374912261963,
            0.0
          ],
          [
            -0.059142082929611206,
            0.9979605674743652,
            0.024018343538045883,
            0.0
          ],
          [
            -0.10644309222698212,
            -0.030227765440940857,
            0.9938592314720154,
            0.0
          ],
          [
            0.0,
            0.0,
            0.0,
            1.0
          ]
        ],
        "rotation_mode": "QUATERNION"
      },
      "armature_space": {
        "head": {
          "x": 0.0014839204959571362,
          "y": -0.0001262947916984558,
          "z": -0.001110842451453209
        },
        "tail": {
          "x": 0.019311415031552315,
          "y": 0.03017466329038143,
          "z": 0.48562583327293396
        }
      },
      "world_space": {
        "head": {
          "x": 0.0014839204959571362,
          "y": 0.06311770528554916,
          "z": 0.9487431645393372
        },
        "tail": {
          "x": 0.019311415031552315,
          "y": 0.0934186652302742,
          "z": 1.4354798793792725
        },
        "rotation_quaternion": {
          "w": 0.7262588739395142,
          "x": 0.6840859651565552,
          "y": 0.0599483847618103,
          "z": 0.03131667897105217
        },
        "matrix": [
          [
            0.9908509850502014,
            0.036531656980514526,
            0.12992244958877563,
            0.0014839204959571362
          ],
          [
            0.12750746309757233,
            0.062091972678899765,
            -0.9898921847343445,
            0.06311770528554916
          ],
          [
            -0.04422973468899727,
            0.9974087476730347,
            0.05686531960964203,
            0.9487431645393372
          ],
          [
            0.0,
            0.0,
            0.0,
            1.0
          ]
        ]
      },
      "bone_length_armature_space": 0.4880046729939372,
      "parent": "Root",
      "has_children": true,
      "is_end_bone": false
    },
    "neck_01": {
      "name": "neck_01",
      "local": {
        "location": {
          "x": 0.0,
          "y": 0.0,
          "z": 0.0
        },
        "rotation_quaternion": {
          "w": 0.9883849620819092,
          "x": 0.0065099578350782394,
          "y": 0.11234772950410843,
          "z": -0.10213237255811691
        },
        "scale": {
          "x": 1.0,
          "y": 1.0,
          "z": 1.0
        },
        "matrix_basis": [
          [
            0.9538939595222473,
            0.20335495471954346,
            0.22075586020946503,
            0.0
          ],
          [
            -0.20042943954467773,
            0.9790531992912292,
            -0.03581736981868744,
            0.0
          ],
          [
            -0.22341537475585938,
            -0.010079991072416306,
            0.9746712446212769,
            0.0
          ],
          [
            0.0,
            0.0,
            0.0,
            1.0
          ]
        ],
        "rotation_mode": "QUATERNION"
      },
      "armature_space": {
        "head": {
          "x": 0.02649197354912758,
          "y": 0.0003910437226295471,
          "z": 0.560626745223999
        },
        "tail": {
          "x": 0.0553913414478302,
          "y": -0.027995454147458076,
          "z": 0.6548062562942505
        }
      },
      "world_space": {
        "head": {
          "x": 0.02649197354912758,
          "y": 0.06363504379987717,
          "z": 1.5104807615280151
        },
        "tail": {
          "x": 0.0553913414478302,
          "y": 0.03524854779243469,
          "z": 1.6046602725982666
        },
        "rotation_quaternion": {
          "w": 0.5627495646476746,
          "x": 0.7974769473075867,
          "y": 0.21182706952095032,
          "z": 0.04972754418849945
        },
        "matrix": [
          [
            0.9053124785423279,
            0.28188639879226685,
            0.3177255392074585,
            0.02649197354912758
          ],
          [
            0.39382392168045044,
            -0.2768838107585907,
            -0.8764921426773071,
            0.06363504379987717
          ],
          [
            -0.15909886360168457,
            0.9186330437660217,
            -0.36168327927589417,
            1.5104807615280151
          ],
          [
            0.0,
            0.0,
            0.0,
            1.0
          ]
        ]
      },
      "bone_length_armature_space": 0.1025219341004844,
      "parent": "spine_01",
      "has_children": true,
      "is_end_bone": false
    },
    "head": {
      "name": "head",
      "local": {
        "location": {
          "x": 0.0,
          "y": 0.0,
          "z": 0.0
        },
        "rotation_quaternion": {
          "w": 0.9962261915206909,
          "x": -0.013407271355390549,
          "y": -0.001554751885123551,
          "z": -0.08573906123638153
        },
        "scale": {
          "x": 1.0,
          "y": 1.0,
          "z": 1.0
        },
        "matrix_basis": [
          [
            0.9852927923202515,
            0.17087268829345703,
            -0.0007987153949216008,
            0.0
          ],
          [
            -0.17078930139541626,
            0.9849381446838379,
            0.026979954913258553,
            0.0
          ],
          [
            0.0053968229331076145,
            -0.026446742936968803,
            0.999635636806488,
            0.0
          ],
          [
            0.0,
            0.0,
            0.0,
            1.0
          ]
        ],
        "rotation_mode": "QUATERNION"
      },
      "armature_space": {
        "head": {
          "x": 0.05539137125015259,
          "y": -0.02799556963145733,
          "z": 0.6548061370849609
        },
        "tail": {
          "x": 0.10031020641326904,
          "y": -0.00493614561855793,
          "z": 0.8014480471611023
        }
      },
      "world_space": {
        "head": {
          "x": 0.05539137125015259,
          "y": 0.03524842858314514,
          "z": 1.604660153388977
        },
        "tail": {
          "x": 0.10031020641326904,
          "y": 0.05830785632133484,
          "z": 1.7513020038604736
        },
        "rotation_quaternion": {
          "w": 0.7143208384513855,
          "x": 0.6518124341964722,
          "y": 0.25315427780151367,
          "z": 0.028269942849874496
        },
        "matrix": [
          [
            0.8702282905578613,
            0.28963038325309753,
            0.39851877093315125,
            0.05539137125015259
          ],
          [
            0.37040406465530396,
            0.14868393540382385,
            -0.9168938398361206,
            0.03524842858314514
          ],
          [
            -0.3248155117034912,
            0.9455264210700989,
            0.022107943892478943,
            1.604660153388977
          ],
          [
            0.0,
            0.0,
            0.0,
            1.0
          ]
        ]
      },
      "bone_length_armature_space": 0.15509122396375524,
      "parent": "neck_01",
      "has_children": false,
      "is_end_bone": true
    },
    "upperarm_l": {
      "name": "upperarm_l",
      "local": {
        "location": {
          "x": 0.0,
          "y": 0.0,
          "z": 0.0
        },
        "rotation_quaternion": {
          "w": 0.9243601560592651,
          "x": 0.2128758728504181,
          "y": 0.2856264114379883,
          "z": -0.13660074770450592
        },
        "scale": {
          "x": 1.0,
          "y": 1.0,
          "z": 1.0
        },
        "matrix_basis": [
          [
            0.7995156049728394,
            0.37414252758026123,
            0.46988534927368164,
            0.0
          ],
          [
            -0.13093063235282898,
            0.8720481991767883,
            -0.47158151865005493,
            0.0
          ],
          [
            -0.5862013697624207,
            0.31551438570022583,
            0.746202826499939,
            0.0
          ],
          [
            0.0,
            0.0,
            0.0,
            1.0
          ]
        ],
        "rotation_mode": "QUATERNION"
      },
      "armature_space": {
        "head": {
          "x": 0.1730787605047226,
          "y": 0.012187212705612183,
          "z": 0.4871399998664856
        },
        "tail": {
          "x": 0.41089993715286255,
          "y": -0.036768291145563126,
          "z": 0.37377214431762695
        }
      },
      "world_space": {
        "head": {
          "x": 0.1730787605047226,
          "y": 0.0754312127828598,
          "z": 1.4369940757751465
        },
        "tail": {
          "x": 0.41089993715286255,
          "y": 0.026475708931684494,
          "z": 1.323626160621643
        },
        "rotation_quaternion": {
          "w": 0.17818476259708405,
          "x": 0.5744114518165588,
          "y": 0.6139267683029175,
          "z": -0.5112685561180115
        },
        "matrix": [
          [
            -0.2766006290912628,
            0.8874936699867249,
            -0.3685746192932129,
            0.1730787605047226
          ],
          [
            0.5230947732925415,
            -0.18269063532352448,
            -0.8324639797210693,
            0.0754312127828598
          ],
          [
            -0.8061466813087463,
            -0.42306259274482727,
            -0.4137144982814789,
            1.4369940757751465
          ],
          [
            0.0,
            0.0,
            0.0,
            1.0
          ]
        ]
      },
      "bone_length_armature_space": 0.2679698175987352,
      "parent": "spine_01",
      "has_children": true,
      "is_end_bone": false
    },
    "lowerarm_l": {
      "name": "lowerarm_l",
      "local": {
        "location": {
          "x": 0.0,
          "y": 0.0,
          "z": 0.0
        },
        "rotation_quaternion": {
          "w": 0.9762386083602905,
          "x": 0.09479106962680817,
          "y": -0.006993725895881653,
          "z": 0.19474105536937714
        },
        "scale": {
          "x": 1.0,
          "y": 1.0,
          "z": 1.0
        },
        "matrix_basis": [
          [
            0.9240540266036987,
            -0.3815533518791199,
            0.023264335468411446,
            0.0
          ],
          [
            0.3789016008377075,
            0.9061811566352844,
            -0.187801331281662,
            0.0
          ],
          [
            0.050574515014886856,
            0.18235346674919128,
            0.9819315075874329,
            0.0
          ],
          [
            0.0,
            0.0,
            0.0,
            1.0
          ]
        ],
        "rotation_mode": "QUATERNION"
      },
      "armature_space": {
        "head": {
          "x": 0.4109000265598297,
          "y": -0.036768414080142975,
          "z": 0.37377220392227173
        },
        "tail": {
          "x": 0.6257045269012451,
          "y": -0.19477468729019165,
          "z": 0.3522690534591675
        }
      },
      "world_space": {
        "head": {
          "x": 0.4109000265598297,
          "y": 0.026475585997104645,
          "z": 1.3236262798309326
        },
        "tail": {
          "x": 0.6257045269012451,
          "y": -0.13153068721294403,
          "z": 1.3021230697631836
        },
        "rotation_quaternion": {
          "w": 0.26050320267677307,
          "x": 0.6743599772453308,
          "y": 0.36989954113960266,
          "z": -0.5835675597190857
        },
        "matrix": [
          [
            0.04524565488100052,
            0.8029341101646423,
            -0.5943479537963867,
            0.4109000265598297
          ],
          [
            0.19484823942184448,
            -0.5906236171722412,
            -0.7830698490142822,
            0.026475585997104645
          ],
          [
            -0.9797959923744202,
            -0.08037823438644409,
            -0.18317542970180511,
            1.3236262798309326
          ],
          [
            0.0,
            0.0,
            0.0,
            1.0
          ]
        ]
      },
      "bone_length_armature_space": 0.2675244713073217,
      "parent": "upperarm_l",
      "has_children": true,
      "is_end_bone": false
    },
    "metacarpal_thumb_l": {
      "name": "metacarpal_thumb_l",
      "local": {
        "location": {
          "x": 0.0,
          "y": 0.0,
          "z": 0.0
        },
        "rotation_quaternion": {
          "w": 0.9998041987419128,
          "x": -0.003920640796422958,
          "y": -0.011284996755421162,
          "z": 0.015777433291077614
        },
        "scale": {
          "x": 1.0,
          "y": 1.0,
          "z": 1.0
        },
        "matrix_basis": [
          [
            0.9992474317550659,
            -0.031460199505090714,
            -0.02268929034471512,
            0.0
          ],
          [
            0.031637176871299744,
            0.9994714260101318,
            0.007483649533241987,
            0.0
          ],
          [
            0.022441858425736427,
            -0.008195842616260052,
            0.9997145533561707,
            0.0
          ],
          [
            0.0,
            0.0,
            0.0,
            1.0
          ]
        ],
        "rotation_mode": "QUATERNION"
      },
      "armature_space": {
        "head": {
          "x": 0.6257045269012451,
          "y": -0.19477468729019165,
          "z": 0.3522690534591675
        },
        "tail": {
          "x": 0.6386821269989014,
          "y": -0.23945751786231995,
          "z": 0.33528032898902893
        }
      },
      "world_space": {
        "head": {
          "x": 0.6257045269012451,
          "y": -0.13153068721294403,
          "z": 1.3021230697631836
        },
        "tail": {
          "x": 0.6386821269989014,
          "y": -0.17621351778507233,
          "z": 1.2851343154907227
        },
        "rotation_quaternion": {
          "w": 0.17245416343212128,
          "x": -0.9749093651771545,
          "y": -0.13865314424037933,
          "z": 0.024219118058681488
        },
        "matrix": [
          [
            0.9603773355484009,
            0.2619950473308563,
            -0.09504587948322296,
            0.6257045269012451
          ],
          [
            0.2787022292613983,
            -0.9020699262619019,
            0.3295377492904663,
            -0.13153068721294403
          ],
          [
            0.0005995333194732666,
            -0.3429732620716095,
            -0.9393523931503296,
            1.3021230697631836
          ],
          [
            0.0,
            0.0,
            0.0,
            1.0
          ]
        ]
      },
      "bone_length_armature_space": 0.04953372809888981,
      "parent": "lowerarm_l",
      "has_children": true,
      "is_end_bone": false
    },
    "thumb_01_l": {
      "name": "thumb_01_l",
      "local": {
        "location": {
          "x": 0.0,
          "y": 0.0,
          "z": 0.0
        },
        "rotation_quaternion": {
          "w": 0.9775323867797852,
          "x": 0.20986396074295044,
          "y": -0.013623262755572796,
          "z": 0.014212613925337791
        },
        "scale": {
          "x": 1.0,
          "y": 1.0,
          "z": 1.0
        },
        "matrix_basis": [
          [
            0.999224841594696,
            -0.03350464627146721,
            -0.02066892944276333,
            0.0
          ],
          [
            0.02206851728260517,
            0.9115102291107178,
            -0.41068488359451294,
            0.0
          ],
          [
            0.0325997918844223,
            0.4099103808403015,
            0.911543071269989,
            0.0
          ],
          [
            0.0,
            0.0,
            0.0,
            1.0
          ]
        ],
        "rotation_mode": "QUATERNION"
      },
      "armature_space": {
        "head": {
          "x": 0.6386821269989014,
          "y": -0.23945751786231995,
          "z": 0.33528032898902893
        },
        "tail": {
          "x": 0.6514548063278198,
          "y": -0.24717019498348236,
          "z": 0.304686039686203
        }
      },
      "world_space": {
        "head": {
          "x": 0.6386821269989014,
          "y": -0.17621351778507233,
          "z": 1.2851343154907227
        },
        "tail": {
          "x": 0.6514548063278198,
          "y": -0.18392619490623474,
          "z": 1.2545400857925415
        },
        "rotation_quaternion": {
          "w": 0.5766366124153137,
          "x": -0.5571727156639099,
          "y": 0.23280484974384308,
          "z": -0.5503187775611877
        },
        "matrix": [
          [
            0.2858985662460327,
            0.37524205446243286,
            0.881734311580658,
            0.6386821269989014
          ],
          [
            -0.8940938711166382,
            -0.2265862077474594,
            0.3863353133201599,
            -0.17621351778507233
          ],
          [
            0.34475964307785034,
            -0.898812472820282,
            0.27072325348854065,
            1.2851343154907227
          ],
          [
            0.0,
            0.0,
            0.0,
            1.0
          ]
        ]
      },
      "bone_length_armature_space": 0.034038761464839265,
      "parent": "metacarpal_thumb_l",
      "has_children": true,
      "is_end_bone": false
    },
    "thumb_02_l": {
      "name": "thumb_02_l",
      "local": {
        "location": {
          "x": 0.0,
          "y": 0.0,
          "z": 0.0
        },
        "rotation_quaternion": {
          "w": 0.9408029317855835,
          "x": 0.33890652656555176,
          "y": -0.002999788150191307,
          "z": 0.004833698738366365
        },
        "scale": {
          "x": 1.0,
          "y": 1.0,
          "z": 1.0
        },
        "matrix_basis": [
          [
            0.9999352693557739,
            -0.011128411628305912,
            -0.002368074841797352,
            0.0
          ],
          [
            0.007061820477247238,
            0.7702379822731018,
            -0.6377174854278564,
            0.0
          ],
          [
            0.008920762687921524,
            0.63765949010849,
            0.7702667117118835,
            0.0
          ],
          [
            0.0,
            0.0,
            0.0,
            1.0
          ]
        ],
        "rotation_mode": "QUATERNION"
      },
      "armature_space": {
        "head": {
          "x": 0.651454746723175,
          "y": -0.24717016518115997,
          "z": 0.304686039686203
        },
        "tail": {
          "x": 0.6824607849121094,
          "y": -0.25751352310180664,
          "z": 0.328027606010437
        }
      },
      "world_space": {
        "head": {
          "x": 0.651454746723175,
          "y": -0.18392616510391235,
          "z": 1.2545400857925415
        },
        "tail": {
          "x": 0.6824607849121094,
          "y": -0.19426952302455902,
          "z": 1.2778816223144531
        },
        "rotation_quaternion": {
          "w": 0.5286033153533936,
          "x": 0.09869533032178879,
          "y": -0.3030104339122772,
          "z": -0.7867798209190369
        },
        "matrix": [
          [
            -0.4216741919517517,
            0.771977424621582,
            -0.47564882040023804,
            0.651454746723175
          ],
          [
            -0.8916012644767761,
            -0.2575254440307617,
            0.3724619746208191,
            -0.18392616510391235
          ],
          [
            0.16504080593585968,
            0.5811505913734436,
            0.7968937754631042,
            1.2545400857925415
          ],
          [
            0.0,
            0.0,
            0.0,
            1.0
          ]
        ]
      },
      "bone_length_armature_space": 0.04016451419202032,
      "parent": "thumb_01_l",
      "has_children": true,
      "is_end_bone": false
    },
    "thumb_03_l": {
      "name": "thumb_03_l",
      "local": {
        "location": {
          "x": 0.0,
          "y": 0.0,
          "z": 0.0
        },
        "rotation_quaternion": {
          "w": 0.9760370254516602,
          "x": 0.21749494969844818,
          "y": -0.0012286714045330882,
          "z": -0.006808524020016193
        },
        "scale": {
          "x": 1.0,
          "y": 1.0,
          "z": 1.0
        },
        "matrix_basis": [
          [
            0.9999042749404907,
            0.012756283394992352,
            -0.00536009669303894,
            0.0
          ],
          [
            -0.013825202360749245,
            0.905299186706543,
            -0.42454952001571655,
            0.0
          ],
          [
            -0.0005631815874949098,
            0.42458298802375793,
            0.9053888916969299,
            0.0
          ],
          [
            0.0,
            0.0,
            0.0,
            1.0
          ]
        ],
        "rotation_mode": "QUATERNION"
      },
      "armature_space": {
        "head": {
          "x": 0.6824607849121094,
          "y": -0.2575135827064514,
          "z": 0.32802751660346985
        },
        "tail": {
          "x": 0.6914007067680359,
          "y": -0.2573646605014801,
          "z": 0.3571300804615021
        }
      },
      "world_space": {
        "head": {
          "x": 0.6824607849121094,
          "y": -0.1942695826292038,
          "z": 1.2778815031051636
        },
        "tail": {
          "x": 0.6914007067680359,
          "y": -0.19412066042423248,
          "z": 1.3069840669631958
        },
        "rotation_quaternion": {
          "w": 0.5608927011489868,
          "x": 0.4069015085697174,
          "y": -0.4334101974964142,
          "z": -0.57618248462677
        },
        "matrix": [
          [
            -0.03965936601161957,
            0.29364293813705444,
            -0.9550923109054565,
            0.6824607849121094
          ],
          [
            -0.9990636706352234,
            0.004891848191618919,
            0.04298891872167587,
            -0.1942695826292038
          ],
          [
            0.01729470305144787,
            0.9559094905853271,
            0.2931760549545288,
            1.2778815031051636
          ],
          [
            0.0,
            0.0,
            0.0,
            1.0
          ]
        ]
      },
      "bone_length_armature_space": 0.030445091957905925,
      "parent": "thumb_02_l",
      "has_children": false,
      "is_end_bone": true
    },
    "metacarpal_index_l": {
      "name": "metacarpal_index_l",
      "local": {
        "location": {
          "x": 0.0,
          "y": 0.0,
          "z": 0.0
        },
        "rotation_quaternion": {
          "w": 0.998696506023407,
          "x": -0.0495116226375103,
          "y": -0.009701767936348915,
          "z": 0.007733693812042475
        },
        "scale": {
          "x": 1.0,
          "y": 1.0,
          "z": 1.0
        },
        "matrix_basis": [
          [
            0.9996921420097351,
            -0.01448652520775795,
            -0.020144058391451836,
            0.0
          ],
          [
            0.016407925635576248,
            0.994977593421936,
            0.09874410927295685,
            0.0
          ],
          [
            0.01861242763698101,
            -0.09904423356056213,
            0.9949089288711548,
            0.0
          ],
          [
            0.0,
            0.0,
            0.0,
            1.0
          ]
        ],
        "rotation_mode": "QUATERNION"
      },
      "armature_space": {
        "head": {
          "x": 0.6257045269012451,
          "y": -0.19477468729019165,
          "z": 0.3522690534591675
        },
        "tail": {
          "x": 0.6980695724487305,
          "y": -0.2863553464412689,
          "z": 0.34199780225753784
        }
      },
      "world_space": {
        "head": {
          "x": 0.6257045269012451,
          "y": -0.13153068721294403,
          "z": 1.3021230697631836
        },
        "tail": {
          "x": 0.6980695724487305,
          "y": -0.2231113463640213,
          "z": 1.2918517589569092
        },
        "rotation_quaternion": {
          "w": 0.0387578159570694,
          "x": 0.9124494194984436,
          "y": 0.3281783163547516,
          "z": -0.24131512641906738
        },
        "matrix": [
          [
            0.6681317090988159,
            0.6175984144210815,
            -0.41493627429008484,
            0.6257045269012451
          ],
          [
            0.580186665058136,
            -0.7815934419631958,
            -0.22911934554576874,
            -0.13153068721294403
          ],
          [
            -0.4658178687095642,
            -0.08765991032123566,
            -0.880535900592804,
            1.3021230697631836
          ],
          [
            0.0,
            0.0,
            0.0,
            1.0
          ]
        ]
      },
      "bone_length_armature_space": 0.11717173453543228,
      "parent": "lowerarm_l",
      "has_children": true,
      "is_end_bone": false
    },
    "index_01_l": {
      "name": "index_01_l",
      "local": {
        "location": {
          "x": 0.0,
          "y": 0.0,
          "z": 0.0
        },
        "rotation_quaternion": {
          "w": 0.9705458283424377,
          "x": 0.23986104130744934,
          "y": -0.019826797768473625,
          "z": 0.010702715255320072
        },
        "scale": {
          "x": 1.0,
          "y": 1.0,
          "z": 1.0
        },
        "matrix_basis": [
          [
            0.998984694480896,
            -0.030286304652690887,
            -0.03335130214691162,
            0.0
          ],
          [
            0.011263598687946796,
            0.8847042918205261,
            -0.4660166800022125,
            0.0
          ],
          [
            0.04361996054649353,
            0.4651678502559662,
            0.8841471672058105,
            0.0
          ],
          [
            0.0,
            0.0,
            0.0,
            1.0
          ]
        ],
        "rotation_mode": "QUATERNION"
      },
      "armature_space": {
        "head": {
          "x": 0.6980695724487305,
          "y": -0.2863553464412689,
          "z": 0.34199780225753784
        },
        "tail": {
          "x": 0.7154201865196228,
          "y": -0.3034190237522125,
          "z": 0.32713642716407776
        }
      },
      "world_space": {
        "head": {
          "x": 0.6980695724487305,
          "y": -0.2231113463640213,
          "z": 1.2918517589569092
        },
        "tail": {
          "x": 0.7154201865196228,
          "y": -0.2401750236749649,
          "z": 1.2769904136657715
        },
        "rotation_quaternion": {
          "w": 0.14177048206329346,
          "x": -0.8280892372131348,
          "y": -0.42507562041282654,
          "z": 0.3368682265281677
        },
        "matrix": [
          [
            0.41166001558303833,
            0.608486533164978,
            -0.6784396171569824,
            0.6980695724487305
          ],
          [
            0.7995173335075378,
            -0.598423421382904,
            -0.05159391462802887,
            -0.2231113463640213
          ],
          [
            -0.43739062547683716,
            -0.5211891531944275,
            -0.7328474521636963,
            1.2918517589569092
          ],
          [
            0.0,
            0.0,
            0.0,
            1.0
          ]
        ]
      },
      "bone_length_armature_space": 0.028514441802841493,
      "parent": "metacarpal_index_l",
      "has_children": true,
      "is_end_bone": false
    },
    "index_02_l": {
      "name": "index_02_l",
      "local": {
        "location": {
          "x": 0.0,
          "y": 0.0,
          "z": 0.0
        },
        "rotation_quaternion": {
          "w": 0.9292497634887695,
          "x": 0.36940327286720276,
          "y": 0.005496053025126457,
          "z": 0.0024515227414667606
        },
        "scale": {
          "x": 1.0,
          "y": 1.0,
          "z": 1.0
        },
        "matrix_basis": [
          [
            0.9999275803565979,
            -0.0004956339253112674,
            0.012025613337755203,
            0.0
          ],
          [
            0.0086166737601161,
            0.7270704507827759,
            -0.68650883436203,
            0.0
          ],
          [
            -0.008403210900723934,
            0.6865627765655518,
            0.7270220518112183,
            0.0
          ],
          [
            0.0,
            0.0,
            0.0,
            1.0
          ]
        ],
        "rotation_mode": "QUATERNION"
      },
      "armature_space": {
        "head": {
          "x": 0.7154200673103333,
          "y": -0.30341947078704834,
          "z": 0.3271360993385315
        },
        "tail": {
          "x": 0.7154340147972107,
          "y": -0.3162868618965149,
          "z": 0.30494314432144165
        }
      },
      "world_space": {
        "head": {
          "x": 0.7154200673103333,
          "y": -0.24017547070980072,
          "z": 1.2769901752471924
        },
        "tail": {
          "x": 0.7154340147972107,
          "y": -0.25304287672042847,
          "z": 1.2547972202301025
        },
        "rotation_quaternion": {
          "w": 0.4114626944065094,
          "x": -0.7144930362701416,
          "y": -0.28267380595207214,
          "z": 0.4901975095272064
        },
        "matrix": [
          [
            0.35960492491722107,
            0.0005429685115814209,
            -0.9331045746803284,
            0.7154200673103333
          ],
          [
            0.8073328137397766,
            -0.5015886425971985,
            0.3108423352241516,
            -0.24017547070980072
          ],
          [
            -0.4678683578968048,
            -0.8651127815246582,
            -0.18081313371658325,
            1.2769901752471924
          ],
          [
            0.0,
            0.0,
            0.0,
            1.0
          ]
        ]
      },
      "bone_length_armature_space": 0.025653405556163817,
      "parent": "index_01_l",
      "has_children": true,
      "is_end_bone": false
    },
    "index_03_l": {
      "name": "index_03_l",
      "local": {
        "location": {
          "x": 0.0,
          "y": 0.0,
          "z": 0.0
        },
        "rotation_quaternion": {
          "w": 0.9692506194114685,
          "x": 0.2460087686777115,
          "y": 0.00566251901909709,
          "z": -0.000957835465669632
        },
        "scale": {
          "x": 1.0,
          "y": 1.0,
          "z": 1.0
        },
        "matrix_basis": [
          [
            0.9999340176582336,
            0.004642823711037636,
            0.010505528189241886,
            0.0
          ],
          [
            0.0009292933973483741,
            0.8789575099945068,
            -0.4768991470336914,
            0.0
          ],
          [
            -0.011448072269558907,
            0.47687745094299316,
            0.8788952231407166,
            0.0
          ],
          [
            0.0,
            0.0,
            0.0,
            1.0
          ]
        ],
        "rotation_mode": "QUATERNION"
      },
      "armature_space": {
        "head": {
          "x": 0.7154341340065002,
          "y": -0.3162868916988373,
          "z": 0.30494317412376404
        },
        "tail": {
          "x": 0.7016549110412598,
          "y": -0.3206538259983063,
          "z": 0.279550164937973
        }
      },
      "world_space": {
        "head": {
          "x": 0.7154341340065002,
          "y": -0.25304287672042847,
          "z": 1.2547972202301025
        },
        "tail": {
          "x": 0.7016549110412598,
          "y": -0.25740981101989746,
          "z": 1.2294042110443115
        },
        "rotation_quaternion": {
          "w": 0.6339448094367981,
          "x": -0.562953770160675,
          "y": -0.15292735397815704,
          "z": 0.5077503323554993
        },
        "matrix": [
          [
            0.43760254979133606,
            -0.47158896923065186,
            -0.7655768990516663,
            0.7154341340065002
          ],
          [
            0.8159550428390503,
            -0.14945657551288605,
            0.5584625005722046,
            -0.25304287672042847
          ],
          [
            -0.37778711318969727,
            -0.8690671324729919,
            0.319395512342453,
            1.2547972202301025
          ],
          [
            0.0,
            0.0,
            0.0,
            1.0
          ]
        ]
      },
      "bone_length_armature_space": 0.02921886398584167,
      "parent": "index_02_l",
      "has_children": false,
      "is_end_bone": true
    },
    "metacarpal_pinky_l": {
      "name": "metacarpal_pinky_l",
      "local": {
        "location": {
          "x": 0.0,
          "y": 0.0,
          "z": 0.0
        },
        "rotation_quaternion": {
          "w": 0.9994469881057739,
          "x": -0.031393297016620636,
          "y": 0.008784460835158825,
          "z": -0.006557798478752375
        },
        "scale": {
          "x": 1.0,
          "y": 1.0,
          "z": 1.0
        },
        "matrix_basis": [
          [
            0.9997596740722656,
            0.012556797824800014,
            0.017970947548747063,
            0.0
          ],
          [
            -0.013659889809787273,
            0.9979429244995117,
            0.06263665854930878,
            0.0
          ],
          [
            -0.01714746467769146,
            -0.06286708265542984,
            0.9978746175765991,
            0.0
          ],
          [
            0.0,
            0.0,
            0.0,
            1.0
          ]
        ],
        "rotation_mode": "QUATERNION"
      },
      "armature_space": {
        "head": {
          "x": 0.6257045269012451,
          "y": -0.19477468729019165,
          "z": 0.3522690534591675
        },
        "tail": {
          "x": 0.7244104146957397,
          "y": -0.22666147351264954,
          "z": 0.3431260585784912
        }
      },
      "world_space": {
        "head": {
          "x": 0.6257045269012451,
          "y": -0.13153068721294403,
          "z": 1.3021230697631836
        },
        "tail": {
          "x": 0.7244104146957397,
          "y": -0.16341747343540192,
          "z": 1.2929800748825073
        },
        "rotation_quaternion": {
          "w": 0.561668872833252,
          "x": 0.17109495401382446,
          "y": 0.17725138366222382,
          "z": -0.7898333072662354
        },
        "matrix": [
          [
            -0.3105088770389557,
            0.9479033946990967,
            -0.07115773856639862,
            0.6257045269012451
          ],
          [
            -0.826596736907959,
            -0.3062187731266022,
            -0.4721953570842743,
            -0.13153068721294403
          ],
          [
            -0.4693893492221832,
            -0.0878029465675354,
            0.8786230087280273,
            1.3021230697631836
          ],
          [
            0.0,
            0.0,
            0.0,
            1.0
          ]
        ]
      },
      "bone_length_armature_space": 0.10413075324463598,
      "parent": "lowerarm_l",
      "has_children": true,
      "is_end_bone": false
    },
    "pinky_01_l": {
      "name": "pinky_01_l",
      "local": {
        "location": {
          "x": 0.0,
          "y": 0.0,
          "z": 0.0
        },
        "rotation_quaternion": {
          "w": 0.9415514469146729,
          "x": 0.3367682099342346,
          "y": 0.003773363307118416,
          "z": 0.007337966933846474
        },
        "scale": {
          "x": 1.0,
          "y": 1.0,
          "z": 1.0
        },
        "matrix_basis": [
          [
            0.9998638033866882,
            -0.011276649311184883,
            0.012048019096255302,
            0.0
          ],
          [
            0.016359644010663033,
            0.7730666399002075,
            -0.6341137886047363,
            0.0
          ],
          [
            -0.002163243480026722,
            0.6342245936393738,
            0.773145854473114,
            0.0
          ],
          [
            0.0,
            0.0,
            0.0,
            1.0
          ]
        ],
        "rotation_mode": "QUATERNION"
      },
      "armature_space": {
        "head": {
          "x": 0.7244104146957397,
          "y": -0.22666147351264954,
          "z": 0.3431260585784912
        },
        "tail": {
