{
  "metadata": {
    "armature_name": "KIM_caucasian_male",
    "export_time": "2026-01-13T21:08:03.984433",
    "blender_version": "4.4.1",
    "bone_count": 56,
    "end_bone_count": 13,
    "spaces_included": [
      "LOCAL_CHANNELS",
      "ARMATURE_SPACE",
      "WORLD_SPACE"
    ],
    "note": "LOCAL matches Transform panel; replay pose via local.matrix_basis for best fidelity."
  },
  "bones": {
    "Root": {
      "name": "Root",
      "local": {
        "location": {
          "x": 0.0,
          "y": 0.0,
          "z": 0.0
        },
        "rotation_quaternion": {
          "w": 0.9999838471412659,
          "x": 0.0019017407903447747,
          "y": 0.003864035941660404,
          "z": 0.003709821030497551
        },
        "scale": {
          "x": 1.0,
          "y": 1.0,
          "z": 1.0
        },
        "matrix_basis": [
          [
            0.9999426007270813,
            -0.007404825650155544,
            0.007742057088762522,
            0.0
          ],
          [
            0.007434219121932983,
            0.999965250492096,
            -0.003774750279262662,
            0.0
          ],
          [
            -0.007713836617767811,
            0.0038320899475365877,
            0.9999629259109497,
            0.0
          ],
          [
            0.0,
            0.0,
            0.0,
            1.0
          ]
        ],
        "rotation_mode": "QUATERNION"
      },
      "armature_space": {
        "head": {
          "x": 0.0,
          "y": 0.07072800397872925,
          "z": -0.009595036506652832
        },
        "tail": {
          "x": -0.0005285258521325886,
          "y": -3.430992364883423e-05,
          "z": -0.000271371565759182
        }
      },
      "world_space": {
        "head": {
          "x": 0.0,
          "y": 0.13397200405597687,
          "z": 0.9402589797973633
        },
        "tail": {
          "x": -0.0005285258521325886,
          "y": 0.06320969015359879,
          "z": 0.9495826363563538
        },
        "rotation_quaternion": {
          "w": 0.06546914577484131,
          "x": 0.9978402256965637,
          "y": -0.003441081615164876,
          "z": 0.004105180501937866
        },
        "matrix": [
          [
            0.9999426007270813,
            -0.007404825650155544,
            0.007742057088762522,
            0.0
          ],
          [
            -0.006329771596938372,
            -0.9914038777351379,
            -0.13068422675132751,
            0.13397200405597687
          ],
          [
            0.008643253706395626,
            0.13062769174575806,
            -0.9914008975028992,
            0.9402589797973633
          ],
          [
            0.0,
            0.0,
            0.0,
            1.0
          ]
        ]
      },
      "bone_length_armature_space": 0.07137587301084881,
      "parent": null,
      "has_children": true,
      "is_end_bone": false
    },
    "spine_01": {
      "name": "spine_01",
      "local": {
        "location": {
          "x": 0.0,
          "y": 0.0,
          "z": 0.0
        },
        "rotation_quaternion": {
          "w": 0.9980992078781128,
          "x": 0.055843763053417206,
          "y": 0.020485244691371918,
          "z": 0.016119228675961494
        },
        "scale": {
          "x": 1.0,
          "y": 1.0,
          "z": 1.0
        },
        "matrix_basis": [
          [
            0.9986410737037659,
            -0.02988923154771328,
            0.04269292950630188,
            0.0
          ],
          [
            0.03446512669324875,
            0.9932432770729065,
            -0.11081481724977493,
            0.0
          ],
          [
            -0.0390922948718071,
            0.1121356412768364,
            0.9929236769676208,
            0.0
          ],
          [
            0.0,
            0.0,
            0.0,
            1.0
          ]
        ],
        "rotation_mode": "QUATERNION"
      },
      "armature_space": {
        "head": {
          "x": -0.0005285258521325886,
          "y": -3.430992364883423e-05,
          "z": -0.000271371565759182
        },
        "tail": {
          "x": -0.019533829763531685,
          "y": -0.03378744050860405,
          "z": 0.48619344830513
        }
      },
      "world_space": {
        "head": {
          "x": -0.0005285258521325886,
          "y": 0.06320969015359879,
          "z": 0.9495826363563538
        },
        "tail": {
          "x": -0.019533829763531685,
          "y": 0.02945655956864357,
          "z": 1.4360474348068237
        },
        "rotation_quaternion": {
          "w": 0.6822126507759094,
          "x": 0.7306603193283081,
          "y": -0.0016183637781068683,
          "z": 0.02681000530719757
        },
        "matrix": [
          [
            0.9985572099685669,
            -0.03894519805908203,
            0.036969587206840515,
            -0.0005285258521325886
          ],
          [
            0.03421503305435181,
            -0.06916607916355133,
            -0.9970183372497559,
            0.06320969015359879
          ],
          [
            0.0413864403963089,
            0.9968516230583191,
            -0.06773518025875092,
            0.9495826363563538
          ],
          [
            0.0,
            0.0,
            0.0,
            1.0
          ]
        ]
      },
      "bone_length_armature_space": 0.48800460918081745,
      "parent": "Root",
      "has_children": true,
      "is_end_bone": false
    },
    "neck_01": {
      "name": "neck_01",
      "local": {
        "location": {
          "x": 0.0,
          "y": 0.0,
          "z": 0.0
        },
        "rotation_quaternion": {
          "w": 0.9885406494140625,
          "x": -0.02042267471551895,
          "y": 0.014593299478292465,
          "z": 0.1488538384437561
        },
        "scale": {
          "x": 1.0,
          "y": 1.0,
          "z": 1.0
        },
        "matrix_basis": [
          [
            0.9552591443061829,
            -0.29489222168922424,
            0.022772151976823807,
            0.0
          ],
          [
            0.29370006918907166,
            0.9548509120941162,
            0.044721826910972595,
            0.0
          ],
          [
            -0.034932125359773636,
            -0.03603275120258331,
            0.9987398982048035,
            0.0
          ],
          [
            0.0,
            0.0,
            0.0,
            1.0
          ]
        ],
        "rotation_mode": "QUATERNION"
      },
      "armature_space": {
        "head": {
          "x": -0.02110321633517742,
          "y": -0.07342870533466339,
          "z": 0.5568323135375977
        },
        "tail": {
          "x": -0.05362117290496826,
          "y": -0.11444759368896484,
          "z": 0.644984245300293
        }
      },
      "world_space": {
        "head": {
          "x": -0.02110321633517742,
          "y": -0.010184705257415771,
          "z": 1.5066863298416138
        },
        "tail": {
          "x": -0.05362117290496826,
          "y": -0.051203593611717224,
          "z": 1.594838261604309
        },
        "rotation_quaternion": {
          "w": 0.5352320075035095,
          "x": 0.8285253047943115,
          "y": -0.1160866990685463,
          "z": 0.11660416424274445
        },
        "matrix": [
          [
            0.9458547234535217,
            -0.3171823024749756,
            0.06895091384649277,
            -0.02110321633517742
          ],
          [
            -0.06754234433174133,
            -0.4001009464263916,
            -0.9139791131019592,
            -0.010184705257415771
          ],
          [
            0.31748735904693604,
            0.8598397374153137,
            -0.39986422657966614,
            1.5066863298416138
          ],
          [
            0.0,
            0.0,
            0.0,
            1.0
          ]
        ]
      },
      "bone_length_armature_space": 0.10252185064000628,
      "parent": "spine_01",
      "has_children": true,
      "is_end_bone": false
    },
    "head": {
      "name": "head",
      "local": {
        "location": {
          "x": 0.0,
          "y": 0.0,
          "z": 0.0
        },
        "rotation_quaternion": {
          "w": 0.9717816114425659,
          "x": -0.033765651285648346,
          "y": 0.13387316465377808,
          "z": 0.19125470519065857
        },
        "scale": {
          "x": 1.0,
          "y": 1.0,
          "z": 1.0
        },
        "matrix_basis": [
          [
            0.8909991979598999,
            -0.3807562291622162,
            0.24727527797222137,
            0.0
          ],
          [
            0.3626749813556671,
            0.9245630502700806,
            0.11683342605829239,
            0.0
          ],
          [
            -0.2731066346168518,
            -0.014417932368814945,
            0.9618757367134094,
            0.0
          ],
          [
            0.0,
            0.0,
            0.0,
            1.0
          ]
        ],
        "rotation_mode": "QUATERNION"
      },
      "armature_space": {
        "head": {
          "x": -0.05362113565206528,
          "y": -0.1144476979970932,
          "z": 0.6449841260910034
        },
        "tail": {
          "x": -0.15539994835853577,
          "y": -0.11415969580411911,
          "z": 0.7620061635971069
        }
      },
      "world_space": {
        "head": {
          "x": -0.05362113565206528,
          "y": -0.05120369791984558,
          "z": 1.5948381423950195
        },
        "tail": {
          "x": -0.15539994835853577,
          "y": -0.05091569572687149,
          "z": 1.711860179901123
        },
        "rotation_quaternion": {
          "w": 0.6839049458503723,
          "x": 0.6344329118728638,
          "y": -0.1822141408920288,
          "z": 0.3107523024082184
        },
        "matrix": [
          [
            0.7404614090919495,
            -0.6562556028366089,
            0.1450706124305725,
            -0.05362113565206528
          ],
          [
            0.19384843111038208,
            0.0018570097163319588,
            -0.9810300469398499,
            -0.05120369791984558
          ],
          [
            0.6435414552688599,
            0.75454181432724,
            0.12858906388282776,
            1.5948381423950195
          ],
          [
            0.0,
            0.0,
            0.0,
            1.0
          ]
        ]
      },
      "bone_length_armature_space": 0.15509083363625104,
      "parent": "neck_01",
      "has_children": false,
      "is_end_bone": true
    },
    "upperarm_l": {
      "name": "upperarm_l",
      "local": {
        "location": {
          "x": 0.0,
          "y": 0.0,
          "z": 0.0
        },
        "rotation_quaternion": {
          "w": 0.9598322510719299,
          "x": 0.18852083384990692,
          "y": 0.014972124248743057,
          "z": -0.2072630375623703
        },
        "scale": {
          "x": 1.0,
          "y": 1.0,
          "z": 1.0
        },
        "matrix_basis": [
          [
            0.9136357307434082,
            0.4035206139087677,
            -0.04940534755587578,
            0.0
          ],
          [
            -0.39223039150238037,
            0.8430038690567017,
            -0.3681030869483948,
            0.0
          ],
          [
            -0.10688825696706772,
            0.3556904196739197,
            0.9284714460372925,
            0.0
          ],
          [
            0.0,
            0.0,
            0.0,
            1.0
          ]
        ],
        "rotation_mode": "QUATERNION"
      },
      "armature_space": {
        "head": {
          "x": 0.13141568005084991,
          "y": -0.06682758033275604,
          "z": 0.49582812190055847
        },
        "tail": {
          "x": 0.3655572533607483,
          "y": -0.1346173882484436,
          "z": 0.3845174014568329
        }
      },
      "world_space": {
        "head": {
          "x": 0.13141568005084991,
          "y": -0.003583580255508423,
          "z": 1.445682168006897
        },
        "tail": {
          "x": 0.3655572533607483,
          "y": -0.07137338817119598,
          "z": 1.3343714475631714
        },
        "rotation_quaternion": {
          "w": 0.2821585536003113,
          "x": 0.47720465064048767,
          "y": 0.5421239137649536,
          "z": -0.6314775943756104
        },
        "matrix": [
          [
            -0.38532283902168274,
            0.8737622499465942,
            -0.29675886034965515,
            0.13141568005084991
          ],
          [
            0.16105729341506958,
            -0.2529759407043457,
            -0.9539727568626404,
            -0.003583580255508423
          ],
          [
            -0.9086243510246277,
            -0.4153858721256256,
            -0.04324958473443985,
            1.445682168006897
          ],
          [
            0.0,
            0.0,
            0.0,
            1.0
          ]
        ]
      },
      "bone_length_armature_space": 0.2679697958770116,
      "parent": "spine_01",
      "has_children": true,
      "is_end_bone": false
    },
    "lowerarm_l": {
      "name": "lowerarm_l",
      "local": {
        "location": {
          "x": 0.0,
          "y": 0.0,
          "z": 0.0
        },
        "rotation_quaternion": {
          "w": 0.9767632484436035,
          "x": 0.0853838250041008,
          "y": 0.1281675100326538,
          "z": -0.14905157685279846
        },
        "scale": {
          "x": 1.0,
          "y": 1.0,
          "z": 1.0
        },
        "matrix_basis": [
          [
            0.9227134585380554,
            0.3130630552768707,
            0.2249254435300827,
            0.0
          ],
          [
            -0.2692893445491791,
            0.9409864544868469,
            -0.2050067037343979,
            0.0
          ],
          [
            -0.27583181858062744,
            0.12859243154525757,
            0.9525653719902039,
            0.0
          ],
          [
            0.0,
            0.0,
            0.0,
            1.0
          ]
        ],
        "rotation_mode": "QUATERNION"
      },
      "armature_space": {
        "head": {
          "x": 0.36555737257003784,
          "y": -0.13461747765541077,
          "z": 0.38451749086380005
        },
        "tail": {
          "x": 0.538270890712738,
          "y": -0.25957733392715454,
          "z": 0.22288571298122406
        }
      },
      "world_space": {
        "head": {
          "x": 0.36555737257003784,
          "y": -0.07137347757816315,
          "z": 1.334371566772461
        },
        "tail": {
          "x": 0.538270890712738,
          "y": -0.19633333384990692,
          "z": 1.1727397441864014
        },
        "rotation_quaternion": {
          "w": 0.10116593539714813,
          "x": 0.49852725863456726,
          "y": 0.5061788558959961,
          "z": -0.6964330673217773
        },
        "matrix": [
          [
            -0.48246872425079346,
            0.6455988883972168,
            -0.591967761516571,
            0.36555737257003784
          ],
          [
            0.36378100514411926,
            -0.4670969545841217,
            -0.8059057593345642,
            -0.07137347757816315
          ],
          [
            -0.7968034744262695,
            -0.6041756272315979,
            -0.00949782133102417,
            1.334371566772461
          ],
          [
            0.0,
            0.0,
            0.0,
            1.0
          ]
        ]
      },
      "bone_length_armature_space": 0.26752524305831127,
      "parent": "upperarm_l",
      "has_children": true,
      "is_end_bone": false
    },
    "metacarpal_thumb_l": {
      "name": "metacarpal_thumb_l",
      "local": {
        "location": {
          "x": 0.0,
          "y": 0.0,
          "z": 0.0
        },
        "rotation_quaternion": {
          "w": 0.999075710773468,
          "x": -0.03852986916899681,
          "y": -0.019058650359511375,
          "z": -5.347421392798424e-05
        },
        "scale": {
          "x": 1.0,
          "y": 1.0,
          "z": 1.0
        },
        "matrix_basis": [
          [
            0.9992735385894775,
            0.0015755041968077421,
            -0.0380779467523098,
            0.0
          ],
          [
            0.0013618050143122673,
            0.9970309138298035,
            0.07699055224657059,
            0.0
          ],
          [
            0.038086190819740295,
            -0.07698647677898407,
            0.996304452419281,
            0.0
          ],
          [
            0.0,
            0.0,
            0.0,
            1.0
          ]
        ],
        "rotation_mode": "QUATERNION"
      },
      "armature_space": {
        "head": {
          "x": 0.538270890712738,
          "y": -0.25957733392715454,
          "z": 0.22288571298122406
        },
        "tail": {
          "x": 0.5440734028816223,
          "y": -0.29970496892929077,
          "z": 0.19443047046661377
        }
      },
      "world_space": {
        "head": {
          "x": 0.538270890712738,
          "y": -0.19633333384990692,
          "z": 1.1727397441864014
        },
        "tail": {
          "x": 0.5440734028816223,
          "y": -0.23646096885204315,
          "z": 1.1442844867706299
        },
        "rotation_quaternion": {
          "w": 0.2705816924571991,
          "x": -0.9094990491867065,
          "y": -0.14741647243499756,
          "z": 0.2790440618991852
        },
        "matrix": [
          [
            0.8008055090904236,
            0.11714254319667816,
            -0.5873568654060364,
            0.538270890712738
          ],
          [
            0.4191587269306183,
            -0.8101083636283875,
            0.40991511940956116,
            -0.19633333384990692
          ],
          [
            -0.4278068244457245,
            -0.5744627714157104,
            -0.6978452801704407,
            1.1727397441864014
          ],
          [
            0.0,
            0.0,
            0.0,
            1.0
          ]
        ]
      },
      "bone_length_armature_space": 0.04953379658581827,
      "parent": "lowerarm_l",
      "has_children": true,
      "is_end_bone": false
    },
    "thumb_01_l": {
      "name": "thumb_01_l",
      "local": {
        "location": {
          "x": 0.0,
          "y": 0.0,
          "z": 0.0
        },
        "rotation_quaternion": {
          "w": 0.9973649978637695,
          "x": -0.0709611251950264,
          "y": -0.01257255394011736,
          "z": -0.008351944386959076
        },
        "scale": {
          "x": 1.0,
          "y": 1.0,
          "z": 1.0
        },
        "matrix_basis": [
          [
            0.9995443224906921,
            0.018444199115037918,
            -0.02389352396130562,
            0.0
          ],
          [
            -0.014875548891723156,
            0.9897895455360413,
            0.1417582929134369,
            0.0
          ],
          [
            0.02626417763531208,
            -0.1413382738828659,
            0.989612877368927,
            0.0
          ],
          [
            0.0,
            0.0,
            0.0,
            1.0
          ]
        ],
        "rotation_mode": "QUATERNION"
      },
      "armature_space": {
        "head": {
          "x": 0.5440734028816223,
          "y": -0.29970496892929077,
          "z": 0.19443047046661377
        },
        "tail": {
          "x": 0.5254172086715698,
          "y": -0.3115944564342499,
          "z": 0.1685611456632614
        }
      },
      "world_space": {
        "head": {
          "x": 0.5440734028816223,
          "y": -0.23646096885204315,
          "z": 1.1442844867706299
        },
        "tail": {
          "x": 0.5254172086715698,
          "y": -0.24835045635700226,
          "z": 1.118415117263794
        },
        "rotation_quaternion": {
          "w": 0.35464176535606384,
          "x": -0.790499746799469,
          "y": 0.4467456638813019,
          "z": -0.2230646163225174
        },
        "matrix": [
          [
            0.5013191103935242,
            -0.5480890870094299,
            0.6695353388786316,
            0.5440734028816223
          ],
          [
            -0.8645215034484863,
            -0.3492945432662964,
            0.3613801598548889,
            -0.23646096885204315
          ],
          [
            0.035796135663986206,
            -0.7600003480911255,
            -0.6489472389221191,
            1.1442844867706299
          ],
          [
            0.0,
            0.0,
            0.0,
            1.0
          ]
        ]
      },
      "bone_length_armature_space": 0.03403873479888466,
      "parent": "metacarpal_thumb_l",
      "has_children": true,
      "is_end_bone": false
    },
    "thumb_02_l": {
      "name": "thumb_02_l",
      "local": {
        "location": {
          "x": 0.0,
          "y": 0.0,
          "z": 0.0
        },
        "rotation_quaternion": {
          "w": 0.9973307251930237,
          "x": 0.07283129543066025,
          "y": -0.0049840835854411125,
          "z": 0.0014542251592501998
        },
        "scale": {
          "x": 1.0,
          "y": 1.0,
          "z": 1.0
        },
        "matrix_basis": [
          [
            0.999946117401123,
            -0.00362668139860034,
            -0.009729732759296894,
            0.0
          ],
          [
            0.00217469222843647,
            0.9893869757652283,
            -0.14528827369213104,
            0.0
          ],
          [
            0.010153385810554028,
            0.14525927603244781,
            0.9893414974212646,
            0.0
          ],
          [
            0.0,
            0.0,
            0.0,
            1.0
          ]
        ],
        "rotation_mode": "QUATERNION"
      },
      "armature_space": {
        "head": {
          "x": 0.525417149066925,
          "y": -0.3115944564342499,
          "z": 0.1685611754655838
        },
        "tail": {
          "x": 0.5485531091690063,
          "y": -0.3300105333328247,
          "z": 0.1413809210062027
        }
      },
      "world_space": {
        "head": {
          "x": 0.525417149066925,
          "y": -0.24835045635700226,
          "z": 1.1184152364730835
        },
        "tail": {
          "x": 0.5485531091690063,
          "y": -0.2667665481567383,
          "z": 1.0912349224090576
        },
        "rotation_quaternion": {
          "w": 0.5025049448013306,
          "x": -0.4843803644180298,
          "y": 0.13501563668251038,
          "z": -0.7033031582832336
        },
        "matrix": [
          [
            -0.025727171450853348,
            0.5760312080383301,
            0.8170227408409119,
            0.525417149066925
          ],
          [
            -0.8376243710517883,
            -0.45851725339889526,
            0.29689592123031616,
            -0.24835045635700226
          ],
          [
            0.5456437468528748,
            -0.6767250895500183,
            0.49429798126220703,
            1.1184152364730835
          ],
          [
            0.0,
            0.0,
            0.0,
            1.0
          ]
        ]
      },
      "bone_length_armature_space": 0.04016454589393694,
      "parent": "thumb_01_l",
      "has_children": true,
      "is_end_bone": false
    },
    "thumb_03_l": {
      "name": "thumb_03_l",
      "local": {
        "location": {
          "x": 0.0,
          "y": 0.0,
          "z": 0.0
        },
        "rotation_quaternion": {
          "w": 0.998150646686554,
          "x": 0.06048808991909027,
          "y": 0.005942696705460548,
          "z": -0.001142019871622324
        },
        "scale": {
          "x": 1.0,
          "y": 1.0,
          "z": 1.0
        },
        "matrix_basis": [
          [
            0.999926745891571,
            0.0029987404122948647,
            0.011725256219506264,
            0.0
          ],
          [
            -0.0015608910471200943,
            0.9926797747612,
            -0.12076602876186371,
            0.0
          ],
          [
            -0.01200157031416893,
            0.12073887884616852,
            0.9926117658615112,
            0.0
          ],
          [
            0.0,
            0.0,
            0.0,
            1.0
          ]
        ],
        "rotation_mode": "QUATERNION"
      },
      "armature_space": {
        "head": {
          "x": 0.5485529899597168,
          "y": -0.3300105929374695,
          "z": 0.14138095080852509
        },
        "tail": {
          "x": 0.5741375684738159,
          "y": -0.3366255760192871,
          "z": 0.12626254558563232
        }
      },
      "world_space": {
        "head": {
          "x": 0.5485529899597168,
          "y": -0.26676660776138306,
          "z": 1.0912349224090576
        },
        "tail": {
          "x": 0.5741375684738159,
          "y": -0.2733815908432007,
          "z": 1.0761165618896484
        },
        "rotation_quaternion": {
          "w": 0.6072927117347717,
          "x": -0.2240351438522339,
          "y": 0.1501884013414383,
          "z": -0.7472933530807495
        },
        "matrix": [
          [
            -0.1620059460401535,
            0.8403570055961609,
            0.517256498336792,
            0.5485529899597168
          ],
          [
            -0.9749463796615601,
            -0.21727745234966278,
            0.04764309525489807,
            -0.26676660776138306
          ],
          [
            0.15242578089237213,
            -0.496582567691803,
            0.8545095920562744,
            1.0912349224090576
          ],
          [
            0.0,
            0.0,
            0.0,
            1.0
          ]
        ]
      },
      "bone_length_armature_space": 0.030444947359343513,
      "parent": "thumb_02_l",
      "has_children": false,
      "is_end_bone": true
    },
    "metacarpal_index_l": {
      "name": "metacarpal_index_l",
      "local": {
        "location": {
          "x": 0.0,
          "y": 0.0,
          "z": 0.0
        },
        "rotation_quaternion": {
          "w": 0.9986859560012817,
          "x": -0.051008474081754684,
          "y": 0.0038821082562208176,
          "z": -0.003074632491916418
        },
        "scale": {
          "x": 1.0,
          "y": 1.0,
          "z": 1.0
        },
        "matrix_basis": [
          [
            0.9999509453773499,
            0.0057451436296105385,
            0.008067678660154343,
            0.0
          ],
          [
            -0.006537225563079119,
            0.9947773814201355,
            0.10185901820659637,
            0.0
          ],
          [
            -0.00744034955278039,
            -0.10190676897764206,
            0.994766116142273,
            0.0
          ],
          [
            0.0,
            0.0,
            0.0,
            1.0
          ]
        ],
        "rotation_mode": "QUATERNION"
      },
      "armature_space": {
        "head": {
          "x": 0.538270890712738,
          "y": -0.25957733392715454,
          "z": 0.22288571298122406
        },
        "tail": {
          "x": 0.5963467955589294,
          "y": -0.3368736505508423,
          "z": 0.15669086575508118
        }
      },
      "world_space": {
        "head": {
          "x": 0.538270890712738,
          "y": -0.19633333384990692,
          "z": 1.1727397441864014
        },
        "tail": {
          "x": 0.5963467955589294,
          "y": -0.27362966537475586,
          "z": 1.106544852256775
        },
        "rotation_quaternion": {
          "w": 0.1436234712600708,
          "x": -0.8016083240509033,
          "y": -0.3866911232471466,
          "z": 0.4327428936958313
        },
        "matrix": [
          [
            0.32640600204467773,
            0.4956476092338562,
            -0.8048555254936218,
            0.538270890712738
          ],
          [
            0.7442540526390076,
            -0.6596840023994446,
            -0.10441854596138,
            -0.19633333384990692
          ],
          [
            -0.582708477973938,
            -0.5649387240409851,
            -0.584216833114624,
            1.1727397441864014
          ],
          [
            0.0,
            0.0,
            0.0,
            1.0
          ]
        ]
      },
      "bone_length_armature_space": 0.1171720494575387,
      "parent": "lowerarm_l",
      "has_children": true,
      "is_end_bone": false
    },
    "index_01_l": {
      "name": "index_01_l",
      "local": {
        "location": {
          "x": 0.0,
          "y": 0.0,
          "z": 0.0
        },
        "rotation_quaternion": {
          "w": 0.9956492185592651,
          "x": -0.09084030240774155,
          "y": -0.014072516933083534,
          "z": 0.015257586725056171
        },
        "scale": {
          "x": 1.0,
          "y": 1.0,
          "z": 1.0
        },
        "matrix_basis": [
          [
            0.999138355255127,
            -0.02782570570707321,
            -0.03079458884894848,
            0.0
          ],
          [
            0.032939113676548004,
            0.9830304980278015,
            0.18046072125434875,
            0.0
          ],
          [
            0.025250572711229324,
            -0.18131957948207855,
            0.9830999970436096,
            0.0
          ],
          [
            0.0,
            0.0,
            0.0,
            1.0
          ]
        ],
        "rotation_mode": "QUATERNION"
      },
      "armature_space": {
        "head": {
          "x": 0.5963467955589294,
          "y": -0.3368736505508423,
          "z": 0.15669086575508118
        },
        "tail": {
          "x": 0.6190173625946045,
          "y": -0.34649941325187683,
          "z": 0.14232206344604492
        }
      },
      "world_space": {
        "head": {
          "x": 0.5963467955589294,
          "y": -0.27362966537475586,
          "z": 1.106544852256775
        },
        "tail": {
          "x": 0.6190173625946045,
          "y": -0.283255398273468,
          "z": 1.092176079750061
        },
        "rotation_quaternion": {
          "w": 0.09124240279197693,
          "x": -0.7514135837554932,
          "y": -0.5682311058044434,
          "z": 0.32274770736694336
        },
        "matrix": [
          [
            0.14589273929595947,
            0.7950575351715088,
            -0.5887263417243958,
            0.5963467955589294
          ],
          [
            0.9128493666648865,
            -0.3375755548477173,
            -0.22967195510864258,
            -0.27362966537475586
          ],
          [
            -0.381343811750412,
            -0.5039147138595581,
            -0.7750232815742493,
            1.106544852256775
          ],
          [
            0.0,
            0.0,
            0.0,
            1.0
          ]
        ]
      },
      "bone_length_armature_space": 0.028514424579032915,
      "parent": "metacarpal_index_l",
      "has_children": true,
      "is_end_bone": false
    },
    "index_02_l": {
      "name": "index_02_l",
      "local": {
        "location": {
          "x": 0.0,
          "y": 0.0,
          "z": 0.0
        },
        "rotation_quaternion": {
          "w": 0.9997372627258301,
          "x": 0.022429168224334717,
          "y": -0.00254795141518116,
          "z": 0.003987060859799385
        },
        "scale": {
          "x": 1.0,
          "y": 1.0,
          "z": 1.0
        },
        "matrix_basis": [
          [
            0.9999552369117737,
            -0.008086323738098145,
            -0.0049157110042870045,
            0.0
          ],
          [
            0.0078577296808362,
            0.9989620447158813,
            -0.04486686736345291,
            0.0
          ],
          [
            0.005273416638374329,
            0.04482623189687729,
            0.9989808797836304,
            0.0
          ],
          [
            0.0,
            0.0,
            0.0,
            1.0
          ]
        ],
        "rotation_mode": "QUATERNION"
      },
      "armature_space": {
        "head": {
          "x": 0.6190174221992493,
          "y": -0.34649980068206787,
          "z": 0.14232172071933746
        },
        "tail": {
          "x": 0.6393377184867859,
          "y": -0.3547438681125641,
          "z": 0.12900957465171814
        }
      },
      "world_space": {
        "head": {
          "x": 0.6190174221992493,
          "y": -0.28325581550598145,
          "z": 1.0921757221221924
        },
        "tail": {
          "x": 0.6393377184867859,
          "y": -0.2914998531341553,
          "z": 1.0788636207580566
        },
        "rotation_quaternion": {
          "w": 0.07763999700546265,
          "x": -0.7332161664962769,
          "y": -0.5773118138313293,
          "z": 0.35082370042800903
        },
        "matrix": [
          [
            0.08726553618907928,
            0.7921140193939209,
            -0.6041026711463928,
            0.6190174221992493
          ],
          [
            0.9010642170906067,
            -0.3213649094104767,
            -0.29121851921081543,
            -0.28325581550598145
          ],
          [
            -0.4248178005218506,
            -0.518925666809082,
            -0.7417953014373779,
            1.0921757221221924
          ],
          [
            0.0,
            0.0,
            0.0,
            1.0
          ]
        ]
      },
      "bone_length_armature_space": 0.025653310153428692,
      "parent": "index_01_l",
      "has_children": true,
      "is_end_bone": false
    },
    "index_03_l": {
      "name": "index_03_l",
      "local": {
        "location": {
          "x": 0.0,
          "y": 0.0,
          "z": 0.0
        },
        "rotation_quaternion": {
          "w": 0.9999014139175415,
          "x": 0.013751099817454815,
          "y": -0.001416424522176385,
          "z": -0.0024812151677906513
        },
        "scale": {
          "x": 1.0,
          "y": 1.0,
          "z": 1.0
        },
        "matrix_basis": [
          [
            0.9999836683273315,
            0.004922986496239901,
            -0.002900808583945036,
            0.0
          ],
          [
            -0.005000895820558071,
            0.9996095299720764,
            -0.0274924598634243,
            0.0
          ],
          [
            0.002764330944046378,
            0.027506517246365547,
            0.9996178150177002,
            0.0
          ],
          [
            0.0,
            0.0,
            0.0,
            1.0
          ]
        ],
        "rotation_mode": "QUATERNION"
      },
      "armature_space": {
        "head": {
          "x": 0.6393377780914307,
          "y": -0.3547438383102417,
          "z": 0.12900970876216888
        },
        "tail": {
          "x": 0.6604369878768921,
          "y": -0.36243945360183716,
          "z": 0.11031915992498398
        }
      },
      "world_space": {
        "head": {
          "x": 0.6393377780914307,
          "y": -0.2914998531341553,
          "z": 1.0788637399673462
        },
        "tail": {
          "x": 0.6604369878768921,
          "y": -0.29919546842575073,
          "z": 1.0601731538772583
        },
        "rotation_quaternion": {
          "w": 0.15675441920757294,
          "x": -0.7108702063560486,
          "y": -0.5862914323806763,
          "z": 0.3554631173610687
        },
        "matrix": [
          [
            0.059814054518938065,
            0.7221144437789917,
            -0.6891828179359436,
            0.6393377780914307
          ],
          [
            0.9449948668479919,
            -0.2633795738220215,
            -0.19394901394844055,
            -0.2914998531341553
          ],
          [
            -0.321571409702301,
            -0.6396779417991638,
            -0.6981534361839294,
            1.0788637399673462
          ],
          [
            0.0,
            0.0,
            0.0,
            1.0
          ]
        ]
      },
      "bone_length_armature_space": 0.029218757002250035,
      "parent": "index_02_l",
      "has_children": false,
      "is_end_bone": true
    },
    "metacarpal_pinky_l": {
      "name": "metacarpal_pinky_l",
      "local": {
        "location": {
          "x": 0.0,
          "y": 0.0,
          "z": 0.0
        },
        "rotation_quaternion": {
          "w": 0.9997038841247559,
          "x": -0.022109372541308403,
          "y": 0.0022619194351136684,
          "z": 0.009916790761053562
        },
        "scale": {
          "x": 1.0,
          "y": 1.0,
          "z": 1.0
        },
        "matrix_basis": [
          [
            0.9997930526733398,
            -0.019927727058529854,
            0.004083991050720215,
            0.0
          ],
          [
            0.019727690145373344,
            0.9988256692886353,
            0.04425051435828209,
            0.0
          ],
          [
            -0.00496100727468729,
            -0.044160790741443634,
            0.9990121126174927,
            0.0
          ],
          [
            0.0,
            0.0,
            0.0,
            1.0
          ]
        ],
        "rotation_mode": "QUATERNION"
      },
      "armature_space": {
        "head": {
          "x": 0.538270890712738,
          "y": -0.25957733392715454,
          "z": 0.22288571298122406
        },
        "tail": {
          "x": 0.6199815273284912,
          "y": -0.2758529782295227,
          "z": 0.16042175889015198
        }
      },
      "world_space": {
        "head": {
          "x": 0.538270890712738,
          "y": -0.19633333384990692,
          "z": 1.1727397441864014
        },
        "tail": {
          "x": 0.6199815273284912,
          "y": -0.21260897815227509,
          "z": 1.1102757453918457
        },
        "rotation_quaternion": {
          "w": 0.5141924023628235,
          "x": 0.003472696989774704,
          "y": 0.3968066871166229,
          "z": -0.7603543400764465
        },
        "matrix": [
          [
            -0.4711862802505493,
            0.7846925854682922,
            0.4027913808822632,
            0.538270890712738
          ],
          [
            -0.779183030128479,
            -0.15630008280277252,
            -0.6069962382316589,
            -0.19633333384990692
          ],
          [
            -0.41335272789001465,
            -0.5998607873916626,
            0.6850697994232178,
            1.1727397441864014
          ],
          [
            0.0,
            0.0,
            0.0,
            1.0
          ]
        ]
      },
      "bone_length_armature_space": 0.10413102571514746,
      "parent": "lowerarm_l",
      "has_children": true,
      "is_end_bone": false
    },
    "pinky_01_l": {
      "name": "pinky_01_l",
      "local": {
        "location": {
          "x": 0.0,
          "y": 0.0,
          "z": 0.0
        },
        "rotation_quaternion": {
          "w": 0.9930529594421387,
          "x": -0.11690738052129745,
          "y": 0.001229578978382051,
          "z": 0.013306183740496635
        },
        "scale": {
          "x": 1.0,
          "y": 1.0,
          "z": 1.0
        },
        "matrix_basis": [
          [
            0.9996428489685059,
            -0.026714984327554703,
            -0.0006691080634482205,
            0.0
          ],
          [
            0.026139996945858,
            0.9723111987113953,
            0.23222316801548004,
            0.0
          ],
          [
            -0.005553256254643202,
            -0.23215772211551666,
            0.9726623296737671,
            0.0
          ],
          [
            0.0,
            0.0,
            0.0,
            1.0
          ]
        ],
        "rotation_mode": "QUATERNION"
      },
      "armature_space": {
        "head": {
          "x": 0.6199815273284912,
          "y": -0.2758529782295227,
          "z": 0.16042175889015198
        },
