{
  "metadata": {
    "armature_name": "KIM_caucasian_male",
    "export_time": "2026-01-13T21:02:36.387892",
    "blender_version": "4.4.1",
    "bone_count": 56,
    "end_bone_count": 13,
    "spaces_included": [
      "LOCAL_CHANNELS",
      "ARMATURE_SPACE",
      "WORLD_SPACE"
    ],
    "note": "LOCAL matches Transform panel; replay pose via local.matrix_basis for best fidelity."
  },
  "bones": {
    "Root": {
      "name": "Root",
      "local": {
        "location": {
          "x": 0.0,
          "y": 0.0,
          "z": 0.0
        },
        "rotation_quaternion": {
          "w": 0.9997320175170898,
          "x": -0.014311887323856354,
          "y": 0.011761363595724106,
          "z": -0.01389069389551878
        },
        "scale": {
          "x": 1.0,
          "y": 1.0,
          "z": 1.0
        },
        "matrix_basis": [
          [
            0.9993374347686768,
            0.02743728831410408,
            0.023914027959108353,
            0.0
          ],
          [
            -0.028110597282648087,
            0.9992044568061829,
            0.02828935720026493,
            0.0
          ],
          [
            -0.023118820041418076,
            -0.028942851349711418,
            0.9993136525154114,
            0.0
          ],
          [
            0.0,
            0.0,
            0.0,
            1.0
          ]
        ],
        "rotation_mode": "QUATERNION"
      },
      "armature_space": {
        "head": {
          "x": 0.0,
          "y": 0.07072800397872925,
          "z": -0.009595036506652832
        },
        "tail": {
          "x": 0.0019583601970225573,
          "y": 0.0003339722752571106,
          "z": 0.0020394502207636833
        }
      },
      "world_space": {
        "head": {
          "x": 0.0,
          "y": 0.13397200405597687,
          "z": 0.9402589797973633
        },
        "tail": {
          "x": 0.0019583601970225573,
          "y": 0.06357797235250473,
          "z": 0.9518934488296509
        },
        "rotation_quaternion": {
          "w": 0.08162897080183029,
          "x": 0.9964966773986816,
          "y": 0.014651477336883545,
          "z": 0.010798858478665352
        },
        "matrix": [
          [
            0.9993374347686768,
            0.02743728831410408,
            0.023914027959108353,
            0.0
          ],
          [
            0.030963297933340073,
            -0.9862440824508667,
            -0.1623699963092804,
            0.13397200405597687
          ],
          [
            0.01913023740053177,
            0.1630030870437622,
            -0.9864470958709717,
            0.9402589797973633
          ],
          [
            0.0,
            0.0,
            0.0,
            1.0
          ]
        ]
      },
      "bone_length_armature_space": 0.07137587924104996,
      "parent": null,
      "has_children": true,
      "is_end_bone": false
    },
    "spine_01": {
      "name": "spine_01",
      "local": {
        "location": {
          "x": 0.0,
          "y": 0.0,
          "z": 0.0
        },
        "rotation_quaternion": {
          "w": 0.9969063997268677,
          "x": -0.0456383116543293,
          "y": -0.05830928310751915,
          "z": -0.0263619776815176
        },
        "scale": {
          "x": 1.0,
          "y": 1.0,
          "z": 1.0
        },
        "matrix_basis": [
          [
            0.991810142993927,
            0.0578831247985363,
            -0.11385156214237213,
            0.0
          ],
          [
            -0.04723857343196869,
            0.9944443702697754,
            0.09406854957342148,
            0.0
          ],
          [
            0.11866402626037598,
            -0.08791995048522949,
            0.9890343546867371,
            0.0
          ],
          [
            0.0,
            0.0,
            0.0,
            1.0
          ]
        ],
        "rotation_mode": "QUATERNION"
      },
      "armature_space": {
        "head": {
          "x": 0.0019583601970225573,
          "y": 0.0003339722752571106,
          "z": 0.0020394502207636833
        },
        "tail": {
          "x": 0.01853484846651554,
          "y": 0.08036011457443237,
          "z": 0.48315224051475525
        }
      },
      "world_space": {
        "head": {
          "x": 0.0019583601970225573,
          "y": 0.06357797235250473,
          "z": 0.9518934488296509
        },
        "tail": {
          "x": 0.01853484846651554,
          "y": 0.14360411465168,
          "z": 1.4330062866210938
        },
        "rotation_quaternion": {
          "w": 0.7625637650489807,
          "x": 0.6452325582504272,
          "y": -0.022138113155961037,
          "z": -0.04100416600704193
        },
        "matrix": [
          [
            0.9956570863723755,
            0.03396812826395035,
            -0.08667807281017303,
            0.0019583601970225573
          ],
          [
            -0.09110525250434875,
            0.16398757696151733,
            -0.9822465181350708,
            0.06357797235250473
          ],
          [
            -0.01915115676820278,
            0.9858843684196472,
            0.16637033224105835,
            0.9518934488296509
          ],
          [
            0.0,
            0.0,
            0.0,
            1.0
          ]
        ]
      },
      "bone_length_armature_space": 0.48800458529562424,
      "parent": "Root",
      "has_children": true,
      "is_end_bone": false
    },
    "neck_01": {
      "name": "neck_01",
      "local": {
        "location": {
          "x": 0.0,
          "y": 0.0,
          "z": 0.0
        },
        "rotation_quaternion": {
          "w": 0.9919790029525757,
          "x": -0.09924876689910889,
          "y": -0.0018493295647203922,
          "z": 0.07825590670108795
        },
        "scale": {
          "x": 1.0,
          "y": 1.0,
          "z": 1.0
        },
        "matrix_basis": [
          [
            0.9877451658248901,
            -0.15488934516906738,
            -0.019202597439289093,
            0.0
          ],
          [
            0.15562352538108826,
            0.9680513739585876,
            0.19661594927310944,
            0.0
          ],
          [
            -0.011864611878991127,
            -0.19719482958316803,
            0.9802924990653992,
            0.0
          ],
          [
            0.0,
            0.0,
            0.0,
            1.0
          ]
        ],
        "rotation_mode": "QUATERNION"
      },
      "armature_space": {
        "head": {
          "x": 0.01801590994000435,
          "y": 0.05830228701233864,
          "z": 0.5611069202423096
        },
        "tail": {
          "x": 0.003975322470068932,
          "y": 0.0574217326939106,
          "z": 0.6626591682434082
        }
      },
      "world_space": {
        "head": {
          "x": 0.01801590994000435,
          "y": 0.12154628336429596,
          "z": 1.5109609365463257
        },
        "tail": {
          "x": 0.003975322470068932,
          "y": 0.12066572904586792,
          "z": 1.6125131845474243
        },
        "rotation_quaternion": {
          "w": 0.6984707713127136,
          "x": 0.7100920677185059,
          "y": -0.08856593817472458,
          "z": 0.007998071610927582
        },
        "matrix": [
          [
            0.9841841459274292,
            -0.13695283234119415,
            -0.11236359924077988,
            0.01801590994000435
          ],
          [
            -0.11460797488689423,
            -0.008588984608650208,
            -0.9933738708496094,
            0.12154628336429596
          ],
          [
            0.13508105278015137,
            0.9905471205711365,
            -0.02415008842945099,
            1.5109609365463257
          ],
          [
            0.0,
            0.0,
            0.0,
            1.0
          ]
        ]
      },
      "bone_length_armature_space": 0.10252205832771623,
      "parent": "spine_01",
      "has_children": true,
      "is_end_bone": false
    },
    "head": {
      "name": "head",
      "local": {
        "location": {
          "x": 0.0,
          "y": 0.0,
          "z": 0.0
        },
        "rotation_quaternion": {
          "w": 0.991792619228363,
          "x": 0.06403959542512894,
          "y": 0.0662941262125969,
          "z": 0.08860839903354645
        },
        "scale": {
          "x": 1.0,
          "y": 1.0,
          "z": 1.0
        },
        "matrix_basis": [
          [
            0.9755072593688965,
            -0.1672714203596115,
            0.142848938703537,
            0.0
          ],
          [
            0.18425321578979492,
            0.9760949611663818,
            -0.11527956277132034,
            0.0
          ],
          [
            -0.12015115469694138,
            0.13877642154693604,
            0.9830080270767212,
            0.0
          ],
          [
            0.0,
            0.0,
            0.0,
            1.0
          ]
        ],
        "rotation_mode": "QUATERNION"
      },
      "armature_space": {
        "head": {
          "x": 0.003975315950810909,
          "y": 0.05742157623171806,
          "z": 0.6626590490341187
        },
        "tail": {
          "x": -0.03820216655731201,
          "y": 0.09362898766994476,
          "z": 0.8074463605880737
        }
      },
      "world_space": {
        "head": {
          "x": 0.003975315950810909,
          "y": 0.12066558003425598,
          "z": 1.6125130653381348
        },
        "tail": {
          "x": -0.03820216655731201,
          "y": 0.15687298774719238,
          "z": 1.7573003768920898
        },
        "rotation_quaternion": {
          "w": 0.780589759349823,
          "x": 0.6097791194915771,
          "y": -0.08607783168554306,
          "z": 0.10695592314004898
        },
        "matrix": [
          [
            0.9623021483421326,
            -0.2719545066356659,
            -0.003942519426345825,
            0.003975315950810909
          ],
          [
            0.062002137303352356,
            0.23346033692359924,
            -0.9703876972198486,
            0.12066558003425598
          ],
          [
            0.2648235857486725,
            0.9335682392120361,
            0.24152183532714844,
            1.6125130653381348
          ],
          [
            0.0,
            0.0,
            0.0,
            1.0
          ]
        ]
      },
      "bone_length_armature_space": 0.15509120538578988,
      "parent": "neck_01",
      "has_children": false,
      "is_end_bone": true
    },
    "upperarm_l": {
      "name": "upperarm_l",
      "local": {
        "location": {
          "x": 0.0,
          "y": 0.0,
          "z": 0.0
        },
        "rotation_quaternion": {
          "w": 0.8548986911773682,
          "x": -0.044252317398786545,
          "y": 0.5140700340270996,
          "z": -0.05405670776963234
        },
        "scale": {
          "x": 1.0,
          "y": 1.0,
          "z": 1.0
        },
        "matrix_basis": [
          [
            0.4656197428703308,
            0.04692843556404114,
            0.8837398886680603,
            0.0
          ],
          [
            -0.13792359828948975,
            0.9902392029762268,
            0.020084628835320473,
            0.0
          ],
          [
            -0.8741713166236877,
            -0.1312403678894043,
            0.4675474762916565,
            0.0
          ],
          [
            0.0,
            0.0,
            0.0,
            1.0
          ]
        ],
        "rotation_mode": "QUATERNION"
      },
      "armature_space": {
        "head": {
          "x": 0.16480512917041779,
          "y": 0.030482757836580276,
          "z": 0.4925057888031006
        },
        "tail": {
          "x": 0.4304790496826172,
          "y": 0.04861664026975632,
          "z": 0.4625697433948517
        }
      },
      "world_space": {
        "head": {
          "x": 0.16480512917041779,
          "y": 0.0937267541885376,
          "z": 1.4423598051071167
        },
        "tail": {
          "x": 0.4304790496826172,
          "y": 0.11186064034700394,
          "z": 1.4124237298965454
        },
        "rotation_quaternion": {
          "w": 0.1861259639263153,
          "x": 0.6366099119186401,
          "y": 0.7065367102622986,
          "z": -0.24676097929477692
        },
        "matrix": [
          [
            -0.12016896903514862,
            0.9914336800575256,
            -0.05117395520210266,
            0.16480512917041779
          ],
          [
            0.8077196478843689,
            0.06767145544290543,
            -0.5856707096099854,
            0.0937267541885376
          ],
          [
            -0.5771937370300293,
            -0.11171438544988632,
            -0.8089384436607361,
            1.4423598051071167
          ],
          [
            0.0,
            0.0,
            0.0,
            1.0
          ]
        ]
      },
      "bone_length_armature_space": 0.26796949019786864,
      "parent": "spine_01",
      "has_children": true,
      "is_end_bone": false
    },
    "lowerarm_l": {
      "name": "lowerarm_l",
      "local": {
        "location": {
          "x": 0.0,
          "y": 0.0,
          "z": 0.0
        },
        "rotation_quaternion": {
          "w": 0.931455135345459,
          "x": 0.25460338592529297,
          "y": -0.14384432137012482,
          "z": 0.21651165187358856
        },
        "scale": {
          "x": 1.0,
          "y": 1.0,
          "z": 1.0
        },
        "matrix_basis": [
          [
            0.8648630380630493,
            -0.47658827900886536,
            -0.15771986544132233,
            0.0
          ],
          [
            0.3300952911376953,
            0.776599645614624,
            -0.5365912318229675,
            0.0
          ],
          [
            0.37821826338768005,
            0.41201531887054443,
            0.8289718627929688,
            0.0
          ],
          [
            0.0,
            0.0,
            0.0,
            1.0
          ]
        ],
        "rotation_mode": "QUATERNION"
      },
      "armature_space": {
        "head": {
          "x": 0.43047910928726196,
          "y": 0.048616521060466766,
          "z": 0.4625697731971741
        },
        "tail": {
          "x": 0.6270175576210022,
          "y": -0.13142123818397522,
          "z": 0.43958231806755066
        }
      },
      "world_space": {
        "head": {
          "x": 0.43047910928726196,
          "y": 0.11186052113771439,
          "z": 1.412423849105835
        },
        "tail": {
          "x": 0.6270175576210022,
          "y": -0.0681772381067276,
          "z": 1.3894363641738892
        },
        "rotation_quaternion": {
          "w": 0.19003811478614807,
          "x": 0.7519024014472961,
          "y": 0.35692644119262695,
          "z": -0.5207032561302185
        },
        "matrix": [
          [
            0.20294223725795746,
            0.7346559166908264,
            -0.6473755240440369,
            0.43047910928726196
          ],
          [
            0.3388408124446869,
            -0.6729767322540283,
            -0.6574874520301819,
            0.11186052113771439
          ],
          [
            -0.9187016487121582,
            -0.08592650294303894,
            -0.38551005721092224,
            1.412423849105835
          ],
          [
            0.0,
            0.0,
            0.0,
            1.0
          ]
        ]
      },
      "bone_length_armature_space": 0.26752454332590403,
      "parent": "upperarm_l",
      "has_children": true,
      "is_end_bone": false
    },
    "metacarpal_thumb_l": {
      "name": "metacarpal_thumb_l",
      "local": {
        "location": {
          "x": 0.0,
          "y": 0.0,
          "z": 0.0
        },
        "rotation_quaternion": {
          "w": 0.998345673084259,
          "x": -0.05726854130625725,
          "y": 0.0013326983898878098,
          "z": -0.004942927975207567
        },
        "scale": {
          "x": 1.0,
          "y": 1.0,
          "z": 1.0
        },
        "matrix_basis": [
          [
            0.9999476075172424,
            0.00971685815602541,
            0.0032271358650177717,
            0.0
          ],
          [
            -0.010022144764661789,
            0.993391752243042,
            0.11433442682027817,
            0.0
          ],
          [
            -0.0020948387682437897,
            -0.11436077207326889,
            0.9934370517730713,
            0.0
          ],
          [
            0.0,
            0.0,
            0.0,
            1.0
          ]
        ],
        "rotation_mode": "QUATERNION"
      },
      "armature_space": {
        "head": {
          "x": 0.6270175576210022,
          "y": -0.13142123818397522,
          "z": 0.43958231806755066
        },
        "tail": {
          "x": 0.6385259032249451,
          "y": -0.1762145757675171,
          "z": 0.42184239625930786
        }
      },
      "world_space": {
        "head": {
          "x": 0.6270175576210022,
          "y": -0.0681772381067276,
          "z": 1.3894363641738892
        },
        "tail": {
          "x": 0.6385259032249451,
          "y": -0.11297057569026947,
          "z": 1.3716964721679688
        },
        "rotation_quaternion": {
          "w": 0.19310300052165985,
          "x": -0.9721402525901794,
          "y": -0.1027660146355629,
          "z": -0.08422443270683289
        },
        "matrix": [
          [
            0.9646908044815063,
            0.23233391344547272,
            0.12406665086746216,
            0.6270175576210022
          ],
          [
            0.16727834939956665,
            -0.9043009281158447,
            0.3927568793296814,
            -0.0681772381067276
          ],
          [
            0.2034459412097931,
            -0.3581385016441345,
            -0.9112411737442017,
            1.3894363641738892
          ],
          [
            0.0,
            0.0,
            0.0,
            1.0
          ]
        ]
      },
      "bone_length_armature_space": 0.04953372398599887,
      "parent": "lowerarm_l",
      "has_children": true,
      "is_end_bone": false
    },
    "thumb_01_l": {
      "name": "thumb_01_l",
      "local": {
        "location": {
          "x": 0.0,
          "y": 0.0,
          "z": 0.0
        },
        "rotation_quaternion": {
          "w": 0.9816274642944336,
          "x": 0.19028127193450928,
          "y": -0.01058765035122633,
          "z": 0.00941241905093193
        },
        "scale": {
          "x": 1.0,
          "y": 1.0,
          "z": 1.0
        },
        "matrix_basis": [
          [
            0.9995986223220825,
            -0.02250824123620987,
            -0.017204241827130318,
            0.0
          ],
          [
            0.014449714682996273,
            0.9274088740348816,
            -0.37376996874809265,
            0.0
          ],
          [
            0.024368271231651306,
            0.37337133288383484,
            0.9273619055747986,
            0.0
          ],
          [
            0.0,
            0.0,
            0.0,
            1.0
          ]
        ],
        "rotation_mode": "QUATERNION"
      },
      "armature_space": {
        "head": {
          "x": 0.6385259032249451,
          "y": -0.1762145757675171,
          "z": 0.42184239625930786
        },
        "tail": {
          "x": 0.655072808265686,
          "y": -0.18420201539993286,
          "z": 0.3931886553764343
        }
      },
      "world_space": {
        "head": {
          "x": 0.6385259032249451,
          "y": -0.11297057569026947,
          "z": 1.3716964721679688
        },
        "tail": {
          "x": 0.655072808265686,
          "y": -0.12095801532268524,
          "z": 1.3430426120758057
        },
        "rotation_quaternion": {
          "w": 0.571804404258728,
          "x": -0.4790084958076477,
          "y": 0.23602911829948425,
          "z": -0.622800886631012
        },
        "matrix": [
          [
            0.11282102018594742,
            0.48612216114997864,
            0.866577684879303,
            0.6385259032249451
          ],
          [
            -0.9383602142333984,
            -0.2346584051847458,
            0.25380241870880127,
            -0.11297057569026947
          ],
          [
            0.3267301023006439,
            -0.8418022990226746,
            0.4296865165233612,
            1.3716964721679688
          ],
          [
            0.0,
            0.0,
            0.0,
            1.0
          ]
        ]
      },
      "bone_length_armature_space": 0.03403874463162386,
      "parent": "metacarpal_thumb_l",
      "has_children": true,
      "is_end_bone": false
    },
    "thumb_02_l": {
      "name": "thumb_02_l",
      "local": {
        "location": {
          "x": 0.0,
          "y": 0.0,
          "z": 0.0
        },
        "rotation_quaternion": {
          "w": 0.9335273504257202,
          "x": 0.35838380455970764,
          "y": 0.005826686508953571,
          "z": -0.007345445919781923
        },
        "scale": {
          "x": 1.0,
          "y": 1.0,
          "z": 1.0
        },
        "matrix_basis": [
          [
            0.9998241662979126,
            0.017890729010105133,
            0.005613764747977257,
            0.0
          ],
          [
            -0.009537968784570694,
            0.7430141568183899,
            -0.669207751750946,
            0.0
          ],
          [
            -0.016143720597028732,
            0.6690365672111511,
            0.743054211139679,
            0.0
          ],
          [
            0.0,
            0.0,
            0.0,
            1.0
          ]
        ],
        "rotation_mode": "QUATERNION"
      },
      "armature_space": {
        "head": {
          "x": 0.6550727486610413,
          "y": -0.18420198559761047,
          "z": 0.39318862557411194
        },
        "tail": {
          "x": 0.6787344813346863,
          "y": -0.19987255334854126,
          "z": 0.421609491109848
        }
      },
      "world_space": {
        "head": {
          "x": 0.6550727486610413,
          "y": -0.12095798552036285,
          "z": 1.3430426120758057
        },
        "tail": {
          "x": 0.6787344813346863,
          "y": -0.13662855327129364,
          "z": 1.3714635372161865
        },
        "rotation_quaternion": {
          "w": 0.433944433927536,
          "x": 0.1736312061548233,
          "y": -0.34148433804512024,
          "z": -0.8154342174530029
        },
        "matrix": [
          [
            -0.5630875825881958,
            0.5891220569610596,
            -0.5795409679412842,
            0.6550727486610413
          ],
          [
            -0.8262919783592224,
            -0.39016053080558777,
            0.40622222423553467,
            -0.12095798552036285
          ],
          [
            0.013199767097830772,
            0.7076132893562317,
            0.7064866423606873,
            1.3430426120758057
          ],
          [
            0.0,
            0.0,
            0.0,
            1.0
          ]
        ]
      },
      "bone_length_armature_space": 0.04016453538701877,
      "parent": "thumb_01_l",
      "has_children": true,
      "is_end_bone": false
    },
    "thumb_03_l": {
      "name": "thumb_03_l",
      "local": {
        "location": {
          "x": 0.0,
          "y": 0.0,
          "z": 0.0
        },
        "rotation_quaternion": {
          "w": 0.9825106263160706,
          "x": 0.18614524602890015,
          "y": -6.665052933385596e-05,
          "z": 0.004795527085661888
        },
        "scale": {
          "x": 1.0,
          "y": 1.0,
          "z": 1.0
        },
        "matrix_basis": [
          [
            0.9999539852142334,
            -0.009448125958442688,
            0.0016543593956157565,
            0.0
          ],
          [
            0.009398499503731728,
            0.9306539297103882,
            -0.3657799959182739,
            0.0
          ],
          [
            0.0019162988755851984,
            0.36577871441841125,
            0.93069988489151,
            0.0
          ],
          [
            0.0,
            0.0,
            0.0,
            1.0
          ]
        ],
        "rotation_mode": "QUATERNION"
      },
      "armature_space": {
        "head": {
          "x": 0.6787344813346863,
          "y": -0.19987261295318604,
          "z": 0.42160943150520325
        },
        "tail": {
          "x": 0.6832492351531982,
          "y": -0.20182961225509644,
          "z": 0.45165425539016724
        }
      },
      "world_space": {
        "head": {
          "x": 0.6787344813346863,
          "y": -0.13662861287593842,
          "z": 1.371463418006897
        },
        "tail": {
          "x": 0.6832492351531982,
          "y": -0.13858561217784882,
          "z": 1.4015083312988281
        },
        "rotation_quaternion": {
          "w": 0.48100534081459045,
          "x": 0.4302210807800293,
          "y": -0.48630571365356445,
          "z": -0.5891098976135254
        },
        "matrix": [
          [
            -0.1670871078968048,
            0.14829286932945251,
            -0.9747263193130493,
            0.6787344813346863
          ],
          [
            -0.9851681590080261,
            -0.06428010016679764,
            0.15909749269485474,
            -0.13662861287593842
          ],
          [
            -0.03906365856528282,
            0.9868593215942383,
            0.15683501958847046,
            1.371463418006897
          ],
          [
            0.0,
            0.0,
            0.0,
            1.0
          ]
        ]
      },
      "bone_length_armature_space": 0.030445103006932615,
      "parent": "thumb_02_l",
      "has_children": false,
      "is_end_bone": true
    },
    "metacarpal_index_l": {
      "name": "metacarpal_index_l",
      "local": {
        "location": {
          "x": 0.0,
          "y": 0.0,
          "z": 0.0
        },
        "rotation_quaternion": {
          "w": 0.9995561242103577,
          "x": -0.02517595887184143,
          "y": -0.003206294495612383,
          "z": 0.015603575855493546
        },
        "scale": {
          "x": 1.0,
          "y": 1.0,
          "z": 1.0
        },
        "matrix_basis": [
          [
            0.9994924664497375,
            -0.031031856313347816,
            -0.0071954126469790936,
            0.0
          ],
          [
            0.031354743987321854,
            0.9982454180717468,
            0.0502295084297657,
            0.0
          ],
          [
            0.005624072626233101,
            -0.05042962729930878,
            0.9987117648124695,
            0.0
          ],
          [
            0.0,
            0.0,
            0.0,
            1.0
          ]
        ],
        "rotation_mode": "QUATERNION"
      },
      "armature_space": {
        "head": {
          "x": 0.6270175576210022,
          "y": -0.13142123818397522,
          "z": 0.43958231806755066
        },
        "tail": {
          "x": 0.68602454662323,
          "y": -0.23016569018363953,
          "z": 0.4172901213169098
        }
      },
      "world_space": {
        "head": {
          "x": 0.6270175576210022,
          "y": -0.0681772381067276,
          "z": 1.3894363641738892
        },
        "tail": {
          "x": 0.68602454662323,
          "y": -0.1669216901063919,
          "z": 1.3671441078186035
        },
        "rotation_quaternion": {
          "w": 0.054896652698516846,
          "x": -0.9469718933105469,
          "y": -0.27499109506607056,
          "z": 0.15687744319438934
        },
        "matrix": [
          [
            0.7995384335517883,
            0.5035938024520874,
            -0.3273092806339264,
            0.6270175576210022
          ],
          [
            0.538041889667511,
            -0.8427327871322632,
            0.0176902636885643,
            -0.0681772381067276
          ],
          [
            -0.26692691445350647,
            -0.19025227427482605,
            -0.9447582960128784,
            1.3894363641738892
          ],
          [
            0.0,
            0.0,
            0.0,
            1.0
          ]
        ]
      },
      "bone_length_armature_space": 0.11717181175243643,
      "parent": "lowerarm_l",
      "has_children": true,
      "is_end_bone": false
    },
    "index_01_l": {
      "name": "index_01_l",
      "local": {
        "location": {
          "x": 0.0,
          "y": 0.0,
          "z": 0.0
        },
        "rotation_quaternion": {
          "w": 0.9738346338272095,
          "x": 0.2263966053724289,
          "y": -0.018718333914875984,
          "z": 0.006357385776937008
        },
        "scale": {
          "x": 1.0,
          "y": 1.0,
          "z": 1.0
        },
        "matrix_basis": [
          [
            0.9992184042930603,
            -0.020857619121670723,
            -0.0335785411298275,
            0.0
          ],
          [
            0.0039065503515303135,
            0.8974083065986633,
            -0.4411837160587311,
            0.0
          ],
          [
            0.0393357053399086,
            0.4407077133655548,
            0.8967884182929993,
            0.0
          ],
          [
            0.0,
            0.0,
            0.0,
            1.0
          ]
        ],
        "rotation_mode": "QUATERNION"
      },
      "armature_space": {
        "head": {
          "x": 0.68602454662323,
          "y": -0.23016569018363953,
          "z": 0.4172901213169098
        },
        "tail": {
          "x": 0.7030675411224365,
          "y": -0.24669010937213898,
          "z": 0.4014928638935089
        }
      },
      "world_space": {
        "head": {
          "x": 0.68602454662323,
          "y": -0.1669216901063919,
          "z": 1.3671441078186035
        },
        "tail": {
          "x": 0.7030675411224365,
          "y": -0.18344610929489136,
          "z": 1.3513468503952026
        },
        "rotation_quaternion": {
          "w": 0.21622607111930847,
          "x": -0.8596283197402954,
          "y": -0.40433937311172485,
          "z": 0.22537775337696075
        },
        "matrix": [
          [
            0.5714278817176819,
            0.5976986885070801,
            -0.5623400211334229,
            0.68602454662323
          ],
          [
            0.7926290035247803,
            -0.5795120000839233,
            0.18948805332183838,
            -0.1669216901063919
          ],
          [
            -0.21262678503990173,
            -0.5540101528167725,
            -0.8049079775810242,
            1.3671441078186035
          ],
          [
            0.0,
            0.0,
            0.0,
            1.0
          ]
        ]
      },
      "bone_length_armature_space": 0.028514442313176402,
      "parent": "metacarpal_index_l",
      "has_children": true,
      "is_end_bone": false
    },
    "index_02_l": {
      "name": "index_02_l",
      "local": {
        "location": {
          "x": 0.0,
          "y": 0.0,
          "z": 0.0
        },
        "rotation_quaternion": {
          "w": 0.9092731475830078,
          "x": 0.41608935594558716,
          "y": -0.008312007412314415,
          "z": -0.0047807879745960236
        },
        "scale": {
          "x": 1.0,
          "y": 1.0,
          "z": 1.0
        },
        "matrix_basis": [
          [
            0.9998161196708679,
            0.0017770086415112019,
            -0.01909423992037773,
            0.0
          ],
          [
            -0.01561115961521864,
            0.6536935567855835,
            -0.7565982937812805,
            0.0
          ],
          [
            0.011137300170958042,
            0.7567572593688965,
            0.6536011099815369,
            0.0
          ],
          [
            0.0,
            0.0,
            0.0,
            1.0
          ]
        ],
        "rotation_mode": "QUATERNION"
      },
      "armature_space": {
        "head": {
          "x": 0.7030674815177917,
          "y": -0.24669045209884644,
          "z": 0.4014924466609955
        },
        "tail": {
          "x": 0.7025446891784668,
          "y": -0.253797709941864,
          "z": 0.3768487274646759
        }
      },
      "world_space": {
        "head": {
          "x": 0.7030674815177917,
          "y": -0.18344645202159882,
          "z": 1.351346492767334
        },
        "tail": {
          "x": 0.7025446891784668,
          "y": -0.1905537098646164,
          "z": 1.3267027139663696
        },
        "rotation_quaternion": {
          "w": 0.5245951414108276,
          "x": -0.6887902617454529,
          "y": -0.29372599720954895,
          "z": 0.40508395433425903
        },
        "matrix": [
          [
            0.4992646276950836,
            -0.02037811279296875,
            -0.8662097454071045,
            0.7030674815177917
          ],
          [
            0.8296411037445068,
            -0.2770507335662842,
            0.4847050607204437,
            -0.18344645202159882
          ],
          [
            -0.2498624175786972,
            -0.9606462717056274,
            -0.12141555547714233,
            1.351346492767334
          ],
          [
            0.0,
            0.0,
            0.0,
            1.0
          ]
        ]
      },
      "bone_length_armature_space": 0.025653446462725795,
      "parent": "index_01_l",
      "has_children": true,
      "is_end_bone": false
    },
    "index_03_l": {
      "name": "index_03_l",
      "local": {
        "location": {
          "x": 0.0,
          "y": 0.0,
          "z": 0.0
        },
        "rotation_quaternion": {
          "w": 0.9604690074920654,
          "x": 0.2782737910747528,
          "y": -0.004509782884269953,
          "z": -0.006536750588566065
        },
        "scale": {
          "x": 1.0,
          "y": 1.0,
          "z": 1.0
        },
        "matrix_basis": [
          [
            0.9998738765716553,
            0.010046783834695816,
            -0.012301025912165642,
            0.0
          ],
          [
            -0.01506660133600235,
            0.8450419306755066,
            -0.5344877243041992,
            0.0
          ],
          [
            0.005025000777095556,
            0.5346056818962097,
            0.8450866937637329,
            0.0
          ],
          [
            0.0,
            0.0,
            0.0,
            1.0
          ]
        ],
        "rotation_mode": "QUATERNION"
      },
      "armature_space": {
        "head": {
          "x": 0.7025448083877563,
          "y": -0.2537977993488312,
          "z": 0.3768487870693207
        },
        "tail": {
          "x": 0.6885596513748169,
          "y": -0.248634934425354,
          "z": 0.35171911120414734
        }
      },
      "world_space": {
        "head": {
          "x": 0.7025448083877563,
          "y": -0.19055379927158356,
          "z": 1.3267028331756592
        },
        "tail": {
          "x": 0.6885596513748169,
          "y": -0.18539093434810638,
          "z": 1.3015731573104858
        },
        "rotation_quaternion": {
          "w": 0.745937168598175,
          "x": -0.47252485156059265,
          "y": -0.17868132889270782,
          "z": 0.4340173900127411
        },
        "matrix": [
          [
            0.5594017505645752,
            -0.4786369204521179,
            -0.6767393350601196,
            0.7025448083877563
          ],
          [
            0.8163636326789856,
            0.17669716477394104,
            0.54984450340271,
            -0.19055379927158356
          ],
          [
            -0.14359824359416962,
            -0.8600553274154663,
            0.4895903766155243,
            1.3267028331756592
          ],
          [
            0.0,
            0.0,
            0.0,
            1.0
          ]
        ]
      },
      "bone_length_armature_space": 0.029218836656349258,
      "parent": "index_02_l",
      "has_children": false,
      "is_end_bone": true
    },
    "metacarpal_pinky_l": {
      "name": "metacarpal_pinky_l",
      "local": {
        "location": {
          "x": 0.0,
          "y": 0.0,
          "z": 0.0
        },
        "rotation_quaternion": {
          "w": 0.9985872507095337,
          "x": -0.04989968240261078,
          "y": 0.01762157306075096,
          "z": 0.004794562701135874
        },
        "scale": {
          "x": 1.0,
          "y": 1.0,
          "z": 1.0
        },
        "matrix_basis": [
          [
            0.9993329644203186,
            -0.011334200389683247,
            0.03471486270427704,
            0.0
          ],
          [
            0.007816956378519535,
            0.9949740767478943,
            0.0998273491859436,
            0.0
          ],
          [
            -0.03567185252904892,
            -0.09948939830064774,
            0.9943990111351013,
            0.0
          ],
          [
            0.0,
            0.0,
            0.0,
            1.0
          ]
        ],
        "rotation_mode": "QUATERNION"
      },
      "armature_space": {
        "head": {
          "x": 0.6270175576210022,
          "y": -0.13142123818397522,
          "z": 0.43958231806755066
        },
        "tail": {
          "x": 0.7234758138656616,
          "y": -0.1704263985157013,
          "z": 0.43538472056388855
        }
      },
      "world_space": {
        "head": {
          "x": 0.6270175576210022,
          "y": -0.0681772381067276,
          "z": 1.3894363641738892
        },
        "tail": {
          "x": 0.7234758138656616,
          "y": -0.10718239843845367,
          "z": 1.385238766670227
        },
        "rotation_quaternion": {
          "w": 0.5180917978286743,
          "x": 0.27831384539604187,
          "y": 0.21045349538326263,
          "z": -0.7809171676635742
        },
        "matrix": [
          [
            -0.30824393033981323,
            0.9263185262680054,
            -0.2166096270084381,
            0.6270175576210022
          ],
          [
            -0.6920302510261536,
            -0.37457868456840515,
            -0.6170781850814819,
            -0.0681772381067276
          ],
          [
            -0.6527532935142517,
            -0.04031078517436981,
            0.756506621837616,
            1.3894363641738892
          ],
          [
            0.0,
            0.0,
            0.0,
            1.0
          ]
        ]
      },
      "bone_length_armature_space": 0.1041307734118104,
      "parent": "lowerarm_l",
      "has_children": true,
      "is_end_bone": false
    },
    "pinky_01_l": {
      "name": "pinky_01_l",
      "local": {
        "location": {
          "x": 0.0,
          "y": 0.0,
          "z": 0.0
        },
        "rotation_quaternion": {
          "w": 0.9369935989379883,
          "x": 0.3493034839630127,
          "y": 0.0035217590630054474,
          "z": 0.004205058794468641
        },
        "scale": {
          "x": 1.0,
          "y": 1.0,
          "z": 1.0
        },
        "matrix_basis": [
          [
            0.9999398589134216,
            -0.005419901106506586,
            0.009537414647638798,
            0.0
          ],
          [
            0.010340551845729351,
            0.7559387683868408,
            -0.6545606255531311,
            0.0
          ],
          [
            -0.0036620479077100754,
            0.6546198725700378,
            0.7559493184089661,
            0.0
          ],
          [
            0.0,
            0.0,
            0.0,
            1.0
          ]
        ],
        "rotation_mode": "QUATERNION"
      },
      "armature_space": {
        "head": {
          "x": 0.7234758138656616,
          "y": -0.1704263985157013,
          "z": 0.43538472056388855
        },
        "tail": {
          "x": 0.7376150488853455,
