{
  "metadata": {
    "armature_name": "KIM_caucasian_male",
    "export_time": "2026-01-13T20:56:11.288810",
    "blender_version": "4.4.1",
    "bone_count": 56,
    "end_bone_count": 13,
    "spaces_included": [
      "LOCAL_CHANNELS",
      "ARMATURE_SPACE",
      "WORLD_SPACE"
    ],
    "note": "LOCAL matches Transform panel; replay pose via local.matrix_basis for best fidelity."
  },
  "bones": {
    "Root": {
      "name": "Root",
      "local": {
        "location": {
          "x": 0.0,
          "y": 0.0,
          "z": 0.0
        },
        "rotation_quaternion": {
          "w": 0.9995207786560059,
          "x": -0.0011062154080718756,
          "y": -0.005114941392093897,
          "z": -0.030508920550346375
        },
        "scale": {
          "x": 1.0,
          "y": 1.0,
          "z": 1.0
        },
        "matrix_basis": [
          [
            0.9980860948562622,
            0.06099991500377655,
            -0.010157481767237186,
            0.0
          ],
          [
            -0.060977283865213394,
            0.9981359839439392,
            0.0025234732311218977,
            0.0
          ],
          [
            0.01029247883707285,
            -0.001899267896078527,
            0.9999452233314514,
            0.0
          ],
          [
            0.0,
            0.0,
            0.0,
            1.0
          ]
        ],
        "rotation_mode": "QUATERNION"
      },
      "armature_space": {
        "head": {
          "x": 0.0,
          "y": 0.07072800397872925,
          "z": -0.009595036506652832
        },
        "tail": {
          "x": 0.004353921860456467,
          "y": 0.00015006214380264282,
          "z": 0.00011644698679447174
        }
      },
      "world_space": {
        "head": {
          "x": 0.0,
          "y": 0.13397200405597687,
          "z": 0.9402589797973633
        },
        "tail": {
          "x": 0.004353921860456467,
          "y": 0.06339406222105026,
          "z": 0.9499704837799072
        },
        "rotation_quaternion": {
          "w": 0.0684390738606453,
          "x": 0.9971755743026733,
          "y": 0.030095025897026062,
          "z": -0.0071586431004107
        },
        "matrix": [
          [
            0.9980860948562622,
            0.06099991500377655,
            -0.010157481767237186,
            0.0
          ],
          [
            0.059040188789367676,
            -0.9888207316398621,
            -0.1369228959083557,
            0.13397200405597687
          ],
          [
            -0.0183962844312191,
            0.1360611617565155,
            -0.9905366897583008,
            0.9402589797973633
          ],
          [
            0.0,
            0.0,
            0.0,
            1.0
          ]
        ]
      },
      "bone_length_armature_space": 0.07137587403580972,
      "parent": null,
      "has_children": true,
      "is_end_bone": false
    },
    "spine_01": {
      "name": "spine_01",
      "local": {
        "location": {
          "x": 0.0,
          "y": 0.0,
          "z": 0.0
        },
        "rotation_quaternion": {
          "w": 0.9921095967292786,
          "x": 0.10373464226722717,
          "y": -0.024381257593631744,
          "z": -0.06605513393878937
        },
        "scale": {
          "x": 1.0,
          "y": 1.0,
          "z": 1.0
        },
        "matrix_basis": [
          [
            0.9900845289230347,
            0.1260095089673996,
            -0.06208217144012451,
            0.0
          ],
          [
            -0.13612622022628784,
            0.9697517156600952,
            -0.20261125266551971,
            0.0
          ],
          [
            0.03467334806919098,
            0.20905327796936035,
            0.9772893786430359,
            0.0
          ],
          [
            0.0,
            0.0,
            0.0,
            1.0
          ]
        ],
        "rotation_mode": "QUATERNION"
      },
      "armature_space": {
        "head": {
          "x": 0.004353921860456467,
          "y": 0.00015006214380264282,
          "z": 0.00011644698679447174
        },
        "tail": {
          "x": 0.07916457951068878,
          "y": -0.0745537132024765,
          "z": 0.4765312373638153
        }
      },
      "world_space": {
        "head": {
          "x": 0.004353921860456467,
          "y": 0.06339406222105026,
          "z": 0.9499704837799072
        },
        "tail": {
          "x": 0.07916457951068878,
          "y": -0.011309713125228882,
          "z": 1.4263852834701538
        },
        "rotation_quaternion": {
          "w": 0.6483011245727539,
          "x": 0.7574856877326965,
          "y": 0.056257810443639755,
          "z": -0.05249959975481033
        },
        "matrix": [
          [
            0.9881576895713806,
            0.15330015122890472,
            -0.006590414792299271,
            0.004353921860456467
          ],
          [
            0.01715879887342453,
            -0.15308111906051636,
            -0.9880647659301758,
            0.06339406222105026
          ],
          [
            -0.15248039364814758,
            0.9762573838233948,
            -0.15390069782733917,
            0.9499704837799072
          ],
          [
            0.0,
            0.0,
            0.0,
            1.0
          ]
        ]
      },
      "bone_length_armature_space": 0.488004454836527,
      "parent": "Root",
      "has_children": true,
      "is_end_bone": false
    },
    "neck_01": {
      "name": "neck_01",
      "local": {
        "location": {
          "x": 0.0,
          "y": 0.0,
          "z": 0.0
        },
        "rotation_quaternion": {
          "w": 0.9998397827148438,
          "x": 0.009901927784085274,
          "y": -0.013259438797831535,
          "z": 0.006827306002378464
        },
        "scale": {
          "x": 1.0,
          "y": 1.0,
          "z": 1.0
        },
        "matrix_basis": [
          [
            0.9995551705360413,
            -0.013915012590587139,
            -0.02637942135334015,
            0.0
          ],
          [
            0.013389836065471172,
            0.9997106790542603,
            -0.019981734454631805,
            0.0
          ],
          [
            0.0266498364508152,
            0.01961963064968586,
            0.9994522929191589,
            0.0
          ],
          [
            0.0,
            0.0,
            0.0,
            1.0
          ]
        ],
        "rotation_mode": "QUATERNION"
      },
      "armature_space": {
        "head": {
          "x": 0.09016042947769165,
          "y": -0.12002860009670258,
          "z": 0.5426740050315857
        },
        "tail": {
          "x": 0.10289543867111206,
          "y": -0.17475765943527222,
          "z": 0.6284251809120178
        }
      },
      "world_space": {
        "head": {
          "x": 0.09016042947769165,
          "y": -0.056784600019454956,
          "z": 1.492527961730957
        },
        "tail": {
          "x": 0.10289543867111206,
          "y": -0.1115136593580246,
          "z": 1.5782792568206787
        },
        "rotation_quaternion": {
          "w": 0.4817561209201813,
          "x": 0.8727918863296509,
          "y": 0.031550083309412,
          "z": -0.07176320254802704
        },
        "matrix": [
          [
            0.9877094030380249,
            0.12421810626983643,
            -0.09486919641494751,
            0.09016042947769165
          ],
          [
            -0.014070911332964897,
            -0.533831000328064,
            -0.845474362373352,
            -0.056784600019454956
          ],
          [
            -0.1556684374809265,
            0.8364229202270508,
            -0.5255264639854431,
            1.492527961730957
          ],
          [
            0.0,
            0.0,
            0.0,
            1.0
          ]
        ]
      },
      "bone_length_armature_space": 0.1025217765474841,
      "parent": "spine_01",
      "has_children": true,
      "is_end_bone": false
    },
    "head": {
      "name": "head",
      "local": {
        "location": {
          "x": 0.0,
          "y": 0.0,
          "z": 0.0
        },
        "rotation_quaternion": {
          "w": 0.9866037368774414,
          "x": -0.1262984722852707,
          "y": 0.032947439700365067,
          "z": -0.09785827249288559
        },
        "scale": {
          "x": 1.0,
          "y": 1.0,
          "z": 1.0
        },
        "matrix_basis": [
          [
            0.978676438331604,
            0.18477225303649902,
            0.08973083645105362,
            0.0
          ],
          [
            -0.20141710340976715,
            0.9489449262619019,
            0.24276472628116608,
            0.0
          ],
          [
            -0.040293432772159576,
            -0.2556614577770233,
            0.9659263491630554,
            0.0
          ],
          [
            0.0,
            0.0,
            0.0,
            1.0
          ]
        ],
        "rotation_mode": "QUATERNION"
      },
      "armature_space": {
        "head": {
          "x": 0.10289540886878967,
          "y": -0.17475776374340057,
          "z": 0.6284250617027283
        },
        "tail": {
          "x": 0.15504392981529236,
          "y": -0.16461174190044403,
          "z": 0.7741332054138184
        }
      },
      "world_space": {
        "head": {
          "x": 0.10289540886878967,
          "y": -0.11151376366615295,
          "z": 1.5782790184020996
        },
        "tail": {
          "x": 0.15504392981529236,
          "y": -0.10136774182319641,
          "z": 1.7239872217178345
        },
        "rotation_quaternion": {
          "w": 0.7149332165718079,
          "x": 0.6767987012863159,
          "y": 0.14690139889717102,
          "z": -0.09609358012676239
        },
        "matrix": [
          [
            0.9383723139762878,
            0.3362463116645813,
            0.07997559010982513,
            0.10289540886878967
          ],
          [
            0.061442144215106964,
            0.06542010605335236,
            -0.9959645867347717,
            -0.11151376366615295
          ],
          [
            -0.3401236832141876,
            0.939505934715271,
            0.040727972984313965,
            1.5782790184020996
          ],
          [
            0.0,
            0.0,
            0.0,
            1.0
          ]
        ]
      },
      "bone_length_armature_space": 0.15509117761266578,
      "parent": "neck_01",
      "has_children": false,
      "is_end_bone": true
    },
    "upperarm_l": {
      "name": "upperarm_l",
      "local": {
        "location": {
          "x": 0.0,
          "y": 0.0,
          "z": 0.0
        },
        "rotation_quaternion": {
          "w": 0.9667108058929443,
          "x": 0.098398357629776,
          "y": -0.202265202999115,
          "z": 0.12197109311819077
        },
        "scale": {
          "x": 1.0,
          "y": 1.0,
          "z": 1.0
        },
        "matrix_basis": [
          [
            0.8884236812591553,
            -0.27562668919563293,
            -0.3670603930950165,
            0.0
          ],
          [
            0.19601641595363617,
            0.9508816599845886,
            -0.23958653211593628,
            0.0
          ],
          [
            0.4150674343109131,
            0.140904501080513,
            0.8988131284713745,
            0.0
          ],
          [
            0.0,
            0.0,
            0.0,
            1.0
          ]
        ],
        "rotation_mode": "QUATERNION"
      },
      "armature_space": {
        "head": {
          "x": 0.22806009650230408,
          "y": -0.11031760275363922,
          "z": 0.4536990523338318
        },
        "tail": {
          "x": 0.4928279519081116,
          "y": -0.14535529911518097,
          "z": 0.4755614995956421
        }
      },
      "world_space": {
        "head": {
          "x": 0.22806009650230408,
          "y": -0.0470736026763916,
          "z": 1.4035530090332031
        },
        "tail": {
          "x": 0.4928279519081116,
          "y": -0.08211129903793335,
          "z": 1.4254155158996582
        },
        "rotation_quaternion": {
          "w": 0.5357387661933899,
          "x": 0.4869903326034546,
          "y": 0.38419654965400696,
          "z": -0.5729027986526489
        },
        "matrix": [
          [
            0.048351917415857315,
            0.988052487373352,
            -0.1463368535041809,
            0.22806009650230408
          ],
          [
            -0.2396525889635086,
            -0.13075260818004608,
            -0.9620139598846436,
            -0.0470736026763916
          ],
          [
            -0.9696610569953918,
            0.0815856009721756,
            0.23046785593032837,
            1.4035530090332031
          ],
          [
            0.0,
            0.0,
            0.0,
            1.0
          ]
        ]
      },
      "bone_length_armature_space": 0.2679694393689704,
      "parent": "spine_01",
      "has_children": true,
      "is_end_bone": false
    },
    "lowerarm_l": {
      "name": "lowerarm_l",
      "local": {
        "location": {
          "x": 0.0,
          "y": 0.0,
          "z": 0.0
        },
        "rotation_quaternion": {
          "w": 0.9859956502914429,
          "x": 0.10630517452955246,
          "y": 0.028345778584480286,
          "z": 0.12533290684223175
        },
        "scale": {
          "x": 1.0,
          "y": 1.0,
          "z": 1.0
        },
        "matrix_basis": [
          [
            0.9669763445854187,
            -0.2411288022994995,
            0.08254469931125641,
            0.0
          ],
          [
            0.25318199396133423,
            0.9459817409515381,
            -0.20252756774425507,
            0.0
          ],
          [
            -0.029250556603074074,
            0.21673819422721863,
            0.9757914543151855,
            0.0
          ],
          [
            0.0,
            0.0,
            0.0,
            1.0
          ]
        ],
        "rotation_mode": "QUATERNION"
      },
      "armature_space": {
        "head": {
          "x": 0.49282804131507874,
          "y": -0.14535534381866455,
          "z": 0.47556161880493164
        },
        "tail": {
          "x": 0.7144051790237427,
          "y": -0.2292763739824295,
          "z": 0.5997806787490845
        }
      },
      "world_space": {
        "head": {
          "x": 0.49282804131507874,
          "y": -0.08211134374141693,
          "z": 1.4254156351089478
        },
        "tail": {
          "x": 0.7144051790237427,
          "y": -0.16603237390518188,
          "z": 1.5496346950531006
        },
        "rotation_quaternion": {
          "w": 0.557431161403656,
          "x": 0.5944405198097229,
          "y": 0.18006430566310883,
          "z": -0.5508973002433777
        },
        "matrix": [
          [
            0.32817575335502625,
            0.8282499313354492,
            -0.45420554280281067,
            0.49282804131507874
          ],
          [
            -0.4001029133796692,
            -0.3136947751045227,
            -0.8611119985580444,
            -0.08211134374141693
          ],
          [
            -0.8557040691375732,
            0.4643278419971466,
            0.22843895852565765,
            1.4254156351089478
          ],
          [
            0.0,
            0.0,
            0.0,
            1.0
          ]
        ]
      },
      "bone_length_armature_space": 0.2675248435844373,
      "parent": "upperarm_l",
      "has_children": true,
      "is_end_bone": false
    },
    "metacarpal_thumb_l": {
      "name": "metacarpal_thumb_l",
      "local": {
        "location": {
          "x": 0.0,
          "y": 0.0,
          "z": 0.0
        },
        "rotation_quaternion": {
          "w": 0.9996397495269775,
          "x": 0.023053763434290886,
          "y": 0.011212828569114208,
          "z": 0.00795452669262886
        },
        "scale": {
          "x": 1.0,
          "y": 1.0,
          "z": 1.0
        },
        "matrix_basis": [
          [
            0.9996219873428345,
            -0.015386326238512993,
            0.022784341126680374,
            0.0
          ],
          [
            0.01642031781375408,
            0.9988104701042175,
            -0.04591253027319908,
            0.0
          ],
          [
            -0.02205081470310688,
            0.04626930132508278,
            0.9986855983734131,
            0.0
          ],
          [
            0.0,
            0.0,
            0.0,
            1.0
          ]
        ],
        "rotation_mode": "QUATERNION"
      },
      "armature_space": {
        "head": {
          "x": 0.7144051790237427,
          "y": -0.2292763739824295,
          "z": 0.5997806787490845
        },
        "tail": {
          "x": 0.736214280128479,
          "y": -0.2711974084377289,
          "z": 0.6146325469017029
        }
      },
      "world_space": {
        "head": {
          "x": 0.7144051790237427,
          "y": -0.16603237390518188,
          "z": 1.5496346950531006
        },
        "tail": {
          "x": 0.736214280128479,
          "y": -0.20795340836048126,
          "z": 1.5644865036010742
        },
        "rotation_quaternion": {
          "w": 0.14053267240524292,
          "x": 0.9587062001228333,
          "y": 0.23894287645816803,
          "z": 0.063556969165802
        },
        "matrix": [
          [
            0.877733588218689,
            0.44028812646865845,
            0.1890237033367157,
            0.7144051790237427
          ],
          [
            0.4760158658027649,
            -0.8463137149810791,
            -0.23908624053001404,
            -0.16603237390518188
          ],
          [
            0.05470733717083931,
            0.2998334467411041,
            -0.9524290561676025,
            1.5496346950531006
          ],
          [
            0.0,
            0.0,
            0.0,
            1.0
          ]
        ]
      },
      "bone_length_armature_space": 0.0495337054779854,
      "parent": "lowerarm_l",
      "has_children": true,
      "is_end_bone": false
    },
    "thumb_01_l": {
      "name": "thumb_01_l",
      "local": {
        "location": {
          "x": 0.0,
          "y": 0.0,
          "z": 0.0
        },
        "rotation_quaternion": {
          "w": 0.9541571140289307,
          "x": 0.29844239354133606,
          "y": -0.02165663056075573,
          "z": 0.00688724871724844
        },
        "scale": {
          "x": 1.0,
          "y": 1.0,
          "z": 1.0
        },
        "matrix_basis": [
          [
            0.9989671111106873,
            -0.02606954798102379,
            -0.03721676394343376,
            0.0
          ],
          [
            0.0002165213954867795,
            0.8217694163322449,
            -0.5698201656341553,
            0.0
          ],
          [
            0.04543855041265488,
            0.5692235827445984,
            0.8209262490272522,
            0.0
          ],
          [
            0.0,
            0.0,
            0.0,
            1.0
          ]
        ],
        "rotation_mode": "QUATERNION"
      },
      "armature_space": {
        "head": {
          "x": 0.736214280128479,
          "y": -0.2711974084377289,
          "z": 0.6146325469017029
        },
        "tail": {
          "x": 0.7630304098129272,
          "y": -0.2855948209762573,
          "z": 0.5993931889533997
        }
      },
      "world_space": {
        "head": {
          "x": 0.736214280128479,
          "y": -0.20795340836048126,
          "z": 1.5644865036010742
        },
        "tail": {
          "x": 0.7630304098129272,
          "y": -0.2223508208990097,
          "z": 1.5492472648620605
        },
        "rotation_quaternion": {
          "w": 0.5187047719955444,
          "x": -0.5929005146026611,
          "y": -0.13948826491832733,
          "z": -0.5999645590782166
        },
        "matrix": [
          [
            0.24117301404476166,
            0.7878164052963257,
            0.5667283535003662,
            0.736214280128479
          ],
          [
            -0.4570024907588959,
            -0.4229729473590851,
            0.7824594378471375,
            -0.20795340836048126
          ],
          [
            0.8561503887176514,
            -0.4477081000804901,
            0.258027046918869,
            1.5644865036010742
          ],
          [
            0.0,
            0.0,
            0.0,
            1.0
          ]
        ]
      },
      "bone_length_armature_space": 0.0340386302724163,
      "parent": "metacarpal_thumb_l",
      "has_children": true,
      "is_end_bone": false
    },
    "thumb_02_l": {
      "name": "thumb_02_l",
      "local": {
        "location": {
          "x": 0.0,
          "y": 0.0,
          "z": 0.0
        },
        "rotation_quaternion": {
          "w": 0.906326413154602,
          "x": 0.42246556282043457,
          "y": 0.00867204274982214,
          "z": -0.004492377862334251
        },
        "scale": {
          "x": 1.0,
          "y": 1.0,
          "z": 1.0
        },
        "matrix_basis": [
          [
            0.999809205532074,
            0.01547040045261383,
            0.011923653073608875,
            0.0
          ],
          [
            -0.0008158425916917622,
            0.6430053114891052,
            -0.7658613324165344,
            0.0
          ],
          [
            -0.019515153020620346,
            0.7657054662704468,
            0.6428952813148499,
            0.0
          ],
          [
            0.0,
            0.0,
            0.0,
            1.0
          ]
        ],
        "rotation_mode": "QUATERNION"
      },
      "armature_space": {
        "head": {
          "x": 0.7630304098129272,
          "y": -0.2855948209762573,
          "z": 0.5993931889533997
        },
        "tail": {
          "x": 0.7738826274871826,
          "y": -0.26920366287231445,
          "z": 0.634418249130249
        }
      },
      "world_space": {
        "head": {
          "x": 0.7630304098129272,
          "y": -0.2223508208990097,
          "z": 1.5492472648620605
        },
        "tail": {
          "x": 0.7738826274871826,
          "y": -0.20595966279506683,
          "z": 1.5842722654342651
        },
        "rotation_quaternion": {
          "w": 0.5558100938796997,
          "x": 0.22359585762023926,
          "y": -0.6285912394523621,
          "z": -0.4959367513656616
        },
        "matrix": [
          [
            -0.2821604013442993,
            0.27019527554512024,
            -0.9205325841903687,
            0.7630304098129272
          ],
          [
            -0.8323942422866821,
            0.40810200572013855,
            0.3749304711818695,
            -0.2223508208990097
          ],
          [
            0.4769778847694397,
            0.8720428943634033,
            0.1097601056098938,
            1.5492472648620605
          ],
          [
            0.0,
            0.0,
            0.0,
            1.0
          ]
        ]
      },
      "bone_length_armature_space": 0.04016460567462591,
      "parent": "thumb_01_l",
      "has_children": true,
      "is_end_bone": false
    },
    "thumb_03_l": {
      "name": "thumb_03_l",
      "local": {
        "location": {
          "x": 0.0,
          "y": 0.0,
          "z": 0.0
        },
        "rotation_quaternion": {
          "w": 0.9872987270355225,
          "x": 0.15866683423519135,
          "y": 0.005322503391653299,
          "z": 0.006156283896416426
        },
        "scale": {
          "x": 1.0,
          "y": 1.0,
          "z": 1.0
        },
        "matrix_basis": [
          [
            0.9998675584793091,
            -0.010467172600328922,
            0.012463397346436977,
            0.0
          ],
          [
            0.013845192268490791,
            0.9495738744735718,
            -0.31323760747909546,
            0.0
          ],
          [
            -0.008556205779314041,
            0.31336864829063416,
            0.9495930075645447,
            0.0
          ],
          [
            0.0,
            0.0,
            0.0,
            1.0
          ]
        ],
        "rotation_mode": "QUATERNION"
      },
      "armature_space": {
        "head": {
          "x": 0.7738826870918274,
          "y": -0.2692037522792816,
          "z": 0.634418249130249
        },
        "tail": {
          "x": 0.765910804271698,
          "y": -0.2515309154987335,
          "z": 0.6578920483589172
        }
      },
      "world_space": {
        "head": {
          "x": 0.7738826870918274,
          "y": -0.205959752202034,
          "z": 1.5842722654342651
        },
        "tail": {
          "x": 0.765910804271698,
          "y": -0.1882869154214859,
          "z": 1.6077461242675781
        },
        "rotation_quaternion": {
          "w": 0.6289914846420288,
          "x": 0.41091787815093994,
          "y": -0.6281825304031372,
          "z": -0.20224487781524658
        },
        "matrix": [
          [
            0.1289670318365097,
            -0.26184555888175964,
            -0.9564542770385742,
            0.7738826870918274
          ],
          [
            -0.7706836462020874,
            0.5804861783981323,
            -0.2628360986709595,
            -0.205959752202034
          ],
          [
            0.6240341663360596,
            0.7710267305374146,
            -0.126937597990036,
            1.5842722654342651
          ],
          [
            0.0,
            0.0,
            0.0,
            1.0
          ]
        ]
      },
      "bone_length_armature_space": 0.03044502156482856,
      "parent": "thumb_02_l",
      "has_children": false,
      "is_end_bone": true
    },
    "metacarpal_index_l": {
      "name": "metacarpal_index_l",
      "local": {
        "location": {
          "x": 0.0,
          "y": 0.0,
          "z": 0.0
        },
        "rotation_quaternion": {
          "w": 0.9989263415336609,
          "x": -0.041933704167604446,
          "y": 0.01679297536611557,
          "z": 0.010280502028763294
        },
        "scale": {
          "x": 1.0,
          "y": 1.0,
          "z": 1.0
        },
        "matrix_basis": [
          [
            0.9992246031761169,
            -0.021947311237454414,
            0.03268769010901451,
            0.0
          ],
          [
            0.019130544736981392,
            0.9962717294692993,
            0.08412264287471771,
            0.0
          ],
          [
            -0.034412089735269547,
            -0.08343208581209183,
            0.9959191083908081,
            0.0
          ],
          [
            0.0,
            0.0,
            0.0,
            1.0
          ]
        ],
        "rotation_mode": "QUATERNION"
      },
      "armature_space": {
        "head": {
          "x": 0.7144051790237427,
          "y": -0.2292763739824295,
          "z": 0.5997806787490845
        },
        "tail": {
          "x": 0.7918111681938171,
          "y": -0.29100167751312256,
          "z": 0.6624509692192078
        }
      },
      "world_space": {
        "head": {
          "x": 0.7144051790237427,
          "y": -0.16603237390518188,
          "z": 1.5496346950531006
        },
        "tail": {
          "x": 0.7918111681938171,
          "y": -0.22775767743587494,
          "z": 1.612304925918579
        },
        "rotation_quaternion": {
          "w": 0.3784066438674927,
          "x": 0.854384183883667,
          "y": 0.30563268065452576,
          "z": -0.18282438814640045
        },
        "matrix": [
          [
            0.7463276386260986,
            0.6606197953224182,
            -0.08109608292579651,
            0.7144051790237427
          ],
          [
            0.3838929533958435,
            -0.5267934203147888,
            -0.758363664150238,
            -0.16603237390518188
          ],
          [
            -0.5437142848968506,
            0.5348585844039917,
            -0.6467729210853577,
            1.5496346950531006
          ],
          [
            0.0,
            0.0,
            0.0,
            1.0
          ]
        ]
      },
      "bone_length_armature_space": 0.11717194811623746,
      "parent": "lowerarm_l",
      "has_children": true,
      "is_end_bone": false
    },
    "index_01_l": {
      "name": "index_01_l",
      "local": {
        "location": {
          "x": 0.0,
          "y": 0.0,
          "z": 0.0
        },
        "rotation_quaternion": {
          "w": 0.9521151781082153,
          "x": 0.30520689487457275,
          "y": 0.0160312969237566,
          "z": 0.008276180364191532
        },
        "scale": {
          "x": 1.0,
          "y": 1.0,
          "z": 1.0
        },
        "matrix_basis": [
          [
            0.9993489980697632,
            -0.005974029190838337,
            0.03557917848229408,
            0.0
          ],
          [
            0.025545477867126465,
            0.8135604858398438,
            -0.5809189081192017,
            0.0
          ],
          [
            -0.025475388392806053,
            0.581449568271637,
            0.8131834864616394,
            0.0
          ],
          [
            0.0,
            0.0,
            0.0,
            1.0
          ]
        ],
        "rotation_mode": "QUATERNION"
      },
      "armature_space": {
        "head": {
          "x": 0.7918111681938171,
          "y": -0.29100167751312256,
          "z": 0.6624509692192078
        },
        "tail": {
          "x": 0.8128721117973328,
          "y": -0.3102094829082489,
          "z": 0.6616992354393005
        }
      },
      "world_space": {
        "head": {
          "x": 0.7918111681938171,
          "y": -0.22775767743587494,
          "z": 1.612304925918579
        },
        "tail": {
          "x": 0.8128721117973328,
          "y": -0.24696548283100128,
          "z": 1.6115531921386719
        },
        "rotation_quaternion": {
          "w": 0.13195618987083435,
          "x": 0.853384792804718,
          "y": 0.3818086087703705,
          "z": -0.3294605612754822
        },
        "matrix": [
          [
            0.49135535955429077,
            0.7386090755462646,
            -0.46154817938804626,
            0.7918111681938171
          ],
          [
            0.5647107362747192,
            -0.673618495464325,
            -0.4768022894859314,
            -0.22775767743587494
          ],
          [
            -0.6630817651748657,
            -0.026362717151641846,
            -0.7480920553207397,
            1.612304925918579
          ],
          [
            0.0,
            0.0,
            0.0,
            1.0
          ]
        ]
      },
      "bone_length_armature_space": 0.028514351378727147,
      "parent": "metacarpal_index_l",
      "has_children": true,
      "is_end_bone": false
    },
    "index_02_l": {
      "name": "index_02_l",
      "local": {
        "location": {
          "x": 0.0,
          "y": 0.0,
          "z": 0.0
        },
        "rotation_quaternion": {
          "w": 0.8876858949661255,
          "x": 0.4604003131389618,
          "y": -0.005023729521781206,
          "z": 0.004480179399251938
        },
        "scale": {
          "x": 1.0,
          "y": 1.0,
          "z": 1.0
        },
        "matrix_basis": [
          [
            0.9999094009399414,
            -0.012579837813973427,
            -0.004793635569512844,
            0.0
          ],
          [
            0.0033281308133155107,
            0.5760229825973511,
            -0.8174267411231995,
            0.0
          ],
          [
            0.01304433960467577,
            0.8173367381095886,
            0.5760126113891602,
            0.0
          ],
          [
            0.0,
            0.0,
            0.0,
            1.0
          ]
        ],
        "rotation_mode": "QUATERNION"
      },
      "armature_space": {
        "head": {
          "x": 0.8128721714019775,
          "y": -0.3102100193500519,
          "z": 0.6616991758346558
        },
        "tail": {
          "x": 0.8143414855003357,
          "y": -0.3310815095901489,
          "z": 0.6468561291694641
        }
      },
      "world_space": {
        "head": {
          "x": 0.8128721714019775,
          "y": -0.24696601927280426,
          "z": 1.6115531921386719
        },
        "tail": {
          "x": 0.8143414855003357,
          "y": -0.2678375244140625,
          "z": 1.596710205078125
        },
        "rotation_quaternion": {
          "w": 0.2431126981973648,
          "x": -0.8113712072372437,
          "y": -0.18465273082256317,
          "z": 0.4984740614891052
        },
        "matrix": [
          [
            0.43485450744628906,
            0.057275235652923584,
            -0.8986774682998657,
            0.8128721714019775
          ],
          [
            0.5420146584510803,
            -0.8135999441146851,
            0.21041834354400635,
            -0.24696601927280426
          ],
          [
            -0.7191163897514343,
            -0.5786025524139404,
            -0.38484400510787964,
            1.6115531921386719
          ],
          [
            0.0,
            0.0,
            0.0,
            1.0
          ]
        ]
      },
      "bone_length_armature_space": 0.02565334316043705,
      "parent": "index_01_l",
      "has_children": true,
      "is_end_bone": false
    },
    "index_03_l": {
      "name": "index_03_l",
      "local": {
        "location": {
          "x": 0.0,
          "y": 0.0,
          "z": 0.0
        },
        "rotation_quaternion": {
          "w": 0.9256070852279663,
          "x": 0.3783905506134033,
          "y": 0.008495263755321503,
          "z": -7.562828250229359e-05
        },
        "scale": {
          "x": 1.0,
          "y": 1.0,
          "z": 1.0
        },
        "matrix_basis": [
          [
            0.999855637550354,
            0.00656905910000205,
            0.015669317916035652,
            0.0
          ],
          [
            0.006289050914347172,
            0.7136411666870117,
            -0.7004832625389099,
            0.0
          ],
          [
            -0.01578378677368164,
            0.7004806399345398,
            0.7134968638420105,
            0.0
          ],
          [
            0.0,
            0.0,
            0.0,
            1.0
          ]
        ],
        "rotation_mode": "QUATERNION"
      },
      "armature_space": {
        "head": {
          "x": 0.8143416047096252,
          "y": -0.3310815393924713,
          "z": 0.6468561887741089
        },
        "tail": {
          "x": 0.7970107197761536,
          "y": -0.3397926390171051,
          "z": 0.6250045299530029
        }
      },
      "world_space": {
        "head": {
          "x": 0.8143416047096252,
          "y": -0.2678375244140625,
          "z": 1.596710205078125
        },
        "tail": {
          "x": 0.7970107197761536,
          "y": -0.2765486240386963,
          "z": 1.574858546257019
        },
        "rotation_quaternion": {
          "w": 0.592378556728363,
          "x": -0.6350890398025513,
          "y": 0.004604036454111338,
          "z": 0.4957101345062256
        },
        "matrix": [
          [
            0.5084972381591797,
            -0.5931440591812134,
            -0.6241881251335144,
            0.8143416047096252
          ],
          [
            0.5814510583877563,
            -0.29813480377197266,
            0.7569881677627563,
            -0.2678375244140625
          ],
          [
            -0.6350987553596497,
            -0.7478665709495544,
            0.19328573346138,
            1.596710205078125
          ],
          [
            0.0,
            0.0,
            0.0,
            1.0
          ]
        ]
      },
      "bone_length_armature_space": 0.029218792051325528,
      "parent": "index_02_l",
      "has_children": false,
      "is_end_bone": true
    },
    "metacarpal_pinky_l": {
      "name": "metacarpal_pinky_l",
      "local": {
        "location": {
          "x": 0.0,
          "y": 0.0,
          "z": 0.0
        },
        "rotation_quaternion": {
          "w": 0.9999414682388306,
          "x": 0.0024200768675655127,
          "y": 0.0068756029941141605,
          "z": -0.008008699864149094
        },
        "scale": {
          "x": 1.0,
          "y": 1.0,
          "z": 1.0
        },
        "matrix_basis": [
          [
            0.9997771978378296,
            0.016049740836024284,
            0.013711637817323208,
            0.0
          ],
          [
            -0.015983182936906815,
            0.9998599886894226,
            -0.0049499995075166225,
            0.0
          ],
          [
            -0.013789164833724499,
            0.004729741252958775,
            0.9998937249183655,
            0.0
          ],
          [
            0.0,
            0.0,
            0.0,
            1.0
          ]
        ],
        "rotation_mode": "QUATERNION"
      },
      "armature_space": {
        "head": {
          "x": 0.7144051790237427,
          "y": -0.2292763739824295,
          "z": 0.5997806787490845
        },
        "tail": {
          "x": 0.8107849359512329,
          "y": -0.23497390747070312,
          "z": 0.6387898921966553
        }
      },
      "world_space": {
        "head": {
          "x": 0.7144051790237427,
          "y": -0.16603237390518188,
          "z": 1.5496346950531006
        },
        "tail": {
          "x": 0.8107849359512329,
          "y": -0.1717299073934555,
          "z": 1.5886439085006714
        },
        "rotation_quaternion": {
          "w": 0.6651573181152344,
          "x": 0.09342260658740997,
          "y": -0.1738041788339615,
          "z": -0.7201597094535828
        },
        "matrix": [
          [
            -0.0976748988032341,
            0.9255644679069519,
            -0.3657730519771576,
            0.7144051790237427
          ],
          [
            -0.9905140995979309,
            -0.05471518263220787,
            0.12605030834674835,
            -0.16603237390518188
          ],
          [
            0.09665410965681076,
            0.3746177554130554,
            0.9221353530883789,
            1.5496346950531006
          ],
          [
            0.0,
            0.0,
            0.0,
            1.0
          ]
        ]
      },
      "bone_length_armature_space": 0.10413087199421313,
      "parent": "lowerarm_l",
      "has_children": true,
      "is_end_bone": false
    },
    "pinky_01_l": {
      "name": "pinky_01_l",
      "local": {
        "location": {
          "x": 0.0,
          "y": 0.0,
          "z": 0.0
        },
        "rotation_quaternion": {
          "w": 0.9474786520004272,
          "x": 0.3186471462249756,
          "y": -0.014812731184065342,
          "z": -0.02300110086798668
        },
        "scale": {
          "x": 1.0,
          "y": 1.0,
          "z": 1.0
        },
        "matrix_basis": [
          [
            0.9985030889511108,
            0.034146033227443695,
            -0.042727962136268616,
            0.0
          ],
          [
            -0.05302617326378822,
            0.7958698868751526,
            -0.6031413078308105,
            0.0
          ],
          [
            0.0134110227227211,
            0.6045041680335999,
            0.7964891791343689,
            0.0
          ],
          [
            0.0,
            0.0,
            0.0,
            1.0
          ]
        ],
        "rotation_mode": "QUATERNION"
      },
      "armature_space": {
        "head": {
          "x": 0.8107849359512329,
          "y": -0.23497390747070312,
          "z": 0.6387898921966553
        },
        "tail": {
          "x": 0.8302161693572998,
          "y": -0.24678142368793488,
