{
  "metadata": {
    "armature_name": "KIM_caucasian_male",
    "export_time": "2026-01-13T20:24:28.185850",
    "blender_version": "4.4.1",
    "bone_count": 56,
    "end_bone_count": 13,
    "spaces_included": [
      "LOCAL_CHANNELS",
      "ARMATURE_SPACE",
      "WORLD_SPACE"
    ],
    "note": "LOCAL matches Transform panel; replay pose via local.matrix_basis for best fidelity."
  },
  "bones": {
    "Root": {
      "name": "Root",
      "local": {
        "location": {
          "x": 0.0,
          "y": 0.0,
          "z": 0.0
        },
        "rotation_quaternion": {
          "w": 0.9997376203536987,
          "x": -0.005999373737722635,
          "y": -0.015492166392505169,
          "z": -0.01577150821685791
        },
        "scale": {
          "x": 1.0,
          "y": 1.0,
          "z": 1.0
        },
        "matrix_basis": [
          [
            0.9990224838256836,
            0.03172062709927559,
            -0.030786965042352676,
            0.0
          ],
          [
            -0.031348854303359985,
            0.9994305372238159,
            0.012484269216656685,
            0.0
          ],
          [
            0.031165441498160362,
            -0.011506929993629456,
            0.9994480013847351,
            0.0
          ],
          [
            0.0,
            0.0,
            0.0,
            1.0
          ]
        ],
        "rotation_mode": "QUATERNION"
      },
      "armature_space": {
        "head": {
          "x": 0.0,
          "y": 0.07072800397872925,
          "z": -0.009595036506652832
        },
        "tail": {
          "x": 0.0022640873212367296,
          "y": 0.00015068799257278442,
          "z": 0.0008084038272500038
        }
      },
      "world_space": {
        "head": {
          "x": 0.0,
          "y": 0.13397200405597687,
          "z": 0.9402589797973633
        },
        "tail": {
          "x": 0.0022640873212367296,
          "y": 0.0633946880698204,
          "z": 0.9506624341011047
        },
        "rotation_quaternion": {
          "w": 0.07333572208881378,
          "x": 0.9970623254776001,
          "y": 0.014692004770040512,
          "z": -0.016519468277692795
        },
        "matrix": [
          [
            0.9990224838256836,
            0.03172062709927559,
            -0.030786965042352676,
            0.0
          ],
          [
            0.02687474526464939,
            -0.9888120293617249,
            -0.14672642946243286,
            0.13397200405597687
          ],
          [
            -0.035096995532512665,
            0.14575570821762085,
            -0.9887049794197083,
            0.9402589797973633
          ],
          [
            0.0,
            0.0,
            0.0,
            1.0
          ]
        ]
      },
      "bone_length_armature_space": 0.07137587150645783,
      "parent": null,
      "has_children": true,
      "is_end_bone": false
    },
    "spine_01": {
      "name": "spine_01",
      "local": {
        "location": {
          "x": 0.0,
          "y": 0.0,
          "z": 0.0
        },
        "rotation_quaternion": {
          "w": 0.9984675645828247,
          "x": 0.047951165586709976,
          "y": 0.0021589857060462236,
          "z": 0.02754281274974346
        },
        "scale": {
          "x": 1.0,
          "y": 1.0,
          "z": 1.0
        },
        "matrix_basis": [
          [
            0.9984734654426575,
            -0.05479415878653526,
            0.006952774245291948,
            0.0
          ],
          [
            0.05520826205611229,
            0.9938841462135315,
            -0.09563643485307693,
            0.0
          ],
          [
            -0.0016699344851076603,
            0.09587429463863373,
            0.9953920245170593,
            0.0
          ],
          [
            0.0,
            0.0,
            0.0,
            1.0
          ]
        ],
        "rotation_mode": "QUATERNION"
      },
      "armature_space": {
        "head": {
          "x": 0.0022640873212367296,
          "y": 0.00015068799257278442,
          "z": 0.0008084038272500038
        },
        "tail": {
          "x": -0.00687004067003727,
          "y": -0.018555965274572372,
          "z": 0.4883688688278198
        }
      },
      "world_space": {
        "head": {
          "x": 0.0022640873212367296,
          "y": 0.0633946880698204,
          "z": 0.9506624341011047
        },
        "tail": {
          "x": -0.00687004067003727,
          "y": 0.04468803480267525,
          "z": 1.438222885131836
        },
        "rotation_quaternion": {
          "w": 0.6934065818786621,
          "x": 0.720302402973175,
          "y": 0.004529230296611786,
          "z": 0.018201634287834167
        },
        "matrix": [
          [
            0.9992963671684265,
            -0.018717428669333458,
            0.03250240907073021,
            0.0022640873212367296
          ],
          [
            0.03176695853471756,
            -0.038333211094141006,
            -0.9987600445747375,
            0.0633946880698204
          ],
          [
            0.019940320402383804,
            0.9990967512130737,
            -0.03771279379725456,
            0.9506624341011047
          ],
          [
            0.0,
            0.0,
            0.0,
            1.0
          ]
        ]
      },
      "bone_length_armature_space": 0.48800468312501466,
      "parent": "Root",
      "has_children": true,
      "is_end_bone": false
    },
    "neck_01": {
      "name": "neck_01",
      "local": {
        "location": {
          "x": 0.0,
          "y": 0.0,
          "z": 0.0
        },
        "rotation_quaternion": {
          "w": 0.9910296201705933,
          "x": 0.05551454424858093,
          "y": 0.07349127531051636,
          "z": 0.09683740884065628
        },
        "scale": {
          "x": 1.0,
          "y": 1.0,
          "z": 1.0
        },
        "matrix_basis": [
          [
            0.970443069934845,
            -0.1837778091430664,
            0.15641583502292633,
            0.0
          ],
          [
            0.20009714365005493,
            0.9750813245773315,
            -0.09579970687627792,
            0.0
          ],
          [
            -0.13491229712963104,
            0.12426652759313583,
            0.9830343127250671,
            0.0
          ],
          [
            0.0,
            0.0,
            0.0,
            1.0
          ]
        ],
        "rotation_mode": "QUATERNION"
      },
      "armature_space": {
        "head": {
          "x": -0.007113303989171982,
          "y": -0.056000106036663055,
          "z": 0.5602132678031921
        },
        "tail": {
          "x": -0.02598743326961994,
          "y": -0.10962919890880585,
          "z": 0.6455268263816833
        }
      },
      "world_space": {
        "head": {
          "x": -0.007113303989171982,
          "y": 0.007243894040584564,
          "z": 1.5100672245025635
        },
        "tail": {
          "x": -0.02598743326961994,
          "y": -0.04638519883155823,
          "z": 1.5953807830810547
        },
        "rotation_quaternion": {
          "w": 0.48717182874679565,
          "x": 0.862952709197998,
          "y": -0.03335695341229439,
          "z": 0.1298602670431137
        },
        "matrix": [
          [
            0.964047372341156,
            -0.18409952521324158,
            0.1916244626045227,
            -0.007113303989171982
          ],
          [
            0.06895681470632553,
            -0.523101806640625,
            -0.8494762182235718,
            0.007243894040584564
          ],
          [
            0.2566291093826294,
            0.832154393196106,
            -0.491604208946228,
            1.5100672245025635
          ],
          [
            0.0,
            0.0,
            0.0,
            1.0
          ]
        ]
      },
      "bone_length_armature_space": 0.10252178137343544,
      "parent": "spine_01",
      "has_children": true,
      "is_end_bone": false
    },
    "head": {
      "name": "head",
      "local": {
        "location": {
          "x": 0.0,
          "y": 0.0,
          "z": 0.0
        },
        "rotation_quaternion": {
          "w": 0.989592432975769,
          "x": -0.046328358352184296,
          "y": -0.09390931576490402,
          "z": -0.09869986027479172
        },
        "scale": {
          "x": 1.0,
          "y": 1.0,
          "z": 1.0
        },
        "matrix_basis": [
          [
            0.9628787636756897,
            0.2040465921163559,
            -0.17671869695186615,
            0.0
          ],
          [
            -0.18664394319057465,
            0.9762240648269653,
            0.11023005843162537,
            0.0
          ],
          [
            0.19500909745693207,
            -0.07315471023321152,
            0.9780694246292114,
            0.0
          ],
          [
            0.0,
            0.0,
            0.0,
            1.0
          ]
        ],
        "rotation_mode": "QUATERNION"
      },
      "armature_space": {
        "head": {
          "x": -0.02598739042878151,
          "y": -0.1096293032169342,
          "z": 0.6455267071723938
        },
        "tail": {
          "x": -0.033280979841947556,
          "y": -0.12376636266708374,
          "z": 0.7998000383377075
        }
      },
      "world_space": {
        "head": {
          "x": -0.02598739042878151,
          "y": -0.046385303139686584,
          "z": 1.5953807830810547
        },
        "tail": {
          "x": -0.033280979841947556,
          "y": -0.06052236258983612,
          "z": 1.7496540546417236
        },
        "rotation_quaternion": {
          "w": 0.6724110841751099,
          "x": 0.7384235858917236,
          "y": -0.04781566932797432,
          "z": -0.017540235072374344
        },
        "matrix": [
          [
            0.9948119521141052,
            -0.047028034925460815,
            -0.09020805358886719,
            -0.02598739042878151
          ],
          [
            -0.09420515596866608,
            -0.09115375578403473,
            -0.9913710951805115,
            -0.046385303139686584
          ],
          [
            0.038399532437324524,
            0.9947327971458435,
            -0.09511265903711319,
            1.5953807830810547
          ],
          [
            0.0,
            0.0,
            0.0,
            1.0
          ]
        ]
      },
      "bone_length_armature_space": 0.1550913093003908,
      "parent": "neck_01",
      "has_children": false,
      "is_end_bone": true
    },
    "upperarm_l": {
      "name": "upperarm_l",
      "local": {
        "location": {
          "x": 0.0,
          "y": 0.0,
          "z": 0.0
        },
        "rotation_quaternion": {
          "w": 0.8724228143692017,
          "x": 0.3562828004360199,
          "y": 0.30393943190574646,
          "z": -0.1398637890815735
        },
        "scale": {
          "x": 1.0,
          "y": 1.0,
          "z": 1.0
        },
        "matrix_basis": [
          [
            0.7761178612709045,
            0.4606175124645233,
            0.4306652545928955,
            0.0
          ],
          [
            -0.027463937178254128,
            0.7070013880729675,
            -0.7066787481307983,
            0.0
          ],
          [
            -0.629989504814148,
            0.5366382598876953,
            0.5613667964935303,
            0.0
          ],
          [
            0.0,
            0.0,
            0.0,
            1.0
          ]
        ],
        "rotation_mode": "QUATERNION"
      },
      "armature_space": {
        "head": {
          "x": 0.1441427618265152,
          "y": -0.05184394493699074,
          "z": 0.4959369897842407
        },
        "tail": {
          "x": 0.3427848219871521,
          "y": -0.17383621633052826,
          "z": 0.36377376317977905
        }
      },
      "world_space": {
        "head": {
          "x": 0.1441427618265152,
          "y": 0.011400055140256882,
          "z": 1.4457910060882568
        },
        "tail": {
          "x": 0.3427848219871521,
          "y": -0.11059221625328064,
          "z": 1.3136277198791504
        },
        "rotation_quaternion": {
          "w": 0.03308406099677086,
          "x": 0.6788023114204407,
          "y": 0.5208459496498108,
          "z": -0.5165774822235107
        },
        "matrix": [
          [
            -0.07626781612634659,
            0.7412863373756409,
            -0.6668417453765869,
            0.1441427618265152
          ],
          [
            0.6729215383529663,
            -0.4552469849586487,
            -0.5830327868461609,
            0.011400055140256882
          ],
          [
            -0.7357763648033142,
            -0.4932026267051697,
            -0.4641105532646179,
            1.4457910060882568
          ],
          [
            0.0,
            0.0,
            0.0,
            1.0
          ]
        ]
      },
      "bone_length_armature_space": 0.26796996878188317,
      "parent": "spine_01",
      "has_children": true,
      "is_end_bone": false
    },
    "lowerarm_l": {
      "name": "lowerarm_l",
      "local": {
        "location": {
          "x": 0.0,
          "y": 0.0,
          "z": 0.0
        },
        "rotation_quaternion": {
          "w": 0.8914079666137695,
          "x": 0.45055803656578064,
          "y": -0.013689379207789898,
          "z": -0.04692615196108818
        },
        "scale": {
          "x": 1.0,
          "y": 1.0,
          "z": 1.0
        },
        "matrix_basis": [
          [
            0.9952210783958435,
            0.07132497429847717,
            -0.066691555082798,
            0.0
          ],
          [
            -0.09599640965461731,
            0.5895907878875732,
            -0.801977276802063,
            0.0
          ],
          [
            -0.017880266532301903,
            0.8045468330383301,
            0.5936201214790344,
            0.0
          ],
          [
            0.0,
            0.0,
            0.0,
            1.0
          ]
        ],
        "rotation_mode": "QUATERNION"
      },
      "armature_space": {
        "head": {
          "x": 0.3427848815917969,
          "y": -0.1738363653421402,
          "z": 0.36377376317977905
        },
        "tail": {
          "x": 0.28616026043891907,
          "y": -0.38342148065567017,
          "z": 0.20744869112968445
        }
      },
      "world_space": {
        "head": {
          "x": 0.3427848815917969,
          "y": -0.11059236526489258,
          "z": 1.3136277198791504
        },
        "tail": {
          "x": 0.28616026043891907,
          "y": -0.32017749547958374,
          "z": 1.157302737236023
        },
        "rotation_quaternion": {
          "w": 0.2776540219783783,
          "x": -0.5765132308006287,
          "y": -0.1766245812177658,
          "z": 0.7478934526443481
        },
        "matrix": [
          [
            -0.1810816526412964,
            -0.2116614580154419,
            -0.9604212641716003,
            0.3427848815917969
          ],
          [
            0.6189642548561096,
            -0.7834240198135376,
            0.055951982736587524,
            -0.11059236526489258
          ],
          [
            -0.7642645239830017,
            -0.5843393206596375,
            0.27287641167640686,
            1.3136277198791504
          ],
          [
            0.0,
            0.0,
            0.0,
            1.0
          ]
        ]
      },
      "bone_length_armature_space": 0.2675253226919207,
      "parent": "upperarm_l",
      "has_children": true,
      "is_end_bone": false
    },
    "metacarpal_thumb_l": {
      "name": "metacarpal_thumb_l",
      "local": {
        "location": {
          "x": 0.0,
          "y": 0.0,
          "z": 0.0
        },
        "rotation_quaternion": {
          "w": 0.9986461400985718,
          "x": -0.05042986571788788,
          "y": 0.006816438399255276,
          "z": -0.010781473480165005
        },
        "scale": {
          "x": 1.0,
          "y": 1.0,
          "z": 1.0
        },
        "matrix_basis": [
          [
            0.9996746182441711,
            0.020846249535679817,
            0.014701836742460728,
            0.0
          ],
          [
            -0.022221257910132408,
            0.994681179523468,
            0.10057619959115982,
            0.0
          ],
          [
            -0.012527002952992916,
            -0.10087016224861145,
            0.9948207139968872,
            0.0
          ],
          [
            0.0,
            0.0,
            0.0,
            1.0
          ]
        ],
        "rotation_mode": "QUATERNION"
      },
      "armature_space": {
        "head": {
          "x": 0.28616026043891907,
          "y": -0.38342148065567017,
          "z": 0.20744869112968445
        },
        "tail": {
          "x": 0.24958840012550354,
          "y": -0.4108855128288269,
          "z": 0.18842720985412598
        }
      },
      "world_space": {
        "head": {
          "x": 0.28616026043891907,
          "y": -0.32017749547958374,
          "z": 1.157302737236023
        },
        "tail": {
          "x": 0.24958840012550354,
          "y": -0.3476415276527405,
          "z": 1.138281226158142
        },
        "rotation_quaternion": {
          "w": 0.31553784012794495,
          "x": -0.853622555732727,
          "y": 0.3510124981403351,
          "z": 0.22035156190395355
        },
        "matrix": [
          [
            0.6564708352088928,
            -0.7383230924606323,
            -0.15467721223831177,
            0.28616026043891907
          ],
          [
            -0.4602075517177582,
            -0.5544519424438477,
            0.6933920979499817,
            -0.32017749547958374
          ],
          [
            -0.5977129936218262,
            -0.38401108980178833,
            -0.7037675380706787,
            1.157302737236023
          ],
          [
            0.0,
            0.0,
            0.0,
            1.0
          ]
        ]
      },
      "bone_length_armature_space": 0.049533734268225584,
      "parent": "lowerarm_l",
      "has_children": true,
      "is_end_bone": false
    },
    "thumb_01_l": {
      "name": "thumb_01_l",
      "local": {
        "location": {
          "x": 0.0,
          "y": 0.0,
          "z": 0.0
        },
        "rotation_quaternion": {
          "w": 0.999833345413208,
          "x": 0.0068474095314741135,
          "y": -0.011224241927266121,
          "z": -0.012667186558246613
        },
        "scale": {
          "x": 1.0,
          "y": 1.0,
          "z": 1.0
        },
        "matrix_basis": [
          [
            0.9994271397590637,
            0.025176437571644783,
            -0.022618217393755913,
            0.0
          ],
          [
            -0.025483865290880203,
            0.9995853304862976,
            -0.01340817753225565,
            0.0
          ],
          [
            0.02227126806974411,
            0.013976896181702614,
            0.999654233455658,
            0.0
          ],
          [
            0.0,
            0.0,
            0.0,
            1.0
          ]
        ],
        "rotation_mode": "QUATERNION"
      },
      "armature_space": {
        "head": {
          "x": 0.24958840012550354,
          "y": -0.4108855128288269,
          "z": 0.18842720985412598
        },
        "tail": {
          "x": 0.22628754377365112,
          "y": -0.4049125909805298,
          "z": 0.16434346139431
        }
      },
      "world_space": {
        "head": {
          "x": 0.24958840012550354,
          "y": -0.3476415276527405,
          "z": 1.138281226158142
        },
        "tail": {
          "x": 0.22628754377365112,
          "y": -0.34166860580444336,
          "z": 1.1141974925994873
        },
        "rotation_quaternion": {
          "w": 0.13548044860363007,
          "x": -0.5209770798683167,
          "y": 0.7545747756958008,
          "z": -0.37529313564300537
        },
        "matrix": [
          [
            -0.4204535484313965,
            -0.6845425963401794,
            0.5954999923706055,
            0.24958840012550354
          ],
          [
            -0.8879234194755554,
            0.17547480762004852,
            -0.42520707845687866,
            -0.3476415276527405
          ],
          [
            0.18657757341861725,
            -0.707542896270752,
            -0.6816055178642273,
            1.138281226158142
          ],
          [
            0.0,
            0.0,
            0.0,
            1.0
          ]
        ]
      },
      "bone_length_armature_space": 0.034038693544100114,
      "parent": "metacarpal_thumb_l",
      "has_children": true,
      "is_end_bone": false
    },
    "thumb_02_l": {
      "name": "thumb_02_l",
      "local": {
        "location": {
          "x": 0.0,
          "y": 0.0,
          "z": 0.0
        },
        "rotation_quaternion": {
          "w": 0.9903445839881897,
          "x": 0.13857777416706085,
          "y": 0.0035538095980882645,
          "z": -0.001152368844486773
        },
        "scale": {
          "x": 1.0,
          "y": 1.0,
          "z": 1.0
        },
        "matrix_basis": [
          [
            0.9999721050262451,
            0.003267442574724555,
            0.006719606928527355,
            0.0
          ],
          [
            -0.001297526410780847,
            0.9615897536277771,
            -0.2744876742362976,
            0.0
          ],
          [
            -0.0073583777993917465,
            0.27447131276130676,
            0.9615671634674072,
            0.0
          ],
          [
            0.0,
            0.0,
            0.0,
            1.0
          ]
        ],
        "rotation_mode": "QUATERNION"
      },
      "armature_space": {
        "head": {
          "x": 0.22628754377365112,
          "y": -0.404912531375885,
          "z": 0.16434349119663239
        },
        "tail": {
          "x": 0.2248975932598114,
          "y": -0.4394681453704834,
          "z": 0.14391890168190002
        }
      },
      "world_space": {
        "head": {
          "x": 0.22628754377365112,
          "y": -0.3416685461997986,
          "z": 1.1141974925994873
        },
        "tail": {
          "x": 0.2248975932598114,
          "y": -0.376224160194397,
          "z": 1.0937728881835938
        },
        "rotation_quaternion": {
          "w": 0.09563959389925003,
          "x": -0.4093163013458252,
          "y": 0.2463255524635315,
          "z": -0.8732908964157104
        },
        "matrix": [
          [
            -0.646626889705658,
            -0.03460635244846344,
            0.7620211243629456,
            0.22628754377365112
          ],
          [
            -0.3686922490596771,
            -0.8603544235229492,
            -0.3519328236579895,
            -0.3416685461997986
          ],
          [
            0.6677917242050171,
            -0.5085246562957764,
            0.5435725450515747,
            1.1141974925994873
          ],
          [
            0.0,
            0.0,
            0.0,
            1.0
          ]
        ]
      },
      "bone_length_armature_space": 0.04016449036178634,
      "parent": "thumb_01_l",
      "has_children": true,
      "is_end_bone": false
    },
    "thumb_03_l": {
      "name": "thumb_03_l",
      "local": {
        "location": {
          "x": 0.0,
          "y": 0.0,
          "z": 0.0
        },
        "rotation_quaternion": {
          "w": 0.9984400272369385,
          "x": 0.05564910173416138,
          "y": 0.0011168596101924777,
          "z": -0.004422022961080074
        },
        "scale": {
          "x": 1.0,
          "y": 1.0,
          "z": 1.0
        },
        "matrix_basis": [
          [
            0.9999583959579468,
            0.008954553864896297,
            0.0017380714416503906,
            0.0
          ],
          [
            -0.008705944754183292,
            0.993767261505127,
            -0.11113446205854416,
            0.0
          ],
          [
            -0.0027223979122936726,
            0.11111470311880112,
            0.993803858757019,
            0.0
          ],
          [
            0.0,
            0.0,
            0.0,
            1.0
          ]
        ],
        "rotation_mode": "QUATERNION"
      },
      "armature_space": {
        "head": {
          "x": 0.22489751875400543,
          "y": -0.439468115568161,
          "z": 0.1439189314842224
        },
        "tail": {
          "x": 0.23456738889217377,
          "y": -0.46637362241744995,
          "z": 0.13345563411712646
        }
      },
      "world_space": {
        "head": {
          "x": 0.22489751875400543,
          "y": -0.3762241005897522,
          "z": 1.0937728881835938
        },
        "tail": {
          "x": 0.23456738889217377,
          "y": -0.4031296372413635,
          "z": 1.0833096504211426
        },
        "rotation_quaternion": {
          "w": 0.19453857839107513,
          "x": -0.18600775301456451,
          "y": 0.14241667091846466,
          "z": -0.9525089859962463
        },
        "matrix": [
          [
            -0.8551115989685059,
            0.31761878728866577,
            0.40975940227508545,
            0.22489751875400543
          ],
          [
            -0.4235808551311493,
            -0.8837448954582214,
            -0.19893404841423035,
            -0.3762241005897522
          ],
          [
            0.2989392876625061,
            -0.34368014335632324,
            0.8902435302734375,
            1.0937728881835938
          ],
          [
            0.0,
            0.0,
            0.0,
            1.0
          ]
        ]
      },
      "bone_length_armature_space": 0.030444922504647864,
      "parent": "thumb_02_l",
      "has_children": false,
      "is_end_bone": true
    },
    "metacarpal_index_l": {
      "name": "metacarpal_index_l",
      "local": {
        "location": {
          "x": 0.0,
          "y": 0.0,
          "z": 0.0
        },
        "rotation_quaternion": {
          "w": 0.9994321465492249,
          "x": -0.029699135571718216,
          "y": -0.014294711872935295,
          "z": -0.007014751899987459
        },
        "scale": {
          "x": 1.0,
          "y": 1.0,
          "z": 1.0
        },
        "matrix_basis": [
          [
            0.999492883682251,
            0.014870618470013142,
            -0.028156524524092674,
            0.0
          ],
          [
            -0.013172456063330173,
            0.9981375336647034,
            0.059565089643001556,
            0.0
          ],
          [
            0.028989853337407112,
            -0.05916399508714676,
            0.9978272318840027,
            0.0
          ],
          [
            0.0,
            0.0,
            0.0,
            1.0
          ]
        ],
        "rotation_mode": "QUATERNION"
      },
      "armature_space": {
        "head": {
          "x": 0.28616026043891907,
          "y": -0.38342148065567017,
          "z": 0.20744869112968445
        },
        "tail": {
          "x": 0.23263847827911377,
          "y": -0.46951666474342346,
          "z": 0.14869225025177002
        }
      },
      "world_space": {
        "head": {
          "x": 0.28616026043891907,
          "y": -0.32017749547958374,
          "z": 1.157302737236023
        },
        "tail": {
          "x": 0.23263847827911377,
          "y": -0.40627264976501465,
          "z": 1.0985462665557861
        },
        "rotation_quaternion": {
          "w": 0.35381561517715454,
          "x": -0.8173683881759644,
          "y": 0.08617639541625977,
          "z": 0.44642701745033264
        },
        "matrix": [
          [
            0.5865541100502014,
            -0.4567805826663971,
            -0.6688093543052673,
            0.28616026043891907
          ],
          [
            0.17502859234809875,
            -0.7347777485847473,
            0.6553374528884888,
            -0.32017749547958374
          ],
          [
            -0.790776789188385,
            -0.5014557838439941,
            -0.35103896260261536,
            1.157302737236023
          ],
          [
            0.0,
            0.0,
            0.0,
            1.0
          ]
        ]
      },
      "bone_length_armature_space": 0.11717201468357266,
      "parent": "lowerarm_l",
      "has_children": true,
      "is_end_bone": false
    },
    "index_01_l": {
      "name": "index_01_l",
      "local": {
        "location": {
          "x": 0.0,
          "y": 0.0,
          "z": 0.0
        },
        "rotation_quaternion": {
          "w": 0.9978161454200745,
          "x": -0.06387518346309662,
          "y": -0.015362166799604893,
          "z": 0.006857055239379406
        },
        "scale": {
          "x": 1.0,
          "y": 1.0,
          "z": 1.0
        },
        "matrix_basis": [
          [
            0.9994339942932129,
            -0.011721638031303883,
            -0.03153322637081146,
            0.0
          ],
          [
            0.015646683052182198,
            0.9917458891868591,
            0.1272606998682022,
            0.0
          ],
          [
            0.029781244695186615,
            -0.12768206000328064,
            0.9913679361343384,
            0.0
          ],
          [
            0.0,
            0.0,
            0.0,
            1.0
          ]
        ],
        "rotation_mode": "QUATERNION"
      },
      "armature_space": {
        "head": {
          "x": 0.23263847827911377,
          "y": -0.46951666474342346,
          "z": 0.14869225025177002
        },
        "tail": {
          "x": 0.23111142218112946,
          "y": -0.4918088912963867,
          "z": 0.13097786903381348
        }
      },
      "world_space": {
        "head": {
          "x": 0.23263847827911377,
          "y": -0.40627264976501465,
          "z": 1.0985462665557861
        },
        "tail": {
          "x": 0.23111142218112946,
          "y": -0.4285649061203003,
          "z": 1.0808318853378296
        },
        "rotation_quaternion": {
          "w": 0.3130023777484894,
          "x": -0.8652065992355347,
          "y": -0.10552403330802917,
          "z": 0.37724241614341736
        },
        "matrix": [
          [
            0.6931062936782837,
            -0.053554169833660126,
            -0.7188434600830078,
            0.23263847827911377
          ],
          [
            0.4187554717063904,
            -0.7817894220352173,
            0.4620060622692108,
            -0.40627264976501465
          ],
          [
            -0.5867301225662231,
            -0.6212438941001892,
            -0.5194401144981384,
            1.0985462665557861
          ],
          [
            0.0,
            0.0,
            0.0,
            1.0
          ]
        ]
      },
      "bone_length_armature_space": 0.028514462463424074,
      "parent": "metacarpal_index_l",
      "has_children": true,
      "is_end_bone": false
    },
    "index_02_l": {
      "name": "index_02_l",
      "local": {
        "location": {
          "x": 0.0,
          "y": 0.0,
          "z": 0.0
        },
        "rotation_quaternion": {
          "w": 0.9801869988441467,
          "x": 0.19793669879436493,
          "y": 0.007398958783596754,
          "z": -1.4100633052294143e-05
        },
        "scale": {
          "x": 1.0,
          "y": 1.0,
          "z": 1.0
        },
        "matrix_basis": [
          [
            0.9998905062675476,
            0.0029566935263574123,
            0.01449914462864399,
            0.0
          ],
          [
            0.0029014083556830883,
            0.9216421246528625,
            -0.38803017139434814,
            0.0
          ],
          [
            -0.014510308392345905,
            0.3880297541618347,
            0.9215326309204102,
            0.0
          ],
          [
            0.0,
            0.0,
            0.0,
            1.0
          ]
        ],
        "rotation_mode": "QUATERNION"
      },
      "armature_space": {
        "head": {
          "x": 0.23111100494861603,
          "y": -0.4918091595172882,
          "z": 0.13097761571407318
        },
        "tail": {
          "x": 0.22338946163654327,
          "y": -0.506275475025177,
          "z": 0.11124947667121887
        }
      },
      "world_space": {
        "head": {
          "x": 0.23111100494861603,
          "y": -0.4285651445388794,
          "z": 1.0808316469192505
        },
        "tail": {
          "x": 0.22338946163654327,
          "y": -0.4430314898490906,
          "z": 1.0611034631729126
        },
        "rotation_quaternion": {
          "w": 0.46409520506858826,
          "x": -0.7828406095504761,
          "y": -0.051550764590501785,
          "z": 0.4112405776977539
        },
        "matrix": [
          [
            0.6564487814903259,
            -0.3009963035583496,
            -0.6917199492454529,
            0.23111100494861603
          ],
          [
            0.462420254945755,
            -0.5639179348945618,
            0.6842254400253296,
            -0.4285651445388794
          ],
          [
            -0.5960261821746826,
            -0.7690300941467285,
            -0.23099736869335175,
            1.0808316469192505
          ],
          [
            0.0,
            0.0,
            0.0,
            1.0
          ]
        ]
      },
      "bone_length_armature_space": 0.025653381485384878,
      "parent": "index_01_l",
      "has_children": true,
      "is_end_bone": false
    },
    "index_03_l": {
      "name": "index_03_l",
      "local": {
        "location": {
          "x": 0.0,
          "y": 0.0,
          "z": 0.0
        },
        "rotation_quaternion": {
          "w": 0.9744606018066406,
          "x": 0.22444356977939606,
          "y": 0.006971156224608421,
          "z": 0.001785172033123672
        },
        "scale": {
          "x": 1.0,
          "y": 1.0,
          "z": 1.0
        },
        "matrix_basis": [
          [
            0.9998964071273804,
            -0.00034989725099876523,
            0.014387574978172779,
            0.0
          ],
          [
            0.006608421914279461,
            0.8992437720298767,
            -0.43739795684814453,
            0.0
          ],
          [
            -0.012784893624484539,
            0.437447726726532,
            0.8991529941558838,
            0.0
          ],
          [
            0.0,
            0.0,
            0.0,
            1.0
          ]
        ],
        "rotation_mode": "QUATERNION"
      },
      "armature_space": {
        "head": {
          "x": 0.22338955104351044,
          "y": -0.5062755942344666,
          "z": 0.11124953627586365
        },
        "tail": {
          "x": 0.20764538645744324,
          "y": -0.5085296630859375,
          "z": 0.0867387056350708
        }
      },
      "world_space": {
        "head": {
          "x": 0.22338955104351044,
          "y": -0.4430316090583801,
          "z": 1.0611035823822021
        },
        "tail": {
          "x": 0.20764538645744324,
          "y": -0.4452856779098511,
          "z": 1.036592721939087
        },
        "rotation_quaternion": {
          "w": 0.6782422065734863,
          "x": -0.6384877562522888,
          "y": 0.0376293808221817,
          "z": 0.3618079125881195
        },
        "matrix": [
          [
            0.7353564500808716,
            -0.5388390421867371,
            -0.41097885370254517,
            0.22338955104351044
          ],
          [
            0.4427379071712494,
            -0.07714405655860901,
            0.8933265805244446,
            -0.4430316090583801
          ],
          [
            -0.513066828250885,
            -0.8388752341270447,
            0.18183830380439758,
            1.0611035823822021
          ],
          [
            0.0,
            0.0,
            0.0,
            1.0
          ]
        ]
      },
      "bone_length_armature_space": 0.02921883593264652,
      "parent": "index_02_l",
      "has_children": false,
      "is_end_bone": true
    },
    "metacarpal_pinky_l": {
      "name": "metacarpal_pinky_l",
      "local": {
        "location": {
          "x": 0.0,
          "y": 0.0,
          "z": 0.0
        },
        "rotation_quaternion": {
          "w": 0.9998618364334106,
          "x": 0.011030572466552258,
          "y": 0.011748040094971657,
          "z": -0.004080950748175383
        },
        "scale": {
          "x": 1.0,
          "y": 1.0,
          "z": 1.0
        },
        "matrix_basis": [
          [
            0.9996906518936157,
            0.008419948630034924,
            0.023402802646160126,
            0.0
          ],
          [
            -0.007901598699390888,
            0.9997233152389526,
            -0.022153982892632484,
            0.0
          ],
          [
            -0.023582864552736282,
            0.021962210536003113,
            0.9994806051254272,
            0.0
          ],
          [
            0.0,
            0.0,
            0.0,
            1.0
          ]
        ],
        "rotation_mode": "QUATERNION"
      },
      "armature_space": {
        "head": {
          "x": 0.28616026043891907,
          "y": -0.38342148065567017,
          "z": 0.20744869112968445
        },
        "tail": {
          "x": 0.29435840249061584,
          "y": -0.46404504776000977,
          "z": 0.14205816388130188
        }
      },
      "world_space": {
        "head": {
          "x": 0.28616026043891907,
          "y": -0.32017749547958374,
          "z": 1.157302737236023
        },
        "tail": {
          "x": 0.29435840249061584,
          "y": -0.40080106258392334,
          "z": 1.0919121503829956
        },
        "rotation_quaternion": {
          "w": 0.018095824867486954,
          "x": 0.06666103005409241,
          "y": 0.335479199886322,
          "z": -0.9395118951797485
        },
        "matrix": [
          [
            -0.9904578924179077,
            0.07872918993234634,
            -0.11311584711074829,
            0.28616026043891907
          ],
          [
            0.010723945684731007,
            -0.7742530107498169,
            -0.6327856779098511,
            -0.32017749547958374
          ],
          [
            -0.13739994168281555,
            -0.6279656291007996,
            0.766025185585022,
            1.157302737236023
          ],
          [
            0.0,
            0.0,
            0.0,
            1.0
          ]
        ]
      },
      "bone_length_armature_space": 0.10413112018353635,
      "parent": "lowerarm_l",
      "has_children": true,
      "is_end_bone": false
    },
    "pinky_01_l": {
      "name": "pinky_01_l",
      "local": {
        "location": {
          "x": 0.0,
          "y": 0.0,
          "z": 0.0
        },
        "rotation_quaternion": {
          "w": 0.999748945236206,
          "x": 0.003152106888592243,
          "y": -0.020526422187685966,
          "z": 0.008411213755607605
        },
        "scale": {
          "x": 1.0,
          "y": 1.0,
          "z": 1.0
        },
        "matrix_basis": [
          [
            0.9990158081054688,
            -0.016947606578469276,
            -0.04098951071500778,
            0.0
          ],
          [
            0.01668880134820938,
            0.999838650226593,
            -0.006647935137152672,
            0.0
          ],
          [
            0.041095562279224396,
            0.005957326851785183,
            0.9991374611854553,
            0.0
          ],
          [
            0.0,
            0.0,
            0.0,
            1.0
          ]
        ],
        "rotation_mode": "QUATERNION"
      },
      "armature_space": {
        "head": {
          "x": 0.29435840249061584,
