{
  "metadata": {
    "armature_name": "KIM_caucasian_male",
    "export_time": "2026-01-13T20:56:21.999722",
    "blender_version": "4.4.1",
    "bone_count": 56,
    "end_bone_count": 13,
    "spaces_included": [
      "LOCAL_CHANNELS",
      "ARMATURE_SPACE",
      "WORLD_SPACE"
    ],
    "note": "LOCAL matches Transform panel; replay pose via local.matrix_basis for best fidelity."
  },
  "bones": {
    "Root": {
      "name": "Root",
      "local": {
        "location": {
          "x": 0.0,
          "y": 0.0,
          "z": 0.0
        },
        "rotation_quaternion": {
          "w": 0.9996538758277893,
          "x": 0.01776869408786297,
          "y": 0.005292680114507675,
          "z": 0.0186665840446949
        },
        "scale": {
          "x": 1.0,
          "y": 1.0,
          "z": 1.0
        },
        "matrix_basis": [
          [
            0.9992470741271973,
            -0.03713215887546539,
            0.011245057918131351,
            0.0
          ],
          [
            0.03750833496451378,
            0.9986716508865356,
            -0.0353274941444397,
            0.0
          ],
          [
            -0.009918334893882275,
            0.035722680389881134,
            0.9993125200271606,
            0.0
          ],
          [
            0.0,
            0.0,
            0.0,
            1.0
          ]
        ],
        "rotation_mode": "QUATERNION"
      },
      "armature_space": {
        "head": {
          "x": 0.0,
          "y": 0.07072800397872925,
          "z": -0.009595036506652832
        },
        "tail": {
          "x": -0.002650340087711811,
          "y": -0.0002488046884536743,
          "z": -0.002539358101785183
        }
      },
      "world_space": {
        "head": {
          "x": 0.0,
          "y": 0.13397200405597687,
          "z": 0.9402589797973633
        },
        "tail": {
          "x": -0.002650340087711811,
          "y": 0.06299519538879395,
          "z": 0.9473146796226501
        },
        "rotation_quaternion": {
          "w": 0.0496160052716732,
          "x": 0.9985799193382263,
          "y": -0.018267622217535973,
          "z": 0.006538182031363249
        },
        "matrix": [
          [
            0.9992470741271973,
            -0.03713215887546539,
            0.011245057918131351,
            0.0
          ],
          [
            -0.03583455830812454,
            -0.9944090247154236,
            -0.09933044016361237,
            0.13397200405597687
          ],
          [
            0.01487061195075512,
            0.09885243326425552,
            -0.994998037815094,
            0.9402589797973633
          ],
          [
            0.0,
            0.0,
            0.0,
            1.0
          ]
        ]
      },
      "bone_length_armature_space": 0.07137586550163594,
      "parent": null,
      "has_children": true,
      "is_end_bone": false
    },
    "spine_01": {
      "name": "spine_01",
      "local": {
        "location": {
          "x": 0.0,
          "y": 0.0,
          "z": 0.0
        },
        "rotation_quaternion": {
          "w": 0.9935266971588135,
          "x": 0.0894240140914917,
          "y": 0.03845835104584694,
          "z": -0.05855931341648102
        },
        "scale": {
          "x": 1.0,
          "y": 1.0,
          "z": 1.0
        },
        "matrix_basis": [
          [
            0.9901835322380066,
            0.12323868274688721,
            0.0659455806016922,
            0.0
          ],
          [
            -0.1094822809100151,
            0.9771482944488525,
            -0.18219448626041412,
            0.0
          ],
          [
            -0.0868920162320137,
            0.17318610846996307,
            0.981048583984375,
            0.0
          ],
          [
            0.0,
            0.0,
            0.0,
            1.0
          ]
        ],
        "rotation_mode": "QUATERNION"
      },
      "armature_space": {
        "head": {
          "x": -0.002650340087711811,
          "y": -0.0002488046884536743,
          "z": -0.002539358101785183
        },
        "tail": {
          "x": 0.0475035198032856,
          "y": -0.08139046281576157,
          "z": 0.4760512709617615
        }
      },
      "world_space": {
        "head": {
          "x": -0.002650340087711811,
          "y": 0.06299519538879395,
          "z": 0.9473146796226501
        },
        "tail": {
          "x": 0.0475035198032856,
          "y": -0.018146462738513947,
          "z": 1.4259052276611328
        },
        "rotation_quaternion": {
          "w": 0.643705427646637,
          "x": 0.7633599042892456,
          "y": 0.0500633679330349,
          "z": -0.02046060934662819
        },
        "matrix": [
          [
            0.9941500425338745,
            0.10277404636144638,
            0.03321514651179314,
            -0.002650340087711811
          ],
          [
            0.050092123448848724,
            -0.16627347469329834,
            -0.9848065376281738,
            0.06299519538879395
          ],
          [
            -0.09569038450717926,
            0.9807160496711731,
            -0.1704510748386383,
            0.9473146796226501
          ],
          [
            0.0,
            0.0,
            0.0,
            1.0
          ]
        ]
      },
      "bone_length_armature_space": 0.48800448298587573,
      "parent": "Root",
      "has_children": true,
      "is_end_bone": false
    },
    "neck_01": {
      "name": "neck_01",
      "local": {
        "location": {
          "x": 0.0,
          "y": 0.0,
          "z": 0.0
        },
        "rotation_quaternion": {
          "w": 0.9881241321563721,
          "x": -0.12330817431211472,
          "y": -0.09117735177278519,
          "z": 0.009621656499803066
        },
        "scale": {
          "x": 1.0,
          "y": 1.0,
          "z": 1.0
        },
        "matrix_basis": [
          [
            0.9831882119178772,
            0.003471043659374118,
            -0.1825619339942932,
            0.0
          ],
          [
            0.04150060936808586,
            0.9694050550460815,
            0.24193301796913147,
            0.0
          ],
          [
            0.1778162270784378,
            -0.24544212222099304,
            0.9529635906219482,
            0.0
          ],
          [
            0.0,
            0.0,
            0.0,
            1.0
          ]
        ],
        "rotation_mode": "QUATERNION"
      },
      "armature_space": {
        "head": {
          "x": 0.05618039518594742,
          "y": -0.12771828472614288,
          "z": 0.5419464707374573
        },
        "tail": {
          "x": 0.06748957186937332,
          "y": -0.15883424878120422,
          "z": 0.6389756202697754
        }
      },
      "world_space": {
        "head": {
          "x": 0.05618039518594742,
          "y": -0.06447428464889526,
          "z": 1.4918005466461182
        },
        "tail": {
          "x": 0.06748957186937332,
          "y": -0.0955902487039566,
          "z": 1.5888296365737915
        },
        "rotation_quaternion": {
          "w": 0.5901064276695251,
          "x": 0.8011402487754822,
          "y": -0.004547262564301491,
          "z": -0.09964007139205933
        },
        "matrix": [
          [
            0.9801025986671448,
            0.11031048744916916,
            -0.16501732170581818,
            0.05618039518594742
          ],
          [
            -0.12488184124231339,
            -0.30350714921951294,
            -0.944610059261322,
            -0.06447428464889526
          ],
          [
            -0.15428555011749268,
            0.9464285969734192,
            -0.2836953401565552,
            1.4918005466461182
          ],
          [
            0.0,
            0.0,
            0.0,
            1.0
          ]
        ]
      },
      "bone_length_armature_space": 0.1025219820760346,
      "parent": "spine_01",
      "has_children": true,
      "is_end_bone": false
    },
    "head": {
      "name": "head",
      "local": {
        "location": {
          "x": 0.0,
          "y": 0.0,
          "z": 0.0
        },
        "rotation_quaternion": {
          "w": 0.9881110191345215,
          "x": 0.04106713831424713,
          "y": -0.05728687718510628,
          "z": -0.1366322785615921
        },
        "scale": {
          "x": 1.0,
          "y": 1.0,
          "z": 1.0
        },
        "matrix_basis": [
          [
            0.9560996890068054,
            0.26531049609184265,
            -0.12443378567695618,
            0.0
          ],
          [
            -0.2747209370136261,
            0.9592902064323425,
            -0.0655033141374588,
            0.0
          ],
          [
            0.10198939591646194,
            0.09681225568056107,
            0.9900634288787842,
            0.0
          ],
          [
            0.0,
            0.0,
            0.0,
            1.0
          ]
        ],
        "rotation_mode": "QUATERNION"
      },
      "armature_space": {
        "head": {
          "x": 0.06748954206705093,
          "y": -0.15883436799049377,
          "z": 0.6389754414558411
        },
        "tail": {
          "x": 0.13013698160648346,
          "y": -0.17024512588977814,
          "z": 0.7803909778594971
        }
      },
      "world_space": {
        "head": {
          "x": 0.06748954206705093,
          "y": -0.09559036791324615,
          "z": 1.588829517364502
        },
        "tail": {
          "x": 0.13013698160648346,
          "y": -0.10700112581253052,
          "z": 1.7302449941635132
        },
        "rotation_quaternion": {
          "w": 0.6780012845993042,
          "x": 0.6932065486907959,
          "y": 0.059383343905210495,
          "z": -0.23717661201953888
        },
        "matrix": [
          [
            0.8804413080215454,
            0.40394192934036255,
            -0.24830296635627747,
            0.06748954206705093
          ],
          [
            -0.23928506672382355,
            -0.0735749676823616,
            -0.9681577682495117,
            -0.09559036791324615
          ],
          [
            -0.40935152769088745,
            0.9118275046348572,
            0.0318780280649662,
            1.588829517364502
          ],
          [
            0.0,
            0.0,
            0.0,
            1.0
          ]
        ]
      },
      "bone_length_armature_space": 0.15509114116043288,
      "parent": "neck_01",
      "has_children": false,
      "is_end_bone": true
    },
    "upperarm_l": {
      "name": "upperarm_l",
      "local": {
        "location": {
          "x": 0.0,
          "y": 0.0,
          "z": 0.0
        },
        "rotation_quaternion": {
          "w": 0.7563784122467041,
          "x": 0.14324097335338593,
          "y": 0.5401193499565125,
          "z": 0.34006622433662415
        },
        "scale": {
          "x": 1.0,
          "y": 1.0,
          "z": 1.0
        },
        "matrix_basis": [
          [
            0.1852521002292633,
            -0.35970306396484375,
            0.9144920706748962,
            0.0
          ],
          [
            0.669171929359436,
            0.7276739478111267,
            0.15066394209861755,
            0.0
          ],
          [
            -0.7196463942527771,
            0.5840414762496948,
            0.3755062222480774,
            0.0
          ],
          [
            0.0,
            0.0,
            0.0,
            1.0
          ]
        ],
        "rotation_mode": "QUATERNION"
      },
      "armature_space": {
        "head": {
          "x": 0.1985016167163849,
          "y": -0.1121702641248703,
          "z": 0.461137592792511
        },
        "tail": {
          "x": 0.4144367277622223,
          "y": -0.2653796672821045,
          "z": 0.5024478435516357
        }
      },
      "world_space": {
        "head": {
          "x": 0.1985016167163849,
          "y": -0.04892626404762268,
          "z": 1.4109916687011719
        },
        "tail": {
          "x": 0.4144367277622223,
          "y": -0.20213566720485687,
          "z": 1.4523018598556519
        },
        "rotation_quaternion": {
          "w": 0.09446607530117035,
          "x": 0.8863720893859863,
          "y": 0.4529955983161926,
          "z": -0.014685647562146187
        },
        "matrix": [
          [
            0.5891585946083069,
            0.8058199286460876,
            0.05955195426940918,
            0.1985016167163849
          ],
          [
            0.8002709746360779,
            -0.5717421770095825,
            -0.18076948821544647,
            -0.04892626404762268
          ],
          [
            -0.11161933839321136,
            0.15416023135185242,
            -0.981728196144104,
            1.4109916687011719
          ],
          [
            0.0,
            0.0,
            0.0,
            1.0
          ]
        ]
      },
      "bone_length_armature_space": 0.2679694578867646,
      "parent": "spine_01",
      "has_children": true,
      "is_end_bone": false
    },
    "lowerarm_l": {
      "name": "lowerarm_l",
      "local": {
        "location": {
          "x": 0.0,
          "y": 0.0,
          "z": 0.0
        },
        "rotation_quaternion": {
          "w": 0.9488949775695801,
          "x": 0.14350713789463043,
          "y": 0.07828045636415482,
          "z": -0.2699560821056366
        },
        "scale": {
          "x": 1.0,
          "y": 1.0,
          "z": 1.0
        },
        "matrix_basis": [
          [
            0.8419917821884155,
            0.5347875356674194,
            0.07107861340045929,
            0.0
          ],
          [
            -0.48985233902931213,
            0.8130588531494141,
            -0.3146109879016876,
            0.0
          ],
          [
            -0.22604110836982727,
            0.23008184134960175,
            0.9465557336807251,
            0.0
          ],
          [
            0.0,
            0.0,
            0.0,
            1.0
          ]
        ],
        "rotation_mode": "QUATERNION"
      },
      "armature_space": {
        "head": {
          "x": 0.4144367277622223,
          "y": -0.2653798460960388,
          "z": 0.502447783946991
        },
        "tail": {
          "x": 0.6637239456176758,
          "y": -0.3137863278388977,
          "z": 0.4182922840118408
        }
      },
      "world_space": {
        "head": {
          "x": 0.4144367277622223,
          "y": -0.2021358460187912,
          "z": 1.4523017406463623
        },
        "tail": {
          "x": 0.6637239456176758,
          "y": -0.2505423426628113,
          "z": 1.368146300315857
        },
        "rotation_quaternion": {
          "w": 0.11995507031679153,
          "x": -0.7612205147743225,
          "y": -0.6286011934280396,
          "z": 0.10495053976774216
        },
        "matrix": [
          [
            0.1876908391714096,
            0.9318294525146484,
            -0.31058943271636963,
            0.4144367277622223
          ],
          [
            0.9821872711181641,
            -0.18094226717948914,
            0.05067819356918335,
            -0.2021358460187912
          ],
          [
            -0.008974507451057434,
            -0.3145712614059448,
            -0.9491990804672241,
            1.4523017406463623
          ],
          [
            0.0,
            0.0,
            0.0,
            1.0
          ]
        ]
      },
      "bone_length_armature_space": 0.26752467387313383,
      "parent": "upperarm_l",
      "has_children": true,
      "is_end_bone": false
    },
    "metacarpal_thumb_l": {
      "name": "metacarpal_thumb_l",
      "local": {
        "location": {
          "x": 0.0,
          "y": 0.0,
          "z": 0.0
        },
        "rotation_quaternion": {
          "w": 0.9984888434410095,
          "x": -0.04752810671925545,
          "y": 0.02029811404645443,
          "z": -0.01868894323706627
        },
        "scale": {
          "x": 1.0,
          "y": 1.0,
          "z": 1.0
        },
        "matrix_basis": [
          [
            0.9984773993492126,
            0.03539194166660309,
            0.04231138154864311,
            0.0
          ],
          [
            -0.03925086557865143,
            0.9947835803031921,
            0.09415386617183685,
            0.0
          ],
          [
            -0.03875838220119476,
            -0.09567126631736755,
            0.9946581125259399,
            0.0
          ],
          [
            0.0,
            0.0,
            0.0,
            1.0
          ]
        ],
        "rotation_mode": "QUATERNION"
      },
      "armature_space": {
        "head": {
          "x": 0.6637239456176758,
          "y": -0.3137863278388977,
          "z": 0.4182922840118408
        },
        "tail": {
          "x": 0.6938974261283875,
          "y": -0.31536605954170227,
          "z": 0.3790408968925476
        }
      },
      "world_space": {
        "head": {
          "x": 0.6637239456176758,
          "y": -0.2505423426628113,
          "z": 1.368146300315857
        },
        "tail": {
          "x": 0.6938974261283875,
          "y": -0.25212204456329346,
          "z": 1.328894853591919
        },
        "rotation_quaternion": {
          "w": 0.6709750294685364,
          "x": -0.6649645566940308,
          "y": -0.18397390842437744,
          "z": -0.27160346508026123
        },
        "matrix": [
          [
            0.784769594669342,
            0.6091505885124207,
            0.11433196067810059,
            0.6637239456176758
          ],
          [
            -0.11980941146612167,
            -0.03189188987016678,
            0.9922846555709839,
            -0.2505423426628113
          ],
          [
            0.6081014275550842,
            -0.7924185395240784,
            0.04795543849468231,
            1.368146300315857
          ],
          [
            0.0,
            0.0,
            0.0,
            1.0
          ]
        ]
      },
      "bone_length_armature_space": 0.049533885717374396,
      "parent": "lowerarm_l",
      "has_children": true,
      "is_end_bone": false
    },
    "thumb_01_l": {
      "name": "thumb_01_l",
      "local": {
        "location": {
          "x": 0.0,
          "y": 0.0,
          "z": 0.0
        },
        "rotation_quaternion": {
          "w": 0.9992244243621826,
          "x": -0.03706488385796547,
          "y": -0.006113576237112284,
          "z": -0.011803642846643925
        },
        "scale": {
          "x": 1.0,
          "y": 1.0,
          "z": 1.0
        },
        "matrix_basis": [
          [
            0.9996466040611267,
            0.024042174220085144,
            -0.01134266797453165,
            0.0
          ],
          [
            -0.023135777562856674,
            0.9969737529754639,
            0.07421659678220749,
            0.0
          ],
          [
            0.01309267058968544,
            -0.07392794638872147,
            0.9971776604652405,
            0.0
          ],
          [
            0.0,
            0.0,
            0.0,
            1.0
          ]
        ],
        "rotation_mode": "QUATERNION"
      },
      "armature_space": {
        "head": {
          "x": 0.6938974261283875,
          "y": -0.31536605954170227,
          "z": 0.3790408968925476
        },
        "tail": {
          "x": 0.7053896188735962,
          "y": -0.2910972833633423,
          "z": 0.358122318983078
        }
      },
      "world_space": {
        "head": {
          "x": 0.6938974261283875,
          "y": -0.25212204456329346,
          "z": 1.328894853591919
        },
        "tail": {
          "x": 0.7053896188735962,
          "y": -0.22785328328609467,
          "z": 1.3079763650894165
        },
        "rotation_quaternion": {
          "w": 0.8055608868598938,
          "x": -0.19921012222766876,
          "y": 0.45558881759643555,
          "z": -0.32222023606300354
        },
        "matrix": [
          [
            0.3772253692150116,
            0.3376224637031555,
            0.8623872399330139,
            0.6938974261283875
          ],
          [
            -0.700652539730072,
            0.7129784226417542,
            0.02735031023621559,
            -0.25212204456329346
          ],
          [
            -0.6056342124938965,
            -0.6145548224449158,
            0.5055133700370789,
            1.328894853591919
          ],
          [
            0.0,
            0.0,
            0.0,
            1.0
          ]
        ]
      },
      "bone_length_armature_space": 0.034038667679676005,
      "parent": "metacarpal_thumb_l",
      "has_children": true,
      "is_end_bone": false
    },
    "thumb_02_l": {
      "name": "thumb_02_l",
      "local": {
        "location": {
          "x": 0.0,
          "y": 0.0,
          "z": 0.0
        },
        "rotation_quaternion": {
          "w": 0.9970091581344604,
          "x": 0.07658964395523071,
          "y": -0.008988019078969955,
          "z": 0.005116118583828211
        },
        "scale": {
          "x": 1.0,
          "y": 1.0,
          "z": 1.0
        },
        "matrix_basis": [
          [
            0.9997860789299011,
            -0.011578412726521492,
            -0.017138591036200523,
            0.0
          ],
          [
            0.008824856020510197,
            0.9882156848907471,
            -0.152813121676445,
            0.0
          ],
          [
            0.018705958500504494,
            0.15262918174266815,
            0.9881064891815186,
            0.0
          ],
          [
            0.0,
            0.0,
            0.0,
            1.0
          ]
        ],
        "rotation_mode": "QUATERNION"
      },
      "armature_space": {
        "head": {
          "x": 0.7053895592689514,
          "y": -0.2910972833633423,
          "z": 0.358122318983078
        },
        "tail": {
          "x": 0.7432165145874023,
          "y": -0.2987409830093384,
          "z": 0.3469923138618469
        }
      },
      "world_space": {
        "head": {
          "x": 0.7053895592689514,
          "y": -0.22785328328609467,
          "z": 1.3079763650894165
        },
        "tail": {
          "x": 0.7432165145874023,
          "y": -0.23549698293209076,
          "z": 1.2968463897705078
        },
        "rotation_quaternion": {
          "w": 0.52864009141922,
          "x": 0.23095011711120605,
          "y": 0.3540956676006317,
          "z": -0.736082911491394
        },
        "matrix": [
          [
            -0.3344024419784546,
            0.9418027997016907,
            0.03438366949558258,
            0.7053895592689514
          ],
          [
            -0.6146907806396484,
            -0.19030994176864624,
            -0.7654655575752258,
            -0.22785328328609467
          ],
          [
            -0.7143797874450684,
            -0.2771108150482178,
            0.6425615549087524,
            1.3079763650894165
          ],
          [
            0.0,
            0.0,
            0.0,
            1.0
          ]
        ]
      },
      "bone_length_armature_space": 0.040164433216154,
      "parent": "thumb_01_l",
      "has_children": true,
      "is_end_bone": false
    },
    "thumb_03_l": {
      "name": "thumb_03_l",
      "local": {
        "location": {
          "x": 0.0,
          "y": 0.0,
          "z": 0.0
        },
        "rotation_quaternion": {
          "w": 0.9942363500595093,
          "x": 0.10698860138654709,
          "y": -0.006747078150510788,
          "z": -0.0014391858130693436
        },
        "scale": {
          "x": 1.0,
          "y": 1.0,
          "z": 1.0
        },
        "matrix_basis": [
          [
            0.9999048113822937,
            0.0014180607395246625,
            -0.013724333606660366,
            0.0
          ],
          [
            -0.004305502399802208,
            0.9771027565002441,
            -0.2127244919538498,
            0.0
          ],
          [
            0.01310842763632536,
            0.21276333928108215,
            0.9770158529281616,
            0.0
          ],
          [
            0.0,
            0.0,
            0.0,
            1.0
          ]
        ],
        "rotation_mode": "QUATERNION"
      },
      "armature_space": {
        "head": {
          "x": 0.7432164549827576,
          "y": -0.2987409234046936,
          "z": 0.34699228405952454
        },
        "tail": {
          "x": 0.7698774933815002,
          "y": -0.3131212294101715,
          "z": 0.3500395715236664
        }
      },
      "world_space": {
        "head": {
          "x": 0.7432164549827576,
          "y": -0.23549692332744598,
          "z": 1.2968462705612183
        },
        "tail": {
          "x": 0.7698774933815002,
          "y": -0.2498772293329239,
          "z": 1.2998936176300049
        },
        "rotation_quaternion": {
          "w": 0.4461817443370819,
          "x": 0.5069484114646912,
          "y": 0.25446322560310364,
          "z": -0.692223846912384
        },
        "matrix": [
          [
            -0.08784956485033035,
            0.8757153749465942,
            -0.4747682213783264,
            0.7432164549827576
          ],
          [
            -0.3597162067890167,
            -0.4723389446735382,
            -0.8046741485595703,
            -0.23549692332744598
          ],
          [
            -0.9289239048957825,
            0.1000920906662941,
            0.3565056025981903,
            1.2968462705612183
          ],
          [
            0.0,
            0.0,
            0.0,
            1.0
          ]
        ]
      },
      "bone_length_armature_space": 0.03044487001696069,
      "parent": "thumb_02_l",
      "has_children": false,
      "is_end_bone": true
    },
    "metacarpal_index_l": {
      "name": "metacarpal_index_l",
      "local": {
        "location": {
          "x": 0.0,
          "y": 0.0,
          "z": 0.0
        },
        "rotation_quaternion": {
          "w": 0.9998039603233337,
          "x": -0.0169569980353117,
          "y": -0.0010065586538985372,
          "z": -0.010180773213505745
        },
        "scale": {
          "x": 1.0,
          "y": 1.0,
          "z": 1.0
        },
        "matrix_basis": [
          [
            0.9997906684875488,
            0.020391691476106644,
            -0.001667451928369701,
            0.0
          ],
          [
            -0.020323418080806732,
            0.9992176294326782,
            0.03392784297466278,
            0.0
          ],
          [
            0.0023579932749271393,
            -0.033886853605508804,
            0.9994229078292847,
            0.0
          ],
          [
            0.0,
            0.0,
            0.0,
            1.0
          ]
        ],
        "rotation_mode": "QUATERNION"
      },
      "armature_space": {
        "head": {
          "x": 0.6637239456176758,
          "y": -0.3137863278388977,
          "z": 0.4182922840118408
        },
        "tail": {
          "x": 0.7596902847290039,
          "y": -0.3285594880580902,
          "z": 0.35270655155181885
        }
      },
      "world_space": {
        "head": {
          "x": 0.6637239456176758,
          "y": -0.2505423426628113,
          "z": 1.368146300315857
        },
        "tail": {
          "x": 0.7596902847290039,
          "y": -0.2653154730796814,
          "z": 1.302560567855835
        },
        "rotation_quaternion": {
          "w": 0.4842226803302765,
          "x": -0.731860339641571,
          "y": -0.4499860405921936,
          "z": -0.16559439897537231
        },
        "matrix": [
          [
            0.5401808023452759,
            0.8190231919288635,
            -0.1934049278497696,
            0.6637239456176758
          ],
          [
            0.4982879161834717,
            -0.12608137726783752,
            0.8577954173088074,
            -0.2505423426628113
          ],
          [
            0.6781749725341797,
            -0.5597401261329651,
            -0.4762187898159027,
            1.368146300315857
          ],
          [
            0.0,
            0.0,
            0.0,
            1.0
          ]
        ]
      },
      "bone_length_armature_space": 0.1171719784813792,
      "parent": "lowerarm_l",
      "has_children": true,
      "is_end_bone": false
    },
    "index_01_l": {
      "name": "index_01_l",
      "local": {
        "location": {
          "x": 0.0,
          "y": 0.0,
          "z": 0.0
        },
        "rotation_quaternion": {
          "w": 0.9966145753860474,
          "x": -0.07847119122743607,
          "y": -0.02440900355577469,
          "z": -0.0024513937532901764
        },
        "scale": {
          "x": 1.0,
          "y": 1.0,
          "z": 1.0
        },
        "matrix_basis": [
          [
            0.9987964034080505,
            0.008716996759176254,
            -0.04826800897717476,
            0.0
          ],
          [
            -0.001055382308550179,
            0.9876725077629089,
            0.1565307378768921,
            0.0
          ],
          [
            0.04903746396303177,
            -0.1562913954257965,
            0.986492931842804,
            0.0
          ],
          [
            0.0,
            0.0,
            0.0,
            1.0
          ]
        ],
        "rotation_mode": "QUATERNION"
      },
      "armature_space": {
        "head": {
          "x": 0.7596902847290039,
          "y": -0.3285594880580902,
          "z": 0.35270655155181885
        },
        "tail": {
          "x": 0.7874204516410828,
          "y": -0.3339689075946808,
          "z": 0.3488534688949585
        }
      },
      "world_space": {
        "head": {
          "x": 0.7596902847290039,
          "y": -0.2653154730796814,
          "z": 1.302560567855835
        },
        "tail": {
          "x": 0.7874204516410828,
          "y": -0.270724892616272,
          "z": 1.2987074851989746
        },
        "rotation_quaternion": {
          "w": 0.3386625349521637,
          "x": -0.7032998204231262,
          "y": -0.5389360785484314,
          "z": -0.31658321619033813
        },
        "matrix": [
          [
            0.21864476799964905,
            0.9724974036216736,
            0.08026881515979767,
            0.7596902847290039
          ],
          [
            0.5436390042304993,
            -0.18970881402492523,
            0.8175987005233765,
            -0.2653154730796814
          ],
          [
            0.8103466629981995,
            -0.1351274847984314,
            -0.5701696872711182,
            1.302560567855835
          ],
          [
            0.0,
            0.0,
            0.0,
            1.0
          ]
        ]
      },
      "bone_length_armature_space": 0.028514385984905553,
      "parent": "metacarpal_index_l",
      "has_children": true,
      "is_end_bone": false
    },
    "index_02_l": {
      "name": "index_02_l",
      "local": {
        "location": {
          "x": 0.0,
          "y": 0.0,
          "z": 0.0
        },
        "rotation_quaternion": {
          "w": 0.9995046257972717,
          "x": 0.03084532730281353,
          "y": -0.0038807792589068413,
          "z": -0.004909036215394735
        },
        "scale": {
          "x": 1.0,
          "y": 1.0,
          "z": 1.0
        },
        "matrix_basis": [
          [
            0.9999216794967651,
            0.009573801420629025,
            -0.008060554973781109,
            0.0
          ],
          [
            -0.010052616707980633,
            0.9980489611625671,
            -0.06162199378013611,
            0.0
          ],
          [
            0.007454872131347656,
            0.06169819459319115,
            0.9980670213699341,
            0.0
          ],
          [
            0.0,
            0.0,
            0.0,
            1.0
          ]
        ],
        "rotation_mode": "QUATERNION"
      },
      "armature_space": {
        "head": {
          "x": 0.7874207496643066,
          "y": -0.333968847990036,
          "z": 0.34885305166244507
        },
        "tail": {
          "x": 0.8126043677330017,
          "y": -0.3377399146556854,
          "z": 0.34574609994888306
        }
      },
      "world_space": {
        "head": {
          "x": 0.7874207496643066,
          "y": -0.2707248330116272,
          "z": 1.2987070083618164
        },
        "tail": {
          "x": 0.8126043677330017,
          "y": -0.2744958996772766,
          "z": 1.295600175857544
        },
        "rotation_quaternion": {
          "w": 0.32162046432495117,
          "x": -0.6998028755187988,
          "y": -0.5683819055557251,
          "z": -0.28944486379623413
        },
        "matrix": [
          [
            0.186326265335083,
            0.9816934466362,
            0.03949971869587898,
            0.7874207496643066
          ],
          [
            0.6093290448188782,
            -0.1470019817352295,
            0.7791720032691956,
            -0.2707248330116272
          ],
          [
            0.7707207202911377,
            -0.12111282348632812,
            -0.6255684494972229,
            1.2987070083618164
          ],
          [
            0.0,
            0.0,
            0.0,
            1.0
          ]
        ]
      },
      "bone_length_armature_space": 0.025653239583522388,
      "parent": "index_01_l",
      "has_children": true,
      "is_end_bone": false
    },
    "index_03_l": {
      "name": "index_03_l",
      "local": {
        "location": {
          "x": 0.0,
          "y": 0.0,
          "z": 0.0
        },
        "rotation_quaternion": {
          "w": 0.9998172521591187,
          "x": 0.01894640550017357,
          "y": 0.002346585039049387,
          "z": -0.00109651789534837
        },
        "scale": {
          "x": 1.0,
          "y": 1.0,
          "z": 1.0
        },
        "matrix_basis": [
          [
            0.9999865889549255,
            0.0022815538104623556,
            0.004650762304663658,
            0.0
          ],
          [
            -0.002103716367855668,
            0.9992796778678894,
            -0.03789103403687477,
            0.0
          ],
          [
            -0.004733862355351448,
            0.03788074105978012,
            0.999271035194397,
            0.0
          ],
          [
            0.0,
            0.0,
            0.0,
            1.0
          ]
        ],
        "rotation_mode": "QUATERNION"
      },
      "armature_space": {
        "head": {
          "x": 0.8126043677330017,
          "y": -0.33774006366729736,
          "z": 0.3457461893558502
        },
        "tail": {
          "x": 0.8415940403938293,
          "y": -0.33742570877075195,
          "z": 0.3421088457107544
        }
      },
      "world_space": {
        "head": {
          "x": 0.8126043677330017,
          "y": -0.27449607849121094,
          "z": 1.295600175857544
        },
        "tail": {
          "x": 0.8415940403938293,
          "y": -0.2741817235946655,
          "z": 1.2919628620147705
        },
        "rotation_quaternion": {
          "w": 0.3736102283000946,
          "x": -0.6396973133087158,
          "y": -0.6048083305358887,
          "z": -0.2922491729259491
        },
        "matrix": [
          [
            0.09759312123060226,
            0.9921629428863525,
            -0.07802563905715942,
            0.8126043677330017
          ],
          [
            0.555415153503418,
            0.010758457705378532,
            0.8315038681030273,
            -0.27449607849121094
          ],
          [
            0.825833261013031,
            -0.12448649853467941,
            -0.5500156283378601,
            1.295600175857544
          ],
          [
            0.0,
            0.0,
            0.0,
            1.0
          ]
        ]
      },
      "bone_length_armature_space": 0.029218661669806807,
      "parent": "index_02_l",
      "has_children": false,
      "is_end_bone": true
    },
    "metacarpal_pinky_l": {
      "name": "metacarpal_pinky_l",
      "local": {
        "location": {
          "x": 0.0,
          "y": 0.0,
          "z": 0.0
        },
        "rotation_quaternion": {
          "w": 0.9984657764434814,
          "x": -0.05082567408680916,
          "y": 0.013833694159984589,
          "z": -0.01707238331437111
        },
        "scale": {
          "x": 1.0,
          "y": 1.0,
          "z": 1.0
        },
        "matrix_basis": [
          [
            0.9990343451499939,
            0.03268616646528244,
            0.029360370710492134,
            0.0
          ],
          [
            -0.035498593002557755,
            0.9942505955696106,
            0.10102304071187973,
            0.0
          ],
          [
            -0.025889510288834572,
            -0.10196773707866669,
            0.9944507479667664,
            0.0
          ],
          [
            0.0,
            0.0,
            0.0,
            1.0
          ]
        ],
        "rotation_mode": "QUATERNION"
      },
      "armature_space": {
        "head": {
          "x": 0.6637239456176758,
          "y": -0.3137863278388977,
          "z": 0.4182922840118408
        },
        "tail": {
          "x": 0.7675366997718811,
          "y": -0.32173430919647217,
          "z": 0.41657376289367676
        }
      },
      "world_space": {
        "head": {
          "x": 0.6637239456176758,
          "y": -0.2505423426628113,
          "z": 1.368146300315857
        },
        "tail": {
          "x": 0.7675366997718811,
          "y": -0.25849032402038574,
          "z": 1.3664277791976929
        },
        "rotation_quaternion": {
          "w": 0.40063217282295227,
          "x": 0.585324227809906,
          "y": 0.5489345192909241,
          "z": -0.44222211837768555
        },
        "matrix": [
          [
            0.006219526287168264,
            0.9969461560249329,
            -0.07784279435873032,
            0.6637239456176758
          ],
          [
            0.2882721424102783,
            -0.07632700353860855,
            -0.954501748085022,
            -0.2505423426628113
          ],
          [
            -0.9575350880622864,
            -0.016503535211086273,
            -0.28786954283714294,
            1.368146300315857
          ],
          [
            0.0,
            0.0,
            0.0,
            1.0
          ]
        ]
      },
      "bone_length_armature_space": 0.10413074285098459,
      "parent": "lowerarm_l",
      "has_children": true,
      "is_end_bone": false
    },
    "pinky_01_l": {
      "name": "pinky_01_l",
      "local": {
        "location": {
          "x": 0.0,
          "y": 0.0,
          "z": 0.0
        },
        "rotation_quaternion": {
          "w": 0.9625390768051147,
          "x": 0.27084827423095703,
          "y": 0.003962899558246136,
          "z": 0.012010276317596436
        },
        "scale": {
          "x": 1.0,
          "y": 1.0,
          "z": 1.0
        },
        "matrix_basis": [
          [
            0.9996801018714905,
            -0.02097403071820736,
            0.014134816825389862,
            0.0
          ],
          [
            0.025267409160733223,
            0.852993905544281,
            -0.5213088989257812,
            0.0
          ],
          [
            -0.0011229661758989096,
            0.5214992761611938,
            0.853251039981842,
            0.0
          ],
          [
            0.0,
            0.0,
            0.0,
            1.0
          ]
        ],
        "rotation_mode": "QUATERNION"
      },
      "armature_space": {
        "head": {
          "x": 0.7675366997718811,
          "y": -0.32173430919647217,
          "z": 0.41657376289367676
        },
        "tail": {
          "x": 0.786278247833252,
          "y": -0.3094193935394287,
