{
  "metadata": {
    "armature_name": "KIM_caucasian_male",
    "export_time": "2026-01-13T21:02:40.412643",
    "blender_version": "4.4.1",
    "bone_count": 56,
    "end_bone_count": 13,
    "spaces_included": [
      "LOCAL_CHANNELS",
      "ARMATURE_SPACE",
      "WORLD_SPACE"
    ],
    "note": "LOCAL matches Transform panel; replay pose via local.matrix_basis for best fidelity."
  },
  "bones": {
    "Root": {
      "name": "Root",
      "local": {
        "location": {
          "x": 0.0,
          "y": 0.0,
          "z": 0.0
        },
        "rotation_quaternion": {
          "w": 0.9998695850372314,
          "x": -0.0009833825752139091,
          "y": 0.01601593568921089,
          "z": 0.001850082422606647
        },
        "scale": {
          "x": 1.0,
          "y": 1.0,
          "z": 1.0
        },
        "matrix_basis": [
          [
            0.999480128288269,
            -0.0037311818450689316,
            0.03202405571937561,
            0.0
          ],
          [
            0.003668182762339711,
            0.999991238117218,
            0.0020257702562958,
            0.0
          ],
          [
            -0.032031331211328506,
            -0.001907247002236545,
            0.9994850158691406,
            0.0
          ],
          [
            0.0,
            0.0,
            0.0,
            1.0
          ]
        ],
        "rotation_mode": "QUATERNION"
      },
      "armature_space": {
        "head": {
          "x": 0.0,
          "y": 0.07072800397872925,
          "z": -0.009595036506652832
        },
        "tail": {
          "x": -0.00026631634682416916,
          "y": 1.8924474716186523e-05,
          "z": 0.00013481173664331436
        }
      },
      "world_space": {
        "head": {
          "x": 0.0,
          "y": 0.13397200405597687,
          "z": 0.9402589797973633
        },
        "tail": {
          "x": -0.00026631634682416916,
          "y": 0.0632629245519638,
          "z": 0.949988842010498
        },
        "rotation_quaternion": {
          "w": 0.06834001839160919,
          "x": 0.9975318908691406,
          "y": -0.0007669198093935847,
          "z": 0.016104191541671753
        },
        "matrix": [
          [
            0.999480128288269,
            -0.0037311818450689316,
            0.03202405571937561,
            0.0
          ],
          [
            0.0006710747256875038,
            -0.9906580448150635,
            -0.13636784255504608,
            0.13397200405597687
          ],
          [
            0.03223392739892006,
            0.13631846010684967,
            -0.9901475310325623,
            0.9402589797973633
          ],
          [
            0.0,
            0.0,
            0.0,
            1.0
          ]
        ]
      },
      "bone_length_armature_space": 0.07137587064759512,
      "parent": null,
      "has_children": true,
      "is_end_bone": false
    },
    "spine_01": {
      "name": "spine_01",
      "local": {
        "location": {
          "x": 0.0,
          "y": 0.0,
          "z": 0.0
        },
        "rotation_quaternion": {
          "w": 0.9983457326889038,
          "x": -0.051266878843307495,
          "y": 0.024635126814246178,
          "z": 0.008407829329371452
        },
        "scale": {
          "x": 1.0,
          "y": 1.0,
          "z": 1.0
        },
        "matrix_basis": [
          [
            0.9986448287963867,
            -0.01931377314031124,
            0.04832665994763374,
            0.0
          ],
          [
            0.014261908829212189,
            0.9946020245552063,
            0.10277839750051498,
            0.0
          ],
          [
            -0.05005083233118057,
            -0.10194988548755646,
            0.9935296177864075,
            0.0
          ],
          [
            0.0,
            0.0,
            0.0,
            1.0
          ]
        ],
        "rotation_mode": "QUATERNION"
      },
      "armature_space": {
        "head": {
          "x": -0.00026631634682416916,
          "y": 1.8924474716186523e-05,
          "z": 0.00013481173664331436
        },
        "tail": {
          "x": -0.025284279137849808,
          "y": 0.07333876937627792,
          "z": 0.4819509983062744
        }
      },
      "world_space": {
        "head": {
          "x": -0.00026631634682416916,
          "y": 0.0632629245519638,
          "z": 0.949988842010498
        },
        "tail": {
          "x": -0.025284279137849808,
          "y": 0.13658276200294495,
          "z": 1.4318050146102905
        },
        "rotation_quaternion": {
          "w": 0.758368194103241,
          "x": 0.6509479880332947,
          "y": 3.43992214766331e-05,
          "z": 0.033829838037490845
        },
        "matrix": [
          [
            0.9977110624313354,
            -0.05126618593931198,
            0.04409540444612503,
            -0.00026631634682416916
          ],
          [
            0.05135606229305267,
            0.15024520456790924,
            -0.9873140454292297,
            0.0632629245519638
          ],
          [
            0.043991055339574814,
            0.9873257279396057,
            0.15253430604934692,
            0.949988842010498
          ],
          [
            0.0,
            0.0,
            0.0,
            1.0
          ]
        ]
      },
      "bone_length_armature_space": 0.488004638821118,
      "parent": "Root",
      "has_children": true,
      "is_end_bone": false
    },
    "neck_01": {
      "name": "neck_01",
      "local": {
        "location": {
          "x": 0.0,
          "y": 0.0,
          "z": 0.0
        },
        "rotation_quaternion": {
          "w": 0.9918791055679321,
          "x": -0.033844586461782455,
          "y": -0.03358466550707817,
          "z": -0.11790875345468521
        },
        "scale": {
          "x": 1.0,
          "y": 1.0,
          "z": 1.0
        },
        "matrix_basis": [
          [
            0.9699391722679138,
            0.2361757755279541,
            -0.058642711490392685,
            0.0
          ],
          [
            -0.2316291332244873,
            0.9699041247367859,
            0.07505933195352554,
            0.0
          ],
          [
            0.07460500299930573,
            -0.05921962484717369,
            0.9954532384872437,
            0.0
          ],
          [
            0.0,
            0.0,
            0.0,
            1.0
          ]
        ],
        "rotation_mode": "QUATERNION"
      },
      "armature_space": {
        "head": {
          "x": -0.027508661150932312,
          "y": 0.050099004060029984,
          "z": 0.5595314502716064
        },
        "tail": {
          "x": -0.006753617897629738,
          "y": 0.03371657431125641,
          "z": 0.6585849523544312
        }
      },
      "world_space": {
        "head": {
          "x": -0.027508661150932312,
          "y": 0.1133430004119873,
          "z": 1.5093854665756226
        },
        "tail": {
          "x": -0.006753617897629738,
          "y": 0.09696057438850403,
          "z": 1.6084389686584473
        },
        "rotation_quaternion": {
          "w": 0.6435919404029846,
          "x": 0.7585740089416504,
          "y": 0.0767567902803421,
          "z": -0.0668082982301712
        },
        "matrix": [
          [
            0.9792900681495667,
            0.2024460881948471,
            -0.002556741237640381,
            -0.027508661150932312
          ],
          [
            0.030458025634288788,
            -0.15979531407356262,
            -0.9866803288459778,
            0.1133430004119873
          ],
          [
            -0.2001594603061676,
            0.9661747813224792,
            -0.1626541018486023,
            1.5093854665756226
          ],
          [
            0.0,
            0.0,
            0.0,
            1.0
          ]
        ]
      },
      "bone_length_armature_space": 0.1025219578043833,
      "parent": "spine_01",
      "has_children": true,
      "is_end_bone": false
    },
    "head": {
      "name": "head",
      "local": {
        "location": {
          "x": 0.0,
          "y": 0.0,
          "z": 0.0
        },
        "rotation_quaternion": {
          "w": 0.9870486259460449,
          "x": 0.03708137944340706,
          "y": -0.019310876727104187,
          "z": 0.15487803518772125
        },
        "scale": {
          "x": 1.0,
          "y": 1.0,
          "z": 1.0
        },
        "matrix_basis": [
          [
            0.9512797594070435,
            -0.3071764409542084,
            -0.026635365560650826,
            0.0
          ],
          [
            0.30431216955184937,
            0.949275553226471,
            -0.0791839137673378,
            0.0
          ],
          [
            0.04960773140192032,
            0.06722059100866318,
            0.9965041279792786,
            0.0
          ],
          [
            0.0,
            0.0,
            0.0,
            1.0
          ]
        ],
        "rotation_mode": "QUATERNION"
      },
      "armature_space": {
        "head": {
          "x": -0.006753632798790932,
          "y": 0.03371643275022507,
          "z": 0.6585848927497864
        },
        "tail": {
          "x": -0.024881016463041306,
          "y": 0.052780672907829285,
          "z": 0.8114287853240967
        }
      },
      "world_space": {
        "head": {
          "x": -0.006753632798790932,
          "y": 0.09696043282747269,
          "z": 1.6084389686584473
        },
        "tail": {
          "x": -0.024881016463041306,
          "y": 0.1160246729850769,
          "z": 1.7612828016281128
        },
        "rotation_quaternion": {
          "w": 0.7487558722496033,
          "x": 0.6601212620735168,
          "y": -0.02874312922358513,
          "z": 0.05271071940660477
        },
        "matrix": [
          [
            0.9927908778190613,
            -0.11688283085823059,
            0.02654850110411644,
            -0.006753632798790932
          ],
          [
            0.04098782315850258,
            0.12292356789112091,
            -0.9915695190429688,
            0.09696043282747269
          ],
          [
            0.11263485997915268,
            0.9855161905288696,
            0.12682810425758362,
            1.6084389686584473
          ],
          [
            0.0,
            0.0,
            0.0,
            1.0
          ]
        ]
      },
      "bone_length_armature_space": 0.15509127519389065,
      "parent": "neck_01",
      "has_children": false,
      "is_end_bone": true
    },
    "upperarm_l": {
      "name": "upperarm_l",
      "local": {
        "location": {
          "x": 0.0,
          "y": 0.0,
          "z": 0.0
        },
        "rotation_quaternion": {
          "w": 0.9177566170692444,
          "x": -0.16200385987758636,
          "y": -0.17725102603435516,
          "z": 0.31632205843925476
        },
        "scale": {
          "x": 1.0,
          "y": 1.0,
          "z": 1.0
        },
        "matrix_basis": [
          [
            0.7370448708534241,
            -0.5231826305389404,
            -0.42783740162849426,
            0.0
          ],
          [
            0.638043999671936,
            0.7473902106285095,
            0.18522341549396515,
            0.0
          ],
          [
            0.2228558212518692,
            -0.40949705243110657,
            0.8846736550331116,
            0.0
          ],
          [
            0.0,
            0.0,
            0.0,
            1.0
          ]
        ],
        "rotation_mode": "QUATERNION"
      },
      "armature_space": {
        "head": {
          "x": 0.1257341206073761,
          "y": 0.04455609992146492,
          "z": 0.500260591506958
        },
        "tail": {
          "x": 0.3121962547302246,
          "y": 0.18823592364788055,
          "z": 0.6283069252967834
        }
      },
      "world_space": {
        "head": {
          "x": 0.1257341206073761,
          "y": 0.10780009627342224,
          "z": 1.4501146078109741
        },
        "tail": {
          "x": 0.3121962547302246,
          "y": 0.2514799237251282,
          "z": 1.5781610012054443
        },
        "rotation_quaternion": {
          "w": 0.8295220136642456,
          "x": 0.3861306607723236,
          "y": 0.28281280398368835,
          "z": -0.28777292370796204
        },
        "matrix": [
          [
            0.674407422542572,
            0.695833683013916,
            0.2469618022441864,
            0.1257341206073761
          ],
          [
            -0.25902464985847473,
            0.5361799001693726,
            -0.8033788800239563,
            0.10780009627342224
          ],
          [
            -0.6914390921592712,
            0.47783926129341125,
            0.5418447852134705,
            1.4501146078109741
          ],
          [
            0.0,
            0.0,
            0.0,
            1.0
          ]
        ]
      },
      "bone_length_armature_space": 0.2679699305516699,
      "parent": "spine_01",
      "has_children": true,
      "is_end_bone": false
    },
    "lowerarm_l": {
      "name": "lowerarm_l",
      "local": {
        "location": {
          "x": 0.0,
          "y": 0.0,
          "z": 0.0
        },
        "rotation_quaternion": {
          "w": 0.9445227384567261,
          "x": 0.2968745231628418,
          "y": -0.13416223227977753,
          "z": 0.04174787923693657
        },
        "scale": {
          "x": 1.0,
          "y": 1.0,
          "z": 1.0
        },
        "matrix_basis": [
          [
            0.9605152010917664,
            -0.1585223376750946,
            -0.2286507934331894,
            0.0
          ],
          [
            -0.0007950550061650574,
            0.8202452659606934,
            -0.5720114707946777,
            0.0
          ],
          [
            0.2782263159751892,
            0.549607515335083,
            0.7877320051193237,
            0.0
          ],
          [
            0.0,
            0.0,
            0.0,
            1.0
          ]
        ],
        "rotation_mode": "QUATERNION"
      },
      "armature_space": {
        "head": {
          "x": 0.312196284532547,
          "y": 0.18823596835136414,
          "z": 0.628307044506073
        },
        "tail": {
          "x": 0.4373047947883606,
          "y": 0.1823015660047531,
          "z": 0.8647024035453796
        }
      },
      "world_space": {
        "head": {
          "x": 0.312196284532547,
          "y": 0.25147998332977295,
          "z": 1.5781610012054443
        },
        "tail": {
          "x": 0.4373047947883606,
          "y": 0.24554556608200073,
          "z": 1.814556360244751
        },
        "rotation_quaternion": {
          "w": 0.6982538104057312,
          "x": 0.6134214997291565,
          "y": -0.03675031661987305,
          "z": -0.36715826392173767
        },
        "matrix": [
          [
            0.7276866436004639,
            0.46765249967575073,
            -0.5017700791358948,
            0.312196284532547
          ],
          [
            -0.5578289031982422,
            -0.0221826434135437,
            -0.829659640789032,
            0.25147998332977295
          ],
          [
            -0.3991262912750244,
            0.8836401700973511,
            0.2447292059659958,
            1.5781610012054443
          ],
          [
            0.0,
            0.0,
            0.0,
            1.0
          ]
        ]
      },
      "bone_length_armature_space": 0.2675259290475006,
      "parent": "upperarm_l",
      "has_children": true,
      "is_end_bone": false
    },
    "metacarpal_thumb_l": {
      "name": "metacarpal_thumb_l",
      "local": {
        "location": {
          "x": 0.0,
          "y": 0.0,
          "z": 0.0
        },
        "rotation_quaternion": {
          "w": 0.99969482421875,
          "x": -0.023389242589473724,
          "y": -0.006126283667981625,
          "z": -0.005066033452749252
        },
        "scale": {
          "x": 1.0,
          "y": 1.0,
          "z": 1.0
        },
        "matrix_basis": [
          [
            0.9998735785484314,
            0.010415553115308285,
            -0.012011846527457237,
            0.0
          ],
          [
            -0.009842396713793278,
            0.9988545775413513,
            0.046826280653476715,
            0.0
          ],
          [
            0.012485809624195099,
            -0.04670213907957077,
            0.9988307952880859,
            0.0
          ],
          [
            0.0,
            0.0,
            0.0,
            1.0
          ]
        ],
        "rotation_mode": "QUATERNION"
      },
      "armature_space": {
        "head": {
          "x": 0.4373047947883606,
          "y": 0.1823015660047531,
          "z": 0.8647024035453796
        },
        "tail": {
          "x": 0.4463781416416168,
          "y": 0.15373985469341278,
          "z": 0.9041423201560974
        }
      },
      "world_space": {
        "head": {
          "x": 0.4373047947883606,
          "y": 0.24554556608200073,
          "z": 1.814556360244751
        },
        "tail": {
          "x": 0.4463781416416168,
          "y": 0.2169838547706604,
          "z": 1.8539962768554688
        },
        "rotation_quaternion": {
          "w": 0.39425450563430786,
          "x": 0.8440479636192322,
          "y": 0.23718608915805817,
          "z": 0.2754797339439392
        },
        "matrix": [
          [
            0.7357070446014404,
            0.18317537009716034,
            0.6520595550537109,
            0.4373047947883606
          ],
          [
            0.6176116466522217,
            -0.576612114906311,
            -0.534859299659729,
            0.24554556608200073
          ],
          [
            0.2780147194862366,
            0.7962243556976318,
            -0.5373531579971313,
            1.814556360244751
          ],
          [
            0.0,
            0.0,
            0.0,
            1.0
          ]
        ]
      },
      "bone_length_armature_space": 0.04953386756975731,
      "parent": "lowerarm_l",
      "has_children": true,
      "is_end_bone": false
    },
    "thumb_01_l": {
      "name": "thumb_01_l",
      "local": {
        "location": {
          "x": 0.0,
          "y": 0.0,
          "z": 0.0
        },
        "rotation_quaternion": {
          "w": 0.9960416555404663,
          "x": -0.08664783835411072,
          "y": -0.012280912138521671,
          "z": -0.015566915273666382
        },
        "scale": {
          "x": 1.0,
          "y": 1.0,
          "z": 1.0
        },
        "matrix_basis": [
          [
            0.999213695526123,
            0.03313882276415825,
            -0.021766921505331993,
            0.0
          ],
          [
            -0.028882363811135292,
            0.9844996333122253,
            0.1729920655488968,
            0.0
          ],
          [
            0.027162279933691025,
            -0.17222736775875092,
            0.9846826791763306,
            0.0
          ],
          [
            0.0,
            0.0,
            0.0,
            1.0
          ]
        ],
        "rotation_mode": "QUATERNION"
      },
      "armature_space": {
        "head": {
          "x": 0.4463781416416168,
          "y": 0.15373985469341278,
          "z": 0.9041423201560974
        },
        "tail": {
          "x": 0.4585999846458435,
          "y": 0.12206786870956421,
          "z": 0.906619668006897
        }
      },
      "world_space": {
        "head": {
          "x": 0.4463781416416168,
          "y": 0.2169838547706604,
          "z": 1.8539962768554688
        },
        "tail": {
          "x": 0.4585999846458435,
          "y": 0.18531186878681183,
          "z": 1.856473684310913
        },
        "rotation_quaternion": {
          "w": 0.12542031705379486,
          "x": -0.5811817646026611,
          "y": -0.13796068727970123,
          "z": -0.792126476764679
        },
        "matrix": [
          [
            -0.2929949164390564,
            0.35905829071998596,
            0.8861325979232788,
            0.4463781416416168
          ],
          [
            -0.03833692520856857,
            -0.9304731488227844,
            0.36434900760650635,
            0.2169838547706604
          ],
          [
            0.9553515911102295,
            0.07278043031692505,
            0.28639134764671326,
            1.8539962768554688
          ],
          [
            0.0,
            0.0,
            0.0,
            1.0
          ]
        ]
      },
      "bone_length_armature_space": 0.03403858747445284,
      "parent": "metacarpal_thumb_l",
      "has_children": true,
      "is_end_bone": false
    },
    "thumb_02_l": {
      "name": "thumb_02_l",
      "local": {
        "location": {
          "x": 0.0,
          "y": 0.0,
          "z": 0.0
        },
        "rotation_quaternion": {
          "w": 0.9945461750030518,
          "x": 0.10422372817993164,
          "y": 0.003844342427328229,
          "z": 0.0008342110086232424
        },
        "scale": {
          "x": 1.0,
          "y": 1.0,
          "z": 1.0
        },
        "matrix_basis": [
          [
            0.9999690651893616,
            -0.0008579793502576649,
            0.007820641621947289,
            0.0
          ],
          [
            0.0024606662336736917,
            0.9782734513282776,
            -0.2073042094707489,
            0.0
          ],
          [
            -0.007472862955182791,
            0.2073170393705368,
            0.9782452583312988,
            0.0
          ],
          [
            0.0,
            0.0,
            0.0,
            1.0
          ]
        ],
        "rotation_mode": "QUATERNION"
      },
      "armature_space": {
        "head": {
          "x": 0.4585999548435211,
          "y": 0.12206786870956421,
          "z": 0.9066196084022522
        },
        "tail": {
          "x": 0.4790768325328827,
          "y": 0.1197480857372284,
          "z": 0.9410943984985352
        }
      },
      "world_space": {
        "head": {
          "x": 0.4585999548435211,
          "y": 0.18531186878681183,
          "z": 1.856473684310913
        },
        "tail": {
          "x": 0.4790768325328827,
          "y": 0.182992085814476,
          "z": 1.8909484148025513
        },
        "rotation_quaternion": {
          "w": 0.24415193498134613,
          "x": -0.12468592077493668,
          "y": -0.6414914131164551,
          "z": -0.7164720296859741
        },
        "matrix": [
          [
            -0.8496859073638916,
            0.5098261833190918,
            -0.1345771700143814,
            0.4585999548435211
          ],
          [
            -0.18988890945911407,
            -0.05775710940361023,
            0.9801052808761597,
            0.18531186878681183
          ],
          [
            0.49191388487815857,
            0.858342170715332,
            0.14588762819766998,
            1.856473684310913
          ],
          [
            0.0,
            0.0,
            0.0,
            1.0
          ]
        ]
      },
      "bone_length_armature_space": 0.04016459960598427,
      "parent": "thumb_01_l",
      "has_children": true,
      "is_end_bone": false
    },
    "thumb_03_l": {
      "name": "thumb_03_l",
      "local": {
        "location": {
          "x": 0.0,
          "y": 0.0,
          "z": 0.0
        },
        "rotation_quaternion": {
          "w": 0.9973212480545044,
          "x": 0.0726819708943367,
          "y": 0.0070097791031003,
          "z": 0.004315846599638462
        },
        "scale": {
          "x": 1.0,
          "y": 1.0,
          "z": 1.0
        },
        "matrix_basis": [
          [
            0.9998644590377808,
            -0.0075896019116044044,
            0.014609371311962605,
            0.0
          ],
          [
            0.009627540595829487,
            0.989397406578064,
            -0.14491404592990875,
            0.0
          ],
          [
            -0.013354634866118431,
            0.145035058259964,
            0.989336371421814,
            0.0
          ],
          [
            0.0,
            0.0,
            0.0,
            1.0
          ]
        ],
        "rotation_mode": "QUATERNION"
      },
      "armature_space": {
        "head": {
          "x": 0.4790767431259155,
          "y": 0.11974801868200302,
          "z": 0.9410943984985352
        },
        "tail": {
          "x": 0.49440014362335205,
          "y": 0.13075853884220123,
          "z": 0.9649870991706848
        }
      },
      "world_space": {
        "head": {
          "x": 0.4790767431259155,
          "y": 0.18299201130867004,
          "z": 1.8909484148025513
        },
        "tail": {
          "x": 0.49440014362335205,
          "y": 0.19400253891944885,
          "z": 1.9148411750793457
        },
        "rotation_quaternion": {
          "w": 0.45468252897262573,
          "x": 0.00754320016130805,
          "y": -0.688542366027832,
          "z": -0.5649038553237915
        },
        "matrix": [
          [
            -0.5864108204841614,
            0.5033161044120789,
            -0.6346613764762878,
            0.4790767431259155
          ],
          [
            -0.5240944623947144,
            0.36165428161621094,
            0.7710586190223694,
            0.18299201130867004
          ],
          [
            0.6176180839538574,
            0.784785270690918,
            0.05170825123786926,
            1.8909484148025513
          ],
          [
            0.0,
            0.0,
            0.0,
            1.0
          ]
        ]
      },
      "bone_length_armature_space": 0.03044502120634839,
      "parent": "thumb_02_l",
      "has_children": false,
      "is_end_bone": true
    },
    "metacarpal_index_l": {
      "name": "metacarpal_index_l",
      "local": {
        "location": {
          "x": 0.0,
          "y": 0.0,
          "z": 0.0
        },
        "rotation_quaternion": {
          "w": 0.9987066984176636,
          "x": -0.048118188977241516,
          "y": -0.01349552534520626,
          "z": -0.009354165755212307
        },
        "scale": {
          "x": 1.0,
          "y": 1.0,
          "z": 1.0
        },
        "matrix_basis": [
          [
            0.999460756778717,
            0.019982896745204926,
            -0.02605593204498291,
            0.0
          ],
          [
            -0.017385374754667282,
            0.9951942563056946,
            0.09636439383029938,
            0.0
          ],
          [
            0.027856353670358658,
            -0.09585943818092346,
            0.9950050115585327,
            0.0
          ],
          [
            0.0,
            0.0,
            0.0,
            1.0
          ]
        ],
        "rotation_mode": "QUATERNION"
      },
      "armature_space": {
        "head": {
          "x": 0.4373047947883606,
          "y": 0.1823015660047531,
          "z": 0.8647024035453796
        },
        "tail": {
          "x": 0.4753359854221344,
          "y": 0.1578732430934906,
          "z": 0.972805380821228
        }
      },
      "world_space": {
        "head": {
          "x": 0.4373047947883606,
          "y": 0.24554556608200073,
          "z": 1.814556360244751
        },
        "tail": {
          "x": 0.4753359854221344,
          "y": 0.22111724317073822,
          "z": 1.9226593971252441
        },
        "rotation_quaternion": {
          "w": 0.5963928699493408,
          "x": 0.7772489190101624,
          "y": 0.20018430054187775,
          "z": -0.011225998401641846
        },
        "matrix": [
          [
            0.9195998907089233,
            0.3245764970779419,
            0.22132788598537445,
            0.4373047947883606
          ],
          [
            0.2977975010871887,
            -0.20848307013511658,
            -0.9315855503082275,
            0.24554556608200073
          ],
          [
            -0.25622937083244324,
            0.9226031303405762,
            -0.2883818745613098,
            1.814556360244751
          ],
          [
            0.0,
            0.0,
            0.0,
            1.0
          ]
        ]
      },
      "bone_length_armature_space": 0.11717238477739594,
      "parent": "lowerarm_l",
      "has_children": true,
      "is_end_bone": false
    },
    "index_01_l": {
      "name": "index_01_l",
      "local": {
        "location": {
          "x": 0.0,
          "y": 0.0,
          "z": 0.0
        },
        "rotation_quaternion": {
          "w": 0.9904430508613586,
          "x": -0.13608887791633606,
          "y": 0.011064214631915092,
          "z": -0.01949818804860115
        },
        "scale": {
          "x": 1.0,
          "y": 1.0,
          "z": 1.0
        },
        "matrix_basis": [
          [
            0.9989948272705078,
            0.035612255334854126,
            0.027223922312259674,
            0.0
          ],
          [
            -0.041635122150182724,
            0.9621992707252502,
            0.26914510130882263,
            0.0
          ],
          [
            -0.016609976068139076,
            -0.27000802755355835,
            0.9627147912979126,
            0.0
          ],
          [
            0.0,
            0.0,
            0.0,
            1.0
          ]
        ],
        "rotation_mode": "QUATERNION"
      },
      "armature_space": {
        "head": {
          "x": 0.4753359854221344,
          "y": 0.1578732430934906,
          "z": 0.972805380821228
        },
        "tail": {
          "x": 0.4898529648780823,
          "y": 0.16631083190441132,
          "z": 0.9958518743515015
        }
      },
      "world_space": {
        "head": {
          "x": 0.4753359854221344,
          "y": 0.22111724317073822,
          "z": 1.9226593971252441
        },
        "tail": {
          "x": 0.4898529648780823,
          "y": 0.22955483198165894,
          "z": 1.9457058906555176
        },
        "rotation_quaternion": {
          "w": 0.7128722071647644,
          "x": 0.5914800763130188,
          "y": 0.3738521933555603,
          "z": -0.0468943789601326
        },
        "matrix": [
          [
            0.7160722613334656,
            0.5091108083724976,
            0.4775424003601074,
            0.4753359854221344
          ],
          [
            0.37539026141166687,
            0.29590633511543274,
            -0.8783631324768066,
            0.22111724317073822
          ],
          [
            -0.5884959101676941,
            0.8082420229911804,
            0.020774513483047485,
            1.9226593971252441
          ],
          [
            0.0,
            0.0,
            0.0,
            1.0
          ]
        ]
      },
      "bone_length_armature_space": 0.02851449615345812,
      "parent": "metacarpal_index_l",
      "has_children": true,
      "is_end_bone": false
    },
    "index_02_l": {
      "name": "index_02_l",
      "local": {
        "location": {
          "x": 0.0,
          "y": 0.0,
          "z": 0.0
        },
        "rotation_quaternion": {
          "w": 0.9983519315719604,
          "x": 0.05712499842047691,
          "y": -0.004710449371486902,
          "z": -0.0028207655996084213
        },
        "scale": {
          "x": 1.0,
          "y": 1.0,
          "z": 1.0
        },
        "matrix_basis": [
          [
            0.9999396800994873,
            0.005094064865261316,
            -0.009727644734084606,
            0.0
          ],
          [
            -0.006170402280986309,
            0.993457555770874,
            -0.11403512954711914,
            0.0
          ],
          [
            0.009083099663257599,
            0.1140882819890976,
            0.9934290647506714,
            0.0
          ],
          [
            0.0,
            0.0,
            0.0,
            1.0
          ]
        ],
        "rotation_mode": "QUATERNION"
      },
      "armature_space": {
        "head": {
          "x": 0.4898531436920166,
          "y": 0.16631056368350983,
          "z": 0.9958523511886597
        },
        "tail": {
          "x": 0.5043687224388123,
          "y": 0.1723518967628479,
          "z": 1.0161229372024536
        }
      },
      "world_space": {
        "head": {
          "x": 0.4898531436920166,
          "y": 0.22955456376075745,
          "z": 1.9457063674926758
        },
        "tail": {
          "x": 0.5043687224388123,
          "y": 0.23559589684009552,
          "z": 1.9659769535064697
        },
        "rotation_quaternion": {
          "w": 0.7020066380500793,
          "x": 0.6108524799346924,
          "y": 0.35346201062202454,
          "z": -0.09544837474822998
        },
        "matrix": [
          [
            0.7319096326828003,
            0.5658363103866577,
            0.3796544671058655,
            0.4898531436920166
          ],
          [
            0.2978125512599945,
            0.2354995757341385,
            -0.9251204133033752,
            0.22955456376075745
          ],
          [
            -0.6128795146942139,
            0.7901760339736938,
            0.003850497305393219,
            1.9457063674926758
          ],
          [
            0.0,
            0.0,
            0.0,
            1.0
          ]
        ]
      },
      "bone_length_armature_space": 0.02565338963962171,
      "parent": "index_01_l",
      "has_children": true,
      "is_end_bone": false
    },
    "index_03_l": {
      "name": "index_03_l",
      "local": {
        "location": {
          "x": 0.0,
          "y": 0.0,
          "z": 0.0
        },
        "rotation_quaternion": {
          "w": 0.9978653192520142,
          "x": 0.06521596759557724,
          "y": 0.0029720249585807323,
          "z": -0.0017440402880311012
        },
        "scale": {
          "x": 1.0,
          "y": 1.0,
          "z": 1.0
        },
        "matrix_basis": [
          [
            0.9999762773513794,
            0.0038682816084474325,
            0.005703882779926062,
            0.0
          ],
          [
            -0.003092987695708871,
            0.9914876818656921,
            -0.13016387820243835,
            0.0
          ],
          [
            -0.006158839911222458,
            0.13014313578605652,
            0.9914761185646057,
            0.0
          ],
          [
            0.0,
            0.0,
            0.0,
            1.0
          ]
        ],
        "rotation_mode": "QUATERNION"
      },
      "armature_space": {
        "head": {
          "x": 0.5043686032295227,
          "y": 0.17235201597213745,
          "z": 1.0161229372024536
        },
        "tail": {
          "x": 0.5250130295753479,
          "y": 0.17407891154289246,
          "z": 1.0367279052734375
        }
      },
      "world_space": {
        "head": {
          "x": 0.5043686032295227,
          "y": 0.23559601604938507,
          "z": 1.9659769535064697
        },
        "tail": {
          "x": 0.5250130295753479,
          "y": 0.23732291162014008,
          "z": 1.9865819215774536
        },
        "rotation_quaternion": {
          "w": 0.6116117238998413,
          "x": 0.6702890992164612,
          "y": 0.39431214332580566,
          "z": -0.14547023177146912
        },
        "matrix": [
          [
            0.6467111110687256,
            0.706549346446991,
            0.2873201072216034,
            0.5043686032295227
          ],
          [
            0.35066699981689453,
            0.05910243093967438,
            -0.9346334934234619,
            0.23559601604938507
          ],
          [
            -0.6773506999015808,
            0.7051963210105896,
            -0.2095436155796051,
            1.9659769535064697
          ],
          [
            0.0,
            0.0,
            0.0,
            1.0
          ]
        ]
      },
      "bone_length_armature_space": 0.029218815844052084,
      "parent": "index_02_l",
      "has_children": false,
      "is_end_bone": true
    },
    "metacarpal_pinky_l": {
      "name": "metacarpal_pinky_l",
      "local": {
        "location": {
          "x": 0.0,
          "y": 0.0,
          "z": 0.0
        },
        "rotation_quaternion": {
          "w": 0.9997221827507019,
          "x": -0.017590632662177086,
          "y": -0.01535108033567667,
          "z": 0.0032649424392729998
        },
        "scale": {
          "x": 1.0,
          "y": 1.0,
          "z": 1.0
        },
        "matrix_basis": [
          [
            0.9995073676109314,
            -0.005988000426441431,
            -0.030808495357632637,
            0.0
          ],
          [
            0.007068141363561153,
            0.9993598461151123,
            0.035071250051259995,
            0.0
          ],
          [
            0.030578766018152237,
            -0.03527173399925232,
            0.9989098310470581,
            0.0
          ],
          [
            0.0,
            0.0,
            0.0,
            1.0
          ]
        ],
        "rotation_mode": "QUATERNION"
      },
      "armature_space": {
        "head": {
          "x": 0.4373047947883606,
          "y": 0.1823015660047531,
          "z": 0.8647024035453796
        },
        "tail": {
          "x": 0.5029078125953674,
          "y": 0.20539270341396332,
          "z": 0.9422030448913574
        }
      },
      "world_space": {
        "head": {
          "x": 0.4373047947883606,
          "y": 0.24554556608200073,
          "z": 1.814556360244751
        },
        "tail": {
          "x": 0.5029078125953674,
          "y": 0.26863670349121094,
          "z": 1.8920570611953735
        },
        "rotation_quaternion": {
          "w": 0.6345213651657104,
          "x": 0.1512107253074646,
          "y": -0.4563545882701874,
          "z": -0.6051928997039795
        },
        "matrix": [
          [
            -0.14903903007507324,
            0.6300058960914612,
            -0.762154757976532,
            0.4373047947883606
          ],
          [
            -0.9060266017913818,
            0.2217513918876648,
            0.3604752719402313,
            0.24554556608200073
          ],
          [
            0.3961125612258911,
            0.7442625761032104,
            0.5377566814422607,
            1.814556360244751
          ],
          [
            0.0,
            0.0,
            0.0,
            1.0
          ]
        ]
      },
      "bone_length_armature_space": 0.10413119676435674,
      "parent": "lowerarm_l",
      "has_children": true,
      "is_end_bone": false
    },
    "pinky_01_l": {
      "name": "pinky_01_l",
      "local": {
        "location": {
          "x": 0.0,
          "y": 0.0,
          "z": 0.0
        },
        "rotation_quaternion": {
          "w": 0.9948254823684692,
          "x": -0.1003088653087616,
          "y": 0.016108861193060875,
          "z": -0.0009432730730623007
        },
        "scale": {
          "x": 1.0,
          "y": 1.0,
          "z": 1.0
        },
        "matrix_basis": [
          [
            0.9994792342185974,
            -0.0013549389550462365,
            0.03224024921655655,
            0.0
          ],
          [
            -0.005108507350087166,
            0.9798744916915894,
            0.19954924285411835,
            0.0
          ],
          [
            -0.03186177462339401,
            -0.19961002469062805,
            0.9793572425842285,
            0.0
          ],
          [
            0.0,
            0.0,
            0.0,
            1.0
          ]
        ],
        "rotation_mode": "QUATERNION"
      },
      "armature_space": {
        "head": {
          "x": 0.5029078125953674,
          "y": 0.20539270341396332,
          "z": 0.9422030448913574
        },
        "tail": {
          "x": 0.5138031244277954,
          "y": 0.20850969851016998,
