{
  "metadata": {
    "armature_name": "KIM_caucasian_male",
    "export_time": "2026-01-13T21:05:30.856778",
    "blender_version": "4.4.1",
    "bone_count": 56,
    "end_bone_count": 13,
    "spaces_included": [
      "LOCAL_CHANNELS",
      "ARMATURE_SPACE",
      "WORLD_SPACE"
    ],
    "note": "LOCAL matches Transform panel; replay pose via local.matrix_basis for best fidelity."
  },
  "bones": {
    "Root": {
      "name": "Root",
      "local": {
        "location": {
          "x": 0.0,
          "y": 0.0,
          "z": 0.0
        },
        "rotation_quaternion": {
          "w": 0.9997237920761108,
          "x": -0.014846768230199814,
          "y": 0.010612531565129757,
          "z": 0.014812708832323551
        },
        "scale": {
          "x": 1.0,
          "y": 1.0,
          "z": 1.0
        },
        "matrix_basis": [
          [
            0.9993359446525574,
            -0.029932359233498573,
            0.020779358223080635,
            0.0
          ],
          [
            0.029302110895514488,
            0.99912029504776,
            0.029999734833836555,
            0.0
          ],
          [
            -0.021659042686223984,
            -0.029370933771133423,
            0.999333918094635,
            0.0
          ],
          [
            0.0,
            0.0,
            0.0,
            1.0
          ]
        ],
        "rotation_mode": "QUATERNION"
      },
      "armature_space": {
        "head": {
          "x": 0.0,
          "y": 0.07072800397872925,
          "z": -0.009595036506652832
        },
        "tail": {
          "x": -0.0021364481654018164,
          "y": 0.0003440380096435547,
          "z": 0.0020689209923148155
        }
      },
      "world_space": {
        "head": {
          "x": 0.0,
          "y": 0.13397200405597687,
          "z": 0.9402589797973633
        },
        "tail": {
          "x": -0.0021364481654018164,
          "y": 0.06358803808689117,
          "z": 0.9519229531288147
        },
        "rotation_quaternion": {
          "w": 0.08216208219528198,
          "x": 0.9964523911476135,
          "y": -0.014064112678170204,
          "z": 0.011586325243115425
        },
        "matrix": [
          [
            0.9993359446525574,
            -0.029932359233498573,
            0.020779358223080635,
            0.0
          ],
          [
            -0.02612452208995819,
            -0.9861031174659729,
            -0.1640675812959671,
            0.13397200405597687
          ],
          [
            0.02540167234838009,
            0.16341598331928253,
            -0.9862372875213623,
            0.9402589797973633
          ],
          [
            0.0,
            0.0,
            0.0,
            1.0
          ]
        ]
      },
      "bone_length_armature_space": 0.07137587126116804,
      "parent": null,
      "has_children": true,
      "is_end_bone": false
    },
    "spine_01": {
      "name": "spine_01",
      "local": {
        "location": {
          "x": 0.0,
          "y": 0.0,
          "z": 0.0
        },
        "rotation_quaternion": {
          "w": 0.9992690086364746,
          "x": -0.028981590643525124,
          "y": 0.0033142275642603636,
          "z": 0.02471207268536091
        },
        "scale": {
          "x": 1.0,
          "y": 1.0,
          "z": 1.0
        },
        "matrix_basis": [
          [
            0.9987566471099854,
            -0.04958011955022812,
            0.005191219504922628,
            0.0
          ],
          [
            0.04919591173529625,
            0.9970987439155579,
            0.05808461457490921,
            0.0
          ],
          [
            -0.008055999875068665,
            -0.05775700882077217,
            0.998298168182373,
            0.0
          ],
          [
            0.0,
            0.0,
            0.0,
            1.0
          ]
        ],
        "rotation_mode": "QUATERNION"
      },
      "armature_space": {
        "head": {
          "x": -0.0021364481654018164,
          "y": 0.0003440380096435547,
          "z": 0.0020689209923148155
        },
        "tail": {
          "x": -0.03687964752316475,
          "y": 0.06638283282518387,
          "z": 0.48433467745780945
        }
      },
      "world_space": {
        "head": {
          "x": -0.0021364481654018164,
          "y": 0.06358803808689117,
          "z": 0.9519229531288147
        },
        "tail": {
          "x": -0.03687964752316475,
          "y": 0.12962684035301208,
          "z": 1.434188723564148
        },
        "rotation_quaternion": {
          "w": 0.7527317404747009,
          "x": 0.6572522521018982,
          "y": -0.03251616284251213,
          "z": 0.018899327144026756
        },
        "matrix": [
          [
            0.9971711039543152,
            -0.07119490206241608,
            -0.024108203127980232,
            -0.0021364481654018164
          ],
          [
            -0.014289924874901772,
            0.13532505929470062,
            -0.9906982779502869,
            0.06358803808689117
          ],
          [
            0.07379560172557831,
            0.9882470369338989,
            0.13392487168312073,
            0.9519229531288147
          ],
          [
            0.0,
            0.0,
            0.0,
            1.0
          ]
        ]
      },
      "bone_length_armature_space": 0.4880045970145769,
      "parent": "Root",
      "has_children": true,
      "is_end_bone": false
    },
    "neck_01": {
      "name": "neck_01",
      "local": {
        "location": {
          "x": 0.0,
          "y": 0.0,
          "z": 0.0
        },
        "rotation_quaternion": {
          "w": 0.9888405799865723,
          "x": 0.04717685654759407,
          "y": -0.07705838233232498,
          "z": -0.11845140904188156
        },
        "scale": {
          "x": 1.0,
          "y": 1.0,
          "z": 1.0
        },
        "matrix_basis": [
          [
            0.960062563419342,
            0.22698837518692017,
            -0.1635732352733612,
            0.0
          ],
          [
            -0.24152986705303192,
            0.9674872159957886,
            -0.07504542917013168,
            0.0
          ],
          [
            0.1412205845117569,
            0.11155612766742706,
            0.9836726784706116,
            0.0
          ],
          [
            0.0,
            0.0,
            0.0,
            1.0
          ]
        ],
        "rotation_mode": "QUATERNION"
      },
      "armature_space": {
        "head": {
          "x": -0.04292851313948631,
          "y": 0.04193327575922012,
          "z": 0.5613372325897217
        },
        "tail": {
          "x": -0.027129322290420532,
          "y": 0.005577929317951202,
          "z": 0.6558856964111328
        }
      },
      "world_space": {
        "head": {
          "x": -0.04292851313948631,
          "y": 0.10517727583646774,
          "z": 1.5111912488937378
        },
        "tail": {
          "x": -0.027129322290420532,
          "y": 0.06882192939519882,
          "z": 1.605739712715149
        },
        "rotation_quaternion": {
          "w": 0.5677356719970703,
          "x": 0.8158580660820007,
          "y": 0.01923177018761635,
          "z": -0.1080833300948143
        },
        "matrix": [
          [
            0.9758965373039246,
            0.15410636365413666,
            -0.1545233130455017,
            -0.04292851313948631
          ],
          [
            -0.0913439616560936,
            -0.35461246967315674,
            -0.9305410385131836,
            0.10517727583646774
          ],
          [
            -0.1981995701789856,
            0.9222322106361389,
            -0.3319914638996124,
            1.5111912488937378
          ],
          [
            0.0,
            0.0,
            0.0,
            1.0
          ]
        ]
      },
      "bone_length_armature_space": 0.10252189080891835,
      "parent": "spine_01",
      "has_children": true,
      "is_end_bone": false
    },
    "head": {
      "name": "head",
      "local": {
        "location": {
          "x": 0.0,
          "y": 0.0,
          "z": 0.0
        },
        "rotation_quaternion": {
          "w": 0.9716377854347229,
          "x": -0.10758638381958008,
          "y": 0.12456922233104706,
          "z": -0.16978779435157776
        },
        "scale": {
          "x": 1.0,
          "y": 1.0,
          "z": 1.0
        },
        "matrix_basis": [
          [
            0.9113092422485352,
            0.3031405806541443,
            0.27860602736473083,
            0.0
          ],
          [
            -0.3567483723163605,
            0.9191945791244507,
            0.16676932573318481,
            0.0
          ],
          [
            -0.20553861558437347,
            -0.2513706684112549,
            0.94581538438797,
            0.0
          ],
          [
            0.0,
            0.0,
            0.0,
            1.0
          ]
        ],
        "rotation_mode": "QUATERNION"
      },
      "armature_space": {
        "head": {
          "x": -0.02712935581803322,
          "y": 0.00557781383395195,
          "z": 0.6558855772018433
        },
        "tail": {
          "x": 0.0506632961332798,
          "y": 0.04078249633312225,
          "z": 0.7853543162345886
        }
      },
      "world_space": {
        "head": {
          "x": -0.02712935581803322,
          "y": 0.06882181763648987,
          "z": 1.6057395935058594
        },
        "tail": {
          "x": 0.0506632961332798,
          "y": 0.10402649641036987,
          "z": 1.73520827293396
        },
        "rotation_quaternion": {
          "w": 0.7408655285835266,
          "x": 0.6079663634300232,
          "y": 0.25419509410858154,
          "z": -0.12992382049560547
        },
        "matrix": [
          [
            0.8370100259780884,
            0.5015961527824402,
            0.21866846084594727,
            -0.02712935581803322
          ],
          [
            0.11656928062438965,
            0.2269948571920395,
            -0.9668947458267212,
            0.06882181763648987
          ],
          [
            -0.5346306562423706,
            0.8347963094711304,
            0.13152621686458588,
            1.6057395935058594
          ],
          [
            0.0,
            0.0,
            0.0,
            1.0
          ]
        ]
      },
      "bone_length_armature_space": 0.15509100759600042,
      "parent": "neck_01",
      "has_children": false,
      "is_end_bone": true
    },
    "upperarm_l": {
      "name": "upperarm_l",
      "local": {
        "location": {
          "x": 0.0,
          "y": 0.0,
          "z": 0.0
        },
        "rotation_quaternion": {
          "w": 0.9270741939544678,
          "x": 0.015657583251595497,
          "y": 0.34016847610473633,
          "z": 0.1567605584859848
        },
        "scale": {
          "x": 1.0,
          "y": 1.0,
          "z": 1.0
        },
        "matrix_basis": [
          [
            0.7194230556488037,
            -0.28000491857528687,
            0.635631799697876,
            0.0
          ],
          [
            0.3013097643852234,
            0.9503619074821472,
            0.07761851698160172,
            0.0
          ],
          [
            -0.6258138418197632,
            0.13568148016929626,
            0.768080472946167,
            0.0
          ],
          [
            0.0,
            0.0,
            0.0,
            1.0
          ]
        ],
        "rotation_mode": "QUATERNION"
      },
      "armature_space": {
        "head": {
          "x": 0.11135511100292206,
          "y": 0.02753543108701706,
          "z": 0.5064157247543335
        },
        "tail": {
          "x": 0.3626020550727844,
          "y": 0.005242330953478813,
          "z": 0.5968906283378601
        }
      },
      "world_space": {
        "head": {
          "x": 0.11135511100292206,
          "y": 0.09077943116426468,
          "z": 1.4562697410583496
        },
        "tail": {
          "x": 0.3626020550727844,
          "y": 0.06848633289337158,
          "z": 1.5467445850372314
        },
        "rotation_quaternion": {
          "w": 0.4188152253627777,
          "x": 0.6982734799385071,
          "y": 0.5319740176200867,
          "z": -0.23240406811237335
        },
        "matrix": [
          [
            0.32598263025283813,
            0.9375956058502197,
            0.12103666365146637,
            0.11135511100292206
          ],
          [
            0.5482594966888428,
            -0.08319269865751266,
            -0.8321602940559387,
            0.09077943116426468
          ],
          [
            -0.770165205001831,
            0.3376314640045166,
            -0.5411695241928101,
            1.4562697410583496
          ],
          [
            0.0,
            0.0,
            0.0,
            1.0
          ]
        ]
      },
      "bone_length_armature_space": 0.2679696102648111,
      "parent": "spine_01",
      "has_children": true,
      "is_end_bone": false
    },
    "lowerarm_l": {
      "name": "lowerarm_l",
      "local": {
        "location": {
          "x": 0.0,
          "y": 0.0,
          "z": 0.0
        },
        "rotation_quaternion": {
          "w": 0.9430383443832397,
          "x": 0.11461538821458817,
          "y": 0.1075703576207161,
          "z": -0.2932073771953583
        },
        "scale": {
          "x": 1.0,
          "y": 1.0,
          "z": 1.0
        },
        "matrix_basis": [
          [
            0.8049160838127136,
            0.5776700377464294,
            0.13567379117012024,
            0.0
          ],
          [
            -0.5283531546592712,
            0.8017854690551758,
            -0.2792542576789856,
            0.0
          ],
          [
            -0.27009809017181396,
            0.15309256315231323,
            0.9505838751792908,
            0.0
          ],
          [
            0.0,
            0.0,
            0.0,
            1.0
          ]
        ],
        "rotation_mode": "QUATERNION"
      },
      "armature_space": {
        "head": {
          "x": 0.3626021444797516,
          "y": 0.005242215469479561,
          "z": 0.5968907475471497
        },
        "tail": {
          "x": 0.6184684038162231,
          "y": -0.013027520850300789,
          "z": 0.5209429264068604
        }
      },
      "world_space": {
        "head": {
          "x": 0.3626021444797516,
          "y": 0.06848621368408203,
          "z": 1.5467448234558105
        },
        "tail": {
          "x": 0.6184684038162231,
          "y": 0.05021648108959198,
          "z": 1.4707969427108765
        },
        "rotation_quaternion": {
          "w": 0.17532797157764435,
          "x": 0.6237064599990845,
          "y": 0.6596330404281616,
          "z": -0.3809655010700226
        },
        "matrix": [
          [
            -0.16049876809120178,
            0.9564219117164612,
            -0.24391981959342957,
            0.3626021444797516
          ],
          [
            0.6892480850219727,
            -0.06829182803630829,
            -0.7212998867034912,
            0.06848621368408203
          ],
          [
            -0.7065289616584778,
            -0.28389114141464233,
            -0.6482564806938171,
            1.5467448234558105
          ],
          [
            0.0,
            0.0,
            0.0,
            1.0
          ]
        ]
      },
      "bone_length_armature_space": 0.26752457563634935,
      "parent": "upperarm_l",
      "has_children": true,
      "is_end_bone": false
    },
    "metacarpal_thumb_l": {
      "name": "metacarpal_thumb_l",
      "local": {
        "location": {
          "x": 0.0,
          "y": 0.0,
          "z": 0.0
        },
        "rotation_quaternion": {
          "w": 0.9996138215065002,
          "x": 0.01266847550868988,
          "y": -0.02102021872997284,
          "z": -0.01303254347294569
        },
        "scale": {
          "x": 1.0,
          "y": 1.0,
          "z": 1.0
        },
        "matrix_basis": [
          [
            0.9987766146659851,
            0.02552243322134018,
            -0.04235440865159035,
            0.0
          ],
          [
            -0.026587609201669693,
            0.9993393421173096,
            -0.024779273197054863,
            0.0
          ],
          [
            0.041693996638059616,
            0.025875059887766838,
            0.9987953305244446,
            0.0
          ],
          [
            0.0,
            0.0,
            0.0,
            1.0
          ]
        ],
        "rotation_mode": "QUATERNION"
      },
      "armature_space": {
        "head": {
          "x": 0.6184684038162231,
          "y": -0.013027520850300789,
          "z": 0.5209429264068604
        },
        "tail": {
          "x": 0.64775550365448,
          "y": -0.028783412650227547,
          "z": 0.48423299193382263
        }
      },
      "world_space": {
        "head": {
          "x": 0.6184684038162231,
          "y": 0.05021648108959198,
          "z": 1.4707969427108765
        },
        "tail": {
          "x": 0.64775550365448,
          "y": 0.03446058928966522,
          "z": 1.4340870380401611
        },
        "rotation_quaternion": {
          "w": 0.4468269944190979,
          "x": -0.8115398287773132,
          "y": -0.37590324878692627,
          "z": 0.02110872231423855
        },
        "matrix": [
          [
            0.7165009379386902,
            0.5912570357322693,
            -0.37019044160842896,
            0.6184684038162231
          ],
          [
            0.6289869546890259,
            -0.3180844783782959,
            0.7093644738197327,
            0.05021648108959198
          ],
          [
            0.30166760087013245,
            -0.7411107420921326,
            -0.5998044013977051,
            1.4707969427108765
          ],
          [
            0.0,
            0.0,
            0.0,
            1.0
          ]
        ]
      },
      "bone_length_armature_space": 0.04953384414102924,
      "parent": "lowerarm_l",
      "has_children": true,
      "is_end_bone": false
    },
    "thumb_01_l": {
      "name": "thumb_01_l",
      "local": {
        "location": {
          "x": 0.0,
          "y": 0.0,
          "z": 0.0
        },
        "rotation_quaternion": {
          "w": 0.9886945486068726,
          "x": 0.14991480112075806,
          "y": -0.0005551879294216633,
          "z": -0.0028907563537359238
        },
        "scale": {
          "x": 1.0,
          "y": 1.0,
          "z": 1.0
        },
        "matrix_basis": [
          [
            0.9999826550483704,
            0.00554968835785985,
            -0.001964556984603405,
            0.0
          ],
          [
            -0.0058826119638979435,
            0.9550343751907349,
            -0.29643669724464417,
            0.0
          ],
          [
            0.00023108822642825544,
            0.2964431047439575,
            0.9550504684448242,
            0.0
          ],
          [
            0.0,
            0.0,
            0.0,
            1.0
          ]
        ],
        "rotation_mode": "QUATERNION"
      },
      "armature_space": {
        "head": {
          "x": 0.64775550365448,
          "y": -0.028783412650227547,
          "z": 0.48423299193382263
        },
        "tail": {
          "x": 0.6561799645423889,
          "y": -0.01446483749896288,
          "z": 0.4545236825942993
        }
      },
      "world_space": {
        "head": {
          "x": 0.64775550365448,
          "y": 0.03446058928966522,
          "z": 1.4340870380401611
        },
        "tail": {
          "x": 0.6561799645423889,
          "y": 0.048779163509607315,
          "z": 1.4043776988983154
        },
        "rotation_quaternion": {
          "w": 0.8015550971031189,
          "x": -0.44707515835762024,
          "y": 0.2604580223560333,
          "z": -0.29965829849243164
        },
        "matrix": [
          [
            0.6847323179244995,
            0.2474972903728485,
            0.6854824423789978,
            0.64775550365448
          ],
          [
            -0.7132742404937744,
            0.42065727710723877,
            0.5606135129928589,
            0.03446058928966522
          ],
          [
            -0.14960446953773499,
            -0.8728130459785461,
            0.4645749032497406,
            1.4340870380401611
          ],
          [
            0.0,
            0.0,
            0.0,
            1.0
          ]
        ]
      },
      "bone_length_armature_space": 0.03403874527288936,
      "parent": "metacarpal_thumb_l",
      "has_children": true,
      "is_end_bone": false
    },
    "thumb_02_l": {
      "name": "thumb_02_l",
      "local": {
        "location": {
          "x": 0.0,
          "y": 0.0,
          "z": 0.0
        },
        "rotation_quaternion": {
          "w": 0.935309886932373,
          "x": 0.3536088764667511,
          "y": -0.012168318033218384,
          "z": 0.0028561267536133528
        },
        "scale": {
          "x": 1.0,
          "y": 1.0,
          "z": 1.0
        },
        "matrix_basis": [
          [
            0.9996875524520874,
            -0.013948378153145313,
            -0.020742392167448997,
            0.0
          ],
          [
            -0.0032629233319312334,
            0.7499052286148071,
            -0.6615372896194458,
            0.0
          ],
          [
            0.024782199412584305,
            0.6613982319831848,
            0.7496253848075867,
            0.0
          ],
          [
            0.0,
            0.0,
            0.0,
            1.0
          ]
        ],
        "rotation_mode": "QUATERNION"
      },
      "armature_space": {
        "head": {
          "x": 0.6561798453330994,
          "y": -0.014464844949543476,
          "z": 0.45452365279197693
        },
        "tail": {
          "x": 0.6921498775482178,
          "y": -0.019718360155820847,
          "z": 0.47160404920578003
        }
      },
      "world_space": {
        "head": {
          "x": 0.6561798453330994,
          "y": 0.04877915605902672,
          "z": 1.4043776988983154
        },
        "tail": {
          "x": 0.6921498775482178,
          "y": 0.04352563992142677,
          "z": 1.4214580059051514
        },
        "rotation_quaternion": {
          "w": 0.657346248626709,
          "x": 0.2701471149921417,
          "y": -0.0499485619366169,
          "z": -0.701727569103241
        },
        "matrix": [
          [
            0.010168666951358318,
            0.8955698609352112,
            -0.44480401277542114,
            0.6561798453330994
          ],
          [
            -0.9495425224304199,
            -0.1308002769947052,
            -0.28506192564964294,
            0.04877915605902672
          ],
          [
            -0.3134765326976776,
            0.42526206374168396,
            0.8490574359893799,
            1.4043776988983154
          ],
          [
            0.0,
            0.0,
            0.0,
            1.0
          ]
        ]
      },
      "bone_length_armature_space": 0.040164444787379794,
      "parent": "thumb_01_l",
      "has_children": true,
      "is_end_bone": false
    },
    "thumb_03_l": {
      "name": "thumb_03_l",
      "local": {
        "location": {
          "x": 0.0,
          "y": 0.0,
          "z": 0.0
        },
        "rotation_quaternion": {
          "w": 0.9861979484558105,
          "x": 0.1654382050037384,
          "y": 0.0053518894128501415,
          "z": 0.003911338746547699
        },
        "scale": {
          "x": 1.0,
          "y": 1.0,
          "z": 1.0
        },
        "matrix_basis": [
          [
            0.9999121427536011,
            -0.005943894386291504,
            0.011850214563310146,
            0.0
          ],
          [
            0.009485522285103798,
            0.9452298283576965,
            -0.3262677788734436,
            0.0
          ],
          [
            -0.009261875413358212,
            0.32635149359703064,
            0.9452031254768372,
            0.0
          ],
          [
            0.0,
            0.0,
            0.0,
            1.0
          ]
        ],
        "rotation_mode": "QUATERNION"
      },
      "armature_space": {
        "head": {
          "x": 0.692149817943573,
          "y": -0.019718388095498085,
          "z": 0.47160395979881287
        },
        "tail": {
          "x": 0.7073731422424316,
          "y": -0.026911702007055283,
          "z": 0.49696943163871765
        }
      },
      "world_space": {
        "head": {
          "x": 0.692149817943573,
          "y": 0.043525613844394684,
          "z": 1.4214580059051514
        },
        "tail": {
          "x": 0.7073731422424316,
          "y": 0.03633229807019234,
          "z": 1.4468234777450562
        },
        "rotation_quaternion": {
          "w": 0.6045788526535034,
          "x": 0.5758253335952759,
          "y": -0.12786030769348145,
          "z": -0.53531414270401
        },
        "matrix": [
          [
            0.3941768705844879,
            0.5000281929969788,
            -0.7711005210876465,
            0.692149817943573
          ],
          [
            -0.7945320010185242,
            -0.23627330362796783,
            -0.5593690872192383,
            0.043525613844394684
          ],
          [
            -0.4618947505950928,
            0.8331602215766907,
            0.3041565716266632,
            1.4214580059051514
          ],
          [
            0.0,
            0.0,
            0.0,
            1.0
          ]
        ]
      },
      "bone_length_armature_space": 0.03044504116173806,
      "parent": "thumb_02_l",
      "has_children": false,
      "is_end_bone": true
    },
    "metacarpal_index_l": {
      "name": "metacarpal_index_l",
      "local": {
        "location": {
          "x": 0.0,
          "y": 0.0,
          "z": 0.0
        },
        "rotation_quaternion": {
          "w": 0.9995949864387512,
          "x": 0.027493096888065338,
          "y": 0.006547238677740097,
          "z": -0.003340094117447734
        },
        "scale": {
          "x": 1.0,
          "y": 1.0,
          "z": 1.0
        },
        "matrix_basis": [
          [
            0.9998919367790222,
            0.007037490606307983,
            0.012905514799058437,
            0.0
          ],
          [
            -0.006317474879324436,
            0.9984659552574158,
            -0.055007658898830414,
            0.0
          ],
          [
            -0.013272833079099655,
            0.05492018535733223,
            0.9984025359153748,
            0.0
          ],
          [
            0.0,
            0.0,
            0.0,
            1.0
          ]
        ],
        "rotation_mode": "QUATERNION"
      },
      "armature_space": {
        "head": {
          "x": 0.6184684038162231,
          "y": -0.013027520850300789,
          "z": 0.5209429264068604
        },
        "tail": {
          "x": 0.71244215965271,
          "y": -0.04035573452711105,
          "z": 0.4565117359161377
        }
      },
      "world_space": {
        "head": {
          "x": 0.6184684038162231,
          "y": 0.05021648108959198,
          "z": 1.4707969427108765
        },
        "tail": {
          "x": 0.71244215965271,
          "y": 0.022888265550136566,
          "z": 1.4063657522201538
        },
        "rotation_quaternion": {
          "w": 0.24539394676685333,
          "x": -0.7705934047698975,
          "y": -0.5684763789176941,
          "z": 0.15100422501564026
        },
        "matrix": [
          [
            0.30806252360343933,
            0.802017092704773,
            -0.5117281675338745,
            0.6184684038162231
          ],
          [
            0.9502402544021606,
            -0.23323212563991547,
            0.20651046931743622,
            0.05021648108959198
          ],
          [
            0.04627472907304764,
            -0.54988694190979,
            -0.8339646458625793,
            1.4707969427108765
          ],
          [
            0.0,
            0.0,
            0.0,
            1.0
          ]
        ]
      },
      "bone_length_armature_space": 0.11717199555788695,
      "parent": "lowerarm_l",
      "has_children": true,
      "is_end_bone": false
    },
    "index_01_l": {
      "name": "index_01_l",
      "local": {
        "location": {
          "x": 0.0,
          "y": 0.0,
          "z": 0.0
        },
        "rotation_quaternion": {
          "w": 0.9684017300605774,
          "x": 0.24876900017261505,
          "y": 0.016366323456168175,
          "z": -0.0066620660945773125
        },
        "scale": {
          "x": 1.0,
          "y": 1.0,
          "z": 1.0
        },
        "matrix_basis": [
          [
            0.9993755221366882,
            0.021045980975031853,
            0.02838372066617012,
            0.0
          ],
          [
            -0.004760244861245155,
            0.876139223575592,
            -0.48203471302986145,
            0.0
          ],
          [
            -0.03501298278570175,
            0.4815985858440399,
            0.8756922483444214,
            0.0
          ],
          [
            0.0,
            0.0,
            0.0,
            1.0
          ]
        ],
        "rotation_mode": "QUATERNION"
      },
      "armature_space": {
        "head": {
          "x": 0.71244215965271,
          "y": -0.04035573452711105,
          "z": 0.4565117359161377
        },
        "tail": {
          "x": 0.7300316095352173,
          "y": -0.03455323353409767,
          "z": 0.434831827878952
        }
      },
      "world_space": {
        "head": {
          "x": 0.71244215965271,
          "y": 0.022888265550136566,
          "z": 1.4063657522201538
        },
        "tail": {
          "x": 0.7300316095352173,
          "y": 0.028690766543149948,
          "z": 1.3846858739852905
        },
        "rotation_quaternion": {
          "w": 0.3999646008014679,
          "x": -0.5933558940887451,
          "y": -0.6646625995635986,
          "z": 0.21489721536636353
        },
        "matrix": [
          [
            0.02408825233578682,
            0.6168620586395264,
            -0.7867024540901184,
            0.71244215965271
          ],
          [
            0.9606655240058899,
            0.20349395275115967,
            0.18897664546966553,
            0.022888265550136566
          ],
          [
            0.2766645550727844,
            -0.7603152394294739,
            -0.5877001285552979,
            1.4063657522201538
          ],
          [
            0.0,
            0.0,
            0.0,
            1.0
          ]
        ]
      },
      "bone_length_armature_space": 0.028514490603575963,
      "parent": "metacarpal_index_l",
      "has_children": true,
      "is_end_bone": false
    },
    "index_02_l": {
      "name": "index_02_l",
      "local": {
        "location": {
          "x": 0.0,
          "y": 0.0,
          "z": 0.0
        },
        "rotation_quaternion": {
          "w": 0.9194850921630859,
          "x": 0.3930686116218567,
          "y": -0.006633824668824673,
          "z": 0.0006381506682373583
        },
        "scale": {
          "x": 1.0,
          "y": 1.0,
          "z": 1.0
        },
        "matrix_basis": [
          [
            0.9999111890792847,
            -0.006388636771589518,
            -0.011697731912136078,
            0.0
          ],
          [
            -0.004041556268930435,
            0.6909933090209961,
            -0.7228499054908752,
            0.0
          ],
          [
            0.012701080180704594,
            0.722832977771759,
            0.6909061074256897,
            0.0
          ],
          [
            0.0,
            0.0,
            0.0,
            1.0
          ]
        ],
        "rotation_mode": "QUATERNION"
      },
      "armature_space": {
        "head": {
          "x": 0.7300316095352173,
          "y": -0.034553322941064835,
          "z": 0.43483129143714905
        },
        "tail": {
          "x": 0.7272985577583313,
          "y": -0.028217561542987823,
          "z": 0.4101232588291168
        }
      },
      "world_space": {
        "head": {
          "x": 0.7300316095352173,
          "y": 0.028690677136182785,
          "z": 1.3846852779388428
        },
        "tail": {
          "x": 0.7272985577583313,
          "y": 0.035026438534259796,
          "z": 1.3599772453308105
        },
        "rotation_quaternion": {
          "w": 0.5651663541793823,
          "x": -0.3894142210483551,
          "y": -0.5514308214187622,
          "z": 0.4742022156715393
        },
        "matrix": [
          [
            -0.05788622424006462,
            -0.10653847455978394,
            -0.9926221370697021,
            0.7300316095352173
          ],
          [
            0.9654765129089355,
            0.2469768077135086,
            -0.08281133323907852,
            0.028690677136182785
          ],
          [
            0.2539799213409424,
            -0.9631535410881042,
            0.08856439590454102,
            1.3846852779388428
          ],
          [
            0.0,
            0.0,
            0.0,
            1.0
          ]
        ]
      },
      "bone_length_armature_space": 0.025653427459292777,
      "parent": "index_01_l",
      "has_children": true,
      "is_end_bone": false
    },
    "index_03_l": {
      "name": "index_03_l",
      "local": {
        "location": {
          "x": 0.0,
          "y": 0.0,
          "z": 0.0
        },
        "rotation_quaternion": {
          "w": 0.9722395539283752,
          "x": 0.23383201658725739,
          "y": 0.007485571783035994,
          "z": 0.004109392873942852
        },
        "scale": {
          "x": 1.0,
          "y": 1.0,
          "z": 1.0
        },
        "matrix_basis": [
          [
            0.9998541474342346,
            -0.004489895887672901,
            0.016477353870868683,
            0.0
          ],
          [
            0.011491361074149609,
            0.8906114101409912,
            -0.4546199440956116,
            0.0
          ],
          [
            -0.01263372227549553,
            0.45474299788475037,
            0.8905330896377563,
            0.0
          ],
          [
            0.0,
            0.0,
            0.0,
            1.0
          ]
        ],
        "rotation_mode": "QUATERNION"
      },
      "armature_space": {
        "head": {
          "x": 0.7272986769676208,
          "y": -0.028217576444149017,
          "z": 0.4101232588291168
        },
        "tail": {
          "x": 0.7091155052185059,
          "y": -0.020418064668774605,
          "z": 0.38862261176109314
        }
      },
      "world_space": {
        "head": {
          "x": 0.7272986769676208,
          "y": 0.0350264236330986,
          "z": 1.3599772453308105
        },
        "tail": {
          "x": 0.7091155052185059,
          "y": 0.042825937271118164,
          "z": 1.3384766578674316
        },
        "rotation_quaternion": {
          "w": 0.6897743344306946,
          "x": -0.20557889342308044,
          "y": -0.39708974957466125,
          "z": 0.5694457292556763
        },
        "matrix": [
          [
            0.036100342869758606,
            -0.6223134398460388,
            -0.7819352149963379,
            0.7272986769676208
          ],
          [
            0.9488447904586792,
            0.266935795545578,
            -0.1686381995677948,
            0.0350264236330986
          ],
          [
            0.3136754035949707,
            -0.7358523011207581,
            0.6001194715499878,
            1.3599772453308105
          ],
          [
            0.0,
            0.0,
            0.0,
            1.0
          ]
        ]
      },
      "bone_length_armature_space": 0.029218794043456443,
      "parent": "index_02_l",
      "has_children": false,
      "is_end_bone": true
    },
    "metacarpal_pinky_l": {
      "name": "metacarpal_pinky_l",
      "local": {
        "location": {
          "x": 0.0,
          "y": 0.0,
          "z": 0.0
        },
        "rotation_quaternion": {
          "w": 0.9991569519042969,
          "x": -0.03717782348394394,
          "y": -0.007101421244442463,
          "z": 0.015901152044534683
        },
        "scale": {
          "x": 1.0,
          "y": 1.0,
          "z": 1.0
        },
        "matrix_basis": [
          [
            0.9993934631347656,
            -0.031247463077306747,
            -0.015373209491372108,
            0.0
          ],
          [
            0.032303523272275925,
            0.9967299103736877,
            0.074067123234272,
            0.0
          ],
          [
            0.013008528389036655,
            -0.07451879978179932,
            0.9971347451210022,
            0.0
          ],
          [
            0.0,
            0.0,
            0.0,
            1.0
          ]
        ],
        "rotation_mode": "QUATERNION"
      },
      "armature_space": {
        "head": {
          "x": 0.6184684038162231,
          "y": -0.013027520850300789,
          "z": 0.5209429264068604
        },
        "tail": {
          "x": 0.719248354434967,
          "y": 0.011574136093258858,
          "z": 0.511922299861908
        }
      },
      "world_space": {
        "head": {
          "x": 0.6184684038162231,
          "y": 0.05021648108959198,
          "z": 1.4707969427108765
        },
        "tail": {
          "x": 0.719248354434967,
          "y": 0.07481813430786133,
          "z": 1.4617762565612793
        },
        "rotation_quaternion": {
          "w": 0.6669445037841797,
          "x": 0.27918002009391785,
          "y": 0.41631120443344116,
          "z": -0.5512972474098206
        },
        "matrix": [
          [
            0.04551154747605324,
            0.9678212404251099,
            0.24748826026916504,
            0.6184684038162231
          ],
          [
            -0.5029182434082031,
            0.23625734448432922,
            -0.8314181566238403,
            0.05021648108959198
          ],
          [
            -0.8631415367126465,
            -0.08662762492895126,
            0.49748992919921875,
            1.4707969427108765
          ],
          [
            0.0,
            0.0,
            0.0,
            1.0
          ]
        ]
      },
      "bone_length_armature_space": 0.10413074517427146,
      "parent": "lowerarm_l",
      "has_children": true,
      "is_end_bone": false
    },
    "pinky_01_l": {
      "name": "pinky_01_l",
      "local": {
        "location": {
          "x": 0.0,
          "y": 0.0,
          "z": 0.0
        },
        "rotation_quaternion": {
          "w": 0.9451198577880859,
          "x": 0.3264186680316925,
          "y": -0.003999457228928804,
          "z": -0.013546797446906567
        },
        "scale": {
          "x": 1.0,
          "y": 1.0,
          "z": 1.0
        },
        "matrix_basis": [
          [
            0.9996010065078735,
            0.02299569919705391,
            -0.016403788700699806,
            0.0
          ],
          [
            -0.02821769006550312,
            0.7865346670150757,
            -0.616901159286499,
            0.0
          ],
          [
            -0.0012839222326874733,
            0.6171178817749023,
            0.7868697047233582,
            0.0
          ],
          [
            0.0,
            0.0,
            0.0,
            1.0
          ]
        ],
        "rotation_mode": "QUATERNION"
      },
      "armature_space": {
        "head": {
          "x": 0.719248354434967,
          "y": 0.011574136093258858,
          "z": 0.511922299861908
        },
        "tail": {
          "x": 0.7320600748062134,
