{
  "metadata": {
    "armature_name": "KIM_caucasian_male",
    "export_time": "2026-01-13T21:07:24.996193",
    "blender_version": "4.4.1",
    "bone_count": 56,
    "end_bone_count": 13,
    "spaces_included": [
      "LOCAL_CHANNELS",
      "ARMATURE_SPACE",
      "WORLD_SPACE"
    ],
    "note": "LOCAL matches Transform panel; replay pose via local.matrix_basis for best fidelity."
  },
  "bones": {
    "Root": {
      "name": "Root",
      "local": {
        "location": {
          "x": 0.0,
          "y": 0.0,
          "z": 0.0
        },
        "rotation_quaternion": {
          "w": 0.9997411966323853,
          "x": 0.0013696029782295227,
          "y": 0.014376998879015446,
          "z": 0.01758030243217945
        },
        "scale": {
          "x": 1.0,
          "y": 1.0,
          "z": 1.0
        },
        "matrix_basis": [
          [
            0.9989684820175171,
            -0.03511212393641472,
            0.02879471145570278,
            0.0
          ],
          [
            0.0351908877491951,
            0.9993780851364136,
            -0.002232993021607399,
            0.0
          ],
          [
            -0.028698399662971497,
            0.0032440009526908398,
            0.999582827091217,
            0.0
          ],
          [
            0.0,
            0.0,
            0.0,
            1.0
          ]
        ],
        "rotation_mode": "QUATERNION"
      },
      "armature_space": {
        "head": {
          "x": 0.0,
          "y": 0.07072800397872925,
          "z": -0.009595036506652832
        },
        "tail": {
          "x": -0.0025061583146452904,
          "y": 1.2859702110290527e-05,
          "z": -0.00023541133850812912
        }
      },
      "world_space": {
        "head": {
          "x": 0.0,
          "y": 0.13397200405597687,
          "z": 0.9402589797973633
        },
        "tail": {
          "x": -0.0025061583146452904,
          "y": 0.06325685977935791,
          "z": 0.9496185779571533
        },
        "rotation_quaternion": {
          "w": 0.06598372012376785,
          "x": 0.9975622296333313,
          "y": -0.01657181605696678,
          "z": 0.015528685413300991
        },
        "matrix": [
          [
            0.9989684820175171,
            -0.03511212393641472,
            0.02879471145570278,
            0.0
          ],
          [
            -0.031013548374176025,
            -0.9907429814338684,
            -0.13216090202331543,
            0.13397200405597687
          ],
          [
            0.03316881135106087,
            0.13113150000572205,
            -0.9908169507980347,
            0.9402589797973633
          ],
          [
            0.0,
            0.0,
            0.0,
            1.0
          ]
        ]
      },
      "bone_length_armature_space": 0.07137587267875192,
      "parent": null,
      "has_children": true,
      "is_end_bone": false
    },
    "spine_01": {
      "name": "spine_01",
      "local": {
        "location": {
          "x": 0.0,
          "y": 0.0,
          "z": 0.0
        },
        "rotation_quaternion": {
          "w": 0.9984156489372253,
          "x": 0.03965891897678375,
          "y": -0.027050316333770752,
          "z": -0.029355313628911972
        },
        "scale": {
          "x": 1.0,
          "y": 1.0,
          "z": 1.0
        },
        "matrix_basis": [
          [
            0.9968131184577942,
            0.056472036987543106,
            -0.05634331703186035,
            0.0
          ],
          [
            -0.06076318025588989,
            0.9951308965682983,
            -0.0776040330529213,
            0.0
          ],
          [
            0.051686517894268036,
            0.08078031241893768,
            0.9953908920288086,
            0.0
          ],
          [
            0.0,
            0.0,
            0.0,
            1.0
          ]
        ],
        "rotation_mode": "QUATERNION"
      },
      "armature_space": {
        "head": {
          "x": -0.0025061583146452904,
          "y": 1.2859702110290527e-05,
          "z": -0.00023541133850812912
        },
        "tail": {
          "x": 0.008315695449709892,
          "y": -0.018597310408949852,
          "z": 0.48729416728019714
        }
      },
      "world_space": {
        "head": {
          "x": -0.0025061583146452904,
          "y": 0.06325685977935791,
          "z": 0.9496185779571533
        },
        "tail": {
          "x": 0.008315695449709892,
          "y": 0.04464668780565262,
          "z": 1.4371482133865356
        },
        "rotation_quaternion": {
          "w": 0.6931464076042175,
          "x": 0.7194215059280396,
          "y": -0.021911021322011948,
          "z": -0.03873814269900322
        },
        "matrix": [
          [
            0.996038556098938,
            0.022175874561071396,
            -0.08611300587654114,
            -0.0025061583146452904
          ],
          [
            -0.08522875607013702,
            -0.03813549876213074,
            -0.9956313967704773,
            0.06325685977935791
          ],
          [
            -0.025363214313983917,
            0.999033510684967,
            -0.036095600575208664,
            0.9496185779571533
          ],
          [
            0.0,
            0.0,
            0.0,
            1.0
          ]
        ]
      },
      "bone_length_armature_space": 0.48800464679775796,
      "parent": "Root",
      "has_children": true,
      "is_end_bone": false
    },
    "neck_01": {
      "name": "neck_01",
      "local": {
        "location": {
          "x": 0.0,
          "y": 0.0,
          "z": 0.0
        },
        "rotation_quaternion": {
          "w": 0.9952287673950195,
          "x": -0.042471885681152344,
          "y": 0.06702663749456406,
          "z": 0.05677539110183716
        },
        "scale": {
          "x": 1.0,
          "y": 1.0,
          "z": 1.0
        },
        "matrix_basis": [
          [
            0.9845679402351379,
            -0.11870250105857849,
            0.12859095633029938,
            0.0
          ],
          [
            0.10731551051139832,
            0.9899454116821289,
            0.09214941412210464,
            0.0
          ],
          [
            -0.1382363885641098,
            -0.0769275575876236,
            0.9874071478843689,
            0.0
          ],
          [
            0.0,
            0.0,
            0.0,
            1.0
          ]
        ],
        "rotation_mode": "QUATERNION"
      },
      "armature_space": {
        "head": {
          "x": 0.006952942349016666,
          "y": -0.05591847002506256,
          "z": 0.5591900944709778
        },
        "tail": {
          "x": -0.0056964317336678505,
          "y": -0.08968205749988556,
          "z": 0.6551628112792969
        }
      },
      "world_space": {
        "head": {
          "x": 0.006952942349016666,
          "y": 0.007325530052185059,
          "z": 1.5090441703796387
        },
        "tail": {
          "x": -0.0056964317336678505,
          "y": -0.02643805742263794,
          "z": 1.605016827583313
        },
        "rotation_quaternion": {
          "w": 0.5777442455291748,
          "x": 0.8136476278305054,
          "y": -0.03931000828742981,
          "z": 0.051418740302324295
        },
        "matrix": [
          [
            0.991621732711792,
            -0.12338284403085709,
            0.03825049847364426,
            0.006952942349016666
          ],
          [
            -0.004555866122245789,
            -0.3293323218822479,
            -0.94420325756073,
            0.007325530052185059
          ],
          [
            0.12909650802612305,
            0.9361242651939392,
            -0.32713839411735535,
            1.5090441703796387
          ],
          [
            0.0,
            0.0,
            0.0,
            1.0
          ]
        ]
      },
      "bone_length_armature_space": 0.10252194417819059,
      "parent": "spine_01",
      "has_children": true,
      "is_end_bone": false
    },
    "head": {
      "name": "head",
      "local": {
        "location": {
          "x": 0.0,
          "y": 0.0,
          "z": 0.0
        },
        "rotation_quaternion": {
          "w": 0.9748181104660034,
          "x": 0.09532979130744934,
          "y": -0.1352176070213318,
          "z": -0.1495262235403061
        },
        "scale": {
          "x": 1.0,
          "y": 1.0,
          "z": 1.0
        },
        "matrix_basis": [
          [
            0.9187161922454834,
            0.2657411992549896,
            -0.29213374853134155,
            0.0
          ],
          [
            -0.31730228662490845,
            0.9371082782745361,
            -0.14542125165462494,
            0.0
          ],
          [
            0.23511654138565063,
            0.2262955754995346,
            0.9452568888664246,
            0.0
          ],
          [
            0.0,
            0.0,
            0.0,
            1.0
          ]
        ],
        "rotation_mode": "QUATERNION"
      },
      "armature_space": {
        "head": {
          "x": -0.005696416366845369,
          "y": -0.0896821841597557,
          "z": 0.6551626920700073
        },
        "tail": {
          "x": 0.015929117798805237,
          "y": -0.12008671462535858,
          "z": 0.8056989908218384
        }
      },
      "world_space": {
        "head": {
          "x": -0.005696416366845369,
          "y": -0.026438184082508087,
          "z": 1.6050167083740234
        },
        "tail": {
          "x": 0.015929117798805237,
          "y": -0.05684271454811096,
          "z": 1.7555530071258545
        },
        "rotation_quaternion": {
          "w": 0.6329132914543152,
          "x": 0.757641077041626,
          "y": -0.03739946335554123,
          "z": -0.1549258828163147
        },
        "matrix": [
          [
            0.9491989016532898,
            0.1394384205341339,
            -0.2820967435836792,
            -0.005696416366845369
          ],
          [
            -0.25277912616729736,
            -0.19604413211345673,
            -0.9474543929100037,
            -0.026438184082508087
          ],
          [
            -0.1874164640903473,
            0.9706372022628784,
            -0.1508396714925766,
            1.6050167083740234
          ],
          [
            0.0,
            0.0,
            0.0,
            1.0
          ]
        ]
      },
      "bone_length_armature_space": 0.1550911880275879,
      "parent": "neck_01",
      "has_children": false,
      "is_end_bone": true
    },
    "upperarm_l": {
      "name": "upperarm_l",
      "local": {
        "location": {
          "x": 0.0,
          "y": 0.0,
          "z": 0.0
        },
        "rotation_quaternion": {
          "w": 0.9902445077896118,
          "x": -0.08277924358844757,
          "y": -0.08247920870780945,
          "z": -0.07589992880821228
        },
        "scale": {
          "x": 1.0,
          "y": 1.0,
          "z": 1.0
        },
        "matrix_basis": [
          [
            0.9748727679252625,
            0.1639741063117981,
            -0.15078328549861908,
            0.0
          ],
          [
            -0.13666383922100067,
            0.9747735857963562,
            0.17646370828151703,
            0.0
          ],
          [
            0.17591504752635956,
            -0.15142305195331573,
            0.9726895689964294,
            0.0
          ],
          [
            0.0,
            0.0,
            0.0,
            1.0
          ]
        ],
        "rotation_mode": "QUATERNION"
      },
      "armature_space": {
        "head": {
          "x": 0.15459370613098145,
          "y": -0.06931497901678085,
          "z": 0.4881276786327362
        },
        "tail": {
          "x": 0.41532814502716064,
          "y": -0.037896253168582916,
          "z": 0.4348542094230652
        }
      },
      "world_space": {
        "head": {
          "x": 0.15459370613098145,
          "y": -0.006070978939533234,
          "z": 1.4379817247390747
        },
        "tail": {
          "x": 0.41532814502716064,
          "y": 0.025347746908664703,
          "z": 1.3847081661224365
        },
        "rotation_quaternion": {
          "w": 0.5031703114509583,
          "x": 0.39178064465522766,
          "y": 0.5526698231697083,
          "z": -0.5365480184555054
        },
        "matrix": [
          [
            -0.1866549551486969,
            0.973000705242157,
            0.13575515151023865,
            0.15459370613098145
          ],
          [
            -0.1069013699889183,
            0.11724743247032166,
            -0.9873325228691101,
            -0.006070978939533234
          ],
          [
            -0.9765990376472473,
            -0.19880422949790955,
            0.08212991058826447,
            1.4379817247390747
          ],
          [
            0.0,
            0.0,
            0.0,
            1.0
          ]
        ]
      },
      "bone_length_armature_space": 0.2679694928587829,
      "parent": "spine_01",
      "has_children": true,
      "is_end_bone": false
    },
    "lowerarm_l": {
      "name": "lowerarm_l",
      "local": {
        "location": {
          "x": 0.0,
          "y": 0.0,
          "z": 0.0
        },
        "rotation_quaternion": {
          "w": 0.9706296920776367,
          "x": 0.19226613640785217,
          "y": -0.12233568727970123,
          "z": 0.07710876315832138
        },
        "scale": {
          "x": 1.0,
          "y": 1.0,
          "z": 1.0
        },
        "matrix_basis": [
          [
            0.9581764340400696,
            -0.1967301368713379,
            -0.20783449709415436,
            0.0
          ],
          [
            0.10264609009027481,
            0.9141759276390076,
            -0.39210474491119385,
            0.0
          ],
          [
            0.2671360969543457,
            0.35437214374542236,
            0.8961354494094849,
            0.0
          ],
          [
            0.0,
            0.0,
            0.0,
            1.0
          ]
        ],
        "rotation_mode": "QUATERNION"
      },
      "armature_space": {
        "head": {
          "x": 0.4153282642364502,
          "y": -0.037896282970905304,
          "z": 0.43485432863235474
        },
        "tail": {
          "x": 0.6676691770553589,
          "y": -0.1148131936788559,
          "z": 0.4793199896812439
        }
      },
      "world_space": {
        "head": {
          "x": 0.4153282642364502,
          "y": 0.025347717106342316,
          "z": 1.3847084045410156
        },
        "tail": {
          "x": 0.6676691770553589,
          "y": -0.051569193601608276,
          "z": 1.4291739463806152
        },
        "rotation_quaternion": {
          "w": 0.5425370931625366,
          "x": 0.4559302031993866,
          "y": 0.24878771603107452,
          "z": -0.6602165699005127
        },
        "matrix": [
          [
            0.004439142532646656,
            0.943244218826294,
            -0.3320695757865906,
            0.4153282642364502
          ],
          [
            -0.4895244240760803,
            -0.2875135540962219,
            -0.8232267498970032,
            0.025347717106342316
          ],
          [
            -0.8719849586486816,
            0.16621151566505432,
            0.46046721935272217,
            1.3847084045410156
          ],
          [
            0.0,
            0.0,
            0.0,
            1.0
          ]
        ]
      },
      "bone_length_armature_space": 0.26752446412722025,
      "parent": "upperarm_l",
      "has_children": true,
      "is_end_bone": false
    },
    "metacarpal_thumb_l": {
      "name": "metacarpal_thumb_l",
      "local": {
        "location": {
          "x": 0.0,
          "y": 0.0,
          "z": 0.0
        },
        "rotation_quaternion": {
          "w": 0.9977619647979736,
          "x": -0.06447415053844452,
          "y": 0.017658282071352005,
          "z": 0.0015723553951829672
        },
        "scale": {
          "x": 1.0,
          "y": 1.0,
          "z": 1.0
        },
        "matrix_basis": [
          [
            0.9993714094161987,
            -0.0054146782495081425,
            0.035034772008657455,
            0.0
          ],
          [
            0.0008606673218309879,
            0.9916812181472778,
            0.12871524691581726,
            0.0
          ],
          [
            -0.03544027730822563,
            -0.12860417366027832,
            0.9910625219345093,
            0.0
          ],
          [
            0.0,
            0.0,
            0.0,
            1.0
          ]
        ],
        "rotation_mode": "QUATERNION"
      },
      "armature_space": {
        "head": {
          "x": 0.6676691770553589,
          "y": -0.1148131936788559,
          "z": 0.4793199896812439
        },
        "tail": {
          "x": 0.6954021453857422,
          "y": -0.15179049968719482,
          "z": 0.4971286654472351
        }
      },
      "world_space": {
        "head": {
          "x": 0.6676691770553589,
          "y": -0.051569193601608276,
          "z": 1.4291739463806152
        },
        "tail": {
          "x": 0.6954021453857422,
          "y": -0.0885464996099472,
          "z": 1.4469826221466064
        },
        "rotation_quaternion": {
          "w": 0.22212979197502136,
          "x": 0.9295344352722168,
          "y": 0.278215616941452,
          "z": -0.09602281451225281
        },
        "matrix": [
          [
            0.8267511129379272,
            0.5598809719085693,
            -0.054912202060222626,
            0.6676691770553589
          ],
          [
            0.474563330411911,
            -0.7465085387229919,
            -0.46638500690460205,
            -0.051569193601608276
          ],
          [
            -0.3021141588687897,
            0.35952678322792053,
            -0.8828824758529663,
            1.4291739463806152
          ],
          [
            0.0,
            0.0,
            0.0,
            1.0
          ]
        ]
      },
      "bone_length_armature_space": 0.04953370165887065,
      "parent": "lowerarm_l",
      "has_children": true,
      "is_end_bone": false
    },
    "thumb_01_l": {
      "name": "thumb_01_l",
      "local": {
        "location": {
          "x": 0.0,
          "y": 0.0,
          "z": 0.0
        },
        "rotation_quaternion": {
          "w": 0.9991369843482971,
          "x": 0.0370061919093132,
          "y": -0.017776893451809883,
          "z": -0.006322562228888273
        },
        "scale": {
          "x": 1.0,
          "y": 1.0,
          "z": 1.0
        },
        "matrix_basis": [
          [
            0.999288022518158,
            0.011318501085042953,
            -0.03599105030298233,
            0.0
          ],
          [
            -0.013949921354651451,
            0.9971811175346375,
            -0.07372371852397919,
            0.0
          ],
          [
            0.03505515679717064,
            0.07417330145835876,
            0.9966290593147278,
            0.0
          ],
          [
            0.0,
            0.0,
            0.0,
            1.0
          ]
        ],
        "rotation_mode": "QUATERNION"
      },
      "armature_space": {
        "head": {
          "x": 0.6954021453857422,
          "y": -0.15179049968719482,
          "z": 0.4971286654472351
        },
        "tail": {
          "x": 0.7055201530456543,
          "y": -0.18137003481388092,
          "z": 0.4836636781692505
        }
      },
      "world_space": {
        "head": {
          "x": 0.6954021453857422,
          "y": -0.0885464996099472,
          "z": 1.4469826221466064
        },
        "tail": {
          "x": 0.7055201530456543,
          "y": -0.1181260347366333,
          "z": 1.4335176944732666
        },
        "rotation_quaternion": {
          "w": 0.25493764877319336,
          "x": -0.8209234476089478,
          "y": -0.022519581019878387,
          "z": -0.5104747414588928
        },
        "matrix": [
          [
            0.47781744599342346,
            0.29725074768066406,
            0.8266389966011047,
            0.6954021453857422
          ],
          [
            -0.2233038991689682,
            -0.8690003752708435,
            0.4415586292743683,
            -0.0885464996099472
          ],
          [
            0.8496088981628418,
            -0.39557987451553345,
            -0.3488483130931854,
            1.4469826221466064
          ],
          [
            0.0,
            0.0,
            0.0,
            1.0
          ]
        ]
      },
      "bone_length_armature_space": 0.034038637967627364,
      "parent": "metacarpal_thumb_l",
      "has_children": true,
      "is_end_bone": false
    },
    "thumb_02_l": {
      "name": "thumb_02_l",
      "local": {
        "location": {
          "x": 0.0,
          "y": 0.0,
          "z": 0.0
        },
        "rotation_quaternion": {
          "w": 0.9921667575836182,
          "x": 0.124775230884552,
          "y": -0.004898482467979193,
          "z": -0.0035328662488609552
        },
        "scale": {
          "x": 1.0,
          "y": 1.0,
          "z": 1.0
        },
        "matrix_basis": [
          [
            0.9999270439147949,
            0.0057879663072526455,
            -0.010601851157844067,
            0.0
          ],
          [
            -0.008232803083956242,
            0.968837320804596,
            -0.24756106734275818,
            0.0
          ],
          [
            0.008838594891130924,
            0.2476302832365036,
            0.9688143134117126,
            0.0
          ],
          [
            0.0,
            0.0,
            0.0,
            1.0
          ]
        ],
        "rotation_mode": "QUATERNION"
      },
      "armature_space": {
        "head": {
          "x": 0.7055200338363647,
          "y": -0.18137003481388092,
          "z": 0.4836637079715729
        },
        "tail": {
          "x": 0.7443991899490356,
          "y": -0.1844179332256317,
          "z": 0.49327102303504944
        }
      },
      "world_space": {
        "head": {
          "x": 0.7055200338363647,
          "y": -0.1181260347366333,
          "z": 1.4335176944732666
        },
        "tail": {
          "x": 0.7443991899490356,
          "y": -0.1211739331483841,
          "z": 1.4431250095367432
        },
        "rotation_quaternion": {
          "w": 0.5114144086837769,
          "x": -0.3366759121417999,
          "y": -0.44778522849082947,
          "z": -0.6516080498695374
        },
        "matrix": [
          [
            -0.25020790100097656,
            0.9680005311965942,
            -0.019247740507125854,
            0.7055200338363647
          ],
          [
            -0.3649676442146301,
            -0.07588551938533783,
            0.9279226064682007,
            -0.1181260347366333
          ],
          [
            0.89677494764328,
            0.23919984698295593,
            0.37227967381477356,
            1.4335176944732666
          ],
          [
            0.0,
            0.0,
            0.0,
            1.0
          ]
        ]
      },
      "bone_length_armature_space": 0.040164399566738715,
      "parent": "thumb_01_l",
      "has_children": true,
      "is_end_bone": false
    },
    "thumb_03_l": {
      "name": "thumb_03_l",
      "local": {
        "location": {
          "x": 0.0,
          "y": 0.0,
          "z": 0.0
        },
        "rotation_quaternion": {
          "w": 0.9966921806335449,
          "x": 0.080497145652771,
          "y": 0.007905553095042706,
          "z": 0.007903408259153366
        },
        "scale": {
          "x": 1.0,
          "y": 1.0,
          "z": 1.0
        },
        "matrix_basis": [
          [
            0.9997500777244568,
            -0.014481781050562859,
            0.01703120954334736,
            0.0
          ],
          [
            0.01702727936208248,
            0.9869154691696167,
            -0.16033679246902466,
            0.0
          ],
          [
            -0.0144864022731781,
            0.16058671474456787,
            0.9869154095649719,
            0.0
          ],
          [
            0.0,
            0.0,
            0.0,
            1.0
          ]
        ],
        "rotation_mode": "QUATERNION"
      },
      "armature_space": {
        "head": {
          "x": 0.7443991303443909,
          "y": -0.18441800773143768,
          "z": 0.49327102303504944
        },
        "tail": {
          "x": 0.771584153175354,
          "y": -0.17350132763385773,
          "z": 0.5015591382980347
        }
      },
      "world_space": {
        "head": {
          "x": 0.7443991303443909,
          "y": -0.12117400765419006,
          "z": 1.4431250095367432
        },
        "tail": {
          "x": 0.771584153175354,
          "y": -0.11025732755661011,
          "z": 1.4514131546020508
        },
        "rotation_quaternion": {
          "w": 0.7090726494789124,
          "x": -0.13404135406017303,
          "y": -0.4201231896877289,
          "z": -0.5502232313156128
        },
        "matrix": [
          [
            0.04149996489286423,
            0.8929252624511719,
            -0.4482874274253845,
            0.7443991303443909
          ],
          [
            -0.667667806148529,
            0.35857197642326355,
            0.6524156928062439,
            -0.12117400765419006
          ],
          [
            0.7433062195777893,
            0.27223408222198486,
            0.6110633611679077,
            1.4431250095367432
          ],
          [
            0.0,
            0.0,
            0.0,
            1.0
          ]
        ]
      },
      "bone_length_armature_space": 0.030444904939057448,
      "parent": "thumb_02_l",
      "has_children": false,
      "is_end_bone": true
    },
    "metacarpal_index_l": {
      "name": "metacarpal_index_l",
      "local": {
        "location": {
          "x": 0.0,
          "y": 0.0,
          "z": 0.0
        },
        "rotation_quaternion": {
          "w": 0.9980949759483337,
          "x": -0.06040075421333313,
          "y": 0.008890319615602493,
          "z": 0.0089059853926301
        },
        "scale": {
          "x": 1.0,
          "y": 1.0,
          "z": 1.0
        },
        "matrix_basis": [
          [
            0.9996833205223083,
            -0.018852002918720245,
            0.016670910641551018,
            0.0
          ],
          [
            0.016704075038433075,
            0.9925448894500732,
            0.1207297295331955,
            0.0
          ],
          [
            -0.018822623416781425,
            -0.12041302770376205,
            0.9925454258918762,
            0.0
          ],
          [
            0.0,
            0.0,
            0.0,
            1.0
          ]
        ],
        "rotation_mode": "QUATERNION"
      },
      "armature_space": {
        "head": {
          "x": 0.6676691770553589,
          "y": -0.1148131936788559,
          "z": 0.4793199896812439
        },
        "tail": {
          "x": 0.7645884156227112,
          "y": -0.1683162897825241,
          "z": 0.5177037715911865
        }
      },
      "world_space": {
        "head": {
          "x": 0.6676691770553589,
          "y": -0.051569193601608276,
          "z": 1.4291739463806152
        },
        "tail": {
          "x": 0.7645884156227112,
          "y": -0.10507228970527649,
          "z": 1.4675577878952026
        },
        "rotation_quaternion": {
          "w": 0.3746814429759979,
          "x": 0.7774795889854431,
          "y": 0.3623572885990143,
          "z": -0.35190436244010925
        },
        "matrix": [
          [
            0.48972049355506897,
            0.8271552324295044,
            -0.27565857768058777,
            0.6676691770553589
          ],
          [
            0.29974785447120667,
            -0.4566212296485901,
            -0.8376448154449463,
            -0.051569193601608276
          ],
          [
            -0.8187392950057983,
            0.3275856375694275,
            -0.47155889868736267,
            1.4291739463806152
          ],
          [
            0.0,
            0.0,
            0.0,
            1.0
          ]
        ]
      },
      "bone_length_armature_space": 0.11717181845885659,
      "parent": "lowerarm_l",
      "has_children": true,
      "is_end_bone": false
    },
    "index_01_l": {
      "name": "index_01_l",
      "local": {
        "location": {
          "x": 0.0,
          "y": 0.0,
          "z": 0.0
        },
        "rotation_quaternion": {
          "w": 0.9961909055709839,
          "x": -0.08480598032474518,
          "y": 0.01813632808625698,
          "z": 0.009102115407586098
        },
        "scale": {
          "x": 1.0,
          "y": 1.0,
          "z": 1.0
        },
        "matrix_basis": [
          [
            0.9991764426231384,
            -0.02121102809906006,
            0.03459066152572632,
            0.0
          ],
          [
            0.015058751218020916,
            0.9854502081871033,
            0.1692960560321808,
            0.0
          ],
          [
            -0.0376783162355423,
            -0.16863574087619781,
            0.9849580526351929,
            0.0
          ],
          [
            0.0,
            0.0,
            0.0,
            1.0
          ]
        ],
        "rotation_mode": "QUATERNION"
      },
      "armature_space": {
        "head": {
          "x": 0.7645884156227112,
          "y": -0.1683162897825241,
          "z": 0.5177037715911865
        },
        "tail": {
          "x": 0.7925514578819275,
          "y": -0.17030613124370575,
          "z": 0.5229170322418213
        }
      },
      "world_space": {
        "head": {
          "x": 0.7645884156227112,
          "y": -0.10507228970527649,
          "z": 1.4675577878952026
        },
        "tail": {
          "x": 0.7925514578819275,
          "y": -0.10706213116645813,
          "z": 1.4727710485458374
        },
        "rotation_quaternion": {
          "w": 0.40048354864120483,
          "x": 0.660666286945343,
          "y": 0.5520142912864685,
          "z": -0.31370869278907776
        },
        "matrix": [
          [
            0.19373251497745514,
            0.9806649684906006,
            0.02763400971889496,
            0.7645884156227112
          ],
          [
            0.4781252145767212,
            -0.06978367269039154,
            -0.875515341758728,
            -0.10507228970527649
          ],
          [
            -0.8566643595695496,
            0.18282954394817352,
            -0.4824041724205017,
            1.4675577878952026
          ],
          [
            0.0,
            0.0,
            0.0,
            1.0
          ]
        ]
      },
      "bone_length_armature_space": 0.028514369973111763,
      "parent": "metacarpal_index_l",
      "has_children": true,
      "is_end_bone": false
    },
    "index_02_l": {
      "name": "index_02_l",
      "local": {
        "location": {
          "x": 0.0,
          "y": 0.0,
          "z": 0.0
        },
        "rotation_quaternion": {
          "w": 0.9873232841491699,
          "x": 0.15858207643032074,
          "y": 0.006118372082710266,
          "z": 0.002679114695638418
        },
        "scale": {
          "x": 1.0,
          "y": 1.0,
          "z": 1.0
        },
        "matrix_basis": [
          [
            0.9999107718467712,
            -0.00334977637976408,
            0.0129313413053751,
            0.0
          ],
          [
            0.007230832707136869,
            0.9496890902519226,
            -0.3131107687950134,
            0.0
          ],
          [
            -0.011231902986764908,
            0.31317633390426636,
            0.9496285915374756,
            0.0
          ],
          [
            0.0,
            0.0,
            0.0,
            1.0
          ]
        ],
        "rotation_mode": "QUATERNION"
      },
      "armature_space": {
        "head": {
          "x": 0.7925518155097961,
          "y": -0.17030654847621918,
          "z": 0.5229171514511108
        },
        "tail": {
          "x": 0.8169348835945129,
          "y": -0.17822560667991638,
          "z": 0.5238354802131653
        }
      },
      "world_space": {
        "head": {
          "x": 0.7925518155097961,
          "y": -0.10706254839897156,
          "z": 1.472771167755127
        },
        "tail": {
          "x": 0.8169348835945129,
          "y": -0.11498160660266876,
          "z": 1.4736895561218262
        },
        "rotation_quaternion": {
          "w": 0.31676679849624634,
          "x": 0.6973853707313538,
          "y": 0.49528762698173523,
          "z": -0.40988147258758545
        },
        "matrix": [
          [
            0.17337335646152496,
            0.9504868388175964,
            -0.25790727138519287,
            0.7925518155097961
          ],
          [
            0.4311390221118927,
            -0.3086957037448883,
            -0.8478366136550903,
            -0.10706254839897156
          ],
          [
            -0.8854780197143555,
            0.03579835593700409,
            -0.46331560611724854,
            1.472771167755127
          ],
          [
            0.0,
            0.0,
            0.0,
            1.0
          ]
        ]
      },
      "bone_length_armature_space": 0.025653242519507354,
      "parent": "index_01_l",
      "has_children": true,
      "is_end_bone": false
    },
    "index_03_l": {
      "name": "index_03_l",
      "local": {
        "location": {
          "x": 0.0,
          "y": 0.0,
          "z": 0.0
        },
        "rotation_quaternion": {
          "w": 0.9683275818824768,
          "x": 0.24967585504055023,
          "y": 0.0019228917080909014,
          "z": -0.00036503816954791546
        },
        "scale": {
          "x": 1.0,
          "y": 1.0,
          "z": 1.0
        },
        "matrix_basis": [
          [
            0.999992311000824,
            0.0016671522753313184,
            0.0035416956525295973,
            0.0
          ],
          [
            0.000253246194915846,
            0.8753236532211304,
            -0.4835374355316162,
            0.0
          ],
          [
            -0.003906260710209608,
            0.48353463411331177,
            0.8753165602684021,
            0.0
          ],
          [
            0.0,
            0.0,
            0.0,
            1.0
          ]
        ],
        "rotation_mode": "QUATERNION"
      },
      "armature_space": {
        "head": {
          "x": 0.8169349431991577,
          "y": -0.17822548747062683,
          "z": 0.5238355994224548
        },
        "tail": {
          "x": 0.8361548781394958,
          "y": -0.19801893830299377,
          "z": 0.5142154097557068
        }
      },
      "world_space": {
        "head": {
          "x": 0.8169349431991577,
          "y": -0.11498148739337921,
          "z": 1.4736895561218262
        },
        "tail": {
          "x": 0.8361548781394958,
          "y": -0.13477493822574615,
          "z": 1.4640693664550781
        },
        "rotation_quaternion": {
          "w": 0.06390704214572906,
          "x": 0.7432906031608582,
          "y": 0.3964882791042328,
          "z": -0.5350067019462585
        },
        "matrix": [
          [
            0.11312832683324814,
            0.6577955484390259,
            -0.7446521520614624,
            0.8169349431991577
          ],
          [
            0.5210307836532593,
            -0.6774241924285889,
            -0.5192534923553467,
            -0.11498148739337921
          ],
          [
            -0.8460132479667664,
            -0.3292473256587982,
            -0.41937094926834106,
            1.4736895561218262
          ],
          [
            0.0,
            0.0,
            0.0,
            1.0
          ]
        ]
      },
      "bone_length_armature_space": 0.02921873776570583,
      "parent": "index_02_l",
      "has_children": false,
      "is_end_bone": true
    },
    "metacarpal_pinky_l": {
      "name": "metacarpal_pinky_l",
      "local": {
        "location": {
          "x": 0.0,
          "y": 0.0,
          "z": 0.0
        },
        "rotation_quaternion": {
          "w": 0.9997759461402893,
          "x": -0.015223568305373192,
          "y": 0.011845587752759457,
          "z": 0.008719310164451599
        },
        "scale": {
          "x": 1.0,
          "y": 1.0,
          "z": 1.0
        },
        "matrix_basis": [
          [
            0.9995673298835754,
            -0.017795376479625702,
            0.023420389741659164,
            0.0
          ],
          [
            0.01707404851913452,
            0.9993844628334045,
            0.030646884813904762,
            0.0
          ],
          [
            -0.023951346054673195,
            -0.03023374453186989,
            0.9992558360099792,
            0.0
          ],
          [
            0.0,
            0.0,
            0.0,
            1.0
          ]
        ],
        "rotation_mode": "QUATERNION"
      },
      "armature_space": {
        "head": {
          "x": 0.6676691770553589,
          "y": -0.1148131936788559,
          "z": 0.4793199896812439
        },
        "tail": {
          "x": 0.7717655897140503,
          "y": -0.11652310937643051,
          "z": 0.4772660434246063
        }
      },
      "world_space": {
        "head": {
          "x": 0.6676691770553589,
          "y": -0.051569193601608276,
          "z": 1.4291739463806152
        },
        "tail": {
          "x": 0.7717655897140503,
          "y": -0.05327910929918289,
          "z": 1.4271200895309448
        },
        "rotation_quaternion": {
          "w": 0.6979225277900696,
          "x": -0.08362672477960587,
          "y": -0.06850922852754593,
          "z": -0.7079669237136841
        },
        "matrix": [
          [
            -0.011821182444691658,
            0.9996704459190369,
            0.022780630737543106,
            0.6676691770553589
          ],
          [
            -0.9767538905143738,
            -0.016420818865299225,
            0.21373511850833893,
            -0.051569193601608276
          ],
          [
            0.2140394151210785,
            -0.019724590703845024,
            0.9766330122947693,
            1.4291739463806152
          ],
          [
            0.0,
            0.0,
            0.0,
            1.0
          ]
        ]
      },
      "bone_length_armature_space": 0.10413071333606591,
      "parent": "lowerarm_l",
      "has_children": true,
      "is_end_bone": false
    },
    "pinky_01_l": {
      "name": "pinky_01_l",
      "local": {
        "location": {
          "x": 0.0,
          "y": 0.0,
          "z": 0.0
        },
        "rotation_quaternion": {
          "w": 0.9998687505722046,
          "x": 0.007138808257877827,
          "y": 0.013781925663352013,
          "z": 0.004663222935050726
        },
        "scale": {
          "x": 1.0,
          "y": 1.0,
          "z": 1.0
        },
        "matrix_basis": [
          [
            0.9995766282081604,
            -0.00912844855338335,
            0.02762681245803833,
            0.0
          ],
          [
            0.00952199473977089,
            0.999854564666748,
            -0.014147206209599972,
            0.0
          ],
          [
            -0.027493653818964958,
            0.014404279179871082,
            0.9995182156562805,
            0.0
          ],
          [
            0.0,
            0.0,
            0.0,
            1.0
          ]
        ],
        "rotation_mode": "QUATERNION"
      },
      "armature_space": {
        "head": {
          "x": 0.7717655897140503,
          "y": -0.11652310937643051,
