{
  "metadata": {
    "armature_name": "KIM_caucasian_male",
    "export_time": "2026-01-13T21:12:30.642174",
    "blender_version": "4.4.1",
    "bone_count": 56,
    "end_bone_count": 13,
    "spaces_included": [
      "LOCAL_CHANNELS",
      "ARMATURE_SPACE",
      "WORLD_SPACE"
    ],
    "note": "LOCAL matches Transform panel; replay pose via local.matrix_basis for best fidelity."
  },
  "bones": {
    "Root": {
      "name": "Root",
      "local": {
        "location": {
          "x": 0.0,
          "y": 0.0,
          "z": 0.0
        },
        "rotation_quaternion": {
          "w": 0.9999109506607056,
          "x": 0.009692520834505558,
          "y": -0.00799547415226698,
          "z": -0.004515482112765312
        },
        "scale": {
          "x": 1.0,
          "y": 1.0,
          "z": 1.0
        },
        "matrix_basis": [
          [
            0.9998313784599304,
            0.0088751669973135,
            -0.016077056527137756,
            0.0
          ],
          [
            -0.009185153059661388,
            0.9997713565826416,
            -0.01931110769510269,
            0.0
          ],
          [
            0.015901992097496986,
            0.019455522298812866,
            0.9996842741966248,
            0.0
          ],
          [
            0.0,
            0.0,
            0.0,
            1.0
          ]
        ],
        "rotation_mode": "QUATERNION"
      },
      "armature_space": {
        "head": {
          "x": 0.0,
          "y": 0.07072800397872925,
          "z": -0.009595036506652832
        },
        "tail": {
          "x": 0.0006334727513603866,
          "y": -0.0001705065369606018,
          "z": -0.0013782540336251259
        }
      },
      "world_space": {
        "head": {
          "x": 0.0,
          "y": 0.13397200405597687,
          "z": 0.9402589797973633
        },
        "tail": {
          "x": 0.0006334727513603866,
          "y": 0.06307349354028702,
          "z": 0.9484757781028748
        },
        "rotation_quaternion": {
          "w": 0.05769114941358566,
          "x": 0.9982922673225403,
          "y": 0.003966586198657751,
          "z": -0.008281507529318333
        },
        "matrix": [
          [
            0.9998313784599304,
            0.0088751669973135,
            -0.016077056527137756,
            0.0
          ],
          [
            0.0069640809670090675,
            -0.9933120012283325,
            -0.11525142937898636,
            0.13397200405597687
          ],
          [
            -0.016992520540952682,
            0.11511988937854767,
            -0.9932132959365845,
            0.9402589797973633
          ],
          [
            0.0,
            0.0,
            0.0,
            1.0
          ]
        ]
      },
      "bone_length_armature_space": 0.07137587639652479,
      "parent": null,
      "has_children": true,
      "is_end_bone": false
    },
    "spine_01": {
      "name": "spine_01",
      "local": {
        "location": {
          "x": 0.0,
          "y": 0.0,
          "z": 0.0
        },
        "rotation_quaternion": {
          "w": 0.9996275901794434,
          "x": 0.02139834314584732,
          "y": 0.01672520488500595,
          "z": 0.0026949094608426094
        },
        "scale": {
          "x": 1.0,
          "y": 1.0,
          "z": 1.0
        },
        "matrix_basis": [
          [
            0.999426007270813,
            -0.004672028124332428,
            0.033553287386894226,
            0.0
          ],
          [
            0.00610359525308013,
            0.9990696907043457,
            -0.04269060119986534,
            0.0
          ],
          [
            -0.03332262113690376,
            0.04287089407444,
            0.9985247850418091,
            0.0
          ],
          [
            0.0,
            0.0,
            0.0,
            1.0
          ]
        ],
        "rotation_mode": "QUATERNION"
      },
      "armature_space": {
        "head": {
          "x": 0.0006334727513603866,
          "y": -0.0001705065369606018,
          "z": -0.0013782540336251259
        },
        "tail": {
          "x": 0.006697855889797211,
          "y": -0.007728540804237127,
          "z": 0.4865301549434662
        }
      },
      "world_space": {
        "head": {
          "x": 0.0006334727513603866,
          "y": 0.06307349354028702,
          "z": 0.9484757781028748
        },
        "tail": {
          "x": 0.006697855889797211,
          "y": 0.055515460669994354,
          "z": 1.4363842010498047
        },
        "rotation_quaternion": {
          "w": 0.701364278793335,
          "x": 0.7124918103218079,
          "y": 0.018548864871263504,
          "z": 0.009984007105231285
        },
        "matrix": [
          [
            0.9991125464439392,
            0.012426983565092087,
            0.0402461439371109,
            0.0006334727513603866
          ],
          [
            0.040436748415231705,
            -0.015487736091017723,
            -0.999062180519104,
            0.06307349354028702
          ],
          [
            -0.01179205160588026,
            0.9998098015785217,
            -0.015977514907717705,
            0.9484757781028748
          ],
          [
            0.0,
            0.0,
            0.0,
            1.0
          ]
        ]
      },
      "bone_length_armature_space": 0.4880046452322492,
      "parent": "Root",
      "has_children": true,
      "is_end_bone": false
    },
    "neck_01": {
      "name": "neck_01",
      "local": {
        "location": {
          "x": 0.0,
          "y": 0.0,
          "z": 0.0
        },
        "rotation_quaternion": {
          "w": 0.9916688203811646,
          "x": -0.04373820498585701,
          "y": -0.06971052289009094,
          "z": 0.09909797459840775
        },
        "scale": {
          "x": 1.0,
          "y": 1.0,
          "z": 1.0
        },
        "matrix_basis": [
          [
            0.9706400632858276,
            -0.19044671952724457,
            -0.14692823588848114,
            0.0
          ],
          [
            0.2026427686214447,
            0.9765331149101257,
            0.07293128222227097,
            0.0
          ],
          [
            0.12959076464176178,
            -0.10056397318840027,
            0.9864548444747925,
            0.0
          ],
          [
            0.0,
            0.0,
            0.0,
            1.0
          ]
        ],
        "rotation_mode": "QUATERNION"
      },
      "armature_space": {
        "head": {
          "x": 0.00900349486619234,
          "y": -0.04351044446229935,
          "z": 0.5591805577278137
        },
        "tail": {
          "x": -0.008140725083649158,
          "y": -0.07423322647809982,
          "z": 0.6554766297340393
        }
      },
      "world_space": {
        "head": {
          "x": 0.00900349486619234,
          "y": 0.019733555614948273,
          "z": 1.5090346336364746
        },
        "tail": {
          "x": -0.008140725083649158,
          "y": -0.010989226400852203,
          "z": 1.6053307056427002
        },
        "rotation_quaternion": {
          "w": 0.5829185843467712,
          "x": 0.806119978427887,
          "y": -0.10183145850896835,
          "z": 0.002615217352285981
        },
        "matrix": [
          [
            0.979246973991394,
            -0.16722586750984192,
            -0.11450335383415222,
            0.00900349486619234
          ],
          [
            -0.16112862527370453,
            -0.29967206716537476,
            -0.940337598323822,
            0.019733555614948273
          ],
          [
            0.122935950756073,
            0.9392784237861633,
            -0.3204008936882019,
            1.5090346336364746
          ],
          [
            0.0,
            0.0,
            0.0,
            1.0
          ]
        ]
      },
      "bone_length_armature_space": 0.10252193679733546,
      "parent": "spine_01",
      "has_children": true,
      "is_end_bone": false
    },
    "head": {
      "name": "head",
      "local": {
        "location": {
          "x": 0.0,
          "y": 0.0,
          "z": 0.0
        },
        "rotation_quaternion": {
          "w": 0.9810518026351929,
          "x": -0.07330679893493652,
          "y": 0.08068473637104034,
          "z": 0.16016703844070435
        },
        "scale": {
          "x": 1.0,
          "y": 1.0,
          "z": 1.0
        },
        "matrix_basis": [
          [
            0.9356729984283447,
            -0.32609379291534424,
            0.13482914865016937,
            0.0
          ],
          [
            0.3024348318576813,
            0.9379452466964722,
            0.1696816086769104,
            0.0
          ],
          [
            -0.18179447948932648,
            -0.11798946559429169,
            0.9762321710586548,
            0.0
          ],
          [
            0.0,
            0.0,
            0.0,
            1.0
          ]
        ],
        "rotation_mode": "QUATERNION"
      },
      "armature_space": {
        "head": {
          "x": -0.008140729740262032,
          "y": -0.07423335313796997,
          "z": 0.6554765105247498
        },
        "tail": {
          "x": -0.07127104699611664,
          "y": -0.03909994289278984,
          "z": 0.7927115559577942
        }
      },
      "world_space": {
        "head": {
          "x": -0.008140729740262032,
          "y": -0.010989353060722351,
          "z": 1.605330467224121
        },
        "tail": {
          "x": -0.07127104699611664,
          "y": 0.02414405718445778,
          "z": 1.742565631866455
        },
        "rotation_quaternion": {
          "w": 0.7685627341270447,
          "x": 0.6043369174003601,
          "y": -0.15026143193244934,
          "z": 0.14666227996349335
        },
        "matrix": [
          [
            0.911823570728302,
            -0.40705546736717224,
            -0.05370204895734787,
            -0.008140729740262032
          ],
          [
            0.043823644518852234,
            0.22653530538082123,
            -0.9730168581008911,
            -0.010989353060722351
          ],
          [
            0.4082399606704712,
            0.8848723769187927,
            0.22439943253993988,
            1.605330467224121
          ],
          [
            0.0,
            0.0,
            0.0,
            1.0
          ]
        ]
      },
      "bone_length_armature_space": 0.15509110893045916,
      "parent": "neck_01",
      "has_children": false,
      "is_end_bone": true
    },
    "upperarm_l": {
      "name": "upperarm_l",
      "local": {
        "location": {
          "x": 0.0,
          "y": 0.0,
          "z": 0.0
        },
        "rotation_quaternion": {
          "w": 0.8535374999046326,
          "x": 0.38562342524528503,
          "y": -0.2471540868282318,
          "z": 0.24836139380931854
        },
        "scale": {
          "x": 1.0,
          "y": 1.0,
          "z": 1.0
        },
        "matrix_basis": [
          [
            0.7544629573822021,
            -0.6145883202552795,
            -0.23036262392997742,
            0.0
          ],
          [
            0.23335471749305725,
            0.5792223811149597,
            -0.7810551524162292,
            0.0
          ],
          [
            0.613458514213562,
            0.5355210304260254,
            0.5804188847541809,
            0.0
          ],
          [
            0.0,
            0.0,
            0.0,
            1.0
          ]
        ],
        "rotation_mode": "QUATERNION"
      },
      "armature_space": {
        "head": {
          "x": 0.15816356241703033,
          "y": -0.039590176194906235,
          "z": 0.4901658594608307
        },
        "tail": {
          "x": 0.33002448081970215,
          "y": -0.1764686554670334,
          "z": 0.643580436706543
        }
      },
      "world_space": {
        "head": {
          "x": 0.15816356241703033,
          "y": 0.023653823882341385,
          "z": 1.4400198459625244
        },
        "tail": {
          "x": 0.33002448081970215,
          "y": -0.11322465538978577,
          "z": 1.593434453010559
        },
        "rotation_quaternion": {
          "w": 0.4935663640499115,
          "x": 0.6188940405845642,
          "y": 0.031485386192798615,
          "z": -0.6102222800254822
        },
        "matrix": [
          [
            0.2532762289047241,
            0.641345202922821,
            -0.7242429256439209,
            0.15816356241703033
          ],
          [
            -0.5633984804153442,
            -0.5107988715171814,
            -0.6493591666221619,
            0.023653823882341385
          ],
          [
            -0.7864115238189697,
            0.5725078582763672,
            0.23196077346801758,
            1.4400198459625244
          ],
          [
            0.0,
            0.0,
            0.0,
            1.0
          ]
        ]
      },
      "bone_length_armature_space": 0.26797000701209095,
      "parent": "spine_01",
      "has_children": true,
      "is_end_bone": false
    },
    "lowerarm_l": {
      "name": "lowerarm_l",
      "local": {
        "location": {
          "x": 0.0,
          "y": 0.0,
          "z": 0.0
        },
        "rotation_quaternion": {
          "w": 0.9965872764587402,
          "x": 0.04976658895611763,
          "y": -0.056188952177762985,
          "z": -0.03435163199901581
        },
        "scale": {
          "x": 1.0,
          "y": 1.0,
          "z": 1.0
        },
        "matrix_basis": [
          [
            0.9913255572319031,
            0.0628761351108551,
            -0.11541351675987244,
            0.0
          ],
          [
            -0.07406146079301834,
            0.9926865100860596,
            -0.09533313661813736,
            0.0
          ],
          [
            0.1085752621293068,
            0.10305386036634445,
            0.9887321591377258,
            0.0
          ],
          [
            0.0,
            0.0,
            0.0,
            1.0
          ]
        ],
        "rotation_mode": "QUATERNION"
      },
      "armature_space": {
        "head": {
          "x": 0.33002448081970215,
          "y": -0.17646867036819458,
          "z": 0.6435806155204773
        },
        "tail": {
          "x": 0.45204079151153564,
          "y": -0.3452865779399872,
          "z": 0.8114562630653381
        }
      },
      "world_space": {
        "head": {
          "x": 0.33002448081970215,
          "y": -0.11322467029094696,
          "z": 1.5934345722198486
        },
        "tail": {
          "x": 0.45204079151153564,
          "y": -0.28204256296157837,
          "z": 1.761310338973999
        },
        "rotation_quaternion": {
          "w": 0.418388694524765,
          "x": 0.5915272831916809,
          "y": -0.09711506962776184,
          "z": -0.6823599338531494
        },
        "matrix": [
          [
            0.0499076321721077,
            0.45609405636787415,
            -0.8885312080383301,
            0.33002448081970215
          ],
          [
            -0.685876727104187,
            -0.6310372352600098,
            -0.3624440133571625,
            -0.11322467029094696
          ],
          [
            -0.7260103225708008,
            0.6275150775909424,
            0.28133249282836914,
            1.5934345722198486
          ],
          [
            0.0,
            0.0,
            0.0,
            1.0
          ]
        ]
      },
      "bone_length_armature_space": 0.2675251368801284,
      "parent": "upperarm_l",
      "has_children": true,
      "is_end_bone": false
    },
    "metacarpal_thumb_l": {
      "name": "metacarpal_thumb_l",
      "local": {
        "location": {
          "x": 0.0,
          "y": 0.0,
          "z": 0.0
        },
        "rotation_quaternion": {
          "w": 0.9989394545555115,
          "x": -0.045399606227874756,
          "y": -0.007264101877808571,
          "z": 0.002499170368537307
        },
        "scale": {
          "x": 1.0,
          "y": 1.0,
          "z": 1.0
        },
        "matrix_basis": [
          [
            0.9998819828033447,
            -0.00433346489444375,
            -0.014739718288183212,
            0.0
          ],
          [
            0.005652614403516054,
            0.9958652853965759,
            0.09066660702228546,
            0.0
          ],
          [
            0.014285873621702194,
            -0.09073922783136368,
            0.9957722425460815,
            0.0
          ],
          [
            0.0,
            0.0,
            0.0,
            1.0
          ]
        ],
        "rotation_mode": "QUATERNION"
      },
      "armature_space": {
        "head": {
          "x": 0.45204079151153564,
          "y": -0.3452865779399872,
          "z": 0.8114562630653381
        },
        "tail": {
          "x": 0.4441932737827301,
          "y": -0.3840702176094055,
          "z": 0.8412529230117798
        }
      },
      "world_space": {
        "head": {
          "x": 0.45204079151153564,
          "y": -0.28204256296157837,
          "z": 1.761310338973999
        },
        "tail": {
          "x": 0.4441932737827301,
          "y": -0.3208262324333191,
          "z": 1.791106939315796
        },
        "rotation_quaternion": {
          "w": 0.3199656903743744,
          "x": 0.9440423250198364,
          "y": -0.07832204550504684,
          "z": 0.016484970226883888
        },
        "matrix": [
          [
            0.987187922000885,
            -0.15842805802822113,
            -0.01899595931172371,
            0.45204079151153564
          ],
          [
            -0.13732962310314178,
            -0.7829750776290894,
            -0.6067051291465759,
            -0.28204256296157837
          ],
          [
            0.08124591410160065,
            0.6015439033508301,
            -0.7947062849998474,
            1.761310338973999
          ],
          [
            0.0,
            0.0,
            0.0,
            1.0
          ]
        ]
      },
      "bone_length_armature_space": 0.049533778114554124,
      "parent": "lowerarm_l",
      "has_children": true,
      "is_end_bone": false
    },
    "thumb_01_l": {
      "name": "thumb_01_l",
      "local": {
        "location": {
          "x": 0.0,
          "y": 0.0,
          "z": 0.0
        },
        "rotation_quaternion": {
          "w": 0.997032642364502,
          "x": -0.073220394551754,
          "y": 0.01736903190612793,
          "z": 0.01622062362730503
        },
        "scale": {
          "x": 1.0,
          "y": 1.0,
          "z": 1.0
        },
        "matrix_basis": [
          [
            0.9988704323768616,
            -0.03488851711153984,
            0.03225962445139885,
            0.0
          ],
          [
            0.029801446944475174,
            0.9887513518333435,
            0.14656971395015717,
            0.0
          ],
          [
            -0.03701034560799599,
            -0.14544276893138885,
            0.9886741638183594,
            0.0
          ],
          [
            0.0,
            0.0,
            0.0,
            1.0
          ]
        ],
        "rotation_mode": "QUATERNION"
      },
      "armature_space": {
        "head": {
          "x": 0.4441932737827301,
          "y": -0.3840702176094055,
          "z": 0.8412529230117798
        },
        "tail": {
          "x": 0.431530237197876,
          "y": -0.41456732153892517,
          "z": 0.8329945206642151
        }
      },
      "world_space": {
        "head": {
          "x": 0.4441932737827301,
          "y": -0.3208262324333191,
          "z": 1.791106939315796
        },
        "tail": {
          "x": 0.431530237197876,
          "y": -0.35132330656051636,
          "z": 1.782848596572876
        },
        "rotation_quaternion": {
          "w": 0.05958222597837448,
          "x": 0.6482822299003601,
          "y": -0.22016355395317078,
          "z": 0.7264352440834045
        },
        "matrix": [
          [
            -0.15236090123653412,
            -0.3720199465751648,
            0.9156351685523987,
            0.4441932737827301
          ],
          [
            -0.19889023900032043,
            -0.8959571123123169,
            -0.39711999893188477,
            -0.3208262324333191
          ],
          [
            0.9681124091148376,
            -0.24261890351772308,
            0.06251750141382217,
            1.791106939315796
          ],
          [
            0.0,
            0.0,
            0.0,
            1.0
          ]
        ]
      },
      "bone_length_armature_space": 0.034038610927503,
      "parent": "metacarpal_thumb_l",
      "has_children": true,
      "is_end_bone": false
    },
    "thumb_02_l": {
      "name": "thumb_02_l",
      "local": {
        "location": {
          "x": 0.0,
          "y": 0.0,
          "z": 0.0
        },
        "rotation_quaternion": {
          "w": 0.9928017258644104,
          "x": 0.11969392001628876,
          "y": -0.0006138865137472749,
          "z": -0.004236358683556318
        },
        "scale": {
          "x": 1.0,
          "y": 1.0,
          "z": 1.0
        },
        "matrix_basis": [
          [
            0.9999633431434631,
            0.008264771662652493,
            -0.0022330679930746555,
            0.0
          ],
          [
            -0.008558684960007668,
            0.9713108539581299,
            -0.23765945434570312,
            0.0
          ],
          [
            0.0002048024325631559,
            0.23766985535621643,
            0.9713459610939026,
            0.0
          ],
          [
            0.0,
            0.0,
            0.0,
            1.0
          ]
        ],
        "rotation_mode": "QUATERNION"
      },
      "armature_space": {
        "head": {
          "x": 0.431530237197876,
          "y": -0.4145672619342804,
          "z": 0.8329944610595703
        },
        "tail": {
          "x": 0.44830039143562317,
          "y": -0.4405217170715332,
          "z": 0.8586521148681641
        }
      },
      "world_space": {
        "head": {
          "x": 0.431530237197876,
          "y": -0.3513232469558716,
          "z": 1.7828484773635864
        },
        "tail": {
          "x": 0.44830039143562317,
          "y": -0.3772777318954468,
          "z": 1.8085061311721802
        },
        "rotation_quaternion": {
          "w": 0.059419188648462296,
          "x": -0.38410377502441406,
          "y": -0.41637375950813293,
          "z": -0.8219285011291504
        },
        "matrix": [
          [
            -0.697868287563324,
            0.41753774881362915,
            0.5819299817085266,
            0.431530237197876
          ],
          [
            0.22218401730060577,
            -0.6462051868438721,
            0.7301052808761597,
            -0.3513232469558716
          ],
          [
            0.6808975338935852,
            0.6388162970542908,
            0.3581988215446472,
            1.7828484773635864
          ],
          [
            0.0,
            0.0,
            0.0,
            1.0
          ]
        ]
      },
      "bone_length_armature_space": 0.04016449988086119,
      "parent": "thumb_01_l",
      "has_children": true,
      "is_end_bone": false
    },
    "thumb_03_l": {
      "name": "thumb_03_l",
      "local": {
        "location": {
          "x": 0.0,
          "y": 0.0,
          "z": 0.0
        },
        "rotation_quaternion": {
          "w": 0.9955013990402222,
          "x": 0.09460580348968506,
          "y": 0.0025911564007401466,
          "z": 0.004471371881663799
        },
        "scale": {
          "x": 1.0,
          "y": 1.0,
          "z": 1.0
        },
        "matrix_basis": [
          [
            0.9999465942382812,
            -0.008412237279117107,
            0.006005035247653723,
            0.0
          ],
          [
            0.009392790496349335,
            0.9820594787597656,
            -0.18833725154399872,
            0.0
          ],
          [
            -0.004312964156270027,
            0.18838359415531158,
            0.9820860624313354,
            0.0
          ],
          [
            0.0,
            0.0,
            0.0,
            1.0
          ]
        ],
        "rotation_mode": "QUATERNION"
      },
      "armature_space": {
        "head": {
          "x": 0.448300302028656,
          "y": -0.4405217170715332,
          "z": 0.8586521148681641
        },
        "tail": {
          "x": 0.46941235661506653,
          "y": -0.44898703694343567,
          "z": 0.8788886070251465
        }
      },
      "world_space": {
        "head": {
          "x": 0.448300302028656,
          "y": -0.3772777318954468,
          "z": 1.8085061311721802
        },
        "tail": {
          "x": 0.46941235661506653,
          "y": -0.38574302196502686,
          "z": 1.8287426233291626
        },
        "rotation_quaternion": {
          "w": 0.2957701086997986,
          "x": -0.23001185059547424,
          "y": -0.5229657292366028,
          "z": -0.7655856609344482
        },
        "matrix": [
          [
            -0.7192290425300598,
            0.6934519410133362,
            0.04283054172992706,
            0.448300302028656
          ],
          [
            -0.21230049431324005,
            -0.2780535817146301,
            0.9368113279342651,
            -0.3772777318954468
          ],
          [
            0.6615470051765442,
            0.664692759513855,
            0.34720760583877563,
            1.8085061311721802
          ],
          [
            0.0,
            0.0,
            0.0,
            1.0
          ]
        ]
      },
      "bone_length_armature_space": 0.03044496827073039,
      "parent": "thumb_02_l",
      "has_children": false,
      "is_end_bone": true
    },
    "metacarpal_index_l": {
      "name": "metacarpal_index_l",
      "local": {
        "location": {
          "x": 0.0,
          "y": 0.0,
          "z": 0.0
        },
        "rotation_quaternion": {
          "w": 0.9998381733894348,
          "x": -0.01515226811170578,
          "y": -0.005182532127946615,
          "z": -0.00820600613951683
        },
        "scale": {
          "x": 1.0,
          "y": 1.0,
          "z": 1.0
        },
        "matrix_basis": [
          [
            0.999811589717865,
            0.016566410660743713,
            -0.010114707984030247,
            0.0
          ],
          [
            -0.016252301633358,
            0.9994061589241028,
            0.030384687706828117,
            0.0
          ],
          [
            0.01061206590384245,
            -0.030214576050639153,
            0.9994871020317078,
            0.0
          ],
          [
            0.0,
            0.0,
            0.0,
            1.0
          ]
        ],
        "rotation_mode": "QUATERNION"
      },
      "armature_space": {
        "head": {
          "x": 0.45204079151153564,
          "y": -0.3452865779399872,
          "z": 0.8114562630653381
        },
        "tail": {
          "x": 0.47489598393440247,
          "y": -0.4308835566043854,
          "z": 0.8881379961967468
        }
      },
      "world_space": {
        "head": {
          "x": 0.45204079151153564,
          "y": -0.28204256296157837,
          "z": 1.761310338973999
        },
        "tail": {
          "x": 0.47489598393440247,
          "y": -0.36763954162597656,
          "z": 1.8379919528961182
        },
        "rotation_quaternion": {
          "w": 0.36672940850257874,
          "x": 0.8792508840560913,
          "y": -0.015712108463048935,
          "z": -0.303612619638443
        },
        "matrix": [
          [
            0.8151456713676453,
            0.19505715370178223,
            -0.5454269051551819,
            0.45204079151153564
          ],
          [
            -0.2503167688846588,
            -0.73052579164505,
            -0.6353536248207092,
            -0.28204256296157837
          ],
          [
            -0.5223826169967651,
            0.6544387936592102,
            -0.5466630458831787,
            1.761310338973999
          ],
          [
            0.0,
            0.0,
            0.0,
            1.0
          ]
        ]
      },
      "bone_length_armature_space": 0.11717205566717441,
      "parent": "lowerarm_l",
      "has_children": true,
      "is_end_bone": false
    },
    "index_01_l": {
      "name": "index_01_l",
      "local": {
        "location": {
          "x": 0.0,
          "y": 0.0,
          "z": 0.0
        },
        "rotation_quaternion": {
          "w": 0.9934981465339661,
          "x": -0.11368507891893387,
          "y": -0.005933202803134918,
          "z": 0.0014061511028558016
        },
        "scale": {
          "x": 1.0,
          "y": 1.0,
          "z": 1.0
        },
        "matrix_basis": [
          [
            0.9999256134033203,
            -0.0014449837617576122,
            -0.012108968570828438,
            0.0
          ],
          [
            0.004143050406128168,
            0.9741474390029907,
            0.2258751392364502,
            0.0
          ],
          [
            0.011469535529613495,
            -0.22590851783752441,
            0.9740809798240662,
            0.0
          ],
          [
            0.0,
            0.0,
            0.0,
            1.0
          ]
        ],
        "rotation_mode": "QUATERNION"
      },
      "armature_space": {
        "head": {
          "x": 0.47489598393440247,
          "y": -0.4308835566043854,
          "z": 0.8881379961967468
        },
        "tail": {
          "x": 0.4927438795566559,
          "y": -0.44507139921188354,
          "z": 0.9052619934082031
        }
      },
      "world_space": {
        "head": {
          "x": 0.47489598393440247,
          "y": -0.36763954162597656,
          "z": 1.8379919528961182
        },
        "tail": {
          "x": 0.4927438795566559,
          "y": -0.3818274140357971,
          "z": 1.8551160097122192
        },
        "rotation_quaternion": {
          "w": 0.459285169839859,
          "x": 0.7989718914031982,
          "y": 0.20068208873271942,
          "z": -0.332306832075119
        },
        "matrix": [
          [
            0.6985982060432434,
            0.6259260177612305,
            -0.3466660678386688,
            0.47489598393440247
          ],
          [
            0.015433130785822868,
            -0.49756813049316406,
            -0.8672879934310913,
            -0.36763954162597656
          ],
          [
            -0.7153530120849609,
            0.6005390286445618,
            -0.3572634160518646,
            1.8379919528961182
          ],
          [
            0.0,
            0.0,
            0.0,
            1.0
          ]
        ]
      },
      "bone_length_armature_space": 0.028514444609683387,
      "parent": "metacarpal_index_l",
      "has_children": true,
      "is_end_bone": false
    },
    "index_02_l": {
      "name": "index_02_l",
      "local": {
        "location": {
          "x": 0.0,
          "y": 0.0,
          "z": 0.0
        },
        "rotation_quaternion": {
          "w": 0.9983779191970825,
          "x": 0.05653275176882744,
          "y": 0.0067075383849442005,
          "z": -0.000825706752948463
        },
        "scale": {
          "x": 1.0,
          "y": 1.0,
          "z": 1.0
        },
        "matrix_basis": [
          [
            0.9999086260795593,
            0.00240712589584291,
            0.013299957849085331,
            0.0
          ],
          [
            -0.0008903435664251447,
            0.9936067461967468,
            -0.11289317905902863,
            0.0
          ],
          [
            -0.01348667498677969,
            0.11287102848291397,
            0.9935181140899658,
            0.0
          ],
          [
            0.0,
            0.0,
            0.0,
            1.0
          ]
        ],
        "rotation_mode": "QUATERNION"
      },
      "armature_space": {
        "head": {
          "x": 0.4927438199520111,
          "y": -0.44507184624671936,
          "z": 0.905262291431427
        },
        "tail": {
          "x": 0.5085145831108093,
          "y": -0.459526002407074,
          "z": 0.9194204211235046
        }
      },
      "world_space": {
        "head": {
          "x": 0.4927438199520111,
          "y": -0.38182783126831055,
          "z": 1.855116367340088
        },
        "tail": {
          "x": 0.5085145831108093,
          "y": -0.39628201723098755,
          "z": 1.869274377822876
        },
        "rotation_quaternion": {
          "w": 0.42839664220809937,
          "x": 0.80411297082901,
          "y": 0.1864270716905594,
          "z": -0.3675917088985443
        },
        "matrix": [
          [
            0.6602431535720825,
            0.6147668361663818,
            -0.4314402937889099,
            0.4927438199520111
          ],
          [
            -0.015131812542676926,
            -0.5634430646896362,
            -0.8260167241096497,
            -0.38182783126831055
          ],
          [
            -0.7509049773216248,
            0.5519033074378967,
            -0.3627101480960846,
            1.855116367340088
          ],
          [
            0.0,
            0.0,
            0.0,
            1.0
          ]
        ]
      },
      "bone_length_armature_space": 0.02565330845166986,
      "parent": "index_01_l",
      "has_children": true,
      "is_end_bone": false
    },
    "index_03_l": {
      "name": "index_03_l",
      "local": {
        "location": {
          "x": 0.0,
          "y": 0.0,
          "z": 0.0
        },
        "rotation_quaternion": {
          "w": 0.9997746348381042,
          "x": 0.021067200228571892,
          "y": -0.002185059478506446,
          "z": -0.0015119182644411922
        },
        "scale": {
          "x": 1.0,
          "y": 1.0,
          "z": 1.0
        },
        "matrix_basis": [
          [
            0.9999858736991882,
            0.0029310889076441526,
            -0.0044328379444777966,
            0.0
          ],
          [
            -0.003115221159532666,
            0.9991077780723572,
            -0.04211829602718353,
            0.0
          ],
          [
            0.004305430222302675,
            0.042131513357162476,
            0.999102771282196,
            0.0
          ],
          [
            0.0,
            0.0,
            0.0,
            1.0
          ]
        ],
        "rotation_mode": "QUATERNION"
      },
      "armature_space": {
        "head": {
          "x": 0.5085146427154541,
          "y": -0.4595258831977844,
          "z": 0.9194204807281494
        },
        "tail": {
          "x": 0.5264672040939331,
          "y": -0.478943407535553,
          "z": 0.9318461418151855
        }
      },
      "world_space": {
        "head": {
          "x": 0.5085146427154541,
          "y": -0.396281898021698,
          "z": 1.8692744970321655
        },
        "tail": {
          "x": 0.5264672040939331,
          "y": -0.41569942235946655,
          "z": 1.8817001581192017
        },
        "rotation_quaternion": {
          "w": 0.35017386078834534,
          "x": 0.8329252600669861,
          "y": 0.2123647779226303,
          "z": -0.37217602133750916
        },
        "matrix": [
          [
            0.63277268409729,
            0.6144208908081055,
            -0.4712597131729126,
            0.5085146427154541
          ],
          [
            0.09311633557081223,
            -0.664559006690979,
            -0.7414117455482483,
            -0.396281898021698
          ],
          [
            -0.7687239646911621,
            0.4252651035785675,
            -0.47773128747940063,
            1.8692744970321655
          ],
          [
            0.0,
            0.0,
            0.0,
            1.0
          ]
        ]
      },
      "bone_length_armature_space": 0.029218688335822182,
      "parent": "index_02_l",
      "has_children": false,
      "is_end_bone": true
    },
    "metacarpal_pinky_l": {
      "name": "metacarpal_pinky_l",
      "local": {
        "location": {
          "x": 0.0,
          "y": 0.0,
          "z": 0.0
        },
        "rotation_quaternion": {
          "w": 0.9988378286361694,
          "x": -0.043419089168310165,
          "y": 0.008873576298356056,
          "z": 0.018951406702399254
        },
        "scale": {
          "x": 1.0,
          "y": 1.0,
          "z": 1.0
        },
        "matrix_basis": [
          [
            0.9991242289543152,
            -0.038629330694675446,
            0.016080820932984352,
            0.0
          ],
          [
            0.03708820044994354,
            0.9955112338066101,
            0.08707359433174133,
            0.0
          ],
          [
            -0.019372232258319855,
            -0.08640092611312866,
            0.9960721135139465,
            0.0
          ],
          [
            0.0,
            0.0,
            0.0,
            1.0
          ]
        ],
        "rotation_mode": "QUATERNION"
      },
      "armature_space": {
        "head": {
          "x": 0.45204079151153564,
          "y": -0.3452865779399872,
          "z": 0.8114562630653381
        },
        "tail": {
          "x": 0.5298905968666077,
          "y": -0.39838698506355286,
          "z": 0.8557618856430054
        }
      },
      "world_space": {
        "head": {
          "x": 0.45204079151153564,
          "y": -0.28204256296157837,
          "z": 1.761310338973999
        },
        "tail": {
          "x": 0.5298905968666077,
          "y": -0.33514297008514404,
          "z": 1.8056159019470215
        },
        "rotation_quaternion": {
          "w": 0.424770712852478,
          "x": -0.018950914964079857,
          "y": -0.2541646957397461,
          "z": -0.8686835765838623
        },
        "matrix": [
          [
            -0.6384210586547852,
            0.7476160526275635,
            -0.18300017714500427,
            0.45204079151153564
          ],
          [
            -0.7283501029014587,
            -0.5099397897720337,
            0.45767679810523987,
            -0.28204256296157837
          ],
          [
            0.24884863197803497,
            0.4254808723926544,
            0.8700887560844421,
            1.761310338973999
          ],
          [
            0.0,
            0.0,
            0.0,
            1.0
          ]
        ]
      },
      "bone_length_armature_space": 0.10413084879630696,
      "parent": "lowerarm_l",
      "has_children": true,
      "is_end_bone": false
    },
    "pinky_01_l": {
      "name": "pinky_01_l",
      "local": {
        "location": {
          "x": 0.0,
          "y": 0.0,
          "z": 0.0
        },
        "rotation_quaternion": {
          "w": 0.9914443492889404,
          "x": -0.12956903874874115,
          "y": -0.015779104083776474,
          "z": -0.0010496416362002492
        },
        "scale": {
          "x": 1.0,
          "y": 1.0,
          "z": 1.0
        },
        "matrix_basis": [
          [
            0.9994998574256897,
            0.006170289125293493,
            -0.03101620450615883,
            0.0
          ],
          [
            0.002007644157856703,
            0.9664215445518494,
            0.2569541037082672,
            0.0
          ],
          [
            0.03156020864844322,
            -0.25688785314559937,
            0.9659257531166077,
            0.0
          ],
          [
            0.0,
            0.0,
            0.0,
            1.0
          ]
        ],
        "rotation_mode": "QUATERNION"
      },
      "armature_space": {
        "head": {
          "x": 0.5298905968666077,
          "y": -0.39838698506355286,
          "z": 0.8557618856430054
        },
        "tail": {
