{
  "metadata": {
    "armature_name": "KIM_caucasian_male",
    "export_time": "2026-01-13T21:02:59.401989",
    "blender_version": "4.4.1",
    "bone_count": 56,
    "end_bone_count": 13,
    "spaces_included": [
      "LOCAL_CHANNELS",
      "ARMATURE_SPACE",
      "WORLD_SPACE"
    ],
    "note": "LOCAL matches Transform panel; replay pose via local.matrix_basis for best fidelity."
  },
  "bones": {
    "Root": {
      "name": "Root",
      "local": {
        "location": {
          "x": 0.0,
          "y": 0.0,
          "z": 0.0
        },
        "rotation_quaternion": {
          "w": 0.9996032118797302,
          "x": 0.003583162324503064,
          "y": -0.011931562796235085,
          "z": 0.0252638328820467
        },
        "scale": {
          "x": 1.0,
          "y": 1.0,
          "z": 1.0
        },
        "matrix_basis": [
          [
            0.9984387755393982,
            -0.05059312283992767,
            -0.02367260865867138,
            0.0
          ],
          [
            0.05042211338877678,
            0.998697817325592,
            -0.00776635529473424,
            0.0
          ],
          [
            0.024034705013036728,
            0.006560607347637415,
            0.9996895790100098,
            0.0
          ],
          [
            0.0,
            0.0,
            0.0,
            1.0
          ]
        ],
        "rotation_mode": "QUATERNION"
      },
      "armature_space": {
        "head": {
          "x": 0.0,
          "y": 0.07072800397872925,
          "z": -0.009595036506652832
        },
        "tail": {
          "x": -0.0036111280787736177,
          "y": 2.915412187576294e-05,
          "z": -0.0004765177145600319
        }
      },
      "world_space": {
        "head": {
          "x": 0.0,
          "y": 0.13397200405597687,
          "z": 0.9402589797973633
        },
        "tail": {
          "x": -0.0036111280787736177,
          "y": 0.06327315419912338,
          "z": 0.9493774771690369
        },
        "rotation_quaternion": {
          "w": 0.06376591324806213,
          "x": 0.997573733329773,
          "y": -0.026010245084762573,
          "z": -0.01020248793065548
        },
        "matrix": [
          [
            0.9984387755393982,
            -0.05059312283992767,
            -0.02367260865867138,
            0.0
          ],
          [
            -0.053195416927337646,
            -0.9905147552490234,
            -0.12669211626052856,
            0.13397200405597687
          ],
          [
            -0.017038486897945404,
            0.12775352597236633,
            -0.9916666150093079,
            0.9402589797973633
          ],
          [
            0.0,
            0.0,
            0.0,
            1.0
          ]
        ]
      },
      "bone_length_armature_space": 0.0713758703405349,
      "parent": null,
      "has_children": true,
      "is_end_bone": false
    },
    "spine_01": {
      "name": "spine_01",
      "local": {
        "location": {
          "x": 0.0,
          "y": 0.0,
          "z": 0.0
        },
        "rotation_quaternion": {
          "w": 0.9995818138122559,
          "x": -0.005140005610883236,
          "y": 0.028311222791671753,
          "z": 0.0028782181907445192
        },
        "scale": {
          "x": 1.0,
          "y": 1.0,
          "z": 1.0
        },
        "matrix_basis": [
          [
            0.9983803629875183,
            -0.006045068614184856,
            0.0565691776573658,
            0.0
          ],
          [
            0.0054629892110824585,
            0.9999306201934814,
            0.01043868437409401,
            0.0
          ],
          [
            -0.056628353893756866,
            -0.010112740099430084,
            0.9983441233634949,
            0.0
          ],
          [
            0.0,
            0.0,
            0.0,
            1.0
          ]
        ],
        "rotation_mode": "QUATERNION"
      },
      "armature_space": {
        "head": {
          "x": -0.0036111280787736177,
          "y": 2.915412187576294e-05,
          "z": -0.0004765177145600319
        },
        "tail": {
          "x": 0.0030373840127140284,
          "y": 0.024173501878976822,
          "z": 0.4868851900100708
        }
      },
      "world_space": {
        "head": {
          "x": -0.0036111280787736177,
          "y": 0.06327315419912338,
          "z": 0.9493774771690369
        },
        "tail": {
          "x": 0.0030373840127140284,
          "y": 0.08741749823093414,
          "z": 1.436739206314087
        },
        "rotation_quaternion": {
          "w": 0.7243609428405762,
          "x": 0.6893839836120605,
          "y": 0.006249460391700268,
          "z": -0.003456434002146125
        },
        "matrix": [
          [
            0.9998979568481445,
            0.01362396590411663,
            0.004288017749786377,
            -0.0036111280787736177
          ],
          [
            0.0036090463399887085,
            0.04947599768638611,
            -0.9987689256668091,
            0.06327315419912338
          ],
          [
            -0.01381943840533495,
            0.9986894726753235,
            0.049421198666095734,
            0.9493774771690369
          ],
          [
            0.0,
            0.0,
            0.0,
            1.0
          ]
        ]
      },
      "bone_length_armature_space": 0.4880046896815139,
      "parent": "Root",
      "has_children": true,
      "is_end_bone": false
    },
    "neck_01": {
      "name": "neck_01",
      "local": {
        "location": {
          "x": 0.0,
          "y": 0.0,
          "z": 0.0
        },
        "rotation_quaternion": {
          "w": 0.9949302673339844,
          "x": -0.07212715595960617,
          "y": -0.0125183816999197,
          "z": -0.06895539164543152
        },
        "scale": {
          "x": 1.0,
          "y": 1.0,
          "z": 1.0
        },
        "matrix_basis": [
          [
            0.9901769161224365,
            0.13901744782924652,
            -0.014962720684707165,
            0.0
          ],
          [
            -0.1354057788848877,
            0.9800856709480286,
            0.1452493965625763,
            0.0
          ],
          [
            0.034856945276260376,
            -0.1417965590953827,
            0.989281952381134,
            0.0
          ],
          [
            0.0,
            0.0,
            0.0,
            1.0
          ]
        ],
        "rotation_mode": "QUATERNION"
      },
      "armature_space": {
        "head": {
          "x": 0.00418362021446228,
          "y": -0.006841687485575676,
          "z": 0.5617216229438782
        },
        "tail": {
          "x": 0.01990727335214615,
          "y": -0.026636354625225067,
          "z": 0.6610780358314514
        }
      },
      "world_space": {
        "head": {
          "x": 0.00418362021446228,
          "y": 0.056402310729026794,
          "z": 1.511575698852539
        },
        "tail": {
          "x": 0.01990727335214615,
          "y": 0.03660764545202255,
          "z": 1.6109321117401123
        },
        "rotation_quaternion": {
          "w": 0.6328517198562622,
          "x": 0.7704024314880371,
          "y": 0.054398827254772186,
          "z": -0.05495084077119827
        },
        "matrix": [
          [
            0.9880423545837402,
            0.15336956083774567,
            -0.01581479422748089,
            0.00418362021446228
          ],
          [
            0.014267392456531525,
            -0.19307850301265717,
            -0.9810798764228821,
            0.056402310729026794
          ],
          [
            -0.1535222828388214,
            0.9691291451454163,
            -0.1929602026939392,
            1.511575698852539
          ],
          [
            0.0,
            0.0,
            0.0,
            1.0
          ]
        ]
      },
      "bone_length_armature_space": 0.10252199357313058,
      "parent": "spine_01",
      "has_children": true,
      "is_end_bone": false
    },
    "head": {
      "name": "head",
      "local": {
        "location": {
          "x": 0.0,
          "y": 0.0,
          "z": 0.0
        },
        "rotation_quaternion": {
          "w": 0.9766789674758911,
          "x": -0.12377752363681793,
          "y": 0.11143993586301804,
          "z": 0.1354931890964508
        },
        "scale": {
          "x": 1.0,
          "y": 1.0,
          "z": 1.0
        },
        "matrix_basis": [
          [
            0.9384454488754272,
            -0.2922542095184326,
            0.18414005637168884,
            0.0
          ],
          [
            0.2370791733264923,
            0.9326414465904236,
            0.27198052406311035,
            0.0
          ],
          [
            -0.2512241005897522,
            -0.21158310770988464,
            0.9445205330848694,
            0.0
          ],
          [
            0.0,
            0.0,
            0.0,
            1.0
          ]
        ],
        "rotation_mode": "QUATERNION"
      },
      "armature_space": {
        "head": {
          "x": 0.019907260313630104,
          "y": -0.02663649246096611,
          "z": 0.6610779166221619
        },
        "tail": {
          "x": -0.004703352227807045,
          "y": 0.030413661152124405,
          "z": 0.8031795620918274
        }
      },
      "world_space": {
        "head": {
          "x": 0.019907260313630104,
          "y": 0.03660750761628151,
          "z": 1.6109318733215332
        },
        "tail": {
          "x": -0.004703352227807045,
          "y": 0.09365765750408173,
          "z": 1.7530336380004883
        },
        "rotation_quaternion": {
          "w": 0.8244709968566895,
          "x": 0.5447713136672974,
          "y": 0.06460069119930267,
          "z": 0.1389199048280716
        },
        "matrix": [
          [
            0.9530557990074158,
            -0.15868578851222992,
            0.25788259506225586,
            0.019907260313630104
          ],
          [
            0.2994568347930908,
            0.3678514063358307,
            -0.8803474307060242,
            0.03660750761628151
          ],
          [
            0.044836800545454025,
            0.916251540184021,
            0.39810431003570557,
            1.6109318733215332
          ],
          [
            0.0,
            0.0,
            0.0,
            1.0
          ]
        ]
      },
      "bone_length_armature_space": 0.15509120088204037,
      "parent": "neck_01",
      "has_children": false,
      "is_end_bone": true
    },
    "upperarm_l": {
      "name": "upperarm_l",
      "local": {
        "location": {
          "x": 0.0,
          "y": 0.0,
          "z": 0.0
        },
        "rotation_quaternion": {
          "w": 0.8988419771194458,
          "x": 0.42792171239852905,
          "y": -0.0003678256180137396,
          "z": 0.09468898177146912
        },
        "scale": {
          "x": 1.0,
          "y": 1.0,
          "z": 1.0
        },
        "matrix_basis": [
          [
            0.9820677042007446,
            -0.17053566873073578,
            0.08037770539522171,
            0.0
          ],
          [
            0.16990606486797333,
            0.6158339977264404,
            -0.7693376541137695,
            0.0
          ],
          [
            0.08170017600059509,
            0.7691983580589294,
            0.6337657570838928,
            0.0
          ],
          [
            0.0,
            0.0,
            0.0,
            1.0
          ]
        ],
        "rotation_mode": "QUATERNION"
      },
      "armature_space": {
        "head": {
          "x": 0.15326637029647827,
          "y": -0.012810701504349709,
          "z": 0.4926866292953491
        },
        "tail": {
          "x": 0.3284724950790405,
          "y": -0.2106458991765976,
          "z": 0.5370903015136719
        }
      },
      "world_space": {
        "head": {
          "x": 0.15326637029647827,
          "y": 0.05043330043554306,
          "z": 1.4425406455993652
        },
        "tail": {
          "x": 0.3284724950790405,
          "y": -0.14740189909934998,
          "z": 1.486944317817688
        },
        "rotation_quaternion": {
          "w": 0.3011728823184967,
          "x": 0.6912918090820312,
          "y": 0.20039334893226624,
          "z": -0.6255022883415222
        },
        "matrix": [
          [
            0.13717904686927795,
            0.6538287997245789,
            -0.7441033720970154,
            0.15326637029647827
          ],
          [
            -0.09970813989639282,
            -0.7382752299308777,
            -0.6670894026756287,
            0.05043330043554306
          ],
          [
            -0.9855221509933472,
            0.16570428013801575,
            -0.03608466684818268,
            1.4425406455993652
          ],
          [
            0.0,
            0.0,
            0.0,
            1.0
          ]
        ]
      },
      "bone_length_armature_space": 0.2679694678787703,
      "parent": "spine_01",
      "has_children": true,
      "is_end_bone": false
    },
    "lowerarm_l": {
      "name": "lowerarm_l",
      "local": {
        "location": {
          "x": 0.0,
          "y": 0.0,
          "z": 0.0
        },
        "rotation_quaternion": {
          "w": 0.8853812217712402,
          "x": 0.4571078419685364,
          "y": -0.0844048410654068,
          "z": 0.005334558431059122
        },
        "scale": {
          "x": 1.0,
          "y": 1.0,
          "z": 1.0
        },
        "matrix_basis": [
          [
            0.9856947064399719,
            -0.08661046624183655,
            -0.14458398520946503,
            0.0
          ],
          [
            -0.06771799176931381,
            0.5820479393005371,
            -0.8103299140930176,
            0.0
          ],
          [
            0.15433785319328308,
            0.8085289001464844,
            0.56785649061203,
            0.0
          ],
          [
            0.0,
            0.0,
            0.0,
            1.0
          ]
        ],
        "rotation_mode": "QUATERNION"
      },
      "armature_space": {
        "head": {
          "x": 0.3284724950790405,
          "y": -0.21064597368240356,
          "z": 0.5370904207229614
        },
        "tail": {
          "x": 0.2331411987543106,
          "y": -0.44901973009109497,
          "z": 0.6123189330101013
        }
      },
      "world_space": {
        "head": {
          "x": 0.3284724950790405,
          "y": -0.14740197360515594,
          "z": 1.4869444370269775
        },
        "tail": {
          "x": 0.2331411987543106,
          "y": -0.38577574491500854,
          "z": 1.5621728897094727
        },
        "rotation_quaternion": {
          "w": 0.033513519912958145,
          "x": -0.6689348816871643,
          "y": 0.23099566996097565,
          "z": 0.7057223916053772
        },
        "matrix": [
          [
            -0.10280614346265793,
            -0.356346070766449,
            -0.9286810159683228,
            0.3284724950790405
          ],
          [
            -0.26173996925354004,
            -0.891035258769989,
            0.37087565660476685,
            -0.14740197360515594
          ],
          [
            -0.9596542716026306,
            0.2812023460865021,
            -0.0016657039523124695,
            1.4869444370269775
          ],
          [
            0.0,
            0.0,
            0.0,
            1.0
          ]
        ]
      },
      "bone_length_armature_space": 0.2675246381902307,
      "parent": "upperarm_l",
      "has_children": true,
      "is_end_bone": false
    },
    "metacarpal_thumb_l": {
      "name": "metacarpal_thumb_l",
      "local": {
        "location": {
          "x": 0.0,
          "y": 0.0,
          "z": 0.0
        },
        "rotation_quaternion": {
          "w": 0.9999115467071533,
          "x": 0.0023557832464575768,
          "y": 0.0073857088573277,
          "z": -0.010814600624144077
        },
        "scale": {
          "x": 1.0,
          "y": 1.0,
          "z": 1.0
        },
        "matrix_basis": [
          [
            0.9996569752693176,
            0.021662086248397827,
            0.014719157479703426,
            0.0
          ],
          [
            -0.02159249037504196,
            0.9997549653053284,
            -0.004870896693319082,
            0.0
          ],
          [
            -0.014821064658463001,
            0.004551402758806944,
            0.999879777431488,
            0.0
          ],
          [
            0.0,
            0.0,
            0.0,
            1.0
          ]
        ],
        "rotation_mode": "QUATERNION"
      },
      "armature_space": {
        "head": {
          "x": 0.2331411987543106,
          "y": -0.44901973009109497,
          "z": 0.6123189330101013
        },
        "tail": {
          "x": 0.1918410062789917,
          "y": -0.4762834310531616,
          "z": 0.6144565343856812
        }
      },
      "world_space": {
        "head": {
          "x": 0.2331411987543106,
          "y": -0.38577574491500854,
          "z": 1.5621728897094727
        },
        "tail": {
          "x": 0.1918410062789917,
          "y": -0.4130394458770752,
          "z": 1.5643105506896973
        },
        "rotation_quaternion": {
          "w": 0.045870959758758545,
          "x": 0.8795576691627502,
          "y": -0.4719028174877167,
          "z": 0.03977355733513832
        },
        "matrix": [
          [
            0.5514514446258545,
            -0.8337802886962891,
            0.026672830805182457,
            0.2331411987543106
          ],
          [
            -0.8264826536178589,
            -0.5504072904586792,
            -0.11823134124279022,
            -0.38577574491500854
          ],
          [
            0.11325988918542862,
            0.043154068291187286,
            -0.9926347136497498,
            1.5621728897094727
          ],
          [
            0.0,
            0.0,
            0.0,
            1.0
          ]
        ]
      },
      "bone_length_armature_space": 0.049533671491525995,
      "parent": "lowerarm_l",
      "has_children": true,
      "is_end_bone": false
    },
    "thumb_01_l": {
      "name": "thumb_01_l",
      "local": {
        "location": {
          "x": 0.0,
          "y": 0.0,
          "z": 0.0
        },
        "rotation_quaternion": {
          "w": 0.9591195583343506,
          "x": 0.2827308773994446,
          "y": 0.007549762725830078,
          "z": -0.009802576154470444
        },
        "scale": {
          "x": 1.0,
          "y": 1.0,
          "z": 1.0
        },
        "matrix_basis": [
          [
            0.9996938109397888,
            0.02307278662919998,
            0.008939268067479134,
            0.0
          ],
          [
            -0.014534583315253258,
            0.8399343490600586,
            -0.542493462562561,
            0.0
          ],
          [
            -0.020025232806801796,
            0.5421974062919617,
            0.8400124907493591,
            0.0
          ],
          [
            0.0,
            0.0,
            0.0,
            1.0
          ]
        ],
        "rotation_mode": "QUATERNION"
      },
      "armature_space": {
        "head": {
          "x": 0.1918410062789917,
          "y": -0.4762834310531616,
          "z": 0.6144565343856812
        },
        "tail": {
          "x": 0.18311633169651031,
          "y": -0.5027564167976379,
          "z": 0.5949195623397827
        }
      },
      "world_space": {
        "head": {
          "x": 0.1918410062789917,
          "y": -0.4130394458770752,
          "z": 1.5643105506896973
        },
        "tail": {
          "x": 0.18311633169651031,
          "y": -0.4395124316215515,
          "z": 1.5447735786437988
        },
        "rotation_quaternion": {
          "w": 0.014749244786798954,
          "x": -0.4221497178077698,
          "y": 0.33303993940353394,
          "z": -0.8430045247077942
        },
        "matrix": [
          [
            -0.6431449055671692,
            -0.25631704926490784,
            0.7215719223022461,
            0.1918410062789917
          ],
          [
            -0.30605196952819824,
            -0.7777351140975952,
            -0.5490546226501465,
            -0.4130394458770752
          ],
          [
            0.7019281387329102,
            -0.5739648938179016,
            0.4217524230480194,
            1.5643105506896973
          ],
          [
            0.0,
            0.0,
            0.0,
            1.0
          ]
        ]
      },
      "bone_length_armature_space": 0.03403868649016822,
      "parent": "metacarpal_thumb_l",
      "has_children": true,
      "is_end_bone": false
    },
    "thumb_02_l": {
      "name": "thumb_02_l",
      "local": {
        "location": {
          "x": 0.0,
          "y": 0.0,
          "z": 0.0
        },
        "rotation_quaternion": {
          "w": 0.9028887748718262,
          "x": 0.429848313331604,
          "y": -0.0014477551449090242,
          "z": -0.004521720111370087
        },
        "scale": {
          "x": 1.0,
          "y": 1.0,
          "z": 1.0
        },
        "matrix_basis": [
          [
            0.9999549388885498,
            0.006920590531080961,
            -0.00650163134559989,
            0.0
          ],
          [
            -0.009409850463271141,
            0.6304199695587158,
            -0.7761973142623901,
            0.0
          ],
          [
            -0.0012729837326332927,
            0.7762235403060913,
            0.6304566860198975,
            0.0
          ],
          [
            0.0,
            0.0,
            0.0,
            1.0
          ]
        ],
        "rotation_mode": "QUATERNION"
      },
      "armature_space": {
        "head": {
          "x": 0.18311633169651031,
          "y": -0.5027563571929932,
          "z": 0.5949195623397827
        },
        "tail": {
          "x": 0.19129984080791473,
          "y": -0.5143537521362305,
          "z": 0.6324925422668457
        }
      },
      "world_space": {
        "head": {
          "x": 0.18311633169651031,
          "y": -0.43951237201690674,
          "z": 1.5447735786437988
        },
        "tail": {
          "x": 0.19129984080791473,
          "y": -0.45110976696014404,
          "z": 1.5823465585708618
        },
        "rotation_quaternion": {
          "w": 0.010568887926638126,
          "x": 0.1847066879272461,
          "y": 0.5962502956390381,
          "z": 0.7811897397041321
        },
        "matrix": [
          [
            -0.9315438270568848,
            0.20375016331672668,
            0.3011842370033264,
            0.18311633169651031
          ],
          [
            0.2367742955684662,
            -0.2887479364871979,
            0.9276655912399292,
            -0.43951237201690674
          ],
          [
            0.2759801745414734,
            0.9354797601699829,
            0.22074106335639954,
            1.5447735786437988
          ],
          [
            0.0,
            0.0,
            0.0,
            1.0
          ]
        ]
      },
      "bone_length_armature_space": 0.04016463846339026,
      "parent": "thumb_01_l",
      "has_children": true,
      "is_end_bone": false
    },
    "thumb_03_l": {
      "name": "thumb_03_l",
      "local": {
        "location": {
          "x": 0.0,
          "y": 0.0,
          "z": 0.0
        },
        "rotation_quaternion": {
          "w": 0.9887773990631104,
          "x": 0.14934483170509338,
          "y": -0.0026781591586768627,
          "z": -0.0028943840879946947
        },
        "scale": {
          "x": 1.0,
          "y": 1.0,
          "z": 1.0
        },
        "matrix_basis": [
          [
            0.9999688863754272,
            0.004923864733427763,
            -0.006160729099065065,
            0.0
          ],
          [
            -0.0065237414091825485,
            0.9553754925727844,
            -0.29532209038734436,
            0.0
          ],
          [
            0.004431684035807848,
            0.29535308480262756,
            0.9553778767585754,
            0.0
          ],
          [
            0.0,
            0.0,
            0.0,
            1.0
          ]
        ],
        "rotation_mode": "QUATERNION"
      },
      "armature_space": {
        "head": {
          "x": 0.19129976630210876,
          "y": -0.5143537521362305,
          "z": 0.6324925422668457
        },
        "tail": {
          "x": 0.2023860067129135,
          "y": -0.5073092579841614,
          "z": 0.6599584221839905
        }
      },
      "world_space": {
        "head": {
          "x": 0.19129976630210876,
          "y": -0.45110976696014404,
          "z": 1.5823465585708618
        },
        "tail": {
          "x": 0.2023860067129135,
          "y": -0.44406527280807495,
          "z": 1.6098124980926514
        },
        "rotation_quaternion": {
          "w": 0.21392333507537842,
          "x": -0.06652172654867172,
          "y": -0.7549360990524292,
          "z": -0.6163467168807983
        },
        "matrix": [
          [
            -0.899623692035675,
            0.3641413152217865,
            -0.24099433422088623,
            0.19129976630210876
          ],
          [
            -0.1632605493068695,
            0.23138447105884552,
            0.9590662717819214,
            -0.45110976696014404
          ],
          [
            0.405000239610672,
            0.9021499752998352,
            -0.14870911836624146,
            1.5823465585708618
          ],
          [
            0.0,
            0.0,
            0.0,
            1.0
          ]
        ]
      },
      "bone_length_armature_space": 0.030445100788842435,
      "parent": "thumb_02_l",
      "has_children": false,
      "is_end_bone": true
    },
    "metacarpal_index_l": {
      "name": "metacarpal_index_l",
      "local": {
        "location": {
          "x": 0.0,
          "y": 0.0,
          "z": 0.0
        },
        "rotation_quaternion": {
          "w": 0.9987568855285645,
          "x": -0.044705282896757126,
          "y": 0.01212452631443739,
          "z": -0.01841766946017742
        },
        "scale": {
          "x": 1.0,
          "y": 1.0,
          "z": 1.0
        },
        "matrix_basis": [
          [
            0.9990275502204895,
            0.03570548817515373,
            0.025865642353892326,
            0.0
          ],
          [
            -0.037873610854148865,
            0.995324432849884,
            0.08885280787944794,
            0.0
          ],
          [
            -0.022572174668312073,
            -0.08974602818489075,
            0.9957088828086853,
            0.0
          ],
          [
            0.0,
            0.0,
            0.0,
            1.0
          ]
        ],
        "rotation_mode": "QUATERNION"
      },
      "armature_space": {
        "head": {
          "x": 0.2331411987543106,
          "y": -0.44901973009109497,
          "z": 0.6123189330101013
        },
        "tail": {
          "x": 0.16779854893684387,
          "y": -0.5407865047454834,
          "z": 0.6445436477661133
        }
      },
      "world_space": {
        "head": {
          "x": 0.2331411987543106,
          "y": -0.38577574491500854,
          "z": 1.5621728897094727
        },
        "tail": {
          "x": 0.16779854893684387,
          "y": -0.477542519569397,
          "z": 1.5943976640701294
        },
        "rotation_quaternion": {
          "w": 0.04865696281194687,
          "x": 0.8992778658866882,
          "y": -0.3256402611732483,
          "z": -0.28790703415870667
        },
        "matrix": [
          [
            0.622135579586029,
            -0.5576656460762024,
            -0.5495055913925171,
            0.2331411987543106
          ],
          [
            -0.6136998534202576,
            -0.7831816077232361,
            0.09999687969684601,
            -0.38577574491500854
          ],
          [
            -0.4861314296722412,
            0.2750210165977478,
            -0.8294900059700012,
            1.5621728897094727
          ],
          [
            0.0,
            0.0,
            0.0,
            1.0
          ]
        ]
      },
      "bone_length_armature_space": 0.11717181746531288,
      "parent": "lowerarm_l",
      "has_children": true,
      "is_end_bone": false
    },
    "index_01_l": {
      "name": "index_01_l",
      "local": {
        "location": {
          "x": 0.0,
          "y": 0.0,
          "z": 0.0
        },
        "rotation_quaternion": {
          "w": 0.9434806108474731,
          "x": 0.33088427782058716,
          "y": 0.018888002261519432,
          "z": -0.0017711976543068886
        },
        "scale": {
          "x": 1.0,
          "y": 1.0,
          "z": 1.0
        },
        "matrix_basis": [
          [
            0.9992802143096924,
            0.015841666609048843,
            0.03446880355477333,
            0.0
          ],
          [
            0.009157304652035236,
            0.7810249328613281,
            -0.6244326829910278,
            0.0
          ],
          [
            -0.036813050508499146,
            0.6242988705635071,
            0.7803176641464233,
            0.0
          ],
          [
            0.0,
            0.0,
            0.0,
            1.0
          ]
        ],
        "rotation_mode": "QUATERNION"
      },
      "armature_space": {
        "head": {
          "x": 0.16779854893684387,
          "y": -0.5407865047454834,
          "z": 0.6445436477661133
        },
        "tail": {
          "x": 0.152730330824852,
          "y": -0.5626726150512695,
          "z": 0.6341986060142517
        }
      },
      "world_space": {
        "head": {
          "x": 0.16779854893684387,
          "y": -0.477542519569397,
          "z": 1.5943976640701294
        },
        "tail": {
          "x": 0.152730330824852,
          "y": -0.4994286298751831,
          "z": 1.584052562713623
        },
        "rotation_quaternion": {
          "w": 0.2522948384284973,
          "x": -0.915014922618866,
          "y": 0.22929129004478455,
          "z": 0.21568618714809418
        },
        "matrix": [
          [
            0.801810085773468,
            -0.5284432172775269,
            -0.27901309728622437,
            0.16779854893684387
          ],
          [
            -0.3107779026031494,
            -0.7675457000732422,
            0.560616672039032,
            -0.477542519569397
          ],
          [
            -0.5104132890701294,
            -0.3628001809120178,
            -0.7796591520309448,
            1.5943976640701294
          ],
          [
            0.0,
            0.0,
            0.0,
            1.0
          ]
        ]
      },
      "bone_length_armature_space": 0.028514433127146622,
      "parent": "metacarpal_index_l",
      "has_children": true,
      "is_end_bone": false
    },
    "index_02_l": {
      "name": "index_02_l",
      "local": {
        "location": {
          "x": 0.0,
          "y": 0.0,
          "z": 0.0
        },
        "rotation_quaternion": {
          "w": 0.899009644985199,
          "x": 0.43788450956344604,
          "y": 0.0012917006388306618,
          "z": 0.00609973631799221
        },
        "scale": {
          "x": 1.0,
          "y": 1.0,
          "z": 1.0
        },
        "matrix_basis": [
          [
            0.9999222755432129,
            -0.009836211800575256,
            0.007664462551474571,
            0.0
          ],
          [
            0.012098674662411213,
            0.6164398789405823,
            -0.7873090505599976,
            0.0
          ],
          [
            0.0030194574501365423,
            0.7873405814170837,
            0.6165109872817993,
            0.0
          ],
          [
            0.0,
            0.0,
            0.0,
            1.0
          ]
        ],
        "rotation_mode": "QUATERNION"
      },
      "armature_space": {
        "head": {
          "x": 0.1527298390865326,
          "y": -0.5626726150512695,
          "z": 0.6341983675956726
        },
        "tail": {
          "x": 0.1376679241657257,
          "y": -0.5640603303909302,
          "z": 0.6134786009788513
        }
      },
      "world_space": {
        "head": {
          "x": 0.1527298390865326,
          "y": -0.4994286298751831,
          "z": 1.584052324295044
        },
        "tail": {
          "x": 0.1376679241657257,
          "y": -0.5008163452148438,
          "z": 1.5633325576782227
        },
        "rotation_quaternion": {
          "w": 0.6206177473068237,
          "x": -0.7138357758522034,
          "y": 0.29628780484199524,
          "z": 0.13223320245742798
        },
        "matrix": [
          [
            0.7894551157951355,
            -0.5871344804763794,
            0.17897966504096985,
            0.1527298390865326
          ],
          [
            -0.25887253880500793,
            -0.05409500002861023,
            0.9643956422805786,
            -0.4994286298751831
          ],
          [
            -0.5565522909164429,
            -0.8076856136322021,
            -0.19469907879829407,
            1.584052324295044
          ],
          [
            0.0,
            0.0,
            0.0,
            1.0
          ]
        ]
      },
      "bone_length_armature_space": 0.025653377598826518,
      "parent": "index_01_l",
      "has_children": true,
      "is_end_bone": false
    },
    "index_03_l": {
      "name": "index_03_l",
      "local": {
        "location": {
          "x": 0.0,
          "y": 0.0,
          "z": 0.0
        },
        "rotation_quaternion": {
          "w": 0.9333053827285767,
          "x": 0.3590746819972992,
          "y": 0.0025553235318511724,
          "z": 0.0002574252721387893
        },
        "scale": {
          "x": 1.0,
          "y": 1.0,
          "z": 1.0
        },
        "matrix_basis": [
          [
            0.9999868273735046,
            0.0013545912224799395,
            0.004954664036631584,
            0.0
          ],
          [
            0.002315616700798273,
            0.7421306371688843,
            -0.6702513694763184,
            0.0
          ],
          [
            -0.004584924783557653,
            0.6702539920806885,
            0.742117702960968,
            0.0
          ],
          [
            0.0,
            0.0,
            0.0,
            1.0
          ]
        ],
        "rotation_mode": "QUATERNION"
      },
      "armature_space": {
        "head": {
          "x": 0.13766787946224213,
          "y": -0.5640604496002197,
          "z": 0.6134786009788513
        },
        "tail": {
          "x": 0.13256919384002686,
          "y": -0.5453852415084839,
          "z": 0.5915930271148682
        }
      },
      "world_space": {
        "head": {
          "x": 0.13766787946224213,
          "y": -0.5008164644241333,
          "z": 1.5633325576782227
        },
        "tail": {
          "x": 0.13256919384002686,
          "y": -0.48214125633239746,
          "z": 1.5414470434188843
        },
        "rotation_quaternion": {
          "w": 0.8547532558441162,
          "x": -0.4223404824733734,
          "y": 0.2982829809188843,
          "z": -0.04530686140060425
        },
        "matrix": [
          [
            0.8179497718811035,
            -0.174500972032547,
            0.5481857657432556,
            0.13766787946224213
          ],
          [
            -0.3294057548046112,
            0.6391521096229553,
            0.6949653029441833,
            -0.5008164644241333
          ],
          [
            -0.4716498851776123,
            -0.749026894569397,
            0.4653165638446808,
            1.5633325576782227
          ],
          [
            0.0,
            0.0,
            0.0,
            1.0
          ]
        ]
      },
      "bone_length_armature_space": 0.02921880123380283,
      "parent": "index_02_l",
      "has_children": false,
      "is_end_bone": true
    },
    "metacarpal_pinky_l": {
      "name": "metacarpal_pinky_l",
      "local": {
        "location": {
          "x": 0.0,
          "y": 0.0,
          "z": 0.0
        },
        "rotation_quaternion": {
          "w": 0.999726414680481,
          "x": 0.019078446552157402,
          "y": -0.006575308740139008,
          "z": -0.011835762299597263
        },
        "scale": {
          "x": 1.0,
          "y": 1.0,
          "z": 1.0
        },
        "matrix_basis": [
          [
            0.9996333718299866,
            0.02341415546834469,
            -0.013598635792732239,
            0.0
          ],
          [
            -0.023915940895676613,
            0.998991847038269,
            -0.03799080476164818,
            0.0
          ],
          [
            0.012695403769612312,
            0.03830210119485855,
            0.9991855621337891,
            0.0
          ],
          [
            0.0,
            0.0,
            0.0,
            1.0
          ]
        ],
        "rotation_mode": "QUATERNION"
      },
      "armature_space": {
        "head": {
          "x": 0.2331411987543106,
          "y": -0.44901973009109497,
          "z": 0.6123189330101013
        },
        "tail": {
          "x": 0.22403575479984283,
          "y": -0.5480920076370239,
          "z": 0.6430597901344299
        }
      },
      "world_space": {
        "head": {
          "x": 0.2331411987543106,
          "y": -0.38577574491500854,
          "z": 1.5621728897094727
        },
        "tail": {
          "x": 0.22403575479984283,
          "y": -0.4848480224609375,
          "z": 1.5929138660430908
        },
        "rotation_quaternion": {
          "w": 0.03167929872870445,
          "x": -0.0821605995297432,
          "y": 0.15259596705436707,
          "z": 0.9843579530715942
        },
        "matrix": [
          [
            -0.9844921827316284,
            -0.08744242042303085,
            -0.15208256244659424,
            0.2331411987543106
          ],
          [
            0.037292711436748505,
            -0.9514217972755432,
            0.3056241571903229,
            -0.38577574491500854
          ],
          [
            -0.17142018675804138,
            0.29521414637565613,
            0.9399348497390747,
            1.5621728897094727
          ],
          [
            0.0,
            0.0,
            0.0,
            1.0
          ]
        ]
      },
      "bone_length_armature_space": 0.10413080760603614,
      "parent": "lowerarm_l",
      "has_children": true,
      "is_end_bone": false
    },
    "pinky_01_l": {
      "name": "pinky_01_l",
      "local": {
        "location": {
          "x": 0.0,
          "y": 0.0,
          "z": 0.0
        },
        "rotation_quaternion": {
          "w": 0.9443918466567993,
          "x": 0.32859089970588684,
          "y": -0.00605432502925396,
          "z": 0.010749869048595428
        },
        "scale": {
          "x": 1.0,
          "y": 1.0,
          "z": 1.0
        },
        "matrix_basis": [
          [
            0.9996955990791321,
            -0.024282969534397125,
            -0.004370692186057568,
            0.0
          ],
          [
            0.016325384378433228,
            0.7838249206542969,
            -0.6207672953605652,
            0.0
          ],
          [
            0.01849992945790291,
            0.6205069422721863,
            0.7839827537536621,
            0.0
          ],
          [
            0.0,
            0.0,
            0.0,
            1.0
          ]
        ],
        "rotation_mode": "QUATERNION"
      },
      "armature_space": {
        "head": {
          "x": 0.22403575479984283,
          "y": -0.5480920076370239,
          "z": 0.6430597901344299
        },
