{
  "metadata": {
    "armature_name": "KIM_caucasian_male",
    "export_time": "2026-01-13T21:01:05.511852",
    "blender_version": "4.4.1",
    "bone_count": 56,
    "end_bone_count": 13,
    "spaces_included": [
      "LOCAL_CHANNELS",
      "ARMATURE_SPACE",
      "WORLD_SPACE"
    ],
    "note": "LOCAL matches Transform panel; replay pose via local.matrix_basis for best fidelity."
  },
  "bones": {
    "Root": {
      "name": "Root",
      "local": {
        "location": {
          "x": 0.0,
          "y": 0.0,
          "z": 0.0
        },
        "rotation_quaternion": {
          "w": 0.999807596206665,
          "x": 0.0007439894252456725,
          "y": -0.001529109664261341,
          "z": -0.01954696886241436
        },
        "scale": {
          "x": 1.0,
          "y": 1.0,
          "z": 1.0
        },
        "matrix_basis": [
          [
            0.9992311596870422,
            0.039084140211343765,
            -0.003086716402322054,
            0.0
          ],
          [
            -0.039088692516088486,
            0.9992347359657288,
            -0.001427913666702807,
            0.0
          ],
          [
            0.003028545528650284,
            0.001547471503727138,
            0.9999942183494568,
            0.0
          ],
          [
            0.0,
            0.0,
            0.0,
            1.0
          ]
        ],
        "rotation_mode": "QUATERNION"
      },
      "armature_space": {
        "head": {
          "x": 0.0,
          "y": 0.07072800397872925,
          "z": -0.009595036506652832
        },
        "tail": {
          "x": 0.0027896645478904247,
          "y": 3.927946090698242e-05,
          "z": -0.0001167934387922287
        }
      },
      "world_space": {
        "head": {
          "x": 0.0,
          "y": 0.13397200405597687,
          "z": 0.9402589797973633
        },
        "tail": {
          "x": 0.0027896645478904247,
          "y": 0.0632832795381546,
          "z": 0.9497372508049011
        },
        "rotation_quaternion": {
          "w": 0.06661238521337509,
          "x": 0.9975863099098206,
          "y": 0.019399549812078476,
          "z": -0.0028424737975001335
        },
        "matrix": [
          [
            0.9992311596870422,
            0.039084140211343765,
            -0.003086716402322054,
            0.0
          ],
          [
            0.03832676634192467,
            -0.990372896194458,
            -0.13301396369934082,
            0.13397200405597687
          ],
          [
            -0.008255758322775364,
            0.1327933818101883,
            -0.9911164045333862,
            0.9402589797973633
          ],
          [
            0.0,
            0.0,
            0.0,
            1.0
          ]
        ]
      },
      "bone_length_armature_space": 0.07137587204800673,
      "parent": null,
      "has_children": true,
      "is_end_bone": false
    },
    "spine_01": {
      "name": "spine_01",
      "local": {
        "location": {
          "x": 0.0,
          "y": 0.0,
          "z": 0.0
        },
        "rotation_quaternion": {
          "w": 0.9994350671768188,
          "x": -0.014251391403377056,
          "y": -0.021672897040843964,
          "z": -0.0213769543915987
        },
        "scale": {
          "x": 1.0,
          "y": 1.0,
          "z": 1.0
        },
        "matrix_basis": [
          [
            0.9981465935707092,
            0.043347492814064026,
            -0.042712002992630005,
            0.0
          ],
          [
            -0.042112018913030624,
            0.9986798763275146,
            0.02941328100860119,
            0.0
          ],
          [
            0.04393060877919197,
            -0.027560079470276833,
            0.9986543655395508,
            0.0
          ],
          [
            0.0,
            0.0,
            0.0,
            1.0
          ]
        ],
        "rotation_mode": "QUATERNION"
      },
      "armature_space": {
        "head": {
          "x": 0.0027896645478904247,
          "y": 3.927946090698242e-05,
          "z": -0.0001167934387922287
        },
        "tail": {
          "x": 0.026581190526485443,
          "y": 0.03639008477330208,
          "z": 0.485950231552124
        }
      },
      "world_space": {
        "head": {
          "x": 0.0027896645478904247,
          "y": 0.0632832795381546,
          "z": 0.9497372508049011
        },
        "tail": {
          "x": 0.026581190526485443,
          "y": 0.0996340811252594,
          "z": 1.4358042478561401
        },
        "rotation_quaternion": {
          "w": 0.7328127026557922,
          "x": 0.6799905896186829,
          "y": 0.015163862146437168,
          "z": -0.019193468615412712
        },
        "matrix": [
          [
            0.9988033175468445,
            0.048753004521131516,
            -0.003878537565469742,
            0.0027896645478904247
          ],
          [
            -0.0075082071125507355,
            0.07448916882276535,
            -0.9971936941146851,
            0.0632832795381546
          ],
          [
            -0.048327621072530746,
            0.9960364699363708,
            0.07476567476987839,
            0.9497372508049011
          ],
          [
            0.0,
            0.0,
            0.0,
            1.0
          ]
        ]
      },
      "bone_length_armature_space": 0.4880046894541424,
      "parent": "Root",
      "has_children": true,
      "is_end_bone": false
    },
    "neck_01": {
      "name": "neck_01",
      "local": {
        "location": {
          "x": 0.0,
          "y": 0.0,
          "z": 0.0
        },
        "rotation_quaternion": {
          "w": 0.9919089078903198,
          "x": -0.06969961524009705,
          "y": -0.05407290533185005,
          "z": 0.09129566699266434
        },
        "scale": {
          "x": 1.0,
          "y": 1.0,
          "z": 1.0
        },
        "matrix_basis": [
          [
            0.9774824380874634,
            -0.1735762506723404,
            -0.11999733746051788,
            0.0
          ],
          [
            0.1886516958475113,
            0.9736141562461853,
            0.1283980906009674,
            0.0
          ],
          [
            0.09454424679279327,
            -0.14814458787441254,
            0.9844361543655396,
            0.0
          ],
          [
            0.0,
            0.0,
            0.0,
            1.0
          ]
        ],
        "rotation_mode": "QUATERNION"
      },
      "armature_space": {
        "head": {
          "x": 0.030016303062438965,
          "y": 0.007260948419570923,
          "z": 0.5614714026451111
        },
        "tail": {
          "x": 0.01695970445871353,
          "y": -0.009072573855519295,
          "z": 0.6618382334709167
        }
      },
      "world_space": {
        "head": {
          "x": 0.030016303062438965,
          "y": 0.07050494849681854,
          "z": 1.5113253593444824
        },
        "tail": {
          "x": 0.01695970445871353,
          "y": 0.054171428084373474,
          "z": 1.611692190170288
        },
        "rotation_quaternion": {
          "w": 0.6415615677833557,
          "x": 0.7612642645835876,
          "y": -0.09348495304584503,
          "z": -0.011673583649098873
        },
        "matrix": [
          [
            0.9822484254837036,
            -0.1273549497127533,
            -0.1377267688512802,
            0.030016303062438965
          ],
          [
            -0.15731284022331238,
            -0.15931826829910278,
            -0.9746131896972656,
            0.07050494849681854
          ],
          [
            0.10217995941638947,
            0.9789850115776062,
            -0.17652687430381775,
            1.5113253593444824
          ],
          [
            0.0,
            0.0,
            0.0,
            1.0
          ]
        ]
      },
      "bone_length_armature_space": 0.10252199477961588,
      "parent": "spine_01",
      "has_children": true,
      "is_end_bone": false
    },
    "head": {
      "name": "head",
      "local": {
        "location": {
          "x": 0.0,
          "y": 0.0,
          "z": 0.0
        },
        "rotation_quaternion": {
          "w": 0.981439471244812,
          "x": -0.052846115082502365,
          "y": -0.0508098378777504,
          "z": -0.17720679938793182
        },
        "scale": {
          "x": 1.0,
          "y": 1.0,
          "z": 1.0
        },
        "matrix_basis": [
          [
            0.9320322275161743,
            0.35320571064949036,
            -0.08100418001413345,
            0.0
          ],
          [
            -0.34246528148651123,
            0.9316100478172302,
            0.12173822522163391,
            0.0
          ],
          [
            0.1184629425406456,
            -0.08572282642126083,
            0.9892513155937195,
            0.0
          ],
          [
            0.0,
            0.0,
            0.0,
            1.0
          ]
        ],
        "rotation_mode": "QUATERNION"
      },
      "armature_space": {
        "head": {
          "x": 0.016959689557552338,
          "y": -0.009072712622582912,
          "z": 0.661838173866272
        },
        "tail": {
          "x": 0.063041090965271,
          "y": 0.024454891681671143,
          "z": 0.8060799241065979
        }
      },
      "world_space": {
        "head": {
          "x": 0.016959689557552338,
          "y": 0.05417128652334213,
          "z": 1.611692190170288
        },
        "tail": {
          "x": 0.063041090965271,
          "y": 0.08769889175891876,
          "z": 1.7559340000152588
        },
        "rotation_quaternion": {
          "w": 0.7796510457992554,
          "x": 0.5924742817878723,
          "y": -0.015326062217354774,
          "z": -0.20219741761684418
        },
        "matrix": [
          [
            0.9177621006965637,
            0.2971264123916626,
            -0.26349300146102905,
            0.016959689557552338
          ],
          [
            -0.3334491550922394,
            0.21618130803108215,
            -0.9176480174064636,
            0.05417128652334213
          ],
          [
            -0.2156970202922821,
            0.9300507307052612,
            0.2974807322025299,
            1.611692190170288
          ],
          [
            0.0,
            0.0,
            0.0,
            1.0
          ]
        ]
      },
      "bone_length_armature_space": 0.1550911952523533,
      "parent": "neck_01",
      "has_children": false,
      "is_end_bone": true
    },
    "upperarm_l": {
      "name": "upperarm_l",
      "local": {
        "location": {
          "x": 0.0,
          "y": 0.0,
          "z": 0.0
        },
        "rotation_quaternion": {
          "w": 0.9507253170013428,
          "x": 0.16130729019641876,
          "y": 0.004186053294688463,
          "z": -0.2647334933280945
        },
        "scale": {
          "x": 1.0,
          "y": 1.0,
          "z": 1.0
        },
        "matrix_basis": [
          [
            0.8597972989082336,
            0.5047281384468079,
            -0.077447310090065,
            0.0
          ],
          [
            -0.5020272135734558,
            0.8077922463417053,
            -0.30893421173095703,
            0.0
          ],
          [
            -0.09336645901203156,
            0.304501473903656,
            0.9479248523712158,
            0.0
          ],
          [
            0.0,
            0.0,
            0.0,
            1.0
          ]
        ],
        "rotation_mode": "QUATERNION"
      },
      "armature_space": {
        "head": {
          "x": 0.1765478551387787,
          "y": -0.002051703631877899,
          "z": 0.4875192940235138
        },
        "tail": {
          "x": 0.38539958000183105,
          "y": -0.0838545486330986,
          "z": 0.3409000635147095
        }
      },
      "world_space": {
        "head": {
          "x": 0.1765478551387787,
          "y": 0.06119229644536972,
          "z": 1.4373732805252075
        },
        "tail": {
          "x": 0.38539958000183105,
          "y": -0.020610548555850983,
          "z": 1.2907540798187256
        },
        "rotation_quaternion": {
          "w": 0.26221174001693726,
          "x": 0.3856458067893982,
          "y": 0.5278364419937134,
          "z": -0.7098668217658997
        },
        "matrix": [
          [
            -0.5650451183319092,
            0.7793863415718079,
            -0.27070438861846924,
            0.1765478551387787
          ],
          [
            0.034842051565647125,
            -0.305269330739975,
            -0.9516286253929138,
            0.06119229644536972
          ],
          [
            -0.824329674243927,
            -0.5471490621566772,
            0.14533567428588867,
            1.4373732805252075
          ],
          [
            0.0,
            0.0,
            0.0,
            1.0
          ]
        ]
      },
      "bone_length_armature_space": 0.2679700521932386,
      "parent": "spine_01",
      "has_children": true,
      "is_end_bone": false
    },
    "lowerarm_l": {
      "name": "lowerarm_l",
      "local": {
        "location": {
          "x": 0.0,
          "y": 0.0,
          "z": 0.0
        },
        "rotation_quaternion": {
          "w": 0.9944741725921631,
          "x": 0.016425184905529022,
          "y": -0.001799721852876246,
          "z": -0.1036742776632309
        },
        "scale": {
          "x": 1.0,
          "y": 1.0,
          "z": 1.0
        },
        "matrix_basis": [
          [
            0.978496789932251,
            0.20614366233348846,
            -0.006985292304307222,
            0.0
          ],
          [
            -0.20626190304756165,
            0.9779636859893799,
            -0.032295674085617065,
            0.0
          ],
          [
            0.00017381543875671923,
            0.03304201364517212,
            0.9994539618492126,
            0.0
          ],
          [
            0.0,
            0.0,
            0.0,
            1.0
          ]
        ],
        "rotation_mode": "QUATERNION"
      },
      "armature_space": {
        "head": {
          "x": 0.3853996992111206,
          "y": -0.08385463058948517,
          "z": 0.34090012311935425
        },
        "tail": {
          "x": 0.556602418422699,
          "y": -0.20693078637123108,
          "z": 0.17624397575855255
        }
      },
      "world_space": {
        "head": {
          "x": 0.3853996992111206,
          "y": -0.02061063051223755,
          "z": 1.2907540798187256
        },
        "tail": {
          "x": 0.556602418422699,
          "y": -0.14368678629398346,
          "z": 1.1260980367660522
        },
        "rotation_quaternion": {
          "w": 0.21184058487415314,
          "x": 0.32084304094314575,
          "y": 0.4744431674480438,
          "z": -0.7918882369995117
        },
        "matrix": [
          [
            -0.7043669819831848,
            0.6399515271186829,
            -0.30713003873825073,
            0.3853996992111206
          ],
          [
            -0.031067054718732834,
            -0.4600556790828705,
            -0.8873465657234192,
            -0.02061063051223755
          ],
          [
            -0.7091606259346008,
            -0.6154806613922119,
            0.34393107891082764,
            1.2907540798187256
          ],
          [
            0.0,
            0.0,
            0.0,
            1.0
          ]
        ]
      },
      "bone_length_armature_space": 0.26752525002081357,
      "parent": "upperarm_l",
      "has_children": true,
      "is_end_bone": false
    },
    "metacarpal_thumb_l": {
      "name": "metacarpal_thumb_l",
      "local": {
        "location": {
          "x": 0.0,
          "y": 0.0,
          "z": 0.0
        },
        "rotation_quaternion": {
          "w": 0.9997210502624512,
          "x": -0.007499780505895615,
          "y": 0.021802380681037903,
          "z": -0.0051407343707978725
        },
        "scale": {
          "x": 1.0,
          "y": 1.0,
          "z": 1.0
        },
        "matrix_basis": [
          [
            0.9989964365959167,
            0.009951574727892876,
            0.04366970807313919,
            0.0
          ],
          [
            -0.010605626739561558,
            0.9998346567153931,
            0.014771216548979282,
            0.0
          ],
          [
            -0.043515488505363464,
            -0.015219537541270256,
            0.9989368319511414,
            0.0
          ],
          [
            0.0,
            0.0,
            0.0,
            1.0
          ]
        ],
        "rotation_mode": "QUATERNION"
      },
      "armature_space": {
        "head": {
          "x": 0.556602418422699,
          "y": -0.20693078637123108,
          "z": 0.17624397575855255
        },
        "tail": {
          "x": 0.5671526789665222,
          "y": -0.2508639991283417,
          "z": 0.15594233572483063
        }
      },
      "world_space": {
        "head": {
          "x": 0.556602418422699,
          "y": -0.14368678629398346,
          "z": 1.1260980367660522
        },
        "tail": {
          "x": 0.5671526789665222,
          "y": -0.18761999905109406,
          "z": 1.1057963371276855
        },
        "rotation_quaternion": {
          "w": 0.14660197496414185,
          "x": -0.8840552568435669,
          "y": -0.18718919157981873,
          "z": 0.4023858904838562
        },
        "matrix": [
          [
            0.6060914397239685,
            0.21299131214618683,
            -0.76634681224823,
            0.556602418422699
          ],
          [
            0.44895249605178833,
            -0.8869361877441406,
            0.10856229811906815,
            -0.14368678629398346
          ],
          [
            -0.656582236289978,
            -0.4098554849624634,
            -0.6331918835639954,
            1.1260980367660522
          ],
          [
            0.0,
            0.0,
            0.0,
            1.0
          ]
        ]
      },
      "bone_length_armature_space": 0.04953374359567226,
      "parent": "lowerarm_l",
      "has_children": true,
      "is_end_bone": false
    },
    "thumb_01_l": {
      "name": "thumb_01_l",
      "local": {
        "location": {
          "x": 0.0,
          "y": 0.0,
          "z": 0.0
        },
        "rotation_quaternion": {
          "w": 0.9994511008262634,
          "x": 0.030899403616786003,
          "y": 0.01101196650415659,
          "z": -0.004638710059225559
        },
        "scale": {
          "x": 1.0,
          "y": 1.0,
          "z": 1.0
        },
        "matrix_basis": [
          [
            0.9997144341468811,
            0.009952854365110397,
            0.021725177764892578,
            0.0
          ],
          [
            -0.008591800928115845,
            0.998047411441803,
            -0.06186704710125923,
            0.0
          ],
          [
            -0.022298511117696762,
            0.06166272237896919,
            0.9978479146957397,
            0.0
          ],
          [
            0.0,
            0.0,
            0.0,
            1.0
          ]
        ],
        "rotation_mode": "QUATERNION"
      },
      "armature_space": {
        "head": {
          "x": 0.5671526789665222,
          "y": -0.2508639991283417,
          "z": 0.15594233572483063
        },
        "tail": {
          "x": 0.5515214800834656,
          "y": -0.2693164348602295,
          "z": 0.13198807835578918
        }
      },
      "world_space": {
        "head": {
          "x": 0.5671526789665222,
          "y": -0.18761999905109406,
          "z": 1.1057963371276855
        },
        "tail": {
          "x": 0.5515214800834656,
          "y": -0.20607243478298187,
          "z": 1.081842064857483
        },
        "rotation_quaternion": {
          "w": 0.3238982856273651,
          "x": -0.8510023951530457,
          "y": 0.3521901071071625,
          "z": -0.2164415717124939
        },
        "matrix": [
          [
            0.6582291126251221,
            -0.45921972393989563,
            0.5965327024459839,
            0.5671526789665222
          ],
          [
            -0.7396400570869446,
            -0.5421040058135986,
            0.3988179564476013,
            -0.18761999905109406
          ],
          [
            0.14023813605308533,
            -0.7037385702133179,
            -0.6964905858039856,
            1.1057963371276855
          ],
          [
            0.0,
            0.0,
            0.0,
            1.0
          ]
        ]
      },
      "bone_length_armature_space": 0.03403870166680776,
      "parent": "metacarpal_thumb_l",
      "has_children": true,
      "is_end_bone": false
    },
    "thumb_02_l": {
      "name": "thumb_02_l",
      "local": {
        "location": {
          "x": 0.0,
          "y": 0.0,
          "z": 0.0
        },
        "rotation_quaternion": {
          "w": 0.9929335713386536,
          "x": 0.11800514906644821,
          "y": -0.011196576058864594,
          "z": 0.005698967259377241
        },
        "scale": {
          "x": 1.0,
          "y": 1.0,
          "z": 1.0
        },
        "matrix_basis": [
          [
            0.9996843338012695,
            -0.013959899544715881,
            -0.020889896899461746,
            0.0
          ],
          [
            0.008674884214997292,
            0.972084641456604,
            -0.2344701588153839,
            0.0
          ],
          [
            0.023579927161335945,
            0.2342149317264557,
            0.9718988537788391,
            0.0
          ],
          [
            0.0,
            0.0,
            0.0,
            1.0
          ]
        ],
        "rotation_mode": "QUATERNION"
      },
      "armature_space": {
        "head": {
          "x": 0.5515214800834656,
          "y": -0.2693164348602295,
          "z": 0.13198810815811157
        },
        "tail": {
          "x": 0.5806936621665955,
          "y": -0.2839943468570709,
          "z": 0.10860588401556015
        }
      },
      "world_space": {
        "head": {
          "x": 0.5515214800834656,
          "y": -0.20607243478298187,
          "z": 1.0818421840667725
        },
        "tail": {
          "x": 0.5806936621665955,
          "y": -0.2207503467798233,
          "z": 1.0584598779678345
        },
        "rotation_quaternion": {
          "w": 0.5631704330444336,
          "x": -0.504413366317749,
          "y": 0.010710072703659534,
          "z": -0.6544399261474609
        },
        "matrix": [
          [
            0.14318972826004028,
            0.7263199090957642,
            0.672276496887207,
            0.5515214800834656
          ],
          [
            -0.7479264140129089,
            -0.3654455840587616,
            0.5541261434555054,
            -0.20607243478298187
          ],
          [
            0.6481573581695557,
            -0.5821627974510193,
            0.4909095764160156,
            1.0818421840667725
          ],
          [
            0.0,
            0.0,
            0.0,
            1.0
          ]
        ]
      },
      "bone_length_armature_space": 0.040164482852386725,
      "parent": "thumb_01_l",
      "has_children": true,
      "is_end_bone": false
    },
    "thumb_03_l": {
      "name": "thumb_03_l",
      "local": {
        "location": {
          "x": 0.0,
          "y": 0.0,
          "z": 0.0
        },
        "rotation_quaternion": {
          "w": 0.9975626468658447,
          "x": 0.06918298453092575,
          "y": -0.007958289235830307,
          "z": 0.0043852622620761395
        },
        "scale": {
          "x": 1.0,
          "y": 1.0,
          "z": 1.0
        },
        "matrix_basis": [
          [
            0.9998348951339722,
            -0.009850303642451763,
            -0.015271012671291828,
            0.0
          ],
          [
            0.007647991180419922,
            0.9903889894485474,
            -0.13809852302074432,
            0.0
          ],
          [
            0.01648455485701561,
            0.13795892894268036,
            0.9903007745742798,
            0.0
          ],
          [
            0.0,
            0.0,
            0.0,
            1.0
          ]
        ],
        "rotation_mode": "QUATERNION"
      },
      "armature_space": {
        "head": {
          "x": 0.5806936025619507,
          "y": -0.2839944064617157,
          "z": 0.10860592126846313
        },
        "tail": {
          "x": 0.6084392070770264,
          "y": -0.2848286032676697,
          "z": 0.0961008220911026
        }
      },
      "world_space": {
        "head": {
          "x": 0.5806936025619507,
          "y": -0.22075040638446808,
          "z": 1.058459997177124
        },
        "tail": {
          "x": 0.6084392070770264,
          "y": -0.22158460319042206,
          "z": 1.0459548234939575
        },
        "rotation_quaternion": {
          "w": 0.6962128281593323,
          "x": -0.2566756308078766,
          "y": 0.039854057133197784,
          "z": -0.6691912412643433
        },
        "matrix": [
          [
            0.10118753463029861,
            0.911339282989502,
            0.39902549982070923,
            0.5806936025619507
          ],
          [
            -0.9522590637207031,
            -0.027399849146604538,
            0.3040595054626465,
            -0.22075040638446808
          ],
          [
            0.28803595900535583,
            -0.4107455015182495,
            0.8650648593902588,
            1.058459997177124
          ],
          [
            0.0,
            0.0,
            0.0,
            1.0
          ]
        ]
      },
      "bone_length_armature_space": 0.030444899993132043,
      "parent": "thumb_02_l",
      "has_children": false,
      "is_end_bone": true
    },
    "metacarpal_index_l": {
      "name": "metacarpal_index_l",
      "local": {
        "location": {
          "x": 0.0,
          "y": 0.0,
          "z": 0.0
        },
        "rotation_quaternion": {
          "w": 0.9995624423027039,
          "x": -0.025508705526590347,
          "y": 0.008461168967187405,
          "z": 0.012362398207187653
        },
        "scale": {
          "x": 1.0,
          "y": 1.0,
          "z": 1.0
        },
        "matrix_basis": [
          [
            0.9995511770248413,
            -0.025145644322037697,
            0.016284236684441566,
            0.0
          ],
          [
            0.024282310158014297,
            0.9983929395675659,
            0.051204290241003036,
            0.0
          ],
          [
            -0.017545631155371666,
            -0.050785887986421585,
            0.9985554218292236,
            0.0
          ],
          [
            0.0,
            0.0,
            0.0,
            1.0
          ]
        ],
        "rotation_mode": "QUATERNION"
      },
      "armature_space": {
        "head": {
          "x": 0.556602418422699,
          "y": -0.20693078637123108,
          "z": 0.17624397575855255
        },
        "tail": {
          "x": 0.6179805397987366,
          "y": -0.289233922958374,
          "z": 0.11977991461753845
        }
      },
      "world_space": {
        "head": {
          "x": 0.556602418422699,
          "y": -0.14368678629398346,
          "z": 1.1260980367660522
        },
        "tail": {
          "x": 0.6179805397987366,
          "y": -0.2259899228811264,
          "z": 1.069633960723877
        },
        "rotation_quaternion": {
          "w": 0.01684112288057804,
          "x": -0.7056223750114441,
          "y": -0.3853676915168762,
          "z": 0.5943948030471802
        },
        "matrix": [
          [
            -0.0036278925836086273,
            0.5238302946090698,
            -0.8518147468566895,
            0.556602418422699
          ],
          [
            0.5638688802719116,
            -0.7024144530296326,
            -0.43435704708099365,
            -0.14368678629398346
          ],
          [
            -0.8258616924285889,
            -0.4818915128707886,
            -0.29282575845718384,
            1.1260980367660522
          ],
          [
            0.0,
            0.0,
            0.0,
            1.0
          ]
        ]
      },
      "bone_length_armature_space": 0.11717196898063018,
      "parent": "lowerarm_l",
      "has_children": true,
      "is_end_bone": false
    },
    "index_01_l": {
      "name": "index_01_l",
      "local": {
        "location": {
          "x": 0.0,
          "y": 0.0,
          "z": 0.0
        },
        "rotation_quaternion": {
          "w": 0.9971005916595459,
          "x": -0.07423672825098038,
          "y": -0.013088878244161606,
          "z": -0.010397803969681263
        },
        "scale": {
          "x": 1.0,
          "y": 1.0,
          "z": 1.0
        },
        "matrix_basis": [
          [
            0.9994411468505859,
            0.022678663954138756,
            -0.024558058008551598,
            0.0
          ],
          [
            -0.018791962414979935,
            0.9887616038322449,
            0.1483151614665985,
            0.0
          ],
          [
            0.02764565497636795,
            -0.14777077734470367,
            0.9886351823806763,
            0.0
          ],
          [
            0.0,
            0.0,
            0.0,
            1.0
          ]
        ],
        "rotation_mode": "QUATERNION"
      },
      "armature_space": {
        "head": {
          "x": 0.6179805397987366,
          "y": -0.289233922958374,
          "z": 0.11977991461753845
        },
        "tail": {
          "x": 0.6380459666252136,
          "y": -0.2980000972747803,
          "z": 0.10151500254869461
        }
      },
      "world_space": {
        "head": {
          "x": 0.6179805397987366,
          "y": -0.2259899228811264,
          "z": 1.069633960723877
        },
        "tail": {
          "x": 0.6380459666252136,
          "y": -0.23475609719753265,
          "z": 1.051369071006775
        },
        "rotation_quaternion": {
          "w": 0.03330353647470474,
          "x": -0.6277560591697693,
          "y": -0.5875152349472046,
          "z": 0.5095479488372803
        },
        "matrix": [
          [
            -0.2096291333436966,
            0.7036950588226318,
            -0.6788729429244995,
            0.6179805397987366
          ],
          [
            0.771571159362793,
            -0.3074301779270172,
            -0.5569244623184204,
            -0.2259899228811264
          ],
          [
            -0.6006146669387817,
            -0.6405511498451233,
            -0.478508323431015,
            1.069633960723877
          ],
          [
            0.0,
            0.0,
            0.0,
            1.0
          ]
        ]
      },
      "bone_length_armature_space": 0.028514455581880864,
      "parent": "metacarpal_index_l",
      "has_children": true,
      "is_end_bone": false
    },
    "index_02_l": {
      "name": "index_02_l",
      "local": {
        "location": {
          "x": 0.0,
          "y": 0.0,
          "z": 0.0
        },
        "rotation_quaternion": {
          "w": 0.9844652414321899,
          "x": 0.17514671385288239,
          "y": 0.011732066981494427,
          "z": -0.003775019431486726
        },
        "scale": {
          "x": 1.0,
          "y": 1.0,
          "z": 1.0
        },
        "matrix_basis": [
          [
            0.9996961951255798,
            0.011542417109012604,
            0.021777259185910225,
            0.0
          ],
          [
            -0.003323084907606244,
            0.9386187791824341,
            -0.34494027495384216,
            0.0
          ],
          [
            -0.024421988055109978,
            0.3447631299495697,
            0.9383719563484192,
            0.0
          ],
          [
            0.0,
            0.0,
            0.0,
            1.0
          ]
        ],
        "rotation_mode": "QUATERNION"
      },
      "armature_space": {
        "head": {
          "x": 0.6380460262298584,
          "y": -0.2980005741119385,
          "z": 0.10151474922895432
        },
        "tail": {
          "x": 0.6496586203575134,
          "y": -0.30958813428878784,
          "z": 0.08179236203432083
        }
      },
      "world_space": {
        "head": {
          "x": 0.6380460262298584,
          "y": -0.23475657403469086,
          "z": 1.0513687133789062
        },
        "tail": {
          "x": 0.6496586203575134,
          "y": -0.24634413421154022,
          "z": 1.0316463708877563
        },
        "rotation_quaternion": {
          "w": 0.12493135780096054,
          "x": -0.5949622988700867,
          "y": -0.508469820022583,
          "z": 0.6098118424415588
        },
        "matrix": [
          [
            -0.2608250677585602,
            0.4526744484901428,
            -0.8526756763458252,
            0.6380460262298584
          ],
          [
            0.7574101090431213,
            -0.4516986608505249,
            -0.47148534655570984,
            -0.23475657403469086
          ],
          [
            -0.5985854864120483,
            -0.7688060998916626,
            -0.22504785656929016,
            1.0513687133789062
          ],
          [
            0.0,
            0.0,
            0.0,
            1.0
          ]
        ]
      },
      "bone_length_armature_space": 0.025653390419592054,
      "parent": "index_01_l",
      "has_children": true,
      "is_end_bone": false
    },
    "index_03_l": {
      "name": "index_03_l",
      "local": {
        "location": {
          "x": 0.0,
          "y": 0.0,
          "z": 0.0
        },
        "rotation_quaternion": {
          "w": 0.976744532585144,
          "x": 0.214399054646492,
          "y": 0.0013431549305096269,
          "z": 0.0011951818596571684
        },
        "scale": {
          "x": 1.0,
          "y": 1.0,
          "z": 1.0
        },
        "matrix_basis": [
          [
            0.9999935626983643,
            -0.001758832368068397,
            0.003136330284178257,
            0.0
          ],
          [
            0.00291071692481637,
            0.9080632328987122,
            -0.4188230037689209,
            0.0
          ],
          [
            -0.0021113466937094927,
            0.41882941126823425,
            0.9080624580383301,
            0.0
          ],
          [
            0.0,
            0.0,
            0.0,
            1.0
          ]
        ],
        "rotation_mode": "QUATERNION"
      },
      "armature_space": {
        "head": {
          "x": 0.649658739566803,
          "y": -0.30958807468414307,
          "z": 0.08179241418838501
        },
        "tail": {
          "x": 0.6478636860847473,
          "y": -0.32538512349128723,
          "z": 0.05727768689393997
        }
      },
      "world_space": {
        "head": {
          "x": 0.649658739566803,
          "y": -0.24634407460689545,
          "z": 1.031646490097046
        },
        "tail": {
          "x": 0.6478636860847473,
          "y": -0.2621411085128784,
          "z": 1.0071316957473755
        },
        "rotation_quaternion": {
          "w": 0.31791451573371887,
          "x": -0.532707154750824,
          "y": -0.35861721634864807,
          "z": 0.6975293159484863
        },
        "matrix": [
          [
            -0.23030796647071838,
            -0.061435967683792114,
            -0.971176266670227,
            0.649658739566803
          ],
          [
            0.8255852460861206,
            -0.5406485199928284,
            -0.16158102452754974,
            -0.24634407460689545
          ],
          [
            -0.5151411890983582,
            -0.839008629322052,
            0.17523732781410217,
            1.031646490097046
          ],
          [
            0.0,
            0.0,
            0.0,
            1.0
          ]
        ]
      },
      "bone_length_armature_space": 0.029218843737740693,
      "parent": "index_02_l",
      "has_children": false,
      "is_end_bone": true
    },
    "metacarpal_pinky_l": {
      "name": "metacarpal_pinky_l",
      "local": {
        "location": {
          "x": 0.0,
          "y": 0.0,
          "z": 0.0
        },
        "rotation_quaternion": {
          "w": 0.9997923970222473,
          "x": -0.020055163651704788,
          "y": 0.0030240933410823345,
          "z": 0.0019933024886995554
        },
        "scale": {
          "x": 1.0,
          "y": 1.0,
          "z": 1.0
        },
        "matrix_basis": [
          [
            0.9999737739562988,
            -0.004107074812054634,
            0.005966979078948498,
            0.0
          ],
          [
            0.003864479949697852,
            0.9991876482963562,
            0.04011405631899834,
            0.0
          ],
          [
            -0.00612688297405839,
            -0.04008994624018669,
            0.9991772770881653,
            0.0
          ],
          [
            0.0,
            0.0,
            0.0,
            1.0
          ]
        ],
        "rotation_mode": "QUATERNION"
      },
      "armature_space": {
        "head": {
          "x": 0.556602418422699,
          "y": -0.20693078637123108,
          "z": 0.17624397575855255
        },
        "tail": {
          "x": 0.6267393827438354,
          "y": -0.2231239229440689,
          "z": 0.10099851340055466
        }
      },
      "world_space": {
        "head": {
          "x": 0.556602418422699,
          "y": -0.14368678629398346,
          "z": 1.1260980367660522
        },
        "tail": {
          "x": 0.6267393827438354,
          "y": -0.1598799228668213,
          "z": 1.0508525371551514
        },
        "rotation_quaternion": {
          "w": 0.5583527088165283,
          "x": -0.21264922618865967,
          "y": 0.3323972821235657,
          "z": -0.7297497987747192
        },
        "matrix": [
          [
            -0.2860424220561981,
            0.6735472679138184,
            0.6815522909164429,
            0.556602418422699
          ],
          [
            -0.9562845826148987,
            -0.15550777316093445,
            -0.247664213180542,
            -0.14368678629398346
          ],
          [
            -0.06082804873585701,
            -0.7226055264472961,
            0.6885892152786255,
            1.1260980367660522
          ],
          [
            0.0,
            0.0,
            0.0,
            1.0
          ]
        ]
      },
      "bone_length_armature_space": 0.1041311242361724,
      "parent": "lowerarm_l",
      "has_children": true,
      "is_end_bone": false
    },
    "pinky_01_l": {
      "name": "pinky_01_l",
      "local": {
        "location": {
          "x": 0.0,
          "y": 0.0,
          "z": 0.0
        },
        "rotation_quaternion": {
          "w": 0.9994798898696899,
          "x": 0.017565030604600906,
          "y": -0.02257039211690426,
          "z": -0.014901207759976387
        },
        "scale": {
          "x": 1.0,
          "y": 1.0,
          "z": 1.0
        },
        "matrix_basis": [
          [
            0.9985370635986328,
            0.028994016349315643,
            -0.04564078524708748,
            0.0
          ],
          [
            -0.030579814687371254,
            0.9989388585090637,
            -0.03443913906812668,
            0.0
          ],
          [
            0.044593825936317444,
            0.035784441977739334,
            0.9983640909194946,
            0.0
          ],
          [
            0.0,
            0.0,
            0.0,
            1.0
          ]
        ],
        "rotation_mode": "QUATERNION"
      },
      "armature_space": {
        "head": {
          "x": 0.6267393827438354,
          "y": -0.2231239229440689,
          "z": 0.10099851340055466
        },
