{
  "metadata": {
    "armature_name": "KIM_caucasian_male",
    "export_time": "2026-01-13T21:15:56.138739",
    "blender_version": "4.4.1",
    "bone_count": 56,
    "end_bone_count": 13,
    "spaces_included": [
      "LOCAL_CHANNELS",
      "ARMATURE_SPACE",
      "WORLD_SPACE"
    ],
    "note": "LOCAL matches Transform panel; replay pose via local.matrix_basis for best fidelity."
  },
  "bones": {
    "Root": {
      "name": "Root",
      "local": {
        "location": {
          "x": 0.0,
          "y": 0.0,
          "z": 0.0
        },
        "rotation_quaternion": {
          "w": 0.9998458623886108,
          "x": -0.016185060143470764,
          "y": -0.0060663907788693905,
          "z": 0.003121419809758663
        },
        "scale": {
          "x": 1.0,
          "y": 1.0,
          "z": 1.0
        },
        "matrix_basis": [
          [
            0.9999068975448608,
            -0.006045507732778788,
            -0.012231952510774136,
            0.0
          ],
          [
            0.0064382473938167095,
            0.9994565844535828,
            0.032327260822057724,
            0.0
          ],
          [
            0.01202987041324377,
            -0.03240300342440605,
            0.9994024634361267,
            0.0
          ],
          [
            0.0,
            0.0,
            0.0,
            1.0
          ]
        ],
        "rotation_mode": "QUATERNION"
      },
      "armature_space": {
        "head": {
          "x": 0.0,
          "y": 0.07072800397872925,
          "z": -0.009595036506652832
        },
        "tail": {
          "x": -0.00043150337296538055,
          "y": 0.00034934282302856445,
          "z": 0.002286601811647415
        }
      },
      "world_space": {
        "head": {
          "x": 0.0,
          "y": 0.13397200405597687,
          "z": 0.9402589797973633
        },
        "tail": {
          "x": -0.00043150337296538055,
          "y": 0.06359334290027618,
          "z": 0.9521406292915344
        },
        "rotation_quaternion": {
          "w": 0.08350556343793869,
          "x": 0.9964839816093445,
          "y": -0.0035230093635618687,
          "z": -0.005842327140271664
        },
        "matrix": [
          [
            0.9999068975448608,
            -0.006045507732778788,
            -0.012231952510774136,
            0.0
          ],
          [
            -0.007996980100870132,
            -0.986028790473938,
            -0.16638319194316864,
            0.13397200405597687
          ],
          [
            -0.011055270209908485,
            0.16646575927734375,
            -0.9859923720359802,
            0.9402589797973633
          ],
          [
            0.0,
            0.0,
            0.0,
            1.0
          ]
        ]
      },
      "bone_length_armature_space": 0.07137587323145035,
      "parent": null,
      "has_children": true,
      "is_end_bone": false
    },
    "spine_01": {
      "name": "spine_01",
      "local": {
        "location": {
          "x": 0.0,
          "y": 0.0,
          "z": 0.0
        },
        "rotation_quaternion": {
          "w": 0.9992344379425049,
          "x": 0.021283725276589394,
          "y": 0.028024597093462944,
          "z": -0.017094146460294724
        },
        "scale": {
          "x": 1.0,
          "y": 1.0,
          "z": 1.0
        },
        "matrix_basis": [
          [
            0.9978448152542114,
            0.03535505384206772,
            0.055278629064559937,
            0.0
          ],
          [
            -0.03296918421983719,
            0.9985095858573914,
            -0.04349297657608986,
            0.0
          ],
          [
            -0.05673393979668617,
            0.041576750576496124,
            0.9975232481956482,
            0.0
          ],
          [
            0.0,
            0.0,
            0.0,
            1.0
          ]
        ],
        "rotation_mode": "QUATERNION"
      },
      "armature_space": {
        "head": {
          "x": -0.00043150337296538055,
          "y": 0.00034934282302856445,
          "z": 0.002286601811647415
        },
        "tail": {
          "x": 0.02235424518585205,
          "y": 0.0184797216206789,
          "z": 0.4894217550754547
        }
      },
      "world_space": {
        "head": {
          "x": -0.00043150337296538055,
          "y": 0.06359334290027618,
          "z": 0.9521406292915344
        },
        "tail": {
          "x": 0.02235424518585205,
          "y": 0.08172371983528137,
          "z": 1.4392757415771484
        },
        "rotation_quaternion": {
          "w": 0.7193477749824524,
          "x": 0.6938472390174866,
          "y": 0.03338735178112984,
          "z": -0.0002506079035811126
        },
        "matrix": [
          [
            0.9977704286575317,
            0.04669199138879776,
            0.047686148434877396,
            -0.00043150337296538055
          ],
          [
            0.04597056284546852,
            0.03715232387185097,
            -0.998251736164093,
            0.06359334290027618
          ],
          [
            -0.048382312059402466,
            0.998225212097168,
            0.034922387450933456,
            0.9521406292915344
          ],
          [
            0.0,
            0.0,
            0.0,
            1.0
          ]
        ]
      },
      "bone_length_armature_space": 0.4880046621695628,
      "parent": "Root",
      "has_children": true,
      "is_end_bone": false
    },
    "neck_01": {
      "name": "neck_01",
      "local": {
        "location": {
          "x": 0.0,
          "y": 0.0,
          "z": 0.0
        },
        "rotation_quaternion": {
          "w": 0.9925533533096313,
          "x": 0.013548126444220543,
          "y": 0.09914088249206543,
          "z": -0.06946635246276855
        },
        "scale": {
          "x": 1.0,
          "y": 1.0,
          "z": 1.0
        },
        "matrix_basis": [
          [
            0.9706910252571106,
            0.14058446884155273,
            0.19492295384407043,
            0.0
          ],
          [
            -0.135211780667305,
            0.9899817705154419,
            -0.040668386965990067,
            0.0
          ],
          [
            -0.19868750870227814,
            0.013120565563440323,
            0.9799750447273254,
            0.0
          ],
          [
            0.0,
            0.0,
            0.0,
            1.0
          ]
        ],
        "rotation_mode": "QUATERNION"
      },
      "armature_space": {
        "head": {
          "x": 0.027426738291978836,
          "y": -0.013419853523373604,
          "z": 0.5637213587760925
        },
        "tail": {
          "x": 0.04806363582611084,
          "y": -0.04904436320066452,
          "z": 0.6576136350631714
        }
      },
      "world_space": {
        "head": {
          "x": 0.027426738291978836,
          "y": 0.049824148416519165,
          "z": 1.5135753154754639
        },
        "tail": {
          "x": 0.04806363582611084,
          "y": 0.0141996368765831,
          "z": 1.6074676513671875
        },
        "rotation_quaternion": {
          "w": 0.5523523092269897,
          "x": 0.8201221823692322,
          "y": 0.14548128843307495,
          "z": 0.03379310294985771
        },
        "matrix": [
          [
            0.9553861618041992,
            0.20129366219043732,
            0.21614359319210052,
            0.027426738291978836
          ],
          [
            0.2759570777416229,
            -0.3474838435649872,
            -0.8961601257324219,
            0.049824148416519165
          ],
          [
            -0.1052854135632515,
            0.9158312678337097,
            -0.38753312826156616,
            1.5135753154754639
          ],
          [
            0.0,
            0.0,
            0.0,
            1.0
          ]
        ]
      },
      "bone_length_armature_space": 0.10252193495212159,
      "parent": "spine_01",
      "has_children": true,
      "is_end_bone": false
    },
    "head": {
      "name": "head",
      "local": {
        "location": {
          "x": 0.0,
          "y": 0.0,
          "z": 0.0
        },
        "rotation_quaternion": {
          "w": 0.9897105693817139,
          "x": 0.0482126884162426,
          "y": 0.10341977328062057,
          "z": -0.08633032441139221
        },
        "scale": {
          "x": 1.0,
          "y": 1.0,
          "z": 1.0
        },
        "matrix_basis": [
          [
            0.9637028574943542,
            0.1808563619852066,
            0.19638684391975403,
            0.0
          ],
          [
            -0.16091178357601166,
            0.9804452061653137,
            -0.1132897362112999,
            0.0
          ],
          [
            -0.2130357176065445,
            0.07757668942213058,
            0.9739598035812378,
            0.0
          ],
          [
            0.0,
            0.0,
            0.0,
            1.0
          ]
        ],
        "rotation_mode": "QUATERNION"
      },
      "armature_space": {
        "head": {
          "x": 0.048063650727272034,
          "y": -0.049044474959373474,
          "z": 0.6576134562492371
        },
        "tail": {
          "x": 0.09471730142831802,
          "y": -0.05298931524157524,
          "z": 0.8054686188697815
        }
      },
      "world_space": {
        "head": {
          "x": 0.048063650727272034,
          "y": 0.014199525117874146,
          "z": 1.6074674129486084
        },
        "tail": {
          "x": 0.09471730142831802,
          "y": 0.010254684835672379,
          "z": 1.7553226947784424
        },
        "rotation_quaternion": {
          "w": 0.6439018845558167,
          "x": 0.7130911350250244,
          "y": 0.26957759261131287,
          "z": 0.0649561882019043
        },
        "matrix": [
          [
            0.8462162613868713,
            0.30081620812416077,
            0.4398041367530823,
            0.048063650727272034
          ],
          [
            0.4681193232536316,
            -0.02543576806783676,
            -0.8832993507385254,
            0.014199525117874146
          ],
          [
            -0.2545253336429596,
            0.9533495306968689,
            -0.16234388947486877,
            1.6074674129486084
          ],
          [
            0.0,
            0.0,
            0.0,
            1.0
          ]
        ]
      },
      "bone_length_armature_space": 0.15509117894385238,
      "parent": "neck_01",
      "has_children": false,
      "is_end_bone": true
    },
    "upperarm_l": {
      "name": "upperarm_l",
      "local": {
        "location": {
          "x": 0.0,
          "y": 0.0,
          "z": 0.0
        },
        "rotation_quaternion": {
          "w": 0.8333321809768677,
          "x": 0.4855298697948456,
          "y": 0.23165397346019745,
          "z": -0.1271018087863922
        },
        "scale": {
          "x": 1.0,
          "y": 1.0,
          "z": 1.0
        },
        "matrix_basis": [
          [
            0.8603631258010864,
            0.43678590655326843,
            0.2626659870147705,
            0.0
          ],
          [
            0.013113792054355145,
            0.4962117373943329,
            -0.8681026101112366,
            0.0
          ],
          [
            -0.5095128417015076,
            0.7503280639648438,
            0.4211943745613098,
            0.0
          ],
          [
            0.0,
            0.0,
            0.0,
            1.0
          ]
        ],
        "rotation_mode": "QUATERNION"
      },
      "armature_space": {
        "head": {
          "x": 0.17410631477832794,
          "y": -0.012204743921756744,
          "z": 0.4894869327545166
        },
        "tail": {
          "x": 0.31508389115333557,
          "y": -0.2030145227909088,
          "z": 0.36488816142082214
        }
      },
      "world_space": {
        "head": {
          "x": 0.17410631477832794,
          "y": 0.051039256155490875,
          "z": 1.4393409490585327
        },
        "tail": {
          "x": 0.31508389115333557,
          "y": -0.1397705227136612,
          "z": 1.3147422075271606
        },
        "rotation_quaternion": {
          "w": 0.011692249216139317,
          "x": 0.6740501523017883,
          "y": 0.3792538344860077,
          "z": -0.6337873339653015
        },
        "matrix": [
          [
            -0.09104058891534805,
            0.5260957479476929,
            -0.845538318157196,
            0.17410631477832794
          ],
          [
            0.49645134806632996,
            -0.7120580077171326,
            -0.4964977502822876,
            0.051039256155490875
          ],
          [
            -0.8632829189300537,
            -0.4649738371372223,
            -0.19635656476020813,
            1.4393409490585327
          ],
          [
            0.0,
            0.0,
            0.0,
            1.0
          ]
        ]
      },
      "bone_length_armature_space": 0.26796997399509365,
      "parent": "spine_01",
      "has_children": true,
      "is_end_bone": false
    },
    "lowerarm_l": {
      "name": "lowerarm_l",
      "local": {
        "location": {
          "x": 0.0,
          "y": 0.0,
          "z": 0.0
        },
        "rotation_quaternion": {
          "w": 0.9563779830932617,
          "x": 0.02924560196697712,
          "y": 0.04616548866033554,
          "z": -0.28697511553764343
        },
        "scale": {
          "x": 1.0,
          "y": 1.0,
          "z": 1.0
        },
        "matrix_basis": [
          [
            0.8310280442237854,
            0.5516136288642883,
            0.07151779532432556,
            0.0
          ],
          [
            -0.5462130904197693,
            0.833579957485199,
            -0.08243639022111893,
            0.0
          ],
          [
            -0.10508883744478226,
            0.029443006962537766,
            0.9940268993377686,
            0.0
          ],
          [
            0.0,
            0.0,
            0.0,
            1.0
          ]
        ],
        "rotation_mode": "QUATERNION"
      },
      "armature_space": {
        "head": {
          "x": 0.31508392095565796,
          "y": -0.20301467180252075,
          "z": 0.3648882210254669
        },
        "tail": {
          "x": 0.3769822120666504,
          "y": -0.32850754261016846,
          "z": 0.1368744671344757
        }
      },
      "world_space": {
        "head": {
          "x": 0.31508392095565796,
          "y": -0.13977067172527313,
          "z": 1.3147422075271606
        },
        "tail": {
          "x": 0.3769822120666504,
          "y": -0.26526355743408203,
          "z": 1.0867284536361694
        },
        "rotation_quaternion": {
          "w": 0.21754084527492523,
          "x": -0.5527713298797607,
          "y": -0.46704477071762085,
          "z": 0.6549726724624634
        },
        "matrix": [
          [
            -0.2942393124103546,
            0.2313743531703949,
            -0.9273022413253784,
            0.31508392095565796
          ],
          [
            0.8013047575950623,
            -0.46908923983573914,
            -0.37130361795425415,
            -0.13977067172527313
          ],
          [
            -0.5209003686904907,
            -0.8523098826408386,
            -0.04737760126590729,
            1.3147422075271606
          ],
          [
            0.0,
            0.0,
            0.0,
            1.0
          ]
        ]
      },
      "bone_length_armature_space": 0.2675259406131119,
      "parent": "upperarm_l",
      "has_children": true,
      "is_end_bone": false
    },
    "metacarpal_thumb_l": {
      "name": "metacarpal_thumb_l",
      "local": {
        "location": {
          "x": 0.0,
          "y": 0.0,
          "z": 0.0
        },
        "rotation_quaternion": {
          "w": 0.999604344367981,
          "x": 0.02547410875558853,
          "y": 0.0046540675684809685,
          "z": 0.010984405875205994
        },
        "scale": {
          "x": 1.0,
          "y": 1.0,
          "z": 1.0
        },
        "matrix_basis": [
          [
            0.9997153878211975,
            -0.021723004058003426,
            0.009864088147878647,
            0.0
          ],
          [
            0.022197235375642776,
            0.9984608292579651,
            -0.0508258156478405,
            0.0
          ],
          [
            -0.008744816295802593,
            0.05103030428290367,
            0.9986588358879089,
            0.0
          ],
          [
            0.0,
            0.0,
            0.0,
            1.0
          ]
        ],
        "rotation_mode": "QUATERNION"
      },
      "armature_space": {
        "head": {
          "x": 0.3769822120666504,
          "y": -0.32850754261016846,
          "z": 0.1368744671344757
        },
        "tail": {
          "x": 0.35473254323005676,
          "y": -0.34818488359451294,
          "z": 0.09723405539989471
        }
      },
      "world_space": {
        "head": {
          "x": 0.3769822120666504,
          "y": -0.26526355743408203,
          "z": 1.0867284536361694
        },
        "tail": {
          "x": 0.35473254323005676,
          "y": -0.2849408984184265,
          "z": 1.0470880270004272
        },
        "rotation_quaternion": {
          "w": 0.5355607271194458,
          "x": -0.8009503483772278,
          "y": 0.12062111496925354,
          "z": 0.23896417021751404
        },
        "matrix": [
          [
            0.8566939234733582,
            -0.4491827189922333,
            -0.2535955309867859,
            0.3769822120666504
          ],
          [
            0.06273443251848221,
            -0.3972516655921936,
            0.9155631065368652,
            -0.26526355743408203
          ],
          [
            -0.5119996666908264,
            -0.8002721667289734,
            -0.3121451437473297,
            1.0867284536361694
          ],
          [
            0.0,
            0.0,
            0.0,
            1.0
          ]
        ]
      },
      "bone_length_armature_space": 0.04953390524665415,
      "parent": "lowerarm_l",
      "has_children": true,
      "is_end_bone": false
    },
    "thumb_01_l": {
      "name": "thumb_01_l",
      "local": {
        "location": {
          "x": 0.0,
          "y": 0.0,
          "z": 0.0
        },
        "rotation_quaternion": {
          "w": 0.998304009437561,
          "x": 0.057942118495702744,
          "y": 0.0030139319133013487,
          "z": 0.004783295094966888
        },
        "scale": {
          "x": 1.0,
          "y": 1.0,
          "z": 1.0
        },
        "matrix_basis": [
          [
            0.999936044216156,
            -0.00920109823346138,
            0.006571948993951082,
            0.0
          ],
          [
            0.009899633005261421,
            0.9932396411895752,
            -0.11565886437892914,
            0.0
          ],
          [
            -0.005463331937789917,
            0.11571653187274933,
            0.9932672381401062,
            0.0
          ],
          [
            0.0,
            0.0,
            0.0,
            1.0
          ]
        ],
        "rotation_mode": "QUATERNION"
      },
      "armature_space": {
        "head": {
          "x": 0.35473254323005676,
          "y": -0.34818488359451294,
          "z": 0.09723405539989471
        },
        "tail": {
          "x": 0.33801284432411194,
          "y": -0.3336462080478668,
          "z": 0.0713939219713211
        }
      },
      "world_space": {
        "head": {
          "x": 0.35473254323005676,
          "y": -0.2849408984184265,
          "z": 1.0470880270004272
        },
        "tail": {
          "x": 0.33801284432411194,
          "y": -0.270402193069458,
          "z": 1.0212479829788208
        },
        "rotation_quaternion": {
          "w": 0.42621463537216187,
          "x": -0.47773948311805725,
          "y": 0.7293170094490051,
          "z": -0.24125254154205322
        },
        "matrix": [
          [
            -0.18021096289157867,
            -0.4911985695362091,
            0.8522019982337952,
            0.35473254323005676
          ],
          [
            -0.9024983048439026,
            0.42712318897247314,
            0.05534156411886215,
            -0.2849408984184265
          ],
          [
            -0.39118221402168274,
            -0.7591425776481628,
            -0.5202816724777222,
            1.0470880270004272
          ],
          [
            0.0,
            0.0,
            0.0,
            1.0
          ]
        ]
      },
      "bone_length_armature_space": 0.034038711927067276,
      "parent": "metacarpal_thumb_l",
      "has_children": true,
      "is_end_bone": false
    },
    "thumb_02_l": {
      "name": "thumb_02_l",
      "local": {
        "location": {
          "x": 0.0,
          "y": 0.0,
          "z": 0.0
        },
        "rotation_quaternion": {
          "w": 0.9929773807525635,
          "x": 0.11816952377557755,
          "y": -0.004859633278101683,
          "z": -0.002913137199357152
        },
        "scale": {
          "x": 1.0,
          "y": 1.0,
          "z": 1.0
        },
        "matrix_basis": [
          [
            0.9999358057975769,
            0.004636837635189295,
            -0.01033950038254261,
            0.0
          ],
          [
            -0.0069338795728981495,
            0.9720549583435059,
            -0.23465101420879364,
            0.0
          ],
          [
            0.008962524123489857,
            0.23470763862133026,
            0.97202467918396,
            0.0
          ],
          [
            0.0,
            0.0,
            0.0,
            1.0
          ]
        ],
        "rotation_mode": "QUATERNION"
      },
      "armature_space": {
        "head": {
          "x": 0.33801281452178955,
          "y": -0.33364617824554443,
          "z": 0.07139396667480469
        },
        "tail": {
          "x": 0.3510168194770813,
          "y": -0.3521305322647095,
          "z": 0.038191258907318115
        }
      },
      "world_space": {
        "head": {
          "x": 0.33801281452178955,
          "y": -0.270402193069458,
          "z": 1.0212479829788208
        },
        "tail": {
          "x": 0.3510168194770813,
          "y": -0.28888654708862305,
          "z": 0.9880452752113342
        },
        "rotation_quaternion": {
          "w": 0.3261074423789978,
          "x": -0.256857305765152,
          "y": 0.40440717339515686,
          "z": -0.8149436712265015
        },
        "matrix": [
          [
            -0.6553558111190796,
            0.32376933097839355,
            0.6824092864990234,
            0.33801281452178955
          ],
          [
            -0.7392690181732178,
            -0.4602174758911133,
            -0.49161088466644287,
            -0.270402193069458
          ],
          [
            0.15488868951797485,
            -0.8266699910163879,
            0.5409621000289917,
            1.0212479829788208
          ],
          [
            0.0,
            0.0,
            0.0,
            1.0
          ]
        ]
      },
      "bone_length_armature_space": 0.040164602413863354,
      "parent": "thumb_01_l",
      "has_children": true,
      "is_end_bone": false
    },
    "thumb_03_l": {
      "name": "thumb_03_l",
      "local": {
        "location": {
          "x": 0.0,
          "y": 0.0,
          "z": 0.0
        },
        "rotation_quaternion": {
          "w": 0.9982198476791382,
          "x": 0.0593213215470314,
          "y": -0.0013019305188208818,
          "z": 0.006037562619894743
        },
        "scale": {
          "x": 1.0,
          "y": 1.0,
          "z": 1.0
        },
        "matrix_basis": [
          [
            0.9999237060546875,
            -0.012208093889057636,
            -0.0018829134060069919,
            0.0
          ],
          [
            0.011899164877831936,
            0.9928890466690063,
            -0.11844716221094131,
            0.0
          ],
          [
            0.003315538167953491,
            0.1184157207608223,
            0.9929585456848145,
            0.0
          ],
          [
            0.0,
            0.0,
            0.0,
            1.0
          ]
        ],
        "rotation_mode": "QUATERNION"
      },
      "armature_space": {
        "head": {
          "x": 0.35101673007011414,
          "y": -0.3521305322647095,
          "z": 0.03819126635789871
        },
        "tail": {
          "x": 0.37044036388397217,
          "y": -0.36783525347709656,
          "z": 0.02078494057059288
        }
      },
      "world_space": {
        "head": {
          "x": 0.35101673007011414,
          "y": -0.28888654708862305,
          "z": 0.9880452752113342
        },
        "tail": {
          "x": 0.37044036388397217,
          "y": -0.30459123849868774,
          "z": 0.9706389307975769
        },
        "rotation_quaternion": {
          "w": 0.36388319730758667,
          "x": 0.006684964522719383,
          "y": 0.3311617374420166,
          "z": -0.870560884475708
        },
        "matrix": [
          [
            -0.7350879907608032,
            0.6379928588867188,
            0.22937071323394775,
            0.35101673007011414
          ],
          [
            -0.6291387677192688,
            -0.5158413052558899,
            -0.5814569592475891,
            -0.28888654708862305
          ],
          [
            -0.25264862179756165,
            -0.5717323422431946,
            0.780579686164856,
            0.9880452752113342
          ],
          [
            0.0,
            0.0,
            0.0,
            1.0
          ]
        ]
      },
      "bone_length_armature_space": 0.030444966717313574,
      "parent": "thumb_02_l",
      "has_children": false,
      "is_end_bone": true
    },
    "metacarpal_index_l": {
      "name": "metacarpal_index_l",
      "local": {
        "location": {
          "x": 0.0,
          "y": 0.0,
          "z": 0.0
        },
        "rotation_quaternion": {
          "w": 0.998365044593811,
          "x": -0.05497429147362709,
          "y": -0.011330676265060902,
          "z": -0.01080072857439518
        },
        "scale": {
          "x": 1.0,
          "y": 1.0,
          "z": 1.0
        },
        "matrix_basis": [
          [
            0.9995099306106567,
            0.022811930626630783,
            -0.021436776965856552,
            0.0
          ],
          [
            -0.0203203484416008,
            0.9937223196029663,
            0.11001358181238174,
            0.0
          ],
          [
            0.0238118264824152,
            -0.10952406376600266,
            0.9936988949775696,
            0.0
          ],
          [
            0.0,
            0.0,
            0.0,
            1.0
          ]
        ],
        "rotation_mode": "QUATERNION"
      },
      "armature_space": {
        "head": {
          "x": 0.3769822120666504,
          "y": -0.32850754261016846,
          "z": 0.1368744671344757
        },
        "tail": {
          "x": 0.3797202408313751,
          "y": -0.394226998090744,
          "z": 0.03990635275840759
        }
      },
      "world_space": {
        "head": {
          "x": 0.3769822120666504,
          "y": -0.26526355743408203,
          "z": 1.0867284536361694
        },
        "tail": {
          "x": 0.3797202408313751,
          "y": -0.3309829831123352,
          "z": 0.9897603988647461
        },
        "rotation_quaternion": {
          "w": 0.41250166296958923,
          "x": -0.789230227470398,
          "y": -0.22226561605930328,
          "z": 0.39693325757980347
        },
        "matrix": [
          [
            0.5860845446586609,
            0.023367568850517273,
            -0.8099130392074585,
            0.3769822120666504
          ],
          [
            0.6783087849617004,
            -0.5608815550804138,
            0.47466790676116943,
            -0.26526355743408203
          ],
          [
            -0.44317570328712463,
            -0.8275725841522217,
            -0.344576358795166,
            1.0867284536361694
          ],
          [
            0.0,
            0.0,
            0.0,
            1.0
          ]
        ]
      },
      "bone_length_armature_space": 0.11717234604683714,
      "parent": "lowerarm_l",
      "has_children": true,
      "is_end_bone": false
    },
    "index_01_l": {
      "name": "index_01_l",
      "local": {
        "location": {
          "x": 0.0,
          "y": 0.0,
          "z": 0.0
        },
        "rotation_quaternion": {
          "w": 0.9987331032752991,
          "x": -0.04742198809981346,
          "y": 0.008537325076758862,
          "z": -0.01451053936034441
        },
        "scale": {
          "x": 1.0,
          "y": 1.0,
          "z": 1.0
        },
        "matrix_basis": [
          [
            0.9994331002235413,
            0.028174597769975662,
            0.018429255113005638,
            0.0
          ],
          [
            -0.029794026166200638,
            0.9950811862945557,
            0.09447605907917023,
            0.0
          ],
          [
            -0.01567678153514862,
            -0.09497158229351044,
            0.995356559753418,
            0.0
          ],
          [
            0.0,
            0.0,
            0.0,
            1.0
          ]
        ],
        "rotation_mode": "QUATERNION"
      },
      "armature_space": {
        "head": {
          "x": 0.3797202408313751,
          "y": -0.394226998090744,
          "z": 0.03990635275840759
        },
        "tail": {
          "x": 0.39163506031036377,
          "y": -0.40472060441970825,
          "z": 0.0162209402769804
        }
      },
      "world_space": {
        "head": {
          "x": 0.3797202408313751,
          "y": -0.3309829831123352,
          "z": 0.9897603988647461
        },
        "tail": {
          "x": 0.39163506031036377,
          "y": -0.3414766192436218,
          "z": 0.9660749435424805
        },
        "rotation_quaternion": {
          "w": 0.398153156042099,
          "x": -0.7856730222702026,
          "y": -0.39682286977767944,
          "z": 0.2583090364933014
        },
        "matrix": [
          [
            0.5516147613525391,
            0.41785353422164917,
            -0.721886396408081,
            0.3797202408313751
          ],
          [
            0.8292404413223267,
            -0.3680109977722168,
            0.4206290543079376,
            -0.3309829831123352
          ],
          [
            -0.08990058302879333,
            -0.8306483030319214,
            -0.5495046377182007,
            0.9897603988647461
          ],
          [
            0.0,
            0.0,
            0.0,
            1.0
          ]
        ]
      },
      "bone_length_armature_space": 0.02851451286688983,
      "parent": "metacarpal_index_l",
      "has_children": true,
      "is_end_bone": false
    },
    "index_02_l": {
      "name": "index_02_l",
      "local": {
        "location": {
          "x": 0.0,
          "y": 0.0,
          "z": 0.0
        },
        "rotation_quaternion": {
          "w": 0.9806582927703857,
          "x": 0.19561463594436646,
          "y": 0.004647039342671633,
          "z": -0.00476892851293087
        },
        "scale": {
          "x": 1.0,
          "y": 1.0,
          "z": 1.0
        },
        "matrix_basis": [
          [
            0.9999113082885742,
            0.011171436868607998,
            0.007248570676892996,
            0.0
          ],
          [
            -0.007535320706665516,
            0.9234243631362915,
            -0.38370653986930847,
            0.0
          ],
          [
            -0.010980059392750263,
            0.38361790776252747,
            0.923426628112793,
            0.0
          ],
          [
            0.0,
            0.0,
            0.0,
            1.0
          ]
        ],
        "rotation_mode": "QUATERNION"
      },
      "armature_space": {
        "head": {
          "x": 0.39163485169410706,
          "y": -0.40472081303596497,
          "z": 0.016220467165112495
        },
        "tail": {
          "x": 0.39537423849105835,
          "y": -0.4094482660293579,
          "z": -0.008714793249964714
        }
      },
      "world_space": {
        "head": {
          "x": 0.39163485169410706,
          "y": -0.34147679805755615,
          "z": 0.9660744667053223
        },
        "tail": {
          "x": 0.39537423849105835,
          "y": -0.3462042808532715,
          "z": 0.9411392211914062
        },
        "rotation_quaternion": {
          "w": 0.522898256778717,
          "x": -0.6886031031608582,
          "y": -0.36665481328964233,
          "z": 0.3434637784957886
        },
        "matrix": [
          [
            0.49519336223602295,
            0.1457664966583252,
            -0.8564672470092773,
            0.39163485169410706
          ],
          [
            0.8641530871391296,
            -0.18428322672843933,
            0.4682728946208954,
            -0.34147679805755615
          ],
          [
            -0.08957381546497345,
            -0.9720110893249512,
            -0.21722158789634705,
            0.9660744667053223
          ],
          [
            0.0,
            0.0,
            0.0,
            1.0
          ]
        ]
      },
      "bone_length_armature_space": 0.025653440621269747,
      "parent": "index_01_l",
      "has_children": true,
      "is_end_bone": false
    },
    "index_03_l": {
      "name": "index_03_l",
      "local": {
        "location": {
          "x": 0.0,
          "y": 0.0,
          "z": 0.0
        },
        "rotation_quaternion": {
          "w": 0.9763115048408508,
          "x": 0.2163373827934265,
          "y": -0.0024863630533218384,
          "z": 0.002815656363964081
        },
        "scale": {
          "x": 1.0,
          "y": 1.0,
          "z": 1.0
        },
        "matrix_basis": [
          [
            0.9999718070030212,
            -0.0065737017430365086,
            -0.003636666340753436,
            0.0
          ],
          [
            0.004422128666192293,
            0.9063804149627686,
            -0.4224393665790558,
            0.0
          ],
          [
            0.006073193158954382,
            0.42241135239601135,
            0.9063839316368103,
            0.0
          ],
          [
            0.0,
            0.0,
            0.0,
            1.0
          ]
        ],
        "rotation_mode": "QUATERNION"
      },
      "armature_space": {
        "head": {
          "x": 0.3953743577003479,
          "y": -0.4094483554363251,
          "z": -0.008714748546481133
        },
        "tail": {
          "x": 0.3880324959754944,
          "y": -0.4046114683151245,
          "z": -0.036579497158527374
        }
      },
      "world_space": {
        "head": {
          "x": 0.3953743577003479,
          "y": -0.34620434045791626,
          "z": 0.941139280796051
        },
        "tail": {
          "x": 0.3880324959754944,
          "y": -0.3413674831390381,
          "z": 0.9132745265960693
        },
        "rotation_quaternion": {
          "w": 0.7081552743911743,
          "x": -0.5179535150527954,
          "y": -0.2851085960865021,
          "z": 0.3859449625015259
        },
        "matrix": [
          [
            0.5395185351371765,
            -0.2512725591659546,
            -0.803605854511261,
            0.3953743577003479
          ],
          [
            0.8419645428657532,
            0.1655403971672058,
            0.5135099291801453,
            -0.34620434045791626
          ],
          [
            0.003999114036560059,
            -0.9536620378494263,
            0.30087709426879883,
            0.941139280796051
          ],
          [
            0.0,
            0.0,
            0.0,
            1.0
          ]
        ]
      },
      "bone_length_armature_space": 0.029218874475628667,
      "parent": "index_02_l",
      "has_children": false,
      "is_end_bone": true
    },
    "metacarpal_pinky_l": {
      "name": "metacarpal_pinky_l",
      "local": {
        "location": {
          "x": 0.0,
          "y": 0.0,
          "z": 0.0
        },
        "rotation_quaternion": {
          "w": 0.9998461604118347,
          "x": 0.016641991212964058,
          "y": -0.003861056175082922,
          "z": 0.003991865087300539
        },
        "scale": {
          "x": 1.0,
          "y": 1.0,
          "z": 1.0
        },
        "matrix_basis": [
          [
            0.9999383091926575,
            -0.0081110130995512,
            -0.007588059175759554,
            0.0
          ],
          [
            0.00785399042069912,
            0.9994142055511475,
            -0.0333096869289875,
            0.0
          ],
          [
            0.007853789255023003,
            0.03324803709983826,
            0.9994162917137146,
            0.0
          ],
          [
            0.0,
            0.0,
            0.0,
            1.0
          ]
        ],
        "rotation_mode": "QUATERNION"
      },
      "armature_space": {
        "head": {
          "x": 0.3769822120666504,
          "y": -0.32850754261016846,
          "z": 0.1368744671344757
        },
        "tail": {
          "x": 0.4300309419631958,
          "y": -0.365757554769516,
          "z": 0.055378563702106476
        }
      },
      "world_space": {
        "head": {
          "x": 0.3769822120666504,
          "y": -0.26526355743408203,
          "z": 1.0867284536361694
        },
        "tail": {
          "x": 0.4300309419631958,
          "y": -0.3025135397911072,
          "z": 1.005232572555542
        },
        "rotation_quaternion": {
          "w": 0.23952072858810425,
          "x": 0.11550585180521011,
          "y": 0.513583779335022,
          "z": -0.8157941102981567
        },
        "matrix": [
          [
            -0.8585762977600098,
            0.5094434022903442,
            0.05757174640893936,
            0.3769822120666504
          ],
          [
            -0.27215781807899475,
            -0.35772350430488586,
            -0.8932886123657227,
            -0.26526355743408203
          ],
          [
            -0.43448835611343384,
            -0.782630443572998,
            0.4457840025424957,
            1.0867284536361694
          ],
          [
            0.0,
            0.0,
            0.0,
            1.0
          ]
        ]
      },
      "bone_length_armature_space": 0.1041312305828763,
      "parent": "lowerarm_l",
      "has_children": true,
      "is_end_bone": false
    },
    "pinky_01_l": {
      "name": "pinky_01_l",
      "local": {
        "location": {
          "x": 0.0,
          "y": 0.0,
          "z": 0.0
        },
        "rotation_quaternion": {
          "w": 0.9993877410888672,
          "x": 0.029429305344820023,
          "y": -0.018206637352705002,
          "z": -0.005165949463844299
        },
        "scale": {
          "x": 1.0,
          "y": 1.0,
          "z": 1.0
        },
        "matrix_basis": [
          [
            0.9992836713790894,
            0.009253955446183681,
            -0.03669504076242447,
            0.0
          ],
          [
            -0.011397190392017365,
            0.9982144832611084,
            -0.05863446369767189,
            0.0
          ],
          [
            0.03608692064881325,
            0.05901068449020386,
            0.9976048469543457,
            0.0
          ],
          [
            0.0,
            0.0,
            0.0,
            1.0
          ]
        ],
        "rotation_mode": "QUATERNION"
      },
      "armature_space": {
        "head": {
          "x": 0.4300309419631958,
          "y": -0.365757554769516,
