{
  "metadata": {
    "armature_name": "KIM_caucasian_male",
    "export_time": "2026-01-13T21:01:19.817510",
    "blender_version": "4.4.1",
    "bone_count": 56,
    "end_bone_count": 13,
    "spaces_included": [
      "LOCAL_CHANNELS",
      "ARMATURE_SPACE",
      "WORLD_SPACE"
    ],
    "note": "LOCAL matches Transform panel; replay pose via local.matrix_basis for best fidelity."
  },
  "bones": {
    "Root": {
      "name": "Root",
      "local": {
        "location": {
          "x": 0.0,
          "y": 0.0,
          "z": 0.0
        },
        "rotation_quaternion": {
          "w": 0.9994491338729858,
          "x": -0.01811317354440689,
          "y": -0.013353909365832806,
          "z": -0.02439497783780098
        },
        "scale": {
          "x": 1.0,
          "y": 1.0,
          "z": 1.0
        },
        "matrix_basis": [
          [
            0.9984531402587891,
            0.04924684390425682,
            -0.02580936625599861,
            0.0
          ],
          [
            -0.04827931523323059,
            0.998153567314148,
            0.036857929080724716,
            0.0
          ],
          [
            0.02757684700191021,
            -0.035554856061935425,
            0.9989871978759766,
            0.0
          ],
          [
            0.0,
            0.0,
            0.0,
            1.0
          ]
        ],
        "rotation_mode": "QUATERNION"
      },
      "armature_space": {
        "head": {
          "x": 0.0,
          "y": 0.07072800397872925,
          "z": -0.009595036506652832
        },
        "tail": {
          "x": 0.0035150363110005856,
          "y": 0.000471748411655426,
          "z": 0.002497025765478611
        }
      },
      "world_space": {
        "head": {
          "x": 0.0,
          "y": 0.13397200405597687,
          "z": 0.9402589797973633
        },
        "tail": {
          "x": 0.0035150363110005856,
          "y": 0.06371574848890305,
          "z": 0.9523510336875916
        },
        "rotation_quaternion": {
          "w": 0.08540257066488266,
          "x": 0.9959583282470703,
          "y": 0.023439934477210045,
          "z": -0.014967015013098717
        },
        "matrix": [
          [
            0.9984531402587891,
            0.04924684390425682,
            -0.02580936625599861,
            0.0
          ],
          [
            0.04413394257426262,
            -0.9843138456344604,
            -0.17081691324710846,
            0.13397200405597687
          ],
          [
            -0.033816903829574585,
            0.16941386461257935,
            -0.9849717617034912,
            0.9402589797973633
          ],
          [
            0.0,
            0.0,
            0.0,
            1.0
          ]
        ]
      },
      "bone_length_armature_space": 0.07137587199703743,
      "parent": null,
      "has_children": true,
      "is_end_bone": false
    },
    "spine_01": {
      "name": "spine_01",
      "local": {
        "location": {
          "x": 0.0,
          "y": 0.0,
          "z": 0.0
        },
        "rotation_quaternion": {
          "w": 0.9952659606933594,
          "x": 0.06629526615142822,
          "y": 0.033745165914297104,
          "z": -0.0625448226928711
        },
        "scale": {
          "x": 1.0,
          "y": 1.0,
          "z": 1.0
        },
        "matrix_basis": [
          [
            0.9898988008499146,
            0.12897175550460815,
            0.05887797847390175,
            0.0
          ],
          [
            -0.12002317607402802,
            0.9833861589431763,
            -0.13618400692939758,
            0.0
          ],
          [
            -0.0754636824131012,
            0.12774167954921722,
            0.9889324307441711,
            0.0
          ],
          [
            0.0,
            0.0,
            0.0,
            1.0
          ]
        ],
        "rotation_mode": "QUATERNION"
      },
      "armature_space": {
        "head": {
          "x": 0.0035150363110005856,
          "y": 0.000471748411655426,
          "z": 0.002497025765478611
        },
        "tail": {
          "x": 0.08368930220603943,
          "y": -0.018706992268562317,
          "z": 0.4834883511066437
        }
      },
      "world_space": {
        "head": {
          "x": 0.0035150363110005856,
          "y": 0.06371574848890305,
          "z": 0.9523510336875916
        },
        "tail": {
          "x": 0.08368930220603943,
          "y": 0.0445370078086853,
          "z": 1.4333423376083374
        },
        "rotation_quaternion": {
          "w": 0.6865666508674622,
          "x": 0.720584511756897,
          "y": 0.09474054723978043,
          "z": -0.0202120840549469
        },
        "matrix": [
          [
            0.9812312722206116,
            0.164291113615036,
            0.10096342861652374,
            0.0035150363110005856
          ],
          [
            0.1087842583656311,
            -0.039300598204135895,
            -0.9932882189750671,
            0.06371574848890305
          ],
          [
            -0.15922150015830994,
            0.98563551902771,
            -0.05643656849861145,
            0.9523510336875916
          ],
          [
            0.0,
            0.0,
            0.0,
            1.0
          ]
        ]
      },
      "bone_length_armature_space": 0.48800450218945596,
      "parent": "Root",
      "has_children": true,
      "is_end_bone": false
    },
    "neck_01": {
      "name": "neck_01",
      "local": {
        "location": {
          "x": 0.0,
          "y": 0.0,
          "z": 0.0
        },
        "rotation_quaternion": {
          "w": 0.9949008226394653,
          "x": -0.02443995140492916,
          "y": -0.02498706802725792,
          "z": -0.0946083664894104
        },
        "scale": {
          "x": 1.0,
          "y": 1.0,
          "z": 1.0
        },
        "matrix_basis": [
          [
            0.9808498024940491,
            0.1894732415676117,
            -0.04509486258029938,
            0.0
          ],
          [
            -0.18703052401542664,
            0.9809038639068604,
            0.05335862562060356,
            0.0
          ],
          [
            0.054343756288290024,
            -0.0439026840031147,
            0.9975566864013672,
            0.0
          ],
          [
            0.0,
            0.0,
            0.0,
            1.0
          ]
        ],
        "rotation_mode": "QUATERNION"
      },
      "armature_space": {
        "head": {
          "x": 0.0992199033498764,
          "y": -0.056032195687294006,
          "z": 0.5536978244781494
        },
        "tail": {
          "x": 0.13728991150856018,
          "y": -0.09148413687944412,
          "z": 0.6420412659645081
        }
      },
      "world_space": {
        "head": {
          "x": 0.0992199033498764,
          "y": 0.007211804389953613,
          "z": 1.5035518407821655
        },
        "tail": {
          "x": 0.13728991150856018,
          "y": -0.028240136802196503,
          "z": 1.591895341873169
        },
        "rotation_quaternion": {
          "w": 0.5504719614982605,
          "x": 0.8131564259529114,
          "y": 0.1551777720451355,
          "z": -0.1080612912774086
        },
        "matrix": [
          [
            0.928485095500946,
            0.37133732438087463,
            -0.004897760227322578,
            0.0992199033498764
          ],
          [
            0.1333998143672943,
            -0.34580060839653015,
            -0.9287769794464111,
            0.007211804389953613
          ],
          [
            -0.3465854227542877,
            0.8617077469825745,
            -0.3706105351448059,
            1.5035518407821655
          ],
          [
            0.0,
            0.0,
            0.0,
            1.0
          ]
        ]
      },
      "bone_length_armature_space": 0.10252184836897192,
      "parent": "spine_01",
      "has_children": true,
      "is_end_bone": false
    },
    "head": {
      "name": "head",
      "local": {
        "location": {
          "x": 0.0,
          "y": 0.0,
          "z": 0.0
        },
        "rotation_quaternion": {
          "w": 0.9995517730712891,
          "x": 0.028730005025863647,
          "y": 0.00048413174226880074,
          "z": 0.008413465693593025
        },
        "scale": {
          "x": 1.0,
          "y": 1.0,
          "z": 1.0
        },
        "matrix_basis": [
          [
            0.9998579621315002,
            -0.01679157093167305,
            0.001451267278753221,
            0.0
          ],
          [
            0.01684720814228058,
            0.9982076287269592,
            -0.05742610991001129,
            0.0
          ],
          [
            -0.0004843916685786098,
            0.057442400604486465,
            0.9983487129211426,
            0.0
          ],
          [
            0.0,
            0.0,
            0.0,
            1.0
          ]
        ],
        "rotation_mode": "QUATERNION"
      },
      "armature_space": {
        "head": {
          "x": 0.1372898817062378,
          "y": -0.09148425608873367,
          "z": 0.6420411467552185
        },
        "tail": {
          "x": 0.18978390097618103,
          "y": -0.09860378503799438,
          "z": 0.7878045439720154
        }
      },
      "world_space": {
        "head": {
          "x": 0.1372898817062378,
          "y": -0.028240256011486053,
          "z": 1.5918951034545898
        },
        "tail": {
          "x": 0.18978390097618103,
          "y": -0.035359784960746765,
          "z": 1.7376585006713867
        },
        "rotation_quaternion": {
          "w": 0.6711107492446899,
          "x": 0.7190171480178833,
          "y": 0.16327086091041565,
          "z": -0.07724863290786743
        },
        "matrix": [
          [
            0.9347503185272217,
            0.3384741246700287,
            0.10806144028902054,
            0.1372898817062378
          ],
          [
            0.13110634684562683,
            -0.045905716717243195,
            -0.9903050661087036,
            -0.028240256011486053
          ],
          [
            -0.3302340805530548,
            0.9398619532585144,
            -0.08728805184364319,
            1.5918951034545898
          ],
          [
            0.0,
            0.0,
            0.0,
            1.0
          ]
        ]
      },
      "bone_length_armature_space": 0.15509119148749995,
      "parent": "neck_01",
      "has_children": false,
      "is_end_bone": true
    },
    "upperarm_l": {
      "name": "upperarm_l",
      "local": {
        "location": {
          "x": 0.0,
          "y": 0.0,
          "z": 0.0
        },
        "rotation_quaternion": {
          "w": 0.9545984268188477,
          "x": 0.08652995526790619,
          "y": 0.14251133799552917,
          "z": 0.24687010049819946
        },
        "scale": {
          "x": 1.0,
          "y": 1.0,
          "z": 1.0
        },
        "matrix_basis": [
          [
            0.8374913334846497,
            -0.4466606080532074,
            0.3148055076599121,
            0.0
          ],
          [
            0.49598661065101624,
            0.8631354570388794,
            -0.09483914077281952,
            0.0
          ],
          [
            -0.22935888171195984,
            0.23556628823280334,
            0.9444061517715454,
            0.0
          ],
          [
            0.0,
            0.0,
            0.0,
            1.0
          ]
        ],
        "rotation_mode": "QUATERNION"
      },
      "armature_space": {
        "head": {
          "x": 0.23568494617938995,
          "y": -0.040240973234176636,
          "z": 0.4633922874927521
        },
        "tail": {
          "x": 0.491791307926178,
          "y": -0.07546786218881607,
          "z": 0.5339351296424866
        }
      },
      "world_space": {
        "head": {
          "x": 0.23568494617938995,
          "y": 0.023003026843070984,
          "z": 1.4132462739944458
        },
        "tail": {
          "x": 0.491791307926178,
          "y": -0.012223862111568451,
          "z": 1.4837892055511475
        },
        "rotation_quaternion": {
          "w": 0.4438517689704895,
          "x": 0.6705256700515747,
          "y": 0.48709914088249207,
          "z": -0.3407718241214752
        },
        "matrix": [
          [
            0.2932168245315552,
            0.9557296633720398,
            -0.02459140121936798,
            0.23568494617938995
          ],
          [
            0.3507218658924103,
            -0.1314586102962494,
            -0.9272071123123169,
            0.023003026843070984
          ],
          [
            -0.8893978595733643,
            0.26324957609176636,
            -0.37374454736709595,
            1.4132462739944458
          ],
          [
            0.0,
            0.0,
            0.0,
            1.0
          ]
        ]
      },
      "bone_length_armature_space": 0.2679695966887235,
      "parent": "spine_01",
      "has_children": true,
      "is_end_bone": false
    },
    "lowerarm_l": {
      "name": "lowerarm_l",
      "local": {
        "location": {
          "x": 0.0,
          "y": 0.0,
          "z": 0.0
        },
        "rotation_quaternion": {
          "w": 0.9028348326683044,
          "x": 0.27536553144454956,
          "y": -0.1841735988855362,
          "z": 0.2741227447986603
        },
        "scale": {
          "x": 1.0,
          "y": 1.0,
          "z": 1.0
        },
        "matrix_basis": [
          [
            0.7818735837936401,
            -0.5964052677154541,
            -0.1815887689590454,
            0.0
          ],
          [
            0.393545001745224,
            0.6980611085891724,
            -0.5981915593147278,
            0.0
          ],
          [
            0.4835245907306671,
            0.39624685049057007,
            0.7805078029632568,
            0.0
          ],
          [
            0.0,
            0.0,
            0.0,
            1.0
          ]
        ],
        "rotation_mode": "QUATERNION"
      },
      "armature_space": {
        "head": {
          "x": 0.491791307926178,
          "y": -0.07546795904636383,
          "z": 0.5339352488517761
        },
        "tail": {
          "x": 0.5908970236778259,
          "y": -0.25725001096725464,
          "z": 0.7033549547195435
        }
      },
      "world_space": {
        "head": {
          "x": 0.491791307926178,
          "y": -0.012223958969116211,
          "z": 1.4837892055511475
        },
        "tail": {
          "x": 0.5908970236778259,
          "y": -0.19400601089000702,
          "z": 1.6532089710235596
        },
        "rotation_quaternion": {
          "w": 0.4002178907394409,
          "x": 0.7805952429771423,
          "y": -0.008819314651191235,
          "z": -0.48001980781555176
        },
        "matrix": [
          [
            0.5390076041221619,
            0.3704548478126526,
            -0.7564613819122314,
            0.491791307926178
          ],
          [
            -0.39799290895462036,
            -0.6794968843460083,
            -0.6163488626480103,
            -0.012223958969116211
          ],
          [
            -0.7423481345176697,
            0.6332866549491882,
            -0.21881748735904694,
            1.4837892055511475
          ],
          [
            0.0,
            0.0,
            0.0,
            1.0
          ]
        ]
      },
      "bone_length_armature_space": 0.2675251299176232,
      "parent": "upperarm_l",
      "has_children": true,
      "is_end_bone": false
    },
    "metacarpal_thumb_l": {
      "name": "metacarpal_thumb_l",
      "local": {
        "location": {
          "x": 0.0,
          "y": 0.0,
          "z": 0.0
        },
        "rotation_quaternion": {
          "w": 0.9998788237571716,
          "x": -0.01014748401939869,
          "y": -0.007086176425218582,
          "z": -0.00944721233099699
        },
        "scale": {
          "x": 1.0,
          "y": 1.0,
          "z": 1.0
        },
        "matrix_basis": [
          [
            0.9997210502624512,
            0.01903594844043255,
            -0.01397890504449606,
            0.0
          ],
          [
            -0.018748320639133453,
            0.9996155500411987,
            0.020426398143172264,
            0.0
          ],
          [
            0.014362365938723087,
            -0.020158618688583374,
            0.9996936321258545,
            0.0
          ],
          [
            0.0,
            0.0,
            0.0,
            1.0
          ]
        ],
        "rotation_mode": "QUATERNION"
      },
      "armature_space": {
        "head": {
          "x": 0.5908970236778259,
          "y": -0.25725001096725464,
          "z": 0.7033549547195435
        },
        "tail": {
          "x": 0.5885158777236938,
          "y": -0.30500534176826477,
          "z": 0.716291069984436
        }
      },
      "world_space": {
        "head": {
          "x": 0.5908970236778259,
          "y": -0.19400601089000702,
          "z": 1.6532089710235596
        },
        "tail": {
          "x": 0.5885158777236938,
          "y": -0.24176134169101715,
          "z": 1.6661450862884521
        },
        "rotation_quaternion": {
          "w": 0.13360595703125,
          "x": 0.958497166633606,
          "y": 0.01000287290662527,
          "z": 0.2516597509384155
        },
        "matrix": [
          [
            0.8731345534324646,
            -0.048071034252643585,
            0.4851030707359314,
            0.5908970236778259
          ],
          [
            0.08642205595970154,
            -0.9640986323356628,
            -0.2510874569416046,
            -0.19400601089000702
          ],
          [
            0.47976064682006836,
            0.2611576020717621,
            -0.8376396894454956,
            1.6532089710235596
          ],
          [
            0.0,
            0.0,
            0.0,
            1.0
          ]
        ]
      },
      "bone_length_armature_space": 0.04953367206531163,
      "parent": "lowerarm_l",
      "has_children": true,
      "is_end_bone": false
    },
    "thumb_01_l": {
      "name": "thumb_01_l",
      "local": {
        "location": {
          "x": 0.0,
          "y": 0.0,
          "z": 0.0
        },
        "rotation_quaternion": {
          "w": 0.9964629411697388,
          "x": -0.08381083607673645,
          "y": 2.6548397727310658e-05,
          "z": 0.006117922719568014
        },
        "scale": {
          "x": 1.0,
          "y": 1.0,
          "z": 1.0
        },
        "matrix_basis": [
          [
            0.9999251365661621,
            -0.01219701673835516,
            -0.0009725874406285584,
            0.0
          ],
          [
            0.01218811608850956,
            0.9858766198158264,
            0.16702911257743835,
            0.0
          ],
          [
            -0.0010784054175019264,
            -0.16702845692634583,
            0.9859514832496643,
            0.0
          ],
          [
            0.0,
            0.0,
            0.0,
            1.0
          ]
        ],
        "rotation_mode": "QUATERNION"
      },
      "armature_space": {
        "head": {
          "x": 0.5885158777236938,
          "y": -0.30500534176826477,
          "z": 0.716291069984436
        },
        "tail": {
          "x": 0.5909759402275085,
          "y": -0.33263498544692993,
          "z": 0.6965634226799011
        }
      },
      "world_space": {
        "head": {
          "x": 0.5885158777236938,
          "y": -0.24176134169101715,
          "z": 1.6661450862884521
        },
        "tail": {
          "x": 0.5909759402275085,
          "y": -0.2693910002708435,
          "z": 1.6464173793792725
        },
        "rotation_quaternion": {
          "w": 0.20068815350532532,
          "x": -0.5286588072776794,
          "y": 0.23209145665168762,
          "z": -0.7914402484893799
        },
        "matrix": [
          [
            -0.360488623380661,
            0.07227349281311035,
            0.929959237575531,
            0.5885158777236938
          ],
          [
            -0.5630596280097961,
            -0.8117160201072693,
            -0.15518006682395935,
            -0.24176134169101715
          ],
          [
            0.7436521649360657,
            -0.579568088054657,
            0.3333108127117157,
            1.6661450862884521
          ],
          [
            0.0,
            0.0,
            0.0,
            1.0
          ]
        ]
      },
      "bone_length_armature_space": 0.034038642222704266,
      "parent": "metacarpal_thumb_l",
      "has_children": true,
      "is_end_bone": false
    },
    "thumb_02_l": {
      "name": "thumb_02_l",
      "local": {
        "location": {
          "x": 0.0,
          "y": 0.0,
          "z": 0.0
        },
        "rotation_quaternion": {
          "w": 0.9953373074531555,
          "x": 0.09629876911640167,
          "y": 0.00339686032384634,
          "z": -0.0043293992057442665
        },
        "scale": {
          "x": 1.0,
          "y": 1.0,
          "z": 1.0
        },
        "matrix_basis": [
          [
            0.9999394416809082,
            0.009272651746869087,
            0.005928211845457554,
            0.0
          ],
          [
            -0.007964198477566242,
            0.9814156293869019,
            -0.19172893464565277,
            0.0
          ],
          [
            -0.007595875300467014,
            0.19167010486125946,
            0.9814299941062927,
            0.0
          ],
          [
            0.0,
            0.0,
            0.0,
            1.0
          ]
        ],
        "rotation_mode": "QUATERNION"
      },
      "armature_space": {
        "head": {
          "x": 0.5909759402275085,
          "y": -0.33263495564460754,
          "z": 0.6965633630752563
        },
        "tail": {
          "x": 0.6069085597991943,
          "y": -0.3623267710208893,
          "z": 0.7184204459190369
        }
      },
      "world_space": {
        "head": {
          "x": 0.5909759402275085,
          "y": -0.26939094066619873,
          "z": 1.6464173793792725
        },
        "tail": {
          "x": 0.6069085597991943,
          "y": -0.29908275604248047,
          "z": 1.6682744026184082
        },
        "rotation_quaternion": {
          "w": 0.16697317361831665,
          "x": -0.13856911659240723,
          "y": -0.3201424181461334,
          "z": -0.9221862554550171
        },
        "matrix": [
          [
            -0.9058370590209961,
            0.3966846466064453,
            0.14866170287132263,
            0.5909759402275085
          ],
          [
            -0.2192375808954239,
            -0.7392571568489075,
            0.6367366313934326,
            -0.26939094066619873
          ],
          [
            0.3624853193759918,
            0.5441905856132507,
            0.7566205859184265,
            1.6464173793792725
          ],
          [
            0.0,
            0.0,
            0.0,
            1.0
          ]
        ]
      },
      "bone_length_armature_space": 0.040164466186213235,
      "parent": "thumb_01_l",
      "has_children": true,
      "is_end_bone": false
    },
    "thumb_03_l": {
      "name": "thumb_03_l",
      "local": {
        "location": {
          "x": 0.0,
          "y": 0.0,
          "z": 0.0
        },
        "rotation_quaternion": {
          "w": 0.9987671375274658,
          "x": 0.04916629195213318,
          "y": -0.0012202004436403513,
          "z": 0.0067444234155118465
        },
        "scale": {
          "x": 1.0,
          "y": 1.0,
          "z": 1.0
        },
        "matrix_basis": [
          [
            0.999906063079834,
            -0.013592202216386795,
            -0.0017741955816745758,
            0.0
          ],
          [
            0.013352231122553349,
            0.9950743913650513,
            -0.09822781383991241,
            0.0
          ],
          [
            0.003100588684901595,
            0.0981948971748352,
            0.9951623678207397,
            0.0
          ],
          [
            0.0,
            0.0,
            0.0,
            1.0
          ]
        ],
        "rotation_mode": "QUATERNION"
      },
      "armature_space": {
        "head": {
          "x": 0.6069085001945496,
          "y": -0.36232680082321167,
          "z": 0.7184203863143921
        },
        "tail": {
          "x": 0.6234021186828613,
          "y": -0.3751559853553772,
          "z": 0.740562379360199
        }
      },
      "world_space": {
        "head": {
          "x": 0.6069085001945496,
          "y": -0.29908281564712524,
          "z": 1.6682744026184082
        },
        "tail": {
          "x": 0.6234021186828613,
          "y": -0.31191200017929077,
          "z": 1.6904163360595703
        },
        "rotation_quaternion": {
          "w": 0.33944249153137207,
          "x": 0.03600231930613518,
          "y": -0.41723260283470154,
          "z": -0.8422586917877197
        },
        "matrix": [
          [
            -0.766964316368103,
            0.5417542457580566,
            -0.3439010977745056,
            0.6069085001945496
          ],
          [
            -0.601840615272522,
            -0.421390563249588,
            0.6783934235572815,
            -0.29908281564712524
          ],
          [
            0.22260700166225433,
            0.727281928062439,
            0.6492464542388916,
            1.6682744026184082
          ],
          [
            0.0,
            0.0,
            0.0,
            1.0
          ]
        ]
      },
      "bone_length_armature_space": 0.030444955245925394,
      "parent": "thumb_02_l",
      "has_children": false,
      "is_end_bone": true
    },
    "metacarpal_index_l": {
      "name": "metacarpal_index_l",
      "local": {
        "location": {
          "x": 0.0,
          "y": 0.0,
          "z": 0.0
        },
        "rotation_quaternion": {
          "w": 0.9980520009994507,
          "x": -0.06112860515713692,
          "y": 0.012432334013283253,
          "z": -0.0010347709758207202
        },
        "scale": {
          "x": 1.0,
          "y": 1.0,
          "z": 1.0
        },
        "matrix_basis": [
          [
            0.9996887445449829,
            0.0005455680075101554,
            0.02494274079799652,
            0.0
          ],
          [
            -0.003585452912375331,
            0.9925244450569153,
            0.12199332565069199,
            0.0
          ],
          [
            -0.024689722806215286,
            -0.12204477936029434,
            0.992217481136322,
            0.0
          ],
          [
            0.0,
            0.0,
            0.0,
            1.0
          ]
        ],
        "rotation_mode": "QUATERNION"
      },
      "armature_space": {
        "head": {
          "x": 0.5908970236778259,
          "y": -0.25725001096725464,
          "z": 0.7033549547195435
        },
        "tail": {
          "x": 0.6090460419654846,
          "y": -0.3493081331253052,
          "z": 0.7735346555709839
        }
      },
      "world_space": {
        "head": {
          "x": 0.5908970236778259,
          "y": -0.19400601089000702,
          "z": 1.6532089710235596
        },
        "tail": {
          "x": 0.6090460419654846,
          "y": -0.28606414794921875,
          "z": 1.723388671875
        },
        "rotation_quaternion": {
          "w": 0.31943702697753906,
          "x": 0.9443975687026978,
          "y": 0.07159412652254105,
          "z": -0.030782252550125122
        },
        "matrix": [
          [
            0.9878533482551575,
            0.15489263832569122,
            -0.012401256710290909,
            0.5908970236778259
          ],
          [
            0.11556092649698257,
            -0.7856683135032654,
            -0.6077591776847839,
            -0.19400601089000702
          ],
          [
            -0.10388153791427612,
            0.5989472270011902,
            -0.7940307855606079,
            1.6532089710235596
          ],
          [
            0.0,
            0.0,
            0.0,
            1.0
          ]
        ]
      },
      "bone_length_armature_space": 0.11717199158371809,
      "parent": "lowerarm_l",
      "has_children": true,
      "is_end_bone": false
    },
    "index_01_l": {
      "name": "index_01_l",
      "local": {
        "location": {
          "x": 0.0,
          "y": 0.0,
          "z": 0.0
        },
        "rotation_quaternion": {
          "w": 0.9924979209899902,
          "x": -0.1204412430524826,
          "y": 0.017474601045250893,
          "z": -0.011687605641782284
        },
        "scale": {
          "x": 1.0,
          "y": 1.0,
          "z": 1.0
        },
        "matrix_basis": [
          [
            0.999116063117981,
            0.018990524113178253,
            0.03750234842300415,
            0.0
          ],
          [
            -0.027409173548221588,
            0.9707146286964417,
            0.23866689205169678,
            0.0
          ],
          [
            -0.031871672719717026,
            -0.23948383331298828,
            0.9703770875930786,
            0.0
          ],
          [
            0.0,
            0.0,
            0.0,
            1.0
          ]
        ],
        "rotation_mode": "QUATERNION"
      },
      "armature_space": {
        "head": {
          "x": 0.6090460419654846,
          "y": -0.3493081331253052,
          "z": 0.7735346555709839
        },
        "tail": {
          "x": 0.6225318312644958,
          "y": -0.3612525165081024,
          "z": 0.7956376075744629
        }
      },
      "world_space": {
        "head": {
          "x": 0.6090460419654846,
          "y": -0.28606414794921875,
          "z": 1.723388671875
        },
        "tail": {
          "x": 0.6225318312644958,
          "y": -0.2980085015296936,
          "z": 1.745491623878479
        },
        "rotation_quaternion": {
          "w": 0.46814683079719543,
          "x": 0.8419265747070312,
          "y": 0.2671954929828644,
          "z": -0.024596339091658592
        },
        "matrix": [
          [
            0.8560024499893188,
            0.47294753789901733,
            0.20875853300094604,
            0.6090460419654846
          ],
          [
            0.426890105009079,
            -0.4188896417617798,
            -0.8014340400695801,
            -0.28606414794921875
          ],
          [
            -0.2915912866592407,
            0.7751514911651611,
            -0.5604718923568726,
            1.723388671875
          ],
          [
            0.0,
            0.0,
            0.0,
            1.0
          ]
        ]
      },
      "bone_length_armature_space": 0.028514475740093134,
      "parent": "metacarpal_index_l",
      "has_children": true,
      "is_end_bone": false
    },
    "index_02_l": {
      "name": "index_02_l",
      "local": {
        "location": {
          "x": 0.0,
          "y": 0.0,
          "z": 0.0
        },
        "rotation_quaternion": {
          "w": 0.9991063475608826,
          "x": 0.042073946446180344,
          "y": 0.0037982813082635403,
          "z": -0.0014349082484841347
        },
        "scale": {
          "x": 1.0,
          "y": 1.0,
          "z": 1.0
        },
        "matrix_basis": [
          [
            0.9999670386314392,
            0.003186869202181697,
            0.0074690296314656734,
            0.0
          ],
          [
            -0.002547634532675147,
            0.9964554309844971,
            -0.08408359438180923,
            0.0
          ],
          [
            -0.007710518315434456,
            0.08406179398298264,
            0.9964306950569153,
            0.0
          ],
          [
            0.0,
            0.0,
            0.0,
            1.0
          ]
        ],
        "rotation_mode": "QUATERNION"
      },
      "armature_space": {
        "head": {
          "x": 0.6225318908691406,
          "y": -0.361253023147583,
          "z": 0.7956377863883972
        },
        "tail": {
          "x": 0.635540783405304,
          "y": -0.3726865351200104,
          "z": 0.8145623207092285
        }
      },
      "world_space": {
        "head": {
          "x": 0.6225318908691406,
          "y": -0.2980090379714966,
          "z": 1.7454917430877686
        },
        "tail": {
          "x": 0.635540783405304,
          "y": -0.30944252014160156,
          "z": 1.7644163370132446
        },
        "rotation_quaternion": {
          "w": 0.4547542631626129,
          "x": 0.8478643894195557,
          "y": 0.2652372717857361,
          "z": -0.06303715705871582
        },
        "matrix": [
          [
            0.8513504266738892,
            0.5071035623550415,
            0.1343434751033783,
            0.6225318908691406
          ],
          [
            0.3924392759799957,
            -0.4456946849822998,
            -0.8045793175697327,
            -0.2980090379714966
          ],
          [
            -0.3481311500072479,
            0.7377051711082458,
            -0.5784545540809631,
            1.7454917430877686
          ],
          [
            0.0,
            0.0,
            0.0,
            1.0
          ]
        ]
      },
      "bone_length_armature_space": 0.025653352130110822,
      "parent": "index_01_l",
      "has_children": true,
      "is_end_bone": false
    },
    "index_03_l": {
      "name": "index_03_l",
      "local": {
        "location": {
          "x": 0.0,
          "y": 0.0,
          "z": 0.0
        },
        "rotation_quaternion": {
          "w": 0.9979208707809448,
          "x": 0.06440459936857224,
          "y": 0.0022423933260142803,
          "z": -0.000983280362561345
        },
        "scale": {
          "x": 1.0,
          "y": 1.0,
          "z": 1.0
        },
        "matrix_basis": [
          [
            0.9999880194664001,
            0.0022513128351420164,
            0.004348806571215391,
            0.0
          ],
          [
            -0.0016736311372369528,
            0.991702139377594,
            -0.12854579091072083,
            0.0
          ],
          [
            -0.00460211792960763,
            0.12853698432445526,
            0.9916940331459045,
            0.0
          ],
          [
            0.0,
            0.0,
            0.0,
            1.0
          ]
        ],
        "rotation_mode": "QUATERNION"
      },
      "armature_space": {
        "head": {
          "x": 0.6355407238006592,
          "y": -0.3726864457130432,
          "z": 0.8145623803138733
        },
        "tail": {
          "x": 0.6532860994338989,
          "y": -0.3892310559749603,
          "z": 0.8308446407318115
        }
      },
      "world_space": {
        "head": {
          "x": 0.6355407238006592,
          "y": -0.3094424605369568,
          "z": 1.7644164562225342
        },
        "tail": {
          "x": 0.6532860994338989,
          "y": -0.3259870409965515,
          "z": 1.7806986570358276
        },
        "rotation_quaternion": {
          "w": 0.34577298164367676,
          "x": 0.8810054063796997,
          "y": 0.3119673430919647,
          "z": -0.08334888517856598
        },
        "matrix": [
          [
            0.7914583086967468,
            0.6073295474052429,
            0.06887973099946976,
            0.6355407238006592
          ],
          [
            0.4920513331890106,
            -0.5662340521812439,
            -0.6612598896026611,
            -0.3094424605369568
          ],
          [
            -0.36260291934013367,
            0.5572551488876343,
            -0.7469936609268188,
            1.7644164562225342
          ],
          [
            0.0,
            0.0,
            0.0,
            1.0
          ]
        ]
      },
      "bone_length_armature_space": 0.029218734902012083,
      "parent": "index_02_l",
      "has_children": false,
      "is_end_bone": true
    },
    "metacarpal_pinky_l": {
      "name": "metacarpal_pinky_l",
      "local": {
        "location": {
          "x": 0.0,
          "y": 0.0,
          "z": 0.0
        },
        "rotation_quaternion": {
          "w": 0.9988531470298767,
          "x": 0.04716602712869644,
          "y": 0.004208602476865053,
          "z": -0.007079227827489376
        },
        "scale": {
          "x": 1.0,
          "y": 1.0,
          "z": 1.0
        },
        "matrix_basis": [
          [
            0.9998643398284912,
            0.014539224095642567,
            0.00773975346237421,
            0.0
          ],
          [
            -0.013745211996138096,
            0.995450496673584,
            -0.09428345412015915,
            0.0
          ],
          [
            -0.009075350128114223,
            0.09416428208351135,
            0.9955152869224548,
            0.0
          ],
          [
            0.0,
            0.0,
            0.0,
            1.0
          ]
        ],
        "rotation_mode": "QUATERNION"
      },
      "armature_space": {
        "head": {
          "x": 0.5908970236778259,
          "y": -0.25725001096725464,
          "z": 0.7033549547195435
        },
        "tail": {
          "x": 0.64426189661026,
          "y": -0.30484557151794434,
          "z": 0.7790526151657104
        }
      },
      "world_space": {
        "head": {
          "x": 0.5908970236778259,
          "y": -0.19400601089000702,
          "z": 1.6532089710235596
        },
        "tail": {
          "x": 0.64426189661026,
          "y": -0.24160157144069672,
          "z": 1.7289066314697266
        },
        "rotation_quaternion": {
          "w": 0.4317323863506317,
          "x": 0.3027540147304535,
          "y": -0.2916663885116577,
          "z": -0.798046350479126
        },
        "matrix": [
          [
            -0.4438928961753845,
            0.5124796032905579,
            -0.7350670695304871,
            0.5908970236778259
          ],
          [
            -0.8656919598579407,
            -0.4570750594139099,
            0.20410776138305664,
            -0.19400601089000702
          ],
          [
            -0.23138201236724854,
            0.7269482016563416,
            0.6465466022491455,
            1.6532089710235596
          ],
          [
            0.0,
            0.0,
            0.0,
            1.0
          ]
        ]
      },
      "bone_length_armature_space": 0.1041310846880275,
      "parent": "lowerarm_l",
      "has_children": true,
      "is_end_bone": false
    },
    "pinky_01_l": {
      "name": "pinky_01_l",
      "local": {
        "location": {
          "x": 0.0,
          "y": 0.0,
          "z": 0.0
        },
        "rotation_quaternion": {
          "w": 0.9943406581878662,
          "x": -0.10598458349704742,
          "y": 0.005269940942525864,
          "z": 0.005134426057338715
        },
        "scale": {
          "x": 1.0,
          "y": 1.0,
          "z": 1.0
        },
        "matrix_basis": [
          [
            0.9998917579650879,
            -0.011327802203595638,
            0.009391892701387405,
            0.0
          ],
          [
            0.009093672037124634,
            0.9774817824363708,
            0.2108236700296402,
            0.0
          ],
          [
            -0.01156857330352068,
            -0.21071544289588928,
            0.9774789810180664,
            0.0
          ],
          [
            0.0,
            0.0,
            0.0,
            1.0
          ]
        ],
        "rotation_mode": "QUATERNION"
      },
      "armature_space": {
        "head": {
          "x": 0.64426189661026,
          "y": -0.30484557151794434,
          "z": 0.7790526151657104
        },
        "tail": {
          "x": 0.6511852741241455,
