{
  "metadata": {
    "armature_name": "KIM_caucasian_male",
    "export_time": "2026-01-13T21:15:52.388055",
    "blender_version": "4.4.1",
    "bone_count": 56,
    "end_bone_count": 13,
    "spaces_included": [
      "LOCAL_CHANNELS",
      "ARMATURE_SPACE",
      "WORLD_SPACE"
    ],
    "note": "LOCAL matches Transform panel; replay pose via local.matrix_basis for best fidelity."
  },
  "bones": {
    "Root": {
      "name": "Root",
      "local": {
        "location": {
          "x": 0.0,
          "y": 0.0,
          "z": 0.0
        },
        "rotation_quaternion": {
          "w": 0.9998236894607544,
          "x": -0.012042422778904438,
          "y": -0.014131101779639721,
          "z": -0.0028258294332772493
        },
        "scale": {
          "x": 1.0,
          "y": 1.0,
          "z": 1.0
        },
        "matrix_basis": [
          [
            0.9995846748352051,
            0.005991007667034864,
            -0.0281891617923975,
            0.0
          ],
          [
            -0.005310317035764456,
            0.9996939897537231,
            0.024160463362932205,
            0.0
          ],
          [
            0.028325280174613,
            -0.024000734090805054,
            0.9993106126785278,
            0.0
          ],
          [
            0.0,
            0.0,
            0.0,
            1.0
          ]
        ],
        "rotation_mode": "QUATERNION"
      },
      "armature_space": {
        "head": {
          "x": 0.0,
          "y": 0.07072800397872925,
          "z": -0.009595036506652832
        },
        "tail": {
          "x": 0.000427613384090364,
          "y": 0.0002519339323043823,
          "z": 0.0016945991665124893
        }
      },
      "world_space": {
        "head": {
          "x": 0.0,
          "y": 0.13397200405597687,
          "z": 0.9402589797973633
        },
        "tail": {
          "x": 0.000427613384090364,
          "y": 0.063495934009552,
          "z": 0.9515486359596252
        },
        "rotation_quaternion": {
          "w": 0.07937084138393402,
          "x": 0.996740996837616,
          "y": 0.0018674272578209639,
          "z": -0.0142893698066473
        },
        "matrix": [
          [
            0.9995846748352051,
            0.005991007667034864,
            -0.0281891617923975,
            0.0
          ],
          [
            0.0014543572906404734,
            -0.9873935580253601,
            -0.1582781821489334,
            0.13397200405597687
          ],
          [
            -0.02878223918378353,
            0.158171609044075,
            -0.9869992136955261,
            0.9402589797973633
          ],
          [
            0.0,
            0.0,
            0.0,
            1.0
          ]
        ]
      },
      "bone_length_armature_space": 0.07137587265466096,
      "parent": null,
      "has_children": true,
      "is_end_bone": false
    },
    "spine_01": {
      "name": "spine_01",
      "local": {
        "location": {
          "x": 0.0,
          "y": 0.0,
          "z": 0.0
        },
        "rotation_quaternion": {
          "w": 0.9979594945907593,
          "x": 0.016809893772006035,
          "y": -0.052649833261966705,
          "z": -0.03197471424937248
        },
        "scale": {
          "x": 1.0,
          "y": 1.0,
          "z": 1.0
        },
        "matrix_basis": [
          [
            0.992411196231842,
            0.062048863619565964,
            -0.10615978389978409,
            0.0
          ],
          [
            -0.06558901816606522,
            0.99739009141922,
            -0.03018425963819027,
            0.0
          ],
          [
            0.10400982201099396,
            0.03691811114549637,
            0.9938908219337463,
            0.0
          ],
          [
            0.0,
            0.0,
            0.0,
            1.0
          ]
        ],
        "rotation_mode": "QUATERNION"
      },
      "armature_space": {
        "head": {
          "x": 0.000427613384090364,
          "y": 0.0002519339323043823,
          "z": 0.0016945991665124893
        },
        "tail": {
          "x": 0.04468156769871712,
          "y": 0.01678769290447235,
          "z": 0.4874071776866913
        }
      },
      "world_space": {
        "head": {
          "x": 0.000427613384090364,
          "y": 0.063495934009552,
          "z": 0.9515486359596252
        },
        "tail": {
          "x": 0.04468156769871712,
          "y": 0.08003169298171997,
          "z": 1.4372612237930298
        },
        "rotation_quaternion": {
          "w": 0.7189628481864929,
          "x": 0.6916178464889526,
          "y": -0.0058791800402104855,
          "z": -0.06872150301933289
        },
        "matrix": [
          [
            0.9904855489730835,
            0.09068410098552704,
            -0.1035124659538269,
            0.000427613384090364
          ],
          [
            -0.10694936662912369,
            0.03388466686010361,
            -0.9936869144439697,
            0.063495934009552
          ],
          [
            -0.08660482615232468,
            0.9953101873397827,
            0.043260253965854645,
            0.9515486359596252
          ],
          [
            0.0,
            0.0,
            0.0,
            1.0
          ]
        ]
      },
      "bone_length_armature_space": 0.4880046746936323,
      "parent": "Root",
      "has_children": true,
      "is_end_bone": false
    },
    "neck_01": {
      "name": "neck_01",
      "local": {
        "location": {
          "x": 0.0,
          "y": 0.0,
          "z": 0.0
        },
        "rotation_quaternion": {
          "w": 0.9948384165763855,
          "x": -0.04585937783122063,
          "y": -0.05793120712041855,
          "z": -0.06955193728208542
        },
        "scale": {
          "x": 1.0,
          "y": 1.0,
          "z": 1.0
        },
        "matrix_basis": [
          [
            0.9836130142211914,
            0.1436992585659027,
            -0.10888516157865524,
            0.0
          ],
          [
            -0.13307249546051025,
            0.9861189126968384,
            0.09930379688739777,
            0.0
          ],
          [
            0.12164359539747238,
            -0.08318688720464706,
            0.9890817999839783,
            0.0
          ],
          [
            0.0,
            0.0,
            0.0,
            1.0
          ]
        ],
        "rotation_mode": "QUATERNION"
      },
      "armature_space": {
        "head": {
          "x": 0.04773145541548729,
          "y": -0.015192825347185135,
          "z": 0.5617825388908386
        },
        "tail": {
          "x": 0.06795032322406769,
          "y": -0.043840955942869186,
          "z": 0.6581217050552368
        }
      },
      "world_space": {
        "head": {
          "x": 0.04773145541548729,
          "y": 0.048051174730062485,
          "z": 1.51163649559021
        },
        "tail": {
          "x": 0.06795032322406769,
          "y": 0.019403044134378433,
          "z": 1.607975721359253
        },
        "rotation_quaternion": {
          "w": 0.6001898050308228,
          "x": 0.7847278714179993,
          "y": 0.007368163205683231,
          "z": -0.15466126799583435
        },
        "matrix": [
          [
            0.9520515203475952,
            0.1972162127494812,
            -0.23388823866844177,
            0.04773145541548729
          ],
          [
            -0.17408710718154907,
            -0.27943578362464905,
            -0.9442508220672607,
            0.048051174730062485
          ],
          [
            -0.25158020853996277,
            0.9396985769271851,
            -0.23170697689056396,
            1.51163649559021
          ],
          [
            0.0,
            0.0,
            0.0,
            1.0
          ]
        ]
      },
      "bone_length_armature_space": 0.10252196263032613,
      "parent": "spine_01",
      "has_children": true,
      "is_end_bone": false
    },
    "head": {
      "name": "head",
      "local": {
        "location": {
          "x": 0.0,
          "y": 0.0,
          "z": 0.0
        },
        "rotation_quaternion": {
          "w": 0.9822053909301758,
          "x": -0.13238821923732758,
          "y": -0.04882807284593582,
          "z": 0.12394265830516815
        },
        "scale": {
          "x": 1.0,
          "y": 1.0,
          "z": 1.0
        },
        "matrix_basis": [
          [
            0.964508056640625,
            -0.230545774102211,
            -0.1287354826927185,
            0.0
          ],
          [
            0.2564028203487396,
            0.9342231750488281,
            0.24796108901500702,
            0.0
          ],
          [
            0.06310129910707474,
            -0.2721686065196991,
            0.9601783752441406,
            0.0
          ],
          [
            0.0,
            0.0,
            0.0,
            1.0
          ]
        ],
        "rotation_mode": "QUATERNION"
      },
      "armature_space": {
        "head": {
          "x": 0.06795027107000351,
          "y": -0.043841082602739334,
          "z": 0.6581215858459473
        },
        "tail": {
          "x": 0.07904139161109924,
          "y": 0.015615254640579224,
          "z": 0.8009334206581116
        }
      },
      "world_space": {
        "head": {
          "x": 0.06795027107000351,
          "y": 0.019402917474508286,
          "z": 1.6079756021499634
        },
        "tail": {
          "x": 0.07904139161109924,
          "y": 0.07885925471782684,
          "z": 1.7507874965667725
        },
        "rotation_quaternion": {
          "w": 0.8292124271392822,
          "x": 0.5486513376235962,
          "y": -0.06394945830106735,
          "z": -0.08543391525745392
        },
        "matrix": [
          [
            0.9772229790687561,
            0.07151399552822113,
            -0.199802428483963,
            0.06795027107000351
          ],
          [
            -0.21185792982578278,
            0.3833661377429962,
            -0.8989699482917786,
            0.019402917474508286
          ],
          [
            0.012308475561439991,
            0.9208306074142456,
            0.38978689908981323,
            1.6079756021499634
          ],
          [
            0.0,
            0.0,
            0.0,
            1.0
          ]
        ]
      },
      "bone_length_armature_space": 0.15509122574648918,
      "parent": "neck_01",
      "has_children": false,
      "is_end_bone": true
    },
    "upperarm_l": {
      "name": "upperarm_l",
      "local": {
        "location": {
          "x": 0.0,
          "y": 0.0,
          "z": 0.0
        },
        "rotation_quaternion": {
          "w": 0.9888392090797424,
          "x": 0.06588645279407501,
          "y": 0.115848608314991,
          "z": 0.06659732758998871
        },
        "scale": {
          "x": 1.0,
          "y": 1.0,
          "z": 1.0
        },
        "matrix_basis": [
          [
            0.9642878174781799,
            -0.11644238978624344,
            0.23788700997829437,
            0.0
          ],
          [
            0.14697380363941193,
            0.9824475646018982,
            -0.1148717999458313,
            0.0
          ],
          [
            -0.22033557295799255,
            0.14573262631893158,
            0.9644761681556702,
            0.0
          ],
          [
            0.0,
            0.0,
            0.0,
            1.0
          ]
        ],
        "rotation_mode": "QUATERNION"
      },
      "armature_space": {
        "head": {
          "x": 0.18987950682640076,
          "y": -0.036681536585092545,
          "z": 0.4820372462272644
        },
        "tail": {
          "x": 0.4517463445663452,
          "y": -0.09348338842391968,
          "z": 0.48467209935188293
        }
      },
      "world_space": {
        "head": {
          "x": 0.18987950682640076,
          "y": 0.026562463492155075,
          "z": 1.4318912029266357
        },
        "tail": {
          "x": 0.4517463445663452,
          "y": -0.030239388346672058,
          "z": 1.4345260858535767
        },
        "rotation_quaternion": {
          "w": 0.3976918160915375,
          "x": 0.6072118878364563,
          "y": 0.4856487214565277,
          "z": -0.48711422085762024
        },
        "matrix": [
          [
            0.05372896045446396,
            0.9772264957427979,
            -0.20528458058834076,
            0.18987950682640076
          ],
          [
            0.20234045386314392,
            -0.21197140216827393,
            -0.9560997486114502,
            0.026562463492155075
          ],
          [
            -0.9778470396995544,
            0.009832717478275299,
            -0.20912380516529083,
            1.4318912029266357
          ],
          [
            0.0,
            0.0,
            0.0,
            1.0
          ]
        ]
      },
      "bone_length_armature_space": 0.2679694668359565,
      "parent": "spine_01",
      "has_children": true,
      "is_end_bone": false
    },
    "lowerarm_l": {
      "name": "lowerarm_l",
      "local": {
        "location": {
          "x": 0.0,
          "y": 0.0,
          "z": 0.0
        },
        "rotation_quaternion": {
          "w": 0.9903788566589355,
          "x": -0.00023768980463501066,
          "y": 0.08003527671098709,
          "z": -0.11288994550704956
        },
        "scale": {
          "x": 1.0,
          "y": 1.0,
          "z": 1.0
        },
        "matrix_basis": [
          [
            0.961700439453125,
            0.2235695868730545,
            0.15858416259288788,
            0.0
          ],
          [
            -0.2236456722021103,
            0.9745116233825684,
            -0.017599551007151604,
            0.0
          ],
          [
            -0.1584768295288086,
            -0.018541162833571434,
            0.9871885776519775,
            0.0
          ],
          [
            0.0,
            0.0,
            0.0,
            1.0
          ]
        ],
        "rotation_mode": "QUATERNION"
      },
      "armature_space": {
        "head": {
          "x": 0.45174640417099,
          "y": -0.09348348528146744,
          "z": 0.4846722185611725
        },
        "tail": {
          "x": 0.7031922340393066,
          "y": -0.1730661243200302,
          "z": 0.439828097820282
        }
      },
      "world_space": {
        "head": {
          "x": 0.45174640417099,
          "y": -0.030239485204219818,
          "z": 1.4345262050628662
        },
        "tail": {
          "x": 0.7031922340393066,
          "y": -0.10982212424278259,
          "z": 1.3896820545196533
        },
        "rotation_quaternion": {
          "w": 0.3108944892883301,
          "x": 0.6008991003036499,
          "y": 0.5045832395553589,
          "z": -0.5363402366638184
        },
        "matrix": [
          [
            -0.08453160524368286,
            0.9398982524871826,
            -0.3308255970478058,
            0.45174640417099
          ],
          [
            0.272915780544281,
            -0.29747796058654785,
            -0.9148902297019958,
            -0.030239485204219818
          ],
          [
            -0.9583236575126648,
            -0.16762618720531464,
            -0.2313692569732666,
            1.4345262050628662
          ],
          [
            0.0,
            0.0,
            0.0,
            1.0
          ]
        ]
      },
      "bone_length_armature_space": 0.2675245781385049,
      "parent": "upperarm_l",
      "has_children": true,
      "is_end_bone": false
    },
    "metacarpal_thumb_l": {
      "name": "metacarpal_thumb_l",
      "local": {
        "location": {
          "x": 0.0,
          "y": 0.0,
          "z": 0.0
        },
        "rotation_quaternion": {
          "w": 0.9983850717544556,
          "x": -0.056725721806287766,
          "y": -0.0028926501981914043,
          "z": -0.0010857104789465666
        },
        "scale": {
          "x": 1.0,
          "y": 1.0,
          "z": 1.0
        },
        "matrix_basis": [
          [
            0.9999809265136719,
            0.0024960895534604788,
            -0.005652782041579485,
            0.0
          ],
          [
            -0.0018397389212623239,
            0.9935620427131653,
            0.11327450722455978,
            0.0
          ],
          [
            0.005899133160710335,
            -0.11326194554567337,
            0.9935476779937744,
            0.0
          ],
          [
            0.0,
            0.0,
            0.0,
            1.0
          ]
        ],
        "rotation_mode": "QUATERNION"
      },
      "armature_space": {
        "head": {
          "x": 0.7031922340393066,
          "y": -0.1730661243200302,
          "z": 0.439828097820282
        },
        "tail": {
          "x": 0.7307724356651306,
          "y": -0.2106386125087738,
          "z": 0.4230581820011139
        }
      },
      "world_space": {
        "head": {
          "x": 0.7031922340393066,
          "y": -0.10982212424278259,
          "z": 1.3896820545196533
        },
        "tail": {
          "x": 0.7307724356651306,
          "y": -0.14739461243152618,
          "z": 1.3729121685028076
        },
        "rotation_quaternion": {
          "w": 0.16613353788852692,
          "x": -0.9366189241409302,
          "y": -0.3051842749118805,
          "z": 0.044801805168390274
        },
        "matrix": [
          [
            0.8097104430198669,
            0.5567966103553772,
            -0.18532788753509521,
            0.7031922340393066
          ],
          [
            0.5865694284439087,
            -0.7585244178771973,
            0.2838611602783203,
            -0.10982212424278259
          ],
          [
            0.017477884888648987,
            -0.3385561406612396,
            -0.9407915472984314,
            1.3896820545196533
          ],
          [
            0.0,
            0.0,
            0.0,
            1.0
          ]
        ]
      },
      "bone_length_armature_space": 0.04953372104821942,
      "parent": "lowerarm_l",
      "has_children": true,
      "is_end_bone": false
    },
    "thumb_01_l": {
      "name": "thumb_01_l",
      "local": {
        "location": {
          "x": 0.0,
          "y": 0.0,
          "z": 0.0
        },
        "rotation_quaternion": {
          "w": 0.9550099968910217,
          "x": 0.29611051082611084,
          "y": 0.013463861308991909,
          "z": -0.00966098066419363
        },
        "scale": {
          "x": 1.0,
          "y": 1.0,
          "z": 1.0
        },
        "matrix_basis": [
          [
            0.9994508028030396,
            0.026426248252391815,
            0.019994808360934258,
            0.0
          ],
          [
            -0.010479084216058254,
            0.8244504332542419,
            -0.5658371448516846,
            0.0
          ],
          [
            -0.03143768012523651,
            0.5653168559074402,
            0.8242745995521545,
            0.0
          ],
          [
            0.0,
            0.0,
            0.0,
            1.0
          ]
        ],
        "rotation_mode": "QUATERNION"
      },
      "armature_space": {
        "head": {
          "x": 0.7307724356651306,
          "y": -0.2106386125087738,
          "z": 0.4230581820011139
        },
        "tail": {
          "x": 0.7510119676589966,
          "y": -0.21099646389484406,
          "z": 0.39569270610809326
        }
      },
      "world_space": {
        "head": {
          "x": 0.7307724356651306,
          "y": -0.14739461243152618,
          "z": 1.3729121685028076
        },
        "tail": {
          "x": 0.7510119676589966,
          "y": -0.14775246381759644,
          "z": 1.3455467224121094
        },
        "rotation_quaternion": {
          "w": 0.6982073783874512,
          "x": -0.5161160826683044,
          "y": 0.0851517990231514,
          "z": -0.4887533485889435
        },
        "matrix": [
          [
            0.5077356696128845,
            0.5946059823036194,
            0.6234166622161865,
            0.7307724356651306
          ],
          [
            -0.770400881767273,
            -0.010513246059417725,
            0.6374732255935669,
            -0.14739461243152618
          ],
          [
            0.38560158014297485,
            -0.8039544820785522,
            0.4527508616447449,
            1.3729121685028076
          ],
          [
            0.0,
            0.0,
            0.0,
            1.0
          ]
        ]
      },
      "bone_length_armature_space": 0.034038742291589166,
      "parent": "metacarpal_thumb_l",
      "has_children": true,
      "is_end_bone": false
    },
    "thumb_02_l": {
      "name": "thumb_02_l",
      "local": {
        "location": {
          "x": 0.0,
          "y": 0.0,
          "z": 0.0
        },
        "rotation_quaternion": {
          "w": 0.9018727540969849,
          "x": 0.43193167448043823,
          "y": 0.002671784022822976,
          "z": -0.007312815170735121
        },
        "scale": {
          "x": 1.0,
          "y": 1.0,
          "z": 1.0
        },
        "matrix_basis": [
          [
            0.9998787641525269,
            0.015498513355851173,
            -0.0014980545965954661,
            0.0
          ],
          [
            -0.010882400907576084,
            0.626763105392456,
            -0.7791339159011841,
            0.0
          ],
          [
            -0.011136491782963276,
            0.7790557146072388,
            0.6268557906150818,
            0.0
          ],
          [
            0.0,
            0.0,
            0.0,
            1.0
          ]
        ],
        "rotation_mode": "QUATERNION"
      },
      "armature_space": {
        "head": {
          "x": 0.7510119676589966,
          "y": -0.21099646389484406,
          "z": 0.3956926763057709
        },
        "tail": {
          "x": 0.7721578478813171,
          "y": -0.21223360300064087,
          "z": 0.42981770634651184
        }
      },
      "world_space": {
        "head": {
          "x": 0.7510119676589966,
          "y": -0.14775246381759644,
          "z": 1.3455467224121094
        },
        "tail": {
          "x": 0.7721578478813171,
          "y": -0.14898960292339325,
          "z": 1.3796716928482056
        },
        "rotation_quaternion": {
          "w": 0.5854948163032532,
          "x": 0.3087121844291687,
          "y": -0.376555472612381,
          "z": -0.6481502056121826
        },
        "matrix": [
          [
            -0.12378215044736862,
            0.5264829397201538,
            -0.841126561164856,
            0.7510119676589966
          ],
          [
            -0.9914720058441162,
            -0.03080175817012787,
            0.1266275942325592,
            -0.14775246381759644
          ],
          [
            0.04075844585895538,
            0.8496337532997131,
            0.5258097052574158,
            1.3455467224121094
          ],
          [
            0.0,
            0.0,
            0.0,
            1.0
          ]
        ]
      },
      "bone_length_armature_space": 0.040164617279768285,
      "parent": "thumb_01_l",
      "has_children": true,
      "is_end_bone": false
    },
    "thumb_03_l": {
      "name": "thumb_03_l",
      "local": {
        "location": {
          "x": 0.0,
          "y": 0.0,
          "z": 0.0
        },
        "rotation_quaternion": {
          "w": 0.9909484386444092,
          "x": 0.13370782136917114,
          "y": 0.011030823923647404,
          "z": -0.0046676103956997395
        },
        "scale": {
          "x": 1.0,
          "y": 1.0,
          "z": 1.0
        },
        "matrix_basis": [
          [
            0.9997130632400513,
            0.012200537137687206,
            0.020613763481378555,
            0.0
          ],
          [
            -0.0063009075820446014,
            0.9642008543014526,
            -0.26509809494018555,
            0.0
          ],
          [
            -0.023110147565603256,
            0.2648921310901642,
            0.9640010595321655,
            0.0
          ],
          [
            0.0,
            0.0,
            0.0,
            1.0
          ]
        ],
        "rotation_mode": "QUATERNION"
      },
      "armature_space": {
        "head": {
          "x": 0.7721578478813171,
          "y": -0.21223366260528564,
          "z": 0.42981764674186707
        },
        "tail": {
          "x": 0.7735192179679871,
          "y": -0.20986685156822205,
          "z": 0.46014007925987244
        }
      },
      "world_space": {
        "head": {
          "x": 0.7721578478813171,
          "y": -0.14898966252803802,
          "z": 1.3796716928482056
        },
        "tail": {
          "x": 0.7735192179679871,
          "y": -0.14662285149097443,
          "z": 1.409994125366211
        },
        "rotation_quaternion": {
          "w": 0.6051842570304871,
          "x": 0.5420292019844055,
          "y": -0.4154786467552185,
          "z": -0.40906479954719543
        },
        "matrix": [
          [
            0.32008689641952515,
            0.044716089963912964,
            -0.9463324546813965,
            0.7721578478813171
          ],
          [
            -0.945522129535675,
            0.07774107903242111,
            -0.3161395192146301,
            -0.14898966252803802
          ],
          [
            0.05943195894360542,
            0.9959775805473328,
            0.06716416776180267,
            1.3796716928482056
          ],
          [
            0.0,
            0.0,
            0.0,
            1.0
          ]
        ]
      },
      "bone_length_armature_space": 0.0304451149226298,
      "parent": "thumb_02_l",
      "has_children": false,
      "is_end_bone": true
    },
    "metacarpal_index_l": {
      "name": "metacarpal_index_l",
      "local": {
        "location": {
          "x": 0.0,
          "y": 0.0,
          "z": 0.0
        },
        "rotation_quaternion": {
          "w": 0.9998310804367065,
          "x": -0.0029870099388062954,
          "y": 0.017637958750128746,
          "z": 0.004223090596497059
        },
        "scale": {
          "x": 1.0,
          "y": 1.0,
          "z": 1.0
        },
        "matrix_basis": [
          [
            0.999342143535614,
            -0.008550124242901802,
            0.03524472936987877,
            0.0
          ],
          [
            0.008339384570717812,
            0.9999464750289917,
            0.006121984217315912,
            0.0
          ],
          [
            -0.035295188426971436,
            -0.005824037361890078,
            0.9993599653244019,
            0.0
          ],
          [
            0.0,
            0.0,
            0.0,
            1.0
          ]
        ],
        "rotation_mode": "QUATERNION"
      },
      "armature_space": {
        "head": {
          "x": 0.7031922340393066,
          "y": -0.1730661243200302,
          "z": 0.439828097820282
        },
        "tail": {
          "x": 0.7954809069633484,
          "y": -0.23797166347503662,
          "z": 0.408216267824173
        }
      },
      "world_space": {
        "head": {
          "x": 0.7031922340393066,
          "y": -0.10982212424278259,
          "z": 1.3896820545196533
        },
        "tail": {
          "x": 0.7954809069633484,
          "y": -0.174727663397789,
          "z": 1.3580702543258667
        },
        "rotation_quaternion": {
          "w": 0.02449568174779415,
          "x": -0.8475879430770874,
          "y": -0.47162720561027527,
          "z": 0.2419971525669098
        },
        "matrix": [
          [
            0.43800967931747437,
            0.787635862827301,
            -0.4333326518535614,
            0.7031922340393066
          ],
          [
            0.811346709728241,
            -0.553935170173645,
            -0.18674245476722717,
            -0.10982212424278259
          ],
          [
            -0.3871252238750458,
            -0.2697904706001282,
            -0.8816811442375183,
            1.3896820545196533
          ],
          [
            0.0,
            0.0,
            0.0,
            1.0
          ]
        ]
      },
      "bone_length_armature_space": 0.11717182342657498,
      "parent": "lowerarm_l",
      "has_children": true,
      "is_end_bone": false
    },
    "index_01_l": {
      "name": "index_01_l",
      "local": {
        "location": {
          "x": 0.0,
          "y": 0.0,
          "z": 0.0
        },
        "rotation_quaternion": {
          "w": 0.9490022659301758,
          "x": 0.3145785331726074,
          "y": -0.007566228974610567,
          "z": -0.019437644630670547
        },
        "scale": {
          "x": 1.0,
          "y": 1.0,
          "z": 1.0
        },
        "matrix_basis": [
          [
            0.9991298317909241,
            0.03213239088654518,
            -0.026590067893266678,
            0.0
          ],
          [
            -0.04165308550000191,
            0.8013250231742859,
            -0.5967773199081421,
            0.0
          ],
          [
            0.002131405519321561,
            0.5973656177520752,
            0.8019661903381348,
            0.0
          ],
          [
            0.0,
            0.0,
            0.0,
            1.0
          ]
        ],
        "rotation_mode": "QUATERNION"
      },
      "armature_space": {
        "head": {
          "x": 0.7954809069633484,
          "y": -0.23797166347503662,
          "z": 0.408216267824173
        },
        "tail": {
          "x": 0.8118282556533813,
          "y": -0.245433047413826,
          "z": 0.38607653975486755
        }
      },
      "world_space": {
        "head": {
          "x": 0.7954809069633484,
          "y": -0.174727663397789,
          "z": 1.3580702543258667
        },
        "tail": {
          "x": 0.8118282556533813,
          "y": -0.18218904733657837,
          "z": 1.335930585861206
        },
        "rotation_quaternion": {
          "w": 0.25526997447013855,
          "x": -0.6965717673301697,
          "y": -0.5513629913330078,
          "z": 0.38160717487335205
        },
        "matrix": [
          [
            0.10074710100889206,
            0.5733029842376709,
            -0.8131257891654968,
            0.7954809069633484
          ],
          [
            0.9629536867141724,
            -0.2616710662841797,
            -0.06518325209617615,
            -0.174727663397789
          ],
          [
            -0.2501421272754669,
            -0.776441216468811,
            -0.5784310102462769,
            1.3580702543258667
          ],
          [
            0.0,
            0.0,
            0.0,
            1.0
          ]
        ]
      },
      "bone_length_armature_space": 0.028514481098602856,
      "parent": "metacarpal_index_l",
      "has_children": true,
      "is_end_bone": false
    },
    "index_02_l": {
      "name": "index_02_l",
      "local": {
        "location": {
          "x": 0.0,
          "y": 0.0,
          "z": 0.0
        },
        "rotation_quaternion": {
          "w": 0.8892534971237183,
          "x": 0.4573804438114166,
          "y": 0.0026198220439255238,
          "z": 0.004948490299284458
        },
        "scale": {
          "x": 1.0,
          "y": 1.0,
          "z": 1.0
        },
        "matrix_basis": [
          [
            0.9999372959136963,
            -0.006404413841664791,
            0.00918605737388134,
            0.0
          ],
          [
            0.011197435669600964,
            0.5815572738647461,
            -0.8134284019470215,
            0.0
          ],
          [
            -0.0001326864439761266,
            0.8134802579879761,
            0.5815925598144531,
            0.0
          ],
          [
            0.0,
            0.0,
            0.0,
            1.0
          ]
        ],
        "rotation_mode": "QUATERNION"
      },
      "armature_space": {
        "head": {
          "x": 0.8118282556533813,
          "y": -0.24543339014053345,
          "z": 0.3860761225223541
        },
        "tail": {
          "x": 0.8042120337486267,
          "y": -0.25187036395072937,
          "z": 0.36244019865989685
        }
      },
      "world_space": {
        "head": {
          "x": 0.8118282556533813,
          "y": -0.18218939006328583,
          "z": 1.3359301090240479
        },
        "tail": {
          "x": 0.8042120337486267,
          "y": -0.18862636387348175,
          "z": 1.3122942447662354
        },
        "rotation_quaternion": {
          "w": 0.5153427720069885,
          "x": -0.5030362606048584,
          "y": -0.33009108901023865,
          "z": 0.6102591753005981
        },
        "matrix": [
          [
            0.03724842518568039,
            -0.2968912422657013,
            -0.9541845321655273,
            0.8118282556533813
          ],
          [
            0.9610810875892639,
            -0.2509225606918335,
            0.11559116095304489,
            -0.18218939006328583
          ],
          [
            -0.27374547719955444,
            -0.9213610291481018,
            0.2759920656681061,
            1.3359301090240479
          ],
          [
            0.0,
            0.0,
            0.0,
            1.0
          ]
        ]
      },
      "bone_length_armature_space": 0.02565342750360921,
      "parent": "index_01_l",
      "has_children": true,
      "is_end_bone": false
    },
    "index_03_l": {
      "name": "index_03_l",
      "local": {
        "location": {
          "x": 0.0,
          "y": 0.0,
          "z": 0.0
        },
        "rotation_quaternion": {
          "w": 0.9275639057159424,
          "x": 0.3735315799713135,
          "y": 0.009679190814495087,
          "z": 0.0024075303226709366
        },
        "scale": {
          "x": 1.0,
          "y": 1.0,
          "z": 1.0
        },
        "matrix_basis": [
          [
            0.9998010396957397,
            0.0027646904345601797,
            0.019754713401198387,
            0.0
          ],
          [
            0.011697242967784405,
            0.7209367156028748,
            -0.6929022073745728,
            0.0
          ],
          [
            -0.01615755818784237,
            0.6929954290390015,
            0.7207609415054321,
            0.0
          ],
          [
            0.0,
            0.0,
            0.0,
            1.0
          ]
        ],
        "rotation_mode": "QUATERNION"
      },
      "armature_space": {
        "head": {
          "x": 0.8042121529579163,
          "y": -0.25187042355537415,
          "z": 0.36244019865989685
        },
        "tail": {
          "x": 0.7777471542358398,
          "y": -0.25087469816207886,
          "z": 0.3500973880290985
        }
      },
      "world_space": {
        "head": {
          "x": 0.8042121529579163,
          "y": -0.18862642347812653,
          "z": 1.3122942447662354
        },
        "tail": {
          "x": 0.7777471542358398,
          "y": -0.18763069808483124,
          "z": 1.299951434135437
        },
        "rotation_quaternion": {
          "w": 0.7166846394538879,
          "x": -0.24167178571224213,
          "y": -0.05833497270941734,
          "z": 0.6515788435935974
        },
        "matrix": [
          [
            0.14408260583877563,
            -0.9057568311691284,
            -0.39855316281318665,
            0.8042121529579163
          ],
          [
            0.9621496200561523,
            0.03407847881317139,
            0.2703830599784851,
            -0.18862642347812653
          ],
          [
            -0.23131996393203735,
            -0.4224283993244171,
            0.8763901591300964,
            1.3122942447662354
          ],
          [
            0.0,
            0.0,
            0.0,
            1.0
          ]
        ]
      },
      "bone_length_armature_space": 0.02921870258816576,
      "parent": "index_02_l",
      "has_children": false,
      "is_end_bone": true
    },
    "metacarpal_pinky_l": {
      "name": "metacarpal_pinky_l",
      "local": {
        "location": {
          "x": 0.0,
          "y": 0.0,
          "z": 0.0
        },
        "rotation_quaternion": {
          "w": 0.9999116659164429,
          "x": 0.0035363417118787766,
          "y": 0.010493254289031029,
          "z": -0.007363185286521912
        },
        "scale": {
          "x": 1.0,
          "y": 1.0,
          "z": 1.0
        },
        "matrix_basis": [
          [
            0.9996713399887085,
            0.014799284748733044,
            0.020932577550411224,
            0.0
          ],
          [
            -0.014650854282081127,
            0.9998665452003479,
            -0.00722658634185791,
            0.0
          ],
          [
            -0.02103673294186592,
            0.006917531136423349,
            0.999754786491394,
            0.0
          ],
          [
            0.0,
            0.0,
            0.0,
            1.0
          ]
        ],
        "rotation_mode": "QUATERNION"
      },
      "armature_space": {
        "head": {
          "x": 0.7031922340393066,
          "y": -0.1730661243200302,
          "z": 0.439828097820282
        },
        "tail": {
          "x": 0.8068169951438904,
          "y": -0.17518670856952667,
          "z": 0.4297967553138733
        }
      },
      "world_space": {
        "head": {
          "x": 0.7031922340393066,
          "y": -0.10982212424278259,
          "z": 1.3896820545196533
        },
        "tail": {
          "x": 0.8068169951438904,
          "y": -0.11194270849227905,
          "z": 1.3796508312225342
        },
        "rotation_quaternion": {
          "w": 0.6614556908607483,
          "x": 0.16725267469882965,
          "y": 0.2286762148141861,
          "z": -0.6944135427474976
        },
        "matrix": [
          [
            -0.06900478154420853,
            0.9951407313346863,
            0.0702364519238472,
            0.7031922340393066
          ],
          [
            -0.8421549201011658,
            -0.020364589989185333,
            -0.5388513803482056,
            -0.10982212424278259
          ],
          [
            -0.5348072052001953,
            -0.09633404016494751,
            0.8394734263420105,
            1.3896820545196533
          ],
          [
            0.0,
            0.0,
            0.0,
            1.0
          ]
        ]
      },
      "bone_length_armature_space": 0.10413076516239718,
      "parent": "lowerarm_l",
      "has_children": true,
      "is_end_bone": false
    },
    "pinky_01_l": {
      "name": "pinky_01_l",
      "local": {
        "location": {
          "x": 0.0,
          "y": 0.0,
          "z": 0.0
        },
        "rotation_quaternion": {
          "w": 0.9394727945327759,
          "x": 0.34173595905303955,
          "y": 0.023926176130771637,
          "z": 0.005927851889282465
        },
        "scale": {
          "x": 1.0,
          "y": 1.0,
          "z": 1.0
        },
        "matrix_basis": [
          [
            0.9987847805023193,
            0.005214758217334747,
            0.04900750517845154,
            0.0
          ],
          [
            0.027490980923175812,
            0.7663627862930298,
            -0.6418195962905884,
            0.0
          ],
          [
            -0.040904462337493896,
            0.6423869132995605,
            0.7652881741523743,
            0.0
          ],
          [
            0.0,
            0.0,
            0.0,
            1.0
          ]
        ],
        "rotation_mode": "QUATERNION"
      },
      "armature_space": {
        "head": {
          "x": 0.8068169951438904,
          "y": -0.17518670856952667,
          "z": 0.4297967553138733
        },
        "tail": {
