{
  "metadata": {
    "armature_name": "KIM_caucasian_male",
    "export_time": "2026-01-13T20:56:14.939432",
    "blender_version": "4.4.1",
    "bone_count": 56,
    "end_bone_count": 13,
    "spaces_included": [
      "LOCAL_CHANNELS",
      "ARMATURE_SPACE",
      "WORLD_SPACE"
    ],
    "note": "LOCAL matches Transform panel; replay pose via local.matrix_basis for best fidelity."
  },
  "bones": {
    "Root": {
      "name": "Root",
      "local": {
        "location": {
          "x": 0.0,
          "y": 0.0,
          "z": 0.0
        },
        "rotation_quaternion": {
          "w": 0.9999542236328125,
          "x": 0.003736968385055661,
          "y": 0.005868990905582905,
          "z": 0.006570244673639536
        },
        "scale": {
          "x": 1.0,
          "y": 1.0,
          "z": 1.0
        },
        "matrix_basis": [
          [
            0.9998447895050049,
            -0.013096023350954056,
            0.011786550283432007,
            0.0
          ],
          [
            0.013183752074837685,
            0.9998857378959656,
            -0.007396473083645105,
            0.0
          ],
          [
            -0.011688338592648506,
            0.007550715934485197,
            0.9999032020568848,
            0.0
          ],
          [
            0.0,
            0.0,
            0.0,
            1.0
          ]
        ],
        "rotation_mode": "QUATERNION"
      },
      "armature_space": {
        "head": {
          "x": 0.0,
          "y": 0.07072800397872925,
          "z": -0.009595036506652832
        },
        "tail": {
          "x": -0.00093474006280303,
          "y": -6.436556577682495e-05,
          "z": -0.0005351472645998001
        }
      },
      "world_space": {
        "head": {
          "x": 0.0,
          "y": 0.13397200405597687,
          "z": 0.9402589797973633
        },
        "tail": {
          "x": -0.00093474006280303,
          "y": 0.0631796345114708,
          "z": 0.9493188858032227
        },
        "rotation_quaternion": {
          "w": 0.06363608688116074,
          "x": 0.9979342818260193,
          "y": -0.006159936543554068,
          "z": 0.0062982807867228985
        },
        "matrix": [
          [
            0.9998447895050049,
            -0.013096023350954056,
            0.011786550283432007,
            0.0
          ],
          [
            -0.011492826044559479,
            -0.9918249845504761,
            -0.12708735466003418,
            0.13397200405597687
          ],
          [
            0.013354616239666939,
            0.12693209946155548,
            -0.9918286204338074,
            0.9402589797973633
          ],
          [
            0.0,
            0.0,
            0.0,
            1.0
          ]
        ]
      },
      "bone_length_armature_space": 0.07137586983203639,
      "parent": null,
      "has_children": true,
      "is_end_bone": false
    },
    "spine_01": {
      "name": "spine_01",
      "local": {
        "location": {
          "x": 0.0,
          "y": 0.0,
          "z": 0.0
        },
        "rotation_quaternion": {
          "w": 0.9971989989280701,
          "x": 0.06312046200037003,
          "y": -0.026408277451992035,
          "z": -0.030208174139261246
        },
        "scale": {
          "x": 1.0,
          "y": 1.0,
          "z": 1.0
        },
        "matrix_basis": [
          [
            0.9967801570892334,
            0.05691331624984741,
            -0.05648212507367134,
            0.0
          ],
          [
            -0.06358093023300171,
            0.9902065396308899,
            -0.12429182976484299,
            0.0
          ],
          [
            0.04885510727763176,
            0.1274828165769577,
            0.9906368255615234,
            0.0
          ],
          [
            0.0,
            0.0,
            0.0,
            1.0
          ]
        ],
        "rotation_mode": "QUATERNION"
      },
      "armature_space": {
        "head": {
          "x": -0.00093474006280303,
          "y": -6.436556577682495e-05,
          "z": -0.0005351472645998001
        },
        "tail": {
          "x": 0.01985752210021019,
          "y": -0.04353073984384537,
          "z": 0.4850849211215973
        }
      },
      "world_space": {
        "head": {
          "x": -0.00093474006280303,
          "y": 0.0631796345114708,
          "z": 0.9493188858032227
        },
        "tail": {
          "x": 0.01985752210021019,
          "y": 0.019713260233402252,
          "z": 1.434938907623291
        },
        "rotation_quaternion": {
          "w": 0.6748465895652771,
          "x": 0.7368930578231812,
          "y": -0.0068411449901759624,
          "z": -0.0390380397439003
        },
        "matrix": [
          [
            0.9968584775924683,
            0.042606987059116364,
            -0.06676684319972992,
            -0.00093474006280303
          ],
          [
            -0.06277146190404892,
            -0.08907021582126617,
            -0.9940454959869385,
            0.0631796345114708
          ],
          [
            -0.048300616443157196,
            0.995120644569397,
            -0.08611741662025452,
            0.9493188858032227
          ],
          [
            0.0,
            0.0,
            0.0,
            1.0
          ]
        ]
      },
      "bone_length_armature_space": 0.48800461955790475,
      "parent": "Root",
      "has_children": true,
      "is_end_bone": false
    },
    "neck_01": {
      "name": "neck_01",
      "local": {
        "location": {
          "x": 0.0,
          "y": 0.0,
          "z": 0.0
        },
        "rotation_quaternion": {
          "w": 0.9894136786460876,
          "x": -0.0421857051551342,
          "y": -0.044820211827754974,
          "z": 0.1314241737127304
        },
        "scale": {
          "x": 1.0,
          "y": 1.0,
          "z": 1.0
        },
        "matrix_basis": [
          [
            0.9614376425743103,
            -0.2562842071056366,
            -0.09977990388870239,
            0.0
          ],
          [
            0.263847291469574,
            0.9618961215019226,
            0.07169730961322784,
            0.0
          ],
          [
            0.07760301977396011,
            -0.09525914490222931,
            0.9924230575561523,
            0.0
          ],
          [
            0.0,
            0.0,
            0.0,
            1.0
          ]
        ],
        "rotation_mode": "QUATERNION"
      },
      "armature_space": {
        "head": {
          "x": 0.02066163718700409,
          "y": -0.08452626317739487,
          "z": 0.5549595355987549
        },
        "tail": {
          "x": -0.003363274037837982,
          "y": -0.11955375969409943,
          "z": 0.6482688188552856
        }
      },
      "world_space": {
        "head": {
          "x": 0.02066163718700409,
          "y": -0.021282263100147247,
          "z": 1.504813551902771
        },
        "tail": {
          "x": -0.003363274037837982,
          "y": -0.05630975961685181,
          "z": 1.5981228351593018
        },
        "rotation_quaternion": {
          "w": 0.5541990399360657,
          "x": 0.8190040588378906,
          "y": -0.14843502640724182,
          "z": -0.007937086746096611
        },
        "matrix": [
          [
            0.9558078646659851,
            -0.2343405932188034,
            -0.17752715945243835,
            0.02066163718700409
          ],
          [
            -0.2519361972808838,
            -0.3416604995727539,
            -0.9054262638092041,
            -0.021282263100147247
          ],
          [
            0.1515248566865921,
            0.9101449251174927,
            -0.38560426235198975,
            1.504813551902771
          ],
          [
            0.0,
            0.0,
            0.0,
            1.0
          ]
        ]
      },
      "bone_length_armature_space": 0.1025219227453213,
      "parent": "spine_01",
      "has_children": true,
      "is_end_bone": false
    },
    "head": {
      "name": "head",
      "local": {
        "location": {
          "x": 0.0,
          "y": 0.0,
          "z": 0.0
        },
        "rotation_quaternion": {
          "w": 0.9806578159332275,
          "x": -0.09291703999042511,
          "y": -0.10826344788074493,
          "z": 0.13399899005889893
        },
        "scale": {
          "x": 1.0,
          "y": 1.0,
          "z": 1.0
        },
        "matrix_basis": [
          [
            0.9406465888023376,
            -0.24269527196884155,
            -0.23724037408828735,
            0.0
          ],
          [
            0.2829333543777466,
            0.946821391582489,
            0.15322525799274445,
            0.0
          ],
          [
            0.18743720650672913,
            -0.2112540304660797,
            0.9592909216880798,
            0.0
          ],
          [
            0.0,
            0.0,
            0.0,
            1.0
          ]
        ],
        "rotation_mode": "QUATERNION"
      },
      "armature_space": {
        "head": {
          "x": -0.0033632852137088776,
          "y": -0.11955387145280838,
          "z": 0.6482686996459961
        },
        "tail": {
          "x": -0.053763147443532944,
          "y": -0.07697195559740067,
          "z": 0.7886250615119934
        }
      },
      "world_space": {
        "head": {
          "x": -0.0033632852137088776,
          "y": -0.05630987137556076,
          "z": 1.5981227159500122
        },
        "tail": {
          "x": -0.053763147443532944,
          "y": -0.013727955520153046,
          "z": 1.7384791374206543
        },
        "rotation_quaternion": {
          "w": 0.7360614538192749,
          "x": 0.6014248132705688,
          "y": -0.30902087688446045,
          "z": -0.03174593299627304
        },
        "matrix": [
          [
            0.806997537612915,
            -0.3249712586402893,
            -0.4931010603904724,
            -0.0033632852137088776
          ],
          [
            -0.4184376001358032,
            0.2745622396469116,
            -0.8657517433166504,
            -0.05630987137556076
          ],
          [
            0.4167337715625763,
            0.9049981236457825,
            0.08559059351682663,
            1.5981227159500122
          ],
          [
            0.0,
            0.0,
            0.0,
            1.0
          ]
        ]
      },
      "bone_length_armature_space": 0.15509118061516594,
      "parent": "neck_01",
      "has_children": false,
      "is_end_bone": true
    },
    "upperarm_l": {
      "name": "upperarm_l",
      "local": {
        "location": {
          "x": 0.0,
          "y": 0.0,
          "z": 0.0
        },
        "rotation_quaternion": {
          "w": 0.8746087551116943,
          "x": 0.30782392621040344,
          "y": 0.374074786901474,
          "z": -0.019285667687654495
        },
        "scale": {
          "x": 1.0,
          "y": 1.0,
          "z": 1.0
        },
        "matrix_basis": [
          [
            0.7193922400474548,
            0.26403316855430603,
            0.6424649953842163,
            0.0
          ],
          [
            0.1965635120868683,
            0.8097450137138367,
            -0.5528795719146729,
            0.0
          ],
          [
            -0.6662113666534424,
            0.5240224599838257,
            0.5306249856948853,
            0.0
          ],
          [
            0.0,
            0.0,
            0.0,
            1.0
          ]
        ],
        "rotation_mode": "QUATERNION"
      },
      "armature_space": {
        "head": {
          "x": 0.16711395978927612,
          "y": -0.09112590551376343,
          "z": 0.4805600047111511
        },
        "tail": {
          "x": 0.3749421238899231,
          "y": -0.22725114226341248,
          "z": 0.38013508915901184
        }
      },
      "world_space": {
        "head": {
          "x": 0.16711395978927612,
          "y": -0.027881905436515808,
          "z": 1.4304139614105225
        },
        "tail": {
          "x": 0.3749421238899231,
          "y": -0.16400714218616486,
          "z": 1.3299890756607056
        },
        "rotation_quaternion": {
          "w": 0.021843161433935165,
          "x": 0.7644404172897339,
          "y": 0.4955078363418579,
          "z": -0.41185662150382996
        },
        "matrix": [
          [
            0.1696905791759491,
            0.7755667567253113,
            -0.6080306768417358,
            0.16711395978927612
          ],
          [
            0.7395796179771423,
            -0.507987916469574,
            -0.4415547847747803,
            -0.027881905436515808
          ],
          [
            -0.65133136510849,
            -0.3747625946998596,
            -0.6597991585731506,
            1.4304139614105225
          ],
          [
            0.0,
            0.0,
            0.0,
            1.0
          ]
        ]
      },
      "bone_length_armature_space": 0.2679697567779046,
      "parent": "spine_01",
      "has_children": true,
      "is_end_bone": false
    },
    "lowerarm_l": {
      "name": "lowerarm_l",
      "local": {
        "location": {
          "x": 0.0,
          "y": 0.0,
          "z": 0.0
        },
        "rotation_quaternion": {
          "w": 0.9735069274902344,
          "x": 0.06822416186332703,
          "y": -0.035761620849370956,
          "z": 0.21529269218444824
        },
        "scale": {
          "x": 1.0,
          "y": 1.0,
          "z": 1.0
        },
        "matrix_basis": [
          [
            0.9047403335571289,
            -0.4240574538707733,
            -0.040252044796943665,
            0.0
          ],
          [
            0.41429823637008667,
            0.89798903465271,
            -0.14823181927204132,
            0.0
          ],
          [
            0.09900470077991486,
            0.11743495613336563,
            0.9881331324577332,
            0.0
          ],
          [
            0.0,
            0.0,
            0.0,
            1.0
          ]
        ],
        "rotation_mode": "QUATERNION"
      },
      "armature_space": {
        "head": {
          "x": 0.37494218349456787,
          "y": -0.22725129127502441,
          "z": 0.38013511896133423
        },
        "tail": {
          "x": 0.5033875703811646,
          "y": -0.46043071150779724,
          "z": 0.3537059426307678
        }
      },
      "world_space": {
        "head": {
          "x": 0.37494218349456787,
          "y": -0.1640072911977768,
          "z": 1.3299891948699951
        },
        "tail": {
          "x": 0.5033875703811646,
          "y": -0.3971866965293884,
          "z": 1.3035600185394287
        },
        "rotation_quaternion": {
          "w": 0.09374992549419403,
          "x": 0.8081256747245789,
          "y": 0.2353743463754654,
          "z": -0.5317357778549194
        },
        "matrix": [
          [
            0.3237113952636719,
            0.48012569546699524,
            -0.815285325050354,
            0.37494218349456787
          ],
          [
            0.2807237505912781,
            -0.8716189861297607,
            -0.4018389880657196,
            -0.1640072911977768
          ],
          [
            -0.9035575985908508,
            -0.09879165887832642,
            -0.41693904995918274,
            1.3299891948699951
          ],
          [
            0.0,
            0.0,
            0.0,
            1.0
          ]
        ]
      },
      "bone_length_armature_space": 0.2675245052496167,
      "parent": "upperarm_l",
      "has_children": true,
      "is_end_bone": false
    },
    "metacarpal_thumb_l": {
      "name": "metacarpal_thumb_l",
      "local": {
        "location": {
          "x": 0.0,
          "y": 0.0,
          "z": 0.0
        },
        "rotation_quaternion": {
          "w": 0.999934196472168,
          "x": -0.005191520322114229,
          "y": 0.010224147699773312,
          "z": 0.0003240150399506092
        },
        "scale": {
          "x": 1.0,
          "y": 1.0,
          "z": 1.0
        },
        "matrix_basis": [
          [
            0.9997907280921936,
            -0.0007541452068835497,
            0.020443584769964218,
            0.0
          ],
          [
            0.0005418296786956489,
            0.999945878982544,
            0.01038898341357708,
            0.0
          ],
          [
            -0.02045031450688839,
            -0.010375731624662876,
            0.999737024307251,
            0.0
          ],
          [
            0.0,
            0.0,
            0.0,
            1.0
          ]
        ],
        "rotation_mode": "QUATERNION"
      },
      "armature_space": {
        "head": {
          "x": 0.5033875703811646,
          "y": -0.46043071150779724,
          "z": 0.3537059426307678
        },
        "tail": {
          "x": 0.5011348724365234,
          "y": -0.5038480758666992,
          "z": 0.32996881008148193
        }
      },
      "world_space": {
        "head": {
          "x": 0.5033875703811646,
          "y": -0.3971866965293884,
          "z": 1.3035600185394287
        },
        "tail": {
          "x": 0.5011348724365234,
          "y": -0.4406040906906128,
          "z": 1.279822826385498
        },
        "rotation_quaternion": {
          "w": 0.2416144609451294,
          "x": -0.9590409994125366,
          "y": 0.0579780638217926,
          "z": -0.13601957261562347
        },
        "matrix": [
          [
            0.9562744498252869,
            -0.04547835886478424,
            0.2889133393764496,
            0.5033875703811646
          ],
          [
            -0.17693515121936798,
            -0.8765221238136292,
            0.44766348600387573,
            -0.3971866965293884
          ],
          [
            0.23288151621818542,
            -0.4792122542858124,
            -0.846248209476471,
            1.3035600185394287
          ],
          [
            0.0,
            0.0,
            0.0,
            1.0
          ]
        ]
      },
      "bone_length_armature_space": 0.049533762640733864,
      "parent": "lowerarm_l",
      "has_children": true,
      "is_end_bone": false
    },
    "thumb_01_l": {
      "name": "thumb_01_l",
      "local": {
        "location": {
          "x": 0.0,
          "y": 0.0,
          "z": 0.0
        },
        "rotation_quaternion": {
          "w": 0.9649273157119751,
          "x": 0.2620851695537567,
          "y": -0.009082470089197159,
          "z": -0.012011955492198467
        },
        "scale": {
          "x": 1.0,
          "y": 1.0,
          "z": 1.0
        },
        "matrix_basis": [
          [
            0.999546468257904,
            0.018420565873384476,
            -0.023824157193303108,
            0.0
          ],
          [
            -0.02794208936393261,
            0.862334132194519,
            -0.5055680871009827,
            0.0
          ],
          [
            0.01123153604567051,
            0.5060044527053833,
            0.8624577522277832,
            0.0
          ],
          [
            0.0,
            0.0,
            0.0,
            1.0
          ]
        ],
        "rotation_mode": "QUATERNION"
      },
      "armature_space": {
        "head": {
          "x": 0.5011348724365234,
          "y": -0.5038480758666992,
          "z": 0.32996881008148193
        },
        "tail": {
          "x": 0.5197181701660156,
          "y": -0.5146699547767639,
          "z": 0.3035835325717926
        }
      },
      "world_space": {
        "head": {
          "x": 0.5011348724365234,
          "y": -0.4406040906906128,
          "z": 1.279822826385498
        },
        "tail": {
          "x": 0.5197181701660156,
          "y": -0.4514259696006775,
          "z": 1.2534375190734863
        },
        "rotation_quaternion": {
          "w": 0.511951744556427,
          "x": -0.35692790150642395,
          "y": 0.2809631824493408,
          "z": -0.7290869355201721
        },
        "matrix": [
          [
            -0.22101370990276337,
            0.5459485650062561,
            0.8081418871879578,
            0.5011348724365234
          ],
          [
            -0.9470819234848022,
            -0.31792935729026794,
            -0.04423101246356964,
            -0.4406040906906128
          ],
          [
            0.23278510570526123,
            -0.7751581072807312,
            0.5873290300369263,
            1.279822826385498
          ],
          [
            0.0,
            0.0,
            0.0,
            1.0
          ]
        ]
      },
      "bone_length_armature_space": 0.03403872656930728,
      "parent": "metacarpal_thumb_l",
      "has_children": true,
      "is_end_bone": false
    },
    "thumb_02_l": {
      "name": "thumb_02_l",
      "local": {
        "location": {
          "x": 0.0,
          "y": 0.0,
          "z": 0.0
        },
        "rotation_quaternion": {
          "w": 0.8909547924995422,
          "x": 0.4539717137813568,
          "y": -0.0017484229756519198,
          "z": -0.010308207012712955
        },
        "scale": {
          "x": 1.0,
          "y": 1.0,
          "z": 1.0
        },
        "matrix_basis": [
          [
            0.9997813701629639,
            0.016780823469161987,
            -0.01247480046004057,
            0.0
          ],
          [
            -0.01995576173067093,
            0.5876068472862244,
            -0.8089004755020142,
            0.0
          ],
          [
            -0.006243736948817968,
            0.8089725971221924,
            0.5878132581710815,
            0.0
          ],
          [
            0.0,
            0.0,
            0.0,
            1.0
          ]
        ],
        "rotation_mode": "QUATERNION"
      },
      "armature_space": {
        "head": {
          "x": 0.5197181105613708,
          "y": -0.5146698951721191,
          "z": 0.3035835027694702
        },
        "tail": {
          "x": 0.5273823738098145,
          "y": -0.533521294593811,
          "z": 0.33821120858192444
        }
      },
      "world_space": {
        "head": {
          "x": 0.5197181105613708,
          "y": -0.4514259099960327,
          "z": 1.2534375190734863
        },
        "tail": {
          "x": 0.5273823738098145,
          "y": -0.4702773094177246,
          "z": 1.2880651950836182
        },
        "rotation_quaternion": {
          "w": 0.24272587895393372,
          "x": 0.23098553717136383,
          "y": -0.4543188810348511,
          "z": -0.8254236578941345
        },
        "matrix": [
          [
            -0.7754595875740051,
            0.19082197546958923,
            -0.6018718481063843,
            0.5197181105613708
          ],
          [
            -0.6105859875679016,
            -0.46935656666755676,
            0.6378783583641052,
            -0.4514259099960327
          ],
          [
            -0.16077300906181335,
            0.8621492981910706,
            0.4804841876029968,
            1.2534375190734863
          ],
          [
            0.0,
            0.0,
            0.0,
            1.0
          ]
        ]
      },
      "bone_length_armature_space": 0.04016458937081047,
      "parent": "thumb_01_l",
      "has_children": true,
      "is_end_bone": false
    },
    "thumb_03_l": {
      "name": "thumb_03_l",
      "local": {
        "location": {
          "x": 0.0,
          "y": 0.0,
          "z": 0.0
        },
        "rotation_quaternion": {
          "w": 0.9914324283599854,
          "x": 0.13060854375362396,
          "y": 0.0003450368531048298,
          "z": -0.0017446810379624367
        },
        "scale": {
          "x": 1.0,
          "y": 1.0,
          "z": 1.0
        },
        "matrix_basis": [
          [
            0.9999936819076538,
            0.003549596294760704,
            0.00022842094767838717,
            0.0
          ],
          [
            -0.0033693371806293726,
            0.9658767580986023,
            -0.25898030400276184,
            0.0
          ],
          [
            -0.0011399019276723266,
            0.25897789001464844,
            0.9658825993537903,
            0.0
          ],
          [
            0.0,
            0.0,
            0.0,
            1.0
          ]
        ],
        "rotation_mode": "QUATERNION"
      },
      "armature_space": {
        "head": {
          "x": 0.5273823738098145,
          "y": -0.5335214138031006,
          "z": 0.33821114897727966
        },
        "tail": {
          "x": 0.5246115326881409,
          "y": -0.5353565812110901,
          "z": 0.3684743046760559
        }
      },
      "world_space": {
        "head": {
          "x": 0.5273823738098145,
          "y": -0.47027742862701416,
          "z": 1.2880651950836182
        },
        "tail": {
          "x": 0.5246115326881409,
          "y": -0.47211259603500366,
          "z": 1.3183283805847168
        },
        "rotation_quaternion": {
          "w": 0.32864341139793396,
          "x": 0.40589433908462524,
          "y": -0.6015431880950928,
          "z": -0.6044743657112122
        },
        "matrix": [
          [
            -0.4544856548309326,
            -0.0910123884677887,
            -0.8860925436019897,
            0.5273823738098145
          ],
          [
            -0.8856393098831177,
            -0.06027902662754059,
            0.46044445037841797,
            -0.47027742862701416
          ],
          [
            -0.09532033652067184,
            0.9940308928489685,
            -0.05320832133293152,
            1.2880651950836182
          ],
          [
            0.0,
            0.0,
            0.0,
            1.0
          ]
        ]
      },
      "bone_length_armature_space": 0.030445098182399558,
      "parent": "thumb_02_l",
      "has_children": false,
      "is_end_bone": true
    },
    "metacarpal_index_l": {
      "name": "metacarpal_index_l",
      "local": {
        "location": {
          "x": 0.0,
          "y": 0.0,
          "z": 0.0
        },
        "rotation_quaternion": {
          "w": 0.999953031539917,
          "x": 0.005964511074125767,
          "y": 0.006863344460725784,
          "z": -0.0033617098815739155
        },
        "scale": {
          "x": 1.0,
          "y": 1.0,
          "z": 1.0
        },
        "matrix_basis": [
          [
            0.9998831748962402,
            0.00680497707799077,
            0.013685942627489567,
            0.0
          ],
          [
            -0.006641231011599302,
            0.9999062418937683,
            -0.011974606662988663,
            0.0
          ],
          [
            -0.013766146264970303,
            0.011882316321134567,
            0.9998346567153931,
            0.0
          ],
          [
            0.0,
            0.0,
            0.0,
            1.0
          ]
        ],
        "rotation_mode": "QUATERNION"
      },
      "armature_space": {
        "head": {
          "x": 0.5033875703811646,
          "y": -0.46043071150779724,
          "z": 0.3537059426307678
        },
        "tail": {
          "x": 0.5299940705299377,
          "y": -0.5697434544563293,
          "z": 0.32096371054649353
        }
      },
      "world_space": {
        "head": {
          "x": 0.5033875703811646,
          "y": -0.3971866965293884,
          "z": 1.3035600185394287
        },
        "tail": {
          "x": 0.5299940705299377,
          "y": -0.5064994692802429,
          "z": 1.270817756652832
        },
        "rotation_quaternion": {
          "w": 0.1263875514268875,
          "x": -0.9752077460289001,
          "y": -0.13252349197864532,
          "z": 0.12423291802406311
        },
        "matrix": [
          [
            0.9340073466300964,
            0.22707286477088928,
            -0.2758045196533203,
            0.5033875703811646
          ],
          [
            0.2898789644241333,
            -0.9329276084899902,
            0.21357986330986023,
            -0.3971866965293884
          ],
          [
            -0.20880867540836334,
            -0.27943798899650574,
            -0.937191367149353,
            1.3035600185394287
          ],
          [
            0.0,
            0.0,
            0.0,
            1.0
          ]
        ]
      },
      "bone_length_armature_space": 0.11717181945240028,
      "parent": "lowerarm_l",
      "has_children": true,
      "is_end_bone": false
    },
    "index_01_l": {
      "name": "index_01_l",
      "local": {
        "location": {
          "x": 0.0,
          "y": 0.0,
          "z": 0.0
        },
        "rotation_quaternion": {
          "w": 0.9391747117042542,
          "x": 0.34277695417404175,
          "y": 0.0017832010053098202,
          "z": -0.021252134814858437
        },
        "scale": {
          "x": 1.0,
          "y": 1.0,
          "z": 1.0
        },
        "matrix_basis": [
          [
            0.999090313911438,
            0.04114141687750816,
            -0.011220009066164494,
            0.0
          ],
          [
            -0.03869645297527313,
            0.7641046047210693,
            -0.6439306735992432,
            0.0
          ],
          [
            -0.017918959259986877,
            0.6437790989875793,
            0.7650015354156494,
            0.0
          ],
          [
            0.0,
            0.0,
            0.0,
            1.0
          ]
        ],
        "rotation_mode": "QUATERNION"
      },
      "armature_space": {
        "head": {
          "x": 0.5299940705299377,
          "y": -0.5697434544563293,
          "z": 0.32096371054649353
        },
        "tail": {
          "x": 0.5397825837135315,
          "y": -0.584275484085083,
          "z": 0.2984674274921417
        }
      },
      "world_space": {
        "head": {
          "x": 0.5299940705299377,
          "y": -0.5064994692802429,
          "z": 1.270817756652832
        },
        "tail": {
          "x": 0.5397825837135315,
          "y": -0.5210314989089966,
          "z": 1.2483214139938354
        },
        "rotation_quaternion": {
          "w": 0.4059136211872101,
          "x": -0.8515914082527161,
          "y": -0.2835756242275238,
          "z": 0.1720789223909378
        },
        "matrix": [
          [
            0.7799466848373413,
            0.3432833254337311,
            -0.5232970118522644,
            0.5299940705299377
          ],
          [
            0.6226804852485657,
            -0.5096380710601807,
            0.5937491655349731,
            -0.5064994692802429
          ],
          [
            -0.06286773830652237,
            -0.7889456748962402,
            -0.6112500429153442,
            1.270817756652832
          ],
          [
            0.0,
            0.0,
            0.0,
            1.0
          ]
        ]
      },
      "bone_length_armature_space": 0.028514515546141327,
      "parent": "metacarpal_index_l",
      "has_children": true,
      "is_end_bone": false
    },
    "index_02_l": {
      "name": "index_02_l",
      "local": {
        "location": {
          "x": 0.0,
          "y": 0.0,
          "z": 0.0
        },
        "rotation_quaternion": {
          "w": 0.9037297368049622,
          "x": 0.42801108956336975,
          "y": 0.0032284355256706476,
          "z": 0.008290644735097885
        },
        "scale": {
          "x": 1.0,
          "y": 1.0,
          "z": 1.0
        },
        "matrix_basis": [
          [
            0.9998416900634766,
            -0.01222139224410057,
            0.012932241894304752,
            0.0
          ],
          [
            0.017748616635799408,
            0.6334755420684814,
            -0.7735591530799866,
            0.0
          ],
          [
            0.0012617093743756413,
            0.7736662030220032,
            0.6335921883583069,
            0.0
          ],
          [
            0.0,
            0.0,
            0.0,
            1.0
          ]
        ],
        "rotation_mode": "QUATERNION"
      },
      "armature_space": {
        "head": {
          "x": 0.5397823452949524,
          "y": -0.5842756032943726,
          "z": 0.2984669506549835
        },
        "tail": {
          "x": 0.5347006320953369,
          "y": -0.5821985602378845,
          "z": 0.27340778708457947
        }
      },
      "world_space": {
        "head": {
          "x": 0.5397823452949524,
          "y": -0.5210316181182861,
          "z": 1.2483209371566772
        },
        "tail": {
          "x": 0.5347006320953369,
          "y": -0.5189545750617981,
          "z": 1.223261833190918
        },
        "rotation_quaternion": {
          "w": 0.709298312664032,
          "x": -0.6055395007133484,
          "y": -0.19333715736865997,
          "z": 0.30469417572021484
        },
        "matrix": [
          [
            0.7395637035369873,
            -0.19809186458587646,
            -0.6432769298553467,
            0.5397823452949524
          ],
          [
            0.6663855910301208,
            0.0809657871723175,
            0.7411983609199524,
            -0.5210316181182861
          ],
          [
            -0.09474194794893265,
            -0.976840615272522,
            0.19188696146011353,
            1.2483209371566772
          ],
          [
            0.0,
            0.0,
            0.0,
            1.0
          ]
        ]
      },
      "bone_length_armature_space": 0.025653451363565137,
      "parent": "index_01_l",
      "has_children": true,
      "is_end_bone": false
    },
    "index_03_l": {
      "name": "index_03_l",
      "local": {
        "location": {
          "x": 0.0,
          "y": 0.0,
          "z": 0.0
        },
        "rotation_quaternion": {
          "w": 0.9392398595809937,
          "x": 0.34322234988212585,
          "y": 0.005189873743802309,
          "z": 0.00016206294822040945
        },
        "scale": {
          "x": 1.0,
          "y": 1.0,
          "z": 1.0
        },
        "matrix_basis": [
          [
            0.9999460577964783,
            0.0032581293489784002,
            0.009860320016741753,
            0.0
          ],
          [
            0.0038669933564960957,
            0.7643967866897583,
            -0.6447345614433289,
            0.0
          ],
          [
            -0.009637825191020966,
            0.6447378993034363,
            0.7643429636955261,
            0.0
          ],
          [
            0.0,
            0.0,
            0.0,
            1.0
          ]
        ],
        "rotation_mode": "QUATERNION"
      },
      "armature_space": {
        "head": {
          "x": 0.5347007513046265,
          "y": -0.5821986794471741,
          "z": 0.27340778708457947
        },
        "tail": {
          "x": 0.5198714137077332,
          "y": -0.5629721283912659,
          "z": 0.2571546137332916
        }
      },
      "world_space": {
        "head": {
          "x": 0.5347007513046265,
          "y": -0.5189546942710876,
          "z": 1.223261833190918
        },
        "tail": {
          "x": 0.5198714137077332,
          "y": -0.49972814321517944,
          "z": 1.2070086002349854
        },
        "rotation_quaternion": {
          "w": 0.9073265194892883,
          "x": -0.28114980459213257,
          "y": -0.07596145570278168,
          "z": 0.3032217025756836
        },
        "matrix": [
          [
            0.8045725226402283,
            -0.5075291395187378,
            -0.3083459138870239,
            0.5347007513046265
          ],
          [
            0.5929558873176575,
            0.6580224633216858,
            0.4641227424144745,
            -0.5189546942710876
          ],
          [
            -0.0326569490134716,
            -0.5562593340873718,
            0.8303755521774292,
            1.223261833190918
          ],
          [
            0.0,
            0.0,
            0.0,
            1.0
          ]
        ]
      },
      "bone_length_armature_space": 0.029218746605802152,
      "parent": "index_02_l",
      "has_children": false,
      "is_end_bone": true
    },
    "metacarpal_pinky_l": {
      "name": "metacarpal_pinky_l",
      "local": {
        "location": {
          "x": 0.0,
          "y": 0.0,
          "z": 0.0
        },
        "rotation_quaternion": {
          "w": 0.9988385438919067,
          "x": -0.046086933463811874,
          "y": -0.00939696654677391,
          "z": 0.010450780391693115
        },
        "scale": {
          "x": 1.0,
          "y": 1.0,
          "z": 1.0
        },
        "matrix_basis": [
          [
            0.9996049404144287,
            -0.02001113072037697,
            -0.019735394045710564,
            0.0
          ],
          [
            0.02174343913793564,
            0.9955335259437561,
            0.09187039732933044,
            0.0
          ],
          [
            0.017808815464377403,
            -0.09226322174072266,
            0.9955753684043884,
            0.0
          ],
          [
            0.0,
            0.0,
            0.0,
            1.0
          ]
        ],
        "rotation_mode": "QUATERNION"
      },
      "armature_space": {
        "head": {
          "x": 0.5033875703811646,
          "y": -0.46043071150779724,
          "z": 0.3537059426307678
        },
        "tail": {
          "x": 0.5823301076889038,
          "y": -0.5282695293426514,
          "z": 0.35067617893218994
        }
      },
      "world_space": {
        "head": {
          "x": 0.5033875703811646,
          "y": -0.3971866965293884,
          "z": 1.3035600185394287
        },
        "tail": {
          "x": 0.5823301076889038,
          "y": -0.46502554416656494,
          "z": 1.300530195236206
        },
        "rotation_quaternion": {
          "w": 0.3878243863582611,
          "x": 0.30357420444488525,
          "y": 0.15444445610046387,
          "z": -0.8564940094947815
        },
        "matrix": [
          [
            -0.5148698091506958,
            0.7581098079681396,
            -0.40022316575050354,
            0.5033875703811646
          ],
          [
            -0.5705685019493103,
            -0.6514773368835449,
            -0.5000289082527161,
            -0.3971866965293884
          ],
          [
            -0.6398181915283203,
            -0.029095903038978577,
            0.7679845094680786,
            1.3035600185394287
          ],
          [
            0.0,
            0.0,
            0.0,
            1.0
          ]
        ]
      },
      "bone_length_armature_space": 0.10413072974974186,
      "parent": "lowerarm_l",
      "has_children": true,
      "is_end_bone": false
    },
    "pinky_01_l": {
      "name": "pinky_01_l",
      "local": {
        "location": {
          "x": 0.0,
          "y": 0.0,
          "z": 0.0
        },
        "rotation_quaternion": {
          "w": 0.9552441835403442,
          "x": 0.2951914072036743,
          "y": 0.017974266782402992,
          "z": -0.006905839778482914
        },
        "scale": {
          "x": 1.0,
          "y": 1.0,
          "z": 1.0
        },
        "matrix_basis": [
          [
            0.9992584586143494,
            0.023805225268006325,
            0.03026253916323185,
            0.0
          ],
          [
            -0.002581828273832798,
            0.8256286978721619,
            -0.5642080307006836,
            0.0
          ],
          [
            -0.03841671720147133,
            0.5637115240097046,
            0.8250778913497925,
            0.0
          ],
          [
            0.0,
            0.0,
            0.0,
            1.0
          ]
        ],
        "rotation_mode": "QUATERNION"
      },
      "armature_space": {
        "head": {
          "x": 0.5823301076889038,
          "y": -0.5282695293426514,
          "z": 0.35067617893218994
        },
        "tail": {
