{
  "metadata": {
    "armature_name": "KIM_caucasian_male",
    "export_time": "2026-01-13T21:13:01.490432",
    "blender_version": "4.4.1",
    "bone_count": 56,
    "end_bone_count": 13,
    "spaces_included": [
      "LOCAL_CHANNELS",
      "ARMATURE_SPACE",
      "WORLD_SPACE"
    ],
    "note": "LOCAL matches Transform panel; replay pose via local.matrix_basis for best fidelity."
  },
  "bones": {
    "Root": {
      "name": "Root",
      "local": {
        "location": {
          "x": 0.0,
          "y": 0.0,
          "z": 0.0
        },
        "rotation_quaternion": {
          "w": 0.9997342824935913,
          "x": 0.013179018162190914,
          "y": -0.004752361215651035,
          "z": 0.018305499106645584
        },
        "scale": {
          "x": 1.0,
          "y": 1.0,
          "z": 1.0
        },
        "matrix_basis": [
          [
            0.9992846250534058,
            -0.036726534366607666,
            -0.00901969987899065,
            0.0
          ],
          [
            0.0364760085940361,
            0.9989824295043945,
            -0.026525020599365234,
            0.0
          ],
          [
            0.009984693489968777,
            0.026177043095231056,
            0.9996074438095093,
            0.0
          ],
          [
            0.0,
            0.0,
            0.0,
            1.0
          ]
        ],
        "rotation_mode": "QUATERNION"
      },
      "armature_space": {
        "head": {
          "x": 0.0,
          "y": 0.07072800397872925,
          "z": -0.009595036506652832
        },
        "tail": {
          "x": -0.0026213882956653833,
          "y": -0.00017920136451721191,
          "z": -0.001861227210611105
        }
      },
      "world_space": {
        "head": {
          "x": 0.0,
          "y": 0.13397200405597687,
          "z": 0.9402589797973633
        },
        "tail": {
          "x": -0.0026213882956653833,
          "y": 0.06306479871273041,
          "z": 0.9479928016662598
        },
        "rotation_quaternion": {
          "w": 0.054200679063797,
          "x": 0.9983509182929993,
          "y": -0.01858407072722912,
          "z": -0.0035083633847534657
        },
        "matrix": [
          [
            0.9992846250534058,
            -0.036726534366607666,
            -0.00901969987899065,
            0.0
          ],
          [
            -0.03748716413974762,
            -0.9934338331222534,
            -0.10809267312288284,
            0.13397200405597687
          ],
          [
            -0.004990675952285528,
            0.10835327953100204,
            -0.9941069483757019,
            0.9402589797973633
          ],
          [
            0.0,
            0.0,
            0.0,
            1.0
          ]
        ]
      },
      "bone_length_armature_space": 0.07137587463788465,
      "parent": null,
      "has_children": true,
      "is_end_bone": false
    },
    "spine_01": {
      "name": "spine_01",
      "local": {
        "location": {
          "x": 0.0,
          "y": 0.0,
          "z": 0.0
        },
        "rotation_quaternion": {
          "w": 0.994735836982727,
          "x": 0.08228621631860733,
          "y": -0.04750387743115425,
          "z": -0.03838034346699715
        },
        "scale": {
          "x": 1.0,
          "y": 1.0,
          "z": 1.0
        },
        "matrix_basis": [
          [
            0.9925406575202942,
            0.06853877753019333,
            -0.10082396864891052,
            0.0
          ],
          [
            -0.08417443186044693,
            0.9835118651390076,
            -0.16005966067314148,
            0.0
          ],
          [
            0.08819127082824707,
            0.16735252737998962,
            0.981944739818573,
            0.0
          ],
          [
            0.0,
            0.0,
            0.0,
            1.0
          ]
        ],
        "rotation_mode": "QUATERNION"
      },
      "armature_space": {
        "head": {
          "x": -0.0026213882956653833,
          "y": -0.00017920136451721191,
          "z": -0.001861227210611105
        },
        "tail": {
          "x": 0.030510758981108665,
          "y": -0.07329246401786804,
          "z": 0.4794963598251343
        }
      },
      "world_space": {
        "head": {
          "x": -0.0026213882956653833,
          "y": 0.06306479871273041,
          "z": 0.9479928016662598
        },
        "tail": {
          "x": 0.030510758981108665,
          "y": -0.010048463940620422,
          "z": 1.4293503761291504
        },
        "rotation_quaternion": {
          "w": 0.6516939997673035,
          "x": 0.7545329332351685,
          "y": -0.019592517986893654,
          "z": -0.0747743621468544
        },
        "matrix": [
          [
            0.9880499243736267,
            0.06789357215166092,
            -0.13837555050849915,
            -0.0026213882956653833
          ],
          [
            -0.12702591717243195,
            -0.14982187747955322,
            -0.9805192351341248,
            0.06306479871273041
          ],
          [
            -0.08730336278676987,
            0.9863860011100769,
            -0.1394091099500656,
            0.9479928016662598
          ],
          [
            0.0,
            0.0,
            0.0,
            1.0
          ]
        ]
      },
      "bone_length_armature_space": 0.4880045106581153,
      "parent": "Root",
      "has_children": true,
      "is_end_bone": false
    },
    "neck_01": {
      "name": "neck_01",
      "local": {
        "location": {
          "x": 0.0,
          "y": 0.0,
          "z": 0.0
        },
        "rotation_quaternion": {
          "w": 0.995993435382843,
          "x": 0.07128627598285675,
          "y": 0.04066695272922516,
          "z": 0.03552040457725525
        },
        "scale": {
          "x": 1.0,
          "y": 1.0,
          "z": 1.0
        },
        "matrix_basis": [
          [
            0.9941689968109131,
            -0.06495818495750427,
            0.08607227355241776,
            0.0
          ],
          [
            0.07655417174100876,
            0.9873131513595581,
            -0.13911230862140656,
            0.0
          ],
          [
            -0.07594379782676697,
            0.14489033818244934,
            0.9865289330482483,
            0.0
          ],
          [
            0.0,
            0.0,
            0.0,
            1.0
          ]
        ],
        "rotation_mode": "QUATERNION"
      },
      "armature_space": {
        "head": {
          "x": 0.030682895332574844,
          "y": -0.11826702952384949,
          "z": 0.5468832850456238
        },
        "tail": {
          "x": 0.02283051237463951,
          "y": -0.1817682683467865,
          "z": 0.6269872188568115
        }
      },
      "world_space": {
        "head": {
          "x": 0.030682895332574844,
          "y": -0.05502302944660187,
          "z": 1.4967372417449951
        },
        "tail": {
          "x": 0.02283051237463951,
          "y": -0.11852426826953888,
          "z": 1.5768412351608276
        },
        "rotation_quaternion": {
          "w": 0.4333937466144562,
          "x": 0.8997095823287964,
          "y": -0.049720145761966705,
          "z": -0.014853431843221188
        },
        "matrix": [
          [
            0.9946145415306091,
            -0.07659267634153366,
            -0.06982456147670746,
            0.030682895332574844
          ],
          [
            -0.10234233736991882,
            -0.6193952560424805,
            -0.778380274772644,
            -0.05502302944660187
          ],
          [
            0.01636924222111702,
            0.781339168548584,
            -0.6239032745361328,
            1.4967372417449951
          ],
          [
            0.0,
            0.0,
            0.0,
            1.0
          ]
        ]
      },
      "bone_length_armature_space": 0.10252174202063434,
      "parent": "spine_01",
      "has_children": true,
      "is_end_bone": false
    },
    "head": {
      "name": "head",
      "local": {
        "location": {
          "x": 0.0,
          "y": 0.0,
          "z": 0.0
        },
        "rotation_quaternion": {
          "w": 0.9820661544799805,
          "x": -0.1395053118467331,
          "y": 0.05861325189471245,
          "z": -0.11246692389249802
        },
        "scale": {
          "x": 1.0,
          "y": 1.0,
          "z": 1.0
        },
        "matrix_basis": [
          [
            0.9678313732147217,
            0.20454619824886322,
            0.14650364220142365,
            0.0
          ],
          [
            -0.23725363612174988,
            0.9357789158821106,
            0.26082277297973633,
            0.0
          ],
          [
            -0.08374471217393875,
            -0.2871910035610199,
            0.9542055130004883,
            0.0
          ],
          [
            0.0,
            0.0,
            0.0,
            1.0
          ]
        ],
        "rotation_mode": "QUATERNION"
      },
      "armature_space": {
        "head": {
          "x": 0.022830504924058914,
          "y": -0.18176832795143127,
          "z": 0.6269870400428772
        },
        "tail": {
          "x": 0.05184744670987129,
          "y": -0.1857944279909134,
          "z": 0.7792864441871643
        }
      },
      "world_space": {
        "head": {
          "x": 0.022830504924058914,
          "y": -0.11852432787418365,
          "z": 1.576841115951538
        },
        "tail": {
          "x": 0.05184744670987129,
          "y": -0.12255042791366577,
          "z": 1.7291405200958252
        },
        "rotation_quaternion": {
          "w": 0.6930133700370789,
          "x": 0.7144598364830017,
          "y": 0.08217348158359528,
          "z": -0.05027163773775101
        },
        "matrix": [
          [
            0.981440544128418,
            0.18709717690944672,
            0.04206179082393646,
            0.022830504924058914
          ],
          [
            0.047742754220962524,
            -0.025959700345993042,
            -0.9985224008560181,
            -0.11852432787418365
          ],
          [
            -0.18573009967803955,
            0.9820053577423096,
            -0.03441157937049866,
            1.576841115951538
          ],
          [
            0.0,
            0.0,
            0.0,
            1.0
          ]
        ]
      },
      "bone_length_armature_space": 0.1550912659576896,
      "parent": "neck_01",
      "has_children": false,
      "is_end_bone": true
    },
    "upperarm_l": {
      "name": "upperarm_l",
      "local": {
        "location": {
          "x": 0.0,
          "y": 0.0,
          "z": 0.0
        },
        "rotation_quaternion": {
          "w": 0.9777603149414062,
          "x": -0.12723994255065918,
          "y": 0.14448942244052887,
          "z": 0.08317305892705917
        },
        "scale": {
          "x": 1.0,
          "y": 1.0,
          "z": 1.0
        },
        "matrix_basis": [
          [
            0.9444100856781006,
            -0.19941627979278564,
            0.2613861858844757,
            0.0
          ],
          [
            0.12587697803974152,
            0.9537844657897949,
            0.27285557985305786,
            0.0
          ],
          [
            -0.3037179112434387,
            -0.22478507459163666,
            0.9258655905723572,
            0.0
          ],
          [
            0.0,
            0.0,
            0.0,
            1.0
          ]
        ],
        "rotation_mode": "QUATERNION"
      },
      "armature_space": {
        "head": {
          "x": 0.17388612031936646,
          "y": -0.13037873804569244,
          "z": 0.46705037355422974
        },
        "tail": {
          "x": 0.4379538595676422,
          "y": -0.10250046104192734,
          "z": 0.5030872821807861
        }
      },
      "world_space": {
        "head": {
          "x": 0.17388612031936646,
          "y": -0.06713473796844482,
          "z": 1.4169044494628906
        },
        "tail": {
          "x": 0.4379538595676422,
          "y": -0.03925646096467972,
          "z": 1.4529412984848022
        },
        "rotation_quaternion": {
          "w": 0.42958828806877136,
          "x": 0.5934033393859863,
          "y": 0.6061959266662598,
          "z": -0.30960118770599365
        },
        "matrix": [
          [
            0.07334934920072556,
            0.9854398369789124,
            0.1533890962600708,
            0.17388612031936646
          ],
          [
            0.4534342885017395,
            0.10403528064489365,
            -0.8851972222328186,
            -0.06713473796844482
          ],
          [
            -0.888272225856781,
            0.13448147475719452,
            -0.4392051696777344,
            1.4169044494628906
          ],
          [
            0.0,
            0.0,
            0.0,
            1.0
          ]
        ]
      },
      "bone_length_armature_space": 0.26796945549737183,
      "parent": "spine_01",
      "has_children": true,
      "is_end_bone": false
    },
    "lowerarm_l": {
      "name": "lowerarm_l",
      "local": {
        "location": {
          "x": 0.0,
          "y": 0.0,
          "z": 0.0
        },
        "rotation_quaternion": {
          "w": 0.9847650527954102,
          "x": 0.08552607893943787,
          "y": -0.08278966695070267,
          "z": 0.12676392495632172
        },
        "scale": {
          "x": 1.0,
          "y": 1.0,
          "z": 1.0
        },
        "matrix_basis": [
          [
            0.9541535377502441,
            -0.26382672786712646,
            -0.14137350022792816,
            0.0
          ],
          [
            0.23550401628017426,
            0.9532324075698853,
            -0.189435675740242,
            0.0
          ],
          [
            0.18473997712135315,
            0.14745670557022095,
            0.9716623425483704,
            0.0
          ],
          [
            0.0,
            0.0,
            0.0,
            1.0
          ]
        ],
        "rotation_mode": "QUATERNION"
      },
      "armature_space": {
        "head": {
          "x": 0.4379539489746094,
          "y": -0.1025005504488945,
          "z": 0.5030874013900757
        },
        "tail": {
          "x": 0.6804065704345703,
          "y": -0.17080189287662506,
          "z": 0.5932043790817261
        }
      },
      "world_space": {
        "head": {
          "x": 0.4379539489746094,
          "y": -0.03925655037164688,
          "z": 1.4529414176940918
        },
        "tail": {
          "x": 0.6804065704345703,
          "y": -0.10755789279937744,
          "z": 1.5430583953857422
        },
        "rotation_quaternion": {
          "w": 0.4765503704547882,
          "x": 0.6793708205223083,
          "y": 0.38111069798469543,
          "z": -0.4075654447078705
        },
        "matrix": [
          [
            0.37728962302207947,
            0.9062820672988892,
            -0.19053885340690613,
            0.4379539489746094
          ],
          [
            0.1293814480304718,
            -0.25530874729156494,
            -0.9581639170646667,
            -0.03925655037164688
          ],
          [
            -0.9170193076133728,
            0.33685511350631714,
            -0.2135838121175766,
            1.4529414176940918
          ],
          [
            0.0,
            0.0,
            0.0,
            1.0
          ]
        ]
      },
      "bone_length_armature_space": 0.2675246103401566,
      "parent": "upperarm_l",
      "has_children": true,
      "is_end_bone": false
    },
    "metacarpal_thumb_l": {
      "name": "metacarpal_thumb_l",
      "local": {
        "location": {
          "x": 0.0,
          "y": 0.0,
          "z": 0.0
        },
        "rotation_quaternion": {
          "w": 0.9990736246109009,
          "x": -0.041013751178979874,
          "y": -0.011384162120521069,
          "z": -0.006347218062728643
        },
        "scale": {
          "x": 1.0,
          "y": 1.0,
          "z": 1.0
        },
        "matrix_basis": [
          [
            0.9996602535247803,
            0.013616491109132767,
            -0.02222658507525921,
            0.0
          ],
          [
            -0.011748861521482468,
            0.9965551495552063,
            0.08209603279829025,
            0.0
          ],
          [
            0.023267878219485283,
            -0.08180699497461319,
            0.9963765740394592,
            0.0
          ],
          [
            0.0,
            0.0,
            0.0,
            1.0
          ]
        ],
        "rotation_mode": "QUATERNION"
      },
      "armature_space": {
        "head": {
          "x": 0.6804065704345703,
          "y": -0.17080189287662506,
          "z": 0.5932043790817261
        },
        "tail": {
          "x": 0.7131589651107788,
          "y": -0.20786303281784058,
          "z": 0.5959125757217407
        }
      },
      "world_space": {
        "head": {
          "x": 0.6804065704345703,
          "y": -0.10755789279937744,
          "z": 1.5430583953857422
        },
        "tail": {
          "x": 0.7131589651107788,
          "y": -0.14461903274059296,
          "z": 1.5457665920257568
        },
        "rotation_quaternion": {
          "w": 0.02559426613152027,
          "x": -0.923768937587738,
          "y": -0.35389864444732666,
          "z": -0.14405448734760284
        },
        "matrix": [
          [
            0.7080079913139343,
            0.6612151265144348,
            0.24803006649017334,
            0.6804065704345703
          ],
          [
            0.6464674472808838,
            -0.7482011318206787,
            0.1492479145526886,
            -0.10755789279937744
          ],
          [
            0.28426393866539,
            0.05467423051595688,
            -0.9571930766105652,
            1.5430583953857422
          ],
          [
            0.0,
            0.0,
            0.0,
            1.0
          ]
        ]
      },
      "bone_length_armature_space": 0.04953364220549824,
      "parent": "lowerarm_l",
      "has_children": true,
      "is_end_bone": false
    },
    "thumb_01_l": {
      "name": "thumb_01_l",
      "local": {
        "location": {
          "x": 0.0,
          "y": 0.0,
          "z": 0.0
        },
        "rotation_quaternion": {
          "w": 0.959395706653595,
          "x": 0.2820425033569336,
          "y": 0.0015583410859107971,
          "z": -0.0031058257445693016
        },
        "scale": {
          "x": 1.0,
          "y": 1.0,
          "z": 1.0
        },
        "matrix_basis": [
          [
            0.999975860118866,
            0.006838468834757805,
            0.001238181721419096,
            0.0
          ],
          [
            -0.00508039491251111,
            0.8408847451210022,
            -0.5411903858184814,
            0.0
          ],
          [
            -0.00474208127707243,
            0.5411710739135742,
            0.8408991694450378,
            0.0
          ],
          [
            0.0,
            0.0,
            0.0,
            1.0
          ]
        ],
        "rotation_mode": "QUATERNION"
      },
      "armature_space": {
        "head": {
          "x": 0.7131589651107788,
          "y": -0.20786303281784058,
          "z": 0.5959125757217407
        },
        "tail": {
          "x": 0.7429025173187256,
          "y": -0.21031728386878967,
          "z": 0.5795440673828125
        }
      },
      "world_space": {
        "head": {
          "x": 0.7131589651107788,
          "y": -0.14461903274059296,
          "z": 1.5457665920257568
        },
        "tail": {
          "x": 0.7429025173187256,
          "y": -0.14707328379154205,
          "z": 1.5293980836868286
        },
        "rotation_quaternion": {
          "w": 0.6711256504058838,
          "x": -0.4573877453804016,
          "y": -0.1163642406463623,
          "z": -0.571704626083374
        },
        "matrix": [
          [
            0.3192238509654999,
            0.8738181591033936,
            0.36679399013519287,
            0.7131589651107788
          ],
          [
            -0.660926103591919,
            -0.072101891040802,
            0.7469793558120728,
            -0.14461903274059296
          ],
          [
            0.6791746616363525,
            -0.48088085651397705,
            0.5545171499252319,
            1.5457665920257568
          ],
          [
            0.0,
            0.0,
            0.0,
            1.0
          ]
        ]
      },
      "bone_length_armature_space": 0.03403865920292736,
      "parent": "metacarpal_thumb_l",
      "has_children": true,
      "is_end_bone": false
    },
    "thumb_02_l": {
      "name": "thumb_02_l",
      "local": {
        "location": {
          "x": 0.0,
          "y": 0.0,
          "z": 0.0
        },
        "rotation_quaternion": {
          "w": 0.9041237831115723,
          "x": 0.42724552750587463,
          "y": 0.0002452554472256452,
          "z": 0.004644802771508694
        },
        "scale": {
          "x": 1.0,
          "y": 1.0,
          "z": 1.0
        },
        "matrix_basis": [
          [
            0.9999567270278931,
            -0.008189384825527668,
            0.0044124252162873745,
            0.0
          ],
          [
            0.008608521893620491,
            0.6348793506622314,
            -0.7725633978843689,
            0.0
          ],
          [
            0.0035254599060863256,
            0.7725679874420166,
            0.6349223852157593,
            0.0
          ],
          [
            0.0,
            0.0,
            0.0,
            1.0
          ]
        ],
        "rotation_mode": "QUATERNION"
      },
      "armature_space": {
        "head": {
          "x": 0.7429024577140808,
          "y": -0.21031728386878967,
          "z": 0.5795440673828125
        },
        "tail": {
          "x": 0.7485844492912292,
          "y": -0.20398925244808197,
          "z": 0.618798017501831
        }
      },
      "world_space": {
        "head": {
          "x": 0.7429024577140808,
          "y": -0.14707328379154205,
          "z": 1.5293980836868286
        },
        "tail": {
          "x": 0.7485844492912292,
          "y": -0.14074525237083435,
          "z": 1.5686520338058472
        },
        "rotation_quaternion": {
          "w": 0.5433914661407471,
          "x": 0.3937143385410309,
          "y": -0.5324495434761047,
          "z": -0.5159575343132019
        },
        "matrix": [
          [
            -0.09943010658025742,
            0.1414685845375061,
            -0.9849366545677185,
            0.7429024577140808
          ],
          [
            -0.9800000190734863,
            0.15755334496498108,
            0.12156131863594055,
            -0.14707328379154205
          ],
          [
            0.1723773181438446,
            0.9773316979408264,
            0.12297472357749939,
            1.5293980836868286
          ],
          [
            0.0,
            0.0,
            0.0,
            1.0
          ]
        ]
      },
      "bone_length_armature_space": 0.04016468135141593,
      "parent": "thumb_01_l",
      "has_children": true,
      "is_end_bone": false
    },
    "thumb_03_l": {
      "name": "thumb_03_l",
      "local": {
        "location": {
          "x": 0.0,
          "y": 0.0,
          "z": 0.0
        },
        "rotation_quaternion": {
          "w": 0.9865645170211792,
          "x": 0.16329188644886017,
          "y": 0.00509914243593812,
          "z": -0.0006389552727341652
        },
        "scale": {
          "x": 1.0,
          "y": 1.0,
          "z": 1.0
        },
        "matrix_basis": [
          [
            0.999947190284729,
            0.002926038345322013,
            0.009852593764662743,
            0.0
          ],
          [
            0.00040455596172250807,
            0.9466707110404968,
            -0.3222024738788605,
            0.0
          ],
          [
            -0.01026993803679943,
            0.32218945026397705,
            0.9466195106506348,
            0.0
          ],
          [
            0.0,
            0.0,
            0.0,
            1.0
          ]
        ],
        "rotation_mode": "QUATERNION"
      },
      "armature_space": {
        "head": {
          "x": 0.748584508895874,
          "y": -0.20398932695388794,
          "z": 0.6187979578971863
        },
        "tail": {
          "x": 0.7358962297439575,
          "y": -0.19719061255455017,
          "z": 0.6456249356269836
        }
      },
      "world_space": {
        "head": {
          "x": 0.748584508895874,
          "y": -0.14074532687664032,
          "z": 1.5686519145965576
        },
        "tail": {
          "x": 0.7358962297439575,
          "y": -0.13394661247730255,
          "z": 1.5954790115356445
        },
        "rotation_quaternion": {
          "w": 0.5480965375900269,
          "x": 0.584863543510437,
          "y": -0.557893693447113,
          "z": -0.2151268720626831
        },
        "matrix": [
          [
            0.28494638204574585,
            -0.416762113571167,
            -0.8632003664970398,
            0.748584508895874
          ],
          [
            -0.8884049654006958,
            0.22331221401691437,
            -0.40108421444892883,
            -0.14074532687664032
          ],
          [
            0.359921395778656,
            0.8811653256416321,
            -0.3066239655017853,
            1.5686519145965576
          ],
          [
            0.0,
            0.0,
            0.0,
            1.0
          ]
        ]
      },
      "bone_length_armature_space": 0.030445059981928906,
      "parent": "thumb_02_l",
      "has_children": false,
      "is_end_bone": true
    },
    "metacarpal_index_l": {
      "name": "metacarpal_index_l",
      "local": {
        "location": {
          "x": 0.0,
          "y": 0.0,
          "z": 0.0
        },
        "rotation_quaternion": {
          "w": 0.9994244575500488,
          "x": -0.02432403713464737,
          "y": 0.018822643905878067,
          "z": -0.014314613305032253
        },
        "scale": {
          "x": 1.0,
          "y": 1.0,
          "z": 1.0
        },
        "matrix_basis": [
          [
            0.9988815784454346,
            0.027697063982486725,
            0.03832000121474266,
            0.0
          ],
          [
            -0.029528435319662094,
            0.9984068870544434,
            0.04808119684457779,
            0.0
          ],
          [
            -0.0369272418320179,
            -0.04915895313024521,
            0.9981080889701843,
            0.0
          ],
          [
            0.0,
            0.0,
            0.0,
            1.0
          ]
        ],
        "rotation_mode": "QUATERNION"
      },
      "armature_space": {
        "head": {
          "x": 0.6804065704345703,
          "y": -0.17080189287662506,
          "z": 0.5932043790817261
        },
        "tail": {
          "x": 0.7784738540649414,
          "y": -0.22807133197784424,
          "z": 0.6220529079437256
        }
      },
      "world_space": {
        "head": {
          "x": 0.6804065704345703,
          "y": -0.10755789279937744,
          "z": 1.5430583953857422
        },
        "tail": {
          "x": 0.7784738540649414,
          "y": -0.16482733190059662,
          "z": 1.5719069242477417
        },
        "rotation_quaternion": {
          "w": 0.17499470710754395,
          "x": 0.8608209490776062,
          "y": 0.4743354916572571,
          "z": -0.05805293098092079
        },
        "matrix": [
          [
            0.5432711243629456,
            0.8369535803794861,
            0.06606720387935638,
            0.6804065704345703
          ],
          [
            0.7963181138038635,
            -0.48876500129699707,
            -0.3563515543937683,
            -0.10755789279937744
          ],
          [
            -0.2659595012664795,
            0.24620714783668518,
            -0.9320201277732849,
            1.5430583953857422
          ],
          [
            0.0,
            0.0,
            0.0,
            1.0
          ]
        ]
      },
      "bone_length_armature_space": 0.1171717456817581,
      "parent": "lowerarm_l",
      "has_children": true,
      "is_end_bone": false
    },
    "index_01_l": {
      "name": "index_01_l",
      "local": {
        "location": {
          "x": 0.0,
          "y": 0.0,
          "z": 0.0
        },
        "rotation_quaternion": {
          "w": 0.9473827481269836,
          "x": 0.3190389573574066,
          "y": -0.025667473673820496,
          "z": 0.004618140868842602
        },
        "scale": {
          "x": 1.0,
          "y": 1.0,
          "z": 1.0
        },
        "matrix_basis": [
          [
            0.998639702796936,
            -0.025128142908215523,
            -0.04568710923194885,
            0.0
          ],
          [
            -0.00762755423784256,
            0.796385645866394,
            -0.604741096496582,
            0.0
          ],
          [
            0.051580578088760376,
            0.6042669415473938,
            0.7951106429100037,
            0.0
          ],
          [
            0.0,
            0.0,
            0.0,
            1.0
          ]
        ],
        "rotation_mode": "QUATERNION"
      },
      "armature_space": {
        "head": {
          "x": 0.7784738540649414,
          "y": -0.22807133197784424,
          "z": 0.6220529079437256
        },
        "tail": {
          "x": 0.8034297823905945,
          "y": -0.23808248341083527,
          "z": 0.61256343126297
        }
      },
      "world_space": {
        "head": {
          "x": 0.7784738540649414,
          "y": -0.16482733190059662,
          "z": 1.5719069242477417
        },
        "tail": {
          "x": 0.8034297823905945,
          "y": -0.17483848333358765,
          "z": 1.5624175071716309
        },
        "rotation_quaternion": {
          "w": 0.025259939953684807,
          "x": -0.7804493308067322,
          "y": -0.5690481662750244,
          "z": 0.2577691674232483
        },
        "matrix": [
          [
            0.2194771021604538,
            0.875204861164093,
            -0.4310986399650574,
            0.7784738540649414
          ],
          [
            0.9012487530708313,
            -0.35109150409698486,
            -0.2539404630661011,
            -0.16482733190059662
          ],
          [
            -0.37360671162605286,
            -0.33279573917388916,
            -0.8658400774002075,
            1.5719069242477417
          ],
          [
            0.0,
            0.0,
            0.0,
            1.0
          ]
        ]
      },
      "bone_length_armature_space": 0.028514411437897895,
      "parent": "metacarpal_index_l",
      "has_children": true,
      "is_end_bone": false
    },
    "index_02_l": {
      "name": "index_02_l",
      "local": {
        "location": {
          "x": 0.0,
          "y": 0.0,
          "z": 0.0
        },
        "rotation_quaternion": {
          "w": 0.9015897512435913,
          "x": 0.4325180649757385,
          "y": -0.0076510850340127945,
          "z": -0.0023808288387954235
        },
        "scale": {
          "x": 1.0,
          "y": 1.0,
          "z": 1.0
        },
        "matrix_basis": [
          [
            0.9998716115951538,
            -0.002325403271242976,
            -0.015855783596634865,
            0.0
          ],
          [
            -0.010911527089774609,
            0.6258448958396912,
            -0.7798712849617004,
            0.0
          ],
          [
            0.011736776679754257,
            0.779944121837616,
            0.6257391571998596,
            0.0
          ],
          [
            0.0,
            0.0,
            0.0,
            1.0
          ]
        ],
        "rotation_mode": "QUATERNION"
      },
      "armature_space": {
        "head": {
          "x": 0.8034299612045288,
          "y": -0.2380829155445099,
          "z": 0.6125631332397461
        },
        "tail": {
          "x": 0.8095582127571106,
          "y": -0.2496689260005951,
          "z": 0.5905107855796814
        }
      },
      "world_space": {
        "head": {
          "x": 0.8034299612045288,
          "y": -0.17483891546726227,
          "z": 1.5624171495437622
        },
        "tail": {
          "x": 0.8095582127571106,
          "y": -0.18642492592334747,
          "z": 1.5403647422790527
        },
        "rotation_quaternion": {
          "w": 0.3232455551624298,
          "x": -0.6861836314201355,
          "y": -0.41193798184394836,
          "z": 0.5049470067024231
        },
        "matrix": [
          [
            0.15067096054553986,
            0.23888862133026123,
            -0.9592863917350769,
            0.8034299612045288
          ],
          [
            0.8917742371559143,
            -0.4516386389732361,
            0.027596816420555115,
            -0.17483891546726227
          ],
          [
            -0.42666035890579224,
            -0.859631359577179,
            -0.28108543157577515,
            1.5624171495437622
          ],
          [
            0.0,
            0.0,
            0.0,
            1.0
          ]
        ]
      },
      "bone_length_armature_space": 0.025653404033616052,
      "parent": "index_01_l",
      "has_children": true,
      "is_end_bone": false
    },
    "index_03_l": {
      "name": "index_03_l",
      "local": {
        "location": {
          "x": 0.0,
          "y": 0.0,
          "z": 0.0
        },
        "rotation_quaternion": {
          "w": 0.9374039173126221,
          "x": 0.3481801450252533,
          "y": -0.0029109567403793335,
          "z": -0.006013053003698587
        },
        "scale": {
          "x": 1.0,
          "y": 1.0,
          "z": 1.0
        },
        "matrix_basis": [
          [
            0.9999107122421265,
            0.009246244095265865,
            -0.009644735604524612,
            0.0
          ],
          [
            -0.013300393708050251,
            0.7574688792228699,
            -0.6527358293533325,
            0.0
          ],
          [
            0.0012702331878244877,
            0.6528058648109436,
            0.7575242519378662,
            0.0
          ],
          [
            0.0,
            0.0,
            0.0,
            1.0
          ]
        ],
        "rotation_mode": "QUATERNION"
      },
      "armature_space": {
        "head": {
          "x": 0.8095583319664001,
          "y": -0.2496689409017563,
          "z": 0.5905108451843262
        },
        "tail": {
          "x": 0.7948790788650513,
          "y": -0.2550143897533417,
          "z": 0.5658190250396729
        }
      },
      "world_space": {
        "head": {
          "x": 0.8095583319664001,
          "y": -0.18642494082450867,
          "z": 1.5403648614883423
        },
        "tail": {
          "x": 0.7948790788650513,
          "y": -0.19177038967609406,
          "z": 1.515673041343689
        },
        "rotation_quaternion": {
          "w": 0.6009764075279236,
          "x": -0.4877704083919525,
          "y": -0.2176125943660736,
          "z": 0.594602644443512
        },
        "matrix": [
          [
            0.19818076491355896,
            -0.5023934841156006,
            -0.8416205644607544,
            0.8095583319664001
          ],
          [
            0.9269750714302063,
            -0.18294674158096313,
            0.3274872303009033,
            -0.18642494082450867
          ],
          [
            -0.3185005486011505,
            -0.8450690507888794,
            0.4294530749320984,
            1.5403648614883423
          ],
          [
            0.0,
            0.0,
            0.0,
            1.0
          ]
        ]
      },
      "bone_length_armature_space": 0.029218833823792204,
      "parent": "index_02_l",
      "has_children": false,
      "is_end_bone": true
    },
    "metacarpal_pinky_l": {
      "name": "metacarpal_pinky_l",
      "local": {
        "location": {
          "x": 0.0,
          "y": 0.0,
          "z": 0.0
        },
        "rotation_quaternion": {
          "w": 0.9994105696678162,
          "x": -0.032373614609241486,
          "y": 0.0026409944985061884,
          "z": 0.01111644133925438
        },
        "scale": {
          "x": 1.0,
          "y": 1.0,
          "z": 1.0
        },
        "matrix_basis": [
          [
            0.999738872051239,
            -0.02239077538251877,
            0.004559116903692484,
            0.0
          ],
          [
            0.02204878069460392,
            0.9976567625999451,
            0.06476778537034988,
            0.0
          ],
          [
            -0.005998634267598391,
            -0.06465034931898117,
            0.9978899359703064,
            0.0
          ],
          [
            0.0,
            0.0,
            0.0,
            1.0
          ]
        ],
        "rotation_mode": "QUATERNION"
      },
      "armature_space": {
        "head": {
          "x": 0.6804065704345703,
          "y": -0.17080189287662506,
          "z": 0.5932043790817261
        },
        "tail": {
          "x": 0.7781316637992859,
          "y": -0.16100046038627625,
          "z": 0.6278015375137329
        }
      },
      "world_space": {
        "head": {
          "x": 0.6804065704345703,
          "y": -0.10755789279937744,
          "z": 1.5430583953857422
        },
        "tail": {
          "x": 0.7781316637992859,
          "y": -0.09775646030902863,
          "z": 1.577655553817749
        },
        "rotation_quaternion": {
          "w": 0.7392732501029968,
          "x": 0.24439936876296997,
          "y": 0.02321338839828968,
          "z": -0.6270608305931091
        },
        "matrix": [
          [
            0.2125106006860733,
            0.9384846091270447,
            -0.27218663692474365,
            0.6804065704345703
          ],
          [
            -0.9157929420471191,
            0.09412622451782227,
            -0.39046618342399597,
            -0.10755789279937744
          ],
          [
            -0.3408297896385193,
            0.33224716782569885,
            0.87946617603302,
            1.5430583953857422
          ],
          [
            0.0,
            0.0,
            0.0,
            1.0
          ]
        ]
      },
      "bone_length_armature_space": 0.10413081050577584,
      "parent": "lowerarm_l",
      "has_children": true,
      "is_end_bone": false
    },
    "pinky_01_l": {
      "name": "pinky_01_l",
      "local": {
        "location": {
          "x": 0.0,
          "y": 0.0,
          "z": 0.0
        },
        "rotation_quaternion": {
          "w": 0.9481679201126099,
          "x": 0.317029744386673,
          "y": 0.012844141572713852,
          "z": 0.017459195107221603
        },
        "scale": {
          "x": 1.0,
          "y": 1.0,
          "z": 1.0
        },
        "matrix_basis": [
          [
            0.9990603923797607,
            -0.024964546784758568,
            0.035426974296569824,
            0.0
          ],
          [
            0.04125244542956352,
            0.7983746528625488,
            -0.6007463932037354,
            0.0
          ],
          [
            -0.01328663807362318,
            0.6016433835029602,
            0.798654317855835,
            0.0
          ],
          [
            0.0,
            0.0,
            0.0,
            1.0
          ]
        ],
        "rotation_mode": "QUATERNION"
      },
      "armature_space": {
        "head": {
          "x": 0.7781316637992859,
          "y": -0.16100046038627625,
          "z": 0.6278015375137329
        },
        "tail": {
