{
  "metadata": {
    "armature_name": "KIM_caucasian_male",
    "export_time": "2026-01-13T21:05:00.849339",
    "blender_version": "4.4.1",
    "bone_count": 56,
    "end_bone_count": 13,
    "spaces_included": [
      "LOCAL_CHANNELS",
      "ARMATURE_SPACE",
      "WORLD_SPACE"
    ],
    "note": "LOCAL matches Transform panel; replay pose via local.matrix_basis for best fidelity."
  },
  "bones": {
    "Root": {
      "name": "Root",
      "local": {
        "location": {
          "x": 0.0,
          "y": 0.0,
          "z": 0.0
        },
        "rotation_quaternion": {
          "w": 0.9997038841247559,
          "x": 0.01745031774044037,
          "y": -0.00044687296031042933,
          "z": -0.016955945640802383
        },
        "scale": {
          "x": 1.0,
          "y": 1.0,
          "z": 1.0
        },
        "matrix_basis": [
          [
            0.9994245767593384,
            0.03388625383377075,
            -0.001485254499129951,
            0.0
          ],
          [
            -0.033917445689439774,
            0.9988159537315369,
            -0.03487514704465866,
            0.0
          ],
          [
            0.00030170800164341927,
            0.03490545600652695,
            0.9993906021118164,
            0.0
          ],
          [
            0.0,
            0.0,
            0.0,
            1.0
          ]
        ],
        "rotation_mode": "QUATERNION"
      },
      "armature_space": {
        "head": {
          "x": 0.0,
          "y": 0.07072800397872925,
          "z": -0.009595036506652832
        },
        "tail": {
          "x": 0.00241866079159081,
          "y": -0.00025116652250289917,
          "z": -0.0024801725521683693
        }
      },
      "world_space": {
        "head": {
          "x": 0.0,
          "y": 0.13397200405597687,
          "z": 0.9402589797973633
        },
        "tail": {
          "x": 0.00241866079159081,
          "y": 0.06299283355474472,
          "z": 0.9473738670349121
        },
        "rotation_quaternion": {
          "w": 0.04993702471256256,
          "x": 0.9986083507537842,
          "y": 0.016887322068214417,
          "z": -0.0015881418948993087
        },
        "matrix": [
          [
            0.9994245767593384,
            0.03388625383377075,
            -0.001485254499129951,
            0.0
          ],
          [
            0.03356902673840523,
            -0.9944421648979187,
            -0.09978917241096497,
            0.13397200405597687
          ],
          [
            -0.00485848356038332,
            0.09968164563179016,
            -0.9950146079063416,
            0.9402589797973633
          ],
          [
            0.0,
            0.0,
            0.0,
            1.0
          ]
        ]
      },
      "bone_length_armature_space": 0.07137586259957064,
      "parent": null,
      "has_children": true,
      "is_end_bone": false
    },
    "spine_01": {
      "name": "spine_01",
      "local": {
        "location": {
          "x": 0.0,
          "y": 0.0,
          "z": 0.0
        },
        "rotation_quaternion": {
          "w": 0.9994488954544067,
          "x": -0.013000252656638622,
          "y": 0.008590917102992535,
          "z": -0.029312806203961372
        },
        "scale": {
          "x": 1.0,
          "y": 1.0,
          "z": 1.0
        },
        "matrix_basis": [
          [
            0.9981338977813721,
            0.05836993455886841,
            0.017934512346982956,
            0.0
          ],
          [
            -0.05881667137145996,
            0.9979435205459595,
            0.025482527911663055,
            0.0
          ],
          [
            -0.016410216689109802,
            -0.026489824056625366,
            0.9995144009590149,
            0.0
          ],
          [
            0.0,
            0.0,
            0.0,
            1.0
          ]
        ],
        "rotation_mode": "QUATERNION"
      },
      "armature_space": {
        "head": {
          "x": 0.00241866079159081,
          "y": -0.00025116652250289917,
          "z": -0.0024801725521683693
        },
        "tail": {
          "x": 0.03262442722916603,
          "y": 0.01943003386259079,
          "z": 0.48419100046157837
        }
      },
      "world_space": {
        "head": {
          "x": 0.00241866079159081,
          "y": 0.06299283355474472,
          "z": 0.9473738670349121
        },
        "tail": {
          "x": 0.03262442722916603,
          "y": 0.08267403393983841,
          "z": 1.4340450763702393
        },
        "rotation_quaternion": {
          "w": 0.7201090455055237,
          "x": 0.6926873326301575,
          "y": 0.040098290890455246,
          "z": -0.004406110383570194
        },
        "matrix": [
          [
            0.9967454671859741,
            0.0618969090282917,
            0.051645755767822266,
            0.00241866079159081
          ],
          [
            0.049204953014850616,
            0.040330227464437485,
            -0.9979740977287292,
            0.06299283355474472
          ],
          [
            -0.06385480612516403,
            0.9972745180130005,
            0.03715267404913902,
            0.9473738670349121
          ],
          [
            0.0,
            0.0,
            0.0,
            1.0
          ]
        ]
      },
      "bone_length_armature_space": 0.48800468143277437,
      "parent": "Root",
      "has_children": true,
      "is_end_bone": false
    },
    "neck_01": {
      "name": "neck_01",
      "local": {
        "location": {
          "x": 0.0,
          "y": 0.0,
          "z": 0.0
        },
        "rotation_quaternion": {
          "w": 0.9876646399497986,
          "x": -0.04087304696440697,
          "y": -0.0940396636724472,
          "z": 0.11834081262350082
        },
        "scale": {
          "x": 1.0,
          "y": 1.0,
          "z": 1.0
        },
        "matrix_basis": [
          [
            0.9543039798736572,
            -0.2260746955871582,
            -0.19543319940567017,
            0.0
          ],
          [
            0.24144944548606873,
            0.968649685382843,
            0.058480266481637955,
            0.0
          ],
          [
            0.17608539760112762,
            -0.10299518704414368,
            0.9789718985557556,
            0.0
          ],
          [
            0.0,
            0.0,
            0.0,
            1.0
          ]
        ],
        "rotation_mode": "QUATERNION"
      },
      "armature_space": {
        "head": {
          "x": 0.03894752264022827,
          "y": -0.01222723163664341,
          "z": 0.5584984421730042
        },
        "tail": {
          "x": 0.02324112504720688,
          "y": -0.03736500069499016,
          "z": 0.6566420197486877
        }
      },
      "world_space": {
        "head": {
          "x": 0.03894752264022827,
          "y": 0.05101677030324936,
          "z": 1.508352518081665
        },
        "tail": {
          "x": 0.02324112504720688,
          "y": 0.02587899938225746,
          "z": 1.6064960956573486
        },
        "rotation_quaternion": {
          "w": 0.6039033532142639,
          "x": 0.7887858152389526,
          "y": -0.1127065047621727,
          "z": -0.020368793979287148
        },
        "matrix": [
          [
            0.9737645983695984,
            -0.15320125222206116,
            -0.16826164722442627,
            0.03894752264022827
          ],
          [
            -0.2024049013853073,
            -0.24519547820091248,
            -0.94810950756073,
            0.05101677030324936
          ],
          [
            0.10399506241083145,
            0.9572988152503967,
            -0.2697741985321045,
            1.508352518081665
          ],
          [
            0.0,
            0.0,
            0.0,
            1.0
          ]
        ]
      },
      "bone_length_armature_space": 0.10252199854101116,
      "parent": "spine_01",
      "has_children": true,
      "is_end_bone": false
    },
    "head": {
      "name": "head",
      "local": {
        "location": {
          "x": 0.0,
          "y": 0.0,
          "z": 0.0
        },
        "rotation_quaternion": {
          "w": 0.9949493408203125,
          "x": 0.04505486786365509,
          "y": -0.0783258005976677,
          "z": -0.04371561482548714
        },
        "scale": {
          "x": 1.0,
          "y": 1.0,
          "z": 1.0
        },
        "matrix_basis": [
          [
            0.9839080572128296,
            0.07993172854185104,
            -0.15979960560798645,
            0.0
          ],
          [
            -0.09404756128787994,
            0.9921180009841919,
            -0.08280649781227112,
            0.0
          ],
          [
            0.15192119777202606,
            0.09650274366140366,
            0.9836702346801758,
            0.0
          ],
          [
            0.0,
            0.0,
            0.0,
            1.0
          ]
        ],
        "rotation_mode": "QUATERNION"
      },
      "armature_space": {
        "head": {
          "x": 0.023241110146045685,
          "y": -0.037365131080150604,
          "z": 0.6566418409347534
        },
        "tail": {
          "x": 0.019369376823306084,
          "y": -0.0368770956993103,
          "z": 0.8116840720176697
        }
      },
      "world_space": {
        "head": {
          "x": 0.023241110146045685,
          "y": 0.025878868997097015,
          "z": 1.6064958572387695
        },
        "tail": {
          "x": 0.019369376823306084,
          "y": 0.026366904377937317,
          "z": 1.761538028717041
        },
        "rotation_quaternion": {
          "w": 0.6945450305938721,
          "x": 0.6955940127372742,
          "y": -0.1384928822517395,
          "z": -0.12073037773370743
        },
        "matrix": [
          [
            0.9324879050254822,
            -0.02496439218521118,
            -0.36033785343170166,
            0.023241110146045685
          ],
          [
            -0.3603751063346863,
            0.0031467750668525696,
            -0.9328023195266724,
            0.025878868997097015
          ],
          [
            0.024420514702796936,
            0.9996905326843262,
            -0.006063178181648254,
            1.6064958572387695
          ],
          [
            0.0,
            0.0,
            0.0,
            1.0
          ]
        ]
      },
      "bone_length_armature_space": 0.15509133329123193,
      "parent": "neck_01",
      "has_children": false,
      "is_end_bone": true
    },
    "upperarm_l": {
      "name": "upperarm_l",
      "local": {
        "location": {
          "x": 0.0,
          "y": 0.0,
          "z": 0.0
        },
        "rotation_quaternion": {
          "w": 0.9585009813308716,
          "x": 0.005710280500352383,
          "y": -0.20980538427829742,
          "z": -0.19293789565563202
        },
        "scale": {
          "x": 1.0,
          "y": 1.0,
          "z": 1.0
        },
        "matrix_basis": [
          [
            0.8375133275985718,
            0.3674662411212921,
            -0.4044007956981659,
            0.0
          ],
          [
            -0.37225842475891113,
            0.9254847168922424,
            0.07001219689846039,
            0.0
          ],
          [
            0.3999938666820526,
            0.09190543740987778,
            0.9118981957435608,
            0.0
          ],
          [
            0.0,
            0.0,
            0.0,
            1.0
          ]
        ],
        "rotation_mode": "QUATERNION"
      },
      "armature_space": {
        "head": {
          "x": 0.18446409702301025,
          "y": -0.010739659890532494,
          "z": 0.48201408982276917
        },
        "tail": {
          "x": 0.42429354786872864,
          "y": -0.015337983146309853,
          "z": 0.36256322264671326
        }
      },
      "world_space": {
        "head": {
          "x": 0.18446409702301025,
          "y": 0.05250433832406998,
          "z": 1.431868076324463
        },
        "tail": {
          "x": 0.42429354786872864,
          "y": 0.047906018793582916,
          "z": 1.3124172687530518
        },
        "rotation_quaternion": {
          "w": 0.4956521689891815,
          "x": 0.22661952674388885,
          "y": 0.4957304894924164,
          "z": -0.6761833429336548
        },
        "matrix": [
          [
            -0.40594372153282166,
            0.8949881196022034,
            0.18494859337806702,
            0.18446409702301025
          ],
          [
            -0.44562190771102905,
            -0.017159879207611084,
            -0.8950568437576294,
            0.05250433832406998
          ],
          [
            -0.7978975176811218,
            -0.4457630515098572,
            0.40579426288604736,
            1.431868076324463
          ],
          [
            0.0,
            0.0,
            0.0,
            1.0
          ]
        ]
      },
      "bone_length_armature_space": 0.2679698120664839,
      "parent": "spine_01",
      "has_children": true,
      "is_end_bone": false
    },
    "lowerarm_l": {
      "name": "lowerarm_l",
      "local": {
        "location": {
          "x": 0.0,
          "y": 0.0,
          "z": 0.0
        },
        "rotation_quaternion": {
          "w": 0.9398255348205566,
          "x": 0.15266890823841095,
          "y": 0.034064602106809616,
          "z": -0.3037428855895996
        },
        "scale": {
          "x": 1.0,
          "y": 1.0,
          "z": 1.0
        },
        "matrix_basis": [
          [
            0.813159704208374,
            0.5813318490982056,
            -0.028714623302221298,
            0.0
          ],
          [
            -0.5605294108390808,
            0.7688649296760559,
            -0.30765804648399353,
            0.0
          ],
          [
            -0.15677376091480255,
            0.2662705183029175,
            0.9510636329650879,
            0.0
          ],
          [
            0.0,
            0.0,
            0.0,
            1.0
          ]
        ],
        "rotation_mode": "QUATERNION"
      },
      "armature_space": {
        "head": {
          "x": 0.4242936968803406,
          "y": -0.01533797662705183,
          "z": 0.3625633120536804
        },
        "tail": {
          "x": 0.5752539038658142,
          "y": -0.1804320365190506,
          "z": 0.21585048735141754
        }
      },
      "world_space": {
        "head": {
          "x": 0.4242936968803406,
          "y": 0.047906022518873215,
          "z": 1.3124172687530518
        },
        "tail": {
          "x": 0.5752539038658142,
          "y": -0.11718803644180298,
          "z": 1.1657044887542725
        },
        "rotation_quaternion": {
          "w": 0.24185246229171753,
          "x": 0.1909654140472412,
          "y": 0.36462122201919556,
          "z": -0.8786871433258057
        },
        "matrix": [
          [
            -0.8100791573524475,
            0.5642855167388916,
            -0.1592271625995636,
            0.4242936968803406
          ],
          [
            -0.2857667803764343,
            -0.6171175837516785,
            -0.7331461906433105,
            0.047906022518873215
          ],
          [
            -0.5119695663452148,
            -0.5484089851379395,
            0.6611723303794861,
            1.3124172687530518
          ],
          [
            0.0,
            0.0,
            0.0,
            1.0
          ]
        ]
      },
      "bone_length_armature_space": 0.26752511425198566,
      "parent": "upperarm_l",
      "has_children": true,
      "is_end_bone": false
    },
    "metacarpal_thumb_l": {
      "name": "metacarpal_thumb_l",
      "local": {
        "location": {
          "x": 0.0,
          "y": 0.0,
          "z": 0.0
        },
        "rotation_quaternion": {
          "w": 0.9995315670967102,
          "x": -0.02250896580517292,
          "y": 0.019350165501236916,
          "z": -0.007466004230082035
        },
        "scale": {
          "x": 1.0,
          "y": 1.0,
          "z": 1.0
        },
        "matrix_basis": [
          [
            0.999139666557312,
            0.014053909108042717,
            0.039018306881189346,
            0.0
          ],
          [
            -0.01579611748456955,
            0.9988752007484436,
            0.04470790550112724,
            0.0
          ],
          [
            -0.038346096873283386,
            -0.04528577998280525,
            0.9982378482818604,
            0.0
          ],
          [
            0.0,
            0.0,
            0.0,
            1.0
          ]
        ],
        "rotation_mode": "QUATERNION"
      },
      "armature_space": {
        "head": {
          "x": 0.5752539038658142,
          "y": -0.1804320365190506,
          "z": 0.21585048735141754
        },
        "tail": {
          "x": 0.5875928997993469,
          "y": -0.22797313332557678,
          "z": 0.20943349599838257
        }
      },
      "world_space": {
        "head": {
          "x": 0.5752539038658142,
          "y": -0.11718803644180298,
          "z": 1.1657044887542725
        },
        "tail": {
          "x": 0.5875928997993469,
          "y": -0.16472913324832916,
          "z": 1.159287452697754
        },
        "rotation_quaternion": {
          "w": 0.009235074743628502,
          "x": 0.8466241359710693,
          "y": 0.14151974022388458,
          "z": -0.5129470229148865
        },
        "matrix": [
          [
            0.43371492624282837,
            0.24910330772399902,
            -0.8659321665763855,
            0.5752539038658142
          ],
          [
            0.2301538586616516,
            -0.9597734212875366,
            -0.1608227640390396,
            -0.11718803644180298
          ],
          [
            -0.8711664080619812,
            -0.12954799830913544,
            -0.47360366582870483,
            1.1657044887542725
          ],
          [
            0.0,
            0.0,
            0.0,
            1.0
          ]
        ]
      },
      "bone_length_armature_space": 0.049533671142664326,
      "parent": "lowerarm_l",
      "has_children": true,
      "is_end_bone": false
    },
    "thumb_01_l": {
      "name": "thumb_01_l",
      "local": {
        "location": {
          "x": 0.0,
          "y": 0.0,
          "z": 0.0
        },
        "rotation_quaternion": {
          "w": 0.9841022491455078,
          "x": 0.1770593374967575,
          "y": 0.011472768150269985,
          "z": -0.007824630476534367
        },
        "scale": {
          "x": 1.0,
          "y": 1.0,
          "z": 1.0
        },
        "matrix_basis": [
          [
            0.9996142983436584,
            0.01946319453418255,
            0.01980990543961525,
            0.0
          ],
          [
            -0.011337751522660255,
            0.9371775388717651,
            -0.34866851568222046,
            0.0
          ],
          [
            -0.02535160258412361,
            0.3483094573020935,
            0.9370367527008057,
            0.0
          ],
          [
            0.0,
            0.0,
            0.0,
            1.0
          ]
        ],
        "rotation_mode": "QUATERNION"
      },
      "armature_space": {
        "head": {
          "x": 0.5875928997993469,
          "y": -0.22797313332557678,
          "z": 0.20943349599838257
        },
        "tail": {
          "x": 0.5756405591964722,
          "y": -0.25169050693511963,
          "z": 0.18814359605312347
        }
      },
      "world_space": {
        "head": {
          "x": 0.5875928997993469,
          "y": -0.16472913324832916,
          "z": 1.159287452697754
        },
        "tail": {
          "x": 0.5756405591964722,
          "y": -0.188446506857872,
          "z": 1.1379976272583008
        },
        "rotation_quaternion": {
          "w": 0.2829706370830536,
          "x": -0.8934236168861389,
          "y": 0.2674660384654999,
          "z": -0.22401779890060425
        },
        "matrix": [
          [
            0.7565551996231079,
            -0.3511406183242798,
            0.5516557693481445,
            0.5875928997993469
          ],
          [
            -0.6047021150588989,
            -0.6967792510986328,
            0.38578978180885315,
            -0.16472913324832916
          ],
          [
            0.24891717731952667,
            -0.6254638433456421,
            -0.739492654800415,
            1.159287452697754
          ],
          [
            0.0,
            0.0,
            0.0,
            1.0
          ]
        ]
      },
      "bone_length_armature_space": 0.03403868584890161,
      "parent": "metacarpal_thumb_l",
      "has_children": true,
      "is_end_bone": false
    },
    "thumb_02_l": {
      "name": "thumb_02_l",
      "local": {
        "location": {
          "x": 0.0,
          "y": 0.0,
          "z": 0.0
        },
        "rotation_quaternion": {
          "w": 0.9230395555496216,
          "x": 0.3846186101436615,
          "y": -0.008070339448750019,
          "z": -0.0012360470136627555
        },
        "scale": {
          "x": 1.0,
          "y": 1.0,
          "z": 1.0
        },
        "matrix_basis": [
          [
            0.9998666644096375,
            -0.00392616493627429,
            -0.015849297866225243,
            0.0
          ],
          [
            -0.008489846251904964,
            0.7041339874267578,
            -0.7100164294242859,
            0.0
          ],
          [
            0.01394767127931118,
            0.7100563049316406,
            0.7040067911148071,
            0.0
          ],
          [
            0.0,
            0.0,
            0.0,
            1.0
          ]
        ],
        "rotation_mode": "QUATERNION"
      },
      "armature_space": {
        "head": {
          "x": 0.5756405591964722,
          "y": -0.25169047713279724,
          "z": 0.18814362585544586
        },
        "tail": {
          "x": 0.6147767305374146,
          "y": -0.2483229786157608,
          "z": 0.17976506054401398
        }
      },
      "world_space": {
        "head": {
          "x": 0.5756405591964722,
          "y": -0.18844647705554962,
          "z": 1.1379976272583008
        },
        "tail": {
          "x": 0.6147767305374146,
          "y": -0.18507897853851318,
          "z": 1.1296191215515137
        },
        "rotation_quaternion": {
          "w": 0.6928408145904541,
          "x": -0.3570130467414856,
          "y": -0.24878616631031036,
          "z": -0.5749946236610413
        },
        "matrix": [
          [
            0.21497176587581635,
            0.974399209022522,
            0.0658254325389862,
            0.5756405591964722
          ],
          [
            -0.6191204786300659,
            0.08384299278259277,
            0.7808072566986084,
            -0.18844647705554962
          ],
          [
            0.7553041577339172,
            -0.20860689878463745,
            0.6212995052337646,
            1.1379976272583008
          ],
          [
            0.0,
            0.0,
            0.0,
            1.0
          ]
        ]
      },
      "bone_length_armature_space": 0.04016441656128206,
      "parent": "thumb_01_l",
      "has_children": true,
      "is_end_bone": false
    },
    "thumb_03_l": {
      "name": "thumb_03_l",
      "local": {
        "location": {
          "x": 0.0,
          "y": 0.0,
          "z": 0.0
        },
        "rotation_quaternion": {
          "w": 0.9852768182754517,
          "x": 0.1708308458328247,
          "y": 0.0017322188941761851,
          "z": 0.00659840228036046
        },
        "scale": {
          "x": 1.0,
          "y": 1.0,
          "z": 1.0
        },
        "matrix_basis": [
          [
            0.9999068975448608,
            -0.012410672381520271,
            0.005667851306498051,
            0.0
          ],
          [
            0.013594338670372963,
            0.9415465593338013,
            -0.33660849928855896,
            0.0
          ],
          [
            -0.0011590089416131377,
            0.3366542160511017,
            0.9416276216506958,
            0.0
          ],
          [
            0.0,
            0.0,
            0.0,
            1.0
          ]
        ],
        "rotation_mode": "QUATERNION"
      },
      "armature_space": {
        "head": {
          "x": 0.6147766709327698,
          "y": -0.24832306802272797,
          "z": 0.17976506054401398
        },
        "tail": {
          "x": 0.6401900053024292,
          "y": -0.23221339285373688,
          "z": 0.18440526723861694
        }
      },
      "world_space": {
        "head": {
          "x": 0.6147766709327698,
          "y": -0.18507906794548035,
          "z": 1.1296191215515137
        },
        "tail": {
          "x": 0.6401900053024292,
          "y": -0.16896939277648926,
          "z": 1.1342592239379883
        },
        "rotation_quaternion": {
          "w": 0.8443172574043274,
          "x": -0.039965610951185226,
          "y": -0.22737658023834229,
          "z": -0.4835609495639801
        },
        "matrix": [
          [
            0.4289368689060211,
            0.834732711315155,
            -0.34530317783355713,
            0.6147766709327698
          ],
          [
            -0.7983827590942383,
            0.529142439365387,
            0.28738975524902344,
            -0.18507906794548035
          ],
          [
            0.4226107597351074,
            0.1524135172367096,
            0.8934118151664734,
            1.1296191215515137
          ],
          [
            0.0,
            0.0,
            0.0,
            1.0
          ]
        ]
      },
      "bone_length_armature_space": 0.03044487987521276,
      "parent": "thumb_02_l",
      "has_children": false,
      "is_end_bone": true
    },
    "metacarpal_index_l": {
      "name": "metacarpal_index_l",
      "local": {
        "location": {
          "x": 0.0,
          "y": 0.0,
          "z": 0.0
        },
        "rotation_quaternion": {
          "w": 0.9985321760177612,
          "x": -0.05330827087163925,
          "y": -0.006178334355354309,
          "z": 0.007324296049773693
        },
        "scale": {
          "x": 1.0,
          "y": 1.0,
          "z": 1.0
        },
        "matrix_basis": [
          [
            0.999816358089447,
            -0.01396837830543518,
            -0.01311942283064127,
            0.0
          ],
          [
            0.015285803005099297,
            0.9942091703414917,
            0.10636954009532928,
            0.0
          ],
          [
            0.011557640507817268,
            -0.10655055195093155,
            0.9942401051521301,
            0.0
          ],
          [
            0.0,
            0.0,
            0.0,
            1.0
          ]
        ],
        "rotation_mode": "QUATERNION"
      },
      "armature_space": {
        "head": {
          "x": 0.5752539038658142,
          "y": -0.1804320365190506,
          "z": 0.21585048735141754
        },
        "tail": {
          "x": 0.6385175585746765,
          "y": -0.2707870304584503,
          "z": 0.17631658911705017
        }
      },
      "world_space": {
        "head": {
          "x": 0.5752539038658142,
          "y": -0.11718803644180298,
          "z": 1.1657044887542725
        },
        "tail": {
          "x": 0.6385175585746765,
          "y": -0.2075430303812027,
          "z": 1.1261706352233887
        },
        "rotation_quaternion": {
          "w": 0.10081224888563156,
          "x": 0.613161027431488,
          "y": 0.3229103684425354,
          "z": -0.7138622999191284
        },
        "matrix": [
          [
            -0.22774185240268707,
            0.5399223566055298,
            -0.810319185256958,
            0.5752539038658142
          ],
          [
            0.25205880403518677,
            -0.7711330652236938,
            -0.5846539735794067,
            -0.11718803644180298
          ],
          [
            -0.940538227558136,
            -0.33740127086639404,
            0.03952687978744507,
            1.1657044887542725
          ],
          [
            0.0,
            0.0,
            0.0,
            1.0
          ]
        ]
      },
      "bone_length_armature_space": 0.11717185621351103,
      "parent": "lowerarm_l",
      "has_children": true,
      "is_end_bone": false
    },
    "index_01_l": {
      "name": "index_01_l",
      "local": {
        "location": {
          "x": 0.0,
          "y": 0.0,
          "z": 0.0
        },
        "rotation_quaternion": {
          "w": 0.9697578549385071,
          "x": 0.2437766194343567,
          "y": -0.011651706881821156,
          "z": 0.0026192653458565474
        },
        "scale": {
          "x": 1.0,
          "y": 1.0,
          "z": 1.0
        },
        "matrix_basis": [
          [
            0.999714732170105,
            -0.010760934092104435,
            -0.02132163755595684,
            0.0
          ],
          [
            -0.0006007211632095277,
            0.881132185459137,
            -0.4728696346282959,
            0.0
          ],
          [
            0.023875700309872627,
            0.4727475345134735,
            0.8808743953704834,
            0.0
          ],
          [
            0.0,
            0.0,
            0.0,
            1.0
          ]
        ],
        "rotation_mode": "QUATERNION"
      },
      "armature_space": {
        "head": {
          "x": 0.6385175585746765,
          "y": -0.2707870304584503,
          "z": 0.17631658911705017
        },
        "tail": {
          "x": 0.6418724656105042,
          "y": -0.29369664192199707,
          "z": 0.15967422723770142
        }
      },
      "world_space": {
        "head": {
          "x": 0.6385175585746765,
          "y": -0.2075430303812027,
          "z": 1.1261706352233887
        },
        "tail": {
          "x": 0.6418724656105042,
          "y": -0.23045264184474945,
          "z": 1.1095283031463623
        },
        "rotation_quaternion": {
          "w": 0.1198354959487915,
          "x": -0.5292304158210754,
          "y": -0.28968870639801025,
          "z": 0.7884384393692017
        },
        "matrix": [
          [
            -0.4111103117465973,
            0.1176559329032898,
            -0.9039608240127563,
            0.6385175585746765
          ],
          [
            0.49558940529823303,
            -0.8034408092498779,
            -0.3299607038497925,
            -0.2075430303812027
          ],
          [
            -0.7651059031486511,
            -0.5836484432220459,
            0.2719953954219818,
            1.1261706352233887
          ],
          [
            0.0,
            0.0,
            0.0,
            1.0
          ]
        ]
      },
      "bone_length_armature_space": 0.02851445030310615,
      "parent": "metacarpal_index_l",
      "has_children": true,
      "is_end_bone": false
    },
    "index_02_l": {
      "name": "index_02_l",
      "local": {
        "location": {
          "x": 0.0,
          "y": 0.0,
          "z": 0.0
        },
        "rotation_quaternion": {
          "w": 0.9214485287666321,
          "x": 0.3882487714290619,
          "y": -0.013925913721323013,
          "z": 0.0012760795652866364
        },
        "scale": {
          "x": 1.0,
          "y": 1.0,
          "z": 1.0
        },
        "matrix_basis": [
          [
            0.9996088743209839,
            -0.013165120966732502,
            -0.024673152714967728,
            0.0
          ],
          [
            -0.008461754769086838,
            0.6985225081443787,
            -0.7155380845069885,
            0.0
          ],
          [
            0.02665489725768566,
            0.7154669761657715,
            0.6981379389762878,
            0.0
          ],
          [
            0.0,
            0.0,
            0.0,
            1.0
          ]
        ],
        "rotation_mode": "QUATERNION"
      },
      "armature_space": {
        "head": {
          "x": 0.6418722867965698,
          "y": -0.29369717836380005,
          "z": 0.159674271941185
        },
        "tail": {
          "x": 0.6284918189048767,
          "y": -0.31493356823921204,
          "z": 0.15437617897987366
        }
      },
      "world_space": {
        "head": {
          "x": 0.6418722867965698,
          "y": -0.23045317828655243,
          "z": 1.1095283031463623
        },
        "tail": {
          "x": 0.6284918189048767,
          "y": -0.2516895532608032,
          "z": 1.1042301654815674
        },
        "rotation_quaternion": {
          "w": 0.292829692363739,
          "x": -0.40700340270996094,
          "y": 0.018403735011816025,
          "z": 0.8650204539299011
        },
        "matrix": [
          [
            -0.49719738960266113,
            -0.5215895175933838,
            -0.6933534145355225,
            0.6418722867965698
          ],
          [
            0.49162667989730835,
            -0.8278235197067261,
            0.27020639181137085,
            -0.23045317828655243
          ],
          [
            -0.7149156928062439,
            -0.20652718842029572,
            0.668023943901062,
            1.1095283031463623
          ],
          [
            0.0,
            0.0,
            0.0,
            1.0
          ]
        ]
      },
      "bone_length_armature_space": 0.025653283847060795,
      "parent": "index_01_l",
      "has_children": true,
      "is_end_bone": false
    },
    "index_03_l": {
      "name": "index_03_l",
      "local": {
        "location": {
          "x": 0.0,
          "y": 0.0,
          "z": 0.0
        },
        "rotation_quaternion": {
          "w": 0.9658246040344238,
          "x": 0.2591583728790283,
          "y": 0.0037271413020789623,
          "z": -0.0024407953023910522
        },
        "scale": {
          "x": 1.0,
          "y": 1.0,
          "z": 1.0
        },
        "matrix_basis": [
          [
            0.9999603033065796,
            0.0066466000862419605,
            0.005934424698352814,
            0.0
          ],
          [
            -0.0027829206082969904,
            0.8656619787216187,
            -0.5006212592124939,
            0.0
          ],
          [
            -0.008464634418487549,
            0.5005849003791809,
            0.8656460642814636,
            0.0
          ],
          [
            0.0,
            0.0,
            0.0,
            1.0
          ]
        ],
        "rotation_mode": "QUATERNION"
      },
      "armature_space": {
        "head": {
          "x": 0.6284919381141663,
          "y": -0.3149335980415344,
          "z": 0.1543761044740677
        },
        "tail": {
          "x": 0.6028008460998535,
          "y": -0.3283196687698364,
          "z": 0.15818555653095245
        }
      },
      "world_space": {
        "head": {
          "x": 0.6284919381141663,
          "y": -0.251689612865448,
          "z": 1.1042301654815674
        },
        "tail": {
          "x": 0.6028008460998535,
          "y": -0.26507568359375,
          "z": 1.1080396175384521
        },
        "rotation_quaternion": {
          "w": 0.4478261470794678,
          "x": -0.3227446377277374,
          "y": 0.2652994394302368,
          "z": 0.7905086874961853
        },
        "matrix": [
          [
            -0.39057454466819763,
            -0.8792695999145508,
            -0.27264705300331116,
            0.6284919381141663
          ],
          [
            0.5367733836174011,
            -0.458134263753891,
            0.7085107564926147,
            -0.251689612865448
          ],
          [
            -0.7478856444358826,
            0.1303771436214447,
            0.6509091258049011,
            1.1042301654815674
          ],
          [
            0.0,
            0.0,
            0.0,
            1.0
          ]
        ]
      },
      "bone_length_armature_space": 0.029218675853829524,
      "parent": "index_02_l",
      "has_children": false,
      "is_end_bone": true
    },
    "metacarpal_pinky_l": {
      "name": "metacarpal_pinky_l",
      "local": {
        "location": {
          "x": 0.0,
          "y": 0.0,
          "z": 0.0
        },
        "rotation_quaternion": {
          "w": 0.9997174739837646,
          "x": 0.0035441620275378227,
          "y": 0.0133574940264225,
          "z": 0.0193435437977314
        },
        "scale": {
          "x": 1.0,
          "y": 1.0,
          "z": 1.0
        },
        "matrix_basis": [
          [
            0.9988948106765747,
            -0.038581475615501404,
            0.026844553649425507,
            0.0
          ],
          [
            0.03877083957195282,
            0.9992265105247498,
            -0.006569558754563332,
            0.0
          ],
          [
            -0.026570327579975128,
            0.007603083737194538,
            0.9996180534362793,
            0.0
          ],
          [
            0.0,
            0.0,
            0.0,
            1.0
          ]
        ],
        "rotation_mode": "QUATERNION"
      },
      "armature_space": {
        "head": {
          "x": 0.5752539038658142,
          "y": -0.1804320365190506,
          "z": 0.21585048735141754
        },
        "tail": {
          "x": 0.6372013092041016,
          "y": -0.21483895182609558,
          "z": 0.13954856991767883
        }
      },
      "world_space": {
        "head": {
          "x": 0.5752539038658142,
          "y": -0.11718803644180298,
          "z": 1.1657044887542725
        },
        "tail": {
          "x": 0.6372013092041016,
          "y": -0.15159495174884796,
          "z": 1.0894025564193726
        },
        "rotation_quaternion": {
          "w": 0.5241084694862366,
          "x": -0.35574254393577576,
          "y": 0.24515241384506226,
          "z": -0.7339330911636353
        },
        "matrix": [
          [
            -0.19751262664794922,
            0.5949000120162964,
            0.779154896736145,
            0.5752539038658142
          ],
          [
            -0.9437438249588013,
            -0.33042022585868835,
            0.013046983629465103,
            -0.11718803644180298
          ],
          [
            0.26521143317222595,
            -0.7327510714530945,
            0.6266998648643494,
            1.1657044887542725
          ],
          [
            0.0,
            0.0,
            0.0,
            1.0
          ]
        ]
      },
      "bone_length_armature_space": 0.10413116406379434,
      "parent": "lowerarm_l",
      "has_children": true,
      "is_end_bone": false
    },
    "pinky_01_l": {
      "name": "pinky_01_l",
      "local": {
        "location": {
          "x": 0.0,
          "y": 0.0,
          "z": 0.0
        },
        "rotation_quaternion": {
          "w": 0.9429517984390259,
          "x": 0.3327053487300873,
          "y": 0.006097263190895319,
          "z": -0.01057666726410389
        },
        "scale": {
          "x": 1.0,
          "y": 1.0,
          "z": 1.0
        },
        "matrix_basis": [
          [
            0.9997019171714783,
            0.024003759026527405,
            0.004461023025214672,
            0.0
          ],
          [
            -0.01588939130306244,
            0.7783905863761902,
            -0.6275792121887207,
            0.0
          ],
          [
            -0.018536677584052086,
            0.6273212432861328,
            0.7785399556159973,
            0.0
          ],
          [
            0.0,
            0.0,
            0.0,
            1.0
          ]
        ],
        "rotation_mode": "QUATERNION"
      },
      "armature_space": {
        "head": {
          "x": 0.6372013092041016,
          "y": -0.21483895182609558,
          "z": 0.13954856991767883
        },
