{
  "metadata": {
    "armature_name": "KIM_caucasian_male",
    "export_time": "2026-01-13T20:54:53.145637",
    "blender_version": "4.4.1",
    "bone_count": 56,
    "end_bone_count": 13,
    "spaces_included": [
      "LOCAL_CHANNELS",
      "ARMATURE_SPACE",
      "WORLD_SPACE"
    ],
    "note": "LOCAL matches Transform panel; replay pose via local.matrix_basis for best fidelity."
  },
  "bones": {
    "Root": {
      "name": "Root",
      "local": {
        "location": {
          "x": 0.0,
          "y": 0.0,
          "z": 0.0
        },
        "rotation_quaternion": {
          "w": 0.9997415542602539,
          "x": 0.008018565364181995,
          "y": 0.008120243437588215,
          "z": 0.019667018204927444
        },
        "scale": {
          "x": 1.0,
          "y": 1.0,
          "z": 1.0
        },
        "matrix_basis": [
          [
            0.999094545841217,
            -0.03919364511966705,
            0.01655169203877449,
            0.0
          ],
          [
            0.03945409506559372,
            0.9990978240966797,
            -0.015713583678007126,
            0.0
          ],
          [
            -0.015920886769890785,
            0.01635238714516163,
            0.9997395277023315,
            0.0
          ],
          [
            0.0,
            0.0,
            0.0,
            1.0
          ]
        ],
        "rotation_mode": "QUATERNION"
      },
      "armature_space": {
        "head": {
          "x": 0.0,
          "y": 0.07072800397872925,
          "z": -0.009595036506652832
        },
        "tail": {
          "x": -0.0027974804397672415,
          "y": -9.308755397796631e-05,
          "z": -0.001165236346423626
        }
      },
      "world_space": {
        "head": {
          "x": 0.0,
          "y": 0.13397200405597687,
          "z": 0.9402589797973633
        },
        "tail": {
          "x": -0.0027974804397672415,
          "y": 0.06315091252326965,
          "z": 0.948688805103302
        },
        "rotation_quaternion": {
          "w": 0.05934989079833031,
          "x": 0.9980104565620422,
          "y": -0.0190752986818552,
          "z": 0.0094267213717103
        },
        "matrix": [
          [
            0.999094545841217,
            -0.03919364511966705,
            0.01655169203877449,
            0.0
          ],
          [
            -0.036955736577510834,
            -0.9922273755073547,
            -0.11882372200489044,
            0.13397200405597687
          ],
          [
            0.021080289036035538,
            0.11810433864593506,
            -0.9927845001220703,
            0.9402589797973633
          ],
          [
            0.0,
            0.0,
            0.0,
            1.0
          ]
        ]
      },
      "bone_length_armature_space": 0.07137586735245909,
      "parent": null,
      "has_children": true,
      "is_end_bone": false
    },
    "spine_01": {
      "name": "spine_01",
      "local": {
        "location": {
          "x": 0.0,
          "y": 0.0,
          "z": 0.0
        },
        "rotation_quaternion": {
          "w": 0.997188150882721,
          "x": 0.01456748228520155,
          "y": -0.012048142962157726,
          "z": -0.07251531630754471
        },
        "scale": {
          "x": 1.0,
          "y": 1.0,
          "z": 1.0
        },
        "matrix_basis": [
          [
            0.9891927242279053,
            0.14427180588245392,
            -0.02614126168191433,
            0.0
          ],
          [
            -0.14497384428977966,
            0.9890586137771606,
            -0.027305692434310913,
            0.0
          ],
          [
            0.021915799006819725,
            0.030800390988588333,
            0.9992852807044983,
            0.0
          ],
          [
            0.0,
            0.0,
            0.0,
            1.0
          ]
        ],
        "rotation_mode": "QUATERNION"
      },
      "armature_space": {
        "head": {
          "x": -0.0027974804397672415,
          "y": -9.308755397796631e-05,
          "z": -0.001165236346423626
        },
        "tail": {
          "x": 0.057356614619493484,
          "y": -0.0027079277206212282,
          "z": 0.483110636472702
        }
      },
      "world_space": {
        "head": {
          "x": -0.0027974804397672415,
          "y": 0.06315091252326965,
          "z": 0.948688805103302
        },
        "tail": {
          "x": 0.057356614619493484,
          "y": 0.06053607165813446,
          "z": 1.4329646825790405
        },
        "rotation_quaternion": {
          "w": 0.7048860788345337,
          "x": 0.7059159874916077,
          "y": 0.0213606096804142,
          "z": -0.06604523956775665
        },
        "matrix": [
          [
            0.9903634190559387,
            0.12326627969741821,
            -0.06313204765319824,
            -0.0027974804397672415
          ],
          [
            -0.06295206397771835,
            -0.005358265712857246,
            -0.9980022311210632,
            0.06315091252326965
          ],
          [
            -0.12335923314094543,
            0.9923661351203918,
            0.002452332526445389,
            0.948688805103302
          ],
          [
            0.0,
            0.0,
            0.0,
            1.0
          ]
        ]
      },
      "bone_length_armature_space": 0.48800459519280903,
      "parent": "Root",
      "has_children": true,
      "is_end_bone": false
    },
    "neck_01": {
      "name": "neck_01",
      "local": {
        "location": {
          "x": 0.0,
          "y": 0.0,
          "z": 0.0
        },
        "rotation_quaternion": {
          "w": 0.9969731569290161,
          "x": -0.056302424520254135,
          "y": -0.011607874184846878,
          "z": -0.05234343558549881
        },
        "scale": {
          "x": 1.0,
          "y": 1.0,
          "z": 1.0
        },
        "matrix_basis": [
          [
            0.9942508339881897,
            0.10567710548639297,
            -0.017251353710889816,
            0.0
          ],
          [
            -0.10306289792060852,
            0.98818039894104,
            0.11347920447587967,
            0.0
          ],
          [
            0.029039602726697922,
            -0.11104881763458252,
            0.9933905601501465,
            0.0
          ],
          [
            0.0,
            0.0,
            0.0,
            1.0
          ]
        ],
        "rotation_mode": "QUATERNION"
      },
      "armature_space": {
        "head": {
          "x": 0.06419253349304199,
          "y": -0.03771141171455383,
          "z": 0.5558552145957947
        },
        "tail": {
          "x": 0.08525992929935455,
          "y": -0.0668378695845604,
          "z": 0.6518685817718506
        }
      },
      "world_space": {
        "head": {
          "x": 0.06419253349304199,
          "y": 0.025532588362693787,
          "z": 1.505709171295166
        },
        "tail": {
          "x": 0.08525992929935455,
          "y": -0.0035938695073127747,
          "z": 1.6017225980758667
        },
        "rotation_quaternion": {
          "w": 0.5963166952133179,
          "x": 0.7940127849578857,
          "y": 0.04853345826268196,
          "z": -0.10767795145511627
        },
        "matrix": [
          [
            0.9720999598503113,
            0.20549282431602478,
            -0.11311151832342148,
            0.06419253349304199
          ],
          [
            -0.051346831023693085,
            -0.2841013967990875,
            -0.9574185609817505,
            0.025532588362693787
          ],
          [
            -0.2288794070482254,
            0.9365205764770508,
            -0.26562631130218506,
            1.505709171295166
          ],
          [
            0.0,
            0.0,
            0.0,
            1.0
          ]
        ]
      },
      "bone_length_armature_space": 0.10252196220450766,
      "parent": "spine_01",
      "has_children": true,
      "is_end_bone": false
    },
    "head": {
      "name": "head",
      "local": {
        "location": {
          "x": 0.0,
          "y": 0.0,
          "z": 0.0
        },
        "rotation_quaternion": {
          "w": 0.9936913251876831,
          "x": -0.03921603783965111,
          "y": -0.04385962709784508,
          "z": -0.09547708928585052
        },
        "scale": {
          "x": 1.0,
          "y": 1.0,
          "z": 1.0
        },
        "matrix_basis": [
          [
            0.9779208898544312,
            0.19318951666355133,
            -0.07967739552259445,
            0.0
          ],
          [
            -0.18630951642990112,
            0.9786924719810486,
            0.08631245046854019,
            0.0
          ],
          [
            0.09465432912111282,
            -0.06956209242343903,
            0.9930768609046936,
            0.0
          ],
          [
            0.0,
            0.0,
            0.0,
            1.0
          ]
        ],
        "rotation_mode": "QUATERNION"
      },
      "armature_space": {
        "head": {
          "x": 0.08525989949703217,
          "y": -0.06683799624443054,
          "z": 0.6518684029579163
        },
        "tail": {
          "x": 0.14995013177394867,
          "y": -0.04539516568183899,
          "z": 0.7911832332611084
        }
      },
      "world_space": {
        "head": {
          "x": 0.08525989949703217,
          "y": -0.0035939961671829224,
          "z": 1.6017224788665771
        },
        "tail": {
          "x": 0.14995013177394867,
          "y": 0.01784883439540863,
          "z": 1.7410372495651245
        },
        "rotation_quaternion": {
          "w": 0.7475444674491882,
          "x": 0.6271405220031738,
          "y": 0.10152452439069748,
          "z": -0.1938166320323944
        },
        "matrix": [
          [
            0.9042553901672363,
            0.4171135723590851,
            -0.09131442755460739,
            0.08525989949703217
          ],
          [
            -0.1624353975057602,
            0.1382603794336319,
            -0.9769847393035889,
            -0.0035939961671829224
          ],
          [
            -0.39489126205444336,
            0.8982827663421631,
            0.1927770972251892,
            1.6017224788665771
          ],
          [
            0.0,
            0.0,
            0.0,
            1.0
          ]
        ]
      },
      "bone_length_armature_space": 0.1550910829400534,
      "parent": "neck_01",
      "has_children": false,
      "is_end_bone": true
    },
    "upperarm_l": {
      "name": "upperarm_l",
      "local": {
        "location": {
          "x": 0.0,
          "y": 0.0,
          "z": 0.0
        },
        "rotation_quaternion": {
          "w": 0.9531221389770508,
          "x": -0.08614793419837952,
          "y": 0.20845599472522736,
          "z": -0.20169979333877563
        },
        "scale": {
          "x": 1.0,
          "y": 1.0,
          "z": 1.0
        },
        "matrix_basis": [
          [
            0.831726610660553,
            0.3485729694366455,
            0.43212008476257324,
            0.0
          ],
          [
            -0.42040517926216125,
            0.9037914276123047,
            0.08012794703245163,
            0.0
          ],
          [
            -0.36261600255966187,
            -0.24831007421016693,
            0.8982492685317993,
            0.0
          ],
          [
            0.0,
            0.0,
            0.0,
            1.0
          ]
        ],
        "rotation_mode": "QUATERNION"
      },
      "armature_space": {
        "head": {
          "x": 0.20426127314567566,
          "y": -0.049976859241724014,
          "z": 0.47066447138786316
        },
        "tail": {
          "x": 0.43219155073165894,
          "y": 0.013637524098157883,
          "z": 0.34493136405944824
        }
      },
      "world_space": {
        "head": {
          "x": 0.20426127314567566,
          "y": 0.013267140835523605,
          "z": 1.4205185174942017
        },
        "tail": {
          "x": 0.43219155073165894,
          "y": 0.0768815279006958,
          "z": 1.2947853803634644
        },
        "rotation_quaternion": {
          "w": 0.24921134114265442,
          "x": 0.41833579540252686,
          "y": 0.7460505366325378,
          "z": -0.4541999399662018
        },
        "matrix": [
          [
            -0.5257769227027893,
            0.8505831956863403,
            -0.008169412612915039,
            0.20426127314567566
          ],
          [
            0.3978177309036255,
            0.23739418387413025,
            -0.8862197399139404,
            0.013267140835523605
          ],
          [
            -0.7518690824508667,
            -0.46920692920684814,
            -0.4631974995136261,
            1.4205185174942017
          ],
          [
            0.0,
            0.0,
            0.0,
            1.0
          ]
        ]
      },
      "bone_length_armature_space": 0.26796980804117704,
      "parent": "spine_01",
      "has_children": true,
      "is_end_bone": false
    },
    "lowerarm_l": {
      "name": "lowerarm_l",
      "local": {
        "location": {
          "x": 0.0,
          "y": 0.0,
          "z": 0.0
        },
        "rotation_quaternion": {
          "w": 0.9374406933784485,
          "x": 0.11859128624200821,
          "y": -0.16694431006908417,
          "z": 0.28155070543289185
        },
        "scale": {
          "x": 1.0,
          "y": 1.0,
          "z": 1.0
        },
        "matrix_basis": [
          [
            0.7857176065444946,
            -0.5674704313278198,
            -0.2462218552827835,
            0.0
          ],
          [
            0.4882778823375702,
            0.8133305907249451,
            -0.31635117530822754,
            0.0
          ],
          [
            0.3797796964645386,
            0.128338024020195,
            0.9161314368247986,
            0.0
          ],
          [
            0.0,
            0.0,
            0.0,
            1.0
          ]
        ],
        "rotation_mode": "QUATERNION"
      },
      "armature_space": {
        "head": {
          "x": 0.4321916997432709,
          "y": 0.01363745704293251,
          "z": 0.34493136405944824
        },
        "tail": {
          "x": 0.6940995454788208,
          "y": -0.03865022212266922,
          "z": 0.36041051149368286
        }
      },
      "world_space": {
        "head": {
          "x": 0.4321916997432709,
          "y": 0.07688145339488983,
          "z": 1.2947853803634644
        },
        "tail": {
          "x": 0.6940995454788208,
          "y": 0.0245937779545784,
          "z": 1.3102645874023438
        },
        "rotation_quaternion": {
          "w": 0.4816158711910248,
          "x": 0.5368239879608154,
          "y": 0.4126996099948883,
          "z": -0.5563678741455078
        },
        "matrix": [
          [
            0.04026775807142258,
            0.9790052175521851,
            -0.1998174488544464,
            0.4321916997432709
          ],
          [
            -0.09281745553016663,
            -0.1954500675201416,
            -0.9763118028640747,
            0.07688145339488983
          ],
          [
            -0.9948756694793701,
            0.057860661298036575,
            0.08299806714057922,
            1.2947853803634644
          ],
          [
            0.0,
            0.0,
            0.0,
            1.0
          ]
        ]
      },
      "bone_length_armature_space": 0.26752444340283554,
      "parent": "upperarm_l",
      "has_children": true,
      "is_end_bone": false
    },
    "metacarpal_thumb_l": {
      "name": "metacarpal_thumb_l",
      "local": {
        "location": {
          "x": 0.0,
          "y": 0.0,
          "z": 0.0
        },
        "rotation_quaternion": {
          "w": 0.9986106753349304,
          "x": -0.0500311516225338,
          "y": 0.00812558550387621,
          "z": 0.01441553421318531
        },
        "scale": {
          "x": 1.0,
          "y": 1.0,
          "z": 1.0
        },
        "matrix_basis": [
          [
            0.9994523525238037,
            -0.029604077339172363,
            0.014786140993237495,
            0.0
          ],
          [
            0.027977947145700455,
            0.9945781230926514,
            0.10015755146741867,
            0.0
          ],
          [
            -0.017671044915914536,
            -0.09968901425600052,
            0.9948617219924927,
            0.0
          ],
          [
            0.0,
            0.0,
            0.0,
            1.0
          ]
        ],
        "rotation_mode": "QUATERNION"
      },
      "armature_space": {
        "head": {
          "x": 0.6940995454788208,
          "y": -0.03865022212266922,
          "z": 0.36041051149368286
        },
        "tail": {
          "x": 0.7262614369392395,
          "y": -0.07631496340036392,
          "z": 0.3611619770526886
        }
      },
      "world_space": {
        "head": {
          "x": 0.6940995454788208,
          "y": 0.0245937779545784,
          "z": 1.3102645874023438
        },
        "tail": {
          "x": 0.7262614369392395,
          "y": -0.013070963323116302,
          "z": 1.3110159635543823
        },
        "rotation_quaternion": {
          "w": 0.02218533866107464,
          "x": 0.9374063014984131,
          "y": 0.3454192876815796,
          "z": -0.038246676325798035
        },
        "matrix": [
          [
            0.7584452629089355,
            0.6492931842803955,
            -0.05637887865304947,
            0.6940995454788208
          ],
          [
            0.6458994746208191,
            -0.7603866457939148,
            -0.06801625341176987,
            0.0245937779545784
          ],
          [
            -0.08703221380710602,
            0.01517091691493988,
            -0.9960970878601074,
            1.3102645874023438
          ],
          [
            0.0,
            0.0,
            0.0,
            1.0
          ]
        ]
      },
      "bone_length_armature_space": 0.04953367197580107,
      "parent": "lowerarm_l",
      "has_children": true,
      "is_end_bone": false
    },
    "thumb_01_l": {
      "name": "thumb_01_l",
      "local": {
        "location": {
          "x": 0.0,
          "y": 0.0,
          "z": 0.0
        },
        "rotation_quaternion": {
          "w": 0.9987179040908813,
          "x": -0.049424294382333755,
          "y": -0.00923245307058096,
          "z": -0.005877355579286814
        },
        "scale": {
          "x": 1.0,
          "y": 1.0,
          "z": 1.0
        },
        "matrix_basis": [
          [
            0.9997604489326477,
            0.012652255594730377,
            -0.01786026358604431,
            0.0
          ],
          [
            -0.010827025398612022,
            0.9950453639030457,
            0.09883037954568863,
            0.0
          ],
          [
            0.019022200256586075,
            -0.09861332923173904,
            0.9949439764022827,
            0.0
          ],
          [
            0.0,
            0.0,
            0.0,
            1.0
          ]
        ],
        "rotation_mode": "QUATERNION"
      },
      "armature_space": {
        "head": {
          "x": 0.7262614369392395,
          "y": -0.07631496340036392,
          "z": 0.3611619770526886
        },
        "tail": {
          "x": 0.7337842583656311,
          "y": -0.09981714189052582,
          "z": 0.33771654963493347
        }
      },
      "world_space": {
        "head": {
          "x": 0.7262614369392395,
          "y": -0.013070963323116302,
          "z": 1.3110159635543823
        },
        "tail": {
          "x": 0.7337842583656311,
          "y": -0.0365731418132782,
          "z": 1.287570595741272
        },
        "rotation_quaternion": {
          "w": 0.3827579915523529,
          "x": -0.7867730259895325,
          "y": 0.09093159437179565,
          "z": -0.4756218194961548
        },
        "matrix": [
          [
            0.5310318470001221,
            0.2210090607404709,
            0.818021833896637,
            0.7262614369392395
          ],
          [
            -0.5071799755096436,
            -0.6904571056365967,
            0.5157884955406189,
            -0.013070963323116302
          ],
          [
            0.678807258605957,
            -0.6887900233268738,
            -0.2545646131038666,
            1.3110159635543823
          ],
          [
            0.0,
            0.0,
            0.0,
            1.0
          ]
        ]
      },
      "bone_length_armature_space": 0.03403870305621808,
      "parent": "metacarpal_thumb_l",
      "has_children": true,
      "is_end_bone": false
    },
    "thumb_02_l": {
      "name": "thumb_02_l",
      "local": {
        "location": {
          "x": 0.0,
          "y": 0.0,
          "z": 0.0
        },
        "rotation_quaternion": {
          "w": 0.9975476264953613,
          "x": 0.06976833194494247,
          "y": 0.005409314762800932,
          "z": -0.0013873522402718663
        },
        "scale": {
          "x": 1.0,
          "y": 1.0,
          "z": 1.0
        },
        "matrix_basis": [
          [
            0.9999376535415649,
            0.003522697603330016,
            0.010598511435091496,
            0.0
          ],
          [
            -0.002013102173805237,
            0.990260899066925,
            -0.13920947909355164,
            0.0
          ],
          [
            -0.01098568458110094,
            0.13917945325374603,
            0.990206241607666,
            0.0
          ],
          [
            0.0,
            0.0,
            0.0,
            1.0
          ]
        ],
        "rotation_mode": "QUATERNION"
      },
      "armature_space": {
        "head": {
          "x": 0.7337841987609863,
          "y": -0.09981713443994522,
          "z": 0.3377165198326111
        },
        "tail": {
          "x": 0.772627055644989,
          "y": -0.10993889719247818,
          "z": 0.3391169309616089
        }
      },
      "world_space": {
        "head": {
          "x": 0.7337841987609863,
          "y": -0.0365731343626976,
          "z": 1.2875704765319824
        },
        "tail": {
          "x": 0.772627055644989,
          "y": -0.04669489711523056,
          "z": 1.288970947265625
        },
        "rotation_quaternion": {
          "w": 0.5557267069816589,
          "x": -0.3041402995586395,
          "y": -0.25526905059814453,
          "z": -0.7304137349128723
        },
        "matrix": [
          [
            -0.19733186066150665,
            0.9670964479446411,
            0.16057434678077698,
            0.7337841987609863
          ],
          [
            -0.6565459370613098,
            -0.252008318901062,
            0.7109428644180298,
            -0.0365731343626976
          ],
          [
            0.7280209064483643,
            0.034867335110902786,
            0.6846779584884644,
            1.2875704765319824
          ],
          [
            0.0,
            0.0,
            0.0,
            1.0
          ]
        ]
      },
      "bone_length_armature_space": 0.04016439613329662,
      "parent": "thumb_01_l",
      "has_children": true,
      "is_end_bone": false
    },
    "thumb_03_l": {
      "name": "thumb_03_l",
      "local": {
        "location": {
          "x": 0.0,
          "y": 0.0,
          "z": 0.0
        },
        "rotation_quaternion": {
          "w": 0.9963014125823975,
          "x": 0.08582621812820435,
          "y": -0.000508687982801348,
          "z": 0.00413895957171917
        },
        "scale": {
          "x": 1.0,
          "y": 1.0,
          "z": 1.0
        },
        "matrix_basis": [
          [
            0.9999651908874512,
            -0.008334619924426079,
            -0.00030315062031149864,
            0.0
          ],
          [
            0.008159984834492207,
            0.9852334856987,
            -0.17102177441120148,
            0.0
          ],
          [
            0.001724075642414391,
            0.17101335525512695,
            0.9852672219276428,
            0.0
          ],
          [
            0.0,
            0.0,
            0.0,
            1.0
          ]
        ],
        "rotation_mode": "QUATERNION"
      },
      "armature_space": {
        "head": {
          "x": 0.7726269960403442,
          "y": -0.10993896424770355,
          "z": 0.3391169607639313
        },
        "tail": {
          "x": 0.8018057942390442,
          "y": -0.10566871613264084,
          "z": 0.3466835916042328
        }
      },
      "world_space": {
        "head": {
          "x": 0.7726269960403442,
          "y": -0.04669496417045593,
          "z": 1.288970947265625
        },
        "tail": {
          "x": 0.8018057942390442,
          "y": -0.04242471605539322,
          "z": 1.2965376377105713
        },
        "rotation_quaternion": {
          "w": 0.7102933526039124,
          "x": -0.06048525124788284,
          "y": -0.2561543881893158,
          "z": -0.6528475880622864
        },
        "matrix": [
          [
            0.016348564997315407,
            0.9584140181541443,
            -0.2849118113517761,
            0.7726269960403442
          ],
          [
            -0.896438717842102,
            0.140261709690094,
            0.4203864336013794,
            -0.04669496417045593
          ],
          [
            0.442868709564209,
            0.24853521585464478,
            0.8614590764045715,
            1.288970947265625
          ],
          [
            0.0,
            0.0,
            0.0,
            1.0
          ]
        ]
      },
      "bone_length_armature_space": 0.03044488815016734,
      "parent": "thumb_02_l",
      "has_children": false,
      "is_end_bone": true
    },
    "metacarpal_index_l": {
      "name": "metacarpal_index_l",
      "local": {
        "location": {
          "x": 0.0,
          "y": 0.0,
          "z": 0.0
        },
        "rotation_quaternion": {
          "w": 0.9999285936355591,
          "x": 0.0020352269057184458,
          "y": 0.007111136801540852,
          "z": -0.009389770217239857
        },
        "scale": {
          "x": 1.0,
          "y": 1.0,
          "z": 1.0
        },
        "matrix_basis": [
          [
            0.9997225403785706,
            0.018807144835591316,
            0.014183036983013153,
            0.0
          ],
          [
            -0.018749253824353218,
            0.9998154044151306,
            -0.004203706979751587,
            0.0
          ],
          [
            -0.014259479008615017,
            0.003936619497835636,
            0.9998905658721924,
            0.0
          ],
          [
            0.0,
            0.0,
            0.0,
            1.0
          ]
        ],
        "rotation_mode": "QUATERNION"
      },
      "armature_space": {
        "head": {
          "x": 0.6940995454788208,
          "y": -0.03865022212266922,
          "z": 0.36041051149368286
        },
        "tail": {
          "x": 0.7969982624053955,
          "y": -0.09466733038425446,
          "z": 0.3621859550476074
        }
      },
      "world_space": {
        "head": {
          "x": 0.6940995454788208,
          "y": 0.0245937779545784,
          "z": 1.3102645874023438
        },
        "tail": {
          "x": 0.7969982624053955,
          "y": -0.031423330307006836,
          "z": 1.3120399713516235
        },
        "rotation_quaternion": {
          "w": 0.1745603233575821,
          "x": 0.8128734827041626,
          "y": 0.48009321093559265,
          "z": -0.279778391122818
        },
        "matrix": [
          [
            0.3824682831764221,
            0.8781871795654297,
            -0.287236750125885,
            0.6940995454788208
          ],
          [
            0.6828337907791138,
            -0.4780769646167755,
            -0.5524318814277649,
            0.0245937779545784
          ],
          [
            -0.6224635243415833,
            0.015152368694543839,
            -0.7825111746788025,
            1.3102645874023438
          ],
          [
            0.0,
            0.0,
            0.0,
            1.0
          ]
        ]
      },
      "bone_length_armature_space": 0.11717173012754914,
      "parent": "lowerarm_l",
      "has_children": true,
      "is_end_bone": false
    },
    "index_01_l": {
      "name": "index_01_l",
      "local": {
        "location": {
          "x": 0.0,
          "y": 0.0,
          "z": 0.0
        },
        "rotation_quaternion": {
          "w": 0.9971027374267578,
          "x": -0.07418768852949142,
          "y": -0.014859141781926155,
          "z": -0.007845557294785976
        },
        "scale": {
          "x": 1.0,
          "y": 1.0,
          "z": 1.0
        },
        "matrix_basis": [
          [
            0.999435305595398,
            0.01785038411617279,
            -0.028468094766139984,
            0.0
          ],
          [
            -0.01344092283397913,
            0.9888692498207092,
            0.14817865192890167,
            0.0
          ],
          [
            0.030796268954873085,
            -0.1477123349905014,
            0.9885507822036743,
            0.0
          ],
          [
            0.0,
            0.0,
            0.0,
            1.0
          ]
        ],
        "rotation_mode": "QUATERNION"
      },
      "armature_space": {
        "head": {
          "x": 0.7969982624053955,
          "y": -0.09466733038425446,
          "z": 0.3621859550476074
        },
        "tail": {
          "x": 0.8254910707473755,
          "y": -0.0956980362534523,
          "z": 0.36259302496910095
        }
      },
      "world_space": {
        "head": {
          "x": 0.7969982624053955,
          "y": -0.031423330307006836,
          "z": 1.3120399713516235
        },
        "tail": {
          "x": 0.8254910707473755,
          "y": -0.03245403617620468,
          "z": 1.3124470710754395
        },
        "rotation_quaternion": {
          "w": 0.22593627870082855,
          "x": 0.6838635206222534,
          "y": 0.6564130783081055,
          "z": -0.2245120257139206
        },
        "matrix": [
          [
            0.03743164613842964,
            0.9992443919181824,
            -0.010453090071678162,
            0.7969982624053955
          ],
          [
            0.7963428497314453,
            -0.036146990954875946,
            -0.6037648916244507,
            -0.031423330307006836
          ],
          [
            -0.6036899089813232,
            0.014275766909122467,
            -0.797100305557251,
            1.3120399713516235
          ],
          [
            0.0,
            0.0,
            0.0,
            1.0
          ]
        ]
      },
      "bone_length_armature_space": 0.02851435037051345,
      "parent": "metacarpal_index_l",
      "has_children": true,
      "is_end_bone": false
    },
    "index_02_l": {
      "name": "index_02_l",
      "local": {
        "location": {
          "x": 0.0,
          "y": 0.0,
          "z": 0.0
        },
        "rotation_quaternion": {
          "w": 0.999770998954773,
          "x": 0.018700361251831055,
          "y": 0.00964968279004097,
          "z": -0.0038975400384515524
        },
        "scale": {
          "x": 1.0,
          "y": 1.0,
          "z": 1.0
        },
        "matrix_basis": [
          [
            0.9997833967208862,
            0.00815420038998127,
            0.019149174913764,
            0.0
          ],
          [
            -0.007432390004396439,
            0.9992702007293701,
            -0.03746737912297249,
            0.0
          ],
          [
            -0.01944071613252163,
            0.0373169369995594,
            0.9991143345832825,
            0.0
          ],
          [
            0.0,
            0.0,
            0.0,
            1.0
          ]
        ],
        "rotation_mode": "QUATERNION"
      },
      "armature_space": {
        "head": {
          "x": 0.8254914879798889,
          "y": -0.09569843858480453,
          "z": 0.3625929355621338
        },
        "tail": {
          "x": 0.8511423468589783,
          "y": -0.09592336416244507,
          "z": 0.36232343316078186
        }
      },
      "world_space": {
        "head": {
          "x": 0.8254914879798889,
          "y": -0.032454438507556915,
          "z": 1.31244695186615
        },
        "tail": {
          "x": 0.8511423468589783,
          "y": -0.03267936408519745,
          "z": 1.3121774196624756
        },
        "rotation_quaternion": {
          "w": 0.23627020418643951,
          "x": 0.6664683222770691,
          "y": 0.663167417049408,
          "z": -0.24536795914173126
        },
        "matrix": [
          [
            5.891226464882493e-06,
            0.9999062418937683,
            -0.01368328183889389,
            0.8254914879798889
          ],
          [
            0.768013596534729,
            -0.008767805993556976,
            -0.6403738856315613,
            -0.032454438507556915
          ],
          [
            -0.6404374837875366,
            -0.010505221784114838,
            -0.7679477334022522,
            1.31244695186615
          ],
          [
            0.0,
            0.0,
            0.0,
            1.0
          ]
        ]
      },
      "bone_length_armature_space": 0.025653260185266386,
      "parent": "index_01_l",
      "has_children": true,
      "is_end_bone": false
    },
    "index_03_l": {
      "name": "index_03_l",
      "local": {
        "location": {
          "x": 0.0,
          "y": 0.0,
          "z": 0.0
        },
        "rotation_quaternion": {
          "w": 0.9976593255996704,
          "x": 0.06806013733148575,
          "y": 0.005962797440588474,
          "z": 0.002880095038563013
        },
        "scale": {
          "x": 1.0,
          "y": 1.0,
          "z": 1.0
        },
        "matrix_basis": [
          [
            0.9999123215675354,
            -0.004935049917548895,
            0.012289720587432384,
            0.0
          ],
          [
            0.006558365188539028,
            0.9907190203666687,
            -0.13576731085777283,
            0.0
          ],
          [
            -0.011505641974508762,
            0.13583600521087646,
            0.990664541721344,
            0.0
          ],
          [
            0.0,
            0.0,
            0.0,
            1.0
          ]
        ],
        "rotation_mode": "QUATERNION"
      },
      "armature_space": {
        "head": {
          "x": 0.8511423468589783,
          "y": -0.0959232896566391,
          "z": 0.3623235821723938
        },
        "tail": {
          "x": 0.8794037699699402,
          "y": -0.09822395443916321,
          "z": 0.3552715480327606
        }
      },
      "world_space": {
        "head": {
          "x": 0.8511423468589783,
          "y": -0.03267928957939148,
          "z": 1.3121776580810547
        },
        "tail": {
          "x": 0.8794037699699402,
          "y": -0.03497995436191559,
          "z": 1.3051255941390991
        },
        "rotation_quaternion": {
          "w": 0.1224445179104805,
          "x": 0.6687991619110107,
          "y": 0.6675599217414856,
          "z": -0.30344486236572266
        },
        "matrix": [
          [
            -0.07543153315782547,
            0.9672379493713379,
            -0.24240589141845703,
            0.8511423468589783
          ],
          [
            0.8186157941818237,
            -0.07873956859111786,
            -0.5689189434051514,
            -0.03267928957939148
          ],
          [
            -0.5693700909614563,
            -0.24135346710681915,
            -0.7858628630638123,
            1.3121776580810547
          ],
          [
            0.0,
            0.0,
            0.0,
            1.0
          ]
        ]
      },
      "bone_length_armature_space": 0.02921869785294891,
      "parent": "index_02_l",
      "has_children": false,
      "is_end_bone": true
    },
    "metacarpal_pinky_l": {
      "name": "metacarpal_pinky_l",
      "local": {
        "location": {
          "x": 0.0,
          "y": 0.0,
          "z": 0.0
        },
        "rotation_quaternion": {
          "w": 0.9987213015556335,
          "x": -0.0475945882499218,
          "y": -0.015827635303139687,
          "z": -0.006338238716125488
        },
        "scale": {
          "x": 1.0,
          "y": 1.0,
          "z": 1.0
        },
        "matrix_basis": [
          [
            0.9994186162948608,
            0.01416688784956932,
            -0.031011462211608887,
            0.0
          ],
          [
            -0.011153648607432842,
            0.9953891634941101,
            0.09526810050010681,
            0.0
          ],
          [
            0.032218124717473984,
            -0.09486681967973709,
            0.9949684739112854,
            0.0
          ],
          [
            0.0,
            0.0,
            0.0,
            1.0
          ]
        ],
        "rotation_mode": "QUATERNION"
      },
      "armature_space": {
        "head": {
          "x": 0.6940995454788208,
          "y": -0.03865022212266922,
          "z": 0.36041051149368286
        },
        "tail": {
          "x": 0.7973071336746216,
          "y": -0.026979535818099976,
          "z": 0.3529805839061737
        }
      },
      "world_space": {
        "head": {
          "x": 0.6940995454788208,
          "y": 0.0245937779545784,
          "z": 1.3102645874023438
        },
        "tail": {
          "x": 0.7973071336746216,
          "y": 0.036264464259147644,
          "z": 1.3028346300125122
        },
        "rotation_quaternion": {
          "w": 0.7416866421699524,
          "x": 0.021099986508488655,
          "y": 0.07706941664218903,
          "z": -0.6659700274467468
        },
        "matrix": [
          [
            0.10108841210603714,
            0.9911344647407532,
            0.08621761202812195,
            0.6940995454788208
          ],
          [
            -0.9846301078796387,
            0.11207722127437592,
            -0.1339511126279831,
            0.0245937779545784
          ],
          [
            -0.1424284428358078,
            -0.07135189324617386,
            0.9872371554374695,
            1.3102645874023438
          ],
          [
            0.0,
            0.0,
            0.0,
            1.0
          ]
        ]
      },
      "bone_length_armature_space": 0.10413075970791448,
      "parent": "lowerarm_l",
      "has_children": true,
      "is_end_bone": false
    },
    "pinky_01_l": {
      "name": "pinky_01_l",
      "local": {
        "location": {
          "x": 0.0,
          "y": 0.0,
          "z": 0.0
        },
        "rotation_quaternion": {
          "w": 0.9940487146377563,
          "x": -0.10540489107370377,
          "y": 0.018809113651514053,
          "z": -0.020082425326108932
        },
        "scale": {
          "x": 1.0,
          "y": 1.0,
          "z": 1.0
        },
        "matrix_basis": [
          [
            0.998485803604126,
            0.03596067428588867,
            0.0416279211640358,
            0.0
          ],
          [
            -0.04389096423983574,
            0.9769729971885681,
            0.20879973471164703,
            0.0
          ],
          [
            -0.03316077962517738,
            -0.2103106528520584,
            0.9770720601081848,
            0.0
          ],
          [
            0.0,
            0.0,
            0.0,
            1.0
          ]
        ],
        "rotation_mode": "QUATERNION"
      },
      "armature_space": {
        "head": {
          "x": 0.7973071336746216,
          "y": -0.026979535818099976,
          "z": 0.3529805839061737
        },
