{
  "metadata": {
    "armature_name": "KIM_caucasian_male",
    "export_time": "2026-01-13T21:05:27.104101",
    "blender_version": "4.4.1",
    "bone_count": 56,
    "end_bone_count": 13,
    "spaces_included": [
      "LOCAL_CHANNELS",
      "ARMATURE_SPACE",
      "WORLD_SPACE"
    ],
    "note": "LOCAL matches Transform panel; replay pose via local.matrix_basis for best fidelity."
  },
  "bones": {
    "Root": {
      "name": "Root",
      "local": {
        "location": {
          "x": 0.0,
          "y": 0.0,
          "z": 0.0
        },
        "rotation_quaternion": {
          "w": 0.9996978640556335,
          "x": 0.016060814261436462,
          "y": 0.01691477745771408,
          "z": -0.007751645520329475
        },
        "scale": {
          "x": 1.0,
          "y": 1.0,
          "z": 1.0
        },
        "matrix_basis": [
          [
            0.9993076324462891,
            0.016041936352849007,
            0.033570338040590286,
            0.0
          ],
          [
            -0.014955276623368263,
            0.999363899230957,
            -0.03237415850162506,
            0.0
          ],
          [
            -0.034068331122398376,
            0.0318496897816658,
            0.9989118576049805,
            0.0
          ],
          [
            0.0,
            0.0,
            0.0,
            1.0
          ]
        ],
        "rotation_mode": "QUATERNION"
      },
      "armature_space": {
        "head": {
          "x": 0.0,
          "y": 0.07072800397872925,
          "z": -0.009595036506652832
        },
        "tail": {
          "x": 0.001145007205195725,
          "y": -0.00026060640811920166,
          "z": -0.0022587855346500874
        }
      },
      "world_space": {
        "head": {
          "x": 0.0,
          "y": 0.13397200405597687,
          "z": 0.9402589797973633
        },
        "tail": {
          "x": 0.001145007205195725,
          "y": 0.06298339366912842,
          "z": 0.9475952386856079
        },
        "rotation_quaternion": {
          "w": 0.051322974264621735,
          "x": 0.998508870601654,
          "y": 0.008873549290001392,
          "z": 0.016354139894247055
        },
        "matrix": [
          [
            0.9993076324462891,
            0.016041936352849007,
            0.033570338040590286,
            0.0
          ],
          [
            0.019399326294660568,
            -0.9945743680000305,
            -0.10220310091972351,
            0.13397200405597687
          ],
          [
            0.031748902052640915,
            0.10278335213661194,
            -0.9942039847373962,
            0.9402589797973633
          ],
          [
            0.0,
            0.0,
            0.0,
            1.0
          ]
        ]
      },
      "bone_length_armature_space": 0.07137586669224721,
      "parent": null,
      "has_children": true,
      "is_end_bone": false
    },
    "spine_01": {
      "name": "spine_01",
      "local": {
        "location": {
          "x": 0.0,
          "y": 0.0,
          "z": 0.0
        },
        "rotation_quaternion": {
          "w": 0.9965745210647583,
          "x": -0.0068608964793384075,
          "y": -0.058485910296440125,
          "z": -0.05806566774845123
        },
        "scale": {
          "x": 1.0,
          "y": 1.0,
          "z": 1.0
        },
        "matrix_basis": [
          [
            0.9864155650138855,
            0.11653605848550797,
            -0.11577437072992325,
            0.0
          ],
          [
            -0.11493099480867386,
            0.9931626319885254,
            0.020466836169362068,
            0.0
          ],
          [
            0.11736790090799332,
            -0.006882742512971163,
            0.9930646419525146,
            0.0
          ],
          [
            0.0,
            0.0,
            0.0,
            1.0
          ]
        ],
        "rotation_mode": "QUATERNION"
      },
      "armature_space": {
        "head": {
          "x": 0.001145007205195725,
          "y": -0.00026060640811920166,
          "z": -0.0022587855346500874
        },
        "tail": {
          "x": 0.04238846153020859,
          "y": 0.011138535104691982,
          "z": 0.48386627435684204
        }
      },
      "world_space": {
        "head": {
          "x": 0.001145007205195725,
          "y": 0.06298339366912842,
          "z": 0.9475952386856079
        },
        "tail": {
          "x": 0.04238846153020859,
          "y": 0.07438253611326218,
          "z": 1.433720350265503
        },
        "rotation_quaternion": {
          "w": 0.7152963876724243,
          "x": 0.6958225965499878,
          "y": -0.005507000256329775,
          "z": -0.06443404406309128
        },
        "matrix": [
          [
            0.9916358590126038,
            0.0845150575041771,
            -0.09754815697669983,
            0.001145007205195725
          ],
          [
            -0.09984326362609863,
            0.023358838632702827,
            -0.9947289824485779,
            0.06298339366912842
          ],
          [
            -0.08179161697626114,
            0.9961553812026978,
            0.03160102292895317,
            0.9475952386856079
          ],
          [
            0.0,
            0.0,
            0.0,
            1.0
          ]
        ]
      },
      "bone_length_armature_space": 0.48800463407986283,
      "parent": "Root",
      "has_children": true,
      "is_end_bone": false
    },
    "neck_01": {
      "name": "neck_01",
      "local": {
        "location": {
          "x": 0.0,
          "y": 0.0,
          "z": 0.0
        },
        "rotation_quaternion": {
          "w": 0.9969418048858643,
          "x": -0.07416492700576782,
          "y": -0.02462693862617016,
          "z": -0.000449920364189893
        },
        "scale": {
          "x": 1.0,
          "y": 1.0,
          "z": 1.0
        },
        "matrix_basis": [
          [
            0.9987866282463074,
            0.004549999255686998,
            -0.04903651401400566,
            0.0
          ],
          [
            0.0027558214496821165,
            0.9889987111091614,
            0.14789839088916779,
            0.0
          ],
          [
            0.04916998744010925,
            -0.14785407483577728,
            0.9877861738204956,
            0.0
          ],
          [
            0.0,
            0.0,
            0.0,
            1.0
          ]
        ],
        "rotation_mode": "QUATERNION"
      },
      "armature_space": {
        "head": {
          "x": 0.04519350826740265,
          "y": -0.02164880745112896,
          "z": 0.5578991770744324
        },
        "tail": {
          "x": 0.0517059750854969,
          "y": -0.04374202340841293,
          "z": 0.6578003168106079
        }
      },
      "world_space": {
        "head": {
          "x": 0.04519350826740265,
          "y": 0.04159519076347351,
          "z": 1.5077531337738037
        },
        "tail": {
          "x": 0.0517059750854969,
          "y": 0.019501976668834686,
          "z": 1.607654333114624
        },
        "rotation_quaternion": {
          "w": 0.6257060766220093,
          "x": 0.7749886512756348,
          "y": -0.027248920872807503,
          "z": -0.0845111683011055
        },
        "matrix": [
          [
            0.9842309355735779,
            0.06352302432060242,
            -0.16508953273296356,
            0.04519350826740265
          ],
          [
            -0.1479930579662323,
            -0.215498685836792,
            -0.9652246832847595,
            0.04159519076347351
          ],
          [
            -0.0968913733959198,
            0.9744424223899841,
            -0.20270179212093353,
            1.5077531337738037
          ],
          [
            0.0,
            0.0,
            0.0,
            1.0
          ]
        ]
      },
      "bone_length_armature_space": 0.10252199980072368,
      "parent": "spine_01",
      "has_children": true,
      "is_end_bone": false
    },
    "head": {
      "name": "head",
      "local": {
        "location": {
          "x": 0.0,
          "y": 0.0,
          "z": 0.0
        },
        "rotation_quaternion": {
          "w": 0.9810783863067627,
          "x": -0.0697140321135521,
          "y": -0.0059815929271280766,
          "z": -0.18052537739276886
        },
        "scale": {
          "x": 1.0,
          "y": 1.0,
          "z": 1.0
        },
        "matrix_basis": [
          [
            0.9347496032714844,
            0.3550530970096588,
            0.013433480635285378,
            0.0
          ],
          [
            -0.3533850908279419,
            0.925101101398468,
            0.13894951343536377,
            0.0
          ],
          [
            0.036907125264406204,
            -0.1346302032470703,
            0.9902083277702332,
            0.0
          ],
          [
            0.0,
            0.0,
            0.0,
            1.0
          ]
        ],
        "rotation_mode": "QUATERNION"
      },
      "armature_space": {
        "head": {
          "x": 0.051705941557884216,
          "y": -0.04374215751886368,
          "z": 0.6578001976013184
        },
        "tail": {
          "x": 0.1256524622440338,
          "y": -0.010392356663942337,
          "z": 0.7899854183197021
        }
      },
      "world_space": {
        "head": {
          "x": 0.051705941557884216,
          "y": 0.01950184255838394,
          "z": 1.6076542139053345
        },
        "tail": {
          "x": 0.1256524622440338,
          "y": 0.05285164341330528,
          "z": 1.7398394346237183
        },
        "rotation_quaternion": {
          "w": 0.7721878290176392,
          "x": 0.58327317237854,
          "y": 0.10603414475917816,
          "z": -0.22863788902759552
        },
        "matrix": [
          [
            0.8729626536369324,
            0.47679686546325684,
            -0.10296222567558289,
            0.051705941557884216
          ],
          [
            -0.22941163182258606,
            0.2150348424911499,
            -0.9492790102958679,
            0.01950184255838394
          ],
          [
            -0.4304759204387665,
            0.8523118495941162,
            0.2971012592315674,
            1.6076542139053345
          ],
          [
            0.0,
            0.0,
            0.0,
            1.0
          ]
        ]
      },
      "bone_length_armature_space": 0.15509103461852922,
      "parent": "neck_01",
      "has_children": false,
      "is_end_bone": true
    },
    "upperarm_l": {
      "name": "upperarm_l",
      "local": {
        "location": {
          "x": 0.0,
          "y": 0.0,
          "z": 0.0
        },
        "rotation_quaternion": {
          "w": 0.8634064793586731,
          "x": 0.030419792979955673,
          "y": 0.49142688512802124,
          "z": 0.11001656204462051
        },
        "scale": {
          "x": 1.0,
          "y": 1.0,
          "z": 1.0
        },
        "matrix_basis": [
          [
            0.49279195070266724,
            -0.16007982194423676,
            0.8552956581115723,
            0.0
          ],
          [
            0.219876229763031,
            0.97394198179245,
            0.05560090020298958,
            0.0
          ],
          [
            -0.8419089317321777,
            0.16065949201583862,
            0.5151485204696655,
            0.0
          ],
          [
            0.0,
            0.0,
            0.0,
            1.0
          ]
        ],
        "rotation_mode": "QUATERNION"
      },
      "armature_space": {
        "head": {
          "x": 0.18794773519039154,
          "y": -0.041367508471012115,
          "z": 0.4787818193435669
        },
        "tail": {
          "x": 0.4488627314567566,
          "y": -0.10045731067657471,
          "z": 0.49425333738327026
        }
      },
      "world_space": {
        "head": {
          "x": 0.18794773519039154,
          "y": 0.021876491606235504,
          "z": 1.428635835647583
        },
        "tail": {
          "x": 0.4488627314567566,
          "y": -0.03721331059932709,
          "z": 1.4441072940826416
        },
        "rotation_quaternion": {
          "w": 0.189186692237854,
          "x": 0.7571624517440796,
          "y": 0.5949392914772034,
          "z": -0.19225139915943146
        },
        "matrix": [
          [
            0.2181725800037384,
            0.9736745953559875,
            -0.06601966917514801,
            0.18794773519039154
          ],
          [
            0.8281887769699097,
            -0.22050949931144714,
            -0.5152466893196106,
            0.021876491606235504
          ],
          [
            -0.5162433981895447,
            0.05773613601922989,
            -0.8545019030570984,
            1.428635835647583
          ],
          [
            0.0,
            0.0,
            0.0,
            1.0
          ]
        ]
      },
      "bone_length_armature_space": 0.267969397581744,
      "parent": "spine_01",
      "has_children": true,
      "is_end_bone": false
    },
    "lowerarm_l": {
      "name": "lowerarm_l",
      "local": {
        "location": {
          "x": 0.0,
          "y": 0.0,
          "z": 0.0
        },
        "rotation_quaternion": {
          "w": 0.9670060873031616,
          "x": 0.24951116740703583,
          "y": -0.05098286643624306,
          "z": 0.006644862703979015
        },
        "scale": {
          "x": 1.0,
          "y": 1.0,
          "z": 1.0
        },
        "matrix_basis": [
          [
            0.9947131872177124,
            -0.03829283267259598,
            -0.09528554975986481,
            0.0
          ],
          [
            -0.012590344063937664,
            0.8754000663757324,
            -0.4832351803779602,
            0.0
          ],
          [
            0.10191741585731506,
            0.4818800985813141,
            0.8702898621559143,
            0.0
          ],
          [
            0.0,
            0.0,
            0.0,
            1.0
          ]
        ],
        "rotation_mode": "QUATERNION"
      },
      "armature_space": {
        "head": {
          "x": 0.44886279106140137,
          "y": -0.10045745968818665,
          "z": 0.49425336718559265
        },
        "tail": {
          "x": 0.6389063596725464,
          "y": -0.26314324140548706,
          "z": 0.39945733547210693
        }
      },
      "world_space": {
        "head": {
          "x": 0.44886279106140137,
          "y": -0.037213459610939026,
          "z": 1.4441074132919312
        },
        "tail": {
          "x": 0.6389063596725464,
          "y": -0.19989924132823944,
          "z": 1.349311351776123
        },
        "rotation_quaternion": {
          "w": 0.021675147116184235,
          "x": 0.7818467020988464,
          "y": 0.4421217441558838,
          "z": -0.4390607476234436
        },
        "matrix": [
          [
            0.22350655496120453,
            0.7103781700134277,
            -0.6673884987831116,
            0.44886279106140137
          ],
          [
            0.6723094582557678,
            -0.6081154346466064,
            -0.422132670879364,
            -0.037213459610939026
          ],
          [
            -0.7057273983955383,
            -0.35434529185295105,
            -0.6135165095329285,
            1.4441074132919312
          ],
          [
            0.0,
            0.0,
            0.0,
            1.0
          ]
        ]
      },
      "bone_length_armature_space": 0.2675247852733862,
      "parent": "upperarm_l",
      "has_children": true,
      "is_end_bone": false
    },
    "metacarpal_thumb_l": {
      "name": "metacarpal_thumb_l",
      "local": {
        "location": {
          "x": 0.0,
          "y": 0.0,
          "z": 0.0
        },
        "rotation_quaternion": {
          "w": 0.9998554587364197,
          "x": -0.013026255182921886,
          "y": 0.009936999529600143,
          "z": -0.004553122445940971
        },
        "scale": {
          "x": 1.0,
          "y": 1.0,
          "z": 1.0
        },
        "matrix_basis": [
          [
            0.9997610449790955,
            0.008846044540405273,
            0.019989747554063797,
            0.0
          ],
          [
            -0.009363812394440174,
            0.99961918592453,
            0.025958256796002388,
            0.0
          ],
          [
            -0.01975250616669655,
            -0.026139233261346817,
            0.9994631409645081,
            0.0
          ],
          [
            0.0,
            0.0,
            0.0,
            1.0
          ]
        ],
        "rotation_mode": "QUATERNION"
      },
      "armature_space": {
        "head": {
          "x": 0.6389063596725464,
          "y": -0.26314324140548706,
          "z": 0.39945733547210693
        },
        "tail": {
          "x": 0.6494831442832947,
          "y": -0.2941046357154846,
          "z": 0.3622668981552124
        }
      },
      "world_space": {
        "head": {
          "x": 0.6389063596725464,
          "y": -0.19989924132823944,
          "z": 1.349311351776123
        },
        "tail": {
          "x": 0.6494831442832947,
          "y": -0.230860635638237,
          "z": 1.3121209144592285
        },
        "rotation_quaternion": {
          "w": 0.42799270153045654,
          "x": -0.8943526744842529,
          "y": -0.0655263364315033,
          "z": -0.1125253364443779
        },
        "matrix": [
          [
            0.9660886526107788,
            0.21352729201316833,
            0.14518417418003082,
            0.6389063596725464
          ],
          [
            0.02088823914527893,
            -0.625057578086853,
            0.780299186706543,
            -0.19989924132823944
          ],
          [
            0.25736555457115173,
            -0.7508114576339722,
            -0.6083248853683472,
            1.349311351776123
          ],
          [
            0.0,
            0.0,
            0.0,
            1.0
          ]
        ]
      },
      "bone_length_armature_space": 0.04953387616273631,
      "parent": "lowerarm_l",
      "has_children": true,
      "is_end_bone": false
    },
    "thumb_01_l": {
      "name": "thumb_01_l",
      "local": {
        "location": {
          "x": 0.0,
          "y": 0.0,
          "z": 0.0
        },
        "rotation_quaternion": {
          "w": 0.998921275138855,
          "x": 0.0377136766910553,
          "y": -0.022023415192961693,
          "z": -0.015781652182340622
        },
        "scale": {
          "x": 1.0,
          "y": 1.0,
          "z": 1.0
        },
        "matrix_basis": [
          [
            0.9985318183898926,
            0.02986808866262436,
            -0.04518968239426613,
            0.0
          ],
          [
            -0.03319042548537254,
            0.9966572523117065,
            -0.0746508538722992,
            0.0
          ],
          [
            0.04280894622206688,
            0.07604111731052399,
            0.996185302734375,
            0.0
          ],
          [
            0.0,
            0.0,
            0.0,
            1.0
          ]
        ],
        "rotation_mode": "QUATERNION"
      },
      "armature_space": {
        "head": {
          "x": 0.6494831442832947,
          "y": -0.2941046357154846,
          "z": 0.3622668981552124
        },
        "tail": {
          "x": 0.6565698981285095,
          "y": -0.28947126865386963,
          "z": 0.3292979896068573
        }
      },
      "world_space": {
        "head": {
          "x": 0.6494831442832947,
          "y": -0.230860635638237,
          "z": 1.3121209144592285
        },
        "tail": {
          "x": 0.6565698981285095,
          "y": -0.226227268576622,
          "z": 1.2791520357131958
        },
        "rotation_quaternion": {
          "w": 0.602449893951416,
          "x": -0.4306068420410156,
          "y": 0.45289677381515503,
          "z": -0.4965042471885681
        },
        "matrix": [
          [
            0.09673546254634857,
            0.2081981599330902,
            0.9732910990715027,
            0.6494831442832947
          ],
          [
            -0.988278865814209,
            0.13612140715122223,
            0.06910727918148041,
            -0.230860635638237
          ],
          [
            -0.1180993989109993,
            -0.9685750603675842,
            0.21892723441123962,
            1.3121209144592285
          ],
          [
            0.0,
            0.0,
            0.0,
            1.0
          ]
        ]
      },
      "bone_length_armature_space": 0.034038787783421266,
      "parent": "metacarpal_thumb_l",
      "has_children": true,
      "is_end_bone": false
    },
    "thumb_02_l": {
      "name": "thumb_02_l",
      "local": {
        "location": {
          "x": 0.0,
          "y": 0.0,
          "z": 0.0
        },
        "rotation_quaternion": {
          "w": 0.9899476766586304,
          "x": 0.1408035159111023,
          "y": 0.01023346371948719,
          "z": 0.008570131845772266
        },
        "scale": {
          "x": 1.0,
          "y": 1.0,
          "z": 1.0
        },
        "matrix_basis": [
          [
            0.9996436834335327,
            -0.014086148701608181,
            0.022674595937132835,
            0.0
          ],
          [
            0.019849779084324837,
            0.9602018594741821,
            -0.278600811958313,
            0.0
          ],
          [
            -0.017847778275609016,
            0.27895164489746094,
            0.960139274597168,
            0.0
          ],
          [
            0.0,
            0.0,
            0.0,
            1.0
          ]
        ],
        "rotation_mode": "QUATERNION"
      },
      "armature_space": {
        "head": {
          "x": 0.6565698385238647,
          "y": -0.28947120904922485,
          "z": 0.3292979896068573
        },
        "tail": {
          "x": 0.6886453628540039,
          "y": -0.31290721893310547,
          "z": 0.32337403297424316
        }
      },
      "world_space": {
        "head": {
          "x": 0.6565698385238647,
          "y": -0.22622720897197723,
          "z": 1.2791520357131958
        },
        "tail": {
          "x": 0.6886453628540039,
          "y": -0.24966321885585785,
          "z": 1.2732280492782593
        },
        "rotation_quaternion": {
          "w": 0.4446236491203308,
          "x": 0.03957732394337654,
          "y": 0.10275612026453018,
          "z": -0.8889232873916626
        },
        "matrix": [
          [
            -0.6014867424964905,
            0.7986061573028564,
            0.021014168858528137,
            0.6565698385238647
          ],
          [
            -0.7823392748832703,
            -0.5835017561912537,
            -0.21787816286087036,
            -0.22622720897197723
          ],
          [
            -0.16173890233039856,
            -0.14749249815940857,
            0.9757564663887024,
            1.2791520357131958
          ],
          [
            0.0,
            0.0,
            0.0,
            1.0
          ]
        ]
      },
      "bone_length_armature_space": 0.04016440069895368,
      "parent": "thumb_01_l",
      "has_children": true,
      "is_end_bone": false
    },
    "thumb_03_l": {
      "name": "thumb_03_l",
      "local": {
        "location": {
          "x": 0.0,
          "y": 0.0,
          "z": 0.0
        },
        "rotation_quaternion": {
          "w": 0.9977509379386902,
          "x": 0.06661578267812729,
          "y": -0.002276213839650154,
          "z": -0.007086392026394606
        },
        "scale": {
          "x": 1.0,
          "y": 1.0,
          "z": 1.0
        },
        "matrix_basis": [
          [
            0.9998891949653625,
            0.013837644830346107,
            -0.005486320238560438,
            0.0
          ],
          [
            -0.014444172382354736,
            0.9910242557525635,
            -0.13289965689182281,
            0.0
          ],
          [
            0.003598057897761464,
            0.13296417891979218,
            0.9911143183708191,
            0.0
          ],
          [
            0.0,
            0.0,
            0.0,
            1.0
          ]
        ],
        "rotation_mode": "QUATERNION"
      },
      "armature_space": {
        "head": {
          "x": 0.6886453032493591,
          "y": -0.31290721893310547,
          "z": 0.3233739733695984
        },
        "tail": {
          "x": 0.7129767537117004,
          "y": -0.32948845624923706,
          "z": 0.3311156928539276
        }
      },
      "world_space": {
        "head": {
          "x": 0.6886453032493591,
          "y": -0.24966321885585785,
          "z": 1.2732279300689697
        },
        "tail": {
          "x": 0.7129767537117004,
          "y": -0.26624447107315063,
          "z": 1.2809697389602661
        },
        "rotation_quaternion": {
          "w": 0.47681984305381775,
          "x": 0.29798123240470886,
          "y": 0.018070796504616737,
          "z": -0.8267548680305481
        },
        "matrix": [
          [
            -0.3676992952823639,
            0.799196720123291,
            -0.47548025846481323,
            0.6886453032493591
          ],
          [
            -0.7776569128036499,
            -0.5446313619613647,
            -0.3140484392642975,
            -0.24966321885585785
          ],
          [
            -0.5099523067474365,
            0.25428658723831177,
            0.8217671513557434,
            1.2732279300689697
          ],
          [
            0.0,
            0.0,
            0.0,
            1.0
          ]
        ]
      },
      "bone_length_armature_space": 0.030444886477252516,
      "parent": "thumb_02_l",
      "has_children": false,
      "is_end_bone": true
    },
    "metacarpal_index_l": {
      "name": "metacarpal_index_l",
      "local": {
        "location": {
          "x": 0.0,
          "y": 0.0,
          "z": 0.0
        },
        "rotation_quaternion": {
          "w": 0.9996308088302612,
          "x": -0.0176079198718071,
          "y": 0.014327436685562134,
          "z": 0.01493245828896761
        },
        "scale": {
          "x": 1.0,
          "y": 1.0,
          "z": 1.0
        },
        "matrix_basis": [
          [
            0.9991434812545776,
            -0.030358443036675453,
            0.02811843529343605,
            0.0
          ],
          [
            0.02934933826327324,
            0.9989339709281921,
            0.0356307253241539,
            0.0
          ],
          [
            -0.02917015366256237,
            -0.03477495163679123,
            0.9989693760871887,
            0.0
          ],
          [
            0.0,
            0.0,
            0.0,
            1.0
          ]
        ],
        "rotation_mode": "QUATERNION"
      },
      "armature_space": {
        "head": {
          "x": 0.6389063596725464,
          "y": -0.26314324140548706,
          "z": 0.39945733547210693
        },
        "tail": {
          "x": 0.6939586997032166,
          "y": -0.3458516001701355,
          "z": 0.3373457193374634
        }
      },
      "world_space": {
        "head": {
          "x": 0.6389063596725464,
          "y": -0.19989924132823944,
          "z": 1.349311351776123
        },
        "tail": {
          "x": 0.6939586997032166,
          "y": -0.2826076149940491,
          "z": 1.2871997356414795
        },
        "rotation_quaternion": {
          "w": 0.26347383856773376,
          "x": -0.9199589490890503,
          "y": -0.27864891290664673,
          "z": 0.0813138484954834
        },
        "matrix": [
          [
            0.8314852118492126,
            0.46984314918518066,
            -0.29644501209259033,
            0.6389063596725464
          ],
          [
            0.555540144443512,
            -0.7058728337287903,
            0.43945324420928955,
            -0.19989924132823944
          ],
          [
            -0.0027779415249824524,
            -0.5300903916358948,
            -0.8479450345039368,
            1.349311351776123
          ],
          [
            0.0,
            0.0,
            0.0,
            1.0
          ]
        ]
      },
      "bone_length_armature_space": 0.11717203554795352,
      "parent": "lowerarm_l",
      "has_children": true,
      "is_end_bone": false
    },
    "index_01_l": {
      "name": "index_01_l",
      "local": {
        "location": {
          "x": 0.0,
          "y": 0.0,
          "z": 0.0
        },
        "rotation_quaternion": {
          "w": 0.9987466335296631,
          "x": -0.04944127798080444,
          "y": -0.007566425018012524,
          "z": -0.0018968426156789064
        },
        "scale": {
          "x": 1.0,
          "y": 1.0,
          "z": 1.0
        },
        "matrix_basis": [
          [
            0.9998782873153687,
            0.004537117667496204,
            -0.01492631807923317,
            0.0
          ],
          [
            -0.003040742827579379,
            0.9951038956642151,
            0.098787322640419,
            0.0
          ],
          [
            0.015301447361707687,
            -0.09872991591691971,
            0.9949966073036194,
            0.0
          ],
          [
            0.0,
            0.0,
            0.0,
            1.0
          ]
        ],
        "rotation_mode": "QUATERNION"
      },
      "armature_space": {
        "head": {
          "x": 0.6939586997032166,
          "y": -0.3458516001701355,
          "z": 0.3373457193374634
        },
        "tail": {
          "x": 0.7162017226219177,
          "y": -0.3616800010204315,
          "z": 0.32911285758018494
        }
      },
      "world_space": {
        "head": {
          "x": 0.6939586997032166,
          "y": -0.2826076149940491,
          "z": 1.2871997356414795
        },
        "tail": {
          "x": 0.7162017226219177,
          "y": -0.2984359860420227,
          "z": 1.2789669036865234
        },
        "rotation_quaternion": {
          "w": 0.17155084013938904,
          "x": -0.8816494345664978,
          "y": -0.43933936953544617,
          "z": -0.01567310094833374
        },
        "matrix": [
          [
            0.6134702563285828,
            0.7800639271736145,
            -0.12310291826725006,
            0.6939586997032166
          ],
          [
            0.7693098783493042,
            -0.5551022291183472,
            0.31626611948013306,
            -0.2826076149940491
          ],
          [
            0.1783749759197235,
            -0.2887267470359802,
            -0.9406558871269226,
            1.2871997356414795
          ],
          [
            0.0,
            0.0,
            0.0,
            1.0
          ]
        ]
      },
      "bone_length_armature_space": 0.02851438898312889,
      "parent": "metacarpal_index_l",
      "has_children": true,
      "is_end_bone": false
    },
    "index_02_l": {
      "name": "index_02_l",
      "local": {
        "location": {
          "x": 0.0,
          "y": 0.0,
          "z": 0.0
        },
        "rotation_quaternion": {
          "w": 0.9829641580581665,
          "x": 0.18373364210128784,
          "y": -0.0013765967451035976,
          "z": -0.004646738991141319
        },
        "scale": {
          "x": 1.0,
          "y": 1.0,
          "z": 1.0
        },
        "matrix_basis": [
          [
            0.999953031539917,
            0.008629301562905312,
            -0.004413815215229988,
            0.0
          ],
          [
            -0.00964101031422615,
            0.9324406981468201,
            -0.361194372177124,
            0.0
          ],
          [
            0.000998765928670764,
            0.36121997237205505,
            0.9324800968170166,
            0.0
          ],
          [
            0.0,
            0.0,
            0.0,
            1.0
          ]
        ],
        "rotation_mode": "QUATERNION"
      },
      "armature_space": {
        "head": {
          "x": 0.7162018418312073,
          "y": -0.3616802990436554,
          "z": 0.3291124105453491
        },
        "tail": {
          "x": 0.7342854142189026,
          "y": -0.3721829950809479,
          "z": 0.3142540156841278
        }
      },
      "world_space": {
        "head": {
          "x": 0.7162018418312073,
          "y": -0.2984362840652466,
          "z": 1.2789664268493652
        },
        "tail": {
          "x": 0.7342854142189026,
          "y": -0.30893898010253906,
          "z": 1.2641080617904663
        },
        "rotation_quaternion": {
          "w": 0.29940319061279297,
          "x": -0.8349073529243469,
          "y": -0.4534896910190582,
          "z": 0.0873761996626854
        },
        "matrix": [
          [
            0.5734237432479858,
            0.7049222588539124,
            -0.41745609045028687,
            0.7162018418312073
          ],
          [
            0.8095665574073792,
            -0.40940913558006287,
            0.4206976294517517,
            -0.2984362840652466
          ],
          [
            0.12565036118030548,
            -0.5792009830474854,
            -0.8054516911506653,
            1.2789664268493652
          ],
          [
            0.0,
            0.0,
            0.0,
            1.0
          ]
        ]
      },
      "bone_length_armature_space": 0.02565334489764684,
      "parent": "index_01_l",
      "has_children": true,
      "is_end_bone": false
    },
    "index_03_l": {
      "name": "index_03_l",
      "local": {
        "location": {
          "x": 0.0,
          "y": 0.0,
          "z": 0.0
        },
        "rotation_quaternion": {
          "w": 0.9739579558372498,
          "x": 0.22651898860931396,
          "y": -0.007206541486084461,
          "z": -0.006577189080417156
        },
        "scale": {
          "x": 1.0,
          "y": 1.0,
          "z": 1.0
        },
        "matrix_basis": [
          [
            0.9998096227645874,
            0.009546974673867226,
            -0.017017453908920288,
            0.0
          ],
          [
            -0.016076648607850075,
            0.8972917795181274,
            -0.4411451518535614,
            0.0
          ],
          [
            0.011058020405471325,
            0.4413347542285919,
            0.8972744345664978,
            0.0
          ],
          [
            0.0,
            0.0,
            0.0,
            1.0
          ]
        ],
        "rotation_mode": "QUATERNION"
      },
      "armature_space": {
        "head": {
          "x": 0.7342854142189026,
          "y": -0.37218305468559265,
          "z": 0.31425413489341736
        },
        "tail": {
          "x": 0.7474617958068848,
          "y": -0.3731216490268707,
          "z": 0.2881918251514435
        }
      },
      "world_space": {
        "head": {
          "x": 0.7342854142189026,
          "y": -0.30893903970718384,
          "z": 1.2641081809997559
        },
        "tail": {
          "x": 0.7474617958068848,
          "y": -0.3098776340484619,
          "z": 1.2380458116531372
        },
        "rotation_quaternion": {
          "w": 0.5262120962142944,
          "x": -0.6969450116157532,
          "y": -0.4550152122974396,
          "z": 0.1741543710231781
        },
        "matrix": [
          [
            0.525260329246521,
            0.4509567320346832,
            -0.7216227650642395,
            0.7342854142189026
          ],
          [
            0.8175273537635803,
            -0.0321228951215744,
            0.5749934315681458,
            -0.30893903970718384
          ],
          [
            0.23611891269683838,
            -0.8919739723205566,
            -0.3855445384979248,
            1.2641081809997559
          ],
          [
            0.0,
            0.0,
            0.0,
            1.0
          ]
        ]
      },
      "bone_length_armature_space": 0.029218863659981203,
      "parent": "index_02_l",
      "has_children": false,
      "is_end_bone": true
    },
    "metacarpal_pinky_l": {
      "name": "metacarpal_pinky_l",
      "local": {
        "location": {
          "x": 0.0,
          "y": 0.0,
          "z": 0.0
        },
        "rotation_quaternion": {
          "w": 0.9977983236312866,
          "x": -0.06419344246387482,
          "y": -0.010485249571502209,
          "z": 0.0129599180072546
        },
        "scale": {
          "x": 1.0,
          "y": 1.0,
          "z": 1.0
        },
        "matrix_basis": [
          [
            0.9994441866874695,
            -0.024516601115465164,
            -0.02258821204304695,
            0.0
          ],
          [
            0.02720893733203411,
            0.9914224743843079,
            0.12783244252204895,
            0.0
          ],
          [
            0.01926044560968876,
            -0.12837599217891693,
            0.9915385246276855,
            0.0
          ],
          [
            0.0,
            0.0,
            0.0,
            1.0
          ]
        ],
        "rotation_mode": "QUATERNION"
      },
      "armature_space": {
        "head": {
          "x": 0.6389063596725464,
          "y": -0.26314324140548706,
          "z": 0.39945733547210693
        },
        "tail": {
          "x": 0.7350347638130188,
          "y": -0.2975778877735138,
          "z": 0.3790416121482849
        }
      },
      "world_space": {
        "head": {
          "x": 0.6389063596725464,
          "y": -0.19989924132823944,
          "z": 1.349311351776123
        },
        "tail": {
          "x": 0.7350347638130188,
          "y": -0.23433388769626617,
          "z": 1.3288955688476562
        },
        "rotation_quaternion": {
          "w": 0.4554804861545563,
          "x": 0.3584788739681244,
          "y": 0.35664230585098267,
          "z": -0.7326914072036743
        },
        "matrix": [
          [
            -0.3280603289604187,
            0.9231509566307068,
            -0.20042046904563904,
            0.6389063596725464
          ],
          [
            -0.41175761818885803,
            -0.33068668842315674,
            -0.8491774797439575,
            -0.19989924132823944
          ],
          [
            -0.8502018451690674,
            -0.1960585117340088,
            0.4886021316051483,
            1.349311351776123
          ],
          [
            0.0,
            0.0,
            0.0,
            1.0
          ]
        ]
      },
      "bone_length_armature_space": 0.1041307676035947,
      "parent": "lowerarm_l",
      "has_children": true,
      "is_end_bone": false
    },
    "pinky_01_l": {
      "name": "pinky_01_l",
      "local": {
        "location": {
          "x": 0.0,
          "y": 0.0,
          "z": 0.0
        },
        "rotation_quaternion": {
          "w": 0.9997658729553223,
          "x": 0.008505100384354591,
          "y": -0.019807029515504837,
          "z": 0.0018830879125744104
        },
        "scale": {
          "x": 1.0,
          "y": 1.0,
          "z": 1.0
        },
        "matrix_basis": [
          [
            0.9992082715034485,
            -0.004102215636521578,
            -0.03957275301218033,
            0.0
          ],
          [
            0.0034283725544810295,
            0.9998482465744019,
            -0.017080815508961678,
            0.0
          ],
          [
            0.03963681682944298,
            0.016931621357798576,
            0.9990707039833069,
            0.0
          ],
          [
            0.0,
            0.0,
            0.0,
            1.0
          ]
        ],
        "rotation_mode": "QUATERNION"
      },
      "armature_space": {
        "head": {
          "x": 0.7350347638130188,
          "y": -0.2975778877735138,
          "z": 0.3790416121482849
        },
        "tail": {
