{
  "metadata": {
    "armature_name": "KIM_caucasian_male",
    "export_time": "2026-01-13T21:12:50.890844",
    "blender_version": "4.4.1",
    "bone_count": 56,
    "end_bone_count": 13,
    "spaces_included": [
      "LOCAL_CHANNELS",
      "ARMATURE_SPACE",
      "WORLD_SPACE"
    ],
    "note": "LOCAL matches Transform panel; replay pose via local.matrix_basis for best fidelity."
  },
  "bones": {
    "Root": {
      "name": "Root",
      "local": {
        "location": {
          "x": 0.0,
          "y": 0.0,
          "z": 0.0
        },
        "rotation_quaternion": {
          "w": 0.9998560547828674,
          "x": -0.01644051820039749,
          "y": 0.0027678816113620996,
          "z": -0.0031464879866689444
        },
        "scale": {
          "x": 1.0,
          "y": 1.0,
          "z": 1.0
        },
        "matrix_basis": [
          [
            0.9999648928642273,
            0.006201059091836214,
            0.005638426169753075,
            0.0
          ],
          [
            -0.006383080966770649,
            0.9994395971298218,
            0.03285888582468033,
            0.0
          ],
          [
            -0.005431506782770157,
            -0.032893721014261246,
            0.9994440674781799,
            0.0
          ],
          [
            0.0,
            0.0,
            0.0,
            1.0
          ]
        ],
        "rotation_mode": "QUATERNION"
      },
      "armature_space": {
        "head": {
          "x": 0.0,
          "y": 0.07072800397872925,
          "z": -0.009595036506652832
        },
        "tail": {
          "x": 0.0004426059895195067,
          "y": 0.00035525858402252197,
          "z": 0.002321145497262478
        }
      },
      "world_space": {
        "head": {
          "x": 0.0,
          "y": 0.13397200405597687,
          "z": 0.9402589797973633
        },
        "tail": {
          "x": 0.0004426059895195067,
          "y": 0.06359925866127014,
          "z": 0.9521751403808594
        },
        "rotation_quaternion": {
          "w": 0.08376113325357437,
          "x": 0.9964770674705505,
          "y": 0.003325805999338627,
          "z": 0.002549621043726802
        },
        "matrix": [
          [
            0.9999648928642273,
            0.006201059091836214,
            0.005638426169753075,
            0.0
          ],
          [
            0.007055298890918493,
            -0.9859459400177002,
            -0.16691559553146362,
            0.13397200405597687
          ],
          [
            0.004524168558418751,
            0.16694973409175873,
            -0.9859621524810791,
            0.9402589797973633
          ],
          [
            0.0,
            0.0,
            0.0,
            1.0
          ]
        ]
      },
      "bone_length_armature_space": 0.0713758674122883,
      "parent": null,
      "has_children": true,
      "is_end_bone": false
    },
    "spine_01": {
      "name": "spine_01",
      "local": {
        "location": {
          "x": 0.0,
          "y": 0.0,
          "z": 0.0
        },
        "rotation_quaternion": {
          "w": 0.9949204921722412,
          "x": 0.08767624944448471,
          "y": 0.03946990519762039,
          "z": 0.0298017431050539
        },
        "scale": {
          "x": 1.0,
          "y": 1.0,
          "z": 1.0
        },
        "matrix_basis": [
          [
            0.9951079487800598,
            -0.052379582077264786,
            0.08376464247703552,
            0.0
          ],
          [
            0.06622187793254852,
            0.9828494787216187,
            -0.17210924625396729,
            0.0
          ],
          [
            -0.07331302762031555,
            0.17681433260440826,
            0.9815099835395813,
            0.0
          ],
          [
            0.0,
            0.0,
            0.0,
            1.0
          ]
        ],
        "rotation_mode": "QUATERNION"
      },
      "armature_space": {
        "head": {
          "x": 0.0004426059895195067,
          "y": 0.00035525858402252197,
          "z": 0.002321145497262478
        },
        "tail": {
          "x": -0.026974257081747055,
          "y": -0.047687239944934845,
          "z": 0.4871806204319
        }
      },
      "world_space": {
        "head": {
          "x": 0.0004426059895195067,
          "y": 0.06359925866127014,
          "z": 0.9521751403808594
        },
        "tail": {
          "x": -0.026974257081747055,
          "y": 0.015556760132312775,
          "z": 1.4370346069335938
        },
        "rotation_quaternion": {
          "w": 0.6713260412216187,
          "x": 0.7392194271087646,
          "y": 0.009870268404483795,
          "z": 0.05271251127123833
        },
        "matrix": [
          [
            0.9942479729652405,
            -0.056181952357292175,
            0.0911841168999672,
            0.0004426059895195067
          ],
          [
            0.08536674827337265,
            -0.09844749420881271,
            -0.991473913192749,
            0.06359925866127014
          ],
          [
            0.06468033045530319,
            0.9935619831085205,
            -0.09308674186468124,
            0.9521751403808594
          ],
          [
            0.0,
            0.0,
            0.0,
            1.0
          ]
        ]
      },
      "bone_length_armature_space": 0.48800458192605256,
      "parent": "Root",
      "has_children": true,
      "is_end_bone": false
    },
    "neck_01": {
      "name": "neck_01",
      "local": {
        "location": {
          "x": 0.0,
          "y": 0.0,
          "z": 0.0
        },
        "rotation_quaternion": {
          "w": 0.9975227117538452,
          "x": 0.019464600831270218,
          "y": -0.0009526528883725405,
          "z": 0.067592091858387
        },
        "scale": {
          "x": 1.0,
          "y": 1.0,
          "z": 1.0
        },
        "matrix_basis": [
          [
            0.9908608198165894,
            -0.13488638401031494,
            0.0007307204068638384,
            0.0
          ],
          [
            0.13481220602989197,
            0.9901048541069031,
            -0.03896154463291168,
            0.0
          ],
          [
            0.004531892016530037,
            0.038703978061676025,
            0.9992404580116272,
            0.0
          ],
          [
            0.0,
            0.0,
            0.0,
            1.0
          ]
        ],
        "rotation_mode": "QUATERNION"
      },
      "armature_space": {
        "head": {
          "x": -0.027925506234169006,
          "y": -0.08928016573190689,
          "z": 0.5566994547843933
        },
        "tail": {
          "x": -0.043023720383644104,
          "y": -0.1414085030555725,
          "z": 0.6436787843704224
        }
      },
      "world_space": {
        "head": {
          "x": -0.027925506234169006,
          "y": -0.02603616565465927,
          "z": 1.5065534114837646
        },
        "tail": {
          "x": -0.043023720383644104,
          "y": -0.07816450297832489,
          "z": 1.5935328006744385
        },
        "rotation_quaternion": {
          "w": 0.49429529905319214,
          "x": 0.8645293116569519,
          "y": -0.03795263543725014,
          "z": 0.08258889615535736
        },
        "matrix": [
          [
            0.9834774136543274,
            -0.14726899564266205,
            0.10528071224689484,
            -0.027925506234169006
          ],
          [
            0.01602366752922535,
            -0.5084633231163025,
            -0.8609346747398376,
            -0.02603616565465927
          ],
          [
            0.18032163381576538,
            0.8484020829200745,
            -0.4977067708969116,
            1.5065534114837646
          ],
          [
            0.0,
            0.0,
            0.0,
            1.0
          ]
        ]
      },
      "bone_length_armature_space": 0.10252181983909839,
      "parent": "spine_01",
      "has_children": true,
      "is_end_bone": false
    },
    "head": {
      "name": "head",
      "local": {
        "location": {
          "x": 0.0,
          "y": 0.0,
          "z": 0.0
        },
        "rotation_quaternion": {
          "w": 0.9950445890426636,
          "x": -0.07030109316110611,
          "y": -0.0381038673222065,
          "z": 0.059095680713653564
        },
        "scale": {
          "x": 1.0,
          "y": 1.0,
          "z": 1.0
        },
        "matrix_basis": [
          [
            0.9901115894317627,
            -0.11224818974733353,
            -0.08413907885551453,
            0.0
          ],
          [
            0.12296316027641296,
            0.983130931854248,
            0.1354018896818161,
            0.0
          ],
          [
            0.0675211101770401,
            -0.14440898597240448,
            0.9872117042541504,
            0.0
          ],
          [
            0.0,
            0.0,
            0.0,
            1.0
          ]
        ],
        "rotation_mode": "QUATERNION"
      },
      "armature_space": {
        "head": {
          "x": -0.043023694306612015,
          "y": -0.14140860736370087,
          "z": 0.6436786651611328
        },
        "tail": {
          "x": -0.08791838586330414,
          "y": -0.1443701833486557,
          "z": 0.7921003103256226
        }
      },
      "world_space": {
        "head": {
          "x": -0.043023694306612015,
          "y": -0.07816460728645325,
          "z": 1.593532681465149
        },
        "tail": {
          "x": -0.08791838586330414,
          "y": -0.08112618327140808,
          "z": 1.7419543266296387
        },
        "rotation_quaternion": {
          "w": 0.6885247826576233,
          "x": 0.7095184922218323,
          "y": -0.12800657749176025,
          "z": 0.0783040001988411
        },
        "matrix": [
          [
            0.9549654722213745,
            -0.2894746959209442,
            -0.06515694409608841,
            -0.043023694306612015
          ],
          [
            -0.07381944358348846,
            -0.01909579336643219,
            -0.9970889687538147,
            -0.07816460728645325
          ],
          [
            0.28738969564437866,
            0.9570019245147705,
            -0.03960597515106201,
            1.593532681465149
          ],
          [
            0.0,
            0.0,
            0.0,
            1.0
          ]
        ]
      },
      "bone_length_armature_space": 0.15509122742953074,
      "parent": "neck_01",
      "has_children": false,
      "is_end_bone": true
    },
    "upperarm_l": {
      "name": "upperarm_l",
      "local": {
        "location": {
          "x": 0.0,
          "y": 0.0,
          "z": 0.0
        },
        "rotation_quaternion": {
          "w": 0.9172141551971436,
          "x": 0.16795027256011963,
          "y": 0.33724838495254517,
          "z": 0.12951602041721344
        },
        "scale": {
          "x": 1.0,
          "y": 1.0,
          "z": 1.0
        },
        "matrix_basis": [
          [
            0.7389782667160034,
            -0.12430594116449356,
            0.6621624827384949,
            0.0
          ],
          [
            0.3508697748184204,
            0.9100366234779358,
            -0.2207345962524414,
            0.0
          ],
          [
            -0.5751534700393677,
            0.3954508602619171,
            0.716112494468689,
            0.0
          ],
          [
            0.0,
            0.0,
            0.0,
            1.0
          ]
        ],
        "rotation_mode": "QUATERNION"
      },
      "armature_space": {
        "head": {
          "x": 0.12527835369110107,
          "y": -0.07302065193653107,
          "z": 0.49932950735092163
        },
        "tail": {
          "x": 0.37975043058395386,
          "y": -0.15058134496212006,
          "z": 0.5315154194831848
        }
      },
      "world_space": {
        "head": {
          "x": 0.12527835369110107,
          "y": -0.009776651859283447,
          "z": 1.449183464050293
        },
        "tail": {
          "x": 0.37975043058395386,
          "y": -0.08733734488487244,
          "z": 1.4813694953918457
        },
        "rotation_quaternion": {
          "w": 0.25313499569892883,
          "x": 0.7639818787574768,
          "y": 0.5396316647529602,
          "z": -0.24708744883537292
        },
        "matrix": [
          [
            0.29549020528793335,
            0.9496309757232666,
            -0.10433901101350784,
            0.12527835369110107
          ],
          [
            0.6994448900222778,
            -0.2894385755062103,
            -0.653454065322876,
            -0.009776651859283447
          ],
          [
            -0.650743842124939,
            0.1201104074716568,
            -0.7497466206550598,
            1.449183464050293
          ],
          [
            0.0,
            0.0,
            0.0,
            1.0
          ]
        ]
      },
      "bone_length_armature_space": 0.2679694570178945,
      "parent": "spine_01",
      "has_children": true,
      "is_end_bone": false
    },
    "lowerarm_l": {
      "name": "lowerarm_l",
      "local": {
        "location": {
          "x": 0.0,
          "y": 0.0,
          "z": 0.0
        },
        "rotation_quaternion": {
          "w": 0.9363328218460083,
          "x": 0.2609492540359497,
          "y": -0.01976696401834488,
          "z": 0.2340848743915558
        },
        "scale": {
          "x": 1.0,
          "y": 1.0,
          "z": 1.0
        },
        "matrix_basis": [
          [
            0.8896270990371704,
            -0.4486790597438812,
            0.08515163511037827,
            0.0
          ],
          [
            0.4280463457107544,
            0.7542195320129395,
            -0.4979249835014343,
            0.0
          ],
          [
            0.15918545424938202,
            0.4794164001941681,
            0.8630294799804688,
            0.0
          ],
          [
            0.0,
            0.0,
            0.0,
            1.0
          ]
        ],
        "rotation_mode": "QUATERNION"
      },
      "armature_space": {
        "head": {
          "x": 0.37975049018859863,
          "y": -0.1505814790725708,
          "z": 0.5315154790878296
        },
        "tail": {
          "x": 0.4900493025779724,
          "y": -0.39347344636917114,
          "z": 0.551689624786377
        }
      },
      "world_space": {
        "head": {
          "x": 0.37975049018859863,
          "y": -0.08733747899532318,
          "z": 1.4813694953918457
        },
        "tail": {
          "x": 0.4900493025779724,
          "y": -0.3302294611930847,
          "z": 1.501543641090393
        },
        "rotation_quaternion": {
          "w": 0.11874809116125107,
          "x": 0.8974718451499939,
          "y": 0.1787080466747284,
          "z": -0.3853657841682434
        },
        "matrix": [
          [
            0.6391132473945618,
            0.41229432821273804,
            -0.6492669582366943,
            0.37975049018859863
          ],
          [
            0.2292480319738388,
            -0.9079242944717407,
            -0.3508829176425934,
            -0.08733747899532318
          ],
          [
            -0.7341573238372803,
            0.075410395860672,
            -0.6747890710830688,
            1.4813694953918457
          ],
          [
            0.0,
            0.0,
            0.0,
            1.0
          ]
        ]
      },
      "bone_length_armature_space": 0.2675244472104654,
      "parent": "upperarm_l",
      "has_children": true,
      "is_end_bone": false
    },
    "metacarpal_thumb_l": {
      "name": "metacarpal_thumb_l",
      "local": {
        "location": {
          "x": 0.0,
          "y": 0.0,
          "z": 0.0
        },
        "rotation_quaternion": {
          "w": 0.9996027946472168,
          "x": -0.026871684938669205,
          "y": 0.005574600305408239,
          "z": 0.006410266272723675
        },
        "scale": {
          "x": 1.0,
          "y": 1.0,
          "z": 1.0
        },
        "matrix_basis": [
          [
            0.999855637550354,
            -0.01311503816395998,
            0.010800262913107872,
            0.0
          ],
          [
            0.012515841983258724,
            0.9984736442565918,
            0.053793493658304214,
            0.0
          ],
          [
            -0.011489281430840492,
            -0.05365055426955223,
            0.9984936714172363,
            0.0
          ],
          [
            0.0,
            0.0,
            0.0,
            1.0
          ]
        ],
        "rotation_mode": "QUATERNION"
      },
      "armature_space": {
        "head": {
          "x": 0.4900493025779724,
          "y": -0.39347344636917114,
          "z": 0.551689624786377
        },
        "tail": {
          "x": 0.4909282922744751,
          "y": -0.4379431903362274,
          "z": 0.5298891663551331
        }
      },
      "world_space": {
        "head": {
          "x": 0.4900493025779724,
          "y": -0.3302294611930847,
          "z": 1.501543641090393
        },
        "tail": {
          "x": 0.4909282922744751,
          "y": -0.3746991753578186,
          "z": 1.479743242263794
        },
        "rotation_quaternion": {
          "w": 0.2172842174768448,
          "x": -0.9245679974555969,
          "y": 0.06247861310839653,
          "z": -0.30668896436691284
        },
        "matrix": [
          [
            0.8040766716003418,
            0.01774521917104721,
            0.594260573387146,
            0.4900493025779724
          ],
          [
            -0.24880854785442352,
            -0.8977682590484619,
            0.3634640574455261,
            -0.3302294611930847
          ],
          [
            0.5399616360664368,
            -0.44011396169662476,
            -0.7174643874168396,
            1.501543641090393
          ],
          [
            0.0,
            0.0,
            0.0,
            1.0
          ]
        ]
      },
      "bone_length_armature_space": 0.04953373224735508,
      "parent": "lowerarm_l",
      "has_children": true,
      "is_end_bone": false
    },
    "thumb_01_l": {
      "name": "thumb_01_l",
      "local": {
        "location": {
          "x": 0.0,
          "y": 0.0,
          "z": 0.0
        },
        "rotation_quaternion": {
          "w": 0.9996486306190491,
          "x": -0.024416061118245125,
          "y": 0.006969579495489597,
          "z": -0.007609548047184944
        },
        "scale": {
          "x": 1.0,
          "y": 1.0,
          "z": 1.0
        },
        "matrix_basis": [
          [
            0.9997870326042175,
            0.014873409643769264,
            0.01430585142225027,
            0.0
          ],
          [
            -0.015554088167846203,
            0.9986919164657593,
            0.04870889335870743,
            0.0
          ],
          [
            -0.013562670908868313,
            -0.04892103374004364,
            0.998710572719574,
            0.0
          ],
          [
            0.0,
            0.0,
            0.0,
            1.0
          ]
        ],
        "rotation_mode": "QUATERNION"
      },
      "armature_space": {
        "head": {
          "x": 0.4909282922744751,
          "y": -0.4379431903362274,
          "z": 0.5298891663551331
        },
        "tail": {
          "x": 0.5013799667358398,
          "y": -0.447884202003479,
          "z": 0.49905771017074585
        }
      },
      "world_space": {
        "head": {
          "x": 0.4909282922744751,
          "y": -0.3746991753578186,
          "z": 1.479743242263794
        },
        "tail": {
          "x": 0.5013799667358398,
          "y": -0.3846402168273926,
          "z": 1.4489116668701172
        },
        "rotation_quaternion": {
          "w": 0.4183552861213684,
          "x": -0.3517813980579376,
          "y": 0.4230283200740814,
          "z": -0.7226865887641907
        },
        "matrix": [
          [
            -0.4024563729763031,
            0.3070533573627472,
            0.8624077439308167,
            0.4909282922744751
          ],
          [
            -0.9023066163063049,
            -0.2920514941215515,
            -0.3170933425426483,
            -0.3746991753578186
          ],
          [
            0.15450337529182434,
            -0.9057793617248535,
            0.39459672570228577,
            1.479743242263794
          ],
          [
            0.0,
            0.0,
            0.0,
            1.0
          ]
        ]
      },
      "bone_length_armature_space": 0.03403880042167727,
      "parent": "metacarpal_thumb_l",
      "has_children": true,
      "is_end_bone": false
    },
    "thumb_02_l": {
      "name": "thumb_02_l",
      "local": {
        "location": {
          "x": 0.0,
          "y": 0.0,
          "z": 0.0
        },
        "rotation_quaternion": {
          "w": 0.9984236359596252,
          "x": 0.054862406104803085,
          "y": 0.007349795661866665,
          "z": -0.009295862168073654
        },
        "scale": {
          "x": 1.0,
          "y": 1.0,
          "z": 1.0
        },
        "matrix_basis": [
          [
            0.9997191429138184,
            0.019368872046470642,
            0.0136564327403903,
            0.0
          ],
          [
            -0.017755962908267975,
            0.9938074350357056,
            -0.10968849062919617,
            0.0
          ],
          [
            -0.015696406364440918,
            0.109415203332901,
            0.9938721656799316,
            0.0
          ],
          [
            0.0,
            0.0,
            0.0,
            1.0
          ]
        ],
        "rotation_mode": "QUATERNION"
      },
      "armature_space": {
        "head": {
          "x": 0.5013799071311951,
          "y": -0.4478841722011566,
          "z": 0.49905773997306824
        },
        "tail": {
          "x": 0.5172057151794434,
          "y": -0.48479923605918884,
          "z": 0.49904701113700867
        }
      },
      "world_space": {
        "head": {
          "x": 0.5013799071311951,
          "y": -0.3846401572227478,
          "z": 1.4489117860794067
        },
        "tail": {
          "x": 0.5172057151794434,
          "y": -0.42155522108078003,
          "z": 1.4489010572433472
        },
        "rotation_quaternion": {
          "w": 0.20096126198768616,
          "x": 0.03854822739958763,
          "y": 0.008050724864006042,
          "z": -0.9788073301315308
        },
        "matrix": [
          [
            -0.9162572622299194,
            0.39402544498443604,
            -0.07222673296928406,
            0.5013799071311951
          ],
          [
            -0.39278391003608704,
            -0.9190993309020996,
            -0.03125328570604324,
            -0.3846401572227478
          ],
          [
            -0.07869892567396164,
            -0.00026736408472061157,
            0.9969053864479065,
            1.4489117860794067
          ],
          [
            0.0,
            0.0,
            0.0,
            1.0
          ]
        ]
      },
      "bone_length_armature_space": 0.04016439008514472,
      "parent": "thumb_01_l",
      "has_children": true,
      "is_end_bone": false
    },
    "thumb_03_l": {
      "name": "thumb_03_l",
      "local": {
        "location": {
          "x": 0.0,
          "y": 0.0,
          "z": 0.0
        },
        "rotation_quaternion": {
          "w": 0.996523380279541,
          "x": 0.08306167274713516,
          "y": 0.0003733964404091239,
          "z": 0.006474548019468784
        },
        "scale": {
          "x": 1.0,
          "y": 1.0,
          "z": 1.0
        },
        "matrix_basis": [
          [
            0.9999158978462219,
            -0.012842047028243542,
            0.0018197702011093497,
            0.0
          ],
          [
            0.01296610664576292,
            0.9861176609992981,
            -0.16554096341133118,
            0.0
          ],
          [
            0.0003313769993837923,
            0.16555063426494598,
            0.9862012267112732,
            0.0
          ],
          [
            0.0,
            0.0,
            0.0,
            1.0
          ]
        ],
        "rotation_mode": "QUATERNION"
      },
      "armature_space": {
        "head": {
          "x": 0.5172056555747986,
          "y": -0.48479923605918884,
          "z": 0.4990469515323639
        },
        "tail": {
          "x": 0.5300630331039429,
          "y": -0.5091349482536316,
          "z": 0.5120605230331421
        }
      },
      "world_space": {
        "head": {
          "x": 0.5172056555747986,
          "y": -0.42155522108078003,
          "z": 1.4489009380340576
        },
        "tail": {
          "x": 0.5300630331039429,
          "y": -0.44589096307754517,
          "z": 1.4619145393371582
        },
        "rotation_quaternion": {
          "w": 0.27712589502334595,
          "x": 0.26747310161590576,
          "y": -0.15340334177017212,
          "z": -0.9100147485733032
        },
        "matrix": [
          [
            -0.7033184170722961,
            0.4223155975341797,
            -0.5718328952789307,
            0.5172056555747986
          ],
          [
            -0.5864400863647461,
            -0.7993369698524475,
            0.13095033168792725,
            -0.42155522108078003
          ],
          [
            -0.4017881453037262,
            0.4274478554725647,
            0.8098571300506592,
            1.4489009380340576
          ],
          [
            0.0,
            0.0,
            0.0,
            1.0
          ]
        ]
      },
      "bone_length_armature_space": 0.03044490219069885,
      "parent": "thumb_02_l",
      "has_children": false,
      "is_end_bone": true
    },
    "metacarpal_index_l": {
      "name": "metacarpal_index_l",
      "local": {
        "location": {
          "x": 0.0,
          "y": 0.0,
          "z": 0.0
        },
        "rotation_quaternion": {
          "w": 0.9986805319786072,
          "x": -0.05052754655480385,
          "y": 0.008076442405581474,
          "z": 0.004356822464615107
        },
        "scale": {
          "x": 1.0,
          "y": 1.0,
          "z": 1.0
        },
        "matrix_basis": [
          [
            0.9998315572738647,
            -0.009518313221633434,
            0.01569129340350628,
            0.0
          ],
          [
            0.007885982282459736,
            0.9948559999465942,
            0.1009921282529831,
            0.0
          ],
          [
            -0.016571851447224617,
            -0.1008513793349266,
            0.9947634935379028,
            0.0
          ],
          [
            0.0,
            0.0,
            0.0,
            1.0
          ]
        ],
        "rotation_mode": "QUATERNION"
      },
      "armature_space": {
        "head": {
          "x": 0.4900493025779724,
          "y": -0.39347344636917114,
          "z": 0.551689624786377
        },
        "tail": {
          "x": 0.5144546627998352,
          "y": -0.5077574253082275,
          "z": 0.5431590676307678
        }
      },
      "world_space": {
        "head": {
          "x": 0.4900493025779724,
          "y": -0.3302294611930847,
          "z": 1.501543641090393
        },
        "tail": {
          "x": 0.5144546627998352,
          "y": -0.4445134401321411,
          "z": 1.4930131435394287
        },
        "rotation_quaternion": {
          "w": 0.04300234094262123,
          "x": -0.9919388890266418,
          "y": -0.10234074294567108,
          "z": -0.06111132353544235
        },
        "matrix": [
          [
            0.9715835452079773,
            0.2082872986793518,
            0.11243554949760437,
            0.4900493025779724
          ],
          [
            0.197775736451149,
            -0.9753543734550476,
            0.09781932830810547,
            -0.3302294611930847
          ],
          [
            0.13003996014595032,
            -0.07280407845973969,
            -0.988839328289032,
            1.501543641090393
          ],
          [
            0.0,
            0.0,
            0.0,
            1.0
          ]
        ]
      },
      "bone_length_armature_space": 0.11717175313334023,
      "parent": "lowerarm_l",
      "has_children": true,
      "is_end_bone": false
    },
    "index_01_l": {
      "name": "index_01_l",
      "local": {
        "location": {
          "x": 0.0,
          "y": 0.0,
          "z": 0.0
        },
        "rotation_quaternion": {
          "w": 0.9916835427284241,
          "x": -0.12668205797672272,
          "y": -0.019582806155085564,
          "z": -0.011486819013953209
        },
        "scale": {
          "x": 1.0,
          "y": 1.0,
          "z": 1.0
        },
        "matrix_basis": [
          [
            0.9989691376686096,
            0.02774415910243988,
            -0.035929545760154724,
            0.0
          ],
          [
            -0.017820999026298523,
            0.9676394462585449,
            0.25170689821243286,
            0.0
          ],
          [
            0.041750241070985794,
            -0.25080713629722595,
            0.9671363234519958,
            0.0
          ],
          [
            0.0,
            0.0,
            0.0,
            1.0
          ]
        ],
        "rotation_mode": "QUATERNION"
      },
      "armature_space": {
        "head": {
          "x": 0.5144546627998352,
          "y": -0.5077574253082275,
          "z": 0.5431590676307678
        },
        "tail": {
          "x": 0.5278995633125305,
          "y": -0.530766487121582,
          "z": 0.5533024072647095
        }
      },
      "world_space": {
        "head": {
          "x": 0.5144546627998352,
          "y": -0.4445134401321411,
          "z": 1.4930131435394287
        },
        "tail": {
          "x": 0.5278995633125305,
          "y": -0.4675225019454956,
          "z": 1.5031564235687256
        },
        "rotation_quaternion": {
          "w": 0.15843358635902405,
          "x": 0.9446325302124023,
          "y": 0.2672724425792694,
          "z": 0.10551600158214569
        },
        "matrix": [
          [
            0.834863543510437,
            0.4715140461921692,
            0.28403788805007935,
            0.5144546627998352
          ],
          [
            0.5383833050727844,
            -0.8069283962249756,
            -0.2429199069738388,
            -0.4445134401321411
          ],
          [
            0.11465927958488464,
            0.3557279109954834,
            -0.9275369644165039,
            1.4930131435394287
          ],
          [
            0.0,
            0.0,
            0.0,
            1.0
          ]
        ]
      },
      "bone_length_armature_space": 0.028514375969561485,
      "parent": "metacarpal_index_l",
      "has_children": true,
      "is_end_bone": false
    },
    "index_02_l": {
      "name": "index_02_l",
      "local": {
        "location": {
          "x": 0.0,
          "y": 0.0,
          "z": 0.0
        },
        "rotation_quaternion": {
          "w": 0.999956488609314,
          "x": 0.0009152456186711788,
          "y": -0.009188246913254261,
          "z": -0.0013669200707226992
        },
        "scale": {
          "x": 1.0,
          "y": 1.0,
          "z": 1.0
        },
        "matrix_basis": [
          [
            0.9998274445533752,
            0.0027169021777808666,
            -0.01837819628417492,
            0.0
          ],
          [
            -0.002750540152192116,
            0.9999945759773254,
            -0.0018052924424409866,
            0.0
          ],
          [
            0.018373191356658936,
            0.0018555307760834694,
            0.9998294711112976,
            0.0
          ],
          [
            0.0,
            0.0,
            0.0,
            1.0
          ]
        ],
        "rotation_mode": "QUATERNION"
      },
      "armature_space": {
        "head": {
          "x": 0.5278996825218201,
          "y": -0.5307669639587402,
          "z": 0.5533022284507751
        },
        "tail": {
          "x": 0.5404667258262634,
          "y": -0.5507766008377075,
          "z": 0.5632909536361694
        }
      },
      "world_space": {
        "head": {
          "x": 0.5278996825218201,
          "y": -0.4675229787826538,
          "z": 1.5031561851501465
        },
        "tail": {
          "x": 0.5404667258262634,
          "y": -0.4875326156616211,
          "z": 1.5131449699401855
        },
        "rotation_quaternion": {
          "w": 0.18718841671943665,
          "x": 0.9409634470939636,
          "y": 0.2737855017185211,
          "z": 0.06774845719337463
        },
        "matrix": [
          [
            0.8409031629562378,
            0.48988088965415955,
            0.22999709844589233,
            0.5278996825218201
          ],
          [
            0.5406081080436707,
            -0.7800038456916809,
            -0.3151777982711792,
            -0.4675229787826538
          ],
          [
            0.02499960921704769,
            0.3893742263317108,
            -0.9207479357719421,
            1.5031561851501465
          ],
          [
            0.0,
            0.0,
            0.0,
            1.0
          ]
        ]
      },
      "bone_length_armature_space": 0.025653279947192638,
      "parent": "index_01_l",
      "has_children": true,
      "is_end_bone": false
    },
    "index_03_l": {
      "name": "index_03_l",
      "local": {
        "location": {
          "x": 0.0,
          "y": 0.0,
          "z": 0.0
        },
        "rotation_quaternion": {
          "w": 0.9986954927444458,
          "x": 0.05022731050848961,
          "y": 0.0055132159031927586,
          "z": -0.007368131540715694
        },
        "scale": {
          "x": 1.0,
          "y": 1.0,
          "z": 1.0
        },
        "matrix_basis": [
          [
            0.9998306035995483,
            0.015270867384970188,
            0.010271884500980377,
            0.0
          ],
          [
            -0.014163211919367313,
            0.9948458671569824,
            -0.10040482133626938,
            0.0
          ],
          [
            -0.011752210557460785,
            0.10024233162403107,
            0.9948936700820923,
            0.0
          ],
          [
            0.0,
            0.0,
            0.0,
            1.0
          ]
        ],
        "rotation_mode": "QUATERNION"
      },
      "armature_space": {
        "head": {
          "x": 0.5404666662216187,
          "y": -0.5507765412330627,
          "z": 0.563291072845459
        },
        "tail": {
          "x": 0.558444619178772,
          "y": -0.5729643702507019,
          "z": 0.5694737434387207
        }
      },
      "world_space": {
        "head": {
          "x": 0.5404666662216187,
          "y": -0.4875325560569763,
          "z": 1.513145089149475
        },
        "tail": {
          "x": 0.558444619178772,
          "y": -0.5097203850746155,
          "z": 1.5193277597427368
        },
        "rotation_quaternion": {
          "w": 0.08867795765399933,
          "x": 0.9354378581047058,
          "y": 0.3353364169597626,
          "z": 0.06813190877437592
        },
        "matrix": [
          [
            0.765815019607544,
            0.6152890920639038,
            0.18694037199020386,
            0.5404666662216187
          ],
          [
            0.6394562721252441,
            -0.7593715190887451,
            -0.12021119147539139,
            -0.4875325560569763
          ],
          [
            0.06799350678920746,
            0.21160046756267548,
            -0.9749954342842102,
            1.513145089149475
          ],
          [
            0.0,
            0.0,
            0.0,
            1.0
          ]
        ]
      },
      "bone_length_armature_space": 0.029218691697554953,
      "parent": "index_02_l",
      "has_children": false,
      "is_end_bone": true
    },
    "metacarpal_pinky_l": {
      "name": "metacarpal_pinky_l",
      "local": {
        "location": {
          "x": 0.0,
          "y": 0.0,
          "z": 0.0
        },
        "rotation_quaternion": {
          "w": 0.9995322823524475,
          "x": -0.027684587985277176,
          "y": -0.007610127329826355,
          "z": -0.010529905557632446
        },
        "scale": {
          "x": 1.0,
          "y": 1.0,
          "z": 1.0
        },
        "matrix_basis": [
          [
            0.9996623992919922,
            0.021471327170729637,
            -0.01463010348379612,
            0.0
          ],
          [
            -0.020628593862056732,
            0.998245358467102,
            0.05550354719161987,
            0.0
          ],
          [
            0.01579616777598858,
            -0.055183012038469315,
            0.9983512759208679,
            0.0
          ],
          [
            0.0,
            0.0,
            0.0,
            1.0
          ]
        ],
        "rotation_mode": "QUATERNION"
      },
      "armature_space": {
        "head": {
          "x": 0.4900493025779724,
          "y": -0.39347344636917114,
          "z": 0.551689624786377
        },
        "tail": {
          "x": 0.5553320646286011,
          "y": -0.471129834651947,
          "z": 0.5751602053642273
        }
      },
      "world_space": {
        "head": {
          "x": 0.4900493025779724,
          "y": -0.3302294611930847,
          "z": 1.501543641090393
        },
        "tail": {
          "x": 0.5553320646286011,
          "y": -0.4078858494758606,
          "z": 1.5250141620635986
        },
        "rotation_quaternion": {
          "w": 0.3513637185096741,
          "x": 0.4607553482055664,
          "y": 0.060528624802827835,
          "z": -0.8127633929252625
        },
        "matrix": [
          [
            -0.32849544286727905,
            0.6269303560256958,
            -0.7064340114593506,
            0.4900493025779724
          ],
          [
            -0.5153740644454956,
            -0.7457583546638489,
            -0.4221777319908142,
            -0.3302294611930847
          ],
          [
            -0.7915111184120178,
            0.2253951132297516,
            0.5680854916572571,
            1.501543641090393
          ],
          [
            0.0,
            0.0,
            0.0,
            1.0
          ]
        ]
      },
      "bone_length_armature_space": 0.10413079373619574,
      "parent": "lowerarm_l",
      "has_children": true,
      "is_end_bone": false
    },
    "pinky_01_l": {
      "name": "pinky_01_l",
      "local": {
        "location": {
          "x": 0.0,
          "y": 0.0,
          "z": 0.0
        },
        "rotation_quaternion": {
          "w": 0.942910373210907,
          "x": 0.3321763277053833,
          "y": 0.019277863204479218,
          "z": 0.014400241896510124
        },
        "scale": {
          "x": 1.0,
          "y": 1.0,
          "z": 1.0
        },
        "matrix_basis": [
          [
            0.9988420009613037,
            -0.014348975382745266,
            0.045921433717012405,
            0.0
          ],
          [
            0.03996357321739197,
            0.778903067111969,
            -0.6258698105812073,
            0.0
          ],
          [
            -0.026787756010890007,
            0.6269802451133728,
            0.778574526309967,
            0.0
          ],
          [
            0.0,
            0.0,
            0.0,
            1.0
          ]
        ],
        "rotation_mode": "QUATERNION"
      },
      "armature_space": {
        "head": {
          "x": 0.5553320646286011,
          "y": -0.471129834651947,
          "z": 0.5751602053642273
        },
        "tail": {
