{
  "metadata": {
    "armature_name": "KIM_caucasian_male",
    "export_time": "2026-01-13T21:00:51.640221",
    "blender_version": "4.4.1",
    "bone_count": 56,
    "end_bone_count": 13,
    "spaces_included": [
      "LOCAL_CHANNELS",
      "ARMATURE_SPACE",
      "WORLD_SPACE"
    ],
    "note": "LOCAL matches Transform panel; replay pose via local.matrix_basis for best fidelity."
  },
  "bones": {
    "Root": {
      "name": "Root",
      "local": {
        "location": {
          "x": 0.0,
          "y": 0.0,
          "z": 0.0
        },
        "rotation_quaternion": {
          "w": 0.9999717473983765,
          "x": -0.0060696727596223354,
          "y": 0.002774396911263466,
          "z": 0.0034691242035478354
        },
        "scale": {
          "x": 1.0,
          "y": 1.0,
          "z": 1.0
        },
        "matrix_basis": [
          [
            0.9999605417251587,
            -0.006971731781959534,
            0.005506524350494146,
            0.0
          ],
          [
            0.006904372945427895,
            0.9999022483825684,
            0.01215825229883194,
            0.0
          ],
          [
            -0.005590749904513359,
            -0.012119753286242485,
            0.9999109506607056,
            0.0
          ],
          [
            0.0,
            0.0,
            0.0,
            1.0
          ]
        ],
        "rotation_mode": "QUATERNION"
      },
      "armature_space": {
        "head": {
          "x": 0.0,
          "y": 0.07072800397872925,
          "z": -0.009595036506652832
        },
        "tail": {
          "x": -0.0004976133932359517,
          "y": 0.00012320280075073242,
          "z": 0.0008562738075852394
        }
      },
      "world_space": {
        "head": {
          "x": 0.0,
          "y": 0.13397200405597687,
          "z": 0.9402589797973633
        },
        "tail": {
          "x": -0.0004976133932359517,
          "y": 0.06336720287799835,
          "z": 0.9507102966308594
        },
        "rotation_quaternion": {
          "w": 0.07342163473367691,
          "x": 0.997291088104248,
          "y": -0.0032743378542363644,
          "z": 0.0030018019024282694
        },
        "matrix": [
          [
            0.9999605417251587,
            -0.006971731781959534,
            0.005506524350494146,
            0.0
          ],
          [
            -0.00609014043584466,
            -0.9891970753669739,
            -0.14646562933921814,
            0.13397200405597687
          ],
          [
            0.0064681959338486195,
            0.14642637968063354,
            -0.9892075657844543,
            0.9402589797973633
          ],
          [
            0.0,
            0.0,
            0.0,
            1.0
          ]
        ]
      },
      "bone_length_armature_space": 0.07137587287665619,
      "parent": null,
      "has_children": true,
      "is_end_bone": false
    },
    "spine_01": {
      "name": "spine_01",
      "local": {
        "location": {
          "x": 0.0,
          "y": 0.0,
          "z": 0.0
        },
        "rotation_quaternion": {
          "w": 0.9982613921165466,
          "x": -0.010761119425296783,
          "y": 0.045642025768756866,
          "z": -0.03571217507123947
        },
        "scale": {
          "x": 1.0,
          "y": 1.0,
          "z": 1.0
        },
        "matrix_basis": [
          [
            0.9932829141616821,
            0.07031784951686859,
            0.09189394861459732,
            0.0
          ],
          [
            -0.07228249311447144,
            0.9972176551818848,
            0.018224868923425674,
            0.0
          ],
          [
            -0.0903567373752594,
            -0.024744771420955658,
            0.995602011680603,
            0.0
          ],
          [
            0.0,
            0.0,
            0.0,
            1.0
          ]
        ],
        "rotation_mode": "QUATERNION"
      },
      "armature_space": {
        "head": {
          "x": -0.0004976133932359517,
          "y": 0.00012320280075073242,
          "z": 0.0008562738075852394
        },
        "tail": {
          "x": 0.030926458537578583,
          "y": 0.040621716529130936,
          "z": 0.48616132140159607
        }
      },
      "world_space": {
        "head": {
          "x": -0.0004976133932359517,
          "y": 0.06336720287799835,
          "z": 0.9507102966308594
        },
        "tail": {
          "x": 0.030926458537578583,
          "y": 0.10386571288108826,
          "z": 1.4360153675079346
        },
        "rotation_quaternion": {
          "w": 0.7339318990707397,
          "x": 0.6771101355552673,
          "y": 0.05327310413122177,
          "z": 0.005279840435832739
        },
        "matrix": [
          [
            0.9942682385444641,
            0.06439343094825745,
            0.08534728735685349,
            -0.0004976133932359517
          ],
          [
            0.07989314198493958,
            0.08298854529857635,
            -0.993342936038971,
            0.06336720287799835
          ],
          [
            -0.07104803621768951,
            0.9944750666618347,
            0.0773678869009018,
            0.9507102966308594
          ],
          [
            0.0,
            0.0,
            0.0,
            1.0
          ]
        ]
      },
      "bone_length_armature_space": 0.48800470340953334,
      "parent": "Root",
      "has_children": true,
      "is_end_bone": false
    },
    "neck_01": {
      "name": "neck_01",
      "local": {
        "location": {
          "x": 0.0,
          "y": 0.0,
          "z": 0.0
        },
        "rotation_quaternion": {
          "w": 0.9871481657028198,
          "x": -0.133686825633049,
          "y": 0.08741798251867294,
          "z": 0.004961139056831598
        },
        "scale": {
          "x": 1.0,
          "y": 1.0,
          "z": 1.0
        },
        "matrix_basis": [
          [
            0.9846669435501099,
            -0.03316802531480789,
            0.17126251757144928,
            0.0
          ],
          [
            -0.0135785061866045,
            0.9642064571380615,
            0.26480478048324585,
            0.0
          ],
          [
            -0.17391547560691833,
            -0.2630700170993805,
            0.9489718675613403,
            0.0
          ],
          [
            0.0,
            0.0,
            0.0,
            1.0
          ]
        ],
        "rotation_mode": "QUATERNION"
      },
      "armature_space": {
        "head": {
          "x": 0.03860113024711609,
          "y": 0.012248437851667404,
          "z": 0.5616584420204163
        },
        "tail": {
          "x": 0.04289042577147484,
          "y": 0.007903240621089935,
          "z": 0.663998544216156
        }
      },
      "world_space": {
        "head": {
          "x": 0.03860113024711609,
          "y": 0.07549244165420532,
          "z": 1.5115125179290771
        },
        "tail": {
          "x": 0.04289042577147484,
          "y": 0.07114724069833755,
          "z": 1.6138525009155273
        },
        "rotation_quaternion": {
          "w": 0.6846424341201782,
          "x": 0.7180603742599487,
          "y": 0.10036370903253555,
          "z": 0.07470787316560745
        },
        "matrix": [
          [
            0.9686915874481201,
            0.041838087141513824,
            0.24471622705459595,
            0.03860113024711609
          ],
          [
            0.24643097817897797,
            -0.0423833429813385,
            -0.9682334065437317,
            0.07549244165420532
          ],
          [
            -0.030137117952108383,
            0.9982320666313171,
            -0.05136793851852417,
            1.5115125179290771
          ],
          [
            0.0,
            0.0,
            0.0,
            1.0
          ]
        ]
      },
      "bone_length_armature_space": 0.10252207116075227,
      "parent": "spine_01",
      "has_children": true,
      "is_end_bone": false
    },
    "head": {
      "name": "head",
      "local": {
        "location": {
          "x": 0.0,
          "y": 0.0,
          "z": 0.0
        },
        "rotation_quaternion": {
          "w": 0.9924827218055725,
          "x": 0.05840414762496948,
          "y": 0.08311858773231506,
          "z": 0.0682528093457222
        },
        "scale": {
          "x": 1.0,
          "y": 1.0,
          "z": 1.0
        },
        "matrix_basis": [
          [
            0.9768657088279724,
            -0.12577052414417267,
            0.17296001315116882,
            0.0
          ],
          [
            0.14518840610980988,
            0.9838610291481018,
            -0.10458406060934067,
            0.0
          ],
          [
            -0.15701502561569214,
            0.12727637588977814,
            0.9793605208396912,
            0.0
          ],
          [
            0.0,
            0.0,
            0.0,
            1.0
          ]
        ],
        "rotation_mode": "QUATERNION"
      },
      "armature_space": {
        "head": {
          "x": 0.04289046302437782,
          "y": 0.007903093472123146,
          "z": 0.6639984846115112
        },
        "tail": {
          "x": 0.021086961030960083,
          "y": 0.03236430510878563,
          "z": 0.8155885934829712
        }
      },
      "world_space": {
        "head": {
          "x": 0.04289046302437782,
          "y": 0.07114709168672562,
          "z": 1.6138525009155273
        },
        "tail": {
          "x": 0.021086961030960083,
          "y": 0.09560830891132355,
          "z": 1.7654426097869873
        },
        "rotation_quaternion": {
          "w": 0.7520037889480591,
          "x": 0.6208595037460327,
          "y": 0.11554823070764542,
          "z": 0.1888715922832489
        },
        "matrix": [
          [
            0.9019518494606018,
            -0.14058592915534973,
            0.40831148624420166,
            0.04289046302437782
          ],
          [
            0.4275435209274292,
            0.15772247314453125,
            -0.890129566192627,
            0.07114709168672562
          ],
          [
            0.06074065342545509,
            0.9774320125579834,
            0.20236513018608093,
            1.6138525009155273
          ],
          [
            0.0,
            0.0,
            0.0,
            1.0
          ]
        ]
      },
      "bone_length_armature_space": 0.15509127904084152,
      "parent": "neck_01",
      "has_children": false,
      "is_end_bone": true
    },
    "upperarm_l": {
      "name": "upperarm_l",
      "local": {
        "location": {
          "x": 0.0,
          "y": 0.0,
          "z": 0.0
        },
        "rotation_quaternion": {
          "w": 0.7864629030227661,
          "x": 0.42111408710479736,
          "y": 0.17041267454624176,
          "z": 0.418447881937027
        },
        "scale": {
          "x": 1.0,
          "y": 1.0,
          "z": 1.0
        },
        "matrix_basis": [
          [
            0.591721773147583,
            -0.5146611332893372,
            0.6204751133918762,
            0.0
          ],
          [
            0.8017138242721558,
            0.29512858390808105,
            -0.5197635889053345,
            0.0
          ],
          [
            0.08438210189342499,
            0.8049988746643066,
            0.5872448682785034,
            0.0
          ],
          [
            0.0,
            0.0,
            0.0,
            1.0
          ]
        ],
        "rotation_mode": "QUATERNION"
      },
      "armature_space": {
        "head": {
          "x": 0.1836858093738556,
          "y": 0.01548704132437706,
          "z": 0.4844115078449249
        },
        "tail": {
          "x": 0.30048325657844543,
          "y": -0.18068785965442657,
          "z": 0.6247027516365051
        }
      },
      "world_space": {
        "head": {
          "x": 0.1836858093738556,
          "y": 0.07873104512691498,
          "z": 1.4342654943466187
        },
        "tail": {
          "x": 0.30048325657844543,
          "y": -0.11744385957717896,
          "z": 1.574556827545166
        },
        "rotation_quaternion": {
          "w": 0.34649166464805603,
          "x": 0.8688905835151672,
          "y": 0.11791510879993439,
          "z": -0.33326977491378784
        },
        "matrix": [
          [
            0.7500550746917725,
            0.4358610510826111,
            -0.4974360764026642,
            0.1836858093738556
          ],
          [
            -0.026038948446512222,
            -0.7320794463157654,
            -0.6807218194007874,
            0.07873104512691498
          ],
          [
            -0.6608673930168152,
            0.5235345363616943,
            -0.5377548933029175,
            1.4342654943466187
          ],
          [
            0.0,
            0.0,
            0.0,
            1.0
          ]
        ]
      },
      "bone_length_armature_space": 0.26796990101013773,
      "parent": "spine_01",
      "has_children": true,
      "is_end_bone": false
    },
    "lowerarm_l": {
      "name": "lowerarm_l",
      "local": {
        "location": {
          "x": 0.0,
          "y": 0.0,
          "z": 0.0
        },
        "rotation_quaternion": {
          "w": 0.9647097587585449,
          "x": 0.05737071484327316,
          "y": 0.06901224702596664,
          "z": -0.24755007028579712
        },
        "scale": {
          "x": 1.0,
          "y": 1.0,
          "z": 1.0
        },
        "matrix_basis": [
          [
            0.8679125308990479,
            0.4855464994907379,
            0.10474932938814163,
            0.0
          ],
          [
            -0.4697093665599823,
            0.8708551526069641,
            -0.1448601484298706,
            0.0
          ],
          [
            -0.16155782341957092,
            0.07652420550584793,
            0.9838918447494507,
            0.0
          ],
          [
            0.0,
            0.0,
            0.0,
            1.0
          ]
        ],
        "rotation_mode": "QUATERNION"
      },
      "armature_space": {
        "head": {
          "x": 0.30048316717147827,
          "y": -0.18068797886371613,
          "z": 0.6247028708457947
        },
        "tail": {
          "x": 0.4521098732948303,
          "y": -0.40052664279937744,
          "z": 0.6405027508735657
        }
      },
      "world_space": {
        "head": {
          "x": 0.30048316717147827,
          "y": -0.1174439787864685,
          "z": 1.574556827545166
        },
        "tail": {
          "x": 0.4521098732948303,
          "y": -0.337282657623291,
          "z": 1.5903568267822266
        },
        "rotation_quaternion": {
          "w": 0.15112876892089844,
          "x": 0.8687117695808411,
          "y": 0.2574566900730133,
          "z": -0.3952418863773346
        },
        "matrix": [
          [
            0.5549995303153992,
            0.5667769908905029,
            -0.6088837385177612,
            0.30048316717147827
          ],
          [
            0.3278466463088989,
            -0.8217516541481018,
            -0.46609124541282654,
            -0.1174439787864685
          ],
          [
            -0.7645260691642761,
            0.05905955284833908,
            -0.6418927311897278,
            1.574556827545166
          ],
          [
            0.0,
            0.0,
            0.0,
            1.0
          ]
        ]
      },
      "bone_length_armature_space": 0.2675244508005164,
      "parent": "upperarm_l",
      "has_children": true,
      "is_end_bone": false
    },
    "metacarpal_thumb_l": {
      "name": "metacarpal_thumb_l",
      "local": {
        "location": {
          "x": 0.0,
          "y": 0.0,
          "z": 0.0
        },
        "rotation_quaternion": {
          "w": 0.9996481537818909,
          "x": -0.02603948302567005,
          "y": 0.0012673099990934134,
          "z": 0.004893780220299959
        },
        "scale": {
          "x": 1.0,
          "y": 1.0,
          "z": 1.0
        },
        "matrix_basis": [
          [
            0.9999489188194275,
            -0.00985011737793684,
            0.0022788650821894407,
            0.0
          ],
          [
            0.009718116372823715,
            0.9985960125923157,
            0.05207304656505585,
            0.0
          ],
          [
            -0.0027885911986231804,
            -0.05204823985695839,
            0.9986406564712524,
            0.0
          ],
          [
            0.0,
            0.0,
            0.0,
            1.0
          ]
        ],
        "rotation_mode": "QUATERNION"
      },
      "armature_space": {
        "head": {
          "x": 0.4521098732948303,
          "y": -0.40052664279937744,
          "z": 0.6405027508735657
        },
        "tail": {
          "x": 0.45987117290496826,
          "y": -0.4444049000740051,
          "z": 0.6188682317733765
        }
      },
      "world_space": {
        "head": {
          "x": 0.4521098732948303,
          "y": -0.337282657623291,
          "z": 1.5903568267822266
        },
        "tail": {
          "x": 0.45987117290496826,
          "y": -0.3811609148979187,
          "z": 1.5687222480773926
        },
        "rotation_quaternion": {
          "w": 0.23831073939800262,
          "x": -0.9351933598518372,
          "y": -0.017163196578621864,
          "z": -0.2613942325115204
        },
        "matrix": [
          [
            0.8627572059631348,
            0.15668748319149017,
            0.48072749376296997,
            0.4521098732948303
          ],
          [
            -0.0924837738275528,
            -0.8858271837234497,
            0.45470520853996277,
            -0.337282657623291
          ],
          [
            0.49709179997444153,
            -0.4367636442184448,
            -0.7497677206993103,
            1.5903568267822266
          ],
          [
            0.0,
            0.0,
            0.0,
            1.0
          ]
        ]
      },
      "bone_length_armature_space": 0.0495337431182833,
      "parent": "lowerarm_l",
      "has_children": true,
      "is_end_bone": false
    },
    "thumb_01_l": {
      "name": "thumb_01_l",
      "local": {
        "location": {
          "x": 0.0,
          "y": 0.0,
          "z": 0.0
        },
        "rotation_quaternion": {
          "w": 0.9855862259864807,
          "x": 0.1677810102701187,
          "y": 0.021585935726761818,
          "z": 0.0018802827689796686
        },
        "scale": {
          "x": 1.0,
          "y": 1.0,
          "z": 1.0
        },
        "matrix_basis": [
          [
            0.9990610480308533,
            0.003537058597430587,
            0.04318055510520935,
            0.0
          ],
          [
            0.010949782095849514,
            0.9436919689178467,
            -0.3306441307067871,
            0.0
          ],
          [
            -0.04191865026950836,
            0.3308064937591553,
            0.9427671432495117,
            0.0
          ],
          [
            0.0,
            0.0,
            0.0,
            1.0
          ]
        ],
        "rotation_mode": "QUATERNION"
      },
      "armature_space": {
        "head": {
          "x": 0.45987117290496826,
          "y": -0.4444049000740051,
          "z": 0.6188682317733765
        },
        "tail": {
          "x": 0.4815267324447632,
          "y": -0.453535795211792,
          "z": 0.5942451357841492
        }
      },
      "world_space": {
        "head": {
          "x": 0.45987117290496826,
          "y": -0.3811609148979187,
          "z": 1.5687222480773926
        },
        "tail": {
          "x": 0.4815267324447632,
          "y": -0.39029181003570557,
          "z": 1.5440990924835205
        },
        "rotation_quaternion": {
          "w": 0.5399904847145081,
          "x": -0.29685285687446594,
          "y": 0.27255064249038696,
          "z": -0.7389214038848877
        },
        "matrix": [
          [
            -0.2405746579170227,
            0.6362067461013794,
            0.7330516576766968,
            0.45987117290496826
          ],
          [
            -0.9598363041877747,
            -0.2682517468929291,
            -0.0821886882185936,
            -0.3811609148979187
          ],
          [
            0.14435356855392456,
            -0.7233877182006836,
            0.6751939058303833,
            1.5687222480773926
          ],
          [
            0.0,
            0.0,
            0.0,
            1.0
          ]
        ]
      },
      "bone_length_armature_space": 0.03403870423187293,
      "parent": "metacarpal_thumb_l",
      "has_children": true,
      "is_end_bone": false
    },
    "thumb_02_l": {
      "name": "thumb_02_l",
      "local": {
        "location": {
          "x": 0.0,
          "y": 0.0,
          "z": 0.0
        },
        "rotation_quaternion": {
          "w": 0.9275632500648499,
          "x": 0.3736286759376526,
          "y": -0.005310353823006153,
          "z": -0.0001667639153311029
        },
        "scale": {
          "x": 1.0,
          "y": 1.0,
          "z": 1.0
        },
        "matrix_basis": [
          [
            0.9999435544013977,
            -0.003658832749351859,
            -0.009975994005799294,
            0.0
          ],
          [
            -0.004277569241821766,
            0.7208031415939331,
            -0.6931266784667969,
            0.0
          ],
          [
            0.009726762771606445,
            0.6931302547454834,
            0.7207468152046204,
            0.0
          ],
          [
            0.0,
            0.0,
            0.0,
            1.0
          ]
        ],
        "rotation_mode": "QUATERNION"
      },
      "armature_space": {
        "head": {
          "x": 0.4815267026424408,
          "y": -0.4535357654094696,
          "z": 0.5942450761795044
        },
        "tail": {
          "x": 0.4904189705848694,
          "y": -0.4779691696166992,
          "z": 0.6248576045036316
        }
      },
      "world_space": {
        "head": {
          "x": 0.4815267026424408,
          "y": -0.3902917504310608,
          "z": 1.5440990924835205
        },
        "tail": {
          "x": 0.4904189705848694,
          "y": -0.4147251844406128,
          "z": 1.574711561203003
        },
        "rotation_quaternion": {
          "w": 0.24310283362865448,
          "x": 0.2640535831451416,
          "y": -0.3697749078273773,
          "z": -0.8569965958595276
        },
        "matrix": [
          [
            -0.7423532009124756,
            0.22139672935009003,
            -0.6323726177215576,
            0.4815267026424408
          ],
          [
            -0.6119579672813416,
            -0.6083348393440247,
            0.5054067373275757,
            -0.3902917504310608
          ],
          [
            -0.27280157804489136,
            0.7621809244155884,
            0.5870895981788635,
            1.5440990924835205
          ],
          [
            0.0,
            0.0,
            0.0,
            1.0
          ]
        ]
      },
      "bone_length_armature_space": 0.04016454299547703,
      "parent": "thumb_01_l",
      "has_children": true,
      "is_end_bone": false
    },
    "thumb_03_l": {
      "name": "thumb_03_l",
      "local": {
        "location": {
          "x": 0.0,
          "y": 0.0,
          "z": 0.0
        },
        "rotation_quaternion": {
          "w": 0.9861451387405396,
          "x": 0.1656002402305603,
          "y": 0.009606225416064262,
          "z": -0.0014734819997102022
        },
        "scale": {
          "x": 1.0,
          "y": 1.0,
          "z": 1.0
        },
        "matrix_basis": [
          [
            0.9998111128807068,
            0.006087720859795809,
            0.018458247184753418,
            0.0
          ],
          [
            0.00027545224293135107,
            0.945148766040802,
            -0.3266400396823883,
            0.0
          ],
          [
            -0.019434282556176186,
            0.3265834450721741,
            0.944968581199646,
            0.0
          ],
          [
            0.0,
            0.0,
            0.0,
            1.0
          ]
        ],
        "rotation_mode": "QUATERNION"
      },
      "armature_space": {
        "head": {
          "x": 0.490418940782547,
          "y": -0.4779691994190216,
          "z": 0.624857485294342
        },
        "tail": {
          "x": 0.4859614968299866,
          "y": -0.4846254885196686,
          "z": 0.6542297005653381
        }
      },
      "world_space": {
        "head": {
          "x": 0.490418940782547,
          "y": -0.4147251844406128,
          "z": 1.574711561203003
        },
        "tail": {
          "x": 0.4859614968299866,
          "y": -0.42138147354125977,
          "z": 1.604083776473999
        },
        "rotation_quaternion": {
          "w": 0.294810950756073,
          "x": 0.46727991104125977,
          "y": -0.5511532425880432,
          "z": -0.6252729892730713
        },
        "matrix": [
          [
            -0.3894697427749634,
            -0.14640992879867554,
            -0.909328043460846,
            0.490418940782547
          ],
          [
            -0.8837612867355347,
            -0.2186337411403656,
            0.41372114419937134,
            -0.4147251844406128
          ],
          [
            -0.2593854069709778,
            0.9647676348686218,
            -0.04424017667770386,
            1.574711561203003
          ],
          [
            0.0,
            0.0,
            0.0,
            1.0
          ]
        ]
      },
      "bone_length_armature_space": 0.030445066076083452,
      "parent": "thumb_02_l",
      "has_children": false,
      "is_end_bone": true
    },
    "metacarpal_index_l": {
      "name": "metacarpal_index_l",
      "local": {
        "location": {
          "x": 0.0,
          "y": 0.0,
          "z": 0.0
        },
        "rotation_quaternion": {
          "w": 0.9997127652168274,
          "x": -0.01615031808614731,
          "y": 0.012071866542100906,
          "z": -0.012955191545188427
        },
        "scale": {
          "x": 1.0,
          "y": 1.0,
          "z": 1.0
        },
        "matrix_basis": [
          [
            0.9993728399276733,
            0.02551301196217537,
            0.024555258452892303,
            0.0
          ],
          [
            -0.026292869821190834,
            0.9991426467895508,
            0.03197856992483139,
            0.0
          ],
          [
            -0.023718336597085,
            -0.032604146748781204,
            0.9991868734359741,
            0.0
          ],
          [
            0.0,
            0.0,
            0.0,
            1.0
          ]
        ],
        "rotation_mode": "QUATERNION"
      },
      "armature_space": {
        "head": {
          "x": 0.4521098732948303,
          "y": -0.40052664279937744,
          "z": 0.6405027508735657
        },
        "tail": {
          "x": 0.49952220916748047,
          "y": -0.5063328742980957,
          "z": 0.6235811710357666
        }
      },
      "world_space": {
        "head": {
          "x": 0.4521098732948303,
          "y": -0.337282657623291,
          "z": 1.5903568267822266
        },
        "tail": {
          "x": 0.49952220916748047,
          "y": -0.4430888891220093,
          "z": 1.5734351873397827
        },
        "rotation_quaternion": {
          "w": 0.0808507576584816,
          "x": -0.9749142527580261,
          "y": -0.20484788715839386,
          "z": -0.032291676849126816
        },
        "matrix": [
          [
            0.913989245891571,
            0.4046398103237152,
            0.029838673770427704,
            0.4521098732948303
          ],
          [
            0.39419689774513245,
            -0.903001070022583,
            0.1708744317293167,
            -0.337282657623291
          ],
          [
            0.09608802199363708,
            -0.14441700279712677,
            -0.9848478436470032,
            1.5903568267822266
          ],
          [
            0.0,
            0.0,
            0.0,
            1.0
          ]
        ]
      },
      "bone_length_armature_space": 0.11717178753480491,
      "parent": "lowerarm_l",
      "has_children": true,
      "is_end_bone": false
    },
    "index_01_l": {
      "name": "index_01_l",
      "local": {
        "location": {
          "x": 0.0,
          "y": 0.0,
          "z": 0.0
        },
        "rotation_quaternion": {
          "w": 0.9747543334960938,
          "x": 0.22268618643283844,
          "y": 0.011949516832828522,
          "z": -0.011054983362555504
        },
        "scale": {
          "x": 1.0,
          "y": 1.0,
          "z": 1.0
        },
        "matrix_basis": [
          [
            0.9994699954986572,
            0.026873771101236343,
            0.018372101709246635,
            0.0
          ],
          [
            -0.016229800879955292,
            0.9005773067474365,
            -0.4343928396701813,
            0.0
          ],
          [
            -0.028219271451234818,
            0.43386444449424744,
            0.9005361199378967,
            0.0
          ],
          [
            0.0,
            0.0,
            0.0,
            1.0
          ]
        ],
        "rotation_mode": "QUATERNION"
      },
      "armature_space": {
        "head": {
          "x": 0.49952220916748047,
          "y": -0.5063328742980957,
          "z": 0.6235811710357666
        },
        "tail": {
          "x": 0.5193089246749878,
          "y": -0.5234488844871521,
          "z": 0.6122410297393799
        }
      },
      "world_space": {
        "head": {
          "x": 0.49952220916748047,
          "y": -0.4430888891220093,
          "z": 1.5734351873397827
        },
        "tail": {
          "x": 0.5193089246749878,
          "y": -0.4602048993110657,
          "z": 1.562095046043396
        },
        "rotation_quaternion": {
          "w": 0.2235242873430252,
          "x": -0.89449542760849,
          "y": -0.3871782720088959,
          "z": -0.002824751427397132
        },
        "matrix": [
          [
            0.7001697421073914,
            0.6939212083816528,
            -0.1680353581905365,
            0.49952220916748047
          ],
          [
            0.6913965344429016,
            -0.60025954246521,
            0.40206918120384216,
            -0.4430888891220093
          ],
          [
            0.17814144492149353,
            -0.39769914746284485,
            -0.9000641703605652,
            1.5734351873397827
          ],
          [
            0.0,
            0.0,
            0.0,
            1.0
          ]
        ]
      },
      "bone_length_armature_space": 0.028514395107158554,
      "parent": "metacarpal_index_l",
      "has_children": true,
      "is_end_bone": false
    },
    "index_02_l": {
      "name": "index_02_l",
      "local": {
        "location": {
          "x": 0.0,
          "y": 0.0,
          "z": 0.0
        },
        "rotation_quaternion": {
          "w": 0.9169021248817444,
          "x": 0.39901795983314514,
          "y": -0.008319170214235783,
          "z": -0.0024385948199778795
        },
        "scale": {
          "x": 1.0,
          "y": 1.0,
          "z": 1.0
        },
        "matrix_basis": [
          [
            0.9998496770858765,
            -0.002167091006413102,
            -0.01720181666314602,
            0.0
          ],
          [
            -0.011110901832580566,
            0.6815574169158936,
            -0.7316802740097046,
            0.0
          ],
          [
            0.013309643603861332,
            0.7317613959312439,
            0.6814309358596802,
            0.0
          ],
          [
            0.0,
            0.0,
            0.0,
            1.0
          ]
        ],
        "rotation_mode": "QUATERNION"
      },
      "armature_space": {
        "head": {
          "x": 0.5193089842796326,
          "y": -0.523449182510376,
          "z": 0.6122405529022217
        },
        "tail": {
          "x": 0.5283511877059937,
          "y": -0.5275673866271973,
          "z": 0.5885893702507019
        }
      },
      "world_space": {
        "head": {
          "x": 0.5193089842796326,
          "y": -0.46020519733428955,
          "z": 1.5620945692062378
        },
        "tail": {
          "x": 0.5283511877059937,
          "y": -0.46432340145111084,
          "z": 1.5384433269500732
        },
        "rotation_quaternion": {
          "w": 0.5311318039894104,
          "x": -0.7390895485877991,
          "y": -0.3709886968135834,
          "z": 0.184426411986351
        },
        "matrix": [
          [
            0.656707227230072,
            0.35247838497161865,
            -0.6667044162750244,
            0.5193089842796326
          ],
          [
            0.7442988157272339,
            -0.16053220629692078,
            0.648266077041626,
            -0.46020519733428955
          ],
          [
            0.12147383391857147,
            -0.9219549298286438,
            -0.3677739202976227,
            1.5620945692062378
          ],
          [
            0.0,
            0.0,
            0.0,
            1.0
          ]
        ]
      },
      "bone_length_armature_space": 0.025653449342737635,
      "parent": "index_01_l",
      "has_children": true,
      "is_end_bone": false
    },
    "index_03_l": {
      "name": "index_03_l",
      "local": {
        "location": {
          "x": 0.0,
          "y": 0.0,
          "z": 0.0
        },
        "rotation_quaternion": {
          "w": 0.9631022810935974,
          "x": 0.26903051137924194,
          "y": -0.006428482010960579,
          "z": -0.003934240434318781
        },
        "scale": {
          "x": 1.0,
          "y": 1.0,
          "z": 1.0
        },
        "matrix_basis": [
          [
            0.9998863935470581,
            0.00411923648789525,
            -0.014499432407319546,
            0.0
          ],
          [
            -0.011037067510187626,
            0.8552142381668091,
            -0.5181572437286377,
            0.0
          ],
          [
            0.010265709832310677,
            0.5182583928108215,
            0.855162501335144,
            0.0
          ],
          [
            0.0,
            0.0,
            0.0,
            1.0
          ]
        ],
        "rotation_mode": "QUATERNION"
      },
      "armature_space": {
        "head": {
          "x": 0.5283513069152832,
          "y": -0.5275675058364868,
          "z": 0.5885894894599915
        },
        "tail": {
          "x": 0.5273271799087524,
          "y": -0.5176120400428772,
          "z": 0.5611380338668823
        }
      },
      "world_space": {
        "head": {
          "x": 0.5283513069152832,
          "y": -0.4643235206604004,
          "z": 1.5384435653686523
        },
        "tail": {
          "x": 0.5273271799087524,
          "y": -0.45436805486679077,
          "z": 1.5109920501708984
        },
        "rotation_quaternion": {
          "w": 0.7505984902381897,
          "x": -0.5174310803413391,
          "y": -0.3270531892776489,
          "z": 0.2488037347793579
        },
        "matrix": [
          [
            0.6622664928436279,
            -0.03504940867424011,
            -0.7484481930732727,
            0.5283513069152832
          ],
          [
            0.7119583487510681,
            0.34072351455688477,
            0.6140219569206238,
            -0.4643235206604004
          ],
          [
            0.2334951013326645,
            -0.9395164847373962,
            0.25060585141181946,
            1.5384435653686523
          ],
          [
            0.0,
            0.0,
            0.0,
            1.0
          ]
        ]
      },
      "bone_length_armature_space": 0.029218872849245025,
      "parent": "index_02_l",
      "has_children": false,
      "is_end_bone": true
    },
    "metacarpal_pinky_l": {
      "name": "metacarpal_pinky_l",
      "local": {
        "location": {
          "x": 0.0,
          "y": 0.0,
          "z": 0.0
        },
        "rotation_quaternion": {
          "w": 0.9995918273925781,
          "x": 0.014979064464569092,
          "y": -0.01896211877465248,
          "z": 0.015247441828250885
        },
        "scale": {
          "x": 1.0,
          "y": 1.0,
          "z": 1.0
        },
        "matrix_basis": [
          [
            0.9988158941268921,
            -0.031050506979227066,
            -0.03745197132229805,
            0.0
          ],
          [
            0.029914366081357002,
            0.9990862607955933,
            -0.030524147674441338,
            0.0
          ],
          [
            0.03836554288864136,
            0.029367653653025627,
            0.998832106590271,
            0.0
          ],
          [
            0.0,
            0.0,
            0.0,
            1.0
          ]
        ],
        "rotation_mode": "QUATERNION"
      },
      "armature_space": {
        "head": {
          "x": 0.4521098732948303,
          "y": -0.40052664279937744,
          "z": 0.6405027508735657
        },
        "tail": {
          "x": 0.5266682505607605,
          "y": -0.4667438268661499,
          "z": 0.6704952716827393
        }
      },
      "world_space": {
        "head": {
          "x": 0.4521098732948303,
          "y": -0.337282657623291,
          "z": 1.5903568267822266
        },
        "tail": {
          "x": 0.5266682505607605,
          "y": -0.4034998416900635,
          "z": 1.6203492879867554
        },
        "rotation_quaternion": {
          "w": 0.4230218231678009,
          "x": 0.44412705302238464,
          "y": 0.05567311868071556,
          "z": -0.7878478765487671
        },
        "matrix": [
          [
            -0.24760663509368896,
            0.7160073518753052,
            -0.6527056097984314,
            0.4521098732948303
          ],
          [
            -0.6171025037765503,
            -0.6359043121337891,
            -0.4634764790534973,
            -0.337282657623291
          ],
          [
            -0.7469167709350586,
            0.2880277633666992,
            0.5993077158927917,
            1.5903568267822266
          ],
          [
            0.0,
            0.0,
            0.0,
            1.0
          ]
        ]
      },
      "bone_length_armature_space": 0.10413077668711987,
      "parent": "lowerarm_l",
      "has_children": true,
      "is_end_bone": false
    },
    "pinky_01_l": {
      "name": "pinky_01_l",
      "local": {
        "location": {
          "x": 0.0,
          "y": 0.0,
          "z": 0.0
        },
        "rotation_quaternion": {
          "w": 0.9448267221450806,
          "x": 0.32706162333488464,
          "y": -0.008860521949827671,
          "z": 0.015961630269885063
        },
        "scale": {
          "x": 1.0,
          "y": 1.0,
          "z": 1.0
        },
        "matrix_basis": [
          [
            0.9993334412574768,
            -0.03595782443881035,
            -0.006302442401647568,
            0.0
          ],
          [
            0.024366077035665512,
            0.7855518460273743,
            -0.6183159947395325,
            0.0
          ],
          [
            0.02718418836593628,
            0.6177502870559692,
            0.7859043478965759,
            0.0
          ],
          [
            0.0,
            0.0,
            0.0,
            1.0
          ]
        ],
        "rotation_mode": "QUATERNION"
      },
      "armature_space": {
        "head": {
          "x": 0.5266682505607605,
          "y": -0.4667438268661499,
          "z": 0.6704952716827393
        },
        "tail": {
          "x": 0.5440570116043091,
