{
  "metadata": {
    "armature_name": "KIM_caucasian_male",
    "export_time": "2026-01-13T20:55:01.998722",
    "blender_version": "4.4.1",
    "bone_count": 56,
    "end_bone_count": 13,
    "spaces_included": [
      "LOCAL_CHANNELS",
      "ARMATURE_SPACE",
      "WORLD_SPACE"
    ],
    "note": "LOCAL matches Transform panel; replay pose via local.matrix_basis for best fidelity."
  },
  "bones": {
    "Root": {
      "name": "Root",
      "local": {
        "location": {
          "x": 0.0,
          "y": 0.0,
          "z": 0.0
        },
        "rotation_quaternion": {
          "w": 0.9998111128807068,
          "x": 0.006247458979487419,
          "y": 0.018393540754914284,
          "z": 0.0006118619930930436
        },
        "scale": {
          "x": 1.0,
          "y": 1.0,
          "z": 1.0
        },
        "matrix_basis": [
          [
            0.9993225932121277,
            -0.000993667053990066,
            0.03678777813911438,
            0.0
          ],
          [
            0.0014533186331391335,
            0.9999212026596069,
            -0.012470048852264881,
            0.0
          ],
          [
            -0.03677248954772949,
            0.01251506619155407,
            0.999245285987854,
            0.0
          ],
          [
            0.0,
            0.0,
            0.0,
            1.0
          ]
        ],
        "rotation_mode": "QUATERNION"
      },
      "armature_space": {
        "head": {
          "x": 0.0,
          "y": 0.07072800397872925,
          "z": -0.009595036506652832
        },
        "tail": {
          "x": -7.092385203577578e-05,
          "y": -0.00011450797319412231,
          "z": -0.0008859289810061455
        }
      },
      "world_space": {
        "head": {
          "x": 0.0,
          "y": 0.13397200405597687,
          "z": 0.9402589797973633
        },
        "tail": {
          "x": -7.092385203577578e-05,
          "y": 0.0631294921040535,
          "z": 0.9489681124687195
        },
        "rotation_quaternion": {
          "w": 0.06112166494131088,
          "x": 0.9979606866836548,
          "y": 0.0006286621210165322,
          "z": 0.018392976373434067
        },
        "matrix": [
          [
            0.9993225932121277,
            -0.000993667053990066,
            0.03678777813911438,
            0.0
          ],
          [
            0.0035031873267143965,
            -0.9925274848937988,
            -0.12197136878967285,
            0.13397200405597687
          ],
          [
            0.03663434088230133,
            0.12201754003763199,
            -0.9918586611747742,
            0.9402589797973633
          ],
          [
            0.0,
            0.0,
            0.0,
            1.0
          ]
        ]
      },
      "bone_length_armature_space": 0.07137587347995994,
      "parent": null,
      "has_children": true,
      "is_end_bone": false
    },
    "spine_01": {
      "name": "spine_01",
      "local": {
        "location": {
          "x": 0.0,
          "y": 0.0,
          "z": 0.0
        },
        "rotation_quaternion": {
          "w": 0.9988113045692444,
          "x": -0.013817733153700829,
          "y": 0.034754034131765366,
          "z": 0.031263209879398346
        },
        "scale": {
          "x": 1.0,
          "y": 1.0,
          "z": 1.0
        },
        "matrix_basis": [
          [
            0.9956295490264893,
            -0.06341253966093063,
            0.06856147199869156,
            0.0
          ],
          [
            0.061491649597883224,
            0.9976633787155151,
            0.02977566234767437,
            0.0
          ],
          [
            -0.07028941810131073,
            -0.02542957104742527,
            0.997202455997467,
            0.0
          ],
          [
            0.0,
            0.0,
            0.0,
            1.0
          ]
        ],
        "rotation_mode": "QUATERNION"
      },
      "armature_space": {
        "head": {
          "x": -7.092385203577578e-05,
          "y": -0.00011450797319412231,
          "z": -0.0008859289810061455
        },
        "tail": {
          "x": -0.04890688881278038,
          "y": 0.02882370911538601,
          "z": 0.4838058650493622
        }
      },
      "world_space": {
        "head": {
          "x": -7.092385203577578e-05,
          "y": 0.0631294921040535,
          "z": 0.9489681124687195
        },
        "tail": {
          "x": -0.04890688881278038,
          "y": 0.09206771105527878,
          "z": 1.4336599111557007
        },
        "rotation_quaternion": {
          "w": 0.7277161478996277,
          "x": 0.6831533312797546,
          "y": -0.008869222365319729,
          "z": 0.060432471334934235
        },
        "matrix": [
          [
            0.9925385117530823,
            -0.1000734493136406,
            0.06966137140989304,
            -7.092385203577578e-05
          ],
          [
            0.07583799213171005,
            0.05929947644472122,
            -0.9953553676605225,
            0.0631294921040535
          ],
          [
            0.09547848999500275,
            0.9932184219360352,
            0.06644594669342041,
            0.9489681124687195
          ],
          [
            0.0,
            0.0,
            0.0,
            1.0
          ]
        ]
      },
      "bone_length_armature_space": 0.488004617112729,
      "parent": "Root",
      "has_children": true,
      "is_end_bone": false
    },
    "neck_01": {
      "name": "neck_01",
      "local": {
        "location": {
          "x": 0.0,
          "y": 0.0,
          "z": 0.0
        },
        "rotation_quaternion": {
          "w": 0.9957935810089111,
          "x": -0.06503945589065552,
          "y": -0.022679602727293968,
          "z": 0.06042163819074631
        },
        "scale": {
          "x": 1.0,
          "y": 1.0,
          "z": 1.0
        },
        "matrix_basis": [
          [
            0.9916697144508362,
            -0.11738482117652893,
            -0.053027987480163574,
            0.0
          ],
          [
            0.12328509986400604,
            0.9842382073402405,
            0.1267910748720169,
            0.0
          ],
          [
            0.03730882331728935,
            -0.13227242231369019,
            0.9905110001564026,
            0.0
          ],
          [
            0.0,
            0.0,
            0.0,
            1.0
          ]
        ],
        "rotation_mode": "QUATERNION"
      },
      "armature_space": {
        "head": {
          "x": -0.053818229585886,
          "y": -0.0013538375496864319,
          "z": 0.5588322281837463
        },
        "tail": {
          "x": -0.07380141317844391,
          "y": -0.022074639797210693,
          "z": 0.6572297811508179
        }
      },
      "world_space": {
        "head": {
          "x": -0.053818229585886,
          "y": 0.06189016252756119,
          "z": 1.5086863040924072
        },
        "tail": {
          "x": -0.07380141317844391,
          "y": 0.041169360280036926,
          "z": 1.607083797454834
        },
        "rotation_quaternion": {
          "w": 0.6284052729606628,
          "x": 0.771449089050293,
          "y": -0.06364431977272034,
          "z": 0.0769570842385292
        },
        "matrix": [
          [
            0.9800540804862976,
            -0.19491730630397797,
            0.03874696046113968,
            -0.053818229585886
          ],
          [
            -0.0014773420989513397,
            -0.2021120935678482,
            -0.9793614745140076,
            0.06189016252756119
          ],
          [
            0.1987270712852478,
            0.9597762227058411,
            -0.19837097823619843,
            1.5086863040924072
          ],
          [
            0.0,
            0.0,
            0.0,
            1.0
          ]
        ]
      },
      "bone_length_armature_space": 0.1025219884633103,
      "parent": "spine_01",
      "has_children": true,
      "is_end_bone": false
    },
    "head": {
      "name": "head",
      "local": {
        "location": {
          "x": 0.0,
          "y": 0.0,
          "z": 0.0
        },
        "rotation_quaternion": {
          "w": 0.9792609810829163,
          "x": -0.005861701909452677,
          "y": -0.06343210488557816,
          "z": 0.1923280954360962
        },
        "scale": {
          "x": 1.0,
          "y": 1.0,
          "z": 1.0
        },
        "matrix_basis": [
          [
            0.9179725646972656,
            -0.3759351670742035,
            -0.12648791074752808,
            0.0
          ],
          [
            0.3774224519729614,
            0.9259510636329651,
            -0.012919279746711254,
            0.0
          ],
          [
            0.12197843194007874,
            -0.03587982431054115,
            0.9918839931488037,
            0.0
          ],
          [
            0.0,
            0.0,
            0.0,
            1.0
          ]
        ],
        "rotation_mode": "QUATERNION"
      },
      "armature_space": {
        "head": {
          "x": -0.07380139082670212,
          "y": -0.022074777632951736,
          "z": 0.6572296619415283
        },
        "tail": {
          "x": -0.1589198112487793,
          "y": 0.007447011768817902,
          "z": 0.7834696173667908
        }
      },
      "world_space": {
        "head": {
          "x": -0.07380139082670212,
          "y": 0.04116922244429588,
          "z": 1.6070836782455444
        },
        "tail": {
          "x": -0.1589198112487793,
          "y": 0.07069101184606552,
          "z": 1.733323574066162
        },
        "rotation_quaternion": {
          "w": 0.7303202152252197,
          "x": 0.6140258312225342,
          "y": -0.24861179292201996,
          "z": 0.16672387719154358
        },
        "matrix": [
          [
            0.8207911849021912,
            -0.5488317012786865,
            -0.15838523209095,
            -0.07380139082670212
          ],
          [
            -0.06178152561187744,
            0.19035236537456512,
            -0.9797700643539429,
            0.04116922244429588
          ],
          [
            0.56788170337677,
            0.8139774799346924,
            0.12233179807662964,
            1.6070836782455444
          ],
          [
            0.0,
            0.0,
            0.0,
            1.0
          ]
        ]
      },
      "bone_length_armature_space": 0.1550909631214115,
      "parent": "neck_01",
      "has_children": false,
      "is_end_bone": true
    },
    "upperarm_l": {
      "name": "upperarm_l",
      "local": {
        "location": {
          "x": 0.0,
          "y": 0.0,
          "z": 0.0
        },
        "rotation_quaternion": {
          "w": 0.9212771058082581,
          "x": 0.17777130007743835,
          "y": 0.2115916758775711,
          "z": 0.2736327052116394
        },
        "scale": {
          "x": 1.0,
          "y": 1.0,
          "z": 1.0
        },
        "matrix_basis": [
          [
            0.760708212852478,
            -0.42895323038101196,
            0.4871572256088257,
            0.0
          ],
          [
            0.5794129371643066,
            0.7870450019836426,
            -0.21175645291805267,
            0.0
          ],
          [
            -0.29258105158805847,
            0.44335007667541504,
            0.8472526669502258,
            0.0
          ],
          [
            0.0,
            0.0,
            0.0,
            1.0
          ]
        ],
        "rotation_mode": "QUATERNION"
      },
      "armature_space": {
        "head": {
          "x": 0.10201042145490646,
          "y": 0.0028621628880500793,
          "z": 0.5066139101982117
        },
        "tail": {
          "x": 0.31543615460395813,
          "y": -0.08689547330141068,
          "z": 0.6415245532989502
        }
      },
      "world_space": {
        "head": {
          "x": 0.10201042145490646,
          "y": 0.0661061629652977,
          "z": 1.456467866897583
        },
        "tail": {
          "x": 0.31543615460395813,
          "y": -0.023651473224163055,
          "z": 1.5913785696029663
        },
        "rotation_quaternion": {
          "w": 0.4479213356971741,
          "x": 0.7740107178688049,
          "y": 0.36316484212875366,
          "z": -0.26150572299957275
        },
        "matrix": [
          [
            0.5994515419006348,
            0.7964555025100708,
            -0.07947628200054169,
            0.10201042145490646
          ],
          [
            0.3279208838939667,
            -0.33495476841926575,
            -0.8833308815956116,
            0.0661061629652977
          ],
          [
            -0.7301594614982605,
            0.5034552812576294,
            -0.4619675278663635,
            1.456467866897583
          ],
          [
            0.0,
            0.0,
            0.0,
            1.0
          ]
        ]
      },
      "bone_length_armature_space": 0.2679698766818147,
      "parent": "spine_01",
      "has_children": true,
      "is_end_bone": false
    },
    "lowerarm_l": {
      "name": "lowerarm_l",
      "local": {
        "location": {
          "x": 0.0,
          "y": 0.0,
          "z": 0.0
        },
        "rotation_quaternion": {
          "w": 0.985288679599762,
          "x": 0.06141483038663864,
          "y": -0.015311973169445992,
          "z": -0.15874512493610382
        },
        "scale": {
          "x": 1.0,
          "y": 1.0,
          "z": 1.0
        },
        "matrix_basis": [
          [
            0.9491310715675354,
            0.3109387755393982,
            -0.04967203736305237,
            0.0
          ],
          [
            -0.31470030546188354,
            0.94205641746521,
            -0.1161612719297409,
            0.0
          ],
          [
            0.010674817487597466,
            0.1258840709924698,
            0.9919875264167786,
            0.0
          ],
          [
            0.0,
            0.0,
            0.0,
            1.0
          ]
        ],
        "rotation_mode": "QUATERNION"
      },
      "armature_space": {
        "head": {
          "x": 0.31543612480163574,
          "y": -0.08689558506011963,
          "z": 0.6415246725082397
        },
        "tail": {
          "x": 0.5444451570510864,
          "y": -0.21658681333065033,
          "z": 0.6895287036895752
        }
      },
      "world_space": {
        "head": {
          "x": 0.31543612480163574,
          "y": -0.02365158498287201,
          "z": 1.5913786888122559
        },
        "tail": {
          "x": 0.5444451570510864,
          "y": -0.1533428132534027,
          "z": 1.6393827199935913
        },
        "rotation_quaternion": {
          "w": 0.33124589920043945,
          "x": 0.754305362701416,
          "y": 0.38455718755722046,
          "z": -0.4164317548274994
        },
        "matrix": [
          [
            0.357400119304657,
            0.8560302257537842,
            -0.37346622347831726,
            0.31543612480163574
          ],
          [
            0.3042650818824768,
            -0.4847826361656189,
            -0.8200052976608276,
            -0.02365158498287201
          ],
          [
            -0.8830052614212036,
            0.17943798005580902,
            -0.4337253272533417,
            1.5913786888122559
          ],
          [
            0.0,
            0.0,
            0.0,
            1.0
          ]
        ]
      },
      "bone_length_armature_space": 0.2675244610811166,
      "parent": "upperarm_l",
      "has_children": true,
      "is_end_bone": false
    },
    "metacarpal_thumb_l": {
      "name": "metacarpal_thumb_l",
      "local": {
        "location": {
          "x": 0.0,
          "y": 0.0,
          "z": 0.0
        },
        "rotation_quaternion": {
          "w": 0.9985788464546204,
          "x": -0.05019442364573479,
          "y": -0.016472619026899338,
          "z": 0.0070328558795154095
        },
        "scale": {
          "x": 1.0,
          "y": 1.0,
          "z": 1.0
        },
        "matrix_basis": [
          [
            0.9993583559989929,
            -0.012392055243253708,
            -0.03360443934798241,
            0.0
          ],
          [
            0.015699390321969986,
            0.9948621392250061,
            0.10001447796821594,
            0.0
          ],
          [
            0.032192397862672806,
            -0.10047788172960281,
            0.9944183230400085,
            0.0
          ],
          [
            0.0,
            0.0,
            0.0,
            1.0
          ]
        ],
        "rotation_mode": "QUATERNION"
      },
      "armature_space": {
        "head": {
          "x": 0.5444451570510864,
          "y": -0.21658681333065033,
          "z": 0.6895287036895752
        },
        "tail": {
          "x": 0.5685313940048218,
          "y": -0.2588338255882263,
          "z": 0.6801144480705261
        }
      },
      "world_space": {
        "head": {
          "x": 0.5444451570510864,
          "y": -0.1533428132534027,
          "z": 1.6393827199935913
        },
        "tail": {
          "x": 0.5685313940048218,
          "y": -0.1955898255109787,
          "z": 1.6299684047698975
        },
        "rotation_quaternion": {
          "w": 0.1383979171514511,
          "x": -0.9497717022895813,
          "y": -0.2332346886396408,
          "z": -0.15614527463912964
        },
        "matrix": [
          [
            0.8424403667449951,
            0.4862597584724426,
            0.23204565048217773,
            0.5444451570510864
          ],
          [
            0.3998195230960846,
            -0.8528950214385986,
            0.33572959899902344,
            -0.1533428132534027
          ],
          [
            0.3611653447151184,
            -0.19005797803401947,
            -0.9129356145858765,
            1.6393827199935913
          ],
          [
            0.0,
            0.0,
            0.0,
            1.0
          ]
        ]
      },
      "bone_length_armature_space": 0.04953367639395027,
      "parent": "lowerarm_l",
      "has_children": true,
      "is_end_bone": false
    },
    "thumb_01_l": {
      "name": "thumb_01_l",
      "local": {
        "location": {
          "x": 0.0,
          "y": 0.0,
          "z": 0.0
        },
        "rotation_quaternion": {
          "w": 0.9850035309791565,
          "x": 0.17126917839050293,
          "y": -0.017279675230383873,
          "z": 0.011678120121359825
        },
        "scale": {
          "x": 1.0,
          "y": 1.0,
          "z": 1.0
        },
        "matrix_basis": [
          [
            0.9991300702095032,
            -0.028924930840730667,
            -0.030040878802537918,
            0.0
          ],
          [
            0.017087027430534363,
            0.9410609602928162,
            -0.3378050923347473,
            0.0
          ],
          [
            0.038041286170482635,
            0.3369978964328766,
            0.9407365918159485,
            0.0
          ],
          [
            0.0,
            0.0,
            0.0,
            1.0
          ]
        ],
        "rotation_mode": "QUATERNION"
      },
      "armature_space": {
        "head": {
          "x": 0.5685313940048218,
          "y": -0.2588338255882263,
          "z": 0.6801144480705261
        },
        "tail": {
          "x": 0.591147243976593,
          "y": -0.26552608609199524,
          "z": 0.6555712223052979
        }
      },
      "world_space": {
        "head": {
          "x": 0.5685313940048218,
          "y": -0.1955898255109787,
          "z": 1.6299684047698975
        },
        "tail": {
          "x": 0.591147243976593,
          "y": -0.20228208601474762,
          "z": 1.605425238609314
        },
        "rotation_quaternion": {
          "w": 0.6261028051376343,
          "x": -0.4804992973804474,
          "y": 0.09845077991485596,
          "z": -0.6061545014381409
        },
        "matrix": [
          [
            0.24576416611671448,
            0.6644179821014404,
            0.7057963013648987,
            0.5685313940048218
          ],
          [
            -0.853642463684082,
            -0.19660791754722595,
            0.48232728242874146,
            -0.1955898255109787
          ],
          [
            0.4592345654964447,
            -0.7210418581962585,
            0.5188604593276978,
            1.6299684047698975
          ],
          [
            0.0,
            0.0,
            0.0,
            1.0
          ]
        ]
      },
      "bone_length_armature_space": 0.03403869792608737,
      "parent": "metacarpal_thumb_l",
      "has_children": true,
      "is_end_bone": false
    },
    "thumb_02_l": {
      "name": "thumb_02_l",
      "local": {
        "location": {
          "x": 0.0,
          "y": 0.0,
          "z": 0.0
        },
        "rotation_quaternion": {
          "w": 0.9333933591842651,
          "x": 0.3586410582065582,
          "y": 0.012035180814564228,
          "z": -0.002949322108179331
        },
        "scale": {
          "x": 1.0,
          "y": 1.0,
          "z": 1.0
        },
        "matrix_basis": [
          [
            0.9996929168701172,
            0.014138375408947468,
            0.020351620391011238,
            0.0
          ],
          [
            0.003126864554360509,
            0.7427358031272888,
            -0.6695773601531982,
            0.0
          ],
          [
            -0.02458261139690876,
            0.6694353818893433,
            0.7424634695053101,
            0.0
          ],
          [
            0.0,
            0.0,
            0.0,
            1.0
          ]
        ],
        "rotation_mode": "QUATERNION"
      },
      "armature_space": {
        "head": {
          "x": 0.5911471843719482,
          "y": -0.26552608609199524,
          "z": 0.6555712223052979
        },
        "tail": {
          "x": 0.6122151613235474,
          "y": -0.2725571393966675,
          "z": 0.6890361309051514
        }
      },
      "world_space": {
        "head": {
          "x": 0.5911471843719482,
          "y": -0.20228208601474762,
          "z": 1.605425238609314
        },
        "tail": {
          "x": 0.6122151613235474,
          "y": -0.20931313931941986,
          "z": 1.6388901472091675
        },
        "rotation_quaternion": {
          "w": 0.5043715238571167,
          "x": 0.25660428404808044,
          "y": -0.39759305119514465,
          "z": -0.722276508808136
        },
        "matrix": [
          [
            -0.3595249652862549,
            0.5245437622070312,
            -0.7717481851577759,
            0.5911471843719482
          ],
          [
            -0.9326404929161072,
            -0.17505678534507751,
            0.31549450755119324,
            -0.20228208601474762
          ],
          [
            0.030390214174985886,
            0.8331975936889648,
            0.552152156829834,
            1.605425238609314
          ],
          [
            0.0,
            0.0,
            0.0,
            1.0
          ]
        ]
      },
      "bone_length_armature_space": 0.04016460535760734,
      "parent": "thumb_01_l",
      "has_children": true,
      "is_end_bone": false
    },
    "thumb_03_l": {
      "name": "thumb_03_l",
      "local": {
        "location": {
          "x": 0.0,
          "y": 0.0,
          "z": 0.0
        },
        "rotation_quaternion": {
          "w": 0.9815917015075684,
          "x": 0.19090469181537628,
          "y": 0.003947835881263018,
          "z": -0.004216947592794895
        },
        "scale": {
          "x": 1.0,
          "y": 1.0,
          "z": 1.0
        },
        "matrix_basis": [
          [
            0.9999332427978516,
            0.009785962291061878,
            0.006140255834907293,
            0.0
          ],
          [
            -0.006771320942789316,
            0.927075207233429,
            -0.3748142123222351,
            0.0
          ],
          [
            -0.009360396303236485,
            0.374747633934021,
            0.9270796179771423,
            0.0
          ],
          [
            0.0,
            0.0,
            0.0,
            1.0
          ]
        ],
        "rotation_mode": "QUATERNION"
      },
      "armature_space": {
        "head": {
          "x": 0.6122151613235474,
          "y": -0.27255719900131226,
          "z": 0.6890360116958618
        },
        "tail": {
          "x": 0.6113479137420654,
          "y": -0.2713674008846283,
          "z": 0.7194454669952393
        }
      },
      "world_space": {
        "head": {
          "x": 0.6122151613235474,
          "y": -0.20931319892406464,
          "z": 1.638890027999878
        },
        "tail": {
          "x": 0.6113479137420654,
          "y": -0.20812340080738068,
          "z": 1.6692994832992554
        },
        "rotation_quaternion": {
          "w": 0.5203239321708679,
          "x": 0.5138426423072815,
          "y": -0.49880173802375793,
          "z": -0.46521565318107605
        },
        "matrix": [
          [
            0.06954223662614822,
            -0.02848571538925171,
            -0.9971721172332764,
            0.6122151613235474
          ],
          [
            -0.9967367649078369,
            0.03908085823059082,
            -0.07062855362892151,
            -0.20931319892406464
          ],
          [
            0.04098162427544594,
            0.998836874961853,
            -0.02567535638809204,
            1.638890027999878
          ],
          [
            0.0,
            0.0,
            0.0,
            1.0
          ]
        ]
      },
      "bone_length_armature_space": 0.030445077084393833,
      "parent": "thumb_02_l",
      "has_children": false,
      "is_end_bone": true
    },
    "metacarpal_index_l": {
      "name": "metacarpal_index_l",
      "local": {
        "location": {
          "x": 0.0,
          "y": 0.0,
          "z": 0.0
        },
        "rotation_quaternion": {
          "w": 0.9991003274917603,
          "x": -0.041461944580078125,
          "y": -0.00014531111810356379,
          "z": -0.008912543766200542
        },
        "scale": {
          "x": 1.0,
          "y": 1.0,
          "z": 1.0
        },
        "matrix_basis": [
          [
            0.9998410940170288,
            0.01782110147178173,
            0.0004487020196393132,
            0.0
          ],
          [
            -0.01779700070619583,
            0.99640291929245,
            0.08285187184810638,
            0.0
          ],
          [
            0.0010294235544279218,
            -0.08284669369459152,
            0.9965617656707764,
            0.0
          ],
          [
            0.0,
            0.0,
            0.0,
            1.0
          ]
        ],
        "rotation_mode": "QUATERNION"
      },
      "armature_space": {
        "head": {
          "x": 0.5444451570510864,
          "y": -0.21658681333065033,
          "z": 0.6895287036895752
        },
        "tail": {
          "x": 0.6306973099708557,
          "y": -0.2954280376434326,
          "z": 0.6981219053268433
        }
      },
      "world_space": {
        "head": {
          "x": 0.5444451570510864,
          "y": -0.1533428132534027,
          "z": 1.6393827199935913
        },
        "tail": {
          "x": 0.6306973099708557,
          "y": -0.232184037566185,
          "z": 1.6479759216308594
        },
        "rotation_quaternion": {
          "w": 0.061475783586502075,
          "x": 0.9132693409919739,
          "y": 0.39973267912864685,
          "z": -0.04871995374560356
        },
        "matrix": [
          [
            0.6756801605224609,
            0.7361172437667847,
            -0.03984081372618675,
            0.5444451570510864
          ],
          [
            0.7241371273994446,
            -0.6728689074516296,
            -0.15123842656612396,
            -0.1533428132534027
          ],
          [
            -0.13813723623752594,
            0.07333838939666748,
            -0.9877011775970459,
            1.6393827199935913
          ],
          [
            0.0,
            0.0,
            0.0,
            1.0
          ]
        ]
      },
      "bone_length_armature_space": 0.11717173723663112,
      "parent": "lowerarm_l",
      "has_children": true,
      "is_end_bone": false
    },
    "index_01_l": {
      "name": "index_01_l",
      "local": {
        "location": {
          "x": 0.0,
          "y": 0.0,
          "z": 0.0
        },
        "rotation_quaternion": {
          "w": 0.9611794352531433,
          "x": 0.2758138179779053,
          "y": -0.007355420850217342,
          "z": 0.002581633161753416
        },
        "scale": {
          "x": 1.0,
          "y": 1.0,
          "z": 1.0
        },
        "matrix_basis": [
          [
            0.999878466129303,
            -0.009020279161632061,
            -0.01271565817296505,
            0.0
          ],
          [
            0.0009053719695657492,
            0.8478401303291321,
            -0.530251145362854,
            0.0
          ],
          [
            0.015563858672976494,
            0.5301751494407654,
            0.8477452993392944,
            0.0
          ],
          [
            0.0,
            0.0,
            0.0,
            1.0
          ]
        ],
        "rotation_mode": "QUATERNION"
      },
      "armature_space": {
        "head": {
          "x": 0.6306973099708557,
          "y": -0.2954280376434326,
          "z": 0.6981219053268433
        },
        "tail": {
          "x": 0.65421462059021,
          "y": -0.3071562349796295,
          "z": 0.6870558857917786
        }
      },
      "world_space": {
        "head": {
          "x": 0.6306973099708557,
          "y": -0.232184037566185,
          "z": 1.6479759216308594
        },
        "tail": {
          "x": 0.65421462059021,
          "y": -0.2439122349023819,
          "z": 1.6369099617004395
        },
        "rotation_quaternion": {
          "w": 0.12287218868732452,
          "x": -0.8213410973548889,
          "y": -0.5284392833709717,
          "z": 0.17621935904026031
        },
        "matrix": [
          [
            0.3793962597846985,
            0.824752926826477,
            -0.4193335175514221,
            0.6306973099708557
          ],
          [
            0.9113629460334778,
            -0.4113084077835083,
            0.015595227479934692,
            -0.232184037566185
          ],
          [
            -0.15961351990699768,
            -0.38808494806289673,
            -0.9077045917510986,
            1.6479759216308594
          ],
          [
            0.0,
            0.0,
            0.0,
            1.0
          ]
        ]
      },
      "bone_length_armature_space": 0.028514404548368375,
      "parent": "metacarpal_index_l",
      "has_children": true,
      "is_end_bone": false
    },
    "index_02_l": {
      "name": "index_02_l",
      "local": {
        "location": {
          "x": 0.0,
          "y": 0.0,
          "z": 0.0
        },
        "rotation_quaternion": {
          "w": 0.9183624982833862,
          "x": 0.3955848813056946,
          "y": -0.008733132854104042,
          "z": 0.006832955405116081
        },
        "scale": {
          "x": 1.0,
          "y": 1.0,
          "z": 1.0
        },
        "matrix_basis": [
          [
            0.9997540712356567,
            -0.019459649920463562,
            -0.010634335689246655,
            0.0
          ],
          [
            0.005640869494527578,
            0.686931848526001,
            -0.7267000079154968,
            0.0
          ],
          [
            0.021446391940116882,
            0.7264612913131714,
            0.686872661113739,
            0.0
          ],
          [
            0.0,
            0.0,
            0.0,
            1.0
          ]
        ],
        "rotation_mode": "QUATERNION"
      },
      "armature_space": {
        "head": {
          "x": 0.6542147397994995,
          "y": -0.30715662240982056,
          "z": 0.6870555281639099
        },
        "tail": {
          "x": 0.6613425612449646,
          "y": -0.3154589533805847,
          "z": 0.663852870464325
        }
      },
      "world_space": {
        "head": {
          "x": 0.6542147397994995,
          "y": -0.24391262233257294,
          "z": 1.6369094848632812
        },
        "tail": {
          "x": 0.6613425612449646,
          "y": -0.2522149682044983,
          "z": 1.6137068271636963
        },
        "rotation_quaternion": {
          "w": 0.39988628029823303,
          "x": -0.7081971168518066,
          "y": -0.42222365736961365,
          "z": 0.4003435969352722
        },
        "matrix": [
          [
            0.32290351390838623,
            0.2778523862361908,
            -0.9047269225120544,
            0.6542147397994995
          ],
          [
            0.9182194471359253,
            -0.3236359655857086,
            0.22832633554935455,
            -0.24391262233257294
          ],
          [
            -0.22936196625232697,
            -0.9044721126556396,
            -0.35963499546051025,
            1.6369094848632812
          ],
          [
            0.0,
            0.0,
            0.0,
            1.0
          ]
        ]
      },
      "bone_length_armature_space": 0.025653417576726505,
      "parent": "index_01_l",
      "has_children": true,
      "is_end_bone": false
    },
    "index_03_l": {
      "name": "index_03_l",
      "local": {
        "location": {
          "x": 0.0,
          "y": 0.0,
          "z": 0.0
        },
        "rotation_quaternion": {
          "w": 0.9688516855239868,
          "x": 0.24758075177669525,
          "y": 7.982016541063786e-05,
          "z": -0.005492108874022961
        },
        "scale": {
          "x": 1.0,
          "y": 1.0,
          "z": 1.0
        },
        "matrix_basis": [
          [
            0.9999396800994873,
            0.01068160217255354,
            -0.002564813010394573,
            0.0
          ],
          [
            -0.010602554306387901,
            0.8773472309112549,
            -0.47973892092704773,
            0.0
          ],
          [
            -0.002874148776754737,
            0.47973719239234924,
            0.8774075508117676,
            0.0
          ],
          [
            0.0,
            0.0,
            0.0,
            1.0
          ]
        ],
        "rotation_mode": "QUATERNION"
      },
      "armature_space": {
        "head": {
          "x": 0.6613426804542542,
          "y": -0.3154589831829071,
          "z": 0.6638529300689697
        },
        "tail": {
          "x": 0.6545708775520325,
          "y": -0.31627944111824036,
          "z": 0.6354414224624634
        }
      },
      "world_space": {
        "head": {
          "x": 0.6613426804542542,
          "y": -0.2522149682044983,
          "z": 1.6137069463729858
        },
        "tail": {
          "x": 0.6545708775520325,
          "y": -0.25303542613983154,
          "z": 1.5852954387664795
        },
        "rotation_quaternion": {
          "w": 0.6207525730133057,
          "x": -0.5453935265541077,
          "y": -0.3172179162502289,
          "z": 0.4653869569301605
        },
        "matrix": [
          [
            0.3655740022659302,
            -0.23176315426826477,
            -0.9014659523963928,
            0.6613426804542542
          ],
          [
            0.9237979650497437,
            -0.028079554438591003,
            0.3818491995334625,
            -0.2522149682044983
          ],
          [
            -0.11381134390830994,
            -0.9723737239837646,
            0.20383912324905396,
            1.6137069463729858
          ],
          [
            0.0,
            0.0,
            0.0,
            1.0
          ]
        ]
      },
      "bone_length_armature_space": 0.029218902079391772,
      "parent": "index_02_l",
      "has_children": false,
      "is_end_bone": true
    },
    "metacarpal_pinky_l": {
      "name": "metacarpal_pinky_l",
      "local": {
        "location": {
          "x": 0.0,
          "y": 0.0,
          "z": 0.0
        },
        "rotation_quaternion": {
          "w": 0.9995127320289612,
          "x": -0.02725028619170189,
          "y": -0.012930618599057198,
          "z": 0.008038830012083054
        },
        "scale": {
          "x": 1.0,
          "y": 1.0,
          "z": 1.0
        },
        "matrix_basis": [
          [
            0.9995363354682922,
            -0.015365099534392357,
            -0.026286756619811058,
            0.0
          ],
          [
            0.016774551942944527,
            0.9983856081962585,
            0.05426612123847008,
            0.0
          ],
          [
            0.025410514324903488,
            -0.05468190833926201,
            0.9981804490089417,
            0.0
          ],
          [
            0.0,
            0.0,
            0.0,
            1.0
          ]
        ],
        "rotation_mode": "QUATERNION"
      },
      "armature_space": {
        "head": {
          "x": 0.5444451570510864,
          "y": -0.21658681333065033,
          "z": 0.6895287036895752
        },
        "tail": {
          "x": 0.6433011889457703,
          "y": -0.23415309190750122,
          "z": 0.7171353697776794
        }
      },
      "world_space": {
        "head": {
          "x": 0.5444451570510864,
          "y": -0.1533428132534027,
          "z": 1.6393827199935913
        },
        "tail": {
          "x": 0.6433011889457703,
          "y": -0.1709090918302536,
          "z": 1.6669893264770508
        },
        "rotation_quaternion": {
          "w": 0.6375462412834167,
          "x": 0.31277769804000854,
          "y": 0.09584444761276245,
          "z": -0.6975089907646179
        },
        "matrix": [
          [
            0.008591750636696815,
            0.9493452906608582,
            -0.3141167163848877,
            0.5444451570510864
          ],
          [
            -0.8294322490692139,
            -0.1686943769454956,
            -0.5325266718864441,
            -0.1533428132534027
          ],
          [
            -0.5585461258888245,
            0.26511549949645996,
            0.7859731912612915,
            1.6393827199935913
          ],
          [
            0.0,
            0.0,
            0.0,
            1.0
          ]
        ]
      },
      "bone_length_armature_space": 0.10413076928055326,
      "parent": "lowerarm_l",
      "has_children": true,
      "is_end_bone": false
    },
    "pinky_01_l": {
      "name": "pinky_01_l",
      "local": {
        "location": {
          "x": 0.0,
          "y": 0.0,
          "z": 0.0
        },
        "rotation_quaternion": {
          "w": 0.9436748027801514,
          "x": 0.33032795786857605,
          "y": -0.002949630841612816,
          "z": 0.018780101090669632
        },
        "scale": {
          "x": 1.0,
          "y": 1.0,
          "z": 1.0
        },
        "matrix_basis": [
          [
            0.9992772340774536,
            -0.03739330917596817,
            0.006840200163424015,
            0.0
          ],
          [
            0.03349592536687851,
            0.7810614705085754,
            -0.6235551238059998,
            0.0
          ],
          [
            0.017974169924855232,
            0.6233335733413696,
            0.7817494869232178,
            0.0
          ],
          [
            0.0,
            0.0,
            0.0,
            1.0
          ]
        ],
        "rotation_mode": "QUATERNION"
      },
      "armature_space": {
        "head": {
          "x": 0.6433011889457703,
          "y": -0.23415309190750122,
          "z": 0.7171353697776794
        },
        "tail": {
          "x": 0.6626339554786682,
