{
  "metadata": {
    "armature_name": "KIM_caucasian_male",
    "export_time": "2026-01-13T19:11:48.799190",
    "blender_version": "4.4.1",
    "bone_count": 56,
    "end_bone_count": 13,
    "spaces_included": [
      "LOCAL_CHANNELS",
      "ARMATURE_SPACE",
      "WORLD_SPACE"
    ],
    "note": "LOCAL matches Transform panel; replay pose via local.matrix_basis for best fidelity."
  },
  "bones": {
    "Root": {
      "name": "Root",
      "local": {
        "location": {
          "x": 0.0,
          "y": 0.0,
          "z": 0.0
        },
        "rotation_quaternion": {
          "w": 0.9998213052749634,
          "x": -0.013367385603487492,
          "y": 0.008705594576895237,
          "z": 0.010139349848031998
        },
        "scale": {
          "x": 1.0,
          "y": 1.0,
          "z": 1.0
        },
        "matrix_basis": [
          [
            0.9996427893638611,
            -0.020507818087935448,
            0.01713700406253338,
            0.0
          ],
          [
            0.020042333751916885,
            0.9994370341300964,
            0.026906531304121017,
            0.0
          ],
          [
            -0.01767915114760399,
            -0.026553455740213394,
            0.9994910359382629,
            0.0
          ],
          [
            0.0,
            0.0,
            0.0,
            1.0
          ]
        ],
        "rotation_mode": "QUATERNION"
      },
      "armature_space": {
        "head": {
          "x": 0.0,
          "y": 0.07072800397872925,
          "z": -0.009595036506652832
        },
        "tail": {
          "x": -0.0014637632993981242,
          "y": 0.00029459595680236816,
          "z": 0.0018726838752627373
        }
      },
      "world_space": {
        "head": {
          "x": 0.0,
          "y": 0.13397200405597687,
          "z": 0.9402589797973633
        },
        "tail": {
          "x": -0.0014637632993981242,
          "y": 0.06353859603404999,
          "z": 0.9517266750335693
        },
        "rotation_quaternion": {
          "w": 0.08069263398647308,
          "x": 0.996649444103241,
          "y": -0.009529837407171726,
          "z": 0.009368885308504105
        },
        "matrix": [
          [
            0.9996427893638611,
            -0.020507818087935448,
            0.01713700406253338,
            0.0
          ],
          [
            -0.01748380996286869,
            -0.9867957830429077,
            -0.1610235720872879,
            0.13397200405597687
          ],
          [
            0.020213089883327484,
            0.16066662967205048,
            -0.9868087768554688,
            0.9402589797973633
          ],
          [
            0.0,
            0.0,
            0.0,
            1.0
          ]
        ]
      },
      "bone_length_armature_space": 0.07137587825989088,
      "parent": null,
      "has_children": true,
      "is_end_bone": false
    },
    "spine_01": {
      "name": "spine_01",
      "local": {
        "location": {
          "x": 0.0,
          "y": 0.0,
          "z": 0.0
        },
        "rotation_quaternion": {
          "w": 0.9990704655647278,
          "x": -0.016753196716308594,
          "y": -0.02133805863559246,
          "z": -0.03349980711936951
        },
        "scale": {
          "x": 1.0,
          "y": 1.0,
          "z": 1.0
        },
        "matrix_basis": [
          [
            0.9968448877334595,
            0.06765230000019073,
            -0.041513990610837936,
            0.0
          ],
          [
            -0.06622237712144852,
            0.9971941709518433,
            0.03490488976240158,
            0.0
          ],
          [
            0.04375890642404556,
            -0.03204560652375221,
            0.9985280632972717,
            0.0
          ],
          [
            0.0,
            0.0,
            0.0,
            1.0
          ]
        ],
        "rotation_mode": "QUATERNION"
      },
      "armature_space": {
        "head": {
          "x": -0.0014637632993981242,
          "y": 0.00029459595680236816,
          "z": 0.0018726838752627373
        },
        "tail": {
          "x": 0.022649742662906647,
          "y": 0.05112307891249657,
          "z": 0.48662370443344116
        }
      },
      "world_space": {
        "head": {
          "x": -0.0014637632993981242,
          "y": 0.06353859603404999,
          "z": 0.9517266750335693
        },
        "tail": {
          "x": 0.022649742662906647,
          "y": 0.11436708271503448,
          "z": 1.4364776611328125
        },
        "rotation_quaternion": {
          "w": 0.7429938316345215,
          "x": 0.6681434512138367,
          "y": -0.006182241719216108,
          "z": -0.038811925798654556
        },
        "matrix": [
          [
            0.9969107508659363,
            0.0494127981364727,
            -0.06105092167854309,
            -0.0014637632993981242
          ],
          [
            -0.06593562662601471,
            0.10415646433830261,
            -0.9923730492591858,
            0.06353859603404999
          ],
          [
            -0.042677439749240875,
            0.9933397173881531,
            0.10709263384342194,
            0.9517266750335693
          ],
          [
            0.0,
            0.0,
            0.0,
            1.0
          ]
        ]
      },
      "bone_length_armature_space": 0.48800465611626237,
      "parent": "Root",
      "has_children": true,
      "is_end_bone": false
    },
    "neck_01": {
      "name": "neck_01",
      "local": {
        "location": {
          "x": 0.0,
          "y": 0.0,
          "z": 0.0
        },
        "rotation_quaternion": {
          "w": 0.9879587888717651,
          "x": -0.026250965893268585,
          "y": 0.023015564307570457,
          "z": -0.15072762966156006
        },
        "scale": {
          "x": 1.0,
          "y": 1.0,
          "z": 1.0
        },
        "matrix_basis": [
          [
            0.9535029530525208,
            0.2966170012950897,
            0.05339035019278526,
            0.0
          ],
          [
            -0.2990337312221527,
            0.9531841278076172,
            0.04493158310651779,
            0.0
          ],
          [
            -0.03756336495280266,
            -0.05880790948867798,
            0.9975623488426208,
            0.0
          ],
          [
            0.0,
            0.0,
            0.0,
            1.0
          ]
        ],
        "rotation_mode": "QUATERNION"
      },
      "armature_space": {
        "head": {
          "x": 0.02415039949119091,
          "y": 0.024333320558071136,
          "z": 0.5630685091018677
        },
        "tail": {
          "x": 0.057126328349113464,
          "y": 0.0006236862391233444,
          "z": 0.6572023630142212
        }
      },
      "world_space": {
        "head": {
          "x": 0.02415039949119091,
          "y": 0.08757732063531876,
          "z": 1.5129225254058838
        },
        "tail": {
          "x": 0.057126328349113464,
          "y": 0.06386768817901611,
          "z": 1.6070563793182373
        },
        "rotation_quaternion": {
          "w": 0.6079849600791931,
          "x": 0.7769487500190735,
          "y": 0.12133226543664932,
          "z": -0.10946929454803467
        },
        "matrix": [
          [
            0.9465898871421814,
            0.3216494023799896,
            -0.022565998136997223,
            0.02415039949119091
          ],
          [
            0.05542823672294617,
            -0.2312653660774231,
            -0.9713107347488403,
            0.08757732063531876
          ],
          [
            -0.31764233112335205,
            0.9181880354881287,
            -0.23674435913562775,
            1.5129225254058838
          ],
          [
            0.0,
            0.0,
            0.0,
            1.0
          ]
        ]
      },
      "bone_length_armature_space": 0.10252190400929945,
      "parent": "spine_01",
      "has_children": true,
      "is_end_bone": false
    },
    "head": {
      "name": "head",
      "local": {
        "location": {
          "x": 0.0,
          "y": 0.0,
          "z": 0.0
        },
        "rotation_quaternion": {
          "w": 0.9848906993865967,
          "x": -0.10340852290391922,
          "y": -0.12430249899625778,
          "z": -0.06201570853590965
        },
        "scale": {
          "x": 1.0,
          "y": 1.0,
          "z": 1.0
        },
        "matrix_basis": [
          [
            0.961405873298645,
            0.14786526560783386,
            -0.23202285170555115,
            0.0
          ],
          [
            -0.09644951671361923,
            0.9709214568138123,
            0.21910959482192993,
            0.0
          ],
          [
            0.2576746642589569,
            -0.18827477097511292,
            0.9477111101150513,
            0.0
          ],
          [
            0.0,
            0.0,
            0.0,
            1.0
          ]
        ],
        "rotation_mode": "QUATERNION"
      },
      "armature_space": {
        "head": {
          "x": 0.05712629854679108,
          "y": 0.0006235521286725998,
          "z": 0.6572022438049316
        },
        "tail": {
          "x": 0.12244444340467453,
          "y": 0.051116980612277985,
          "z": 0.7884926795959473
        }
      },
      "world_space": {
        "head": {
          "x": 0.05712629854679108,
          "y": 0.06386755406856537,
          "z": 1.6070562601089478
        },
        "tail": {
          "x": 0.12244444340467453,
          "y": 0.1143609806895256,
          "z": 1.7383466958999634
        },
        "rotation_quaternion": {
          "w": 0.8087611198425293,
          "x": 0.5461121797561646,
          "y": 0.09323307871818542,
          "z": -0.19741950929164886
        },
        "matrix": [
          [
            0.904666006565094,
            0.4211622476577759,
            -0.06482163816690445,
            0.05712629854679108
          ],
          [
            -0.21750126779079437,
            0.3255745768547058,
            -0.9201602339744568,
            0.06386755406856537
          ],
          [
            -0.3664351999759674,
            0.846542477607727,
            0.3861413598060608,
            1.6070562601089478
          ],
          [
            0.0,
            0.0,
            0.0,
            1.0
          ]
        ]
      },
      "bone_length_armature_space": 0.1550910218578912,
      "parent": "neck_01",
      "has_children": false,
      "is_end_bone": true
    },
    "upperarm_l": {
      "name": "upperarm_l",
      "local": {
        "location": {
          "x": 0.0,
          "y": 0.0,
          "z": 0.0
        },
        "rotation_quaternion": {
          "w": 0.9531339406967163,
          "x": -0.126735121011734,
          "y": 0.16954469680786133,
          "z": 0.21616777777671814
        },
        "scale": {
          "x": 1.0,
          "y": 1.0,
          "z": 1.0
        },
        "matrix_basis": [
          [
            0.8490521907806396,
            -0.45504823327064514,
            0.2684054970741272,
            0.0
          ],
          [
            0.3690991699695587,
            0.8744193911552429,
            0.3148912787437439,
            0.0
          ],
          [
            -0.3779897093772888,
            -0.1682908833026886,
            0.9103856086730957,
            0.0
          ],
          [
            0.0,
            0.0,
            0.0,
            1.0
          ]
        ],
        "rotation_mode": "QUATERNION"
      },
      "armature_space": {
        "head": {
          "x": 0.17017140984535217,
          "y": 0.004278048872947693,
          "z": 0.49024829268455505
        },
        "tail": {
          "x": 0.41353079676628113,
          "y": 0.0519636794924736,
          "z": 0.5917866826057434
        }
      },
      "world_space": {
        "head": {
          "x": 0.17017140984535217,
          "y": 0.06752204895019531,
          "z": 1.4401023387908936
        },
        "tail": {
          "x": 0.41353079676628113,
          "y": 0.11520767956972122,
          "z": 1.5416407585144043
        },
        "rotation_quaternion": {
          "w": 0.5656662583351135,
          "x": 0.5818215608596802,
          "y": 0.5186493992805481,
          "z": -0.2692737877368927
        },
        "matrix": [
          [
            0.3169870376586914,
            0.9081609845161438,
            0.2734275758266449,
            0.17017140984535217
          ],
          [
            0.29888689517974854,
            0.17795175313949585,
            -0.9375501871109009,
            0.06752204895019531
          ],
          [
            -0.9001093506813049,
            0.3789178431034088,
            -0.21503128111362457,
            1.4401023387908936
          ],
          [
            0.0,
            0.0,
            0.0,
            1.0
          ]
        ]
      },
      "bone_length_armature_space": 0.26796968770280155,
      "parent": "spine_01",
      "has_children": true,
      "is_end_bone": false
    },
    "lowerarm_l": {
      "name": "lowerarm_l",
      "local": {
        "location": {
          "x": 0.0,
          "y": 0.0,
          "z": 0.0
        },
        "rotation_quaternion": {
          "w": 0.924318790435791,
          "x": 0.32359859347343445,
          "y": 0.18229974806308746,
          "z": -0.0876682698726654
        },
        "scale": {
          "x": 1.0,
          "y": 1.0,
          "z": 1.0
        },
        "matrix_basis": [
          [
            0.9181621670722961,
            0.28005075454711914,
            0.28026750683784485,
            0.0
          ],
          [
            -0.04408297315239906,
            0.7751964330673218,
            -0.630180299282074,
            0.0
          ],
          [
            -0.3937448263168335,
            0.5662527084350586,
            0.7241014838218689,
            0.0
          ],
          [
            0.0,
            0.0,
            0.0,
            1.0
          ]
        ],
        "rotation_mode": "QUATERNION"
      },
      "armature_space": {
        "head": {
          "x": 0.4135308265686035,
          "y": 0.05196360871195793,
          "z": 0.5917868614196777
        },
        "tail": {
          "x": 0.6491551995277405,
          "y": -0.07471086084842682,
          "z": 0.5897702574729919
        }
      },
      "world_space": {
        "head": {
          "x": 0.4135308265686035,
          "y": 0.11520761251449585,
          "z": 1.5416408777236938
        },
        "tail": {
          "x": 0.6491551995277405,
          "y": -0.0114668607711792,
          "z": 1.5396242141723633
        },
        "rotation_quaternion": {
          "w": 0.2231588214635849,
          "x": 0.7696788311004639,
          "y": 0.46200233697891235,
          "z": -0.37993234395980835
        },
        "matrix": [
          [
            0.28440946340560913,
            0.8807581067085266,
            -0.3786500096321106,
            0.4135308265686035
          ],
          [
            0.5416164398193359,
            -0.4735060930252075,
            -0.6945820450782776,
            0.11520761251449585
          ],
          [
            -0.7910570502281189,
            -0.007537968456745148,
            -0.6117074489593506,
            1.5416408777236938
          ],
          [
            0.0,
            0.0,
            0.0,
            1.0
          ]
        ]
      },
      "bone_length_armature_space": 0.2675244572981345,
      "parent": "upperarm_l",
      "has_children": true,
      "is_end_bone": false
    },
    "metacarpal_thumb_l": {
      "name": "metacarpal_thumb_l",
      "local": {
        "location": {
          "x": 0.0,
          "y": 0.0,
          "z": 0.0
        },
        "rotation_quaternion": {
          "w": 0.9978548288345337,
          "x": -0.0632624626159668,
          "y": 0.014252772554755211,
          "z": 0.008969592861831188
        },
        "scale": {
          "x": 1.0,
          "y": 1.0,
          "z": 1.0
        },
        "matrix_basis": [
          [
            0.9994328022003174,
            -0.01970403455197811,
            0.027309518307447433,
            0.0
          ],
          [
            0.01609737239778042,
            0.991834819316864,
            0.1265091896057129,
            0.0
          ],
          [
            -0.029579272493720055,
            -0.12599782645702362,
            0.9915894269943237,
            0.0
          ],
          [
            0.0,
            0.0,
            0.0,
            1.0
          ]
        ],
        "rotation_mode": "QUATERNION"
      },
      "armature_space": {
        "head": {
          "x": 0.6491551995277405,
          "y": -0.07471086084842682,
          "z": 0.5897702574729919
        },
        "tail": {
          "x": 0.6732134819030762,
          "y": -0.11266301572322845,
          "z": 0.5689274072647095
        }
      },
      "world_space": {
        "head": {
          "x": 0.6491551995277405,
          "y": -0.0114668607711792,
          "z": 1.5396242141723633
        },
        "tail": {
          "x": 0.6732134819030762,
          "y": -0.049419015645980835,
          "z": 1.5187814235687256
        },
        "rotation_quaternion": {
          "w": 0.26955530047416687,
          "x": -0.9220572113990784,
          "y": -0.21034617722034454,
          "z": -0.1813974827528
        },
        "matrix": [
          [
            0.8456987142562866,
            0.4856957495212555,
            0.22111687064170837,
            0.6491551995277405
          ],
          [
            0.29011011123657227,
            -0.7661889791488647,
            0.573403000831604,
            -0.0114668607711792
          ],
          [
            0.44791996479034424,
            -0.42078152298927307,
            -0.7888755202293396,
            1.5396242141723633
          ],
          [
            0.0,
            0.0,
            0.0,
            1.0
          ]
        ]
      },
      "bone_length_armature_space": 0.04953374014378275,
      "parent": "lowerarm_l",
      "has_children": true,
      "is_end_bone": false
    },
    "thumb_01_l": {
      "name": "thumb_01_l",
      "local": {
        "location": {
          "x": 0.0,
          "y": 0.0,
          "z": 0.0
        },
        "rotation_quaternion": {
          "w": 0.9848242998123169,
          "x": 0.1729421466588974,
          "y": -0.003944583237171173,
          "z": -0.014016866683959961
        },
        "scale": {
          "x": 1.0,
          "y": 1.0,
          "z": 1.0
        },
        "matrix_basis": [
          [
            0.9995759129524231,
            0.02624393254518509,
            -0.012617656961083412,
            0.0
          ],
          [
            -0.028972670435905457,
            0.9397890567779541,
            -0.34052467346191406,
            0.0
          ],
          [
            0.002921228762716055,
            0.34074583649635315,
            0.9401509165763855,
            0.0
          ],
          [
            0.0,
            0.0,
            0.0,
            1.0
          ]
        ],
        "rotation_mode": "QUATERNION"
      },
      "armature_space": {
        "head": {
          "x": 0.6732134819030762,
          "y": -0.11266301572322845,
          "z": 0.5689274072647095
        },
        "tail": {
          "x": 0.696060299873352,
          "y": -0.11404076218605042,
          "z": 0.5437330007553101
        }
      },
      "world_space": {
        "head": {
          "x": 0.6732134819030762,
          "y": -0.049419015645980835,
          "z": 1.5187814235687256
        },
        "tail": {
          "x": 0.696060299873352,
          "y": -0.050796762108802795,
          "z": 1.4935870170593262
        },
        "rotation_quaternion": {
          "w": 0.6694115400314331,
          "x": -0.39192622900009155,
          "y": 0.17790739238262177,
          "z": -0.6055006980895996
        },
        "matrix": [
          [
            0.2034321427345276,
            0.6712045669555664,
            0.7128108143806458,
            0.6732134819030762
          ],
          [
            -0.9501124620437622,
            -0.04047613590955734,
            0.309270441532135,
            -0.049419015645980835
          ],
          [
            0.23643657565116882,
            -0.740171492099762,
            0.6294902563095093,
            1.5187814235687256
          ],
          [
            0.0,
            0.0,
            0.0,
            1.0
          ]
        ]
      },
      "bone_length_armature_space": 0.034038703869490684,
      "parent": "metacarpal_thumb_l",
      "has_children": true,
      "is_end_bone": false
    },
    "thumb_02_l": {
      "name": "thumb_02_l",
      "local": {
        "location": {
          "x": 0.0,
          "y": 0.0,
          "z": 0.0
        },
        "rotation_quaternion": {
          "w": 0.9407453536987305,
          "x": 0.33910807967185974,
          "y": 0.0018559466116130352,
          "z": 0.0006973028066568077
        },
        "scale": {
          "x": 1.0,
          "y": 1.0,
          "z": 1.0
        },
        "matrix_basis": [
          [
            0.9999921321868896,
            -5.3235769883031026e-05,
            0.003964868374168873,
            0.0
          ],
          [
            0.002570701763033867,
            0.7700104713439941,
            -0.6380261182785034,
            0.0
          ],
          [
            -0.003019024385139346,
            0.6380313038825989,
            0.7700045108795166,
            0.0
          ],
          [
            0.0,
            0.0,
            0.0,
            1.0
          ]
        ],
        "rotation_mode": "QUATERNION"
      },
      "armature_space": {
        "head": {
          "x": 0.6960602402687073,
          "y": -0.11404074728488922,
          "z": 0.5437330007553101
        },
        "tail": {
          "x": 0.7176351547241211,
          "y": -0.12983465194702148,
          "z": 0.5737041234970093
        }
      },
      "world_space": {
        "head": {
          "x": 0.6960602402687073,
          "y": -0.0507967472076416,
          "z": 1.4935870170593262
        },
        "tail": {
          "x": 0.7176351547241211,
          "y": -0.06659065186977386,
          "z": 1.5235581398010254
        },
        "rotation_quaternion": {
          "w": 0.45976191759109497,
          "x": 0.2968919575214386,
          "y": -0.30331993103027344,
          "z": -0.7800456881523132
        },
        "matrix": [
          [
            -0.40094664692878723,
            0.5371648669242859,
            -0.7420883178710938,
            0.6960602402687073
          ],
          [
            -0.8973779678344727,
            -0.3932313024997711,
            0.20020584762096405,
            -0.0507967472076416
          ],
          [
            -0.1842706948518753,
            0.746210515499115,
            0.63970947265625,
            1.4935870170593262
          ],
          [
            0.0,
            0.0,
            0.0,
            1.0
          ]
        ]
      },
      "bone_length_armature_space": 0.04016456835699414,
      "parent": "thumb_01_l",
      "has_children": true,
      "is_end_bone": false
    },
    "thumb_03_l": {
      "name": "thumb_03_l",
      "local": {
        "location": {
          "x": 0.0,
          "y": 0.0,
          "z": 0.0
        },
        "rotation_quaternion": {
          "w": 0.9839580059051514,
          "x": 0.1781991720199585,
          "y": 0.0070525906048715115,
          "z": 0.004690583795309067
        },
        "scale": {
          "x": 1.0,
          "y": 1.0,
          "z": 1.0
        },
        "matrix_basis": [
          [
            0.9998565316200256,
            -0.00671714311465621,
            0.015550622716546059,
            0.0
          ],
          [
            0.01174420677125454,
            0.9364461302757263,
            -0.35061484575271606,
            0.0
          ],
          [
            -0.012207189574837685,
            0.35074716806411743,
            0.9363906383514404,
            0.0
          ],
          [
            0.0,
            0.0,
            0.0,
            1.0
          ]
        ],
        "rotation_mode": "QUATERNION"
      },
      "armature_space": {
        "head": {
          "x": 0.7176351547241211,
          "y": -0.12983469665050507,
          "z": 0.5737040042877197
        },
        "tail": {
          "x": 0.7183778882026672,
          "y": -0.13557107746601105,
          "z": 0.6035945415496826
        }
      },
      "world_space": {
        "head": {
          "x": 0.7176351547241211,
          "y": -0.06659069657325745,
          "z": 1.5235580205917358
        },
        "tail": {
          "x": 0.7183778882026672,
          "y": -0.07232707738876343,
          "z": 1.5534485578536987
        },
        "rotation_quaternion": {
          "w": 0.4646121859550476,
          "x": 0.5489509701728821,
          "y": -0.4358050227165222,
          "z": -0.5411676168441772
        },
        "matrix": [
          [
            0.03442198038101196,
            0.024396419525146484,
            -0.9991093873977661,
            0.7176351547241211
          ],
          [
            -0.9813376665115356,
            -0.18841838836669922,
            -0.0384107306599617,
            -0.06659069657325745
          ],
          [
            -0.18918964266777039,
            0.9817925095558167,
            0.01745566725730896,
            1.5235580205917358
          ],
          [
            0.0,
            0.0,
            0.0,
            1.0
          ]
        ]
      },
      "bone_length_armature_space": 0.030445064417181516,
      "parent": "thumb_02_l",
      "has_children": false,
      "is_end_bone": true
    },
    "metacarpal_index_l": {
      "name": "metacarpal_index_l",
      "local": {
        "location": {
          "x": 0.0,
          "y": 0.0,
          "z": 0.0
        },
        "rotation_quaternion": {
          "w": 0.999980092048645,
          "x": 0.004016705323010683,
          "y": 0.0034003499895334244,
          "z": 0.003484017914161086
        },
        "scale": {
          "x": 1.0,
          "y": 1.0,
          "z": 1.0
        },
        "matrix_basis": [
          [
            0.9999526143074036,
            -0.006940580904483795,
            0.006828553043305874,
            0.0
          ],
          [
            0.006995213683694601,
            0.9999434351921082,
            -0.00800955668091774,
            0.0
          ],
          [
            -0.0067725758999586105,
            0.008056944236159325,
            0.9999446272850037,
            0.0
          ],
          [
            0.0,
            0.0,
            0.0,
            1.0
          ]
        ],
        "rotation_mode": "QUATERNION"
      },
      "armature_space": {
        "head": {
          "x": 0.6491551995277405,
          "y": -0.07471086084842682,
          "z": 0.5897702574729919
        },
        "tail": {
          "x": 0.7347434759140015,
          "y": -0.149556502699852,
          "z": 0.5614504814147949
        }
      },
      "world_space": {
        "head": {
          "x": 0.6491551995277405,
          "y": -0.0114668607711792,
          "z": 1.5396242141723633
        },
        "tail": {
          "x": 0.7347434759140015,
          "y": -0.08631250262260437,
          "z": 1.511304497718811
        },
        "rotation_quaternion": {
          "w": 0.11495822668075562,
          "x": -0.904256284236908,
          "y": -0.40914589166641235,
          "z": 0.04129211604595184
        },
        "matrix": [
          [
            0.661788821220398,
            0.7304514050483704,
            -0.1687472015619278,
            0.6491551995277405
          ],
          [
            0.7494395971298218,
            -0.63876873254776,
            0.1741134375333786,
            -0.0114668607711792
          ],
          [
            0.01939152553677559,
            -0.24169448018074036,
            -0.9701658487319946,
            1.5396242141723633
          ],
          [
            0.0,
            0.0,
            0.0,
            1.0
          ]
        ]
      },
      "bone_length_armature_space": 0.11717180852341919,
      "parent": "lowerarm_l",
      "has_children": true,
      "is_end_bone": false
    },
    "index_01_l": {
      "name": "index_01_l",
      "local": {
        "location": {
          "x": 0.0,
          "y": 0.0,
          "z": 0.0
        },
        "rotation_quaternion": {
          "w": 0.9803909063339233,
          "x": 0.19704952836036682,
          "y": 0.0016004068311303854,
          "z": -0.0016482595819979906
        },
        "scale": {
          "x": 1.0,
          "y": 1.0,
          "z": 1.0
        },
        "matrix_basis": [
          [
            0.9999894499778748,
            0.0038625963497906923,
            0.0024884711019694805,
            0.0
          ],
          [
            -0.0026011585723608732,
            0.922337532043457,
            -0.38637641072273254,
            0.0
          ],
          [
            -0.0037876260466873646,
            0.3863658607006073,
            0.9223378300666809,
            0.0
          ],
          [
            0.0,
            0.0,
            0.0,
            1.0
          ]
        ],
        "rotation_mode": "QUATERNION"
      },
      "armature_space": {
        "head": {
          "x": 0.7347434759140015,
          "y": -0.149556502699852,
          "z": 0.5614504814147949
        },
        "tail": {
          "x": 0.7587607502937317,
          "y": -0.15738563239574432,
          "z": 0.5482237339019775
        }
      },
      "world_space": {
        "head": {
          "x": 0.7347434759140015,
          "y": -0.08631250262260437,
          "z": 1.511304497718811
        },
        "tail": {
          "x": 0.7587607502937317,
          "y": -0.0941416323184967,
          "z": 1.4980777502059937
        },
        "rotation_quaternion": {
          "w": 0.2305094450712204,
          "x": -0.7934207320213318,
          "y": -0.5564001798629761,
          "z": 0.08813527226448059
        },
        "matrix": [
          [
            0.36530059576034546,
            0.8422865271568298,
            -0.3963688611984253,
            0.7347434759140015
          ],
          [
            0.9235519766807556,
            -0.2745680510997772,
            0.26770275831222534,
            -0.08631250262260437
          ],
          [
            0.11665362119674683,
            -0.4638628363609314,
            -0.8782011866569519,
            1.511304497718811
          ],
          [
            0.0,
            0.0,
            0.0,
            1.0
          ]
        ]
      },
      "bone_length_armature_space": 0.02851441041722696,
      "parent": "metacarpal_index_l",
      "has_children": true,
      "is_end_bone": false
    },
    "index_02_l": {
      "name": "index_02_l",
      "local": {
        "location": {
          "x": 0.0,
          "y": 0.0,
          "z": 0.0
        },
        "rotation_quaternion": {
          "w": 0.9213244915008545,
          "x": 0.38864782452583313,
          "y": 0.008298450149595737,
          "z": 0.006732021924108267
        },
        "scale": {
          "x": 1.0,
          "y": 1.0,
          "z": 1.0
        },
        "matrix_basis": [
          [
            0.9997716546058655,
            -0.00595440436154604,
            0.020523902028799057,
            0.0
          ],
          [
            0.018855102360248566,
            0.6978151202201843,
            -0.7160297632217407,
            0.0
          ],
          [
            -0.010058359242975712,
            0.7162532210350037,
            0.6977680325508118,
            0.0
          ],
          [
            0.0,
            0.0,
            0.0,
            1.0
          ]
        ],
        "rotation_mode": "QUATERNION"
      },
      "armature_space": {
        "head": {
          "x": 0.7587608695030212,
          "y": -0.15738587081432343,
          "z": 0.5482231974601746
        },
        "tail": {
          "x": 0.7670902609825134,
          "y": -0.15847155451774597,
          "z": 0.5239839553833008
        }
      },
      "world_space": {
        "head": {
          "x": 0.7587608695030212,
          "y": -0.0941418707370758,
          "z": 1.498077154159546
        },
        "tail": {
          "x": 0.7670902609825134,
          "y": -0.09522755444049835,
          "z": 1.473837971687317
        },
        "rotation_quaternion": {
          "w": 0.49309810996055603,
          "x": -0.6511027812957764,
          "y": -0.485482394695282,
          "z": 0.3118115961551666
        },
        "matrix": [
          [
            0.3341585099697113,
            0.3246902823448181,
            -0.8848240375518799,
            0.7587608695030212
          ],
          [
            0.9397062659263611,
            -0.042321622371673584,
            0.33935490250587463,
            -0.0941418707370758
          ],
          [
            0.07273918390274048,
            -0.9448797702789307,
            -0.31925755739212036,
            1.498077154159546
          ],
          [
            0.0,
            0.0,
            0.0,
            1.0
          ]
        ]
      },
      "bone_length_armature_space": 0.025653427084818922,
      "parent": "index_01_l",
      "has_children": true,
      "is_end_bone": false
    },
    "index_03_l": {
      "name": "index_03_l",
      "local": {
        "location": {
          "x": 0.0,
          "y": 0.0,
          "z": 0.0
        },
        "rotation_quaternion": {
          "w": 0.9578325748443604,
          "x": 0.2872965335845947,
          "y": -0.002262964379042387,
          "z": 0.003510504262521863
        },
        "scale": {
          "x": 1.0,
          "y": 1.0,
          "z": 1.0
        },
        "matrix_basis": [
          [
            0.9999651312828064,
            -0.008025234565138817,
            -0.0023179706186056137,
            0.0
          ],
          [
            0.005424667149782181,
            0.8348967432975769,
            -0.5503798723220825,
            0.0
          ],
          [
            0.006352193187922239,
            0.5503480434417725,
            0.8349111676216125,
            0.0
          ],
          [
            0.0,
            0.0,
            0.0,
            1.0
          ]
        ],
        "rotation_mode": "QUATERNION"
      },
      "armature_space": {
        "head": {
          "x": 0.7670903205871582,
          "y": -0.15847162902355194,
          "z": 0.5239840149879456
        },
        "tail": {
          "x": 0.759434700012207,
          "y": -0.15040241181850433,
          "z": 0.49696511030197144
        }
      },
      "world_space": {
        "head": {
          "x": 0.7670903205871582,
          "y": -0.09522762894630432,
          "z": 1.4738380908966064
        },
        "tail": {
          "x": 0.759434700012207,
          "y": -0.08715841174125671,
          "z": 1.4468190670013428
        },
        "rotation_quaternion": {
          "w": 0.7042994499206543,
          "x": -0.43295425176620483,
          "y": -0.3768896460533142,
          "z": 0.41769254207611084
        },
        "matrix": [
          [
            0.366973340511322,
            -0.262010395526886,
            -0.8925695419311523,
            0.7670903205871582
          ],
          [
            0.9147140979766846,
            0.2761664092540741,
            0.29501020908355713,
            -0.09522762894630432
          ],
          [
            0.16920378804206848,
            -0.9247130751609802,
            0.341013103723526,
            1.4738380908966064
          ],
          [
            0.0,
            0.0,
            0.0,
            1.0
          ]
        ]
      },
      "bone_length_armature_space": 0.0292188639547147,
      "parent": "index_02_l",
      "has_children": false,
      "is_end_bone": true
    },
    "metacarpal_pinky_l": {
      "name": "metacarpal_pinky_l",
      "local": {
        "location": {
          "x": 0.0,
          "y": 0.0,
          "z": 0.0
        },
        "rotation_quaternion": {
          "w": 0.998993992805481,
          "x": -0.040743567049503326,
          "y": -0.014093615114688873,
          "z": -0.012346171773970127
        },
        "scale": {
          "x": 1.0,
          "y": 1.0,
          "z": 1.0
        },
        "matrix_basis": [
          [
            0.9992978572845459,
            0.025815950706601143,
            -0.02715281955897808,
            0.0
          ],
          [
            -0.023519054055213928,
            0.9963750839233398,
            0.08175316452980042,
            0.0
          ],
          [
            0.029164927080273628,
            -0.08105715364217758,
            0.9962826371192932,
            0.0
          ],
          [
            0.0,
            0.0,
            0.0,
            1.0
          ]
        ],
        "rotation_mode": "QUATERNION"
      },
      "armature_space": {
        "head": {
          "x": 0.6491551995277405,
          "y": -0.07471086084842682,
          "z": 0.5897702574729919
        },
        "tail": {
          "x": 0.7507500052452087,
          "y": -0.09478812664747238,
          "z": 0.6006608605384827
        }
      },
      "world_space": {
        "head": {
          "x": 0.6491551995277405,
          "y": -0.0114668607711792,
          "z": 1.5396242141723633
        },
        "tail": {
          "x": 0.7507500052452087,
          "y": -0.03154412657022476,
          "z": 1.5505149364471436
        },
        "rotation_quaternion": {
          "w": 0.5916528105735779,
          "x": 0.35634008049964905,
          "y": 0.23139016330242157,
          "z": -0.6851477026939392
        },
        "matrix": [
          [
            -0.04593610391020775,
            0.9756466746330261,
            -0.21448305249214172,
            0.6491551995277405
          ],
          [
            -0.6458323001861572,
            -0.19280822575092316,
            -0.7387329339981079,
            -0.0114668607711792
          ],
          [
            -0.7621021270751953,
            0.10458596050739288,
            0.638964831829071,
            1.5396242141723633
          ],
          [
            0.0,
            0.0,
            0.0,
            1.0
          ]
        ]
      },
      "bone_length_armature_space": 0.10413071725988891,
      "parent": "lowerarm_l",
      "has_children": true,
      "is_end_bone": false
    },
    "pinky_01_l": {
      "name": "pinky_01_l",
      "local": {
        "location": {
          "x": 0.0,
          "y": 0.0,
          "z": 0.0
        },
        "rotation_quaternion": {
          "w": 0.9554980993270874,
          "x": 0.2947309613227844,
          "y": -0.008858202025294304,
          "z": -0.008865317329764366
        },
        "scale": {
          "x": 1.0,
          "y": 1.0,
          "z": 1.0
        },
        "matrix_basis": [
          [
            0.9996858835220337,
            0.011720014736056328,
            -0.022153757512569427,
            0.0
          ],
          [
            -0.022163160145282745,
            0.8261101245880127,
            -0.563072681427002,
            0.0
          ],
          [
            0.011702223680913448,
            0.5633867979049683,
            0.8261103630065918,
            0.0
          ],
          [
            0.0,
            0.0,
            0.0,
            1.0
          ]
        ],
        "rotation_mode": "QUATERNION"
      },
      "armature_space": {
        "head": {
          "x": 0.7507500052452087,
          "y": -0.09478812664747238,
          "z": 0.6006608605384827
        },
        "tail": {
