{
  "metadata": {
    "armature_name": "KIM_caucasian_male",
    "export_time": "2026-01-13T21:01:20.092821",
    "blender_version": "4.4.1",
    "bone_count": 56,
    "end_bone_count": 13,
    "spaces_included": [
      "LOCAL_CHANNELS",
      "ARMATURE_SPACE",
      "WORLD_SPACE"
    ],
    "note": "LOCAL matches Transform panel; replay pose via local.matrix_basis for best fidelity."
  },
  "bones": {
    "Root": {
      "name": "Root",
      "local": {
        "location": {
          "x": 0.0,
          "y": 0.0,
          "z": 0.0
        },
        "rotation_quaternion": {
          "w": 0.9996601343154907,
          "x": 0.0009757677325978875,
          "y": 0.0021037054248154163,
          "z": 0.02597007155418396
        },
        "scale": {
          "x": 1.0,
          "y": 1.0,
          "z": 1.0
        },
        "matrix_basis": [
          [
            0.9986422657966614,
            -0.051918383687734604,
            0.00425666244700551,
            0.0
          ],
          [
            0.051926594227552414,
            0.9986491799354553,
            -0.001841605408117175,
            0.0
          ],
          [
            -0.004155299160629511,
            0.002060138853266835,
            0.9999892711639404,
            0.0
          ],
          [
            0.0,
            0.0,
            0.0,
            1.0
          ]
        ],
        "rotation_mode": "QUATERNION"
      },
      "armature_space": {
        "head": {
          "x": 0.0,
          "y": 0.07072800397872925,
          "z": -0.009595036506652832
        },
        "tail": {
          "x": -0.003705719718709588,
          "y": 7.577240467071533e-05,
          "z": -0.00015867222100496292
        }
      },
      "world_space": {
        "head": {
          "x": 0.0,
          "y": 0.13397200405597687,
          "z": 0.9402589797973633
        },
        "tail": {
          "x": -0.003705719718709588,
          "y": 0.06331977248191833,
          "z": 0.949695348739624
        },
        "rotation_quaternion": {
          "w": 0.06637119501829147,
          "x": 0.9974547624588013,
          "y": -0.025769351050257683,
          "z": 0.003848474705591798
        },
        "matrix": [
          [
            0.9986422657966614,
            -0.051918383687734604,
            0.00425666244700551,
            0.0
          ],
          [
            -0.050896670669317245,
            -0.9898615479469299,
            -0.13260336220264435,
            0.13397200405597687
          ],
          [
            0.011098086833953857,
            0.13220664858818054,
            -0.9911671280860901,
            0.9402589797973633
          ],
          [
            0.0,
            0.0,
            0.0,
            1.0
          ]
        ]
      },
      "bone_length_armature_space": 0.07137587121975547,
      "parent": null,
      "has_children": true,
      "is_end_bone": false
    },
    "spine_01": {
      "name": "spine_01",
      "local": {
        "location": {
          "x": 0.0,
          "y": 0.0,
          "z": 0.0
        },
        "rotation_quaternion": {
          "w": 0.9956337213516235,
          "x": -0.0518222376704216,
          "y": -0.05309810861945152,
          "z": -0.0566442497074604
        },
        "scale": {
          "x": 1.0,
          "y": 1.0,
          "z": 1.0
        },
        "matrix_basis": [
          [
            0.9879440665245056,
            0.11829717457294464,
            -0.09986167401075363,
            0.0
          ],
          [
            -0.10729052126407623,
            0.9882117509841919,
            0.10920733958482742,
            0.0
          ],
          [
            0.11160340160131454,
            -0.09717652946710587,
            0.988990068435669,
            0.0
          ],
          [
            0.0,
            0.0,
            0.0,
            1.0
          ]
        ],
        "rotation_mode": "QUATERNION"
      },
      "armature_space": {
        "head": {
          "x": -0.003705719718709588,
          "y": 7.577240467071533e-05,
          "z": -0.00015867222100496292
        },
        "tail": {
          "x": 0.052132509648799896,
          "y": 0.06615731865167618,
          "z": 0.480116069316864
        }
      },
      "world_space": {
        "head": {
          "x": -0.003705719718709588,
          "y": 0.06331977248191833,
          "z": 0.949695348739624
        },
        "tail": {
          "x": 0.052132509648799896,
          "y": 0.1294013261795044,
          "z": 1.4299700260162354
        },
        "rotation_quaternion": {
          "w": 0.7531977295875549,
          "x": 0.650847315788269,
          "y": -0.01998739503324032,
          "z": -0.0932290181517601
        },
        "matrix": [
          [
            0.9818176627159119,
            0.11442231386899948,
            -0.1514652967453003,
            -0.003705719718709588
          ],
          [
            -0.16645795106887817,
            0.13541266322135925,
            -0.9767062664031982,
            0.06331977248191833
          ],
          [
            -0.09124747663736343,
            0.9841670393943787,
            0.15199720859527588,
            0.949695348739624
          ],
          [
            0.0,
            0.0,
            0.0,
            1.0
          ]
        ]
      },
      "bone_length_armature_space": 0.48800461061213984,
      "parent": "Root",
      "has_children": true,
      "is_end_bone": false
    },
    "neck_01": {
      "name": "neck_01",
      "local": {
        "location": {
          "x": 0.0,
          "y": 0.0,
          "z": 0.0
        },
        "rotation_quaternion": {
          "w": 0.9802622199058533,
          "x": -0.10319442301988602,
          "y": 0.0636245384812355,
          "z": -0.15616929531097412
        },
        "scale": {
          "x": 1.0,
          "y": 1.0,
          "z": 1.0
        },
        "matrix_basis": [
          [
            0.9431261420249939,
            0.2930423319339752,
            0.1569690704345703,
            0.0
          ],
          [
            -0.3193051218986511,
            0.9299241304397583,
            0.1824427843093872,
            0.0
          ],
          [
            -0.09250586479902267,
            -0.2221875935792923,
            0.9706056714057922,
            0.0
          ],
          [
            0.0,
            0.0,
            0.0,
            1.0
          ]
        ],
        "rotation_mode": "QUATERNION"
      },
      "armature_space": {
        "head": {
          "x": 0.05525745078921318,
          "y": 0.04219941794872284,
          "z": 0.5574465990066528
        },
        "tail": {
          "x": 0.09357030689716339,
          "y": 0.035461004823446274,
          "z": 0.6523016095161438
        }
      },
      "world_space": {
        "head": {
          "x": 0.05525745078921318,
          "y": 0.10544341802597046,
          "z": 1.507300615310669
        },
        "tail": {
          "x": 0.09357030689716339,
          "y": 0.09870500862598419,
          "z": 1.6021556854248047
        },
        "rotation_quaternion": {
          "w": 0.670379638671875,
          "x": 0.7171381115913391,
          "y": 0.13314539194107056,
          "z": -0.13629499077796936
        },
        "matrix": [
          [
            0.9273920059204102,
            0.37370622158050537,
            -0.016966715455055237,
            0.05525745078921318
          ],
          [
            0.008230708539485931,
            -0.06572692096233368,
            -0.997803807258606,
            0.10544341802597046
          ],
          [
            -0.37400317192077637,
            0.9252219200134277,
            -0.06403186917304993,
            1.507300615310669
          ],
          [
            0.0,
            0.0,
            0.0,
            1.0
          ]
        ]
      },
      "bone_length_armature_space": 0.1025219689466333,
      "parent": "spine_01",
      "has_children": true,
      "is_end_bone": false
    },
    "head": {
      "name": "head",
      "local": {
        "location": {
          "x": 0.0,
          "y": 0.0,
          "z": 0.0
        },
        "rotation_quaternion": {
          "w": 0.973848819732666,
          "x": -0.05630137771368027,
          "y": -0.08401136845350266,
          "z": 0.2034471035003662
        },
        "scale": {
          "x": 1.0,
          "y": 1.0,
          "z": 1.0
        },
        "matrix_basis": [
          [
            0.9031027555465698,
            -0.3867935240268707,
            -0.18653744459152222,
            0.0
          ],
          [
            0.40571334958076477,
            0.9108788371086121,
            0.0754743218421936,
            0.0
          ],
          [
            0.14072003960609436,
            -0.14384180307388306,
            0.979544460773468,
            0.0
          ],
          [
            0.0,
            0.0,
            0.0,
            1.0
          ]
        ],
        "rotation_mode": "QUATERNION"
      },
      "armature_space": {
        "head": {
          "x": 0.093570277094841,
          "y": 0.035460855811834335,
          "z": 0.652301549911499
        },
        "tail": {
          "x": 0.08531127125024796,
          "y": 0.09871141612529755,
          "z": 0.7936678528785706
        }
      },
      "world_space": {
        "head": {
          "x": 0.093570277094841,
          "y": 0.09870485961437225,
          "z": 1.6021555662155151
        },
        "tail": {
          "x": 0.08531127125024796,
          "y": 0.16195541620254517,
          "z": 1.7435219287872314
        },
        "rotation_quaternion": {
          "w": 0.8385275602340698,
          "x": 0.5439678430557251,
          "y": -0.028048232197761536,
          "z": 0.013558409176766872
        },
        "matrix": [
          [
            0.9980590343475342,
            -0.05325290188193321,
            -0.032287418842315674,
            0.093570277094841
          ],
          [
            -0.007776170969009399,
            0.4078308045864105,
            -0.9130244851112366,
            0.09870485961437225
          ],
          [
            0.06178947910666466,
            0.9115101099014282,
            0.40662702918052673,
            1.6021555662155151
          ],
          [
            0.0,
            0.0,
            0.0,
            1.0
          ]
        ]
      },
      "bone_length_armature_space": 0.15509118533002933,
      "parent": "neck_01",
      "has_children": false,
      "is_end_bone": true
    },
    "upperarm_l": {
      "name": "upperarm_l",
      "local": {
        "location": {
          "x": 0.0,
          "y": 0.0,
          "z": 0.0
        },
        "rotation_quaternion": {
          "w": 0.9834762811660767,
          "x": -0.08216806501150131,
          "y": 0.15233485400676727,
          "z": 0.053074244409799576
        },
        "scale": {
          "x": 1.0,
          "y": 1.0,
          "z": 1.0
        },
        "matrix_basis": [
          [
            0.9479544162750244,
            -0.12942864000797272,
            0.2909134030342102,
            0.0
          ],
          [
            0.07936040312051773,
            0.980863094329834,
            0.1777908056974411,
            0.0
          ],
          [
            -0.30835744738578796,
            -0.14545057713985443,
            0.9400849938392639,
            0.0
          ],
          [
            0.0,
            0.0,
            0.0,
            1.0
          ]
        ],
        "rotation_mode": "QUATERNION"
      },
      "armature_space": {
        "head": {
          "x": 0.1943570077419281,
          "y": 0.0050151050090789795,
          "z": 0.4781005084514618
        },
        "tail": {
          "x": 0.46220871806144714,
          "y": 0.012737992219626904,
          "z": 0.47624412178993225
        }
      },
      "world_space": {
        "head": {
          "x": 0.1943570077419281,
          "y": 0.0682591050863266,
          "z": 1.4279545545578003
        },
        "tail": {
          "x": 0.46220871806144714,
          "y": 0.0759819895029068,
          "z": 1.426098108291626
        },
        "rotation_quaternion": {
          "w": 0.4542301297187805,
          "x": 0.5362092852592468,
          "y": 0.5550549030303955,
          "z": -0.44504910707473755
        },
        "matrix": [
          [
            -0.012307863682508469,
            0.9995607137680054,
            0.026964806020259857,
            0.1943570077419281
          ],
          [
            0.19094152748584747,
            0.028820030391216278,
            -0.981178343296051,
            0.0682591050863266
          ],
          [
            -0.9815309643745422,
            -0.0069275833666324615,
            -0.19121456146240234,
            1.4279545545578003
          ],
          [
            0.0,
            0.0,
            0.0,
            1.0
          ]
        ]
      },
      "bone_length_armature_space": 0.26796945348386725,
      "parent": "spine_01",
      "has_children": true,
      "is_end_bone": false
    },
    "lowerarm_l": {
      "name": "lowerarm_l",
      "local": {
        "location": {
          "x": 0.0,
          "y": 0.0,
          "z": 0.0
        },
        "rotation_quaternion": {
          "w": 0.9306479692459106,
          "x": 0.3023828864097595,
          "y": 0.1059078499674797,
          "z": -0.17675550282001495
        },
        "scale": {
          "x": 1.0,
          "y": 1.0,
          "z": 1.0
        },
        "matrix_basis": [
          [
            0.9150820374488831,
            0.39304375648498535,
            0.09023017436265945,
            0.0
          ],
          [
            -0.264944851398468,
            0.7546441555023193,
            -0.6002636551856995,
            0.0
          ],
          [
            -0.30402153730392456,
            0.5253844261169434,
            0.7946962118148804,
            0.0
          ],
          [
            0.0,
            0.0,
            0.0,
            1.0
          ]
        ],
        "rotation_mode": "QUATERNION"
      },
      "armature_space": {
        "head": {
          "x": 0.4622088074684143,
          "y": 0.012737922370433807,
          "z": 0.4762442409992218
        },
        "tail": {
          "x": 0.6542469263076782,
          "y": -0.1416659653186798,
          "z": 0.3720792829990387
        }
      },
      "world_space": {
        "head": {
          "x": 0.4622088074684143,
          "y": 0.07598192244768143,
          "z": 1.4260982275009155
        },
        "tail": {
          "x": 0.6542469263076782,
          "y": -0.07842196524143219,
          "z": 1.3219332695007324
        },
        "rotation_quaternion": {
          "w": 0.13573351502418518,
          "x": 0.620810866355896,
          "y": 0.43931320309638977,
          "z": -0.6349599957466125
        },
        "matrix": [
          [
            -0.19234170019626617,
            0.7178337574005127,
            -0.6691184043884277,
            0.4622088074684143
          ],
          [
            0.3730895519256592,
            -0.5771579742431641,
            -0.7264248132705688,
            0.07598192244768143
          ],
          [
            -0.9076451063156128,
            -0.389366090297699,
            -0.15680643916130066,
            1.4260982275009155
          ],
          [
            0.0,
            0.0,
            0.0,
            1.0
          ]
        ]
      },
      "bone_length_armature_space": 0.26752483923286674,
      "parent": "upperarm_l",
      "has_children": true,
      "is_end_bone": false
    },
    "metacarpal_thumb_l": {
      "name": "metacarpal_thumb_l",
      "local": {
        "location": {
          "x": 0.0,
          "y": 0.0,
          "z": 0.0
        },
        "rotation_quaternion": {
          "w": 0.9999918937683105,
          "x": -0.003432563040405512,
          "y": 0.00024293133174069226,
          "z": 0.00210303021594882
        },
        "scale": {
          "x": 1.0,
          "y": 1.0,
          "z": 1.0
        },
        "matrix_basis": [
          [
            0.9999910593032837,
            -0.004207693971693516,
            0.0004714211681857705,
            0.0
          ],
          [
            0.0042043584398925304,
            0.9999675750732422,
            0.006866092327982187,
            0.0
          ],
          [
            -0.0005002963007427752,
            -0.006864048540592194,
            0.9999763369560242,
            0.0
          ],
          [
            0.0,
            0.0,
            0.0,
            1.0
          ]
        ],
        "rotation_mode": "QUATERNION"
      },
      "armature_space": {
        "head": {
          "x": 0.6542469263076782,
          "y": -0.1416659653186798,
          "z": 0.3720792829990387
        },
        "tail": {
          "x": 0.6609413027763367,
          "y": -0.18221008777618408,
          "z": 0.3444214463233948
        }
      },
      "world_space": {
        "head": {
          "x": 0.6542469263076782,
          "y": -0.07842196524143219,
          "z": 1.3219332695007324
        },
        "tail": {
          "x": 0.6609413027763367,
          "y": -0.11896608769893646,
          "z": 1.2942755222320557
        },
        "rotation_quaternion": {
          "w": 0.2815364599227905,
          "x": -0.9459720253944397,
          "y": -0.10714077949523926,
          "z": 0.11997932195663452
        },
        "matrix": [
          [
            0.9482516050338745,
            0.13514745235443115,
            -0.28732234239578247,
            0.6542469263076782
          ],
          [
            0.27026161551475525,
            -0.8185164332389832,
            0.5069411993026733,
            -0.07842196524143219
          ],
          [
            -0.166667178273201,
            -0.5583645105361938,
            -0.8126898407936096,
            1.3219332695007324
          ],
          [
            0.0,
            0.0,
            0.0,
            1.0
          ]
        ]
      },
      "bone_length_armature_space": 0.049533791701766985,
      "parent": "lowerarm_l",
      "has_children": true,
      "is_end_bone": false
    },
    "thumb_01_l": {
      "name": "thumb_01_l",
      "local": {
        "location": {
          "x": 0.0,
          "y": 0.0,
          "z": 0.0
        },
        "rotation_quaternion": {
          "w": 0.9999419450759888,
          "x": -0.0008883849950507283,
          "y": 0.010059254243969917,
          "z": 0.003775190794840455
        },
        "scale": {
          "x": 1.0,
          "y": 1.0,
          "z": 1.0
        },
        "matrix_basis": [
          [
            0.9997690916061401,
            -0.007567816413938999,
            0.020110633224248886,
            0.0
          ],
          [
            0.007532070390880108,
            0.9999698996543884,
            0.0018526180647313595,
            0.0
          ],
          [
            -0.020124047994613647,
            -0.0017007156275212765,
            0.9997960329055786,
            0.0
          ],
          [
            0.0,
            0.0,
            0.0,
            1.0
          ]
        ],
        "rotation_mode": "QUATERNION"
      },
      "armature_space": {
        "head": {
          "x": 0.6609413027763367,
          "y": -0.18221008777618408,
          "z": 0.3444214463233948
        },
        "tail": {
          "x": 0.6526927947998047,
          "y": -0.188693106174469,
          "z": 0.3120397925376892
        }
      },
      "world_space": {
        "head": {
          "x": 0.6609413027763367,
          "y": -0.11896608769893646,
          "z": 1.2942755222320557
        },
        "tail": {
          "x": 0.6526927947998047,
          "y": -0.12544910609722137,
          "z": 1.2618937492370605
        },
        "rotation_quaternion": {
          "w": 0.4457140266895294,
          "x": -0.6596713066101074,
          "y": 0.4539916515350342,
          "z": -0.40008053183555603
        },
        "matrix": [
          [
            0.267653226852417,
            -0.24232813715934753,
            0.9325443506240845,
            0.6609413027763367
          ],
          [
            -0.9556136727333069,
            -0.19046078622341156,
            0.22478199005126953,
            -0.11896608769893646
          ],
          [
            0.12314220517873764,
            -0.9513224959373474,
            -0.2825513780117035,
            1.2942755222320557
          ],
          [
            0.0,
            0.0,
            0.0,
            1.0
          ]
        ]
      },
      "bone_length_armature_space": 0.03403878615354013,
      "parent": "metacarpal_thumb_l",
      "has_children": true,
      "is_end_bone": false
    },
    "thumb_02_l": {
      "name": "thumb_02_l",
      "local": {
        "location": {
          "x": 0.0,
          "y": 0.0,
          "z": 0.0
        },
        "rotation_quaternion": {
          "w": 0.9983195066452026,
          "x": 0.05728806182742119,
          "y": 0.00869531650096178,
          "z": -0.0008607788477092981
        },
        "scale": {
          "x": 1.0,
          "y": 1.0,
          "z": 1.0
        },
        "matrix_basis": [
          [
            0.9998472929000854,
            0.002714940346777439,
            0.017262782901525497,
            0.0
          ],
          [
            -0.0007223889697343111,
            0.9934346675872803,
            -0.1143985465168953,
            0.0
          ],
          [
            -0.017460033297538757,
            0.11436861008405685,
            0.9932849407196045,
            0.0
          ],
          [
            0.0,
            0.0,
            0.0,
            1.0
          ]
        ],
        "rotation_mode": "QUATERNION"
      },
      "armature_space": {
        "head": {
          "x": 0.6526927351951599,
          "y": -0.1886930763721466,
          "z": 0.3120397925376892
        },
        "tail": {
          "x": 0.6801522970199585,
          "y": -0.21115580201148987,
          "z": 0.29320937395095825
        }
      },
      "world_space": {
        "head": {
          "x": 0.6526927351951599,
          "y": -0.125449076294899,
          "z": 1.2618937492370605
        },
        "tail": {
          "x": 0.6801522970199585,
          "y": -0.14791180193424225,
          "z": 1.2430634498596191
        },
        "rotation_quaternion": {
          "w": 0.4522898197174072,
          "x": -0.2861456573009491,
          "y": 0.1256941854953766,
          "z": -0.8353177309036255
        },
        "matrix": [
          [
            -0.42710819840431213,
            0.6836786866188049,
            0.5917450785636902,
            0.6526927351951599
          ],
          [
            -0.8275451064109802,
            -0.5592694282531738,
            0.04885454848408699,
            -0.125449076294899
          ],
          [
            0.3643476068973541,
            -0.46883323788642883,
            0.8046488165855408,
            1.2618937492370605
          ],
          [
            0.0,
            0.0,
            0.0,
            1.0
          ]
        ]
      },
      "bone_length_armature_space": 0.04016448937393099,
      "parent": "thumb_01_l",
      "has_children": true,
      "is_end_bone": false
    },
    "thumb_03_l": {
      "name": "thumb_03_l",
      "local": {
        "location": {
          "x": 0.0,
          "y": 0.0,
          "z": 0.0
        },
        "rotation_quaternion": {
          "w": 0.9981880187988281,
          "x": 0.059884749352931976,
          "y": 0.0033156147692352533,
          "z": 0.004857298452407122
        },
        "scale": {
          "x": 1.0,
          "y": 1.0,
          "z": 1.0
        },
        "matrix_basis": [
          [
            0.9999307990074158,
            -0.009299884550273418,
            0.007200969848781824,
            0.0
          ],
          [
            0.010094103403389454,
            0.9927804470062256,
            -0.11952026933431625,
            0.0
          ],
          [
            -0.006037457846105099,
            0.11958468705415726,
            0.9928056597709656,
            0.0
          ],
          [
            0.0,
            0.0,
            0.0,
            1.0
          ]
        ],
        "rotation_mode": "QUATERNION"
      },
      "armature_space": {
        "head": {
          "x": 0.680152177810669,
          "y": -0.21115581691265106,
          "z": 0.29320937395095825
        },
        "tail": {
          "x": 0.7076691389083862,
          "y": -0.2231254279613495,
          "z": 0.2880675792694092
        }
      },
      "world_space": {
        "head": {
          "x": 0.680152177810669,
          "y": -0.14791181683540344,
          "z": 1.2430634498596191
        },
        "tail": {
          "x": 0.7076691389083862,
          "y": -0.15988142788410187,
          "z": 1.2379215955734253
        },
        "rotation_quaternion": {
          "w": 0.5436437129974365,
          "x": -0.019143734127283096,
          "y": 0.088730089366436,
          "z": -0.834393322467804
        },
        "matrix": [
          [
            -0.4081699550151825,
            0.903827965259552,
            0.12842264771461487,
            0.680152177810669
          ],
          [
            -0.9106225967407227,
            -0.39315682649612427,
            -0.12725582718849182,
            -0.14791181683540344
          ],
          [
            -0.06452822685241699,
            -0.1688881516456604,
            0.9835276007652283,
            1.2430634498596191
          ],
          [
            0.0,
            0.0,
            0.0,
            1.0
          ]
        ]
      },
      "bone_length_armature_space": 0.03044491369198047,
      "parent": "thumb_02_l",
      "has_children": false,
      "is_end_bone": true
    },
    "metacarpal_index_l": {
      "name": "metacarpal_index_l",
      "local": {
        "location": {
          "x": 0.0,
          "y": 0.0,
          "z": 0.0
        },
        "rotation_quaternion": {
          "w": 0.9992057085037231,
          "x": -0.03553413227200508,
          "y": -0.01400294341146946,
          "z": -0.011374108493328094
        },
        "scale": {
          "x": 1.0,
          "y": 1.0,
          "z": 1.0
        },
        "matrix_basis": [
          [
            0.9993491172790527,
            0.023725314065814018,
            -0.027175303548574448,
            0.0
          ],
          [
            -0.02173498272895813,
            0.9972159266471863,
            0.07133036106824875,
            0.0
          ],
          [
            0.02879198081791401,
            -0.07069327682256699,
            0.9970824718475342,
            0.0
          ],
          [
            0.0,
            0.0,
            0.0,
            1.0
          ]
        ],
        "rotation_mode": "QUATERNION"
      },
      "armature_space": {
        "head": {
          "x": 0.6542469263076782,
          "y": -0.1416659653186798,
          "z": 0.3720792829990387
        },
        "tail": {
          "x": 0.7161989808082581,
          "y": -0.22793512046337128,
          "z": 0.3225935995578766
        }
      },
      "world_space": {
        "head": {
          "x": 0.6542469263076782,
          "y": -0.07842196524143219,
          "z": 1.3219332695007324
        },
        "tail": {
          "x": 0.7161989808082581,
          "y": -0.16469112038612366,
          "z": 1.2724475860595703
        },
        "rotation_quaternion": {
          "w": 0.11013174802064896,
          "x": -0.870070219039917,
          "y": -0.34603410959243774,
          "z": 0.33333057165145874
        },
        "matrix": [
          [
            0.538301408290863,
            0.528728723526001,
            -0.6562603116035461,
            0.6542469263076782
          ],
          [
            0.6755687594413757,
            -0.7362625002861023,
            -0.03904484584927559,
            -0.07842196524143219
          ],
          [
            -0.5038268566131592,
            -0.4223346710205078,
            -0.753528892993927,
            1.3219332695007324
          ],
          [
            0.0,
            0.0,
            0.0,
            1.0
          ]
        ]
      },
      "bone_length_armature_space": 0.11717191334224134,
      "parent": "lowerarm_l",
      "has_children": true,
      "is_end_bone": false
    },
    "index_01_l": {
      "name": "index_01_l",
      "local": {
        "location": {
          "x": 0.0,
          "y": 0.0,
          "z": 0.0
        },
        "rotation_quaternion": {
          "w": 0.9955881834030151,
          "x": -0.09227541834115982,
          "y": 0.01699923537671566,
          "z": 0.0007838929304853082
        },
        "scale": {
          "x": 1.0,
          "y": 1.0,
          "z": 1.0
        },
        "matrix_basis": [
          [
            0.9994208216667175,
            -0.004698092117905617,
            0.03370380774140358,
            0.0
          ],
          [
            -0.0015763540286570787,
            0.9829692840576172,
            0.1837632805109024,
            0.0
          ],
          [
            -0.03399314358830452,
            -0.183709979057312,
            0.9823925495147705,
            0.0
          ],
          [
            0.0,
            0.0,
            0.0,
            1.0
          ]
        ],
        "rotation_mode": "QUATERNION"
      },
      "armature_space": {
        "head": {
          "x": 0.7161989808082581,
          "y": -0.22793512046337128,
          "z": 0.3225935995578766
        },
        "tail": {
          "x": 0.7404817342758179,
          "y": -0.24010495841503143,
          "z": 0.3139152526855469
        }
      },
      "world_space": {
        "head": {
          "x": 0.7161989808082581,
          "y": -0.16469112038612366,
          "z": 1.2724475860595703
        },
        "tail": {
          "x": 0.7404817342758179,
          "y": -0.1768609583377838,
          "z": 1.263769268989563
        },
        "rotation_quaternion": {
          "w": 0.05008101835846901,
          "x": -0.8184648752212524,
          "y": -0.533004105091095,
          "z": 0.20859959721565247
        },
        "matrix": [
          [
            0.3447849154472351,
            0.8515970706939697,
            -0.39484918117523193,
            0.7161989808082581
          ],
          [
            0.8933840394020081,
            -0.42679670453071594,
            -0.14039185643196106,
            -0.16469112038612366
          ],
          [
            -0.28807881474494934,
            -0.30434948205947876,
            -0.907962441444397,
            1.2724475860595703
          ],
          [
            0.0,
            0.0,
            0.0,
            1.0
          ]
        ]
      },
      "bone_length_armature_space": 0.028514395745078233,
      "parent": "metacarpal_index_l",
      "has_children": true,
      "is_end_bone": false
    },
    "index_02_l": {
      "name": "index_02_l",
      "local": {
        "location": {
          "x": 0.0,
          "y": 0.0,
          "z": 0.0
        },
        "rotation_quaternion": {
          "w": 0.9996392726898193,
          "x": 0.02345561794936657,
          "y": -0.012850848026573658,
          "z": 0.0024881716817617416
        },
        "scale": {
          "x": 1.0,
          "y": 1.0,
          "z": 1.0
        },
        "matrix_basis": [
          [
            0.9996573328971863,
            -0.005577397532761097,
            -0.025575701147317886,
            0.0
          ],
          [
            0.004371698945760727,
            0.998887300491333,
            -0.04695826396346092,
            0.0
          ],
          [
            0.02580914832651615,
            0.04683036357164383,
            0.9985693693161011,
            0.0
          ],
          [
            0.0,
            0.0,
            0.0,
            1.0
          ]
        ],
        "rotation_mode": "QUATERNION"
      },
      "armature_space": {
        "head": {
          "x": 0.7404818534851074,
          "y": -0.24010537564754486,
          "z": 0.3139149248600006
        },
        "tail": {
          "x": 0.7624000906944275,
          "y": -0.2505783140659332,
          "z": 0.30566880106925964
        }
      },
      "world_space": {
        "head": {
          "x": 0.7404818534851074,
          "y": -0.17686137557029724,
          "z": 1.2637689113616943
        },
        "tail": {
          "x": 0.7624000906944275,
          "y": -0.1873343139886856,
          "z": 1.2555228471755981
        },
        "rotation_quaternion": {
          "w": 0.03238411620259285,
          "x": -0.8015766739845276,
          "y": -0.5429790616035461,
          "z": 0.24819335341453552
        },
        "matrix": [
          [
            0.2871466279029846,
            0.8544043302536011,
            -0.43305888772010803,
            0.7404818534851074
          ],
          [
            0.8865535855293274,
            -0.4082493484020233,
            -0.21761317551136017,
            -0.17686137557029724
          ],
          [
            -0.3627273738384247,
            -0.3214455842971802,
            -0.8747087717056274,
            1.2637689113616943
          ],
          [
            0.0,
            0.0,
            0.0,
            1.0
          ]
        ]
      },
      "bone_length_armature_space": 0.02565326746761055,
      "parent": "index_01_l",
      "has_children": true,
      "is_end_bone": false
    },
    "index_03_l": {
      "name": "index_03_l",
      "local": {
        "location": {
          "x": 0.0,
          "y": 0.0,
          "z": 0.0
        },
        "rotation_quaternion": {
          "w": 0.9987344741821289,
          "x": 0.05022154375910759,
          "y": 0.0017603067681193352,
          "z": -0.0020779974292963743
        },
        "scale": {
          "x": 1.0,
          "y": 1.0,
          "z": 1.0
        },
        "matrix_basis": [
          [
            0.9999851584434509,
            0.004327545873820782,
            0.0033074375241994858,
            0.0
          ],
          [
            -0.003973924554884434,
            0.9949469566345215,
            -0.10032328963279724,
            0.0
          ],
          [
            -0.003724878653883934,
            0.10030865669250488,
            0.9949494004249573,
            0.0
          ],
          [
            0.0,
            0.0,
            0.0,
            1.0
          ]
        ],
        "rotation_mode": "QUATERNION"
      },
      "armature_space": {
        "head": {
          "x": 0.7624001502990723,
          "y": -0.25057828426361084,
          "z": 0.3056689202785492
        },
        "tail": {
          "x": 0.7852787375450134,
          "y": -0.2607983648777008,
          "z": 0.2906404733657837
        }
      },
      "world_space": {
        "head": {
          "x": 0.7624001502990723,
          "y": -0.18733428418636322,
          "z": 1.2555229663848877
        },
        "tail": {
          "x": 0.7852787375450134,
          "y": -0.19755436480045319,
          "z": 1.2404944896697998
        },
        "rotation_quaternion": {
          "w": 0.1398717314004898,
          "x": -0.7762925028800964,
          "y": -0.5527623295783997,
          "z": 0.2688113749027252
        },
        "matrix": [
          [
            0.24438662827014923,
            0.7830131649971008,
            -0.5719838738441467,
            0.7624001502990723
          ],
          [
            0.9334089756011963,
            -0.3497786223888397,
            -0.08001759648323059,
            -0.18733428418636322
          ],
          [
            -0.2627235949039459,
            -0.5143435001373291,
            -0.8163583278656006,
            1.2555229663848877
          ],
          [
            0.0,
            0.0,
            0.0,
            1.0
          ]
        ]
      },
      "bone_length_armature_space": 0.02921872755601379,
      "parent": "index_02_l",
      "has_children": false,
      "is_end_bone": true
    },
    "metacarpal_pinky_l": {
      "name": "metacarpal_pinky_l",
      "local": {
        "location": {
          "x": 0.0,
          "y": 0.0,
          "z": 0.0
        },
        "rotation_quaternion": {
          "w": 0.9983514547348022,
          "x": -0.05673917010426521,
          "y": -0.006740613374859095,
          "z": -0.005454307422041893
        },
        "scale": {
          "x": 1.0,
          "y": 1.0,
          "z": 1.0
        },
        "matrix_basis": [
          [
            0.9998496174812317,
            0.011655544862151146,
            -0.012840056791901588,
            0.0
          ],
          [
            -0.010125718079507351,
            0.9935018420219421,
            0.1133647933602333,
            0.0
          ],
          [
            0.014077948406338692,
            -0.11321773380041122,
            0.9934704899787903,
            0.0
          ],
          [
            0.0,
            0.0,
            0.0,
            1.0
          ]
        ],
        "rotation_mode": "QUATERNION"
      },
      "armature_space": {
        "head": {
          "x": 0.6542469263076782,
          "y": -0.1416659653186798,
          "z": 0.3720792829990387
        },
        "tail": {
          "x": 0.744452178478241,
          "y": -0.1694163978099823,
          "z": 0.3280773162841797
        }
      },
      "world_space": {
        "head": {
          "x": 0.6542469263076782,
          "y": -0.07842196524143219,
          "z": 1.3219332695007324
        },
        "tail": {
          "x": 0.744452178478241,
          "y": -0.10617239773273468,
          "z": 1.2779313325881958
        },
        "rotation_quaternion": {
          "w": 0.5083025693893433,
          "x": 0.09597314894199371,
          "y": 0.32921096682548523,
          "z": -0.7899606823921204
        },
        "matrix": [
          [
            -0.4648342728614807,
            0.8662689328193665,
            0.183049738407135,
            0.6542469263076782
          ],
          [
            -0.7398890256881714,
            -0.2664960026741028,
            -0.617692768573761,
            -0.07842196524143219
          ],
          [
            -0.4863099157810211,
            -0.42256441712379456,
            0.7648240923881531,
            1.3219332695007324
          ],
          [
            0.0,
            0.0,
            0.0,
            1.0
          ]
        ]
      },
      "bone_length_armature_space": 0.10413091391812682,
      "parent": "lowerarm_l",
      "has_children": true,
      "is_end_bone": false
    },
    "pinky_01_l": {
      "name": "pinky_01_l",
      "local": {
        "location": {
          "x": 0.0,
          "y": 0.0,
          "z": 0.0
        },
        "rotation_quaternion": {
          "w": 0.9558725357055664,
          "x": 0.2935996353626251,
          "y": -0.005039419047534466,
          "z": -0.00904408935457468
        },
        "scale": {
          "x": 1.0,
          "y": 1.0,
          "z": 1.0
        },
        "matrix_basis": [
          [
            0.9997856020927429,
            0.0143308499827981,
            -0.014944767579436302,
            0.0
          ],
          [
            -0.0202491357922554,
            0.8274348974227905,
            -0.561196506023407,
            0.0
          ],
          [
            0.00432340195402503,
            0.5613788366317749,
            0.8275477290153503,
            0.0
          ],
          [
            0.0,
            0.0,
            0.0,
            1.0
          ]
        ],
        "rotation_mode": "QUATERNION"
      },
      "armature_space": {
        "head": {
          "x": 0.744452178478241,
          "y": -0.1694163978099823,
          "z": 0.3280773162841797
        },
        "tail": {
