{
  "metadata": {
    "armature_name": "KIM_caucasian_male",
    "export_time": "2026-01-13T21:02:29.012454",
    "blender_version": "4.4.1",
    "bone_count": 56,
    "end_bone_count": 13,
    "spaces_included": [
      "LOCAL_CHANNELS",
      "ARMATURE_SPACE",
      "WORLD_SPACE"
    ],
    "note": "LOCAL matches Transform panel; replay pose via local.matrix_basis for best fidelity."
  },
  "bones": {
    "Root": {
      "name": "Root",
      "local": {
        "location": {
          "x": 0.0,
          "y": 0.0,
          "z": 0.0
        },
        "rotation_quaternion": {
          "w": 0.9996817111968994,
          "x": 0.009390921331942081,
          "y": -0.010052324272692204,
          "z": -0.021148383617401123
        },
        "scale": {
          "x": 1.0,
          "y": 1.0,
          "z": 1.0
        },
        "matrix_basis": [
          [
            0.9989033937454224,
            0.042094502598047256,
            -0.020495455712080002,
            0.0
          ],
          [
            -0.04247210547327995,
            0.9989290833473206,
            -0.01835068315267563,
            0.0
          ],
          [
            0.019701043143868446,
            0.019201045855879784,
            0.9996215105056763,
            0.0
          ],
          [
            0.0,
            0.0,
            0.0,
            1.0
          ]
        ],
        "rotation_mode": "QUATERNION"
      },
      "armature_space": {
        "head": {
          "x": 0.0,
          "y": 0.07072800397872925,
          "z": -0.009595036506652832
        },
        "tail": {
          "x": 0.0030045316088944674,
          "y": -0.00010848790407180786,
          "z": -0.0013683373108506203
        }
      },
      "world_space": {
        "head": {
          "x": 0.0,
          "y": 0.13397200405597687,
          "z": 0.9402589797973633
        },
        "tail": {
          "x": 0.0030045316088944674,
          "y": 0.06313551217317581,
          "z": 0.9484856724739075
        },
        "rotation_quaternion": {
          "w": 0.0579766221344471,
          "x": 0.9980432987213135,
          "y": 0.02042313478887081,
          "z": -0.011454207822680473
        },
        "matrix": [
          [
            0.9989033937454224,
            0.042094502598047256,
            -0.020495455712080002,
            0.0
          ],
          [
            0.03943818807601929,
            -0.9924431443214417,
            -0.11619468778371811,
            0.13397200405597687
          ],
          [
            -0.025231869891285896,
            0.1152588352560997,
            -0.9930220246315002,
            0.9402589797973633
          ],
          [
            0.0,
            0.0,
            0.0,
            1.0
          ]
        ]
      },
      "bone_length_armature_space": 0.07137586726326278,
      "parent": null,
      "has_children": true,
      "is_end_bone": false
    },
    "spine_01": {
      "name": "spine_01",
      "local": {
        "location": {
          "x": 0.0,
          "y": 0.0,
          "z": 0.0
        },
        "rotation_quaternion": {
          "w": 0.9936584830284119,
          "x": 0.09869169443845749,
          "y": -0.037759799510240555,
          "z": -0.03843122348189354
        },
        "scale": {
          "x": 1.0,
          "y": 1.0,
          "z": 1.0
        },
        "matrix_basis": [
          [
            0.9941944479942322,
            0.06892186403274536,
            -0.08262637257575989,
            0.0
          ],
          [
            -0.08382818102836609,
            0.9775660037994385,
            -0.19322936236858368,
            0.0
          ],
          [
            0.06745500862598419,
            0.19903399050235748,
            0.977668285369873,
            0.0
          ],
          [
            0.0,
            0.0,
            0.0,
            1.0
          ]
        ],
        "rotation_mode": "QUATERNION"
      },
      "armature_space": {
        "head": {
          "x": 0.0030045316088944674,
          "y": -0.00010848790407180786,
          "z": -0.0013683373108506203
        },
        "tail": {
          "x": 0.05200527608394623,
          "y": -0.08222853392362595,
          "z": 0.4771748185157776
        }
      },
      "world_space": {
        "head": {
          "x": 0.0030045316088944674,
          "y": 0.06313551217317581,
          "z": 0.9484856724739075
        },
        "tail": {
          "x": 0.05200527608394623,
          "y": -0.018984533846378326,
          "z": 1.4270288944244385
        },
        "rotation_quaternion": {
          "w": 0.6444658041000366,
          "x": 0.7625998258590698,
          "y": 0.02290203981101513,
          "z": -0.050802458077669144
        },
        "matrix": [
          [
            0.9937892556190491,
            0.10041110962629318,
            -0.047964051365852356,
            0.0030045316088944674
          ],
          [
            -0.03055008128285408,
            -0.16827836632728577,
            -0.9852660298347473,
            0.06313551217317581
          ],
          [
            -0.10700374841690063,
            0.9806187748908997,
            -0.16416770219802856,
            0.9484856724739075
          ],
          [
            0.0,
            0.0,
            0.0,
            1.0
          ]
        ]
      },
      "bone_length_armature_space": 0.48800444529437453,
      "parent": "Root",
      "has_children": true,
      "is_end_bone": false
    },
    "neck_01": {
      "name": "neck_01",
      "local": {
        "location": {
          "x": 0.0,
          "y": 0.0,
          "z": 0.0
        },
        "rotation_quaternion": {
          "w": 0.9927668571472168,
          "x": 0.04590083658695221,
          "y": -0.05685259774327278,
          "z": 0.09526173025369644
        },
        "scale": {
          "x": 1.0,
          "y": 1.0,
          "z": 1.0
        },
        "matrix_basis": [
          [
            0.9753859639167786,
            -0.1943645477294922,
            -0.10413756221532822,
            0.0
          ],
          [
            0.18392620980739594,
            0.9776366353034973,
            -0.101969413459301,
            0.0
          ],
          [
            0.12162793427705765,
            0.08030590415000916,
            0.989321768283844,
            0.0
          ],
          [
            0.0,
            0.0,
            0.0,
            1.0
          ]
        ],
        "rotation_mode": "QUATERNION"
      },
      "armature_space": {
        "head": {
          "x": 0.057693809270858765,
          "y": -0.12871907651424408,
          "z": 0.543280839920044
        },
        "tail": {
          "x": 0.0446835532784462,
          "y": -0.18817541003227234,
          "z": 0.6257816553115845
        }
      },
      "world_space": {
        "head": {
          "x": 0.057693809270858765,
          "y": -0.06547507643699646,
          "z": 1.49313485622406
        },
        "tail": {
          "x": 0.0446835532784462,
          "y": -0.12493140995502472,
          "z": 1.5756356716156006
        },
        "rotation_quaternion": {
          "w": 0.4469965994358063,
          "x": 0.8868652582168579,
          "y": -0.10111045092344284,
          "z": -0.058658089488744736
        },
        "matrix": [
          [
            0.9726717472076416,
            -0.12690292298793793,
            -0.1944359838962555,
            0.057693809270858765
          ],
          [
            -0.2317829728126526,
            -0.5799411535263062,
            -0.7809898257255554,
            -0.06547507643699646
          ],
          [
            -0.013651877641677856,
            0.8047186136245728,
            -0.5935111045837402,
            1.49313485622406
          ],
          [
            0.0,
            0.0,
            0.0,
            1.0
          ]
        ]
      },
      "bone_length_armature_space": 0.10252173957217281,
      "parent": "spine_01",
      "has_children": true,
      "is_end_bone": false
    },
    "head": {
      "name": "head",
      "local": {
        "location": {
          "x": 0.0,
          "y": 0.0,
          "z": 0.0
        },
        "rotation_quaternion": {
          "w": 0.9884436726570129,
          "x": 0.036873433738946915,
          "y": 0.13199777901172638,
          "z": 0.0647784173488617
        },
        "scale": {
          "x": 1.0,
          "y": 1.0,
          "z": 1.0
        },
        "matrix_basis": [
          [
            0.9567607045173645,
            -0.11832521110773087,
            0.2657219469547272,
            0.0
          ],
          [
            0.13779406249523163,
            0.9888882040977478,
            -0.055793408304452896,
            0.0
          ],
          [
            -0.25616753101348877,
            0.089995838701725,
            0.9624338746070862,
            0.0
          ],
          [
            0.0,
            0.0,
            0.0,
            1.0
          ]
        ],
        "rotation_mode": "QUATERNION"
      },
      "armature_space": {
        "head": {
          "x": 0.04468353092670441,
          "y": -0.1881754994392395,
          "z": 0.6257814764976501
        },
        "tail": {
          "x": 0.01617511920630932,
          "y": -0.23655344545841217,
          "z": 0.7703501582145691
        }
      },
      "world_space": {
        "head": {
          "x": 0.04468353092670441,
          "y": -0.12493149936199188,
          "z": 1.5756354331970215
        },
        "tail": {
          "x": 0.01617511920630932,
          "y": -0.17330944538116455,
          "z": 1.7202041149139404
        },
        "rotation_quaternion": {
          "w": 0.5831287503242493,
          "x": 0.8068726062774658,
          "y": -0.06319524347782135,
          "z": 0.07017068564891815
        },
        "matrix": [
          [
            0.9821650385856628,
            -0.1838182508945465,
            0.03953470289707184,
            0.04468353092670441
          ],
          [
            -0.02014485001564026,
            -0.311934232711792,
            -0.9498902559280396,
            -0.12493149936199188
          ],
          [
            0.18694061040878296,
            0.9321585297584534,
            -0.31007686257362366,
            1.5756354331970215
          ],
          [
            0.0,
            0.0,
            0.0,
            1.0
          ]
        ]
      },
      "bone_length_armature_space": 0.155091132762813,
      "parent": "neck_01",
      "has_children": false,
      "is_end_bone": true
    },
    "upperarm_l": {
      "name": "upperarm_l",
      "local": {
        "location": {
          "x": 0.0,
          "y": 0.0,
          "z": 0.0
        },
        "rotation_quaternion": {
          "w": 0.9050517082214355,
          "x": -0.02161877602338791,
          "y": 0.4241657257080078,
          "z": -0.022303732112050056
        },
        "scale": {
          "x": 1.0,
          "y": 1.0,
          "z": 1.0
        },
        "matrix_basis": [
          [
            0.6391719579696655,
            0.022032173350453377,
            0.7687481641769409,
            0.0
          ],
          [
            -0.0587119497358799,
            0.9980703592300415,
            0.02021126262843609,
            0.0
          ],
          [
            -0.7668194770812988,
            -0.05805317685008049,
            0.6392321586608887,
            0.0
          ],
          [
            0.0,
            0.0,
            0.0,
            1.0
          ]
        ],
        "rotation_mode": "QUATERNION"
      },
      "armature_space": {
        "head": {
          "x": 0.1998608410358429,
          "y": -0.12513411045074463,
          "z": 0.46080154180526733
        },
        "tail": {
          "x": 0.46476513147354126,
          "y": -0.1055927723646164,
          "z": 0.42542505264282227
        }
      },
      "world_space": {
        "head": {
          "x": 0.1998608410358429,
          "y": -0.06189011037349701,
          "z": 1.4106554985046387
        },
        "tail": {
          "x": 0.46476513147354126,
          "y": -0.042348772287368774,
          "z": 1.3752790689468384
        },
        "rotation_quaternion": {
          "w": 0.1341072916984558,
          "x": 0.646935760974884,
          "y": 0.7200541496276855,
          "z": -0.2121589630842209
        },
        "matrix": [
          [
            -0.12697802484035492,
            0.9885615706443787,
            -0.08137968182563782,
            0.1998608410358429
          ],
          [
            0.8747537136077881,
            0.07292374223470688,
            -0.4790493845939636,
            -0.06189011037349701
          ],
          [
            -0.46763768792152405,
            -0.13201682269573212,
            -0.8740140795707703,
            1.4106554985046387
          ],
          [
            0.0,
            0.0,
            0.0,
            1.0
          ]
        ]
      },
      "bone_length_armature_space": 0.26796948368134377,
      "parent": "spine_01",
      "has_children": true,
      "is_end_bone": false
    },
    "lowerarm_l": {
      "name": "lowerarm_l",
      "local": {
        "location": {
          "x": 0.0,
          "y": 0.0,
          "z": 0.0
        },
        "rotation_quaternion": {
          "w": 0.981025755405426,
          "x": 0.1825195848941803,
          "y": 0.06422389298677444,
          "z": 0.012263970449566841
        },
        "scale": {
          "x": 1.0,
          "y": 1.0,
          "z": 1.0
        },
        "matrix_basis": [
          [
            0.991449773311615,
            -0.000618305173702538,
            0.13048741221427917,
            0.0
          ],
          [
            0.04750677943229675,
            0.9330723881721497,
            -0.3565375506877899,
            0.0
          ],
          [
            -0.12153375893831253,
            0.3596881031990051,
            0.9251238107681274,
            0.0
          ],
          [
            0.0,
            0.0,
            0.0,
            1.0
          ]
        ],
        "rotation_mode": "QUATERNION"
      },
      "armature_space": {
        "head": {
          "x": 0.4647652506828308,
          "y": -0.10559290647506714,
          "z": 0.42542508244514465
        },
        "tail": {
          "x": 0.6913083791732788,
          "y": -0.17466840147972107,
          "z": 0.30102109909057617
        }
      },
      "world_space": {
        "head": {
          "x": 0.4647652506828308,
          "y": -0.04234890639781952,
          "z": 1.3752790689468384
        },
        "tail": {
          "x": 0.6913083791732788,
          "y": -0.11142440140247345,
          "z": 1.2508751153945923
        },
        "rotation_quaternion": {
          "w": 0.011091848835349083,
          "x": -0.7020697593688965,
          "y": -0.6089127063751221,
          "z": 0.3690533936023712
        },
        "matrix": [
          [
            -0.013952450826764107,
            0.8468127846717834,
            -0.5317078828811646,
            0.4647652506828308
          ],
          [
            0.8631845712661743,
            -0.2582024931907654,
            -0.43387115001678467,
            -0.04234890639781952
          ],
          [
            -0.504698634147644,
            -0.4650190770626068,
            -0.7273586988449097,
            1.3752790689468384
          ],
          [
            0.0,
            0.0,
            0.0,
            1.0
          ]
        ]
      },
      "bone_length_armature_space": 0.26752488535951086,
      "parent": "upperarm_l",
      "has_children": true,
      "is_end_bone": false
    },
    "metacarpal_thumb_l": {
      "name": "metacarpal_thumb_l",
      "local": {
        "location": {
          "x": 0.0,
          "y": 0.0,
          "z": 0.0
        },
        "rotation_quaternion": {
          "w": 0.9998396635055542,
          "x": -0.01617155224084854,
          "y": -0.0027935663238167763,
          "z": -0.007173595018684864
        },
        "scale": {
          "x": 1.0,
          "y": 1.0,
          "z": 1.0
        },
        "matrix_basis": [
          [
            0.9998814463615417,
            0.014435241930186749,
            -0.005354220513254404,
            0.0
          ],
          [
            -0.014254537411034107,
            0.9993740320205688,
            0.032377999275922775,
            0.0
          ],
          [
            0.005818253383040428,
            -0.03229783847928047,
            0.9994613528251648,
            0.0
          ],
          [
            0.0,
            0.0,
            0.0,
            1.0
          ]
        ],
        "rotation_mode": "QUATERNION"
      },
      "armature_space": {
        "head": {
          "x": 0.6913083791732788,
          "y": -0.17466840147972107,
          "z": 0.30102109909057617
        },
        "tail": {
          "x": 0.7096335291862488,
          "y": -0.1908566951751709,
          "z": 0.2579428255558014
        }
      },
      "world_space": {
        "head": {
          "x": 0.6913083791732788,
          "y": -0.11142440140247345,
          "z": 1.2508751153945923
        },
        "tail": {
          "x": 0.7096335291862488,
          "y": -0.12761269509792328,
          "z": 1.2077968120574951
        },
        "rotation_quaternion": {
          "w": 0.5459647178649902,
          "x": -0.8131693005561829,
          "y": -0.1962542086839676,
          "z": -0.04650264233350754
        },
        "matrix": [
          [
            0.9186431169509888,
            0.36995357275009155,
            -0.13866838812828064,
            0.6913083791732788
          ],
          [
            0.26840007305145264,
            -0.32681387662887573,
            0.9061756134033203,
            -0.11142440140247345
          ],
          [
            0.2899264991283417,
            -0.8696768283843994,
            -0.39952290058135986,
            1.2508751153945923
          ],
          [
            0.0,
            0.0,
            0.0,
            1.0
          ]
        ]
      },
      "bone_length_armature_space": 0.04953392375459298,
      "parent": "lowerarm_l",
      "has_children": true,
      "is_end_bone": false
    },
    "thumb_01_l": {
      "name": "thumb_01_l",
      "local": {
        "location": {
          "x": 0.0,
          "y": 0.0,
          "z": 0.0
        },
        "rotation_quaternion": {
          "w": 0.9976409673690796,
          "x": -0.06499747186899185,
          "y": 0.01925641857087612,
          "z": 0.010821819305419922
        },
        "scale": {
          "x": 1.0,
          "y": 1.0,
          "z": 1.0
        },
        "matrix_basis": [
          [
            0.9990241527557373,
            -0.024095818400382996,
            0.03701520338654518,
            0.0
          ],
          [
            0.019089343026280403,
            0.9913164377212524,
            0.13010506331920624,
            0.0
          ],
          [
            -0.039828766137361526,
            -0.1292715072631836,
            0.9908090233802795,
            0.0
          ],
          [
            0.0,
            0.0,
            0.0,
            1.0
          ]
        ],
        "rotation_mode": "QUATERNION"
      },
      "armature_space": {
        "head": {
          "x": 0.7096335291862488,
          "y": -0.1908566951751709,
          "z": 0.2579428255558014
        },
        "tail": {
          "x": 0.7062588334083557,
          "y": -0.17727121710777283,
          "z": 0.22691568732261658
        }
      },
      "world_space": {
        "head": {
          "x": 0.7096335291862488,
          "y": -0.12761269509792328,
          "z": 1.2077968120574951
        },
        "tail": {
          "x": 0.7062588334083557,
          "y": -0.11402721703052521,
          "z": 1.176769733428955
        },
        "rotation_quaternion": {
          "w": 0.665831446647644,
          "x": -0.46965745091438293,
          "y": 0.5061900615692139,
          "z": -0.28259870409965515
        },
        "matrix": [
          [
            0.3278207778930664,
            -0.09914356470108032,
            0.9395232796669006,
            0.7096335291862488
          ],
          [
            -0.8517976999282837,
            0.39912012219429016,
            0.33932870626449585,
            -0.12761269509792328
          ],
          [
            -0.40862831473350525,
            -0.9115287065505981,
            0.046390265226364136,
            1.2077968120574951
          ],
          [
            0.0,
            0.0,
            0.0,
            1.0
          ]
        ]
      },
      "bone_length_armature_space": 0.03403875845890855,
      "parent": "metacarpal_thumb_l",
      "has_children": true,
      "is_end_bone": false
    },
    "thumb_02_l": {
      "name": "thumb_02_l",
      "local": {
        "location": {
          "x": 0.0,
          "y": 0.0,
          "z": 0.0
        },
        "rotation_quaternion": {
          "w": 0.996482253074646,
          "x": 0.08310282230377197,
          "y": -0.010448236018419266,
          "z": 0.0028259307146072388
        },
        "scale": {
          "x": 1.0,
          "y": 1.0,
          "z": 1.0
        },
        "matrix_basis": [
          [
            0.9997656941413879,
            -0.00736853526905179,
            -0.020353278145194054,
            0.0
          ],
          [
            0.0038954238407313824,
            0.9861718416213989,
            -0.16568002104759216,
            0.0
          ],
          [
            0.02129264920949936,
            0.16556192934513092,
            0.9859694838523865,
            0.0
          ],
          [
            0.0,
            0.0,
            0.0,
            1.0
          ]
        ],
        "rotation_mode": "QUATERNION"
      },
      "armature_space": {
        "head": {
          "x": 0.7062587738037109,
          "y": -0.17727120220661163,
          "z": 0.22691571712493896
        },
        "tail": {
          "x": 0.7388340830802917,
          "y": -0.18535318970680237,
          "z": 0.2048540711402893
        }
      },
      "world_space": {
        "head": {
          "x": 0.7062587738037109,
          "y": -0.11402720212936401,
          "z": 1.176769733428955
        },
        "tail": {
          "x": 0.7388340830802917,
          "y": -0.12210918962955475,
          "z": 1.1547081470489502
        },
        "rotation_quaternion": {
          "w": 0.5541398525238037,
          "x": -0.07254868000745773,
          "y": 0.30383750796318054,
          "z": -0.7715883255004883
        },
        "matrix": [
          [
            -0.3753296732902527,
            0.811049222946167,
            0.44869428873062134,
            0.7062587738037109
          ],
          [
            -0.8992230296134949,
            -0.20122259855270386,
            -0.38846826553344727,
            -0.11402720212936401
          ],
          [
            -0.2247818410396576,
            -0.5492836236953735,
            0.8048442006111145,
            1.176769733428955
          ],
          [
            0.0,
            0.0,
            0.0,
            1.0
          ]
        ]
      },
      "bone_length_armature_space": 0.04016448113142348,
      "parent": "thumb_01_l",
      "has_children": true,
      "is_end_bone": false
    },
    "thumb_03_l": {
      "name": "thumb_03_l",
      "local": {
        "location": {
          "x": 0.0,
          "y": 0.0,
          "z": 0.0
        },
        "rotation_quaternion": {
          "w": 0.9980854392051697,
          "x": 0.061539426445961,
          "y": 0.001700064167380333,
          "z": 0.005958301015198231
        },
        "scale": {
          "x": 1.0,
          "y": 1.0,
          "z": 1.0
        },
        "matrix_basis": [
          [
            0.9999232292175293,
            -0.011684545315802097,
            0.004126959480345249,
            0.0
          ],
          [
            0.01210302859544754,
            0.9923548102378845,
            -0.12282295525074005,
            0.0
          ],
          [
            -0.0026602777652442455,
            0.12286347150802612,
            0.9924200177192688,
            0.0
          ],
          [
            0.0,
            0.0,
            0.0,
            1.0
          ]
        ],
        "rotation_mode": "QUATERNION"
      },
      "armature_space": {
        "head": {
          "x": 0.738834023475647,
          "y": -0.18535320460796356,
          "z": 0.20485404133796692
        },
        "tail": {
          "x": 0.7680794596672058,
          "y": -0.19212651252746582,
          "z": 0.19978269934654236
        }
      },
      "world_space": {
        "head": {
          "x": 0.738834023475647,
          "y": -0.12210920453071594,
          "z": 1.1547080278396606
        },
        "tail": {
          "x": 0.7680794596672058,
          "y": -0.1288825124502182,
          "z": 1.1496367454528809
        },
        "rotation_quaternion": {
          "w": 0.5633826851844788,
          "x": 0.20933827757835388,
          "y": 0.26713302731513977,
          "z": -0.753271222114563
        },
        "matrix": [
          [
            -0.2775542140007019,
            0.9606022834777832,
            -0.014378279447555542,
            0.738834023475647
          ],
          [
            -0.7369186282157898,
            -0.22247783839702606,
            -0.6383218169212341,
            -0.12210920453071594
          ],
          [
            -0.6163771748542786,
            -0.1665744185447693,
            0.7696400880813599,
            1.1547080278396606
          ],
          [
            0.0,
            0.0,
            0.0,
            1.0
          ]
        ]
      },
      "bone_length_armature_space": 0.030444896454993143,
      "parent": "thumb_02_l",
      "has_children": false,
      "is_end_bone": true
    },
    "metacarpal_index_l": {
      "name": "metacarpal_index_l",
      "local": {
        "location": {
          "x": 0.0,
          "y": 0.0,
          "z": 0.0
        },
        "rotation_quaternion": {
          "w": 0.9986345767974854,
          "x": -0.05077581852674484,
          "y": -0.010372654534876347,
          "z": -0.006583893671631813
        },
        "scale": {
          "x": 1.0,
          "y": 1.0,
          "z": 1.0
        },
        "matrix_basis": [
          [
            0.9996981024742126,
            0.014203167520463467,
            -0.02004837803542614,
            0.0
          ],
          [
            -0.012096447870135307,
            0.9947569370269775,
            0.10154955834150314,
            0.0
          ],
          [
            0.021385587751865387,
            -0.10127639025449753,
            0.9946284294128418,
            0.0
          ],
          [
            0.0,
            0.0,
            0.0,
            1.0
          ]
        ],
        "rotation_mode": "QUATERNION"
      },
      "armature_space": {
        "head": {
          "x": 0.6913083791732788,
          "y": -0.17466840147972107,
          "z": 0.30102109909057617
        },
        "tail": {
          "x": 0.7729204893112183,
          "y": -0.21849419176578522,
          "z": 0.22927114367485046
        }
      },
      "world_space": {
        "head": {
          "x": 0.6913083791732788,
          "y": -0.11142440140247345,
          "z": 1.2508751153945923
        },
        "tail": {
          "x": 0.7729204893112183,
          "y": -0.1552501916885376,
          "z": 1.179125189781189
        },
        "rotation_quaternion": {
          "w": 0.327060729265213,
          "x": -0.8249856233596802,
          "y": -0.4538896083831787,
          "z": 0.08008890599012375
        },
        "matrix": [
          [
            0.5751384496688843,
            0.6965169310569763,
            -0.42904505133628845,
            0.6913083791732788
          ],
          [
            0.8012942671775818,
            -0.3740304410457611,
            0.466935932636261,
            -0.11142440140247345
          ],
          [
            0.16475477814674377,
            -0.612348735332489,
            -0.7732393145561218,
            1.2508751153945923
          ],
          [
            0.0,
            0.0,
            0.0,
            1.0
          ]
        ]
      },
      "bone_length_armature_space": 0.1171720623735806,
      "parent": "lowerarm_l",
      "has_children": true,
      "is_end_bone": false
    },
    "index_01_l": {
      "name": "index_01_l",
      "local": {
        "location": {
          "x": 0.0,
          "y": 0.0,
          "z": 0.0
        },
        "rotation_quaternion": {
          "w": 0.9941263198852539,
          "x": -0.10681769251823425,
          "y": -0.017373019829392433,
          "z": 0.0010102065280079842
        },
        "scale": {
          "x": 1.0,
          "y": 1.0,
          "z": 1.0
        },
        "matrix_basis": [
          [
            0.9993942975997925,
            0.0017029460286721587,
            -0.034757766872644424,
            0.0
          ],
          [
            0.005720037501305342,
            0.9771779179573059,
            0.2123454511165619,
            0.0
          ],
          [
            0.034326136112213135,
            -0.2124156653881073,
            0.9765763282775879,
            0.0
          ],
          [
            0.0,
            0.0,
            0.0,
            1.0
          ]
        ],
        "rotation_mode": "QUATERNION"
      },
      "armature_space": {
        "head": {
          "x": 0.7729204893112183,
          "y": -0.21849419176578522,
          "z": 0.22927114367485046
        },
        "tail": {
          "x": 0.7999469041824341,
          "y": -0.2249910831451416,
          "z": 0.2229125052690506
        }
      },
      "world_space": {
        "head": {
          "x": 0.7729204893112183,
          "y": -0.1552501916885376,
          "z": 1.179125189781189
        },
        "tail": {
          "x": 0.7999469041824341,
          "y": -0.16174708306789398,
          "z": 1.1727665662765503
        },
        "rotation_quaternion": {
          "w": 0.19729365408420563,
          "x": -0.780215859413147,
          "y": -0.589195728302002,
          "z": -0.07202056050300598
        },
        "matrix": [
          [
            0.29532232880592346,
            0.9478178024291992,
            -0.12010805308818817,
            0.7729204893112183
          ],
          [
            0.8909821510314941,
            -0.22784629464149475,
            0.3927305042743683,
            -0.1552501916885376
          ],
          [
            0.3448740541934967,
            -0.22299793362617493,
            -0.9117828011512756,
            1.179125189781189
          ],
          [
            0.0,
            0.0,
            0.0,
            1.0
          ]
        ]
      },
      "bone_length_armature_space": 0.028514364423205044,
      "parent": "metacarpal_index_l",
      "has_children": true,
      "is_end_bone": false
    },
    "index_02_l": {
      "name": "index_02_l",
      "local": {
        "location": {
          "x": 0.0,
          "y": 0.0,
          "z": 0.0
        },
        "rotation_quaternion": {
          "w": 0.999769389629364,
          "x": 0.017319461330771446,
          "y": 0.009947877377271652,
          "z": 0.007899870164692402
        },
        "scale": {
          "x": 1.0,
          "y": 1.0,
          "z": 1.0
        },
        "matrix_basis": [
          [
            0.9996772408485413,
            -0.015451513230800629,
            0.020164810121059418,
            0.0
          ],
          [
            0.016140680760145187,
            0.999275267124176,
            -0.034473761916160583,
            0.0
          ],
          [
            -0.01961752399802208,
            0.0347881093621254,
            0.9992021322250366,
            0.0
          ],
          [
            0.0,
            0.0,
            0.0,
            1.0
          ]
        ],
        "rotation_mode": "QUATERNION"
      },
      "armature_space": {
        "head": {
          "x": 0.7999471426010132,
          "y": -0.22499126195907593,
          "z": 0.2229120433330536
        },
        "tail": {
          "x": 0.8243638277053833,
          "y": -0.23053798079490662,
          "z": 0.21733073890209198
        }
      },
      "world_space": {
        "head": {
          "x": 0.7999471426010132,
          "y": -0.1617472618818283,
          "z": 1.172766089439392
        },
        "tail": {
          "x": 0.8243638277053833,
          "y": -0.167293980717659,
          "z": 1.1671847105026245
        },
        "rotation_quaternion": {
          "w": 0.18280841410160065,
          "x": -0.777815043926239,
          "y": -0.5987247228622437,
          "z": -0.05580059438943863
        },
        "matrix": [
          [
            0.2768296003341675,
            0.9517954587936401,
            -0.13210070133209229,
            0.7999471426010132
          ],
          [
            0.910993218421936,
            -0.21621890366077423,
            0.3511994183063507,
            -0.1617472618818283
          ],
          [
            0.3057103455066681,
            -0.21756690740585327,
            -0.9269410967826843,
            1.172766089439392
          ],
          [
            0.0,
            0.0,
            0.0,
            1.0
          ]
        ]
      },
      "bone_length_armature_space": 0.02565329512122177,
      "parent": "index_01_l",
      "has_children": true,
      "is_end_bone": false
    },
    "index_03_l": {
      "name": "index_03_l",
      "local": {
        "location": {
          "x": 0.0,
          "y": 0.0,
          "z": 0.0
        },
        "rotation_quaternion": {
          "w": 0.9996771812438965,
          "x": 0.023034656420350075,
          "y": -0.01053734589368105,
          "z": 0.002016307320445776
        },
        "scale": {
          "x": 1.0,
          "y": 1.0,
          "z": 1.0
        },
        "matrix_basis": [
          [
            0.9997698068618774,
            -0.0045167612843215466,
            -0.02097499929368496,
            0.0
          ],
          [
            0.00354586448520422,
            0.9989306926727295,
            -0.046096932142972946,
            0.0
          ],
          [
            0.021160777658224106,
            0.046011947095394135,
            0.9987167119979858,
            0.0
          ],
          [
            0.0,
            0.0,
            0.0,
            1.0
          ]
        ],
        "rotation_mode": "QUATERNION"
      },
      "armature_space": {
        "head": {
          "x": 0.8243637681007385,
          "y": -0.23053805530071259,
          "z": 0.21733087301254272
        },
        "tail": {
          "x": 0.8520157933235168,
          "y": -0.23302286863327026,
          "z": 0.20822454988956451
        }
      },
      "world_space": {
        "head": {
          "x": 0.8243637681007385,
          "y": -0.16729405522346497,
          "z": 1.167184829711914
        },
        "tail": {
          "x": 0.8520157933235168,
          "y": -0.16977886855602264,
          "z": 1.1580785512924194
        },
        "rotation_quaternion": {
          "w": 0.24724110960960388,
          "x": -0.7354026436805725,
          "y": -0.6295635104179382,
          "z": -0.041287727653980255
        },
        "matrix": [
          [
            0.20388910174369812,
            0.9463808536529541,
            -0.25058409571647644,
            0.8243637681007385
          ],
          [
            0.9055504202842712,
            -0.08504189550876617,
            0.41562798619270325,
            -0.16729405522346497
          ],
          [
            0.3720357418060303,
            -0.3116607666015625,
            -0.8743402361869812,
            1.167184829711914
          ],
          [
            0.0,
            0.0,
            0.0,
            1.0
          ]
        ]
      },
      "bone_length_armature_space": 0.029218725805113505,
      "parent": "index_02_l",
      "has_children": false,
      "is_end_bone": true
    },
    "metacarpal_pinky_l": {
      "name": "metacarpal_pinky_l",
      "local": {
        "location": {
          "x": 0.0,
          "y": 0.0,
          "z": 0.0
        },
        "rotation_quaternion": {
          "w": 0.9996241331100464,
          "x": 0.02399720437824726,
          "y": 0.001095578190870583,
          "z": -0.013219039887189865
        },
        "scale": {
          "x": 1.0,
          "y": 1.0,
          "z": 1.0
        },
        "matrix_basis": [
          [
            0.9996480941772461,
            0.026480725035071373,
            0.0015558927552774549,
            0.0
          ],
          [
            -0.026375560089945793,
            0.998498797416687,
            -0.04800533503293991,
            0.0
          ],
          [
            -0.002824772847816348,
            0.04794740304350853,
            0.9988458752632141,
            0.0
          ],
          [
            0.0,
            0.0,
            0.0,
            1.0
          ]
        ],
        "rotation_mode": "QUATERNION"
      },
      "armature_space": {
        "head": {
          "x": 0.6913083791732788,
          "y": -0.17466840147972107,
          "z": 0.30102109909057617
        },
        "tail": {
          "x": 0.7910579442977905,
          "y": -0.19154885411262512,
          "z": 0.27635735273361206
        }
      },
      "world_space": {
        "head": {
          "x": 0.6913083791732788,
          "y": -0.11142440140247345,
          "z": 1.2508751153945923
        },
        "tail": {
          "x": 0.7910579442977905,
          "y": -0.1283048540353775,
          "z": 1.2262113094329834
        },
        "rotation_quaternion": {
          "w": 0.4575250744819641,
          "x": 0.3940960466861725,
          "y": 0.4578391909599304,
          "z": -0.6524894833564758
        },
        "matrix": [
          [
            -0.2707176208496094,
            0.9579258561134338,
            -0.09534083306789398,
            0.6913083791732788
          ],
          [
            -0.2361973077058792,
            -0.1621081829071045,
            -0.958087682723999,
            -0.11142440140247345
          ],
          [
            -0.9332393407821655,
            -0.23685374855995178,
            0.2701459228992462,
            1.2508751153945923
          ],
          [
            0.0,
            0.0,
            0.0,
            1.0
          ]
        ]
      },
      "bone_length_armature_space": 0.10413081050577584,
      "parent": "lowerarm_l",
      "has_children": true,
      "is_end_bone": false
    },
    "pinky_01_l": {
      "name": "pinky_01_l",
      "local": {
        "location": {
          "x": 0.0,
          "y": 0.0,
          "z": 0.0
        },
        "rotation_quaternion": {
          "w": 0.9933857917785645,
          "x": -0.11404133588075638,
          "y": -0.006486280355602503,
          "z": -0.011713341809809208
        },
        "scale": {
          "x": 1.0,
          "y": 1.0,
          "z": 1.0
        },
        "matrix_basis": [
          [
            0.999641478061676,
            0.024751143530011177,
            -0.010215147398412228,
            0.0
          ],
          [
            -0.021792326122522354,
            0.9737147688865662,
            0.22672604024410248,
            0.0
          ],
          [
            0.015558367595076561,
            -0.22642213106155396,
            0.9739050269126892,
            0.0
          ],
          [
            0.0,
            0.0,
            0.0,
            1.0
          ]
        ],
        "rotation_mode": "QUATERNION"
      },
      "armature_space": {
        "head": {
          "x": 0.7910579442977905,
          "y": -0.19154885411262512,
          "z": 0.27635735273361206
