{
  "metadata": {
    "armature_name": "KIM_caucasian_male",
    "export_time": "2026-01-13T21:05:33.998765",
    "blender_version": "4.4.1",
    "bone_count": 56,
    "end_bone_count": 13,
    "spaces_included": [
      "LOCAL_CHANNELS",
      "ARMATURE_SPACE",
      "WORLD_SPACE"
    ],
    "note": "LOCAL matches Transform panel; replay pose via local.matrix_basis for best fidelity."
  },
  "bones": {
    "Root": {
      "name": "Root",
      "local": {
        "location": {
          "x": 0.0,
          "y": 0.0,
          "z": 0.0
        },
        "rotation_quaternion": {
          "w": 0.999695897102356,
          "x": 0.004262660164386034,
          "y": 0.010551081039011478,
          "z": 0.02187674678862095
        },
        "scale": {
          "x": 1.0,
          "y": 1.0,
          "z": 1.0
        },
        "matrix_basis": [
          [
            0.9988201856613159,
            -0.04365023598074913,
            0.021282251924276352,
            0.0
          ],
          [
            0.04383013769984245,
            0.999006450176239,
            -0.008061081171035767,
            0.0
          ],
          [
            -0.02090923860669136,
            0.008984374813735485,
            0.9997410178184509,
            0.0
          ],
          [
            0.0,
            0.0,
            0.0,
            1.0
          ]
        ],
        "rotation_mode": "QUATERNION"
      },
      "armature_space": {
        "head": {
          "x": 0.0,
          "y": 0.07072800397872925,
          "z": -0.009595036506652832
        },
        "tail": {
          "x": -0.0031155734322965145,
          "y": -1.5929341316223145e-05,
          "z": -0.0006449846550822258
        }
      },
      "world_space": {
        "head": {
          "x": 0.0,
          "y": 0.13397200405597687,
          "z": 0.9402589797973633
        },
        "tail": {
          "x": -0.0031155734322965145,
          "y": 0.0632280707359314,
          "z": 0.9492090344429016
        },
        "rotation_quaternion": {
          "w": 0.06309419125318527,
          "x": 0.9977120161056519,
          "y": -0.021116241812705994,
          "z": 0.012000900693237782
        },
        "matrix": [
          [
            0.9988201856613159,
            -0.04365023598074913,
            0.021282251924276352,
            0.0
          ],
          [
            -0.040621478110551834,
            -0.9911463856697083,
            -0.1264069676399231,
            0.13397200405597687
          ],
          [
            0.02661166712641716,
            0.12539324164390564,
            -0.9917572140693665,
            0.9402589797973633
          ],
          [
            0.0,
            0.0,
            0.0,
            1.0
          ]
        ]
      },
      "bone_length_armature_space": 0.07137586582337972,
      "parent": null,
      "has_children": true,
      "is_end_bone": false
    },
    "spine_01": {
      "name": "spine_01",
      "local": {
        "location": {
          "x": 0.0,
          "y": 0.0,
          "z": 0.0
        },
        "rotation_quaternion": {
          "w": 0.9950000047683716,
          "x": 0.07338912039995193,
          "y": -0.0034661435056477785,
          "z": 0.06765376031398773
        },
        "scale": {
          "x": 1.0,
          "y": 1.0,
          "z": 1.0
        },
        "matrix_basis": [
          [
            0.990821897983551,
            -0.13513973355293274,
            0.003032474312931299,
            0.0
          ],
          [
            0.13412222266197205,
            0.9800739884376526,
            -0.14651334285736084,
            0.0
          ],
          [
            0.016827724874019623,
            0.1455753594636917,
            0.9892040491104126,
            0.0
          ],
          [
            0.0,
            0.0,
            0.0,
            1.0
          ]
        ],
        "rotation_mode": "QUATERNION"
      },
      "armature_space": {
        "head": {
          "x": -0.0031155734322965145,
          "y": -1.5929341316223145e-05,
          "z": -0.0006449846550822258
        },
        "tail": {
          "x": -0.08391792327165604,
          "y": -0.04974381998181343,
          "z": 0.4780474901199341
        }
      },
      "world_space": {
        "head": {
          "x": -0.0031155734322965145,
          "y": 0.0632280707359314,
          "z": 0.9492090344429016
        },
        "tail": {
          "x": -0.08391792327165604,
          "y": 0.013500180095434189,
          "z": 1.4279015064239502
        },
        "rotation_quaternion": {
          "w": 0.666084349155426,
          "x": 0.7410323619842529,
          "y": -0.07335469871759415,
          "z": 0.04268355295062065
        },
        "matrix": [
          [
            0.9855943918228149,
            -0.16557817161083221,
            -0.0344621017575264,
            -0.0031155734322965145
          ],
          [
            -0.051855720579624176,
            -0.10190115869045258,
            -0.9934421181678772,
            0.0632280707359314
          ],
          [
            0.1609816998243332,
            0.9809247255325317,
            -0.10902106761932373,
            0.9492090344429016
          ],
          [
            0.0,
            0.0,
            0.0,
            1.0
          ]
        ]
      },
      "bone_length_armature_space": 0.4880044710581858,
      "parent": "Root",
      "has_children": true,
      "is_end_bone": false
    },
    "neck_01": {
      "name": "neck_01",
      "local": {
        "location": {
          "x": 0.0,
          "y": 0.0,
          "z": 0.0
        },
        "rotation_quaternion": {
          "w": 0.9950461387634277,
          "x": -0.05711501091718674,
          "y": -0.07995029538869858,
          "z": 0.01513279601931572
        },
        "scale": {
          "x": 1.0,
          "y": 1.0,
          "z": 1.0
        },
        "matrix_basis": [
          [
            0.9867578744888306,
            -0.020982936024665833,
            -0.1608370840549469,
            0.0
          ],
          [
            0.03924838453531265,
            0.9930177330970764,
            0.11124440282583237,
            0.0
          ],
          [
            0.1573798507452011,
            -0.11608388274908066,
            0.98069167137146,
            0.0
          ],
          [
            0.0,
            0.0,
            0.0,
            1.0
          ]
        ],
        "rotation_mode": "QUATERNION"
      },
      "armature_space": {
        "head": {
          "x": -0.09723646193742752,
          "y": -0.09165787696838379,
          "z": 0.5460883975028992
        },
        "tail": {
          "x": -0.1166313886642456,
          "y": -0.1290869116783142,
          "z": 0.6395423412322998
        }
      },
      "world_space": {
        "head": {
          "x": -0.09723646193742752,
          "y": -0.02841387689113617,
          "z": 1.4959423542022705
        },
        "tail": {
          "x": -0.1166313886642456,
          "y": -0.06584291160106659,
          "z": 1.589396357536316
        },
        "rotation_quaternion": {
          "w": 0.55035001039505,
          "x": 0.8261088728904724,
          "y": -0.12071439623832703,
          "z": -0.009327929466962814
        },
        "matrix": [
          [
            0.9706819653511047,
            -0.1891794353723526,
            -0.1482829451560974,
            -0.09723646193742752
          ],
          [
            -0.20971454679965973,
            -0.36508527398109436,
            -0.9070462584495544,
            -0.02841387689113617
          ],
          [
            0.11745919287204742,
            0.9115562438964844,
            -0.3940589725971222,
            1.4959423542022705
          ],
          [
            0.0,
            0.0,
            0.0,
            1.0
          ]
        ]
      },
      "bone_length_armature_space": 0.10252187746659594,
      "parent": "spine_01",
      "has_children": true,
      "is_end_bone": false
    },
    "head": {
      "name": "head",
      "local": {
        "location": {
          "x": 0.0,
          "y": 0.0,
          "z": 0.0
        },
        "rotation_quaternion": {
          "w": 0.978958249092102,
          "x": 0.03999628871679306,
          "y": -0.13660164177417755,
          "z": -0.1462228149175644
        },
        "scale": {
          "x": 1.0,
          "y": 1.0,
          "z": 1.0
        },
        "matrix_basis": [
          [
            0.9199177622795105,
            0.2753649353981018,
            -0.2791513502597809,
            0.0
          ],
          [
            -0.2972191870212555,
            0.9540383815765381,
            -0.0383608415722847,
            0.0
          ],
          [
            0.2557578682899475,
            0.11825794726610184,
            0.9594805836677551,
            0.0
          ],
          [
            0.0,
            0.0,
            0.0,
            1.0
          ]
        ],
        "rotation_mode": "QUATERNION"
      },
      "armature_space": {
        "head": {
          "x": -0.1166314035654068,
          "y": -0.12908703088760376,
          "z": 0.6395422220230103
        },
        "tail": {
          "x": -0.09730823338031769,
          "y": -0.1579185426235199,
          "z": 0.7906999588012695
        }
      },
      "world_space": {
        "head": {
          "x": -0.1166314035654068,
          "y": -0.06584303081035614,
          "z": 1.5893962383270264
        },
        "tail": {
          "x": -0.09730823338031769,
          "y": -0.09467454254627228,
          "z": 1.7405539751052856
        },
        "rotation_quaternion": {
          "w": 0.6288464069366455,
          "x": 0.7363691926002502,
          "y": -0.10770965367555618,
          "z": -0.22519133985042572
        },
        "matrix": [
          [
            0.8753755688667297,
            0.12459312379360199,
            -0.4671127498149872,
            -0.1166314035654068
          ],
          [
            -0.4418489336967468,
            -0.18590158224105835,
            -0.8776164054870605,
            -0.06584303081035614
          ],
          [
            -0.19618375599384308,
            0.9746437072753906,
            -0.10768400132656097,
            1.5893962383270264
          ],
          [
            0.0,
            0.0,
            0.0,
            1.0
          ]
        ]
      },
      "bone_length_armature_space": 0.15509127312967308,
      "parent": "neck_01",
      "has_children": false,
      "is_end_bone": true
    },
    "upperarm_l": {
      "name": "upperarm_l",
      "local": {
        "location": {
          "x": 0.0,
          "y": 0.0,
          "z": 0.0
        },
        "rotation_quaternion": {
          "w": 0.9420963525772095,
          "x": 0.0577365942299366,
          "y": 0.026944054290652275,
          "z": 0.32923418283462524
        },
        "scale": {
          "x": 1.0,
          "y": 1.0,
          "z": 1.0
        },
        "matrix_basis": [
          [
            0.7817577123641968,
            -0.6172293424606323,
            0.08878551423549652,
            0.0
          ],
          [
            0.6234519481658936,
            0.7765426635742188,
            -0.09104505926370621,
            0.0
          ],
          [
            -0.012750069610774517,
            0.12652868032455444,
            0.9918810129165649,
            0.0
          ],
          [
            0.0,
            0.0,
            0.0,
            1.0
          ]
        ],
        "rotation_mode": "QUATERNION"
      },
      "armature_space": {
        "head": {
          "x": 0.06162092834711075,
          "y": -0.09575590491294861,
          "z": 0.5039622187614441
        },
        "tail": {
          "x": 0.24402576684951782,
          "y": -0.15258023142814636,
          "z": 0.6918653249740601
        }
      },
      "world_space": {
        "head": {
          "x": 0.06162092834711075,
          "y": -0.03251190483570099,
          "z": 1.4538161754608154
        },
        "tail": {
          "x": 0.24402576684951782,
          "y": -0.08933623135089874,
          "z": 1.6417193412780762
        },
        "rotation_quaternion": {
          "w": 0.5681117177009583,
          "x": 0.7361206412315369,
          "y": 0.26687371730804443,
          "z": -0.2532862722873688
        },
        "matrix": [
          [
            0.7292488217353821,
            0.6806926727294922,
            -0.06966856867074966,
            0.06162092834711075
          ],
          [
            0.10511541366577148,
            -0.2120552361011505,
            -0.9715881943702698,
            -0.03251190483570099
          ],
          [
            -0.6761310696601868,
            0.7012109160423279,
            -0.22619475424289703,
            1.4538161754608154
          ],
          [
            0.0,
            0.0,
            0.0,
            1.0
          ]
        ]
      },
      "bone_length_armature_space": 0.26797035586248513,
      "parent": "spine_01",
      "has_children": true,
      "is_end_bone": false
    },
    "lowerarm_l": {
      "name": "lowerarm_l",
      "local": {
        "location": {
          "x": 0.0,
          "y": 0.0,
          "z": 0.0
        },
        "rotation_quaternion": {
          "w": 0.9211327433586121,
          "x": 0.29939112067222595,
          "y": -0.15711578726768494,
          "z": 0.19285789132118225
        },
        "scale": {
          "x": 1.0,
          "y": 1.0,
          "z": 1.0
        },
        "matrix_basis": [
          [
            0.8762409090995789,
            -0.4493735730648041,
            -0.173969104886055,
            0.0
          ],
          [
            0.26121729612350464,
            0.7463415861129761,
            -0.6121599674224854,
            0.0
          ],
          [
            0.40492886304855347,
            0.4909558892250061,
            0.7713591456413269,
            0.0
          ],
          [
            0.0,
            0.0,
            0.0,
            1.0
          ]
        ],
        "rotation_mode": "QUATERNION"
      },
      "armature_space": {
        "head": {
          "x": 0.24402572214603424,
          "y": -0.15258030593395233,
          "z": 0.6918654441833496
        },
        "tail": {
          "x": 0.24371376633644104,
          "y": -0.33656439185142517,
          "z": 0.8860807418823242
        }
      },
      "world_space": {
        "head": {
          "x": 0.24402572214603424,
          "y": -0.08933630585670471,
          "z": 1.6417194604873657
        },
        "tail": {
          "x": 0.24371376633644104,
          "y": -0.27332037687301636,
          "z": 1.8359347581863403
        },
        "rotation_quaternion": {
          "w": 0.3655022382736206,
          "x": 0.8502762913703918,
          "y": -0.1501476913690567,
          "z": -0.3476983606815338
        },
        "matrix": [
          [
            0.7131235599517822,
            -0.0011660829186439514,
            -0.7010374069213867,
            0.24402572214603424
          ],
          [
            -0.5095030665397644,
            -0.6877280473709106,
            -0.5171432495117188,
            -0.08933630585670471
          ],
          [
            -0.4815238416194916,
            0.7259719371795654,
            -0.4910328686237335,
            1.6417194604873657
          ],
          [
            0.0,
            0.0,
            0.0,
            1.0
          ]
        ]
      },
      "bone_length_armature_space": 0.2675253692409686,
      "parent": "upperarm_l",
      "has_children": true,
      "is_end_bone": false
    },
    "metacarpal_thumb_l": {
      "name": "metacarpal_thumb_l",
      "local": {
        "location": {
          "x": 0.0,
          "y": 0.0,
          "z": 0.0
        },
        "rotation_quaternion": {
          "w": 0.9997098445892334,
          "x": 0.01683136075735092,
          "y": -0.012651074677705765,
          "z": 0.01170955877751112
        },
        "scale": {
          "x": 1.0,
          "y": 1.0,
          "z": 1.0
        },
        "matrix_basis": [
          [
            0.9994056820869446,
            -0.023838192224502563,
            -0.024900631979107857,
            0.0
          ],
          [
            0.022986453026533127,
            0.9991591572761536,
            -0.03394922986626625,
            0.0
          ],
          [
            0.025688983500003815,
            0.0333566777408123,
            0.9991133213043213,
            0.0
          ],
          [
            0.0,
            0.0,
            0.0,
            1.0
          ]
        ],
        "rotation_mode": "QUATERNION"
      },
      "armature_space": {
        "head": {
          "x": 0.24371376633644104,
          "y": -0.33656439185142517,
          "z": 0.8860807418823242
        },
        "tail": {
          "x": 0.2301977574825287,
          "y": -0.38357865810394287,
          "z": 0.8938629031181335
        }
      },
      "world_space": {
        "head": {
          "x": 0.24371376633644104,
          "y": -0.27332037687301636,
          "z": 1.8359347581863403
        },
        "tail": {
          "x": 0.2301977574825287,
          "y": -0.32033467292785645,
          "z": 1.8437168598175049
        },
        "rotation_quaternion": {
          "w": 0.1310466229915619,
          "x": 0.8923009037971497,
          "y": -0.09087368845939636,
          "z": 0.42233631014823914
        },
        "matrix": [
          [
            0.6267479658126831,
            -0.2728651165962219,
            0.7298846244812012,
            0.24371376633644104
          ],
          [
            -0.05148179084062576,
            -0.9491373896598816,
            -0.31062498688697815,
            -0.27332037687301636
          ],
          [
            0.7775247693061829,
            0.15710793435573578,
            -0.6089221239089966,
            1.8359347581863403
          ],
          [
            0.0,
            0.0,
            0.0,
            1.0
          ]
        ]
      },
      "bone_length_armature_space": 0.049533682306236566,
      "parent": "lowerarm_l",
      "has_children": true,
      "is_end_bone": false
    },
    "thumb_01_l": {
      "name": "thumb_01_l",
      "local": {
        "location": {
          "x": 0.0,
          "y": 0.0,
          "z": 0.0
        },
        "rotation_quaternion": {
          "w": 0.9958867430686951,
          "x": -0.08992763608694077,
          "y": -0.010923650115728378,
          "z": -0.0018443495500832796
        },
        "scale": {
          "x": 1.0,
          "y": 1.0,
          "z": 1.0
        },
        "matrix_basis": [
          [
            0.9997545480728149,
            0.005638202652335167,
            -0.021425720304250717,
            0.0
          ],
          [
            -0.001708850497379899,
            0.9838192462921143,
            0.17915578186511993,
            0.0
          ],
          [
            0.0220891535282135,
            -0.1790751814842224,
            0.983587384223938,
            0.0
          ],
          [
            0.0,
            0.0,
            0.0,
            1.0
          ]
        ],
        "rotation_mode": "QUATERNION"
      },
      "armature_space": {
        "head": {
          "x": 0.2301977574825287,
          "y": -0.38357865810394287,
          "z": 0.8938629031181335
        },
        "tail": {
          "x": 0.23556870222091675,
          "y": -0.41119861602783203,
          "z": 0.8747076988220215
        }
      },
      "world_space": {
        "head": {
          "x": 0.2301977574825287,
          "y": -0.32033467292785645,
          "z": 1.8437168598175049
        },
        "tail": {
          "x": 0.23556870222091675,
          "y": -0.3479546308517456,
          "z": 1.8245617151260376
        },
        "rotation_quaternion": {
          "w": 0.18724864721298218,
          "x": -0.35517066717147827,
          "y": 0.24335770308971405,
          "z": -0.8829320073127747
        },
        "matrix": [
          [
            -0.6775834560394287,
            0.15778999030590057,
            0.7183194756507874,
            0.2301977574825287
          ],
          [
            -0.5035225749015808,
            -0.8114305734634399,
            -0.296724796295166,
            -0.32033467292785645
          ],
          [
            0.5360493659973145,
            -0.5627506971359253,
            0.6292667984962463,
            1.8437168598175049
          ],
          [
            0.0,
            0.0,
            0.0,
            1.0
          ]
        ]
      },
      "bone_length_armature_space": 0.03403866917596554,
      "parent": "metacarpal_thumb_l",
      "has_children": true,
      "is_end_bone": false
    },
    "thumb_02_l": {
      "name": "thumb_02_l",
      "local": {
        "location": {
          "x": 0.0,
          "y": 0.0,
          "z": 0.0
        },
        "rotation_quaternion": {
          "w": 0.9973536729812622,
          "x": 0.07259394973516464,
          "y": -0.0006138402386568487,
          "z": 0.003936019726097584
        },
        "scale": {
          "x": 1.0,
          "y": 1.0,
          "z": 1.0
        },
        "matrix_basis": [
          [
            0.9999682903289795,
            -0.007940329611301422,
            -0.0006529691745527089,
            0.0
          ],
          [
            0.007762085180729628,
            0.989429235458374,
            -0.14480851590633392,
            0.0
          ],
          [
            0.0017958941170945764,
            0.1447988599538803,
            0.9894594550132751,
            0.0
          ],
          [
            0.0,
            0.0,
            0.0,
            1.0
          ]
        ],
        "rotation_mode": "QUATERNION"
      },
      "armature_space": {
        "head": {
          "x": 0.23556870222091675,
          "y": -0.41119855642318726,
          "z": 0.8747076392173767
        },
        "tail": {
          "x": 0.2390442192554474,
          "y": -0.4441077411174774,
          "z": 0.8974692225456238
        }
      },
      "world_space": {
        "head": {
          "x": 0.23556870222091675,
          "y": -0.34795457124710083,
          "z": 1.824561595916748
        },
        "tail": {
          "x": 0.2390442192554474,
          "y": -0.3808637261390686,
          "z": 1.8473231792449951
        },
        "rotation_quaternion": {
          "w": 0.04601316526532173,
          "x": 0.0020871416199952364,
          "y": -0.29698750376701355,
          "z": -0.9537698030471802
        },
        "matrix": [
          [
            -0.9957568645477295,
            0.0865323543548584,
            -0.031312160193920135,
            0.23556870222091675
          ],
          [
            -0.08901166915893555,
            -0.8193621039390564,
            0.5663237571716309,
            -0.34795457124710083
          ],
          [
            0.02334938943386078,
            0.5667110681533813,
            0.8235941529273987,
            1.824561595916748
          ],
          [
            0.0,
            0.0,
            0.0,
            1.0
          ]
        ]
      },
      "bone_length_armature_space": 0.04016445342616948,
      "parent": "thumb_01_l",
      "has_children": true,
      "is_end_bone": false
    },
    "thumb_03_l": {
      "name": "thumb_03_l",
      "local": {
        "location": {
          "x": 0.0,
          "y": 0.0,
          "z": 0.0
        },
        "rotation_quaternion": {
          "w": 0.9984871745109558,
          "x": 0.054718971252441406,
          "y": -0.002719940384849906,
          "z": 0.004675092175602913
        },
        "scale": {
          "x": 1.0,
          "y": 1.0,
          "z": 1.0
        },
        "matrix_basis": [
          [
            0.9999414682388306,
            -0.009633704088628292,
            -0.004920018836855888,
            0.0
          ],
          [
            0.00903837475925684,
            0.9939679503440857,
            -0.10929781198501587,
            0.0
          ],
          [
            0.005943283438682556,
            0.10924694687128067,
            0.9939968585968018,
            0.0
          ],
          [
            0.0,
            0.0,
            0.0,
            1.0
          ]
        ],
        "rotation_mode": "QUATERNION"
      },
      "armature_space": {
        "head": {
          "x": 0.2390441596508026,
          "y": -0.4441077411174774,
          "z": 0.897469162940979
        },
        "tail": {
          "x": 0.2449551671743393,
          "y": -0.4603206515312195,
          "z": 0.9225510358810425
        }
      },
      "world_space": {
        "head": {
          "x": 0.2390441596508026,
          "y": -0.3808637261390686,
          "z": 1.8473231792449951
        },
        "tail": {
          "x": 0.2449551671743393,
          "y": -0.39707666635513306,
          "z": 1.8724050521850586
        },
        "rotation_quaternion": {
          "w": 0.19498036801815033,
          "x": 0.15988141298294067,
          "y": -0.44239792227745056,
          "z": -0.8606420159339905
        },
        "matrix": [
          [
            -0.8728408813476562,
            0.19415460526943207,
            -0.44771939516067505,
            0.2390441596508026
          ],
          [
            -0.4770793318748474,
            -0.5325331091880798,
            0.6991450190544128,
            -0.3808637261390686
          ],
          [
            -0.10268436372280121,
            0.823845386505127,
            0.5574485063552856,
            1.8473231792449951
          ],
          [
            0.0,
            0.0,
            0.0,
            1.0
          ]
        ]
      },
      "bone_length_armature_space": 0.03044501337953031,
      "parent": "thumb_02_l",
      "has_children": false,
      "is_end_bone": true
    },
    "metacarpal_index_l": {
      "name": "metacarpal_index_l",
      "local": {
        "location": {
          "x": 0.0,
          "y": 0.0,
          "z": 0.0
        },
        "rotation_quaternion": {
          "w": 0.9998319149017334,
          "x": 0.01617838256061077,
          "y": -0.0008874107152223587,
          "z": -0.008585888892412186
        },
        "scale": {
          "x": 1.0,
          "y": 1.0,
          "z": 1.0
        },
        "matrix_basis": [
          [
            0.9998509883880615,
            0.017140178009867668,
            -0.002052334602922201,
            0.0
          ],
          [
            -0.017197605222463608,
            0.9993290901184082,
            -0.03233608976006508,
            0.0
          ],
          [
            0.0014967115130275488,
            0.032366566359996796,
            0.9994749426841736,
            0.0
          ],
          [
            0.0,
            0.0,
            0.0,
            1.0
          ]
        ],
        "rotation_mode": "QUATERNION"
      },
      "armature_space": {
        "head": {
          "x": 0.24371376633644104,
          "y": -0.33656439185142517,
          "z": 0.8860807418823242
        },
        "tail": {
          "x": 0.2254338264465332,
          "y": -0.43678903579711914,
          "z": 0.943960964679718
        }
      },
      "world_space": {
        "head": {
          "x": 0.24371376633644104,
          "y": -0.27332037687301636,
          "z": 1.8359347581863403
        },
        "tail": {
          "x": 0.2254338264465332,
          "y": -0.3735450506210327,
          "z": 1.893815040588379
        },
        "rotation_quaternion": {
          "w": 0.2644372880458832,
          "x": 0.9558750987052917,
          "y": -0.048889655619859695,
          "z": 0.11826031655073166
        },
        "matrix": [
          [
            0.9672486782073975,
            -0.15600985288619995,
            0.20022737979888916,
            0.24371376633644104
          ],
          [
            -0.030920010060071945,
            -0.8553654551506042,
            -0.5171020030975342,
            -0.27332037687301636
          ],
          [
            0.25194215774536133,
            0.4939776360988617,
            -0.8321808576583862,
            1.8359347581863403
          ],
          [
            0.0,
            0.0,
            0.0,
            1.0
          ]
        ]
      },
      "bone_length_armature_space": 0.11717190539389792,
      "parent": "lowerarm_l",
      "has_children": true,
      "is_end_bone": false
    },
    "index_01_l": {
      "name": "index_01_l",
      "local": {
        "location": {
          "x": 0.0,
          "y": 0.0,
          "z": 0.0
        },
        "rotation_quaternion": {
          "w": 0.9931765794754028,
          "x": -0.11632244288921356,
          "y": 0.008149932138621807,
          "z": 0.001742287538945675
        },
        "scale": {
          "x": 1.0,
          "y": 1.0,
          "z": 1.0
        },
        "matrix_basis": [
          [
            0.9998610615730286,
            -0.005356838461011648,
            0.015783309936523438,
            0.0
          ],
          [
            0.001564758364111185,
            0.9729321002960205,
            0.2310858517885208,
            0.0
          ],
          [
            -0.01659397780895233,
            -0.23102904856204987,
            0.9728053212165833,
            0.0
          ],
          [
            0.0,
            0.0,
            0.0,
            1.0
          ]
        ],
        "rotation_mode": "QUATERNION"
      },
      "armature_space": {
        "head": {
          "x": 0.2254338264465332,
          "y": -0.43678903579711914,
          "z": 0.943960964679718
        },
        "tail": {
          "x": 0.22821524739265442,
          "y": -0.45320287346839905,
          "z": 0.9671110510826111
        }
      },
      "world_space": {
        "head": {
          "x": 0.2254338264465332,
          "y": -0.3735450506210327,
          "z": 1.893815040588379
        },
        "tail": {
          "x": 0.22821524739265442,
          "y": -0.38995885848999023,
          "z": 1.9169650077819824
        },
        "rotation_quaternion": {
          "w": 0.4477708637714386,
          "x": 0.8814913630485535,
          "y": 0.10809417814016342,
          "z": 0.10387443006038666
        },
        "matrix": [
          [
            0.9550514817237854,
            0.09754440188407898,
            0.27993181347846985,
            0.2254338264465332
          ],
          [
            0.2835924029350281,
            -0.5756336450576782,
            -0.7669562101364136,
            -0.3735450506210327
          ],
          [
            0.08632667362689972,
            0.8118740320205688,
            -0.5774271488189697,
            1.893815040588379
          ],
          [
            0.0,
            0.0,
            0.0,
            1.0
          ]
        ]
      },
      "bone_length_armature_space": 0.02851450270805894,
      "parent": "metacarpal_index_l",
      "has_children": true,
      "is_end_bone": false
    },
    "index_02_l": {
      "name": "index_02_l",
      "local": {
        "location": {
          "x": 0.0,
          "y": 0.0,
          "z": 0.0
        },
        "rotation_quaternion": {
          "w": 0.9994956851005554,
          "x": 0.03052566386759281,
          "y": -0.0029818087350577116,
          "z": 0.008227890357375145
        },
        "scale": {
          "x": 1.0,
          "y": 1.0,
          "z": 1.0
        },
        "matrix_basis": [
          [
            0.9998468160629272,
            -0.016629524528980255,
            -0.005458286497741938,
            0.0
          ],
          [
            0.016265438869595528,
            0.998000979423523,
            -0.061069607734680176,
            0.0
          ],
          [
            0.006462933495640755,
            0.060971472412347794,
            0.9981185793876648,
            0.0
          ],
          [
            0.0,
            0.0,
            0.0,
            1.0
          ]
        ],
        "rotation_mode": "QUATERNION"
      },
      "armature_space": {
        "head": {
          "x": 0.22821514308452606,
          "y": -0.45320338010787964,
          "z": 0.9671111702919006
        },
        "tail": {
          "x": 0.23115472495555878,
          "y": -0.4683844745159149,
          "z": 0.9875803589820862
        }
      },
      "world_space": {
        "head": {
          "x": 0.22821514308452606,
          "y": -0.3899593949317932,
          "z": 1.9169652462005615
        },
        "tail": {
          "x": 0.23115472495555878,
          "y": -0.4051404595375061,
          "z": 1.937434434890747
        },
        "rotation_quaternion": {
          "w": 0.4409818649291992,
          "x": 0.8895184397697449,
          "y": 0.09820681810379028,
          "z": 0.06817137449979782
        },
        "matrix": [
          [
            0.971416175365448,
            0.11458897590637207,
            0.2078944742679596,
            0.22821514308452606
          ],
          [
            0.23483861982822418,
            -0.5917806625366211,
            -0.7711336016654968,
            -0.3899593949317932
          ],
          [
            0.03466494753956795,
            0.797917902469635,
            -0.6017799973487854,
            1.9169652462005615
          ],
          [
            0.0,
            0.0,
            0.0,
            1.0
          ]
        ]
      },
      "bone_length_armature_space": 0.025653351491952317,
      "parent": "index_01_l",
      "has_children": true,
      "is_end_bone": false
    },
    "index_03_l": {
      "name": "index_03_l",
      "local": {
        "location": {
          "x": 0.0,
          "y": 0.0,
          "z": 0.0
        },
        "rotation_quaternion": {
          "w": 0.9998078346252441,
          "x": 0.018664998933672905,
          "y": -0.0059872777201235294,
          "z": 0.000415914342738688
        },
        "scale": {
          "x": 1.0,
          "y": 1.0,
          "z": 1.0
        },
        "matrix_basis": [
          [
            0.9999279379844666,
            -0.0010551739251241088,
            -0.01195672806352377,
            0.0
          ],
          [
            0.0006081637693569064,
            0.999302864074707,
            -0.037327803671360016,
            0.0
          ],
          [
            0.011987780220806599,
            0.03731784224510193,
            0.9992315173149109,
            0.0
          ],
          [
            0.0,
            0.0,
            0.0,
            1.0
          ]
        ],
        "rotation_mode": "QUATERNION"
      },
      "armature_space": {
        "head": {
          "x": 0.231154665350914,
          "y": -0.46838435530662537,
          "z": 0.987580418586731
        },
        "tail": {
          "x": 0.23783718049526215,
          "y": -0.48765280842781067,
          "z": 1.0085042715072632
        }
      },
      "world_space": {
        "head": {
          "x": 0.231154665350914,
          "y": -0.40514034032821655,
          "z": 1.937434434890747
        },
        "tail": {
          "x": 0.23783718049526215,
          "y": -0.42440879344940186,
          "z": 1.9583582878112793
        },
        "rotation_quaternion": {
          "w": 0.38265883922576904,
          "x": 0.9083737730979919,
          "y": 0.15441454946994781,
          "z": 0.06771745532751083
        },
        "matrix": [
          [
            0.9431409239768982,
            0.228706955909729,
            0.24120213091373444,
            0.231154665350914
          ],
          [
            0.33235812187194824,
            -0.6594565510749817,
            -0.6742814779281616,
            -0.40514034032821655
          ],
          [
            0.004849795252084732,
            0.7161120176315308,
            -0.6979784369468689,
            1.937434434890747
          ],
          [
            0.0,
            0.0,
            0.0,
            1.0
          ]
        ]
      },
      "bone_length_armature_space": 0.029218776612306336,
      "parent": "index_02_l",
      "has_children": false,
      "is_end_bone": true
    },
    "metacarpal_pinky_l": {
      "name": "metacarpal_pinky_l",
      "local": {
        "location": {
          "x": 0.0,
          "y": 0.0,
          "z": 0.0
        },
        "rotation_quaternion": {
          "w": 0.9988081455230713,
          "x": -0.04251173883676529,
          "y": -0.02222573384642601,
          "z": 0.009001674130558968
        },
        "scale": {
          "x": 1.0,
          "y": 1.0,
          "z": 1.0
        },
        "matrix_basis": [
          [
            0.9988499879837036,
            -0.01609218120574951,
            -0.0451638400554657,
            0.0
          ],
          [
            0.019871599972248077,
            0.9962234497070312,
            0.08452200144529343,
            0.0
          ],
          [
            0.04363313317298889,
            -0.08532228320837021,
            0.9953975081443787,
            0.0
          ],
          [
            0.0,
            0.0,
            0.0,
            1.0
          ]
        ],
        "rotation_mode": "QUATERNION"
      },
      "armature_space": {
        "head": {
          "x": 0.24371376633644104,
          "y": -0.33656439185142517,
          "z": 0.8860807418823242
        },
        "tail": {
          "x": 0.2745239734649658,
          "y": -0.3898313343524933,
          "z": 0.9700847268104553
        }
      },
      "world_space": {
        "head": {
          "x": 0.24371376633644104,
          "y": -0.27332037687301636,
          "z": 1.8359347581863403
        },
        "tail": {
          "x": 0.2745239734649658,
          "y": -0.3265873193740845,
          "z": 1.9199388027191162
        },
        "rotation_quaternion": {
          "w": 0.35009831190109253,
          "x": 0.366919606924057,
          "y": -0.34880030155181885,
          "z": -0.788124144077301
        },
        "matrix": [
          [
            -0.48560208082199097,
            0.295879989862442,
            -0.8225847482681274,
            0.24371376633644104
          ],
          [
            -0.8078058362007141,
            -0.5115388631820679,
            0.2928791642189026,
            -0.27332037687301636
          ],
          [
            -0.3341298997402191,
            0.8067163825035095,
            0.487421452999115,
            1.8359347581863403
          ],
          [
            0.0,
            0.0,
            0.0,
            1.0
          ]
        ]
      },
      "bone_length_armature_space": 0.10413119285146948,
      "parent": "lowerarm_l",
      "has_children": true,
      "is_end_bone": false
    },
    "pinky_01_l": {
      "name": "pinky_01_l",
      "local": {
        "location": {
          "x": 0.0,
          "y": 0.0,
          "z": 0.0
        },
        "rotation_quaternion": {
          "w": 0.9962283968925476,
          "x": -0.0858847051858902,
          "y": -0.012117927893996239,
          "z": 0.002455754205584526
        },
        "scale": {
          "x": 1.0,
          "y": 1.0,
          "z": 1.0
        },
        "matrix_basis": [
          [
            0.9996942281723022,
            -0.0028114947490394115,
            -0.024566270411014557,
            0.0
          ],
          [
            0.006974473595619202,
            0.9852355718612671,
            0.17106205224990845,
            0.0
          ],
          [
            0.02372262440621853,
            -0.1711810827255249,
            0.9849539399147034,
            0.0
          ],
          [
            0.0,
            0.0,
            0.0,
            1.0
          ]
        ],
        "rotation_mode": "QUATERNION"
      },
      "armature_space": {
        "head": {
          "x": 0.2745239734649658,
          "y": -0.3898313343524933,
          "z": 0.9700847268104553
        },
