{
  "metadata": {
    "armature_name": "KIM_caucasian_male",
    "export_time": "2026-01-13T21:16:29.197981",
    "blender_version": "4.4.1",
    "bone_count": 56,
    "end_bone_count": 13,
    "spaces_included": [
      "LOCAL_CHANNELS",
      "ARMATURE_SPACE",
      "WORLD_SPACE"
    ],
    "note": "LOCAL matches Transform panel; replay pose via local.matrix_basis for best fidelity."
  },
  "bones": {
    "Root": {
      "name": "Root",
      "local": {
        "location": {
          "x": 0.0,
          "y": 0.0,
          "z": 0.0
        },
        "rotation_quaternion": {
          "w": 0.9998487234115601,
          "x": -0.014440706931054592,
          "y": 0.009159286506474018,
          "z": 0.0031786055769771338
        },
        "scale": {
          "x": 1.0,
          "y": 1.0,
          "z": 1.0
        },
        "matrix_basis": [
          [
            0.9998120069503784,
            -0.0066207824274897575,
            0.018223999068140984,
            0.0
          ],
          [
            0.006091716233640909,
            0.9995627403259277,
            0.028935272246599197,
            0.0
          ],
          [
            -0.018407603725790977,
            -0.02881881780922413,
            0.9994151592254639,
            0.0
          ],
          [
            0.0,
            0.0,
            0.0,
            1.0
          ]
        ],
        "rotation_mode": "QUATERNION"
      },
      "armature_space": {
        "head": {
          "x": 0.0,
          "y": 0.07072800397872925,
          "z": -0.009595036506652832
        },
        "tail": {
          "x": -0.0004725641047116369,
          "y": 0.00030744820833206177,
          "z": 0.002034115605056286
        }
      },
      "world_space": {
        "head": {
          "x": 0.0,
          "y": 0.13397200405597687,
          "z": 0.9402589797973633
        },
        "tail": {
          "x": -0.0004725641047116369,
          "y": 0.06355144828557968,
          "z": 0.9518881440162659
        },
        "rotation_quaternion": {
          "w": 0.08176537603139877,
          "x": 0.9966045618057251,
          "y": -0.0025543428491801023,
          "z": 0.009352616034448147
        },
        "matrix": [
          [
            0.9998120069503784,
            -0.0066207824274897575,
            0.018223999068140984,
            0.0
          ],
          [
            -0.0035618941765278578,
            -0.986615777015686,
            -0.1630237102508545,
            0.13397200405597687
          ],
          [
            0.0190595593303442,
            0.16292834281921387,
            -0.9864609241485596,
            0.9402589797973633
          ],
          [
            0.0,
            0.0,
            0.0,
            1.0
          ]
        ]
      },
      "bone_length_armature_space": 0.07137587302568167,
      "parent": null,
      "has_children": true,
      "is_end_bone": false
    },
    "spine_01": {
      "name": "spine_01",
      "local": {
        "location": {
          "x": 0.0,
          "y": 0.0,
          "z": 0.0
        },
        "rotation_quaternion": {
          "w": 0.9954508543014526,
          "x": 0.05911063030362129,
          "y": -0.04899072274565697,
          "z": 0.056421827524900436
        },
        "scale": {
          "x": 1.0,
          "y": 1.0,
          "z": 1.0
        },
        "matrix_basis": [
          [
            0.988832950592041,
            -0.11812205612659454,
            -0.09086545556783676,
            0.0
          ],
          [
            0.1065385714173317,
            0.9866450428962708,
            -0.12321174889802933,
            0.0
          ],
          [
            0.10420597344636917,
            0.11215516179800034,
            0.9882116913795471,
            0.0
          ],
          [
            0.0,
            0.0,
            0.0,
            1.0
          ]
        ],
        "rotation_mode": "QUATERNION"
      },
      "armature_space": {
        "head": {
          "x": -0.0004725641047116369,
          "y": 0.00030744820833206177,
          "z": 0.002034115605056286
        },
        "tail": {
          "x": -0.06739963591098785,
          "y": -0.01766183413565159,
          "z": 0.48509353399276733
        }
      },
      "world_space": {
        "head": {
          "x": -0.0004725641047116369,
          "y": 0.06355144828557968,
          "z": 0.9518881440162659
        },
        "tail": {
          "x": -0.06739963591098785,
          "y": 0.04558216780424118,
          "z": 1.4349474906921387
        },
        "rotation_quaternion": {
          "w": 0.6890878081321716,
          "x": 0.7198774218559265,
          "y": -0.08213871717453003,
          "z": 0.01370333693921566
        },
        "matrix": [
          [
            0.9861307740211487,
            -0.1371452957391739,
            -0.09347303211688995,
            -0.0004725641047116369
          ],
          [
            -0.09937489032745361,
            -0.036822207272052765,
            -0.9943686127662659,
            0.06355144828557968
          ],
          [
            0.1329319179058075,
            0.9898733496665955,
            -0.04994158446788788,
            0.9518881440162659
          ],
          [
            0.0,
            0.0,
            0.0,
            1.0
          ]
        ]
      },
      "bone_length_armature_space": 0.4880046275196354,
      "parent": "Root",
      "has_children": true,
      "is_end_bone": false
    },
    "neck_01": {
      "name": "neck_01",
      "local": {
        "location": {
          "x": 0.0,
          "y": 0.0,
          "z": 0.0
        },
        "rotation_quaternion": {
          "w": 0.9871275424957275,
          "x": -0.02947215922176838,
          "y": -0.09210433065891266,
          "z": 0.1273869425058365
        },
        "scale": {
          "x": 1.0,
          "y": 1.0,
          "z": 1.0
        },
        "matrix_basis": [
          [
            0.9505786895751953,
            -0.24606528878211975,
            -0.18934617936611176,
            0.0
          ],
          [
            0.2569233477115631,
            0.9658079147338867,
            0.03471978381276131,
            0.0
          ],
          [
            0.17432869970798492,
            -0.08165133744478226,
            0.9812963604927063,
            0.0
          ],
          [
            0.0,
            0.0,
            0.0,
            1.0
          ]
        ],
        "rotation_mode": "QUATERNION"
      },
      "armature_space": {
        "head": {
          "x": -0.08068288862705231,
          "y": -0.05484304204583168,
          "z": 0.5558385252952576
        },
        "tail": {
          "x": -0.12133392691612244,
          "y": -0.0854920893907547,
          "z": 0.6448265314102173
        }
      },
      "world_space": {
        "head": {
          "x": -0.08068288862705231,
          "y": 0.00840095803141594,
          "z": 1.505692481994629
        },
        "tail": {
          "x": -0.12133392691612244,
          "y": -0.02224808931350708,
          "z": 1.5946805477142334
        },
        "rotation_quaternion": {
          "w": 0.5435764193534851,
          "x": 0.8057230114936829,
          "y": -0.23462291061878204,
          "z": 0.01695304922759533
        },
        "matrix": [
          [
            0.8893287181854248,
            -0.3965129852294922,
            -0.22775377333164215,
            -0.08068288862705231
          ],
          [
            -0.3596532344818115,
            -0.2989529073238373,
            -0.8838987946510315,
            0.00840095803141594
          ],
          [
            0.2823913097381592,
            0.8679947257041931,
            -0.4084782600402832,
            1.505692481994629
          ],
          [
            0.0,
            0.0,
            0.0,
            1.0
          ]
        ]
      },
      "bone_length_armature_space": 0.10252188243448215,
      "parent": "spine_01",
      "has_children": true,
      "is_end_bone": false
    },
    "head": {
      "name": "head",
      "local": {
        "location": {
          "x": 0.0,
          "y": 0.0,
          "z": 0.0
        },
        "rotation_quaternion": {
          "w": 0.9695977568626404,
          "x": -0.08781125396490097,
          "y": 0.10956969112157822,
          "z": 0.20040924847126007
        },
        "scale": {
          "x": 1.0,
          "y": 1.0,
          "z": 1.0
        },
        "matrix_basis": [
          [
            0.8956612348556519,
            -0.4078756272792816,
            0.17728067934513092,
            0.0
          ],
          [
            0.3693898022174835,
            0.9042506217956543,
            0.21420074999332428,
            0.0
          ],
          [
            -0.2476734220981598,
            -0.12636563181877136,
            0.9605673551559448,
            0.0
          ],
          [
            0.0,
            0.0,
            0.0,
            1.0
          ]
        ],
        "rotation_mode": "QUATERNION"
      },
      "armature_space": {
        "head": {
          "x": -0.12133394181728363,
          "y": -0.08549220860004425,
          "z": 0.6448264122009277
        },
        "tail": {
          "x": -0.2108665108680725,
          "y": -0.03856472671031952,
          "z": 0.7624483108520508
        }
      },
      "world_space": {
        "head": {
          "x": -0.12133394181728363,
          "y": -0.02224820852279663,
          "z": 1.5946804285049438
        },
        "tail": {
          "x": -0.2108665108680725,
          "y": 0.0246792733669281,
          "z": 1.712302327156067
        },
        "rotation_quaternion": {
          "w": 0.7533622980117798,
          "x": 0.5668787360191345,
          "y": -0.28937068581581116,
          "z": 0.16540345549583435
        },
        "matrix": [
          [
            0.777813196182251,
            -0.5772935152053833,
            -0.24847310781478882,
            -0.12133394181728363
          ],
          [
            -0.07885579764842987,
            0.3025818467140198,
            -0.9498559832572937,
            -0.02224820852279663
          ],
          [
            0.623533308506012,
            0.7584096193313599,
            0.18982967734336853,
            1.5946804285049438
          ],
          [
            0.0,
            0.0,
            0.0,
            1.0
          ]
        ]
      },
      "bone_length_armature_space": 0.15509087848829778,
      "parent": "neck_01",
      "has_children": false,
      "is_end_bone": true
    },
    "upperarm_l": {
      "name": "upperarm_l",
      "local": {
        "location": {
          "x": 0.0,
          "y": 0.0,
          "z": 0.0
        },
        "rotation_quaternion": {
          "w": 0.9494023323059082,
          "x": 0.020704306662082672,
          "y": 0.034881386905908585,
          "z": -0.31143221259117126
        },
        "scale": {
          "x": 1.0,
          "y": 1.0,
          "z": 1.0
        },
        "matrix_basis": [
          [
            0.8035865426063538,
            0.592793345451355,
            0.053336963057518005,
            0.0
          ],
          [
            -0.5899045467376709,
            0.8051626086235046,
            -0.06103980913758278,
            0.0
          ],
          [
            -0.07912891358137131,
            0.01758705824613571,
            0.9967092275619507,
            0.0
          ],
          [
            0.0,
            0.0,
            0.0,
            1.0
          ]
        ],
        "rotation_mode": "QUATERNION"
      },
      "armature_space": {
        "head": {
          "x": 0.07615586370229721,
          "y": -0.0704457014799118,
          "z": 0.5090919137001038
        },
        "tail": {
          "x": 0.3084475100040436,
          "y": -0.07800088822841644,
          "z": 0.3757075071334839
        }
      },
      "world_space": {
        "head": {
          "x": 0.07615586370229721,
          "y": -0.007201701402664185,
          "z": 1.4589459896087646
        },
        "tail": {
          "x": 0.3084475100040436,
          "y": -0.014756888151168823,
          "z": 1.3255615234375
        },
        "rotation_quaternion": {
          "w": 0.29825496673583984,
          "x": 0.409232497215271,
          "y": 0.6300370097160339,
          "z": -0.5887495875358582
        },
        "matrix": [
          [
            -0.487144410610199,
            0.866858720779419,
            -0.10604852437973022,
            0.07615586370229721
          ],
          [
            0.16447117924690247,
            -0.028194203972816467,
            -0.9859789609909058,
            -0.007201701402664185
          ],
          [
            -0.8577003479003906,
            -0.49775972962379456,
            -0.12884044647216797,
            1.4589459896087646
          ],
          [
            0.0,
            0.0,
            0.0,
            1.0
          ]
        ]
      },
      "bone_length_armature_space": 0.267969937665531,
      "parent": "spine_01",
      "has_children": true,
      "is_end_bone": false
    },
    "lowerarm_l": {
      "name": "lowerarm_l",
      "local": {
        "location": {
          "x": 0.0,
          "y": 0.0,
          "z": 0.0
        },
        "rotation_quaternion": {
          "w": 0.9665040969848633,
          "x": 0.16954830288887024,
          "y": -0.03216832876205444,
          "z": -0.1899697184562683
        },
        "scale": {
          "x": 1.0,
          "y": 1.0,
          "z": 1.0
        },
        "matrix_basis": [
          [
            0.9257534146308899,
            0.3563048541545868,
            -0.1265997290611267,
            0.0
          ],
          [
            -0.37812119722366333,
            0.870329737663269,
            -0.31551623344421387,
            0.0
          ],
          [
            -0.0022364435717463493,
            0.3399602770805359,
            0.9404371380805969,
            0.0
          ],
          [
            0.0,
            0.0,
            0.0,
            1.0
          ]
        ],
        "rotation_mode": "QUATERNION"
      },
      "armature_space": {
        "head": {
          "x": 0.30844762921333313,
          "y": -0.07800096273422241,
          "z": 0.37570756673812866
        },
        "tail": {
          "x": 0.4575086832046509,
          "y": -0.20177771151065826,
          "z": 0.19123534858226776
        }
      },
      "world_space": {
        "head": {
          "x": 0.30844762921333313,
          "y": -0.014756962656974792,
          "z": 1.3255615234375
        },
        "tail": {
          "x": 0.4575086832046509,
          "y": -0.13853371143341064,
          "z": 1.1410893201828003
        },
        "rotation_quaternion": {
          "w": 0.15109866857528687,
          "x": 0.3202369213104248,
          "y": 0.4958151876926422,
          "z": -0.7929595112800598
        },
        "matrix": [
          [
            -0.7492356896400452,
            0.5571866035461426,
            -0.358034610748291,
            0.30844762921333313
          ],
          [
            0.07792382687330246,
            -0.46267446875572205,
            -0.8830971121788025,
            -0.014756962656974792
          ],
          [
            -0.6577080488204956,
            -0.6895526647567749,
            0.3032354712486267,
            1.3255615234375
          ],
          [
            0.0,
            0.0,
            0.0,
            1.0
          ]
        ]
      },
      "bone_length_armature_space": 0.2675254745614162,
      "parent": "upperarm_l",
      "has_children": true,
      "is_end_bone": false
    },
    "metacarpal_thumb_l": {
      "name": "metacarpal_thumb_l",
      "local": {
        "location": {
          "x": 0.0,
          "y": 0.0,
          "z": 0.0
        },
        "rotation_quaternion": {
          "w": 0.9993525743484497,
          "x": -0.03364930301904678,
          "y": 0.011935373768210411,
          "z": -0.00445952732115984
        },
        "scale": {
          "x": 1.0,
          "y": 1.0,
          "z": 1.0
        },
        "matrix_basis": [
          [
            0.9996753334999084,
            0.00811004638671875,
            0.02415541373193264,
            0.0
          ],
          [
            -0.009716514497995377,
            0.9976956844329834,
            0.06714858114719391,
            0.0
          ],
          [
            -0.023555172607302666,
            -0.0673614889383316,
            0.9974505305290222,
            0.0
          ],
          [
            0.0,
            0.0,
            0.0,
            1.0
          ]
        ],
        "rotation_mode": "QUATERNION"
      },
      "armature_space": {
        "head": {
          "x": 0.4575086832046509,
          "y": -0.20177771151065826,
          "z": 0.19123534858226776
        },
        "tail": {
          "x": 0.46501442790031433,
          "y": -0.24527400732040405,
          "z": 0.16875581443309784
        }
      },
      "world_space": {
        "head": {
          "x": 0.4575086832046509,
          "y": -0.13853371143341064,
          "z": 1.1410893201828003
        },
        "tail": {
          "x": 0.46501442790031433,
          "y": -0.18203000724315643,
          "z": 1.1186097860336304
        },
        "rotation_quaternion": {
          "w": 0.1764640510082245,
          "x": -0.8716583251953125,
          "y": -0.17263467609882355,
          "z": 0.42340216040611267
        },
        "matrix": [
          [
            0.5818555951118469,
            0.15152792632579803,
            -0.7990513443946838,
            0.4575086832046509
          ],
          [
            0.4503876268863678,
            -0.8781156539916992,
            0.16144326329231262,
            -0.13853371143341064
          ],
          [
            -0.6772009134292603,
            -0.453823447227478,
            -0.5791868567466736,
            1.1410893201828003
          ],
          [
            0.0,
            0.0,
            0.0,
            1.0
          ]
        ]
      },
      "bone_length_armature_space": 0.04953376078167177,
      "parent": "lowerarm_l",
      "has_children": true,
      "is_end_bone": false
    },
    "thumb_01_l": {
      "name": "thumb_01_l",
      "local": {
        "location": {
          "x": 0.0,
          "y": 0.0,
          "z": 0.0
        },
        "rotation_quaternion": {
          "w": 0.9775915145874023,
          "x": 0.20894095301628113,
          "y": -0.02560494840145111,
          "z": 0.0016859137685969472
        },
        "scale": {
          "x": 1.0,
          "y": 1.0,
          "z": 1.0
        },
        "matrix_basis": [
          [
            0.9986830949783325,
            -0.013996114954352379,
            -0.04935784637928009,
            0.0
          ],
          [
            -0.007403574883937836,
            0.9126816987991333,
            -0.40860414505004883,
            0.0
          ],
          [
            0.050766874104738235,
            0.4084314703941345,
            0.9113761186599731,
            0.0
          ],
          [
            0.0,
            0.0,
            0.0,
            1.0
          ]
        ],
        "rotation_mode": "QUATERNION"
      },
      "armature_space": {
        "head": {
          "x": 0.46501442790031433,
          "y": -0.24527400732040405,
          "z": 0.16875581443309784
        },
        "tail": {
          "x": 0.4544571042060852,
          "y": -0.25550204515457153,
          "z": 0.1380545198917389
        }
      },
      "world_space": {
        "head": {
          "x": 0.46501442790031433,
          "y": -0.18203000724315643,
          "z": 1.1186097860336304
        },
        "tail": {
          "x": 0.4544571042060852,
          "y": -0.1922580450773239,
          "z": 1.0879085063934326
        },
        "rotation_quaternion": {
          "w": 0.48479145765304565,
          "x": -0.7752724289894104,
          "y": 0.3387258052825928,
          "z": -0.22179920971393585
        },
        "matrix": [
          [
            0.6721386909484863,
            -0.31015729904174805,
            0.6723331212997437,
            0.46501442790031433
          ],
          [
            -0.740263044834137,
            -0.3004840016365051,
            0.6014315485954285,
            -0.18203000724315643
          ],
          [
            0.015486512333154678,
            -0.9019557237625122,
            -0.43156760931015015,
            1.1186097860336304
          ],
          [
            0.0,
            0.0,
            0.0,
            1.0
          ]
        ]
      },
      "bone_length_armature_space": 0.034038791123341385,
      "parent": "metacarpal_thumb_l",
      "has_children": true,
      "is_end_bone": false
    },
    "thumb_02_l": {
      "name": "thumb_02_l",
      "local": {
        "location": {
          "x": 0.0,
          "y": 0.0,
          "z": 0.0
        },
        "rotation_quaternion": {
          "w": 0.9362813234329224,
          "x": 0.3511344790458679,
          "y": 0.0007899753982201219,
          "z": 0.009018044918775558
        },
        "scale": {
          "x": 1.0,
          "y": 1.0,
          "z": 1.0
        },
        "matrix_basis": [
          [
            0.9998360872268677,
            -0.016332078725099564,
            0.007812371477484703,
            0.0
          ],
          [
            0.017441628500819206,
            0.7532464861869812,
            -0.657507061958313,
            0.0
          ],
          [
            0.004853814374655485,
            0.6575355529785156,
            0.753407895565033,
            0.0
          ],
          [
            0.0,
            0.0,
            0.0,
            1.0
          ]
        ],
        "rotation_mode": "QUATERNION"
      },
      "armature_space": {
        "head": {
          "x": 0.4544570744037628,
          "y": -0.25550204515457153,
          "z": 0.13805454969406128
        },
        "tail": {
          "x": 0.4942644536495209,
          "y": -0.2543122470378876,
          "z": 0.13284523785114288
        }
      },
      "world_space": {
        "head": {
          "x": 0.4544570744037628,
          "y": -0.1922580450773239,
          "z": 1.0879085063934326
        },
        "tail": {
          "x": 0.4942644536495209,
          "y": -0.19106824696063995,
          "z": 1.0826992988586426
        },
        "rotation_quaternion": {
          "w": 0.7108104825019836,
          "x": -0.18365933001041412,
          "y": -0.0977792963385582,
          "z": -0.671905517578125
        },
        "matrix": [
          [
            0.07796371728181839,
            0.9911106824874878,
            0.10780051350593567,
            0.4544570744037628
          ],
          [
            -0.9192788600921631,
            0.02962334454059601,
            0.3924904465675354,
            -0.1922580450773239
          ],
          [
            0.38581016659736633,
            -0.12969964742660522,
            0.9134237170219421,
            1.0879085063934326
          ],
          [
            0.0,
            0.0,
            0.0,
            1.0
          ]
        ]
      },
      "bone_length_armature_space": 0.04016441188665114,
      "parent": "thumb_01_l",
      "has_children": true,
      "is_end_bone": false
    },
    "thumb_03_l": {
      "name": "thumb_03_l",
      "local": {
        "location": {
          "x": 0.0,
          "y": 0.0,
          "z": 0.0
        },
        "rotation_quaternion": {
          "w": 0.9829554557800293,
          "x": 0.1836341768503189,
          "y": -0.008324774913489819,
          "z": -0.002799962181597948
        },
        "scale": {
          "x": 1.0,
          "y": 1.0,
          "z": 1.0
        },
        "matrix_basis": [
          [
            0.9998457431793213,
            0.002447049831971526,
            -0.01739410310983658,
            0.0
          ],
          [
            -0.008561902679502964,
            0.9325413107872009,
            -0.36096182465553284,
            0.0
          ],
          [
            0.015337428078055382,
            0.36105504631996155,
            0.9324183464050293,
            0.0
          ],
          [
            0.0,
            0.0,
            0.0,
            1.0
          ]
        ],
        "rotation_mode": "QUATERNION"
      },
      "armature_space": {
        "head": {
          "x": 0.4942643940448761,
          "y": -0.25431233644485474,
          "z": 0.1328452080488205
        },
        "tail": {
          "x": 0.5207735300064087,
          "y": -0.24643352627754211,
          "z": 0.14557640254497528
        }
      },
      "world_space": {
        "head": {
          "x": 0.4942643940448761,
          "y": -0.19106833636760712,
          "z": 1.082699179649353
        },
        "tail": {
          "x": 0.5207735300064087,
          "y": -0.1831895262002945,
          "z": 1.0954303741455078
        },
        "rotation_quaternion": {
          "w": 0.7809909582138062,
          "x": 0.1629808396100998,
          "y": -0.1394553780555725,
          "z": -0.5865514874458313
        },
        "matrix": [
          [
            0.2730177342891693,
            0.8707256317138672,
            -0.40902069211006165,
            0.4942643940448761
          ],
          [
            -0.9616400599479675,
            0.2587891221046448,
            -0.09097521007061005,
            -0.19106833636760712
          ],
          [
            0.026635080575942993,
            0.41817182302474976,
            0.907985270023346,
            1.082699179649353
          ],
          [
            0.0,
            0.0,
            0.0,
            1.0
          ]
        ]
      },
      "bone_length_armature_space": 0.03044492130971006,
      "parent": "thumb_02_l",
      "has_children": false,
      "is_end_bone": true
    },
    "metacarpal_index_l": {
      "name": "metacarpal_index_l",
      "local": {
        "location": {
          "x": 0.0,
          "y": 0.0,
          "z": 0.0
        },
        "rotation_quaternion": {
          "w": 0.9997426271438599,
          "x": -0.018108857795596123,
          "y": -0.008335809223353863,
          "z": -0.010832631960511208
        },
        "scale": {
          "x": 1.0,
          "y": 1.0,
          "z": 1.0
        },
        "matrix_basis": [
          [
            0.9996263384819031,
            0.021961592137813568,
            -0.016274994239211082,
            0.0
          ],
          [
            -0.021357784047722816,
            0.9991094470024109,
            0.03638899326324463,
            0.0
          ],
          [
            0.01705966144800186,
            -0.03602779656648636,
            0.9992051720619202,
            0.0
          ],
          [
            0.0,
            0.0,
            0.0,
            1.0
          ]
        ],
        "rotation_mode": "QUATERNION"
      },
      "armature_space": {
        "head": {
          "x": 0.4575086832046509,
          "y": -0.20177771151065826,
          "z": 0.19123534858226776
        },
        "tail": {
          "x": 0.506125807762146,
          "y": -0.2814030647277832,
          "z": 0.12034477293491364
        }
      },
      "world_space": {
        "head": {
          "x": 0.4575086832046509,
          "y": -0.13853371143341064,
          "z": 1.1410893201828003
        },
        "tail": {
          "x": 0.506125807762146,
          "y": -0.21815906465053558,
          "z": 1.0701987743377686
        },
        "rotation_quaternion": {
          "w": 0.09289801865816116,
          "x": -0.6795411705970764,
          "y": -0.389343798160553,
          "z": 0.6148213148117065
        },
        "matrix": [
          [
            -0.05918826535344124,
            0.41492214798927307,
            -0.9079295992851257,
            0.4575086832046509
          ],
          [
            0.6433818936347961,
            -0.679561197757721,
            -0.3525005280971527,
            -0.13853371143341064
          ],
          [
            -0.7632589936256409,
            -0.6050143241882324,
            -0.22673343122005463,
            1.1410893201828003
          ],
          [
            0.0,
            0.0,
            0.0,
            1.0
          ]
        ]
      },
      "bone_length_armature_space": 0.11717207628316259,
      "parent": "lowerarm_l",
      "has_children": true,
      "is_end_bone": false
    },
    "index_01_l": {
      "name": "index_01_l",
      "local": {
        "location": {
          "x": 0.0,
          "y": 0.0,
          "z": 0.0
        },
        "rotation_quaternion": {
          "w": 0.9747854471206665,
          "x": 0.22168514132499695,
          "y": -0.02231585793197155,
          "z": -0.012293092906475067
        },
        "scale": {
          "x": 1.0,
          "y": 1.0,
          "z": 1.0
        },
        "matrix_basis": [
          [
            0.9987017512321472,
            0.01407206803560257,
            -0.0489567406475544,
            0.0
          ],
          [
            -0.03386044502258301,
            0.9014091491699219,
            -0.43164223432540894,
            0.0
          ],
          [
            0.03805595636367798,
            0.4327395558357239,
            0.9007154107093811,
            0.0
          ],
          [
            0.0,
            0.0,
            0.0,
            1.0
          ]
        ],
        "rotation_mode": "QUATERNION"
      },
      "armature_space": {
        "head": {
          "x": 0.506125807762146,
          "y": -0.2814030647277832,
          "z": 0.12034477293491364
        },
        "tail": {
          "x": 0.5080216526985168,
          "y": -0.29528433084487915,
          "z": 0.09550941735506058
        }
      },
      "world_space": {
        "head": {
          "x": 0.506125807762146,
          "y": -0.21815906465053558,
          "z": 1.0701987743377686
        },
        "tail": {
          "x": 0.5080216526985168,
          "y": -0.23204033076763153,
          "z": 1.045363426208496
        },
        "rotation_quaternion": {
          "w": 0.28924819827079773,
          "x": -0.5447869300842285,
          "y": -0.41584548354148865,
          "z": 0.668292760848999
        },
        "matrix": [
          [
            -0.2390870302915573,
            0.06648698449134827,
            -0.9687191843986511,
            0.506125807762146
          ],
          [
            0.839698851108551,
            -0.48681700229644775,
            -0.2406560480594635,
            -0.21815906465053558
          ],
          [
            -0.4875922203063965,
            -0.8709768652915955,
            0.06056267023086548,
            1.0701987743377686
          ],
          [
            0.0,
            0.0,
            0.0,
            1.0
          ]
        ]
      },
      "bone_length_armature_space": 0.028514533782587555,
      "parent": "metacarpal_index_l",
      "has_children": true,
      "is_end_bone": false
    },
    "index_02_l": {
      "name": "index_02_l",
      "local": {
        "location": {
          "x": 0.0,
          "y": 0.0,
          "z": 0.0
        },
        "rotation_quaternion": {
          "w": 0.9163968563079834,
          "x": 0.4002406597137451,
          "y": -0.0013097971677780151,
          "z": 0.004744569770991802
        },
        "scale": {
          "x": 1.0,
          "y": 1.0,
          "z": 1.0
        },
        "matrix_basis": [
          [
            0.9999515414237976,
            -0.009744285605847836,
            0.0013973515015095472,
            0.0
          ],
          [
            0.007647349499166012,
            0.6795697808265686,
            -0.7335709929466248,
            0.0
          ],
          [
            0.006198527291417122,
            0.7335461378097534,
            0.6796113848686218,
            0.0
          ],
          [
            0.0,
            0.0,
            0.0,
            1.0
          ]
        ],
        "rotation_mode": "QUATERNION"
      },
      "armature_space": {
        "head": {
          "x": 0.5080214142799377,
          "y": -0.29528480768203735,
          "z": 0.09550922363996506
        },
        "tail": {
          "x": 0.4918682277202606,
          "y": -0.30924665927886963,
          "z": 0.08128829300403595
        }
      },
      "world_space": {
        "head": {
          "x": 0.5080214142799377,
          "y": -0.23204080760478973,
          "z": 1.045363187789917
        },
        "tail": {
          "x": 0.4918682277202606,
          "y": -0.246002659201622,
          "z": 1.0311423540115356
        },
        "rotation_quaternion": {
          "w": 0.45757776498794556,
          "x": -0.3686732053756714,
          "y": -0.13600052893161774,
          "z": 0.7976256012916565
        },
        "matrix": [
          [
            -0.3094037175178528,
            -0.6296737194061279,
            -0.7125871777534485,
            0.5080214142799377
          ],
          [
            0.8302311897277832,
            -0.5442522764205933,
            0.12044088542461395,
            -0.23204080760478973
          ],
          [
            -0.46366816759109497,
            -0.5543516874313354,
            0.6911733746528625,
            1.045363187789917
          ],
          [
            0.0,
            0.0,
            0.0,
            1.0
          ]
        ]
      },
      "bone_length_armature_space": 0.025653335112545264,
      "parent": "index_01_l",
      "has_children": true,
      "is_end_bone": false
    },
    "index_03_l": {
      "name": "index_03_l",
      "local": {
        "location": {
          "x": 0.0,
          "y": 0.0,
          "z": 0.0
        },
        "rotation_quaternion": {
          "w": 0.9677681922912598,
          "x": 0.2518382668495178,
          "y": 0.000927656888961792,
          "z": -0.001241032499819994
        },
        "scale": {
          "x": 1.0,
          "y": 1.0,
          "z": 1.0
        },
        "matrix_basis": [
          [
            0.9999951720237732,
            0.0028693026397377253,
            0.001170434756204486,
            0.0
          ],
          [
            -0.0019348245114088058,
            0.8731518983840942,
            -0.4874444305896759,
            0.0
          ],
          [
            -0.002420592587441206,
            0.4874398112297058,
            0.8731532692909241,
            0.0
          ],
          [
            0.0,
            0.0,
            0.0,
            1.0
          ]
        ],
        "rotation_mode": "QUATERNION"
      },
      "armature_space": {
        "head": {
          "x": 0.49186834692955017,
          "y": -0.309246689081192,
          "z": 0.08128821104764938
        },
        "tail": {
          "x": 0.46406835317611694,
          "y": -0.3175276219844818,
          "z": 0.07777857780456543
        }
      },
      "world_space": {
        "head": {
          "x": 0.49186834692955017,
          "y": -0.2460026890039444,
          "z": 1.031142234802246
        },
        "tail": {
          "x": 0.46406835317611694,
          "y": -0.254283607006073,
          "z": 1.0276325941085815
        },
        "rotation_quaternion": {
          "w": 0.5905464887619019,
          "x": -0.22872936725616455,
          "y": 0.0977143868803978,
          "z": 0.7677173018455505
        },
        "matrix": [
          [
            -0.19787468016147614,
            -0.9514462947845459,
            -0.23578715324401855,
            0.49186834692955017
          ],
          [
            0.8620447516441345,
            -0.28341230750083923,
            0.4201864004135132,
            -0.2460026890039444
          ],
          [
            -0.4666122794151306,
            -0.12011611461639404,
            0.8762760162353516,
            1.031142234802246
          ],
          [
            0.0,
            0.0,
            0.0,
            1.0
          ]
        ]
      },
      "bone_length_armature_space": 0.02921867586939311,
      "parent": "index_02_l",
      "has_children": false,
      "is_end_bone": true
    },
    "metacarpal_pinky_l": {
      "name": "metacarpal_pinky_l",
      "local": {
        "location": {
          "x": 0.0,
          "y": 0.0,
          "z": 0.0
        },
        "rotation_quaternion": {
          "w": 0.99993896484375,
          "x": 0.003224904416128993,
          "y": 0.003070067148655653,
          "z": -0.010116413235664368
        },
        "scale": {
          "x": 1.0,
          "y": 1.0,
          "z": 1.0
        },
        "matrix_basis": [
          [
            0.9997764825820923,
            0.02025139331817627,
            0.0060745105147361755,
            0.0
          ],
          [
            -0.02021178975701332,
            0.9997745156288147,
            -0.006511531304568052,
            0.0
          ],
          [
            -0.006205008365213871,
            0.0063872989267110825,
            0.9999603629112244,
            0.0
          ],
          [
            0.0,
            0.0,
            0.0,
            1.0
          ]
        ],
        "rotation_mode": "QUATERNION"
      },
      "armature_space": {
        "head": {
          "x": 0.4575086832046509,
          "y": -0.20177771151065826,
          "z": 0.19123534858226776
        },
        "tail": {
          "x": 0.5233554840087891,
          "y": -0.22188250720500946,
          "z": 0.11311174184083939
        }
      },
      "world_space": {
        "head": {
          "x": 0.4575086832046509,
          "y": -0.13853371143341064,
          "z": 1.1410893201828003
        },
        "tail": {
          "x": 0.5233554840087891,
          "y": -0.15863850712776184,
          "z": 1.062965750694275
        },
        "rotation_quaternion": {
          "w": 0.5190503597259521,
          "x": -0.1956704705953598,
          "y": 0.3661283552646637,
          "z": -0.7471612095832825
        },
        "matrix": [
          [
            -0.38459691405296326,
            0.6323475241661072,
            0.6724743247032166,
            0.4575086832046509
          ],
          [
            -0.9189109802246094,
            -0.1930726021528244,
            -0.3439854383468628,
            -0.13853371143341064
          ],
          [
            -0.08768343925476074,
            -0.7502452731132507,
            0.65533047914505,
            1.1410893201828003
          ],
          [
            0.0,
            0.0,
            0.0,
            1.0
          ]
        ]
      },
      "bone_length_armature_space": 0.10413117733966493,
      "parent": "lowerarm_l",
      "has_children": true,
      "is_end_bone": false
    },
    "pinky_01_l": {
      "name": "pinky_01_l",
      "local": {
        "location": {
          "x": 0.0,
          "y": 0.0,
          "z": 0.0
        },
        "rotation_quaternion": {
          "w": 0.9408782720565796,
          "x": 0.3384553790092468,
          "y": -0.013987489975988865,
          "z": 0.0006567715900018811
        },
        "scale": {
          "x": 1.0,
          "y": 1.0,
          "z": 1.0
        },
        "matrix_basis": [
          [
            0.9996078610420227,
            -0.010704166255891323,
            -0.025876475498080254,
            0.0
          ],
          [
            -0.008232397958636284,
            0.7708950638771057,
            -0.636909008026123,
            0.0
          ],
          [
            0.026765625923871994,
            0.6368722319602966,
            0.7705045938491821,
            0.0
          ],
          [
            0.0,
            0.0,
            0.0,
            1.0
          ]
        ],
        "rotation_mode": "QUATERNION"
      },
      "armature_space": {
        "head": {
          "x": 0.5233554840087891,
          "y": -0.22188250720500946,
          "z": 0.11311174184083939
        },
