{
  "metadata": {
    "armature_name": "KIM_caucasian_male",
    "export_time": "2026-01-13T21:16:10.732925",
    "blender_version": "4.4.1",
    "bone_count": 56,
    "end_bone_count": 13,
    "spaces_included": [
      "LOCAL_CHANNELS",
      "ARMATURE_SPACE",
      "WORLD_SPACE"
    ],
    "note": "LOCAL matches Transform panel; replay pose via local.matrix_basis for best fidelity."
  },
  "bones": {
    "Root": {
      "name": "Root",
      "local": {
        "location": {
          "x": 0.0,
          "y": 0.0,
          "z": 0.0
        },
        "rotation_quaternion": {
          "w": 0.9997426271438599,
          "x": 0.009335491806268692,
          "y": -0.0035449734423309565,
          "z": 0.02037401869893074
        },
        "scale": {
          "x": 1.0,
          "y": 1.0,
          "z": 1.0
        },
        "matrix_basis": [
          [
            0.9991446733474731,
            -0.04080373793840408,
            -0.006707719061523676,
            0.0
          ],
          [
            0.04067136347293854,
            0.9989954829216003,
            -0.018810629844665527,
            0.0
          ],
          [
            0.007468525320291519,
            0.018521727994084358,
            0.9998005628585815,
            0.0
          ],
          [
            0.0,
            0.0,
            0.0,
            1.0
          ]
        ],
        "rotation_mode": "QUATERNION"
      },
      "armature_space": {
        "head": {
          "x": 0.0,
          "y": 0.07072800397872925,
          "z": -0.009595036506652832
        },
        "tail": {
          "x": -0.0029124021530151367,
          "y": -0.00010666996240615845,
          "z": -0.0013196524232625961
        }
      },
      "world_space": {
        "head": {
          "x": 0.0,
          "y": 0.13397200405597687,
          "z": 0.9402589797973633
        },
        "tail": {
          "x": -0.0029124021530151367,
          "y": 0.06313733011484146,
          "z": 0.948534369468689
        },
        "rotation_quaternion": {
          "w": 0.05803602561354637,
          "x": 0.9981002807617188,
          "y": -0.020566551014780998,
          "z": -0.0021643666550517082
        },
        "matrix": [
          [
            0.9991446733474731,
            -0.04080373793840408,
            -0.006707719061523676,
            0.0
          ],
          [
            -0.041306186467409134,
            -0.9924176335334778,
            -0.11576299369335175,
            0.13397200405597687
          ],
          [
            -0.0019333483651280403,
            0.11594092100858688,
            -0.9932612776756287,
            0.9402589797973633
          ],
          [
            0.0,
            0.0,
            0.0,
            1.0
          ]
        ]
      },
      "bone_length_armature_space": 0.07137587265326727,
      "parent": null,
      "has_children": true,
      "is_end_bone": false
    },
    "spine_01": {
      "name": "spine_01",
      "local": {
        "location": {
          "x": 0.0,
          "y": 0.0,
          "z": 0.0
        },
        "rotation_quaternion": {
          "w": 0.998683750629425,
          "x": 0.020476283505558968,
          "y": -0.006426277104765177,
          "z": 0.04658736288547516
        },
        "scale": {
          "x": 1.0,
          "y": 1.0,
          "z": 1.0
        },
        "matrix_basis": [
          [
            0.9955766201019287,
            -0.0933152586221695,
            -0.01092776469886303,
            0.0
          ],
          [
            0.09278891235589981,
            0.9948206543922424,
            -0.041497427970170975,
            0.0
          ],
          [
            0.014743508771061897,
            0.04029989615082741,
            0.9990788698196411,
            0.0
          ],
          [
            0.0,
            0.0,
            0.0,
            1.0
          ]
        ],
        "rotation_mode": "QUATERNION"
      },
      "armature_space": {
        "head": {
          "x": -0.0029124021530151367,
          "y": -0.00010666996240615845,
          "z": -0.0013196524232625961
        },
        "tail": {
          "x": -0.04772115871310234,
          "y": -0.004268323536962271,
          "z": 0.484605610370636
        }
      },
      "world_space": {
        "head": {
          "x": -0.0029124021530151367,
          "y": 0.06313733011484146,
          "z": 0.948534369468689
        },
        "tail": {
          "x": -0.04772115871310234,
          "y": 0.05897567793726921,
          "z": 1.4344596862792969
        },
        "rotation_quaternion": {
          "w": 0.7022296190261841,
          "x": 0.7099828720092773,
          "y": -0.051082123070955276,
          "z": 0.013732041232287884
        },
        "matrix": [
          [
            0.9944040179252625,
            -0.09182099252939224,
            -0.05224437639117241,
            -0.0029124021530151367
          ],
          [
            -0.05324937403202057,
            -0.008527956902980804,
            -0.9985448718070984,
            0.06313733011484146
          ],
          [
            0.09124243259429932,
            0.9957459568977356,
            -0.01337064802646637,
            0.948534369468689
          ],
          [
            0.0,
            0.0,
            0.0,
            1.0
          ]
        ]
      },
      "bone_length_armature_space": 0.48800460776999577,
      "parent": "Root",
      "has_children": true,
      "is_end_bone": false
    },
    "neck_01": {
      "name": "neck_01",
      "local": {
        "location": {
          "x": 0.0,
          "y": 0.0,
          "z": 0.0
        },
        "rotation_quaternion": {
          "w": 0.9882073402404785,
          "x": -0.10226885974407196,
          "y": 0.061882134526968,
          "z": -0.09569741040468216
        },
        "scale": {
          "x": 1.0,
          "y": 1.0,
          "z": 1.0
        },
        "matrix_basis": [
          [
            0.9740251898765564,
            0.17648053169250488,
            0.14187848567962646,
            0.0
          ],
          [
            -0.20179499685764313,
            0.9607661962509155,
            0.19028174877166748,
            0.0
          ],
          [
            -0.10273102670907974,
            -0.21396960318088531,
            0.9714233875274658,
            0.0
          ],
          [
            0.0,
            0.0,
            0.0,
            1.0
          ]
        ],
        "rotation_mode": "QUATERNION"
      },
      "armature_space": {
        "head": {
          "x": -0.0562560111284256,
          "y": -0.03952270746231079,
          "z": 0.5570488572120667
        },
        "tail": {
          "x": -0.04825291782617569,
          "y": -0.05846847593784332,
          "z": 0.6574867367744446
        }
      },
      "world_space": {
        "head": {
          "x": -0.0562560111284256,
          "y": 0.02372129261493683,
          "z": 1.5069029331207275
        },
        "tail": {
          "x": -0.04825291782617569,
          "y": 0.004775524139404297,
          "z": 1.6073408126831055
        },
        "rotation_quaternion": {
          "w": 0.6352093815803528,
          "x": 0.7695041298866272,
          "y": 0.06410744786262512,
          "z": 0.016214517876505852
        },
        "matrix": [
          [
            0.9912545084953308,
            0.07806271314620972,
            0.10639794170856476,
            -0.0562560111284256
          ],
          [
            0.1192614957690239,
            -0.18479830026626587,
            -0.9755134582519531,
            0.02372129261493683
          ],
          [
            -0.05648934096097946,
            0.9796779155731201,
            -0.19249434769153595,
            1.5069029331207275
          ],
          [
            0.0,
            0.0,
            0.0,
            1.0
          ]
        ]
      },
      "bone_length_armature_space": 0.10252199403443378,
      "parent": "spine_01",
      "has_children": true,
      "is_end_bone": false
    },
    "head": {
      "name": "head",
      "local": {
        "location": {
          "x": 0.0,
          "y": 0.0,
          "z": 0.0
        },
        "rotation_quaternion": {
          "w": 0.9843410849571228,
          "x": 0.0470241904258728,
          "y": -0.1605875939130783,
          "z": 0.05543500930070877
        },
        "scale": {
          "x": 1.0,
          "y": 1.0,
          "z": 1.0
        },
        "matrix_basis": [
          [
            0.942277193069458,
            -0.12423691898584366,
            -0.31093236804008484,
            0.0
          ],
          [
            0.09403090924024582,
            0.9894313812255859,
            -0.11038003116846085,
            0.0
          ],
          [
            0.3213595151901245,
            0.07477133721113205,
            0.9440007209777832,
            0.0
          ],
          [
            0.0,
            0.0,
            0.0,
            1.0
          ]
        ],
        "rotation_mode": "QUATERNION"
      },
      "armature_space": {
        "head": {
          "x": -0.04825291037559509,
          "y": -0.058468617498874664,
          "z": 0.657486617565155
        },
        "tail": {
          "x": -0.06074642017483711,
          "y": -0.04437507688999176,
          "z": 0.8114300966262817
        }
      },
      "world_space": {
        "head": {
          "x": -0.04825291037559509,
          "y": 0.004775382578372955,
          "z": 1.6073405742645264
        },
        "tail": {
          "x": -0.06074642017483711,
          "y": 0.01886892318725586,
          "z": 1.7612841129302979
        },
        "rotation_quaternion": {
          "w": 0.7318122982978821,
          "x": 0.6732282638549805,
          "y": -0.09943374991416931,
          "z": -0.03643473982810974
        },
        "matrix": [
          [
            0.9775710105895996,
            -0.08055640012025833,
            -0.19459094107151031,
            -0.04825291037559509
          ],
          [
            -0.18720939755439758,
            0.09087318927049637,
            -0.9781078100204468,
            0.004775382578372955
          ],
          [
            0.09647642076015472,
            0.9926061034202576,
            0.07375362515449524,
            1.6073405742645264
          ],
          [
            0.0,
            0.0,
            0.0,
            1.0
          ]
        ]
      },
      "bone_length_armature_space": 0.15509129597680704,
      "parent": "neck_01",
      "has_children": false,
      "is_end_bone": true
    },
    "upperarm_l": {
      "name": "upperarm_l",
      "local": {
        "location": {
          "x": 0.0,
          "y": 0.0,
          "z": 0.0
        },
        "rotation_quaternion": {
          "w": -0.6613348126411438,
          "x": 0.5653277039527893,
          "y": -0.1829679161310196,
          "z": 0.45778125524520874
        },
        "scale": {
          "x": 1.0,
          "y": 1.0,
          "z": 1.0
        },
        "matrix_basis": [
          [
            0.5139181017875671,
            0.39861971139907837,
            0.759598970413208,
            0.0
          ],
          [
            -0.8123670220375061,
            -0.058318182826042175,
            0.5802232027053833,
            0.0
          ],
          [
            0.2755867540836334,
            -0.915260374546051,
            0.29385465383529663,
            0.0
          ],
          [
            0.0,
            0.0,
            0.0,
            1.0
          ]
        ],
        "rotation_mode": "QUATERNION"
      },
      "armature_space": {
        "head": {
          "x": 0.09890906512737274,
          "y": -0.050121452659368515,
          "z": 0.5037707686424255
        },
        "tail": {
          "x": 0.09365466982126236,
          "y": 0.19878770411014557,
          "z": 0.40465283393859863
        }
      },
      "world_space": {
        "head": {
          "x": 0.09890906512737274,
          "y": 0.013122547417879105,
          "z": 1.4536247253417969
        },
        "tail": {
          "x": 0.09365466982126236,
          "y": 0.2620317041873932,
          "z": 1.3545068502426147
        },
        "rotation_quaternion": {
          "w": 0.32580411434173584,
          "x": -0.07189436256885529,
          "y": 0.92643803358078,
          "z": -0.17434336245059967
        },
        "matrix": [
          [
            -0.7773659229278564,
            -0.01960817724466324,
            0.6287431716918945,
            0.09890906512737274
          ],
          [
            -0.24681511521339417,
            0.9288714528083801,
            -0.276189386844635,
            0.013122547417879105
          ],
          [
            -0.5786099433898926,
            -0.36988526582717896,
            -0.7269176840782166,
            1.4536247253417969
          ],
          [
            0.0,
            0.0,
            0.0,
            1.0
          ]
        ]
      },
      "bone_length_armature_space": 0.26796966743031436,
      "parent": "spine_01",
      "has_children": true,
      "is_end_bone": false
    },
    "lowerarm_l": {
      "name": "lowerarm_l",
      "local": {
        "location": {
          "x": 0.0,
          "y": 0.0,
          "z": 0.0
        },
        "rotation_quaternion": {
          "w": 0.9439756274223328,
          "x": 0.09481653571128845,
          "y": -0.046940531581640244,
          "z": 0.31259632110595703
        },
        "scale": {
          "x": 1.0,
          "y": 1.0,
          "z": 1.0
        },
        "matrix_basis": [
          [
            0.8001602292060852,
            -0.5990681052207947,
            -0.029342835769057274,
            0.0
          ],
          [
            0.5812651515007019,
            0.7865867018699646,
            -0.2083558738231659,
            0.0
          ],
          [
            0.1479000300168991,
            0.14966212213039398,
            0.9776127934455872,
            0.0
          ],
          [
            0.0,
            0.0,
            0.0,
            1.0
          ]
        ],
        "rotation_mode": "QUATERNION"
      },
      "armature_space": {
        "head": {
          "x": 0.09365479648113251,
          "y": 0.19878779351711273,
          "z": 0.40465280413627625
        },
        "tail": {
          "x": 0.2543235719203949,
          "y": 0.4126836955547333,
          "z": 0.4065116345882416
        }
      },
      "world_space": {
        "head": {
          "x": 0.09365479648113251,
          "y": 0.26203179359436035,
          "z": 1.3545068502426147
        },
        "tail": {
          "x": 0.2543235719203949,
          "y": 0.4759277105331421,
          "z": 1.35636568069458
        },
        "rotation_quaternion": {
          "w": 0.4889562726020813,
          "x": 0.2731599509716034,
          "y": 0.8128290176391602,
          "z": -0.16004514694213867
        },
        "matrix": [
          [
            -0.37261033058166504,
            0.6005759835243225,
            0.7074392437934875,
            0.09365479648113251
          ],
          [
            0.2875545918941498,
            0.7995376586914062,
            -0.5273064374923706,
            0.26203179359436035
          ],
          [
            -0.8823174238204956,
            0.006948240101337433,
            -0.47061803936958313,
            1.3545068502426147
          ],
          [
            0.0,
            0.0,
            0.0,
            1.0
          ]
        ]
      },
      "bone_length_armature_space": 0.26752451555783713,
      "parent": "upperarm_l",
      "has_children": true,
      "is_end_bone": false
    },
    "metacarpal_thumb_l": {
      "name": "metacarpal_thumb_l",
      "local": {
        "location": {
          "x": 0.0,
          "y": 0.0,
          "z": 0.0
        },
        "rotation_quaternion": {
          "w": 0.9991433620452881,
          "x": -0.040372334420681,
          "y": 0.007670848164707422,
          "z": 0.004890421871095896
        },
        "scale": {
          "x": 1.0,
          "y": 1.0,
          "z": 1.0
        },
        "matrix_basis": [
          [
            0.9998344779014587,
            -0.010391845367848873,
            0.014933678321540356,
            0.0
          ],
          [
            0.009153084829449654,
            0.9966922998428345,
            0.08075052499771118,
            0.0
          ],
          [
            -0.01572342962026596,
            -0.08060047030448914,
            0.9966224431991577,
            0.0
          ],
          [
            0.0,
            0.0,
            0.0,
            1.0
          ]
        ],
        "rotation_mode": "QUATERNION"
      },
      "armature_space": {
        "head": {
          "x": 0.2543235719203949,
          "y": 0.4126836955547333,
          "z": 0.4065116345882416
        },
        "tail": {
          "x": 0.29705217480659485,
          "y": 0.42996683716773987,
          "z": 0.38836920261383057
        }
      },
      "world_space": {
        "head": {
          "x": 0.2543235719203949,
          "y": 0.4759277105331421,
          "z": 1.35636568069458
        },
        "tail": {
          "x": 0.29705217480659485,
          "y": 0.4932108521461487,
          "z": 1.3382232189178467
        },
        "rotation_quaternion": {
          "w": 0.2502092123031616,
          "x": -0.5681523084640503,
          "y": -0.7822112441062927,
          "z": 0.052383631467819214
        },
        "matrix": [
          [
            -0.22919586300849915,
            0.8626173138618469,
            -0.4509551525115967,
            0.2543235719203949
          ],
          [
            0.9150438904762268,
            0.3489168882369995,
            0.2023652046918869,
            0.4759277105331421
          ],
          [
            0.3319127857685089,
            -0.366264671087265,
            -0.8693087100982666,
            1.35636568069458
          ],
          [
            0.0,
            0.0,
            0.0,
            1.0
          ]
        ]
      },
      "bone_length_armature_space": 0.04953370870954381,
      "parent": "lowerarm_l",
      "has_children": true,
      "is_end_bone": false
    },
    "thumb_01_l": {
      "name": "thumb_01_l",
      "local": {
        "location": {
          "x": 0.0,
          "y": 0.0,
          "z": 0.0
        },
        "rotation_quaternion": {
          "w": 0.9980393648147583,
          "x": -0.061535388231277466,
          "y": 0.006313426420092583,
          "z": -0.009539259597659111
        },
        "scale": {
          "x": 1.0,
          "y": 1.0,
          "z": 1.0
        },
        "matrix_basis": [
          [
            0.9997382760047913,
            0.01826411485671997,
            0.013776100240647793,
            0.0
          ],
          [
            -0.01981811225414276,
            0.9922447800636292,
            0.12270902842283249,
            0.0
          ],
          [
            -0.011428091675043106,
            -0.12294992804527283,
            0.9923470616340637,
            0.0
          ],
          [
            0.0,
            0.0,
            0.0,
            1.0
          ]
        ],
        "rotation_mode": "QUATERNION"
      },
      "armature_space": {
        "head": {
          "x": 0.29705217480659485,
          "y": 0.42996683716773987,
          "z": 0.38836920261383057
        },
        "tail": {
          "x": 0.30733415484428406,
          "y": 0.43515002727508545,
          "z": 0.35633713006973267
        }
      },
      "world_space": {
        "head": {
          "x": 0.29705217480659485,
          "y": 0.4932108521461487,
          "z": 1.3382232189178467
        },
        "tail": {
          "x": 0.30733415484428406,
          "y": 0.4983940124511719,
          "z": 1.3061912059783936
        },
        "rotation_quaternion": {
          "w": 0.7425333857536316,
          "x": -0.6476840972900391,
          "y": -0.15742090344429016,
          "z": -0.06609148532152176
        },
        "matrix": [
          [
            0.9417012929916382,
            0.3020683228969574,
            -0.14816614985466003,
            0.29705217480659485
          ],
          [
            0.10576599836349487,
            0.15227435529232025,
            0.9826628565788269,
            0.4932108521461487
          ],
          [
            0.31939542293548584,
            -0.9410520792007446,
            0.11145015060901642,
            1.3382232189178467
          ],
          [
            0.0,
            0.0,
            0.0,
            1.0
          ]
        ]
      },
      "bone_length_armature_space": 0.034038775706267385,
      "parent": "metacarpal_thumb_l",
      "has_children": true,
      "is_end_bone": false
    },
    "thumb_02_l": {
      "name": "thumb_02_l",
      "local": {
        "location": {
          "x": 0.0,
          "y": 0.0,
          "z": 0.0
        },
        "rotation_quaternion": {
          "w": 0.993718683719635,
          "x": 0.1117103099822998,
          "y": 0.006641924846917391,
          "z": -0.00011422410898376256
        },
        "scale": {
          "x": 1.0,
          "y": 1.0,
          "z": 1.0
        },
        "matrix_basis": [
          [
            0.9999117255210876,
            0.0017109562177211046,
            0.013174889609217644,
            0.0
          ],
          [
            0.0012569297105073929,
            0.9750415682792664,
            -0.222018763422966,
            0.0
          ],
          [
            -0.01322592981159687,
            0.22201572358608246,
            0.9749533534049988,
            0.0
          ],
          [
            0.0,
            0.0,
            0.0,
            1.0
          ]
        ],
        "rotation_mode": "QUATERNION"
      },
      "armature_space": {
        "head": {
          "x": 0.30733412504196167,
          "y": 0.4351499676704407,
          "z": 0.35633713006973267
        },
        "tail": {
          "x": 0.33234113454818726,
          "y": 0.4665650427341461,
          "z": 0.35729658603668213
        }
      },
      "world_space": {
        "head": {
          "x": 0.30733412504196167,
          "y": 0.4983939528465271,
          "z": 1.3061912059783936
        },
        "tail": {
          "x": 0.33234113454818726,
          "y": 0.5298090577125549,
          "z": 1.3071506023406982
        },
        "rotation_quaternion": {
          "w": 0.936686098575592,
          "x": -0.02833663485944271,
          "y": -0.11704842746257782,
          "z": -0.3288097381591797
        },
        "matrix": [
          [
            0.7563674449920654,
            0.6226165890693665,
            -0.2006404846906662,
            0.30733412504196167
          ],
          [
            -0.6093496084213257,
            0.7821622490882874,
            0.1300593614578247,
            0.4983939528465271
          ],
          [
            0.2379114329814911,
            0.023888394236564636,
            0.9709998965263367,
            1.3061912059783936
          ],
          [
            0.0,
            0.0,
            0.0,
            1.0
          ]
        ]
      },
      "bone_length_armature_space": 0.04016438722276293,
      "parent": "thumb_01_l",
      "has_children": true,
      "is_end_bone": false
    },
    "thumb_03_l": {
      "name": "thumb_03_l",
      "local": {
        "location": {
          "x": 0.0,
          "y": 0.0,
          "z": 0.0
        },
        "rotation_quaternion": {
          "w": 0.9966116547584534,
          "x": 0.08203773945569992,
          "y": -0.005923055112361908,
          "z": -0.00019802211318165064
        },
        "scale": {
          "x": 1.0,
          "y": 1.0,
          "z": 1.0
        },
        "matrix_basis": [
          [
            0.9999297857284546,
            -0.00057712581474334,
            -0.011838462203741074,
            0.0
          ],
          [
            -0.0013665304286405444,
            0.9865395426750183,
            -0.16351719200611115,
            0.0
          ],
          [
            0.011773481033742428,
            0.1635218858718872,
            0.9864694476127625,
            0.0
          ],
          [
            0.0,
            0.0,
            0.0,
            1.0
          ]
        ],
        "rotation_mode": "QUATERNION"
      },
      "armature_space": {
        "head": {
          "x": 0.33234116435050964,
          "y": 0.46656498312950134,
          "z": 0.35729655623435974
        },
        "tail": {
          "x": 0.34474045038223267,
          "y": 0.4915405809879303,
          "z": 0.36951830983161926
        }
      },
      "world_space": {
        "head": {
          "x": 0.33234116435050964,
          "y": 0.5298089981079102,
          "z": 1.3071506023406982
        },
        "tail": {
          "x": 0.34474045038223267,
          "y": 0.5547845959663391,
          "z": 1.319372296333313
        },
        "rotation_quaternion": {
          "w": 0.9540309906005859,
          "x": 0.21069440245628357,
          "y": 0.001366030192002654,
          "z": -0.2131451964378357
        },
        "matrix": [
          [
            0.9091343879699707,
            0.4072698652744293,
            -0.0872112512588501,
            0.33234116435050964
          ],
          [
            -0.4061191976070404,
            0.8203540444374084,
            -0.4025996923446655,
            0.5298089981079102
          ],
          [
            -0.09242374449968338,
            0.40143883228302,
            0.911217987537384,
            1.3071506023406982
          ],
          [
            0.0,
            0.0,
            0.0,
            1.0
          ]
        ]
      },
      "bone_length_armature_space": 0.030444934454023305,
      "parent": "thumb_02_l",
      "has_children": false,
      "is_end_bone": true
    },
    "metacarpal_index_l": {
      "name": "metacarpal_index_l",
      "local": {
        "location": {
          "x": 0.0,
          "y": 0.0,
          "z": 0.0
        },
        "rotation_quaternion": {
          "w": 0.999640703201294,
          "x": -0.013831054791808128,
          "y": -0.012494111433625221,
          "z": 0.019267497584223747
        },
        "scale": {
          "x": 1.0,
          "y": 1.0,
          "z": 1.0
        },
        "matrix_basis": [
          [
            0.9989452958106995,
            -0.03817553445696831,
            -0.025512224063277245,
            0.0
          ],
          [
            0.038866762071847916,
            0.9988749027252197,
            0.027170710265636444,
            0.0
          ],
          [
            0.024446265771985054,
            -0.028133630752563477,
            0.9993051886558533,
            0.0
          ],
          [
            0.0,
            0.0,
            0.0,
            1.0
          ]
        ],
        "rotation_mode": "QUATERNION"
      },
      "armature_space": {
        "head": {
          "x": 0.2543235719203949,
          "y": 0.4126836955547333,
          "z": 0.4065116345882416
        },
        "tail": {
          "x": 0.3472443222999573,
          "y": 0.48191171884536743,
          "z": 0.38912102580070496
        }
      },
      "world_space": {
        "head": {
          "x": 0.2543235719203949,
          "y": 0.4759277105331421,
          "z": 1.35636568069458
        },
        "tail": {
          "x": 0.3472443222999573,
          "y": 0.5451557040214539,
          "z": 1.3389750719070435
        },
        "rotation_quaternion": {
          "w": 0.04664740711450577,
          "x": 0.4396333396434784,
          "y": 0.8906384110450745,
          "z": -0.10634733736515045
        },
        "matrix": [
          [
            -0.6090930104255676,
            0.7930305600166321,
            -0.01041625440120697,
            0.2543235719203949
          ],
          [
            0.7731871604919434,
            0.5908252596855164,
            -0.23044992983341217,
            0.4759277105331421
          ],
          [
            -0.17660008370876312,
            -0.14841973781585693,
            -0.9730352759361267,
            1.35636568069458
          ],
          [
            0.0,
            0.0,
            0.0,
            1.0
          ]
        ]
      },
      "bone_length_armature_space": 0.11717174642691633,
      "parent": "lowerarm_l",
      "has_children": true,
      "is_end_bone": false
    },
    "index_01_l": {
      "name": "index_01_l",
      "local": {
        "location": {
          "x": 0.0,
          "y": 0.0,
          "z": 0.0
        },
        "rotation_quaternion": {
          "w": 0.9937140941619873,
          "x": -0.11134263128042221,
          "y": -0.01162655372172594,
          "z": 0.00023090947070159018
        },
        "scale": {
          "x": 1.0,
          "y": 1.0,
          "z": 1.0
        },
        "matrix_basis": [
          [
            0.9997295141220093,
            0.002130146138370037,
            -0.02315836027264595,
            0.0
          ],
          [
            0.0030479782726615667,
            0.9752055406570435,
            0.22128011286258698,
            0.0
          ],
          [
            0.02305551990866661,
            -0.22129085659980774,
            0.9749352931976318,
            0.0
          ],
          [
            0.0,
            0.0,
            0.0,
            1.0
          ]
        ],
        "rotation_mode": "QUATERNION"
      },
      "armature_space": {
        "head": {
          "x": 0.3472443222999573,
          "y": 0.48191171884536743,
          "z": 0.38912102580070496
        },
        "tail": {
          "x": 0.3615768253803253,
          "y": 0.5061787366867065,
          "z": 0.3934522271156311
        }
      },
      "world_space": {
        "head": {
          "x": 0.3472443222999573,
          "y": 0.5451557040214539,
          "z": 1.3389750719070435
        },
        "tail": {
          "x": 0.3615768253803253,
          "y": 0.569422721862793,
          "z": 1.343306303024292
        },
        "rotation_quaternion": {
          "w": 0.08173755556344986,
          "x": 0.266999751329422,
          "y": 0.9585624933242798,
          "z": 0.056462615728378296
        },
        "matrix": [
          [
            -0.8440601825714111,
            0.5026418566703796,
            0.18685242533683777,
            0.3472443222999573
          ],
          [
            0.521102249622345,
            0.8510462641716003,
            0.06459733098745346,
            0.5451557040214539
          ],
          [
            -0.12655103206634521,
            0.1518949419260025,
            -0.9802685379981995,
            1.3389750719070435
          ],
          [
            0.0,
            0.0,
            0.0,
            1.0
          ]
        ]
      },
      "bone_length_armature_space": 0.028514348570879325,
      "parent": "metacarpal_index_l",
      "has_children": true,
      "is_end_bone": false
    },
    "index_02_l": {
      "name": "index_02_l",
      "local": {
        "location": {
          "x": 0.0,
          "y": 0.0,
          "z": 0.0
        },
        "rotation_quaternion": {
          "w": 0.9987969398498535,
          "x": 0.0480060800909996,
          "y": 0.005413623061031103,
          "z": -0.008417090401053429
        },
        "scale": {
          "x": 1.0,
          "y": 1.0,
          "z": 1.0
        },
        "matrix_basis": [
          [
            0.9997996687889099,
            0.017333701252937317,
            0.010006077587604523,
            0.0
          ],
          [
            -0.01629415526986122,
            0.9952491521835327,
            -0.09598778933286667,
            0.0
          ],
          [
            -0.011622363701462746,
            0.09580551832914352,
            0.9953322410583496,
            0.0
          ],
          [
            0.0,
            0.0,
            0.0,
            1.0
          ]
        ],
        "rotation_mode": "QUATERNION"
      },
      "armature_space": {
        "head": {
          "x": 0.3615773022174835,
          "y": 0.5061789751052856,
          "z": 0.3934520184993744
        },
        "tail": {
          "x": 0.3738238513469696,
          "y": 0.5286144018173218,
          "z": 0.39563485980033875
        }
      },
      "world_space": {
        "head": {
          "x": 0.3615773022174835,
          "y": 0.5694229602813721,
          "z": 1.343306064605713
        },
        "tail": {
          "x": 0.3738238513469696,
          "y": 0.5918583869934082,
          "z": 1.3454889059066772
        },
        "rotation_quaternion": {
          "w": 0.10170336812734604,
          "x": 0.24980297684669495,
          "y": 0.9627761840820312,
          "z": 0.017801834270358086
        },
        "matrix": [
          [
            -0.8545097708702087,
            0.4773878753185272,
            0.20472921431064606,
            0.3615773022174835
          ],
          [
            0.48462975025177,
            0.8745630979537964,
            -0.016534022986888885,
            0.5694229602813721
          ],
          [
            -0.18694248795509338,
            0.08509064465761185,
            -0.978685736656189,
            1.343306064605713
          ],
          [
            0.0,
            0.0,
            0.0,
            1.0
          ]
        ]
      },
      "bone_length_armature_space": 0.025653286701054843,
      "parent": "index_01_l",
      "has_children": true,
      "is_end_bone": false
    },
    "index_03_l": {
      "name": "index_03_l",
      "local": {
        "location": {
          "x": 0.0,
          "y": 0.0,
          "z": 0.0
        },
        "rotation_quaternion": {
          "w": 0.9979351162910461,
          "x": 0.06380666047334671,
          "y": -0.007149524986743927,
          "z": -0.0017471874598413706
        },
        "scale": {
          "x": 1.0,
          "y": 1.0,
          "z": 1.0
        },
        "matrix_basis": [
          [
            0.9998916387557983,
            0.002574784914031625,
            -0.014492488466203213,
            0.0
          ],
          [
            -0.004399533849209547,
            0.9918513298034668,
            -0.12732483446598053,
            0.0
          ],
          [
            0.014046560041606426,
            0.1273747980594635,
            0.9917551875114441,
            0.0
          ],
          [
            0.0,
            0.0,
            0.0,
            1.0
          ]
        ],
        "rotation_mode": "QUATERNION"
      },
      "armature_space": {
        "head": {
          "x": 0.3738238513469696,
          "y": 0.528614342212677,
          "z": 0.39563503861427307
        },
        "tail": {
          "x": 0.3861311078071594,
          "y": 0.554772138595581,
          "z": 0.3913887143135071
        }
      },
      "world_space": {
        "head": {
          "x": 0.3738238513469696,
          "y": 0.5918583273887634,
          "z": 1.3454890251159668
        },
        "tail": {
          "x": 0.3861311078071594,
          "y": 0.6180161237716675,
          "z": 1.341242790222168
        },
        "rotation_quaternion": {
          "w": 0.04984337463974953,
          "x": 0.2122424691915512,
          "y": 0.9721816182136536,
          "z": -0.08562517911195755
        },
        "matrix": [
          [
            -0.9049375057220459,
            0.42121225595474243,
            0.06056691333651543,
            0.3738238513469696
          ],
          [
            0.40414074063301086,
            0.8952428698539734,
            -0.18764469027519226,
            0.5918583273887634
          ],
          [
            -0.13326074182987213,
            -0.14532944560050964,
            -0.9803746342658997,
            1.3454890251159668
          ],
          [
            0.0,
            0.0,
            0.0,
            1.0
          ]
        ]
      },
      "bone_length_armature_space": 0.029218660570384865,
      "parent": "index_02_l",
      "has_children": false,
      "is_end_bone": true
    },
    "metacarpal_pinky_l": {
      "name": "metacarpal_pinky_l",
      "local": {
        "location": {
          "x": 0.0,
          "y": 0.0,
          "z": 0.0
        },
        "rotation_quaternion": {
          "w": 0.9990781545639038,
          "x": 0.04271796718239784,
          "y": 0.00357919093221426,
          "z": 0.0023151333443820477
        },
        "scale": {
          "x": 1.0,
          "y": 1.0,
          "z": 1.0
        },
        "matrix_basis": [
          [
            0.999963641166687,
            -0.004320206586271524,
            0.0073495786637067795,
            0.0
          ],
          [
            0.004931789822876453,
            0.9963396191596985,
            -0.08534060418605804,
            0.0
          ],
          [
            -0.006953987292945385,
            0.08537375181913376,
            0.9963247179985046,
            0.0
          ],
          [
            0.0,
            0.0,
            0.0,
            1.0
          ]
        ],
        "rotation_mode": "QUATERNION"
      },
      "armature_space": {
        "head": {
          "x": 0.2543235719203949,
          "y": 0.4126836955547333,
          "z": 0.4065116345882416
        },
        "tail": {
          "x": 0.29611867666244507,
          "y": 0.5055280923843384,
          "z": 0.4283362030982971
        }
      },
      "world_space": {
        "head": {
          "x": 0.2543235719203949,
          "y": 0.4759277105331421,
          "z": 1.35636568069458
        },
        "tail": {
          "x": 0.29611867666244507,
          "y": 0.5687720775604248,
          "z": 1.378190279006958
        },
        "rotation_quaternion": {
          "w": 0.9116818308830261,
          "x": 0.17285573482513428,
          "y": 0.3385898768901825,
          "z": -0.15592986345291138
        },
        "matrix": [
          [
            0.7220858931541443,
            0.4013713598251343,
            0.563465416431427,
            0.2543235719203949
          ],
          [
            -0.167263001203537,
            0.8916136622428894,
            -0.420771062374115,
            0.4759277105331421
          ],
          [
            -0.6712835431098938,
            0.20958811044692993,
            0.7109605073928833,
            1.35636568069458
          ],
          [
            0.0,
            0.0,
            0.0,
            1.0
          ]
        ]
      },
      "bone_length_armature_space": 0.10413080701211355,
      "parent": "lowerarm_l",
      "has_children": true,
      "is_end_bone": false
    },
    "pinky_01_l": {
      "name": "pinky_01_l",
      "local": {
        "location": {
          "x": 0.0,
          "y": 0.0,
          "z": 0.0
        },
        "rotation_quaternion": {
          "w": 0.9947226047515869,
          "x": -0.10068544000387192,
          "y": 0.016062866896390915,
          "z": -0.011466617695987225
        },
        "scale": {
          "x": 1.0,
          "y": 1.0,
          "z": 1.0
        },
        "matrix_basis": [
          [
            0.9992210268974304,
            0.019577613100409508,
            0.03426523506641388,
            0.0
          ],
          [
            -0.02604680135846138,
            0.9794619083404541,
            0.1999397873878479,
            0.0
          ],
          [
            -0.02964715100824833,
            -0.2006765455007553,
            0.9792088270187378,
            0.0
          ],
          [
            0.0,
            0.0,
            0.0,
            1.0
          ]
        ],
        "rotation_mode": "QUATERNION"
      },
      "armature_space": {
        "head": {
          "x": 0.29611867666244507,
          "y": 0.5055280923843384,
          "z": 0.4283362030982971
        },
        "tail": {
          "x": 0.30965709686279297,
