{
  "metadata": {
    "armature_name": "KIM_caucasian_male",
    "export_time": "2026-01-13T21:02:59.227883",
    "blender_version": "4.4.1",
    "bone_count": 56,
    "end_bone_count": 13,
    "spaces_included": [
      "LOCAL_CHANNELS",
      "ARMATURE_SPACE",
      "WORLD_SPACE"
    ],
    "note": "LOCAL matches Transform panel; replay pose via local.matrix_basis for best fidelity."
  },
  "bones": {
    "Root": {
      "name": "Root",
      "local": {
        "location": {
          "x": 0.0,
          "y": 0.0,
          "z": 0.0
        },
        "rotation_quaternion": {
          "w": 0.9999887943267822,
          "x": 0.003723656293004751,
          "y": 0.0025139418430626392,
          "z": -0.0015245459508150816
        },
        "scale": {
          "x": 1.0,
          "y": 1.0,
          "z": 1.0
        },
        "matrix_basis": [
          [
            0.9999827146530151,
            0.0030677798204123974,
            0.005016473587602377,
            0.0
          ],
          [
            -0.0030303355306386948,
            0.999967634677887,
            -0.007454894483089447,
            0.0
          ],
          [
            -0.0050391810946166515,
            0.007439563982188702,
            0.9999596476554871,
            0.0
          ],
          [
            0.0,
            0.0,
            0.0,
            1.0
          ]
        ],
        "rotation_mode": "QUATERNION"
      },
      "armature_space": {
        "head": {
          "x": 0.0,
          "y": 0.07072800397872925,
          "z": -0.009595036506652832
        },
        "tail": {
          "x": 0.00021896544785704464,
          "y": -6.909668445587158e-05,
          "z": -0.0005264999344944954
        }
      },
      "world_space": {
        "head": {
          "x": 0.0,
          "y": 0.13397200405597687,
          "z": 0.9402589797973633
        },
        "tail": {
          "x": 0.00021896544785704464,
          "y": 0.06317490339279175,
          "z": 0.9493275284767151
        },
        "rotation_quaternion": {
          "w": 0.06365170329809189,
          "x": 0.9979678392410278,
          "y": 0.001690441626124084,
          "z": 0.0024055256508290768
        },
        "matrix": [
          [
            0.9999827146530151,
            0.0030677798204123974,
            0.005016473587602377,
            0.0
          ],
          [
            0.003680245252326131,
            -0.9918912053108215,
            -0.12703704833984375,
            0.13397200405597687
          ],
          [
            0.004586109891533852,
            0.12705326080322266,
            -0.9918923377990723,
            0.9402589797973633
          ],
          [
            0.0,
            0.0,
            0.0,
            1.0
          ]
        ]
      },
      "bone_length_armature_space": 0.07137587726623833,
      "parent": null,
      "has_children": true,
      "is_end_bone": false
    },
    "spine_01": {
      "name": "spine_01",
      "local": {
        "location": {
          "x": 0.0,
          "y": 0.0,
          "z": 0.0
        },
        "rotation_quaternion": {
          "w": 0.9907091856002808,
          "x": 0.11155113577842712,
          "y": 0.026370514184236526,
          "z": -0.07318644225597382
        },
        "scale": {
          "x": 1.0,
          "y": 1.0,
          "z": 1.0
        },
        "matrix_basis": [
          [
            0.9878966808319092,
            0.15089628100395203,
            0.03592295944690704,
            0.0
          ],
          [
            -0.139129638671875,
            0.9644001722335815,
            -0.22488939762115479,
            0.0
          ],
          [
            -0.06857908517122269,
            0.21716953814029694,
            0.9737218618392944,
            0.0
          ],
          [
            0.0,
            0.0,
            0.0,
            1.0
          ]
        ],
        "rotation_mode": "QUATERNION"
      },
      "armature_space": {
        "head": {
          "x": 0.00021896544785704464,
          "y": -6.909668445587158e-05,
          "z": -0.0005264999344944954
        },
        "tail": {
          "x": 0.072001151740551,
          "y": -0.08720405399799347,
          "z": 0.47423988580703735
        }
      },
      "world_space": {
        "head": {
          "x": 0.00021896544785704464,
          "y": 0.06317490339279175,
          "z": 0.9493275284767151
        },
        "tail": {
          "x": 0.072001151740551,
          "y": -0.02396005392074585,
          "z": 1.4240939617156982
        },
        "rotation_quaternion": {
          "w": 0.6370765566825867,
          "x": 0.7669956088066101,
          "y": 0.06968372315168381,
          "z": -0.031550318002700806
        },
        "matrix": [
          [
            0.9882974624633789,
            0.14709427952766418,
            0.040390703827142715,
            0.00021896544785704464
          ],
          [
            0.06669512391090393,
            -0.17855478823184967,
            -0.9816669821739197,
            0.06317490339279175
          ],
          [
            -0.13718652725219727,
            0.9728794693946838,
            -0.18627791106700897,
            0.9493275284767151
          ],
          [
            0.0,
            0.0,
            0.0,
            1.0
          ]
        ]
      },
      "bone_length_armature_space": 0.48800440378600907,
      "parent": "Root",
      "has_children": true,
      "is_end_bone": false
    },
    "neck_01": {
      "name": "neck_01",
      "local": {
        "location": {
          "x": 0.0,
          "y": 0.0,
          "z": 0.0
        },
        "rotation_quaternion": {
          "w": 0.9887349009513855,
          "x": -0.10867520421743393,
          "y": 0.036175359040498734,
          "z": 0.09635614603757858
        },
        "scale": {
          "x": 1.0,
          "y": 1.0,
          "z": 1.0
        },
        "matrix_basis": [
          [
            0.978813648223877,
            -0.19840410351753235,
            0.050592631101608276,
            0.0
          ],
          [
            0.18267863988876343,
            0.9578104019165039,
            0.22187337279319763,
            0.0
          ],
          [
            -0.09247872978448868,
            -0.20793050527572632,
            0.9737620949745178,
            0.0
          ],
          [
            0.0,
            0.0,
            0.0,
            1.0
          ]
        ],
        "rotation_mode": "QUATERNION"
      },
      "armature_space": {
        "head": {
          "x": 0.08417194336652756,
          "y": -0.13432219624519348,
          "z": 0.5390124320983887
        },
        "tail": {
          "x": 0.0793694332242012,
          "y": -0.17057469487190247,
          "z": 0.6347905397415161
        }
      },
      "world_space": {
        "head": {
          "x": 0.08417194336652756,
          "y": -0.07107819616794586,
          "z": 1.4888664484024048
        },
        "tail": {
          "x": 0.0793694332242012,
          "y": -0.10733069479465485,
          "z": 1.5846445560455322
        },
        "rotation_quaternion": {
          "w": 0.5685015320777893,
          "x": 0.8217266798019409,
          "y": -0.0010895112063735723,
          "z": 0.03962469473481178
        },
        "matrix": [
          [
            0.9968574643135071,
            -0.046843983232975006,
            0.0638822540640831,
            0.08417194336652756
          ],
          [
            0.04326259344816208,
            -0.35360926389694214,
            -0.9343923926353455,
            -0.07107819616794586
          ],
          [
            0.06636051833629608,
            0.9342257976531982,
            -0.3504747748374939,
            1.4888664484024048
          ],
          [
            0.0,
            0.0,
            0.0,
            1.0
          ]
        ]
      },
      "bone_length_armature_space": 0.10252196881356504,
      "parent": "spine_01",
      "has_children": true,
      "is_end_bone": false
    },
    "head": {
      "name": "head",
      "local": {
        "location": {
          "x": 0.0,
          "y": 0.0,
          "z": 0.0
        },
        "rotation_quaternion": {
          "w": 0.99134361743927,
          "x": 0.054632797837257385,
          "y": -0.10919235646724701,
          "z": -0.04827248677611351
        },
        "scale": {
          "x": 1.0,
          "y": 1.0,
          "z": 1.0
        },
        "matrix_basis": [
          [
            0.9714936017990112,
            0.0837782770395279,
            -0.2217688113451004,
            0.0
          ],
          [
            -0.10764021426439285,
            0.9893700480461121,
            -0.09777777642011642,
            0.0
          ],
          [
            0.21121977269649506,
            0.11886172741651535,
            0.9701845645904541,
            0.0
          ],
          [
            0.0,
            0.0,
            0.0,
            1.0
          ]
        ],
        "rotation_mode": "QUATERNION"
      },
      "armature_space": {
        "head": {
          "x": 0.0793694481253624,
          "y": -0.17057481408119202,
          "z": 0.6347903609275818
        },
        "tail": {
          "x": 0.08271168917417526,
          "y": -0.18723361194133759,
          "z": 0.7889481782913208
        }
      },
      "world_space": {
        "head": {
          "x": 0.0793694481253624,
          "y": -0.1073308140039444,
          "z": 1.5846443176269531
        },
        "tail": {
          "x": 0.08271168917417526,
          "y": -0.12398961186408997,
          "z": 1.738802194595337
        },
        "rotation_quaternion": {
          "w": 0.6660974025726318,
          "x": 0.7405310273170471,
          "y": -0.05106128752231598,
          "z": -0.07294375449419022
        },
        "matrix": [
          [
            0.9841440320014954,
            0.021550297737121582,
            -0.1760575771331787,
            0.0793694481253624
          ],
          [
            -0.17280003428459167,
            -0.1074136272072792,
            -0.9790826439857483,
            -0.1073308140039444
          ],
          [
            -0.04001094773411751,
            0.9939878582954407,
            -0.10198820382356644,
            1.5846443176269531
          ],
          [
            0.0,
            0.0,
            0.0,
            1.0
          ]
        ]
      },
      "bone_length_armature_space": 0.15509132398741218,
      "parent": "neck_01",
      "has_children": false,
      "is_end_bone": true
    },
    "upperarm_l": {
      "name": "upperarm_l",
      "local": {
        "location": {
          "x": 0.0,
          "y": 0.0,
          "z": 0.0
        },
        "rotation_quaternion": {
          "w": 0.9725239276885986,
          "x": -0.21820229291915894,
          "y": -0.07160844653844833,
          "z": -0.03817214444279671
        },
        "scale": {
          "x": 1.0,
          "y": 1.0,
          "z": 1.0
        },
        "matrix_basis": [
          [
            0.9868302345275879,
            0.10549690574407578,
            -0.12262335419654846,
            0.0
          ],
          [
            -0.04299639165401459,
            0.901861310005188,
            0.4298807978630066,
            0.0
          ],
          [
            0.15594035387039185,
            -0.4189470112323761,
            0.8945199847221375,
            0.0
          ],
          [
            0.0,
            0.0,
            0.0,
            1.0
          ]
        ],
        "rotation_mode": "QUATERNION"
      },
      "armature_space": {
        "head": {
          "x": 0.22265949845314026,
          "y": -0.11544833332300186,
          "z": 0.4524553418159485
        },
        "tail": {
          "x": 0.446874737739563,
          "y": 0.02585805207490921,
          "z": 0.41286134719848633
        }
      },
      "world_space": {
        "head": {
          "x": 0.22265949845314026,
          "y": -0.05220433324575424,
          "z": 1.4023094177246094
        },
        "tail": {
          "x": 0.446874737739563,
          "y": 0.08910205215215683,
          "z": 1.3627153635025024
        },
        "rotation_quaternion": {
          "w": 0.5452051162719727,
          "x": 0.3213960528373718,
          "y": 0.6829441785812378,
          "z": -0.3647508919239044
        },
        "matrix": [
          [
            -0.1989116370677948,
            0.8367193937301636,
            0.510230302810669,
            0.22265949845314026
          ],
          [
            0.041263267397880554,
            0.5273227691650391,
            -0.8486626744270325,
            -0.05220433324575424
          ],
          [
            -0.9791551828384399,
            -0.14775565266609192,
            -0.13941818475723267,
            1.4023094177246094
          ],
          [
            0.0,
            0.0,
            0.0,
            1.0
          ]
        ]
      },
      "bone_length_armature_space": 0.26796949676869775,
      "parent": "spine_01",
      "has_children": true,
      "is_end_bone": false
    },
    "lowerarm_l": {
      "name": "lowerarm_l",
      "local": {
        "location": {
          "x": 0.0,
          "y": 0.0,
          "z": 0.0
        },
        "rotation_quaternion": {
          "w": 0.9285513162612915,
          "x": 0.34545421600341797,
          "y": 0.006936309393495321,
          "z": -0.13566771149635315
        },
        "scale": {
          "x": 1.0,
          "y": 1.0,
          "z": 1.0
        },
        "matrix_basis": [
          [
            0.9630923271179199,
            0.2567412257194519,
            -0.08085253089666367,
            0.0
          ],
          [
            -0.2471565157175064,
            0.7245113253593445,
            -0.6434260010719299,
            0.0
          ],
          [
            -0.10661540180444717,
            0.6396618485450745,
            0.7612265348434448,
            0.0
          ],
          [
            0.0,
            0.0,
            0.0,
            1.0
          ]
        ],
        "rotation_mode": "QUATERNION"
      },
      "armature_space": {
        "head": {
          "x": 0.44687485694885254,
          "y": 0.02585805207490921,
          "z": 0.4128614664077759
        },
        "tail": {
          "x": 0.6890145540237427,
          "y": -0.050996728241443634,
          "z": 0.32900941371917725
        }
      },
      "world_space": {
        "head": {
          "x": 0.44687485694885254,
          "y": 0.08910205215215683,
          "z": 1.362715482711792
        },
        "tail": {
          "x": 0.6890145540237427,
          "y": 0.012247271835803986,
          "z": 1.2788634300231934
        },
        "rotation_quaternion": {
          "w": 0.3609403967857361,
          "x": 0.4451008439064026,
          "y": 0.4754807949066162,
          "z": -0.6674767732620239
        },
        "matrix": [
          [
            -0.34321463108062744,
            0.9051122665405273,
            -0.25094884634017944,
            0.44687485694885254
          ],
          [
            -0.05856696516275406,
            -0.2872813045978546,
            -0.9560542106628418,
            0.08910205215215683
          ],
          [
            -0.9374359250068665,
            -0.31343692541122437,
            0.15160895884037018,
            1.362715482711792
          ],
          [
            0.0,
            0.0,
            0.0,
            1.0
          ]
        ]
      },
      "bone_length_armature_space": 0.26752468431690946,
      "parent": "upperarm_l",
      "has_children": true,
      "is_end_bone": false
    },
    "metacarpal_thumb_l": {
      "name": "metacarpal_thumb_l",
      "local": {
        "location": {
          "x": 0.0,
          "y": 0.0,
          "z": 0.0
        },
        "rotation_quaternion": {
          "w": 0.9997677206993103,
          "x": 0.017226407304406166,
          "y": 0.009267781861126423,
          "z": 0.009043890051543713
        },
        "scale": {
          "x": 1.0,
          "y": 1.0,
          "z": 1.0
        },
        "matrix_basis": [
          [
            0.9996646046638489,
            -0.017764277756214142,
            0.018842846155166626,
            0.0
          ],
          [
            0.018402880057692528,
            0.999242901802063,
            -0.03427717834711075,
            0.0
          ],
          [
            -0.01821967028081417,
            0.034612447023391724,
            0.9992347359657288,
            0.0
          ],
          [
            0.0,
            0.0,
            0.0,
            1.0
          ]
        ],
        "rotation_mode": "QUATERNION"
      },
      "armature_space": {
        "head": {
          "x": 0.6890145540237427,
          "y": -0.050996728241443634,
          "z": 0.32900941371917725
        },
        "tail": {
          "x": 0.7124447822570801,
          "y": -0.09100215137004852,
          "z": 0.31156864762306213
        }
      },
      "world_space": {
        "head": {
          "x": 0.6890145540237427,
          "y": 0.012247271835803986,
          "z": 1.2788634300231934
        },
        "tail": {
          "x": 0.7124447822570801,
          "y": -0.027758151292800903,
          "z": 1.2614226341247559
        },
        "rotation_quaternion": {
          "w": 0.11860182881355286,
          "x": -0.9217339158058167,
          "y": -0.2865537405014038,
          "z": 0.2328675389289856
        },
        "matrix": [
          [
            0.7273187637329102,
            0.4730161428451538,
            -0.4972553849220276,
            0.6890145540237427
          ],
          [
            0.5834897756576538,
            -0.8076410889625549,
            0.08517906814813614,
            0.012247271835803986
          ],
          [
            -0.3613148629665375,
            -0.3520989716053009,
            -0.863418698310852,
            1.2788634300231934
          ],
          [
            0.0,
            0.0,
            0.0,
            1.0
          ]
        ]
      },
      "bone_length_armature_space": 0.049533723398442996,
      "parent": "lowerarm_l",
      "has_children": true,
      "is_end_bone": false
    },
    "thumb_01_l": {
      "name": "thumb_01_l",
      "local": {
        "location": {
          "x": 0.0,
          "y": 0.0,
          "z": 0.0
        },
        "rotation_quaternion": {
          "w": 0.9849910736083984,
          "x": 0.17226706445217133,
          "y": -0.01074988767504692,
          "z": 0.001058136229403317
        },
        "scale": {
          "x": 1.0,
          "y": 1.0,
          "z": 1.0
        },
        "matrix_basis": [
          [
            0.9997666478157043,
            -0.005788212642073631,
            -0.020812522619962692,
            0.0
          ],
          [
            -0.0016191937029361725,
            0.9406458735466003,
            -0.3393857777118683,
            0.0
          ],
          [
            0.021541651338338852,
            0.33934029936790466,
            0.9404169917106628,
            0.0
          ],
          [
            0.0,
            0.0,
            0.0,
            1.0
          ]
        ],
        "rotation_mode": "QUATERNION"
      },
      "armature_space": {
        "head": {
          "x": 0.7124447822570801,
          "y": -0.09100215137004852,
          "z": 0.31156864762306213
        },
        "tail": {
          "x": 0.7159788012504578,
          "y": -0.10218555480241776,
          "z": 0.27961426973342896
        }
      },
      "world_space": {
        "head": {
          "x": 0.7124447822570801,
          "y": -0.027758151292800903,
          "z": 1.2614226341247559
        },
        "tail": {
          "x": 0.7159788012504578,
          "y": -0.038941554725170135,
          "z": 1.2294683456420898
        },
        "rotation_quaternion": {
          "w": 0.5492250323295593,
          "x": -0.739333987236023,
          "y": 0.18459950387477875,
          "z": -0.34301650524139404
        },
        "matrix": [
          [
            0.6965261101722717,
            0.10382425785064697,
            0.7099799513816833,
            0.7124447822570801
          ],
          [
            -0.6497467756271362,
            -0.32855087518692017,
            0.6854802966117859,
            -0.027758151292800903
          ],
          [
            0.3044356107711792,
            -0.9387693405151367,
            -0.16138538718223572,
            1.2614226341247559
          ],
          [
            0.0,
            0.0,
            0.0,
            1.0
          ]
        ]
      },
      "bone_length_armature_space": 0.03403880266610279,
      "parent": "metacarpal_thumb_l",
      "has_children": true,
      "is_end_bone": false
    },
    "thumb_02_l": {
      "name": "thumb_02_l",
      "local": {
        "location": {
          "x": 0.0,
          "y": 0.0,
          "z": 0.0
        },
        "rotation_quaternion": {
          "w": 0.9381594061851501,
          "x": 0.3460797369480133,
          "y": -0.00759816775098443,
          "z": -0.005291544832289219
        },
        "scale": {
          "x": 1.0,
          "y": 1.0,
          "z": 1.0
        },
        "matrix_basis": [
          [
            0.9998285174369812,
            0.004669481422752142,
            -0.017919177189469337,
            0.0
          ],
          [
            -0.015187769196927547,
            0.7604016065597534,
            -0.6492754817008972,
            0.0
          ],
          [
            0.010593992657959461,
            0.649436354637146,
            0.7603421807289124,
            0.0
          ],
          [
            0.0,
            0.0,
            0.0,
            1.0
          ]
        ],
        "rotation_mode": "QUATERNION"
      },
      "armature_space": {
        "head": {
          "x": 0.715978741645813,
          "y": -0.10218555480241776,
          "z": 0.27961426973342896
        },
        "tail": {
          "x": 0.754365861415863,
          "y": -0.0968749150633812,
          "z": 0.2901691198348999
        }
      },
      "world_space": {
        "head": {
          "x": 0.715978741645813,
          "y": -0.038941554725170135,
          "z": 1.2294683456420898
        },
        "tail": {
          "x": 0.754365861415863,
          "y": -0.033630914986133575,
          "z": 1.240023136138916
        },
        "rotation_quaternion": {
          "w": 0.7061821818351746,
          "x": -0.0552750825881958,
          "y": -0.2596515417098999,
          "z": -0.656378448009491
        },
        "matrix": [
          [
            0.003495635464787483,
            0.9557504653930664,
            -0.2941572666168213,
            0.715978741645813
          ],
          [
            -0.8983399271965027,
            0.13222253322601318,
            0.4189300537109375,
            -0.038941554725170135
          ],
          [
            0.4392891526222229,
            0.26279088854789734,
            0.8590576648712158,
            1.2294683456420898
          ],
          [
            0.0,
            0.0,
            0.0,
            1.0
          ]
        ]
      },
      "bone_length_armature_space": 0.040164395830429085,
      "parent": "thumb_01_l",
      "has_children": true,
      "is_end_bone": false
    },
    "thumb_03_l": {
      "name": "thumb_03_l",
      "local": {
        "location": {
          "x": 0.0,
          "y": 0.0,
          "z": 0.0
        },
        "rotation_quaternion": {
          "w": 0.9814605712890625,
          "x": 0.19153288006782532,
          "y": 0.006757063325494528,
          "z": -0.0021708274725824594
        },
        "scale": {
          "x": 1.0,
          "y": 1.0,
          "z": 1.0
        },
        "matrix_basis": [
          [
            0.9998992681503296,
            0.0068495627492666245,
            0.01243201270699501,
            0.0
          ],
          [
            -0.0016727634938433766,
            0.9266209006309509,
            -0.3759932816028595,
            0.0
          ],
          [
            -0.014095151796936989,
            0.3759346008300781,
            0.9265390038490295,
            0.0
          ],
          [
            0.0,
            0.0,
            0.0,
            1.0
          ]
        ],
        "rotation_mode": "QUATERNION"
      },
      "armature_space": {
        "head": {
          "x": 0.754365861415863,
          "y": -0.09687499701976776,
          "z": 0.2901690602302551
        },
        "tail": {
          "x": 0.7726436853408813,
          "y": -0.08617691695690155,
          "z": 0.3120407462120056
        }
      },
      "world_space": {
        "head": {
          "x": 0.754365861415863,
          "y": -0.03363099694252014,
          "z": 1.240023136138916
        },
        "tail": {
          "x": 0.7726436853408813,
          "y": -0.02293291687965393,
          "z": 1.261894702911377
        },
        "rotation_quaternion": {
          "w": 0.7702200412750244,
          "x": 0.28187882900238037,
          "y": -0.2871537506580353,
          "z": -0.4948214292526245
        },
        "matrix": [
          [
            0.34538668394088745,
            0.600358247756958,
            -0.7213028073310852,
            0.754365861415863
          ],
          [
            -0.9241282343864441,
            0.35139161348342896,
            -0.15003539621829987,
            -0.03363099694252014
          ],
          [
            0.1633850485086441,
            0.7184022068977356,
            0.6761788129806519,
            1.240023136138916
          ],
          [
            0.0,
            0.0,
            0.0,
            1.0
          ]
        ]
      },
      "bone_length_armature_space": 0.030445006269670918,
      "parent": "thumb_02_l",
      "has_children": false,
      "is_end_bone": true
    },
    "metacarpal_index_l": {
      "name": "metacarpal_index_l",
      "local": {
        "location": {
          "x": 0.0,
          "y": 0.0,
          "z": 0.0
        },
        "rotation_quaternion": {
          "w": 0.9990860819816589,
          "x": -0.038832005113363266,
          "y": -0.007086631376296282,
          "z": -0.0163954459130764
        },
        "scale": {
          "x": 1.0,
          "y": 1.0,
          "z": 1.0
        },
        "matrix_basis": [
          [
            0.9993619322776794,
            0.03331129997968674,
            -0.012886973097920418,
            0.0
          ],
          [
            -0.03221054747700691,
            0.9964465498924255,
            0.07782541215419769,
            0.0
          ],
          [
            0.01543364580720663,
            -0.07736065238714218,
            0.9968836903572083,
            0.0
          ],
          [
            0.0,
            0.0,
            0.0,
            1.0
          ]
        ],
        "rotation_mode": "QUATERNION"
      },
      "armature_space": {
        "head": {
          "x": 0.6890145540237427,
          "y": -0.050996728241443634,
          "z": 0.32900941371917725
        },
        "tail": {
          "x": 0.7848491668701172,
          "y": -0.11018458753824234,
          "z": 0.29673314094543457
        }
      },
      "world_space": {
        "head": {
          "x": 0.6890145540237427,
          "y": 0.012247271835803986,
          "z": 1.2788634300231934
        },
        "tail": {
          "x": 0.7848491668701172,
          "y": -0.04694058746099472,
          "z": 1.2465871572494507
        },
        "rotation_quaternion": {
          "w": 0.09284365922212601,
          "x": 0.7560052871704102,
          "y": 0.4886820614337921,
          "z": -0.4254714846611023
        },
        "matrix": [
          [
            0.16032615303993225,
            0.8178987503051758,
            -0.5525730848312378,
            0.6890145540237427
          ],
          [
            0.659887433052063,
            -0.5051376819610596,
            -0.5562236309051514,
            0.012247271835803986
          ],
          [
            -0.7340645790100098,
            -0.27546122670173645,
            -0.6207127571105957,
            1.2788634300231934
          ],
          [
            0.0,
            0.0,
            0.0,
            1.0
          ]
        ]
      },
      "bone_length_armature_space": 0.1171718115040505,
      "parent": "lowerarm_l",
      "has_children": true,
      "is_end_bone": false
    },
    "index_01_l": {
      "name": "index_01_l",
      "local": {
        "location": {
          "x": 0.0,
          "y": 0.0,
          "z": 0.0
        },
        "rotation_quaternion": {
          "w": 0.9636732339859009,
          "x": 0.266941100358963,
          "y": 0.002993497997522354,
          "z": -0.008217141963541508
        },
        "scale": {
          "x": 1.0,
          "y": 1.0,
          "z": 1.0
        },
        "matrix_basis": [
          [
            0.9998470544815063,
            0.017435455694794655,
            0.0013825219357386231,
            0.0
          ],
          [
            -0.014239104464650154,
            0.8573498725891113,
            -0.5145371556282043,
            0.0
          ],
          [
            -0.01015649363398552,
            0.514438807964325,
            0.857466995716095,
            0.0
          ],
          [
            0.0,
            0.0,
            0.0,
            1.0
          ]
        ],
        "rotation_mode": "QUATERNION"
      },
      "armature_space": {
        "head": {
          "x": 0.7848491668701172,
          "y": -0.11018458753824234,
          "z": 0.29673314094543457
        },
        "tail": {
          "x": 0.8000692129135132,
          "y": -0.12234406918287277,
          "z": 0.27591073513031006
        }
      },
      "world_space": {
        "head": {
          "x": 0.7848491668701172,
          "y": -0.04694058746099472,
          "z": 1.2465871572494507
        },
        "tail": {
          "x": 0.8000692129135132,
          "y": -0.05910006910562515,
          "z": 1.2257647514343262
        },
        "rotation_quaternion": {
          "w": 0.12591539323329926,
          "x": -0.6446993947029114,
          "y": -0.5205068588256836,
          "z": 0.5455095767974854
        },
        "matrix": [
          [
            -0.13701803982257843,
            0.5337674617767334,
            -0.8344568610191345,
            0.7848491668701172
          ],
          [
            0.8085169792175293,
            -0.42643359303474426,
            -0.40553048253059387,
            -0.04694058746099472
          ],
          [
            -0.5723025798797607,
            -0.7302430868148804,
            -0.37313395738601685,
            1.2465871572494507
          ],
          [
            0.0,
            0.0,
            0.0,
            1.0
          ]
        ]
      },
      "bone_length_armature_space": 0.02851447676076173,
      "parent": "metacarpal_index_l",
      "has_children": true,
      "is_end_bone": false
    },
    "index_02_l": {
      "name": "index_02_l",
      "local": {
        "location": {
          "x": 0.0,
          "y": 0.0,
          "z": 0.0
        },
        "rotation_quaternion": {
          "w": 0.9155254364013672,
          "x": 0.40204471349716187,
          "y": -0.011865967884659767,
          "z": -0.005695576313883066
        },
        "scale": {
          "x": 1.0,
          "y": 1.0,
          "z": 1.0
        },
        "matrix_basis": [
          [
            0.9996535181999207,
            0.0008875906351022422,
            -0.026306943967938423,
            0.0
          ],
          [
            -0.019970189779996872,
            0.6766552329063416,
            -0.7360291481018066,
            0.0
          ],
          [
            0.01714743860065937,
            0.7362995147705078,
            0.6764385104179382,
            0.0
          ],
          [
            0.0,
            0.0,
            0.0,
            1.0
          ]
        ],
        "rotation_mode": "QUATERNION"
      },
      "armature_space": {
        "head": {
          "x": 0.8000692129135132,
          "y": -0.12234455347061157,
          "z": 0.27591046690940857
        },
        "tail": {
          "x": 0.7945646643638611,
          "y": -0.1379643678665161,
          "z": 0.25631919503211975
        }
      },
      "world_space": {
        "head": {
          "x": 0.8000692129135132,
          "y": -0.05910055339336395,
          "z": 1.225764513015747
        },
        "tail": {
          "x": 0.7945646643638611,
          "y": -0.0747203677892685,
          "z": 1.2061731815338135
        },
        "rotation_quaternion": {
          "w": 0.3428610861301422,
          "x": -0.5162400007247925,
          "y": -0.2792941629886627,
          "z": 0.7334420680999756
        },
        "matrix": [
          [
            -0.23188525438308716,
            -0.21457445621490479,
            -0.9487817883491516,
            0.8000692129135132
          ],
          [
            0.7913035154342651,
            -0.6088820695877075,
            -0.05569356679916382,
            -0.05910055339336395
          ],
          [
            -0.5657489895820618,
            -0.7636948227882385,
            0.31098634004592896,
            1.225764513015747
          ],
          [
            0.0,
            0.0,
            0.0,
            1.0
          ]
        ]
      },
      "bone_length_armature_space": 0.02565339350402,
      "parent": "index_01_l",
      "has_children": true,
      "is_end_bone": false
    },
    "index_03_l": {
      "name": "index_03_l",
      "local": {
        "location": {
          "x": 0.0,
          "y": 0.0,
          "z": 0.0
        },
        "rotation_quaternion": {
          "w": 0.9673945903778076,
          "x": 0.253251314163208,
          "y": 0.0005096571985632181,
          "z": 0.0033736382611095905
        },
        "scale": {
          "x": 1.0,
          "y": 1.0,
          "z": 1.0
        },
        "matrix_basis": [
          [
            0.9999766945838928,
            -0.006269135978072882,
            0.0026948358863592148,
            0.0
          ],
          [
            0.006785421632230282,
            0.8717047572135925,
            -0.4899844527244568,
            0.0
          ],
          [
            0.0007226773886941373,
            0.48999133706092834,
            0.8717270493507385,
            0.0
          ],
          [
            0.0,
            0.0,
            0.0,
            1.0
          ]
        ],
        "rotation_mode": "QUATERNION"
      },
      "armature_space": {
        "head": {
          "x": 0.7945647835731506,
          "y": -0.1379643678665161,
          "z": 0.25631919503211975
        },
        "tail": {
          "x": 0.7730801105499268,
          "y": -0.15100841224193573,
          "z": 0.24141961336135864
        }
      },
      "world_space": {
        "head": {
          "x": 0.7945647835731506,
          "y": -0.0747203677892685,
          "z": 1.2061731815338135
        },
        "tail": {
          "x": 0.7730801105499268,
          "y": -0.08776441216468811,
          "z": 1.1912736892700195
        },
        "rotation_quaternion": {
          "w": 0.5220527052879333,
          "x": -0.39434438943862915,
          "y": -0.0651613175868988,
          "z": 0.7534637451171875
        },
        "matrix": [
          [
            -0.1439049243927002,
            -0.7353053092956543,
            -0.66228187084198,
            0.7945647835731506
          ],
          [
            0.838087260723114,
            -0.44642844796180725,
            0.3135467767715454,
            -0.0747203677892685
          ],
          [
            -0.526216983795166,
            -0.5099332928657532,
            0.6804983615875244,
            1.2061731815338135
          ],
          [
            0.0,
            0.0,
            0.0,
            1.0
          ]
        ]
      },
      "bone_length_armature_space": 0.029218757562537542,
      "parent": "index_02_l",
      "has_children": false,
      "is_end_bone": true
    },
    "metacarpal_pinky_l": {
      "name": "metacarpal_pinky_l",
      "local": {
        "location": {
          "x": 0.0,
          "y": 0.0,
          "z": 0.0
        },
        "rotation_quaternion": {
          "w": 0.998858630657196,
          "x": -0.046589747071266174,
          "y": -0.009863108396530151,
          "z": 0.0036955969408154488
        },
        "scale": {
          "x": 1.0,
          "y": 1.0,
          "z": 1.0
        },
        "matrix_basis": [
          [
            0.999778151512146,
            -0.006463718134909868,
            -0.020048055797815323,
            0.0
          ],
          [
            0.008301797322928905,
            0.9956314563751221,
            0.09300024062395096,
            0.0
          ],
          [
            0.019359348341822624,
            -0.09314604103565216,
            0.9954642057418823,
            0.0
          ],
          [
            0.0,
            0.0,
            0.0,
            1.0
          ]
        ],
        "rotation_mode": "QUATERNION"
      },
      "armature_space": {
        "head": {
          "x": 0.6890145540237427,
          "y": -0.050996728241443634,
          "z": 0.32900941371917725
        },
        "tail": {
          "x": 0.7828240990638733,
          "y": -0.046596501022577286,
          "z": 0.2840244770050049
        }
      },
      "world_space": {
        "head": {
          "x": 0.6890145540237427,
          "y": 0.012247271835803986,
          "z": 1.2788634300231934
        },
        "tail": {
          "x": 0.7828240990638733,
          "y": 0.016647499054670334,
          "z": 1.233878493309021
        },
        "rotation_quaternion": {
          "w": 0.6854941248893738,
          "x": -0.08849602192640305,
          "y": 0.2263311892747879,
          "z": -0.686323881149292
        },
        "matrix": [
          [
            -0.044530563056468964,
            0.900882363319397,
            0.43177276849746704,
            0.6890145540237427
          ],
          [
            -0.981001615524292,
            0.04225675016641617,
            -0.18934275209903717,
            0.012247271835803986
          ],
          [
            -0.18882311880588531,
            -0.4320042133331299,
            0.8818912506103516,
            1.2788634300231934
          ],
          [
            0.0,
            0.0,
            0.0,
            1.0
          ]
        ]
      },
      "bone_length_armature_space": 0.10413086685853254,
      "parent": "lowerarm_l",
      "has_children": true,
      "is_end_bone": false
    },
    "pinky_01_l": {
      "name": "pinky_01_l",
      "local": {
        "location": {
          "x": 0.0,
          "y": 0.0,
          "z": 0.0
        },
        "rotation_quaternion": {
          "w": 0.9431402683258057,
          "x": 0.3321268856525421,
          "y": -0.013217792846262455,
          "z": 0.0018708925927057862
        },
        "scale": {
          "x": 1.0,
          "y": 1.0,
          "z": 1.0
        },
        "matrix_basis": [
          [
            0.9996435642242432,
            -0.012308997102081776,
            -0.023689717054367065,
            0.0
          ],
          [
            -0.005250940565019846,
            0.7793764472007751,
            -0.6265339255332947,
            0.0
          ],
          [
            0.026175212115049362,
            0.6264350414276123,
            0.7790340185165405,
            0.0
          ],
          [
            0.0,
            0.0,
            0.0,
            1.0
          ]
        ],
        "rotation_mode": "QUATERNION"
      },
      "armature_space": {
        "head": {
          "x": 0.7828240990638733,
          "y": -0.046596501022577286,
          "z": 0.2840244770050049
        },
