{
  "metadata": {
    "armature_name": "KIM_caucasian_male",
    "export_time": "2026-01-13T21:07:32.978399",
    "blender_version": "4.4.1",
    "bone_count": 56,
    "end_bone_count": 13,
    "spaces_included": [
      "LOCAL_CHANNELS",
      "ARMATURE_SPACE",
      "WORLD_SPACE"
    ],
    "note": "LOCAL matches Transform panel; replay pose via local.matrix_basis for best fidelity."
  },
  "bones": {
    "Root": {
      "name": "Root",
      "local": {
        "location": {
          "x": 0.0,
          "y": 0.0,
          "z": 0.0
        },
        "rotation_quaternion": {
          "w": 0.9999166131019592,
          "x": 0.0042409407906234264,
          "y": -0.011444256640970707,
          "z": -0.004240105859935284
        },
        "scale": {
          "x": 1.0,
          "y": 1.0,
          "z": 1.0
        },
        "matrix_basis": [
          [
            0.9997020959854126,
            0.008382435888051987,
            -0.022922568023204803,
            0.0
          ],
          [
            -0.008576573804020882,
            0.9999280571937561,
            -0.008384124375879765,
            0.0
          ],
          [
            0.0228506401181221,
            0.0085782241076231,
            0.9997020959854126,
            0.0
          ],
          [
            0.0,
            0.0,
            0.0,
            1.0
          ]
        ],
        "rotation_mode": "QUATERNION"
      },
      "armature_space": {
        "head": {
          "x": 0.0,
          "y": 0.07072800397872925,
          "z": -0.009595036506652832
        },
        "tail": {
          "x": 0.0005983036244288087,
          "y": -7.721781730651855e-05,
          "z": -0.000607416033744812
        }
      },
      "world_space": {
        "head": {
          "x": 0.0,
          "y": 0.13397200405597687,
          "z": 0.9402589797973633
        },
        "tail": {
          "x": 0.0005983036244288087,
          "y": 0.0631667822599411,
          "z": 0.9492465853691101
        },
        "rotation_quaternion": {
          "w": 0.06313071399927139,
          "x": 0.9979307055473328,
          "y": 0.003459497820585966,
          "z": -0.01170390471816063
        },
        "matrix": [
          [
            0.9997020959854126,
            0.008382435888051987,
            -0.022922568023204803,
            0.0
          ],
          [
            0.00542692095041275,
            -0.9920050501823425,
            -0.12608161568641663,
            0.13397200405597687
          ],
          [
            -0.023796334862709045,
            0.12591959536075592,
            -0.9917620420455933,
            0.9402589797973633
          ],
          [
            0.0,
            0.0,
            0.0,
            1.0
          ]
        ]
      },
      "bone_length_armature_space": 0.07137586819424911,
      "parent": null,
      "has_children": true,
      "is_end_bone": false
    },
    "spine_01": {
      "name": "spine_01",
      "local": {
        "location": {
          "x": 0.0,
          "y": 0.0,
          "z": 0.0
        },
        "rotation_quaternion": {
          "w": 0.997104287147522,
          "x": 0.03450963273644447,
          "y": -0.05500073730945587,
          "z": -0.03958762437105179
        },
        "scale": {
          "x": 1.0,
          "y": 1.0,
          "z": 1.0
        },
        "matrix_basis": [
          [
            0.9908154606819153,
            0.07514987140893936,
            -0.11241525411605835,
            0.0
          ],
          [
            -0.08274208754301071,
            0.9944838285446167,
            -0.06446471065282822,
            0.0
          ],
          [
            0.10695063322782516,
            0.07317410409450531,
            0.9915680289268494,
            0.0
          ],
          [
            0.0,
            0.0,
            0.0,
            1.0
          ]
        ],
        "rotation_mode": "QUATERNION"
      },
      "armature_space": {
        "head": {
          "x": 0.0005983036244288087,
          "y": -7.721781730651855e-05,
          "z": -0.000607416033744812
        },
        "tail": {
          "x": 0.04892604425549507,
          "y": -0.01695992611348629,
          "z": 0.48470473289489746
        }
      },
      "world_space": {
        "head": {
          "x": 0.0005983036244288087,
          "y": 0.0631667822599411,
          "z": 0.9492465853691101
        },
        "tail": {
          "x": 0.04892604425549507,
          "y": 0.04628407210111618,
          "z": 1.4345587491989136
        },
        "rotation_quaternion": {
          "w": 0.6947648525238037,
          "x": 0.7154897451400757,
          "y": -0.001968350727111101,
          "z": -0.07329723984003067
        },
        "matrix": [
          [
            0.9892473220825195,
            0.09903200715780258,
            -0.1076212003827095,
            0.0005983036244288087
          ],
          [
            -0.10466467589139938,
            -0.03459562733769417,
            -0.9939057230949402,
            0.0631667822599411
          ],
          [
            -0.10215248912572861,
            0.9944896101951599,
            -0.023859567940235138,
            0.9492465853691101
          ],
          [
            0.0,
            0.0,
            0.0,
            1.0
          ]
        ]
      },
      "bone_length_armature_space": 0.488004609807021,
      "parent": "Root",
      "has_children": true,
      "is_end_bone": false
    },
    "neck_01": {
      "name": "neck_01",
      "local": {
        "location": {
          "x": 0.0,
          "y": 0.0,
          "z": 0.0
        },
        "rotation_quaternion": {
          "w": 0.9992775321006775,
          "x": -0.001162790460512042,
          "y": -0.018720535561442375,
          "z": -0.03305291756987572
        },
        "scale": {
          "x": 1.0,
          "y": 1.0,
          "z": 1.0
        },
        "matrix_basis": [
          [
            0.9971141219139099,
            0.06610161066055298,
            -0.037337154150009155,
            0.0
          ],
          [
            -0.06601454317569733,
            0.9978123307228088,
            0.003561437362805009,
            0.0
          ],
          [
            0.03749088943004608,
            -0.0010863641509786248,
            0.9992963671684265,
            0.0
          ],
          [
            0.0,
            0.0,
            0.0,
            1.0
          ]
        ],
        "rotation_mode": "QUATERNION"
      },
      "armature_space": {
        "head": {
          "x": 0.052444666624069214,
          "y": -0.05396205559372902,
          "z": 0.5566923022270203
        },
        "tail": {
          "x": 0.0643511638045311,
          "y": -0.09648074954748154,
          "z": 0.6492186784744263
        }
      },
      "world_space": {
        "head": {
          "x": 0.052444666624069214,
          "y": 0.0092819444835186,
          "z": 1.5065462589263916
        },
        "tail": {
          "x": 0.0643511638045311,
          "y": -0.03323674947023392,
          "z": 1.5990726947784424
        },
        "rotation_quaternion": {
          "w": 0.540956437587738,
          "x": 0.8343647718429565,
          "y": 0.0009791734628379345,
          "z": -0.10583364963531494
        },
        "matrix": [
          [
            0.977596640586853,
            0.11613676697015762,
            -0.17554764449596405,
            0.052444666624069214
          ],
          [
            -0.11286821961402893,
            -0.4147301912307739,
            -0.9029175043106079,
            0.0092819444835186
          ],
          [
            -0.17766813933849335,
            0.9025086164474487,
            -0.3923342525959015,
            1.5065462589263916
          ],
          [
            0.0,
            0.0,
            0.0,
            1.0
          ]
        ]
      },
      "bone_length_armature_space": 0.10252187406004527,
      "parent": "spine_01",
      "has_children": true,
      "is_end_bone": false
    },
    "head": {
      "name": "head",
      "local": {
        "location": {
          "x": 0.0,
          "y": 0.0,
          "z": 0.0
        },
        "rotation_quaternion": {
          "w": 0.9767031669616699,
          "x": -0.03664126247167587,
          "y": -0.07936228811740875,
          "z": -0.19598481059074402
        },
        "scale": {
          "x": 1.0,
          "y": 1.0,
          "z": 1.0
        },
        "matrix_basis": [
          [
            0.9105831384658813,
            0.38865384459495544,
            -0.14066453278064728,
            0.0
          ],
          [
            -0.3770220875740051,
            0.9204947352409363,
            0.10268288105726242,
            0.0
          ],
          [
            0.1693890541791916,
            -0.04046766832470894,
            0.9847180843353271,
            0.0
          ],
          [
            0.0,
            0.0,
            0.0,
            1.0
          ]
        ],
        "rotation_mode": "QUATERNION"
      },
      "armature_space": {
        "head": {
          "x": 0.06435112655162811,
          "y": -0.09648086130619049,
          "z": 0.6492185592651367
        },
        "tail": {
          "x": 0.1484735906124115,
          "y": -0.10583920776844025,
          "z": 0.7791764140129089
        }
      },
      "world_space": {
        "head": {
          "x": 0.06435112655162811,
          "y": -0.03323686122894287,
          "z": 1.5990725755691528
        },
        "tail": {
          "x": 0.1484735906124115,
          "y": -0.04259520769119263,
          "z": 1.7290303707122803
        },
        "rotation_quaternion": {
          "w": 0.6766564249992371,
          "x": 0.6665529012680054,
          "y": 0.10938462615013123,
          "z": -0.2930501103401184
        },
        "matrix": [
          [
            0.804312527179718,
            0.5424098968505859,
            -0.2426375150680542,
            0.06435112655162811
          ],
          [
            -0.2507706582546234,
            -0.060341283679008484,
            -0.9661642909049988,
            -0.03323686122894287
          ],
          [
            -0.5387020111083984,
            0.8379501104354858,
            0.08748690783977509,
            1.5990725755691528
          ],
          [
            0.0,
            0.0,
            0.0,
            1.0
          ]
        ]
      },
      "bone_length_armature_space": 0.15509097564748373,
      "parent": "neck_01",
      "has_children": false,
      "is_end_bone": true
    },
    "upperarm_l": {
      "name": "upperarm_l",
      "local": {
        "location": {
          "x": 0.0,
          "y": 0.0,
          "z": 0.0
        },
        "rotation_quaternion": {
          "w": 0.9001564979553223,
          "x": -0.27012550830841064,
          "y": 0.23668378591537476,
          "z": -0.24643740057945251
        },
        "scale": {
          "x": 1.0,
          "y": 1.0,
          "z": 1.0
        },
        "matrix_basis": [
          [
            0.7664988040924072,
            0.31579580903053284,
            0.5592429637908936,
            0.0
          ],
          [
            -0.5715330839157104,
            0.7326016426086426,
            0.36965498328208923,
            0.0
          ],
          [
            -0.2929668426513672,
            -0.6029659509658813,
            0.7420259714126587,
            0.0
          ],
          [
            0.0,
            0.0,
            0.0,
            1.0
          ]
        ],
        "rotation_mode": "QUATERNION"
      },
      "armature_space": {
        "head": {
          "x": 0.19383282959461212,
          "y": -0.07050634920597076,
          "z": 0.47445589303970337
        },
        "tail": {
          "x": 0.3897663950920105,
          "y": 0.08283233642578125,
          "z": 0.37493187189102173
        }
      },
      "world_space": {
        "head": {
          "x": 0.19383282959461212,
          "y": -0.0072623491287231445,
          "z": 1.4243099689483643
        },
        "tail": {
          "x": 0.3897663950920105,
          "y": 0.14607633650302887,
          "z": 1.3247859477996826
        },
        "rotation_quaternion": {
          "w": 0.2726982831954956,
          "x": 0.32793018221855164,
          "y": 0.8436518907546997,
          "z": -0.32611218094825745
        },
        "matrix": [
          [
            -0.6361947059631348,
            0.7311788201332092,
            0.24623945355415344,
            0.19383282959461212
          ],
          [
            0.37545832991600037,
            0.5722245573997498,
            -0.7291025519371033,
            -0.0072623491287231445
          ],
          [
            -0.6740128397941589,
            -0.3714006543159485,
            -0.6385784149169922,
            1.4243099689483643
          ],
          [
            0.0,
            0.0,
            0.0,
            1.0
          ]
        ]
      },
      "bone_length_armature_space": 0.26796967336645716,
      "parent": "spine_01",
      "has_children": true,
      "is_end_bone": false
    },
    "lowerarm_l": {
      "name": "lowerarm_l",
      "local": {
        "location": {
          "x": 0.0,
          "y": 0.0,
          "z": 0.0
        },
        "rotation_quaternion": {
          "w": 0.9437481164932251,
          "x": 0.3305859863758087,
          "y": -0.006441160105168819,
          "z": 0.0033187654335051775
        },
        "scale": {
          "x": 1.0,
          "y": 1.0,
          "z": 1.0
        },
        "matrix_basis": [
          [
            0.9998949766159058,
            -0.01052287220954895,
            -0.009963390417397022,
            0.0
          ],
          [
            0.0020054427441209555,
            0.7814037799835205,
            -0.6240225434303284,
            0.0
          ],
          [
            0.014351939782500267,
            0.6239370703697205,
            0.7813428044319153,
            0.0
          ],
          [
            0.0,
            0.0,
            0.0,
            1.0
          ]
        ],
        "rotation_mode": "QUATERNION"
      },
      "armature_space": {
        "head": {
          "x": 0.3897665739059448,
          "y": 0.08283231407403946,
          "z": 0.3749319016933441
        },
        "tail": {
          "x": 0.5978520512580872,
          "y": 0.037296079099178314,
          "z": 0.21307818591594696
        }
      },
      "world_space": {
        "head": {
          "x": 0.3897665739059448,
          "y": 0.14607632160186768,
          "z": 1.3247859477996826
        },
        "tail": {
          "x": 0.5978520512580872,
          "y": 0.10054007917642593,
          "z": 1.1629321575164795
        },
        "rotation_quaternion": {
          "w": 0.1950932890176773,
          "x": 0.43317708373069763,
          "y": 0.6138665080070496,
          "z": -0.6304476261138916
        },
        "matrix": [
          [
            -0.5485906600952148,
            0.7778184413909912,
            -0.3066703677177429,
            0.3897665739059448
          ],
          [
            0.2858369052410126,
            -0.17021334171295166,
            -0.9430403113365173,
            0.14607632160186768
          ],
          [
            -0.7857186794281006,
            -0.6050052642822266,
            -0.12895351648330688,
            1.3247859477996826
          ],
          [
            0.0,
            0.0,
            0.0,
            1.0
          ]
        ]
      },
      "bone_length_armature_space": 0.26752521520830014,
      "parent": "upperarm_l",
      "has_children": true,
      "is_end_bone": false
    },
    "metacarpal_thumb_l": {
      "name": "metacarpal_thumb_l",
      "local": {
        "location": {
          "x": 0.0,
          "y": 0.0,
          "z": 0.0
        },
        "rotation_quaternion": {
          "w": 0.999732255935669,
          "x": -0.021706266328692436,
          "y": -0.005947517231106758,
          "z": -0.005379239562898874
        },
        "scale": {
          "x": 1.0,
          "y": 1.0,
          "z": 1.0
        },
        "matrix_basis": [
          [
            0.9998713731765747,
            0.011013795621693134,
            -0.011658322997391224,
            0.0
          ],
          [
            -0.010497401468455791,
            0.9989997744560242,
            0.04346489533782005,
            0.0
          ],
          [
            0.012125375680625439,
            -0.04333692416548729,
            0.9989869594573975,
            0.0
          ],
          [
            0.0,
            0.0,
            0.0,
            1.0
          ]
        ],
        "rotation_mode": "QUATERNION"
      },
      "armature_space": {
        "head": {
          "x": 0.5978520512580872,
          "y": 0.037296079099178314,
          "z": 0.21307818591594696
        },
        "tail": {
          "x": 0.616105318069458,
          "y": 0.0053962841629981995,
          "z": 0.1798694133758545
        }
      },
      "world_space": {
        "head": {
          "x": 0.5978520512580872,
          "y": 0.10054007917642593,
          "z": 1.1629321575164795
        },
        "tail": {
          "x": 0.616105318069458,
          "y": 0.06864028424024582,
          "z": 1.1297234296798706
        },
        "rotation_quaternion": {
          "w": 0.28880029916763306,
          "x": -0.8622381091117859,
          "y": -0.30756014585494995,
          "z": 0.2802616059780121
        },
        "matrix": [
          [
            0.6537196040153503,
            0.36850181221961975,
            -0.6609516143798828,
            0.5978520512580872
          ],
          [
            0.6922601461410522,
            -0.6440022587776184,
            0.32563334703445435,
            0.10054007917642593
          ],
          [
            -0.3056594431400299,
            -0.670428454875946,
            -0.6761005520820618,
            1.1629321575164795
          ],
          [
            0.0,
            0.0,
            0.0,
            1.0
          ]
        ]
      },
      "bone_length_armature_space": 0.04953383973437068,
      "parent": "lowerarm_l",
      "has_children": true,
      "is_end_bone": false
    },
    "thumb_01_l": {
      "name": "thumb_01_l",
      "local": {
        "location": {
          "x": 0.0,
          "y": 0.0,
          "z": 0.0
        },
        "rotation_quaternion": {
          "w": 0.9532041549682617,
          "x": 0.3023155629634857,
          "y": -0.00035044780815951526,
          "z": -0.002684886334463954
        },
        "scale": {
          "x": 1.0,
          "y": 1.0,
          "z": 1.0
        },
        "matrix_basis": [
          [
            0.9999853372573853,
            0.004906598012894392,
            -0.0022914623841643333,
            0.0
          ],
          [
            -0.005330381449311972,
            0.8171961903572083,
            -0.5763350129127502,
            0.0
          ],
          [
            -0.000955269206315279,
            0.5763387680053711,
            0.8172103762626648,
            0.0
          ],
          [
            0.0,
            0.0,
            0.0,
            1.0
          ]
        ],
        "rotation_mode": "QUATERNION"
      },
      "armature_space": {
        "head": {
          "x": 0.616105318069458,
          "y": 0.0053962841629981995,
          "z": 0.1798694133758545
        },
        "tail": {
          "x": 0.6193578243255615,
          "y": 0.010822241194546223,
          "z": 0.14642362296581268
        }
      },
      "world_space": {
        "head": {
          "x": 0.616105318069458,
          "y": 0.06864028424024582,
          "z": 1.1297234296798706
        },
        "tail": {
          "x": 0.6193578243255615,
          "y": 0.07406624406576157,
          "z": 1.0962775945663452
        },
        "rotation_quaternion": {
          "w": 0.7164624929428101,
          "x": -0.5859555006027222,
          "y": 0.25765249133110046,
          "z": -0.2774037718772888
        },
        "matrix": [
          [
            0.7133244872093201,
            0.095553457736969,
            0.6942894458770752,
            0.616105318069458
          ],
          [
            -0.6994447112083435,
            0.15940611064434052,
            0.6966828107833862,
            0.06864028424024582
          ],
          [
            -0.04410424828529358,
            -0.9825847148895264,
            0.1805444061756134,
            1.1297234296798706
          ],
          [
            0.0,
            0.0,
            0.0,
            1.0
          ]
        ]
      },
      "bone_length_armature_space": 0.034038811136135876,
      "parent": "metacarpal_thumb_l",
      "has_children": true,
      "is_end_bone": false
    },
    "thumb_02_l": {
      "name": "thumb_02_l",
      "local": {
        "location": {
          "x": 0.0,
          "y": 0.0,
          "z": 0.0
        },
        "rotation_quaternion": {
          "w": 0.8741341233253479,
          "x": 0.4856230616569519,
          "y": 0.0045262970961630344,
          "z": 0.00625871354714036
        },
        "scale": {
          "x": 1.0,
          "y": 1.0,
          "z": 1.0
        },
        "matrix_basis": [
          [
            0.9998806715011597,
            -0.006545761600136757,
            0.01399193238466978,
            0.0
          ],
          [
            0.015338058583438396,
            0.5282621383666992,
            -0.8489426970481873,
            0.0
          ],
          [
            -0.0018344302661716938,
            0.84905606508255,
            0.5282995104789734,
            0.0
          ],
          [
            0.0,
            0.0,
            0.0,
            1.0
          ]
        ],
        "rotation_mode": "QUATERNION"
      },
      "armature_space": {
        "head": {
          "x": 0.6193577647209167,
          "y": 0.010822230949997902,
          "z": 0.14642362296581268
        },
        "tail": {
          "x": 0.652474582195282,
          "y": 0.011031091213226318,
          "z": 0.16914847493171692
        }
      },
      "world_space": {
        "head": {
          "x": 0.6193577647209167,
          "y": 0.07406622916460037,
          "z": 1.0962775945663452
        },
        "tail": {
          "x": 0.652474582195282,
          "y": 0.07427509129047394,
          "z": 1.1190024614334106
        },
        "rotation_quaternion": {
          "w": 0.6851059198379517,
          "x": 0.2360936403274536,
          "y": -0.18229196965694427,
          "z": -0.6645745635032654
        },
        "matrix": [
          [
            0.05021774768829346,
            0.8245315551757812,
            -0.5635829567909241,
            0.6193577647209167
          ],
          [
            -0.9966843128204346,
            0.005200127139687538,
            -0.08120153844356537,
            0.07406622916460037
          ],
          [
            -0.0640236958861351,
            0.5657960176467896,
            0.8220643401145935,
            1.0962775945663452
          ],
          [
            0.0,
            0.0,
            0.0,
            1.0
          ]
        ]
      },
      "bone_length_armature_space": 0.04016448823680931,
      "parent": "thumb_01_l",
      "has_children": true,
      "is_end_bone": false
    },
    "thumb_03_l": {
      "name": "thumb_03_l",
      "local": {
        "location": {
          "x": 0.0,
          "y": 0.0,
          "z": 0.0
        },
        "rotation_quaternion": {
          "w": 0.9889347553253174,
          "x": 0.14830583333969116,
          "y": -0.0025409585796296597,
          "z": -0.0026471109595149755
        },
        "scale": {
          "x": 1.0,
          "y": 1.0,
          "z": 1.0
        },
        "matrix_basis": [
          [
            0.9999730587005615,
            0.004481961950659752,
            -0.0058108484372496605,
            0.0
          ],
          [
            -0.005989318247884512,
            0.9559967517852783,
            -0.293316125869751,
            0.0
          ],
          [
            0.0042405202984809875,
            0.29334303736686707,
            0.9559978246688843,
            0.0
          ],
          [
            0.0,
            0.0,
            0.0,
            1.0
          ]
        ],
        "rotation_mode": "QUATERNION"
      },
      "armature_space": {
        "head": {
          "x": 0.652474582195282,
          "y": 0.011031041853129864,
          "z": 0.16914841532707214
        },
        "tail": {
          "x": 0.6648545265197754,
          "y": 0.010990194976329803,
          "z": 0.19696274399757385
        }
      },
      "world_space": {
        "head": {
          "x": 0.652474582195282,
          "y": 0.07427503913640976,
          "z": 1.1190024614334106
        },
        "tail": {
          "x": 0.6648545265197754,
          "y": 0.07423419505357742,
          "z": 1.1468167304992676
        },
        "rotation_quaternion": {
          "w": 0.668915867805481,
          "x": 0.5191895961761475,
          "y": -0.22777454555034637,
          "z": -0.48074162006378174
        },
        "matrix": [
          [
            0.43400973081588745,
            0.4066348671913147,
            -0.8039175868034363,
            0.652474582195282
          ],
          [
            -0.8796692490577698,
            -0.0013416558504104614,
            -0.4755845069885254,
            0.07427503913640976
          ],
          [
            -0.19446970522403717,
            0.9135962724685669,
            0.3571239709854126,
            1.1190024614334106
          ],
          [
            0.0,
            0.0,
            0.0,
            1.0
          ]
        ]
      },
      "bone_length_armature_space": 0.030445057928127864,
      "parent": "thumb_02_l",
      "has_children": false,
      "is_end_bone": true
    },
    "metacarpal_index_l": {
      "name": "metacarpal_index_l",
      "local": {
        "location": {
          "x": 0.0,
          "y": 0.0,
          "z": 0.0
        },
        "rotation_quaternion": {
          "w": 0.9997256994247437,
          "x": -0.017237823456525803,
          "y": 0.0014626760967075825,
          "z": -0.015789605677127838
        },
        "scale": {
          "x": 1.0,
          "y": 1.0,
          "z": 1.0
        },
        "matrix_basis": [
          [
            0.99949711561203,
            0.03152012079954147,
            0.0034689067397266626,
            0.0
          ],
          [
            -0.03162097558379173,
            0.9989070892333984,
            0.03441999852657318,
            0.0
          ],
          [
            -0.002380192978307605,
            -0.03451238200068474,
            0.9994014501571655,
            0.0
          ],
          [
            0.0,
            0.0,
            0.0,
            1.0
          ]
        ],
        "rotation_mode": "QUATERNION"
      },
      "armature_space": {
        "head": {
          "x": 0.5978520512580872,
          "y": 0.037296079099178314,
          "z": 0.21307818591594696
        },
        "tail": {
          "x": 0.6737217307090759,
          "y": -0.009451612830162048,
          "z": 0.1370009183883667
        }
      },
      "world_space": {
        "head": {
          "x": 0.5978520512580872,
          "y": 0.10054007917642593,
          "z": 1.1629321575164795
        },
        "tail": {
          "x": 0.6737217307090759,
          "y": 0.05379238724708557,
          "z": 1.0868549346923828
        },
        "rotation_quaternion": {
          "w": 0.13651645183563232,
          "x": -0.719451367855072,
          "y": -0.5309227108955383,
          "z": 0.42646709084510803
        },
        "matrix": [
          [
            0.07249163836240768,
            0.6475085020065308,
            -0.758602499961853,
            0.5978520512580872
          ],
          [
            0.8803855776786804,
            -0.39896729588508606,
            -0.2564111053943634,
            0.10054007917642593
          ],
          [
            -0.46868833899497986,
            -0.6492799520492554,
            -0.5989832878112793,
            1.1629321575164795
          ],
          [
            0.0,
            0.0,
            0.0,
            1.0
          ]
        ]
      },
      "bone_length_armature_space": 0.11717211999898096,
      "parent": "lowerarm_l",
      "has_children": true,
      "is_end_bone": false
    },
    "index_01_l": {
      "name": "index_01_l",
      "local": {
        "location": {
          "x": 0.0,
          "y": 0.0,
          "z": 0.0
        },
        "rotation_quaternion": {
          "w": 0.9439941644668579,
          "x": 0.32950299978256226,
          "y": 0.017397195100784302,
          "z": 0.00047024525701999664
        },
        "scale": {
          "x": 1.0,
          "y": 1.0,
          "z": 1.0
        },
        "matrix_basis": [
          [
            0.9993942379951477,
            0.010577037930488586,
            0.033155594021081924,
            0.0
          ],
          [
            0.012352673336863518,
            0.7828550934791565,
            -0.622081458568573,
            0.0
          ],
          [
            -0.03253580629825592,
            0.6221141815185547,
            0.7822502255439758,
            0.0
          ],
          [
            0.0,
            0.0,
            0.0,
            1.0
          ]
        ],
        "rotation_mode": "QUATERNION"
      },
      "armature_space": {
        "head": {
          "x": 0.6737217307090759,
          "y": -0.009451612830162048,
          "z": 0.1370009183883667
        },
        "tail": {
          "x": 0.6780495643615723,
          "y": -0.014401870779693127,
          "z": 0.10925482958555222
        }
      },
      "world_space": {
        "head": {
          "x": 0.6737217307090759,
          "y": 0.05379238724708557,
          "z": 1.0868549346923828
        },
        "tail": {
          "x": 0.6780495643615723,
          "y": 0.04884212836623192,
          "z": 1.059108853340149
        },
        "rotation_quaternion": {
          "w": 0.38092100620269775,
          "x": -0.5436168909072876,
          "y": -0.5177799463272095,
          "z": 0.5397071242332458
        },
        "matrix": [
          [
            -0.11876016855239868,
            0.1517772078514099,
            -0.9812542200088501,
            0.6737217307090759
          ],
          [
            0.9741196036338806,
            -0.17360574007034302,
            -0.14474943280220032,
            0.05379238724708557
          ],
          [
            -0.19232141971588135,
            -0.9730563163757324,
            -0.12723270058631897,
            1.0868549346923828
          ],
          [
            0.0,
            0.0,
            0.0,
            1.0
          ]
        ]
      },
      "bone_length_armature_space": 0.028514568939743714,
      "parent": "metacarpal_index_l",
      "has_children": true,
      "is_end_bone": false
    },
    "index_02_l": {
      "name": "index_02_l",
      "local": {
        "location": {
          "x": 0.0,
          "y": 0.0,
          "z": 0.0
        },
        "rotation_quaternion": {
          "w": 0.8991484642028809,
          "x": 0.43756410479545593,
          "y": 0.00828307494521141,
          "z": 0.001113974954932928
        },
        "scale": {
          "x": 1.0,
          "y": 1.0,
          "z": 1.0
        },
        "matrix_basis": [
          [
            0.9998602867126465,
            0.005245494656264782,
            0.01587029919028282,
            0.0
          ],
          [
            0.00925200991332531,
            0.6170728206634521,
            -0.786851704120636,
            0.0
          ],
          [
            -0.0139205576851964,
            0.7868886590003967,
            0.6169381141662598,
            0.0
          ],
          [
            0.0,
            0.0,
            0.0,
            1.0
          ]
        ],
        "rotation_mode": "QUATERNION"
      },
      "armature_space": {
        "head": {
          "x": 0.6780493259429932,
          "y": -0.01440221443772316,
          "z": 0.10925445705652237
        },
        "tail": {
          "x": 0.6614170074462891,
          "y": -0.020775876939296722,
          "z": 0.09079267829656601
        }
      },
      "world_space": {
        "head": {
          "x": 0.6780493259429932,
          "y": 0.04884178563952446,
          "z": 1.0591084957122803
        },
        "tail": {
          "x": 0.6614170074462891,
          "y": 0.0424681231379509,
          "z": 1.0406466722488403
        },
        "rotation_quaternion": {
          "w": 0.55901700258255,
          "x": -0.31829965114593506,
          "y": -0.2515401840209961,
          "z": 0.7231271862983704
        },
        "matrix": [
          [
            -0.17236799001693726,
            -0.6483513116836548,
            -0.7415727376937866,
            0.6780493259429932
          ],
          [
            0.9686114192008972,
            -0.24845419824123383,
            -0.007918372750282288,
            0.04884178563952446
          ],
          [
            -0.1791132539510727,
            -0.7196658849716187,
            0.6708306670188904,
            1.0591084957122803
          ],
          [
            0.0,
            0.0,
            0.0,
            1.0
          ]
        ]
      },
      "bone_length_armature_space": 0.025653360284356986,
      "parent": "index_01_l",
      "has_children": true,
      "is_end_bone": false
    },
    "index_03_l": {
      "name": "index_03_l",
      "local": {
        "location": {
          "x": 0.0,
          "y": 0.0,
          "z": 0.0
        },
        "rotation_quaternion": {
          "w": 0.9306080341339111,
          "x": 0.3659999370574951,
          "y": 0.0016649907920509577,
          "z": -0.003167536808177829
        },
        "scale": {
          "x": 1.0,
          "y": 1.0,
          "z": 1.0
        },
        "matrix_basis": [
          [
            0.9999743700027466,
            0.0071142432279884815,
            0.0007802710752002895,
            0.0
          ],
          [
            -0.004676697310060263,
            0.7320680022239685,
            -0.6812155246734619,
            0.0
          ],
          [
            -0.005417543929070234,
            0.6811944246292114,
            0.7320825457572937,
            0.0
          ],
          [
            0.0,
            0.0,
            0.0,
            1.0
          ]
        ],
        "rotation_mode": "QUATERNION"
      },
      "armature_space": {
        "head": {
          "x": 0.6614171266555786,
          "y": -0.020775897428393364,
          "z": 0.09079258888959885
        },
        "tail": {
          "x": 0.6322422623634338,
          "y": -0.022375032305717468,
          "z": 0.09077736735343933
        }
      },
      "world_space": {
        "head": {
          "x": 0.6614171266555786,
          "y": 0.042468100786209106,
          "z": 1.0406465530395508
        },
        "tail": {
          "x": 0.6322422623634338,
          "y": 0.04086896777153015,
          "z": 1.0406314134597778
        },
        "rotation_quaternion": {
          "w": 0.6850383877754211,
          "x": -0.06158454343676567,
          "y": 0.05794361233711243,
          "z": 0.7235830426216125
        },
        "matrix": [
          [
            -0.05385953187942505,
            -0.998501181602478,
            -0.009735196828842163,
            0.6614171266555786
          ],
          [
            0.9842273592948914,
            -0.054729871451854706,
            0.16823014616966248,
            0.042468100786209106
          ],
          [
            -0.16851097345352173,
            -0.0005209147930145264,
            0.9857069253921509,
            1.0406465530395508
          ],
          [
            0.0,
            0.0,
            0.0,
            1.0
          ]
        ]
      },
      "bone_length_armature_space": 0.02921866158982396,
      "parent": "index_02_l",
      "has_children": false,
      "is_end_bone": true
    },
    "metacarpal_pinky_l": {
      "name": "metacarpal_pinky_l",
      "local": {
        "location": {
          "x": 0.0,
          "y": 0.0,
          "z": 0.0
        },
        "rotation_quaternion": {
          "w": 0.9996740818023682,
          "x": -0.015428603626787663,
          "y": -0.018954850733280182,
          "z": 0.007381251081824303
        },
        "scale": {
          "x": 1.0,
          "y": 1.0,
          "z": 1.0
        },
        "matrix_basis": [
          [
            0.9991724491119385,
            -0.014172797091305256,
            -0.038125112652778625,
            0.0
          ],
          [
            0.015342584811151028,
            0.9994149804115295,
            0.03056732937693596,
            0.0
          ],
          [
            0.037669580429792404,
            -0.031126970425248146,
            0.9988053441047668,
            0.0
          ],
          [
            0.0,
            0.0,
            0.0,
            1.0
          ]
        ],
        "rotation_mode": "QUATERNION"
      },
      "armature_space": {
        "head": {
          "x": 0.5978520512580872,
          "y": 0.037296079099178314,
          "z": 0.21307818591594696
        },
        "tail": {
          "x": 0.6829836964607239,
          "y": 0.053336821496486664,
          "z": 0.15529794991016388
        }
      },
      "world_space": {
        "head": {
          "x": 0.5978520512580872,
          "y": 0.10054007917642593,
          "z": 1.1629321575164795
        },
        "tail": {
          "x": 0.6829836964607239,
          "y": 0.11658082157373428,
          "z": 1.1051520109176636
        },
        "rotation_quaternion": {
          "w": 0.643785834312439,
          "x": -0.023912737146019936,
          "y": 0.4031883776187897,
          "z": -0.649928629398346
        },
        "matrix": [
          [
            -0.1699327528476715,
            0.8175458312034607,
            0.5502196550369263,
            0.5978520512580872
          ],
          [
            -0.8561143279075623,
            0.1540442407131195,
            -0.4932941198348999,
            0.10054007917642593
          ],
          [
            -0.4880528450012207,
            -0.5548815131187439,
            0.6737396717071533,
            1.1629321575164795
          ],
          [
            0.0,
            0.0,
            0.0,
            1.0
          ]
        ]
      },
      "bone_length_armature_space": 0.10413096660248775,
      "parent": "lowerarm_l",
      "has_children": true,
      "is_end_bone": false
    },
    "pinky_01_l": {
      "name": "pinky_01_l",
      "local": {
        "location": {
          "x": 0.0,
          "y": 0.0,
          "z": 0.0
        },
        "rotation_quaternion": {
          "w": 0.9440144896507263,
          "x": 0.32961350679397583,
          "y": -0.010441580787301064,
          "z": 0.009094588458538055
        },
        "scale": {
          "x": 1.0,
          "y": 1.0,
          "z": 1.0
        },
        "matrix_basis": [
          [
            0.9996165037155151,
            -0.02405421808362007,
            -0.013718608766794205,
            0.0
          ],
          [
            0.01028747484087944,
            0.7825444340705872,
            -0.622509777545929,
            0.0
          ],
          [
            0.025709405541419983,
            0.6221299171447754,
            0.7824918031692505,
            0.0
          ],
          [
            0.0,
            0.0,
            0.0,
            1.0
          ]
        ],
        "rotation_mode": "QUATERNION"
      },
      "armature_space": {
        "head": {
          "x": 0.6829836964607239,
          "y": 0.053336821496486664,
          "z": 0.15529794991016388
        },
