{
  "metadata": {
    "armature_name": "KIM_caucasian_male",
    "export_time": "2026-01-13T21:16:35.662434",
    "blender_version": "4.4.1",
    "bone_count": 56,
    "end_bone_count": 13,
    "spaces_included": [
      "LOCAL_CHANNELS",
      "ARMATURE_SPACE",
      "WORLD_SPACE"
    ],
    "note": "LOCAL matches Transform panel; replay pose via local.matrix_basis for best fidelity."
  },
  "bones": {
    "Root": {
      "name": "Root",
      "local": {
        "location": {
          "x": 0.0,
          "y": 0.0,
          "z": 0.0
        },
        "rotation_quaternion": {
          "w": 0.999690055847168,
          "x": -0.014305357821285725,
          "y": 0.017658233642578125,
          "z": 0.010171287693083286
        },
        "scale": {
          "x": 1.0,
          "y": 1.0,
          "z": 1.0
        },
        "matrix_basis": [
          [
            0.9991694688796997,
            -0.020841484889388084,
            0.03501451388001442,
            0.0
          ],
          [
            0.019831055775284767,
            0.999383807182312,
            0.02896106243133545,
            0.0
          ],
          [
            -0.03559652715921402,
            -0.02824263460934162,
            0.9989671111106873,
            0.0
          ],
          [
            0.0,
            0.0,
            0.0,
            1.0
          ]
        ],
        "rotation_mode": "QUATERNION"
      },
      "armature_space": {
        "head": {
          "x": 0.0,
          "y": 0.07072800397872925,
          "z": -0.009595036506652832
        },
        "tail": {
          "x": -0.0014875790802761912,
          "y": 0.00031457096338272095,
          "z": 0.0019916463643312454
        }
      },
      "world_space": {
        "head": {
          "x": 0.0,
          "y": 0.13397200405597687,
          "z": 0.9402589797973633
        },
        "tail": {
          "x": -0.0014875790802761912,
          "y": 0.06355857104063034,
          "z": 0.951845645904541
        },
        "rotation_quaternion": {
          "w": 0.08161963522434235,
          "x": 0.9964552521705627,
          "y": -0.008958582766354084,
          "z": 0.018303336575627327
        },
        "matrix": [
          [
            0.9991694688796997,
            -0.020841484889388084,
            0.03501451388001442,
            0.0
          ],
          [
            -0.014865823090076447,
            -0.9865159392356873,
            -0.1629890352487564,
            0.13397200405597687
          ],
          [
            0.03793955594301224,
            0.16233333945274353,
            -0.9860134124755859,
            0.9402589797973633
          ],
          [
            0.0,
            0.0,
            0.0,
            1.0
          ]
        ]
      },
      "bone_length_armature_space": 0.07137587715767968,
      "parent": null,
      "has_children": true,
      "is_end_bone": false
    },
    "spine_01": {
      "name": "spine_01",
      "local": {
        "location": {
          "x": 0.0,
          "y": 0.0,
          "z": 0.0
        },
        "rotation_quaternion": {
          "w": 0.9983807802200317,
          "x": 0.02905871719121933,
          "y": -0.002086549298837781,
          "z": -0.04885942488908768
        },
        "scale": {
          "x": 1.0,
          "y": 1.0,
          "z": 1.0
        },
        "matrix_basis": [
          [
            0.9952167868614197,
            0.09743935614824295,
            -0.007005925755947828,
            0.0
          ],
          [
            -0.09768188744783401,
            0.9935367107391357,
            -0.0578194335103035,
            0.0
          ],
          [
            0.0013267570175230503,
            0.05822722613811493,
            0.9983024597167969,
            0.0
          ],
          [
            0.0,
            0.0,
            0.0,
            1.0
          ]
        ],
        "rotation_mode": "QUATERNION"
      },
      "armature_space": {
        "head": {
          "x": -0.0014875790802761912,
          "y": 0.00031457096338272095,
          "z": 0.0019916463643312454
        },
        "tail": {
          "x": 0.02772127091884613,
          "y": 0.007919186726212502,
          "z": 0.48906204104423523
        }
      },
      "world_space": {
        "head": {
          "x": -0.0014875790802761912,
          "y": 0.06355857104063034,
          "z": 0.951845645904541
        },
        "tail": {
          "x": 0.02772127091884613,
          "y": 0.07116318494081497,
          "z": 1.4389160871505737
        },
        "rotation_quaternion": {
          "w": 0.712476909160614,
          "x": 0.7009658813476562,
          "y": 0.012965940870344639,
          "z": -0.029247764497995377
        },
        "matrix": [
          [
            0.9979528784751892,
            0.05985404923558235,
            -0.022527918219566345,
            -0.0014875790802761912
          ],
          [
            -0.023499784991145134,
            0.015583191066980362,
            -0.9996024966239929,
            0.06355857104063034
          ],
          [
            -0.059479642659425735,
            0.998092532157898,
            0.016957055777311325,
            0.951845645904541
          ],
          [
            0.0,
            0.0,
            0.0,
            1.0
          ]
        ]
      },
      "bone_length_armature_space": 0.4880046565896424,
      "parent": "Root",
      "has_children": true,
      "is_end_bone": false
    },
    "neck_01": {
      "name": "neck_01",
      "local": {
        "location": {
          "x": 0.0,
          "y": 0.0,
          "z": 0.0
        },
        "rotation_quaternion": {
          "w": 0.9884921312332153,
          "x": -0.07121166586875916,
          "y": -0.11603294312953949,
          "z": -0.06594449281692505
        },
        "scale": {
          "x": 1.0,
          "y": 1.0,
          "z": 1.0
        },
        "matrix_basis": [
          [
            0.964375376701355,
            0.14689701795578003,
            -0.22000326216220856,
            0.0
          ],
          [
            -0.11384542286396027,
            0.9811604619026184,
            0.15608781576156616,
            0.0
          ],
          [
            0.23878733813762665,
            -0.12548087537288666,
            0.9629305005073547,
            0.0
          ],
          [
            0.0,
            0.0,
            0.0,
            1.0
          ]
        ],
        "rotation_mode": "QUATERNION"
      },
      "armature_space": {
        "head": {
          "x": 0.0313224121928215,
          "y": -0.025606488808989525,
          "z": 0.5627289414405823
        },
        "tail": {
          "x": 0.05164191126823425,
          "y": -0.050762973725795746,
          "z": 0.6600173115730286
        }
      },
      "world_space": {
        "head": {
          "x": 0.0313224121928215,
          "y": 0.037637509405612946,
          "z": 1.5125830173492432
        },
        "tail": {
          "x": 0.05164191126823425,
          "y": 0.012481026351451874,
          "z": 1.6098713874816895
        },
        "rotation_quaternion": {
          "w": 0.6142526865005493,
          "x": 0.7718689441680908,
          "y": -0.0021503926254808903,
          "z": -0.1640346646308899
        },
        "matrix": [
          [
            0.9461763501167297,
            0.19819775223731995,
            -0.25586703419685364,
            0.0313224121928215
          ],
          [
            -0.2048359364271164,
            -0.2453780472278595,
            -0.9475401043891907,
            0.037637509405612946
          ],
          [
            -0.2505864202976227,
            0.948957085609436,
            -0.19157512485980988,
            1.5125830173492432
          ],
          [
            0.0,
            0.0,
            0.0,
            1.0
          ]
        ]
      },
      "bone_length_armature_space": 0.10252198505676331,
      "parent": "spine_01",
      "has_children": true,
      "is_end_bone": false
    },
    "head": {
      "name": "head",
      "local": {
        "location": {
          "x": 0.0,
          "y": 0.0,
          "z": 0.0
        },
        "rotation_quaternion": {
          "w": 0.9921314716339111,
          "x": -0.055327076464891434,
          "y": -0.09583665430545807,
          "z": -0.05856257677078247
        },
        "scale": {
          "x": 1.0,
          "y": 1.0,
          "z": 1.0
        },
        "matrix_basis": [
          [
            0.9747714996337891,
            0.1268082708120346,
            -0.18368493020534515,
            0.0
          ],
          [
            -0.1055988296866417,
            0.9870187044143677,
            0.12100835144519806,
            0.0
          ],
          [
            0.1966453194618225,
            -0.09855858236551285,
            0.9755085110664368,
            0.0
          ],
          [
            0.0,
            0.0,
            0.0,
            1.0
          ]
        ],
        "rotation_mode": "QUATERNION"
      },
      "armature_space": {
        "head": {
          "x": 0.051641855388879776,
          "y": -0.05076310411095619,
          "z": 0.6600171327590942
        },
        "tail": {
          "x": 0.11519387364387512,
          "y": -0.022564558312296867,
          "z": 0.7986506223678589
        }
      },
      "world_space": {
        "head": {
          "x": 0.051641855388879776,
          "y": 0.012480895966291428,
          "z": 1.6098711490631104
        },
        "tail": {
          "x": 0.11519387364387512,
          "y": 0.0406794399023056,
          "z": 1.748504638671875
        },
        "rotation_quaternion": {
          "w": 0.7687046527862549,
          "x": 0.5820509791374207,
          "y": 0.0018247856060042977,
          "z": -0.2651539742946625
        },
        "matrix": [
          [
            0.859379231929779,
            0.4097745716571808,
            -0.30586275458335876,
            0.051641855388879776
          ],
          [
            -0.40552818775177,
            0.18182027339935303,
            -0.8958173394203186,
            0.012480895966291428
          ],
          [
            -0.31147366762161255,
            0.8938892483711243,
            0.3224291205406189,
            1.6098711490631104
          ],
          [
            0.0,
            0.0,
            0.0,
            1.0
          ]
        ]
      },
      "bone_length_armature_space": 0.1550911393307839,
      "parent": "neck_01",
      "has_children": false,
      "is_end_bone": true
    },
    "upperarm_l": {
      "name": "upperarm_l",
      "local": {
        "location": {
          "x": 0.0,
          "y": 0.0,
          "z": 0.0
        },
        "rotation_quaternion": {
          "w": 0.8925288915634155,
          "x": 0.37255018949508667,
          "y": -0.11337731033563614,
          "z": -0.2274734526872635
        },
        "scale": {
          "x": 1.0,
          "y": 1.0,
          "z": 1.0
        },
        "matrix_basis": [
          [
            0.8708028197288513,
            0.321575790643692,
            -0.3718756139278412,
            0.0
          ],
          [
            -0.49053072929382324,
            0.6189243793487549,
            -0.6134429574012756,
            0.0
          ],
          [
            0.032894495874643326,
            0.7166042923927307,
            0.6967039108276367,
            0.0
          ],
          [
            0.0,
            0.0,
            0.0,
            1.0
          ]
        ],
        "rotation_mode": "QUATERNION"
      },
      "armature_space": {
        "head": {
          "x": 0.1769208461046219,
          "y": -0.03336662799119949,
          "z": 0.4867814779281616
        },
        "tail": {
          "x": 0.33791160583496094,
          "y": -0.22205954790115356,
          "z": 0.38536763191223145
        }
      },
      "world_space": {
        "head": {
          "x": 0.1769208461046219,
          "y": 0.029877372086048126,
          "z": 1.4366354942321777
        },
        "tail": {
          "x": 0.33791160583496094,
          "y": -0.15881554782390594,
          "z": 1.3352216482162476
        },
        "rotation_quaternion": {
          "w": 0.19354841113090515,
          "x": 0.42733627557754517,
          "y": 0.3323555588722229,
          "z": -0.8182069063186646
        },
        "matrix": [
          [
            -0.5598458647727966,
            0.6007802486419678,
            -0.5706449747085571,
            0.1769208461046219
          ],
          [
            -0.03267159312963486,
            -0.7041584253311157,
            -0.7092911005020142,
            0.029877372086048126
          ],
          [
            -0.8279582262039185,
            -0.3784531056880951,
            0.4138508439064026,
            1.4366354942321777
          ],
          [
            0.0,
            0.0,
            0.0,
            1.0
          ]
        ]
      },
      "bone_length_armature_space": 0.26796980195909437,
      "parent": "spine_01",
      "has_children": true,
      "is_end_bone": false
    },
    "lowerarm_l": {
      "name": "lowerarm_l",
      "local": {
        "location": {
          "x": 0.0,
          "y": 0.0,
          "z": 0.0
        },
        "rotation_quaternion": {
          "w": 0.9182859659194946,
          "x": 0.34488531947135925,
          "y": 0.01914224401116371,
          "z": -0.1934903860092163
        },
        "scale": {
          "x": 1.0,
          "y": 1.0,
          "z": 1.0
        },
        "matrix_basis": [
          [
            0.9243900775909424,
            0.3685627579689026,
            -0.09830787777900696,
            0.0
          ],
          [
            -0.34215524792671204,
            0.687231183052063,
            -0.6408143639564514,
            0.0
          ],
          [
            -0.16862009465694427,
            0.6259990334510803,
            0.761375367641449,
            0.0
          ],
          [
            0.0,
            0.0,
            0.0,
            1.0
          ]
        ],
        "rotation_mode": "QUATERNION"
      },
      "armature_space": {
        "head": {
          "x": 0.3379116654396057,
          "y": -0.22205966711044312,
          "z": 0.3853676915168762
        },
        "tail": {
          "x": 0.28944432735443115,
          "y": -0.4832960367202759,
          "z": 0.35412850975990295
        }
      },
      "world_space": {
        "head": {
          "x": 0.3379116654396057,
          "y": -0.1588156670331955,
          "z": 1.335221767425537
        },
        "tail": {
          "x": 0.28944432735443115,
          "y": -0.42005205154418945,
          "z": 1.3039824962615967
        },
        "rotation_quaternion": {
          "w": 0.10704442113637924,
          "x": -0.3996286392211914,
          "y": -0.017146123573184013,
          "z": 0.9102441668510437
        },
        "matrix": [
          [
            -0.6576767563819885,
            -0.18116974830627441,
            -0.7311898469924927,
            0.3379116654396057
          ],
          [
            0.2085772454738617,
            -0.9764951467514038,
            0.05434274673461914,
            -0.1588156670331955
          ],
          [
            -0.7238534688949585,
            -0.11677125096321106,
            0.6800107955932617,
            1.335221767425537
          ],
          [
            0.0,
            0.0,
            0.0,
            1.0
          ]
        ]
      },
      "bone_length_armature_space": 0.26752460011395685,
      "parent": "upperarm_l",
      "has_children": true,
      "is_end_bone": false
    },
    "metacarpal_thumb_l": {
      "name": "metacarpal_thumb_l",
      "local": {
        "location": {
          "x": 0.0,
          "y": 0.0,
          "z": 0.0
        },
        "rotation_quaternion": {
          "w": 0.9983861446380615,
          "x": -0.05648283287882805,
          "y": -0.0044869123958051205,
          "z": 0.0038193664513528347
        },
        "scale": {
          "x": 1.0,
          "y": 1.0,
          "z": 1.0
        },
        "matrix_basis": [
          [
            0.9999305605888367,
            -0.007119538262486458,
            -0.009390799328684807,
            0.0
          ],
          [
            0.00813327170908451,
            0.9935901761054993,
            0.11274908483028412,
            0.0
          ],
          [
            0.008527885191142559,
            -0.11281763017177582,
            0.993579089641571,
            0.0
          ],
          [
            0.0,
            0.0,
            0.0,
            1.0
          ]
        ],
        "rotation_mode": "QUATERNION"
      },
      "armature_space": {
        "head": {
          "x": 0.28944432735443115,
          "y": -0.4832960367202759,
          "z": 0.35412850975990295
        },
        "tail": {
          "x": 0.2583993375301361,
          "y": -0.5196644067764282,
          "z": 0.36705660820007324
        }
      },
      "world_space": {
        "head": {
          "x": 0.28944432735443115,
          "y": -0.42005205154418945,
          "z": 1.3039824962615967
        },
        "tail": {
          "x": 0.2583993375301361,
          "y": -0.4564204216003418,
          "z": 1.3169106245040894
        },
        "rotation_quaternion": {
          "w": 0.01441560685634613,
          "x": -0.8448001742362976,
          "y": 0.3642582595348358,
          "z": 0.39168989658355713
        },
        "matrix": [
          [
            0.4277893006801605,
            -0.6267450451850891,
            -0.6512961387634277,
            0.28944432735443115
          ],
          [
            -0.6041585206985474,
            -0.7342153191566467,
            0.30971047282218933,
            -0.42005205154418945
          ],
          [
            -0.6723063588142395,
            0.26099640130996704,
            -0.6927474737167358,
            1.3039824962615967
          ],
          [
            0.0,
            0.0,
            0.0,
            1.0
          ]
        ]
      },
      "bone_length_armature_space": 0.04953368050684516,
      "parent": "lowerarm_l",
      "has_children": true,
      "is_end_bone": false
    },
    "thumb_01_l": {
      "name": "thumb_01_l",
      "local": {
        "location": {
          "x": 0.0,
          "y": 0.0,
          "z": 0.0
        },
        "rotation_quaternion": {
          "w": 0.978789746761322,
          "x": 0.20476827025413513,
          "y": -0.0011927110608667135,
          "z": -0.006263961549848318
        },
        "scale": {
          "x": 1.0,
          "y": 1.0,
          "z": 1.0
        },
        "matrix_basis": [
          [
            0.9999186992645264,
            0.01177374366670847,
            -0.004900147672742605,
            0.0
          ],
          [
            -0.012750661000609398,
            0.9160614609718323,
            -0.40083521604537964,
            0.0
          ],
          [
            -0.00023049443552736193,
            0.4008651077747345,
            0.9161370396614075,
            0.0
          ],
          [
            0.0,
            0.0,
            0.0,
            1.0
          ]
        ],
        "rotation_mode": "QUATERNION"
      },
      "armature_space": {
        "head": {
          "x": 0.2583993375301361,
          "y": -0.5196644067764282,
          "z": 0.36705660820007324
        },
        "tail": {
          "x": 0.23311428725719452,
          "y": -0.5342888832092285,
          "z": 0.3495803475379944
        }
      },
      "world_space": {
        "head": {
          "x": 0.2583993375301361,
          "y": -0.4564204216003418,
          "z": 1.3169106245040894
        },
        "tail": {
          "x": 0.23311428725719452,
          "y": -0.4710448980331421,
          "z": 1.2994344234466553
        },
        "rotation_quaternion": {
          "w": 0.0033173721749335527,
          "x": -0.6984845399856567,
          "y": 0.5340086221694946,
          "z": -0.4763854444026947
        },
        "matrix": [
          [
            -0.0242189671844244,
            -0.7428351640701294,
            0.6690360307693481,
            0.2583993375301361
          ],
          [
            -0.7491539120674133,
            -0.42964494228363037,
            -0.504156768321991,
            -0.4564204216003418
          ],
          [
            0.6619571447372437,
            -0.5134252309799194,
            -0.5460964441299438,
            1.3169106245040894
          ],
          [
            0.0,
            0.0,
            0.0,
            1.0
          ]
        ]
      },
      "bone_length_armature_space": 0.03403863604382476,
      "parent": "metacarpal_thumb_l",
      "has_children": true,
      "is_end_bone": false
    },
    "thumb_02_l": {
      "name": "thumb_02_l",
      "local": {
        "location": {
          "x": 0.0,
          "y": 0.0,
          "z": 0.0
        },
        "rotation_quaternion": {
          "w": 0.9273771047592163,
          "x": 0.37410521507263184,
          "y": 5.8592639106791466e-05,
          "z": 0.004117319826036692
        },
        "scale": {
          "x": 1.0,
          "y": 1.0,
          "z": 1.0
        },
        "matrix_basis": [
          [
            0.9999660849571228,
            -0.007592776790261269,
            0.003189296694472432,
            0.0
          ],
          [
            0.0076804556883871555,
            0.7200566530227661,
            -0.6938727498054504,
            0.0
          ],
          [
            0.0029719467274844646,
            0.6938737034797668,
            0.7200905680656433,
            0.0
          ],
          [
            0.0,
            0.0,
            0.0,
            1.0
          ]
        ],
        "rotation_mode": "QUATERNION"
      },
      "armature_space": {
        "head": {
          "x": 0.23311427235603333,
          "y": -0.5342888832092285,
          "z": 0.3495803475379944
        },
        "tail": {
          "x": 0.25949203968048096,
          "y": -0.5639642477035522,
          "z": 0.35564368963241577
        }
      },
      "world_space": {
        "head": {
          "x": 0.23311427235603333,
          "y": -0.4710448980331421,
          "z": 1.2994344234466553
        },
        "tail": {
          "x": 0.25949203968048096,
          "y": -0.5007202625274658,
          "z": 1.305497646331787
        },
        "rotation_quaternion": {
          "w": 0.25850433111190796,
          "x": -0.48553040623664856,
          "y": -0.2524901330471039,
          "z": -0.7960430979728699
        },
        "matrix": [
          [
            -0.39487114548683167,
            0.6567448377609253,
            0.642466127872467,
            0.23311427235603333
          ],
          [
            -0.16637827455997467,
            -0.738848090171814,
            0.6530099511146545,
            -0.4710448980331421
          ],
          [
            0.9035519957542419,
            0.15096285939216614,
            0.4010213315486908,
            1.2994344234466553
          ],
          [
            0.0,
            0.0,
            0.0,
            1.0
          ]
        ]
      },
      "bone_length_armature_space": 0.04016438702179471,
      "parent": "thumb_01_l",
      "has_children": true,
      "is_end_bone": false
    },
    "thumb_03_l": {
      "name": "thumb_03_l",
      "local": {
        "location": {
          "x": 0.0,
          "y": 0.0,
          "z": 0.0
        },
        "rotation_quaternion": {
          "w": 0.983046293258667,
          "x": 0.1832340657711029,
          "y": 0.0043035647831857204,
          "z": 0.005188832525163889
        },
        "scale": {
          "x": 1.0,
          "y": 1.0,
          "z": 1.0
        },
        "matrix_basis": [
          [
            0.9999091029167175,
            -0.0086246058344841,
            0.010362748987972736,
            0.0
          ],
          [
            0.011778844520449638,
            0.9327967166900635,
            -0.36021047830581665,
            0.0
          ],
          [
            -0.006559664849191904,
            0.3602997958660126,
            0.9328135251998901,
            0.0
          ],
          [
            0.0,
            0.0,
            0.0,
            1.0
          ]
        ],
        "rotation_mode": "QUATERNION"
      },
      "armature_space": {
        "head": {
          "x": 0.2594919502735138,
          "y": -0.563964307308197,
          "z": 0.35564368963241577
        },
        "tail": {
          "x": 0.28735196590423584,
          "y": -0.5706380009651184,
          "z": 0.36594775319099426
        }
      },
      "world_space": {
        "head": {
          "x": 0.2594919502735138,
          "y": -0.5007203221321106,
          "z": 1.305497646331787
        },
        "tail": {
          "x": 0.28735196590423584,
          "y": -0.507394015789032,
          "z": 1.315801739692688
        },
        "rotation_quaternion": {
          "w": 0.49594420194625854,
          "x": -0.23044320940971375,
          "y": -0.38004639744758606,
          "z": -0.7459892630577087
        },
        "matrix": [
          [
            -0.40186938643455505,
            0.9150967001914978,
            -0.03314945101737976,
            0.2594919502735138
          ],
          [
            -0.5647813677787781,
            -0.2192060947418213,
            0.7955948114395142,
            -0.5007203221321106
          ],
          [
            0.7207840085029602,
            0.3384496867656708,
            0.6049268245697021,
            1.305497646331787
          ],
          [
            0.0,
            0.0,
            0.0,
            1.0
          ]
        ]
      },
      "bone_length_armature_space": 0.030444907448428128,
      "parent": "thumb_02_l",
      "has_children": false,
      "is_end_bone": true
    },
    "metacarpal_index_l": {
      "name": "metacarpal_index_l",
      "local": {
        "location": {
          "x": 0.0,
          "y": 0.0,
          "z": 0.0
        },
        "rotation_quaternion": {
          "w": 0.9997758865356445,
          "x": 0.00926620326936245,
          "y": -0.016116628423333168,
          "z": -0.01012797374278307
        },
        "scale": {
          "x": 1.0,
          "y": 1.0,
          "z": 1.0
        },
        "matrix_basis": [
          [
            0.9992753863334656,
            0.01995272748172283,
            -0.032413728535175323,
            0.0
          ],
          [
            -0.020550087094306946,
            0.9996231198310852,
            -0.01820179633796215,
            0.0
          ],
          [
            0.03203833848237991,
            0.018854711204767227,
            0.9993087649345398,
            0.0
          ],
          [
            0.0,
            0.0,
            0.0,
            1.0
          ]
        ],
        "rotation_mode": "QUATERNION"
      },
      "armature_space": {
        "head": {
          "x": 0.28944432735443115,
          "y": -0.4832960367202759,
          "z": 0.35412850975990295
        },
        "tail": {
          "x": 0.23761726915836334,
          "y": -0.5882943868637085,
          "z": 0.3584321141242981
        }
      },
      "world_space": {
        "head": {
          "x": 0.28944432735443115,
          "y": -0.42005205154418945,
          "z": 1.3039824962615967
        },
        "tail": {
          "x": 0.23761726915836334,
          "y": -0.5250504016876221,
          "z": 1.308286190032959
        },
        "rotation_quaternion": {
          "w": 0.13360247015953064,
          "x": -0.7389156818389893,
          "y": 0.18465419113636017,
          "z": 0.6340795755386353
        },
        "matrix": [
          [
            0.12769187986850739,
            -0.44231706857681274,
            -0.8877219557762146,
            0.28944432735443115
          ],
          [
            -0.10345917195081711,
            -0.896106481552124,
            0.43161284923553467,
            -0.42005205154418945
          ],
          [
            -0.9864101409912109,
            0.036729004234075546,
            -0.1601879894733429,
            1.3039824962615967
          ],
          [
            0.0,
            0.0,
            0.0,
            1.0
          ]
        ]
      },
      "bone_length_armature_space": 0.11717174953950432,
      "parent": "lowerarm_l",
      "has_children": true,
      "is_end_bone": false
    },
    "index_01_l": {
      "name": "index_01_l",
      "local": {
        "location": {
          "x": 0.0,
          "y": 0.0,
          "z": 0.0
        },
        "rotation_quaternion": {
          "w": 0.9739553928375244,
          "x": 0.22510989010334015,
          "y": 0.023388871923089027,
          "z": -0.013766391202807426
        },
        "scale": {
          "x": 1.0,
          "y": 1.0,
          "z": 1.0
        },
        "matrix_basis": [
          [
            0.9985268712043762,
            0.03734583407640457,
            0.039361532777547836,
            0.0
          ],
          [
            -0.016285568475723267,
            0.8982720375061035,
            -0.43913793563842773,
            0.0
          ],
          [
            -0.0517573356628418,
            0.4378500282764435,
            0.8975570201873779,
            0.0
          ],
          [
            0.0,
            0.0,
            0.0,
            1.0
          ]
        ],
        "rotation_mode": "QUATERNION"
      },
      "armature_space": {
        "head": {
          "x": 0.23761726915836334,
          "y": -0.5882943868637085,
          "z": 0.3584321141242981
        },
        "tail": {
          "x": 0.21997740864753723,
          "y": -0.6078746914863586,
          "z": 0.3475455045700073
        }
      },
      "world_space": {
        "head": {
          "x": 0.23761726915836334,
          "y": -0.5250504016876221,
          "z": 1.308286190032959
        },
        "tail": {
          "x": 0.21997740864753723,
          "y": -0.5446307063102722,
          "z": 1.2973995208740234
        },
        "rotation_quaternion": {
          "w": 0.3700164258480072,
          "x": -0.728340208530426,
          "y": 0.14052657783031464,
          "z": 0.5593395829200745
        },
        "matrix": [
          [
            0.3347839415073395,
            -0.618630588054657,
            -0.7107852697372437,
            0.23761726915836334
          ],
          [
            0.20922595262527466,
            -0.6866819858551025,
            0.6961987614631653,
            -0.5250504016876221
          ],
          [
            -0.9187795519828796,
            -0.38179415464401245,
            -0.1004566103219986,
            1.308286190032959
          ],
          [
            0.0,
            0.0,
            0.0,
            1.0
          ]
        ]
      },
      "bone_length_armature_space": 0.02851440493112006,
      "parent": "metacarpal_index_l",
      "has_children": true,
      "is_end_bone": false
    },
    "index_02_l": {
      "name": "index_02_l",
      "local": {
        "location": {
          "x": 0.0,
          "y": 0.0,
          "z": 0.0
        },
        "rotation_quaternion": {
          "w": 0.9268026351928711,
          "x": 0.37538066506385803,
          "y": -0.007761547341942787,
          "z": -0.008137180469930172
        },
        "scale": {
          "x": 1.0,
          "y": 1.0,
          "z": 1.0
        },
        "matrix_basis": [
          [
            0.999747097492218,
            0.009256050921976566,
            -0.020495925098657608,
            0.0
          ],
          [
            -0.020910190418362617,
            0.7180463075637817,
            -0.6956812739372253,
            0.0
          ],
          [
            0.008277764543890953,
            0.6959338784217834,
            0.7180582284927368,
            0.0
          ],
          [
            0.0,
            0.0,
            0.0,
            1.0
          ]
        ],
        "rotation_mode": "QUATERNION"
      },
      "armature_space": {
        "head": {
          "x": 0.21997687220573425,
          "y": -0.6078747510910034,
          "z": 0.3475455343723297
        },
        "tail": {
          "x": 0.19586506485939026,
          "y": -0.609063446521759,
          "z": 0.33886805176734924
        }
      },
      "world_space": {
        "head": {
          "x": 0.21997687220573425,
          "y": -0.544630765914917,
          "z": 1.2973995208740234
        },
        "tail": {
          "x": 0.19586506485939026,
          "y": -0.5458194613456726,
          "z": 1.288722038269043
        },
        "rotation_quaternion": {
          "w": 0.6178016662597656,
          "x": -0.5231513977050781,
          "y": 0.30846959352493286,
          "z": 0.49947988986968994
        },
        "matrix": [
          [
            0.31073111295700073,
            -0.939911961555481,
            -0.1414623260498047,
            0.21997687220573425
          ],
          [
            0.29440838098526,
            -0.046336203813552856,
            0.9545559883117676,
            -0.544630765914917
          ],
          [
            -0.9037593007087708,
            -0.33826032280921936,
            0.2623225450515747,
            1.2973995208740234
          ],
          [
            0.0,
            0.0,
            0.0,
            1.0
          ]
        ]
      },
      "bone_length_armature_space": 0.02565328403319085,
      "parent": "index_01_l",
      "has_children": true,
      "is_end_bone": false
    },
    "index_03_l": {
      "name": "index_03_l",
      "local": {
        "location": {
          "x": 0.0,
          "y": 0.0,
          "z": 0.0
        },
        "rotation_quaternion": {
          "w": 0.9704078435897827,
          "x": 0.24143825471401215,
          "y": -0.004018029663711786,
          "z": 0.00010888982797041535
        },
        "scale": {
          "x": 1.0,
          "y": 1.0,
          "z": 1.0
        },
        "matrix_basis": [
          [
            0.9999676942825317,
            -0.00215154723264277,
            -0.007745674811303616,
            0.0
          ],
          [
            -0.0017288770759478211,
            0.8834151029586792,
            -0.4685880243778229,
            0.0
          ],
          [
            0.007850835099816322,
            0.468586266040802,
            0.8833828568458557,
            0.0
          ],
          [
            0.0,
            0.0,
            0.0,
            1.0
          ]
        ],
        "rotation_mode": "QUATERNION"
      },
      "armature_space": {
        "head": {
          "x": 0.19586507976055145,
          "y": -0.6090635657310486,
          "z": 0.33886805176734924
        },
        "tail": {
          "x": 0.17175495624542236,
          "y": -0.5940933227539062,
          "z": 0.3319164514541626
        }
      },
      "world_space": {
        "head": {
          "x": 0.19586507976055145,
          "y": -0.5458195805549622,
          "z": 1.288722038269043
        },
        "tail": {
          "x": 0.17175495624542236,
          "y": -0.5308493375778198,
          "z": 1.2817704677581787
        },
        "rotation_quaternion": {
          "w": 0.7597246170043945,
          "x": -0.3503533601760864,
          "y": 0.4230782985687256,
          "z": 0.3479596972465515
        },
        "matrix": [
          [
            0.3998572528362274,
            -0.8251613974571228,
            0.3990274667739868,
            0.19586507976055145
          ],
          [
            0.2322540581226349,
            0.512352466583252,
            0.8267728090286255,
            -0.5458195805549622
          ],
          [
            -0.8866695761680603,
            -0.23791654407978058,
            0.3965184688568115,
            1.288722038269043
          ],
          [
            0.0,
            0.0,
            0.0,
            1.0
          ]
        ]
      },
      "bone_length_armature_space": 0.02921867569819367,
      "parent": "index_02_l",
      "has_children": false,
      "is_end_bone": true
    },
    "metacarpal_pinky_l": {
      "name": "metacarpal_pinky_l",
      "local": {
        "location": {
          "x": 0.0,
          "y": 0.0,
          "z": 0.0
        },
        "rotation_quaternion": {
          "w": 0.9999078512191772,
          "x": -0.012386622838675976,
          "y": -0.004650995600968599,
          "z": 0.0030674589797854424
        },
        "scale": {
          "x": 1.0,
          "y": 1.0,
          "z": 1.0
        },
        "matrix_basis": [
          [
            0.999937891960144,
            -0.00601913221180439,
            -0.009377124719321728,
            0.0
          ],
          [
            0.006249573081731796,
            0.9996743202209473,
            0.024742430076003075,
            0.0
          ],
          [
            0.009225143119692802,
            -0.024799495935440063,
            0.9996498823165894,
            0.0
          ],
          [
            0.0,
            0.0,
            0.0,
            1.0
          ]
        ],
        "rotation_mode": "QUATERNION"
      },
      "armature_space": {
        "head": {
          "x": 0.28944432735443115,
          "y": -0.4832960367202759,
          "z": 0.35412850975990295
        },
        "tail": {
          "x": 0.29367491602897644,
          "y": -0.5809330940246582,
          "z": 0.31817927956581116
        }
      },
      "world_space": {
        "head": {
          "x": 0.28944432735443115,
          "y": -0.42005205154418945,
          "z": 1.3039824962615967
        },
        "tail": {
          "x": 0.29367491602897644,
          "y": -0.5176891088485718,
          "z": 1.2680332660675049
        },
        "rotation_quaternion": {
          "w": 0.059276334941387177,
          "x": -0.21978642046451569,
          "y": 0.16633395850658417,
          "z": -0.9594338536262512
        },
        "matrix": [
          [
            -0.8963603973388672,
            0.040627770125865936,
            0.4414602518081665,
            0.28944432735443115
          ],
          [
            -0.1868593394756317,
            -0.937639057636261,
            -0.2931159436702728,
            -0.42005205154418945
          ],
          [
            0.40202435851097107,
            -0.34523165225982666,
            0.8480599522590637,
            1.3039824962615967
          ],
          [
            0.0,
            0.0,
            0.0,
            1.0
          ]
        ]
      },
      "bone_length_armature_space": 0.10413087765394245,
      "parent": "lowerarm_l",
      "has_children": true,
      "is_end_bone": false
    },
    "pinky_01_l": {
      "name": "pinky_01_l",
      "local": {
        "location": {
          "x": 0.0,
          "y": 0.0,
          "z": 0.0
        },
        "rotation_quaternion": {
          "w": 0.9484487771987915,
          "x": 0.3164089024066925,
          "y": -0.0181803647428751,
          "z": -0.0001553504407638684
        },
        "scale": {
          "x": 1.0,
          "y": 1.0,
          "z": 1.0
        },
        "matrix_basis": [
          [
            0.9993389248847961,
            -0.011210174299776554,
            -0.03458459675312042,
            0.0
          ],
          [
            -0.011799542233347893,
            0.7997707724571228,
            -0.6001896262168884,
            0.0
          ],
          [
            0.0343879796564579,
            0.6002009510993958,
            0.7991097569465637,
            0.0
          ],
          [
            0.0,
            0.0,
            0.0,
            1.0
          ]
        ],
        "rotation_mode": "QUATERNION"
      },
      "armature_space": {
        "head": {
          "x": 0.29367491602897644,
          "y": -0.5809330940246582,
          "z": 0.31817927956581116
        },
