{
  "metadata": {
    "armature_name": "KIM_caucasian_male",
    "export_time": "2026-01-13T19:11:21.958496",
    "blender_version": "4.4.1",
    "bone_count": 56,
    "end_bone_count": 13,
    "spaces_included": [
      "LOCAL_CHANNELS",
      "ARMATURE_SPACE",
      "WORLD_SPACE"
    ],
    "note": "LOCAL matches Transform panel; replay pose via local.matrix_basis for best fidelity."
  },
  "bones": {
    "Root": {
      "name": "Root",
      "local": {
        "location": {
          "x": 0.0,
          "y": 0.0,
          "z": 0.0
        },
        "rotation_quaternion": {
          "w": 0.9996752738952637,
          "x": -0.0020241669844835997,
          "y": 0.01777023635804653,
          "z": 0.018153201788663864
        },
        "scale": {
          "x": 1.0,
          "y": 1.0,
          "z": 1.0
        },
        "matrix_basis": [
          [
            0.9987093806266785,
            -0.036366552114486694,
            0.03545544296503067,
            0.0
          ],
          [
            0.0362226739525795,
            0.9993327260017395,
            0.004692192655056715,
            0.0
          ],
          [
            -0.035602420568466187,
            -0.0034018459264189005,
            0.9993602633476257,
            0.0
          ],
          [
            0.0,
            0.0,
            0.0,
            1.0
          ]
        ],
        "rotation_mode": "QUATERNION"
      },
      "armature_space": {
        "head": {
          "x": 0.0,
          "y": 0.07072800397872925,
          "z": -0.009595036506652832
        },
        "tail": {
          "x": -0.0025956942699849606,
          "y": 7.983297109603882e-05,
          "z": 0.00023420434445142746
        }
      },
      "world_space": {
        "head": {
          "x": 0.0,
          "y": 0.13397200405597687,
          "z": 0.9402589797973633
        },
        "tail": {
          "x": -0.0025956942699849606,
          "y": 0.06332383304834366,
          "z": 0.9500882029533386
        },
        "rotation_quaternion": {
          "w": 0.06936535239219666,
          "x": 0.9972678422927856,
          "y": -0.016914818435907364,
          "z": 0.018952811136841774
        },
        "matrix": [
          [
            0.9987093806266785,
            -0.036366552114486694,
            0.03545544296503067,
            0.0
          ],
          [
            -0.031107865273952484,
            -0.9898046851158142,
            -0.1389933079481125,
            0.13397200405597687
          ],
          [
            0.040148913860321045,
            0.13771097362041473,
            -0.9896654486656189,
            0.9402589797973633
          ],
          [
            0.0,
            0.0,
            0.0,
            1.0
          ]
        ]
      },
      "bone_length_armature_space": 0.07137587527818656,
      "parent": null,
      "has_children": true,
      "is_end_bone": false
    },
    "spine_01": {
      "name": "spine_01",
      "local": {
        "location": {
          "x": 0.0,
          "y": 0.0,
          "z": 0.0
        },
        "rotation_quaternion": {
          "w": 0.9988881945610046,
          "x": -0.012271851301193237,
          "y": -0.039821807295084,
          "z": -0.022044138982892036
        },
        "scale": {
          "x": 1.0,
          "y": 1.0,
          "z": 1.0
        },
        "matrix_basis": [
          [
            0.9958565831184387,
            0.045016635209321976,
            -0.07901401817798615,
            0.0
          ],
          [
            -0.043061885982751846,
            0.9987269043922424,
            0.026272090151906013,
            0.0
          ],
          [
            0.08009611070156097,
            -0.02276073954999447,
            0.9965272545814514,
            0.0
          ],
          [
            0.0,
            0.0,
            0.0,
            1.0
          ]
        ],
        "rotation_mode": "QUATERNION"
      },
      "armature_space": {
        "head": {
          "x": -0.0025956942699849606,
          "y": 7.983297109603882e-05,
          "z": 0.00023420434445142746
        },
        "tail": {
          "x": 0.0009393789805471897,
          "y": 0.03552642837166786,
          "z": 0.4869369864463806
        }
      },
      "world_space": {
        "head": {
          "x": -0.0025956942699849606,
          "y": 0.06332383304834366,
          "z": 0.9500882029533386
        },
        "tail": {
          "x": 0.0009393789805471897,
          "y": 0.09877042472362518,
          "z": 1.436790943145752
        },
        "rotation_quaternion": {
          "w": 0.7313007116317749,
          "x": 0.6796972751617432,
          "y": -0.03895081952214241,
          "z": -0.041155099868774414
        },
        "matrix": [
          [
            0.9935782551765442,
            0.007243984378874302,
            -0.11291559040546417,
            -0.0025956942699849606
          ],
          [
            -0.11314308643341064,
            0.07263628393411636,
            -0.9909201264381409,
            0.06332383304834366
          ],
          [
            0.001023455522954464,
            0.9973392486572266,
            0.07298901677131653,
            0.9500882029533386
          ],
          [
            0.0,
            0.0,
            0.0,
            1.0
          ]
        ]
      },
      "bone_length_armature_space": 0.4880046567965132,
      "parent": "Root",
      "has_children": true,
      "is_end_bone": false
    },
    "neck_01": {
      "name": "neck_01",
      "local": {
        "location": {
          "x": 0.0,
          "y": 0.0,
          "z": 0.0
        },
        "rotation_quaternion": {
          "w": 0.9874670505523682,
          "x": -0.04956653714179993,
          "y": -0.11498090624809265,
          "z": -0.09608081728219986
        },
        "scale": {
          "x": 1.0,
          "y": 1.0,
          "z": 1.0
        },
        "matrix_basis": [
          [
            0.9550957083702087,
            0.20115169882774353,
            -0.21755492687225342,
            0.0
          ],
          [
            -0.178354874253273,
            0.9766232967376709,
            0.11998556554317474,
            0.0
          ],
          [
            0.2366044968366623,
            -0.0757957249879837,
            0.9686450958251953,
            0.0
          ],
          [
            0.0,
            0.0,
            0.0,
            1.0
          ]
        ],
        "rotation_mode": "QUATERNION"
      },
      "armature_space": {
        "head": {
          "x": -0.0024461899884045124,
          "y": 0.006479199975728989,
          "z": 0.5624918937683105
        },
        "tail": {
          "x": 0.015262225642800331,
          "y": -0.01951698213815689,
          "z": 0.6600693464279175
        }
      },
      "world_space": {
        "head": {
          "x": -0.0024461899884045124,
          "y": 0.0697232037782669,
          "z": 1.5123459100723267
        },
        "tail": {
          "x": 0.015262225642800331,
          "y": 0.04372701793909073,
          "z": 1.6099233627319336
        },
        "rotation_quaternion": {
          "w": 0.6099596619606018,
          "x": 0.7698577642440796,
          "y": -0.03413243219256401,
          "z": -0.1846708357334137
        },
        "matrix": [
          [
            0.9294638633728027,
            0.17272907495498657,
            -0.32597824931144714,
            -0.0024461899884045124
          ],
          [
            -0.2778366506099701,
            -0.25356850028038025,
            -0.9265581965446472,
            0.0697232037782669
          ],
          [
            -0.24270325899124146,
            0.9517772793769836,
            -0.18769443035125732,
            1.5123459100723267
          ],
          [
            0.0,
            0.0,
            0.0,
            1.0
          ]
        ]
      },
      "bone_length_armature_space": 0.10252194417819059,
      "parent": "spine_01",
      "has_children": true,
      "is_end_bone": false
    },
    "head": {
      "name": "head",
      "local": {
        "location": {
          "x": 0.0,
          "y": 0.0,
          "z": 0.0
        },
        "rotation_quaternion": {
          "w": 0.9983850717544556,
          "x": -0.01741008646786213,
          "y": 0.03065379709005356,
          "z": 0.044549476355314255
        },
        "scale": {
          "x": 1.0,
          "y": 1.0,
          "z": 1.0
        },
        "matrix_basis": [
          [
            0.9941513538360596,
            -0.09002243727445602,
            0.05965736508369446,
            0.0
          ],
          [
            0.08788769692182541,
            0.9954244494438171,
            0.03749516233801842,
            0.0
          ],
          [
            -0.06275980919599533,
            -0.03203272074460983,
            0.9975144863128662,
            0.0
          ],
          [
            0.0,
            0.0,
            0.0,
            1.0
          ]
        ],
        "rotation_mode": "QUATERNION"
      },
      "armature_space": {
        "head": {
          "x": 0.015262161381542683,
          "y": -0.01951710879802704,
          "z": 0.6600692868232727
        },
        "tail": {
          "x": 0.04647138714790344,
          "y": 0.0043826233595609665,
          "z": 0.810096263885498
        }
      },
      "world_space": {
        "head": {
          "x": 0.015262161381542683,
          "y": 0.04372689127922058,
          "z": 1.6099233627319336
        },
        "tail": {
          "x": 0.04647138714790344,
          "y": 0.06762662529945374,
          "z": 1.7599502801895142
        },
        "rotation_quaternion": {
          "w": 0.7596301436424255,
          "x": 0.6360780000686646,
          "y": -0.003609794657677412,
          "z": -0.1354769617319107
        },
        "matrix": [
          [
            0.9632658362388611,
            0.20123271644115448,
            -0.1778331696987152,
            0.015262161381542683
          ],
          [
            -0.21041816473007202,
            0.1541021317243576,
            -0.9653895497322083,
            0.04372689127922058
          ],
          [
            -0.1668647825717926,
            0.9673528671264648,
            0.1907847374677658,
            1.6099233627319336
          ],
          [
            0.0,
            0.0,
            0.0,
            1.0
          ]
        ]
      },
      "bone_length_armature_space": 0.1550912864532588,
      "parent": "neck_01",
      "has_children": false,
      "is_end_bone": true
    },
    "upperarm_l": {
      "name": "upperarm_l",
      "local": {
        "location": {
          "x": 0.0,
          "y": 0.0,
          "z": 0.0
        },
        "rotation_quaternion": {
          "w": 0.7914081811904907,
          "x": 0.5456833839416504,
          "y": -0.2739241123199463,
          "z": 0.029470158740878105
        },
        "scale": {
          "x": 1.0,
          "y": 1.0,
          "z": 1.0
        },
        "matrix_basis": [
          [
            0.8481941819190979,
            -0.3455975353717804,
            -0.4014088213443756,
            0.0
          ],
          [
            -0.2523058354854584,
            0.4027222990989685,
            -0.8798617720603943,
            0.0
          ],
          [
            0.4657343327999115,
            0.8475714325904846,
            0.2543904483318329,
            0.0
          ],
          [
            0.0,
            0.0,
            0.0,
            1.0
          ]
        ],
        "rotation_mode": "QUATERNION"
      },
      "armature_space": {
        "head": {
          "x": 0.14574360847473145,
          "y": -0.018534155562520027,
          "z": 0.49584928154945374
        },
        "tail": {
          "x": 0.23889659345149994,
          "y": -0.24865442514419556,
          "z": 0.5967200994491577
        }
      },
      "world_space": {
        "head": {
          "x": 0.14574360847473145,
          "y": 0.04470984637737274,
          "z": 1.4457032680511475
        },
        "tail": {
          "x": 0.23889659345149994,
          "y": -0.18541042506694794,
          "z": 1.5465741157531738
        },
        "rotation_quaternion": {
          "w": 0.25778162479400635,
          "x": 0.5280661582946777,
          "y": -0.064579539000988,
          "z": -0.8065508604049683
        },
        "matrix": [
          [
            -0.3093893527984619,
            0.34762540459632874,
            -0.8851187825202942,
            0.14574360847473145
          ],
          [
            -0.48403334617614746,
            -0.8587557077407837,
            -0.16807974874973297,
            0.04470984637737274
          ],
          [
            -0.8185354471206665,
            0.3764265775680542,
            0.43395498394966125,
            1.4457032680511475
          ],
          [
            0.0,
            0.0,
            0.0,
            1.0
          ]
        ]
      },
      "bone_length_armature_space": 0.26796966467776323,
      "parent": "spine_01",
      "has_children": true,
      "is_end_bone": false
    },
    "lowerarm_l": {
      "name": "lowerarm_l",
      "local": {
        "location": {
          "x": 0.0,
          "y": 0.0,
          "z": 0.0
        },
        "rotation_quaternion": {
          "w": 0.8574541807174683,
          "x": 0.4555957615375519,
          "y": 0.18851064145565033,
          "z": -0.14720232784748077
        },
        "scale": {
          "x": 1.0,
          "y": 1.0,
          "z": 1.0
        },
        "matrix_basis": [
          [
            0.8855904340744019,
            0.42420780658721924,
            0.18914896249771118,
            0.0
          ],
          [
            -0.08066920191049576,
            0.5415279269218445,
            -0.8368033766746521,
            0.0
          ],
          [
            -0.45740798115730286,
            0.7258065938949585,
            0.5137924551963806,
            0.0
          ],
          [
            0.0,
            0.0,
            0.0,
            1.0
          ]
        ],
        "rotation_mode": "QUATERNION"
      },
      "armature_space": {
        "head": {
          "x": 0.23889660835266113,
          "y": -0.24865446984767914,
          "z": 0.596720278263092
        },
        "tail": {
          "x": 0.061029985547065735,
          "y": -0.43056192994117737,
          "z": 0.6794402003288269
        }
      },
      "world_space": {
        "head": {
          "x": 0.23889660835266113,
          "y": -0.18541046977043152,
          "z": 1.546574354171753
        },
        "tail": {
          "x": 0.061029985547065735,
          "y": -0.36731791496276855,
          "z": 1.6292941570281982
        },
        "rotation_quaternion": {
          "w": 0.10322275757789612,
          "x": -0.7031573057174683,
          "y": 0.38647302985191345,
          "z": 0.5878379940986633
        },
        "matrix": [
          [
            0.010169565677642822,
            -0.6648610830307007,
            -0.7468980550765991,
            0.23889660835266113
          ],
          [
            -0.4221467077732086,
            -0.6799656748771667,
            0.5995323657989502,
            -0.18541046977043152
          ],
          [
            -0.9064773321151733,
            0.3092051148414612,
            -0.2875850200653076,
            1.546574354171753
          ],
          [
            0.0,
            0.0,
            0.0,
            1.0
          ]
        ]
      },
      "bone_length_armature_space": 0.2675246616887284,
      "parent": "upperarm_l",
      "has_children": true,
      "is_end_bone": false
    },
    "metacarpal_thumb_l": {
      "name": "metacarpal_thumb_l",
      "local": {
        "location": {
          "x": 0.0,
          "y": 0.0,
          "z": 0.0
        },
        "rotation_quaternion": {
          "w": 0.9996315240859985,
          "x": -0.02587852254509926,
          "y": 0.008160474710166454,
          "z": -0.0007707409095019102
        },
        "scale": {
          "x": 1.0,
          "y": 1.0,
          "z": 1.0
        },
        "matrix_basis": [
          [
            0.9998656511306763,
            0.0011185517068952322,
            0.01635482721030712,
            0.0
          ],
          [
            -0.0019632759504020214,
            0.9986594319343567,
            0.051725395023822784,
            0.0
          ],
          [
            -0.01627504453063011,
            -0.0517505519092083,
            0.9985274076461792,
            0.0
          ],
          [
            0.0,
            0.0,
            0.0,
            1.0
          ]
        ],
        "rotation_mode": "QUATERNION"
      },
      "armature_space": {
        "head": {
          "x": 0.061029985547065735,
          "y": -0.43056192994117737,
          "z": 0.6794402003288269
        },
        "tail": {
          "x": 0.01304595172405243,
          "y": -0.4426771104335785,
          "z": 0.6773568987846375
        }
      },
      "world_space": {
        "head": {
          "x": 0.061029985547065735,
          "y": -0.36731791496276855,
          "z": 1.6292941570281982
        },
        "tail": {
          "x": 0.01304595172405243,
          "y": -0.3794330954551697,
          "z": 1.6272108554840088
        },
        "rotation_quaternion": {
          "w": 0.09814746677875519,
          "x": 0.7725335359573364,
          "y": -0.6066913604736328,
          "z": 0.15963923931121826
        },
        "matrix": [
          [
            0.21288149058818817,
            -0.968715488910675,
            0.1275615394115448,
            0.061029985547065735
          ],
          [
            -0.9060423374176025,
            -0.24458461999893188,
            -0.3453490138053894,
            -0.36731791496276855
          ],
          [
            0.36574605107307434,
            -0.04205804318189621,
            -0.9297714829444885,
            1.6292941570281982
          ],
          [
            0.0,
            0.0,
            0.0,
            1.0
          ]
        ]
      },
      "bone_length_armature_space": 0.04953367881762051,
      "parent": "lowerarm_l",
      "has_children": true,
      "is_end_bone": false
    },
    "thumb_01_l": {
      "name": "thumb_01_l",
      "local": {
        "location": {
          "x": 0.0,
          "y": 0.0,
          "z": 0.0
        },
        "rotation_quaternion": {
          "w": 0.9708622694015503,
          "x": 0.23941856622695923,
          "y": -0.006335882935672998,
          "z": 0.008071808144450188
        },
        "scale": {
          "x": 1.0,
          "y": 1.0,
          "z": 1.0
        },
        "matrix_basis": [
          [
            0.9997894167900085,
            -0.01870708353817463,
            -0.008437457494437695,
            0.0
          ],
          [
            0.012639371678233147,
            0.8852272033691406,
            -0.464987188577652,
            0.0
          ],
          [
            0.016167620196938515,
            0.46478262543678284,
            0.8852772116661072,
            0.0
          ],
          [
            0.0,
            0.0,
            0.0,
            1.0
          ]
        ],
        "rotation_mode": "QUATERNION"
      },
      "armature_space": {
        "head": {
          "x": 0.01304595172405243,
          "y": -0.4426771104335785,
          "z": 0.6773568987846375
        },
        "tail": {
          "x": -0.0013958998024463654,
          "y": -0.4670148491859436,
          "z": 0.6584429144859314
        }
      },
      "world_space": {
        "head": {
          "x": 0.01304595172405243,
          "y": -0.3794330954551697,
          "z": 1.6272108554840088
        },
        "tail": {
          "x": -0.0013958998024463654,
          "y": -0.4037708640098572,
          "z": 1.6082968711853027
        },
        "rotation_quaternion": {
          "w": 0.12898488342761993,
          "x": 0.27666836977005005,
          "y": -0.35476869344711304,
          "z": 0.8837175369262695
        },
        "matrix": [
          [
            -0.813635528087616,
            -0.42427894473075867,
            0.39747291803359985,
            0.01304595172405243
          ],
          [
            0.03166716545820236,
            -0.7150049209594727,
            -0.6984021067619324,
            -0.3794330954551697
          ],
          [
            0.5805164575576782,
            -0.5556623935699463,
            0.5951924324035645,
            1.6272108554840088
          ],
          [
            0.0,
            0.0,
            0.0,
            1.0
          ]
        ]
      },
      "bone_length_armature_space": 0.034038675161123015,
      "parent": "metacarpal_thumb_l",
      "has_children": true,
      "is_end_bone": false
    },
    "thumb_02_l": {
      "name": "thumb_02_l",
      "local": {
        "location": {
          "x": 0.0,
          "y": 0.0,
          "z": 0.0
        },
        "rotation_quaternion": {
          "w": 0.8861483335494995,
          "x": 0.46336400508880615,
          "y": -0.005318805109709501,
          "z": -0.002592919860035181
        },
        "scale": {
          "x": 1.0,
          "y": 1.0,
          "z": 1.0
        },
        "matrix_basis": [
          [
            0.9999299645423889,
            -0.0003336624358780682,
            -0.011829432100057602,
            0.0
          ],
          [
            -0.009524509310722351,
            0.570574164390564,
            -0.8211908936500549,
            0.0
          ],
          [
            0.007023569196462631,
            0.8212460875511169,
            0.5705310106277466,
            0.0
          ],
          [
            0.0,
            0.0,
            0.0,
            1.0
          ]
        ],
        "rotation_mode": "QUATERNION"
      },
      "armature_space": {
        "head": {
          "x": -0.0013958830386400223,
          "y": -0.4670148193836212,
          "z": 0.6584429144859314
        },
        "tail": {
          "x": -0.002109320368617773,
          "y": -0.4731575548648834,
          "z": 0.6981287002563477
        }
      },
      "world_space": {
        "head": {
          "x": -0.0013958830386400223,
          "y": -0.4037708044052124,
          "z": 1.6082968711853027
        },
        "tail": {
          "x": -0.002109320368617773,
          "y": -0.4099135398864746,
          "z": 1.6479827165603638
        },
        "rotation_quaternion": {
          "w": 0.20587018132209778,
          "x": 0.22719678282737732,
          "y": 0.6173714399337769,
          "z": 0.7244665026664734
        },
        "matrix": [
          [
            -0.8119984865188599,
            -0.0177629292011261,
            0.583389401435852,
            -0.0013958830386400223
          ],
          [
            0.5788214802742004,
            -0.15293967723846436,
            0.8009840250015259,
            -0.4037708044052124
          ],
          [
            0.07499673217535019,
            0.988082766532898,
            0.13446998596191406,
            1.6082968711853027
          ],
          [
            0.0,
            0.0,
            0.0,
            1.0
          ]
        ]
      },
      "bone_length_armature_space": 0.04016470811112047,
      "parent": "thumb_01_l",
      "has_children": true,
      "is_end_bone": false
    },
    "thumb_03_l": {
      "name": "thumb_03_l",
      "local": {
        "location": {
          "x": 0.0,
          "y": 0.0,
          "z": 0.0
        },
        "rotation_quaternion": {
          "w": 0.9920270442962646,
          "x": 0.12600818276405334,
          "y": 1.948093995451927e-06,
          "z": 0.00208744453266263
        },
        "scale": {
          "x": 1.0,
          "y": 1.0,
          "z": 1.0
        },
        "matrix_basis": [
          [
            0.9999912977218628,
            -0.004141111858189106,
            0.0005299352924339473,
            0.0
          ],
          [
            0.004142093937844038,
            0.9682351350784302,
            -0.2500070333480835,
            0.0
          ],
          [
            0.0005222050822339952,
            0.2500070631504059,
            0.9682438969612122,
            0.0
          ],
          [
            0.0,
            0.0,
            0.0,
            1.0
          ]
        ],
        "rotation_mode": "QUATERNION"
      },
      "armature_space": {
        "head": {
          "x": -0.002109401160851121,
          "y": -0.4731575846672058,
          "z": 0.6981286406517029
        },
        "tail": {
          "x": 0.0076701445505023,
          "y": -0.46639692783355713,
          "z": 0.7261564135551453
        }
      },
      "world_space": {
        "head": {
          "x": -0.002109401160851121,
          "y": -0.4099135994911194,
          "z": 1.6479825973510742
        },
        "tail": {
          "x": 0.0076701445505023,
          "y": -0.4031529426574707,
          "z": 1.6760103702545166
        },
        "rotation_quaternion": {
          "w": 0.04244287312030792,
          "x": -0.17319107055664062,
          "y": -0.7805317640304565,
          "z": -0.5991442203521729
        },
        "matrix": [
          [
            -0.9364067316055298,
            0.3212212920188904,
            0.14127856492996216,
            -0.002109401160851121
          ],
          [
            0.21950528025627136,
            0.22206257283687592,
            0.9500032067298889,
            -0.4099135994911194
          ],
          [
            0.27379071712493896,
            0.9206070899963379,
            -0.2784516215324402,
            1.6479825973510742
          ],
          [
            0.0,
            0.0,
            0.0,
            1.0
          ]
        ]
      },
      "bone_length_armature_space": 0.030445065777350414,
      "parent": "thumb_02_l",
      "has_children": false,
      "is_end_bone": true
    },
    "metacarpal_index_l": {
      "name": "metacarpal_index_l",
      "local": {
        "location": {
          "x": 0.0,
          "y": 0.0,
          "z": 0.0
        },
        "rotation_quaternion": {
          "w": 0.9995564222335815,
          "x": 0.029517393559217453,
          "y": -0.0028266110457479954,
          "z": 0.002788163721561432
        },
        "scale": {
          "x": 1.0,
          "y": 1.0,
          "z": 1.0
        },
        "matrix_basis": [
          [
            0.9999684691429138,
            -0.0057407221756875515,
            -0.00548611581325531,
            0.0
          ],
          [
            0.005406985525041819,
            0.9982419013977051,
            -0.05902436375617981,
            0.0
          ],
          [
            0.005815313197672367,
            0.058992840349674225,
            0.9982414841651917,
            0.0
          ],
          [
            0.0,
            0.0,
            0.0,
            1.0
          ]
        ],
        "rotation_mode": "QUATERNION"
      },
      "armature_space": {
        "head": {
          "x": 0.061029985547065735,
          "y": -0.43056192994117737,
          "z": 0.6794402003288269
        },
        "tail": {
          "x": -0.041571371257305145,
          "y": -0.4857946038246155,
          "z": 0.691750168800354
        }
      },
      "world_space": {
        "head": {
          "x": 0.061029985547065735,
          "y": -0.36731791496276855,
          "z": 1.6292941570281982
        },
        "tail": {
          "x": -0.041571371257305145,
          "y": -0.42255061864852905,
          "z": 1.6416041851043701
        },
        "rotation_quaternion": {
          "w": 0.017791934311389923,
          "x": -0.8475707769393921,
          "y": 0.5138016939163208,
          "z": 0.13158732652664185
        },
        "matrix": [
          [
            0.43738508224487305,
            -0.8756493926048279,
            -0.20477497577667236,
            0.061029985547065735
          ],
          [
            -0.8662843108177185,
            -0.4713822305202484,
            0.16537980735301971,
            -0.36731791496276855
          ],
          [
            -0.24134467542171478,
            0.10505908727645874,
            -0.9647432565689087,
            1.6292941570281982
          ],
          [
            0.0,
            0.0,
            0.0,
            1.0
          ]
        ]
      },
      "bone_length_armature_space": 0.11717176157846607,
      "parent": "lowerarm_l",
      "has_children": true,
      "is_end_bone": false
    },
    "index_01_l": {
      "name": "index_01_l",
      "local": {
        "location": {
          "x": 0.0,
          "y": 0.0,
          "z": 0.0
        },
        "rotation_quaternion": {
          "w": 0.9391776323318481,
          "x": 0.34328004717826843,
          "y": 0.003345211036503315,
          "z": -0.00964351650327444
        },
        "scale": {
          "x": 1.0,
          "y": 1.0,
          "z": 1.0
        },
        "matrix_basis": [
          [
            0.9997916221618652,
            0.02041063830256462,
            -0.0003373588260728866,
            0.0
          ],
          [
            -0.01581726223230362,
            0.7641316056251526,
            -0.644866406917572,
            0.0
          ],
          [
            -0.012904348783195019,
            0.6447373628616333,
            0.764295220375061,
            0.0
          ],
          [
            0.0,
            0.0,
            0.0,
            1.0
          ]
        ],
        "rotation_mode": "QUATERNION"
      },
      "armature_space": {
        "head": {
          "x": -0.041571371257305145,
          "y": -0.4857946038246155,
          "z": 0.691750168800354
        },
        "tail": {
          "x": -0.060243867337703705,
          "y": -0.5016244053840637,
          "z": 0.6771273612976074
        }
      },
      "world_space": {
        "head": {
          "x": -0.041571371257305145,
          "y": -0.42255061864852905,
          "z": 1.6416041851043701
        },
        "tail": {
          "x": -0.060243867337703705,
          "y": -0.4383804202079773,
          "z": 1.6269813776016235
        },
        "rotation_quaternion": {
          "w": 0.29668885469436646,
          "x": -0.8816898465156555,
          "y": 0.36660513281822205,
          "z": 0.01412401907145977
        },
        "matrix": [
          [
            0.7308018207550049,
            -0.6548452377319336,
            0.1926310807466507,
            -0.041571371257305145
          ],
          [
            -0.6380845308303833,
            -0.5551523566246033,
            0.5335299372673035,
            -0.42255061864852905
          ],
          [
            -0.24244241416454315,
            -0.5128234624862671,
            -0.8235580921173096,
            1.6416041851043701
          ],
          [
            0.0,
            0.0,
            0.0,
            1.0
          ]
        ]
      },
      "bone_length_armature_space": 0.028514403782864992,
      "parent": "metacarpal_index_l",
      "has_children": true,
      "is_end_bone": false
    },
    "index_02_l": {
      "name": "index_02_l",
      "local": {
        "location": {
          "x": 0.0,
          "y": 0.0,
          "z": 0.0
        },
        "rotation_quaternion": {
          "w": 0.8788787126541138,
          "x": 0.47692564129829407,
          "y": -0.004668057430535555,
          "z": -0.009608977474272251
        },
        "scale": {
          "x": 1.0,
          "y": 1.0,
          "z": 1.0
        },
        "matrix_basis": [
          [
            0.999771773815155,
            0.012437619268894196,
            -0.01737084798514843,
            0.0
          ],
          [
            -0.021342884749174118,
            0.5448992252349854,
            -0.8382298946380615,
            0.0
          ],
          [
            -0.0009602228528819978,
            0.8384093046188354,
            0.5450403094291687,
            0.0
          ],
          [
            0.0,
            0.0,
            0.0,
            1.0
          ]
        ],
        "rotation_mode": "QUATERNION"
      },
      "armature_space": {
        "head": {
          "x": -0.060244232416152954,
          "y": -0.5016242861747742,
          "z": 0.677126944065094
        },
        "tail": {
          "x": -0.06632313877344131,
          "y": -0.49820053577423096,
          "z": 0.6524404287338257
        }
      },
      "world_space": {
        "head": {
          "x": -0.060244232416152954,
          "y": -0.43838030099868774,
          "z": 1.6269810199737549
        },
        "tail": {
          "x": -0.06632313877344131,
          "y": -0.43495655059814453,
          "z": 1.6022944450378418
        },
        "rotation_quaternion": {
          "w": 0.684603214263916,
          "x": -0.6466899514198303,
          "y": 0.31312963366508484,
          "z": -0.12272152304649353
        },
        "matrix": [
          [
            0.7737773656845093,
            -0.23696409165859222,
            0.5874664783477783,
            -0.060244232416152954
          ],
          [
            -0.5730285048484802,
            0.133463054895401,
            0.8085950613021851,
            -0.43838030099868774
          ],
          [
            -0.2700157165527344,
            -0.9623140692710876,
            -0.03251612186431885,
            1.6269810199737549
          ],
          [
            0.0,
            0.0,
            0.0,
            1.0
          ]
        ]
      },
      "bone_length_armature_space": 0.025653444042496323,
      "parent": "index_01_l",
      "has_children": true,
      "is_end_bone": false
    },
    "index_03_l": {
      "name": "index_03_l",
      "local": {
        "location": {
          "x": 0.0,
          "y": 0.0,
          "z": 0.0
        },
        "rotation_quaternion": {
          "w": 0.9360580444335938,
          "x": 0.35177162289619446,
          "y": -0.006944466847926378,
          "z": -0.001993682933971286
        },
        "scale": {
          "x": 1.0,
          "y": 1.0,
          "z": 1.0
        },
        "matrix_basis": [
          [
            0.9998955726623535,
            -0.0011533268261700869,
            -0.014403490349650383,
            0.0
          ],
          [
            -0.00861813873052597,
            0.7525054812431335,
            -0.6585296392440796,
            0.0
          ],
          [
            0.011598206125199795,
            0.6585850119590759,
            0.7524170279502869,
            0.0
          ],
          [
            0.0,
            0.0,
            0.0,
            1.0
          ]
        ],
        "rotation_mode": "QUATERNION"
      },
      "armature_space": {
        "head": {
          "x": -0.06632323563098907,
          "y": -0.4982006251811981,
          "z": 0.6524404883384705
        },
        "tail": {
          "x": -0.056178055703639984,
          "y": -0.48037248849868774,
          "z": 0.6316325664520264
        }
      },
      "world_space": {
        "head": {
          "x": -0.06632323563098907,
          "y": -0.4349566102027893,
          "z": 1.6022944450378418
        },
        "tail": {
          "x": -0.056178055703639984,
          "y": -0.4171285033226013,
          "z": 1.5814865827560425
        },
        "rotation_quaternion": {
          "w": 0.872212290763855,
          "x": -0.34035974740982056,
          "y": 0.2105400711297989,
          "z": -0.28120070695877075
        },
        "matrix": [
          [
            0.7531976103782654,
            0.347215473651886,
            0.5586903095245361,
            -0.06632323563098907
          ],
          [
            -0.6338527202606201,
            0.610162615776062,
            0.47532346844673157,
            -0.4349566102027893
          ],
          [
            -0.17585431039333344,
            -0.7121444344520569,
            0.6796616315841675,
            1.6022944450378418
          ],
          [
            0.0,
            0.0,
            0.0,
            1.0
          ]
        ]
      },
      "bone_length_armature_space": 0.029218774246649447,
      "parent": "index_02_l",
      "has_children": false,
      "is_end_bone": true
    },
    "metacarpal_pinky_l": {
      "name": "metacarpal_pinky_l",
      "local": {
        "location": {
          "x": 0.0,
          "y": 0.0,
          "z": 0.0
        },
        "rotation_quaternion": {
          "w": 0.9992274045944214,
          "x": -0.03634724020957947,
          "y": 0.0034995232708752155,
          "z": 0.014536084607243538
        },
        "scale": {
          "x": 1.0,
          "y": 1.0,
          "z": 1.0
        },
        "matrix_basis": [
          [
            0.9995529055595398,
            -0.029304103925824165,
            0.005936945788562298,
            0.0
          ],
          [
            0.028795313090085983,
            0.9969351887702942,
            0.07274005562067032,
            0.0
          ],
          [
            -0.008050331845879555,
            -0.07253658026456833,
            0.997333288192749,
            0.0
          ],
          [
            0.0,
            0.0,
            0.0,
            1.0
          ]
        ],
        "rotation_mode": "QUATERNION"
      },
      "armature_space": {
        "head": {
          "x": 0.061029985547065735,
          "y": -0.43056192994117737,
          "z": 0.6794402003288269
        },
        "tail": {
          "x": 0.02343994751572609,
          "y": -0.5214588046073914,
          "z": 0.713615894317627
        }
      },
      "world_space": {
        "head": {
          "x": 0.061029985547065735,
          "y": -0.36731791496276855,
          "z": 1.6292941570281982
        },
        "tail": {
          "x": 0.02343994751572609,
          "y": -0.45821481943130493,
          "z": 1.663469910621643
        },
        "rotation_quaternion": {
          "w": 0.1505870819091797,
          "x": -0.18533889949321747,
          "y": 0.20215845108032227,
          "z": 0.9497920870780945
        },
        "matrix": [
          [
            -0.8859462141990662,
            -0.3609887957572937,
            -0.29118162393569946,
            0.061029985547065735
          ],
          [
            0.21111726760864258,
            -0.8729107975959778,
            0.43983688950538635,
            -0.36731791496276855
          ],
          [
            -0.4129541218280792,
            0.3281997740268707,
            0.8495693206787109,
            1.6292941570281982
          ],
          [
            0.0,
            0.0,
            0.0,
            1.0
          ]
        ]
      },
      "bone_length_armature_space": 0.1041308370576055,
      "parent": "lowerarm_l",
      "has_children": true,
      "is_end_bone": false
    },
    "pinky_01_l": {
      "name": "pinky_01_l",
      "local": {
        "location": {
          "x": 0.0,
          "y": 0.0,
          "z": 0.0
        },
        "rotation_quaternion": {
          "w": 0.9527075290679932,
          "x": 0.3032792806625366,
          "y": -0.018383432179689407,
          "z": -0.005668060854077339
        },
        "scale": {
          "x": 1.0,
          "y": 1.0,
          "z": 1.0
        },
        "matrix_basis": [
          [
            0.9992598295211792,
            -0.0003506196662783623,
            -0.03846608102321625,
            0.0
          ],
          [
            -0.02195063605904579,
            0.8159791231155396,
            -0.5776644945144653,
            0.0
          ],
          [
            0.0315900593996048,
            0.5780813097953796,
            0.8153674602508545,
            0.0
          ],
          [
            0.0,
            0.0,
            0.0,
            1.0
          ]
        ],
        "rotation_mode": "QUATERNION"
      },
      "armature_space": {
        "head": {
